Xid, State, StartTime, EndTime, TransactionTime, ExecuteTime, CommunicationTime, ReadTime, WriteTime, DBTime
1, 1, 1636467331185, 1636467331984, 799, 443, 356, 0, 21, 21
2, 1, 1636467332078, 1636467332733, 655, 260, 395, 0, 1, 1
3, 1, 1636467332779, 1636467333425, 646, 260, 386, 0, 0, 0
4, 1, 1636467333471, 1636467334117, 646, 260, 386, 0, 0, 0
5, 1, 1636467334159, 1636467334814, 655, 261, 394, 0, 1, 1
6, 1, 1636467334859, 1636467335509, 650, 262, 388, 0, 0, 0
7, 1, 1636467335555, 1636467336201, 646, 262, 384, 0, 1, 1
8, 1, 1636467336247, 1636467336901, 654, 262, 392, 0, 1, 1
9, 1, 1636467336947, 1636467337593, 646, 261, 385, 0, 0, 0
10, 1, 1636467337639, 1636467338289, 650, 260, 390, 0, 1, 1
11, 1, 1636467338335, 1636467338981, 646, 261, 385, 0, 0, 0
12, 1, 1636467339027, 1636467339681, 654, 269, 385, 0, 0, 0
13, 1, 1636467339726, 1636467340373, 647, 265, 382, 0, 0, 0
14, 1, 1636467340419, 1636467341065, 646, 261, 385, 0, 0, 0
15, 1, 1636467341111, 1636467341757, 646, 261, 385, 0, 0, 0
16, 1, 1636467341804, 1636467342449, 645, 262, 383, 0, 0, 0
17, 1, 1636467342495, 1636467343141, 646, 261, 385, 0, 0, 0
18, 1, 1636467343143, 1636467343749, 606, 262, 344, 0, 1, 1
19, 1, 1636467343751, 1636467344357, 606, 262, 344, 0, 0, 0
20, 1, 1636467343982, 1636467344725, 743, 363, 380, 0, 2, 2
21, 1, 1636467344359, 1636467344965, 606, 262, 344, 0, 0, 0
22, 1, 1636467344785, 1636467345445, 660, 263, 397, 0, 1, 1
23, 1, 1636467344967, 1636467345573, 606, 262, 344, 0, 1, 1
24, 1, 1636467345447, 1636467346105, 658, 263, 395, 0, 0, 0
25, 1, 1636467345575, 1636467346181, 606, 262, 344, 0, 1, 1
26, 1, 1636467346107, 1636467346765, 658, 263, 395, 0, 0, 0
27, 1, 1636467346183, 1636467346789, 606, 262, 344, 0, 1, 1
29, 1, 1636467346791, 1636467347397, 606, 262, 344, 0, 1, 1
28, 1, 1636467346766, 1636467347429, 663, 263, 400, 0, 1, 1
30, 1, 1636467347399, 1636467348005, 606, 262, 344, 0, 1, 1
31, 1, 1636467347430, 1636467348097, 667, 271, 396, 0, 1, 1
32, 1, 1636467348007, 1636467348609, 602, 261, 341, 0, 0, 0
33, 1, 1636467348098, 1636467348757, 659, 263, 396, 0, 1, 1
34, 1, 1636467348611, 1636467349217, 606, 262, 344, 0, 1, 1
35, 1, 1636467348758, 1636467349417, 659, 263, 396, 0, 1, 1
36, 1, 1636467349219, 1636467349825, 606, 262, 344, 0, 1, 1
37, 1, 1636467349418, 1636467350077, 659, 264, 395, 0, 1, 1
38, 1, 1636467349827, 1636467350433, 606, 262, 344, 0, 1, 1
39, 1, 1636467350078, 1636467350737, 659, 263, 396, 0, 1, 1
40, 1, 1636467350435, 1636467351041, 606, 263, 343, 0, 0, 0
41, 1, 1636467350738, 1636467351397, 659, 263, 396, 0, 1, 1
42, 1, 1636467351043, 1636467351649, 606, 263, 343, 0, 1, 1
43, 1, 1636467351398, 1636467352061, 663, 267, 396, 0, 1, 1
44, 1, 1636467351651, 1636467352257, 606, 262, 344, 0, 1, 1
45, 1, 1636467352062, 1636467352729, 667, 266, 401, 0, 0, 0
46, 1, 1636467352259, 1636467352865, 606, 262, 344, 0, 1, 1
47, 1, 1636467352730, 1636467353389, 659, 264, 395, 0, 1, 1
48, 1, 1636467352867, 1636467353473, 606, 262, 344, 0, 1, 1
49, 1, 1636467353390, 1636467354049, 659, 262, 397, 0, 0, 0
50, 1, 1636467353474, 1636467354081, 607, 262, 345, 0, 1, 1
52, 1, 1636467354083, 1636467354689, 606, 261, 345, 0, 0, 0
51, 1, 1636467354050, 1636467354709, 659, 263, 396, 0, 0, 0
54, 1, 1636467354691, 1636467355297, 606, 263, 343, 0, 0, 0
55, 1, 1636467354710, 1636467355329, 619, 263, 356, 0, 1, 1
53, 1, 1636467354485, 1636467355341, 856, 438, 418, 0, 0, 0
56, 1, 1636467355299, 1636467355905, 606, 263, 343, 0, 0, 0
57, 1, 1636467355330, 1636467355945, 615, 263, 352, 0, 0, 0
58, 1, 1636467355398, 1636467356069, 671, 273, 398, 0, 0, 0
59, 1, 1636467355907, 1636467356517, 610, 263, 347, 0, 1, 1
60, 1, 1636467355946, 1636467356565, 619, 267, 352, 0, 0, 0
61, 1, 1636467356070, 1636467356737, 667, 269, 398, 0, 0, 0
62, 1, 1636467356518, 1636467357125, 607, 262, 345, 0, 0, 0
63, 1, 1636467356566, 1636467357193, 627, 271, 356, 0, 0, 0
64, 1, 1636467356739, 1636467357405, 666, 269, 397, 0, 1, 1
65, 1, 1636467357127, 1636467357733, 606, 262, 344, 0, 0, 0
66, 1, 1636467357195, 1636467357809, 614, 263, 351, 0, 0, 0
67, 1, 1636467357407, 1636467358073, 666, 268, 398, 0, 0, 0
68, 1, 1636467357734, 1636467358341, 607, 262, 345, 0, 0, 0
69, 1, 1636467357810, 1636467358424, 614, 263, 351, 0, 0, 0
70, 1, 1636467358074, 1636467358737, 663, 264, 399, 0, 0, 0
71, 1, 1636467358342, 1636467358945, 603, 260, 343, 0, 0, 0
72, 1, 1636467358426, 1636467359041, 615, 263, 352, 0, 0, 0
73, 1, 1636467358738, 1636467359401, 663, 265, 398, 0, 0, 0
74, 1, 1636467358947, 1636467359553, 606, 262, 344, 0, 0, 0
75, 1, 1636467359042, 1636467359661, 619, 262, 357, 0, 0, 0
76, 1, 1636467359403, 1636467360061, 658, 265, 393, 0, 1, 1
77, 1, 1636467359555, 1636467360161, 606, 262, 344, 0, 0, 0
78, 1, 1636467359662, 1636467360277, 615, 262, 353, 0, 0, 0
79, 1, 1636467360062, 1636467360725, 663, 264, 399, 0, 0, 0
80, 1, 1636467360163, 1636467360769, 606, 262, 344, 0, 0, 0
81, 1, 1636467360278, 1636467360893, 615, 262, 353, 0, 0, 0
83, 1, 1636467360770, 1636467361381, 611, 267, 344, 0, 0, 0
82, 1, 1636467360726, 1636467361389, 663, 265, 398, 0, 0, 0
84, 1, 1636467360894, 1636467361509, 615, 263, 352, 0, 1, 1
85, 1, 1636467361382, 1636467361989, 607, 263, 344, 0, 0, 0
86, 1, 1636467361390, 1636467362053, 663, 269, 394, 0, 0, 0
87, 1, 1636467361510, 1636467362129, 619, 268, 351, 0, 1, 1
88, 1, 1636467362003, 1636467362613, 610, 263, 347, 0, 1, 1
89, 1, 1636467362054, 1636467362725, 671, 272, 399, 0, 0, 0
90, 1, 1636467362130, 1636467362745, 615, 263, 352, 0, 0, 0
91, 1, 1636467362615, 1636467363221, 606, 263, 343, 0, 0, 0
93, 1, 1636467362746, 1636467363361, 615, 263, 352, 0, 1, 1
92, 1, 1636467362727, 1636467363381, 654, 261, 393, 0, 1, 1
94, 1, 1636467363222, 1636467363829, 607, 262, 345, 0, 0, 0
95, 1, 1636467363362, 1636467363981, 619, 263, 356, 0, 0, 0
96, 1, 1636467363382, 1636467364037, 655, 259, 396, 0, 0, 0
97, 1, 1636467363830, 1636467364437, 607, 262, 345, 0, 0, 0
98, 1, 1636467363982, 1636467364597, 615, 263, 352, 0, 1, 1
99, 1, 1636467364038, 1636467364697, 659, 265, 394, 0, 0, 0
100, 1, 1636467364438, 1636467365049, 611, 263, 348, 0, 0, 0
101, 1, 1636467364598, 1636467365213, 615, 262, 353, 0, 0, 0
102, 1, 1636467364698, 1636467365369, 671, 273, 398, 0, 1, 1
103, 1, 1636467365050, 1636467365657, 607, 262, 345, 0, 0, 0
104, 1, 1636467365214, 1636467365829, 615, 263, 352, 0, 1, 1
105, 1, 1636467365370, 1636467365985, 615, 263, 352, 0, 0, 0
106, 1, 1636467365658, 1636467366265, 607, 262, 345, 0, 0, 0
107, 1, 1636467365830, 1636467366444, 614, 263, 351, 0, 0, 0
108, 1, 1636467365986, 1636467366601, 615, 263, 352, 0, 0, 0
109, 1, 1636467366266, 1636467366873, 607, 262, 345, 0, 0, 0
110, 1, 1636467366446, 1636467367061, 615, 262, 353, 0, 0, 0
111, 1, 1636467366602, 1636467367217, 615, 263, 352, 0, 0, 0
112, 1, 1636467366874, 1636467367481, 607, 265, 342, 0, 0, 0
113, 1, 1636467367062, 1636467367677, 615, 262, 353, 0, 0, 0
114, 1, 1636467367218, 1636467367833, 615, 263, 352, 0, 0, 0
115, 1, 1636467367483, 1636467368089, 606, 263, 343, 0, 0, 0
116, 1, 1636467367678, 1636467368293, 615, 262, 353, 0, 0, 0
117, 1, 1636467367834, 1636467368453, 619, 263, 356, 0, 0, 0
118, 1, 1636467368090, 1636467368697, 607, 263, 344, 0, 0, 0
119, 1, 1636467368294, 1636467368909, 615, 262, 353, 0, 0, 0
120, 1, 1636467368454, 1636467369069, 615, 263, 352, 0, 0, 0
121, 1, 1636467368698, 1636467369309, 611, 263, 348, 0, 1, 1
122, 1, 1636467368910, 1636467369525, 615, 262, 353, 0, 0, 0
123, 1, 1636467369070, 1636467369689, 619, 263, 356, 0, 0, 0
124, 1, 1636467369310, 1636467369921, 611, 262, 349, 0, 0, 0
125, 1, 1636467369526, 1636467370141, 615, 263, 352, 0, 0, 0
126, 1, 1636467369690, 1636467370305, 615, 263, 352, 0, 0, 0
127, 1, 1636467369922, 1636467370529, 607, 264, 343, 0, 0, 0
128, 1, 1636467370142, 1636467370761, 619, 267, 352, 0, 0, 0
129, 1, 1636467370306, 1636467370921, 615, 264, 351, 0, 0, 0
130, 1, 1636467370530, 1636467371137, 607, 262, 345, 0, 0, 0
131, 1, 1636467370762, 1636467371377, 615, 264, 351, 0, 0, 0
132, 1, 1636467370922, 1636467371537, 615, 263, 352, 0, 0, 0
133, 1, 1636467371138, 1636467371749, 611, 266, 345, 0, 0, 0
134, 1, 1636467371378, 1636467371993, 615, 263, 352, 0, 0, 0
135, 1, 1636467371539, 1636467372153, 614, 264, 350, 0, 0, 0
136, 1, 1636467371750, 1636467372357, 607, 262, 345, 0, 0, 0
137, 1, 1636467371994, 1636467372609, 615, 262, 353, 0, 0, 0
138, 1, 1636467372154, 1636467372769, 615, 265, 350, 0, 1, 1
139, 1, 1636467372358, 1636467372965, 607, 261, 346, 0, 0, 0
140, 1, 1636467372610, 1636467373225, 615, 264, 351, 0, 1, 1
141, 1, 1636467372770, 1636467373385, 615, 264, 351, 0, 0, 0
142, 1, 1636467372966, 1636467373577, 611, 266, 345, 0, 0, 0
143, 1, 1636467373226, 1636467373845, 619, 267, 352, 0, 0, 0
144, 1, 1636467373386, 1636467374001, 615, 263, 352, 0, 0, 0
145, 1, 1636467373578, 1636467374181, 603, 262, 341, 0, 0, 0
146, 1, 1636467373846, 1636467374465, 619, 267, 352, 0, 1, 1
147, 1, 1636467374002, 1636467374617, 615, 263, 352, 0, 0, 0
148, 1, 1636467374183, 1636467374789, 606, 262, 344, 0, 1, 1
149, 1, 1636467374466, 1636467375085, 619, 263, 356, 0, 0, 0
150, 1, 1636467374619, 1636467375237, 618, 267, 351, 0, 0, 0
151, 1, 1636467374790, 1636467375397, 607, 262, 345, 0, 0, 0
152, 1, 1636467375086, 1636467375701, 615, 262, 353, 0, 0, 0
153, 1, 1636467375238, 1636467375853, 615, 263, 352, 0, 0, 0
154, 1, 1636467375398, 1636467376005, 607, 262, 345, 0, 0, 0
155, 1, 1636467375702, 1636467376321, 619, 266, 353, 0, 0, 0
156, 1, 1636467375854, 1636467376469, 615, 264, 351, 0, 0, 0
157, 1, 1636467376006, 1636467376613, 607, 263, 344, 0, 1, 1
158, 1, 1636467376322, 1636467376941, 619, 267, 352, 0, 1, 1
159, 1, 1636467376470, 1636467377085, 615, 264, 351, 0, 0, 0
160, 1, 1636467376614, 1636467377221, 607, 263, 344, 0, 0, 0
161, 1, 1636467376942, 1636467377557, 615, 263, 352, 0, 0, 0
162, 1, 1636467377086, 1636467377701, 615, 263, 352, 0, 0, 0
163, 1, 1636467377222, 1636467377846, 624, 267, 357, 0, 1, 1
164, 1, 1636467377558, 1636467378173, 615, 262, 353, 0, 0, 0
165, 1, 1636467377702, 1636467378321, 619, 268, 351, 0, 1, 1
166, 1, 1636467377847, 1636467378453, 606, 263, 343, 0, 1, 1
167, 1, 1636467378174, 1636467378789, 615, 262, 353, 0, 0, 0
168, 1, 1636467378322, 1636467378937, 615, 263, 352, 0, 0, 0
169, 1, 1636467378454, 1636467379065, 611, 266, 345, 0, 0, 0
170, 1, 1636467378790, 1636467379405, 615, 262, 353, 0, 0, 0
171, 1, 1636467378938, 1636467379545, 607, 259, 348, 0, 0, 0
172, 1, 1636467379066, 1636467379681, 615, 266, 349, 0, 0, 0
173, 1, 1636467379406, 1636467380024, 618, 262, 356, 0, 0, 0
174, 1, 1636467379546, 1636467380161, 615, 263, 352, 0, 0, 0
175, 1, 1636467379682, 1636467380289, 607, 263, 344, 0, 0, 0
176, 1, 1636467380026, 1636467380645, 619, 267, 352, 0, 0, 0
177, 1, 1636467380162, 1636467380777, 615, 264, 351, 0, 0, 0
178, 1, 1636467380290, 1636467380901, 611, 268, 343, 0, 0, 0
179, 1, 1636467380646, 1636467381273, 627, 270, 357, 0, 0, 0
180, 1, 1636467380778, 1636467381393, 615, 264, 351, 0, 0, 0
181, 1, 1636467380902, 1636467381509, 607, 261, 346, 0, 0, 0
182, 1, 1636467381274, 1636467381889, 615, 262, 353, 0, 0, 0
183, 1, 1636467381394, 1636467382009, 615, 263, 352, 0, 0, 0
184, 1, 1636467381510, 1636467382117, 607, 262, 345, 0, 0, 0
185, 1, 1636467381890, 1636467382505, 615, 263, 352, 0, 0, 0
186, 1, 1636467382010, 1636467382621, 611, 259, 352, 0, 0, 0
187, 1, 1636467382118, 1636467382729, 611, 267, 344, 0, 0, 0
188, 1, 1636467382506, 1636467383121, 615, 263, 352, 0, 0, 0
189, 1, 1636467382622, 1636467383237, 615, 263, 352, 0, 0, 0
190, 1, 1636467382730, 1636467383337, 607, 262, 345, 0, 0, 0
191, 1, 1636467383122, 1636467383737, 615, 262, 353, 0, 0, 0
192, 1, 1636467383238, 1636467383853, 615, 263, 352, 0, 0, 0
193, 1, 1636467383338, 1636467383945, 607, 263, 344, 0, 0, 0
194, 1, 1636467383738, 1636467384353, 615, 262, 353, 0, 0, 0
195, 1, 1636467383854, 1636467384465, 611, 264, 347, 0, 1, 1
196, 1, 1636467383946, 1636467384553, 607, 263, 344, 0, 0, 0
197, 1, 1636467384354, 1636467384973, 619, 266, 353, 0, 0, 0
198, 1, 1636467384466, 1636467385081, 615, 264, 351, 0, 1, 1
199, 1, 1636467384554, 1636467385160, 606, 263, 343, 0, 0, 0
200, 1, 1636467384974, 1636467385589, 615, 263, 352, 0, 0, 0
201, 1, 1636467385081, 1636467385697, 616, 264, 352, 0, 0, 0
202, 1, 1636467385161, 1636467385769, 608, 262, 346, 0, 0, 0
203, 1, 1636467385590, 1636467386205, 615, 262, 353, 0, 0, 0
204, 1, 1636467385698, 1636467386313, 615, 263, 352, 0, 0, 0
205, 1, 1636467385770, 1636467386377, 607, 262, 345, 0, 0, 0
206, 1, 1636467386206, 1636467386817, 611, 262, 349, 0, 0, 0
207, 1, 1636467386314, 1636467386921, 607, 256, 351, 0, 0, 0
208, 1, 1636467386378, 1636467386985, 607, 263, 344, 0, 0, 0
209, 1, 1636467386818, 1636467387433, 615, 262, 353, 0, 0, 0
210, 1, 1636467386922, 1636467387537, 615, 263, 352, 0, 0, 0
211, 1, 1636467386986, 1636467387593, 607, 262, 345, 0, 0, 0
212, 1, 1636467387434, 1636467388061, 627, 270, 357, 0, 0, 0
213, 1, 1636467387538, 1636467388157, 619, 267, 352, 0, 0, 0
214, 1, 1636467387594, 1636467388201, 607, 263, 344, 0, 1, 1
215, 1, 1636467388062, 1636467388677, 615, 262, 353, 0, 0, 0
216, 1, 1636467388158, 1636467388769, 611, 263, 348, 0, 0, 0
217, 1, 1636467388201, 1636467388809, 608, 262, 346, 0, 0, 0
218, 1, 1636467388678, 1636467389293, 615, 263, 352, 0, 0, 0
219, 1, 1636467388770, 1636467389381, 611, 259, 352, 0, 0, 0
220, 1, 1636467388810, 1636467389417, 607, 263, 344, 0, 0, 0
221, 1, 1636467389294, 1636467389908, 614, 263, 351, 0, 1, 1
222, 1, 1636467389382, 1636467389997, 615, 264, 351, 0, 0, 0
223, 1, 1636467389418, 1636467390025, 607, 262, 345, 0, 0, 0
224, 1, 1636467389910, 1636467390525, 615, 263, 352, 0, 1, 1
225, 1, 1636467389998, 1636467390613, 615, 264, 351, 0, 1, 1
226, 1, 1636467390026, 1636467390633, 607, 261, 346, 0, 0, 0
227, 1, 1636467390526, 1636467391141, 615, 263, 352, 0, 1, 1
228, 1, 1636467390614, 1636467391229, 615, 264, 351, 0, 1, 1
229, 1, 1636467390634, 1636467391245, 611, 266, 345, 0, 0, 0
230, 1, 1636467391143, 1636467391757, 614, 263, 351, 0, 0, 0
231, 1, 1636467391230, 1636467391845, 615, 264, 351, 0, 0, 0
232, 1, 1636467391246, 1636467391853, 607, 261, 346, 0, 0, 0
233, 1, 1636467391758, 1636467392373, 615, 263, 352, 0, 1, 1
234, 1, 1636467391846, 1636467392461, 615, 264, 351, 0, 1, 1
235, 1, 1636467391854, 1636467392465, 611, 262, 349, 0, 0, 0
236, 1, 1636467392374, 1636467392989, 615, 263, 352, 0, 0, 0
238, 1, 1636467392466, 1636467393073, 607, 263, 344, 0, 0, 0
237, 1, 1636467392462, 1636467393077, 615, 264, 351, 0, 0, 0
239, 1, 1636467392990, 1636467393609, 619, 267, 352, 0, 1, 1
240, 1, 1636467393074, 1636467393681, 607, 262, 345, 0, 0, 0
241, 1, 1636467393078, 1636467393693, 615, 263, 352, 0, 0, 0
242, 1, 1636467393610, 1636467394229, 619, 266, 353, 0, 0, 0
243, 1, 1636467393682, 1636467394289, 607, 262, 345, 0, 0, 0
244, 1, 1636467393694, 1636467394305, 611, 260, 351, 0, 1, 1
245, 1, 1636467394230, 1636467394849, 619, 262, 357, 0, 0, 0
246, 1, 1636467394290, 1636467394897, 607, 263, 344, 0, 0, 0
247, 1, 1636467394306, 1636467394921, 615, 264, 351, 0, 1, 1
248, 1, 1636467394850, 1636467395477, 627, 275, 352, 0, 0, 0
249, 1, 1636467394898, 1636467395501, 603, 262, 341, 0, 0, 0
250, 1, 1636467394922, 1636467395541, 619, 267, 352, 0, 0, 0
251, 1, 1636467395478, 1636467396093, 615, 263, 352, 0, 1, 1
252, 1, 1636467395502, 1636467396105, 603, 262, 341, 0, 0, 0
253, 1, 1636467395542, 1636467396153, 611, 263, 348, 0, 0, 0
254, 1, 1636467396094, 1636467396709, 615, 262, 353, 0, 0, 0
255, 1, 1636467396106, 1636467396713, 607, 263, 344, 0, 0, 0
256, 1, 1636467396154, 1636467396769, 615, 263, 352, 0, 0, 0
258, 1, 1636467396714, 1636467397321, 607, 262, 345, 0, 0, 0
257, 1, 1636467396711, 1636467397325, 614, 263, 351, 0, 0, 0
259, 1, 1636467396770, 1636467397385, 615, 263, 352, 0, 0, 0
260, 1, 1636467397323, 1636467397929, 606, 262, 344, 0, 0, 0
261, 1, 1636467397326, 1636467397945, 619, 263, 356, 0, 0, 0
262, 1, 1636467397386, 1636467398001, 615, 263, 352, 0, 0, 0
263, 1, 1636467397930, 1636467398541, 611, 263, 348, 0, 1, 1
264, 1, 1636467397945, 1636467398561, 616, 262, 354, 0, 0, 0
265, 1, 1636467398002, 1636467398613, 611, 263, 348, 0, 0, 0
266, 1, 1636467398542, 1636467399149, 607, 262, 345, 0, 0, 0
267, 1, 1636467398562, 1636467399177, 615, 262, 353, 0, 0, 0
268, 1, 1636467398614, 1636467399233, 619, 267, 352, 0, 0, 0
269, 1, 1636467399150, 1636467399757, 607, 261, 346, 0, 0, 0
270, 1, 1636467399178, 1636467399793, 615, 264, 351, 0, 1, 1
271, 1, 1636467399234, 1636467399849, 615, 263, 352, 0, 0, 0
272, 1, 1636467399758, 1636467400365, 607, 262, 345, 0, 0, 0
273, 1, 1636467399794, 1636467400409, 615, 262, 353, 0, 0, 0
274, 1, 1636467399850, 1636467400453, 603, 255, 348, 0, 0, 0
275, 1, 1636467400366, 1636467400973, 607, 261, 346, 0, 0, 0
276, 1, 1636467400410, 1636467401029, 619, 267, 352, 0, 0, 0
277, 1, 1636467400454, 1636467401069, 615, 265, 350, 0, 1, 1
278, 1, 1636467400974, 1636467401581, 607, 262, 345, 0, 1, 1
279, 1, 1636467401030, 1636467401649, 619, 267, 352, 0, 1, 1
280, 1, 1636467401070, 1636467401685, 615, 263, 352, 0, 0, 0
281, 1, 1636467401582, 1636467402189, 607, 261, 346, 0, 0, 0
282, 1, 1636467401650, 1636467402265, 615, 262, 353, 0, 0, 0
283, 1, 1636467401686, 1636467402305, 619, 267, 352, 0, 0, 0
284, 1, 1636467402190, 1636467402801, 611, 262, 349, 0, 0, 0
285, 1, 1636467402266, 1636467402881, 615, 262, 353, 0, 0, 0
286, 1, 1636467402306, 1636467402921, 615, 263, 352, 0, 0, 0
287, 1, 1636467402802, 1636467403409, 607, 262, 345, 0, 0, 0
288, 1, 1636467402882, 1636467403497, 615, 262, 353, 0, 0, 0
289, 1, 1636467402922, 1636467403537, 615, 263, 352, 0, 0, 0
290, 1, 1636467403410, 1636467404021, 611, 263, 348, 0, 0, 0
291, 1, 1636467403498, 1636467404113, 615, 263, 352, 0, 0, 0
292, 1, 1636467403538, 1636467404153, 615, 264, 351, 0, 1, 1
293, 1, 1636467404022, 1636467404629, 607, 263, 344, 0, 0, 0
294, 1, 1636467404114, 1636467404728, 614, 262, 352, 0, 0, 0
295, 1, 1636467404154, 1636467404765, 611, 260, 351, 0, 0, 0
296, 1, 1636467404630, 1636467405237, 607, 263, 344, 0, 0, 0
297, 1, 1636467404729, 1636467405345, 616, 263, 353, 0, 0, 0
298, 1, 1636467404766, 1636467405377, 611, 265, 346, 0, 1, 1
299, 1, 1636467405238, 1636467405845, 607, 262, 345, 0, 0, 0
300, 1, 1636467405346, 1636467405965, 619, 262, 357, 0, 0, 0
301, 1, 1636467405378, 1636467406005, 627, 271, 356, 0, 0, 0
302, 1, 1636467405846, 1636467406453, 607, 263, 344, 0, 0, 0
303, 1, 1636467405966, 1636467406585, 619, 267, 352, 0, 0, 0
304, 1, 1636467406006, 1636467406621, 615, 265, 350, 0, 1, 1
305, 1, 1636467406454, 1636467407065, 611, 264, 347, 0, 0, 0
306, 1, 1636467406586, 1636467407205, 619, 263, 356, 0, 0, 0
307, 1, 1636467406622, 1636467407237, 615, 263, 352, 0, 0, 0
308, 1, 1636467407066, 1636467407673, 607, 261, 346, 0, 0, 0
309, 1, 1636467407206, 1636467407825, 619, 267, 352, 0, 0, 0
310, 1, 1636467407238, 1636467407853, 615, 263, 352, 0, 0, 0
311, 1, 1636467407674, 1636467408281, 607, 262, 345, 0, 0, 0
312, 1, 1636467407826, 1636467408441, 615, 262, 353, 0, 0, 0
313, 1, 1636467407854, 1636467408469, 615, 263, 352, 0, 0, 0
314, 1, 1636467408282, 1636467408893, 611, 262, 349, 0, 0, 0
315, 1, 1636467408442, 1636467409057, 615, 262, 353, 0, 0, 0
316, 1, 1636467408470, 1636467409085, 615, 263, 352, 0, 0, 0
317, 1, 1636467408894, 1636467409501, 607, 262, 345, 0, 0, 0
318, 1, 1636467409058, 1636467409673, 615, 262, 353, 0, 0, 0
319, 1, 1636467409086, 1636467409697, 611, 259, 352, 0, 0, 0
320, 1, 1636467409502, 1636467410105, 603, 262, 341, 0, 0, 0
321, 1, 1636467409675, 1636467410289, 614, 262, 352, 0, 0, 0
322, 1, 1636467409698, 1636467410313, 615, 263, 352, 0, 0, 0
323, 1, 1636467410106, 1636467410713, 607, 264, 343, 0, 1, 1
324, 1, 1636467410290, 1636467410905, 615, 263, 352, 0, 0, 0
325, 1, 1636467410314, 1636467410933, 619, 263, 356, 0, 0, 0
326, 1, 1636467410714, 1636467411321, 607, 263, 344, 0, 0, 0
327, 1, 1636467410906, 1636467411525, 619, 266, 353, 0, 0, 0
328, 1, 1636467410934, 1636467411545, 611, 260, 351, 0, 0, 0
329, 1, 1636467411322, 1636467411929, 607, 261, 346, 0, 0, 0
330, 1, 1636467411526, 1636467412149, 623, 270, 353, 0, 0, 0
331, 1, 1636467411546, 1636467412165, 619, 263, 356, 0, 0, 0
332, 1, 1636467411930, 1636467412542, 612, 261, 351, 0, 0, 0
333, 1, 1636467412150, 1636467412765, 615, 263, 352, 0, 1, 1
334, 1, 1636467412166, 1636467412777, 611, 263, 348, 0, 0, 0
335, 1, 1636467412543, 1636467413149, 606, 261, 345, 0, 0, 0
336, 1, 1636467412766, 1636467413385, 619, 266, 353, 0, 0, 0
337, 1, 1636467412778, 1636467413393, 615, 263, 352, 0, 0, 0
338, 1, 1636467413150, 1636467413757, 607, 262, 345, 0, 0, 0
339, 1, 1636467413386, 1636467414001, 615, 263, 352, 0, 0, 0
340, 1, 1636467413394, 1636467414005, 611, 263, 348, 0, 0, 0
341, 1, 1636467413758, 1636467414365, 607, 262, 345, 0, 0, 0
342, 1, 1636467414002, 1636467414617, 615, 262, 353, 0, 0, 0
343, 1, 1636467414006, 1636467414621, 615, 263, 352, 0, 0, 0
344, 1, 1636467414366, 1636467414973, 607, 262, 345, 0, 1, 1
345, 1, 1636467414618, 1636467415233, 615, 262, 353, 0, 0, 0
346, 1, 1636467414622, 1636467415233, 611, 260, 351, 0, 1, 1
347, 1, 1636467414974, 1636467415581, 607, 261, 346, 0, 0, 0
348, 1, 1636467415234, 1636467415848, 614, 263, 351, 0, 0, 0
349, 1, 1636467415234, 1636467415849, 615, 265, 350, 0, 1, 1
350, 1, 1636467415582, 1636467416189, 607, 261, 346, 0, 0, 0
351, 1, 1636467415850, 1636467416469, 619, 263, 356, 0, 0, 0
352, 1, 1636467415850, 1636467416469, 619, 264, 355, 0, 1, 1
353, 1, 1636467416190, 1636467416797, 607, 261, 346, 0, 0, 0
355, 1, 1636467416470, 1636467417085, 615, 265, 350, 0, 1, 1
354, 1, 1636467416470, 1636467417088, 618, 264, 354, 0, 1, 1
356, 1, 1636467416798, 1636467417405, 607, 262, 345, 0, 0, 0
357, 1, 1636467417086, 1636467417701, 615, 263, 352, 0, 0, 0
358, 1, 1636467417090, 1636467417704, 614, 263, 351, 0, 0, 0
359, 1, 1636467417406, 1636467418013, 607, 263, 344, 0, 0, 0
360, 1, 1636467417702, 1636467418317, 615, 264, 351, 0, 0, 0
361, 1, 1636467417706, 1636467418321, 615, 264, 351, 0, 0, 0
362, 1, 1636467418014, 1636467418621, 607, 263, 344, 0, 0, 0
363, 1, 1636467418318, 1636467418933, 615, 263, 352, 0, 0, 0
364, 1, 1636467418322, 1636467418937, 615, 263, 352, 0, 1, 1
365, 1, 1636467418622, 1636467419233, 611, 263, 348, 0, 1, 1
366, 1, 1636467418934, 1636467419549, 615, 263, 352, 0, 0, 0
367, 1, 1636467418938, 1636467419552, 614, 262, 352, 0, 0, 0
368, 1, 1636467419234, 1636467419841, 607, 262, 345, 0, 0, 0
369, 1, 1636467419550, 1636467420165, 615, 263, 352, 0, 0, 0
370, 1, 1636467419554, 1636467420173, 619, 266, 353, 0, 0, 0
371, 1, 1636467419842, 1636467420449, 607, 262, 345, 0, 0, 0
372, 1, 1636467420166, 1636467420781, 615, 263, 352, 0, 0, 0
373, 1, 1636467420174, 1636467420789, 615, 263, 352, 0, 0, 0
374, 1, 1636467420450, 1636467421061, 611, 262, 349, 0, 0, 0
375, 1, 1636467420782, 1636467421393, 611, 259, 352, 0, 0, 0
376, 1, 1636467420790, 1636467421409, 619, 262, 357, 0, 0, 0
377, 1, 1636467421062, 1636467421665, 603, 262, 341, 0, 0, 0
378, 1, 1636467421394, 1636467422009, 615, 264, 351, 0, 0, 0
379, 1, 1636467421409, 1636467422029, 620, 263, 357, 0, 0, 0
380, 1, 1636467421666, 1636467422273, 607, 262, 345, 0, 0, 0
381, 1, 1636467422010, 1636467422625, 615, 263, 352, 0, 0, 0
382, 1, 1636467422030, 1636467422645, 615, 262, 353, 0, 0, 0
383, 1, 1636467422274, 1636467422881, 607, 262, 345, 0, 0, 0
384, 1, 1636467422626, 1636467423237, 611, 264, 347, 0, 0, 0
385, 1, 1636467422646, 1636467423265, 619, 267, 352, 0, 1, 1
386, 1, 1636467422883, 1636467423489, 606, 264, 342, 0, 2, 2
387, 1, 1636467423238, 1636467423849, 611, 265, 346, 0, 1, 1
388, 1, 1636467423266, 1636467423888, 622, 268, 354, 0, 0, 0
389, 1, 1636467423490, 1636467424097, 607, 262, 345, 0, 0, 0
390, 1, 1636467423850, 1636467424469, 619, 263, 356, 0, 0, 0
391, 1, 1636467423890, 1636467424504, 614, 264, 350, 0, 0, 0
392, 1, 1636467424098, 1636467424705, 607, 262, 345, 0, 0, 0
393, 1, 1636467424470, 1636467425085, 615, 264, 351, 0, 0, 0
394, 1, 1636467424506, 1636467425121, 615, 262, 353, 0, 0, 0
395, 1, 1636467424706, 1636467425313, 607, 261, 346, 0, 0, 0
396, 1, 1636467425086, 1636467425705, 619, 259, 360, 0, 0, 0
397, 1, 1636467425122, 1636467425737, 615, 263, 352, 0, 0, 0
398, 1, 1636467425314, 1636467425925, 611, 266, 345, 0, 0, 0
399, 1, 1636467425706, 1636467426317, 611, 263, 348, 0, 0, 0
400, 1, 1636467425738, 1636467426353, 615, 262, 353, 0, 0, 0
401, 1, 1636467425926, 1636467426541, 615, 265, 350, 0, 0, 0
402, 1, 1636467426317, 1636467426929, 612, 260, 352, 0, 0, 0
403, 1, 1636467426354, 1636467426973, 619, 267, 352, 0, 0, 0
404, 1, 1636467426542, 1636467427149, 607, 262, 345, 0, 0, 0
405, 1, 1636467426930, 1636467427549, 619, 263, 356, 0, 0, 0
406, 1, 1636467426974, 1636467427589, 615, 262, 353, 0, 0, 0
407, 1, 1636467427150, 1636467427757, 607, 261, 346, 0, 0, 0
408, 1, 1636467427550, 1636467428165, 615, 263, 352, 0, 0, 0
409, 1, 1636467427590, 1636467428209, 619, 266, 353, 0, 0, 0
410, 1, 1636467427758, 1636467428365, 607, 262, 345, 0, 0, 0
411, 1, 1636467428166, 1636467428777, 611, 263, 348, 0, 0, 0
412, 1, 1636467428210, 1636467428825, 615, 262, 353, 0, 0, 0
413, 1, 1636467428366, 1636467428969, 603, 262, 341, 0, 0, 0
414, 1, 1636467428778, 1636467429393, 615, 263, 352, 0, 0, 0
415, 1, 1636467428826, 1636467429445, 619, 263, 356, 0, 0, 0
416, 1, 1636467428970, 1636467429577, 607, 262, 345, 0, 0, 0
417, 1, 1636467429394, 1636467430013, 619, 263, 356, 0, 0, 0
418, 1, 1636467429446, 1636467430060, 614, 263, 351, 0, 0, 0
419, 1, 1636467429578, 1636467430185, 607, 262, 345, 0, 0, 0
420, 1, 1636467430014, 1636467430621, 607, 255, 352, 0, 0, 0
421, 1, 1636467430062, 1636467430677, 615, 262, 353, 0, 0, 0
422, 1, 1636467430186, 1636467430793, 607, 262, 345, 0, 0, 0
423, 1, 1636467430622, 1636467431241, 619, 264, 355, 0, 0, 0
424, 1, 1636467430678, 1636467431293, 615, 263, 352, 0, 0, 0
425, 1, 1636467430794, 1636467431397, 603, 261, 342, 0, 0, 0
426, 1, 1636467431242, 1636467431853, 611, 260, 351, 0, 0, 0
427, 1, 1636467431294, 1636467431909, 615, 263, 352, 0, 1, 1
428, 1, 1636467431397, 1636467432001, 604, 263, 341, 0, 0, 0
429, 1, 1636467431854, 1636467432465, 611, 264, 347, 0, 0, 0
430, 1, 1636467431910, 1636467432533, 623, 272, 351, 0, 0, 0
431, 1, 1636467432002, 1636467432609, 607, 261, 346, 0, 0, 0
432, 1, 1636467432466, 1636467433081, 615, 263, 352, 0, 0, 0
433, 1, 1636467432534, 1636467433149, 615, 263, 352, 0, 0, 0
434, 1, 1636467432610, 1636467433213, 603, 262, 341, 0, 0, 0
435, 1, 1636467433082, 1636467433697, 615, 259, 356, 0, 0, 0
436, 1, 1636467433150, 1636467433769, 619, 263, 356, 0, 0, 0
437, 1, 1636467433214, 1636467433821, 607, 262, 345, 0, 0, 0
438, 1, 1636467433698, 1636467434313, 615, 263, 352, 0, 0, 0
439, 1, 1636467433770, 1636467434389, 619, 268, 351, 0, 0, 0
440, 1, 1636467433822, 1636467434425, 603, 262, 341, 0, 0, 0
441, 1, 1636467434314, 1636467434925, 611, 260, 351, 0, 0, 0
442, 1, 1636467434390, 1636467435009, 619, 262, 357, 0, 0, 0
443, 1, 1636467434426, 1636467435029, 603, 262, 341, 0, 0, 0
444, 1, 1636467434926, 1636467435537, 611, 263, 348, 0, 0, 0
445, 1, 1636467435010, 1636467435625, 615, 262, 353, 0, 0, 0
446, 1, 1636467435030, 1636467435637, 607, 261, 346, 0, 0, 0
447, 1, 1636467435538, 1636467436149, 611, 264, 347, 0, 1, 1
448, 1, 1636467435627, 1636467436241, 614, 263, 351, 0, 1, 1
449, 1, 1636467435638, 1636467436249, 611, 261, 350, 0, 0, 0
450, 1, 1636467436150, 1636467436761, 611, 259, 352, 0, 0, 0
452, 1, 1636467436250, 1636467436853, 603, 261, 342, 0, 0, 0
451, 1, 1636467436242, 1636467436869, 627, 270, 357, 0, 0, 0
453, 1, 1636467436762, 1636467437373, 611, 259, 352, 0, 0, 0
454, 1, 1636467436854, 1636467437457, 603, 263, 340, 0, 0, 0
455, 1, 1636467436870, 1636467437485, 615, 262, 353, 0, 0, 0
456, 1, 1636467437374, 1636467437985, 611, 259, 352, 0, 0, 0
457, 1, 1636467437458, 1636467438061, 603, 262, 341, 0, 0, 0
458, 1, 1636467437486, 1636467438105, 619, 267, 352, 0, 0, 0
459, 1, 1636467437986, 1636467438601, 615, 263, 352, 0, 0, 0
460, 1, 1636467438062, 1636467438669, 607, 262, 345, 0, 0, 0
461, 1, 1636467438106, 1636467438721, 615, 263, 352, 0, 1, 1
462, 1, 1636467438602, 1636467439221, 619, 267, 352, 0, 0, 0
463, 1, 1636467438670, 1636467439281, 611, 267, 344, 0, 0, 0
464, 1, 1636467438722, 1636467439341, 619, 266, 353, 0, 0, 0
465, 1, 1636467439222, 1636467439837, 615, 264, 351, 0, 0, 0
466, 1, 1636467439282, 1636467439885, 603, 262, 341, 0, 0, 0
467, 1, 1636467439342, 1636467439957, 615, 263, 352, 0, 1, 1
468, 1, 1636467439838, 1636467440453, 615, 264, 351, 0, 0, 0
469, 1, 1636467439886, 1636467440493, 607, 262, 345, 0, 0, 0
470, 1, 1636467439958, 1636467440577, 619, 266, 353, 0, 0, 0
471, 1, 1636467440454, 1636467441069, 615, 263, 352, 0, 0, 0
472, 1, 1636467440494, 1636467441097, 603, 261, 342, 0, 0, 0
473, 1, 1636467440578, 1636467441197, 619, 268, 351, 0, 1, 1
474, 1, 1636467441070, 1636467441681, 611, 264, 347, 0, 0, 0
475, 1, 1636467441098, 1636467441705, 607, 262, 345, 0, 0, 0
476, 1, 1636467441198, 1636467441813, 615, 263, 352, 0, 0, 0
477, 1, 1636467441682, 1636467442297, 615, 263, 352, 0, 0, 0
478, 1, 1636467441706, 1636467442313, 607, 263, 344, 0, 1, 1
479, 1, 1636467441814, 1636467442437, 623, 270, 353, 0, 0, 0
480, 1, 1636467442298, 1636467442913, 615, 263, 352, 0, 0, 0
481, 1, 1636467442314, 1636467442921, 607, 263, 344, 0, 1, 1
482, 1, 1636467442438, 1636467443053, 615, 262, 353, 0, 0, 0
483, 1, 1636467442914, 1636467443529, 615, 264, 351, 0, 0, 0
484, 1, 1636467442922, 1636467443529, 607, 262, 345, 0, 0, 0
485, 1, 1636467443054, 1636467443669, 615, 263, 352, 0, 0, 0
487, 1, 1636467443531, 1636467444137, 606, 262, 344, 0, 0, 0
486, 1, 1636467443530, 1636467444145, 615, 264, 351, 0, 1, 1
488, 1, 1636467443670, 1636467444289, 619, 266, 353, 0, 0, 0
489, 1, 1636467444138, 1636467444761, 623, 262, 361, 0, 0, 0
490, 1, 1636467444146, 1636467444761, 615, 263, 352, 0, 0, 0
491, 1, 1636467444290, 1636467444909, 619, 266, 353, 0, 0, 0
492, 1, 1636467444762, 1636467445369, 607, 262, 345, 0, 0, 0
493, 1, 1636467444763, 1636467445381, 618, 264, 354, 0, 1, 1
494, 1, 1636467444910, 1636467445525, 615, 262, 353, 0, 0, 0
495, 1, 1636467445370, 1636467445977, 607, 262, 345, 0, 0, 0
496, 1, 1636467445382, 1636467445993, 611, 263, 348, 0, 0, 0
497, 1, 1636467445526, 1636467446141, 615, 262, 353, 0, 0, 0
498, 1, 1636467445978, 1636467446585, 607, 263, 344, 0, 0, 0
499, 1, 1636467445994, 1636467446613, 619, 263, 356, 0, 0, 0
500, 1, 1636467446142, 1636467446757, 615, 263, 352, 0, 0, 0
501, 1, 1636467446586, 1636467447193, 607, 266, 341, 0, 0, 0
502, 1, 1636467446614, 1636467447229, 615, 263, 352, 0, 0, 0
503, 1, 1636467446759, 1636467447372, 613, 262, 351, 0, 0, 0
504, 1, 1636467447194, 1636467447801, 607, 262, 345, 0, 0, 0
505, 1, 1636467447230, 1636467447845, 615, 264, 351, 0, 0, 0
506, 1, 1636467447374, 1636467447989, 615, 263, 352, 0, 0, 0
507, 1, 1636467447802, 1636467448405, 603, 262, 341, 0, 0, 0
508, 1, 1636467447846, 1636467448461, 615, 264, 351, 0, 0, 0
509, 1, 1636467447990, 1636467448605, 615, 263, 352, 0, 0, 0
510, 1, 1636467448406, 1636467449013, 607, 262, 345, 0, 0, 0
511, 1, 1636467448462, 1636467449077, 615, 263, 352, 0, 0, 0
512, 1, 1636467448606, 1636467449225, 619, 263, 356, 0, 1, 1
513, 1, 1636467449014, 1636467449625, 611, 266, 345, 0, 0, 0
514, 1, 1636467449078, 1636467449693, 615, 267, 348, 0, 0, 0
515, 1, 1636467449226, 1636467449841, 615, 263, 352, 0, 1, 1
516, 1, 1636467449626, 1636467450229, 603, 261, 342, 0, 0, 0
517, 1, 1636467449694, 1636467450309, 615, 263, 352, 0, 0, 0
518, 1, 1636467449842, 1636467450465, 623, 271, 352, 0, 0, 0
519, 1, 1636467450230, 1636467450833, 603, 263, 340, 0, 0, 0
520, 1, 1636467450310, 1636467450925, 615, 263, 352, 0, 0, 0
521, 1, 1636467450466, 1636467451081, 615, 263, 352, 0, 1, 1
522, 1, 1636467450834, 1636467451441, 607, 263, 344, 0, 1, 1
523, 1, 1636467450926, 1636467451549, 623, 268, 355, 0, 0, 0
524, 1, 1636467451082, 1636467451697, 615, 262, 353, 0, 0, 0
525, 1, 1636467451442, 1636467452045, 603, 262, 341, 0, 0, 0
526, 1, 1636467451550, 1636467452165, 615, 263, 352, 0, 0, 0
527, 1, 1636467451698, 1636467452313, 615, 263, 352, 0, 0, 0
528, 1, 1636467452046, 1636467452653, 607, 264, 343, 0, 1, 1
529, 1, 1636467452166, 1636467452777, 611, 263, 348, 0, 0, 0
530, 1, 1636467452314, 1636467452928, 614, 263, 351, 0, 0, 0
531, 1, 1636467452654, 1636467453257, 603, 262, 341, 0, 0, 0
532, 1, 1636467452778, 1636467453389, 611, 259, 352, 0, 0, 0
533, 1, 1636467452930, 1636467453549, 619, 263, 356, 0, 0, 0
534, 1, 1636467453258, 1636467453861, 603, 263, 340, 0, 0, 0
535, 1, 1636467453390, 1636467453997, 607, 260, 347, 0, 0, 0
536, 1, 1636467453550, 1636467454165, 615, 262, 353, 0, 0, 0
537, 1, 1636467453862, 1636467454465, 603, 262, 341, 0, 0, 0
538, 1, 1636467453998, 1636467454609, 611, 263, 348, 0, 0, 0
539, 1, 1636467454166, 1636467454785, 619, 262, 357, 0, 0, 0
540, 1, 1636467454610, 1636467455221, 611, 259, 352, 0, 0, 0
541, 1, 1636467454786, 1636467455404, 618, 264, 354, 0, 0, 0
542, 1, 1636467455222, 1636467455833, 611, 259, 352, 0, 0, 0
543, 1, 1636467455405, 1636467456021, 616, 262, 354, 0, 0, 0
544, 1, 1636467455834, 1636467456445, 611, 259, 352, 0, 0, 0
545, 1, 1636467456022, 1636467456641, 619, 266, 353, 0, 0, 0
546, 1, 1636467456446, 1636467457061, 615, 265, 350, 0, 0, 0
547, 1, 1636467456642, 1636467457257, 615, 263, 352, 0, 0, 0
548, 1, 1636467457062, 1636467457673, 611, 260, 351, 0, 0, 0
549, 1, 1636467457258, 1636467457873, 615, 262, 353, 0, 0, 0
550, 1, 1636467457674, 1636467458285, 611, 263, 348, 0, 0, 0
551, 1, 1636467457874, 1636467458489, 615, 264, 351, 0, 0, 0
552, 1, 1636467458286, 1636467458901, 615, 263, 352, 0, 0, 0
553, 1, 1636467458490, 1636467459105, 615, 263, 352, 0, 0, 0
554, 1, 1636467458902, 1636467459517, 615, 264, 351, 0, 0, 0
555, 1, 1636467459106, 1636467459725, 619, 266, 353, 0, 0, 0
556, 1, 1636467459518, 1636467460129, 611, 259, 352, 0, 0, 0
557, 1, 1636467459726, 1636467460341, 615, 262, 353, 0, 0, 0
558, 1, 1636467460130, 1636467460741, 611, 260, 351, 0, 0, 0
559, 1, 1636467460342, 1636467460961, 619, 266, 353, 0, 0, 0
560, 1, 1636467460742, 1636467461353, 611, 265, 346, 0, 1, 1
561, 1, 1636467460962, 1636467461577, 615, 262, 353, 0, 0, 0
562, 1, 1636467461354, 1636467461965, 611, 263, 348, 0, 0, 0
563, 1, 1636467461578, 1636467462193, 615, 262, 353, 0, 0, 0
564, 1, 1636467461966, 1636467462581, 615, 264, 351, 0, 0, 0
565, 1, 1636467462194, 1636467462809, 615, 263, 352, 0, 1, 1
566, 1, 1636467462582, 1636467463197, 615, 263, 352, 0, 0, 0
567, 1, 1636467462810, 1636467463425, 615, 263, 352, 0, 0, 0
568, 1, 1636467463198, 1636467463809, 611, 263, 348, 0, 0, 0
569, 1, 1636467463426, 1636467464041, 615, 262, 353, 0, 0, 0
570, 1, 1636467463810, 1636467464425, 615, 263, 352, 0, 0, 0
571, 1, 1636467464042, 1636467464657, 615, 263, 352, 0, 0, 0
572, 1, 1636467464426, 1636467465037, 611, 259, 352, 0, 0, 0
573, 1, 1636467464658, 1636467465281, 623, 266, 357, 0, 0, 0
574, 1, 1636467465038, 1636467465653, 615, 267, 348, 0, 0, 0
575, 1, 1636467465282, 1636467465897, 615, 262, 353, 0, 0, 0
576, 1, 1636467465654, 1636467466265, 611, 255, 356, 0, 0, 0
577, 1, 1636467465898, 1636467466517, 619, 266, 353, 0, 0, 0
578, 1, 1636467466266, 1636467466885, 619, 263, 356, 0, 0, 0
579, 1, 1636467466518, 1636467467137, 619, 267, 352, 0, 0, 0
580, 1, 1636467466886, 1636467467501, 615, 263, 352, 0, 0, 0
581, 1, 1636467467138, 1636467467757, 619, 262, 357, 0, 0, 0
582, 1, 1636467467502, 1636467468113, 611, 260, 351, 0, 0, 0
583, 1, 1636467467758, 1636467468373, 615, 262, 353, 0, 0, 0
584, 1, 1636467468114, 1636467468733, 619, 260, 359, 0, 0, 0
585, 1, 1636467468734, 1636467469341, 607, 259, 348, 0, 0, 0
586, 1, 1636467469342, 1636467469961, 619, 263, 356, 0, 0, 0
587, 1, 1636467469962, 1636467470581, 619, 263, 356, 0, 0, 0
588, 1, 1636467470582, 1636467471201, 619, 268, 351, 0, 1, 1
589, 1, 1636467471202, 1636467471825, 623, 264, 359, 0, 0, 0
590, 1, 1636467471826, 1636467472445, 619, 263, 356, 0, 0, 0
591, 1, 1636467472446, 1636467473061, 615, 259, 356, 0, 0, 0
592, 1, 1636467473062, 1636467473689, 627, 263, 364, 0, 0, 0
593, 1, 1636467473690, 1636467474305, 615, 263, 352, 0, 0, 0
594, 1, 1636467474306, 1636467474921, 615, 263, 352, 0, 0, 0
595, 1, 1636467474922, 1636467475545, 623, 263, 360, 0, 0, 0
596, 1, 1636467475546, 1636467476169, 623, 263, 360, 0, 0, 0
597, 1, 1636467476170, 1636467476793, 623, 259, 364, 0, 0, 0
598, 1, 1636467476794, 1636467477413, 619, 263, 356, 0, 0, 0
599, 1, 1636467477414, 1636467478025, 611, 259, 352, 0, 0, 0
600, 1, 1636467478026, 1636467478645, 619, 259, 360, 0, 0, 0
601, 1, 1636467614305, 1636467615297, 992, 470, 522, 6, 2, 8
602, 1, 1636467614774, 1636467615737, 963, 430, 533, 1, 0, 1
603, 1, 1636467615301, 1636467616177, 876, 344, 532, 1, 0, 1
604, 1, 1636467615961, 1636467616769, 808, 264, 544, 2, 0, 2
605, 1, 1636467616849, 1636467617633, 784, 258, 526, 0, 0, 0
606, 1, 1636467617285, 1636467618081, 796, 263, 533, 0, 0, 0
607, 1, 1636467618141, 1636467618937, 796, 261, 535, 1, 0, 1
608, 1, 1636467618300, 1636467619077, 777, 261, 516, 0, 0, 0
609, 1, 1636467618649, 1636467619449, 800, 260, 540, 0, 0, 0
610, 1, 1636467618765, 1636467619553, 788, 262, 526, 0, 0, 0
611, 1, 1636467619262, 1636467620057, 795, 264, 531, 0, 0, 0
612, 1, 1636467619273, 1636467620073, 800, 263, 537, 1, 0, 1
613, 1, 1636467619893, 1636467620681, 788, 264, 524, 0, 0, 0
614, 1, 1636467619925, 1636467620721, 796, 262, 534, 1, 1, 2
615, 1, 1636467620528, 1636467621297, 769, 258, 511, 0, 0, 0
616, 1, 1636467620980, 1636467621773, 793, 268, 525, 0, 0, 0
617, 1, 1636467621593, 1636467622257, 664, 261, 403, 0, 0, 0
618, 1, 1636467621862, 1636467622473, 611, 262, 349, 0, 0, 0
619, 1, 1636467622043, 1636467622653, 610, 262, 348, 0, 0, 0
620, 1, 1636467622181, 1636467622845, 664, 260, 404, 1, 0, 1
621, 1, 1636467622376, 1636467622989, 613, 261, 352, 0, 0, 0
622, 1, 1636467622549, 1636467623161, 612, 262, 350, 0, 0, 0
623, 1, 1636467622689, 1636467623356, 667, 259, 408, 0, 0, 0
625, 1, 1636467622999, 1636467623609, 610, 262, 348, 0, 0, 0
624, 1, 1636467622997, 1636467623613, 616, 263, 353, 3, 0, 3
626, 1, 1636467623261, 1636467623925, 664, 263, 401, 1, 1, 2
627, 1, 1636467623647, 1636467624261, 614, 262, 352, 2, 0, 2
628, 1, 1636467623678, 1636467624293, 615, 262, 353, 0, 0, 0
629, 1, 1636467623829, 1636467624501, 672, 262, 410, 0, 0, 0
630, 1, 1636467624224, 1636467624841, 617, 266, 351, 0, 0, 0
631, 1, 1636467624549, 1636467625213, 664, 261, 403, 0, 0, 0
632, 1, 1636467624715, 1636467625325, 610, 262, 348, 0, 0, 0
633, 1, 1636467625165, 1636467625825, 660, 261, 399, 2, 1, 3
634, 1, 1636467625517, 1636467626129, 612, 261, 351, 0, 0, 0
635, 1, 1636467625821, 1636467626432, 611, 262, 349, 1, 0, 1
636, 1, 1636467625853, 1636467626516, 663, 260, 403, 0, 0, 0
637, 1, 1636467625926, 1636467626537, 611, 263, 348, 0, 1, 1
638, 1, 1636467626335, 1636467626949, 614, 262, 352, 1, 0, 1
639, 1, 1636467626337, 1636467626949, 612, 263, 349, 0, 0, 0
640, 1, 1636467626444, 1636467627057, 613, 261, 352, 1, 0, 1
641, 1, 1636467626843, 1636467627448, 605, 262, 343, 0, 0, 0
643, 1, 1636467626959, 1636467627568, 609, 262, 347, 0, 0, 0
642, 1, 1636467626941, 1636467627617, 676, 263, 413, 1, 0, 1
645, 1, 1636467627186, 1636467627801, 615, 262, 353, 0, 0, 0
646, 1, 1636467627292, 1636467627917, 625, 262, 363, 0, 0, 0
644, 1, 1636467627105, 1636467627969, 864, 458, 406, 0, 0, 0
647, 1, 1636467627583, 1636467628201, 618, 270, 348, 0, 0, 0
648, 1, 1636467627606, 1636467628221, 615, 266, 349, 1, 0, 1
649, 1, 1636467627972, 1636467628585, 613, 262, 351, 0, 0, 0
650, 1, 1636467628474, 1636467629085, 611, 261, 350, 0, 0, 0
651, 1, 1636467628518, 1636467629129, 611, 264, 347, 1, 0, 1
652, 1, 1636467629009, 1636467629620, 611, 262, 349, 0, 0, 0
653, 1, 1636467629088, 1636467629701, 613, 262, 351, 2, 0, 2
654, 1, 1636467629475, 1636467630089, 614, 261, 353, 1, 0, 1
655, 1, 1636467629778, 1636467630389, 611, 261, 350, 1, 0, 1
656, 1, 1636467629884, 1636467630497, 613, 261, 352, 0, 0, 0
657, 1, 1636467630116, 1636467630729, 613, 262, 351, 0, 0, 0
658, 1, 1636467630383, 1636467630997, 614, 266, 348, 1, 0, 1
659, 1, 1636467630403, 1636467631021, 618, 262, 356, 0, 0, 0
660, 1, 1636467630569, 1636467631185, 616, 262, 354, 0, 0, 0
661, 1, 1636467630629, 1636467631240, 611, 263, 348, 1, 1, 2
662, 1, 1636467631010, 1636467631617, 607, 262, 345, 0, 0, 0
663, 1, 1636467631015, 1636467631625, 610, 261, 349, 1, 1, 2
664, 1, 1636467631145, 1636467631757, 612, 262, 350, 2, 0, 2
665, 1, 1636467631252, 1636467631873, 621, 267, 354, 1, 1, 2
666, 1, 1636467631500, 1636467632121, 621, 266, 355, 0, 0, 0
667, 1, 1636467631542, 1636467632153, 611, 260, 351, 0, 0, 0
668, 1, 1636467631901, 1636467632513, 612, 261, 351, 0, 0, 0
669, 1, 1636467632019, 1636467632629, 610, 262, 348, 0, 0, 0
670, 1, 1636467632432, 1636467633045, 613, 262, 351, 0, 0, 0
671, 1, 1636467632563, 1636467633173, 610, 262, 348, 0, 0, 0
672, 1, 1636467633046, 1636467633657, 611, 261, 350, 1, 0, 1
673, 1, 1636467633056, 1636467633669, 613, 262, 351, 0, 0, 0
674, 1, 1636467633737, 1636467634353, 616, 262, 354, 0, 0, 0
675, 1, 1636467633769, 1636467634389, 620, 267, 353, 2, 0, 2
676, 1, 1636467634162, 1636467634773, 611, 263, 348, 0, 1, 1
677, 1, 1636467634177, 1636467634793, 616, 262, 354, 2, 0, 2
678, 1, 1636467634205, 1636467634821, 616, 267, 349, 1, 0, 1
679, 1, 1636467634529, 1636467635149, 620, 269, 351, 0, 0, 0
680, 1, 1636467634675, 1636467635285, 610, 261, 349, 0, 0, 0
681, 1, 1636467634697, 1636467635309, 612, 261, 351, 0, 0, 0
682, 1, 1636467634846, 1636467635461, 615, 262, 353, 1, 0, 1
683, 1, 1636467634974, 1636467635585, 611, 260, 351, 0, 0, 0
684, 1, 1636467635439, 1636467636053, 614, 267, 347, 1, 0, 1
685, 1, 1636467635460, 1636467636073, 613, 262, 351, 1, 0, 1
686, 1, 1636467635467, 1636467636085, 618, 267, 351, 1, 0, 1
687, 1, 1636467635836, 1636467636453, 617, 266, 351, 0, 0, 0
688, 1, 1636467635841, 1636467636453, 612, 262, 350, 0, 0, 0
689, 1, 1636467635947, 1636467636557, 610, 266, 344, 1, 0, 1
690, 1, 1636467636400, 1636467637013, 613, 261, 352, 0, 0, 0
691, 1, 1636467636726, 1636467637337, 611, 262, 349, 0, 0, 0
692, 1, 1636467636878, 1636467637489, 611, 262, 349, 0, 0, 0
693, 1, 1636467637341, 1636467637953, 612, 262, 350, 1, 0, 1
694, 1, 1636467637977, 1636467638589, 612, 263, 349, 2, 1, 3
695, 1, 1636467637984, 1636467638597, 613, 262, 351, 0, 1, 1
696, 1, 1636467638031, 1636467638641, 610, 263, 347, 1, 1, 2
698, 1, 1636467638271, 1636467638881, 610, 263, 347, 0, 0, 0
697, 1, 1636467638224, 1636467638937, 713, 363, 350, 2, 1, 3
699, 1, 1636467638497, 1636467639109, 612, 262, 350, 0, 0, 0
700, 1, 1636467638743, 1636467639353, 610, 262, 348, 1, 0, 1
701, 1, 1636467638773, 1636467639385, 612, 262, 350, 0, 0, 0
702, 1, 1636467638912, 1636467639525, 613, 262, 351, 0, 0, 0
703, 1, 1636467639268, 1636467639881, 613, 262, 351, 1, 0, 1
704, 1, 1636467639283, 1636467639897, 614, 262, 352, 1, 0, 1
705, 1, 1636467639485, 1636467640097, 612, 262, 350, 0, 0, 0
706, 1, 1636467639533, 1636467640149, 616, 262, 354, 0, 0, 0
707, 1, 1636467639768, 1636467640381, 613, 262, 351, 1, 0, 1
708, 1, 1636467639882, 1636467640497, 615, 266, 349, 0, 0, 0
709, 1, 1636467639906, 1636467640517, 611, 262, 349, 0, 0, 0
710, 1, 1636467640466, 1636467641077, 611, 263, 348, 0, 1, 1
711, 1, 1636467640772, 1636467641389, 617, 267, 350, 0, 1, 1
712, 1, 1636467640945, 1636467641557, 612, 263, 349, 0, 0, 0
713, 1, 1636467641387, 1636467641997, 610, 262, 348, 2, 0, 2
714, 1, 1636467641799, 1636467642409, 610, 263, 347, 1, 0, 1
715, 1, 1636467642051, 1636467642665, 614, 263, 351, 0, 1, 1
716, 1, 1636467642077, 1636467642705, 628, 262, 366, 1, 0, 1
717, 1, 1636467642126, 1636467642757, 631, 282, 349, 1, 0, 1
718, 1, 1636467642544, 1636467643157, 613, 262, 351, 0, 0, 0
719, 1, 1636467642562, 1636467643177, 615, 266, 349, 1, 0, 1
720, 1, 1636467642565, 1636467643185, 620, 263, 357, 1, 0, 1
721, 1, 1636467642819, 1636467643428, 609, 263, 346, 0, 1, 1
722, 1, 1636467643186, 1636467643796, 610, 262, 348, 0, 0, 0
723, 1, 1636467643308, 1636467643921, 613, 262, 351, 1, 0, 1
724, 1, 1636467643314, 1636467643925, 611, 261, 350, 0, 0, 0
725, 1, 1636467643350, 1636467643961, 611, 262, 349, 2, 0, 2
726, 1, 1636467643704, 1636467644317, 613, 262, 351, 0, 0, 0
727, 1, 1636467643806, 1636467644417, 611, 262, 349, 0, 0, 0
728, 1, 1636467643834, 1636467644445, 611, 262, 349, 1, 0, 1
729, 1, 1636467644180, 1636467644793, 613, 262, 351, 0, 0, 0
730, 1, 1636467644595, 1636467645209, 614, 267, 347, 1, 1, 2
731, 1, 1636467644739, 1636467645353, 614, 266, 348, 0, 0, 0
733, 1, 1636467645219, 1636467645825, 606, 262, 344, 0, 0, 0
732, 1, 1636467645209, 1636467645825, 616, 266, 350, 1, 0, 1
734, 1, 1636467645865, 1636467646477, 612, 263, 349, 1, 0, 1
735, 1, 1636467646043, 1636467646653, 610, 262, 348, 1, 0, 1
736, 1, 1636467646138, 1636467646829, 691, 336, 355, 0, 0, 0
737, 1, 1636467646324, 1636467646941, 617, 266, 351, 0, 0, 0
738, 1, 1636467646641, 1636467647253, 612, 261, 351, 1, 0, 1
739, 1, 1636467646691, 1636467647301, 610, 262, 348, 0, 0, 0
740, 1, 1636467646695, 1636467647309, 614, 266, 348, 0, 0, 0
741, 1, 1636467646835, 1636467647449, 614, 265, 349, 1, 0, 1
742, 1, 1636467647136, 1636467647753, 617, 266, 351, 1, 0, 1
743, 1, 1636467647337, 1636467647949, 612, 262, 350, 0, 0, 0
744, 1, 1636467647374, 1636467647989, 615, 266, 349, 1, 0, 1
745, 1, 1636467647624, 1636467648236, 612, 261, 351, 0, 0, 0
746, 1, 1636467647770, 1636467648377, 607, 262, 345, 0, 0, 0
747, 1, 1636467647958, 1636467648569, 611, 263, 348, 0, 1, 1
748, 1, 1636467648108, 1636467648721, 613, 262, 351, 0, 0, 0
749, 1, 1636467648332, 1636467648948, 616, 263, 353, 1, 0, 1
750, 1, 1636467648662, 1636467649269, 607, 262, 345, 0, 0, 0
751, 1, 1636467648891, 1636467649505, 614, 262, 352, 0, 0, 0
752, 1, 1636467649275, 1636467649889, 614, 265, 349, 0, 0, 0
753, 1, 1636467649538, 1636467650149, 611, 262, 349, 0, 0, 0
754, 1, 1636467650109, 1636467650721, 612, 262, 350, 1, 0, 1
755, 1, 1636467650138, 1636467650749, 611, 262, 349, 0, 1, 1
757, 1, 1636467650476, 1636467651093, 617, 266, 351, 0, 0, 0
756, 1, 1636467650143, 1636467651105, 962, 609, 353, 2, 0, 2
758, 1, 1636467650707, 1636467651317, 610, 262, 348, 2, 0, 2
759, 1, 1636467650781, 1636467651393, 612, 262, 350, 0, 0, 0
760, 1, 1636467650965, 1636467651577, 612, 260, 352, 0, 0, 0
761, 1, 1636467650987, 1636467651597, 610, 262, 348, 1, 0, 1
762, 1, 1636467651202, 1636467651812, 610, 262, 348, 0, 1, 1
763, 1, 1636467651422, 1636467652037, 615, 267, 348, 0, 1, 1
764, 1, 1636467651648, 1636467652265, 617, 266, 351, 1, 0, 1
765, 1, 1636467651774, 1636467652385, 611, 262, 349, 1, 0, 1
766, 1, 1636467651799, 1636467652617, 818, 470, 348, 2, 0, 2
767, 1, 1636467652043, 1636467652653, 610, 262, 348, 0, 0, 0
768, 1, 1636467652258, 1636467652868, 610, 266, 344, 0, 0, 0
769, 1, 1636467652417, 1636467653029, 612, 263, 349, 0, 0, 0
770, 1, 1636467652690, 1636467653301, 611, 262, 349, 0, 0, 0
771, 1, 1636467652977, 1636467653593, 616, 262, 354, 0, 0, 0
772, 1, 1636467653548, 1636467654161, 613, 262, 351, 2, 0, 2
773, 1, 1636467653624, 1636467654237, 613, 262, 351, 0, 0, 0
774, 1, 1636467654289, 1636467654901, 612, 262, 350, 2, 0, 2
775, 1, 1636467654382, 1636467654993, 611, 262, 349, 1, 0, 1
777, 1, 1636467654471, 1636467655077, 606, 263, 343, 1, 0, 1
778, 1, 1636467654560, 1636467655173, 613, 262, 351, 0, 0, 0
776, 1, 1636467654426, 1636467655249, 823, 475, 348, 3, 0, 3
779, 1, 1636467654980, 1636467655593, 613, 261, 352, 0, 2, 2
780, 1, 1636467655071, 1636467655681, 610, 262, 348, 1, 0, 1
781, 1, 1636467655114, 1636467655725, 611, 263, 348, 1, 0, 1
782, 1, 1636467655116, 1636467655729, 613, 262, 351, 0, 1, 1
783, 1, 1636467655475, 1636467656089, 614, 261, 353, 1, 0, 1
784, 1, 1636467655799, 1636467656413, 614, 266, 348, 1, 0, 1
785, 1, 1636467655860, 1636467656473, 613, 263, 350, 1, 0, 1
786, 1, 1636467655913, 1636467656536, 623, 266, 357, 0, 0, 0
787, 1, 1636467656058, 1636467656769, 711, 353, 358, 0, 0, 0
788, 1, 1636467656107, 1636467656885, 778, 427, 351, 0, 1, 1
789, 1, 1636467656344, 1636467656965, 621, 266, 355, 0, 0, 0
790, 1, 1636467656668, 1636467657281, 613, 262, 351, 1, 0, 1
791, 1, 1636467656841, 1636467657453, 612, 263, 349, 0, 0, 0
792, 1, 1636467657315, 1636467657925, 610, 262, 348, 0, 0, 0
793, 1, 1636467657699, 1636467658309, 610, 262, 348, 1, 0, 1
794, 1, 1636467658251, 1636467658857, 606, 262, 344, 0, 0, 0
795, 1, 1636467658300, 1636467658913, 613, 262, 351, 0, 0, 0
796, 1, 1636467658374, 1636467658981, 607, 262, 345, 2, 0, 2
797, 1, 1636467658533, 1636467659145, 612, 262, 350, 0, 0, 0
798, 1, 1636467658737, 1636467659357, 620, 262, 358, 0, 0, 0
799, 1, 1636467658763, 1636467659373, 610, 262, 348, 0, 0, 0
800, 1, 1636467659043, 1636467659653, 610, 262, 348, 0, 0, 0
801, 1, 1636467659130, 1636467659741, 611, 262, 349, 0, 0, 0
802, 1, 1636467659201, 1636467659817, 616, 262, 354, 1, 0, 1
803, 1, 1636467659551, 1636467660165, 614, 262, 352, 0, 0, 0
804, 1, 1636467659627, 1636467660237, 610, 262, 348, 2, 0, 2
805, 1, 1636467659848, 1636467660461, 613, 262, 351, 0, 0, 0
806, 1, 1636467659884, 1636467660501, 617, 266, 351, 0, 0, 0
808, 1, 1636467660063, 1636467660677, 614, 265, 349, 1, 0, 1
807, 1, 1636467660031, 1636467660813, 782, 431, 351, 0, 1, 1
809, 1, 1636467660132, 1636467660849, 717, 366, 351, 0, 0, 0
810, 1, 1636467660596, 1636467661213, 617, 262, 355, 0, 0, 0
811, 1, 1636467660926, 1636467661537, 611, 261, 350, 0, 0, 0
812, 1, 1636467661145, 1636467661757, 612, 263, 349, 0, 1, 1
813, 1, 1636467661784, 1636467662405, 621, 270, 351, 1, 0, 1
814, 1, 1636467662019, 1636467662633, 614, 262, 352, 0, 0, 0
815, 1, 1636467662081, 1636467662693, 612, 262, 350, 0, 0, 0
816, 1, 1636467662243, 1636467662977, 734, 390, 344, 1, 0, 1
818, 1, 1636467662617, 1636467663229, 612, 261, 351, 1, 0, 1
819, 1, 1636467662691, 1636467663300, 609, 262, 347, 0, 0, 0
817, 1, 1636467662457, 1636467663328, 871, 518, 353, 0, 0, 0
821, 1, 1636467662891, 1636467663673, 782, 439, 343, 2, 0, 2
822, 1, 1636467663216, 1636467663837, 621, 266, 355, 1, 1, 2
820, 1, 1636467662762, 1636467664025, 1263, 914, 349, 0, 0, 0
823, 1, 1636467663479, 1636467664089, 610, 262, 348, 0, 0, 0
826, 1, 1636467663712, 1636467664325, 613, 261, 352, 0, 0, 0
825, 1, 1636467663575, 1636467664377, 802, 450, 352, 1, 0, 1
828, 1, 1636467663992, 1636467664609, 617, 261, 356, 0, 0, 0
829, 2, 1636467664034, 1636467666265, 2231, 1, 2230, 1, 0, 1
824, 2, 1636467663568, 1636467666265, 2697, 0, 2697, 0, 1, 1
827, 2, 1636467663716, 1636467666265, 2549, 0, 2549, 0, 0, 0
830, 2, 1636467664315, 1636467666534, 2219, 0, 2219, 0, 0, 0
835, 1, 1636467666133, 1636467666748, 615, 262, 353, 0, 0, 0
831, 2, 1636467664618, 1636467666838, 2220, 0, 2220, 0, 0, 0
838, 1, 1636467666339, 1636467666953, 614, 265, 349, 0, 3, 3
839, 1, 1636467666405, 1636467667061, 656, 259, 397, 0, 1, 1
842, 1, 1636467666417, 1636467667069, 652, 258, 394, 0, 1, 1
832, 2, 1636467664865, 1636467667086, 2221, 1, 2220, 1, 0, 1
836, 1, 1636467666152, 1636467667097, 945, 594, 351, 0, 1, 1
845, 1, 1636467666784, 1636467667401, 617, 266, 351, 0, 0, 0
844, 1, 1636467666771, 1636467667445, 674, 326, 348, 1, 0, 1
847, 1, 1636467666977, 1636467667641, 664, 266, 398, 0, 0, 0
833, 2, 1636467665504, 1636467667727, 2223, 0, 2223, 0, 0, 0
834, 2, 1636467665801, 1636467668022, 2221, 1, 2220, 0, 1, 1
851, 1, 1636467667550, 1636467668169, 619, 266, 353, 1, 0, 1
853, 1, 1636467667873, 1636467668525, 652, 262, 390, 0, 0, 0
837, 2, 1636467666309, 1636467668531, 2222, 0, 2222, 0, 0, 0
841, 2, 1636467666410, 1636467668627, 2217, 0, 2217, 0, 0, 0
843, 2, 1636467666669, 1636467668931, 2262, 0, 2262, 0, 1, 1
840, 2, 1636467666405, 1636467668931, 2526, 1, 2525, 1, 0, 1
846, 2, 1636467666936, 1636467669158, 2222, 0, 2222, 0, 0, 0
855, 1, 1636467668673, 1636467669329, 656, 262, 394, 0, 1, 1
848, 2, 1636467667198, 1636467669418, 2220, 0, 2220, 0, 0, 0
849, 2, 1636467667221, 1636467669486, 2265, 1, 2264, 0, 0, 0
850, 2, 1636467667403, 1636467669622, 2219, 1, 2218, 0, 0, 0
857, 1, 1636467669017, 1636467669668, 651, 263, 388, 0, 0, 0
859, 1, 1636467669305, 1636467669957, 652, 262, 390, 1, 0, 1
858, 1, 1636467669021, 1636467670017, 996, 598, 398, 0, 0, 0
852, 1, 1636467667711, 1636467670101, 2390, 2042, 348, 1, 0, 1
861, 1, 1636467669577, 1636467670365, 788, 391, 397, 0, 1, 1
862, 1, 1636467669765, 1636467670421, 656, 262, 394, 3, 0, 3
854, 2, 1636467668165, 1636467670426, 2261, 1, 2260, 0, 1, 1
863, 1, 1636467669851, 1636467670473, 622, 263, 359, 2, 0, 2
864, 1, 1636467670039, 1636467670652, 613, 266, 347, 0, 0, 0
865, 1, 1636467670145, 1636467670821, 676, 326, 350, 1, 0, 1
856, 2, 1636467668769, 1636467671035, 2266, 1, 2265, 0, 0, 0
866, 1, 1636467670446, 1636467671065, 619, 266, 353, 0, 0, 0
867, 1, 1636467670484, 1636467671097, 613, 262, 351, 0, 0, 0
868, 1, 1636467670513, 1636467671173, 660, 266, 394, 0, 0, 0
869, 1, 1636467670570, 1636467671181, 611, 262, 349, 0, 0, 0
870, 1, 1636467670619, 1636467671228, 609, 263, 346, 0, 1, 1
860, 1, 1636467669553, 1636467671513, 1960, 1558, 402, 0, 0, 0
871, 1, 1636467671010, 1636467671625, 615, 262, 353, 0, 0, 0
872, 1, 1636467671121, 1636467671777, 656, 262, 394, 1, 0, 1
873, 1, 1636467671288, 1636467671905, 617, 261, 356, 0, 0, 0
874, 1, 1636467671734, 1636467672345, 611, 263, 348, 2, 0, 2
875, 1, 1636467672090, 1636467672705, 615, 261, 354, 0, 0, 0
876, 1, 1636467672706, 1636467673325, 619, 262, 357, 0, 0, 0
877, 1, 1636467672778, 1636467673393, 615, 266, 349, 0, 0, 0
878, 1, 1636467672974, 1636467673741, 767, 418, 349, 0, 0, 0
879, 1, 1636467673522, 1636467674132, 610, 263, 347, 4, 0, 4
880, 1, 1636467673522, 1636467674141, 619, 261, 358, 2, 0, 2
881, 1, 1636467673632, 1636467674249, 617, 263, 354, 2, 0, 2
882, 1, 1636467673957, 1636467674564, 607, 263, 344, 0, 1, 1
883, 1, 1636467673984, 1636467674597, 613, 263, 350, 0, 1, 1
884, 1, 1636467674075, 1636467674685, 610, 263, 347, 1, 1, 2
885, 1, 1636467674197, 1636467674921, 724, 370, 354, 2, 0, 2
886, 1, 1636467674380, 1636467674997, 617, 267, 350, 0, 1, 1
887, 1, 1636467674418, 1636467675033, 615, 266, 349, 0, 0, 0
888, 1, 1636467674519, 1636467675129, 610, 262, 348, 0, 0, 0
889, 1, 1636467674680, 1636467675297, 617, 266, 351, 2, 0, 2
890, 1, 1636467674744, 1636467675357, 613, 262, 351, 0, 0, 0
891, 1, 1636467674881, 1636467675497, 616, 266, 350, 0, 0, 0
892, 1, 1636467675043, 1636467675701, 658, 314, 344, 1, 0, 1
893, 1, 1636467675435, 1636467676045, 610, 262, 348, 0, 0, 0
894, 1, 1636467675608, 1636467676221, 613, 260, 353, 0, 0, 0
895, 1, 1636467676124, 1636467676737, 613, 262, 351, 1, 0, 1
896, 1, 1636467676768, 1636467677385, 617, 267, 350, 0, 0, 0
898, 1, 1636467677004, 1636467677621, 617, 262, 355, 0, 0, 0
897, 1, 1636467676972, 1636467677733, 761, 410, 351, 0, 0, 0
899, 1, 1636467677442, 1636467678061, 619, 266, 353, 2, 0, 2
900, 1, 1636467677512, 1636467678125, 613, 263, 350, 1, 0, 1
901, 1, 1636467677557, 1636467678169, 612, 263, 349, 1, 0, 1
902, 1, 1636467677731, 1636467678340, 609, 262, 347, 2, 0, 2
904, 1, 1636467677937, 1636467678553, 616, 267, 349, 0, 2, 2
905, 1, 1636467678018, 1636467678629, 611, 262, 349, 1, 1, 2
903, 1, 1636467677923, 1636467678693, 770, 418, 352, 0, 0, 0
906, 1, 1636467678130, 1636467678740, 610, 262, 348, 0, 0, 0
908, 1, 1636467678381, 1636467678993, 612, 262, 350, 1, 0, 1
909, 1, 1636467678409, 1636467679021, 612, 262, 350, 0, 1, 1
907, 1, 1636467678381, 1636467679045, 664, 314, 350, 1, 1, 2
910, 1, 1636467678872, 1636467679489, 617, 262, 355, 0, 0, 0
911, 1, 1636467679058, 1636467679680, 622, 261, 361, 0, 0, 0
913, 1, 1636467679308, 1636467679925, 617, 266, 351, 1, 0, 1
912, 1, 1636467679208, 1636467680025, 817, 466, 351, 0, 1, 1
914, 1, 1636467679469, 1636467680089, 620, 263, 357, 1, 0, 1
915, 1, 1636467680437, 1636467681049, 612, 262, 350, 2, 0, 2
916, 1, 1636467681072, 1636467681689, 617, 267, 350, 0, 1, 1
918, 1, 1636467681218, 1636467681833, 615, 262, 353, 0, 0, 0
919, 1, 1636467681317, 1636467681933, 616, 265, 351, 1, 0, 1
917, 1, 1636467681081, 1636467682036, 955, 602, 353, 1, 0, 1
920, 1, 1636467681703, 1636467682316, 613, 263, 350, 0, 0, 0
921, 1, 1636467681766, 1636467682377, 611, 262, 349, 1, 0, 1
922, 1, 1636467681824, 1636467682437, 613, 262, 351, 2, 0, 2
923, 1, 1636467681870, 1636467682481, 611, 261, 350, 0, 0, 0
924, 1, 1636467681985, 1636467682725, 740, 391, 349, 0, 1, 1
925, 1, 1636467682148, 1636467682761, 613, 262, 351, 0, 0, 0
926, 1, 1636467682316, 1636467682925, 609, 266, 343, 0, 0, 0
927, 1, 1636467682331, 1636467682941, 610, 261, 349, 1, 0, 1
928, 1, 1636467682648, 1636467683269, 621, 267, 354, 0, 1, 1
929, 1, 1636467682720, 1636467683333, 613, 262, 351, 0, 0, 0
930, 1, 1636467683027, 1636467683641, 614, 263, 351, 0, 1, 1
932, 1, 1636467683171, 1636467683781, 610, 263, 347, 1, 1, 2
933, 1, 1636467683184, 1636467683793, 609, 261, 348, 0, 0, 0
934, 1, 1636467683343, 1636467683953, 610, 262, 348, 1, 0, 1
931, 1, 1636467683107, 1636467683989, 882, 534, 348, 0, 0, 0
935, 1, 1636467684246, 1636467684857, 611, 262, 349, 0, 0, 0
936, 1, 1636467684899, 1636467685509, 610, 262, 348, 0, 0, 0
938, 1, 1636467685126, 1636467685737, 611, 262, 349, 0, 0, 0
937, 1, 1636467685070, 1636467685865, 795, 441, 354, 0, 0, 0
939, 1, 1636467685405, 1636467686021, 616, 266, 350, 1, 0, 1
940, 1, 1636467685630, 1636467686241, 611, 262, 349, 0, 0, 0
941, 1, 1636467685651, 1636467686265, 614, 263, 351, 1, 1, 2
942, 1, 1636467685679, 1636467686289, 610, 262, 348, 1, 0, 1
943, 1, 1636467685744, 1636467686585, 841, 494, 347, 0, 0, 0
944, 1, 1636467686010, 1636467686621, 611, 262, 349, 0, 0, 0
945, 1, 1636467686140, 1636467686757, 617, 262, 355, 1, 0, 1
946, 1, 1636467686350, 1636467686961, 611, 262, 349, 0, 0, 0
947, 1, 1636467686454, 1636467687065, 611, 263, 348, 1, 1, 2
948, 1, 1636467686498, 1636467687109, 611, 263, 348, 2, 0, 2
949, 1, 1636467686547, 1636467687173, 626, 274, 352, 0, 0, 0
950, 1, 1636467686778, 1636467687389, 611, 262, 349, 1, 0, 1
951, 1, 1636467686938, 1636467687553, 615, 267, 348, 1, 1, 2
953, 1, 1636467687010, 1636467687625, 615, 266, 349, 0, 0, 0
952, 1, 1636467686988, 1636467687741, 753, 403, 350, 0, 0, 0
954, 1, 1636467687206, 1636467687817, 611, 262, 349, 0, 0, 0
955, 1, 1636467687996, 1636467688609, 613, 263, 350, 2, 1, 3
956, 1, 1636467688718, 1636467689329, 611, 262, 349, 0, 0, 0
958, 1, 1636467688876, 1636467689489, 613, 262, 351, 0, 0, 0
957, 1, 1636467688817, 1636467689677, 860, 509, 351, 0, 0, 0
959, 1, 1636467689397, 1636467690009, 612, 262, 350, 0, 0, 0
960, 1, 1636467689429, 1636467690041, 612, 262, 350, 1, 0, 1
961, 1, 1636467689481, 1636467690093, 612, 262, 350, 0, 0, 0
963, 1, 1636467689587, 1636467690201, 614, 262, 352, 1, 0, 1
962, 1, 1636467689536, 1636467690357, 821, 469, 352, 0, 0, 0
964, 1, 1636467689890, 1636467690501, 611, 263, 348, 1, 1, 2
965, 1, 1636467690116, 1636467690729, 613, 262, 351, 0, 0, 0
966, 1, 1636467690122, 1636467690737, 615, 266, 349, 0, 0, 0
967, 1, 1636467690530, 1636467691141, 611, 262, 349, 0, 0, 0
968, 1, 1636467690566, 1636467691177, 611, 263, 348, 1, 0, 1
969, 1, 1636467690813, 1636467691429, 616, 262, 354, 0, 0, 0
970, 1, 1636467690839, 1636467691489, 650, 299, 351, 1, 1, 2
971, 1, 1636467690964, 1636467691577, 613, 261, 352, 0, 1, 1
972, 1, 1636467690972, 1636467691581, 609, 262, 347, 0, 0, 0
974, 1, 1636467691243, 1636467691853, 610, 263, 347, 2, 0, 2
973, 1, 1636467691052, 1636467691925, 873, 522, 351, 2, 0, 2
975, 1, 1636467692182, 1636467692793, 611, 262, 349, 0, 0, 0
976, 1, 1636467692926, 1636467693537, 611, 262, 349, 0, 0, 0
978, 1, 1636467693063, 1636467693677, 614, 262, 352, 0, 0, 0
977, 1, 1636467693003, 1636467693885, 882, 534, 348, 0, 0, 0
979, 1, 1636467693596, 1636467694209, 613, 266, 347, 0, 0, 0
980, 1, 1636467693615, 1636467694229, 614, 262, 352, 1, 0, 1
982, 1, 1636467693768, 1636467694381, 613, 263, 350, 0, 1, 1
983, 1, 1636467693796, 1636467694409, 613, 262, 351, 1, 0, 1
984, 1, 1636467693903, 1636467694516, 613, 262, 351, 1, 0, 1
981, 1, 1636467693703, 1636467694561, 858, 509, 349, 0, 0, 0
985, 1, 1636467694076, 1636467694693, 617, 262, 355, 1, 1, 2
986, 1, 1636467694240, 1636467694853, 613, 262, 351, 0, 0, 0
987, 1, 1636467694421, 1636467695037, 616, 262, 354, 0, 0, 0
988, 1, 1636467694766, 1636467695377, 611, 262, 349, 0, 0, 0
989, 1, 1636467694817, 1636467695429, 612, 262, 350, 0, 0, 0
991, 1, 1636467695129, 1636467695741, 612, 262, 350, 0, 0, 0
990, 1, 1636467695121, 1636467695777, 656, 306, 350, 2, 0, 2
993, 1, 1636467695278, 1636467695893, 615, 262, 353, 2, 0, 2
994, 1, 1636467695356, 1636467695969, 613, 263, 350, 1, 0, 1
992, 1, 1636467695145, 1636467696089, 944, 589, 355, 0, 0, 0
995, 1, 1636467696363, 1636467696977, 614, 262, 352, 2, 0, 2
996, 1, 1636467697019, 1636467697629, 610, 262, 348, 0, 0, 0
998, 1, 1636467697244, 1636467697861, 617, 266, 351, 0, 0, 0
997, 1, 1636467697093, 1636467697973, 880, 535, 345, 0, 0, 0
999, 1, 1636467697612, 1636467698225, 613, 262, 351, 0, 0, 0
1000, 1, 1636467697708, 1636467698321, 613, 262, 351, 2, 0, 2
1001, 1, 1636467697796, 1636467698409, 613, 266, 347, 1, 0, 1
1002, 1, 1636467697855, 1636467698465, 610, 262, 348, 0, 0, 0
1003, 1, 1636467697861, 1636467698481, 620, 266, 354, 0, 0, 0
1005, 1, 1636467698056, 1636467698669, 613, 262, 351, 1, 0, 1
1004, 1, 1636467697894, 1636467698673, 779, 426, 353, 0, 0, 0
1006, 1, 1636467698257, 1636467698869, 612, 262, 350, 2, 0, 2
1007, 1, 1636467698456, 1636467699069, 613, 262, 351, 0, 0, 0
1008, 1, 1636467698534, 1636467699149, 615, 267, 348, 0, 0, 0
1009, 1, 1636467698908, 1636467699525, 617, 262, 355, 0, 0, 0
1010, 1, 1636467699030, 1636467699641, 611, 263, 348, 1, 0, 1
1011, 1, 1636467699127, 1636467699873, 746, 398, 348, 1, 0, 1
1012, 1, 1636467699348, 1636467699965, 617, 266, 351, 1, 0, 1
1013, 1, 1636467699390, 1636467700001, 611, 262, 349, 0, 0, 0
1014, 1, 1636467699444, 1636467700313, 869, 518, 351, 0, 0, 0
1015, 1, 1636467700678, 1636467701285, 607, 262, 345, 0, 0, 0
1016, 1, 1636467700891, 1636467701501, 610, 259, 351, 0, 0, 0
1017, 1, 1636467700936, 1636467701857, 921, 562, 359, 0, 0, 0
1018, 1, 1636467701381, 1636467701989, 608, 262, 346, 0, 0, 0
1019, 1, 1636467701405, 1636467702032, 627, 270, 357, 0, 0, 0
1020, 1, 1636467701545, 1636467702157, 612, 263, 349, 0, 1, 1
1021, 1, 1636467701559, 1636467702173, 614, 266, 348, 0, 1, 1
1022, 1, 1636467701683, 1636467702337, 654, 306, 348, 1, 0, 1
1023, 1, 1636467701828, 1636467702440, 612, 262, 350, 0, 0, 0
1024, 1, 1636467701849, 1636467702469, 620, 266, 354, 0, 0, 0
1025, 1, 1636467702111, 1636467702721, 610, 263, 347, 2, 0, 2
1026, 1, 1636467702207, 1636467702821, 614, 262, 352, 0, 0, 0
1027, 1, 1636467702345, 1636467702957, 612, 263, 349, 0, 0, 0
1028, 1, 1636467702572, 1636467703185, 613, 261, 352, 0, 0, 0
1029, 1, 1636467702846, 1636467703453, 607, 263, 344, 0, 2, 2
1030, 1, 1636467702875, 1636467703485, 610, 262, 348, 0, 0, 0
1032, 1, 1636467703063, 1636467703677, 614, 267, 347, 1, 0, 1
1033, 1, 1636467703184, 1636467703797, 613, 263, 350, 1, 0, 1
1031, 1, 1636467702989, 1636467703833, 844, 495, 349, 0, 1, 1
1034, 1, 1636467703301, 1636467704149, 848, 495, 353, 2, 0, 2
1035, 1, 1636467704519, 1636467705129, 610, 263, 347, 1, 0, 1
1036, 1, 1636467704774, 1636467705385, 611, 262, 349, 0, 0, 0
1038, 1, 1636467705108, 1636467705721, 613, 262, 351, 0, 0, 0
1037, 1, 1636467704840, 1636467705733, 893, 546, 347, 0, 0, 0
1039, 1, 1636467705132, 1636467705749, 617, 266, 351, 1, 0, 1
1040, 1, 1636467705433, 1636467706069, 636, 282, 354, 0, 0, 0
1041, 1, 1636467705513, 1636467706125, 612, 263, 349, 3, 0, 3
1042, 1, 1636467705533, 1636467706149, 616, 262, 354, 0, 0, 0
1044, 1, 1636467705588, 1636467706209, 621, 271, 350, 1, 0, 1
1043, 1, 1636467705551, 1636467706417, 866, 514, 352, 0, 1, 1
1045, 1, 1636467706024, 1636467706636, 612, 262, 350, 2, 0, 2
1046, 1, 1636467706065, 1636467706677, 612, 262, 350, 2, 0, 2
1047, 1, 1636467706283, 1636467706892, 609, 262, 347, 0, 0, 0
1048, 1, 1636467706525, 1636467707137, 612, 262, 350, 2, 1, 3
1049, 1, 1636467706540, 1636467707157, 617, 263, 354, 2, 0, 2
1050, 1, 1636467706715, 1636467707329, 614, 267, 347, 1, 0, 1
1052, 1, 1636467706874, 1636467707485, 611, 262, 349, 0, 0, 0
1053, 1, 1636467706879, 1636467707492, 613, 262, 351, 0, 0, 0
1051, 1, 1636467706824, 1636467707677, 853, 502, 351, 0, 0, 0
1054, 1, 1636467707135, 1636467707833, 698, 350, 348, 1, 0, 1
1055, 1, 1636467708209, 1636467708821, 612, 263, 349, 1, 0, 1
1056, 1, 1636467708925, 1636467709541, 616, 262, 354, 1, 0, 1
1057, 1, 1636467708997, 1636467709609, 612, 262, 350, 0, 0, 0
1059, 1, 1636467709196, 1636467709809, 613, 263, 350, 1, 0, 1
1060, 1, 1636467709203, 1636467709816, 613, 266, 347, 0, 1, 1
1061, 1, 1636467709327, 1636467709941, 614, 262, 352, 1, 0, 1
1062, 1, 1636467709342, 1636467709953, 611, 262, 349, 0, 0, 0
1058, 1, 1636467709011, 1636467709957, 946, 598, 348, 0, 0, 0
1063, 1, 1636467709755, 1636467710365, 610, 262, 348, 0, 0, 0
1064, 1, 1636467709770, 1636467710381, 611, 263, 348, 1, 1, 2
1065, 1, 1636467709771, 1636467710381, 610, 264, 346, 2, 0, 2
1066, 1, 1636467709817, 1636467710433, 616, 262, 354, 2, 0, 2
1067, 1, 1636467710215, 1636467710829, 614, 266, 348, 0, 0, 0
1068, 1, 1636467710268, 1636467710881, 613, 262, 351, 1, 0, 1
1069, 1, 1636467710432, 1636467711049, 617, 263, 354, 1, 0, 1
1070, 1, 1636467710673, 1636467711296, 623, 269, 354, 0, 0, 0
1071, 1, 1636467710762, 1636467711376, 614, 262, 352, 0, 0, 0
1072, 1, 1636467710937, 1636467711549, 612, 264, 348, 1, 0, 1
1074, 1, 1636467711093, 1636467711725, 632, 282, 350, 0, 3, 3
1073, 1, 1636467711075, 1636467711897, 822, 475, 347, 0, 0, 0
1075, 1, 1636467712097, 1636467712713, 616, 262, 354, 2, 0, 2
1076, 1, 1636467712654, 1636467713264, 610, 262, 348, 1, 0, 1
1077, 1, 1636467713055, 1636467713665, 610, 262, 348, 1, 0, 1
1079, 1, 1636467713123, 1636467713729, 606, 263, 343, 1, 0, 1
1081, 1, 1636467713346, 1636467713956, 610, 266, 344, 0, 0, 0
1078, 1, 1636467713090, 1636467714009, 919, 574, 345, 0, 0, 0
1080, 1, 1636467713211, 1636467714077, 866, 518, 348, 1, 1, 2
1083, 1, 1636467713597, 1636467714217, 620, 267, 353, 1, 1, 2
1085, 1, 1636467713983, 1636467714592, 609, 263, 346, 1, 1, 2
1086, 1, 1636467714026, 1636467714637, 611, 263, 348, 0, 0, 0
1088, 1, 1636467714335, 1636467714952, 617, 266, 351, 0, 0, 0
1090, 1, 1636467714501, 1636467715113, 612, 262, 350, 0, 0, 0
1091, 1, 1636467714700, 1636467715313, 613, 262, 351, 0, 0, 0
1092, 1, 1636467714855, 1636467715669, 814, 459, 355, 1, 1, 2
1093, 1, 1636467715151, 1636467715761, 610, 263, 347, 0, 1, 1
1084, 2, 1636467713642, 1636467715887, 2245, 0, 2245, 1, 1, 2
1082, 2, 1636467713546, 1636467715887, 2341, 1, 2340, 1, 0, 1
1094, 1, 1636467715186, 1636467716109, 923, 574, 349, 0, 0, 0
1087, 2, 1636467714103, 1636467716322, 2219, 0, 2219, 0, 0, 0
1095, 1, 1636467715977, 1636467716637, 660, 262, 398, 2, 0, 2
1097, 1, 1636467716034, 1636467716653, 619, 263, 356, 0, 1, 1
1096, 1, 1636467716025, 1636467716685, 660, 267, 393, 0, 1, 1
1089, 1, 1636467714375, 1636467716801, 2426, 2078, 348, 0, 0, 0
1098, 1, 1636467716409, 1636467717065, 656, 263, 393, 2, 1, 3
1099, 1, 1636467716888, 1636467717501, 613, 262, 351, 1, 0, 1
1100, 1, 1636467716931, 1636467717545, 614, 267, 347, 0, 0, 0
1101, 1, 1636467716938, 1636467717549, 611, 262, 349, 0, 0, 0
1103, 1, 1636467717248, 1636467717857, 609, 262, 347, 0, 0, 0
1102, 1, 1636467717086, 1636467717888, 802, 459, 343, 1, 0, 1
1104, 1, 1636467717289, 1636467717905, 616, 262, 354, 1, 0, 1
1105, 1, 1636467717446, 1636467718061, 615, 262, 353, 0, 0, 0
1106, 1, 1636467717793, 1636467718405, 612, 263, 349, 1, 0, 1
1107, 1, 1636467717874, 1636467718485, 611, 262, 349, 0, 0, 0
1108, 1, 1636467718317, 1636467718929, 612, 262, 350, 1, 0, 1
1109, 1, 1636467718505, 1636467719116, 611, 266, 345, 0, 0, 0
1110, 1, 1636467718756, 1636467719365, 609, 262, 347, 0, 1, 1
1111, 1, 1636467718848, 1636467719457, 609, 262, 347, 0, 0, 0
1112, 1, 1636467718961, 1636467719581, 620, 261, 359, 0, 2, 2
1114, 1, 1636467719155, 1636467719805, 650, 301, 349, 1, 0, 1
1113, 1, 1636467718986, 1636467719929, 943, 594, 349, 0, 0, 0
1115, 1, 1636467719918, 1636467720529, 611, 262, 349, 1, 0, 1
1116, 1, 1636467720259, 1636467720869, 610, 262, 348, 2, 0, 2
1117, 1, 1636467720303, 1636467720913, 610, 262, 348, 1, 0, 1
1118, 1, 1636467720448, 1636467721217, 769, 418, 351, 0, 0, 0
1119, 1, 1636467720941, 1636467721553, 612, 262, 350, 0, 0, 0
1120, 1, 1636467721039, 1636467721649, 610, 263, 347, 0, 1, 1
1121, 1, 1636467721086, 1636467721697, 611, 262, 349, 0, 0, 0
1123, 1, 1636467721142, 1636467721757, 615, 266, 349, 0, 0, 0
1124, 1, 1636467721177, 1636467721784, 607, 262, 345, 0, 0, 0
1122, 1, 1636467721105, 1636467721996, 891, 543, 348, 0, 1, 1
1125, 1, 1636467721544, 1636467722157, 613, 262, 351, 0, 0, 0
1126, 1, 1636467721606, 1636467722217, 611, 263, 348, 1, 0, 1
1127, 1, 1636467721900, 1636467722513, 613, 262, 351, 0, 0, 0
1128, 1, 1636467722169, 1636467722785, 616, 262, 354, 0, 0, 0
1129, 1, 1636467722721, 1636467723332, 611, 262, 349, 0, 0, 0
1130, 1, 1636467722760, 1636467723373, 613, 262, 351, 0, 0, 0
1131, 1, 1636467722836, 1636467723445, 609, 262, 347, 0, 0, 0
1133, 1, 1636467723138, 1636467723749, 611, 262, 349, 0, 0, 0
1132, 1, 1636467723115, 1636467723793, 678, 330, 348, 1, 0, 1
1134, 1, 1636467723287, 1636467724097, 810, 462, 348, 1, 0, 1
1135, 1, 1636467723901, 1636467724513, 612, 262, 350, 1, 0, 1
1136, 1, 1636467724206, 1636467724861, 655, 307, 348, 1, 0, 1
1137, 1, 1636467724457, 1636467725073, 616, 263, 353, 2, 1, 3
1139, 1, 1636467724793, 1636467725405, 612, 262, 350, 0, 0, 0
1138, 1, 1636467724472, 1636467725425, 953, 594, 359, 2, 0, 2
1140, 1, 1636467724990, 1636467725601, 611, 261, 350, 1, 0, 1
1141, 1, 1636467724990, 1636467725601, 611, 263, 348, 3, 0, 3
1142, 1, 1636467725168, 1636467725785, 617, 261, 356, 0, 1, 1
1144, 1, 1636467725260, 1636467725873, 613, 262, 351, 0, 0, 0
1145, 1, 1636467725390, 1636467726005, 615, 266, 349, 0, 0, 0
1143, 1, 1636467725198, 1636467726133, 935, 586, 349, 0, 0, 0
1146, 1, 1636467725620, 1636467726236, 616, 262, 354, 0, 0, 0
1147, 1, 1636467726059, 1636467726673, 614, 262, 352, 0, 0, 0
1148, 1, 1636467726070, 1636467726681, 611, 264, 347, 0, 0, 0
1149, 1, 1636467726452, 1636467727069, 617, 266, 351, 0, 0, 0
1150, 1, 1636467726528, 1636467727141, 613, 262, 351, 0, 0, 0
1151, 1, 1636467726607, 1636467727217, 610, 262, 348, 0, 0, 0
1152, 1, 1636467726961, 1636467727573, 612, 262, 350, 1, 0, 1
1153, 1, 1636467727297, 1636467727905, 608, 262, 346, 0, 0, 0
1154, 1, 1636467727376, 1636467728253, 877, 527, 350, 0, 1, 1
1155, 1, 1636467727752, 1636467728365, 613, 262, 351, 0, 0, 0
1156, 1, 1636467728136, 1636467728749, 613, 262, 351, 0, 0, 0
1157, 1, 1636467728188, 1636467728801, 613, 262, 351, 0, 0, 0
1158, 1, 1636467728293, 1636467729097, 804, 454, 350, 0, 0, 0
1159, 1, 1636467728694, 1636467729305, 611, 262, 349, 0, 0, 0
1160, 1, 1636467728721, 1636467729337, 616, 262, 354, 0, 0, 0
1161, 1, 1636467728936, 1636467729553, 617, 262, 355, 0, 0, 0
1162, 1, 1636467728972, 1636467729593, 621, 262, 359, 2, 0, 2
1164, 1, 1636467729122, 1636467729741, 619, 266, 353, 0, 1, 1
1163, 1, 1636467728993, 1636467729901, 908, 554, 354, 0, 0, 0
1165, 1, 1636467729338, 1636467729949, 611, 262, 349, 0, 0, 0
1166, 1, 1636467729699, 1636467730309, 610, 263, 347, 0, 1, 1
1167, 1, 1636467729885, 1636467730497, 612, 262, 350, 0, 0, 0
1168, 1, 1636467730127, 1636467730736, 609, 264, 345, 0, 1, 1
1169, 1, 1636467730338, 1636467730953, 615, 263, 352, 1, 0, 1
1170, 1, 1636467730381, 1636467730993, 612, 263, 349, 1, 0, 1
1171, 1, 1636467730467, 1636467731077, 610, 262, 348, 0, 0, 0
1172, 1, 1636467730814, 1636467731425, 611, 262, 349, 1, 0, 1
1173, 1, 1636467731040, 1636467731653, 613, 262, 351, 1, 0, 1
1174, 1, 1636467731306, 1636467732001, 695, 346, 349, 0, 0, 0
1175, 1, 1636467731653, 1636467732265, 612, 262, 350, 0, 0, 0
1176, 1, 1636467732040, 1636467732657, 617, 266, 351, 0, 0, 0
1177, 1, 1636467732243, 1636467732865, 622, 269, 353, 1, 0, 1
1178, 1, 1636467732312, 1636467733213, 901, 550, 351, 0, 0, 0
1179, 1, 1636467732655, 1636467733265, 610, 262, 348, 0, 0, 0
1181, 1, 1636467732736, 1636467733345, 609, 263, 346, 0, 0, 0
1180, 1, 1636467732735, 1636467733345, 610, 262, 348, 0, 0, 0
1182, 1, 1636467732749, 1636467733365, 616, 266, 350, 0, 1, 1
1184, 1, 1636467733009, 1636467733625, 616, 266, 350, 0, 0, 0
1183, 1, 1636467732784, 1636467733697, 913, 558, 355, 0, 0, 0
1185, 1, 1636467733258, 1636467733873, 615, 266, 349, 1, 0, 1
1186, 1, 1636467733370, 1636467733985, 615, 262, 353, 0, 0, 0
1187, 1, 1636467733685, 1636467734297, 612, 262, 350, 0, 0, 0
1188, 1, 1636467734103, 1636467734713, 610, 262, 348, 0, 0, 0
1189, 1, 1636467734283, 1636467734897, 614, 262, 352, 0, 0, 0
1190, 1, 1636467734353, 1636467734965, 612, 262, 350, 0, 0, 0
1191, 1, 1636467734545, 1636467735157, 612, 262, 350, 0, 0, 0
1192, 1, 1636467734715, 1636467735333, 618, 266, 352, 0, 0, 0
1193, 1, 1636467734839, 1636467735453, 614, 262, 352, 0, 0, 0
1194, 1, 1636467735082, 1636467735801, 719, 370, 349, 0, 0, 0
1195, 1, 1636467735710, 1636467736321, 611, 262, 349, 0, 0, 0
1196, 1, 1636467735941, 1636467736552, 611, 262, 349, 1, 0, 1
1197, 1, 1636467736496, 1636467737109, 613, 262, 351, 1, 1, 2
1199, 1, 1636467736556, 1636467737180, 624, 262, 362, 0, 0, 0
1200, 1, 1636467736725, 1636467737337, 612, 262, 350, 0, 0, 0
1201, 1, 1636467736813, 1636467737425, 612, 262, 350, 0, 0, 0
1202, 1, 1636467736819, 1636467737437, 618, 271, 347, 0, 0, 0
1198, 1, 1636467736519, 1636467737457, 938, 590, 348, 0, 3, 3
1203, 1, 1636467736906, 1636467737525, 619, 271, 348, 0, 0, 0
1205, 1, 1636467737180, 1636467737797, 617, 262, 355, 0, 0, 0
1204, 1, 1636467736930, 1636467737873, 943, 594, 349, 0, 0, 0
1206, 1, 1636467737336, 1636467737953, 617, 262, 355, 1, 0, 1
1207, 1, 1636467737904, 1636467738513, 609, 262, 347, 0, 0, 0
1208, 1, 1636467737979, 1636467738593, 614, 266, 348, 0, 0, 0
1209, 1, 1636467738216, 1636467738832, 616, 262, 354, 0, 0, 0
1210, 1, 1636467738339, 1636467738957, 618, 262, 356, 0, 0, 0
1211, 1, 1636467738431, 1636467739045, 614, 262, 352, 0, 0, 0
1212, 1, 1636467738770, 1636467739385, 615, 262, 353, 0, 0, 0
1213, 1, 1636467739133, 1636467739749, 616, 262, 354, 0, 0, 0
1214, 1, 1636467739165, 1636467740100, 935, 582, 353, 0, 0, 0
1215, 1, 1636467739686, 1636467740297, 611, 262, 349, 0, 0, 0
1216, 1, 1636467739997, 1636467740609, 612, 262, 350, 0, 0, 0
1217, 1, 1636467740257, 1636467740869, 612, 261, 351, 0, 0, 0
1219, 1, 1636467740485, 1636467741096, 611, 262, 349, 0, 0, 0
1220, 1, 1636467740527, 1636467741141, 614, 262, 352, 0, 0, 0
1221, 1, 1636467740552, 1636467741168, 616, 266, 350, 0, 0, 0
1222, 1, 1636467740582, 1636467741192, 610, 262, 348, 0, 0, 0
1218, 1, 1636467740321, 1636467741212, 891, 546, 345, 0, 0, 0
1223, 1, 1636467740913, 1636467741521, 608, 263, 345, 0, 1, 1
1224, 1, 1636467741006, 1636467741613, 607, 263, 344, 0, 0, 0
1225, 1, 1636467741021, 1636467741637, 616, 262, 354, 0, 3, 3
1226, 1, 1636467741221, 1636467741985, 764, 415, 349, 0, 1, 1
1227, 1, 1636467742025, 1636467742640, 615, 266, 349, 0, 0, 0
1228, 1, 1636467742094, 1636467742704, 610, 267, 343, 0, 0, 0
1229, 1, 1636467742102, 1636467742716, 614, 265, 349, 0, 0, 0
1230, 1, 1636467742118, 1636467742728, 610, 263, 347, 0, 0, 0
1231, 1, 1636467742315, 1636467742932, 617, 272, 345, 0, 2, 2
1232, 1, 1636467742746, 1636467743361, 615, 258, 357, 0, 0, 0
1233, 1, 1636467743179, 1636467743797, 618, 263, 355, 0, 1, 1
1235, 1, 1636467743487, 1636467744097, 610, 263, 347, 0, 1, 1
1234, 1, 1636467743249, 1636467744149, 900, 546, 354, 0, 0, 0
1236, 1, 1636467743974, 1636467744585, 611, 262, 349, 0, 0, 0
1237, 1, 1636467744057, 1636467744669, 612, 261, 351, 0, 0, 0
1239, 1, 1636467744294, 1636467744905, 611, 261, 350, 0, 0, 0
1238, 1, 1636467744147, 1636467745017, 870, 522, 348, 0, 0, 0
1240, 1, 1636467744558, 1636467745169, 611, 266, 345, 0, 0, 0
1241, 1, 1636467744801, 1636467745413, 612, 262, 350, 0, 0, 0
1242, 1, 1636467744814, 1636467745425, 611, 262, 349, 0, 0, 0
1243, 1, 1636467744865, 1636467745481, 616, 262, 354, 0, 0, 0
1244, 1, 1636467744992, 1636467745609, 617, 266, 351, 0, 0, 0
1245, 1, 1636467745153, 1636467745964, 811, 454, 357, 0, 0, 0
1247, 1, 1636467745759, 1636467746377, 618, 266, 352, 0, 0, 0
1248, 1, 1636467745912, 1636467746525, 613, 262, 351, 1, 0, 1
1249, 1, 1636467746066, 1636467746677, 611, 262, 349, 0, 0, 0
1250, 1, 1636467746094, 1636467746701, 607, 262, 345, 0, 0, 0
1251, 1, 1636467746117, 1636467746729, 612, 262, 350, 0, 0, 0
1252, 1, 1636467746548, 1636467747169, 621, 266, 355, 0, 0, 0
1246, 2, 1636467745154, 1636467747519, 2365, 88, 2277, 0, 0, 0
1253, 1, 1636467747038, 1636467747649, 611, 262, 349, 0, 0, 0
1254, 1, 1636467747150, 1636467747997, 847, 498, 349, 0, 0, 0
1255, 1, 1636467747653, 1636467748312, 659, 262, 397, 0, 0, 0
1256, 1, 1636467747760, 1636467748368, 608, 262, 346, 0, 0, 0
1257, 1, 1636467747775, 1636467748384, 609, 266, 343, 0, 0, 0
1258, 1, 1636467748027, 1636467748641, 614, 262, 352, 0, 1, 1
1259, 1, 1636467748350, 1636467748964, 614, 261, 353, 0, 0, 0
1260, 1, 1636467748359, 1636467748973, 614, 266, 348, 0, 0, 0
1262, 1, 1636467748598, 1636467749209, 611, 263, 348, 0, 1, 1
1261, 1, 1636467748389, 1636467749312, 923, 574, 349, 0, 1, 1
1263, 1, 1636467748777, 1636467749393, 616, 266, 350, 0, 0, 0
1264, 1, 1636467748813, 1636467749425, 612, 262, 350, 0, 0, 0
1265, 1, 1636467748878, 1636467749489, 611, 262, 349, 0, 0, 0
1266, 1, 1636467748960, 1636467749837, 877, 530, 347, 0, 0, 0
1267, 1, 1636467749646, 1636467750257, 611, 262, 349, 0, 0, 0
1268, 1, 1636467749863, 1636467750473, 610, 262, 348, 0, 0, 0
1269, 1, 1636467749952, 1636467750572, 620, 262, 358, 0, 1, 1
1270, 1, 1636467750020, 1636467750633, 613, 262, 351, 0, 0, 0
1271, 1, 1636467750389, 1636467751001, 612, 262, 350, 0, 0, 0
1272, 1, 1636467750691, 1636467751353, 662, 310, 352, 1, 1, 2
1273, 1, 1636467750923, 1636467751537, 614, 262, 352, 0, 0, 0
1274, 1, 1636467750996, 1636467751885, 889, 538, 351, 0, 0, 0
1275, 1, 1636467751669, 1636467752285, 616, 262, 354, 0, 0, 0
1276, 1, 1636467751754, 1636467752365, 611, 262, 349, 0, 0, 0
1277, 1, 1636467752048, 1636467752661, 613, 262, 351, 0, 0, 0
1278, 1, 1636467752289, 1636467752901, 612, 262, 350, 0, 1, 1
1279, 1, 1636467752418, 1636467753033, 615, 265, 350, 0, 0, 0
1281, 1, 1636467752550, 1636467753161, 611, 262, 349, 0, 1, 1
1282, 1, 1636467752633, 1636467753245, 612, 262, 350, 1, 0, 1
1283, 1, 1636467752698, 1636467753312, 614, 262, 352, 0, 0, 0
1280, 1, 1636467752466, 1636467753381, 915, 565, 350, 1, 0, 1
1284, 1, 1636467752859, 1636467753469, 610, 263, 347, 2, 1, 3
1285, 1, 1636467752866, 1636467753509, 643, 294, 349, 0, 0, 0
1286, 1, 1636467753135, 1636467753745, 610, 262, 348, 0, 0, 0
1287, 1, 1636467753656, 1636467754269, 613, 262, 351, 0, 0, 0
1288, 1, 1636467753885, 1636467754497, 612, 262, 350, 0, 0, 0
1289, 1, 1636467753907, 1636467754517, 610, 262, 348, 0, 0, 0
1290, 1, 1636467754019, 1636467754633, 614, 262, 352, 0, 0, 0
1291, 1, 1636467754365, 1636467754981, 616, 262, 354, 0, 0, 0
1293, 1, 1636467754596, 1636467755209, 613, 262, 351, 0, 0, 0
1292, 1, 1636467754495, 1636467755329, 834, 486, 348, 0, 0, 0
1294, 1, 1636467754737, 1636467755557, 820, 470, 350, 0, 0, 0
1295, 1, 1636467755590, 1636467756201, 611, 262, 349, 0, 0, 0
1296, 1, 1636467755946, 1636467756553, 607, 262, 345, 0, 0, 0
1297, 1, 1636467756025, 1636467756641, 616, 266, 350, 0, 0, 0
1298, 1, 1636467756289, 1636467756904, 615, 262, 353, 0, 0, 0
1300, 1, 1636467756390, 1636467757001, 611, 263, 348, 1, 1, 2
1299, 1, 1636467756390, 1636467757001, 611, 262, 349, 2, 0, 2
1302, 1, 1636467756609, 1636467757217, 608, 264, 344, 0, 0, 0
1303, 1, 1636467756720, 1636467757333, 613, 262, 351, 0, 0, 0
1301, 1, 1636467756451, 1636467757357, 906, 554, 352, 0, 0, 0
1304, 1, 1636467756846, 1636467757457, 611, 262, 349, 0, 0, 0
1305, 1, 1636467756858, 1636467757477, 619, 266, 353, 1, 0, 1
1306, 1, 1636467756955, 1636467757572, 617, 270, 347, 1, 0, 1
1307, 1, 1636467757496, 1636467758113, 617, 262, 355, 0, 0, 0
1308, 1, 1636467757907, 1636467758517, 610, 266, 344, 0, 0, 0
1309, 1, 1636467758077, 1636467758689, 612, 262, 350, 0, 0, 0
1310, 1, 1636467758286, 1636467758897, 611, 262, 349, 0, 0, 0
1311, 1, 1636467758341, 1636467758953, 612, 262, 350, 0, 0, 0
1313, 1, 1636467758436, 1636467759049, 613, 262, 351, 0, 0, 0
1312, 1, 1636467758417, 1636467759245, 828, 478, 350, 0, 0, 0
1314, 1, 1636467758710, 1636467759397, 687, 338, 349, 0, 0, 0
1315, 1, 1636467759612, 1636467760221, 609, 262, 347, 0, 0, 0
1316, 1, 1636467759945, 1636467760557, 612, 262, 350, 0, 0, 0
1317, 1, 1636467760099, 1636467760709, 610, 262, 348, 0, 0, 0
1318, 1, 1636467760211, 1636467760820, 609, 267, 342, 1, 0, 1
1319, 1, 1636467760275, 1636467760889, 614, 262, 352, 0, 0, 0
1321, 1, 1636467760378, 1636467760993, 615, 261, 354, 0, 0, 0
1322, 1, 1636467760553, 1636467761165, 612, 262, 350, 0, 0, 0
1323, 1, 1636467760610, 1636467761225, 615, 266, 349, 0, 0, 0
1320, 1, 1636467760332, 1636467761237, 905, 550, 355, 0, 0, 0
1324, 1, 1636467760887, 1636467761497, 610, 262, 348, 0, 0, 0
1325, 1, 1636467760913, 1636467761529, 616, 262, 354, 1, 0, 1
1326, 1, 1636467761181, 1636467761793, 612, 263, 349, 1, 0, 1
1327, 1, 1636467761203, 1636467761813, 610, 262, 348, 0, 0, 0
1328, 1, 1636467762143, 1636467762757, 614, 266, 348, 1, 0, 1
1329, 1, 1636467762159, 1636467762773, 614, 262, 352, 0, 0, 0
1330, 1, 1636467762161, 1636467762781, 620, 266, 354, 0, 1, 1
1331, 1, 1636467762229, 1636467762844, 615, 266, 349, 2, 0, 2
1332, 1, 1636467762308, 1636467762929, 621, 270, 351, 0, 0, 0
1334, 1, 1636467762522, 1636467763133, 611, 263, 348, 0, 0, 0
1333, 1, 1636467762442, 1636467763277, 835, 482, 353, 0, 0, 0
1335, 1, 1636467763804, 1636467764421, 617, 266, 351, 0, 0, 0
1336, 1, 1636467763948, 1636467764565, 617, 266, 351, 0, 0, 0
1337, 1, 1636467763967, 1636467764577, 610, 262, 348, 0, 0, 0
1338, 1, 1636467764076, 1636467764693, 617, 265, 352, 0, 0, 0
1339, 1, 1636467764154, 1636467764913, 759, 410, 349, 0, 0, 0
1340, 1, 1636467764400, 1636467765013, 613, 262, 351, 1, 1, 2
1341, 1, 1636467764431, 1636467765045, 614, 262, 352, 0, 0, 0
1342, 1, 1636467764533, 1636467765149, 616, 263, 353, 1, 1, 2
1343, 1, 1636467764535, 1636467765149, 614, 261, 353, 0, 0, 0
1344, 1, 1636467764994, 1636467765609, 615, 262, 353, 0, 1, 1
1345, 1, 1636467765000, 1636467765613, 613, 263, 350, 0, 1, 1
1346, 1, 1636467765070, 1636467765681, 611, 262, 349, 0, 0, 0
1347, 1, 1636467765139, 1636467765748, 609, 262, 347, 0, 0, 0
1348, 1, 1636467765877, 1636467766489, 612, 262, 350, 0, 0, 0
1349, 1, 1636467766049, 1636467766657, 608, 262, 346, 0, 0, 0
1350, 1, 1636467766122, 1636467766737, 615, 262, 353, 0, 1, 1
1351, 1, 1636467766294, 1636467766909, 615, 266, 349, 0, 0, 0
1352, 1, 1636467766501, 1636467767112, 611, 266, 345, 0, 0, 0
1353, 1, 1636467766571, 1636467767184, 613, 270, 343, 0, 0, 0
1354, 1, 1636467766596, 1636467767533, 937, 586, 351, 0, 0, 0
1355, 1, 1636467767787, 1636467768401, 614, 262, 352, 0, 0, 0
1356, 1, 1636467767885, 1636467768501, 616, 266, 350, 0, 0, 0
1357, 1, 1636467768126, 1636467768745, 619, 270, 349, 0, 0, 0
1358, 1, 1636467768159, 1636467768773, 614, 266, 348, 0, 0, 0
1359, 1, 1636467768300, 1636467768913, 613, 262, 351, 0, 0, 0
1360, 1, 1636467768362, 1636467768973, 611, 262, 349, 0, 2, 2
1361, 1, 1636467768591, 1636467769205, 614, 262, 352, 0, 0, 0
1362, 1, 1636467768757, 1636467769368, 611, 263, 348, 0, 0, 0
1363, 1, 1636467768786, 1636467769401, 615, 262, 353, 0, 0, 0
1364, 1, 1636467768933, 1636467769545, 612, 262, 350, 0, 1, 1
1365, 1, 1636467769129, 1636467769737, 608, 262, 346, 0, 0, 0
1366, 1, 1636467769163, 1636467769773, 610, 262, 348, 0, 0, 0
1367, 1, 1636467769313, 1636467769925, 612, 261, 351, 0, 0, 0
1368, 1, 1636467769745, 1636467770357, 612, 262, 350, 0, 0, 0
1369, 1, 1636467770059, 1636467770669, 610, 262, 348, 0, 0, 0
1370, 1, 1636467770346, 1636467770961, 615, 262, 353, 0, 0, 0
1371, 1, 1636467770547, 1636467771156, 609, 262, 347, 0, 0, 0
1373, 1, 1636467770726, 1636467771332, 606, 262, 344, 0, 1, 1
1372, 1, 1636467770652, 1636467771508, 856, 502, 354, 0, 0, 0
1374, 1, 1636467770855, 1636467771857, 1002, 655, 347, 0, 0, 0
1375, 1, 1636467771494, 1636467772105, 611, 262, 349, 0, 0, 0
1376, 1, 1636467771834, 1636467772457, 623, 270, 353, 0, 1, 1
1377, 1, 1636467772019, 1636467772633, 614, 266, 348, 3, 0, 3
1378, 1, 1636467772064, 1636467772676, 612, 262, 350, 0, 0, 0
1379, 1, 1636467772241, 1636467772861, 620, 266, 354, 0, 0, 0
1380, 1, 1636467772521, 1636467773133, 612, 262, 350, 0, 0, 0
1381, 1, 1636467772544, 1636467773161, 617, 262, 355, 1, 0, 1
1382, 1, 1636467772673, 1636467773285, 612, 262, 350, 0, 0, 0
1383, 1, 1636467773040, 1636467773644, 604, 262, 342, 0, 0, 0
1384, 1, 1636467773076, 1636467773693, 617, 262, 355, 0, 0, 0
1385, 1, 1636467773114, 1636467773724, 610, 262, 348, 0, 0, 0
1386, 1, 1636467773154, 1636467773764, 610, 262, 348, 0, 0, 0
1387, 1, 1636467773357, 1636467773969, 612, 262, 350, 0, 0, 0
1388, 1, 1636467773928, 1636467774549, 621, 266, 355, 0, 0, 0
1389, 1, 1636467774108, 1636467774721, 613, 262, 351, 2, 0, 2
1390, 1, 1636467774152, 1636467774765, 613, 263, 350, 0, 1, 1
1391, 1, 1636467774633, 1636467775245, 612, 266, 346, 0, 0, 0
1392, 1, 1636467774751, 1636467775365, 614, 262, 352, 0, 0, 0
1393, 1, 1636467774800, 1636467775413, 613, 262, 351, 0, 0, 0
1394, 1, 1636467775093, 1636467775713, 620, 270, 350, 0, 0, 0
1395, 1, 1636467775473, 1636467776085, 612, 261, 351, 0, 0, 0
1396, 1, 1636467775513, 1636467776433, 920, 569, 351, 0, 0, 0
1397, 1, 1636467775981, 1636467776593, 612, 262, 350, 0, 0, 0
1398, 1, 1636467776270, 1636467776880, 610, 262, 348, 0, 1, 1
1399, 1, 1636467776418, 1636467777028, 610, 262, 348, 0, 0, 0
1400, 1, 1636467776438, 1636467777049, 611, 262, 349, 0, 0, 0
1401, 1, 1636467776638, 1636467777244, 606, 261, 345, 0, 0, 0
1402, 1, 1636467776807, 1636467777413, 606, 261, 345, 0, 0, 0
1403, 1, 1636467776994, 1636467777613, 619, 270, 349, 0, 1, 1
1404, 1, 1636467777027, 1636467777637, 610, 262, 348, 0, 0, 0
1405, 1, 1636467777148, 1636467777760, 612, 263, 349, 0, 0, 0
1406, 1, 1636467777208, 1636467777817, 609, 258, 351, 1, 0, 1
1407, 1, 1636467777407, 1636467778017, 610, 262, 348, 0, 0, 0
1408, 1, 1636467778026, 1636467778637, 611, 262, 349, 0, 0, 0
1409, 1, 1636467778086, 1636467778697, 611, 262, 349, 1, 0, 1
1410, 1, 1636467778346, 1636467778961, 615, 262, 353, 0, 0, 0
1411, 1, 1636467778551, 1636467779161, 610, 262, 348, 1, 0, 1
1412, 1, 1636467778812, 1636467779425, 613, 262, 351, 0, 0, 0
1413, 1, 1636467779003, 1636467779613, 610, 262, 348, 0, 0, 0
1414, 1, 1636467779294, 1636467779960, 666, 318, 348, 0, 0, 0
1415, 1, 1636467779665, 1636467780277, 612, 262, 350, 0, 0, 0
1417, 1, 1636467779867, 1636467780481, 614, 262, 352, 0, 0, 0
1416, 1, 1636467779698, 1636467780625, 927, 578, 349, 0, 0, 0
1418, 1, 1636467780324, 1636467780937, 613, 262, 351, 0, 0, 0
1419, 1, 1636467780524, 1636467781137, 613, 266, 347, 0, 0, 0
1420, 1, 1636467780671, 1636467781289, 618, 262, 356, 0, 0, 0
1421, 1, 1636467780721, 1636467781333, 612, 262, 350, 0, 0, 0
1423, 1, 1636467780881, 1636467781492, 611, 262, 349, 0, 0, 0
1424, 1, 1636467780963, 1636467781577, 614, 266, 348, 0, 0, 0
1422, 1, 1636467780832, 1636467781637, 805, 454, 351, 0, 0, 0
1425, 1, 1636467781367, 1636467781977, 610, 262, 348, 0, 0, 0
1426, 1, 1636467781402, 1636467782013, 611, 263, 348, 0, 1, 1
1427, 1, 1636467781419, 1636467782037, 618, 262, 356, 0, 0, 0
1428, 1, 1636467781912, 1636467782525, 613, 262, 351, 0, 0, 0
1429, 1, 1636467782016, 1636467782633, 617, 262, 355, 0, 0, 0
1430, 1, 1636467782280, 1636467782893, 613, 261, 352, 0, 0, 0
1431, 1, 1636467782499, 1636467783113, 614, 263, 351, 0, 1, 1
1432, 1, 1636467783032, 1636467783645, 613, 262, 351, 0, 0, 0
1433, 1, 1636467783256, 1636467783865, 609, 262, 347, 0, 0, 0
1434, 1, 1636467783397, 1636467784009, 612, 262, 350, 0, 0, 0
1436, 1, 1636467783559, 1636467784213, 654, 306, 348, 0, 0, 0
1435, 1, 1636467783428, 1636467784357, 929, 578, 351, 0, 0, 0
1437, 1, 1636467784201, 1636467784825, 624, 261, 363, 0, 0, 0
1438, 1, 1636467784392, 1636467785008, 616, 262, 354, 0, 0, 0
1439, 1, 1636467784536, 1636467785149, 613, 262, 351, 0, 0, 0
1440, 1, 1636467784658, 1636467785273, 615, 264, 351, 0, 0, 0
1441, 1, 1636467784908, 1636467785524, 616, 262, 354, 0, 0, 0
1443, 1, 1636467785071, 1636467785681, 610, 262, 348, 0, 0, 0
1444, 1, 1636467785080, 1636467785693, 613, 262, 351, 0, 0, 0
1445, 1, 1636467785216, 1636467785829, 613, 262, 351, 0, 0, 0
1442, 1, 1636467784925, 1636467785877, 952, 599, 353, 1, 1, 2
1446, 1, 1636467785638, 1636467786249, 611, 263, 348, 1, 0, 1
1447, 1, 1636467785665, 1636467786277, 612, 262, 350, 0, 0, 0
1449, 1, 1636467785952, 1636467786561, 609, 262, 347, 0, 0, 0
1448, 1, 1636467785950, 1636467786561, 611, 262, 349, 0, 0, 0
1450, 1, 1636467786246, 1636467786857, 611, 262, 349, 0, 0, 0
1451, 1, 1636467786834, 1636467787448, 614, 262, 352, 0, 0, 0
1452, 1, 1636467787268, 1636467787881, 613, 262, 351, 1, 0, 1
1453, 1, 1636467787315, 1636467787929, 614, 267, 347, 0, 1, 1
1455, 1, 1636467787330, 1636467787941, 611, 263, 348, 1, 0, 1
1456, 1, 1636467787620, 1636467788233, 613, 262, 351, 0, 0, 0
1454, 1, 1636467787329, 1636467788277, 948, 599, 349, 2, 0, 2
1457, 1, 1636467788327, 1636467788940, 613, 262, 351, 0, 0, 0
1458, 1, 1636467788477, 1636467789093, 616, 262, 354, 0, 0, 0
1459, 1, 1636467788754, 1636467789369, 615, 262, 353, 0, 0, 0
1460, 1, 1636467788919, 1636467789533, 614, 261, 353, 1, 0, 1
1461, 1, 1636467788943, 1636467789553, 610, 262, 348, 0, 0, 0
1462, 1, 1636467789008, 1636467789621, 613, 261, 352, 1, 0, 1
1464, 1, 1636467789169, 1636467789785, 616, 266, 350, 0, 0, 0
1463, 1, 1636467789098, 1636467789881, 783, 434, 349, 2, 0, 2
1465, 1, 1636467789397, 1636467790009, 612, 262, 350, 0, 0, 0
1466, 1, 1636467789500, 1636467790113, 613, 262, 351, 0, 0, 0
1467, 1, 1636467789886, 1636467790493, 607, 261, 346, 0, 0, 0
1468, 1, 1636467789937, 1636467790549, 612, 262, 350, 0, 0, 0
1469, 1, 1636467790228, 1636467790841, 613, 262, 351, 0, 0, 0
1470, 1, 1636467790530, 1636467791141, 611, 262, 349, 0, 0, 0
1471, 1, 1636467791062, 1636467791677, 615, 266, 349, 0, 0, 0
1472, 1, 1636467791098, 1636467791713, 615, 267, 348, 1, 0, 1
1473, 1, 1636467791118, 1636467791733, 615, 262, 353, 0, 0, 0
1474, 1, 1636467791201, 1636467792061, 860, 510, 350, 0, 0, 0
1475, 1, 1636467791487, 1636467792101, 614, 266, 348, 0, 0, 0
1476, 1, 1636467791840, 1636467792453, 613, 262, 351, 0, 0, 0
1477, 1, 1636467792445, 1636467793057, 612, 262, 350, 0, 0, 0
1478, 1, 1636467792631, 1636467793241, 610, 262, 348, 0, 0, 0
1479, 1, 1636467792852, 1636467793464, 612, 262, 350, 0, 0, 0
1480, 1, 1636467793053, 1636467793664, 611, 262, 349, 0, 0, 0
1481, 1, 1636467793125, 1636467793737, 612, 262, 350, 0, 1, 1
1482, 1, 1636467793139, 1636467793749, 610, 262, 348, 0, 0, 0
1483, 1, 1636467793185, 1636467793797, 612, 262, 350, 0, 0, 0
1484, 1, 1636467793250, 1636467793861, 611, 262, 349, 0, 0, 0
1485, 1, 1636467793413, 1636467794097, 684, 334, 350, 0, 0, 0
1486, 1, 1636467793655, 1636467794265, 610, 262, 348, 0, 0, 0
1487, 1, 1636467793670, 1636467794281, 611, 262, 349, 0, 0, 0
1488, 1, 1636467794161, 1636467794773, 612, 262, 350, 0, 0, 0
1489, 1, 1636467794317, 1636467794929, 612, 262, 350, 0, 0, 0
1490, 1, 1636467794685, 1636467795297, 612, 262, 350, 0, 0, 0
1491, 1, 1636467794915, 1636467795532, 617, 262, 355, 0, 0, 0
1492, 1, 1636467795239, 1636467795849, 610, 261, 349, 0, 0, 0
1493, 1, 1636467795272, 1636467795885, 613, 262, 351, 0, 0, 0
1494, 1, 1636467795432, 1636467796197, 765, 413, 352, 0, 0, 0
1495, 1, 1636467795785, 1636467796396, 611, 262, 349, 0, 0, 0
1496, 1, 1636467796139, 1636467796752, 613, 266, 347, 0, 0, 0
1497, 1, 1636467796392, 1636467797005, 613, 262, 351, 0, 0, 0
1498, 1, 1636467796533, 1636467797149, 616, 262, 354, 0, 0, 0
1499, 1, 1636467796785, 1636467797397, 612, 262, 350, 0, 0, 0
1500, 1, 1636467796883, 1636467797501, 618, 266, 352, 0, 0, 0
1501, 1, 1636467796939, 1636467797549, 610, 262, 348, 0, 0, 0
1502, 1, 1636467797069, 1636467797681, 612, 266, 346, 0, 0, 0
1503, 1, 1636467797213, 1636467797825, 612, 262, 350, 0, 0, 0
1504, 1, 1636467797416, 1636467798029, 613, 262, 351, 0, 0, 0
1506, 1, 1636467797437, 1636467798053, 616, 266, 350, 0, 1, 1
1507, 1, 1636467797522, 1636467798133, 611, 262, 349, 0, 0, 0
1505, 1, 1636467797437, 1636467798405, 968, 619, 349, 1, 1, 2
1508, 1, 1636467798000, 1636467798612, 612, 262, 350, 0, 0, 0
1509, 1, 1636467798250, 1636467798861, 611, 262, 349, 1, 0, 1
1510, 1, 1636467798381, 1636467798993, 612, 262, 350, 0, 0, 0
1511, 1, 1636467798735, 1636467799345, 610, 262, 348, 0, 0, 0
1512, 1, 1636467798969, 1636467799585, 616, 262, 354, 0, 0, 0
1513, 1, 1636467799517, 1636467800129, 612, 262, 350, 0, 0, 0
1514, 1, 1636467799523, 1636467800133, 610, 262, 348, 0, 0, 0
1515, 1, 1636467799568, 1636467800481, 913, 562, 351, 1, 0, 1
1516, 1, 1636467799871, 1636467800481, 610, 262, 348, 0, 0, 0
1517, 1, 1636467800216, 1636467800829, 613, 262, 351, 0, 0, 0
1518, 1, 1636467800637, 1636467801253, 616, 262, 354, 0, 0, 0
1519, 1, 1636467800685, 1636467801297, 612, 262, 350, 0, 0, 0
1520, 1, 1636467800897, 1636467801513, 616, 266, 350, 0, 0, 0
1521, 1, 1636467801065, 1636467801681, 616, 266, 350, 0, 0, 0
1522, 1, 1636467801170, 1636467801785, 615, 262, 353, 0, 0, 0
1523, 1, 1636467801175, 1636467801797, 622, 267, 355, 0, 0, 0
1524, 1, 1636467801216, 1636467801833, 617, 263, 354, 1, 0, 1
1525, 1, 1636467801342, 1636467801953, 611, 262, 349, 0, 0, 0
1526, 1, 1636467801369, 1636467802133, 764, 414, 350, 0, 0, 0
1527, 1, 1636467801709, 1636467802321, 612, 262, 350, 0, 0, 0
1528, 1, 1636467801933, 1636467802549, 616, 266, 350, 0, 0, 0
1529, 1, 1636467802086, 1636467802697, 611, 262, 349, 0, 0, 0
1530, 1, 1636467802675, 1636467803285, 610, 262, 348, 0, 0, 0
1531, 1, 1636467802882, 1636467803493, 611, 263, 348, 0, 0, 0
1532, 1, 1636467803262, 1636467803877, 615, 266, 349, 0, 0, 0
1533, 1, 1636467803370, 1636467803985, 615, 266, 349, 0, 0, 0
1534, 1, 1636467803613, 1636467804221, 608, 262, 346, 0, 0, 0
1536, 1, 1636467803724, 1636467804337, 613, 262, 351, 0, 0, 0
1535, 1, 1636467803677, 1636467804565, 888, 542, 346, 0, 0, 0
1537, 1, 1636467804302, 1636467804912, 610, 262, 348, 0, 0, 0
1538, 1, 1636467804457, 1636467805073, 616, 262, 354, 0, 0, 0
1539, 1, 1636467804720, 1636467805336, 616, 264, 352, 0, 1, 1
1540, 1, 1636467804845, 1636467805461, 616, 267, 349, 0, 0, 0
1541, 1, 1636467804953, 1636467805565, 612, 262, 350, 0, 0, 0
1542, 1, 1636467804982, 1636467805597, 615, 262, 353, 1, 0, 1
1543, 1, 1636467805023, 1636467805637, 614, 262, 352, 0, 0, 0
1545, 1, 1636467805318, 1636467805933, 615, 267, 348, 1, 1, 2
1544, 1, 1636467805150, 1636467805985, 835, 486, 349, 0, 0, 0
1546, 1, 1636467805488, 1636467806100, 612, 262, 350, 0, 0, 0
1547, 1, 1636467805744, 1636467806361, 617, 262, 355, 0, 0, 0
1548, 1, 1636467806018, 1636467806632, 614, 266, 348, 0, 0, 0
1549, 1, 1636467806213, 1636467806829, 616, 266, 350, 0, 0, 0
1550, 1, 1636467806620, 1636467807233, 613, 262, 351, 0, 0, 0
1551, 1, 1636467806709, 1636467807321, 612, 262, 350, 1, 0, 1
1552, 1, 1636467807189, 1636467807797, 608, 263, 345, 0, 0, 0
1553, 1, 1636467807297, 1636467807905, 608, 262, 346, 0, 0, 0
1554, 1, 1636467807373, 1636467807989, 616, 266, 350, 0, 1, 1
1555, 1, 1636467807544, 1636467808157, 613, 262, 351, 0, 0, 0
1556, 1, 1636467807624, 1636467808341, 717, 362, 355, 0, 0, 0
1557, 1, 1636467808429, 1636467809041, 612, 262, 350, 0, 0, 0
1558, 1, 1636467808576, 1636467809189, 613, 262, 351, 0, 0, 0
1559, 1, 1636467808604, 1636467809221, 617, 266, 351, 0, 0, 0
1560, 1, 1636467808829, 1636467809437, 608, 262, 346, 0, 0, 0
1561, 1, 1636467808841, 1636467809457, 616, 266, 350, 0, 1, 1
1563, 1, 1636467809108, 1636467809717, 609, 262, 347, 1, 0, 1
1562, 1, 1636467809015, 1636467809801, 786, 442, 344, 0, 0, 0
1564, 1, 1636467809225, 1636467809841, 616, 262, 354, 0, 0, 0
1565, 1, 1636467809267, 1636467809872, 605, 262, 343, 0, 0, 0
1566, 1, 1636467809428, 1636467810041, 613, 262, 351, 0, 0, 0
1567, 1, 1636467809854, 1636467810465, 611, 262, 349, 0, 0, 0
1568, 1, 1636467809992, 1636467810605, 613, 262, 351, 0, 0, 0
1569, 1, 1636467810145, 1636467810757, 612, 262, 350, 0, 0, 0
1570, 1, 1636467810818, 1636467811429, 611, 262, 349, 0, 0, 0
1571, 1, 1636467810934, 1636467811545, 611, 262, 349, 0, 0, 0
1572, 1, 1636467811388, 1636467812001, 613, 262, 351, 0, 0, 0
1573, 1, 1636467811584, 1636467812197, 613, 263, 350, 0, 1, 1
1576, 1, 1636467811691, 1636467812349, 658, 306, 352, 0, 0, 0
1577, 1, 1636467812208, 1636467812821, 613, 262, 351, 0, 0, 0
1578, 1, 1636467812342, 1636467812953, 611, 262, 349, 0, 0, 0
1579, 1, 1636467812708, 1636467813320, 612, 262, 350, 0, 0, 0
1580, 1, 1636467812712, 1636467813321, 609, 263, 346, 1, 1, 2
1581, 1, 1636467812989, 1636467813605, 616, 262, 354, 0, 0, 0
1582, 1, 1636467813023, 1636467813633, 610, 262, 348, 0, 0, 0
1575, 2, 1636467811666, 1636467813887, 2221, 1, 2220, 2, 0, 2
1574, 2, 1636467811665, 1636467813887, 2222, 1, 2221, 1, 1, 2
1584, 1, 1636467813323, 1636467813933, 610, 263, 347, 0, 0, 0
1583, 1, 1636467813228, 1636467813949, 721, 374, 347, 0, 0, 0
1585, 1, 1636467813353, 1636467813961, 608, 262, 346, 0, 0, 0
1586, 1, 1636467813539, 1636467814165, 626, 270, 356, 0, 0, 0
1587, 1, 1636467813724, 1636467814337, 613, 262, 351, 0, 0, 0
1588, 1, 1636467813750, 1636467814361, 611, 262, 349, 0, 0, 0
1589, 1, 1636467813925, 1636467814541, 616, 262, 354, 0, 0, 0
1590, 1, 1636467813973, 1636467814633, 660, 266, 394, 0, 0, 0
1591, 1, 1636467813981, 1636467814977, 996, 606, 390, 0, 0, 0
1592, 1, 1636467814714, 1636467815329, 615, 262, 353, 0, 0, 0
1593, 1, 1636467815124, 1636467815737, 613, 262, 351, 0, 0, 0
1594, 1, 1636467815138, 1636467815749, 611, 262, 349, 0, 0, 0
1595, 1, 1636467815440, 1636467816089, 649, 294, 355, 0, 0, 0
1596, 1, 1636467815479, 1636467816093, 614, 262, 352, 0, 1, 1
1597, 1, 1636467815940, 1636467816553, 613, 262, 351, 0, 0, 0
1598, 1, 1636467816656, 1636467817269, 613, 262, 351, 0, 0, 0
1599, 1, 1636467816727, 1636467817337, 610, 262, 348, 0, 0, 0
1600, 1, 1636467816753, 1636467817365, 612, 262, 350, 0, 0, 0
1601, 1, 1636467816968, 1636467817589, 621, 270, 351, 0, 0, 0
1603, 1, 1636467817042, 1636467817653, 611, 261, 350, 0, 0, 0
1602, 1, 1636467816994, 1636467817689, 695, 342, 353, 0, 0, 0
1604, 1, 1636467817186, 1636467817797, 611, 262, 349, 0, 0, 0
1605, 1, 1636467817459, 1636467818077, 618, 270, 348, 0, 0, 0
1606, 1, 1636467817657, 1636467818269, 612, 262, 350, 0, 0, 0
1608, 1, 1636467817861, 1636467818473, 612, 263, 349, 4, 0, 4
1607, 1, 1636467817860, 1636467818473, 613, 262, 351, 0, 1, 1
1609, 1, 1636467818004, 1636467818617, 613, 262, 351, 0, 0, 0
1610, 1, 1636467818085, 1636467818697, 612, 262, 350, 0, 0, 0
1611, 1, 1636467818111, 1636467818969, 858, 506, 352, 0, 0, 0
1612, 1, 1636467818833, 1636467819445, 612, 262, 350, 0, 0, 0
1613, 1, 1636467819049, 1636467819661, 612, 262, 350, 0, 0, 0
1614, 1, 1636467819439, 1636467820053, 614, 262, 352, 0, 0, 0
1615, 1, 1636467819701, 1636467820405, 704, 350, 354, 0, 0, 0
1616, 1, 1636467819813, 1636467820429, 616, 262, 354, 0, 0, 0
1617, 1, 1636467820077, 1636467820693, 616, 262, 354, 0, 0, 0
1618, 1, 1636467820859, 1636467821473, 614, 262, 352, 0, 0, 0
1619, 1, 1636467820890, 1636467821501, 611, 262, 349, 0, 0, 0
1620, 1, 1636467821042, 1636467821657, 615, 262, 353, 0, 2, 2
1622, 1, 1636467821213, 1636467821825, 612, 262, 350, 1, 0, 1
1623, 1, 1636467821228, 1636467821841, 613, 263, 350, 0, 0, 0
1624, 1, 1636467821260, 1636467821877, 617, 267, 350, 1, 0, 1
1621, 1, 1636467821184, 1636467822009, 825, 470, 355, 1, 0, 1
1625, 1, 1636467821557, 1636467822169, 612, 262, 350, 1, 0, 1
1626, 1, 1636467821645, 1636467822257, 612, 262, 350, 0, 0, 0
1627, 1, 1636467821784, 1636467822401, 617, 262, 355, 0, 0, 0
1628, 1, 1636467821792, 1636467822421, 629, 266, 363, 0, 0, 0
1630, 1, 1636467821964, 1636467822577, 613, 264, 349, 0, 2, 2
1629, 1, 1636467821850, 1636467822749, 899, 550, 349, 0, 0, 0
1631, 1, 1636467822271, 1636467822880, 609, 262, 347, 0, 0, 0
1632, 1, 1636467822860, 1636467823473, 613, 262, 351, 0, 0, 0
1633, 1, 1636467823235, 1636467823845, 610, 262, 348, 0, 0, 0
1634, 1, 1636467823643, 1636467824253, 610, 262, 348, 0, 0, 0
1636, 1, 1636467823998, 1636467824609, 611, 262, 349, 0, 0, 0
1637, 1, 1636467824180, 1636467824793, 613, 262, 351, 0, 0, 0
1638, 1, 1636467824555, 1636467825165, 610, 262, 348, 0, 0, 0
1639, 1, 1636467824957, 1636467825569, 612, 262, 350, 0, 0, 0
1640, 1, 1636467824994, 1636467825609, 615, 266, 349, 0, 0, 0
1641, 1, 1636467825107, 1636467825717, 610, 266, 344, 0, 0, 0
1642, 1, 1636467825239, 1636467825849, 610, 266, 344, 0, 0, 0
1643, 1, 1636467825246, 1636467825861, 615, 262, 353, 0, 0, 0
1645, 1, 1636467825515, 1636467826125, 610, 262, 348, 0, 1, 1
1646, 1, 1636467825525, 1636467826137, 612, 262, 350, 0, 0, 0
1647, 1, 1636467825584, 1636467826197, 613, 262, 351, 0, 0, 0
1648, 1, 1636467825746, 1636467826469, 723, 379, 344, 0, 0, 0
1649, 1, 1636467825909, 1636467826521, 612, 266, 346, 0, 0, 0
1650, 1, 1636467826150, 1636467826761, 611, 262, 349, 0, 0, 0
1651, 1, 1636467826160, 1636467826777, 617, 266, 351, 0, 0, 0
1652, 1, 1636467826886, 1636467827497, 611, 262, 349, 0, 0, 0
1653, 1, 1636467827114, 1636467827725, 611, 262, 349, 0, 0, 0
1635, 2, 1636467823905, 1636467827731, 3826, 0, 3826, 0, 0, 0
1644, 2, 1636467825319, 1636467827731, 2412, 0, 2412, 0, 0, 0
1654, 1, 1636467827339, 1636467827949, 610, 262, 348, 0, 0, 0
1655, 1, 1636467827817, 1636467828469, 652, 262, 390, 0, 0, 0
1657, 1, 1636467827878, 1636467828497, 619, 262, 357, 0, 0, 0
1656, 1, 1636467827821, 1636467828817, 996, 598, 398, 0, 0, 0
1658, 1, 1636467828375, 1636467828985, 610, 262, 348, 0, 0, 0
1659, 1, 1636467828582, 1636467829197, 615, 262, 353, 0, 0, 0
1660, 1, 1636467828942, 1636467829553, 611, 263, 348, 1, 0, 1
1661, 1, 1636467829054, 1636467829669, 615, 262, 353, 0, 0, 0
1662, 1, 1636467829129, 1636467829741, 612, 262, 350, 0, 0, 0
1663, 1, 1636467829191, 1636467829805, 614, 266, 348, 0, 0, 0
1664, 1, 1636467829353, 1636467829969, 616, 266, 350, 0, 0, 0
1665, 1, 1636467829611, 1636467830217, 606, 262, 344, 0, 0, 0
1666, 1, 1636467829650, 1636467830261, 611, 262, 349, 0, 0, 0
1667, 1, 1636467829772, 1636467830385, 613, 265, 348, 1, 2, 3
1669, 1, 1636467829856, 1636467830465, 609, 262, 347, 1, 0, 1
1668, 1, 1636467829773, 1636467830613, 840, 490, 350, 1, 0, 1
1670, 1, 1636467830105, 1636467830721, 616, 266, 350, 0, 0, 0
1671, 1, 1636467830396, 1636467831005, 609, 262, 347, 0, 0, 0
1672, 1, 1636467830702, 1636467831313, 611, 262, 349, 0, 0, 0
1673, 1, 1636467831360, 1636467831973, 613, 262, 351, 0, 0, 0
1674, 1, 1636467831366, 1636467831977, 611, 262, 349, 0, 0, 0
1675, 1, 1636467831956, 1636467832569, 613, 262, 351, 0, 0, 0
1677, 1, 1636467832073, 1636467832689, 616, 266, 350, 0, 0, 0
1678, 1, 1636467832125, 1636467832741, 616, 266, 350, 0, 0, 0
1676, 1, 1636467831967, 1636467832917, 950, 602, 348, 0, 0, 0
1679, 1, 1636467832608, 1636467833217, 609, 262, 347, 1, 0, 1
1680, 1, 1636467832888, 1636467833505, 617, 263, 354, 1, 1, 2
1681, 1, 1636467832969, 1636467833589, 620, 266, 354, 0, 0, 0
1682, 1, 1636467833088, 1636467833701, 613, 262, 351, 0, 0, 0
1683, 1, 1636467833380, 1636467833989, 609, 262, 347, 0, 0, 0
1684, 1, 1636467833407, 1636467834017, 610, 262, 348, 0, 0, 0
1685, 1, 1636467833604, 1636467834221, 617, 266, 351, 0, 0, 0
1686, 1, 1636467833754, 1636467834365, 611, 262, 349, 0, 0, 0
1687, 1, 1636467833802, 1636467834417, 615, 262, 353, 0, 0, 0
1689, 1, 1636467834023, 1636467834633, 610, 263, 347, 0, 1, 1
1688, 1, 1636467833855, 1636467834713, 858, 510, 348, 0, 0, 0
1690, 1, 1636467834114, 1636467834729, 615, 266, 349, 0, 1, 1
1691, 1, 1636467834645, 1636467835257, 612, 262, 350, 0, 0, 0
1692, 1, 1636467834735, 1636467835349, 614, 266, 348, 0, 0, 0
1693, 1, 1636467835393, 1636467836001, 608, 262, 346, 0, 0, 0
1694, 1, 1636467835611, 1636467836220, 609, 262, 347, 0, 0, 0
1695, 1, 1636467835826, 1636467836441, 615, 262, 353, 0, 0, 0
1696, 1, 1636467835835, 1636467836789, 954, 606, 348, 0, 0, 0
1697, 1, 1636467836244, 1636467836861, 617, 266, 351, 0, 0, 0
1698, 1, 1636467836377, 1636467836993, 616, 262, 354, 1, 0, 1
1699, 1, 1636467836422, 1636467837033, 611, 262, 349, 0, 0, 0
1700, 1, 1636467836868, 1636467837485, 617, 266, 351, 0, 0, 0
1701, 1, 1636467837060, 1636467837669, 609, 262, 347, 0, 0, 0
1702, 1, 1636467837147, 1636467837757, 610, 262, 348, 0, 0, 0
1703, 1, 1636467837371, 1636467837985, 614, 262, 352, 0, 0, 0
1704, 1, 1636467837413, 1636467838037, 624, 266, 358, 0, 0, 0
1705, 1, 1636467837740, 1636467838353, 613, 262, 351, 0, 0, 0
1706, 1, 1636467837790, 1636467838401, 611, 262, 349, 0, 0, 0
1707, 1, 1636467837865, 1636467838477, 612, 262, 350, 0, 0, 0
1709, 1, 1636467837973, 1636467838581, 608, 262, 346, 0, 0, 0
1708, 1, 1636467837949, 1636467838821, 872, 526, 346, 1, 0, 1
1710, 1, 1636467838393, 1636467839009, 616, 266, 350, 0, 0, 0
1711, 1, 1636467838413, 1636467839029, 616, 262, 354, 0, 0, 0
1712, 1, 1636467838515, 1636467839129, 614, 266, 348, 0, 0, 0
1713, 1, 1636467839160, 1636467839773, 613, 262, 351, 0, 0, 0
1714, 1, 1636467839377, 1636467839989, 612, 262, 350, 0, 0, 0
1715, 1, 1636467839943, 1636467840557, 614, 266, 348, 0, 0, 0
1717, 1, 1636467840145, 1636467840760, 615, 262, 353, 0, 0, 0
1716, 1, 1636467840071, 1636467840905, 834, 486, 348, 0, 0, 0
1718, 1, 1636467840456, 1636467841073, 617, 262, 355, 1, 0, 1
1719, 1, 1636467840522, 1636467841137, 615, 262, 353, 0, 0, 0
1720, 1, 1636467840589, 1636467841201, 612, 263, 349, 0, 0, 0
1721, 1, 1636467840962, 1636467841573, 611, 262, 349, 0, 0, 0
1722, 1, 1636467841153, 1636467841769, 616, 262, 354, 0, 0, 0
1723, 1, 1636467841301, 1636467841913, 612, 262, 350, 0, 0, 0
1725, 1, 1636467841562, 1636467842173, 611, 263, 348, 1, 1, 2
1724, 1, 1636467841561, 1636467842173, 612, 263, 349, 2, 0, 2
1727, 1, 1636467841652, 1636467842264, 612, 263, 349, 0, 2, 2
1726, 1, 1636467841647, 1636467842521, 874, 526, 348, 0, 0, 0
1728, 1, 1636467842071, 1636467842681, 610, 264, 346, 1, 1, 2
1729, 1, 1636467842213, 1636467842825, 612, 262, 350, 0, 0, 0
1730, 1, 1636467842236, 1636467842849, 613, 262, 351, 0, 0, 0
1731, 1, 1636467842694, 1636467843308, 614, 266, 348, 0, 0, 0
1732, 1, 1636467842726, 1636467843337, 611, 261, 350, 0, 0, 0
1733, 1, 1636467843194, 1636467843805, 611, 262, 349, 0, 0, 0
1734, 1, 1636467843658, 1636467844269, 611, 262, 349, 0, 0, 0
1735, 1, 1636467844120, 1636467844733, 613, 262, 351, 0, 0, 0
1737, 1, 1636467844235, 1636467844849, 614, 263, 351, 0, 1, 1
1738, 1, 1636467844426, 1636467845041, 615, 266, 349, 0, 0, 0
1736, 1, 1636467844194, 1636467845080, 886, 538, 348, 1, 0, 1
1739, 1, 1636467844550, 1636467845161, 611, 262, 349, 0, 0, 0
1741, 1, 1636467844874, 1636467845484, 610, 262, 348, 0, 0, 0
1740, 1, 1636467844855, 1636467845509, 654, 307, 347, 0, 0, 0
1742, 1, 1636467844995, 1636467845601, 606, 263, 343, 0, 0, 0
1743, 1, 1636467845534, 1636467846144, 610, 262, 348, 0, 0, 0
1744, 1, 1636467845633, 1636467846257, 624, 270, 354, 0, 0, 0
1745, 1, 1636467845734, 1636467846345, 611, 266, 345, 0, 0, 0
1747, 1, 1636467845880, 1636467846493, 613, 263, 350, 1, 1, 2
1748, 1, 1636467845899, 1636467846509, 610, 262, 348, 0, 0, 0
1746, 1, 1636467845766, 1636467846693, 927, 578, 349, 0, 0, 0
1749, 1, 1636467846197, 1636467846809, 612, 262, 350, 0, 0, 0
1750, 1, 1636467846547, 1636467847156, 609, 262, 347, 0, 0, 0
1751, 1, 1636467846548, 1636467847165, 617, 262, 355, 0, 1, 1
1752, 1, 1636467846577, 1636467847193, 616, 262, 354, 0, 0, 0
1753, 1, 1636467846974, 1636467847589, 615, 266, 349, 0, 0, 0
1754, 1, 1636467847541, 1636467848153, 612, 262, 350, 0, 0, 0
1755, 1, 1636467847887, 1636467848501, 614, 262, 352, 0, 0, 0
1756, 1, 1636467847957, 1636467848569, 612, 262, 350, 0, 0, 0
1757, 1, 1636467848095, 1636467848857, 762, 410, 352, 0, 0, 0
1758, 1, 1636467848308, 1636467848921, 613, 263, 350, 1, 1, 2
1759, 1, 1636467848526, 1636467849137, 611, 263, 348, 1, 0, 1
1760, 1, 1636467848670, 1636467849285, 615, 266, 349, 0, 0, 0
1761, 1, 1636467848798, 1636467849417, 619, 266, 353, 0, 0, 0
1762, 1, 1636467848835, 1636467849445, 610, 263, 347, 0, 1, 1
1763, 1, 1636467849309, 1636467849921, 612, 262, 350, 0, 0, 0
1764, 1, 1636467849398, 1636467850009, 611, 262, 349, 1, 0, 1
1765, 1, 1636467849656, 1636467850265, 609, 262, 347, 0, 0, 0
1766, 1, 1636467849865, 1636467850477, 612, 262, 350, 0, 0, 0
1767, 1, 1636467849997, 1636467850609, 612, 263, 349, 0, 1, 1
1769, 1, 1636467850173, 1636467850785, 612, 263, 349, 0, 1, 1
1768, 1, 1636467850013, 1636467850825, 812, 458, 354, 0, 0, 0
1770, 1, 1636467850352, 1636467850969, 617, 262, 355, 0, 0, 0
1771, 1, 1636467850369, 1636467850981, 612, 262, 350, 0, 0, 0
1772, 1, 1636467850695, 1636467851309, 614, 266, 348, 0, 0, 0
1773, 1, 1636467850885, 1636467851493, 608, 262, 346, 0, 0, 0
1774, 1, 1636467851316, 1636467851929, 613, 263, 350, 0, 1, 1
1775, 1, 1636467851918, 1636467852533, 615, 264, 351, 1, 1, 2
1776, 1, 1636467852082, 1636467852693, 611, 262, 349, 0, 0, 0
1777, 1, 1636467852169, 1636467852777, 608, 261, 347, 0, 0, 0
1779, 1, 1636467852390, 1636467853005, 615, 263, 352, 0, 1, 1
1780, 1, 1636467852468, 1636467853089, 621, 262, 359, 0, 0, 0
1778, 1, 1636467852352, 1636467853125, 773, 418, 355, 0, 0, 0
1781, 1, 1636467852811, 1636467853421, 610, 262, 348, 0, 0, 0
1782, 1, 1636467853135, 1636467853745, 610, 262, 348, 0, 0, 0
1783, 1, 1636467853145, 1636467853757, 612, 262, 350, 0, 0, 0
1784, 1, 1636467853486, 1636467854105, 619, 270, 349, 0, 0, 0
1785, 1, 1636467853734, 1636467854345, 611, 262, 349, 0, 0, 0
1786, 1, 1636467854116, 1636467854725, 609, 262, 347, 0, 0, 0
1787, 1, 1636467854180, 1636467854793, 613, 262, 351, 0, 0, 0
1788, 1, 1636467854189, 1636467854805, 616, 262, 354, 0, 0, 0
1789, 1, 1636467854199, 1636467854809, 610, 262, 348, 0, 1, 1
1790, 1, 1636467854259, 1636467855157, 898, 550, 348, 1, 0, 1
1792, 1, 1636467854706, 1636467855321, 615, 262, 353, 1, 0, 1
1791, 1, 1636467854657, 1636467855505, 848, 498, 350, 0, 0, 0
1793, 1, 1636467855021, 1636467855633, 612, 262, 350, 0, 0, 0
1794, 1, 1636467855152, 1636467855765, 613, 263, 350, 0, 0, 0
1795, 1, 1636467855893, 1636467856505, 612, 266, 346, 0, 0, 0
1796, 1, 1636467855919, 1636467856529, 610, 266, 344, 0, 0, 0
1797, 1, 1636467855977, 1636467856589, 612, 262, 350, 0, 0, 0
1799, 1, 1636467856267, 1636467856877, 610, 262, 348, 1, 0, 1
1798, 1, 1636467856124, 1636467856932, 808, 462, 346, 0, 0, 0
1800, 1, 1636467856352, 1636467856964, 612, 262, 350, 1, 0, 1
1801, 1, 1636467856753, 1636467857365, 612, 262, 350, 0, 1, 1
1802, 1, 1636467857233, 1636467857844, 611, 262, 349, 0, 0, 0
1803, 1, 1636467857338, 1636467857961, 623, 270, 353, 0, 0, 0
1804, 1, 1636467857680, 1636467858313, 633, 274, 359, 0, 0, 0
1805, 1, 1636467857833, 1636467858449, 616, 266, 350, 0, 0, 0
1806, 1, 1636467857844, 1636467858453, 609, 262, 347, 0, 0, 0
1807, 1, 1636467858021, 1636467858633, 612, 263, 349, 0, 0, 0
1809, 1, 1636467858272, 1636467858885, 613, 262, 351, 0, 0, 0
1808, 1, 1636467858083, 1636467858981, 898, 550, 348, 0, 0, 0
1810, 1, 1636467858382, 1636467858993, 611, 266, 345, 0, 0, 0
1811, 1, 1636467858422, 1636467859033, 611, 262, 349, 0, 0, 0
1812, 1, 1636467858805, 1636467859417, 612, 262, 350, 0, 0, 0
1813, 1, 1636467859205, 1636467859812, 607, 262, 345, 0, 0, 0
1814, 1, 1636467859344, 1636467859961, 617, 262, 355, 0, 0, 0
1815, 1, 1636467859751, 1636467860360, 609, 262, 347, 0, 0, 0
1816, 1, 1636467859835, 1636467860445, 610, 262, 348, 0, 0, 0
1817, 1, 1636467860085, 1636467860709, 624, 275, 349, 0, 0, 0
1818, 1, 1636467860111, 1636467860721, 610, 262, 348, 0, 0, 0
1819, 1, 1636467860221, 1636467860837, 616, 266, 350, 0, 0, 0
1820, 1, 1636467860329, 1636467860941, 612, 262, 350, 0, 0, 0
1821, 1, 1636467860517, 1636467861129, 612, 262, 350, 0, 0, 0
1822, 1, 1636467861327, 1636467861937, 610, 262, 348, 0, 0, 0
1823, 1, 1636467861416, 1636467862029, 613, 262, 351, 0, 0, 0
1824, 1, 1636467861636, 1636467862289, 653, 298, 355, 0, 0, 0
1825, 1, 1636467861831, 1636467862441, 610, 262, 348, 0, 0, 0
1826, 1, 1636467862016, 1636467862625, 609, 262, 347, 0, 0, 0
1827, 1, 1636467862072, 1636467862685, 613, 262, 351, 0, 0, 0
1828, 1, 1636467862145, 1636467862757, 612, 262, 350, 0, 0, 0
1829, 1, 1636467862323, 1636467862933, 610, 262, 348, 0, 0, 0
1831, 1, 1636467862363, 1636467862969, 606, 262, 344, 0, 0, 0
1830, 1, 1636467862358, 1636467863105, 747, 398, 349, 0, 0, 0
1832, 1, 1636467862988, 1636467863601, 613, 262, 351, 0, 0, 0
1833, 1, 1636467863286, 1636467863897, 611, 262, 349, 1, 0, 1
1834, 1, 1636467863330, 1636467863941, 611, 263, 348, 1, 0, 1
1835, 1, 1636467863588, 1636467864205, 617, 266, 351, 0, 0, 0
1836, 1, 1636467863600, 1636467864225, 625, 270, 355, 0, 0, 0
1837, 1, 1636467863956, 1636467864573, 617, 266, 351, 0, 0, 0
1838, 1, 1636467864060, 1636467864673, 613, 262, 351, 0, 0, 0
1839, 1, 1636467864088, 1636467864705, 617, 266, 351, 0, 0, 0
1840, 1, 1636467864272, 1636467864889, 617, 262, 355, 0, 0, 0
1841, 1, 1636467864471, 1636467865085, 614, 262, 352, 0, 0, 0
1842, 1, 1636467865239, 1636467865857, 618, 262, 356, 0, 0, 0
1844, 1, 1636467865508, 1636467866125, 617, 266, 351, 1, 0, 1
1843, 1, 1636467865430, 1636467866205, 775, 426, 349, 0, 0, 0
1845, 1, 1636467865715, 1636467866321, 606, 262, 344, 0, 0, 0
1846, 1, 1636467866091, 1636467866709, 618, 263, 355, 1, 0, 1
1847, 1, 1636467866108, 1636467866725, 617, 261, 356, 0, 0, 0
1848, 1, 1636467866137, 1636467866753, 616, 263, 353, 1, 0, 1
1849, 1, 1636467866242, 1636467866857, 615, 267, 348, 0, 1, 1
1850, 1, 1636467866322, 1636467866933, 611, 262, 349, 0, 1, 1
1851, 1, 1636467866494, 1636467867209, 715, 362, 353, 0, 0, 0
1852, 1, 1636467867079, 1636467867693, 614, 262, 352, 0, 0, 0
1853, 1, 1636467867130, 1636467867741, 611, 263, 348, 1, 1, 2
1854, 1, 1636467867198, 1636467867813, 615, 262, 353, 0, 0, 0
1855, 1, 1636467867505, 1636467868116, 611, 262, 349, 0, 0, 0
1856, 1, 1636467867765, 1636467868377, 612, 262, 350, 0, 0, 0
1857, 1, 1636467867781, 1636467868405, 624, 266, 358, 0, 0, 0
1858, 1, 1636467867868, 1636467868481, 613, 262, 351, 0, 0, 0
1859, 1, 1636467868037, 1636467868657, 620, 266, 354, 0, 0, 0
1860, 1, 1636467868253, 1636467868865, 612, 262, 350, 0, 1, 1
1861, 1, 1636467868338, 1636467868953, 615, 266, 349, 0, 0, 0
1862, 1, 1636467869308, 1636467869921, 613, 262, 351, 0, 1, 1
1863, 1, 1636467869313, 1636467869933, 620, 264, 356, 0, 0, 0
1864, 1, 1636467869416, 1636467870029, 613, 262, 351, 0, 0, 0
1865, 1, 1636467869480, 1636467870281, 801, 450, 351, 0, 0, 0
1866, 1, 1636467869907, 1636467870517, 610, 262, 348, 0, 0, 0
1867, 1, 1636467870045, 1636467870665, 620, 266, 354, 0, 0, 0
1868, 1, 1636467870304, 1636467870917, 613, 262, 351, 0, 0, 0
1869, 1, 1636467870397, 1636467871013, 616, 262, 354, 0, 0, 0
1870, 1, 1636467870425, 1636467871037, 612, 262, 350, 1, 0, 1
1871, 1, 1636467870601, 1636467871385, 784, 434, 350, 0, 0, 0
1872, 1, 1636467870879, 1636467871489, 610, 262, 348, 0, 0, 0
1873, 1, 1636467871195, 1636467871805, 610, 262, 348, 0, 0, 0
1874, 1, 1636467871272, 1636467871885, 613, 262, 351, 0, 0, 0
1875, 1, 1636467871371, 1636467871981, 610, 262, 348, 1, 0, 1
1876, 1, 1636467871770, 1636467872389, 619, 270, 349, 0, 0, 0
1877, 1, 1636467871914, 1636467872533, 619, 262, 357, 0, 0, 0
1878, 1, 1636467871942, 1636467872548, 606, 263, 343, 3, 0, 3
1879, 1, 1636467871942, 1636467872557, 615, 263, 352, 1, 1, 2
1880, 1, 1636467872015, 1636467872625, 610, 262, 348, 0, 1, 1
1881, 1, 1636467872194, 1636467872805, 611, 262, 349, 0, 1, 1
1882, 1, 1636467873110, 1636467873721, 611, 262, 349, 0, 0, 0
1883, 1, 1636467873374, 1636467873985, 611, 262, 349, 0, 0, 0
1884, 1, 1636467873401, 1636467874068, 667, 318, 349, 0, 0, 0
1885, 1, 1636467873566, 1636467874177, 611, 266, 345, 0, 0, 0
1886, 1, 1636467873913, 1636467874525, 612, 262, 350, 0, 0, 0
1887, 1, 1636467873973, 1636467874585, 612, 262, 350, 0, 0, 0
1888, 1, 1636467874160, 1636467874777, 617, 262, 355, 0, 0, 0
1889, 1, 1636467874518, 1636467875133, 615, 266, 349, 0, 0, 0
1890, 1, 1636467874640, 1636467875253, 613, 262, 351, 0, 0, 0
1891, 1, 1636467874870, 1636467875481, 611, 262, 349, 0, 0, 0
1892, 1, 1636467874993, 1636467875613, 620, 266, 354, 0, 0, 0
1893, 1, 1636467875035, 1636467875645, 610, 262, 348, 0, 0, 0
1894, 1, 1636467875048, 1636467875665, 617, 266, 351, 0, 0, 0
1895, 1, 1636467875362, 1636467875977, 615, 262, 353, 0, 0, 0
1896, 1, 1636467875600, 1636467876217, 617, 267, 350, 1, 0, 1
1897, 1, 1636467875675, 1636467876281, 606, 262, 344, 0, 0, 0
1898, 1, 1636467875706, 1636467876321, 615, 262, 353, 0, 0, 0
1899, 1, 1636467875825, 1636467876437, 612, 262, 350, 0, 0, 0
1900, 1, 1636467876106, 1636467876717, 611, 262, 349, 0, 0, 0
1901, 1, 1636467876164, 1636467876777, 613, 262, 351, 0, 0, 0
1902, 1, 1636467877166, 1636467877773, 607, 262, 345, 0, 0, 0
1903, 1, 1636467877328, 1636467877944, 616, 266, 350, 0, 1, 1
1904, 1, 1636467877499, 1636467878121, 622, 274, 348, 0, 0, 0
1905, 1, 1636467877541, 1636467878153, 612, 263, 349, 1, 0, 1
1906, 1, 1636467877591, 1636467878201, 610, 262, 348, 0, 0, 0
1907, 1, 1636467878140, 1636467878753, 613, 262, 351, 0, 0, 0
1908, 1, 1636467878217, 1636467878829, 612, 262, 350, 0, 0, 0
1909, 1, 1636467878317, 1636467878933, 616, 262, 354, 1, 0, 1
1910, 1, 1636467878332, 1636467878949, 617, 266, 351, 0, 0, 0
1911, 1, 1636467878670, 1636467879281, 611, 266, 345, 0, 0, 0
1912, 1, 1636467879092, 1636467879705, 613, 262, 351, 0, 0, 0
1913, 1, 1636467879198, 1636467879816, 618, 266, 352, 0, 0, 0
1914, 1, 1636467879229, 1636467879841, 612, 262, 350, 0, 0, 0
1915, 1, 1636467879501, 1636467880113, 612, 262, 350, 0, 0, 0
1916, 1, 1636467879619, 1636467880233, 614, 266, 348, 1, 0, 1
1917, 1, 1636467879673, 1636467880289, 616, 262, 354, 1, 0, 1
1918, 1, 1636467879698, 1636467880309, 611, 262, 349, 0, 0, 0
1919, 1, 1636467879762, 1636467880377, 615, 262, 353, 0, 0, 0
1920, 1, 1636467879925, 1636467880540, 615, 262, 353, 0, 0, 0
1921, 1, 1636467880180, 1636467880797, 617, 262, 355, 0, 0, 0
1922, 1, 1636467881276, 1636467881889, 613, 262, 351, 0, 0, 0
1923, 1, 1636467881308, 1636467881925, 617, 262, 355, 0, 0, 0
1924, 1, 1636467881602, 1636467882217, 615, 266, 349, 0, 0, 0
1925, 1, 1636467881718, 1636467882337, 619, 266, 353, 0, 0, 0
1926, 1, 1636467881876, 1636467882489, 613, 262, 351, 0, 0, 0
1927, 1, 1636467882022, 1636467882633, 611, 262, 349, 0, 0, 0
1928, 1, 1636467882235, 1636467882844, 609, 262, 347, 0, 0, 0
1929, 1, 1636467882383, 1636467882992, 609, 262, 347, 0, 0, 0
1930, 1, 1636467882475, 1636467883089, 614, 262, 352, 0, 0, 0
1931, 1, 1636467882736, 1636467883349, 613, 262, 351, 0, 0, 0
1932, 1, 1636467882937, 1636467883553, 616, 262, 354, 0, 0, 0
1933, 1, 1636467883110, 1636467883721, 611, 262, 349, 0, 0, 0
1934, 1, 1636467883390, 1636467884013, 623, 262, 361, 1, 0, 1
1935, 1, 1636467883437, 1636467884049, 612, 262, 350, 0, 0, 0
1936, 1, 1636467883478, 1636467884101, 623, 272, 351, 1, 10, 11
1937, 1, 1636467883564, 1636467884193, 629, 271, 358, 1, 0, 1
1938, 1, 1636467883651, 1636467884260, 609, 262, 347, 0, 0, 0
1939, 1, 1636467883780, 1636467884401, 621, 266, 355, 0, 0, 0
1940, 1, 1636467883904, 1636467884517, 613, 262, 351, 0, 0, 0
1941, 1, 1636467883943, 1636467884552, 609, 262, 347, 0, 0, 0
1942, 1, 1636467885150, 1636467885761, 611, 262, 349, 0, 0, 0
1943, 1, 1636467885167, 1636467885777, 610, 266, 344, 0, 0, 0
1944, 1, 1636467885364, 1636467885977, 613, 262, 351, 0, 0, 0
1945, 1, 1636467885568, 1636467886181, 613, 262, 351, 0, 0, 0
1946, 1, 1636467885592, 1636467886204, 612, 263, 349, 0, 0, 0
1947, 1, 1636467885905, 1636467886517, 612, 262, 350, 0, 0, 0
1948, 1, 1636467886109, 1636467886721, 612, 262, 350, 0, 0, 0
1949, 1, 1636467886167, 1636467886781, 614, 266, 348, 0, 0, 0
1950, 1, 1636467886549, 1636467887161, 612, 262, 350, 0, 0, 0
1951, 1, 1636467886902, 1636467887517, 615, 266, 349, 0, 0, 0
1952, 1, 1636467886915, 1636467887529, 614, 267, 347, 1, 0, 1
1953, 1, 1636467886983, 1636467887592, 609, 262, 347, 0, 0, 0
1954, 1, 1636467887239, 1636467887849, 610, 262, 348, 0, 0, 0
1955, 1, 1636467887294, 1636467887909, 615, 262, 353, 0, 0, 0
1956, 1, 1636467887366, 1636467887973, 607, 263, 344, 0, 0, 0
1957, 1, 1636467887412, 1636467888025, 613, 262, 351, 1, 0, 1
1958, 1, 1636467887493, 1636467888105, 612, 262, 350, 0, 0, 0
1959, 1, 1636467887676, 1636467888289, 613, 262, 351, 0, 1, 1
1960, 1, 1636467887763, 1636467888373, 610, 262, 348, 0, 0, 0
1961, 1, 1636467888152, 1636467888765, 613, 262, 351, 0, 0, 0
1962, 1, 1636467889004, 1636467889616, 612, 262, 350, 0, 0, 0
1963, 1, 1636467889258, 1636467889877, 619, 266, 353, 0, 1, 1
1964, 1, 1636467889342, 1636467889953, 611, 262, 349, 0, 0, 0
1965, 1, 1636467889428, 1636467890040, 612, 262, 350, 0, 0, 0
1966, 1, 1636467889682, 1636467890293, 611, 262, 349, 0, 0, 0
1967, 1, 1636467889858, 1636467890469, 611, 262, 349, 0, 0, 0
1968, 1, 1636467889870, 1636467890476, 606, 262, 344, 0, 0, 0
1969, 1, 1636467890387, 1636467891001, 614, 262, 352, 0, 0, 0
1970, 1, 1636467890774, 1636467891385, 611, 262, 349, 0, 0, 0
1971, 1, 1636467890885, 1636467891497, 612, 262, 350, 0, 0, 0
1972, 1, 1636467890930, 1636467891545, 615, 267, 348, 1, 0, 1
1973, 1, 1636467891102, 1636467891724, 622, 270, 352, 0, 0, 0
1974, 1, 1636467891177, 1636467891793, 616, 266, 350, 0, 0, 0
1975, 1, 1636467891238, 1636467891853, 615, 262, 353, 0, 0, 0
1976, 1, 1636467891392, 1636467892005, 613, 262, 351, 0, 0, 0
1977, 1, 1636467891510, 1636467892121, 611, 262, 349, 0, 0, 0
1978, 1, 1636467891545, 1636467892157, 612, 262, 350, 0, 0, 0
1979, 1, 1636467891594, 1636467892205, 611, 262, 349, 0, 0, 0
1980, 1, 1636467891955, 1636467892569, 614, 266, 348, 0, 0, 0
1981, 1, 1636467892169, 1636467892781, 612, 262, 350, 0, 0, 0
1982, 1, 1636467893141, 1636467893753, 612, 262, 350, 0, 0, 0
1983, 1, 1636467893202, 1636467893813, 611, 262, 349, 0, 0, 0
1984, 1, 1636467893250, 1636467893861, 611, 262, 349, 0, 0, 0
1985, 1, 1636467893437, 1636467894053, 616, 262, 354, 0, 0, 0
1986, 1, 1636467893741, 1636467894349, 608, 262, 346, 0, 0, 0
1987, 1, 1636467893843, 1636467894461, 618, 266, 352, 0, 0, 0
1988, 1, 1636467894030, 1636467894645, 615, 263, 352, 0, 1, 1
1989, 1, 1636467894397, 1636467895017, 620, 266, 354, 0, 0, 0
1990, 1, 1636467894577, 1636467895189, 612, 262, 350, 0, 0, 0
1991, 1, 1636467894606, 1636467895217, 611, 262, 349, 0, 0, 0
1992, 1, 1636467894813, 1636467895425, 612, 262, 350, 0, 0, 0
1993, 1, 1636467894931, 1636467895537, 606, 262, 344, 1, 0, 1
1994, 1, 1636467894954, 1636467895564, 610, 262, 348, 0, 0, 0
1995, 1, 1636467895251, 1636467895861, 610, 262, 348, 1, 1, 2
1996, 1, 1636467895338, 1636467895945, 607, 262, 345, 2, 0, 2
1997, 1, 1636467895384, 1636467896001, 617, 266, 351, 0, 0, 0
1998, 1, 1636467895585, 1636467896201, 616, 262, 354, 0, 0, 0
1999, 1, 1636467895840, 1636467896453, 613, 262, 351, 0, 0, 0
2000, 1, 1636467895964, 1636467896577, 613, 262, 351, 0, 0, 0
2001, 1, 1636467896043, 1636467896657, 614, 262, 352, 0, 0, 0
2002, 1, 1636467896918, 1636467897525, 607, 262, 345, 0, 0, 0
2003, 1, 1636467897034, 1636467897644, 610, 266, 344, 0, 0, 0
2004, 1, 1636467897217, 1636467897832, 615, 266, 349, 0, 0, 0
2005, 1, 1636467897290, 1636467897900, 610, 262, 348, 0, 0, 0
2006, 1, 1636467897479, 1636467898089, 610, 262, 348, 0, 1, 1
2007, 1, 1636467897560, 1636467898177, 617, 266, 351, 0, 0, 0
2008, 1, 1636467897810, 1636467898421, 611, 262, 349, 0, 0, 0
2009, 1, 1636467898268, 1636467898889, 621, 266, 355, 0, 0, 0
2010, 1, 1636467898387, 1636467899005, 618, 262, 356, 0, 0, 0
2011, 1, 1636467898590, 1636467899200, 610, 262, 348, 0, 0, 0
2012, 1, 1636467898733, 1636467899349, 616, 270, 346, 0, 0, 0
2013, 1, 1636467898852, 1636467899464, 612, 262, 350, 0, 0, 0
2014, 1, 1636467899089, 1636467899701, 612, 262, 350, 0, 0, 0
2015, 1, 1636467899116, 1636467899729, 613, 262, 351, 0, 0, 0
2016, 1, 1636467899142, 1636467899753, 611, 262, 349, 0, 0, 0
2017, 1, 1636467899526, 1636467900137, 611, 262, 349, 0, 0, 0
2018, 1, 1636467899663, 1636467900273, 610, 266, 344, 0, 1, 1
2019, 1, 1636467899745, 1636467900357, 612, 266, 346, 0, 0, 0
2020, 1, 1636467899880, 1636467900497, 617, 262, 355, 0, 0, 0
2021, 1, 1636467900321, 1636467900937, 616, 266, 350, 0, 0, 0
2022, 1, 1636467900984, 1636467901600, 616, 262, 354, 0, 0, 0
2023, 1, 1636467901232, 1636467901845, 613, 262, 351, 0, 0, 0
2024, 1, 1636467901281, 1636467901893, 612, 262, 350, 0, 0, 0
2025, 1, 1636467901420, 1636467902037, 617, 262, 355, 0, 0, 0
2026, 1, 1636467901554, 1636467902165, 611, 262, 349, 0, 0, 0
2027, 1, 1636467901640, 1636467902253, 613, 262, 351, 0, 0, 0
2028, 1, 1636467902012, 1636467902620, 608, 262, 346, 0, 0, 0
2029, 1, 1636467902265, 1636467902873, 608, 262, 346, 0, 0, 0
2030, 1, 1636467902589, 1636467903201, 612, 262, 350, 0, 0, 0
2031, 1, 1636467902616, 1636467903237, 621, 266, 355, 0, 1, 1
2032, 1, 1636467902751, 1636467903357, 606, 262, 344, 0, 0, 0
2033, 1, 1636467902832, 1636467903445, 613, 262, 351, 0, 0, 0
2034, 1, 1636467902891, 1636467903501, 610, 262, 348, 0, 0, 0
2035, 1, 1636467903335, 1636467903941, 606, 262, 344, 0, 0, 0
2036, 1, 1636467903345, 1636467903957, 612, 262, 350, 0, 0, 0
2037, 1, 1636467903497, 1636467904109, 612, 262, 350, 0, 0, 0
2038, 1, 1636467903672, 1636467904289, 617, 262, 355, 0, 0, 0
2039, 1, 1636467903821, 1636467904437, 616, 262, 354, 0, 0, 0
2040, 1, 1636467903948, 1636467904561, 613, 262, 351, 0, 0, 0
2041, 1, 1636467904330, 1636467904941, 611, 262, 349, 0, 0, 0
2042, 1, 1636467904702, 1636467905317, 615, 262, 353, 0, 0, 0
2043, 1, 1636467905202, 1636467905813, 611, 263, 348, 1, 1, 2
2044, 1, 1636467905322, 1636467905932, 610, 262, 348, 0, 0, 0
2045, 1, 1636467905351, 1636467905961, 610, 262, 348, 0, 0, 0
2046, 1, 1636467905356, 1636467905969, 613, 262, 351, 0, 0, 0
2047, 1, 1636467905585, 1636467906201, 616, 266, 350, 0, 0, 0
2048, 1, 1636467905839, 1636467906453, 614, 262, 352, 0, 0, 0
2049, 1, 1636467906002, 1636467906617, 615, 262, 353, 0, 0, 0
2050, 1, 1636467906481, 1636467907089, 608, 262, 346, 0, 0, 0
2051, 1, 1636467906521, 1636467907133, 612, 266, 346, 0, 0, 0
2052, 1, 1636467906587, 1636467907201, 614, 262, 352, 0, 0, 0
2053, 1, 1636467906826, 1636467907437, 611, 262, 349, 0, 0, 0
2054, 1, 1636467906833, 1636467907445, 612, 262, 350, 0, 0, 0
2055, 1, 1636467907275, 1636467907889, 614, 266, 348, 0, 0, 0
2056, 1, 1636467907314, 1636467907925, 611, 262, 349, 0, 0, 0
2057, 1, 1636467907452, 1636467908069, 617, 262, 355, 2, 0, 2
2058, 1, 1636467907498, 1636467908109, 611, 263, 348, 1, 0, 1
2059, 1, 1636467907792, 1636467908405, 613, 266, 347, 0, 1, 1
2060, 1, 1636467907880, 1636467908493, 613, 263, 350, 1, 0, 1
2061, 1, 1636467908111, 1636467908721, 610, 262, 348, 0, 0, 0
2062, 1, 1636467908695, 1636467909305, 610, 262, 348, 0, 0, 0
2063, 1, 1636467909020, 1636467909633, 613, 262, 351, 0, 0, 0
2064, 1, 1636467909264, 1636467909877, 613, 263, 350, 0, 1, 1
2065, 1, 1636467909318, 1636467909933, 615, 262, 353, 1, 0, 1
2066, 1, 1636467909351, 1636467909965, 614, 262, 352, 0, 0, 0
2067, 1, 1636467909366, 1636467909981, 615, 267, 348, 0, 1, 1
2068, 1, 1636467909854, 1636467910469, 615, 262, 353, 0, 0, 0
2069, 1, 1636467910164, 1636467910777, 613, 262, 351, 0, 0, 0
2070, 1, 1636467910536, 1636467911149, 613, 262, 351, 1, 0, 1
2071, 1, 1636467910546, 1636467911165, 619, 262, 357, 0, 1, 1
2072, 1, 1636467910580, 1636467911193, 613, 263, 350, 1, 0, 1
2073, 1, 1636467910803, 1636467911413, 610, 262, 348, 0, 0, 0
2074, 1, 1636467910857, 1636467911473, 616, 266, 350, 0, 0, 0
2075, 1, 1636467910990, 1636467911601, 611, 263, 348, 0, 0, 0
2076, 1, 1636467911290, 1636467911900, 610, 262, 348, 0, 0, 0
2077, 1, 1636467911440, 1636467912057, 617, 266, 351, 0, 0, 0
2078, 1, 1636467911610, 1636467912221, 611, 263, 348, 1, 1, 2
2079, 1, 1636467911654, 1636467912269, 615, 263, 352, 0, 1, 1
2080, 1, 1636467911896, 1636467912509, 613, 262, 351, 0, 0, 0
2081, 1, 1636467912284, 1636467912897, 613, 262, 351, 0, 0, 0
2082, 1, 1636467912697, 1636467913309, 612, 262, 350, 0, 0, 0
2083, 1, 1636467912726, 1636467913337, 611, 262, 349, 0, 0, 0
2084, 1, 1636467913234, 1636467913845, 611, 262, 349, 0, 0, 0
2085, 1, 1636467913261, 1636467913869, 608, 262, 346, 0, 0, 0
2086, 1, 1636467913383, 1636467913993, 610, 262, 348, 0, 0, 0
2087, 1, 1636467913475, 1636467914089, 614, 266, 348, 0, 0, 0
2088, 1, 1636467913881, 1636467914493, 612, 262, 350, 0, 0, 0
2089, 1, 1636467913963, 1636467914573, 610, 262, 348, 0, 0, 0
2090, 1, 1636467914264, 1636467914873, 609, 262, 347, 0, 0, 0
2091, 1, 1636467914590, 1636467915205, 615, 262, 353, 0, 0, 0
2092, 1, 1636467914611, 1636467915225, 614, 266, 348, 0, 0, 0
2093, 1, 1636467914620, 1636467915241, 621, 266, 355, 0, 0, 0
2094, 1, 1636467914645, 1636467915253, 608, 262, 346, 0, 0, 0
2095, 1, 1636467914857, 1636467915469, 612, 262, 350, 0, 0, 0
2096, 1, 1636467915286, 1636467915897, 611, 262, 349, 0, 1, 1
2097, 1, 1636467915400, 1636467916017, 617, 262, 355, 0, 0, 0
2098, 1, 1636467915413, 1636467916025, 612, 262, 350, 0, 0, 0
2099, 1, 1636467915585, 1636467916197, 612, 262, 350, 0, 0, 0
2100, 1, 1636467916006, 1636467916617, 611, 262, 349, 0, 0, 0
2101, 1, 1636467916215, 1636467916825, 610, 262, 348, 0, 0, 0
2102, 1, 1636467916459, 1636467917069, 610, 262, 348, 0, 0, 0
2103, 1, 1636467916564, 1636467917181, 617, 262, 355, 0, 0, 0
2104, 1, 1636467916976, 1636467917585, 609, 262, 347, 0, 0, 0
2105, 1, 1636467917052, 1636467917661, 609, 262, 347, 0, 0, 0
2106, 1, 1636467917115, 1636467917732, 617, 266, 351, 0, 0, 0
2107, 1, 1636467917154, 1636467917769, 615, 266, 349, 0, 0, 0
2108, 1, 1636467917642, 1636467918257, 615, 262, 353, 0, 0, 0
2109, 1, 1636467917874, 1636467918489, 615, 262, 353, 0, 0, 0
2110, 1, 1636467917978, 1636467918842, 864, 510, 354, 0, 0, 0
2111, 1, 1636467918345, 1636467918961, 616, 266, 350, 0, 0, 0
2112, 1, 1636467918404, 1636467919017, 613, 263, 350, 1, 0, 1
2113, 1, 1636467918471, 1636467919085, 614, 262, 352, 0, 0, 0
2114, 1, 1636467918534, 1636467919145, 611, 263, 348, 0, 1, 1
2115, 1, 1636467919079, 1636467919688, 609, 262, 347, 0, 1, 1
2116, 1, 1636467919107, 1636467919717, 610, 262, 348, 0, 0, 0
2117, 1, 1636467919153, 1636467919773, 620, 270, 350, 0, 0, 0
2118, 1, 1636467919230, 1636467919841, 611, 262, 349, 0, 0, 0
2119, 1, 1636467919599, 1636467920209, 610, 262, 348, 0, 0, 0
2120, 1, 1636467919685, 1636467920297, 612, 262, 350, 0, 0, 0
2121, 1, 1636467920403, 1636467921013, 610, 262, 348, 0, 0, 0
2122, 1, 1636467920428, 1636467921045, 617, 262, 355, 0, 0, 0
2123, 1, 1636467920815, 1636467921421, 606, 262, 344, 0, 0, 0
2124, 1, 1636467920944, 1636467921561, 617, 266, 351, 0, 0, 0
2125, 1, 1636467921059, 1636467921669, 610, 262, 348, 0, 0, 0
2126, 1, 1636467921171, 1636467921781, 610, 263, 347, 0, 0, 0
2127, 1, 1636467921223, 1636467921833, 610, 262, 348, 0, 0, 0
2128, 1, 1636467921711, 1636467922321, 610, 262, 348, 0, 0, 0
2129, 1, 1636467921905, 1636467922525, 620, 262, 358, 0, 0, 0
2130, 1, 1636467922158, 1636467922873, 715, 366, 349, 0, 0, 0
2131, 1, 1636467922288, 1636467922905, 617, 266, 351, 0, 0, 0
2132, 1, 1636467922338, 1636467922945, 607, 262, 345, 0, 0, 0
2133, 1, 1636467922405, 1636467923017, 612, 262, 350, 0, 0, 0
2134, 1, 1636467922473, 1636467923081, 608, 262, 346, 0, 0, 0
2135, 1, 1636467922823, 1636467923433, 610, 267, 343, 0, 1, 1
2136, 1, 1636467922907, 1636467923521, 614, 262, 352, 0, 0, 0
2137, 1, 1636467923372, 1636467923985, 613, 262, 351, 0, 0, 0
2138, 1, 1636467923380, 1636467923997, 617, 262, 355, 0, 0, 0
2139, 1, 1636467923709, 1636467924325, 616, 266, 350, 1, 0, 1
2140, 1, 1636467923755, 1636467924365, 610, 263, 347, 0, 1, 1
2141, 1, 1636467924274, 1636467924885, 611, 263, 348, 1, 1, 2
2142, 1, 1636467924536, 1636467925149, 613, 263, 350, 3, 0, 3
2143, 1, 1636467924538, 1636467925153, 615, 263, 352, 4, 0, 4
2144, 1, 1636467924810, 1636467925424, 614, 262, 352, 0, 0, 0
2145, 1, 1636467924932, 1636467925544, 612, 262, 350, 0, 0, 0
2146, 1, 1636467925307, 1636467925917, 610, 262, 348, 0, 0, 0
2147, 1, 1636467925367, 1636467925981, 614, 262, 352, 0, 0, 0
2148, 1, 1636467925740, 1636467926357, 617, 262, 355, 0, 0, 0
2150, 1, 1636467926033, 1636467926641, 608, 262, 346, 0, 0, 0
2149, 1, 1636467925945, 1636467926700, 755, 406, 349, 0, 0, 0
2151, 1, 1636467926160, 1636467926781, 621, 262, 359, 0, 0, 0
2152, 1, 1636467926343, 1636467926953, 610, 262, 348, 0, 0, 0
2153, 1, 1636467926497, 1636467927113, 616, 262, 354, 0, 0, 0
2154, 1, 1636467926776, 1636467927393, 617, 266, 351, 0, 0, 0
2155, 1, 1636467926795, 1636467927409, 614, 266, 348, 0, 0, 0
2156, 1, 1636467926959, 1636467927569, 610, 262, 348, 0, 0, 0
2157, 1, 1636467927096, 1636467927713, 617, 266, 351, 0, 0, 0
2158, 1, 1636467927387, 1636467927997, 610, 262, 348, 0, 0, 0
2159, 1, 1636467927517, 1636467928133, 616, 262, 354, 0, 0, 0
2160, 1, 1636467928077, 1636467928689, 612, 262, 350, 0, 0, 0
2161, 1, 1636467928218, 1636467928829, 611, 262, 349, 0, 0, 0
2162, 1, 1636467928365, 1636467928977, 612, 262, 350, 0, 0, 0
2163, 1, 1636467928673, 1636467929289, 616, 262, 354, 0, 0, 0
2164, 1, 1636467929023, 1636467929637, 614, 262, 352, 0, 0, 0
2165, 1, 1636467929061, 1636467929673, 612, 262, 350, 0, 0, 0
2166, 1, 1636467929150, 1636467929761, 611, 262, 349, 1, 0, 1
2167, 1, 1636467929504, 1636467930121, 617, 266, 351, 0, 0, 0
2168, 1, 1636467929641, 1636467930253, 612, 262, 350, 0, 0, 0
2169, 1, 1636467929683, 1636467930601, 918, 569, 349, 0, 0, 0
2170, 1, 1636467929996, 1636467930605, 609, 262, 347, 0, 0, 0
2171, 1, 1636467930059, 1636467930664, 605, 258, 347, 0, 0, 0
2172, 1, 1636467930264, 1636467930881, 617, 262, 355, 0, 0, 0
2173, 1, 1636467930579, 1636467931189, 610, 262, 348, 0, 0, 0
2174, 1, 1636467930633, 1636467931249, 616, 262, 354, 0, 0, 0
2175, 1, 1636467931020, 1636467931629, 609, 263, 346, 0, 0, 0
2176, 1, 1636467931026, 1636467931641, 615, 266, 349, 0, 0, 0
2177, 1, 1636467931232, 1636467931845, 613, 262, 351, 0, 0, 0
2178, 1, 1636467931299, 1636467931917, 618, 266, 352, 0, 0, 0
2179, 1, 1636467931457, 1636467932065, 608, 262, 346, 0, 0, 0
2180, 1, 1636467931860, 1636467932473, 613, 262, 351, 0, 0, 0
2181, 1, 1636467932288, 1636467932901, 613, 262, 351, 0, 0, 0
2182, 1, 1636467932501, 1636467933113, 612, 262, 350, 0, 0, 0
2183, 1, 1636467932735, 1636467933345, 610, 262, 348, 0, 0, 0
2184, 1, 1636467932777, 1636467933385, 608, 263, 345, 1, 0, 1
2185, 1, 1636467932952, 1636467933565, 613, 262, 351, 0, 0, 0
2186, 1, 1636467933160, 1636467933773, 613, 262, 351, 0, 0, 0
2187, 1, 1636467933346, 1636467933957, 611, 262, 349, 0, 0, 0
2188, 1, 1636467933478, 1636467934089, 611, 262, 349, 1, 0, 1
2189, 1, 1636467933513, 1636467934437, 924, 574, 350, 0, 0, 0
2190, 1, 1636467933895, 1636467934501, 606, 262, 344, 0, 0, 0
2191, 1, 1636467934163, 1636467934777, 614, 266, 348, 0, 0, 0
2192, 1, 1636467934381, 1636467934993, 612, 262, 350, 0, 0, 0
2193, 1, 1636467934399, 1636467935005, 606, 262, 344, 0, 0, 0
2194, 1, 1636467934743, 1636467935356, 613, 266, 347, 2, 0, 2
2195, 1, 1636467934805, 1636467935413, 608, 262, 346, 0, 0, 0
2196, 1, 1636467934830, 1636467935437, 607, 261, 346, 0, 0, 0
2197, 1, 1636467935101, 1636467935713, 612, 262, 350, 0, 0, 0
2198, 1, 1636467935293, 1636467935905, 612, 262, 350, 0, 0, 0
2199, 1, 1636467935663, 1636467936277, 614, 266, 348, 0, 0, 0
2200, 1, 1636467935777, 1636467936389, 612, 262, 350, 0, 0, 0
2201, 1, 1636467936432, 1636467937045, 613, 262, 351, 0, 0, 0
2202, 1, 1636467936521, 1636467937133, 612, 261, 351, 1, 0, 1
2203, 1, 1636467936698, 1636467937305, 607, 262, 345, 0, 0, 0
2204, 1, 1636467936881, 1636467937497, 616, 266, 350, 0, 0, 0
2205, 1, 1636467937206, 1636467937845, 639, 290, 349, 0, 0, 0
2206, 1, 1636467937357, 1636467937969, 612, 262, 350, 0, 0, 0
2207, 1, 1636467937528, 1636467938141, 613, 262, 351, 0, 0, 0
2208, 1, 1636467937568, 1636467938185, 617, 266, 351, 0, 0, 0
2209, 1, 1636467937818, 1636467938533, 715, 366, 349, 0, 0, 0
2210, 1, 1636467938062, 1636467938677, 615, 262, 353, 0, 0, 0
2211, 1, 1636467938224, 1636467938845, 621, 266, 355, 0, 0, 0
2212, 1, 1636467938423, 1636467939033, 610, 262, 348, 0, 0, 0
2213, 1, 1636467938635, 1636467939245, 610, 263, 347, 1, 0, 1
2214, 1, 1636467938662, 1636467939277, 615, 266, 349, 0, 0, 0
2215, 1, 1636467938734, 1636467939345, 611, 262, 349, 0, 0, 0
2216, 1, 1636467938880, 1636467939593, 713, 358, 355, 0, 0, 0
2217, 1, 1636467939265, 1636467939877, 612, 262, 350, 0, 0, 0
2218, 1, 1636467939355, 1636467939973, 618, 266, 352, 1, 0, 1
2219, 1, 1636467939560, 1636467940177, 617, 262, 355, 0, 0, 0
2220, 1, 1636467939917, 1636467940529, 612, 262, 350, 0, 0, 0
2221, 1, 1636467940215, 1636467940825, 610, 262, 348, 0, 0, 0
2222, 1, 1636467940475, 1636467941085, 610, 262, 348, 0, 0, 0
2223, 1, 1636467940530, 1636467941137, 607, 262, 345, 0, 0, 0
2224, 1, 1636467940943, 1636467941557, 614, 262, 352, 0, 0, 0
2225, 1, 1636467941043, 1636467941657, 614, 267, 347, 0, 1, 1
2226, 1, 1636467941200, 1636467941817, 617, 262, 355, 0, 0, 0
2227, 1, 1636467941253, 1636467941865, 612, 262, 350, 0, 0, 0
2228, 1, 1636467941704, 1636467942317, 613, 262, 351, 0, 0, 0
2229, 1, 1636467941922, 1636467942529, 607, 262, 345, 0, 0, 0
2230, 1, 1636467942012, 1636467942629, 617, 267, 350, 0, 1, 1
2232, 1, 1636467942266, 1636467942877, 611, 262, 349, 0, 0, 0
2233, 1, 1636467942586, 1636467943193, 607, 263, 344, 1, 0, 1
2234, 1, 1636467942766, 1636467943389, 623, 266, 357, 0, 0, 0
2235, 1, 1636467942845, 1636467943457, 612, 262, 350, 0, 0, 0
2236, 1, 1636467943207, 1636467943825, 618, 262, 356, 0, 0, 0
2237, 1, 1636467943218, 1636467943825, 607, 262, 345, 0, 0, 0
2238, 1, 1636467943306, 1636467943921, 615, 262, 353, 2, 0, 2
2239, 1, 1636467943362, 1636467943973, 611, 262, 349, 0, 0, 0
2231, 2, 1636467942048, 1636467944406, 2358, 88, 2270, 0, 0, 0
2240, 1, 1636467943868, 1636467944485, 617, 262, 355, 0, 0, 0
2241, 1, 1636467944017, 1636467944628, 611, 262, 349, 0, 0, 0
2243, 1, 1636467944508, 1636467945117, 609, 262, 347, 0, 0, 0
2242, 1, 1636467944493, 1636467945149, 656, 262, 394, 1, 0, 1
2244, 1, 1636467944711, 1636467945321, 610, 262, 348, 0, 0, 0
2245, 1, 1636467944915, 1636467945529, 614, 266, 348, 0, 0, 0
2246, 1, 1636467945300, 1636467945913, 613, 262, 351, 0, 0, 0
2248, 1, 1636467945390, 1636467945996, 606, 262, 344, 0, 0, 0
2247, 1, 1636467945381, 1636467945997, 616, 262, 354, 0, 0, 0
2249, 1, 1636467945851, 1636467946465, 614, 262, 352, 0, 0, 0
2250, 1, 1636467945901, 1636467946513, 612, 262, 350, 0, 0, 0
2251, 1, 1636467946269, 1636467946885, 616, 262, 354, 0, 0, 0
2252, 1, 1636467946447, 1636467947053, 606, 262, 344, 0, 0, 0
2253, 1, 1636467946496, 1636467947113, 617, 262, 355, 0, 0, 0
2254, 1, 1636467946570, 1636467947180, 610, 262, 348, 0, 0, 0
2255, 1, 1636467946818, 1636467947433, 615, 262, 353, 0, 0, 0
2256, 1, 1636467947179, 1636467947789, 610, 262, 348, 0, 0, 0
2257, 1, 1636467947415, 1636467948025, 610, 266, 344, 0, 0, 0
2258, 1, 1636467947563, 1636467948176, 613, 262, 351, 0, 0, 0
2259, 1, 1636467947617, 1636467948233, 616, 266, 350, 0, 0, 0
2260, 1, 1636467948126, 1636467948737, 611, 262, 349, 0, 0, 0
2261, 1, 1636467948272, 1636467948893, 621, 266, 355, 0, 0, 0
2262, 1, 1636467948436, 1636467949052, 616, 266, 350, 0, 0, 0
2263, 1, 1636467948447, 1636467949057, 610, 262, 348, 0, 0, 0
2264, 1, 1636467948719, 1636467949333, 614, 262, 352, 0, 0, 0
2265, 1, 1636467948869, 1636467949481, 612, 266, 346, 0, 0, 0
2266, 1, 1636467949107, 1636467949721, 614, 262, 352, 0, 0, 0
2267, 1, 1636467949217, 1636467949833, 616, 262, 354, 0, 0, 0
2268, 1, 1636467949373, 1636467949989, 616, 266, 350, 0, 0, 0
2269, 1, 1636467949743, 1636467950357, 614, 262, 352, 0, 0, 0
2270, 1, 1636467949883, 1636467950497, 614, 262, 352, 0, 0, 0
2271, 1, 1636467950187, 1636467950797, 610, 262, 348, 0, 0, 0
2272, 1, 1636467950244, 1636467950861, 617, 266, 351, 0, 0, 0
2273, 1, 1636467950277, 1636467950893, 616, 266, 350, 0, 1, 1
2274, 1, 1636467950706, 1636467951316, 610, 262, 348, 0, 0, 0
2275, 1, 1636467950735, 1636467951345, 610, 262, 348, 0, 0, 0
2276, 1, 1636467951133, 1636467951745, 612, 262, 350, 0, 0, 0
2277, 1, 1636467951351, 1636467951961, 610, 262, 348, 0, 0, 0
2278, 1, 1636467951480, 1636467952093, 613, 262, 351, 0, 0, 0
2279, 1, 1636467951567, 1636467952185, 618, 262, 356, 2, 0, 2
2280, 1, 1636467952044, 1636467952661, 617, 266, 351, 0, 0, 0
2281, 1, 1636467952122, 1636467952733, 611, 262, 349, 0, 0, 0
2282, 1, 1636467952268, 1636467952885, 617, 262, 355, 0, 0, 0
2283, 1, 1636467952573, 1636467953185, 612, 262, 350, 1, 0, 1
2284, 1, 1636467952691, 1636467953301, 610, 263, 347, 1, 0, 1
2285, 1, 1636467952902, 1636467953513, 611, 262, 349, 0, 0, 0
2286, 1, 1636467953243, 1636467953853, 610, 262, 348, 0, 0, 0
2287, 1, 1636467953304, 1636467953921, 617, 262, 355, 0, 0, 0
2288, 1, 1636467953507, 1636467954117, 610, 263, 347, 0, 0, 0
2289, 1, 1636467953820, 1636467954441, 621, 262, 359, 0, 0, 0
2290, 1, 1636467953926, 1636467954541, 615, 262, 353, 0, 0, 0
2291, 1, 1636467954274, 1636467954889, 615, 266, 349, 0, 0, 0
2292, 1, 1636467954382, 1636467954993, 611, 263, 348, 1, 0, 1
2293, 1, 1636467954425, 1636467955037, 612, 262, 350, 0, 0, 0
2294, 1, 1636467954662, 1636467955273, 611, 262, 349, 0, 0, 0
2295, 1, 1636467954865, 1636467955477, 612, 262, 350, 0, 0, 0
2296, 1, 1636467955133, 1636467955745, 612, 262, 350, 0, 0, 0
2297, 1, 1636467955165, 1636467955777, 612, 262, 350, 0, 0, 0
2298, 1, 1636467955568, 1636467956181, 613, 262, 351, 0, 0, 0
2299, 1, 1636467955824, 1636467956441, 617, 262, 355, 0, 0, 0
2300, 1, 1636467956131, 1636467956741, 610, 262, 348, 0, 1, 1
2301, 1, 1636467956380, 1636467956989, 609, 263, 346, 0, 0, 0
2302, 1, 1636467956416, 1636467957029, 613, 262, 351, 0, 0, 0
2303, 1, 1636467956529, 1636467957141, 612, 262, 350, 0, 0, 0
2304, 1, 1636467956644, 1636467957257, 613, 262, 351, 0, 0, 0
2305, 1, 1636467956838, 1636467957445, 607, 262, 345, 0, 0, 0
2306, 1, 1636467957227, 1636467957845, 618, 266, 352, 0, 0, 0
2307, 1, 1636467957474, 1636467958085, 611, 262, 349, 0, 1, 1
2308, 1, 1636467957582, 1636467958205, 623, 271, 352, 0, 0, 0
2309, 1, 1636467957650, 1636467958261, 611, 262, 349, 2, 1, 3
2310, 1, 1636467957694, 1636467958305, 611, 263, 348, 1, 0, 1
2311, 1, 1636467958339, 1636467958953, 614, 266, 348, 0, 0, 0
2312, 1, 1636467958445, 1636467959057, 612, 262, 350, 0, 0, 0
2313, 1, 1636467958504, 1636467959117, 613, 262, 351, 0, 0, 0
2314, 1, 1636467958796, 1636467959408, 612, 262, 350, 0, 0, 0
2315, 1, 1636467959035, 1636467959645, 610, 262, 348, 0, 0, 0
2316, 1, 1636467959102, 1636467959713, 611, 262, 349, 0, 0, 0
2317, 1, 1636467959281, 1636467959893, 612, 263, 349, 1, 1, 2
2318, 1, 1636467959737, 1636467960352, 615, 265, 350, 1, 0, 1
2319, 1, 1636467959742, 1636467960353, 611, 261, 350, 1, 0, 1
2320, 1, 1636467960296, 1636467960913, 617, 262, 355, 1, 0, 1
2321, 1, 1636467960301, 1636467960913, 612, 262, 350, 2, 0, 2
2322, 1, 1636467960496, 1636467961109, 613, 262, 351, 0, 0, 0
2323, 1, 1636467960658, 1636467961273, 615, 266, 349, 0, 1, 1
2324, 1, 1636467960664, 1636467961281, 617, 266, 351, 0, 0, 0
2325, 1, 1636467960675, 1636467961289, 614, 262, 352, 0, 0, 0
2326, 1, 1636467961362, 1636467961972, 610, 262, 348, 0, 0, 0
2327, 1, 1636467961417, 1636467962029, 612, 262, 350, 0, 0, 0
2328, 1, 1636467961425, 1636467962037, 612, 262, 350, 0, 0, 0
2329, 1, 1636467961787, 1636467962401, 614, 262, 352, 0, 0, 0
2330, 1, 1636467961801, 1636467962409, 608, 262, 346, 0, 0, 0
2331, 1, 1636467962388, 1636467963000, 612, 264, 348, 2, 0, 2
2332, 1, 1636467962473, 1636467963085, 612, 262, 350, 0, 0, 0
2333, 1, 1636467962584, 1636467963197, 613, 262, 351, 0, 0, 0
2334, 1, 1636467962885, 1636467963504, 619, 266, 353, 0, 0, 0
2335, 1, 1636467962978, 1636467963589, 611, 262, 349, 1, 0, 1
2336, 1, 1636467962983, 1636467963601, 618, 262, 356, 0, 3, 3
2337, 1, 1636467963360, 1636467963977, 617, 266, 351, 0, 0, 0
2338, 1, 1636467963681, 1636467964293, 612, 262, 350, 0, 0, 0
2339, 1, 1636467963829, 1636467964445, 616, 262, 354, 0, 0, 0
2340, 1, 1636467964245, 1636467964857, 612, 262, 350, 0, 0, 0
2341, 1, 1636467964383, 1636467964997, 614, 262, 352, 0, 0, 0
2342, 1, 1636467964577, 1636467965189, 612, 262, 350, 0, 0, 0
2343, 1, 1636467964612, 1636467965225, 613, 262, 351, 0, 0, 0
2344, 1, 1636467964807, 1636467965417, 610, 262, 348, 0, 0, 0
2345, 1, 1636467964851, 1636467965456, 605, 263, 342, 0, 1, 1
2346, 1, 1636467965249, 1636467965861, 612, 263, 349, 0, 0, 0
2347, 1, 1636467965339, 1636467965949, 610, 263, 347, 2, 0, 2
2348, 1, 1636467965550, 1636467966157, 607, 262, 345, 0, 0, 0
2349, 1, 1636467965744, 1636467966357, 613, 262, 351, 0, 0, 0
2350, 1, 1636467965857, 1636467966469, 612, 262, 350, 0, 0, 0
2351, 1, 1636467966310, 1636467966921, 611, 262, 349, 0, 0, 0
2352, 1, 1636467966444, 1636467967061, 617, 262, 355, 0, 0, 0
2353, 1, 1636467966661, 1636467967273, 612, 262, 350, 0, 0, 0
2354, 1, 1636467966714, 1636467967321, 607, 262, 345, 0, 0, 0
2355, 1, 1636467966900, 1636467967513, 613, 262, 351, 0, 0, 0
2356, 1, 1636467967103, 1636467967709, 606, 262, 344, 0, 0, 0
2357, 1, 1636467967440, 1636467968057, 617, 262, 355, 0, 0, 0
2358, 1, 1636467967603, 1636467968213, 610, 262, 348, 0, 0, 0
2359, 1, 1636467967998, 1636467968605, 607, 262, 345, 0, 0, 0
2360, 1, 1636467968167, 1636467968777, 610, 262, 348, 0, 0, 0
2361, 1, 1636467968393, 1636467969005, 612, 263, 349, 0, 0, 0
2362, 1, 1636467968437, 1636467969052, 615, 263, 352, 0, 1, 1
2363, 1, 1636467968553, 1636467969165, 612, 262, 350, 0, 0, 0
2364, 1, 1636467968762, 1636467969372, 610, 262, 348, 0, 0, 0
2365, 1, 1636467968865, 1636467969477, 612, 262, 350, 0, 0, 0
2366, 1, 1636467969182, 1636467969793, 611, 262, 349, 0, 0, 0
2367, 1, 1636467969362, 1636467969981, 619, 262, 357, 0, 0, 0
2368, 1, 1636467969461, 1636467970077, 616, 266, 350, 0, 0, 0
2369, 1, 1636467969878, 1636467970493, 615, 262, 353, 0, 0, 0
2370, 1, 1636467969936, 1636467970549, 613, 263, 350, 1, 0, 1
2371, 1, 1636467970218, 1636467970833, 615, 266, 349, 0, 0, 0
2372, 1, 1636467970333, 1636467970949, 616, 266, 350, 0, 0, 0
2373, 1, 1636467970391, 1636467971001, 610, 262, 348, 0, 0, 0
2374, 1, 1636467970707, 1636467971317, 610, 262, 348, 0, 0, 0
2375, 1, 1636467970924, 1636467971533, 609, 262, 347, 0, 0, 0
2376, 1, 1636467971161, 1636467971773, 612, 262, 350, 0, 0, 0
2377, 1, 1636467971300, 1636467971913, 613, 262, 351, 0, 0, 0
2378, 1, 1636467971626, 1636467972237, 611, 262, 349, 0, 0, 0
2379, 1, 1636467971704, 1636467972317, 613, 262, 351, 0, 0, 0
2380, 1, 1636467972193, 1636467972805, 612, 263, 349, 1, 0, 1
2381, 1, 1636467972212, 1636467972825, 613, 262, 351, 0, 0, 0
2382, 1, 1636467972497, 1636467973109, 612, 262, 350, 2, 0, 2
2383, 1, 1636467972540, 1636467973153, 613, 263, 350, 1, 0, 1
2384, 1, 1636467972586, 1636467973197, 611, 263, 348, 0, 0, 0
2385, 1, 1636467972945, 1636467973561, 616, 262, 354, 0, 0, 0
2386, 1, 1636467973171, 1636467973781, 610, 262, 348, 0, 0, 0
2387, 1, 1636467973285, 1636467973897, 612, 262, 350, 0, 0, 0
2388, 1, 1636467973342, 1636467973953, 611, 262, 349, 0, 0, 0
2389, 1, 1636467973796, 1636467974409, 613, 262, 351, 0, 0, 0
2390, 1, 1636467973882, 1636467974492, 610, 262, 348, 0, 0, 0
2391, 1, 1636467974065, 1636467974677, 612, 262, 350, 0, 0, 0
2392, 1, 1636467974215, 1636467974825, 610, 262, 348, 0, 0, 0
2393, 1, 1636467974270, 1636467974885, 615, 262, 353, 0, 0, 0
2394, 1, 1636467974640, 1636467975253, 613, 262, 351, 0, 0, 0
2395, 1, 1636467974693, 1636467975309, 616, 266, 350, 0, 0, 0
2396, 1, 1636467975074, 1636467975684, 610, 262, 348, 0, 0, 0
2397, 1, 1636467975241, 1636467975848, 607, 262, 345, 0, 0, 0
2398, 1, 1636467975562, 1636467976169, 607, 262, 345, 0, 1, 1
2400, 1, 1636467975876, 1636467976480, 604, 259, 345, 0, 0, 0
2399, 1, 1636467975626, 1636467976517, 891, 542, 349, 0, 0, 0
2401, 1, 1636467976128, 1636467976865, 737, 386, 351, 0, 0, 0
2403, 1, 1636467976519, 1636467977129, 610, 262, 348, 1, 1, 2
2402, 1, 1636467976419, 1636467977213, 794, 446, 348, 1, 0, 1
2404, 1, 1636467976619, 1636467977236, 617, 266, 351, 0, 0, 0
2405, 1, 1636467976805, 1636467977417, 612, 262, 350, 0, 1, 1
2406, 1, 1636467976980, 1636467977589, 609, 262, 347, 0, 0, 0
2407, 1, 1636467977220, 1636467977833, 613, 262, 351, 0, 0, 0
2408, 1, 1636467977570, 1636467978185, 615, 267, 348, 1, 0, 1
2409, 1, 1636467977570, 1636467978185, 615, 266, 349, 0, 0, 0
2410, 1, 1636467977795, 1636467978400, 605, 262, 343, 0, 0, 0
2411, 1, 1636467977831, 1636467978436, 605, 262, 343, 0, 0, 0
2412, 1, 1636467978148, 1636467978760, 612, 261, 351, 0, 0, 0
2413, 1, 1636467978499, 1636467979105, 606, 263, 343, 1, 0, 1
2414, 1, 1636467978629, 1636467979249, 620, 267, 353, 1, 0, 1
2415, 1, 1636467978738, 1636467979353, 615, 266, 349, 0, 1, 1
2416, 1, 1636467978921, 1636467979529, 608, 259, 349, 1, 1, 2
2417, 1, 1636467979032, 1636467979641, 609, 262, 347, 0, 0, 0
2418, 1, 1636467979581, 1636467980185, 604, 258, 346, 0, 0, 0
2419, 1, 1636467979681, 1636467980297, 616, 266, 350, 0, 1, 1
2420, 1, 1636467979757, 1636467980368, 611, 262, 349, 0, 0, 0
2421, 1, 1636467980315, 1636467980921, 606, 262, 344, 0, 0, 0
2422, 1, 1636467980508, 1636467981129, 621, 262, 359, 0, 0, 0
2423, 1, 1636467980580, 1636467981193, 613, 262, 351, 1, 0, 1
2424, 1, 1636467980670, 1636467981285, 615, 262, 353, 0, 0, 0
2425, 1, 1636467980700, 1636467981309, 609, 262, 347, 0, 0, 0
2426, 1, 1636467981051, 1636467981661, 610, 262, 348, 0, 0, 0
2427, 1, 1636467981209, 1636467981825, 616, 261, 355, 0, 0, 0
2428, 1, 1636467981234, 1636467981849, 615, 261, 354, 0, 0, 0
2429, 1, 1636467981251, 1636467981865, 614, 267, 347, 0, 0, 0
2430, 1, 1636467981788, 1636467982401, 613, 262, 351, 0, 0, 0
2431, 1, 1636467981796, 1636467982416, 620, 262, 358, 0, 0, 0
2432, 1, 1636467982138, 1636467982748, 610, 262, 348, 0, 0, 0
2433, 1, 1636467982296, 1636467982905, 609, 263, 346, 0, 0, 0
2434, 1, 1636467982478, 1636467983089, 611, 262, 349, 0, 1, 1
2435, 1, 1636467982687, 1636467983297, 610, 262, 348, 0, 1, 1
2436, 1, 1636467982718, 1636467983321, 603, 258, 345, 0, 1, 1
2437, 1, 1636467982805, 1636467983425, 620, 267, 353, 0, 1, 1
2438, 1, 1636467983363, 1636467983969, 606, 262, 344, 0, 0, 0
2439, 1, 1636467983546, 1636467984160, 614, 262, 352, 0, 0, 0
2440, 1, 1636467983693, 1636467984304, 611, 262, 349, 0, 0, 0
2441, 1, 1636467984112, 1636467984729, 617, 266, 351, 0, 0, 0
2442, 1, 1636467984245, 1636467984857, 612, 262, 350, 0, 0, 0
2443, 1, 1636467984357, 1636467984973, 616, 262, 354, 0, 0, 0
2444, 1, 1636467984491, 1636467985101, 610, 262, 348, 0, 0, 0
2445, 1, 1636467984606, 1636467985217, 611, 262, 349, 0, 0, 0
2446, 1, 1636467984984, 1636467985597, 613, 267, 346, 0, 0, 0
2447, 1, 1636467985014, 1636467985625, 611, 262, 349, 0, 0, 0
2448, 1, 1636467985183, 1636467985801, 618, 262, 356, 0, 1, 1
2449, 1, 1636467985454, 1636467986065, 611, 263, 348, 1, 1, 2
2450, 1, 1636467985628, 1636467986244, 616, 262, 354, 0, 1, 1
2451, 1, 1636467985721, 1636467986337, 616, 262, 354, 0, 0, 0
2452, 1, 1636467985942, 1636467986560, 618, 270, 348, 0, 0, 0
2453, 1, 1636467986381, 1636467986993, 612, 262, 350, 0, 0, 0
2454, 1, 1636467986424, 1636467987041, 617, 266, 351, 0, 0, 0
2455, 1, 1636467986470, 1636467987089, 619, 270, 349, 1, 1, 2
2456, 1, 1636467986554, 1636467987169, 615, 262, 353, 0, 0, 0
2457, 1, 1636467986846, 1636467987457, 611, 263, 348, 0, 0, 0
2458, 1, 1636467987433, 1636467988053, 620, 266, 354, 0, 0, 0
2459, 1, 1636467987490, 1636467988097, 607, 262, 345, 0, 1, 1
2460, 1, 1636467987922, 1636467988529, 607, 262, 345, 0, 0, 0
2461, 1, 1636467988194, 1636467988804, 610, 266, 344, 0, 0, 0
2462, 1, 1636467988266, 1636467988876, 610, 262, 348, 0, 1, 1
2463, 1, 1636467988315, 1636467988924, 609, 263, 346, 0, 0, 0
2464, 1, 1636467988433, 1636467989052, 619, 270, 349, 0, 0, 0
2465, 1, 1636467988835, 1636467989457, 622, 270, 352, 0, 0, 0
2466, 1, 1636467988876, 1636467989488, 612, 263, 349, 1, 1, 2
2467, 1, 1636467988988, 1636467989604, 616, 267, 349, 0, 0, 0
2468, 1, 1636467989091, 1636467989953, 862, 514, 348, 0, 0, 0
2469, 1, 1636467989443, 1636467990053, 610, 264, 346, 1, 0, 1
2470, 1, 1636467989710, 1636467990328, 618, 262, 356, 0, 0, 0
2471, 1, 1636467989760, 1636467990373, 613, 262, 351, 0, 0, 0
2472, 1, 1636467990019, 1636467990633, 614, 266, 348, 0, 0, 0
2473, 1, 1636467990266, 1636467990880, 614, 266, 348, 0, 0, 0
2474, 1, 1636467990420, 1636467991029, 609, 262, 347, 0, 0, 0
2475, 1, 1636467990487, 1636467991105, 618, 262, 356, 0, 0, 0
2476, 1, 1636467990729, 1636467991349, 620, 266, 354, 0, 0, 0
2477, 1, 1636467991152, 1636467991764, 612, 266, 346, 0, 0, 0
2478, 1, 1636467991390, 1636467992001, 611, 263, 348, 0, 0, 0
2479, 1, 1636467991718, 1636467992329, 611, 267, 344, 0, 0, 0
2480, 1, 1636467991719, 1636467992332, 613, 267, 346, 0, 1, 1
2481, 1, 1636467991888, 1636467992501, 613, 260, 353, 0, 0, 0
2482, 1, 1636467991930, 1636467992541, 611, 262, 349, 0, 0, 0
2483, 1, 1636467992391, 1636467993001, 610, 262, 348, 0, 1, 1
2484, 1, 1636467992545, 1636467993157, 612, 264, 348, 0, 0, 0
2485, 1, 1636467992753, 1636467993369, 616, 267, 349, 0, 1, 1
2486, 1, 1636467992763, 1636467993372, 609, 263, 346, 0, 0, 0
2487, 1, 1636467992826, 1636467993433, 607, 262, 345, 0, 0, 0
2488, 1, 1636467993261, 1636467993877, 616, 262, 354, 0, 0, 0
2489, 1, 1636467993295, 1636467993905, 610, 263, 347, 0, 0, 0
2490, 1, 1636467993514, 1636467994121, 607, 258, 349, 0, 0, 0
2491, 1, 1636467993697, 1636467994305, 608, 259, 349, 1, 0, 1
2492, 1, 1636467993953, 1636467994568, 615, 266, 349, 0, 0, 0
2493, 1, 1636467994081, 1636467994693, 612, 262, 350, 0, 0, 0
2494, 1, 1636467994386, 1636467995001, 615, 266, 349, 0, 0, 0
2495, 1, 1636467994491, 1636467995101, 610, 262, 348, 0, 0, 0
2496, 1, 1636467994667, 1636467995277, 610, 262, 348, 0, 0, 0
2497, 1, 1636467995089, 1636467995704, 615, 263, 352, 0, 0, 0
2498, 1, 1636467995208, 1636467995825, 617, 266, 351, 0, 0, 0
2499, 1, 1636467995657, 1636467996269, 612, 266, 346, 0, 0, 0
2500, 1, 1636467995774, 1636467996385, 611, 262, 349, 0, 0, 0
2501, 1, 1636467995878, 1636467996489, 611, 262, 349, 1, 0, 1
2502, 1, 1636467995921, 1636467996541, 620, 271, 349, 1, 0, 1
2503, 1, 1636467996395, 1636467997005, 610, 262, 348, 1, 0, 1
2504, 1, 1636467996482, 1636467997093, 611, 262, 349, 1, 0, 1
2505, 1, 1636467996578, 1636467997193, 615, 266, 349, 0, 0, 0
2506, 1, 1636467996957, 1636467997569, 612, 262, 350, 0, 0, 0
2507, 1, 1636467996981, 1636467997593, 612, 262, 350, 0, 0, 0
2508, 1, 1636467997375, 1636467997989, 614, 262, 352, 0, 0, 0
2509, 1, 1636467997395, 1636467998013, 618, 268, 350, 1, 1, 2
2510, 1, 1636467997526, 1636467998141, 615, 267, 348, 1, 0, 1
2511, 1, 1636467997840, 1636467998449, 609, 262, 347, 0, 0, 0
2512, 1, 1636467997899, 1636467998509, 610, 262, 348, 0, 0, 0
2513, 1, 1636467997956, 1636467998797, 841, 489, 352, 0, 0, 0
2514, 1, 1636467998272, 1636467998881, 609, 262, 347, 0, 0, 0
2515, 1, 1636467998549, 1636467999169, 620, 266, 354, 0, 0, 0
2516, 1, 1636467998797, 1636467999413, 616, 266, 350, 0, 0, 0
2517, 1, 1636467998971, 1636467999581, 610, 262, 348, 0, 0, 0
2518, 1, 1636467999473, 1636468000089, 616, 266, 350, 0, 0, 0
2519, 1, 1636467999540, 1636468000153, 613, 262, 351, 0, 0, 0
2520, 1, 1636467999572, 1636468000185, 613, 262, 351, 0, 0, 0
2521, 1, 1636467999591, 1636468000205, 614, 266, 348, 0, 0, 0
2522, 1, 1636468000066, 1636468000681, 615, 262, 353, 1, 0, 1
2523, 1, 1636468000364, 1636468000976, 612, 262, 350, 0, 0, 0
2524, 1, 1636468000396, 1636468001009, 613, 262, 351, 0, 0, 0
2525, 1, 1636468000702, 1636468001313, 611, 262, 349, 0, 1, 1
2526, 1, 1636468001205, 1636468001817, 612, 262, 350, 0, 0, 0
2527, 1, 1636468001262, 1636468001873, 611, 263, 348, 0, 0, 0
2528, 1, 1636468001288, 1636468001897, 609, 262, 347, 0, 0, 0
2529, 1, 1636468001382, 1636468002001, 619, 267, 352, 0, 0, 0
2531, 1, 1636468001628, 1636468002241, 613, 262, 351, 0, 0, 0
2530, 1, 1636468001542, 1636468002349, 807, 458, 349, 0, 0, 0
2532, 1, 1636468002086, 1636468002696, 610, 262, 348, 0, 0, 0
2533, 1, 1636468002133, 1636468002745, 612, 262, 350, 0, 0, 0
2534, 1, 1636468002164, 1636468002785, 621, 266, 355, 0, 0, 0
2535, 1, 1636468002546, 1636468003161, 615, 266, 349, 0, 0, 0
2537, 1, 1636468002877, 1636468003489, 612, 262, 350, 0, 0, 0
2536, 1, 1636468002781, 1636468003505, 724, 378, 346, 0, 0, 0
2538, 1, 1636468003350, 1636468003961, 611, 262, 349, 0, 0, 0
2539, 1, 1636468003410, 1636468004021, 611, 262, 349, 0, 0, 0
2540, 1, 1636468003457, 1636468004069, 612, 262, 350, 0, 0, 0
2541, 1, 1636468003490, 1636468004101, 611, 262, 349, 0, 0, 0
2542, 1, 1636468004004, 1636468004617, 613, 262, 351, 0, 0, 0
2543, 1, 1636468004174, 1636468004785, 611, 262, 349, 0, 0, 0
2544, 1, 1636468004661, 1636468005277, 616, 262, 354, 0, 0, 0
2545, 1, 1636468004781, 1636468005393, 612, 262, 350, 0, 0, 0
2546, 1, 1636468005199, 1636468005820, 621, 266, 355, 0, 0, 0
2547, 1, 1636468005280, 1636468005901, 621, 266, 355, 0, 0, 0
2548, 1, 1636468005394, 1636468006009, 615, 266, 349, 0, 0, 0
2549, 1, 1636468005533, 1636468006145, 612, 262, 350, 0, 0, 0
2550, 1, 1636468005633, 1636468006249, 616, 262, 354, 0, 0, 0
2551, 1, 1636468005666, 1636468006281, 615, 262, 353, 0, 0, 0
2552, 1, 1636468005905, 1636468006521, 616, 262, 354, 0, 0, 0
2553, 1, 1636468006212, 1636468006825, 613, 262, 351, 0, 0, 0
2554, 1, 1636468006281, 1636468006893, 612, 262, 350, 0, 0, 0
2555, 1, 1636468006620, 1636468007229, 609, 262, 347, 0, 0, 0
2556, 1, 1636468006884, 1636468007497, 613, 262, 351, 0, 0, 0
2557, 1, 1636468007055, 1636468007665, 610, 262, 348, 0, 0, 0
2558, 1, 1636468007273, 1636468007889, 616, 262, 354, 0, 0, 0
2559, 1, 1636468007423, 1636468008033, 610, 262, 348, 0, 0, 0
2560, 1, 1636468007445, 1636468008061, 616, 266, 350, 0, 0, 0
2561, 1, 1636468007675, 1636468008285, 610, 262, 348, 0, 0, 0
2562, 1, 1636468007885, 1636468008497, 612, 262, 350, 0, 0, 0
2563, 1, 1636468008249, 1636468008861, 612, 262, 350, 0, 0, 0
2564, 1, 1636468008678, 1636468009292, 614, 266, 348, 0, 0, 0
2566, 1, 1636468008965, 1636468009577, 612, 262, 350, 0, 0, 0
2565, 1, 1636468008788, 1636468009641, 853, 502, 351, 0, 0, 0
2567, 1, 1636468009280, 1636468009893, 613, 262, 351, 0, 0, 0
2568, 1, 1636468009402, 1636468010017, 615, 266, 349, 0, 0, 0
2569, 1, 1636468009845, 1636468010457, 612, 262, 350, 0, 0, 0
2570, 1, 1636468009938, 1636468010553, 615, 266, 349, 0, 0, 0
2571, 1, 1636468010172, 1636468010777, 605, 262, 343, 0, 0, 0
2572, 1, 1636468010219, 1636468010829, 610, 262, 348, 0, 0, 0
2573, 1, 1636468010235, 1636468010845, 610, 262, 348, 0, 0, 0
2574, 1, 1636468010338, 1636468010949, 611, 263, 348, 0, 0, 0
2575, 1, 1636468010881, 1636468011497, 616, 262, 354, 0, 0, 0
2576, 1, 1636468011091, 1636468011701, 610, 262, 348, 0, 0, 0
2577, 1, 1636468011169, 1636468011781, 612, 262, 350, 0, 0, 0
2578, 1, 1636468011249, 1636468011865, 616, 266, 350, 0, 0, 0
2579, 1, 1636468011691, 1636468012305, 614, 263, 351, 2, 0, 2
2580, 1, 1636468011695, 1636468012305, 610, 261, 349, 1, 0, 1
2581, 1, 1636468012076, 1636468012689, 613, 262, 351, 0, 0, 0
2582, 1, 1636468012631, 1636468013241, 610, 262, 348, 0, 0, 0
2583, 1, 1636468012774, 1636468013385, 611, 262, 349, 0, 0, 0
2584, 1, 1636468013042, 1636468013649, 607, 262, 345, 0, 0, 0
2585, 1, 1636468013686, 1636468014297, 611, 262, 349, 0, 0, 0
2586, 1, 1636468014018, 1636468014625, 607, 262, 345, 0, 0, 0
2587, 1, 1636468014300, 1636468014913, 613, 262, 351, 0, 0, 0
2588, 1, 1636468014503, 1636468015113, 610, 262, 348, 0, 0, 0
2589, 1, 1636468015348, 1636468015961, 613, 262, 351, 0, 0, 0
2590, 1, 1636468015357, 1636468015977, 620, 262, 358, 0, 0, 0
2591, 1, 1636468015647, 1636468016257, 610, 262, 348, 0, 0, 0
2592, 1, 1636468015770, 1636468016381, 611, 262, 349, 0, 0, 0
2593, 1, 1636468016849, 1636468017461, 612, 262, 350, 0, 0, 0
2594, 1, 1636468017166, 1636468017777, 611, 262, 349, 0, 0, 0
2595, 1, 1636468017866, 1636468018485, 619, 262, 357, 0, 0, 0
2596, 1, 1636468018253, 1636468018869, 616, 266, 350, 0, 0, 0
2597, 1, 1636468018286, 1636468018897, 611, 262, 349, 0, 0, 0
2598, 1, 1636468018682, 1636468019293, 611, 262, 349, 0, 0, 0
2599, 1, 1636468019596, 1636468020209, 613, 262, 351, 0, 0, 0
2600, 1, 1636468020676, 1636468021289, 613, 262, 351, 0, 0, 0
2601, 1, 1636468110209, 1636468110821, 612, 262, 350, 0, 0, 0
2602, 1, 1636468110641, 1636468111253, 612, 262, 350, 0, 0, 0
2603, 1, 1636468111231, 1636468111841, 610, 262, 348, 0, 0, 0
2604, 1, 1636468111829, 1636468112441, 612, 263, 349, 0, 0, 0
2605, 1, 1636468112115, 1636468112725, 610, 262, 348, 0, 0, 0
2606, 1, 1636468112424, 1636468113037, 613, 262, 351, 0, 0, 0
2607, 1, 1636468112548, 1636468113161, 613, 262, 351, 0, 0, 0
2608, 1, 1636468113023, 1636468113633, 610, 262, 348, 0, 0, 0
2609, 1, 1636468113138, 1636468113749, 611, 262, 349, 0, 0, 0
2610, 1, 1636468113737, 1636468114349, 612, 262, 350, 0, 0, 0
2611, 1, 1636468113747, 1636468114361, 614, 262, 352, 0, 0, 0
2612, 1, 1636468114088, 1636468114700, 612, 262, 350, 0, 0, 0
2613, 1, 1636468114212, 1636468114825, 613, 262, 351, 0, 0, 0
2614, 1, 1636468114331, 1636468114945, 614, 266, 348, 0, 0, 0
2615, 1, 1636468114521, 1636468115133, 612, 262, 350, 0, 0, 0
2616, 1, 1636468114728, 1636468115341, 613, 262, 351, 0, 0, 0
2617, 1, 1636468114930, 1636468115536, 606, 262, 344, 0, 0, 0
2618, 1, 1636468115111, 1636468115725, 614, 262, 352, 0, 0, 0
2619, 1, 1636468115271, 1636468115881, 610, 262, 348, 0, 0, 0
2620, 1, 1636468115655, 1636468116265, 610, 262, 348, 0, 0, 0
2621, 1, 1636468115711, 1636468116325, 614, 262, 352, 0, 0, 0
2622, 1, 1636468116119, 1636468116729, 610, 262, 348, 0, 0, 0
2623, 1, 1636468116149, 1636468116757, 608, 262, 346, 0, 0, 0
2624, 1, 1636468116304, 1636468116925, 621, 262, 359, 0, 0, 0
2625, 1, 1636468116581, 1636468117197, 616, 263, 353, 0, 0, 0
2626, 1, 1636468116635, 1636468117249, 614, 262, 352, 0, 0, 0
2627, 1, 1636468116797, 1636468117413, 616, 266, 350, 0, 0, 0
2628, 1, 1636468117151, 1636468117764, 613, 262, 351, 0, 0, 0
2629, 1, 1636468117171, 1636468117780, 609, 262, 347, 0, 0, 0
2630, 1, 1636468117178, 1636468117785, 607, 262, 345, 0, 0, 0
2631, 1, 1636468117628, 1636468118241, 613, 262, 351, 0, 0, 0
2632, 1, 1636468117744, 1636468118365, 621, 266, 355, 0, 0, 0
2633, 1, 1636468117772, 1636468118385, 613, 262, 351, 0, 0, 0
2634, 1, 1636468118091, 1636468118709, 618, 266, 352, 0, 1, 1
2635, 1, 1636468118211, 1636468118817, 606, 262, 344, 0, 0, 0
2636, 1, 1636468118305, 1636468118920, 615, 262, 353, 0, 0, 0
2637, 1, 1636468118345, 1636468118957, 612, 262, 350, 0, 0, 0
2638, 1, 1636468118608, 1636468119224, 616, 266, 350, 0, 0, 0
2639, 1, 1636468118643, 1636468119253, 610, 262, 348, 0, 0, 0
2640, 1, 1636468118839, 1636468119445, 606, 262, 344, 0, 0, 0
2641, 1, 1636468118857, 1636468119473, 616, 263, 353, 0, 1, 1
2642, 1, 1636468119044, 1636468119657, 613, 262, 351, 0, 0, 0
2643, 1, 1636468119059, 1636468119661, 602, 258, 344, 0, 0, 0
2644, 1, 1636468119233, 1636468119841, 608, 258, 350, 0, 0, 0
2645, 1, 1636468119394, 1636468120005, 611, 262, 349, 0, 0, 0
2646, 1, 1636468119689, 1636468120301, 612, 262, 350, 0, 1, 1
2647, 1, 1636468119742, 1636468120353, 611, 262, 349, 0, 0, 0
2648, 1, 1636468119835, 1636468120457, 622, 266, 356, 0, 0, 0
2649, 1, 1636468119952, 1636468120565, 613, 263, 350, 0, 1, 1
2650, 1, 1636468120098, 1636468120709, 611, 262, 349, 0, 0, 0
2651, 1, 1636468120151, 1636468120760, 609, 262, 347, 0, 1, 1
2652, 1, 1636468120213, 1636468120821, 608, 262, 346, 1, 0, 1
2653, 1, 1636468120407, 1636468121017, 610, 262, 348, 0, 0, 0
2654, 1, 1636468120509, 1636468121125, 616, 262, 354, 0, 0, 0
2655, 1, 1636468120517, 1636468121137, 620, 266, 354, 0, 0, 0
2656, 1, 1636468120668, 1636468121281, 613, 262, 351, 0, 0, 0
2657, 1, 1636468120724, 1636468121337, 613, 262, 351, 0, 0, 0
2658, 1, 1636468120920, 1636468121533, 613, 263, 350, 0, 0, 0
2659, 1, 1636468120926, 1636468121537, 611, 266, 345, 0, 0, 0
2660, 1, 1636468121091, 1636468121705, 614, 263, 351, 0, 0, 0
2661, 1, 1636468121104, 1636468121713, 609, 262, 347, 0, 0, 0
2662, 1, 1636468121120, 1636468121733, 613, 262, 351, 0, 0, 0
2663, 1, 1636468121301, 1636468121912, 611, 262, 349, 0, 0, 0
2664, 1, 1636468121716, 1636468122329, 613, 262, 351, 0, 1, 1
2665, 1, 1636468121743, 1636468122352, 609, 262, 347, 0, 0, 0
2666, 1, 1636468121752, 1636468122361, 609, 262, 347, 0, 0, 0
2667, 1, 1636468121817, 1636468122433, 616, 262, 354, 0, 0, 0
2668, 1, 1636468121858, 1636468122469, 611, 262, 349, 0, 0, 0
2669, 1, 1636468122079, 1636468122689, 610, 262, 348, 0, 0, 0
2670, 1, 1636468122164, 1636468122781, 617, 266, 351, 0, 0, 0
2671, 1, 1636468122214, 1636468122825, 611, 262, 349, 0, 0, 0
2672, 1, 1636468122273, 1636468122885, 612, 262, 350, 1, 0, 1
2673, 1, 1636468122514, 1636468123125, 611, 262, 349, 0, 0, 0
2674, 1, 1636468122575, 1636468123185, 610, 263, 347, 0, 1, 1
2675, 1, 1636468122696, 1636468123313, 617, 262, 355, 2, 0, 2
2676, 1, 1636468122731, 1636468123341, 610, 262, 348, 0, 0, 0
2678, 1, 1636468122786, 1636468123397, 611, 263, 348, 1, 0, 1
2677, 1, 1636468122740, 1636468123529, 789, 442, 347, 0, 0, 0
2679, 1, 1636468122986, 1636468123593, 607, 262, 345, 0, 1, 1
2680, 1, 1636468122997, 1636468123609, 612, 262, 350, 0, 0, 0
2681, 1, 1636468123166, 1636468123781, 615, 262, 353, 0, 0, 0
2682, 1, 1636468123186, 1636468123877, 691, 342, 349, 0, 0, 0
2683, 1, 1636468123274, 1636468123885, 611, 262, 349, 0, 0, 0
2684, 1, 1636468123617, 1636468124233, 616, 266, 350, 0, 0, 0
2685, 1, 1636468123724, 1636468124337, 613, 262, 351, 0, 0, 0
2686, 1, 1636468123762, 1636468124373, 611, 262, 349, 0, 0, 0
2687, 1, 1636468123776, 1636468124385, 609, 262, 347, 0, 0, 0
2688, 1, 1636468123832, 1636468124445, 613, 263, 350, 0, 1, 1
2689, 1, 1636468124081, 1636468124689, 608, 262, 346, 0, 0, 0
2690, 1, 1636468124139, 1636468124749, 610, 262, 348, 0, 0, 0
2691, 1, 1636468124211, 1636468124821, 610, 262, 348, 0, 0, 0
2692, 1, 1636468124339, 1636468124949, 610, 262, 348, 0, 0, 0
2693, 1, 1636468124487, 1636468125096, 609, 262, 347, 0, 0, 0
2694, 1, 1636468124597, 1636468125209, 612, 262, 350, 0, 0, 0
2695, 1, 1636468124622, 1636468125233, 611, 264, 347, 0, 0, 0
2696, 1, 1636468124709, 1636468125325, 616, 266, 350, 0, 0, 0
2697, 1, 1636468124756, 1636468125373, 617, 266, 351, 0, 0, 0
2698, 1, 1636468124852, 1636468125465, 613, 263, 350, 1, 1, 2
2699, 1, 1636468124971, 1636468125581, 610, 262, 348, 0, 0, 0
2700, 1, 1636468125032, 1636468125649, 617, 262, 355, 0, 1, 1
2701, 1, 1636468125049, 1636468125661, 612, 262, 350, 0, 0, 0
2702, 1, 1636468125250, 1636468125869, 619, 267, 352, 1, 1, 2
2703, 1, 1636468125334, 1636468125945, 611, 261, 350, 0, 0, 0
2704, 1, 1636468125684, 1636468126297, 613, 262, 351, 0, 0, 0
2705, 1, 1636468125697, 1636468126317, 620, 270, 350, 0, 0, 0
2706, 1, 1636468125809, 1636468126417, 608, 263, 345, 0, 0, 0
2707, 1, 1636468125839, 1636468126453, 614, 262, 352, 0, 0, 0
2708, 1, 1636468125892, 1636468126504, 612, 262, 350, 0, 0, 0
2709, 1, 1636468126100, 1636468126713, 613, 262, 351, 0, 0, 0
2710, 1, 1636468126201, 1636468126813, 612, 262, 350, 0, 1, 1
2711, 1, 1636468126278, 1636468126889, 611, 262, 349, 0, 0, 0
2712, 1, 1636468126386, 1636468126996, 610, 262, 348, 0, 0, 0
2713, 1, 1636468126583, 1636468127193, 610, 262, 348, 0, 1, 1
2714, 1, 1636468126663, 1636468127273, 610, 262, 348, 0, 0, 0
2715, 1, 1636468126681, 1636468127293, 612, 262, 350, 0, 1, 1
2716, 1, 1636468126689, 1636468127305, 616, 263, 353, 0, 0, 0
2717, 1, 1636468126819, 1636468127428, 609, 262, 347, 0, 0, 0
2718, 1, 1636468126899, 1636468127513, 614, 261, 353, 0, 0, 0
2719, 1, 1636468126914, 1636468127525, 611, 262, 349, 0, 0, 0
2720, 1, 1636468127030, 1636468127641, 611, 262, 349, 0, 0, 0
2721, 1, 1636468127098, 1636468127709, 611, 262, 349, 0, 0, 0
2722, 1, 1636468127318, 1636468127929, 611, 264, 347, 1, 0, 1
2723, 1, 1636468127397, 1636468128009, 612, 262, 350, 0, 0, 0
2724, 1, 1636468127704, 1636468128324, 620, 262, 358, 0, 0, 0
2725, 1, 1636468127731, 1636468128337, 606, 262, 344, 0, 0, 0
2726, 1, 1636468127739, 1636468128349, 610, 262, 348, 0, 0, 0
2727, 1, 1636468127845, 1636468128457, 612, 262, 350, 0, 0, 0
2728, 1, 1636468127955, 1636468128569, 614, 262, 352, 0, 0, 0
2729, 1, 1636468128067, 1636468128673, 606, 262, 344, 0, 0, 0
2730, 1, 1636468128146, 1636468128761, 615, 262, 353, 0, 0, 0
2731, 1, 1636468128401, 1636468129012, 611, 262, 349, 0, 0, 0
2732, 1, 1636468128453, 1636468129065, 612, 262, 350, 0, 0, 0
2733, 1, 1636468128646, 1636468129261, 615, 266, 349, 0, 0, 0
2734, 1, 1636468128685, 1636468129297, 612, 262, 350, 0, 0, 0
2735, 1, 1636468128711, 1636468129321, 610, 262, 348, 0, 0, 0
2736, 1, 1636468128742, 1636468129348, 606, 262, 344, 0, 0, 0
2737, 1, 1636468128812, 1636468129425, 613, 262, 351, 0, 0, 0
2738, 1, 1636468128966, 1636468129581, 615, 266, 349, 0, 0, 0
2739, 1, 1636468128981, 1636468129593, 612, 262, 350, 0, 0, 0
2740, 1, 1636468129092, 1636468129705, 613, 262, 351, 0, 1, 1
2741, 1, 1636468129145, 1636468129757, 612, 262, 350, 0, 0, 0
2742, 1, 1636468129262, 1636468129876, 614, 262, 352, 0, 0, 0
2743, 1, 1636468129441, 1636468130057, 616, 262, 354, 0, 0, 0
2744, 1, 1636468129767, 1636468130377, 610, 262, 348, 0, 0, 0
2745, 1, 1636468129800, 1636468130409, 609, 262, 347, 0, 0, 0
2747, 1, 1636468129822, 1636468130433, 611, 263, 348, 1, 0, 1
2746, 1, 1636468129820, 1636468130433, 613, 263, 350, 2, 0, 2
2748, 1, 1636468129969, 1636468130581, 612, 262, 350, 0, 0, 0
2749, 1, 1636468130085, 1636468130785, 700, 346, 354, 0, 0, 0
2750, 1, 1636468130213, 1636468130825, 612, 262, 350, 0, 0, 0
2751, 1, 1636468130270, 1636468130881, 611, 262, 349, 0, 0, 0
2752, 1, 1636468130513, 1636468131125, 612, 262, 350, 0, 1, 1
2753, 1, 1636468130576, 1636468131185, 609, 262, 347, 0, 0, 0
2754, 1, 1636468130681, 1636468131297, 616, 266, 350, 0, 0, 0
2755, 1, 1636468130751, 1636468131365, 614, 266, 348, 0, 0, 0
2756, 1, 1636468130778, 1636468131397, 619, 267, 352, 0, 1, 1
2757, 1, 1636468130804, 1636468131417, 613, 262, 351, 0, 0, 0
2758, 1, 1636468130958, 1636468131569, 611, 262, 349, 1, 0, 1
2759, 1, 1636468131027, 1636468131641, 614, 266, 348, 0, 0, 0
2760, 1, 1636468131090, 1636468131701, 611, 263, 348, 0, 0, 0
2761, 1, 1636468131212, 1636468131825, 613, 262, 351, 0, 0, 0
2762, 1, 1636468131309, 1636468131925, 616, 268, 348, 1, 0, 1
2763, 1, 1636468131329, 1636468131940, 611, 262, 349, 1, 0, 1
2764, 1, 1636468131687, 1636468132297, 610, 262, 348, 0, 0, 0
2765, 1, 1636468131839, 1636468132449, 610, 262, 348, 0, 0, 0
2766, 1, 1636468131869, 1636468132481, 612, 262, 350, 0, 0, 0
2767, 1, 1636468131886, 1636468132501, 615, 263, 352, 1, 0, 1
2768, 1, 1636468131890, 1636468132501, 611, 263, 348, 2, 0, 2
2769, 1, 1636468132150, 1636468132829, 679, 330, 349, 0, 0, 0
2770, 1, 1636468132240, 1636468132853, 613, 263, 350, 0, 1, 1
2771, 1, 1636468132336, 1636468132949, 613, 262, 351, 0, 0, 0
2772, 1, 1636468132542, 1636468133161, 619, 262, 357, 0, 0, 0
2773, 1, 1636468132579, 1636468133193, 614, 262, 352, 0, 0, 0
2774, 1, 1636468132651, 1636468133261, 610, 263, 347, 0, 0, 0
2775, 1, 1636468132671, 1636468133285, 614, 262, 352, 0, 0, 0
2776, 1, 1636468132798, 1636468133409, 611, 262, 349, 0, 0, 0
2777, 1, 1636468132902, 1636468133517, 615, 263, 352, 0, 1, 1
2778, 1, 1636468132959, 1636468133569, 610, 262, 348, 0, 0, 0
2779, 1, 1636468133024, 1636468133637, 613, 262, 351, 0, 0, 0
2780, 1, 1636468133095, 1636468133704, 609, 262, 347, 0, 0, 0
2781, 1, 1636468133279, 1636468133889, 610, 263, 347, 0, 0, 0
2782, 1, 1636468133335, 1636468133945, 610, 262, 348, 1, 0, 1
2783, 1, 1636468133375, 1636468133997, 622, 263, 359, 1, 0, 1
2784, 1, 1636468133754, 1636468134368, 614, 265, 349, 0, 0, 0
2785, 1, 1636468133759, 1636468134369, 610, 262, 348, 1, 0, 1
2786, 1, 1636468133809, 1636468134429, 620, 262, 358, 0, 0, 0
2787, 1, 1636468133933, 1636468134549, 616, 266, 350, 0, 0, 0
2788, 1, 1636468133936, 1636468134557, 621, 266, 355, 0, 0, 0
2789, 1, 1636468134191, 1636468134801, 610, 262, 348, 0, 0, 0
2790, 1, 1636468134205, 1636468134909, 704, 348, 356, 1, 2, 3
2792, 1, 1636468134512, 1636468135124, 612, 263, 349, 1, 0, 1
2791, 1, 1636468134206, 1636468135149, 943, 591, 352, 1, 1, 2
2794, 1, 1636468134627, 1636468135236, 609, 262, 347, 1, 0, 1
2795, 1, 1636468134736, 1636468135349, 613, 262, 351, 0, 0, 0
2797, 1, 1636468134865, 1636468135477, 612, 263, 349, 0, 1, 1
2793, 1, 1636468134602, 1636468135497, 895, 546, 349, 0, 0, 0
2798, 1, 1636468134896, 1636468135509, 613, 262, 351, 0, 0, 0
2799, 1, 1636468135072, 1636468135689, 617, 266, 351, 0, 0, 0
2802, 1, 1636468135218, 1636468135825, 607, 262, 345, 0, 0, 0
2803, 1, 1636468135447, 1636468136057, 610, 262, 348, 0, 0, 0
2804, 1, 1636468135729, 1636468136345, 616, 266, 350, 0, 0, 0
2806, 1, 1636468135800, 1636468136413, 613, 262, 351, 0, 0, 0
2808, 1, 1636468136001, 1636468136613, 612, 263, 349, 1, 0, 1
2807, 1, 1636468136000, 1636468136613, 613, 263, 350, 2, 0, 2
2809, 1, 1636468136137, 1636468136749, 612, 262, 350, 0, 0, 0
2811, 1, 1636468136257, 1636468136869, 612, 263, 349, 1, 0, 1
2810, 1, 1636468136218, 1636468136961, 743, 394, 349, 0, 0, 0
2813, 1, 1636468136626, 1636468137241, 615, 262, 353, 0, 0, 0
2814, 1, 1636468136664, 1636468137277, 613, 262, 351, 0, 0, 0
2800, 2, 1636468135145, 1636468137371, 2226, 0, 2226, 0, 1, 1
2796, 2, 1636468134771, 1636468137371, 2600, 0, 2600, 0, 0, 0
2815, 1, 1636468136783, 1636468137401, 618, 266, 352, 0, 0, 0
2801, 2, 1636468135205, 1636468137426, 2221, 0, 2221, 0, 0, 0
2817, 1, 1636468136989, 1636468137600, 611, 262, 349, 0, 0, 0
2818, 1, 1636468137138, 1636468137749, 611, 262, 349, 0, 0, 0
2805, 2, 1636468135761, 1636468137982, 2221, 0, 2221, 0, 0, 0
2821, 1, 1636468137461, 1636468138113, 652, 259, 393, 1, 0, 1
2820, 1, 1636468137461, 1636468138121, 660, 268, 392, 0, 1, 1
2823, 1, 1636468137570, 1636468138181, 611, 262, 349, 0, 0, 0
2822, 1, 1636468137561, 1636468138465, 904, 510, 394, 0, 0, 0
2825, 1, 1636468137867, 1636468138485, 618, 263, 355, 1, 0, 1
2812, 2, 1636468136464, 1636468138686, 2222, 0, 2222, 0, 0, 0
2827, 1, 1636468138073, 1636468138729, 656, 263, 393, 0, 1, 1
2830, 1, 1636468138125, 1636468138737, 612, 266, 346, 0, 0, 0
2831, 1, 1636468138187, 1636468138797, 610, 262, 348, 0, 0, 0
2816, 2, 1636468136848, 1636468139070, 2222, 0, 2222, 0, 0, 0
2832, 1, 1636468138556, 1636468139172, 616, 262, 354, 0, 0, 0
2834, 1, 1636468138788, 1636468139405, 617, 262, 355, 0, 0, 0
2819, 2, 1636468137185, 1636468139406, 2221, 0, 2221, 0, 0, 0
2833, 1, 1636468138773, 1636468139424, 651, 262, 389, 0, 0, 0
2835, 1, 1636468138851, 1636468139465, 614, 262, 352, 0, 0, 0
2837, 1, 1636468139157, 1636468139812, 655, 262, 393, 0, 0, 0
2838, 1, 1636468139262, 1636468139869, 607, 262, 345, 0, 0, 0
2824, 2, 1636468137680, 1636468139906, 2226, 0, 2226, 0, 0, 0
2840, 1, 1636468139458, 1636468140076, 618, 270, 348, 0, 0, 0
2841, 1, 1636468139470, 1636468140077, 607, 259, 348, 1, 1, 2
2826, 2, 1636468137869, 1636468140094, 2225, 1, 2224, 1, 0, 1
2843, 1, 1636468139549, 1636468140213, 664, 266, 398, 0, 0, 0
2828, 2, 1636468138087, 1636468140310, 2223, 0, 2223, 0, 0, 0
2829, 2, 1636468138101, 1636468140322, 2221, 0, 2221, 0, 0, 0
2842, 1, 1636468139540, 1636468140425, 885, 534, 351, 0, 0, 0
2844, 1, 1636468139990, 1636468140601, 611, 262, 349, 0, 0, 0
2845, 1, 1636468139993, 1636468140653, 660, 262, 398, 1, 0, 1
2847, 1, 1636468140083, 1636468140689, 606, 263, 343, 1, 0, 1
2849, 1, 1636468140250, 1636468140861, 611, 262, 349, 0, 0, 0
2848, 1, 1636468140237, 1636468140893, 656, 262, 394, 0, 0, 0
2850, 1, 1636468140397, 1636468141057, 660, 266, 394, 1, 0, 1
2836, 2, 1636468138858, 1636468141078, 2220, 1, 2219, 0, 1, 1
2852, 1, 1636468140619, 1636468141237, 618, 262, 356, 0, 0, 0
2851, 1, 1636468140409, 1636468141241, 832, 438, 394, 0, 0, 0
2854, 1, 1636468140785, 1636468141396, 611, 262, 349, 0, 0, 0
2855, 1, 1636468140973, 1636468141592, 619, 266, 353, 0, 0, 0
2839, 2, 1636468139439, 1636468141658, 2219, 0, 2219, 0, 0, 0
2856, 1, 1636468141167, 1636468141777, 610, 262, 348, 0, 1, 1
2857, 1, 1636468141221, 1636468141869, 648, 258, 390, 0, 1, 1
2859, 1, 1636468141344, 1636468141949, 605, 263, 342, 0, 0, 0
2860, 1, 1636468141463, 1636468142073, 610, 262, 348, 0, 0, 0
2861, 1, 1636468141577, 1636468142189, 612, 262, 350, 0, 0, 0
2846, 2, 1636468139994, 1636468142218, 2224, 0, 2224, 0, 0, 0
2863, 1, 1636468141745, 1636468142397, 652, 262, 390, 0, 1, 1
2862, 1, 1636468141610, 1636468142417, 807, 462, 345, 0, 0, 0
2865, 1, 1636468141958, 1636468142565, 607, 262, 345, 1, 0, 1
2866, 1, 1636468142003, 1636468142617, 614, 267, 347, 0, 2, 2
2867, 1, 1636468142161, 1636468142769, 608, 263, 345, 0, 0, 0
2868, 1, 1636468142265, 1636468142881, 616, 266, 350, 0, 1, 1
2853, 2, 1636468140657, 1636468142882, 2225, 0, 2225, 0, 0, 0
2869, 1, 1636468142305, 1636468142961, 656, 262, 394, 0, 1, 1
2870, 1, 1636468142407, 1636468143017, 610, 262, 348, 0, 0, 0
2872, 1, 1636468142530, 1636468143141, 611, 262, 349, 1, 0, 1
2871, 1, 1636468142428, 1636468143229, 801, 450, 351, 1, 0, 1
2873, 1, 1636468142774, 1636468143393, 619, 266, 353, 0, 0, 0
2858, 2, 1636468141227, 1636468143450, 2223, 0, 2223, 0, 0, 0
2875, 1, 1636468142973, 1636468143625, 652, 262, 390, 0, 0, 0
2876, 1, 1636468143156, 1636468143773, 617, 266, 351, 0, 0, 0
2877, 1, 1636468143217, 1636468143833, 616, 262, 354, 0, 0, 0
2878, 1, 1636468143269, 1636468143880, 611, 262, 349, 0, 0, 0
2864, 2, 1636468141860, 1636468144083, 2223, 0, 2223, 1, 0, 1
2879, 1, 1636468143541, 1636468144197, 656, 262, 394, 0, 1, 1
2880, 1, 1636468143590, 1636468144201, 611, 262, 349, 0, 0, 0
2882, 1, 1636468143702, 1636468144313, 611, 262, 349, 1, 1, 2
2883, 1, 1636468143745, 1636468144353, 608, 262, 346, 1, 0, 1
2884, 1, 1636468143884, 1636468144497, 613, 262, 351, 0, 0, 0
2881, 1, 1636468143701, 1636468144549, 848, 499, 349, 3, 0, 3
2874, 1, 1636468142843, 1636468144561, 1718, 1370, 348, 0, 0, 0
2885, 1, 1636468143993, 1636468144605, 612, 262, 350, 0, 0, 0
2886, 1, 1636468144146, 1636468144765, 619, 262, 357, 0, 0, 0
2887, 1, 1636468144173, 1636468144829, 656, 266, 390, 1, 0, 1
2888, 1, 1636468144302, 1636468144921, 619, 266, 353, 0, 1, 1
2889, 1, 1636468144389, 1636468145001, 612, 262, 350, 0, 0, 0
2890, 1, 1636468144396, 1636468145013, 617, 266, 351, 0, 1, 1
2891, 1, 1636468144432, 1636468145121, 689, 331, 358, 1, 0, 1
2893, 1, 1636468144680, 1636468145293, 613, 263, 350, 0, 1, 1
2892, 1, 1636468144523, 1636468145349, 826, 474, 352, 0, 0, 0
2894, 1, 1636468144838, 1636468145449, 611, 262, 349, 0, 0, 0
2895, 1, 1636468144971, 1636468145585, 614, 267, 347, 1, 0, 1
2896, 1, 1636468145062, 1636468145681, 619, 262, 357, 0, 0, 0
2897, 1, 1636468145342, 1636468145957, 615, 262, 353, 0, 0, 0
2898, 1, 1636468145351, 1636468145961, 610, 267, 343, 1, 0, 1
2899, 1, 1636468145538, 1636468146153, 615, 263, 352, 1, 0, 1
2900, 1, 1636468145579, 1636468146197, 618, 267, 351, 0, 0, 0
2902, 1, 1636468145754, 1636468146365, 611, 262, 349, 0, 1, 1
2903, 1, 1636468145829, 1636468146445, 616, 262, 354, 0, 0, 0
2904, 1, 1636468145899, 1636468146517, 618, 271, 347, 0, 1, 1
2901, 1, 1636468145621, 1636468146545, 924, 574, 350, 0, 0, 0
2905, 1, 1636468145967, 1636468146581, 614, 266, 348, 0, 0, 0
2906, 1, 1636468146164, 1636468146777, 613, 262, 351, 0, 0, 0
2907, 1, 1636468146201, 1636468146813, 612, 262, 350, 0, 0, 0
2908, 1, 1636468146303, 1636468146913, 610, 262, 348, 0, 0, 0
2909, 1, 1636468146426, 1636468147037, 611, 262, 349, 2, 0, 2
2911, 1, 1636468146515, 1636468147125, 610, 261, 349, 0, 0, 0
2910, 1, 1636468146455, 1636468147125, 670, 322, 348, 0, 0, 0
2913, 1, 1636468146762, 1636468147373, 611, 262, 349, 0, 0, 0
2914, 1, 1636468146789, 1636468147401, 612, 263, 349, 0, 1, 1
2912, 1, 1636468146602, 1636468147473, 871, 522, 349, 1, 0, 1
2915, 1, 1636468147095, 1636468147709, 614, 262, 352, 0, 0, 0
2916, 1, 1636468147144, 1636468147765, 621, 262, 359, 0, 0, 0
2917, 1, 1636468147368, 1636468147981, 613, 263, 350, 1, 0, 1
2918, 1, 1636468147469, 1636468148081, 612, 262, 350, 0, 0, 0
2919, 1, 1636468147486, 1636468148105, 619, 262, 357, 0, 0, 0
2921, 1, 1636468147663, 1636468148277, 614, 266, 348, 0, 0, 0
2922, 1, 1636468147819, 1636468148432, 613, 262, 351, 0, 0, 0
2920, 1, 1636468147584, 1636468148457, 873, 518, 355, 0, 0, 0
2923, 1, 1636468147882, 1636468148493, 611, 263, 348, 0, 1, 1
2924, 1, 1636468147982, 1636468148600, 618, 262, 356, 0, 0, 0
2925, 1, 1636468147985, 1636468148609, 624, 267, 357, 1, 0, 1
2926, 1, 1636468148174, 1636468148789, 615, 262, 353, 0, 0, 0
2927, 1, 1636468148324, 1636468148937, 613, 262, 351, 0, 0, 0
2928, 1, 1636468148384, 1636468149005, 621, 266, 355, 0, 2, 2
2930, 1, 1636468148504, 1636468149121, 617, 262, 355, 1, 0, 1
2929, 1, 1636468148489, 1636468149136, 647, 298, 349, 0, 0, 0
2932, 1, 1636468148553, 1636468149169, 616, 263, 353, 0, 1, 1
2933, 1, 1636468148779, 1636468149397, 618, 266, 352, 0, 0, 0
2931, 1, 1636468148551, 1636468149469, 918, 571, 347, 0, 1, 1
2934, 1, 1636468148855, 1636468149469, 614, 266, 348, 1, 0, 1
2935, 1, 1636468149152, 1636468149765, 613, 263, 350, 1, 1, 2
2936, 1, 1636468149223, 1636468149833, 610, 266, 344, 0, 0, 0
2937, 1, 1636468149458, 1636468150069, 611, 262, 349, 0, 0, 0
2938, 1, 1636468149483, 1636468150092, 609, 262, 347, 0, 0, 0
2939, 1, 1636468149569, 1636468150181, 612, 262, 350, 1, 0, 1
2941, 1, 1636468149725, 1636468150337, 612, 262, 350, 0, 0, 0
2942, 1, 1636468149790, 1636468150405, 615, 267, 348, 1, 1, 2
2943, 1, 1636468149870, 1636468150481, 611, 261, 350, 0, 0, 0
2940, 1, 1636468149648, 1636468150525, 877, 530, 347, 0, 0, 0
2944, 1, 1636468149999, 1636468150609, 610, 263, 347, 0, 0, 0
2945, 1, 1636468150003, 1636468150613, 610, 262, 348, 0, 1, 1
2946, 1, 1636468150146, 1636468150757, 611, 263, 348, 0, 1, 1
2947, 1, 1636468150392, 1636468151005, 613, 262, 351, 1, 0, 1
2949, 1, 1636468150411, 1636468151029, 618, 263, 355, 0, 1, 1
2950, 1, 1636468150452, 1636468151065, 613, 262, 351, 0, 0, 0
2948, 1, 1636468150411, 1636468151105, 694, 347, 347, 1, 2, 3
2951, 1, 1636468150543, 1636468151157, 614, 267, 347, 0, 2, 2
2952, 1, 1636468150547, 1636468151377, 830, 482, 348, 0, 0, 0
2953, 1, 1636468150785, 1636468151401, 616, 262, 354, 0, 1, 1
2954, 1, 1636468150894, 1636468151504, 610, 262, 348, 0, 0, 0
2955, 1, 1636468151213, 1636468151825, 612, 262, 350, 0, 0, 0
2956, 1, 1636468151267, 1636468151877, 610, 262, 348, 0, 0, 0
2957, 1, 1636468151363, 1636468151973, 610, 262, 348, 0, 0, 0
2958, 1, 1636468151414, 1636468152021, 607, 262, 345, 0, 0, 0
2959, 1, 1636468151586, 1636468152197, 611, 262, 349, 0, 0, 0
2961, 1, 1636468151776, 1636468152385, 609, 260, 349, 1, 0, 1
2962, 1, 1636468151778, 1636468152385, 607, 262, 345, 2, 0, 2
2963, 1, 1636468151807, 1636468152413, 606, 262, 344, 0, 0, 0
2964, 1, 1636468151887, 1636468152496, 609, 262, 347, 1, 0, 1
2960, 1, 1636468151709, 1636468152544, 835, 486, 349, 0, 0, 0
2965, 1, 1636468152053, 1636468152665, 612, 262, 350, 0, 0, 0
2966, 1, 1636468152074, 1636468152729, 655, 310, 345, 0, 0, 0
2969, 1, 1636468152449, 1636468153065, 616, 263, 353, 1, 1, 2
2967, 1, 1636468152305, 1636468153077, 772, 422, 350, 0, 0, 0
2970, 1, 1636468152493, 1636468153109, 616, 263, 353, 1, 0, 1
2971, 1, 1636468152507, 1636468153117, 610, 262, 348, 1, 0, 1
2968, 1, 1636468152441, 1636468153424, 983, 634, 349, 0, 1, 1
2973, 1, 1636468152825, 1636468153437, 612, 262, 350, 0, 0, 0
2972, 1, 1636468152555, 1636468153457, 902, 555, 347, 1, 0, 1
2974, 1, 1636468152847, 1636468153461, 614, 266, 348, 0, 0, 0
2975, 1, 1636468153119, 1636468153729, 610, 262, 348, 0, 0, 0
2976, 1, 1636468153198, 1636468153809, 611, 262, 349, 0, 0, 0
2977, 1, 1636468153411, 1636468154021, 610, 263, 347, 0, 0, 0
2978, 1, 1636468153446, 1636468154061, 615, 262, 353, 0, 0, 0
2979, 1, 1636468153701, 1636468154309, 608, 262, 346, 0, 0, 0
2980, 1, 1636468153704, 1636468154313, 609, 262, 347, 0, 0, 0
2981, 1, 1636468153769, 1636468154381, 612, 263, 349, 0, 1, 1
2983, 1, 1636468153863, 1636468154477, 614, 262, 352, 0, 0, 0
2984, 1, 1636468153911, 1636468154520, 609, 262, 347, 0, 0, 0
2985, 1, 1636468153984, 1636468154605, 621, 266, 355, 1, 0, 1
2986, 1, 1636468154029, 1636468154641, 612, 263, 349, 1, 0, 1
2982, 1, 1636468153818, 1636468154653, 835, 490, 345, 1, 0, 1
2987, 1, 1636468154286, 1636468154989, 703, 354, 349, 0, 0, 0
2988, 1, 1636468154437, 1636468155049, 612, 261, 351, 1, 0, 1
2989, 1, 1636468154439, 1636468155049, 610, 263, 347, 2, 0, 2
2990, 1, 1636468154510, 1636468155121, 611, 262, 349, 0, 0, 0
2991, 1, 1636468154531, 1636468155145, 614, 262, 352, 0, 0, 0
2993, 1, 1636468154707, 1636468155317, 610, 262, 348, 0, 0, 0
2994, 1, 1636468154758, 1636468155369, 611, 262, 349, 0, 0, 0
2992, 1, 1636468154590, 1636468155473, 883, 534, 349, 0, 0, 0
2995, 1, 1636468155080, 1636468155693, 613, 262, 351, 0, 0, 0
2996, 1, 1636468155254, 1636468155865, 611, 262, 349, 0, 0, 0
2997, 1, 1636468155276, 1636468155889, 613, 262, 351, 0, 0, 0
2998, 1, 1636468155463, 1636468156073, 610, 262, 348, 0, 0, 0
2999, 1, 1636468155584, 1636468156193, 609, 262, 347, 0, 0, 0
3000, 1, 1636468155690, 1636468156301, 611, 262, 349, 0, 0, 0
3002, 1, 1636468155839, 1636468156449, 610, 263, 347, 0, 1, 1
3003, 1, 1636468155927, 1636468156533, 606, 262, 344, 1, 0, 1
3001, 1, 1636468155793, 1636468156537, 744, 398, 346, 0, 0, 0
3004, 1, 1636468155955, 1636468156565, 610, 262, 348, 0, 0, 0
3006, 1, 1636468155977, 1636468156589, 612, 262, 350, 0, 0, 0
3005, 1, 1636468155975, 1636468156649, 674, 326, 348, 0, 0, 0
3008, 1, 1636468156321, 1636468156941, 620, 266, 354, 0, 0, 0
3007, 1, 1636468156160, 1636468156996, 836, 486, 350, 0, 0, 0
3009, 1, 1636468156520, 1636468157137, 617, 262, 355, 0, 1, 1
3010, 1, 1636468156548, 1636468157165, 617, 262, 355, 0, 0, 0
3011, 1, 1636468156603, 1636468157217, 614, 262, 352, 0, 1, 1
3014, 1, 1636468156661, 1636468157269, 608, 262, 346, 0, 0, 0
3013, 1, 1636468156629, 1636468157340, 711, 358, 353, 0, 0, 0
3012, 1, 1636468156625, 1636468157565, 940, 590, 350, 0, 0, 0
3015, 1, 1636468157002, 1636468157689, 687, 339, 348, 0, 0, 0
3016, 1, 1636468157249, 1636468157861, 612, 262, 350, 0, 0, 0
3017, 1, 1636468157272, 1636468157881, 609, 262, 347, 0, 0, 0
3018, 1, 1636468157578, 1636468158185, 607, 263, 344, 0, 0, 0
3019, 1, 1636468157581, 1636468158189, 608, 262, 346, 0, 2, 2
3020, 1, 1636468157664, 1636468158277, 613, 262, 351, 0, 0, 0
3022, 1, 1636468157856, 1636468158469, 613, 262, 351, 0, 2, 2
3023, 1, 1636468157877, 1636468158489, 612, 262, 350, 0, 0, 0
3024, 1, 1636468157908, 1636468158521, 613, 262, 351, 0, 0, 0
3021, 1, 1636468157782, 1636468158537, 755, 406, 349, 0, 0, 0
3025, 1, 1636468157981, 1636468158597, 616, 262, 354, 0, 0, 0
3026, 1, 1636468158031, 1636468158641, 610, 263, 347, 1, 1, 2
3028, 1, 1636468158269, 1636468158885, 616, 266, 350, 0, 0, 0
3027, 1, 1636468158256, 1636468158989, 733, 382, 351, 0, 0, 0
3029, 1, 1636468158534, 1636468159141, 607, 262, 345, 1, 1, 2
3030, 1, 1636468158537, 1636468159144, 607, 262, 345, 0, 1, 1
3031, 1, 1636468158602, 1636468159213, 611, 262, 349, 0, 0, 0
3033, 1, 1636468158663, 1636468159273, 610, 263, 347, 1, 0, 1
3034, 1, 1636468158742, 1636468159353, 611, 262, 349, 0, 0, 0
3032, 1, 1636468158621, 1636468159493, 872, 518, 354, 1, 0, 1
3035, 1, 1636468158964, 1636468159577, 613, 262, 351, 0, 0, 0
3036, 1, 1636468159326, 1636468159937, 611, 262, 349, 0, 0, 0
3037, 1, 1636468159374, 1636468159997, 623, 267, 356, 0, 0, 0
3038, 1, 1636468159445, 1636468160056, 611, 262, 349, 0, 0, 0
3039, 1, 1636468159462, 1636468160085, 623, 266, 357, 0, 0, 0
3041, 1, 1636468159790, 1636468160401, 611, 263, 348, 2, 0, 2
3042, 1, 1636468159790, 1636468160401, 611, 263, 348, 2, 0, 2
3040, 1, 1636468159732, 1636468160404, 672, 326, 346, 0, 1, 1
3043, 1, 1636468159851, 1636468160461, 610, 262, 348, 0, 0, 0
3044, 1, 1636468159911, 1636468160521, 610, 262, 348, 1, 1, 2
3045, 1, 1636468159970, 1636468160585, 615, 266, 349, 0, 0, 0
3046, 1, 1636468160040, 1636468160653, 613, 267, 346, 1, 0, 1
3047, 1, 1636468160243, 1636468160853, 610, 262, 348, 0, 0, 0
3048, 1, 1636468160361, 1636468161001, 640, 290, 350, 0, 0, 0
3049, 1, 1636468160531, 1636468161153, 622, 270, 352, 0, 0, 0
3051, 1, 1636468160589, 1636468161197, 608, 262, 346, 0, 0, 0
3052, 1, 1636468160594, 1636468161213, 619, 267, 352, 1, 1, 2
3053, 1, 1636468160727, 1636468161341, 614, 262, 352, 0, 0, 0
3054, 1, 1636468160751, 1636468161361, 610, 262, 348, 0, 0, 0
3050, 1, 1636468160568, 1636468161501, 933, 578, 355, 0, 0, 0
3055, 1, 1636468161089, 1636468161697, 608, 262, 346, 0, 0, 0
3056, 1, 1636468161258, 1636468161869, 611, 262, 349, 0, 0, 0
3057, 1, 1636468161325, 1636468161941, 616, 262, 354, 0, 0, 0
3058, 1, 1636468161418, 1636468162033, 615, 266, 349, 0, 0, 0
3059, 1, 1636468161432, 1636468162045, 613, 263, 350, 1, 1, 2
3061, 1, 1636468161713, 1636468162325, 612, 262, 350, 0, 1, 1
3062, 1, 1636468161740, 1636468162353, 613, 263, 350, 0, 0, 0
3060, 1, 1636468161711, 1636468162381, 670, 323, 347, 0, 2, 2
3063, 1, 1636468161793, 1636468162405, 612, 262, 350, 0, 0, 0
3064, 1, 1636468161876, 1636468162489, 613, 262, 351, 0, 0, 0
3065, 1, 1636468161901, 1636468162513, 612, 262, 350, 0, 0, 0
3066, 1, 1636468161989, 1636468162601, 612, 263, 349, 1, 0, 1
3067, 1, 1636468162265, 1636468162945, 680, 335, 345, 0, 1, 1
3068, 1, 1636468162368, 1636468162981, 613, 262, 351, 0, 0, 0
3069, 1, 1636468162473, 1636468163085, 612, 262, 350, 0, 0, 0
3070, 1, 1636468162476, 1636468163093, 617, 266, 351, 1, 0, 1
3071, 1, 1636468162480, 1636468163105, 625, 262, 363, 0, 0, 0
3073, 1, 1636468162676, 1636468163289, 613, 263, 350, 1, 0, 1
3074, 1, 1636468162723, 1636468163337, 614, 263, 351, 1, 0, 1
3072, 1, 1636468162513, 1636468163457, 944, 590, 354, 1, 0, 1
3075, 1, 1636468163073, 1636468163685, 612, 263, 349, 0, 0, 0
3076, 1, 1636468163140, 1636468163753, 613, 262, 351, 0, 0, 0
3078, 1, 1636468163354, 1636468163973, 619, 262, 357, 0, 0, 0
3077, 1, 1636468163300, 1636468164033, 733, 386, 347, 0, 0, 0
3079, 1, 1636468163543, 1636468164153, 610, 262, 348, 0, 0, 0
3080, 1, 1636468163686, 1636468164301, 615, 266, 349, 0, 1, 1
3082, 1, 1636468163716, 1636468164329, 613, 262, 351, 0, 0, 0
3081, 1, 1636468163715, 1636468164381, 666, 319, 347, 1, 1, 2
3083, 1, 1636468163784, 1636468164408, 624, 263, 361, 2, 0, 2
3084, 1, 1636468163788, 1636468164501, 713, 358, 355, 2, 0, 2
3086, 1, 1636468163917, 1636468164529, 612, 262, 350, 0, 0, 0
3085, 1, 1636468163825, 1636468164725, 900, 554, 346, 0, 0, 0
3087, 1, 1636468164239, 1636468164877, 638, 291, 347, 1, 0, 1
3089, 1, 1636468164354, 1636468164965, 611, 261, 350, 1, 0, 1
3090, 1, 1636468164398, 1636468165009, 611, 263, 348, 1, 0, 1
3088, 1, 1636468164316, 1636468165073, 757, 406, 351, 0, 0, 0
3091, 1, 1636468164471, 1636468165081, 610, 262, 348, 0, 0, 0
3094, 1, 1636468164651, 1636468165269, 618, 267, 351, 2, 0, 2
3093, 1, 1636468164650, 1636468165421, 771, 419, 352, 2, 0, 2
3092, 1, 1636468164487, 1636468165429, 942, 586, 356, 0, 0, 0
3096, 1, 1636468165063, 1636468165677, 614, 262, 352, 0, 0, 0
3095, 1, 1636468165047, 1636468165777, 730, 375, 355, 0, 0, 0
3097, 1, 1636468165260, 1636468165868, 608, 263, 345, 0, 0, 0
3098, 1, 1636468165328, 1636468165941, 613, 262, 351, 0, 0, 0
3099, 1, 1636468165493, 1636468166125, 632, 282, 350, 0, 1, 1
3100, 1, 1636468165667, 1636468166281, 614, 262, 352, 0, 0, 0
3101, 1, 1636468165689, 1636468166301, 612, 262, 350, 0, 0, 0
3103, 1, 1636468165732, 1636468166345, 613, 267, 346, 1, 0, 1
3105, 1, 1636468165812, 1636468166425, 613, 262, 351, 0, 0, 0
3102, 1, 1636468165701, 1636468166481, 780, 414, 366, 0, 0, 0
3106, 1, 1636468165936, 1636468166553, 617, 266, 351, 0, 0, 0
3104, 1, 1636468165808, 1636468166833, 1025, 670, 355, 0, 0, 0
3108, 1, 1636468166277, 1636468166885, 608, 262, 346, 0, 1, 1
3109, 1, 1636468166287, 1636468166897, 610, 263, 347, 0, 0, 0
3110, 1, 1636468166371, 1636468166985, 614, 262, 352, 0, 0, 0
3111, 1, 1636468166531, 1636468167141, 610, 262, 348, 0, 0, 0
3112, 1, 1636468166564, 1636468167185, 621, 266, 355, 1, 0, 1
3107, 1, 1636468166210, 1636468167185, 975, 622, 353, 1, 1, 2
3114, 1, 1636468166598, 1636468167205, 607, 262, 345, 0, 0, 0
3113, 1, 1636468166595, 1636468167489, 894, 546, 348, 0, 0, 0
3115, 1, 1636468167007, 1636468167620, 613, 262, 351, 0, 0, 0
3116, 1, 1636468167037, 1636468167648, 611, 262, 349, 0, 0, 0
3117, 1, 1636468167244, 1636468167861, 617, 266, 351, 0, 0, 0
3118, 1, 1636468167439, 1636468168049, 610, 262, 348, 0, 0, 0
3119, 1, 1636468167453, 1636468168065, 612, 262, 350, 0, 0, 0
3120, 1, 1636468167593, 1636468168208, 615, 266, 349, 0, 0, 0
3122, 1, 1636468167705, 1636468168313, 608, 262, 346, 0, 1, 1
3123, 1, 1636468167738, 1636468168349, 611, 262, 349, 0, 0, 0
3121, 1, 1636468167600, 1636468168397, 797, 446, 351, 0, 1, 1
3125, 1, 1636468167813, 1636468168424, 611, 262, 349, 0, 0, 0
3126, 1, 1636468168064, 1636468168681, 617, 266, 351, 0, 0, 0
3124, 1, 1636468167761, 1636468168749, 988, 634, 354, 0, 0, 0
3127, 1, 1636468168151, 1636468168764, 613, 266, 347, 0, 0, 0
3128, 1, 1636468168177, 1636468168789, 612, 262, 350, 0, 0, 0
3129, 1, 1636468168415, 1636468169029, 614, 263, 351, 0, 0, 0
3130, 1, 1636468168480, 1636468169101, 621, 262, 359, 0, 0, 0
3131, 1, 1636468168496, 1636468169109, 613, 262, 351, 0, 1, 1
3132, 1, 1636468168508, 1636468169120, 612, 262, 350, 0, 0, 0
3133, 1, 1636468168583, 1636468169193, 610, 262, 348, 0, 0, 0
3134, 1, 1636468168589, 1636468169445, 856, 510, 346, 0, 0, 0
3135, 1, 1636468168932, 1636468169545, 613, 262, 351, 0, 0, 0
3136, 1, 1636468169163, 1636468169772, 609, 262, 347, 0, 0, 0
3137, 1, 1636468169315, 1636468169925, 610, 262, 348, 1, 0, 1
3138, 1, 1636468169358, 1636468169969, 611, 263, 348, 2, 1, 3
3139, 1, 1636468169401, 1636468170025, 624, 266, 358, 1, 0, 1
3140, 1, 1636468169542, 1636468170273, 731, 382, 349, 0, 1, 1
3141, 1, 1636468169663, 1636468170273, 610, 262, 348, 0, 0, 0
3143, 1, 1636468169708, 1636468170333, 625, 271, 354, 0, 0, 0
3144, 1, 1636468169729, 1636468170345, 616, 262, 354, 0, 0, 0
3142, 1, 1636468169697, 1636468170373, 676, 326, 350, 0, 0, 0
3146, 1, 1636468170057, 1636468170673, 616, 264, 352, 0, 2, 2
3145, 1, 1636468169762, 1636468170721, 959, 606, 353, 1, 0, 1
3147, 1, 1636468170101, 1636468170721, 620, 271, 349, 1, 0, 1
3148, 1, 1636468170275, 1636468170885, 610, 262, 348, 0, 0, 0
3150, 1, 1636468170408, 1636468171021, 613, 262, 351, 0, 0, 0
3149, 1, 1636468170387, 1636468171069, 682, 326, 356, 0, 0, 0
3153, 1, 1636468170643, 1636468171253, 610, 262, 348, 0, 0, 0
3154, 1, 1636468170697, 1636468171308, 611, 262, 349, 0, 0, 0
3155, 1, 1636468171046, 1636468171661, 615, 262, 353, 0, 0, 0
3157, 1, 1636468171241, 1636468171853, 612, 262, 350, 1, 0, 1
3159, 1, 1636468171314, 1636468171925, 611, 262, 349, 0, 0, 0
3160, 1, 1636468171461, 1636468172201, 740, 390, 350, 1, 0, 1
3162, 1, 1636468171590, 1636468172201, 611, 262, 349, 1, 0, 1
3161, 1, 1636468171576, 1636468172273, 697, 346, 351, 0, 0, 0
3165, 1, 1636468171777, 1636468172392, 615, 266, 349, 0, 0, 0
3166, 1, 1636468171969, 1636468172585, 616, 267, 349, 0, 1, 1
3167, 1, 1636468172189, 1636468172801, 612, 262, 350, 0, 1, 1
3169, 1, 1636468172320, 1636468172937, 617, 262, 355, 0, 0, 0
3152, 2, 1636468170502, 1636468172942, 2440, 0, 2440, 0, 0, 0
3151, 2, 1636468170445, 1636468172943, 2498, 0, 2498, 0, 1, 1
3170, 1, 1636468172361, 1636468172977, 616, 262, 354, 0, 0, 0
3171, 1, 1636468172653, 1636468173269, 616, 266, 350, 0, 0, 0
3172, 1, 1636468172660, 1636468173272, 612, 262, 350, 0, 1, 1
3156, 2, 1636468171112, 1636468173334, 2222, 0, 2222, 0, 0, 0
3158, 2, 1636468171309, 1636468173530, 2221, 0, 2221, 0, 0, 0
3173, 1, 1636468173003, 1636468173617, 614, 267, 347, 1, 1, 2
3174, 1, 1636468173029, 1636468173689, 660, 262, 398, 0, 0, 0
3175, 1, 1636468173029, 1636468173689, 660, 262, 398, 0, 1, 1
3176, 1, 1636468173178, 1636468173793, 615, 266, 349, 1, 0, 1
3163, 2, 1636468171678, 1636468173898, 2220, 0, 2220, 0, 0, 0
3164, 2, 1636468171693, 1636468173915, 2222, 0, 2222, 0, 0, 0
3177, 1, 1636468173355, 1636468173961, 606, 262, 344, 0, 0, 0
3178, 1, 1636468173425, 1636468174081, 656, 262, 394, 0, 0, 0
3180, 1, 1636468173515, 1636468174129, 614, 263, 351, 1, 0, 1
3179, 1, 1636468173456, 1636468174141, 685, 330, 355, 0, 0, 0
3182, 1, 1636468173621, 1636468174277, 656, 262, 394, 0, 1, 1
3181, 1, 1636468173537, 1636468174309, 772, 422, 350, 0, 1, 1
3183, 1, 1636468173734, 1636468174345, 611, 262, 349, 0, 0, 0
3168, 1, 1636468172224, 1636468174397, 2173, 1818, 355, 0, 0, 0
3184, 1, 1636468173936, 1636468174549, 613, 262, 351, 0, 0, 0
3185, 1, 1636468173989, 1636468174644, 655, 262, 393, 0, 0, 0
3186, 1, 1636468174001, 1636468174653, 652, 266, 386, 1, 0, 1
3187, 1, 1636468174145, 1636468174757, 612, 262, 350, 0, 0, 0
3189, 1, 1636468174287, 1636468174893, 606, 263, 343, 1, 0, 1
3188, 1, 1636468174287, 1636468174896, 609, 263, 346, 1, 1, 2
3190, 1, 1636468174412, 1636468175065, 653, 263, 390, 0, 0, 0
3191, 1, 1636468174516, 1636468175125, 609, 262, 347, 0, 0, 0
3192, 1, 1636468174610, 1636468175225, 615, 263, 352, 0, 1, 1
3193, 1, 1636468174867, 1636468175481, 614, 262, 352, 0, 0, 0
3194, 1, 1636468175019, 1636468175625, 606, 263, 343, 0, 0, 0
3195, 1, 1636468175053, 1636468175669, 616, 262, 354, 0, 0, 0
3196, 1, 1636468175263, 1636468175873, 610, 262, 348, 0, 0, 0
3197, 1, 1636468175272, 1636468175885, 613, 262, 351, 0, 0, 0
3198, 1, 1636468175438, 1636468176052, 614, 267, 347, 1, 0, 1
3201, 1, 1636468175598, 1636468176213, 615, 267, 348, 0, 0, 0
3199, 1, 1636468175495, 1636468176221, 726, 378, 348, 1, 0, 1
3202, 1, 1636468175609, 1636468176221, 612, 262, 350, 0, 0, 0
3200, 1, 1636468175507, 1636468176233, 726, 374, 352, 0, 1, 1
3203, 1, 1636468175630, 1636468176249, 619, 268, 351, 0, 1, 1
3204, 1, 1636468175963, 1636468176577, 614, 266, 348, 1, 0, 1
3205, 1, 1636468175979, 1636468176588, 609, 262, 347, 0, 0, 0
3206, 1, 1636468176007, 1636468176617, 610, 267, 343, 0, 0, 0
3207, 1, 1636468176012, 1636468176621, 609, 262, 347, 0, 0, 0
3208, 1, 1636468176330, 1636468176941, 611, 263, 348, 1, 0, 1
3209, 1, 1636468176404, 1636468177017, 613, 262, 351, 0, 0, 0
3210, 1, 1636468176421, 1636468177037, 616, 262, 354, 0, 0, 0
3211, 1, 1636468176538, 1636468177149, 611, 262, 349, 0, 0, 0
3212, 1, 1636468176645, 1636468177252, 607, 262, 345, 0, 0, 0
3213, 1, 1636468176952, 1636468177597, 645, 302, 343, 1, 0, 1
3214, 1, 1636468177001, 1636468177613, 612, 262, 350, 0, 0, 0
3215, 1, 1636468177134, 1636468177749, 615, 262, 353, 0, 0, 0
3216, 1, 1636468177157, 1636468177769, 612, 263, 349, 0, 0, 0
3217, 1, 1636468177160, 1636468177777, 617, 267, 350, 0, 1, 1
3219, 1, 1636468177496, 1636468178109, 613, 262, 351, 0, 0, 0
3218, 1, 1636468177412, 1636468178113, 701, 351, 350, 0, 1, 1
3220, 1, 1636468177532, 1636468178141, 609, 262, 347, 0, 0, 0
3221, 1, 1636468177545, 1636468178161, 616, 266, 350, 0, 0, 0
3222, 1, 1636468177586, 1636468178197, 611, 262, 349, 1, 0, 1
3223, 1, 1636468177683, 1636468178297, 614, 266, 348, 2, 0, 2
3224, 1, 1636468177877, 1636468178489, 612, 262, 350, 0, 0, 0
3225, 1, 1636468177885, 1636468178493, 608, 262, 346, 0, 1, 1
3226, 1, 1636468178022, 1636468178629, 607, 262, 345, 1, 0, 1
3227, 1, 1636468178092, 1636468178705, 613, 262, 351, 0, 0, 0
3228, 1, 1636468178228, 1636468178837, 609, 262, 347, 0, 0, 0
3229, 1, 1636468178360, 1636468178968, 608, 262, 346, 0, 0, 0
3230, 1, 1636468178528, 1636468179141, 613, 262, 351, 0, 0, 0
3231, 1, 1636468178559, 1636468179165, 606, 262, 344, 0, 0, 0
3232, 1, 1636468178566, 1636468179173, 607, 262, 345, 0, 0, 0
3233, 1, 1636468178867, 1636468179477, 610, 263, 347, 0, 0, 0
3234, 1, 1636468178873, 1636468179521, 648, 298, 350, 0, 0, 0
3235, 1, 1636468179083, 1636468179693, 610, 262, 348, 0, 0, 0
3236, 1, 1636468179091, 1636468179705, 614, 263, 351, 1, 0, 1
3237, 1, 1636468179219, 1636468179828, 609, 262, 347, 0, 0, 0
3238, 1, 1636468179338, 1636468180053, 715, 366, 349, 0, 0, 0
3239, 1, 1636468179450, 1636468180065, 615, 262, 353, 0, 0, 0
3240, 1, 1636468179466, 1636468180085, 619, 266, 353, 0, 0, 0
3241, 1, 1636468179469, 1636468180085, 616, 266, 350, 0, 0, 0
3242, 1, 1636468179578, 1636468180189, 611, 262, 349, 0, 0, 0
3243, 1, 1636468179582, 1636468180193, 611, 262, 349, 0, 1, 1
3244, 1, 1636468179818, 1636468180436, 618, 266, 352, 0, 0, 0
3245, 1, 1636468179907, 1636468180521, 614, 262, 352, 0, 0, 0
3246, 1, 1636468179986, 1636468180597, 611, 262, 349, 0, 0, 0
3247, 1, 1636468180005, 1636468180621, 616, 262, 354, 0, 0, 0
3248, 1, 1636468180256, 1636468180873, 617, 266, 351, 0, 0, 0
3249, 1, 1636468180279, 1636468180896, 617, 266, 351, 0, 0, 0
3250, 1, 1636468180446, 1636468181056, 610, 262, 348, 0, 0, 0
3251, 1, 1636468180451, 1636468181069, 618, 266, 352, 1, 0, 1
3252, 1, 1636468180611, 1636468181220, 609, 262, 347, 0, 0, 0
3253, 1, 1636468180847, 1636468181457, 610, 262, 348, 0, 0, 0
3254, 1, 1636468180949, 1636468181561, 612, 262, 350, 0, 0, 0
3255, 1, 1636468180959, 1636468181573, 614, 265, 349, 0, 0, 0
3256, 1, 1636468181113, 1636468181729, 616, 262, 354, 0, 0, 0
3257, 1, 1636468181132, 1636468181745, 613, 262, 351, 0, 0, 0
3258, 1, 1636468181335, 1636468181949, 614, 262, 352, 0, 0, 0
3260, 1, 1636468181475, 1636468182085, 610, 262, 348, 0, 0, 0
3259, 1, 1636468181403, 1636468182092, 689, 342, 347, 0, 0, 0
3261, 1, 1636468181512, 1636468182129, 617, 263, 354, 0, 0, 0
3262, 1, 1636468181536, 1636468182148, 612, 263, 349, 0, 0, 0
3263, 1, 1636468181573, 1636468182185, 612, 266, 346, 0, 0, 0
3264, 1, 1636468181829, 1636468182441, 612, 262, 350, 1, 0, 1
3265, 1, 1636468181872, 1636468182485, 613, 264, 349, 1, 1, 2
3267, 1, 1636468181920, 1636468182537, 617, 266, 351, 1, 0, 1
3266, 1, 1636468181910, 1636468182541, 631, 277, 354, 0, 0, 0
3268, 1, 1636468182178, 1636468182789, 611, 262, 349, 0, 0, 0
3269, 1, 1636468182318, 1636468182929, 611, 262, 349, 0, 1, 1
3270, 1, 1636468182364, 1636468182977, 613, 262, 351, 0, 0, 0
3271, 1, 1636468182486, 1636468183101, 615, 266, 349, 0, 0, 0
3272, 1, 1636468182603, 1636468183217, 614, 262, 352, 0, 0, 0
3273, 1, 1636468182893, 1636468183505, 612, 262, 350, 0, 0, 0
3274, 1, 1636468183041, 1636468183653, 612, 262, 350, 0, 0, 0
3275, 1, 1636468183047, 1636468183653, 606, 262, 344, 0, 1, 1
3276, 1, 1636468183087, 1636468183696, 609, 263, 346, 1, 0, 1
3277, 1, 1636468183158, 1636468183773, 615, 263, 352, 0, 0, 0
3278, 1, 1636468183410, 1636468184024, 614, 266, 348, 0, 0, 0
3279, 1, 1636468183428, 1636468184040, 612, 262, 350, 1, 0, 1
3280, 1, 1636468183431, 1636468184040, 609, 263, 346, 1, 1, 2
3281, 1, 1636468183478, 1636468184117, 639, 294, 345, 0, 0, 0
3282, 1, 1636468183552, 1636468184165, 613, 262, 351, 0, 0, 0
3283, 1, 1636468183700, 1636468184313, 613, 262, 351, 0, 0, 0
3284, 1, 1636468183714, 1636468184329, 615, 262, 353, 0, 0, 0
3286, 1, 1636468183961, 1636468184573, 612, 262, 350, 0, 0, 0
3287, 1, 1636468183964, 1636468184585, 621, 262, 359, 0, 0, 0
3285, 1, 1636468183924, 1636468184661, 737, 386, 351, 1, 0, 1
3288, 1, 1636468184063, 1636468184681, 618, 266, 352, 0, 0, 0
3289, 1, 1636468184258, 1636468184876, 618, 266, 352, 0, 0, 0
3290, 1, 1636468184410, 1636468185021, 611, 262, 349, 0, 0, 0
3291, 1, 1636468184512, 1636468185125, 613, 262, 351, 0, 0, 0
3292, 1, 1636468184516, 1636468185133, 617, 266, 351, 0, 0, 0
3293, 1, 1636468184919, 1636468185525, 606, 263, 343, 0, 0, 0
3295, 1, 1636468185093, 1636468185705, 612, 262, 350, 0, 0, 0
3294, 1, 1636468185085, 1636468185705, 620, 262, 358, 0, 0, 0
3296, 1, 1636468185168, 1636468185781, 613, 262, 351, 0, 0, 0
3297, 1, 1636468185279, 1636468185893, 614, 268, 346, 0, 0, 0
3298, 1, 1636468185365, 1636468185981, 616, 266, 350, 1, 0, 1
3299, 1, 1636468185450, 1636468186061, 611, 262, 349, 0, 0, 0
3301, 1, 1636468185555, 1636468186165, 610, 262, 348, 0, 0, 0
3302, 1, 1636468185579, 1636468186189, 610, 262, 348, 0, 0, 0
3300, 1, 1636468185499, 1636468186237, 738, 391, 347, 0, 0, 0
3303, 1, 1636468185699, 1636468186309, 610, 262, 348, 0, 0, 0
3304, 1, 1636468185821, 1636468186433, 612, 262, 350, 0, 0, 0
3306, 1, 1636468185987, 1636468186600, 613, 262, 351, 0, 0, 0
3307, 1, 1636468186040, 1636468186653, 613, 262, 351, 0, 0, 0
3305, 1, 1636468185881, 1636468186660, 779, 423, 356, 0, 1, 1
3308, 1, 1636468186170, 1636468186781, 611, 262, 349, 0, 0, 0
3309, 1, 1636468186193, 1636468186805, 612, 262, 350, 0, 0, 0
3310, 1, 1636468186482, 1636468187089, 607, 262, 345, 0, 0, 0
3311, 1, 1636468186536, 1636468187149, 613, 262, 351, 0, 0, 0
3312, 1, 1636468186633, 1636468187245, 612, 262, 350, 0, 0, 0
3313, 1, 1636468187013, 1636468187625, 612, 262, 350, 0, 0, 0
3314, 1, 1636468187030, 1636468187641, 611, 262, 349, 0, 0, 0
3315, 1, 1636468187118, 1636468187729, 611, 262, 349, 0, 0, 0
3316, 1, 1636468187167, 1636468187773, 606, 262, 344, 0, 0, 0
3317, 1, 1636468187288, 1636468187901, 613, 262, 351, 0, 0, 0
3318, 1, 1636468187404, 1636468188020, 616, 262, 354, 0, 1, 1
3319, 1, 1636468187477, 1636468188089, 612, 262, 350, 0, 1, 1
3321, 1, 1636468187554, 1636468188161, 607, 262, 345, 1, 1, 2
3320, 1, 1636468187519, 1636468188248, 729, 379, 350, 0, 1, 1
3322, 1, 1636468187642, 1636468188252, 610, 262, 348, 1, 0, 1
3323, 1, 1636468187674, 1636468188288, 614, 262, 352, 0, 0, 0
3325, 1, 1636468187842, 1636468188453, 611, 262, 349, 0, 0, 0
3324, 1, 1636468187795, 1636468188605, 810, 458, 352, 0, 0, 0
3326, 1, 1636468188038, 1636468188657, 619, 262, 357, 0, 0, 0
3327, 1, 1636468188109, 1636468188725, 616, 262, 354, 0, 0, 0
3328, 1, 1636468188191, 1636468188801, 610, 262, 348, 1, 0, 1
3329, 1, 1636468188234, 1636468188849, 615, 267, 348, 1, 0, 1
3330, 1, 1636468188513, 1636468189133, 620, 266, 354, 0, 0, 0
3331, 1, 1636468188536, 1636468189149, 613, 262, 351, 0, 0, 0
3332, 1, 1636468188641, 1636468189253, 612, 262, 350, 0, 0, 0
3333, 1, 1636468188979, 1636468189589, 610, 263, 347, 1, 1, 2
3334, 1, 1636468189021, 1636468189633, 612, 265, 347, 1, 1, 2
3335, 1, 1636468189107, 1636468189716, 609, 262, 347, 0, 0, 0
3336, 1, 1636468189239, 1636468189848, 609, 262, 347, 0, 0, 0
3338, 1, 1636468189431, 1636468190045, 614, 262, 352, 0, 0, 0
3339, 1, 1636468189494, 1636468190105, 611, 262, 349, 0, 0, 0
3337, 1, 1636468189347, 1636468190193, 846, 504, 342, 0, 2, 2
3341, 1, 1636468189590, 1636468190201, 611, 263, 348, 1, 1, 2
3343, 1, 1636468189682, 1636468190297, 615, 262, 353, 0, 0, 0
3344, 1, 1636468189713, 1636468190553, 840, 490, 350, 0, 0, 0
3345, 1, 1636468189968, 1636468190577, 609, 262, 347, 0, 0, 0
3346, 1, 1636468189983, 1636468190597, 614, 266, 348, 0, 0, 0
3347, 1, 1636468190116, 1636468190737, 621, 266, 355, 0, 0, 0
3348, 1, 1636468190259, 1636468190873, 614, 266, 348, 0, 0, 0
3349, 1, 1636468190317, 1636468190933, 616, 262, 354, 0, 0, 0
3350, 1, 1636468190480, 1636468191097, 617, 266, 351, 0, 0, 0
3351, 1, 1636468190500, 1636468191113, 613, 262, 351, 0, 0, 0
3353, 1, 1636468190874, 1636468191489, 615, 262, 353, 0, 0, 0
3355, 1, 1636468191096, 1636468191709, 613, 266, 347, 0, 0, 0
3356, 1, 1636468191247, 1636468191861, 614, 266, 348, 0, 0, 0
3357, 1, 1636468191429, 1636468192041, 612, 263, 349, 0, 0, 0
3358, 1, 1636468191443, 1636468192061, 618, 262, 356, 0, 0, 0
3340, 2, 1636468189590, 1636468192071, 2481, 1, 2480, 2, 0, 2
3342, 2, 1636468189597, 1636468192071, 2474, 0, 2474, 0, 1, 1
3359, 1, 1636468191485, 1636468192105, 620, 266, 354, 0, 0, 0
3363, 1, 1636468191834, 1636468192449, 615, 262, 353, 0, 0, 0
3361, 1, 1636468191607, 1636468192453, 846, 498, 348, 1, 0, 1
3364, 1, 1636468191930, 1636468192541, 611, 262, 349, 1, 0, 1
3365, 1, 1636468192161, 1636468192817, 656, 262, 394, 0, 0, 0
3366, 1, 1636468192161, 1636468192817, 656, 264, 392, 3, 0, 3
3367, 1, 1636468192225, 1636468192837, 612, 262, 350, 0, 0, 0
3352, 2, 1636468190699, 1636468192918, 2219, 0, 2219, 0, 0, 0
3370, 1, 1636468192428, 1636468193053, 625, 266, 359, 0, 0, 0
3371, 1, 1636468192531, 1636468193145, 614, 263, 351, 0, 1, 1
3354, 2, 1636468191079, 1636468193298, 2219, 0, 2219, 0, 0, 0
3372, 1, 1636468192865, 1636468193476, 611, 262, 349, 0, 0, 0
3373, 1, 1636468192989, 1636468193601, 612, 262, 350, 0, 0, 0
3374, 1, 1636468193005, 1636468193661, 656, 262, 394, 0, 1, 1
3360, 2, 1636468191552, 1636468193774, 2222, 0, 2222, 0, 0, 0
3376, 1, 1636468193337, 1636468193949, 612, 262, 350, 0, 0, 0
3362, 2, 1636468191740, 1636468193962, 2222, 0, 2222, 0, 0, 0
3377, 1, 1636468193366, 1636468193977, 611, 262, 349, 0, 0, 0
3378, 1, 1636468193385, 1636468194041, 656, 263, 393, 0, 0, 0
3379, 1, 1636468193471, 1636468194081, 610, 263, 347, 0, 0, 0
3380, 1, 1636468193529, 1636468194321, 792, 446, 346, 0, 0, 0
3381, 1, 1636468193800, 1636468194416, 616, 262, 354, 0, 0, 0
3382, 1, 1636468193825, 1636468194437, 612, 262, 350, 0, 0, 0
3368, 2, 1636468192238, 1636468194458, 2220, 0, 2220, 0, 0, 0
3383, 1, 1636468193861, 1636468194517, 656, 263, 393, 1, 0, 1
3369, 2, 1636468192380, 1636468194602, 2222, 0, 2222, 1, 0, 1
3384, 1, 1636468194035, 1636468194649, 614, 262, 352, 0, 0, 0
3385, 1, 1636468194053, 1636468194709, 656, 262, 394, 0, 0, 0
3386, 1, 1636468194191, 1636468194801, 610, 263, 347, 0, 0, 0
3387, 1, 1636468194238, 1636468194849, 611, 262, 349, 0, 0, 0
3388, 1, 1636468194409, 1636468195021, 612, 262, 350, 0, 0, 0
3389, 1, 1636468194454, 1636468195065, 611, 267, 344, 1, 0, 1
3375, 1, 1636468193305, 1636468195077, 1772, 1426, 346, 0, 0, 0
3390, 1, 1636468194545, 1636468195205, 660, 266, 394, 0, 1, 1
3391, 1, 1636468194689, 1636468195348, 659, 266, 393, 0, 0, 0
3393, 1, 1636468194881, 1636468195489, 608, 262, 346, 0, 0, 0
3394, 1, 1636468194981, 1636468195589, 608, 262, 346, 0, 0, 0
3392, 1, 1636468194788, 1636468195701, 913, 550, 363, 0, 0, 0
3395, 1, 1636468195259, 1636468195869, 610, 262, 348, 0, 0, 0
3397, 1, 1636468195327, 1636468195936, 609, 262, 347, 0, 1, 1
3398, 1, 1636468195329, 1636468195945, 616, 266, 350, 0, 0, 0
3396, 1, 1636468195289, 1636468196045, 756, 411, 345, 0, 0, 0
3400, 1, 1636468195578, 1636468196189, 611, 266, 345, 0, 0, 0
3399, 1, 1636468195494, 1636468196393, 899, 550, 349, 0, 0, 0
3401, 1, 1636468195815, 1636468196425, 610, 262, 348, 0, 0, 0
3402, 1, 1636468195818, 1636468196433, 615, 267, 348, 0, 0, 0
3403, 1, 1636468195908, 1636468196517, 609, 263, 346, 0, 1, 1
3404, 1, 1636468195938, 1636468196553, 615, 266, 349, 0, 1, 1
3405, 1, 1636468195993, 1636468196601, 608, 263, 345, 1, 1, 2
3406, 1, 1636468196208, 1636468196829, 621, 266, 355, 0, 0, 0
3407, 1, 1636468196223, 1636468196832, 609, 266, 343, 0, 0, 0
3408, 1, 1636468196338, 1636468196948, 610, 262, 348, 1, 0, 1
3410, 1, 1636468196404, 1636468197016, 612, 266, 346, 0, 0, 0
3409, 1, 1636468196399, 1636468197016, 617, 262, 355, 1, 0, 1
3411, 1, 1636468196766, 1636468197372, 606, 262, 344, 0, 0, 0
3413, 1, 1636468196838, 1636468197444, 606, 264, 342, 1, 1, 2
3414, 1, 1636468196925, 1636468197533, 608, 258, 350, 0, 0, 0
3412, 1, 1636468196837, 1636468197720, 883, 535, 348, 1, 1, 2
3415, 1, 1636468197215, 1636468197820, 605, 263, 342, 0, 0, 0
3416, 1, 1636468197251, 1636468197880, 629, 286, 343, 0, 0, 0
3418, 1, 1636468197368, 1636468197976, 608, 261, 347, 0, 0, 0
3417, 1, 1636468197298, 1636468198064, 766, 422, 344, 0, 0, 0
3420, 1, 1636468197625, 1636468198224, 599, 254, 345, 0, 1, 1
3421, 1, 1636468197738, 1636468198340, 602, 258, 344, 0, 1, 1
3419, 1, 1636468197524, 1636468198408, 884, 539, 345, 0, 2, 2
3422, 1, 1636468197865, 1636468198472, 607, 263, 344, 0, 1, 1
3423, 1, 1636468197867, 1636468198472, 605, 263, 342, 0, 2, 2
3424, 1, 1636468197923, 1636468198520, 597, 255, 342, 1, 0, 1
3425, 1, 1636468197999, 1636468198604, 605, 261, 344, 0, 0, 0
3426, 1, 1636468198208, 1636468198816, 608, 263, 345, 0, 2, 2
3427, 1, 1636468198310, 1636468198909, 599, 254, 345, 0, 1, 1
3428, 1, 1636468198322, 1636468198925, 603, 258, 345, 0, 0, 0
3429, 1, 1636468198361, 1636468198961, 600, 255, 345, 0, 2, 2
3430, 1, 1636468198446, 1636468199049, 603, 260, 343, 0, 1, 1
3431, 1, 1636468198735, 1636468199340, 605, 258, 347, 0, 0, 0
3433, 1, 1636468198844, 1636468199452, 608, 262, 346, 0, 0, 0
3434, 1, 1636468199010, 1636468199621, 611, 259, 352, 0, 2, 2
3432, 1, 1636468198790, 1636468199689, 899, 552, 347, 0, 2, 2
3435, 1, 1636468199221, 1636468199845, 624, 270, 354, 0, 0, 0
3437, 1, 1636468199349, 1636468199977, 628, 274, 354, 0, 0, 0
3438, 1, 1636468199407, 1636468200013, 606, 262, 344, 0, 0, 0
3436, 1, 1636468199287, 1636468200033, 746, 398, 348, 0, 0, 0
3440, 1, 1636468199621, 1636468200236, 615, 263, 352, 0, 0, 0
3439, 1, 1636468199476, 1636468200381, 905, 550, 355, 0, 0, 0
3442, 1, 1636468199824, 1636468200433, 609, 259, 350, 0, 0, 0
3441, 1, 1636468199814, 1636468200433, 619, 266, 353, 0, 0, 0
3443, 1, 1636468199872, 1636468200489, 617, 270, 347, 4, 0, 4
3444, 1, 1636468199921, 1636468200533, 612, 264, 348, 1, 1, 2
3445, 1, 1636468200052, 1636468200665, 613, 263, 350, 0, 0, 0
3446, 1, 1636468200166, 1636468200777, 611, 266, 345, 0, 0, 0
3447, 1, 1636468200255, 1636468200865, 610, 263, 347, 0, 0, 0
3448, 1, 1636468200367, 1636468200992, 625, 262, 363, 0, 0, 0
3449, 1, 1636468200407, 1636468201021, 614, 266, 348, 0, 0, 0
3450, 1, 1636468200515, 1636468201125, 610, 262, 348, 0, 0, 0
3451, 1, 1636468200698, 1636468201308, 610, 262, 348, 0, 0, 0
3453, 1, 1636468200897, 1636468201504, 607, 263, 344, 0, 0, 0
3454, 1, 1636468200995, 1636468201600, 605, 262, 343, 0, 1, 1
3452, 1, 1636468200717, 1636468201648, 931, 586, 345, 0, 0, 0
3457, 1, 1636468201290, 1636468201888, 598, 253, 345, 0, 0, 0
3455, 1, 1636468201231, 1636468201944, 713, 369, 344, 0, 0, 0
3456, 1, 1636468201254, 1636468201988, 734, 390, 344, 0, 0, 0
3459, 1, 1636468201522, 1636468202124, 602, 259, 343, 0, 0, 0
3460, 1, 1636468201539, 1636468202140, 601, 256, 345, 0, 0, 0
3458, 1, 1636468201421, 1636468202336, 915, 571, 344, 1, 1, 2
3461, 1, 1636468201793, 1636468202400, 607, 259, 348, 0, 1, 1
3462, 1, 1636468201876, 1636468202484, 608, 259, 349, 0, 2, 2
3463, 1, 1636468201925, 1636468202524, 599, 253, 346, 0, 0, 0
3464, 1, 1636468201988, 1636468202588, 600, 255, 345, 0, 2, 2
3465, 1, 1636468202056, 1636468202656, 600, 253, 347, 0, 0, 0
3466, 1, 1636468202191, 1636468202792, 601, 258, 343, 0, 1, 1
3467, 1, 1636468202331, 1636468202928, 597, 255, 342, 0, 2, 2
3468, 1, 1636468202392, 1636468202996, 604, 257, 347, 0, 0, 0
3469, 1, 1636468202435, 1636468203036, 601, 253, 348, 0, 0, 0
3470, 1, 1636468202640, 1636468203248, 608, 263, 345, 0, 1, 1
3471, 1, 1636468202643, 1636468203248, 605, 263, 342, 0, 1, 1
3473, 1, 1636468202925, 1636468203528, 603, 259, 344, 0, 0, 0
3474, 1, 1636468202958, 1636468203564, 606, 263, 343, 0, 0, 0
3472, 1, 1636468202654, 1636468203592, 938, 596, 342, 0, 1, 1
3477, 1, 1636468203306, 1636468203904, 598, 254, 344, 0, 0, 0
3475, 1, 1636468203174, 1636468203912, 738, 390, 348, 0, 1, 1
3476, 1, 1636468203241, 1636468203936, 695, 350, 345, 0, 1, 1
3478, 1, 1636468203385, 1636468204000, 615, 265, 350, 0, 1, 1
3480, 1, 1636468203519, 1636468204133, 614, 265, 349, 0, 0, 0
3479, 1, 1636468203389, 1636468204280, 891, 545, 346, 0, 0, 0
3481, 1, 1636468203756, 1636468204364, 608, 260, 348, 1, 1, 2
3482, 1, 1636468203884, 1636468204492, 608, 261, 347, 0, 1, 1
3483, 1, 1636468203997, 1636468204601, 604, 257, 347, 0, 0, 0
3484, 1, 1636468204017, 1636468204620, 603, 259, 344, 0, 2, 2
3485, 1, 1636468204029, 1636468204641, 612, 262, 350, 0, 1, 1
3486, 1, 1636468204243, 1636468204844, 601, 258, 343, 0, 0, 0
3487, 1, 1636468204354, 1636468204964, 610, 262, 348, 0, 0, 0
3488, 1, 1636468204402, 1636468205009, 607, 264, 343, 0, 0, 0
3489, 1, 1636468204465, 1636468205072, 607, 258, 349, 0, 0, 0
3490, 1, 1636468204507, 1636468205113, 606, 262, 344, 0, 0, 0
3491, 1, 1636468204651, 1636468205256, 605, 263, 342, 0, 2, 2
3493, 1, 1636468204899, 1636468205505, 606, 264, 342, 0, 1, 1
3494, 1, 1636468204914, 1636468205521, 607, 262, 345, 0, 0, 0
3492, 1, 1636468204654, 1636468205600, 946, 602, 344, 0, 1, 1
3496, 1, 1636468205231, 1636468205856, 625, 274, 351, 0, 0, 0
3495, 1, 1636468205160, 1636468205864, 704, 358, 346, 0, 1, 1
3497, 1, 1636468205290, 1636468205940, 650, 306, 344, 0, 0, 0
3498, 1, 1636468205420, 1636468206036, 616, 266, 350, 0, 1, 1
3500, 1, 1636468205494, 1636468206104, 610, 265, 345, 1, 0, 1
3499, 1, 1636468205486, 1636468206288, 802, 454, 348, 0, 1, 1
3501, 1, 1636468205713, 1636468206320, 607, 262, 345, 0, 0, 0
3502, 1, 1636468205933, 1636468206532, 599, 254, 345, 0, 1, 1
3503, 1, 1636468205936, 1636468206536, 600, 253, 347, 0, 0, 0
3504, 1, 1636468205991, 1636468206588, 597, 255, 342, 1, 1, 2
3505, 1, 1636468206103, 1636468206700, 597, 255, 342, 0, 2, 2
3506, 1, 1636468206273, 1636468206880, 607, 258, 349, 0, 0, 0
3507, 1, 1636468206310, 1636468206908, 598, 255, 343, 0, 1, 1
3508, 1, 1636468206338, 1636468206940, 602, 260, 342, 0, 0, 0
3509, 1, 1636468206438, 1636468207040, 602, 258, 344, 0, 1, 1
3510, 1, 1636468206469, 1636468207076, 607, 263, 344, 0, 2, 2
3511, 1, 1636468206703, 1636468207305, 602, 260, 342, 0, 1, 1
3513, 1, 1636468206922, 1636468207529, 607, 262, 345, 0, 0, 0
3514, 1, 1636468206969, 1636468207577, 608, 259, 349, 1, 0, 1
3512, 1, 1636468206710, 1636468207653, 943, 596, 347, 1, 1, 2
3515, 1, 1636468207231, 1636468207877, 646, 298, 348, 0, 0, 0
3516, 1, 1636468207251, 1636468207925, 674, 327, 347, 0, 0, 0
3518, 1, 1636468207345, 1636468207957, 612, 258, 354, 0, 0, 0
3517, 1, 1636468207290, 1636468208001, 711, 362, 349, 0, 0, 0
3519, 1, 1636468207396, 1636468208013, 617, 268, 349, 0, 0, 0
3521, 1, 1636468207721, 1636468208328, 607, 262, 345, 0, 0, 0
3520, 1, 1636468207522, 1636468208353, 831, 482, 349, 0, 0, 0
3522, 1, 1636468207909, 1636468208516, 607, 261, 346, 0, 0, 0
3523, 1, 1636468207965, 1636468208581, 616, 270, 346, 0, 0, 0
3524, 1, 1636468208120, 1636468208725, 605, 258, 347, 0, 0, 0
3525, 1, 1636468208150, 1636468208753, 603, 258, 345, 0, 0, 0
3526, 1, 1636468208247, 1636468208861, 614, 271, 343, 1, 0, 1
3527, 1, 1636468208266, 1636468208877, 611, 262, 349, 1, 0, 1
3528, 1, 1636468208438, 1636468209053, 615, 266, 349, 0, 0, 0
3529, 1, 1636468208509, 1636468209125, 616, 262, 354, 0, 1, 1
3530, 1, 1636468208593, 1636468209205, 612, 262, 350, 0, 0, 0
3531, 1, 1636468208726, 1636468209341, 615, 266, 349, 0, 0, 0
3533, 1, 1636468208974, 1636468209589, 615, 266, 349, 1, 0, 1
3534, 1, 1636468209019, 1636468209628, 609, 263, 346, 1, 0, 1
3532, 1, 1636468208732, 1636468209689, 957, 606, 351, 0, 0, 0
3535, 1, 1636468209317, 1636468209937, 620, 266, 354, 0, 0, 0
3537, 1, 1636468209330, 1636468209981, 651, 299, 352, 1, 0, 1
3536, 1, 1636468209329, 1636468210037, 708, 363, 345, 0, 1, 1
3538, 1, 1636468209437, 1636468210049, 612, 263, 349, 1, 0, 1
3539, 1, 1636468209454, 1636468210061, 607, 262, 345, 0, 0, 0
3541, 1, 1636468209773, 1636468210389, 616, 262, 354, 0, 0, 0
3540, 1, 1636468209562, 1636468210389, 827, 470, 357, 0, 0, 0
3542, 1, 1636468209884, 1636468210504, 620, 262, 358, 0, 0, 0
3543, 1, 1636468210039, 1636468210653, 614, 263, 351, 1, 1, 2
3544, 1, 1636468210170, 1636468210777, 607, 262, 345, 0, 0, 0
3545, 1, 1636468210224, 1636468210841, 617, 267, 350, 0, 1, 1
3547, 1, 1636468210321, 1636468210937, 616, 262, 354, 0, 0, 0
3546, 1, 1636468210307, 1636468211001, 694, 342, 352, 0, 0, 0
3548, 1, 1636468210555, 1636468211169, 614, 262, 352, 2, 0, 2
3549, 1, 1636468210624, 1636468211241, 617, 262, 355, 0, 0, 0
3550, 1, 1636468210641, 1636468211253, 612, 264, 348, 1, 1, 2
3551, 1, 1636468210646, 1636468211261, 615, 262, 353, 1, 0, 1
3553, 1, 1636468210978, 1636468211589, 611, 262, 349, 0, 0, 0
3552, 1, 1636468210689, 1636468211609, 920, 563, 357, 1, 0, 1
3554, 1, 1636468211042, 1636468211653, 611, 262, 349, 0, 0, 0
3556, 1, 1636468211322, 1636468211936, 614, 267, 347, 0, 1, 1
3555, 1, 1636468211281, 1636468211957, 676, 326, 350, 0, 0, 0
3557, 1, 1636468211376, 1636468211985, 609, 262, 347, 0, 0, 0
3558, 1, 1636468211425, 1636468212033, 608, 262, 346, 0, 0, 0
3560, 1, 1636468211547, 1636468212153, 606, 264, 342, 2, 0, 2
3559, 1, 1636468211454, 1636468212305, 851, 503, 348, 0, 0, 0
3561, 1, 1636468211777, 1636468212393, 616, 267, 349, 0, 0, 0
3562, 1, 1636468211905, 1636468212512, 607, 262, 345, 0, 0, 0
3563, 1, 1636468212067, 1636468212680, 613, 266, 347, 1, 0, 1
3564, 1, 1636468212091, 1636468212697, 606, 262, 344, 0, 0, 0
3565, 1, 1636468212244, 1636468212860, 616, 262, 354, 0, 0, 0
3566, 1, 1636468212359, 1636468213032, 673, 328, 345, 0, 0, 0
3567, 1, 1636468212435, 1636468213048, 613, 261, 352, 0, 0, 0
3568, 1, 1636468212558, 1636468213169, 611, 262, 349, 1, 0, 1
3569, 1, 1636468212629, 1636468213241, 612, 262, 350, 0, 0, 0
3570, 1, 1636468212647, 1636468213253, 606, 261, 345, 0, 0, 0
3571, 1, 1636468212703, 1636468213317, 614, 266, 348, 1, 0, 1
3573, 1, 1636468212897, 1636468213505, 608, 262, 346, 0, 1, 1
3574, 1, 1636468212909, 1636468213521, 612, 262, 350, 0, 0, 0
3572, 1, 1636468212720, 1636468213665, 945, 590, 355, 0, 0, 0
3575, 1, 1636468213242, 1636468213860, 618, 262, 356, 0, 0, 0
3577, 1, 1636468213371, 1636468213980, 609, 262, 347, 0, 0, 0
3576, 1, 1636468213306, 1636468214013, 707, 358, 349, 1, 0, 1
3578, 1, 1636468213400, 1636468214013, 613, 261, 352, 0, 0, 0
3580, 1, 1636468213497, 1636468214113, 616, 267, 349, 1, 0, 1
3581, 1, 1636468213697, 1636468214313, 616, 267, 349, 0, 1, 1
3579, 1, 1636468213461, 1636468214357, 896, 551, 345, 0, 1, 1
3582, 1, 1636468213956, 1636468214568, 612, 262, 350, 0, 0, 0
3583, 1, 1636468214094, 1636468214705, 611, 262, 349, 0, 0, 0
3584, 1, 1636468214112, 1636468214725, 613, 262, 351, 0, 0, 0
3585, 1, 1636468214155, 1636468214765, 610, 262, 348, 0, 0, 0
3586, 1, 1636468214452, 1636468215065, 613, 266, 347, 0, 0, 0
3587, 1, 1636468214458, 1636468215069, 611, 262, 349, 0, 0, 0
3588, 1, 1636468214478, 1636468215097, 619, 270, 349, 0, 0, 0
3589, 1, 1636468214593, 1636468215204, 611, 262, 349, 0, 0, 0
3590, 1, 1636468214705, 1636468215320, 615, 266, 349, 0, 0, 0
3591, 1, 1636468214803, 1636468215413, 610, 262, 348, 0, 0, 0
3593, 1, 1636468214939, 1636468215549, 610, 263, 347, 0, 0, 0
3594, 1, 1636468214967, 1636468215576, 609, 262, 347, 0, 0, 0
3592, 1, 1636468214818, 1636468215761, 943, 594, 349, 0, 0, 0
3595, 1, 1636468215317, 1636468215929, 612, 262, 350, 0, 0, 0
3597, 1, 1636468215401, 1636468216013, 612, 263, 349, 0, 0, 0
3596, 1, 1636468215340, 1636468216109, 769, 418, 351, 0, 0, 0
3598, 1, 1636468215511, 1636468216117, 606, 262, 344, 0, 0, 0
3600, 1, 1636468215585, 1636468216205, 620, 269, 351, 2, 0, 2
3601, 1, 1636468215769, 1636468216385, 616, 262, 354, 0, 0, 0
3599, 1, 1636468215518, 1636468216457, 939, 590, 349, 0, 0, 0
3602, 1, 1636468215979, 1636468216588, 609, 266, 343, 0, 0, 0
3603, 1, 1636468216043, 1636468216653, 610, 262, 348, 0, 0, 0
3604, 1, 1636468216142, 1636468216761, 619, 262, 357, 0, 0, 0
3605, 1, 1636468216256, 1636468216873, 617, 266, 351, 0, 0, 0
3606, 1, 1636468216325, 1636468216941, 616, 266, 350, 0, 0, 0
3607, 1, 1636468216401, 1636468217012, 611, 262, 349, 0, 0, 0
3608, 1, 1636468216497, 1636468217109, 612, 262, 350, 0, 0, 0
3609, 1, 1636468216624, 1636468217245, 621, 266, 355, 0, 0, 0
3610, 1, 1636468216811, 1636468217417, 606, 263, 343, 0, 1, 1
3611, 1, 1636468216826, 1636468217437, 611, 262, 349, 0, 0, 0
3613, 1, 1636468217018, 1636468217633, 615, 262, 353, 0, 0, 0
3612, 1, 1636468216887, 1636468217785, 898, 550, 348, 0, 0, 0
3614, 1, 1636468217025, 1636468217985, 960, 602, 358, 0, 0, 0
3617, 1, 1636468217461, 1636468218073, 612, 266, 346, 0, 1, 1
3615, 1, 1636468217361, 1636468218129, 768, 418, 350, 0, 0, 0
3618, 1, 1636468217487, 1636468218333, 846, 498, 348, 1, 0, 1
3620, 1, 1636468217720, 1636468218333, 613, 262, 351, 1, 0, 1
3621, 1, 1636468217846, 1636468218460, 614, 262, 352, 0, 0, 0
3619, 1, 1636468217603, 1636468218481, 878, 527, 351, 1, 1, 2
3623, 1, 1636468218043, 1636468218653, 610, 262, 348, 1, 0, 1
3624, 1, 1636468218213, 1636468218825, 612, 266, 346, 0, 0, 0
3626, 1, 1636468218356, 1636468218965, 609, 263, 346, 0, 1, 1
3627, 1, 1636468218401, 1636468219025, 624, 264, 360, 1, 0, 1
3630, 1, 1636468218694, 1636468219305, 611, 262, 349, 0, 0, 0
3631, 1, 1636468218746, 1636468219353, 607, 262, 345, 0, 0, 0
3633, 1, 1636468218949, 1636468219561, 612, 262, 350, 0, 0, 0
3632, 1, 1636468218825, 1636468219653, 828, 478, 350, 0, 0, 0
3634, 1, 1636468219041, 1636468219653, 612, 262, 350, 0, 0, 0
3635, 1, 1636468219357, 1636468220005, 648, 298, 350, 0, 1, 1
3636, 1, 1636468219467, 1636468220073, 606, 262, 344, 0, 0, 0
3638, 1, 1636468219548, 1636468220157, 609, 262, 347, 0, 0, 0
3622, 2, 1636468217884, 1636468220207, 2323, 0, 2323, 0, 1, 1
3616, 2, 1636468217432, 1636468220207, 2775, 0, 2775, 0, 0, 0
3639, 1, 1636468219598, 1636468220217, 619, 266, 353, 0, 0, 0
3637, 1, 1636468219513, 1636468220353, 840, 486, 354, 0, 1, 1
3625, 2, 1636468218228, 1636468220450, 2222, 0, 2222, 0, 0, 0
3640, 1, 1636468219876, 1636468220485, 609, 262, 347, 0, 1, 1
3641, 1, 1636468220049, 1636468220665, 616, 266, 350, 0, 0, 0
3628, 2, 1636468218612, 1636468220838, 2226, 0, 2226, 1, 0, 1
3642, 1, 1636468220240, 1636468220853, 613, 262, 351, 0, 0, 0
3629, 2, 1636468218660, 1636468220882, 2222, 1, 2221, 1, 0, 1
3645, 1, 1636468220444, 1636468221061, 617, 262, 355, 0, 0, 0
3647, 1, 1636468220537, 1636468221185, 648, 262, 386, 0, 0, 0
3648, 1, 1636468220676, 1636468221285, 609, 262, 347, 0, 0, 0
3649, 1, 1636468220724, 1636468221341, 617, 262, 355, 0, 0, 0
3646, 1, 1636468220457, 1636468221357, 900, 554, 346, 0, 0, 0
3651, 1, 1636468220908, 1636468221525, 617, 266, 351, 0, 0, 0
3654, 1, 1636468220975, 1636468221585, 610, 262, 348, 1, 0, 1
3653, 1, 1636468220973, 1636468221637, 664, 262, 402, 0, 0, 0
3650, 1, 1636468220834, 1636468221689, 855, 506, 349, 0, 0, 0
3655, 1, 1636468221419, 1636468222037, 618, 270, 348, 0, 0, 0
3656, 1, 1636468221516, 1636468222133, 617, 263, 354, 0, 1, 1
3658, 1, 1636468221675, 1636468222281, 606, 262, 344, 0, 0, 0
3659, 1, 1636468221690, 1636468222301, 611, 267, 344, 1, 0, 1
3657, 1, 1636468221566, 1636468222385, 819, 466, 353, 0, 0, 0
3644, 2, 1636468220297, 1636468222563, 2266, 1, 2265, 2, 0, 2
3643, 2, 1636468220297, 1636468222563, 2266, 1, 2265, 2, 1, 3
3660, 1, 1636468221977, 1636468222589, 612, 262, 350, 0, 0, 0
3661, 1, 1636468222134, 1636468222753, 619, 262, 357, 0, 0, 0
3662, 1, 1636468222342, 1636468222949, 607, 263, 344, 0, 1, 1
3652, 1, 1636468220925, 1636468223037, 2112, 1727, 385, 0, 1, 1
3663, 1, 1636468222438, 1636468223053, 615, 266, 349, 0, 0, 0
3664, 1, 1636468222528, 1636468223149, 621, 266, 355, 0, 0, 0
3665, 1, 1636468222586, 1636468223197, 611, 262, 349, 0, 0, 0
3668, 1, 1636468222716, 1636468223333, 617, 266, 351, 0, 0, 0
3669, 1, 1636468222811, 1636468223421, 610, 262, 348, 0, 1, 1
3671, 1, 1636468222938, 1636468223549, 611, 262, 349, 0, 0, 0
3672, 1, 1636468222952, 1636468223569, 617, 262, 355, 0, 0, 0
3674, 1, 1636468223076, 1636468223688, 612, 263, 349, 2, 1, 3
3670, 1, 1636468222915, 1636468223769, 854, 506, 348, 0, 0, 0
3675, 1, 1636468223505, 1636468224117, 612, 263, 349, 0, 1, 1
3676, 1, 1636468223599, 1636468224217, 618, 262, 356, 0, 0, 0
3677, 1, 1636468223618, 1636468224229, 611, 262, 349, 0, 0, 0
3679, 1, 1636468223628, 1636468224237, 609, 262, 347, 0, 0, 0
3678, 1, 1636468223622, 1636468224469, 847, 494, 353, 0, 0, 0
3680, 1, 1636468223935, 1636468224549, 614, 266, 348, 1, 0, 1
3682, 1, 1636468224240, 1636468224849, 609, 262, 347, 0, 0, 0
3666, 2, 1636468222649, 1636468224915, 2266, 0, 2266, 1, 0, 1
3667, 2, 1636468222653, 1636468224915, 2262, 0, 2262, 0, 1, 1
3683, 1, 1636468224464, 1636468225081, 617, 266, 351, 0, 0, 0
3685, 1, 1636468224536, 1636468225153, 617, 262, 355, 0, 0, 0
3673, 2, 1636468223038, 1636468225298, 2260, 0, 2260, 0, 0, 0
3686, 1, 1636468224706, 1636468225317, 611, 258, 353, 0, 0, 0
3687, 1, 1636468224744, 1636468225353, 609, 262, 347, 0, 0, 0
3689, 1, 1636468224901, 1636468225517, 616, 262, 354, 0, 0, 0
3692, 1, 1636468225025, 1636468225637, 612, 266, 346, 0, 0, 0
3690, 1, 1636468225001, 1636468225648, 647, 262, 385, 0, 0, 0
3688, 1, 1636468224812, 1636468225661, 849, 502, 347, 0, 0, 0
3693, 1, 1636468225055, 1636468225665, 610, 262, 348, 0, 0, 0
3691, 1, 1636468225005, 1636468225996, 991, 598, 393, 0, 0, 0
3695, 1, 1636468225463, 1636468226077, 614, 262, 352, 0, 0, 0
3696, 1, 1636468225504, 1636468226117, 613, 259, 354, 0, 0, 0
3697, 1, 1636468225597, 1636468226221, 624, 271, 353, 0, 0, 0
3699, 1, 1636468225690, 1636468226305, 615, 262, 353, 0, 0, 0
3681, 2, 1636468224112, 1636468226334, 2222, 0, 2222, 0, 0, 0
3694, 1, 1636468225389, 1636468226340, 951, 566, 385, 0, 0, 0
3698, 1, 1636468225603, 1636468226421, 818, 474, 344, 0, 0, 0
3700, 1, 1636468225961, 1636468226581, 620, 266, 354, 0, 0, 0
3684, 1, 1636468224528, 1636468226813, 2285, 1934, 351, 0, 0, 0
3701, 1, 1636468226352, 1636468226965, 613, 262, 351, 0, 0, 0
3702, 1, 1636468226473, 1636468227125, 652, 267, 385, 1, 1, 2
3703, 1, 1636468226536, 1636468227161, 625, 266, 359, 0, 0, 0
3704, 1, 1636468226565, 1636468227173, 608, 262, 346, 0, 0, 0
3705, 1, 1636468226731, 1636468227353, 622, 266, 356, 0, 0, 0
3706, 1, 1636468226770, 1636468227385, 615, 267, 348, 0, 0, 0
3707, 1, 1636468226814, 1636468227473, 659, 266, 393, 1, 0, 1
3709, 1, 1636468226860, 1636468227476, 616, 263, 353, 1, 0, 1
3710, 1, 1636468226902, 1636468227512, 610, 266, 344, 0, 0, 0
3712, 1, 1636468226982, 1636468227588, 606, 262, 344, 0, 0, 0
3708, 1, 1636468226843, 1636468227697, 854, 506, 348, 1, 0, 1
3713, 1, 1636468227176, 1636468227792, 616, 262, 354, 0, 0, 0
3711, 1, 1636468226918, 1636468227821, 903, 558, 345, 0, 0, 0
3715, 1, 1636468227435, 1636468228044, 609, 262, 347, 0, 0, 0
3716, 1, 1636468227488, 1636468228105, 617, 266, 351, 0, 0, 0
3714, 1, 1636468227314, 1636468228169, 855, 506, 349, 0, 0, 0
3717, 1, 1636468227628, 1636468228237, 609, 262, 347, 0, 0, 0
3718, 1, 1636468227632, 1636468228253, 621, 270, 351, 0, 0, 0
3719, 1, 1636468227642, 1636468228448, 806, 462, 344, 0, 1, 1
3720, 1, 1636468228063, 1636468228673, 610, 263, 347, 1, 0, 1
3721, 1, 1636468228262, 1636468228877, 615, 263, 352, 0, 0, 0
3722, 1, 1636468228379, 1636468229017, 638, 294, 344, 0, 0, 0
3723, 1, 1636468228462, 1636468229080, 618, 262, 356, 1, 0, 1
3724, 1, 1636468228579, 1636468229188, 609, 263, 346, 1, 1, 2
3725, 1, 1636468228721, 1636468229333, 612, 262, 350, 0, 0, 0
3726, 1, 1636468228731, 1636468229368, 637, 286, 351, 0, 0, 0
3729, 1, 1636468228890, 1636468229504, 614, 266, 348, 0, 1, 1
3730, 1, 1636468228908, 1636468229537, 629, 278, 351, 0, 2, 2
3732, 1, 1636468229030, 1636468229636, 606, 262, 344, 0, 0, 0
3733, 1, 1636468229086, 1636468229692, 606, 262, 344, 0, 0, 0
3728, 1, 1636468228878, 1636468229720, 842, 486, 356, 0, 0, 0
3731, 1, 1636468228918, 1636468229853, 935, 586, 349, 0, 1, 1
3736, 1, 1636468229504, 1636468230113, 609, 262, 347, 0, 0, 0
3737, 1, 1636468229513, 1636468230120, 607, 263, 344, 1, 0, 1
3735, 1, 1636468229410, 1636468230201, 791, 438, 353, 0, 0, 0
3740, 1, 1636468229961, 1636468230572, 611, 266, 345, 0, 1, 1
3741, 1, 1636468230225, 1636468230836, 611, 262, 349, 0, 0, 0
3742, 1, 1636468230311, 1636468230920, 609, 263, 346, 0, 0, 0
3743, 1, 1636468230583, 1636468231188, 605, 262, 343, 0, 1, 1
3744, 1, 1636468230664, 1636468231269, 605, 258, 347, 0, 1, 1
3746, 1, 1636468230727, 1636468231333, 606, 258, 348, 0, 0, 0
3745, 1, 1636468230720, 1636468231333, 613, 262, 351, 0, 0, 0
3748, 1, 1636468230952, 1636468231560, 608, 264, 344, 1, 0, 1
3750, 1, 1636468230976, 1636468231588, 612, 262, 350, 0, 0, 0
3734, 2, 1636468229356, 1636468231590, 2234, 0, 2234, 0, 0, 0
3727, 2, 1636468228785, 1636468231591, 2806, 0, 2806, 0, 0, 0
3749, 1, 1636468230960, 1636468231613, 653, 306, 347, 0, 0, 0
3747, 1, 1636468230811, 1636468231681, 870, 522, 348, 1, 0, 1
3738, 2, 1636468229590, 1636468231810, 2220, 0, 2220, 0, 0, 0
3739, 2, 1636468229703, 1636468231922, 2219, 0, 2219, 0, 0, 0
3751, 1, 1636468230996, 1636468231940, 944, 590, 354, 1, 0, 1
3753, 1, 1636468231379, 1636468231988, 609, 264, 345, 0, 1, 1
3754, 1, 1636468231398, 1636468232004, 606, 262, 344, 0, 0, 0
3755, 1, 1636468231502, 1636468232288, 786, 438, 348, 0, 1, 1
3752, 1, 1636468231068, 1636468232404, 1336, 986, 350, 0, 1, 1
3758, 1, 1636468231897, 1636468232557, 660, 266, 394, 0, 0, 0
3760, 1, 1636468232083, 1636468232692, 609, 262, 347, 0, 0, 0
3762, 1, 1636468232199, 1636468232820, 621, 272, 349, 0, 1, 1
3759, 1, 1636468232009, 1636468232901, 892, 498, 394, 0, 0, 0
3763, 1, 1636468232464, 1636468233084, 620, 266, 354, 1, 0, 1
3764, 1, 1636468232622, 1636468233233, 611, 262, 349, 0, 0, 0
3765, 1, 1636468232727, 1636468233333, 606, 262, 344, 0, 0, 0
3766, 1, 1636468232818, 1636468233433, 615, 266, 349, 0, 0, 0
3769, 1, 1636468232932, 1636468233545, 613, 263, 350, 2, 0, 2
3770, 1, 1636468232933, 1636468233584, 651, 303, 348, 2, 0, 2
3772, 1, 1636468233066, 1636468233685, 619, 270, 349, 0, 0, 0
3767, 1, 1636468232839, 1636468233785, 946, 594, 352, 0, 0, 0
3771, 1, 1636468232941, 1636468233893, 952, 607, 345, 0, 0, 0
3774, 1, 1636468233318, 1636468233929, 611, 262, 349, 0, 0, 0
3756, 2, 1636468231677, 1636468233947, 2270, 0, 2270, 0, 0, 0
3757, 2, 1636468231681, 1636468233947, 2266, 1, 2265, 0, 1, 1
3775, 1, 1636468233392, 1636468234241, 849, 502, 347, 0, 0, 0
3761, 2, 1636468232110, 1636468234330, 2220, 0, 2220, 0, 0, 0
3776, 1, 1636468233934, 1636468234545, 611, 262, 349, 0, 0, 0
3777, 1, 1636468233993, 1636468234609, 616, 266, 350, 0, 1, 1
3779, 1, 1636468234037, 1636468234697, 660, 267, 393, 1, 0, 1
3781, 1, 1636468234122, 1636468234736, 614, 262, 352, 0, 0, 0
3780, 1, 1636468234067, 1636468234893, 826, 479, 347, 0, 0, 0
3782, 1, 1636468234387, 1636468234993, 606, 262, 344, 0, 0, 0
3778, 1, 1636468234037, 1636468235052, 1015, 622, 393, 0, 0, 0
3768, 2, 1636468232897, 1636468235118, 2221, 1, 2220, 1, 0, 1
3784, 1, 1636468234683, 1636468235293, 610, 263, 347, 0, 0, 0
3785, 1, 1636468234728, 1636468235341, 613, 266, 347, 0, 0, 0
3783, 1, 1636468234417, 1636468235397, 980, 590, 390, 0, 1, 1
3787, 1, 1636468234807, 1636468235421, 614, 266, 348, 0, 0, 0
3788, 1, 1636468234954, 1636468235569, 615, 262, 353, 0, 0, 0
3773, 1, 1636468233263, 1636468235597, 2334, 1986, 348, 0, 0, 0
3789, 1, 1636468234958, 1636468235645, 687, 335, 352, 0, 0, 0
3786, 1, 1636468234780, 1636468235684, 904, 558, 346, 0, 0, 0
3791, 1, 1636468235187, 1636468235797, 610, 262, 348, 0, 0, 0
3792, 1, 1636468235205, 1636468235861, 656, 262, 394, 0, 0, 0
3793, 1, 1636468235300, 1636468235921, 621, 266, 355, 0, 0, 0
3790, 1, 1636468234959, 1636468235921, 962, 607, 355, 1, 0, 1
3794, 1, 1636468235395, 1636468236265, 870, 525, 345, 0, 1, 1
3795, 1, 1636468235607, 1636468236265, 658, 265, 393, 0, 0, 0
3796, 1, 1636468235957, 1636468236569, 612, 262, 350, 0, 0, 0
3797, 1, 1636468235998, 1636468236617, 619, 262, 357, 0, 0, 0
3798, 1, 1636468236020, 1636468236633, 613, 262, 351, 0, 0, 0
3800, 1, 1636468236119, 1636468236724, 605, 262, 343, 0, 0, 0
3802, 1, 1636468236332, 1636468236949, 617, 262, 355, 0, 0, 0
3799, 1, 1636468236069, 1636468236964, 895, 546, 349, 0, 0, 0
3801, 1, 1636468236141, 1636468236976, 835, 490, 345, 0, 0, 0
3804, 1, 1636468236691, 1636468237305, 614, 267, 347, 0, 1, 1
3803, 1, 1636468236410, 1636468237317, 907, 558, 349, 0, 0, 0
3805, 1, 1636468236753, 1636468237361, 608, 262, 346, 0, 0, 0
3807, 1, 1636468236786, 1636468237400, 614, 266, 348, 0, 1, 1
3809, 1, 1636468237024, 1636468237637, 613, 262, 351, 0, 0, 0
3806, 1, 1636468236774, 1636468237657, 883, 530, 353, 0, 0, 0
3811, 1, 1636468237096, 1636468237709, 613, 267, 346, 0, 1, 1
3808, 1, 1636468236973, 1636468237713, 740, 386, 354, 0, 0, 0
3812, 1, 1636468237165, 1636468237773, 608, 262, 346, 0, 0, 0
3813, 1, 1636468237220, 1636468237837, 617, 266, 351, 0, 0, 0
3810, 1, 1636468237054, 1636468237989, 935, 586, 349, 0, 0, 0
3815, 1, 1636468237635, 1636468238245, 610, 263, 347, 0, 0, 0
3814, 1, 1636468237428, 1636468238337, 909, 558, 351, 0, 0, 0
3816, 1, 1636468237841, 1636468238457, 616, 262, 354, 0, 0, 0
3817, 1, 1636468237998, 1636468238613, 615, 262, 353, 0, 0, 0
3818, 1, 1636468238036, 1636468238649, 613, 263, 350, 0, 0, 0
3819, 1, 1636468238121, 1636468238729, 608, 262, 346, 0, 0, 0
3821, 1, 1636468238140, 1636468238965, 825, 470, 355, 0, 0, 0
3822, 1, 1636468238461, 1636468239073, 612, 263, 349, 1, 0, 1
3820, 1, 1636468238133, 1636468239081, 948, 598, 350, 0, 0, 0
3824, 1, 1636468238575, 1636468239189, 614, 262, 352, 0, 0, 0
3826, 1, 1636468238776, 1636468239389, 613, 266, 347, 0, 0, 0
3823, 1, 1636468238490, 1636468239437, 947, 590, 357, 0, 0, 0
3827, 1, 1636468238847, 1636468239460, 613, 263, 350, 1, 2, 3
3825, 1, 1636468238704, 1636468239537, 833, 483, 350, 1, 1, 2
3828, 1, 1636468238949, 1636468239565, 616, 262, 354, 0, 0, 0
3830, 1, 1636468239060, 1636468239681, 621, 262, 359, 0, 0, 0
3831, 1, 1636468239097, 1636468239741, 644, 291, 353, 2, 1, 3
3832, 1, 1636468239158, 1636468239769, 611, 262, 349, 0, 0, 0
3829, 1, 1636468239003, 1636468239913, 910, 562, 348, 0, 1, 1
3833, 1, 1636468239297, 1636468239913, 616, 262, 354, 0, 0, 0
3834, 1, 1636468239399, 1636468240261, 862, 510, 352, 0, 0, 0
3835, 1, 1636468239768, 1636468240385, 617, 262, 355, 0, 0, 0
3836, 1, 1636468239971, 1636468240585, 614, 270, 344, 0, 1, 1
3837, 1, 1636468240059, 1636468240665, 606, 262, 344, 0, 0, 0
3838, 1, 1636468240073, 1636468240689, 616, 263, 353, 1, 0, 1
3839, 1, 1636468240074, 1636468240689, 615, 263, 352, 0, 1, 1
3841, 1, 1636468240243, 1636468241013, 770, 422, 348, 0, 0, 0
3842, 1, 1636468240404, 1636468241021, 617, 262, 355, 0, 0, 0
3840, 1, 1636468240096, 1636468241037, 941, 590, 351, 0, 0, 0
3844, 1, 1636468240704, 1636468241321, 617, 262, 355, 0, 0, 0
3843, 1, 1636468240431, 1636468241385, 954, 606, 348, 0, 0, 0
3846, 1, 1636468240910, 1636468241525, 615, 265, 350, 0, 0, 0
3847, 1, 1636468240917, 1636468241528, 611, 262, 349, 0, 1, 1
3848, 1, 1636468240950, 1636468241561, 611, 262, 349, 1, 0, 1
3849, 1, 1636468241016, 1636468241637, 621, 266, 355, 0, 0, 0
3845, 1, 1636468240781, 1636468241677, 896, 542, 354, 0, 0, 0
3852, 1, 1636468241155, 1636468241769, 614, 266, 348, 0, 0, 0
3851, 1, 1636468241144, 1636468241877, 733, 382, 351, 0, 0, 0
3853, 1, 1636468241272, 1636468241889, 617, 262, 355, 0, 0, 0
3850, 1, 1636468241071, 1636468241985, 914, 562, 352, 0, 0, 0
3854, 1, 1636468241416, 1636468242337, 921, 566, 355, 0, 0, 0
3855, 1, 1636468241744, 1636468242353, 609, 263, 346, 0, 0, 0
3856, 1, 1636468241914, 1636468242521, 607, 262, 345, 0, 0, 0
3857, 1, 1636468241990, 1636468242605, 615, 262, 353, 0, 0, 0
3858, 1, 1636468242109, 1636468242721, 612, 263, 349, 0, 0, 0
3859, 1, 1636468242150, 1636468242761, 611, 262, 349, 0, 0, 0
3862, 1, 1636468242372, 1636468242985, 613, 262, 351, 0, 0, 0
3860, 1, 1636468242196, 1636468243073, 877, 522, 355, 0, 0, 0
3861, 1, 1636468242361, 1636468243109, 748, 398, 350, 0, 0, 0
3864, 1, 1636468242647, 1636468243261, 614, 263, 351, 0, 1, 1
3863, 1, 1636468242522, 1636468243416, 894, 550, 344, 0, 0, 0
3866, 1, 1636468242886, 1636468243501, 615, 266, 349, 0, 0, 0
3867, 1, 1636468242897, 1636468243509, 612, 262, 350, 1, 0, 1
3865, 1, 1636468242702, 1636468243609, 907, 558, 349, 0, 0, 0
3869, 1, 1636468243046, 1636468243665, 619, 262, 357, 0, 0, 0
3871, 1, 1636468243080, 1636468243697, 617, 266, 351, 1, 0, 1
3872, 1, 1636468243098, 1636468243713, 615, 262, 353, 0, 0, 0
3868, 1, 1636468243043, 1636468243849, 806, 454, 352, 0, 0, 0
3870, 1, 1636468243046, 1636468243857, 811, 455, 356, 1, 0, 1
3873, 1, 1636468243308, 1636468243921, 613, 262, 351, 0, 0, 0
3874, 1, 1636468243324, 1636468244208, 884, 535, 349, 1, 0, 1
3875, 1, 1636468243806, 1636468244417, 611, 262, 349, 0, 0, 0
3876, 1, 1636468243813, 1636468244420, 607, 263, 344, 0, 0, 0
3877, 1, 1636468243859, 1636468244481, 622, 263, 359, 0, 1, 1
3878, 1, 1636468244207, 1636468244817, 610, 266, 344, 0, 0, 0
3879, 1, 1636468244279, 1636468244889, 610, 262, 348, 0, 0, 0
3881, 1, 1636468244376, 1636468244989, 613, 262, 351, 0, 0, 0
3880, 1, 1636468244300, 1636468245164, 864, 511, 353, 0, 0, 0
3884, 1, 1636468244615, 1636468245225, 610, 263, 347, 0, 1, 1
3882, 1, 1636468244402, 1636468245236, 834, 486, 348, 0, 0, 0
3886, 1, 1636468244861, 1636468245473, 612, 262, 350, 0, 0, 0
3883, 1, 1636468244566, 1636468245509, 943, 591, 352, 0, 0, 0
3887, 1, 1636468244921, 1636468245533, 612, 262, 350, 0, 0, 0
3885, 1, 1636468244676, 1636468245573, 897, 542, 355, 0, 1, 1
3889, 1, 1636468245023, 1636468245633, 610, 263, 347, 0, 0, 0
3891, 1, 1636468245135, 1636468245744, 609, 261, 348, 0, 0, 0
3892, 1, 1636468245180, 1636468245793, 613, 263, 350, 1, 0, 1
3888, 1, 1636468244992, 1636468245829, 837, 478, 359, 0, 0, 0
3890, 1, 1636468245053, 1636468245877, 824, 478, 346, 1, 0, 1
3894, 1, 1636468245410, 1636468246021, 611, 262, 349, 0, 0, 0
3893, 1, 1636468245323, 1636468246181, 858, 506, 352, 0, 0, 0
3895, 1, 1636468245811, 1636468246425, 614, 265, 349, 0, 0, 0
3896, 1, 1636468245850, 1636468246461, 611, 263, 348, 0, 1, 1
3897, 1, 1636468245852, 1636468246469, 617, 264, 353, 1, 2, 3
3898, 1, 1636468246215, 1636468246825, 610, 262, 348, 0, 0, 0
3900, 1, 1636468246339, 1636468246945, 606, 264, 342, 2, 0, 2
3901, 1, 1636468246413, 1636468247025, 612, 262, 350, 0, 0, 0
3899, 1, 1636468246312, 1636468247169, 857, 510, 347, 0, 0, 0
3903, 1, 1636468246619, 1636468247229, 610, 263, 347, 0, 0, 0
3905, 1, 1636468246746, 1636468247369, 623, 266, 357, 0, 0, 0
3902, 1, 1636468246434, 1636468247369, 935, 586, 349, 0, 0, 0
3904, 1, 1636468246655, 1636468247521, 866, 514, 352, 0, 0, 0
3906, 1, 1636468246757, 1636468247573, 816, 466, 350, 0, 0, 0
3908, 1, 1636468246991, 1636468247601, 610, 262, 348, 0, 0, 0
3909, 1, 1636468247018, 1636468247628, 610, 262, 348, 0, 0, 0
3910, 1, 1636468247052, 1636468247669, 617, 262, 355, 0, 0, 0
3907, 1, 1636468246899, 1636468247713, 814, 471, 343, 0, 1, 1
3912, 1, 1636468247156, 1636468247773, 617, 262, 355, 0, 0, 0
3911, 1, 1636468247129, 1636468247977, 848, 498, 350, 0, 0, 0
3914, 1, 1636468247413, 1636468248021, 608, 261, 347, 0, 0, 0
3913, 1, 1636468247255, 1636468248061, 806, 458, 348, 0, 0, 0
3915, 1, 1636468247761, 1636468248373, 612, 262, 350, 0, 0, 0
3916, 1, 1636468247774, 1636468248389, 615, 262, 353, 1, 0, 1
3917, 1, 1636468247861, 1636468248477, 616, 261, 355, 0, 0, 0
3918, 1, 1636468248126, 1636468248737, 611, 263, 348, 0, 1, 1
3920, 1, 1636468248377, 1636468248989, 612, 262, 350, 0, 0, 0
3922, 1, 1636468248468, 1636468249085, 617, 262, 355, 0, 0, 0
3919, 1, 1636468248272, 1636468249085, 813, 462, 351, 0, 0, 0
3923, 1, 1636468248582, 1636468249193, 611, 262, 349, 0, 0, 0
3921, 1, 1636468248390, 1636468249337, 947, 598, 349, 1, 0, 1
3924, 1, 1636468248650, 1636468249433, 783, 434, 349, 0, 0, 0
3926, 1, 1636468248856, 1636468249468, 612, 266, 346, 0, 0, 0
3927, 1, 1636468248921, 1636468249533, 612, 262, 350, 0, 0, 0
3925, 1, 1636468248740, 1636468249537, 797, 455, 342, 0, 0, 0
3929, 1, 1636468248996, 1636468249613, 617, 263, 354, 1, 0, 1
3930, 1, 1636468249026, 1636468249637, 611, 262, 349, 0, 0, 0
3932, 1, 1636468249192, 1636468249801, 609, 262, 347, 0, 0, 0
3928, 1, 1636468248950, 1636468249816, 866, 510, 356, 0, 1, 1
3933, 1, 1636468249323, 1636468249933, 610, 262, 348, 0, 0, 0
3931, 1, 1636468249183, 1636468249985, 802, 454, 348, 0, 0, 0
3934, 1, 1636468249328, 1636468250165, 837, 486, 351, 0, 0, 0
3935, 1, 1636468249783, 1636468250393, 610, 262, 348, 0, 0, 0
3936, 1, 1636468249849, 1636468250464, 615, 263, 352, 1, 0, 1
3937, 1, 1636468249851, 1636468250464, 613, 263, 350, 1, 0, 1
3938, 1, 1636468250023, 1636468250633, 610, 263, 347, 0, 0, 0
3939, 1, 1636468250183, 1636468250981, 798, 450, 348, 0, 0, 0
3940, 1, 1636468250411, 1636468251021, 610, 261, 349, 0, 0, 0
3942, 1, 1636468250524, 1636468251136, 612, 262, 350, 0, 0, 0
3944, 1, 1636468250592, 1636468251209, 617, 262, 355, 0, 0, 0
3943, 1, 1636468250559, 1636468251325, 766, 422, 344, 0, 0, 0
3941, 1, 1636468250491, 1636468251369, 878, 530, 348, 0, 0, 0
3946, 1, 1636468250800, 1636468251412, 612, 266, 346, 0, 0, 0
3947, 1, 1636468250852, 1636468251469, 617, 266, 351, 0, 0, 0
3945, 1, 1636468250798, 1636468251557, 759, 410, 349, 0, 0, 0
3949, 1, 1636468250959, 1636468251569, 610, 262, 348, 0, 0, 0
3950, 1, 1636468251016, 1636468251629, 613, 262, 351, 0, 0, 0
3948, 1, 1636468250907, 1636468251765, 858, 510, 348, 0, 0, 0
3953, 1, 1636468251221, 1636468251833, 612, 262, 350, 0, 0, 0
3954, 1, 1636468251232, 1636468251845, 613, 262, 351, 0, 0, 0
3951, 1, 1636468251175, 1636468251981, 806, 454, 352, 1, 0, 1
3952, 1, 1636468251219, 1636468252112, 893, 547, 346, 1, 0, 1
3955, 1, 1636468251749, 1636468252361, 612, 262, 350, 0, 0, 0
3956, 1, 1636468251884, 1636468252501, 617, 262, 355, 0, 0, 0
3957, 1, 1636468251912, 1636468252525, 613, 262, 351, 0, 0, 0
3958, 1, 1636468251978, 1636468252593, 615, 262, 353, 0, 0, 0
3959, 1, 1636468252065, 1636468252873, 808, 458, 350, 0, 0, 0
3962, 1, 1636468252515, 1636468253125, 610, 262, 348, 0, 0, 0
3961, 1, 1636468252508, 1636468253125, 617, 262, 355, 0, 1, 1
3960, 1, 1636468252450, 1636468253220, 770, 422, 348, 0, 0, 0
3964, 1, 1636468252649, 1636468253265, 616, 262, 354, 0, 0, 0
3965, 1, 1636468252763, 1636468253376, 613, 262, 351, 0, 1, 1
3966, 1, 1636468252769, 1636468253385, 616, 266, 350, 0, 0, 0
3963, 1, 1636468252594, 1636468253469, 875, 530, 345, 1, 0, 1
3969, 1, 1636468252915, 1636468253521, 606, 262, 344, 0, 0, 0
3970, 1, 1636468252969, 1636468253589, 620, 270, 350, 0, 0, 0
3967, 1, 1636468252808, 1636468253613, 805, 455, 350, 1, 0, 1
3968, 1, 1636468252815, 1636468253733, 918, 571, 347, 1, 1, 2
3972, 1, 1636468253138, 1636468253757, 619, 262, 357, 0, 0, 0
3974, 1, 1636468253240, 1636468253857, 617, 262, 355, 0, 0, 0
3971, 1, 1636468253116, 1636468253869, 753, 402, 351, 0, 0, 0
3973, 1, 1636468253209, 1636468254077, 868, 522, 346, 0, 0, 0
3975, 1, 1636468253667, 1636468254277, 610, 266, 344, 0, 0, 0
3976, 1, 1636468253788, 1636468254409, 621, 266, 355, 0, 0, 0
3977, 1, 1636468253874, 1636468254481, 607, 262, 345, 0, 0, 0
3978, 1, 1636468253901, 1636468254512, 611, 262, 349, 0, 0, 0
3979, 1, 1636468253971, 1636468254753, 782, 438, 344, 0, 0, 0
3980, 1, 1636468254405, 1636468255101, 696, 342, 354, 0, 0, 0
3981, 1, 1636468254517, 1636468255133, 616, 266, 350, 0, 0, 0
3982, 1, 1636468254638, 1636468255248, 610, 262, 348, 0, 0, 0
3983, 1, 1636468254650, 1636468255265, 615, 266, 349, 0, 0, 0
3986, 1, 1636468254773, 1636468255385, 612, 262, 350, 0, 1, 1
3987, 1, 1636468254803, 1636468255413, 610, 263, 347, 0, 2, 2
3988, 1, 1636468254851, 1636468255457, 606, 262, 344, 0, 1, 1
3984, 1, 1636468254662, 1636468255476, 814, 470, 344, 0, 0, 0
3985, 1, 1636468254759, 1636468255597, 838, 490, 348, 0, 0, 0
3990, 1, 1636468255013, 1636468255629, 616, 262, 354, 1, 0, 1
3992, 1, 1636468255080, 1636468255689, 609, 262, 347, 0, 0, 0
3989, 1, 1636468254873, 1636468255733, 860, 506, 354, 0, 0, 0
3991, 1, 1636468255030, 1636468255761, 731, 382, 349, 0, 0, 0
3993, 1, 1636468255230, 1636468255841, 611, 262, 349, 0, 0, 0
3994, 1, 1636468255309, 1636468256077, 768, 421, 347, 0, 0, 0
3995, 1, 1636468255542, 1636468256153, 611, 262, 349, 1, 0, 1
3996, 1, 1636468255859, 1636468256469, 610, 267, 343, 1, 2, 3
3997, 1, 1636468255901, 1636468256509, 608, 259, 349, 1, 0, 1
3998, 1, 1636468255946, 1636468256557, 611, 263, 348, 2, 0, 2
3999, 1, 1636468256068, 1636468256856, 788, 438, 350, 0, 0, 0
4001, 1, 1636468256507, 1636468257121, 614, 262, 352, 0, 0, 0
4000, 1, 1636468256436, 1636468257205, 769, 418, 351, 0, 0, 0
4003, 1, 1636468256737, 1636468257357, 620, 270, 350, 0, 0, 0
4005, 1, 1636468256774, 1636468257381, 607, 262, 345, 0, 0, 0
4004, 1, 1636468256765, 1636468257381, 616, 262, 354, 0, 0, 0
4007, 1, 1636468256804, 1636468257417, 613, 262, 351, 1, 0, 1
4002, 1, 1636468256573, 1636468257465, 892, 546, 346, 0, 0, 0
4009, 1, 1636468256897, 1636468257505, 608, 263, 345, 0, 1, 1
4010, 1, 1636468256963, 1636468257577, 614, 261, 353, 0, 0, 0
4012, 1, 1636468257093, 1636468257705, 612, 263, 349, 1, 0, 1
4008, 1, 1636468256848, 1636468257705, 857, 507, 350, 0, 2, 2
4006, 1, 1636468256802, 1636468257729, 927, 578, 349, 0, 0, 0
4013, 1, 1636468257128, 1636468257741, 613, 262, 351, 0, 0, 0
4011, 1, 1636468256972, 1636468257765, 793, 442, 351, 0, 0, 0
4014, 1, 1636468257257, 1636468258053, 796, 446, 350, 0, 0, 0
4015, 1, 1636468257623, 1636468258241, 618, 266, 352, 0, 0, 0
4016, 1, 1636468257742, 1636468258353, 611, 262, 349, 0, 0, 0
4017, 1, 1636468257845, 1636468258453, 608, 263, 345, 1, 0, 1
4019, 1, 1636468258062, 1636468258669, 607, 262, 345, 0, 0, 0
4018, 1, 1636468257955, 1636468258801, 846, 498, 348, 0, 0, 0
4021, 1, 1636468258405, 1636468259021, 616, 262, 354, 0, 0, 0
4020, 1, 1636468258368, 1636468259149, 781, 430, 351, 0, 0, 0
4023, 1, 1636468258674, 1636468259284, 610, 262, 348, 0, 1, 1
4022, 1, 1636468258504, 1636468259369, 865, 510, 355, 0, 0, 0
4024, 1, 1636468258753, 1636468259369, 616, 265, 351, 0, 0, 0
4025, 1, 1636468258820, 1636468259433, 613, 262, 351, 0, 0, 0
4026, 1, 1636468258828, 1636468259441, 613, 262, 351, 0, 0, 0
4027, 1, 1636468258885, 1636468259497, 612, 266, 346, 0, 0, 0
4030, 1, 1636468258965, 1636468259581, 616, 266, 350, 0, 0, 0
4032, 1, 1636468259045, 1636468259657, 612, 262, 350, 0, 0, 0
4029, 1, 1636468258961, 1636468259713, 752, 406, 346, 0, 0, 0
4028, 1, 1636468258894, 1636468259781, 887, 538, 349, 0, 0, 0
4031, 1, 1636468258992, 1636468259845, 853, 502, 351, 0, 0, 0
4034, 1, 1636468259315, 1636468260061, 746, 398, 348, 0, 0, 0
4035, 1, 1636468259494, 1636468260109, 615, 262, 353, 0, 0, 0
4036, 1, 1636468259708, 1636468260321, 613, 262, 351, 0, 0, 0
4037, 1, 1636468259821, 1636468260433, 612, 262, 350, 0, 0, 0
4039, 1, 1636468259964, 1636468260577, 613, 262, 351, 0, 0, 0
4038, 1, 1636468259950, 1636468260781, 831, 478, 353, 0, 0, 0
4041, 1, 1636468260322, 1636468260936, 614, 263, 351, 1, 1, 2
4040, 1, 1636468260321, 1636468261129, 808, 459, 349, 2, 0, 2
4042, 1, 1636468260469, 1636468261285, 816, 466, 350, 0, 0, 0
4043, 1, 1636468260729, 1636468261341, 612, 266, 346, 0, 1, 1
4044, 1, 1636468260756, 1636468261364, 608, 262, 346, 0, 0, 0
4045, 1, 1636468260784, 1636468261392, 608, 262, 346, 0, 0, 0
4046, 1, 1636468260809, 1636468261421, 612, 263, 349, 1, 1, 2
4047, 1, 1636468260810, 1636468261425, 615, 267, 348, 1, 0, 1
4049, 1, 1636468260890, 1636468261505, 615, 262, 353, 0, 0, 0
4050, 1, 1636468260921, 1636468261529, 608, 262, 346, 0, 0, 0
4048, 1, 1636468260823, 1636468261693, 870, 518, 352, 0, 0, 0
4051, 1, 1636468260924, 1636468261717, 793, 438, 355, 0, 0, 0
4052, 1, 1636468261021, 1636468261776, 755, 406, 349, 0, 0, 0
4053, 1, 1636468261320, 1636468262125, 805, 454, 351, 0, 0, 0
4055, 1, 1636468261687, 1636468262297, 610, 262, 348, 0, 0, 0
4033, 1, 1636468259098, 1636468262373, 3275, 260, 3015, 0, 0, 0
4056, 1, 1636468261882, 1636468262493, 611, 262, 349, 0, 0, 0
4058, 1, 1636468262100, 1636468262713, 613, 262, 351, 0, 0, 0
4054, 1, 1636468261420, 1636468262717, 1297, 950, 347, 0, 0, 0
4059, 1, 1636468262197, 1636468262805, 608, 262, 346, 1, 1, 2
4057, 1, 1636468262021, 1636468262841, 820, 470, 350, 0, 1, 1
4062, 1, 1636468262408, 1636468263061, 653, 267, 386, 1, 0, 1
4061, 1, 1636468262390, 1636468263148, 758, 414, 344, 0, 0, 0
4060, 1, 1636468262365, 1636468263185, 820, 474, 346, 0, 0, 0
4063, 1, 1636468262681, 1636468263293, 612, 262, 350, 0, 0, 0
4064, 1, 1636468262691, 1636468263308, 617, 262, 355, 0, 0, 0
4065, 1, 1636468262746, 1636468263357, 611, 262, 349, 0, 0, 0
4066, 1, 1636468262800, 1636468263417, 617, 262, 355, 0, 0, 0
4068, 1, 1636468262866, 1636468263477, 611, 262, 349, 0, 1, 1
4070, 1, 1636468262952, 1636468263565, 613, 262, 351, 0, 0, 0
4067, 1, 1636468262843, 1636468263645, 802, 450, 352, 1, 0, 1
4072, 1, 1636468263052, 1636468263665, 613, 262, 351, 0, 0, 0
4071, 1, 1636468262983, 1636468263765, 782, 430, 352, 0, 0, 0
4069, 1, 1636468262930, 1636468263825, 895, 546, 349, 0, 0, 0
4074, 1, 1636468263452, 1636468264069, 617, 262, 355, 0, 0, 0
4073, 1, 1636468263271, 1636468264113, 842, 494, 348, 1, 0, 1
4075, 1, 1636468263815, 1636468264428, 613, 262, 351, 0, 0, 0
4076, 1, 1636468263835, 1636468264449, 614, 262, 352, 0, 0, 0
4078, 1, 1636468264038, 1636468264649, 611, 262, 349, 1, 0, 1
4077, 1, 1636468263962, 1636468264797, 835, 486, 349, 0, 0, 0
4079, 1, 1636468264285, 1636468264893, 608, 262, 346, 0, 0, 0
4081, 1, 1636468264328, 1636468264941, 613, 263, 350, 0, 1, 1
4080, 1, 1636468264306, 1636468265149, 843, 490, 353, 0, 0, 0
4083, 1, 1636468264657, 1636468265269, 612, 262, 350, 0, 0, 0
4082, 1, 1636468264504, 1636468265293, 789, 434, 355, 0, 0, 0
4084, 1, 1636468264743, 1636468265353, 610, 263, 347, 1, 0, 1
4085, 1, 1636468264804, 1636468265417, 613, 262, 351, 0, 0, 0
4087, 1, 1636468264859, 1636468265468, 609, 263, 346, 0, 2, 2
4089, 1, 1636468264905, 1636468265517, 612, 262, 350, 0, 0, 0
4090, 1, 1636468264923, 1636468265537, 614, 262, 352, 0, 1, 1
4091, 1, 1636468264937, 1636468265557, 620, 267, 353, 0, 1, 1
4088, 1, 1636468264889, 1636468265701, 812, 458, 354, 1, 0, 1
4086, 1, 1636468264825, 1636468265765, 940, 590, 350, 0, 0, 0
4092, 1, 1636468264999, 1636468265905, 906, 558, 348, 0, 0, 0
4094, 1, 1636468265405, 1636468266017, 612, 258, 354, 0, 0, 0
4093, 1, 1636468265337, 1636468266253, 916, 562, 354, 0, 0, 0
4095, 1, 1636468265712, 1636468266325, 613, 263, 350, 0, 0, 0
4096, 1, 1636468265745, 1636468266357, 612, 262, 350, 0, 0, 0
4097, 1, 1636468265923, 1636468266673, 750, 402, 348, 0, 0, 0
4098, 1, 1636468266151, 1636468266765, 614, 262, 352, 0, 0, 0
4099, 1, 1636468266199, 1636468266809, 610, 262, 348, 0, 0, 0
4100, 1, 1636468266276, 1636468267025, 749, 399, 350, 1, 1, 2
4102, 1, 1636468266415, 1636468267025, 610, 266, 344, 0, 0, 0
4101, 1, 1636468266391, 1636468267153, 762, 418, 344, 0, 0, 0
4103, 1, 1636468266636, 1636468267253, 617, 262, 355, 0, 0, 0
4104, 1, 1636468266696, 1636468267313, 617, 262, 355, 0, 0, 0
4105, 1, 1636468266782, 1636468267393, 611, 263, 348, 1, 1, 2
4107, 1, 1636468266850, 1636468267460, 610, 261, 349, 0, 0, 0
4108, 1, 1636468266892, 1636468267505, 613, 263, 350, 0, 0, 0
4110, 1, 1636468266958, 1636468267569, 611, 262, 349, 2, 0, 2
4111, 1, 1636468267000, 1636468267612, 612, 263, 349, 0, 0, 0
4106, 1, 1636468266837, 1636468267657, 820, 474, 346, 0, 0, 0
4109, 1, 1636468266918, 1636468267857, 939, 586, 353, 0, 0, 0
4113, 1, 1636468267282, 1636468267892, 610, 262, 348, 0, 0, 0
4112, 1, 1636468267053, 1636468267965, 912, 554, 358, 0, 1, 1
4115, 1, 1636468267604, 1636468268217, 613, 262, 351, 0, 0, 0
4114, 1, 1636468267380, 1636468268313, 933, 582, 351, 0, 0, 0
4116, 1, 1636468267845, 1636468268457, 612, 263, 349, 1, 0, 1
4117, 1, 1636468267889, 1636468268565, 676, 332, 344, 1, 0, 1
4118, 1, 1636468268125, 1636468268733, 608, 262, 346, 0, 0, 0
4120, 1, 1636468268250, 1636468268860, 610, 262, 348, 0, 0, 0
4121, 1, 1636468268286, 1636468268897, 611, 266, 345, 0, 0, 0
4119, 1, 1636468268221, 1636468268917, 696, 342, 354, 1, 0, 1
4122, 1, 1636468268302, 1636468269092, 790, 434, 356, 0, 0, 0
4123, 1, 1636468268573, 1636468269189, 616, 266, 350, 0, 0, 0
4124, 1, 1636468268674, 1636468269285, 611, 262, 349, 0, 0, 0
4126, 1, 1636468268764, 1636468269381, 617, 266, 351, 0, 0, 0
4127, 1, 1636468268875, 1636468269485, 610, 263, 347, 0, 1, 1
4128, 1, 1636468268908, 1636468269521, 613, 262, 351, 2, 0, 2
4129, 1, 1636468268911, 1636468269521, 610, 267, 343, 3, 0, 3
4125, 1, 1636468268740, 1636468269533, 793, 442, 351, 0, 0, 0
4130, 1, 1636468268982, 1636468269593, 611, 262, 349, 0, 0, 0
4133, 1, 1636468269174, 1636468269781, 607, 258, 349, 0, 0, 0
4132, 1, 1636468269010, 1636468269865, 855, 510, 345, 0, 0, 0
4131, 1, 1636468268991, 1636468269945, 954, 602, 352, 0, 0, 0
4134, 1, 1636468269380, 1636468270212, 832, 482, 350, 0, 0, 0
4135, 1, 1636468269739, 1636468270345, 606, 263, 343, 0, 0, 0
4136, 1, 1636468269890, 1636468270501, 611, 262, 349, 0, 0, 0
4137, 1, 1636468269964, 1636468270693, 729, 378, 351, 1, 0, 1
4138, 1, 1636468270168, 1636468270781, 613, 262, 351, 1, 0, 1
4139, 1, 1636468270176, 1636468270793, 617, 262, 355, 0, 1, 1
4140, 1, 1636468270212, 1636468270825, 613, 263, 350, 0, 1, 1
4141, 1, 1636468270233, 1636468271041, 808, 459, 349, 1, 1, 2
4143, 1, 1636468270465, 1636468271077, 612, 266, 346, 0, 0, 0
4142, 1, 1636468270333, 1636468271145, 812, 458, 354, 0, 0, 0
4144, 1, 1636468270695, 1636468271317, 622, 266, 356, 1, 1, 2
4146, 1, 1636468270816, 1636468271429, 613, 262, 351, 1, 0, 1
4145, 1, 1636468270711, 1636468271429, 718, 366, 352, 1, 0, 1
4147, 1, 1636468270865, 1636468271473, 608, 262, 346, 0, 0, 0
4148, 1, 1636468270900, 1636468271513, 613, 261, 352, 1, 0, 1
4150, 1, 1636468270960, 1636468271577, 617, 267, 350, 0, 0, 0
4151, 1, 1636468271044, 1636468271665, 621, 270, 351, 1, 0, 1
4153, 1, 1636468271211, 1636468271825, 614, 266, 348, 0, 0, 0
4149, 1, 1636468270930, 1636468271857, 927, 582, 345, 0, 0, 0
4152, 1, 1636468271112, 1636468272013, 901, 550, 351, 0, 0, 0
4154, 1, 1636468271454, 1636468272361, 907, 558, 349, 0, 0, 0
4155, 1, 1636468271798, 1636468272409, 611, 262, 349, 0, 0, 0
4156, 1, 1636468271845, 1636468272469, 624, 270, 354, 0, 0, 0
4158, 1, 1636468272129, 1636468272737, 608, 262, 346, 0, 0, 0
4157, 1, 1636468272065, 1636468272820, 755, 402, 353, 0, 0, 0
4159, 1, 1636468272253, 1636468272865, 612, 266, 346, 0, 0, 0
4160, 1, 1636468272273, 1636468272885, 612, 262, 350, 1, 0, 1
4161, 1, 1636468272280, 1636468273085, 805, 450, 355, 1, 0, 1
4162, 1, 1636468272324, 1636468273172, 848, 491, 357, 1, 0, 1
4163, 1, 1636468272600, 1636468273217, 617, 262, 355, 0, 0, 0
4164, 1, 1636468272765, 1636468273377, 612, 266, 346, 0, 0, 0
4165, 1, 1636468272821, 1636468273436, 615, 263, 352, 1, 0, 1
4167, 1, 1636468272877, 1636468273520, 643, 300, 343, 1, 0, 1
4166, 1, 1636468272832, 1636468273573, 741, 386, 355, 0, 0, 0
4168, 1, 1636468272968, 1636468273581, 613, 262, 351, 0, 0, 0
4170, 1, 1636468272986, 1636468273609, 623, 268, 355, 1, 1, 2
4169, 1, 1636468272984, 1636468273609, 625, 268, 357, 1, 1, 2
4173, 1, 1636468273301, 1636468273913, 612, 263, 349, 0, 1, 1
4172, 1, 1636468273029, 1636468273933, 904, 550, 354, 0, 0, 0
4171, 1, 1636468272992, 1636468273961, 969, 610, 359, 1, 0, 1
4174, 1, 1636468273372, 1636468274280, 908, 558, 350, 0, 0, 0
4175, 1, 1636468273679, 1636468274293, 614, 262, 352, 0, 0, 0
4176, 1, 1636468273901, 1636468274513, 612, 262, 350, 0, 0, 0
4177, 1, 1636468274086, 1636468274693, 607, 262, 345, 0, 0, 0
4179, 1, 1636468274226, 1636468274837, 611, 262, 349, 0, 0, 0
4178, 1, 1636468274104, 1636468274857, 753, 406, 347, 0, 0, 0
4181, 1, 1636468274277, 1636468274889, 612, 262, 350, 0, 0, 0
4180, 1, 1636468274257, 1636468275041, 784, 434, 350, 0, 0, 0
4182, 1, 1636468274376, 1636468275205, 829, 478, 351, 0, 0, 0
4183, 1, 1636468274690, 1636468275301, 611, 262, 349, 0, 0, 0
4184, 1, 1636468274713, 1636468275329, 616, 262, 354, 0, 0, 0
4185, 1, 1636468274809, 1636468275424, 615, 262, 353, 0, 0, 0
4187, 1, 1636468274964, 1636468275577, 613, 263, 350, 0, 1, 1
4188, 1, 1636468274985, 1636468275597, 612, 262, 350, 1, 0, 1
4189, 1, 1636468275022, 1636468275637, 615, 263, 352, 0, 0, 0
4186, 1, 1636468274877, 1636468275644, 767, 422, 345, 0, 0, 0
4191, 1, 1636468275070, 1636468275681, 611, 262, 349, 0, 0, 0
4190, 1, 1636468275042, 1636468275985, 943, 594, 349, 0, 0, 0
4193, 1, 1636468275376, 1636468275988, 612, 262, 350, 0, 0, 0
4192, 1, 1636468275082, 1636468276024, 942, 598, 344, 0, 0, 0
4195, 1, 1636468275753, 1636468276361, 608, 262, 346, 0, 0, 0
4194, 1, 1636468275413, 1636468276373, 960, 610, 350, 0, 0, 0
4196, 1, 1636468275877, 1636468276489, 612, 262, 350, 0, 0, 0
4197, 1, 1636468276008, 1636468276621, 613, 262, 351, 0, 1, 1
4199, 1, 1636468276104, 1636468276721, 617, 267, 350, 1, 1, 2
4201, 1, 1636468276204, 1636468276821, 617, 266, 351, 0, 0, 0
4198, 1, 1636468276044, 1636468276837, 793, 442, 351, 0, 0, 0
4200, 1, 1636468276182, 1636468276969, 787, 438, 349, 0, 0, 0
4202, 1, 1636468276283, 1636468277184, 901, 554, 347, 0, 0, 0
4203, 1, 1636468276717, 1636468277329, 612, 262, 350, 0, 0, 0
4204, 1, 1636468276765, 1636468277377, 612, 267, 345, 0, 0, 0
4205, 1, 1636468276848, 1636468277465, 617, 262, 355, 0, 0, 0
4206, 1, 1636468276940, 1636468277553, 613, 266, 347, 0, 0, 0
4207, 1, 1636468276949, 1636468277561, 612, 262, 350, 0, 1, 1
4208, 1, 1636468276970, 1636468277581, 611, 262, 349, 0, 0, 0
4209, 1, 1636468276991, 1636468277725, 734, 382, 352, 0, 0, 0
4211, 1, 1636468277129, 1636468277745, 616, 262, 354, 0, 0, 0
4210, 1, 1636468277008, 1636468277908, 900, 550, 350, 0, 0, 0
4213, 1, 1636468277352, 1636468277961, 609, 262, 347, 0, 0, 0
4212, 1, 1636468277170, 1636468278097, 927, 574, 353, 0, 0, 0
4215, 1, 1636468277731, 1636468278337, 606, 262, 344, 0, 0, 0
4214, 1, 1636468277460, 1636468278445, 985, 634, 351, 0, 0, 0
4216, 1, 1636468277899, 1636468278509, 610, 263, 347, 0, 1, 1
4217, 1, 1636468277996, 1636468278617, 621, 266, 355, 0, 0, 0
4219, 1, 1636468278144, 1636468278761, 617, 262, 355, 0, 0, 0
4220, 1, 1636468278190, 1636468278801, 611, 262, 349, 0, 0, 0
4218, 1, 1636468278072, 1636468278856, 784, 434, 350, 0, 0, 0
4221, 1, 1636468278268, 1636468279109, 841, 490, 351, 0, 0, 0
4222, 1, 1636468278346, 1636468279209, 863, 511, 352, 1, 0, 1
4223, 1, 1636468278598, 1636468279209, 611, 262, 349, 0, 0, 0
4224, 1, 1636468278741, 1636468279349, 608, 262, 346, 0, 0, 0
4226, 1, 1636468278935, 1636468279545, 610, 262, 348, 0, 0, 0
4227, 1, 1636468278939, 1636468279557, 618, 266, 352, 0, 0, 0
4228, 1, 1636468278962, 1636468279573, 611, 263, 348, 0, 1, 1
4230, 1, 1636468279046, 1636468279657, 611, 262, 349, 0, 0, 0
4225, 1, 1636468278925, 1636468279693, 768, 422, 346, 1, 0, 1
4231, 1, 1636468279081, 1636468279693, 612, 262, 350, 0, 0, 0
4229, 1, 1636468278971, 1636468279893, 922, 575, 347, 1, 0, 1
4232, 1, 1636468279146, 1636468280005, 859, 510, 349, 0, 0, 0
4234, 1, 1636468279429, 1636468280041, 612, 262, 350, 0, 0, 0
4235, 1, 1636468279634, 1636468280245, 611, 262, 349, 0, 0, 0
4233, 1, 1636468279407, 1636468280353, 946, 598, 348, 0, 0, 0
4236, 1, 1636468279891, 1636468280500, 609, 262, 347, 0, 0, 0
4238, 1, 1636468280115, 1636468280724, 609, 262, 347, 0, 0, 0
4239, 1, 1636468280233, 1636468280849, 616, 266, 350, 0, 0, 0
4237, 1, 1636468279978, 1636468280849, 871, 522, 349, 0, 1, 1
4242, 1, 1636468280301, 1636468280917, 616, 263, 353, 0, 0, 0
4240, 1, 1636468280256, 1636468281197, 941, 590, 351, 3, 0, 3
4241, 1, 1636468280289, 1636468281197, 908, 553, 355, 1, 0, 1
4243, 1, 1636468280673, 1636468281285, 612, 262, 350, 1, 0, 1
4244, 1, 1636468280818, 1636468281437, 619, 264, 355, 1, 0, 1
4245, 1, 1636468280861, 1636468281544, 683, 335, 348, 1, 0, 1
4246, 1, 1636468280976, 1636468281593, 617, 266, 351, 0, 0, 0
4248, 1, 1636468280996, 1636468281609, 613, 262, 351, 1, 0, 1
4249, 1, 1636468281015, 1636468281621, 606, 262, 344, 0, 0, 0
4251, 1, 1636468281131, 1636468281741, 610, 262, 348, 0, 0, 0
4247, 1, 1636468280980, 1636468281785, 805, 454, 351, 0, 0, 0
4250, 1, 1636468281045, 1636468281941, 896, 547, 349, 1, 0, 1
4253, 1, 1636468281328, 1636468281941, 613, 262, 351, 0, 0, 0
4252, 1, 1636468281219, 1636468282089, 870, 522, 348, 0, 0, 0
4255, 1, 1636468281706, 1636468282317, 611, 262, 349, 0, 0, 0
4254, 1, 1636468281462, 1636468282433, 971, 627, 344, 1, 0, 1
4256, 1, 1636468281994, 1636468282605, 611, 262, 349, 0, 0, 0
4259, 1, 1636468282222, 1636468282833, 611, 262, 349, 1, 0, 1
4258, 1, 1636468282216, 1636468282833, 617, 265, 352, 1, 1, 2
4261, 1, 1636468282309, 1636468282921, 612, 262, 350, 2, 0, 2
4257, 1, 1636468282007, 1636468282952, 945, 599, 346, 1, 1, 2
4262, 1, 1636468282388, 1636468283265, 877, 531, 346, 1, 0, 1
4263, 1, 1636468282656, 1636468283269, 613, 262, 351, 0, 0, 0
4260, 1, 1636468282294, 1636468283301, 1007, 659, 348, 0, 0, 0
4264, 1, 1636468282717, 1636468283329, 612, 263, 349, 1, 0, 1
4265, 1, 1636468282891, 1636468283501, 610, 262, 348, 0, 0, 0
4268, 1, 1636468283002, 1636468283617, 615, 263, 352, 1, 0, 1
4267, 1, 1636468282914, 1636468283649, 735, 386, 349, 0, 0, 0
4270, 1, 1636468283040, 1636468283661, 621, 266, 355, 0, 0, 0
4266, 1, 1636468282901, 1636468283673, 772, 425, 347, 0, 0, 0
4271, 1, 1636468283155, 1636468283765, 610, 262, 348, 1, 0, 1
4269, 1, 1636468283002, 1636468283853, 851, 499, 352, 1, 0, 1
4273, 1, 1636468283423, 1636468284037, 614, 262, 352, 0, 0, 0
4272, 1, 1636468283315, 1636468284109, 794, 450, 344, 0, 1, 1
4275, 1, 1636468283801, 1636468284413, 612, 262, 350, 0, 0, 0
4274, 1, 1636468283487, 1636468284457, 970, 623, 347, 0, 0, 0
4276, 1, 1636468283945, 1636468284565, 620, 267, 353, 0, 0, 0
4278, 1, 1636468284262, 1636468284873, 611, 263, 348, 0, 0, 0
4279, 1, 1636468284285, 1636468284897, 612, 262, 350, 0, 0, 0
4281, 1, 1636468284297, 1636468284904, 607, 262, 345, 0, 0, 0
4277, 1, 1636468283987, 1636468284912, 925, 578, 347, 0, 1, 1
4282, 1, 1636468284308, 1636468285245, 937, 586, 351, 0, 1, 1
4283, 1, 1636468284629, 1636468285245, 616, 262, 354, 0, 0, 0
4280, 1, 1636468284293, 1636468285260, 967, 614, 353, 0, 0, 0
4284, 1, 1636468284812, 1636468285425, 613, 262, 351, 0, 0, 0
4286, 1, 1636468284936, 1636468285553, 617, 263, 354, 0, 0, 0
4285, 1, 1636468284894, 1636468285605, 711, 366, 345, 0, 1, 1
4288, 1, 1636468285010, 1636468285621, 611, 262, 349, 0, 0, 0
4289, 1, 1636468285023, 1636468285641, 618, 262, 356, 0, 0, 0
4291, 1, 1636468285082, 1636468285705, 623, 270, 353, 0, 0, 0
4287, 1, 1636468284944, 1636468285777, 833, 482, 351, 0, 0, 0
4290, 1, 1636468285071, 1636468285901, 830, 482, 348, 0, 0, 0
4293, 1, 1636468285415, 1636468286029, 614, 262, 352, 0, 0, 0
4292, 1, 1636468285267, 1636468286053, 786, 438, 348, 0, 0, 0
4294, 1, 1636468285468, 1636468286400, 932, 582, 350, 0, 0, 0
4295, 1, 1636468285869, 1636468286481, 612, 262, 350, 0, 0, 0
4296, 1, 1636468286017, 1636468286629, 612, 262, 350, 0, 0, 0
4298, 1, 1636468286177, 1636468286793, 616, 266, 350, 0, 0, 0
4299, 1, 1636468286285, 1636468286896, 611, 266, 345, 0, 0, 0
4300, 1, 1636468286306, 1636468286921, 615, 262, 353, 0, 0, 0
4297, 1, 1636468286020, 1636468286977, 957, 606, 351, 0, 0, 0
4302, 1, 1636468286356, 1636468287269, 913, 562, 351, 0, 0, 0
4303, 1, 1636468286702, 1636468287313, 611, 262, 349, 0, 0, 0
4301, 1, 1636468286352, 1636468287325, 973, 623, 350, 0, 1, 1
4304, 1, 1636468286804, 1636468287417, 613, 262, 351, 1, 0, 1
4305, 1, 1636468286851, 1636468287465, 614, 267, 347, 0, 0, 0
4308, 1, 1636468286922, 1636468287533, 611, 262, 349, 0, 0, 0
4310, 1, 1636468287037, 1636468287653, 616, 266, 350, 0, 0, 0
4307, 1, 1636468286902, 1636468287669, 767, 422, 345, 0, 0, 0
4311, 1, 1636468287066, 1636468287677, 611, 265, 346, 0, 0, 0
4306, 1, 1636468286884, 1636468287765, 881, 530, 351, 0, 0, 0
4309, 1, 1636468286963, 1636468287813, 850, 502, 348, 0, 0, 0
4312, 1, 1636468287182, 1636468288025, 843, 494, 349, 1, 0, 1
4314, 1, 1636468287472, 1636468288088, 616, 266, 350, 0, 0, 0
4315, 1, 1636468287735, 1636468288345, 610, 262, 348, 0, 0, 0
4313, 1, 1636468287410, 1636468288369, 959, 614, 345, 0, 0, 0
4316, 1, 1636468288080, 1636468288693, 613, 262, 351, 0, 0, 0
4319, 1, 1636468288206, 1636468288817, 611, 263, 348, 2, 0, 2
4318, 1, 1636468288204, 1636468288817, 613, 261, 352, 1, 0, 1
4320, 1, 1636468288308, 1636468288920, 612, 262, 350, 0, 0, 0
4317, 1, 1636468288103, 1636468289037, 934, 586, 348, 0, 0, 0
4321, 1, 1636468288322, 1636468289165, 843, 495, 348, 0, 0, 0
4322, 1, 1636468288392, 1636468289381, 989, 642, 347, 0, 0, 0
4323, 1, 1636468288797, 1636468289405, 608, 262, 346, 0, 0, 0
4324, 1, 1636468288860, 1636468289469, 609, 262, 347, 0, 0, 0
4325, 1, 1636468288878, 1636468289493, 615, 262, 353, 0, 2, 2
4329, 1, 1636468289018, 1636468289633, 615, 266, 349, 0, 0, 0
4330, 1, 1636468289055, 1636468289665, 610, 262, 348, 0, 0, 0
4326, 1, 1636468288911, 1636468289729, 818, 470, 348, 0, 0, 0
4331, 1, 1636468289175, 1636468289785, 610, 262, 348, 0, 0, 0
4327, 1, 1636468288916, 1636468289813, 897, 550, 347, 0, 0, 0
4328, 1, 1636468288996, 1636468289845, 849, 498, 351, 0, 0, 0
4332, 1, 1636468289201, 1636468290133, 932, 582, 350, 0, 0, 0
4334, 1, 1636468289535, 1636468290153, 618, 262, 356, 0, 0, 0
4335, 1, 1636468289663, 1636468290273, 610, 263, 347, 0, 0, 0
4333, 1, 1636468289508, 1636468290477, 969, 623, 346, 1, 0, 1
4336, 1, 1636468289991, 1636468290605, 614, 266, 348, 0, 0, 0
4338, 1, 1636468290207, 1636468290817, 610, 262, 348, 0, 0, 0
4339, 1, 1636468290223, 1636468290833, 610, 262, 348, 0, 1, 1
4340, 1, 1636468290301, 1636468290913, 612, 262, 350, 0, 0, 0
4337, 1, 1636468290020, 1636468290957, 937, 584, 353, 0, 0, 0
4342, 1, 1636468290324, 1636468291265, 941, 590, 351, 0, 0, 0
4341, 1, 1636468290304, 1636468291305, 1001, 650, 351, 0, 0, 0
4343, 1, 1636468290842, 1636468291452, 610, 262, 348, 0, 0, 0
4345, 1, 1636468290896, 1636468291517, 621, 266, 355, 0, 0, 0
4346, 1, 1636468290994, 1636468291608, 614, 266, 348, 0, 0, 0
4348, 1, 1636468291010, 1636468291621, 611, 266, 345, 0, 0, 0
4349, 1, 1636468291040, 1636468291653, 613, 263, 350, 1, 0, 1
4344, 1, 1636468290890, 1636468291653, 763, 414, 349, 1, 0, 1
4351, 1, 1636468291090, 1636468291705, 615, 262, 353, 0, 0, 0
4350, 1, 1636468291083, 1636468291865, 782, 434, 348, 0, 0, 0
4347, 1, 1636468290998, 1636468291957, 959, 610, 349, 0, 0, 0
4352, 1, 1636468291151, 1636468292053, 902, 554, 348, 0, 0, 0
4353, 1, 1636468291446, 1636468292061, 615, 266, 349, 0, 0, 0
4355, 1, 1636468291655, 1636468292269, 614, 262, 352, 0, 0, 0
4354, 1, 1636468291477, 1636468292401, 924, 574, 350, 0, 0, 0
4356, 1, 1636468291951, 1636468292561, 610, 258, 352, 0, 0, 0
4358, 1, 1636468292208, 1636468292817, 609, 262, 347, 0, 1, 1
4359, 1, 1636468292262, 1636468292869, 607, 262, 345, 0, 0, 0
4357, 1, 1636468291984, 1636468292913, 929, 578, 351, 0, 0, 0
4362, 1, 1636468292301, 1636468292913, 612, 262, 350, 0, 0, 0
4361, 1, 1636468292292, 1636468293213, 921, 574, 347, 0, 0, 0
4360, 1, 1636468292287, 1636468293257, 970, 626, 344, 0, 0, 0
4363, 1, 1636468292707, 1636468293317, 610, 263, 347, 0, 0, 0
4364, 1, 1636468292789, 1636468293397, 608, 262, 346, 0, 0, 0
4367, 1, 1636468292906, 1636468293517, 611, 263, 348, 3, 1, 4
4366, 1, 1636468292904, 1636468293517, 613, 263, 350, 2, 0, 2
4365, 1, 1636468292819, 1636468293605, 786, 434, 352, 1, 0, 1
4370, 1, 1636468293066, 1636468293681, 615, 262, 353, 0, 0, 0
4371, 1, 1636468293135, 1636468293745, 610, 262, 348, 0, 0, 0
4369, 1, 1636468292977, 1636468293745, 768, 418, 350, 0, 0, 0
4368, 1, 1636468292911, 1636468293865, 954, 607, 347, 1, 1, 2
4373, 1, 1636468293406, 1636468294012, 606, 263, 343, 1, 1, 2
4372, 1, 1636468293218, 1636468294093, 875, 522, 353, 0, 0, 0
4374, 1, 1636468293518, 1636468294133, 615, 263, 352, 1, 0, 1
4375, 1, 1636468293575, 1636468294441, 866, 518, 348, 0, 0, 0
4376, 1, 1636468293862, 1636468294469, 607, 262, 345, 0, 0, 0
4378, 1, 1636468294181, 1636468294788, 607, 262, 345, 0, 0, 0
4377, 1, 1636468293962, 1636468294812, 850, 506, 344, 0, 0, 0
4380, 1, 1636468294282, 1636468294897, 615, 262, 353, 0, 0, 0
4381, 1, 1636468294293, 1636468294900, 607, 262, 345, 0, 0, 0
4379, 1, 1636468294198, 1636468295161, 963, 614, 349, 0, 0, 0
4383, 1, 1636468294635, 1636468295245, 610, 262, 348, 1, 0, 1
4382, 1, 1636468294322, 1636468295245, 923, 574, 349, 0, 0, 0
4384, 1, 1636468294761, 1636468295373, 612, 262, 350, 0, 0, 0
4386, 1, 1636468294813, 1636468295425, 612, 264, 348, 0, 2, 2
4385, 1, 1636468294777, 1636468295509, 732, 382, 350, 0, 0, 0
4389, 1, 1636468295009, 1636468295621, 612, 262, 350, 0, 0, 0
4390, 1, 1636468295050, 1636468295661, 611, 262, 349, 0, 1, 1
4388, 1, 1636468294877, 1636468295721, 844, 494, 350, 0, 0, 0
4391, 1, 1636468295129, 1636468295745, 616, 262, 354, 0, 0, 0
4387, 1, 1636468294865, 1636468295773, 908, 558, 350, 0, 0, 0
4393, 1, 1636468295275, 1636468295884, 609, 262, 347, 0, 0, 0
4392, 1, 1636468295142, 1636468296009, 867, 518, 349, 0, 0, 0
4394, 1, 1636468295465, 1636468296077, 612, 263, 349, 1, 0, 1
4395, 1, 1636468295563, 1636468296357, 794, 450, 344, 0, 0, 0
4396, 1, 1636468295793, 1636468296405, 612, 262, 350, 0, 0, 0
4397, 1, 1636468295896, 1636468296752, 856, 510, 346, 0, 0, 0
4398, 1, 1636468296196, 1636468296808, 612, 263, 349, 1, 1, 2
4400, 1, 1636468296314, 1636468296924, 610, 263, 347, 1, 0, 1
4401, 1, 1636468296345, 1636468296957, 612, 262, 350, 0, 0, 0
4399, 1, 1636468296198, 1636468297100, 902, 555, 347, 2, 0, 2
4403, 1, 1636468296627, 1636468297241, 614, 262, 352, 0, 0, 0
4402, 1, 1636468296360, 1636468297313, 953, 594, 359, 0, 1, 1
4405, 1, 1636468296724, 1636468297341, 617, 263, 354, 1, 0, 1
4404, 1, 1636468296680, 1636468297449, 769, 419, 350, 1, 0, 1
4407, 1, 1636468296864, 1636468297477, 613, 262, 351, 1, 0, 1
4409, 1, 1636468296997, 1636468297613, 616, 267, 349, 1, 1, 2
4410, 1, 1636468297041, 1636468297653, 612, 262, 350, 1, 0, 1
4406, 1, 1636468296844, 1636468297689, 845, 494, 351, 1, 0, 1
4411, 1, 1636468297077, 1636468297689, 612, 262, 350, 0, 0, 0
4408, 1, 1636468296888, 1636468297824, 936, 587, 349, 1, 1, 2
4413, 1, 1636468297244, 1636468297861, 617, 262, 355, 0, 0, 0
4414, 1, 1636468297411, 1636468298021, 610, 262, 348, 0, 0, 0
4412, 1, 1636468297159, 1636468298037, 878, 534, 344, 0, 0, 0
4416, 1, 1636468297731, 1636468298337, 606, 262, 344, 0, 0, 0
4415, 1, 1636468297590, 1636468298381, 791, 446, 345, 0, 0, 0
4417, 1, 1636468297888, 1636468298685, 797, 450, 347, 0, 0, 0
4419, 1, 1636468298185, 1636468298801, 616, 266, 350, 0, 0, 0
4420, 1, 1636468298256, 1636468298869, 613, 266, 347, 0, 0, 0
4422, 1, 1636468298377, 1636468298993, 616, 262, 354, 0, 0, 0
4418, 1, 1636468298114, 1636468299029, 915, 570, 345, 0, 0, 0
4423, 1, 1636468298490, 1636468299101, 611, 263, 348, 0, 0, 0
4421, 1, 1636468298272, 1636468299213, 941, 594, 347, 0, 0, 0
4425, 1, 1636468298693, 1636468299301, 608, 262, 346, 0, 0, 0
4424, 1, 1636468298564, 1636468299377, 813, 462, 351, 0, 0, 0
4426, 1, 1636468298809, 1636468299420, 611, 262, 349, 1, 0, 1
4429, 1, 1636468299002, 1636468299608, 606, 262, 344, 0, 0, 0
4427, 1, 1636468298813, 1636468299644, 831, 482, 349, 0, 1, 1
4430, 1, 1636468299039, 1636468299644, 605, 262, 343, 0, 1, 1
4431, 1, 1636468299096, 1636468299704, 608, 261, 347, 0, 2, 2
4428, 1, 1636468298852, 1636468299761, 909, 564, 345, 0, 2, 2
4432, 1, 1636468299182, 1636468299793, 611, 263, 348, 0, 2, 2
4434, 1, 1636468299310, 1636468299913, 603, 254, 349, 0, 0, 0
4433, 1, 1636468299257, 1636468300045, 788, 444, 344, 1, 0, 1
4435, 1, 1636468299662, 1636468300393, 731, 382, 349, 0, 0, 0
4436, 1, 1636468299856, 1636468300477, 621, 266, 355, 0, 0, 0
4439, 1, 1636468300205, 1636468300813, 608, 262, 346, 0, 0, 0
4437, 1, 1636468299974, 1636468300825, 851, 502, 349, 0, 0, 0
4441, 1, 1636468300227, 1636468300849, 622, 262, 360, 0, 0, 0
4442, 1, 1636468300288, 1636468300900, 612, 262, 350, 0, 0, 0
4443, 1, 1636468300437, 1636468301052, 615, 266, 349, 0, 0, 0
4440, 1, 1636468300216, 1636468301165, 949, 594, 355, 1, 1, 2
4438, 1, 1636468300175, 1636468301169, 994, 650, 344, 0, 0, 0
4445, 1, 1636468300603, 1636468301217, 614, 262, 352, 0, 0, 0
4447, 1, 1636468300852, 1636468301461, 609, 262, 347, 0, 0, 0
4448, 1, 1636468300871, 1636468301489, 618, 266, 352, 0, 0, 0
4444, 1, 1636468300598, 1636468301513, 915, 571, 344, 0, 0, 0
4449, 1, 1636468300911, 1636468301525, 614, 266, 348, 0, 0, 0
4446, 1, 1636468300782, 1636468301569, 787, 434, 353, 0, 0, 0
4451, 1, 1636468301080, 1636468301689, 609, 262, 347, 1, 0, 1
4450, 1, 1636468300928, 1636468301809, 881, 530, 351, 0, 0, 0
4453, 1, 1636468301184, 1636468301861, 677, 322, 355, 0, 0, 0
4454, 1, 1636468301261, 1636468301877, 616, 262, 354, 0, 1, 1
4452, 1, 1636468301150, 1636468302041, 891, 538, 353, 0, 0, 0
4455, 1, 1636468301581, 1636468302388, 807, 458, 349, 0, 0, 0
4456, 1, 1636468301807, 1636468302417, 610, 262, 348, 0, 0, 0
4458, 1, 1636468302074, 1636468302681, 607, 258, 349, 0, 0, 0
4457, 1, 1636468301866, 1636468302765, 899, 550, 349, 0, 0, 0
4461, 1, 1636468302211, 1636468302833, 622, 266, 356, 0, 0, 0
4462, 1, 1636468302249, 1636468302861, 612, 262, 350, 0, 0, 0
4463, 1, 1636468302383, 1636468302997, 614, 262, 352, 0, 0, 0
4459, 1, 1636468302124, 1636468303037, 913, 554, 359, 0, 1, 1
4460, 1, 1636468302138, 1636468303113, 975, 627, 348, 0, 1, 1
4465, 1, 1636468302605, 1636468303221, 616, 266, 350, 0, 0, 0
4466, 1, 1636468302723, 1636468303341, 618, 267, 351, 1, 0, 1
4468, 1, 1636468302840, 1636468303449, 609, 261, 348, 0, 0, 0
4464, 1, 1636468302533, 1636468303457, 924, 578, 346, 0, 0, 0
4470, 1, 1636468302915, 1636468303525, 610, 262, 348, 0, 0, 0
4467, 1, 1636468302816, 1636468303569, 753, 403, 350, 0, 1, 1
4471, 1, 1636468303052, 1636468303665, 613, 262, 351, 1, 0, 1
4469, 1, 1636468302886, 1636468303685, 799, 455, 344, 1, 0, 1
4473, 1, 1636468303095, 1636468303800, 705, 362, 343, 0, 0, 0
4474, 1, 1636468303272, 1636468303885, 613, 262, 351, 0, 0, 0
4472, 1, 1636468303059, 1636468304009, 950, 606, 344, 0, 0, 0
4475, 1, 1636468303548, 1636468304356, 808, 458, 350, 0, 0, 0
4476, 1, 1636468303809, 1636468304421, 612, 262, 350, 0, 0, 0
4478, 1, 1636468304005, 1636468304617, 612, 262, 350, 0, 0, 0
4477, 1, 1636468303924, 1636468304769, 845, 494, 351, 0, 1, 1
4480, 1, 1636468304161, 1636468304772, 611, 266, 345, 0, 0, 0
4483, 1, 1636468304282, 1636468304893, 611, 263, 348, 2, 0, 2
4482, 1, 1636468304281, 1636468304893, 612, 263, 349, 2, 0, 2
4479, 1, 1636468304099, 1636468304964, 865, 514, 351, 0, 1, 1
4481, 1, 1636468304207, 1636468305125, 918, 563, 355, 1, 0, 1
4484, 1, 1636468304576, 1636468305189, 613, 262, 351, 0, 0, 0
4486, 1, 1636468304729, 1636468305353, 624, 266, 358, 0, 0, 0
4487, 1, 1636468304751, 1636468305360, 609, 262, 347, 0, 0, 0
4485, 1, 1636468304597, 1636468305473, 876, 527, 349, 0, 8, 8
4488, 1, 1636468304759, 1636468305537, 778, 430, 348, 0, 0, 0
4490, 1, 1636468305030, 1636468305641, 611, 262, 349, 0, 1, 1
4489, 1, 1636468304903, 1636468305697, 794, 450, 344, 7, 1, 8
4492, 1, 1636468305134, 1636468305741, 607, 262, 345, 0, 0, 0
4491, 1, 1636468305112, 1636468305817, 705, 358, 347, 0, 0, 0
4494, 1, 1636468305394, 1636468306001, 607, 258, 349, 0, 0, 0
4493, 1, 1636468305156, 1636468306089, 933, 583, 350, 1, 1, 2
4495, 1, 1636468305597, 1636468306437, 840, 491, 349, 0, 0, 0
4496, 1, 1636468305865, 1636468306477, 612, 263, 349, 1, 1, 2
4497, 1, 1636468305943, 1636468306553, 610, 262, 348, 1, 0, 1
4500, 1, 1636468306130, 1636468306740, 610, 262, 348, 0, 0, 0
4501, 1, 1636468306190, 1636468306805, 615, 266, 349, 0, 0, 0
4498, 1, 1636468305981, 1636468306825, 844, 491, 353, 0, 0, 0
4499, 1, 1636468306012, 1636468306905, 893, 538, 355, 0, 0, 0
4503, 1, 1636468306395, 1636468307011, 616, 263, 353, 0, 0, 0
4502, 1, 1636468306311, 1636468307177, 866, 514, 352, 0, 0, 0
4504, 1, 1636468306578, 1636468307189, 611, 262, 349, 0, 0, 0
4507, 1, 1636468306790, 1636468307401, 611, 262, 349, 0, 0, 0
4509, 1, 1636468306906, 1636468307517, 611, 262, 349, 0, 0, 0
4505, 1, 1636468306605, 1636468307525, 920, 570, 350, 0, 0, 0
4511, 1, 1636468307021, 1636468307633, 612, 262, 350, 0, 0, 0
4510, 1, 1636468306946, 1636468307749, 803, 454, 349, 0, 0, 0
4513, 1, 1636468307204, 1636468307873, 669, 318, 351, 0, 0, 0
4514, 1, 1636468307297, 1636468307909, 612, 262, 350, 0, 0, 0
4512, 1, 1636468307075, 1636468307981, 906, 558, 348, 0, 0, 0
4515, 1, 1636468307563, 1636468308333, 770, 422, 348, 1, 0, 1
4517, 1, 1636468307983, 1636468308605, 622, 272, 350, 1, 0, 1
4519, 1, 1636468308068, 1636468308677, 609, 262, 347, 0, 0, 0
4521, 1, 1636468308201, 1636468308813, 612, 262, 350, 0, 0, 0
4522, 1, 1636468308271, 1636468308877, 606, 262, 344, 0, 0, 0
4520, 1, 1636468308076, 1636468308949, 873, 527, 346, 0, 0, 0
4506, 2, 1636468306753, 1636468309063, 2310, 0, 2310, 0, 0, 0
4508, 2, 1636468306837, 1636468309063, 2226, 0, 2226, 0, 0, 0
4525, 1, 1636468308634, 1636468309240, 606, 264, 342, 1, 0, 1
4526, 1, 1636468308665, 1636468309277, 612, 263, 349, 1, 1, 2
4523, 1, 1636468308418, 1636468309297, 879, 530, 349, 0, 0, 0
4527, 1, 1636468308795, 1636468309405, 610, 262, 348, 0, 0, 0
4528, 1, 1636468308880, 1636468309621, 741, 395, 346, 0, 0, 0
4524, 1, 1636468308614, 1636468309641, 1027, 682, 345, 0, 0, 0
4529, 1, 1636468309064, 1636468309673, 609, 262, 347, 0, 0, 0
4530, 1, 1636468309149, 1636468309809, 660, 263, 397, 1, 0, 1
4531, 1, 1636468309149, 1636468309809, 660, 267, 393, 1, 0, 1
4533, 1, 1636468309221, 1636468309993, 772, 418, 354, 0, 0, 0
4532, 1, 1636468309151, 1636468310017, 866, 521, 345, 0, 0, 0
4516, 2, 1636468307946, 1636468310166, 2220, 0, 2220, 0, 0, 0
4534, 1, 1636468309585, 1636468310369, 784, 430, 354, 1, 0, 1
4535, 1, 1636468309997, 1636468310609, 612, 262, 350, 0, 0, 0
4518, 1, 1636468308067, 1636468310641, 2574, 2230, 344, 0, 0, 0
4538, 1, 1636468310167, 1636468310785, 618, 266, 352, 0, 0, 0
4539, 1, 1636468310253, 1636468310905, 652, 262, 390, 0, 0, 0
4537, 1, 1636468310102, 1636468310961, 859, 506, 353, 0, 0, 0
4536, 1, 1636468310070, 1636468310989, 919, 570, 349, 0, 0, 0
4542, 1, 1636468310556, 1636468311177, 621, 266, 355, 0, 0, 0
4544, 1, 1636468310679, 1636468311293, 614, 262, 352, 0, 0, 0
4543, 1, 1636468310658, 1636468311309, 651, 264, 387, 3, 0, 3
4546, 1, 1636468310745, 1636468311353, 608, 263, 345, 1, 0, 1
4547, 1, 1636468310841, 1636468311521, 680, 334, 346, 0, 0, 0
4548, 1, 1636468310936, 1636468311553, 617, 266, 351, 0, 0, 0
4549, 1, 1636468311008, 1636468311621, 613, 266, 347, 0, 0, 0
4550, 1, 1636468311038, 1636468311645, 607, 262, 345, 0, 0, 0
4551, 1, 1636468311060, 1636468311905, 845, 494, 351, 0, 0, 0
4553, 1, 1636468311582, 1636468312253, 671, 322, 349, 0, 0, 0
4554, 1, 1636468312020, 1636468312633, 613, 262, 351, 0, 0, 0
4555, 1, 1636468312052, 1636468312665, 613, 262, 351, 0, 0, 0
4556, 1, 1636468312123, 1636468312729, 606, 262, 344, 0, 0, 0
4540, 2, 1636468310323, 1636468312830, 2507, 0, 2507, 0, 0, 0
4541, 2, 1636468310444, 1636468312831, 2387, 0, 2387, 0, 0, 0
4545, 2, 1636468310698, 1636468312922, 2224, 0, 2224, 0, 0, 0
4557, 1, 1636468312440, 1636468313057, 617, 266, 351, 0, 0, 0
4558, 1, 1636468312634, 1636468313245, 611, 262, 349, 0, 0, 0
4559, 1, 1636468312785, 1636468313393, 608, 262, 346, 0, 0, 0
4560, 1, 1636468312787, 1636468313405, 618, 266, 352, 1, 1, 2
4552, 1, 1636468311330, 1636468313405, 2075, 1726, 349, 0, 0, 0
4562, 1, 1636468312907, 1636468313513, 606, 262, 344, 0, 0, 0
4564, 1, 1636468312942, 1636468313553, 611, 262, 349, 0, 0, 0
4563, 1, 1636468312921, 1636468313573, 652, 262, 390, 0, 1, 1
4561, 1, 1636468312832, 1636468313749, 917, 571, 346, 0, 1, 1
4565, 1, 1636468313135, 1636468313749, 614, 262, 352, 0, 0, 0
4566, 1, 1636468313158, 1636468313897, 739, 394, 345, 0, 0, 0
4567, 1, 1636468313634, 1636468314245, 611, 262, 349, 0, 0, 0
4568, 1, 1636468314022, 1636468314633, 611, 263, 348, 0, 0, 0
4569, 1, 1636468314114, 1636468314724, 610, 263, 347, 1, 1, 2
4570, 1, 1636468314158, 1636468314769, 611, 262, 349, 1, 0, 1
4571, 1, 1636468314534, 1636468315141, 607, 262, 345, 0, 0, 0
4572, 1, 1636468314547, 1636468315157, 610, 262, 348, 0, 0, 0
4573, 1, 1636468314752, 1636468315365, 613, 262, 351, 0, 0, 0
4574, 1, 1636468314859, 1636468315473, 614, 266, 348, 0, 0, 0
4575, 1, 1636468314893, 1636468315504, 611, 262, 349, 0, 0, 0
4576, 1, 1636468315058, 1636468315665, 607, 262, 345, 0, 0, 0
4577, 1, 1636468315235, 1636468316013, 778, 430, 348, 0, 0, 0
4578, 1, 1636468315749, 1636468316361, 612, 262, 350, 0, 0, 0
4579, 1, 1636468316022, 1636468316629, 607, 262, 345, 0, 0, 0
4580, 1, 1636468316079, 1636468316689, 610, 262, 348, 0, 0, 0
4581, 1, 1636468316106, 1636468316713, 607, 262, 345, 0, 0, 0
4582, 1, 1636468316484, 1636468317097, 613, 262, 351, 0, 0, 0
4583, 1, 1636468316495, 1636468317105, 610, 262, 348, 0, 0, 0
4584, 1, 1636468316841, 1636468317452, 611, 262, 349, 0, 0, 0
4585, 1, 1636468316869, 1636468317481, 612, 262, 350, 0, 0, 0
4586, 1, 1636468316921, 1636468317529, 608, 262, 346, 0, 0, 0
4587, 1, 1636468317224, 1636468317877, 653, 302, 351, 0, 0, 0
4588, 1, 1636468317624, 1636468318237, 613, 262, 351, 0, 0, 0
4589, 1, 1636468318119, 1636468318729, 610, 262, 348, 0, 1, 1
4590, 1, 1636468318196, 1636468318805, 609, 262, 347, 0, 0, 0
4591, 1, 1636468318495, 1636468319109, 614, 262, 352, 0, 0, 0
4592, 1, 1636468318819, 1636468319429, 610, 262, 348, 0, 0, 0
4593, 1, 1636468318992, 1636468319605, 613, 261, 352, 0, 0, 0
4594, 1, 1636468319164, 1636468319777, 613, 262, 351, 1, 0, 1
4595, 1, 1636468319514, 1636468320121, 607, 262, 345, 0, 0, 0
4596, 1, 1636468320283, 1636468320896, 613, 262, 351, 0, 0, 0
4597, 1, 1636468320715, 1636468321329, 614, 262, 352, 0, 0, 0
4598, 1, 1636468320887, 1636468321497, 610, 262, 348, 0, 0, 0
4599, 1, 1636468321049, 1636468321677, 628, 278, 350, 0, 0, 0
4600, 1, 1636468321409, 1636468322029, 620, 266, 354, 0, 0, 0
4601, 1, 1636468433656, 1636468434269, 613, 262, 351, 0, 0, 0
4602, 1, 1636468434282, 1636468434897, 615, 266, 349, 0, 0, 0
4603, 1, 1636468434906, 1636468435521, 615, 266, 349, 0, 0, 0
4604, 1, 1636468434977, 1636468435589, 612, 262, 350, 0, 0, 0
4605, 1, 1636468435521, 1636468436133, 612, 263, 349, 1, 0, 1
4606, 1, 1636468435604, 1636468436217, 613, 262, 351, 0, 0, 0
4607, 1, 1636468436197, 1636468436813, 616, 262, 354, 0, 0, 0
4608, 1, 1636468436227, 1636468436837, 610, 262, 348, 0, 0, 0
4609, 1, 1636468436253, 1636468436865, 612, 262, 350, 0, 0, 0
4610, 1, 1636468436630, 1636468437241, 611, 262, 349, 0, 0, 0
4611, 1, 1636468436780, 1636468437393, 613, 262, 351, 0, 0, 0
4612, 1, 1636468436907, 1636468437517, 610, 263, 347, 0, 0, 0
4613, 1, 1636468437266, 1636468437877, 611, 262, 349, 0, 0, 0
4614, 1, 1636468437457, 1636468438069, 612, 262, 350, 0, 0, 0
4615, 1, 1636468437504, 1636468438121, 617, 266, 351, 0, 0, 0
4616, 1, 1636468437616, 1636468438229, 613, 262, 351, 0, 0, 0
4617, 1, 1636468437794, 1636468438401, 607, 262, 345, 0, 0, 0
4618, 1, 1636468437924, 1636468438533, 609, 263, 346, 0, 1, 1
4619, 1, 1636468438057, 1636468438669, 612, 262, 350, 0, 0, 0
4620, 1, 1636468438270, 1636468438881, 611, 262, 349, 0, 0, 0
4621, 1, 1636468438449, 1636468439064, 615, 266, 349, 0, 0, 0
4622, 1, 1636468438560, 1636468439172, 612, 262, 350, 0, 1, 1
4623, 1, 1636468438733, 1636468439349, 616, 262, 354, 0, 0, 0
4624, 1, 1636468438844, 1636468439457, 613, 262, 351, 0, 0, 0
4625, 1, 1636468438972, 1636468439585, 613, 262, 351, 0, 0, 0
4626, 1, 1636468439004, 1636468439613, 609, 262, 347, 0, 0, 0
4627, 1, 1636468439087, 1636468439697, 610, 262, 348, 0, 0, 0
4628, 1, 1636468439200, 1636468439813, 613, 262, 351, 0, 0, 0
4629, 1, 1636468439420, 1636468440033, 613, 262, 351, 0, 0, 0
4630, 1, 1636468439671, 1636468440280, 609, 263, 346, 0, 0, 0
4631, 1, 1636468439771, 1636468440380, 609, 263, 346, 0, 1, 1
4632, 1, 1636468439863, 1636468440476, 613, 262, 351, 0, 0, 0
4633, 1, 1636468440072, 1636468440685, 613, 266, 347, 0, 0, 0
4634, 1, 1636468440232, 1636468440845, 613, 262, 351, 0, 1, 1
4635, 1, 1636468440294, 1636468440909, 615, 263, 352, 0, 0, 0
4636, 1, 1636468440335, 1636468440937, 602, 258, 344, 0, 0, 0
4637, 1, 1636468440363, 1636468440977, 614, 262, 352, 0, 0, 0
4638, 1, 1636468440539, 1636468441145, 606, 262, 344, 0, 0, 0
4639, 1, 1636468440677, 1636468441289, 612, 262, 350, 0, 1, 1
4640, 1, 1636468440808, 1636468441425, 617, 268, 349, 0, 1, 1
4641, 1, 1636468441002, 1636468441608, 606, 262, 344, 0, 0, 0
4642, 1, 1636468441047, 1636468441661, 614, 263, 351, 0, 1, 1
4643, 1, 1636468441203, 1636468441813, 610, 262, 348, 0, 0, 0
4644, 1, 1636468441460, 1636468442073, 613, 266, 347, 0, 0, 0
4645, 1, 1636468441472, 1636468442085, 613, 266, 347, 0, 0, 0
4646, 1, 1636468441536, 1636468442145, 609, 262, 347, 0, 0, 0
4647, 1, 1636468441597, 1636468442213, 616, 262, 354, 0, 0, 0
4649, 1, 1636468441702, 1636468442313, 611, 262, 349, 0, 0, 0
4648, 1, 1636468441691, 1636468442433, 742, 394, 348, 0, 0, 0
4650, 1, 1636468441940, 1636468442549, 609, 258, 351, 0, 0, 0
4651, 1, 1636468441998, 1636468442609, 611, 262, 349, 1, 0, 1
4652, 1, 1636468442113, 1636468442725, 612, 262, 350, 0, 0, 0
4653, 1, 1636468442118, 1636468442781, 663, 314, 349, 0, 2, 2
4655, 1, 1636468442386, 1636468443001, 615, 262, 353, 0, 0, 0
4654, 1, 1636468442347, 1636468443129, 782, 434, 348, 2, 0, 2
4656, 1, 1636468442604, 1636468443213, 609, 262, 347, 1, 0, 1
4657, 1, 1636468442764, 1636468443381, 617, 266, 351, 0, 0, 0
4658, 1, 1636468442794, 1636468443405, 611, 262, 349, 0, 0, 0
4659, 1, 1636468442882, 1636468443489, 607, 262, 345, 0, 0, 0
4660, 1, 1636468442936, 1636468443553, 617, 262, 355, 0, 0, 0
4662, 1, 1636468443082, 1636468443697, 615, 262, 353, 0, 0, 0
4663, 1, 1636468443103, 1636468443717, 614, 266, 348, 0, 0, 0
4661, 1, 1636468442948, 1636468443841, 893, 538, 355, 0, 0, 0
4664, 1, 1636468443271, 1636468443885, 614, 266, 348, 0, 0, 0
4665, 1, 1636468443275, 1636468443889, 614, 262, 352, 0, 0, 0
4666, 1, 1636468443431, 1636468444044, 613, 262, 351, 0, 0, 0
4667, 1, 1636468443458, 1636468444189, 731, 382, 349, 0, 0, 0
4669, 1, 1636468443685, 1636468444297, 612, 263, 349, 1, 0, 1
4670, 1, 1636468443774, 1636468444385, 611, 262, 349, 1, 0, 1
4668, 1, 1636468443640, 1636468444533, 893, 546, 347, 1, 0, 1
4671, 1, 1636468443935, 1636468444540, 605, 262, 343, 0, 0, 0
4672, 1, 1636468444070, 1636468444685, 615, 266, 349, 0, 0, 0
4673, 1, 1636468444148, 1636468444880, 732, 382, 350, 0, 0, 0
4674, 1, 1636468444268, 1636468444881, 613, 263, 350, 0, 0, 0
4675, 1, 1636468444274, 1636468444884, 610, 263, 347, 0, 0, 0
4676, 1, 1636468444324, 1636468444937, 613, 264, 349, 0, 1, 1
4677, 1, 1636468444407, 1636468445021, 614, 262, 352, 0, 0, 0
4679, 1, 1636468444453, 1636468445073, 620, 272, 348, 0, 0, 0
4680, 1, 1636468444613, 1636468445233, 620, 266, 354, 1, 0, 1
4678, 1, 1636468444435, 1636468445233, 798, 446, 352, 0, 0, 0
4682, 1, 1636468444733, 1636468445345, 612, 262, 350, 0, 0, 0
4683, 1, 1636468444826, 1636468445445, 619, 271, 348, 0, 0, 0
4684, 1, 1636468444960, 1636468445569, 609, 262, 347, 0, 0, 0
4681, 1, 1636468444656, 1636468445577, 921, 575, 346, 0, 0, 0
4685, 1, 1636468445037, 1636468445653, 616, 262, 354, 0, 0, 0
4686, 1, 1636468445105, 1636468445721, 616, 266, 350, 0, 0, 0
4687, 1, 1636468445280, 1636468445933, 653, 299, 354, 0, 1, 1
4688, 1, 1636468445410, 1636468446029, 619, 262, 357, 1, 0, 1
4690, 1, 1636468445538, 1636468446149, 611, 263, 348, 0, 1, 1
4691, 1, 1636468445572, 1636468446180, 608, 262, 346, 0, 0, 0
4692, 1, 1636468445626, 1636468446236, 610, 263, 347, 0, 1, 1
4693, 1, 1636468445628, 1636468446253, 625, 270, 355, 1, 0, 1
4689, 1, 1636468445456, 1636468446281, 825, 474, 351, 0, 0, 0
4694, 1, 1636468445716, 1636468446325, 609, 265, 344, 2, 1, 3
4696, 1, 1636468445849, 1636468446464, 615, 267, 348, 0, 0, 0
4698, 1, 1636468446001, 1636468446612, 611, 263, 348, 1, 0, 1
4697, 1, 1636468446000, 1636468446612, 612, 263, 349, 2, 0, 2
4695, 1, 1636468445791, 1636468446625, 834, 490, 344, 0, 0, 0
4699, 1, 1636468446097, 1636468446708, 611, 267, 344, 0, 0, 0
4700, 1, 1636468446198, 1636468446805, 607, 264, 343, 0, 0, 0
4701, 1, 1636468446236, 1636468446848, 612, 263, 349, 1, 0, 1
4702, 1, 1636468446433, 1636468447045, 612, 262, 350, 0, 0, 0
4703, 1, 1636468446490, 1636468447105, 615, 262, 353, 0, 0, 0
4705, 1, 1636468446673, 1636468447281, 608, 264, 344, 1, 2, 3
4706, 1, 1636468446786, 1636468447397, 611, 262, 349, 0, 0, 0
4707, 1, 1636468446799, 1636468447417, 618, 266, 352, 0, 0, 0
4704, 1, 1636468446531, 1636468447461, 930, 574, 356, 0, 0, 0
4708, 1, 1636468446890, 1636468447501, 611, 266, 345, 1, 1, 2
4709, 1, 1636468446934, 1636468447545, 611, 263, 348, 0, 1, 1
4712, 1, 1636468446992, 1636468447600, 608, 263, 345, 0, 1, 1
4711, 1, 1636468446992, 1636468447609, 617, 267, 350, 1, 0, 1
4713, 1, 1636468447150, 1636468447761, 611, 262, 349, 0, 0, 0
4714, 1, 1636468447180, 1636468447796, 616, 266, 350, 0, 0, 0
4710, 1, 1636468446988, 1636468447801, 813, 466, 347, 0, 0, 0
4715, 1, 1636468447332, 1636468447949, 617, 266, 351, 0, 0, 0
4716, 1, 1636468447372, 1636468447985, 613, 264, 349, 0, 0, 0
4717, 1, 1636468447484, 1636468448097, 613, 262, 351, 0, 0, 0
4718, 1, 1636468447564, 1636468448173, 609, 262, 347, 0, 0, 0
4719, 1, 1636468447575, 1636468448181, 606, 262, 344, 0, 0, 0
4720, 1, 1636468447667, 1636468448277, 610, 262, 348, 0, 0, 0
4721, 1, 1636468447701, 1636468448308, 607, 262, 345, 0, 0, 0
4722, 1, 1636468447842, 1636468448453, 611, 266, 345, 1, 1, 2
4723, 1, 1636468447893, 1636468448500, 607, 262, 345, 0, 0, 0
4724, 1, 1636468448025, 1636468448641, 616, 267, 349, 0, 0, 0
4725, 1, 1636468448063, 1636468448669, 606, 262, 344, 0, 0, 0
4726, 1, 1636468448102, 1636468448713, 611, 262, 349, 0, 0, 0
4727, 1, 1636468448256, 1636468448869, 613, 262, 351, 0, 0, 0
4728, 1, 1636468448321, 1636468448933, 612, 263, 349, 0, 0, 0
4729, 1, 1636468448328, 1636468448945, 617, 265, 352, 0, 0, 0
4730, 1, 1636468448335, 1636468448945, 610, 262, 348, 0, 0, 0
4731, 1, 1636468448356, 1636468448969, 613, 262, 351, 0, 0, 0
4732, 1, 1636468448463, 1636468449073, 610, 262, 348, 0, 0, 0
4733, 1, 1636468448502, 1636468449113, 611, 262, 349, 0, 2, 2
4734, 1, 1636468448716, 1636468449329, 613, 262, 351, 0, 0, 0
4735, 1, 1636468448739, 1636468449349, 610, 262, 348, 0, 0, 0
4736, 1, 1636468448789, 1636468449401, 612, 262, 350, 0, 0, 0
4737, 1, 1636468448832, 1636468449445, 613, 263, 350, 0, 0, 0
4738, 1, 1636468448961, 1636468449577, 616, 262, 354, 0, 0, 0
4739, 1, 1636468448968, 1636468449581, 613, 262, 351, 1, 0, 1
4740, 1, 1636468448976, 1636468449597, 621, 262, 359, 0, 0, 0
4741, 1, 1636468449117, 1636468449725, 608, 262, 346, 0, 0, 0
4742, 1, 1636468449245, 1636468449865, 620, 266, 354, 0, 1, 1
4743, 1, 1636468449421, 1636468450041, 620, 266, 354, 1, 0, 1
4744, 1, 1636468449426, 1636468450045, 619, 266, 353, 1, 0, 1
4745, 1, 1636468449448, 1636468450065, 617, 263, 354, 0, 0, 0
4747, 1, 1636468449589, 1636468450201, 612, 263, 349, 0, 0, 0
4746, 1, 1636468449586, 1636468450201, 615, 263, 352, 1, 2, 3
4748, 1, 1636468449667, 1636468450277, 610, 262, 348, 0, 0, 0
4749, 1, 1636468449700, 1636468450312, 612, 262, 350, 1, 1, 2
4751, 1, 1636468449758, 1636468450372, 614, 268, 346, 0, 1, 1
4752, 1, 1636468449868, 1636468450477, 609, 262, 347, 0, 0, 0
4750, 1, 1636468449747, 1636468450545, 798, 456, 342, 1, 2, 3
4754, 1, 1636468450115, 1636468450721, 606, 262, 344, 1, 0, 1
4755, 1, 1636468450119, 1636468450733, 614, 266, 348, 0, 1, 1
4756, 1, 1636468450172, 1636468450793, 621, 266, 355, 1, 0, 1
4758, 1, 1636468450265, 1636468450881, 616, 262, 354, 0, 0, 0
4753, 1, 1636468450007, 1636468450893, 886, 538, 348, 1, 0, 1
4759, 1, 1636468450280, 1636468450893, 613, 262, 351, 1, 0, 1
4760, 1, 1636468450480, 1636468451093, 613, 262, 351, 0, 0, 0
4757, 1, 1636468450263, 1636468451245, 982, 631, 351, 0, 1, 1
4761, 1, 1636468450641, 1636468451249, 608, 262, 346, 0, 1, 1
4763, 1, 1636468450815, 1636468451424, 609, 262, 347, 0, 0, 0
4764, 1, 1636468450851, 1636468451460, 609, 263, 346, 1, 0, 1
4765, 1, 1636468450869, 1636468451481, 612, 262, 350, 0, 0, 0
4767, 1, 1636468451012, 1636468451625, 613, 262, 351, 0, 0, 0
4768, 1, 1636468451063, 1636468451672, 609, 266, 343, 0, 0, 0
4769, 1, 1636468451096, 1636468451709, 613, 262, 351, 0, 0, 0
4770, 1, 1636468451118, 1636468451725, 607, 262, 345, 0, 0, 0
4772, 1, 1636468451314, 1636468451925, 611, 266, 345, 0, 0, 0
4774, 1, 1636468451492, 1636468452105, 613, 262, 351, 0, 1, 1
4775, 1, 1636468451576, 1636468452189, 613, 262, 351, 1, 0, 1
4777, 1, 1636468451610, 1636468452217, 607, 258, 349, 0, 0, 0
4776, 1, 1636468451604, 1636468452217, 613, 262, 351, 0, 0, 0
4778, 1, 1636468451665, 1636468452277, 612, 261, 351, 0, 0, 0
4779, 1, 1636468451868, 1636468452489, 621, 266, 355, 0, 0, 0
4781, 1, 1636468452147, 1636468452757, 610, 263, 347, 0, 1, 1
4783, 1, 1636468452204, 1636468452817, 613, 263, 350, 0, 1, 1
4784, 1, 1636468452409, 1636468453029, 620, 262, 358, 1, 0, 1
4785, 1, 1636468452415, 1636468453029, 614, 262, 352, 1, 0, 1
4787, 1, 1636468452429, 1636468453037, 608, 263, 345, 0, 0, 0
4766, 2, 1636468450883, 1636468453119, 2236, 0, 2236, 0, 0, 0
4762, 2, 1636468450751, 1636468453119, 2368, 1, 2367, 0, 0, 0
4771, 2, 1636468451136, 1636468453362, 2226, 0, 2226, 0, 0, 0
4789, 1, 1636468452888, 1636468453497, 609, 262, 347, 0, 0, 0
4790, 1, 1636468452921, 1636468453529, 608, 262, 346, 0, 0, 0
4791, 1, 1636468452948, 1636468453573, 625, 262, 363, 0, 0, 0
4792, 1, 1636468452992, 1636468453604, 612, 263, 349, 0, 0, 0
4773, 2, 1636468451399, 1636468453618, 2219, 0, 2219, 0, 0, 0
4793, 1, 1636468453067, 1636468453673, 606, 262, 344, 1, 0, 1
4794, 1, 1636468453172, 1636468453785, 613, 262, 351, 0, 0, 0
4795, 1, 1636468453205, 1636468453861, 656, 266, 390, 0, 0, 0
4796, 1, 1636468453209, 1636468453865, 656, 263, 393, 0, 1, 1
4798, 1, 1636468453492, 1636468454113, 621, 267, 354, 2, 0, 2
4780, 2, 1636468451909, 1636468454130, 2221, 0, 2221, 0, 0, 0
4797, 1, 1636468453449, 1636468454213, 764, 367, 397, 1, 0, 1
4799, 1, 1636468453600, 1636468454220, 620, 266, 354, 0, 0, 0
4800, 1, 1636468453705, 1636468454361, 656, 262, 394, 0, 0, 0
4782, 2, 1636468452153, 1636468454378, 2225, 0, 2225, 0, 0, 0
4801, 1, 1636468453788, 1636468454400, 612, 262, 350, 0, 0, 0
4802, 1, 1636468453812, 1636468454425, 613, 262, 351, 0, 0, 0
4803, 1, 1636468453831, 1636468454440, 609, 266, 343, 0, 0, 0
4786, 2, 1636468452427, 1636468454646, 2219, 0, 2219, 0, 0, 0
4788, 2, 1636468452598, 1636468454818, 2220, 0, 2220, 0, 0, 0
4805, 1, 1636468454217, 1636468454873, 656, 262, 394, 0, 0, 0
4806, 1, 1636468454295, 1636468454913, 618, 270, 348, 0, 0, 0
4807, 1, 1636468454304, 1636468454917, 613, 267, 346, 1, 0, 1
4808, 1, 1636468454323, 1636468454937, 614, 262, 352, 0, 0, 0
4809, 1, 1636468454419, 1636468455033, 614, 262, 352, 0, 0, 0
4810, 1, 1636468454465, 1636468455117, 652, 262, 390, 0, 0, 0
4811, 1, 1636468454516, 1636468455132, 616, 262, 354, 0, 0, 0
4812, 1, 1636468454533, 1636468455145, 612, 262, 350, 0, 0, 0
4813, 1, 1636468454556, 1636468455173, 617, 266, 351, 0, 0, 0
4804, 1, 1636468454156, 1636468455301, 1145, 794, 351, 0, 0, 0
4814, 1, 1636468454733, 1636468455389, 656, 262, 394, 0, 0, 0
4815, 1, 1636468454753, 1636468455477, 724, 378, 346, 0, 0, 0
4816, 1, 1636468454896, 1636468455509, 613, 262, 351, 0, 0, 0
4817, 1, 1636468454905, 1636468455560, 655, 263, 392, 0, 1, 1
4819, 1, 1636468455029, 1636468455641, 612, 262, 350, 0, 0, 0
4818, 1, 1636468454931, 1636468455645, 714, 370, 344, 0, 1, 1
4820, 1, 1636468455124, 1636468455741, 617, 262, 355, 1, 0, 1
4821, 1, 1636468455183, 1636468455792, 609, 262, 347, 0, 0, 0
4822, 1, 1636468455184, 1636468455801, 617, 262, 355, 0, 0, 0
4823, 1, 1636468455478, 1636468456085, 607, 262, 345, 0, 0, 0
4824, 1, 1636468455528, 1636468456140, 612, 262, 350, 0, 0, 0
4825, 1, 1636468455587, 1636468456201, 614, 262, 352, 1, 0, 1
4826, 1, 1636468455634, 1636468456245, 611, 263, 348, 1, 1, 2
4827, 1, 1636468455679, 1636468456293, 614, 267, 347, 0, 2, 2
4828, 1, 1636468455790, 1636468456401, 611, 262, 349, 0, 0, 0
4829, 1, 1636468455815, 1636468456424, 609, 262, 347, 0, 0, 0
4830, 1, 1636468455855, 1636468456469, 614, 263, 351, 1, 1, 2
4831, 1, 1636468455862, 1636468456473, 611, 262, 349, 0, 0, 0
4832, 1, 1636468455959, 1636468456573, 614, 262, 352, 0, 0, 0
4833, 1, 1636468456043, 1636468456657, 614, 272, 342, 1, 1, 2
4834, 1, 1636468456108, 1636468456821, 713, 358, 355, 0, 0, 0
4835, 1, 1636468456229, 1636468456845, 616, 266, 350, 0, 0, 0
4836, 1, 1636468456244, 1636468456853, 609, 262, 347, 0, 0, 0
4837, 1, 1636468456269, 1636468456877, 608, 262, 346, 0, 0, 0
4838, 1, 1636468456351, 1636468456960, 609, 262, 347, 0, 0, 0
4839, 1, 1636468456418, 1636468457029, 611, 262, 349, 0, 0, 0
4840, 1, 1636468456451, 1636468457069, 618, 266, 352, 0, 0, 0
4841, 1, 1636468456580, 1636468457197, 617, 262, 355, 0, 0, 0
4842, 1, 1636468456762, 1636468457416, 654, 306, 348, 0, 0, 0
4843, 1, 1636468456874, 1636468457480, 606, 263, 343, 0, 0, 0
4844, 1, 1636468456880, 1636468457489, 609, 262, 347, 0, 0, 0
4845, 1, 1636468456901, 1636468457512, 611, 262, 349, 0, 0, 0
4846, 1, 1636468457082, 1636468457688, 606, 262, 344, 0, 0, 0
4848, 1, 1636468457113, 1636468457732, 619, 263, 356, 0, 0, 0
4847, 1, 1636468457084, 1636468457761, 677, 330, 347, 0, 0, 0
4849, 1, 1636468457181, 1636468457789, 608, 263, 345, 0, 0, 0
4850, 1, 1636468457220, 1636468457836, 616, 266, 350, 0, 0, 0
4851, 1, 1636468457331, 1636468457941, 610, 262, 348, 0, 1, 1
4852, 1, 1636468457389, 1636468457997, 608, 262, 346, 0, 0, 0
4854, 1, 1636468457527, 1636468458137, 610, 262, 348, 0, 0, 0
4855, 1, 1636468457539, 1636468458153, 614, 262, 352, 0, 0, 0
4853, 1, 1636468457492, 1636468458181, 689, 338, 351, 0, 0, 0
4856, 1, 1636468457635, 1636468458245, 610, 262, 348, 0, 1, 1
4857, 1, 1636468457643, 1636468458253, 610, 262, 348, 0, 0, 0
4858, 1, 1636468457734, 1636468458345, 611, 263, 348, 0, 0, 0
4859, 1, 1636468457788, 1636468458405, 617, 263, 354, 0, 1, 1
4860, 1, 1636468457910, 1636468458525, 615, 262, 353, 1, 0, 1
4861, 1, 1636468458143, 1636468458761, 618, 263, 355, 2, 0, 2
4863, 1, 1636468458233, 1636468458845, 612, 266, 346, 0, 1, 1
4864, 1, 1636468458250, 1636468458861, 611, 262, 349, 0, 0, 0
4862, 1, 1636468458185, 1636468458873, 688, 339, 349, 1, 0, 1
4865, 1, 1636468458358, 1636468458969, 611, 261, 350, 1, 0, 1
4866, 1, 1636468458434, 1636468459044, 610, 262, 348, 0, 0, 0
4867, 1, 1636468458439, 1636468459053, 614, 262, 352, 0, 0, 0
4868, 1, 1636468458530, 1636468459148, 618, 263, 355, 1, 1, 2
4869, 1, 1636468458578, 1636468459197, 619, 266, 353, 0, 1, 1
4870, 1, 1636468458697, 1636468459308, 611, 266, 345, 0, 1, 1
4871, 1, 1636468458748, 1636468459361, 613, 261, 352, 0, 1, 1
4873, 1, 1636468458865, 1636468459477, 612, 262, 350, 1, 0, 1
4872, 1, 1636468458777, 1636468459500, 723, 371, 352, 0, 1, 1
4874, 1, 1636468458904, 1636468459517, 613, 262, 351, 0, 1, 1
4875, 1, 1636468458908, 1636468459521, 613, 263, 350, 1, 0, 1
4877, 1, 1636468459041, 1636468459661, 620, 266, 354, 0, 0, 0
4878, 1, 1636468459160, 1636468459769, 609, 262, 347, 0, 0, 0
4879, 1, 1636468459193, 1636468459813, 620, 266, 354, 0, 0, 0
4876, 1, 1636468459018, 1636468459861, 843, 498, 345, 0, 0, 0
4880, 1, 1636468459431, 1636468460049, 618, 263, 355, 1, 0, 1
4881, 1, 1636468459532, 1636468460141, 609, 262, 347, 0, 0, 0
4882, 1, 1636468459555, 1636468460165, 610, 266, 344, 1, 0, 1
4883, 1, 1636468459629, 1636468460245, 616, 262, 354, 0, 0, 0
4884, 1, 1636468459642, 1636468460257, 615, 266, 349, 1, 0, 1
4885, 1, 1636468459800, 1636468460416, 616, 262, 354, 0, 0, 0
4886, 1, 1636468459841, 1636468460457, 616, 262, 354, 0, 0, 0
4887, 1, 1636468459856, 1636468460473, 617, 262, 355, 0, 0, 0
4888, 1, 1636468459956, 1636468460569, 613, 268, 345, 0, 1, 1
4889, 1, 1636468459965, 1636468460613, 648, 294, 354, 0, 0, 0
4890, 1, 1636468460057, 1636468460673, 616, 262, 354, 0, 0, 0
4892, 1, 1636468460172, 1636468460781, 609, 262, 347, 1, 0, 1
4891, 1, 1636468460095, 1636468460817, 722, 375, 347, 0, 1, 1
4893, 1, 1636468460220, 1636468460837, 617, 262, 355, 0, 0, 0
4894, 1, 1636468460267, 1636468460877, 610, 264, 346, 1, 0, 1
4895, 1, 1636468460375, 1636468460984, 609, 262, 347, 1, 0, 1
4896, 1, 1636468460419, 1636468461024, 605, 260, 345, 1, 0, 1
4897, 1, 1636468460423, 1636468461033, 610, 262, 348, 0, 0, 0
4898, 1, 1636468460488, 1636468461100, 612, 262, 350, 0, 0, 0
4899, 1, 1636468460828, 1636468461445, 617, 262, 355, 0, 0, 0
4901, 1, 1636468460848, 1636468461465, 617, 266, 351, 0, 0, 0
4900, 1, 1636468460844, 1636468461465, 621, 266, 355, 0, 0, 0
4902, 1, 1636468460906, 1636468461517, 611, 262, 349, 0, 0, 0
4903, 1, 1636468461008, 1636468461625, 617, 270, 347, 0, 0, 0
4904, 1, 1636468461130, 1636468461741, 611, 262, 349, 1, 0, 1
4905, 1, 1636468461219, 1636468461837, 618, 266, 352, 0, 0, 0
4906, 1, 1636468461248, 1636468461857, 609, 262, 347, 0, 0, 0
4907, 1, 1636468461258, 1636468461869, 611, 263, 348, 0, 1, 1
4909, 1, 1636468461383, 1636468461993, 610, 262, 348, 0, 0, 0
4908, 1, 1636468461324, 1636468462092, 768, 418, 350, 0, 1, 1
4911, 1, 1636468461473, 1636468462217, 744, 390, 354, 0, 0, 0
4912, 1, 1636468461618, 1636468462233, 615, 262, 353, 0, 1, 1
4913, 1, 1636468461653, 1636468462265, 612, 262, 350, 1, 0, 1
4914, 1, 1636468461686, 1636468462293, 607, 262, 345, 0, 0, 0
4915, 1, 1636468461726, 1636468462337, 611, 262, 349, 0, 0, 0
4910, 1, 1636468461457, 1636468462441, 984, 630, 354, 1, 0, 1
4917, 1, 1636468461870, 1636468462481, 611, 267, 344, 0, 0, 0
4918, 1, 1636468462093, 1636468462709, 616, 266, 350, 0, 0, 0
4916, 1, 1636468461813, 1636468462789, 976, 627, 349, 1, 0, 1
4919, 1, 1636468462209, 1636468462821, 612, 262, 350, 0, 0, 0
4920, 1, 1636468462242, 1636468462853, 611, 262, 349, 0, 0, 0
4921, 1, 1636468462250, 1636468462861, 611, 263, 348, 1, 0, 1
4922, 1, 1636468462297, 1636468462905, 608, 262, 346, 0, 0, 0
4923, 1, 1636468462397, 1636468463009, 612, 263, 349, 1, 0, 1
4924, 1, 1636468462533, 1636468463144, 611, 262, 349, 0, 0, 0
4926, 1, 1636468462644, 1636468463253, 609, 262, 347, 0, 0, 0
4927, 1, 1636468462656, 1636468463273, 617, 262, 355, 0, 0, 0
4928, 1, 1636468462780, 1636468463393, 613, 262, 351, 0, 0, 0
4929, 1, 1636468462817, 1636468463429, 612, 263, 349, 1, 0, 1
4925, 1, 1636468462587, 1636468463497, 910, 563, 347, 0, 1, 1
4931, 1, 1636468462883, 1636468463501, 618, 266, 352, 0, 0, 0
4930, 1, 1636468462855, 1636468463601, 746, 398, 348, 0, 0, 0
4932, 1, 1636468463045, 1636468463661, 616, 264, 352, 1, 2, 3
4934, 1, 1636468463089, 1636468463709, 620, 267, 353, 1, 0, 1
4935, 1, 1636468463117, 1636468463728, 611, 262, 349, 0, 0, 0
4936, 1, 1636468463182, 1636468463797, 615, 262, 353, 0, 0, 0
4933, 1, 1636468463047, 1636468463845, 798, 451, 347, 2, 0, 2
4937, 1, 1636468463387, 1636468463993, 606, 263, 343, 1, 1, 2
4939, 1, 1636468463533, 1636468464141, 608, 263, 345, 0, 0, 0
4938, 1, 1636468463528, 1636468464141, 613, 262, 351, 0, 0, 0
4940, 1, 1636468463637, 1636468464245, 608, 262, 346, 1, 0, 1
4941, 1, 1636468463681, 1636468464293, 612, 263, 349, 1, 0, 1
4942, 1, 1636468463700, 1636468464309, 609, 262, 347, 0, 0, 0
4943, 1, 1636468463905, 1636468464513, 608, 262, 346, 1, 0, 1
4944, 1, 1636468463914, 1636468464521, 607, 262, 345, 0, 0, 0
4945, 1, 1636468463971, 1636468464581, 610, 262, 348, 0, 0, 0
4946, 1, 1636468464038, 1636468464649, 611, 263, 348, 0, 0, 0
4947, 1, 1636468464106, 1636468464717, 611, 262, 349, 0, 0, 0
4948, 1, 1636468464109, 1636468464725, 616, 266, 350, 0, 1, 1
4949, 1, 1636468464158, 1636468464773, 615, 267, 348, 1, 1, 2
4950, 1, 1636468464178, 1636468464789, 611, 262, 349, 0, 0, 0
4953, 1, 1636468464353, 1636468464965, 612, 262, 350, 1, 0, 1
4952, 1, 1636468464341, 1636468464965, 624, 267, 357, 1, 0, 1
4954, 1, 1636468464375, 1636468464988, 613, 262, 351, 0, 0, 0
4951, 1, 1636468464240, 1636468465001, 761, 410, 351, 0, 0, 0
4955, 1, 1636468464428, 1636468465037, 609, 262, 347, 1, 0, 1
4956, 1, 1636468464579, 1636468465193, 614, 262, 352, 0, 0, 0
4957, 1, 1636468464757, 1636468465369, 612, 266, 346, 1, 0, 1
4958, 1, 1636468464810, 1636468465420, 610, 262, 348, 0, 0, 0
4959, 1, 1636468464824, 1636468465437, 613, 266, 347, 0, 0, 0
4960, 1, 1636468464991, 1636468465609, 618, 270, 348, 0, 0, 0
4961, 1, 1636468465031, 1636468465645, 614, 266, 348, 0, 0, 0
4962, 1, 1636468465062, 1636468465677, 615, 262, 353, 0, 1, 1
4963, 1, 1636468465215, 1636468465821, 606, 263, 343, 1, 1, 2
4964, 1, 1636468465225, 1636468465837, 612, 266, 346, 0, 0, 0
4965, 1, 1636468465275, 1636468465884, 609, 266, 343, 0, 0, 0
4966, 1, 1636468465362, 1636468465973, 611, 262, 349, 0, 0, 0
4967, 1, 1636468465432, 1636468466041, 609, 262, 347, 0, 0, 0
4968, 1, 1636468465508, 1636468466121, 613, 262, 351, 0, 1, 1
4969, 1, 1636468465526, 1636468466145, 619, 262, 357, 0, 0, 0
4970, 1, 1636468465547, 1636468466157, 610, 262, 348, 0, 0, 0
4972, 1, 1636468465646, 1636468466253, 607, 262, 345, 0, 0, 0
4973, 1, 1636468465690, 1636468466297, 607, 262, 345, 0, 0, 0
4971, 1, 1636468465557, 1636468466325, 768, 418, 350, 0, 0, 0
4975, 1, 1636468465731, 1636468466341, 610, 263, 347, 0, 1, 1
4974, 1, 1636468465728, 1636468466341, 613, 267, 346, 1, 0, 1
4976, 1, 1636468465843, 1636468466453, 610, 262, 348, 0, 0, 0
4977, 1, 1636468466136, 1636468466753, 617, 262, 355, 0, 0, 0
4978, 1, 1636468466166, 1636468466777, 611, 262, 349, 0, 0, 0
4979, 1, 1636468466179, 1636468466789, 610, 266, 344, 0, 1, 1
4980, 1, 1636468466285, 1636468466897, 612, 266, 346, 0, 0, 0
4981, 1, 1636468466351, 1636468466957, 606, 262, 344, 0, 0, 0
4982, 1, 1636468466365, 1636468466977, 612, 266, 346, 0, 0, 0
4983, 1, 1636468466519, 1636468467129, 610, 262, 348, 0, 1, 1
4984, 1, 1636468466587, 1636468467201, 614, 264, 350, 0, 0, 0
4985, 1, 1636468466627, 1636468467237, 610, 262, 348, 0, 0, 0
4986, 1, 1636468466673, 1636468467285, 612, 266, 346, 0, 1, 1
4987, 1, 1636468466707, 1636468467325, 618, 262, 356, 2, 1, 3
4988, 1, 1636468466801, 1636468467413, 612, 261, 351, 1, 0, 1
4990, 1, 1636468466859, 1636468467464, 605, 262, 343, 0, 0, 0
4991, 1, 1636468466927, 1636468467545, 618, 266, 352, 0, 0, 0
4992, 1, 1636468466993, 1636468467605, 612, 262, 350, 0, 0, 0
4993, 1, 1636468467015, 1636468467625, 610, 262, 348, 0, 0, 0
4989, 1, 1636468466836, 1636468467633, 797, 446, 351, 0, 0, 0
4994, 1, 1636468467043, 1636468467648, 605, 262, 343, 0, 0, 0
4995, 1, 1636468467105, 1636468467721, 616, 266, 350, 1, 0, 1
4996, 1, 1636468467120, 1636468467741, 621, 262, 359, 0, 0, 0
4997, 1, 1636468467414, 1636468468025, 611, 262, 349, 0, 0, 0
4998, 1, 1636468467514, 1636468468121, 607, 262, 345, 1, 0, 1
4999, 1, 1636468467559, 1636468468172, 613, 263, 350, 1, 0, 1
5000, 1, 1636468467655, 1636468468264, 609, 262, 347, 1, 0, 1
5001, 1, 1636468467680, 1636468468288, 608, 262, 346, 0, 0, 0
5002, 1, 1636468467753, 1636468468365, 612, 262, 350, 0, 1, 1
5003, 1, 1636468467830, 1636468468445, 615, 262, 353, 1, 0, 1
5004, 1, 1636468467919, 1636468468537, 618, 270, 348, 1, 0, 1
5005, 1, 1636468467923, 1636468468537, 614, 267, 347, 0, 0, 0
5006, 1, 1636468467976, 1636468468585, 609, 262, 347, 0, 0, 0
5007, 1, 1636468468047, 1636468468661, 614, 263, 351, 0, 1, 1
5008, 1, 1636468468079, 1636468468689, 610, 263, 347, 0, 1, 1
5010, 1, 1636468468170, 1636468468785, 615, 267, 348, 1, 0, 1
5011, 1, 1636468468205, 1636468468817, 612, 262, 350, 0, 1, 1
5012, 1, 1636468468305, 1636468468921, 616, 262, 354, 0, 0, 0
5009, 1, 1636468468168, 1636468468937, 769, 419, 350, 2, 0, 2
5013, 1, 1636468468381, 1636468468988, 607, 262, 345, 0, 0, 0
5014, 1, 1636468468394, 1636468469009, 615, 265, 350, 1, 1, 2
5015, 1, 1636468468436, 1636468469049, 613, 263, 350, 1, 0, 1
5016, 1, 1636468468486, 1636468469101, 615, 267, 348, 2, 0, 2
5017, 1, 1636468468717, 1636468469329, 612, 262, 350, 0, 0, 0
5018, 1, 1636468468795, 1636468469409, 614, 262, 352, 0, 0, 0
5019, 1, 1636468468835, 1636468469449, 614, 262, 352, 0, 0, 0
5020, 1, 1636468468983, 1636468469597, 614, 262, 352, 0, 0, 0
5021, 1, 1636468469034, 1636468469649, 615, 265, 350, 0, 0, 0
5022, 1, 1636468469045, 1636468469665, 620, 266, 354, 0, 1, 1
5023, 1, 1636468469166, 1636468469773, 607, 262, 345, 0, 0, 0
5024, 1, 1636468469213, 1636468469825, 612, 266, 346, 0, 0, 0
5025, 1, 1636468469228, 1636468469841, 613, 267, 346, 0, 0, 0
5026, 1, 1636468469289, 1636468469897, 608, 262, 346, 0, 0, 0
5027, 1, 1636468469434, 1636468470041, 607, 262, 345, 0, 0, 0
5028, 1, 1636468469449, 1636468470061, 612, 262, 350, 0, 0, 0
5030, 1, 1636468469499, 1636468470105, 606, 263, 343, 1, 0, 1
5031, 1, 1636468469508, 1636468470121, 613, 262, 351, 0, 0, 0
5029, 1, 1636468469488, 1636468470240, 752, 406, 346, 0, 0, 0
5032, 1, 1636468469639, 1636468470252, 613, 266, 347, 0, 0, 0
5033, 1, 1636468469672, 1636468470285, 613, 262, 351, 0, 0, 0
5034, 1, 1636468469709, 1636468470321, 612, 263, 349, 1, 0, 1
5035, 1, 1636468469711, 1636468470321, 610, 263, 347, 2, 0, 2
5036, 1, 1636468469857, 1636468470468, 611, 263, 348, 0, 0, 0
5037, 1, 1636468470035, 1636468470645, 610, 262, 348, 0, 0, 0
5038, 1, 1636468470074, 1636468470685, 611, 266, 345, 0, 0, 0
5039, 1, 1636468470168, 1636468470781, 613, 263, 350, 0, 1, 1
5040, 1, 1636468470311, 1636468470925, 614, 262, 352, 0, 1, 1
5041, 1, 1636468470317, 1636468470929, 612, 264, 348, 0, 2, 2
5042, 1, 1636468470339, 1636468470957, 618, 266, 352, 0, 0, 0
5043, 1, 1636468470496, 1636468471113, 617, 267, 350, 0, 1, 1
5045, 1, 1636468470582, 1636468471193, 611, 266, 345, 1, 0, 1
5046, 1, 1636468470627, 1636468471237, 610, 263, 347, 1, 0, 1
5047, 1, 1636468470766, 1636468471373, 607, 262, 345, 1, 1, 2
5048, 1, 1636468470773, 1636468471381, 608, 262, 346, 0, 1, 1
5049, 1, 1636468470811, 1636468471421, 610, 263, 347, 0, 0, 0
5050, 1, 1636468470829, 1636468471441, 612, 262, 350, 0, 1, 1
5044, 1, 1636468470524, 1636468471457, 933, 586, 347, 0, 0, 0
5051, 1, 1636468470857, 1636468471589, 732, 378, 354, 0, 0, 0
5053, 1, 1636468471004, 1636468471616, 612, 262, 350, 2, 0, 2
5055, 1, 1636468471050, 1636468471665, 615, 267, 348, 1, 0, 1
5056, 1, 1636468471121, 1636468471729, 608, 262, 346, 0, 0, 0
5052, 1, 1636468470945, 1636468471801, 856, 510, 346, 0, 1, 1
5057, 1, 1636468471356, 1636468471969, 613, 262, 351, 0, 0, 0
5058, 1, 1636468471415, 1636468472024, 609, 263, 346, 1, 0, 1
5059, 1, 1636468471432, 1636468472045, 613, 262, 351, 0, 1, 1
5054, 1, 1636468471005, 1636468472149, 1144, 794, 350, 2, 0, 2
5061, 1, 1636468471651, 1636468472260, 609, 264, 345, 4, 1, 5
5060, 1, 1636468471644, 1636468472260, 616, 264, 352, 1, 3, 4
5062, 1, 1636468471704, 1636468472317, 613, 262, 351, 0, 0, 0
5064, 1, 1636468471825, 1636468472437, 612, 262, 350, 0, 1, 1
5063, 1, 1636468471799, 1636468472497, 698, 350, 348, 0, 0, 0
5066, 1, 1636468471961, 1636468472569, 608, 263, 345, 0, 2, 2
5067, 1, 1636468472092, 1636468472709, 617, 267, 350, 2, 1, 3
5068, 1, 1636468472093, 1636468472709, 616, 267, 349, 1, 1, 2
5069, 1, 1636468472111, 1636468472725, 614, 262, 352, 0, 0, 0
5070, 1, 1636468472149, 1636468472761, 612, 262, 350, 0, 1, 1
5065, 1, 1636468471957, 1636468472845, 888, 539, 349, 0, 2, 2
5073, 1, 1636468472268, 1636468472877, 609, 262, 347, 0, 0, 0
5074, 1, 1636468472335, 1636468472945, 610, 262, 348, 0, 0, 0
5075, 1, 1636468472424, 1636468473041, 617, 262, 355, 1, 1, 2
5076, 1, 1636468472430, 1636468473041, 611, 267, 344, 1, 0, 1
5077, 1, 1636468472729, 1636468473341, 612, 262, 350, 0, 0, 0
5078, 1, 1636468472747, 1636468473357, 610, 262, 348, 0, 0, 0
5079, 1, 1636468472810, 1636468473421, 611, 262, 349, 0, 0, 0
5080, 1, 1636468472908, 1636468473525, 617, 263, 354, 0, 0, 0
5082, 1, 1636468473076, 1636468473689, 613, 262, 351, 0, 0, 0
5083, 1, 1636468473092, 1636468473705, 613, 262, 351, 0, 0, 0
5084, 1, 1636468473132, 1636468473740, 608, 262, 346, 0, 0, 0
5085, 1, 1636468473225, 1636468473841, 616, 263, 353, 0, 0, 0
5087, 1, 1636468473426, 1636468474033, 607, 262, 345, 0, 1, 1
5089, 1, 1636468473483, 1636468474089, 606, 262, 344, 0, 0, 0
5090, 1, 1636468473514, 1636468474125, 611, 262, 349, 1, 1, 2
5091, 1, 1636468473589, 1636468474204, 615, 262, 353, 0, 0, 0
5092, 1, 1636468473641, 1636468474257, 616, 263, 353, 2, 0, 2
5093, 1, 1636468473688, 1636468474301, 613, 263, 350, 0, 1, 1
5094, 1, 1636468473708, 1636468474325, 617, 262, 355, 0, 0, 0
5095, 1, 1636468474070, 1636468474681, 611, 262, 349, 0, 0, 0
5096, 1, 1636468474088, 1636468474701, 613, 263, 350, 0, 1, 1
5097, 1, 1636468474095, 1636468474713, 618, 266, 352, 0, 0, 0
5071, 2, 1636468472164, 1636468474718, 2554, 0, 2554, 0, 0, 0
5072, 2, 1636468472232, 1636468474719, 2487, 0, 2487, 1, 0, 1
5098, 1, 1636468474205, 1636468474817, 612, 262, 350, 0, 0, 0
5099, 1, 1636468474354, 1636468474973, 619, 271, 348, 1, 0, 1
5100, 1, 1636468474356, 1636468474973, 617, 271, 346, 1, 0, 1
5101, 1, 1636468474465, 1636468475077, 612, 263, 349, 0, 0, 0
5102, 1, 1636468474557, 1636468475173, 616, 270, 346, 0, 0, 0
5081, 2, 1636468472981, 1636468475202, 2221, 0, 2221, 0, 0, 0
5103, 1, 1636468474744, 1636468475357, 613, 262, 351, 0, 0, 0
5105, 1, 1636468474805, 1636468475461, 656, 263, 393, 2, 0, 2
5104, 1, 1636468474805, 1636468475461, 656, 263, 393, 3, 0, 3
5107, 1, 1636468474866, 1636468475476, 610, 261, 349, 0, 0, 0
5086, 2, 1636468473288, 1636468475514, 2226, 0, 2226, 0, 0, 0
5106, 1, 1636468474832, 1636468475521, 689, 337, 352, 0, 0, 0
5108, 1, 1636468474979, 1636468475585, 606, 262, 344, 0, 0, 0
5109, 1, 1636468474985, 1636468475596, 611, 263, 348, 0, 0, 0
5110, 1, 1636468474991, 1636468475597, 606, 259, 347, 0, 0, 0
5111, 1, 1636468475010, 1636468475621, 611, 262, 349, 0, 0, 0
5112, 1, 1636468475289, 1636468475941, 652, 262, 390, 0, 0, 0
5113, 1, 1636468475371, 1636468475981, 610, 263, 347, 0, 0, 0
5088, 1, 1636468473479, 1636468475996, 2517, 2166, 351, 0, 0, 0
5114, 1, 1636468475418, 1636468476024, 606, 263, 343, 0, 1, 1
5115, 1, 1636468475426, 1636468476037, 611, 262, 349, 0, 0, 0
5116, 1, 1636468475546, 1636468476160, 614, 262, 352, 0, 0, 0
5117, 1, 1636468475601, 1636468476256, 655, 266, 389, 0, 0, 0
5119, 1, 1636468475699, 1636468476308, 609, 266, 343, 0, 0, 0
5120, 1, 1636468475744, 1636468476361, 617, 263, 354, 0, 0, 0
5118, 1, 1636468475687, 1636468476369, 682, 335, 347, 1, 0, 1
5121, 1, 1636468475821, 1636468476441, 620, 266, 354, 0, 0, 0
5122, 1, 1636468476015, 1636468476668, 653, 262, 391, 1, 0, 1
5123, 1, 1636468476066, 1636468476677, 611, 262, 349, 0, 0, 0
5124, 1, 1636468476103, 1636468476724, 621, 271, 350, 2, 1, 3
5125, 1, 1636468476129, 1636468476744, 615, 262, 353, 0, 0, 0
5126, 1, 1636468476145, 1636468476757, 612, 267, 345, 0, 1, 1
5127, 1, 1636468476233, 1636468476845, 612, 266, 346, 1, 0, 1
5128, 1, 1636468476256, 1636468476873, 617, 266, 351, 0, 0, 0
5129, 1, 1636468476297, 1636468476909, 612, 262, 350, 0, 0, 0
5130, 1, 1636468476327, 1636468476948, 621, 271, 350, 1, 0, 1
5131, 1, 1636468476351, 1636468476969, 618, 262, 356, 0, 0, 0
5132, 1, 1636468476585, 1636468477193, 608, 262, 346, 0, 0, 0
5133, 1, 1636468476677, 1636468477297, 620, 266, 354, 0, 0, 0
5134, 1, 1636468476699, 1636468477313, 614, 262, 352, 0, 0, 0
5135, 1, 1636468476700, 1636468477321, 621, 262, 359, 0, 0, 0
5136, 1, 1636468476923, 1636468477532, 609, 262, 347, 0, 0, 0
5137, 1, 1636468476942, 1636468477556, 614, 262, 352, 0, 0, 0
5138, 1, 1636468476971, 1636468477581, 610, 262, 348, 0, 0, 0
5139, 1, 1636468476986, 1636468477605, 619, 262, 357, 0, 0, 0
5140, 1, 1636468477028, 1636468477645, 617, 262, 355, 0, 0, 0
5141, 1, 1636468477119, 1636468477737, 618, 262, 356, 0, 0, 0
5142, 1, 1636468477358, 1636468477973, 615, 266, 349, 0, 0, 0
5143, 1, 1636468477407, 1636468478017, 610, 262, 348, 0, 1, 1
5144, 1, 1636468477408, 1636468478021, 613, 266, 347, 0, 0, 0
5145, 1, 1636468477431, 1636468478041, 610, 267, 343, 0, 0, 0
5146, 1, 1636468477443, 1636468478053, 610, 262, 348, 0, 0, 0
5147, 1, 1636468477501, 1636468478117, 616, 265, 351, 0, 0, 0
5148, 1, 1636468477539, 1636468478157, 618, 263, 355, 1, 0, 1
5150, 1, 1636468477659, 1636468478269, 610, 262, 348, 0, 0, 0
5151, 1, 1636468477728, 1636468478336, 608, 262, 346, 0, 0, 0
5149, 1, 1636468477637, 1636468478465, 828, 474, 354, 0, 0, 0
5152, 1, 1636468477941, 1636468478552, 611, 262, 349, 0, 1, 1
5153, 1, 1636468477978, 1636468478589, 611, 267, 344, 0, 0, 0
5154, 1, 1636468478047, 1636468478661, 614, 262, 352, 0, 0, 0
5155, 1, 1636468478063, 1636468478817, 754, 402, 352, 0, 1, 1
5156, 1, 1636468478206, 1636468478817, 611, 262, 349, 1, 0, 1
5157, 1, 1636468478227, 1636468478832, 605, 263, 342, 1, 0, 1
5158, 1, 1636468478239, 1636468478845, 606, 262, 344, 0, 0, 0
5159, 1, 1636468478283, 1636468478889, 606, 263, 343, 0, 1, 1
5160, 1, 1636468478425, 1636468479041, 616, 262, 354, 0, 0, 0
5161, 1, 1636468478508, 1636468479121, 613, 262, 351, 0, 0, 0
5162, 1, 1636468478697, 1636468479316, 619, 266, 353, 0, 0, 0
5163, 1, 1636468478702, 1636468479316, 614, 262, 352, 1, 0, 1
5164, 1, 1636468478729, 1636468479345, 616, 263, 353, 1, 0, 1
5165, 1, 1636468478749, 1636468479365, 616, 263, 353, 1, 1, 2
5167, 1, 1636468478785, 1636468479397, 612, 262, 350, 1, 0, 1
5166, 1, 1636468478784, 1636468479397, 613, 262, 351, 1, 0, 1
5168, 1, 1636468478932, 1636468479548, 616, 267, 349, 1, 0, 1
5169, 1, 1636468478934, 1636468479552, 618, 267, 351, 2, 0, 2
5170, 1, 1636468478936, 1636468479557, 621, 271, 350, 0, 0, 0
5171, 1, 1636468479011, 1636468479624, 613, 262, 351, 0, 0, 0
5172, 1, 1636468479227, 1636468479832, 605, 262, 343, 0, 0, 0
5173, 1, 1636468479319, 1636468479936, 617, 270, 347, 0, 0, 0
5174, 1, 1636468479345, 1636468479957, 612, 262, 350, 0, 0, 0
5175, 1, 1636468479427, 1636468480040, 613, 270, 343, 0, 0, 0
5176, 1, 1636468479479, 1636468480093, 614, 262, 352, 0, 0, 0
5177, 1, 1636468479498, 1636468480113, 615, 262, 353, 1, 0, 1
5178, 1, 1636468479591, 1636468480201, 610, 263, 347, 0, 1, 1
5179, 1, 1636468479624, 1636468480241, 617, 266, 351, 0, 1, 1
5180, 1, 1636468479703, 1636468480312, 609, 263, 346, 0, 0, 0
5181, 1, 1636468479885, 1636468480497, 612, 262, 350, 0, 0, 0
5182, 1, 1636468479982, 1636468480592, 610, 262, 348, 0, 0, 0
5183, 1, 1636468480007, 1636468480625, 618, 266, 352, 1, 0, 1
5184, 1, 1636468480070, 1636468480689, 619, 263, 356, 1, 1, 2
5185, 1, 1636468480082, 1636468480693, 611, 262, 349, 0, 0, 0
5186, 1, 1636468480116, 1636468480725, 609, 262, 347, 0, 0, 0
5187, 1, 1636468480129, 1636468480748, 619, 266, 353, 0, 0, 0
5188, 1, 1636468480213, 1636468480825, 612, 263, 349, 0, 0, 0
5190, 1, 1636468480289, 1636468480901, 612, 262, 350, 0, 0, 0
5189, 1, 1636468480279, 1636468480901, 622, 266, 356, 0, 0, 0
5191, 1, 1636468480313, 1636468480933, 620, 266, 354, 0, 0, 0
5192, 1, 1636468480499, 1636468481109, 610, 262, 348, 0, 0, 0
5193, 1, 1636468480684, 1636468481304, 620, 267, 353, 0, 1, 1
5194, 1, 1636468480693, 1636468481304, 611, 263, 348, 0, 2, 2
5195, 1, 1636468480699, 1636468481321, 622, 266, 356, 0, 0, 0
5196, 1, 1636468480826, 1636468481445, 619, 270, 349, 0, 0, 0
5197, 1, 1636468480872, 1636468481481, 609, 263, 346, 0, 1, 1
5198, 1, 1636468480877, 1636468481492, 615, 266, 349, 0, 0, 0
5199, 1, 1636468480981, 1636468481597, 616, 262, 354, 0, 0, 0
5200, 1, 1636468481001, 1636468481609, 608, 263, 345, 0, 1, 1
5201, 1, 1636468481167, 1636468481777, 610, 266, 344, 1, 0, 1
5202, 1, 1636468481254, 1636468481869, 615, 262, 353, 1, 0, 1
5203, 1, 1636468481386, 1636468481997, 611, 262, 349, 0, 0, 0
5204, 1, 1636468481388, 1636468482001, 613, 262, 351, 0, 1, 1
5205, 1, 1636468481395, 1636468482001, 606, 262, 344, 1, 0, 1
5206, 1, 1636468481427, 1636468482041, 614, 266, 348, 0, 0, 0
5207, 1, 1636468481436, 1636468482048, 612, 262, 350, 0, 0, 0
5208, 1, 1636468481492, 1636468482101, 609, 266, 343, 0, 0, 0
5209, 1, 1636468481630, 1636468482249, 619, 267, 352, 2, 0, 2
5210, 1, 1636468481631, 1636468482249, 618, 267, 351, 1, 0, 1
5211, 1, 1636468481659, 1636468482265, 606, 262, 344, 0, 0, 0
5212, 1, 1636468481834, 1636468482449, 615, 262, 353, 0, 0, 0
5213, 1, 1636468481964, 1636468482572, 608, 263, 345, 0, 0, 0
5214, 1, 1636468481980, 1636468482601, 621, 266, 355, 0, 1, 1
5215, 1, 1636468482001, 1636468482609, 608, 263, 345, 0, 0, 0
5216, 1, 1636468482151, 1636468482765, 614, 266, 348, 0, 0, 0
5217, 1, 1636468482205, 1636468482817, 612, 267, 345, 1, 0, 1
5218, 1, 1636468482251, 1636468482865, 614, 263, 351, 1, 0, 1
5219, 1, 1636468482284, 1636468482897, 613, 267, 346, 1, 1, 2
5220, 1, 1636468482362, 1636468482972, 610, 262, 348, 0, 0, 0
5221, 1, 1636468482439, 1636468483049, 610, 258, 352, 0, 0, 0
5222, 1, 1636468482634, 1636468483245, 611, 262, 349, 0, 0, 0
5223, 1, 1636468482682, 1636468483289, 607, 262, 345, 0, 0, 0
5224, 1, 1636468482733, 1636468483341, 608, 261, 347, 2, 0, 2
5225, 1, 1636468482735, 1636468483344, 609, 263, 346, 2, 0, 2
5226, 1, 1636468482748, 1636468483357, 609, 262, 347, 0, 1, 1
5227, 1, 1636468482759, 1636468483396, 637, 290, 347, 0, 0, 0
5228, 1, 1636468482883, 1636468483489, 606, 263, 343, 1, 0, 1
5229, 1, 1636468482919, 1636468483528, 609, 262, 347, 0, 0, 0
5230, 1, 1636468482937, 1636468483553, 616, 262, 354, 0, 0, 0
5231, 1, 1636468483011, 1636468483617, 606, 262, 344, 0, 0, 0
5232, 1, 1636468483208, 1636468483817, 609, 262, 347, 0, 0, 0
5233, 1, 1636468483245, 1636468483852, 607, 262, 345, 0, 0, 0
5234, 1, 1636468483252, 1636468483872, 620, 266, 354, 0, 0, 0
5235, 1, 1636468483297, 1636468483913, 616, 265, 351, 2, 0, 2
5236, 1, 1636468483483, 1636468484088, 605, 262, 343, 0, 1, 1
5237, 1, 1636468483531, 1636468484145, 614, 266, 348, 1, 0, 1
5238, 1, 1636468483561, 1636468484173, 612, 262, 350, 0, 0, 0
5240, 1, 1636468483703, 1636468484313, 610, 262, 348, 0, 0, 0
5241, 1, 1636468483781, 1636468484397, 616, 262, 354, 0, 0, 0
5239, 1, 1636468483582, 1636468484521, 939, 590, 349, 0, 0, 0
5243, 1, 1636468483987, 1636468484593, 606, 263, 343, 0, 2, 2
5242, 1, 1636468483981, 1636468484597, 616, 267, 349, 0, 1, 1
5244, 1, 1636468484036, 1636468484649, 613, 266, 347, 0, 0, 0
5246, 1, 1636468484130, 1636468484741, 611, 262, 349, 0, 0, 0
5247, 1, 1636468484151, 1636468484765, 614, 266, 348, 1, 0, 1
5248, 1, 1636468484220, 1636468484841, 621, 266, 355, 0, 0, 0
5249, 1, 1636468484225, 1636468484841, 616, 263, 353, 0, 1, 1
5245, 1, 1636468484060, 1636468484869, 809, 458, 351, 0, 0, 0
5250, 1, 1636468484289, 1636468484909, 620, 268, 352, 0, 1, 1
5251, 1, 1636468484324, 1636468484952, 628, 266, 362, 0, 0, 0
5252, 1, 1636468484516, 1636468485137, 621, 270, 351, 0, 0, 0
5254, 1, 1636468484586, 1636468485209, 623, 270, 353, 0, 0, 0
5253, 1, 1636468484533, 1636468485221, 688, 334, 354, 0, 0, 0
5255, 1, 1636468484671, 1636468485293, 622, 278, 344, 0, 0, 0
5256, 1, 1636468484770, 1636468485388, 618, 262, 356, 1, 0, 1
5257, 1, 1636468484892, 1636468485505, 613, 262, 351, 0, 0, 0
5258, 1, 1636468484903, 1636468485508, 605, 262, 343, 0, 0, 0
5259, 1, 1636468484932, 1636468485545, 613, 262, 351, 0, 0, 0
5260, 1, 1636468485096, 1636468485713, 617, 262, 355, 0, 0, 0
5261, 1, 1636468485160, 1636468485768, 608, 262, 346, 0, 0, 0
5262, 1, 1636468485311, 1636468485921, 610, 262, 348, 0, 0, 0
5264, 1, 1636468485327, 1636468485940, 613, 268, 345, 2, 0, 2
5263, 1, 1636468485326, 1636468485941, 615, 267, 348, 3, 0, 3
5265, 1, 1636468485382, 1636468485992, 610, 262, 348, 0, 0, 0
5266, 1, 1636468485408, 1636468486021, 613, 262, 351, 0, 0, 0
5267, 1, 1636468485415, 1636468486028, 613, 261, 352, 0, 0, 0
5268, 1, 1636468485484, 1636468486096, 612, 262, 350, 0, 0, 0
5269, 1, 1636468485571, 1636468486181, 610, 262, 348, 0, 0, 0
5270, 1, 1636468485595, 1636468486208, 613, 267, 346, 1, 1, 2
5271, 1, 1636468485685, 1636468486304, 619, 262, 357, 0, 0, 0
5272, 1, 1636468485850, 1636468486465, 615, 262, 353, 0, 0, 0
5273, 1, 1636468485867, 1636468486489, 622, 262, 360, 1, 1, 2
5274, 1, 1636468485902, 1636468486509, 607, 262, 345, 0, 0, 0
5276, 1, 1636468486035, 1636468486649, 614, 266, 348, 0, 0, 0
5275, 1, 1636468486027, 1636468486656, 629, 283, 346, 0, 1, 1
5277, 1, 1636468486181, 1636468486792, 611, 262, 349, 0, 0, 0
5279, 1, 1636468486301, 1636468486912, 611, 262, 349, 0, 0, 0
5278, 1, 1636468486297, 1636468486913, 616, 266, 350, 0, 0, 0
5280, 1, 1636468486438, 1636468487048, 610, 262, 348, 0, 0, 0
5281, 1, 1636468486475, 1636468487089, 614, 262, 352, 0, 0, 0
5282, 1, 1636468486591, 1636468487205, 614, 263, 351, 1, 0, 1
5283, 1, 1636468486633, 1636468487241, 608, 263, 345, 1, 0, 1
5284, 1, 1636468486642, 1636468487253, 611, 262, 349, 0, 0, 0
5285, 1, 1636468486646, 1636468487257, 611, 262, 349, 0, 0, 0
5286, 1, 1636468486696, 1636468487309, 613, 262, 351, 0, 0, 0
5287, 1, 1636468486709, 1636468487325, 616, 266, 350, 0, 1, 1
5289, 1, 1636468486877, 1636468487493, 616, 270, 346, 0, 0, 0
5288, 1, 1636468486871, 1636468487493, 622, 268, 354, 0, 0, 0
5290, 1, 1636468486972, 1636468487593, 621, 266, 355, 0, 0, 0
5291, 1, 1636468487030, 1636468487645, 615, 267, 348, 0, 0, 0
5292, 1, 1636468487157, 1636468487769, 612, 262, 350, 0, 0, 0
5293, 1, 1636468487169, 1636468487789, 620, 262, 358, 0, 0, 0
5294, 1, 1636468487229, 1636468487849, 620, 262, 358, 0, 0, 0
5295, 1, 1636468487362, 1636468487989, 627, 282, 345, 0, 0, 0
5296, 1, 1636468487420, 1636468488037, 617, 266, 351, 1, 0, 1
5297, 1, 1636468487493, 1636468488105, 612, 266, 346, 0, 1, 1
5298, 1, 1636468487563, 1636468488169, 606, 262, 344, 0, 1, 1
5299, 1, 1636468487690, 1636468488301, 611, 262, 349, 0, 1, 1
5300, 1, 1636468487726, 1636468488341, 615, 266, 349, 0, 0, 0
5301, 1, 1636468487826, 1636468488441, 615, 267, 348, 1, 2, 3
5302, 1, 1636468487905, 1636468488517, 612, 262, 350, 0, 0, 0
5304, 1, 1636468487958, 1636468488569, 611, 264, 347, 2, 1, 3
5303, 1, 1636468487957, 1636468488569, 612, 263, 349, 1, 0, 1
5305, 1, 1636468487970, 1636468488585, 615, 266, 349, 0, 1, 1
5306, 1, 1636468488003, 1636468488608, 605, 263, 342, 0, 0, 0
5307, 1, 1636468488074, 1636468488688, 614, 267, 347, 1, 1, 2
5308, 1, 1636468488197, 1636468488809, 612, 262, 350, 0, 1, 1
5309, 1, 1636468488264, 1636468488872, 608, 259, 349, 0, 1, 1
5310, 1, 1636468488323, 1636468488937, 614, 262, 352, 0, 0, 0
5311, 1, 1636468488342, 1636468488953, 611, 267, 344, 1, 0, 1
5312, 1, 1636468488469, 1636468489085, 616, 258, 358, 0, 0, 0
5314, 1, 1636468488547, 1636468489157, 610, 263, 347, 1, 0, 1
5313, 1, 1636468488546, 1636468489157, 611, 263, 348, 3, 0, 3
5316, 1, 1636468488683, 1636468489289, 606, 262, 344, 0, 1, 1
5315, 1, 1636468488639, 1636468489301, 662, 310, 352, 0, 0, 0
5317, 1, 1636468488817, 1636468489429, 612, 262, 350, 0, 0, 0
5318, 1, 1636468488850, 1636468489465, 615, 266, 349, 0, 0, 0
5319, 1, 1636468488990, 1636468489600, 610, 262, 348, 0, 0, 0
5320, 1, 1636468489070, 1636468489677, 607, 262, 345, 1, 0, 1
5321, 1, 1636468489216, 1636468489833, 617, 262, 355, 0, 0, 0
5322, 1, 1636468489228, 1636468489836, 608, 264, 344, 0, 1, 1
5323, 1, 1636468489232, 1636468489852, 620, 263, 357, 1, 1, 2
5324, 1, 1636468489281, 1636468489888, 607, 262, 345, 0, 0, 0
5325, 1, 1636468489288, 1636468489901, 613, 262, 351, 0, 0, 0
5326, 1, 1636468489344, 1636468489960, 616, 262, 354, 0, 0, 0
5327, 1, 1636468489447, 1636468490053, 606, 262, 344, 0, 1, 1
5328, 1, 1636468489531, 1636468490137, 606, 263, 343, 0, 2, 2
5329, 1, 1636468489536, 1636468490149, 613, 262, 351, 0, 1, 1
5330, 1, 1636468489629, 1636468490237, 608, 263, 345, 0, 1, 1
5331, 1, 1636468489723, 1636468490337, 614, 262, 352, 0, 0, 0
5332, 1, 1636468489757, 1636468490373, 616, 266, 350, 0, 0, 0
5333, 1, 1636468489843, 1636468490448, 605, 262, 343, 0, 0, 0
5334, 1, 1636468489857, 1636468490465, 608, 263, 345, 1, 0, 1
5335, 1, 1636468489908, 1636468490584, 676, 326, 350, 0, 0, 0
5336, 1, 1636468490022, 1636468490637, 615, 262, 353, 1, 0, 1
5337, 1, 1636468490091, 1636468490705, 614, 263, 351, 1, 1, 2
5338, 1, 1636468490113, 1636468490725, 612, 262, 350, 0, 0, 0
5339, 1, 1636468490330, 1636468490949, 619, 271, 348, 1, 1, 2
5340, 1, 1636468490406, 1636468491021, 615, 268, 347, 0, 1, 1
5341, 1, 1636468490505, 1636468491116, 611, 262, 349, 0, 0, 0
5342, 1, 1636468490555, 1636468491168, 613, 262, 351, 0, 0, 0
5344, 1, 1636468490577, 1636468491197, 620, 267, 353, 0, 0, 0
5343, 1, 1636468490571, 1636468491197, 626, 262, 364, 0, 0, 0
5345, 1, 1636468490608, 1636468491221, 613, 262, 351, 0, 1, 1
5346, 1, 1636468490621, 1636468491237, 616, 265, 351, 2, 1, 3
5347, 1, 1636468490711, 1636468491321, 610, 262, 348, 0, 0, 0
5348, 1, 1636468490853, 1636468491473, 620, 266, 354, 0, 0, 0
5349, 1, 1636468490870, 1636468491485, 615, 262, 353, 0, 1, 1
5350, 1, 1636468491003, 1636468491612, 609, 262, 347, 0, 0, 0
5351, 1, 1636468491060, 1636468491673, 613, 262, 351, 0, 0, 0
5352, 1, 1636468491082, 1636468491697, 615, 266, 349, 0, 0, 0
5353, 1, 1636468491153, 1636468491765, 612, 263, 349, 1, 0, 1
5354, 1, 1636468491247, 1636468491864, 617, 266, 351, 0, 0, 0
5356, 1, 1636468491340, 1636468491965, 625, 266, 359, 0, 0, 0
5355, 1, 1636468491280, 1636468491973, 693, 338, 355, 0, 0, 0
5357, 1, 1636468491431, 1636468492049, 618, 267, 351, 0, 0, 0
5358, 1, 1636468491453, 1636468492069, 616, 270, 346, 0, 0, 0
5359, 1, 1636468491593, 1636468492213, 620, 266, 354, 1, 0, 1
5360, 1, 1636468491764, 1636468492381, 617, 262, 355, 0, 0, 0
5361, 1, 1636468491779, 1636468492389, 610, 262, 348, 1, 0, 1
5362, 1, 1636468491879, 1636468492493, 614, 270, 344, 0, 0, 0
5363, 1, 1636468491895, 1636468492509, 614, 266, 348, 0, 1, 1
5364, 1, 1636468491951, 1636468492561, 610, 261, 349, 0, 0, 0
5365, 1, 1636468491970, 1636468492589, 619, 266, 353, 0, 0, 0
5366, 1, 1636468491986, 1636468492605, 619, 266, 353, 0, 0, 0
5367, 1, 1636468492013, 1636468492641, 628, 266, 362, 0, 0, 0
5368, 1, 1636468492143, 1636468492749, 606, 262, 344, 1, 0, 1
5369, 1, 1636468492187, 1636468492793, 606, 263, 343, 1, 0, 1
5370, 1, 1636468492344, 1636468492961, 617, 268, 349, 0, 1, 1
5371, 1, 1636468492398, 1636468493005, 607, 262, 345, 0, 0, 0
5372, 1, 1636468492431, 1636468493037, 606, 263, 343, 0, 0, 0
5373, 1, 1636468492557, 1636468493172, 615, 262, 353, 1, 0, 1
5374, 1, 1636468492603, 1636468493208, 605, 260, 345, 0, 1, 1
5376, 1, 1636468492644, 1636468493257, 613, 262, 351, 0, 0, 0
5375, 1, 1636468492629, 1636468493309, 680, 330, 350, 0, 0, 0
5377, 1, 1636468492717, 1636468493325, 608, 262, 346, 0, 0, 0
5378, 1, 1636468492756, 1636468493368, 612, 262, 350, 0, 0, 0
5379, 1, 1636468492971, 1636468493577, 606, 262, 344, 0, 0, 0
5380, 1, 1636468493113, 1636468493721, 608, 256, 352, 0, 0, 0
5381, 1, 1636468493127, 1636468493733, 606, 259, 347, 0, 0, 0
5382, 1, 1636468493172, 1636468493785, 613, 262, 351, 0, 0, 0
5383, 1, 1636468493220, 1636468493828, 608, 263, 345, 1, 1, 2
5384, 1, 1636468493293, 1636468493905, 612, 263, 349, 0, 1, 1
5385, 1, 1636468493303, 1636468493913, 610, 262, 348, 0, 0, 0
5386, 1, 1636468493312, 1636468493921, 609, 262, 347, 0, 0, 0
5387, 1, 1636468493323, 1636468493929, 606, 263, 343, 0, 0, 0
5388, 1, 1636468493483, 1636468494089, 606, 262, 344, 0, 0, 0
5389, 1, 1636468493547, 1636468494161, 614, 263, 351, 0, 1, 1
5390, 1, 1636468493647, 1636468494265, 618, 267, 351, 1, 1, 2
5391, 1, 1636468493728, 1636468494341, 613, 262, 351, 0, 0, 0
5392, 1, 1636468493770, 1636468494381, 611, 262, 349, 0, 0, 0
5393, 1, 1636468493913, 1636468494525, 612, 262, 350, 1, 0, 1
5395, 1, 1636468493990, 1636468494601, 611, 262, 349, 0, 0, 0
5394, 1, 1636468493957, 1636468494609, 652, 307, 345, 1, 0, 1
5396, 1, 1636468494017, 1636468494625, 608, 262, 346, 0, 0, 0
5397, 1, 1636468494049, 1636468494657, 608, 262, 346, 0, 0, 0
5398, 1, 1636468494055, 1636468494660, 605, 258, 347, 0, 0, 0
5399, 1, 1636468494280, 1636468494884, 604, 258, 346, 0, 0, 0
5400, 1, 1636468494452, 1636468495064, 612, 262, 350, 0, 0, 0
5401, 1, 1636468494457, 1636468495065, 608, 258, 350, 0, 0, 0
5402, 1, 1636468494499, 1636468495109, 610, 263, 347, 0, 0, 0
5403, 1, 1636468494527, 1636468495141, 614, 262, 352, 0, 0, 0
5404, 1, 1636468494600, 1636468495209, 609, 262, 347, 0, 1, 1
5405, 1, 1636468494621, 1636468495229, 608, 263, 345, 1, 0, 1
5406, 1, 1636468494633, 1636468495244, 611, 262, 349, 2, 0, 2
5407, 1, 1636468494680, 1636468495293, 613, 267, 346, 0, 1, 1
5408, 1, 1636468494887, 1636468495497, 610, 262, 348, 0, 0, 0
5409, 1, 1636468494902, 1636468495513, 611, 262, 349, 0, 1, 1
5410, 1, 1636468495008, 1636468495620, 612, 263, 349, 1, 0, 1
5411, 1, 1636468495021, 1636468495628, 607, 262, 345, 1, 0, 1
5412, 1, 1636468495068, 1636468495677, 609, 263, 346, 0, 1, 1
5413, 1, 1636468495267, 1636468495877, 610, 262, 348, 0, 0, 0
5415, 1, 1636468495300, 1636468495913, 613, 262, 351, 0, 0, 0
5416, 1, 1636468495350, 1636468495960, 610, 262, 348, 0, 0, 0
5418, 1, 1636468495364, 1636468495973, 609, 262, 347, 0, 0, 0
5414, 1, 1636468495294, 1636468495973, 679, 326, 353, 0, 0, 0
5417, 1, 1636468495359, 1636468495973, 614, 262, 352, 0, 1, 1
5419, 1, 1636468495576, 1636468496193, 617, 266, 351, 0, 0, 0
5420, 1, 1636468495747, 1636468496357, 610, 262, 348, 0, 0, 0
5421, 1, 1636468495763, 1636468496372, 609, 266, 343, 0, 0, 0
5422, 1, 1636468495854, 1636468496473, 619, 262, 357, 0, 0, 0
5423, 1, 1636468495899, 1636468496509, 610, 262, 348, 0, 0, 0
5424, 1, 1636468495915, 1636468496528, 613, 267, 346, 1, 0, 1
5425, 1, 1636468495975, 1636468496581, 606, 262, 344, 0, 0, 0
5426, 1, 1636468495992, 1636468496609, 617, 266, 351, 0, 0, 0
5427, 1, 1636468496004, 1636468496621, 617, 266, 351, 0, 0, 0
5428, 1, 1636468496229, 1636468496840, 611, 262, 349, 0, 0, 0
5429, 1, 1636468496289, 1636468496901, 612, 262, 350, 0, 0, 0
5430, 1, 1636468496323, 1636468496941, 618, 262, 356, 0, 0, 0
5431, 1, 1636468496362, 1636468496973, 611, 266, 345, 1, 0, 1
5432, 1, 1636468496406, 1636468497020, 614, 263, 351, 0, 0, 0
5433, 1, 1636468496554, 1636468497165, 611, 262, 349, 0, 0, 0
5434, 1, 1636468496612, 1636468497225, 613, 262, 351, 0, 0, 0
5436, 1, 1636468496661, 1636468497269, 608, 263, 345, 1, 0, 1
5437, 1, 1636468496705, 1636468497321, 616, 263, 353, 1, 0, 1
5438, 1, 1636468496751, 1636468497365, 614, 268, 346, 1, 1, 2
5435, 1, 1636468496648, 1636468497365, 717, 364, 353, 1, 1, 2
5439, 1, 1636468496950, 1636468497561, 611, 258, 353, 0, 0, 0
5440, 1, 1636468497041, 1636468497653, 612, 262, 350, 0, 0, 0
5441, 1, 1636468497064, 1636468497673, 609, 262, 347, 0, 0, 0
5442, 1, 1636468497194, 1636468497805, 611, 266, 345, 0, 0, 0
5443, 1, 1636468497247, 1636468497853, 606, 262, 344, 0, 0, 0
5444, 1, 1636468497257, 1636468497873, 616, 266, 350, 0, 0, 0
5445, 1, 1636468497323, 1636468497929, 606, 263, 343, 1, 0, 1
5446, 1, 1636468497324, 1636468497933, 609, 262, 347, 0, 0, 0
5447, 1, 1636468497361, 1636468497972, 611, 262, 349, 0, 0, 0
5448, 1, 1636468497566, 1636468498177, 611, 262, 349, 1, 0, 1
5449, 1, 1636468497616, 1636468498229, 613, 262, 351, 0, 0, 0
5450, 1, 1636468497673, 1636468498280, 607, 262, 345, 0, 0, 0
5451, 1, 1636468497680, 1636468498288, 608, 263, 345, 0, 0, 0
5452, 1, 1636468497726, 1636468498332, 606, 262, 344, 0, 0, 0
5454, 1, 1636468497929, 1636468498541, 612, 266, 346, 0, 0, 0
5455, 1, 1636468497944, 1636468498557, 613, 262, 351, 0, 0, 0
5453, 1, 1636468497927, 1636468498629, 702, 354, 348, 0, 0, 0
5456, 1, 1636468498017, 1636468498629, 612, 262, 350, 0, 0, 0
5457, 1, 1636468498064, 1636468498677, 613, 262, 351, 0, 0, 0
5458, 1, 1636468498097, 1636468498709, 612, 262, 350, 0, 1, 1
5459, 1, 1636468498292, 1636468498905, 613, 262, 351, 0, 0, 0
5460, 1, 1636468498319, 1636468498928, 609, 262, 347, 0, 0, 0
5461, 1, 1636468498465, 1636468499081, 616, 270, 346, 0, 0, 0
5462, 1, 1636468498534, 1636468499149, 615, 266, 349, 0, 0, 0
5463, 1, 1636468498604, 1636468499217, 613, 262, 351, 1, 0, 1
5465, 1, 1636468498608, 1636468499217, 609, 258, 351, 2, 0, 2
5464, 1, 1636468498606, 1636468499217, 611, 262, 349, 1, 1, 2
5466, 1, 1636468498698, 1636468499305, 607, 257, 350, 1, 0, 1
5467, 1, 1636468498749, 1636468499357, 608, 262, 346, 0, 0, 0
5468, 1, 1636468498853, 1636468499465, 612, 262, 350, 0, 1, 1
5469, 1, 1636468498928, 1636468499536, 608, 262, 346, 0, 0, 0
5470, 1, 1636468498941, 1636468499557, 616, 267, 349, 0, 0, 0
5471, 1, 1636468499020, 1636468499632, 612, 262, 350, 0, 0, 0
5472, 1, 1636468499073, 1636468499689, 616, 262, 354, 0, 0, 0
5474, 1, 1636468499269, 1636468499877, 608, 263, 345, 0, 0, 0
5473, 1, 1636468499250, 1636468499905, 655, 310, 345, 1, 0, 1
5475, 1, 1636468499292, 1636468499913, 621, 267, 354, 1, 0, 1
5476, 1, 1636468499304, 1636468499921, 617, 270, 347, 0, 0, 0
5477, 1, 1636468499420, 1636468500032, 612, 263, 349, 1, 0, 1
5478, 1, 1636468499458, 1636468500073, 615, 263, 352, 0, 1, 1
5479, 1, 1636468499637, 1636468500256, 619, 270, 349, 0, 0, 0
5480, 1, 1636468499659, 1636468500268, 609, 262, 347, 0, 0, 0
5481, 1, 1636468499811, 1636468500421, 610, 262, 348, 0, 0, 0
5482, 1, 1636468499822, 1636468500437, 615, 262, 353, 1, 0, 1
5483, 1, 1636468499878, 1636468500488, 610, 262, 348, 0, 0, 0
5484, 1, 1636468499914, 1636468500525, 611, 262, 349, 1, 0, 1
5485, 1, 1636468499966, 1636468500572, 606, 262, 344, 1, 0, 1
5486, 1, 1636468500025, 1636468500633, 608, 262, 346, 0, 0, 0
5487, 1, 1636468500038, 1636468500652, 614, 266, 348, 0, 0, 0
5488, 1, 1636468500216, 1636468500828, 612, 262, 350, 0, 0, 0
5489, 1, 1636468500228, 1636468500841, 613, 262, 351, 0, 0, 0
5490, 1, 1636468500277, 1636468500893, 616, 262, 354, 0, 0, 0
5491, 1, 1636468500309, 1636468500917, 608, 263, 345, 1, 0, 1
5492, 1, 1636468500473, 1636468501085, 612, 262, 350, 1, 0, 1
5493, 1, 1636468500584, 1636468501193, 609, 262, 347, 0, 0, 0
5494, 1, 1636468500642, 1636468501249, 607, 262, 345, 0, 0, 0
5495, 1, 1636468500650, 1636468501257, 607, 262, 345, 0, 0, 0
5496, 1, 1636468500653, 1636468501261, 608, 263, 345, 0, 1, 1
5497, 1, 1636468500765, 1636468501377, 612, 262, 350, 0, 1, 1
5498, 1, 1636468500773, 1636468501381, 608, 262, 346, 0, 0, 0
5499, 1, 1636468500931, 1636468501541, 610, 262, 348, 0, 0, 0
5500, 1, 1636468500949, 1636468501561, 612, 262, 350, 1, 0, 1
5501, 1, 1636468501167, 1636468501781, 614, 267, 347, 0, 0, 0
5502, 1, 1636468501172, 1636468501788, 616, 267, 349, 1, 0, 1
5503, 1, 1636468501219, 1636468501832, 613, 266, 347, 0, 0, 0
5504, 1, 1636468501273, 1636468501888, 615, 271, 344, 0, 0, 0
5506, 1, 1636468501313, 1636468501924, 611, 266, 345, 0, 0, 0
5507, 1, 1636468501342, 1636468501952, 610, 259, 351, 1, 0, 1
5508, 1, 1636468501564, 1636468502173, 609, 258, 351, 0, 0, 0
5505, 1, 1636468501297, 1636468502176, 879, 530, 349, 0, 0, 0
5509, 1, 1636468501585, 1636468502205, 620, 270, 350, 0, 0, 0
5510, 1, 1636468501658, 1636468502269, 611, 263, 348, 0, 0, 0
5511, 1, 1636468501680, 1636468502293, 613, 266, 347, 0, 0, 0
5512, 1, 1636468501779, 1636468502389, 610, 262, 348, 0, 0, 0
5513, 1, 1636468501934, 1636468502541, 607, 262, 345, 0, 0, 0
5514, 1, 1636468501964, 1636468502573, 609, 262, 347, 0, 0, 0
5515, 1, 1636468501993, 1636468502609, 616, 262, 354, 0, 0, 0
5516, 1, 1636468502039, 1636468502645, 606, 263, 343, 0, 1, 1
5517, 1, 1636468502042, 1636468502649, 607, 262, 345, 0, 0, 0
5518, 1, 1636468502155, 1636468502765, 610, 262, 348, 0, 0, 0
5519, 1, 1636468502236, 1636468502849, 613, 262, 351, 0, 0, 0
5520, 1, 1636468502280, 1636468502893, 613, 263, 350, 0, 0, 0
5521, 1, 1636468502488, 1636468503101, 613, 262, 351, 1, 0, 1
5522, 1, 1636468502534, 1636468503141, 607, 264, 343, 0, 1, 1
5523, 1, 1636468502600, 1636468503217, 617, 262, 355, 0, 1, 1
5524, 1, 1636468502652, 1636468503265, 613, 262, 351, 0, 1, 1
5525, 1, 1636468502656, 1636468503269, 613, 262, 351, 0, 1, 1
5526, 1, 1636468502688, 1636468503297, 609, 263, 346, 3, 1, 4
5527, 1, 1636468502691, 1636468503297, 606, 263, 343, 2, 1, 3
5528, 1, 1636468502888, 1636468503496, 608, 262, 346, 0, 0, 0
5529, 1, 1636468502904, 1636468503529, 625, 266, 359, 0, 0, 0
5530, 1, 1636468502999, 1636468503609, 610, 258, 352, 0, 0, 0
5531, 1, 1636468503033, 1636468503645, 612, 262, 350, 0, 0, 0
5532, 1, 1636468503161, 1636468503773, 612, 262, 350, 0, 0, 0
5533, 1, 1636468503295, 1636468503905, 610, 262, 348, 0, 0, 0
5534, 1, 1636468503313, 1636468503925, 612, 262, 350, 0, 0, 0
5535, 1, 1636468503329, 1636468503945, 616, 262, 354, 0, 0, 0
5536, 1, 1636468503332, 1636468503949, 617, 262, 355, 1, 0, 1
5537, 1, 1636468503405, 1636468504017, 612, 264, 348, 1, 0, 1
5538, 1, 1636468503519, 1636468504133, 614, 266, 348, 0, 0, 0
5539, 1, 1636468503584, 1636468504196, 612, 266, 346, 0, 1, 1
5540, 1, 1636468503646, 1636468504253, 607, 262, 345, 0, 0, 0
5541, 1, 1636468503851, 1636468504461, 610, 262, 348, 0, 0, 0
5542, 1, 1636468503865, 1636468504481, 616, 263, 353, 0, 0, 0
5543, 1, 1636468503869, 1636468504481, 612, 262, 350, 0, 1, 1
5544, 1, 1636468504012, 1636468504621, 609, 262, 347, 3, 0, 3
5545, 1, 1636468504012, 1636468504625, 613, 262, 351, 3, 0, 3
5546, 1, 1636468504029, 1636468504645, 616, 266, 350, 0, 0, 0
5547, 1, 1636468504087, 1636468504701, 614, 266, 348, 0, 0, 0
5548, 1, 1636468504182, 1636468504797, 615, 262, 353, 0, 0, 0
5549, 1, 1636468504238, 1636468504857, 619, 266, 353, 0, 0, 0
5550, 1, 1636468504304, 1636468504921, 617, 262, 355, 0, 0, 0
5551, 1, 1636468504314, 1636468504924, 610, 262, 348, 0, 0, 0
5552, 1, 1636468504526, 1636468505133, 607, 262, 345, 0, 0, 0
5553, 1, 1636468504599, 1636468505209, 610, 267, 343, 1, 0, 1
5554, 1, 1636468504644, 1636468505257, 613, 262, 351, 0, 0, 0
5555, 1, 1636468504676, 1636468505289, 613, 263, 350, 2, 0, 2
5556, 1, 1636468504677, 1636468505289, 612, 262, 350, 1, 0, 1
5557, 1, 1636468504710, 1636468505325, 615, 266, 349, 0, 0, 0
5558, 1, 1636468504879, 1636468505492, 613, 264, 349, 0, 2, 2
5559, 1, 1636468504925, 1636468505537, 612, 262, 350, 0, 0, 0
5560, 1, 1636468504962, 1636468505573, 611, 262, 349, 0, 0, 0
5561, 1, 1636468505149, 1636468505761, 612, 261, 351, 0, 1, 1
5562, 1, 1636468505230, 1636468505837, 607, 258, 349, 0, 0, 0
5563, 1, 1636468505234, 1636468505845, 611, 262, 349, 0, 0, 0
5564, 1, 1636468505302, 1636468505921, 619, 266, 353, 0, 0, 0
5565, 1, 1636468505333, 1636468505953, 620, 267, 353, 0, 1, 1
5566, 1, 1636468505354, 1636468505977, 623, 266, 357, 0, 0, 0
5567, 1, 1636468505372, 1636468505997, 625, 266, 359, 0, 0, 0
5568, 1, 1636468505543, 1636468506153, 610, 266, 344, 0, 0, 0
5569, 1, 1636468505591, 1636468506201, 610, 262, 348, 0, 0, 0
5570, 1, 1636468505650, 1636468506261, 611, 263, 348, 1, 0, 1
5571, 1, 1636468505693, 1636468506313, 620, 267, 353, 1, 0, 1
5572, 1, 1636468505868, 1636468506485, 617, 262, 355, 0, 0, 0
5573, 1, 1636468505924, 1636468506541, 617, 262, 355, 0, 0, 0
5574, 1, 1636468505976, 1636468506585, 609, 262, 347, 0, 0, 0
5575, 1, 1636468505998, 1636468506605, 607, 262, 345, 0, 0, 0
5577, 1, 1636468506022, 1636468506629, 607, 259, 348, 1, 0, 1
5576, 1, 1636468506018, 1636468506641, 623, 262, 361, 0, 0, 0
5578, 1, 1636468506205, 1636468506821, 616, 262, 354, 0, 0, 0
5579, 1, 1636468506240, 1636468506860, 620, 262, 358, 0, 0, 0
5580, 1, 1636468506340, 1636468506953, 613, 266, 347, 0, 0, 0
5581, 1, 1636468506455, 1636468507068, 613, 266, 347, 0, 0, 0
5582, 1, 1636468506624, 1636468507233, 609, 262, 347, 0, 0, 0
5583, 1, 1636468506631, 1636468507252, 621, 268, 353, 1, 1, 2
5584, 1, 1636468506662, 1636468507268, 606, 262, 344, 0, 0, 0
5585, 1, 1636468506680, 1636468507292, 612, 262, 350, 0, 0, 0
5586, 1, 1636468506684, 1636468507297, 613, 262, 351, 0, 0, 0
5587, 1, 1636468506695, 1636468507309, 614, 262, 352, 0, 0, 0
5588, 1, 1636468506922, 1636468507536, 614, 266, 348, 0, 0, 0
5589, 1, 1636468506940, 1636468507557, 617, 263, 354, 0, 0, 0
5590, 1, 1636468507019, 1636468507621, 602, 259, 343, 1, 1, 2
5591, 1, 1636468507094, 1636468507705, 611, 264, 347, 1, 0, 1
5592, 1, 1636468507205, 1636468507821, 616, 266, 350, 0, 0, 0
5593, 1, 1636468507244, 1636468507857, 613, 262, 351, 1, 0, 1
5594, 1, 1636468507250, 1636468507857, 607, 262, 345, 1, 0, 1
5595, 1, 1636468507295, 1636468507908, 613, 267, 346, 1, 0, 1
5596, 1, 1636468507329, 1636468507945, 616, 262, 354, 1, 0, 1
5597, 1, 1636468507391, 1636468507997, 606, 264, 342, 2, 0, 2
5598, 1, 1636468507583, 1636468508193, 610, 263, 347, 0, 1, 1
5599, 1, 1636468507600, 1636468508217, 617, 266, 351, 0, 0, 0
5600, 1, 1636468507741, 1636468508349, 608, 262, 346, 0, 0, 0
5601, 1, 1636468507842, 1636468508453, 611, 262, 349, 0, 0, 0
5602, 1, 1636468507938, 1636468508549, 611, 262, 349, 0, 0, 0
5603, 1, 1636468507958, 1636468508569, 611, 263, 348, 0, 0, 0
5604, 1, 1636468508027, 1636468508633, 606, 262, 344, 0, 0, 0
5606, 1, 1636468508054, 1636468508661, 607, 262, 345, 0, 0, 0
5605, 1, 1636468508050, 1636468508661, 611, 263, 348, 0, 2, 2
5607, 1, 1636468508066, 1636468508677, 611, 262, 349, 0, 0, 0
5608, 1, 1636468508206, 1636468508821, 615, 262, 353, 0, 0, 0
5609, 1, 1636468508252, 1636468508861, 609, 262, 347, 0, 0, 0
5610, 1, 1636468508401, 1636468509013, 612, 262, 350, 0, 0, 0
5611, 1, 1636468508408, 1636468509025, 617, 264, 353, 0, 2, 2
5612, 1, 1636468508580, 1636468509196, 616, 263, 353, 1, 0, 1
5613, 1, 1636468508607, 1636468509225, 618, 262, 356, 0, 1, 1
5614, 1, 1636468508620, 1636468509233, 613, 262, 351, 0, 0, 0
5616, 1, 1636468508659, 1636468509273, 614, 266, 348, 1, 0, 1
5615, 1, 1636468508656, 1636468509356, 700, 355, 345, 2, 0, 2
5618, 1, 1636468508936, 1636468509552, 616, 262, 354, 1, 0, 1
5619, 1, 1636468508954, 1636468509565, 611, 262, 349, 0, 0, 0
5620, 1, 1636468509055, 1636468509665, 610, 262, 348, 0, 0, 0
5617, 1, 1636468508779, 1636468509700, 921, 579, 342, 0, 2, 2
5621, 1, 1636468509109, 1636468509721, 612, 266, 346, 0, 1, 1
5622, 1, 1636468509300, 1636468509908, 608, 263, 345, 1, 0, 1
5623, 1, 1636468509326, 1636468509937, 611, 265, 346, 2, 0, 2
5624, 1, 1636468509327, 1636468509941, 614, 267, 347, 1, 0, 1
5625, 1, 1636468509380, 1636468509993, 613, 262, 351, 0, 0, 0
5626, 1, 1636468509408, 1636468510021, 613, 262, 351, 0, 0, 0
5627, 1, 1636468509463, 1636468510069, 606, 262, 344, 0, 0, 0
5628, 1, 1636468509536, 1636468510149, 613, 262, 351, 0, 0, 0
5629, 1, 1636468509655, 1636468510265, 610, 262, 348, 0, 0, 0
5630, 1, 1636468509706, 1636468510317, 611, 266, 345, 0, 0, 0
5631, 1, 1636468509767, 1636468510381, 614, 266, 348, 0, 0, 0
5632, 1, 1636468509961, 1636468510576, 615, 267, 348, 1, 0, 1
5633, 1, 1636468509966, 1636468510576, 610, 262, 348, 1, 0, 1
5634, 1, 1636468509984, 1636468510597, 613, 266, 347, 0, 0, 0
5635, 1, 1636468509995, 1636468510613, 618, 267, 351, 1, 1, 2
5636, 1, 1636468510026, 1636468510636, 610, 263, 347, 1, 0, 1
5637, 1, 1636468510110, 1636468510713, 603, 258, 345, 0, 0, 0
5638, 1, 1636468510222, 1636468510836, 614, 264, 350, 1, 0, 1
5639, 1, 1636468510285, 1636468510901, 616, 266, 350, 0, 0, 0
5640, 1, 1636468510461, 1636468511081, 620, 266, 354, 1, 0, 1
5641, 1, 1636468510486, 1636468511104, 618, 271, 347, 0, 0, 0
5642, 1, 1636468510621, 1636468511232, 611, 263, 348, 0, 0, 0
5643, 1, 1636468510649, 1636468511265, 616, 261, 355, 1, 0, 1
5644, 1, 1636468510653, 1636468511265, 612, 261, 351, 1, 1, 2
5645, 1, 1636468510674, 1636468511289, 615, 262, 353, 0, 0, 0
5646, 1, 1636468510693, 1636468511309, 616, 263, 353, 1, 0, 1
5647, 1, 1636468510829, 1636468511449, 620, 265, 355, 0, 1, 1
5648, 1, 1636468510872, 1636468511481, 609, 263, 346, 2, 0, 2
5650, 1, 1636468511052, 1636468511664, 612, 263, 349, 1, 1, 2
5649, 1, 1636468511052, 1636468511669, 617, 263, 354, 2, 0, 2
5651, 1, 1636468511079, 1636468511689, 610, 262, 348, 0, 0, 0
5652, 1, 1636468511238, 1636468511845, 607, 262, 345, 0, 1, 1
5653, 1, 1636468511248, 1636468511869, 621, 266, 355, 1, 0, 1
5654, 1, 1636468511336, 1636468511953, 617, 262, 355, 1, 0, 1
5655, 1, 1636468511357, 1636468511969, 612, 262, 350, 0, 0, 0
5656, 1, 1636468511398, 1636468512013, 615, 271, 344, 1, 1, 2
5657, 1, 1636468511455, 1636468512069, 614, 263, 351, 0, 0, 0
5658, 1, 1636468511572, 1636468512197, 625, 262, 363, 1, 1, 2
5659, 1, 1636468511616, 1636468512225, 609, 263, 346, 0, 1, 1
5660, 1, 1636468511714, 1636468512321, 607, 263, 344, 0, 1, 1
5661, 1, 1636468511804, 1636468512425, 621, 266, 355, 0, 0, 0
5662, 1, 1636468511884, 1636468512493, 609, 263, 346, 1, 0, 1
5663, 1, 1636468511960, 1636468512577, 617, 267, 350, 0, 0, 0
5664, 1, 1636468511985, 1636468512597, 612, 262, 350, 1, 0, 1
5665, 1, 1636468512027, 1636468512632, 605, 262, 343, 0, 0, 0
5666, 1, 1636468512043, 1636468512669, 626, 266, 360, 1, 0, 1
5667, 1, 1636468512116, 1636468512725, 609, 262, 347, 0, 0, 0
5668, 1, 1636468512269, 1636468512885, 616, 263, 353, 1, 0, 1
5669, 1, 1636468512340, 1636468512949, 609, 262, 347, 0, 0, 0
5670, 1, 1636468512405, 1636468513013, 608, 262, 346, 0, 1, 1
5671, 1, 1636468512455, 1636468513073, 618, 267, 351, 0, 1, 1
5672, 1, 1636468512591, 1636468513201, 610, 262, 348, 0, 0, 0
5673, 1, 1636468512594, 1636468513208, 614, 266, 348, 0, 0, 0
5674, 1, 1636468512623, 1636468513233, 610, 264, 346, 1, 0, 1
5675, 1, 1636468512687, 1636468513293, 606, 262, 344, 1, 0, 1
5676, 1, 1636468512751, 1636468513365, 614, 263, 351, 0, 0, 0
5677, 1, 1636468512859, 1636468513469, 610, 262, 348, 0, 0, 0
5678, 1, 1636468512952, 1636468513560, 608, 262, 346, 0, 0, 0
5679, 1, 1636468512976, 1636468513589, 613, 262, 351, 0, 0, 0
5680, 1, 1636468513018, 1636468513629, 611, 262, 349, 0, 0, 0
5681, 1, 1636468513094, 1636468513701, 607, 262, 345, 0, 1, 1
5682, 1, 1636468513207, 1636468513817, 610, 262, 348, 1, 0, 1
5683, 1, 1636468513292, 1636468513904, 612, 261, 351, 1, 0, 1
5684, 1, 1636468513311, 1636468513925, 614, 266, 348, 0, 0, 0
5685, 1, 1636468513383, 1636468513989, 606, 262, 344, 2, 0, 2
5686, 1, 1636468513424, 1636468514036, 612, 263, 349, 0, 1, 1
5687, 1, 1636468513473, 1636468514089, 616, 262, 354, 0, 0, 0
5688, 1, 1636468513622, 1636468514233, 611, 263, 348, 0, 0, 0
5689, 1, 1636468513665, 1636468514273, 608, 263, 345, 0, 0, 0
5690, 1, 1636468513675, 1636468514289, 614, 270, 344, 0, 0, 0
5691, 1, 1636468513842, 1636468514461, 619, 267, 352, 0, 0, 0
5693, 1, 1636468513970, 1636468514581, 611, 262, 349, 0, 0, 0
5692, 1, 1636468513965, 1636468514581, 616, 266, 350, 0, 0, 0
5694, 1, 1636468513980, 1636468514589, 609, 262, 347, 0, 1, 1
5695, 1, 1636468514038, 1636468514653, 615, 266, 349, 0, 1, 1
5696, 1, 1636468514091, 1636468514701, 610, 262, 348, 0, 0, 0
5697, 1, 1636468514216, 1636468514833, 617, 266, 351, 1, 0, 1
5698, 1, 1636468514244, 1636468514853, 609, 263, 346, 1, 1, 2
5699, 1, 1636468514260, 1636468514873, 613, 263, 350, 1, 0, 1
5700, 1, 1636468514415, 1636468515029, 614, 266, 348, 0, 0, 0
5701, 1, 1636468514476, 1636468515089, 613, 267, 346, 0, 0, 0
5702, 1, 1636468514499, 1636468515108, 609, 266, 343, 0, 0, 0
5703, 1, 1636468514633, 1636468515249, 616, 266, 350, 0, 0, 0
5705, 1, 1636468514747, 1636468515353, 606, 262, 344, 1, 0, 1
5706, 1, 1636468514750, 1636468515365, 615, 262, 353, 0, 0, 0
5704, 1, 1636468514650, 1636468515433, 783, 438, 345, 0, 0, 0
5707, 1, 1636468514849, 1636468515461, 612, 262, 350, 0, 0, 0
5708, 1, 1636468514892, 1636468515501, 609, 262, 347, 0, 0, 0
5710, 1, 1636468515021, 1636468515633, 612, 262, 350, 0, 1, 1
5709, 1, 1636468514934, 1636468515780, 846, 498, 348, 0, 0, 0
5711, 1, 1636468515236, 1636468515857, 621, 262, 359, 0, 0, 0
5712, 1, 1636468515288, 1636468515901, 613, 262, 351, 0, 0, 0
5713, 1, 1636468515349, 1636468515969, 620, 263, 357, 0, 1, 1
5714, 1, 1636468515358, 1636468515977, 619, 266, 353, 0, 0, 0
5715, 1, 1636468515384, 1636468515997, 613, 262, 351, 0, 0, 0
5716, 1, 1636468515487, 1636468516101, 614, 270, 344, 0, 0, 0
5717, 1, 1636468515526, 1636468516137, 611, 266, 345, 1, 0, 1
5718, 1, 1636468515597, 1636468516213, 616, 267, 349, 1, 0, 1
5719, 1, 1636468515610, 1636468516229, 619, 266, 353, 1, 0, 1
5720, 1, 1636468515769, 1636468516385, 616, 262, 354, 0, 0, 0
5721, 1, 1636468515774, 1636468516385, 611, 267, 344, 0, 0, 0
5722, 1, 1636468515842, 1636468516453, 611, 262, 349, 0, 0, 0
5723, 1, 1636468515927, 1636468516537, 610, 262, 348, 1, 0, 1
5724, 1, 1636468515968, 1636468516577, 609, 263, 346, 0, 1, 1
5725, 1, 1636468516038, 1636468516649, 611, 262, 349, 0, 0, 0
5726, 1, 1636468516088, 1636468516697, 609, 262, 347, 0, 0, 0
5727, 1, 1636468516231, 1636468516840, 609, 262, 347, 0, 0, 0
5728, 1, 1636468516237, 1636468516849, 612, 262, 350, 0, 0, 0
5729, 1, 1636468516249, 1636468516857, 608, 262, 346, 0, 0, 0
5730, 1, 1636468516390, 1636468516997, 607, 262, 345, 0, 0, 0
5731, 1, 1636468516523, 1636468517133, 610, 262, 348, 0, 0, 0
5732, 1, 1636468516683, 1636468517297, 614, 261, 353, 0, 0, 0
5733, 1, 1636468516690, 1636468517301, 611, 266, 345, 0, 0, 0
5734, 1, 1636468516720, 1636468517333, 613, 262, 351, 0, 0, 0
5735, 1, 1636468516759, 1636468517373, 614, 262, 352, 0, 0, 0
5736, 1, 1636468516823, 1636468517433, 610, 262, 348, 0, 0, 0
5737, 1, 1636468516840, 1636468517452, 612, 266, 346, 1, 0, 1
5738, 1, 1636468516884, 1636468517493, 609, 263, 346, 0, 1, 1
5739, 1, 1636468516904, 1636468517513, 609, 262, 347, 0, 0, 0
5740, 1, 1636468517055, 1636468517661, 606, 262, 344, 0, 0, 0
5741, 1, 1636468517070, 1636468517676, 606, 262, 344, 0, 0, 0
5742, 1, 1636468517205, 1636468517813, 608, 262, 346, 0, 0, 0
5743, 1, 1636468517229, 1636468517857, 628, 282, 346, 1, 0, 1
5744, 1, 1636468517308, 1636468517917, 609, 264, 345, 0, 2, 2
5745, 1, 1636468517395, 1636468518001, 606, 262, 344, 1, 1, 2
5747, 1, 1636468517528, 1636468518129, 601, 259, 342, 0, 1, 1
5748, 1, 1636468517543, 1636468518153, 610, 262, 348, 0, 0, 0
5746, 1, 1636468517396, 1636468518205, 809, 458, 351, 0, 0, 0
5749, 1, 1636468517618, 1636468518228, 610, 265, 345, 0, 2, 2
5750, 1, 1636468517779, 1636468518389, 610, 262, 348, 0, 0, 0
5751, 1, 1636468517915, 1636468518521, 606, 262, 344, 1, 0, 1
5752, 1, 1636468517976, 1636468518593, 617, 262, 355, 0, 0, 0
5753, 1, 1636468518036, 1636468518645, 609, 262, 347, 0, 1, 1
5754, 1, 1636468518052, 1636468518665, 613, 262, 351, 0, 0, 0
5755, 1, 1636468518120, 1636468518729, 609, 262, 347, 0, 0, 0
5756, 1, 1636468518127, 1636468518737, 610, 262, 348, 0, 0, 0
5757, 1, 1636468518129, 1636468518745, 616, 262, 354, 0, 1, 1
5758, 1, 1636468518182, 1636468518788, 606, 262, 344, 0, 0, 0
5759, 1, 1636468518276, 1636468518893, 617, 262, 355, 0, 0, 0
5760, 1, 1636468518336, 1636468518949, 613, 266, 347, 0, 0, 0
5761, 1, 1636468518413, 1636468519029, 616, 266, 350, 1, 0, 1
5762, 1, 1636468518505, 1636468519117, 612, 261, 351, 1, 0, 1
5763, 1, 1636468518530, 1636468519145, 615, 270, 345, 0, 1, 1
5764, 1, 1636468518617, 1636468519233, 616, 262, 354, 0, 0, 0
5765, 1, 1636468518686, 1636468519293, 607, 263, 344, 0, 1, 1
5766, 1, 1636468518765, 1636468519377, 612, 262, 350, 0, 0, 0
5767, 1, 1636468518828, 1636468519436, 608, 262, 346, 0, 0, 0
5768, 1, 1636468518889, 1636468519505, 616, 266, 350, 0, 0, 0
5769, 1, 1636468519007, 1636468519612, 605, 262, 343, 0, 0, 0
5770, 1, 1636468519085, 1636468519701, 616, 266, 350, 0, 0, 0
5771, 1, 1636468519263, 1636468519877, 614, 262, 352, 0, 0, 0
5772, 1, 1636468519279, 1636468519884, 605, 263, 342, 0, 0, 0
5773, 1, 1636468519384, 1636468519997, 613, 263, 350, 0, 0, 0
5775, 1, 1636468519443, 1636468520049, 606, 262, 344, 1, 0, 1
5774, 1, 1636468519432, 1636468520049, 617, 270, 347, 0, 0, 0
5776, 1, 1636468519461, 1636468520069, 608, 264, 344, 0, 1, 1
5777, 1, 1636468519484, 1636468520097, 613, 263, 350, 1, 0, 1
5778, 1, 1636468519507, 1636468520117, 610, 267, 343, 1, 0, 1
5779, 1, 1636468519652, 1636468520257, 605, 264, 341, 0, 1, 1
5780, 1, 1636468519669, 1636468520277, 608, 262, 346, 0, 0, 0
5781, 1, 1636468519788, 1636468520397, 609, 262, 347, 0, 0, 0
5782, 1, 1636468519792, 1636468520405, 613, 262, 351, 0, 0, 0
5783, 1, 1636468519881, 1636468520489, 608, 263, 345, 0, 0, 0
5784, 1, 1636468519904, 1636468520517, 613, 262, 351, 0, 0, 0
5785, 1, 1636468520012, 1636468520625, 613, 262, 351, 0, 0, 0
5786, 1, 1636468520110, 1636468520721, 611, 263, 348, 0, 2, 2
5787, 1, 1636468520153, 1636468520769, 616, 263, 353, 0, 1, 1
5788, 1, 1636468520292, 1636468520905, 613, 262, 351, 0, 0, 0
5789, 1, 1636468520312, 1636468520925, 613, 262, 351, 0, 0, 0
5790, 1, 1636468520476, 1636468521088, 612, 262, 350, 0, 0, 0
5791, 1, 1636468520535, 1636468521145, 610, 262, 348, 0, 0, 0
5792, 1, 1636468520657, 1636468521273, 616, 266, 350, 0, 0, 0
5793, 1, 1636468520667, 1636468521289, 622, 271, 351, 1, 0, 1
5794, 1, 1636468520807, 1636468521433, 626, 278, 348, 0, 0, 0
5795, 1, 1636468520819, 1636468521433, 614, 262, 352, 2, 0, 2
5796, 1, 1636468520840, 1636468521449, 609, 264, 345, 2, 2, 4
5797, 1, 1636468520859, 1636468521477, 618, 267, 351, 0, 1, 1
5798, 1, 1636468520909, 1636468521517, 608, 262, 346, 0, 0, 0
5799, 1, 1636468520982, 1636468521593, 611, 262, 349, 0, 0, 0
5800, 1, 1636468521046, 1636468521657, 611, 263, 348, 1, 0, 1
5801, 1, 1636468521140, 1636468521753, 613, 262, 351, 0, 0, 0
5802, 1, 1636468521145, 1636468521765, 620, 266, 354, 0, 0, 0
5803, 1, 1636468521175, 1636468521793, 618, 261, 357, 2, 0, 2
5804, 1, 1636468521175, 1636468521793, 618, 263, 355, 4, 0, 4
5805, 1, 1636468521364, 1636468521981, 617, 262, 355, 0, 0, 0
5806, 1, 1636468521439, 1636468522049, 610, 265, 345, 1, 1, 2
5807, 1, 1636468521485, 1636468522097, 612, 262, 350, 0, 0, 0
5808, 1, 1636468521679, 1636468522289, 610, 262, 348, 1, 0, 1
5809, 1, 1636468521704, 1636468522317, 613, 266, 347, 1, 0, 1
5810, 1, 1636468521879, 1636468522485, 606, 262, 344, 0, 0, 0
5811, 1, 1636468521938, 1636468522549, 611, 263, 348, 0, 1, 1
5812, 1, 1636468521953, 1636468522565, 612, 266, 346, 0, 0, 0
5813, 1, 1636468521969, 1636468522577, 608, 262, 346, 0, 0, 0
5815, 1, 1636468522173, 1636468522789, 616, 266, 350, 0, 0, 0
5816, 1, 1636468522214, 1636468522824, 610, 263, 347, 1, 0, 1
5814, 1, 1636468522171, 1636468522833, 662, 314, 348, 0, 1, 1
5817, 1, 1636468522224, 1636468522837, 613, 263, 350, 0, 1, 1
5818, 1, 1636468522230, 1636468522837, 607, 262, 345, 0, 1, 1
5819, 1, 1636468522317, 1636468522928, 611, 262, 349, 0, 0, 0
5820, 1, 1636468522357, 1636468522969, 612, 262, 350, 0, 0, 0
5821, 1, 1636468522409, 1636468523025, 616, 262, 354, 0, 0, 0
5822, 1, 1636468522481, 1636468523093, 612, 266, 346, 0, 1, 1
5823, 1, 1636468522506, 1636468523124, 618, 262, 356, 0, 0, 0
5824, 1, 1636468522527, 1636468523141, 614, 263, 351, 1, 0, 1
5825, 1, 1636468522651, 1636468523261, 610, 262, 348, 0, 0, 0
5826, 1, 1636468522774, 1636468523389, 615, 262, 353, 0, 0, 0
5827, 1, 1636468522831, 1636468523445, 614, 262, 352, 0, 1, 1
5828, 1, 1636468523033, 1636468523641, 608, 262, 346, 0, 0, 0
5829, 1, 1636468523107, 1636468523713, 606, 262, 344, 0, 0, 0
5830, 1, 1636468523202, 1636468523813, 611, 266, 345, 0, 0, 0
5831, 1, 1636468523249, 1636468523865, 616, 266, 350, 0, 0, 0
5832, 1, 1636468523264, 1636468523889, 625, 270, 355, 0, 0, 0
5833, 1, 1636468523287, 1636468523896, 609, 262, 347, 0, 0, 0
5834, 1, 1636468523437, 1636468524053, 616, 267, 349, 1, 1, 2
5836, 1, 1636468523535, 1636468524148, 613, 267, 346, 1, 1, 2
5837, 1, 1636468523535, 1636468524148, 613, 266, 347, 0, 2, 2
5838, 1, 1636468523614, 1636468524225, 611, 262, 349, 0, 0, 0
5835, 1, 1636468523534, 1636468524233, 699, 352, 347, 2, 0, 2
5839, 1, 1636468523618, 1636468524233, 615, 266, 349, 0, 0, 0
5840, 1, 1636468523636, 1636468524261, 625, 266, 359, 0, 0, 0
5841, 1, 1636468523761, 1636468524373, 612, 262, 350, 0, 0, 0
5842, 1, 1636468523795, 1636468524401, 606, 262, 344, 0, 0, 0
5843, 1, 1636468523814, 1636468524429, 615, 262, 353, 0, 0, 0
5844, 1, 1636468523898, 1636468524505, 607, 262, 345, 0, 0, 0
5845, 1, 1636468523933, 1636468524541, 608, 262, 346, 0, 0, 0
5846, 1, 1636468524101, 1636468524709, 608, 264, 344, 1, 1, 2
5847, 1, 1636468524235, 1636468524844, 609, 262, 347, 0, 0, 0
5848, 1, 1636468524355, 1636468524961, 606, 262, 344, 0, 0, 0
5849, 1, 1636468524484, 1636468525092, 608, 262, 346, 0, 0, 0
5850, 1, 1636468524491, 1636468525101, 610, 266, 344, 0, 0, 0
5851, 1, 1636468524561, 1636468525169, 608, 262, 346, 0, 0, 0
5852, 1, 1636468524585, 1636468525201, 616, 262, 354, 0, 0, 0
5853, 1, 1636468524648, 1636468525260, 612, 262, 350, 0, 0, 0
5854, 1, 1636468524790, 1636468525401, 611, 262, 349, 0, 1, 1
5855, 1, 1636468524883, 1636468525493, 610, 262, 348, 1, 0, 1
5856, 1, 1636468524889, 1636468525500, 611, 266, 345, 0, 0, 0
5859, 1, 1636468524906, 1636468525517, 611, 264, 347, 2, 2, 4
5857, 1, 1636468524900, 1636468525517, 617, 267, 350, 1, 1, 2
5860, 1, 1636468524927, 1636468525533, 606, 263, 343, 0, 1, 1
5858, 1, 1636468524905, 1636468525608, 703, 355, 348, 2, 1, 3
5861, 1, 1636468525078, 1636468525685, 607, 262, 345, 0, 0, 0
5862, 1, 1636468525081, 1636468525693, 612, 262, 350, 1, 0, 1
5863, 1, 1636468525145, 1636468525753, 608, 262, 346, 0, 0, 0
5864, 1, 1636468525289, 1636468525905, 616, 262, 354, 0, 0, 0
5865, 1, 1636468525295, 1636468525909, 614, 262, 352, 0, 1, 1
5866, 1, 1636468525369, 1636468525985, 616, 266, 350, 0, 0, 0
5867, 1, 1636468525619, 1636468526229, 610, 262, 348, 0, 0, 0
5868, 1, 1636468525747, 1636468526356, 609, 266, 343, 0, 0, 0
5869, 1, 1636468525840, 1636468526457, 617, 261, 356, 1, 0, 1
5870, 1, 1636468525844, 1636468526457, 613, 260, 353, 1, 0, 1
5871, 1, 1636468525871, 1636468526484, 613, 262, 351, 0, 0, 0
5872, 1, 1636468525903, 1636468526525, 622, 266, 356, 0, 0, 0
5873, 1, 1636468525935, 1636468526545, 610, 262, 348, 1, 0, 1
5874, 1, 1636468526110, 1636468526720, 610, 262, 348, 0, 0, 0
5876, 1, 1636468526213, 1636468526825, 612, 263, 349, 0, 0, 0
5875, 1, 1636468526177, 1636468526833, 656, 307, 349, 1, 2, 3
5878, 1, 1636468526254, 1636468526860, 606, 262, 344, 0, 1, 1
5877, 1, 1636468526222, 1636468526893, 671, 322, 349, 0, 0, 0
5879, 1, 1636468526297, 1636468526909, 612, 263, 349, 1, 0, 1
5880, 1, 1636468526324, 1636468526941, 617, 266, 351, 0, 0, 0
5881, 1, 1636468526433, 1636468527053, 620, 262, 358, 0, 0, 0
5882, 1, 1636468526448, 1636468527057, 609, 262, 347, 0, 0, 0
5883, 1, 1636468526543, 1636468527153, 610, 262, 348, 0, 0, 0
5884, 1, 1636468526609, 1636468527221, 612, 262, 350, 0, 0, 0
5885, 1, 1636468526682, 1636468527293, 611, 262, 349, 0, 0, 0
5886, 1, 1636468526692, 1636468527297, 605, 264, 341, 0, 0, 0
5887, 1, 1636468526972, 1636468527649, 677, 322, 355, 0, 0, 0
5888, 1, 1636468527111, 1636468527717, 606, 262, 344, 0, 0, 0
5889, 1, 1636468527131, 1636468527741, 610, 262, 348, 0, 0, 0
5890, 1, 1636468527161, 1636468527769, 608, 262, 346, 0, 0, 0
5891, 1, 1636468527216, 1636468527825, 609, 264, 345, 2, 2, 4
5893, 1, 1636468527327, 1636468527937, 610, 262, 348, 0, 0, 0
5892, 1, 1636468527226, 1636468527997, 771, 418, 353, 0, 0, 0
5894, 1, 1636468527475, 1636468528085, 610, 262, 348, 0, 0, 0
5895, 1, 1636468527477, 1636468528088, 611, 263, 348, 1, 1, 2
5896, 1, 1636468527546, 1636468528169, 623, 278, 345, 0, 0, 0
5898, 1, 1636468527631, 1636468528241, 610, 262, 348, 0, 0, 0
5899, 1, 1636468527661, 1636468528269, 608, 262, 346, 0, 1, 1
5897, 1, 1636468527620, 1636468528289, 669, 318, 351, 0, 0, 0
5900, 1, 1636468527711, 1636468528325, 614, 262, 352, 0, 0, 0
5901, 1, 1636468527754, 1636468528365, 611, 262, 349, 0, 0, 0
5902, 1, 1636468527789, 1636468528401, 612, 262, 350, 0, 0, 0
5903, 1, 1636468527874, 1636468528484, 610, 262, 348, 0, 0, 0
5904, 1, 1636468527954, 1636468528565, 611, 263, 348, 0, 1, 1
5905, 1, 1636468527977, 1636468528585, 608, 262, 346, 0, 0, 0
5906, 1, 1636468528035, 1636468528645, 610, 262, 348, 0, 0, 0
5907, 1, 1636468528301, 1636468528909, 608, 262, 346, 0, 1, 1
5908, 1, 1636468528488, 1636468529097, 609, 263, 346, 0, 0, 0
5909, 1, 1636468528519, 1636468529137, 618, 263, 355, 1, 0, 1
5910, 1, 1636468528523, 1636468529137, 614, 262, 352, 0, 0, 0
5911, 1, 1636468528528, 1636468529153, 625, 270, 355, 0, 0, 0
5913, 1, 1636468528691, 1636468529305, 614, 266, 348, 0, 0, 0
5915, 1, 1636468528818, 1636468529429, 611, 263, 348, 2, 0, 2
5912, 1, 1636468528528, 1636468529445, 917, 567, 350, 0, 0, 0
5916, 1, 1636468528879, 1636468529500, 621, 263, 358, 0, 1, 1
5917, 1, 1636468528942, 1636468529548, 606, 262, 344, 0, 0, 0
5918, 1, 1636468528996, 1636468529653, 657, 302, 355, 0, 0, 0
5920, 1, 1636468529064, 1636468529673, 609, 263, 346, 1, 0, 1
5921, 1, 1636468529105, 1636468529712, 607, 262, 345, 0, 0, 0
5922, 1, 1636468529121, 1636468529729, 608, 263, 345, 1, 0, 1
5923, 1, 1636468529142, 1636468529753, 611, 262, 349, 0, 1, 1
5914, 1, 1636468528816, 1636468529793, 977, 627, 350, 1, 1, 2
5924, 1, 1636468529317, 1636468529929, 612, 262, 350, 0, 0, 0
5925, 1, 1636468529356, 1636468529969, 613, 263, 350, 3, 0, 3
5926, 1, 1636468529357, 1636468529969, 612, 261, 351, 1, 0, 1
5919, 1, 1636468529038, 1636468530140, 1102, 754, 348, 0, 0, 0
5927, 1, 1636468529693, 1636468530305, 612, 266, 346, 0, 0, 0
5928, 1, 1636468529799, 1636468530413, 614, 266, 348, 0, 0, 0
5929, 1, 1636468529854, 1636468530465, 611, 262, 349, 0, 0, 0
5930, 1, 1636468529891, 1636468530501, 610, 266, 344, 1, 0, 1
5931, 1, 1636468529904, 1636468530517, 613, 262, 351, 0, 0, 0
5932, 1, 1636468529916, 1636468530525, 609, 263, 346, 0, 3, 3
5933, 1, 1636468530062, 1636468530673, 611, 262, 349, 0, 0, 0
5934, 1, 1636468530094, 1636468530705, 611, 266, 345, 0, 0, 0
5935, 1, 1636468530124, 1636468530809, 685, 338, 347, 0, 0, 0
5936, 1, 1636468530219, 1636468530829, 610, 264, 346, 1, 0, 1
5937, 1, 1636468530222, 1636468530837, 615, 262, 353, 0, 0, 0
5938, 1, 1636468530357, 1636468530969, 612, 263, 349, 1, 0, 1
5939, 1, 1636468530375, 1636468531020, 645, 298, 347, 0, 0, 0
5941, 1, 1636468530426, 1636468531040, 614, 263, 351, 2, 0, 2
5942, 1, 1636468530462, 1636468531073, 611, 266, 345, 1, 0, 1
5940, 1, 1636468530425, 1636468531157, 732, 385, 347, 2, 0, 2
5943, 1, 1636468530546, 1636468531157, 611, 262, 349, 0, 0, 0
5944, 1, 1636468530593, 1636468531205, 612, 262, 350, 0, 0, 0
5945, 1, 1636468530710, 1636468531321, 611, 263, 348, 1, 1, 2
5946, 1, 1636468530711, 1636468531321, 610, 263, 347, 0, 1, 1
5947, 1, 1636468531086, 1636468531696, 610, 263, 347, 0, 1, 1
5948, 1, 1636468531092, 1636468531705, 613, 262, 351, 0, 0, 0
5949, 1, 1636468531166, 1636468531773, 607, 262, 345, 0, 0, 0
5951, 1, 1636468531244, 1636468531861, 617, 263, 354, 0, 0, 0
5952, 1, 1636468531293, 1636468531905, 612, 262, 350, 0, 0, 0
5953, 1, 1636468531373, 1636468531984, 611, 262, 349, 0, 0, 0
5950, 1, 1636468531194, 1636468532052, 858, 510, 348, 0, 0, 0
5954, 1, 1636468531454, 1636468532072, 618, 263, 355, 0, 0, 0
5956, 1, 1636468531517, 1636468532124, 607, 263, 344, 0, 0, 0
5957, 1, 1636468531534, 1636468532145, 611, 267, 344, 1, 0, 1
5959, 1, 1636468531667, 1636468532329, 662, 314, 348, 0, 0, 0
5960, 1, 1636468531737, 1636468532345, 608, 262, 346, 1, 0, 1
5961, 1, 1636468531765, 1636468532377, 612, 262, 350, 0, 0, 0
5962, 1, 1636468531780, 1636468532389, 609, 259, 350, 1, 0, 1
5963, 1, 1636468531943, 1636468532553, 610, 262, 348, 0, 0, 0
5964, 1, 1636468531955, 1636468532556, 601, 258, 343, 0, 0, 0
5965, 1, 1636468532008, 1636468532621, 613, 262, 351, 0, 0, 0
5966, 1, 1636468532074, 1636468532685, 611, 262, 349, 0, 0, 0
5967, 1, 1636468532379, 1636468532985, 606, 262, 344, 0, 0, 0
5968, 1, 1636468532463, 1636468533068, 605, 262, 343, 0, 0, 0
5969, 1, 1636468532517, 1636468533129, 612, 262, 350, 0, 0, 0
5970, 1, 1636468532527, 1636468533137, 610, 266, 344, 0, 0, 0
5971, 1, 1636468532536, 1636468533144, 608, 265, 343, 0, 0, 0
5972, 1, 1636468532604, 1636468533213, 609, 262, 347, 0, 0, 0
5974, 1, 1636468532796, 1636468533405, 609, 262, 347, 0, 0, 0
5975, 1, 1636468532799, 1636468533417, 618, 268, 350, 1, 0, 1
5976, 1, 1636468532845, 1636468533449, 604, 259, 345, 0, 0, 0
5978, 1, 1636468533090, 1636468533705, 615, 262, 353, 0, 1, 1
5979, 1, 1636468533098, 1636468533709, 611, 262, 349, 0, 0, 0
5980, 1, 1636468533144, 1636468533757, 613, 262, 351, 0, 0, 0
5981, 1, 1636468533289, 1636468533901, 612, 262, 350, 0, 0, 0
5982, 1, 1636468533307, 1636468533921, 614, 262, 352, 0, 0, 0
5983, 1, 1636468533310, 1636468533921, 611, 266, 345, 0, 1, 1
5958, 2, 1636468531636, 1636468533927, 2291, 0, 2291, 0, 0, 0
5955, 2, 1636468531490, 1636468533927, 2437, 0, 2437, 1, 1, 2
5984, 1, 1636468533451, 1636468534064, 613, 262, 351, 0, 0, 0
5985, 1, 1636468533690, 1636468534296, 606, 262, 344, 0, 0, 0
5986, 1, 1636468533774, 1636468534389, 615, 261, 354, 0, 1, 1
5987, 1, 1636468533805, 1636468534413, 608, 262, 346, 1, 0, 1
5988, 1, 1636468533814, 1636468534429, 615, 265, 350, 1, 0, 1
5989, 1, 1636468533867, 1636468534473, 606, 258, 348, 1, 1, 2
5991, 1, 1636468534017, 1636468534669, 652, 263, 389, 0, 1, 1
5992, 1, 1636468534017, 1636468534669, 652, 264, 388, 0, 1, 1
5994, 1, 1636468534123, 1636468534729, 606, 259, 347, 0, 0, 0
5995, 1, 1636468534247, 1636468534857, 610, 262, 348, 0, 0, 0
5973, 2, 1636468532652, 1636468534882, 2230, 0, 2230, 0, 0, 0
5993, 1, 1636468534102, 1636468535021, 919, 566, 353, 0, 0, 0
5996, 1, 1636468534438, 1636468535049, 611, 262, 349, 0, 0, 0
5997, 1, 1636468534467, 1636468535073, 606, 262, 344, 0, 0, 0
5998, 1, 1636468534515, 1636468535121, 606, 262, 344, 0, 0, 0
5977, 2, 1636468532951, 1636468535170, 2219, 0, 2219, 0, 0, 0
6000, 1, 1636468534580, 1636468535192, 612, 262, 350, 1, 0, 1
6001, 1, 1636468534631, 1636468535253, 622, 270, 352, 0, 0, 0
5999, 1, 1636468534563, 1636468535372, 809, 459, 350, 1, 0, 1
6002, 1, 1636468534764, 1636468535376, 612, 262, 350, 0, 0, 0
6003, 1, 1636468534977, 1636468535629, 652, 262, 390, 0, 0, 0
5990, 1, 1636468533883, 1636468535645, 1762, 1415, 347, 0, 1, 1
6006, 1, 1636468535092, 1636468535697, 605, 263, 342, 1, 0, 1
6005, 1, 1636468535089, 1636468535717, 628, 284, 344, 1, 2, 3
6007, 1, 1636468535108, 1636468535720, 612, 264, 348, 1, 0, 1
6008, 1, 1636468535192, 1636468535801, 609, 262, 347, 0, 0, 0
6009, 1, 1636468535254, 1636468535865, 611, 262, 349, 0, 0, 0
6011, 1, 1636468535294, 1636468535901, 607, 264, 343, 1, 2, 3
6010, 1, 1636468535261, 1636468535973, 712, 326, 386, 0, 1, 1
6004, 1, 1636468535067, 1636468535993, 926, 580, 346, 0, 2, 2
6013, 1, 1636468535466, 1636468536077, 611, 262, 349, 0, 0, 0
6014, 1, 1636468535559, 1636468536173, 614, 266, 348, 0, 1, 1
6012, 1, 1636468535435, 1636468536253, 818, 472, 346, 0, 2, 2
6015, 1, 1636468535646, 1636468536321, 675, 283, 392, 1, 0, 1
6016, 1, 1636468535737, 1636468536349, 612, 266, 346, 0, 0, 0
6017, 1, 1636468535763, 1636468536373, 610, 262, 348, 0, 0, 0
6018, 1, 1636468535826, 1636468536437, 611, 266, 345, 0, 0, 0
6020, 1, 1636468535938, 1636468536552, 614, 262, 352, 0, 0, 0
6019, 1, 1636468535859, 1636468536596, 737, 395, 342, 1, 1, 2
6021, 1, 1636468536008, 1636468536620, 612, 262, 350, 1, 0, 1
6022, 1, 1636468536056, 1636468536664, 608, 263, 345, 1, 0, 1
6023, 1, 1636468536209, 1636468536821, 612, 263, 349, 1, 0, 1
6024, 1, 1636468536362, 1636468536969, 607, 263, 344, 1, 0, 1
6025, 1, 1636468536404, 1636468537020, 616, 268, 348, 2, 0, 2
6026, 1, 1636468536416, 1636468537033, 617, 267, 350, 1, 0, 1
6027, 1, 1636468536505, 1636468537121, 616, 262, 354, 0, 0, 0
6028, 1, 1636468536535, 1636468537141, 606, 258, 348, 0, 0, 0
6029, 1, 1636468536541, 1636468537169, 628, 277, 351, 0, 0, 0
6031, 1, 1636468536657, 1636468537272, 615, 262, 353, 0, 0, 0
6030, 1, 1636468536611, 1636468537317, 706, 358, 348, 0, 0, 0
6033, 1, 1636468536736, 1636468537352, 616, 266, 350, 0, 0, 0
6034, 1, 1636468536849, 1636468537469, 620, 266, 354, 0, 0, 0
6035, 1, 1636468536979, 1636468537593, 614, 263, 351, 0, 1, 1
6032, 1, 1636468536724, 1636468537661, 937, 594, 343, 0, 0, 0
6038, 1, 1636468537111, 1636468537716, 605, 263, 342, 1, 2, 3
6037, 1, 1636468537106, 1636468537717, 611, 263, 348, 3, 0, 3
6036, 1, 1636468537105, 1636468537716, 611, 263, 348, 2, 0, 2
6040, 1, 1636468537279, 1636468537885, 606, 262, 344, 0, 0, 0
6041, 1, 1636468537313, 1636468537929, 616, 262, 354, 0, 0, 0
6039, 1, 1636468537134, 1636468538005, 871, 528, 343, 0, 1, 1
6043, 1, 1636468537613, 1636468538225, 612, 262, 350, 0, 1, 1
6044, 1, 1636468537672, 1636468538281, 609, 263, 346, 0, 0, 0
6045, 1, 1636468537694, 1636468538305, 611, 262, 349, 0, 0, 0
6042, 1, 1636468537342, 1636468538349, 1007, 662, 345, 0, 0, 0
6047, 1, 1636468537805, 1636468538413, 608, 262, 346, 0, 0, 0
6048, 1, 1636468537890, 1636468538501, 611, 262, 349, 0, 0, 0
6049, 1, 1636468537892, 1636468538573, 681, 330, 351, 0, 1, 1
6050, 1, 1636468537998, 1636468538609, 611, 262, 349, 2, 0, 2
6051, 1, 1636468537999, 1636468538609, 610, 263, 347, 3, 0, 3
6046, 1, 1636468537728, 1636468538697, 969, 618, 351, 0, 0, 0
6053, 1, 1636468538136, 1636468538749, 613, 262, 351, 1, 0, 1
6054, 1, 1636468538205, 1636468538825, 620, 262, 358, 0, 1, 1
6052, 1, 1636468538086, 1636468538953, 867, 522, 345, 0, 0, 0
6055, 1, 1636468538363, 1636468538981, 618, 266, 352, 0, 0, 0
6056, 1, 1636468538376, 1636468538984, 608, 262, 346, 0, 0, 0
6057, 1, 1636468538417, 1636468539049, 632, 278, 354, 0, 0, 0
6058, 1, 1636468538489, 1636468539105, 616, 266, 350, 0, 0, 0
6060, 1, 1636468538652, 1636468539265, 613, 263, 350, 1, 0, 1
6061, 1, 1636468538662, 1636468539284, 622, 266, 356, 1, 0, 1
6062, 1, 1636468538683, 1636468539297, 614, 262, 352, 0, 0, 0
6059, 1, 1636468538503, 1636468539297, 794, 450, 344, 0, 0, 0
6063, 1, 1636468538953, 1636468539565, 612, 262, 350, 0, 0, 0
6064, 1, 1636468539034, 1636468539645, 611, 262, 349, 0, 0, 0
6065, 1, 1636468539075, 1636468539681, 606, 262, 344, 0, 0, 0
6066, 1, 1636468539093, 1636468539705, 612, 262, 350, 0, 0, 0
6067, 1, 1636468539179, 1636468539788, 609, 262, 347, 0, 0, 0
6069, 1, 1636468539274, 1636468539880, 606, 262, 344, 0, 0, 0
6070, 1, 1636468539280, 1636468539889, 609, 263, 346, 0, 0, 0
6068, 1, 1636468539253, 1636468539909, 656, 311, 345, 2, 0, 2
6071, 1, 1636468539296, 1636468539913, 617, 267, 350, 0, 0, 0
6073, 1, 1636468539504, 1636468540112, 608, 262, 346, 0, 0, 0
6074, 1, 1636468539539, 1636468540140, 601, 258, 343, 0, 0, 0
6072, 1, 1636468539395, 1636468540233, 838, 498, 340, 0, 0, 0
6075, 1, 1636468539703, 1636468540305, 602, 259, 343, 0, 1, 1
6076, 1, 1636468539719, 1636468540321, 602, 258, 344, 0, 0, 0
6077, 1, 1636468539749, 1636468540357, 608, 264, 344, 0, 1, 1
6078, 1, 1636468539785, 1636468540393, 608, 263, 345, 2, 0, 2
6079, 1, 1636468539785, 1636468540581, 796, 447, 349, 1, 1, 2
6080, 1, 1636468540014, 1636468540625, 611, 261, 350, 1, 1, 2
6081, 1, 1636468540056, 1636468540673, 617, 266, 351, 2, 0, 2
6082, 1, 1636468540056, 1636468540673, 617, 266, 351, 2, 0, 2
6083, 1, 1636468540244, 1636468540857, 613, 267, 346, 0, 1, 1
6084, 1, 1636468540362, 1636468540969, 607, 262, 345, 0, 0, 0
6085, 1, 1636468540374, 1636468540993, 619, 262, 357, 0, 0, 0
6086, 1, 1636468540388, 1636468541009, 621, 262, 359, 0, 0, 0
6088, 1, 1636468540560, 1636468541173, 613, 263, 350, 1, 0, 1
6087, 1, 1636468540558, 1636468541173, 615, 263, 352, 2, 1, 3
6089, 1, 1636468540577, 1636468541197, 620, 271, 349, 0, 0, 0
6090, 1, 1636468540586, 1636468541205, 619, 271, 348, 1, 0, 1
6091, 1, 1636468540618, 1636468541225, 607, 262, 345, 0, 0, 0
6093, 1, 1636468540787, 1636468541393, 606, 262, 344, 0, 0, 0
6094, 1, 1636468540812, 1636468541420, 608, 269, 339, 1, 1, 2
6092, 1, 1636468540768, 1636468541569, 801, 458, 343, 0, 0, 0
6095, 1, 1636468541004, 1636468541616, 612, 266, 346, 0, 0, 0
6096, 1, 1636468541065, 1636468541681, 616, 262, 354, 0, 0, 0
6098, 1, 1636468541125, 1636468541745, 620, 263, 357, 2, 0, 2
6099, 1, 1636468541128, 1636468541745, 617, 262, 355, 1, 1, 2
6097, 1, 1636468541123, 1636468541921, 798, 447, 351, 0, 1, 1
6101, 1, 1636468541351, 1636468541961, 610, 262, 348, 2, 0, 2
6100, 1, 1636468541351, 1636468541961, 610, 263, 347, 2, 0, 2
6102, 1, 1636468541361, 1636468541968, 607, 262, 345, 0, 0, 0
6103, 1, 1636468541525, 1636468542136, 611, 263, 348, 2, 0, 2
6104, 1, 1636468541645, 1636468542253, 608, 262, 346, 0, 0, 0
6105, 1, 1636468541679, 1636468542293, 614, 270, 344, 0, 0, 0
6106, 1, 1636468541745, 1636468542357, 612, 262, 350, 0, 0, 0
6108, 1, 1636468541854, 1636468542465, 611, 262, 349, 1, 0, 1
6107, 1, 1636468541852, 1636468542465, 613, 263, 350, 2, 1, 3
6109, 1, 1636468541867, 1636468542481, 614, 270, 344, 0, 0, 0
6110, 1, 1636468541955, 1636468542565, 610, 262, 348, 0, 0, 0
6111, 1, 1636468541990, 1636468542609, 619, 266, 353, 0, 0, 0
6112, 1, 1636468542090, 1636468542704, 614, 266, 348, 0, 0, 0
6114, 1, 1636468542152, 1636468542761, 609, 262, 347, 0, 0, 0
6115, 1, 1636468542283, 1636468542889, 606, 262, 344, 0, 0, 0
6113, 1, 1636468542146, 1636468542961, 815, 462, 353, 0, 0, 0
6116, 1, 1636468542359, 1636468542972, 613, 262, 351, 0, 0, 0
6117, 1, 1636468542425, 1636468543041, 616, 267, 349, 0, 1, 1
6118, 1, 1636468542497, 1636468543117, 620, 267, 353, 0, 0, 0
6120, 1, 1636468542652, 1636468543265, 613, 262, 351, 0, 0, 0
6121, 1, 1636468542692, 1636468543312, 620, 266, 354, 1, 0, 1
6119, 1, 1636468542502, 1636468543313, 811, 459, 352, 1, 0, 1
6122, 1, 1636468542759, 1636468543373, 614, 262, 352, 0, 0, 0
6123, 1, 1636468542831, 1636468543441, 610, 262, 348, 1, 0, 1
6124, 1, 1636468542949, 1636468543561, 612, 262, 350, 1, 1, 2
6125, 1, 1636468543035, 1636468543649, 614, 266, 348, 1, 0, 1
6126, 1, 1636468543117, 1636468543725, 608, 262, 346, 0, 0, 0
6128, 1, 1636468543154, 1636468543769, 615, 262, 353, 1, 0, 1
6127, 1, 1636468543143, 1636468543785, 642, 294, 348, 0, 0, 0
6129, 1, 1636468543194, 1636468543813, 619, 263, 356, 1, 0, 1
6130, 1, 1636468543254, 1636468543861, 607, 262, 345, 0, 0, 0
6131, 1, 1636468543259, 1636468543869, 610, 263, 347, 1, 1, 2
6132, 1, 1636468543463, 1636468544068, 605, 262, 343, 0, 0, 0
6134, 1, 1636468543539, 1636468544149, 610, 266, 344, 0, 0, 0
6135, 1, 1636468543588, 1636468544201, 613, 262, 351, 0, 0, 0
6133, 1, 1636468543475, 1636468544217, 742, 396, 346, 1, 1, 2
6136, 1, 1636468543649, 1636468544257, 608, 262, 346, 0, 0, 0
6137, 1, 1636468543776, 1636468544397, 621, 266, 355, 0, 0, 0
6138, 1, 1636468543798, 1636468544413, 615, 262, 353, 0, 0, 0
6139, 1, 1636468543833, 1636468544573, 740, 382, 358, 0, 0, 0
6140, 1, 1636468544007, 1636468544613, 606, 262, 344, 0, 0, 0
6141, 1, 1636468544065, 1636468544684, 619, 270, 349, 0, 0, 0
6142, 1, 1636468544142, 1636468544748, 606, 262, 344, 0, 0, 0
6143, 1, 1636468544146, 1636468544761, 615, 266, 349, 0, 0, 0
6144, 1, 1636468544336, 1636468544949, 613, 262, 351, 0, 0, 0
6145, 1, 1636468544346, 1636468544961, 615, 266, 349, 0, 1, 1
6147, 1, 1636468544436, 1636468545053, 617, 262, 355, 0, 1, 1
6148, 1, 1636468544466, 1636468545080, 614, 263, 351, 0, 1, 1
6146, 1, 1636468544421, 1636468545101, 680, 326, 354, 1, 0, 1
6149, 1, 1636468544566, 1636468545172, 606, 262, 344, 0, 0, 0
6150, 1, 1636468544568, 1636468545181, 613, 269, 344, 1, 1, 2
6151, 1, 1636468544628, 1636468545241, 613, 266, 347, 0, 0, 0
6153, 1, 1636468544847, 1636468545453, 606, 262, 344, 1, 0, 1
6154, 1, 1636468544851, 1636468545468, 617, 266, 351, 0, 0, 0
6155, 1, 1636468544890, 1636468545497, 607, 263, 344, 1, 0, 1
6152, 1, 1636468544760, 1636468545525, 765, 418, 347, 0, 0, 0
6156, 1, 1636468544989, 1636468545601, 612, 262, 350, 0, 1, 1
6157, 1, 1636468545117, 1636468545725, 608, 262, 346, 0, 0, 0
6159, 1, 1636468545148, 1636468545757, 609, 262, 347, 0, 0, 0
6158, 1, 1636468545118, 1636468545869, 751, 407, 344, 2, 0, 2
6160, 1, 1636468545336, 1636468545949, 613, 262, 351, 0, 1, 1
6161, 1, 1636468545367, 1636468545973, 606, 262, 344, 0, 0, 0
6162, 1, 1636468545460, 1636468546077, 617, 263, 354, 0, 0, 0
6163, 1, 1636468545542, 1636468546152, 610, 262, 348, 0, 0, 0
6164, 1, 1636468545619, 1636468546233, 614, 266, 348, 0, 0, 0
6167, 1, 1636468545731, 1636468546344, 613, 263, 350, 1, 0, 1
6166, 1, 1636468545730, 1636468546344, 614, 262, 352, 0, 0, 0
6165, 1, 1636468545712, 1636468546425, 713, 366, 347, 0, 0, 0
6168, 1, 1636468545849, 1636468546461, 612, 266, 346, 0, 1, 1
6169, 1, 1636468545874, 1636468546493, 619, 267, 352, 1, 2, 3
6171, 1, 1636468545959, 1636468546572, 613, 262, 351, 0, 0, 0
6170, 1, 1636468545958, 1636468546572, 614, 263, 351, 1, 1, 2
6173, 1, 1636468546123, 1636468546745, 622, 264, 358, 1, 1, 2
6174, 1, 1636468546209, 1636468546829, 620, 266, 354, 0, 0, 0
6175, 1, 1636468546252, 1636468546865, 613, 262, 351, 0, 0, 0
6172, 1, 1636468546117, 1636468546921, 804, 454, 350, 0, 1, 1
6176, 1, 1636468546317, 1636468546929, 612, 262, 350, 0, 0, 0
6177, 1, 1636468546457, 1636468547072, 615, 266, 349, 1, 0, 1
6179, 1, 1636468546500, 1636468547113, 613, 262, 351, 0, 0, 0
6180, 1, 1636468546625, 1636468547241, 616, 266, 350, 0, 0, 0
6181, 1, 1636468546645, 1636468547252, 607, 262, 345, 0, 0, 0
6178, 1, 1636468546474, 1636468547269, 795, 446, 349, 0, 0, 0
6182, 1, 1636468546842, 1636468547457, 615, 262, 353, 0, 0, 0
6183, 1, 1636468546863, 1636468547477, 614, 262, 352, 0, 0, 0
6184, 1, 1636468546883, 1636468547501, 618, 267, 351, 0, 0, 0
6186, 1, 1636468547074, 1636468547685, 611, 263, 348, 2, 0, 2
6188, 1, 1636468547132, 1636468547749, 617, 258, 359, 0, 0, 0
6187, 1, 1636468547130, 1636468547749, 619, 262, 357, 0, 0, 0
6185, 1, 1636468547072, 1636468547804, 732, 384, 348, 2, 2, 4
6189, 1, 1636468547192, 1636468547809, 617, 262, 355, 1, 1, 2
6191, 1, 1636468547312, 1636468547921, 609, 263, 346, 0, 0, 0
6193, 1, 1636468547487, 1636468548097, 610, 262, 348, 0, 0, 0
6194, 1, 1636468547538, 1636468548149, 611, 262, 349, 0, 0, 0
6195, 1, 1636468547592, 1636468548205, 613, 262, 351, 0, 0, 0
6196, 1, 1636468547600, 1636468548216, 616, 262, 354, 0, 0, 0
6198, 1, 1636468547789, 1636468548405, 616, 262, 354, 0, 0, 0
6200, 1, 1636468547888, 1636468548505, 617, 266, 351, 0, 1, 1
6201, 1, 1636468548028, 1636468548653, 625, 262, 363, 0, 0, 0
6202, 1, 1636468548136, 1636468548753, 617, 265, 352, 0, 0, 0
6203, 1, 1636468548218, 1636468548824, 606, 259, 347, 0, 1, 1
6204, 1, 1636468548258, 1636468548869, 611, 262, 349, 0, 0, 0
6206, 1, 1636468548401, 1636468549005, 604, 259, 345, 0, 1, 1
6207, 1, 1636468548402, 1636468549100, 698, 352, 346, 1, 0, 1
6208, 1, 1636468548501, 1636468549113, 612, 262, 350, 0, 0, 0
6210, 1, 1636468548696, 1636468549305, 609, 262, 347, 0, 0, 0
6211, 1, 1636468548753, 1636468549361, 608, 262, 346, 1, 0, 1
6209, 1, 1636468548555, 1636468549461, 906, 558, 348, 0, 0, 0
6212, 1, 1636468548862, 1636468549469, 607, 262, 345, 0, 0, 0
6213, 1, 1636468548875, 1636468549485, 610, 262, 348, 0, 0, 0
6214, 1, 1636468548885, 1636468549497, 612, 266, 346, 0, 0, 0
6192, 2, 1636468547413, 1636468549679, 2266, 1, 2265, 1, 0, 1
6190, 2, 1636468547246, 1636468549679, 2433, 0, 2433, 0, 1, 1
6215, 1, 1636468549186, 1636468549801, 615, 266, 349, 0, 0, 0
6216, 1, 1636468549262, 1636468549873, 611, 263, 348, 0, 1, 1
6217, 1, 1636468549339, 1636468549948, 609, 262, 347, 0, 0, 0
6197, 2, 1636468547774, 1636468549994, 2220, 0, 2220, 0, 0, 0
6199, 2, 1636468547803, 1636468550022, 2219, 0, 2219, 0, 0, 0
6218, 1, 1636468549507, 1636468550113, 606, 263, 343, 0, 1, 1
6219, 1, 1636468549583, 1636468550189, 606, 262, 344, 0, 0, 0
6220, 1, 1636468549645, 1636468550261, 616, 262, 354, 0, 0, 0
6221, 1, 1636468549738, 1636468550352, 614, 262, 352, 0, 0, 0
6223, 1, 1636468549765, 1636468550425, 660, 262, 398, 0, 0, 0
6222, 1, 1636468549740, 1636468550461, 721, 370, 351, 0, 0, 0
6225, 1, 1636468549851, 1636468550461, 610, 263, 347, 1, 0, 1
6226, 1, 1636468549873, 1636468550484, 611, 266, 345, 0, 1, 1
6205, 1, 1636468548384, 1636468550505, 2121, 1771, 350, 0, 0, 0
6227, 1, 1636468549958, 1636468550569, 611, 263, 348, 1, 1, 2
6229, 1, 1636468550107, 1636468550721, 614, 262, 352, 1, 0, 1
6228, 1, 1636468550085, 1636468550744, 659, 262, 397, 1, 0, 1
6224, 1, 1636468549769, 1636468550773, 1004, 606, 398, 0, 0, 0
6231, 1, 1636468550174, 1636468550784, 610, 263, 347, 0, 0, 0
6232, 1, 1636468550223, 1636468550833, 610, 263, 347, 0, 0, 0
6233, 1, 1636468550258, 1636468550865, 607, 263, 344, 1, 0, 1
6234, 1, 1636468550467, 1636468551077, 610, 262, 348, 0, 0, 0
6230, 1, 1636468550109, 1636468551120, 1011, 619, 392, 0, 1, 1
6236, 1, 1636468550649, 1636468551268, 619, 266, 353, 1, 0, 1
6237, 1, 1636468550694, 1636468551308, 614, 263, 351, 1, 0, 1
6235, 1, 1636468550558, 1636468551469, 911, 563, 348, 0, 1, 1
6238, 1, 1636468550878, 1636468551489, 611, 266, 345, 0, 0, 0
6239, 1, 1636468550961, 1636468551577, 616, 262, 354, 0, 1, 1
6240, 1, 1636468551025, 1636468551641, 616, 267, 349, 1, 1, 2
6241, 1, 1636468551046, 1636468551657, 611, 262, 349, 0, 0, 0
6242, 1, 1636468551061, 1636468551673, 612, 262, 350, 0, 0, 0
6245, 1, 1636468551192, 1636468551809, 617, 262, 355, 0, 0, 0
6246, 1, 1636468551206, 1636468551821, 615, 262, 353, 1, 0, 1
6244, 1, 1636468551084, 1636468551837, 753, 401, 352, 0, 0, 0
6247, 1, 1636468551257, 1636468551865, 608, 263, 345, 0, 0, 0
6248, 1, 1636468551315, 1636468551921, 606, 263, 343, 1, 1, 2
6249, 1, 1636468551388, 1636468551992, 604, 262, 342, 0, 0, 0
6243, 1, 1636468551071, 1636468552021, 950, 603, 347, 0, 1, 1
6251, 1, 1636468551548, 1636468552157, 609, 262, 347, 1, 0, 1
6252, 1, 1636468551595, 1636468552213, 618, 267, 351, 1, 0, 1
6253, 1, 1636468551645, 1636468552257, 612, 266, 346, 0, 0, 0
6250, 1, 1636468551416, 1636468552369, 953, 603, 350, 0, 1, 1
6254, 1, 1636468551851, 1636468552464, 613, 263, 350, 0, 0, 0
6256, 1, 1636468551976, 1636468552581, 605, 259, 346, 1, 0, 1
6257, 1, 1636468552049, 1636468552673, 624, 266, 358, 0, 0, 0
6255, 1, 1636468551903, 1636468552721, 818, 470, 348, 0, 0, 0
6258, 1, 1636468552197, 1636468552813, 616, 270, 346, 0, 0, 0
6259, 1, 1636468552273, 1636468552881, 608, 262, 346, 0, 0, 0
6260, 1, 1636468552331, 1636468552952, 621, 270, 351, 1, 0, 1
6261, 1, 1636468552349, 1636468552956, 607, 263, 344, 1, 0, 1
6264, 1, 1636468552426, 1636468553037, 611, 266, 345, 1, 0, 1
6266, 1, 1636468552487, 1636468553097, 610, 262, 348, 1, 1, 2
6265, 1, 1636468552486, 1636468553097, 611, 263, 348, 1, 1, 2
6263, 1, 1636468552415, 1636468553161, 746, 394, 352, 0, 0, 0
6267, 1, 1636468552567, 1636468553181, 614, 262, 352, 0, 0, 0
6268, 1, 1636468552652, 1636468553269, 617, 266, 351, 0, 0, 0
6262, 1, 1636468552387, 1636468553300, 913, 567, 346, 1, 0, 1
6270, 1, 1636468552772, 1636468553381, 609, 262, 347, 0, 0, 0
6271, 1, 1636468552862, 1636468553477, 615, 262, 353, 0, 0, 0
6272, 1, 1636468552865, 1636468553509, 644, 295, 349, 0, 1, 1
6269, 1, 1636468552733, 1636468553649, 916, 567, 349, 0, 1, 1
6273, 1, 1636468553029, 1636468553649, 620, 266, 354, 0, 0, 0
6275, 1, 1636468553215, 1636468553828, 613, 262, 351, 1, 0, 1
6277, 1, 1636468553360, 1636468553977, 617, 266, 351, 0, 0, 0
6276, 1, 1636468553358, 1636468553977, 619, 270, 349, 0, 0, 0
6274, 1, 1636468553206, 1636468554001, 795, 446, 349, 0, 0, 0
6278, 1, 1636468553491, 1636468554101, 610, 262, 348, 0, 0, 0
6279, 1, 1636468553552, 1636468554165, 613, 262, 351, 0, 1, 1
6280, 1, 1636468553632, 1636468554249, 617, 266, 351, 0, 0, 0
6282, 1, 1636468553726, 1636468554337, 611, 262, 349, 0, 0, 0
6283, 1, 1636468553739, 1636468554349, 610, 263, 347, 0, 1, 1
6284, 1, 1636468553747, 1636468554449, 702, 355, 347, 0, 1, 1
6287, 1, 1636468553875, 1636468554485, 610, 262, 348, 0, 0, 0
6286, 1, 1636468553871, 1636468554485, 614, 267, 347, 2, 0, 2
6285, 1, 1636468553870, 1636468554489, 619, 271, 348, 1, 1, 2
6288, 1, 1636468553939, 1636468554548, 609, 263, 346, 0, 0, 0
6281, 1, 1636468553701, 1636468554593, 892, 546, 346, 0, 0, 0
6290, 1, 1636468554105, 1636468554713, 608, 258, 350, 0, 0, 0
6291, 1, 1636468554172, 1636468554801, 629, 274, 355, 0, 0, 0
6292, 1, 1636468554215, 1636468554824, 609, 262, 347, 0, 0, 0
6293, 1, 1636468554299, 1636468554909, 610, 262, 348, 0, 0, 0
6289, 1, 1636468554047, 1636468554949, 902, 554, 348, 0, 0, 0
6295, 1, 1636468554502, 1636468555108, 606, 263, 343, 1, 0, 1
6294, 1, 1636468554501, 1636468555297, 796, 447, 349, 1, 0, 1
6296, 1, 1636468554724, 1636468555337, 613, 262, 351, 0, 0, 0
6297, 1, 1636468554754, 1636468555361, 607, 262, 345, 1, 0, 1
6298, 1, 1636468554839, 1636468555448, 609, 262, 347, 0, 0, 0
6299, 1, 1636468554880, 1636468555493, 613, 263, 350, 0, 1, 1
6300, 1, 1636468554973, 1636468555584, 611, 267, 344, 0, 1, 1
6301, 1, 1636468555025, 1636468555636, 611, 266, 345, 0, 0, 0
6303, 1, 1636468555092, 1636468555705, 613, 263, 350, 1, 0, 1
6305, 1, 1636468555149, 1636468555761, 612, 264, 348, 1, 2, 3
6306, 1, 1636468555186, 1636468555793, 607, 262, 345, 0, 0, 0
6304, 1, 1636468555118, 1636468555836, 718, 370, 348, 0, 0, 0
6307, 1, 1636468555235, 1636468555849, 614, 266, 348, 0, 0, 0
6308, 1, 1636468555313, 1636468555921, 608, 262, 346, 0, 0, 0
6302, 1, 1636468555050, 1636468555932, 882, 535, 347, 1, 0, 1
6309, 1, 1636468555393, 1636468556005, 612, 262, 350, 0, 0, 0
6311, 1, 1636468555572, 1636468556185, 613, 263, 350, 0, 1, 1
6312, 1, 1636468555599, 1636468556209, 610, 263, 347, 0, 0, 0
6313, 1, 1636468555636, 1636468556253, 617, 266, 351, 0, 0, 0
6310, 1, 1636468555412, 1636468556277, 865, 519, 346, 0, 0, 0
6314, 1, 1636468555785, 1636468556397, 612, 262, 350, 0, 0, 0
6316, 1, 1636468556011, 1636468556621, 610, 262, 348, 0, 0, 0
6315, 1, 1636468555835, 1636468556621, 786, 442, 344, 0, 1, 1
6317, 1, 1636468556051, 1636468556656, 605, 262, 343, 0, 0, 0
6318, 1, 1636468556150, 1636468556757, 607, 262, 345, 0, 0, 0
6319, 1, 1636468556168, 1636468556781, 613, 263, 350, 0, 1, 1
6320, 1, 1636468556270, 1636468556876, 606, 262, 344, 1, 0, 1
6322, 1, 1636468556400, 1636468557017, 617, 266, 351, 2, 0, 2
6324, 1, 1636468556450, 1636468557065, 615, 266, 349, 0, 1, 1
6325, 1, 1636468556477, 1636468557097, 620, 267, 353, 1, 0, 1
6323, 1, 1636468556446, 1636468557125, 679, 335, 344, 1, 0, 1
6326, 1, 1636468556521, 1636468557129, 608, 263, 345, 1, 1, 2
6327, 1, 1636468556544, 1636468557156, 612, 262, 350, 0, 0, 0
6321, 1, 1636468556363, 1636468557225, 862, 514, 348, 0, 0, 0
6328, 1, 1636468556626, 1636468557237, 611, 262, 349, 0, 0, 0
6332, 1, 1636468556861, 1636468557469, 608, 264, 344, 0, 2, 2
6331, 1, 1636468556860, 1636468557472, 612, 263, 349, 1, 1, 2
6333, 1, 1636468556923, 1636468557533, 610, 262, 348, 0, 0, 0
6335, 1, 1636468557185, 1636468557801, 616, 267, 349, 0, 0, 0
6337, 1, 1636468557425, 1636468558040, 615, 267, 348, 0, 0, 0
6338, 1, 1636468557498, 1636468558105, 607, 264, 343, 0, 1, 1
6339, 1, 1636468557553, 1636468558169, 616, 266, 350, 0, 0, 0
6340, 1, 1636468557627, 1636468558237, 610, 262, 348, 0, 0, 0
6342, 1, 1636468557731, 1636468558349, 618, 266, 352, 0, 1, 1
6344, 1, 1636468557760, 1636468558368, 608, 263, 345, 0, 0, 0
6346, 1, 1636468557813, 1636468558429, 616, 268, 348, 2, 1, 3
6343, 1, 1636468557743, 1636468558453, 710, 362, 348, 0, 0, 0
6347, 1, 1636468557850, 1636468558457, 607, 263, 344, 1, 0, 1
6341, 1, 1636468557718, 1636468558585, 867, 518, 349, 0, 0, 0
6348, 1, 1636468557979, 1636468558585, 606, 262, 344, 0, 0, 0
6349, 1, 1636468558161, 1636468558773, 612, 262, 350, 0, 0, 0
6350, 1, 1636468558190, 1636468558804, 614, 262, 352, 0, 0, 0
6351, 1, 1636468558297, 1636468558909, 612, 262, 350, 0, 0, 0
6330, 2, 1636468556732, 1636468559098, 2366, 0, 2366, 0, 0, 0
6329, 2, 1636468556676, 1636468559099, 2423, 0, 2423, 0, 0, 0
6334, 2, 1636468557132, 1636468559354, 2222, 0, 2222, 0, 0, 0
6353, 1, 1636468558756, 1636468559365, 609, 262, 347, 0, 0, 0
6354, 1, 1636468558831, 1636468559440, 609, 266, 343, 0, 0, 0
6355, 1, 1636468558848, 1636468559469, 621, 262, 359, 0, 1, 1
6336, 2, 1636468557294, 1636468559514, 2220, 0, 2220, 0, 0, 0
6356, 1, 1636468558957, 1636468559569, 612, 262, 350, 0, 0, 0
6358, 1, 1636468559060, 1636468559677, 617, 266, 351, 0, 0, 0
6359, 1, 1636468559084, 1636468559696, 612, 262, 350, 0, 0, 0
6361, 1, 1636468559167, 1636468559777, 610, 262, 348, 0, 0, 0
6360, 1, 1636468559089, 1636468559788, 699, 350, 349, 0, 1, 1
6364, 1, 1636468559188, 1636468559805, 617, 262, 355, 0, 1, 1
6362, 1, 1636468559185, 1636468559841, 656, 262, 394, 0, 0, 0
6363, 1, 1636468559185, 1636468559841, 656, 266, 390, 0, 0, 0
6357, 1, 1636468559018, 1636468559917, 899, 551, 348, 0, 1, 1
6365, 1, 1636468559363, 1636468559977, 614, 266, 348, 0, 0, 0
6345, 2, 1636468557804, 1636468560026, 2222, 1, 2221, 1, 0, 1
6368, 1, 1636468559591, 1636468560197, 606, 262, 344, 1, 0, 1
6370, 1, 1636468559610, 1636468560220, 610, 262, 348, 0, 0, 0
6369, 1, 1636468559601, 1636468560253, 652, 262, 390, 0, 0, 0
6352, 1, 1636468558489, 1636468560504, 2015, 1666, 349, 0, 0, 0
6371, 1, 1636468560109, 1636468560721, 612, 261, 351, 0, 0, 0
6373, 1, 1636468560139, 1636468560753, 614, 261, 353, 0, 0, 0
6372, 1, 1636468560113, 1636468560764, 651, 258, 393, 0, 0, 0
6374, 1, 1636468560170, 1636468560777, 607, 258, 349, 0, 0, 0
6375, 1, 1636468560347, 1636468560953, 606, 263, 343, 1, 0, 1
6379, 1, 1636468560441, 1636468561053, 612, 263, 349, 2, 0, 2
6380, 1, 1636468560441, 1636468561053, 612, 261, 351, 1, 0, 1
6381, 1, 1636468560450, 1636468561060, 610, 264, 346, 0, 0, 0
6378, 1, 1636468560428, 1636468561128, 700, 350, 350, 0, 0, 0
6383, 1, 1636468560533, 1636468561137, 604, 258, 346, 0, 0, 0
6384, 1, 1636468560588, 1636468561196, 608, 258, 350, 0, 0, 0
6385, 1, 1636468560646, 1636468561257, 611, 262, 349, 0, 0, 0
6377, 1, 1636468560378, 1636468561305, 927, 576, 351, 0, 1, 1
6386, 1, 1636468560867, 1636468561481, 614, 263, 351, 0, 0, 0
6387, 1, 1636468560929, 1636468561540, 611, 262, 349, 0, 0, 0
6388, 1, 1636468560963, 1636468561577, 614, 266, 348, 0, 0, 0
6366, 2, 1636468559441, 1636468561715, 2274, 0, 2274, 1, 0, 1
6367, 2, 1636468559473, 1636468561715, 2242, 0, 2242, 0, 0, 0
6389, 1, 1636468561378, 1636468561992, 614, 262, 352, 0, 1, 1
6390, 1, 1636468561493, 1636468562101, 608, 262, 346, 2, 0, 2
6391, 1, 1636468561494, 1636468562109, 615, 262, 353, 2, 0, 2
6392, 1, 1636468561522, 1636468562129, 607, 262, 345, 0, 0, 0
6394, 1, 1636468561706, 1636468562317, 611, 262, 349, 1, 0, 1
6393, 1, 1636468561703, 1636468562317, 614, 261, 353, 0, 0, 0
6395, 1, 1636468561714, 1636468562337, 623, 270, 353, 1, 0, 1
6399, 1, 1636468561805, 1636468562460, 655, 268, 387, 0, 2, 2
6398, 1, 1636468561800, 1636468562477, 677, 326, 351, 2, 0, 2
6401, 1, 1636468561901, 1636468562517, 616, 263, 353, 1, 1, 2
6402, 1, 1636468561936, 1636468562548, 612, 266, 346, 0, 0, 0
6403, 1, 1636468561946, 1636468562561, 615, 264, 351, 2, 0, 2
6376, 2, 1636468560374, 1636468562590, 2216, 1, 2215, 0, 0, 0
6396, 1, 1636468561748, 1636468562689, 941, 587, 354, 1, 0, 1
6382, 2, 1636468560505, 1636468562774, 2269, 0, 2269, 0, 0, 0
6400, 1, 1636468561806, 1636468562813, 1007, 606, 401, 0, 1, 1
6405, 1, 1636468562282, 1636468562897, 615, 262, 353, 0, 0, 0
6406, 1, 1636468562321, 1636468562945, 624, 266, 358, 0, 0, 0
6407, 1, 1636468562677, 1636468563333, 656, 270, 386, 0, 0, 0
6409, 1, 1636468562755, 1636468563365, 610, 266, 344, 0, 0, 0
6410, 1, 1636468562795, 1636468563413, 618, 267, 351, 0, 1, 1
6411, 1, 1636468562835, 1636468563449, 614, 266, 348, 0, 0, 0
6413, 1, 1636468562968, 1636468563584, 616, 262, 354, 0, 0, 0
6414, 1, 1636468562988, 1636468563597, 609, 267, 342, 0, 0, 0
6412, 1, 1636468562865, 1636468563676, 811, 422, 389, 0, 1, 1
6417, 1, 1636468563072, 1636468563685, 613, 263, 350, 0, 1, 1
6419, 1, 1636468563101, 1636468563712, 611, 263, 348, 0, 0, 0
6416, 1, 1636468563071, 1636468563801, 730, 375, 355, 0, 1, 1
6422, 1, 1636468563271, 1636468563889, 618, 262, 356, 0, 0, 0
6415, 1, 1636468563071, 1636468563944, 873, 522, 351, 0, 0, 0
6397, 2, 1636468561761, 1636468563982, 2221, 1, 2220, 1, 0, 1
6420, 1, 1636468563173, 1636468564025, 852, 502, 350, 0, 1, 1
6418, 1, 1636468563091, 1636468564029, 938, 594, 344, 0, 0, 0
6423, 1, 1636468563583, 1636468564193, 610, 262, 348, 0, 0, 0
6424, 1, 1636468563647, 1636468564257, 610, 262, 348, 0, 0, 0
6404, 2, 1636468562181, 1636468564402, 2221, 0, 2221, 0, 0, 0
6425, 1, 1636468563966, 1636468564577, 611, 262, 349, 0, 0, 0
6426, 1, 1636468564054, 1636468564665, 611, 262, 349, 0, 0, 0
6428, 1, 1636468564085, 1636468564693, 608, 262, 346, 0, 0, 0
6429, 1, 1636468564107, 1636468564724, 617, 267, 350, 2, 1, 3
6432, 1, 1636468564301, 1636468564908, 607, 259, 348, 1, 0, 1
6408, 2, 1636468562692, 1636468564914, 2222, 0, 2222, 0, 0, 0
6430, 1, 1636468564150, 1636468564921, 771, 427, 344, 0, 1, 1
6434, 1, 1636468564370, 1636468564981, 611, 263, 348, 1, 0, 1
6436, 1, 1636468564379, 1636468564989, 610, 266, 344, 0, 0, 0
6435, 1, 1636468564375, 1636468565257, 882, 535, 347, 1, 1, 2
6440, 1, 1636468564659, 1636468565269, 610, 262, 348, 0, 0, 0
6438, 1, 1636468564462, 1636468565269, 807, 458, 349, 0, 0, 0
6437, 1, 1636468564386, 1636468565337, 951, 602, 349, 0, 0, 0
6421, 2, 1636468563258, 1636468565482, 2224, 0, 2224, 0, 0, 0
6442, 1, 1636468564946, 1636468565553, 607, 262, 345, 0, 0, 0
6444, 1, 1636468565259, 1636468565864, 605, 262, 343, 0, 1, 1
6431, 1, 1636468564281, 1636468565961, 1680, 1334, 346, 0, 0, 0
6446, 1, 1636468565389, 1636468565997, 608, 263, 345, 3, 0, 3
6447, 1, 1636468565389, 1636468565997, 608, 263, 345, 4, 0, 4
6448, 1, 1636468565466, 1636468566213, 747, 399, 348, 1, 0, 1
6450, 1, 1636468565614, 1636468566228, 614, 263, 351, 1, 1, 2
6451, 1, 1636468565684, 1636468566297, 613, 263, 350, 0, 1, 1
6445, 1, 1636468565364, 1636468566309, 945, 594, 351, 0, 0, 0
6454, 1, 1636468565729, 1636468566341, 612, 262, 350, 0, 0, 0
6455, 1, 1636468565770, 1636468566557, 787, 443, 344, 0, 0, 0
6453, 1, 1636468565706, 1636468566573, 867, 524, 343, 1, 0, 1
6433, 2, 1636468564350, 1636468566598, 2248, 0, 2248, 0, 0, 0
6427, 2, 1636468564069, 1636468566598, 2529, 1, 2528, 2, 0, 2
6457, 1, 1636468566011, 1636468566617, 606, 262, 344, 0, 0, 0
6452, 1, 1636468565694, 1636468566641, 947, 602, 345, 0, 0, 0
6439, 2, 1636468564489, 1636468566754, 2265, 1, 2264, 1, 0, 1
6458, 1, 1636468566256, 1636468566864, 608, 262, 346, 0, 0, 0
6441, 2, 1636468564863, 1636468567082, 2219, 0, 2219, 0, 0, 0
6459, 1, 1636468566563, 1636468567173, 610, 263, 347, 1, 0, 1
6443, 2, 1636468565001, 1636468567266, 2265, 0, 2265, 0, 0, 0
6460, 1, 1636468566668, 1636468567285, 617, 262, 355, 0, 0, 0
6461, 1, 1636468566682, 1636468567293, 611, 261, 350, 0, 0, 0
6462, 1, 1636468566685, 1636468567337, 652, 263, 389, 2, 0, 2
6465, 1, 1636468566785, 1636468567397, 612, 262, 350, 0, 0, 0
6464, 1, 1636468566768, 1636468567521, 753, 398, 355, 0, 0, 0
6469, 1, 1636468567006, 1636468567621, 615, 270, 345, 0, 1, 1
6472, 1, 1636468567094, 1636468567709, 615, 267, 348, 0, 1, 1
6449, 2, 1636468565569, 1636468567838, 2269, 0, 2269, 1, 0, 1
6471, 1, 1636468567074, 1636468567865, 791, 446, 345, 0, 0, 0
6470, 1, 1636468567053, 1636468567968, 915, 566, 349, 0, 1, 1
6475, 1, 1636468567564, 1636468568177, 613, 262, 351, 0, 0, 0
6456, 1, 1636468565976, 1636468568321, 2345, 1950, 395, 0, 0, 0
6478, 1, 1636468567947, 1636468568557, 610, 262, 348, 0, 0, 0
6479, 1, 1636468567955, 1636468568565, 610, 266, 344, 0, 0, 0
6480, 1, 1636468567985, 1636468568605, 620, 270, 350, 0, 0, 0
6482, 1, 1636468568173, 1636468568785, 612, 262, 350, 0, 0, 0
6484, 1, 1636468568327, 1636468568936, 609, 262, 347, 0, 0, 0
6487, 1, 1636468568476, 1636468569089, 613, 263, 350, 1, 0, 1
6463, 2, 1636468566685, 1636468569211, 2526, 1, 2525, 1, 0, 1
6466, 2, 1636468566841, 1636468569211, 2370, 0, 2370, 0, 0, 0
6467, 2, 1636468566997, 1636468569218, 2221, 0, 2221, 0, 0, 0
6468, 2, 1636468566997, 1636468569219, 2222, 1, 2221, 0, 1, 1
6485, 1, 1636468568364, 1636468569285, 921, 572, 349, 1, 2, 3
6473, 2, 1636468567169, 1636468569430, 2261, 0, 2261, 0, 0, 0
6488, 1, 1636468568843, 1636468569457, 614, 262, 352, 0, 0, 0
6474, 2, 1636468567353, 1636468569618, 2265, 0, 2265, 0, 0, 0
6489, 1, 1636468569297, 1636468569949, 652, 262, 390, 0, 1, 1
6493, 1, 1636468569306, 1636468569953, 647, 258, 389, 0, 0, 0
6494, 1, 1636468569342, 1636468569953, 611, 263, 348, 0, 0, 0
6495, 1, 1636468569353, 1636468569961, 608, 262, 346, 0, 2, 2
6476, 2, 1636468567872, 1636468570098, 2226, 0, 2226, 0, 0, 0
6497, 1, 1636468569558, 1636468570172, 614, 263, 351, 2, 0, 2
6477, 2, 1636468567925, 1636468570190, 2265, 0, 2265, 0, 0, 0
6481, 2, 1636468568071, 1636468570290, 2219, 0, 2219, 0, 0, 0
6492, 1, 1636468569305, 1636468570301, 996, 602, 394, 0, 0, 0
6499, 1, 1636468569871, 1636468570477, 606, 259, 347, 1, 0, 1
6486, 2, 1636468568365, 1636468570586, 2221, 1, 2220, 1, 0, 1
6483, 1, 1636468568322, 1636468570672, 2350, 1959, 391, 0, 0, 0
6501, 1, 1636468570217, 1636468570829, 612, 262, 350, 0, 0, 0
6500, 1, 1636468570185, 1636468570841, 656, 262, 394, 0, 0, 0
6490, 1, 1636468569298, 1636468571061, 1763, 1418, 345, 0, 0, 0
6504, 1, 1636468570565, 1636468571177, 612, 262, 350, 1, 1, 2
6503, 1, 1636468570377, 1636468571189, 812, 418, 394, 0, 1, 1
6505, 1, 1636468570589, 1636468571201, 612, 265, 347, 0, 0, 0
6507, 1, 1636468570611, 1636468571225, 614, 264, 350, 1, 1, 2
6510, 1, 1636468570753, 1636468571365, 612, 262, 350, 2, 0, 2
6511, 1, 1636468570828, 1636468571437, 609, 258, 351, 0, 0, 0
6508, 1, 1636468570673, 1636468571537, 864, 471, 393, 1, 0, 1
6506, 1, 1636468570593, 1636468571549, 956, 606, 350, 0, 0, 0
6491, 2, 1636468569305, 1636468571823, 2518, 1, 2517, 0, 1, 1
6496, 2, 1636468569517, 1636468571823, 2306, 1, 2305, 0, 1, 1
6512, 1, 1636468571062, 1636468571884, 822, 434, 388, 0, 0, 0
6498, 2, 1636468569705, 1636468571970, 2265, 0, 2265, 0, 0, 0
6513, 1, 1636468571456, 1636468572069, 613, 262, 351, 0, 0, 0
6514, 1, 1636468571485, 1636468572093, 608, 262, 346, 0, 0, 0
6515, 1, 1636468571632, 1636468572417, 785, 434, 351, 0, 0, 0
6516, 1, 1636468571898, 1636468572513, 615, 262, 353, 0, 0, 0
6502, 2, 1636468570277, 1636468572542, 2265, 0, 2265, 0, 0, 0
6518, 1, 1636468571909, 1636468572557, 648, 262, 386, 0, 0, 0
6521, 1, 1636468571960, 1636468572569, 609, 262, 347, 0, 0, 0
6523, 1, 1636468572033, 1636468572641, 608, 262, 346, 0, 0, 0
6520, 1, 1636468571943, 1636468572761, 818, 471, 347, 0, 1, 1
6525, 1, 1636468572165, 1636468572773, 608, 262, 346, 1, 1, 2
6517, 1, 1636468571902, 1636468572857, 955, 610, 345, 0, 0, 0
6522, 1, 1636468571964, 1636468572921, 957, 606, 351, 0, 0, 0
6509, 1, 1636468570674, 1636468573021, 2347, 1956, 391, 0, 2, 2
6526, 1, 1636468572381, 1636468573109, 728, 378, 350, 0, 1, 1
6528, 1, 1636468572780, 1636468573393, 613, 262, 351, 0, 0, 0
6529, 1, 1636468572844, 1636468573453, 609, 262, 347, 0, 1, 1
6530, 1, 1636468572946, 1636468573737, 791, 446, 345, 0, 0, 0
6532, 1, 1636468573170, 1636468573781, 611, 262, 349, 0, 0, 0
6533, 1, 1636468573228, 1636468573841, 613, 261, 352, 0, 0, 0
6535, 1, 1636468573291, 1636468573901, 610, 262, 348, 0, 0, 0
6536, 1, 1636468573317, 1636468573937, 620, 266, 354, 0, 0, 0
6537, 1, 1636468573346, 1636468573965, 619, 262, 357, 0, 0, 0
6534, 1, 1636468573266, 1636468574081, 815, 470, 345, 0, 0, 0
6538, 1, 1636468573464, 1636468574313, 849, 494, 355, 0, 0, 0
6539, 1, 1636468573683, 1636468574429, 746, 398, 348, 0, 0, 0
6524, 2, 1636468572057, 1636468574435, 2378, 0, 2378, 0, 1, 1
6519, 2, 1636468571909, 1636468574435, 2526, 0, 2526, 0, 0, 0
6540, 1, 1636468574130, 1636468574741, 611, 262, 349, 0, 0, 0
6541, 1, 1636468574209, 1636468574821, 612, 262, 350, 0, 0, 0
6527, 2, 1636468572629, 1636468574894, 2265, 0, 2265, 0, 0, 0
6542, 1, 1636468574475, 1636468575081, 606, 262, 344, 0, 0, 0
6545, 1, 1636468574582, 1636468575189, 607, 262, 345, 0, 0, 0
6546, 1, 1636468574591, 1636468575201, 610, 262, 348, 0, 0, 0
6547, 1, 1636468574614, 1636468575229, 615, 263, 352, 1, 0, 1
6548, 1, 1636468574670, 1636468575277, 607, 262, 345, 0, 0, 0
6549, 1, 1636468574699, 1636468575309, 610, 263, 347, 0, 0, 0
6531, 1, 1636468573022, 1636468575377, 2355, 1959, 396, 0, 2, 2
6550, 1, 1636468574815, 1636468575421, 606, 262, 344, 0, 0, 0
6552, 1, 1636468575057, 1636468575673, 616, 266, 350, 0, 0, 0
6554, 1, 1636468575429, 1636468576041, 612, 262, 350, 0, 0, 0
6555, 1, 1636468575612, 1636468576229, 617, 266, 351, 0, 0, 0
6556, 1, 1636468575785, 1636468576401, 616, 270, 346, 0, 0, 0
6557, 1, 1636468575935, 1636468576549, 614, 266, 348, 0, 0, 0
6558, 1, 1636468575947, 1636468576557, 610, 262, 348, 1, 0, 1
6559, 1, 1636468576033, 1636468576641, 608, 262, 346, 1, 0, 1
6560, 1, 1636468576129, 1636468576741, 612, 262, 350, 0, 1, 1
6544, 2, 1636468574521, 1636468576786, 2265, 1, 2264, 2, 0, 2
6543, 2, 1636468574521, 1636468576787, 2266, 0, 2266, 1, 0, 1
6561, 1, 1636468576378, 1636468576989, 611, 262, 349, 0, 0, 0
6551, 2, 1636468574981, 1636468577246, 2265, 0, 2265, 0, 0, 0
6563, 1, 1636468576873, 1636468577528, 655, 263, 392, 2, 0, 2
6564, 1, 1636468577007, 1636468577617, 610, 261, 349, 1, 0, 1
6565, 1, 1636468577093, 1636468577708, 615, 262, 353, 1, 0, 1
6553, 1, 1636468575378, 1636468577729, 2351, 1958, 393, 0, 0, 0
6562, 1, 1636468576873, 1636468577877, 1004, 611, 393, 2, 2, 4
6567, 1, 1636468577350, 1636468577965, 615, 262, 353, 0, 0, 0
6568, 1, 1636468577408, 1636468578021, 613, 262, 351, 0, 0, 0
6569, 1, 1636468577482, 1636468578101, 619, 270, 349, 0, 0, 0
6566, 1, 1636468577337, 1636468578225, 888, 494, 394, 0, 0, 0
6570, 1, 1636468577730, 1636468578573, 843, 450, 393, 0, 0, 0
6571, 1, 1636468578177, 1636468578785, 608, 262, 346, 0, 0, 0
6573, 1, 1636468578383, 1636468579001, 618, 266, 352, 0, 0, 0
6574, 1, 1636468578415, 1636468579025, 610, 262, 348, 0, 0, 0
6572, 1, 1636468578199, 1636468579137, 938, 586, 352, 0, 0, 0
6576, 1, 1636468578746, 1636468579357, 611, 262, 349, 0, 0, 0
6577, 1, 1636468578793, 1636468579401, 608, 262, 346, 0, 0, 0
6578, 1, 1636468578841, 1636468579449, 608, 262, 346, 0, 0, 0
6575, 1, 1636468578633, 1636468579485, 852, 502, 350, 0, 0, 0
6579, 1, 1636468579078, 1636468579833, 755, 406, 349, 0, 0, 0
6580, 1, 1636468579445, 1636468580057, 612, 262, 350, 0, 0, 0
6582, 1, 1636468579767, 1636468580381, 614, 266, 348, 0, 0, 0
6581, 1, 1636468579531, 1636468580405, 874, 527, 347, 0, 0, 0
6583, 1, 1636468579812, 1636468580425, 613, 266, 347, 0, 0, 0
6585, 1, 1636468580103, 1636468580713, 610, 262, 348, 0, 0, 0
6584, 1, 1636468579926, 1636468580757, 831, 479, 352, 0, 0, 0
6586, 1, 1636468580361, 1636468581105, 744, 395, 349, 1, 0, 1
6587, 1, 1636468581403, 1636468582009, 606, 262, 344, 0, 0, 0
6588, 1, 1636468581730, 1636468582341, 611, 262, 349, 0, 0, 0
6589, 1, 1636468582714, 1636468583325, 611, 262, 349, 0, 0, 0
6590, 1, 1636468583096, 1636468583709, 613, 262, 351, 0, 0, 0
6591, 1, 1636468584023, 1636468584637, 614, 262, 352, 0, 0, 0
6592, 1, 1636468585304, 1636468585917, 613, 262, 351, 0, 0, 0
6593, 1, 1636468586678, 1636468587289, 611, 262, 349, 0, 0, 0
6594, 1, 1636468587947, 1636468588561, 614, 262, 352, 0, 0, 0
6595, 1, 1636468589303, 1636468589913, 610, 262, 348, 0, 0, 0
6596, 1, 1636468590669, 1636468591281, 612, 262, 350, 0, 0, 0
6597, 1, 1636468592072, 1636468592685, 613, 262, 351, 0, 0, 0
6598, 1, 1636468593408, 1636468594021, 613, 262, 351, 0, 0, 0
6599, 1, 1636468594797, 1636468595409, 612, 262, 350, 0, 0, 0
6600, 1, 1636468596149, 1636468596761, 612, 262, 350, 0, 0, 0
6601, 1, 1636468683098, 1636468683709, 611, 262, 349, 0, 0, 0
6602, 1, 1636468683758, 1636468684369, 611, 262, 349, 0, 0, 0
6603, 1, 1636468684087, 1636468684697, 610, 262, 348, 0, 0, 0
6604, 1, 1636468684369, 1636468684981, 612, 262, 350, 0, 0, 0
6605, 1, 1636468684747, 1636468685357, 610, 262, 348, 0, 0, 0
6606, 1, 1636468685068, 1636468685677, 609, 262, 347, 1, 0, 1
6607, 1, 1636468685114, 1636468685721, 607, 263, 344, 0, 1, 1
6608, 1, 1636468685359, 1636468685969, 610, 262, 348, 0, 0, 0
6609, 1, 1636468685728, 1636468686344, 616, 262, 354, 0, 0, 0
6610, 1, 1636468685867, 1636468686473, 606, 262, 344, 0, 0, 0
6611, 1, 1636468686089, 1636468686701, 612, 258, 354, 0, 0, 0
6612, 1, 1636468686115, 1636468686721, 606, 258, 348, 0, 0, 0
6613, 1, 1636468686344, 1636468686956, 612, 262, 350, 0, 0, 0
6614, 1, 1636468686538, 1636468687149, 611, 262, 349, 0, 0, 0
6615, 1, 1636468686761, 1636468687373, 612, 262, 350, 0, 0, 0
6616, 1, 1636468686867, 1636468687473, 606, 258, 348, 0, 0, 0
6617, 1, 1636468687099, 1636468687712, 613, 262, 351, 0, 0, 0
6618, 1, 1636468687100, 1636468687717, 617, 262, 355, 0, 0, 0
6619, 1, 1636468687379, 1636468687989, 610, 262, 348, 0, 0, 0
6620, 1, 1636468687439, 1636468688053, 614, 262, 352, 0, 0, 0
6621, 1, 1636468687527, 1636468688137, 610, 266, 344, 0, 0, 0
6622, 1, 1636468687772, 1636468688385, 613, 266, 347, 0, 0, 0
6623, 1, 1636468687852, 1636468688461, 609, 262, 347, 0, 0, 0
6624, 1, 1636468688091, 1636468688713, 622, 267, 355, 0, 0, 0
6625, 1, 1636468688124, 1636468688733, 609, 262, 347, 0, 0, 0
6626, 1, 1636468688134, 1636468688741, 607, 262, 345, 0, 0, 0
6627, 1, 1636468688389, 1636468689005, 616, 263, 353, 0, 0, 0
6628, 1, 1636468688429, 1636468689041, 612, 263, 349, 1, 0, 1
6629, 1, 1636468688507, 1636468689113, 606, 262, 344, 0, 0, 0
6630, 1, 1636468688764, 1636468689377, 613, 258, 355, 0, 0, 0
6631, 1, 1636468688873, 1636468689489, 616, 262, 354, 0, 0, 0
6632, 1, 1636468688883, 1636468689489, 606, 262, 344, 0, 0, 0
6634, 1, 1636468689124, 1636468689741, 617, 262, 355, 0, 1, 1
6635, 1, 1636468689154, 1636468689761, 607, 262, 345, 0, 0, 0
6633, 1, 1636468689097, 1636468689833, 736, 390, 346, 0, 0, 0
6636, 1, 1636468689381, 1636468689996, 615, 262, 353, 0, 0, 0
6637, 1, 1636468689410, 1636468690017, 607, 262, 345, 0, 0, 0
6638, 1, 1636468689529, 1636468690145, 616, 262, 354, 0, 0, 0
6639, 1, 1636468689612, 1636468690225, 613, 262, 351, 0, 0, 0
6642, 1, 1636468689883, 1636468690493, 610, 262, 348, 0, 0, 0
6641, 1, 1636468689883, 1636468690493, 610, 263, 347, 2, 0, 2
6640, 1, 1636468689778, 1636468690569, 791, 445, 346, 0, 0, 0
6643, 1, 1636468690106, 1636468690717, 611, 262, 349, 0, 0, 0
6644, 1, 1636468690110, 1636468690720, 610, 267, 343, 1, 0, 1
6645, 1, 1636468690119, 1636468690729, 610, 267, 343, 0, 0, 0
6646, 1, 1636468690395, 1636468691005, 610, 267, 343, 0, 0, 0
6647, 1, 1636468690431, 1636468691045, 614, 263, 351, 1, 0, 1
6648, 1, 1636468690539, 1636468691153, 614, 262, 352, 0, 0, 0
6649, 1, 1636468690600, 1636468691213, 613, 263, 350, 0, 0, 0
6650, 1, 1636468690793, 1636468691405, 612, 263, 349, 1, 0, 1
6651, 1, 1636468690863, 1636468691473, 610, 262, 348, 0, 0, 0
6652, 1, 1636468690875, 1636468691485, 610, 262, 348, 0, 1, 1
6653, 1, 1636468691133, 1636468691745, 612, 263, 349, 0, 1, 1
6654, 1, 1636468691141, 1636468691757, 616, 262, 354, 0, 0, 0
6655, 1, 1636468691146, 1636468691761, 615, 263, 352, 0, 2, 2
6656, 1, 1636468691396, 1636468692008, 612, 263, 349, 1, 0, 1
6657, 1, 1636468691441, 1636468692052, 611, 262, 349, 0, 0, 0
6658, 1, 1636468691532, 1636468692141, 609, 263, 346, 0, 1, 1
6659, 1, 1636468691581, 1636468692197, 616, 266, 350, 0, 0, 0
6660, 1, 1636468691828, 1636468692437, 609, 262, 347, 0, 0, 0
6661, 1, 1636468691833, 1636468692449, 616, 262, 354, 0, 0, 0
6662, 1, 1636468691885, 1636468692497, 612, 262, 350, 0, 1, 1
6664, 1, 1636468692134, 1636468692741, 607, 264, 343, 0, 0, 0
6665, 1, 1636468692151, 1636468692761, 610, 262, 348, 0, 0, 0
6666, 1, 1636468692152, 1636468692773, 621, 262, 359, 0, 0, 0
6663, 1, 1636468691889, 1636468692792, 903, 558, 345, 0, 0, 0
6668, 1, 1636468692433, 1636468693049, 616, 266, 350, 0, 0, 0
6667, 1, 1636468692431, 1636468693049, 618, 263, 355, 1, 1, 2
6669, 1, 1636468692559, 1636468693168, 609, 262, 347, 0, 0, 0
6670, 1, 1636468692615, 1636468693224, 609, 266, 343, 0, 0, 0
6672, 1, 1636468692822, 1636468693436, 614, 262, 352, 0, 1, 1
6673, 1, 1636468692861, 1636468693469, 608, 262, 346, 0, 0, 0
6675, 1, 1636468692895, 1636468693505, 610, 263, 347, 1, 0, 1
6674, 1, 1636468692894, 1636468693505, 611, 263, 348, 0, 1, 1
6671, 1, 1636468692655, 1636468693525, 870, 514, 356, 0, 0, 0
6676, 1, 1636468693118, 1636468693729, 611, 262, 349, 0, 0, 0
6677, 1, 1636468693129, 1636468693745, 616, 262, 354, 0, 0, 0
6678, 1, 1636468693167, 1636468693777, 610, 266, 344, 0, 0, 0
6679, 1, 1636468693435, 1636468694052, 617, 262, 355, 0, 0, 0
6680, 1, 1636468693447, 1636468694061, 614, 267, 347, 0, 1, 1
6681, 1, 1636468693560, 1636468694173, 613, 262, 351, 0, 0, 0
6683, 1, 1636468693625, 1636468694245, 620, 262, 358, 0, 0, 0
6684, 1, 1636468693651, 1636468694257, 606, 263, 343, 1, 0, 1
6682, 1, 1636468693607, 1636468694409, 802, 454, 348, 0, 0, 0
6685, 1, 1636468693804, 1636468694429, 625, 267, 358, 1, 0, 1
6686, 1, 1636468693838, 1636468694448, 610, 263, 347, 0, 1, 1
6687, 1, 1636468693887, 1636468694497, 610, 262, 348, 0, 0, 0
6688, 1, 1636468693928, 1636468694549, 621, 264, 357, 1, 0, 1
6689, 1, 1636468694102, 1636468694713, 611, 266, 345, 1, 0, 1
6690, 1, 1636468694144, 1636468694753, 609, 263, 346, 0, 0, 0
6691, 1, 1636468694201, 1636468694808, 607, 262, 345, 0, 0, 0
6692, 1, 1636468694403, 1636468695013, 610, 262, 348, 0, 0, 0
6693, 1, 1636468694448, 1636468695061, 613, 262, 351, 0, 0, 0
6694, 1, 1636468694587, 1636468695197, 610, 262, 348, 0, 0, 0
6695, 1, 1636468694595, 1636468695205, 610, 262, 348, 1, 0, 1
6696, 1, 1636468694596, 1636468695209, 613, 262, 351, 0, 3, 3
6697, 1, 1636468694604, 1636468695224, 620, 262, 358, 0, 0, 0
6698, 1, 1636468694636, 1636468695249, 613, 263, 350, 1, 1, 2
6699, 1, 1636468694807, 1636468695417, 610, 262, 348, 0, 0, 0
6700, 1, 1636468694822, 1636468695432, 610, 262, 348, 0, 0, 0
6702, 1, 1636468694929, 1636468695541, 612, 262, 350, 0, 0, 0
6701, 1, 1636468694901, 1636468695541, 640, 294, 346, 0, 0, 0
6703, 1, 1636468695077, 1636468695685, 608, 262, 346, 0, 0, 0
6704, 1, 1636468695170, 1636468695781, 611, 263, 348, 1, 1, 2
6706, 1, 1636468695284, 1636468695900, 616, 262, 354, 0, 0, 0
6707, 1, 1636468695387, 1636468695993, 606, 262, 344, 0, 0, 0
6705, 1, 1636468695178, 1636468696029, 851, 506, 345, 0, 0, 0
6708, 1, 1636468695483, 1636468696093, 610, 262, 348, 0, 0, 0
6710, 1, 1636468695577, 1636468696188, 611, 263, 348, 3, 0, 3
6709, 1, 1636468695576, 1636468696188, 612, 262, 350, 1, 1, 2
6711, 1, 1636468695600, 1636468696217, 617, 262, 355, 0, 0, 0
6712, 1, 1636468695609, 1636468696249, 640, 292, 348, 1, 1, 2
6713, 1, 1636468695671, 1636468696285, 614, 262, 352, 0, 0, 0
6714, 1, 1636468695797, 1636468696404, 607, 263, 344, 0, 1, 1
6715, 1, 1636468695828, 1636468696437, 609, 262, 347, 0, 0, 0
6717, 1, 1636468695906, 1636468696513, 607, 262, 345, 0, 0, 0
6718, 1, 1636468696098, 1636468696709, 611, 262, 349, 1, 0, 1
6716, 1, 1636468695896, 1636468696753, 857, 506, 351, 0, 0, 0
6719, 1, 1636468696143, 1636468696753, 610, 263, 347, 0, 1, 1
6720, 1, 1636468696172, 1636468696781, 609, 262, 347, 0, 1, 1
6721, 1, 1636468696206, 1636468696817, 611, 262, 349, 0, 0, 0
6722, 1, 1636468696274, 1636468696884, 610, 266, 344, 0, 0, 0
6723, 1, 1636468696352, 1636468697101, 749, 398, 351, 0, 0, 0
6724, 1, 1636468696488, 1636468697101, 613, 262, 351, 0, 0, 0
6725, 1, 1636468696557, 1636468697165, 608, 262, 346, 0, 0, 0
6728, 1, 1636468696615, 1636468697228, 613, 265, 348, 0, 0, 0
6727, 1, 1636468696611, 1636468697237, 626, 280, 346, 1, 0, 1
6729, 1, 1636468696681, 1636468697293, 612, 262, 350, 0, 0, 0
6730, 1, 1636468696795, 1636468697405, 610, 262, 348, 0, 0, 0
6731, 1, 1636468696818, 1636468697429, 611, 267, 344, 0, 0, 0
6726, 1, 1636468696567, 1636468697449, 882, 534, 348, 0, 0, 0
6732, 1, 1636468696889, 1636468697501, 612, 266, 346, 0, 0, 0
6733, 1, 1636468696925, 1636468697537, 612, 262, 350, 1, 0, 1
6734, 1, 1636468696941, 1636468697553, 612, 262, 350, 0, 0, 0
6735, 1, 1636468697096, 1636468697709, 613, 262, 351, 0, 0, 0
6736, 1, 1636468697132, 1636468697745, 613, 262, 351, 0, 0, 0
6737, 1, 1636468697138, 1636468697797, 659, 311, 348, 2, 0, 2
6738, 1, 1636468697211, 1636468697816, 605, 263, 342, 0, 0, 0
6739, 1, 1636468697255, 1636468697864, 609, 263, 346, 0, 1, 1
6740, 1, 1636468697362, 1636468697973, 611, 264, 347, 2, 0, 2
6741, 1, 1636468697455, 1636468698145, 690, 339, 351, 1, 0, 1
6742, 1, 1636468697562, 1636468698169, 607, 262, 345, 0, 0, 0
6743, 1, 1636468697578, 1636468698197, 619, 262, 357, 0, 0, 0
6744, 1, 1636468697635, 1636468698241, 606, 262, 344, 0, 0, 0
6745, 1, 1636468697649, 1636468698257, 608, 262, 346, 1, 0, 1
6746, 1, 1636468697674, 1636468698285, 611, 262, 349, 0, 0, 0
6747, 1, 1636468697805, 1636468698421, 616, 266, 350, 0, 0, 0
6749, 1, 1636468697816, 1636468698429, 613, 262, 351, 0, 0, 0
6750, 1, 1636468697865, 1636468698493, 628, 282, 346, 0, 0, 0
6751, 1, 1636468697914, 1636468698524, 610, 262, 348, 0, 0, 0
6752, 1, 1636468697946, 1636468698557, 611, 266, 345, 0, 0, 0
6754, 1, 1636468698113, 1636468698728, 615, 263, 352, 0, 1, 1
6753, 1, 1636468698111, 1636468698728, 617, 263, 354, 0, 0, 0
6748, 1, 1636468697808, 1636468698776, 968, 614, 354, 0, 0, 0
6755, 1, 1636468698164, 1636468698784, 620, 267, 353, 1, 0, 1
6756, 1, 1636468698188, 1636468698838, 650, 298, 352, 0, 0, 0
6757, 1, 1636468698277, 1636468698893, 616, 262, 354, 0, 0, 0
6758, 1, 1636468698360, 1636468698985, 625, 271, 354, 0, 1, 1
6759, 1, 1636468698431, 1636468699040, 609, 262, 347, 0, 0, 0
6760, 1, 1636468698529, 1636468699189, 660, 307, 353, 0, 1, 1
6761, 1, 1636468698588, 1636468699201, 613, 263, 350, 0, 1, 1
6762, 1, 1636468698600, 1636468699213, 613, 262, 351, 0, 1, 1
6763, 1, 1636468698683, 1636468699297, 614, 262, 352, 1, 0, 1
6764, 1, 1636468698683, 1636468699297, 614, 263, 351, 3, 0, 3
6766, 1, 1636468698794, 1636468699405, 611, 264, 347, 1, 0, 1
6768, 1, 1636468698831, 1636468699437, 606, 262, 344, 1, 0, 1
6767, 1, 1636468698810, 1636468699464, 654, 262, 392, 1, 1, 2
6769, 1, 1636468698865, 1636468699473, 608, 264, 344, 0, 2, 2
6770, 1, 1636468698896, 1636468699504, 608, 263, 345, 1, 0, 1
6771, 1, 1636468698913, 1636468699533, 620, 270, 350, 1, 1, 2
6765, 1, 1636468698688, 1636468699641, 953, 606, 347, 0, 0, 0
6772, 1, 1636468699094, 1636468699709, 615, 262, 353, 0, 0, 0
6773, 1, 1636468699131, 1636468699737, 606, 263, 343, 0, 0, 0
6774, 1, 1636468699147, 1636468699757, 610, 267, 343, 0, 1, 1
6775, 1, 1636468699172, 1636468699789, 617, 263, 354, 1, 0, 1
6776, 1, 1636468699288, 1636468699905, 617, 262, 355, 0, 0, 0
6777, 1, 1636468699367, 1636468699977, 610, 263, 347, 0, 0, 0
6778, 1, 1636468699406, 1636468700020, 614, 266, 348, 0, 0, 0
6779, 1, 1636468699536, 1636468700149, 613, 262, 351, 0, 0, 0
6780, 1, 1636468699553, 1636468700169, 616, 263, 353, 1, 0, 1
6781, 1, 1636468699580, 1636468700196, 616, 262, 354, 1, 0, 1
6784, 1, 1636468699673, 1636468700285, 612, 261, 351, 0, 1, 1
6785, 1, 1636468699691, 1636468700305, 614, 262, 352, 0, 0, 0
6783, 1, 1636468699649, 1636468700365, 716, 370, 346, 0, 0, 0
6786, 1, 1636468699775, 1636468700389, 614, 267, 347, 0, 0, 0
6787, 1, 1636468699811, 1636468700421, 610, 262, 348, 0, 0, 0
6788, 1, 1636468699826, 1636468700440, 614, 270, 344, 0, 0, 0
6789, 1, 1636468699864, 1636468700473, 609, 262, 347, 1, 0, 1
6782, 1, 1636468699614, 1636468700501, 887, 534, 353, 0, 0, 0
6790, 1, 1636468699904, 1636468700525, 621, 262, 359, 0, 0, 0
6791, 1, 1636468699918, 1636468700532, 614, 265, 349, 0, 0, 0
6792, 1, 1636468700087, 1636468700692, 605, 264, 341, 1, 0, 1
6793, 1, 1636468700141, 1636468700757, 616, 262, 354, 0, 0, 0
6794, 1, 1636468700147, 1636468700765, 618, 270, 348, 0, 0, 0
6795, 1, 1636468700157, 1636468700776, 619, 266, 353, 0, 0, 0
6796, 1, 1636468700281, 1636468700897, 616, 262, 354, 0, 0, 0
6797, 1, 1636468700348, 1636468700961, 613, 263, 350, 1, 1, 2
6798, 1, 1636468700434, 1636468701048, 614, 262, 352, 1, 0, 1
6799, 1, 1636468700525, 1636468701133, 608, 261, 347, 0, 0, 0
6800, 1, 1636468700552, 1636468701164, 612, 266, 346, 0, 0, 0
6801, 1, 1636468700594, 1636468701205, 611, 263, 348, 1, 0, 1
6802, 1, 1636468700619, 1636468701228, 609, 262, 347, 0, 0, 0
6803, 1, 1636468700643, 1636468701252, 609, 263, 346, 0, 2, 2
6804, 1, 1636468700653, 1636468701264, 611, 263, 348, 0, 2, 2
6805, 1, 1636468700727, 1636468701336, 609, 262, 347, 0, 0, 0
6806, 1, 1636468700803, 1636468701409, 606, 262, 344, 0, 1, 1
6807, 1, 1636468700809, 1636468701416, 607, 262, 345, 0, 0, 0
6808, 1, 1636468700831, 1636468701449, 618, 263, 355, 0, 1, 1
6809, 1, 1636468700869, 1636468701476, 607, 262, 345, 0, 0, 0
6810, 1, 1636468700873, 1636468701489, 616, 262, 354, 1, 0, 1
6811, 1, 1636468700928, 1636468701541, 613, 262, 351, 0, 0, 0
6812, 1, 1636468701121, 1636468701729, 608, 262, 346, 0, 0, 0
6813, 1, 1636468701125, 1636468701732, 607, 263, 344, 0, 0, 0
6814, 1, 1636468701150, 1636468701757, 607, 262, 345, 0, 0, 0
6815, 1, 1636468701174, 1636468701793, 619, 266, 353, 0, 0, 0
6816, 1, 1636468701295, 1636468701909, 614, 266, 348, 0, 0, 0
6817, 1, 1636468701340, 1636468701957, 617, 267, 350, 0, 0, 0
6818, 1, 1636468701432, 1636468702052, 620, 270, 350, 0, 0, 0
6819, 1, 1636468701511, 1636468702121, 610, 262, 348, 1, 0, 1
6820, 1, 1636468701567, 1636468702180, 613, 263, 350, 0, 1, 1
6821, 1, 1636468701595, 1636468702209, 614, 262, 352, 2, 0, 2
6822, 1, 1636468701618, 1636468702229, 611, 266, 345, 0, 0, 0
6823, 1, 1636468701654, 1636468702261, 607, 262, 345, 0, 0, 0
6824, 1, 1636468701687, 1636468702293, 606, 262, 344, 0, 0, 0
6825, 1, 1636468701761, 1636468702373, 612, 262, 350, 0, 0, 0
6827, 1, 1636468701829, 1636468702441, 612, 262, 350, 1, 0, 1
6828, 1, 1636468701836, 1636468702445, 609, 262, 347, 0, 0, 0
6829, 1, 1636468701856, 1636468702469, 613, 262, 351, 0, 0, 0
6830, 1, 1636468701889, 1636468702501, 612, 262, 350, 0, 1, 1
6831, 1, 1636468701920, 1636468702528, 608, 262, 346, 0, 0, 0
6826, 1, 1636468701797, 1636468702581, 784, 430, 354, 0, 0, 0
6832, 1, 1636468702099, 1636468702705, 606, 263, 343, 0, 0, 0
6833, 1, 1636468702155, 1636468702769, 614, 263, 351, 0, 0, 0
6835, 1, 1636468702177, 1636468702789, 612, 262, 350, 0, 0, 0
6834, 1, 1636468702173, 1636468702789, 616, 262, 354, 0, 0, 0
6836, 1, 1636468702296, 1636468702909, 613, 262, 351, 0, 0, 0
6837, 1, 1636468702367, 1636468702976, 609, 263, 346, 0, 0, 0
6838, 1, 1636468702440, 1636468703053, 613, 266, 347, 0, 0, 0
6840, 1, 1636468702550, 1636468703161, 611, 263, 348, 0, 0, 0
6839, 1, 1636468702546, 1636468703161, 615, 266, 349, 1, 0, 1
6841, 1, 1636468702630, 1636468703240, 610, 262, 348, 0, 0, 0
6842, 1, 1636468702646, 1636468703261, 615, 263, 352, 0, 0, 0
6843, 1, 1636468702687, 1636468703293, 606, 262, 344, 1, 0, 1
6844, 1, 1636468702707, 1636468703313, 606, 262, 344, 0, 0, 0
6845, 1, 1636468702729, 1636468703337, 608, 263, 345, 0, 1, 1
6846, 1, 1636468702791, 1636468703397, 606, 262, 344, 0, 0, 0
6847, 1, 1636468702821, 1636468703433, 612, 262, 350, 0, 1, 1
6848, 1, 1636468702848, 1636468703461, 613, 262, 351, 0, 0, 0
6849, 1, 1636468702870, 1636468703485, 615, 264, 351, 1, 1, 2
6850, 1, 1636468702888, 1636468703497, 609, 262, 347, 0, 0, 0
6851, 1, 1636468702948, 1636468703557, 609, 262, 347, 0, 0, 0
6852, 1, 1636468703132, 1636468703744, 612, 262, 350, 1, 0, 1
6853, 1, 1636468703146, 1636468703764, 618, 266, 352, 1, 0, 1
6854, 1, 1636468703179, 1636468703793, 614, 263, 351, 0, 1, 1
6855, 1, 1636468703188, 1636468703801, 613, 263, 350, 1, 0, 1
6856, 1, 1636468703331, 1636468703937, 606, 263, 343, 1, 0, 1
6857, 1, 1636468703390, 1636468703997, 607, 262, 345, 0, 0, 0
6858, 1, 1636468703423, 1636468704029, 606, 263, 343, 0, 0, 0
6859, 1, 1636468703542, 1636468704152, 610, 266, 344, 0, 0, 0
6860, 1, 1636468703556, 1636468704169, 613, 262, 351, 0, 0, 0
6861, 1, 1636468703635, 1636468704245, 610, 261, 349, 0, 0, 0
6862, 1, 1636468703644, 1636468704252, 608, 262, 346, 0, 0, 0
6863, 1, 1636468703664, 1636468704277, 613, 262, 351, 0, 1, 1
6864, 1, 1636468703672, 1636468704289, 617, 266, 351, 0, 1, 1
6865, 1, 1636468703696, 1636468704309, 613, 262, 351, 0, 0, 0
6867, 1, 1636468703836, 1636468704449, 613, 262, 351, 0, 0, 0
6868, 1, 1636468703860, 1636468704477, 617, 262, 355, 0, 0, 0
6869, 1, 1636468703874, 1636468704485, 611, 262, 349, 0, 0, 0
6870, 1, 1636468703898, 1636468704509, 611, 262, 349, 0, 0, 0
6871, 1, 1636468703974, 1636468704585, 611, 262, 349, 0, 0, 0
6866, 1, 1636468703758, 1636468704625, 867, 518, 349, 0, 0, 0
6872, 1, 1636468704121, 1636468704737, 616, 267, 349, 0, 2, 2
6873, 1, 1636468704156, 1636468704768, 612, 262, 350, 0, 0, 0
6874, 1, 1636468704172, 1636468704793, 621, 265, 356, 0, 0, 0
6875, 1, 1636468704214, 1636468704825, 611, 262, 349, 1, 1, 2
6876, 1, 1636468704364, 1636468704981, 617, 262, 355, 0, 0, 0
6877, 1, 1636468704390, 1636468705005, 615, 263, 352, 1, 0, 1
6878, 1, 1636468704397, 1636468705016, 619, 270, 349, 0, 0, 0
6879, 1, 1636468704547, 1636468705165, 618, 266, 352, 0, 0, 0
6880, 1, 1636468704568, 1636468705177, 609, 266, 343, 0, 0, 0
6881, 1, 1636468704603, 1636468705217, 614, 266, 348, 1, 0, 1
6882, 1, 1636468704648, 1636468705261, 613, 267, 346, 0, 1, 1
6883, 1, 1636468704653, 1636468705273, 620, 266, 354, 0, 1, 1
6885, 1, 1636468704687, 1636468705297, 610, 266, 344, 0, 0, 0
6886, 1, 1636468704766, 1636468705381, 615, 262, 353, 0, 0, 0
6887, 1, 1636468704834, 1636468705449, 615, 262, 353, 0, 0, 0
6888, 1, 1636468704836, 1636468705449, 613, 263, 350, 1, 2, 3
6889, 1, 1636468704881, 1636468705500, 619, 271, 348, 0, 1, 1
6890, 1, 1636468704897, 1636468705512, 615, 263, 352, 1, 0, 1
6884, 1, 1636468704671, 1636468705565, 894, 546, 348, 0, 0, 0
6891, 1, 1636468705009, 1636468705624, 615, 262, 353, 0, 0, 0
6892, 1, 1636468705100, 1636468705717, 617, 262, 355, 0, 0, 0
6893, 1, 1636468705146, 1636468705761, 615, 262, 353, 0, 0, 0
6894, 1, 1636468705160, 1636468705772, 612, 266, 346, 0, 0, 0
6895, 1, 1636468705219, 1636468705837, 618, 271, 347, 0, 1, 1
6896, 1, 1636468705331, 1636468705948, 617, 262, 355, 0, 0, 0
6897, 1, 1636468705365, 1636468705981, 616, 263, 353, 0, 0, 0
6898, 1, 1636468705426, 1636468706041, 615, 270, 345, 0, 0, 0
6899, 1, 1636468705562, 1636468706172, 610, 262, 348, 1, 0, 1
6900, 1, 1636468705586, 1636468706197, 611, 262, 349, 0, 0, 0
6901, 1, 1636468705602, 1636468706216, 614, 262, 352, 0, 1, 1
6903, 1, 1636468705649, 1636468706261, 612, 266, 346, 1, 1, 2
6902, 1, 1636468705624, 1636468706293, 669, 326, 343, 0, 1, 1
6904, 1, 1636468705675, 1636468706293, 618, 267, 351, 0, 1, 1
6905, 1, 1636468705687, 1636468706297, 610, 266, 344, 0, 0, 0
6906, 1, 1636468705765, 1636468706381, 616, 262, 354, 0, 0, 0
6907, 1, 1636468705814, 1636468706428, 614, 266, 348, 0, 0, 0
6908, 1, 1636468705871, 1636468706477, 606, 262, 344, 0, 1, 1
6909, 1, 1636468705874, 1636468706489, 615, 267, 348, 0, 1, 1
6910, 1, 1636468705887, 1636468706497, 610, 262, 348, 0, 0, 0
6911, 1, 1636468706015, 1636468706625, 610, 266, 344, 0, 2, 2
6912, 1, 1636468706068, 1636468706685, 617, 266, 351, 0, 0, 0
6913, 1, 1636468706120, 1636468706737, 617, 266, 351, 0, 0, 0
6915, 1, 1636468706187, 1636468706801, 614, 264, 350, 0, 1, 1
6914, 1, 1636468706186, 1636468706801, 615, 266, 349, 0, 0, 0
6916, 1, 1636468706315, 1636468706925, 610, 262, 348, 0, 0, 0
6917, 1, 1636468706345, 1636468706964, 619, 262, 357, 0, 0, 0
6918, 1, 1636468706450, 1636468707061, 611, 262, 349, 0, 0, 0
6919, 1, 1636468706561, 1636468707180, 619, 267, 352, 1, 0, 1
6920, 1, 1636468706563, 1636468707180, 617, 267, 350, 1, 0, 1
6921, 1, 1636468706592, 1636468707201, 609, 262, 347, 0, 1, 1
6922, 1, 1636468706641, 1636468707257, 616, 266, 350, 0, 2, 2
6923, 1, 1636468706648, 1636468707257, 609, 262, 347, 0, 1, 1
6924, 1, 1636468706674, 1636468707297, 623, 262, 361, 0, 0, 0
6925, 1, 1636468706722, 1636468707344, 622, 267, 355, 1, 0, 1
6926, 1, 1636468706781, 1636468707389, 608, 263, 345, 3, 0, 3
6927, 1, 1636468706782, 1636468707401, 619, 267, 352, 2, 0, 2
6928, 1, 1636468706873, 1636468707481, 608, 263, 345, 0, 0, 0
6929, 1, 1636468706901, 1636468707513, 612, 262, 350, 0, 0, 0
6930, 1, 1636468706904, 1636468707517, 613, 262, 351, 0, 1, 1
6931, 1, 1636468706982, 1636468707588, 606, 262, 344, 0, 1, 1
6933, 1, 1636468707100, 1636468707705, 605, 263, 342, 1, 0, 1
6932, 1, 1636468707090, 1636468707705, 615, 266, 349, 0, 0, 0
6934, 1, 1636468707170, 1636468707781, 611, 262, 349, 1, 0, 1
6935, 1, 1636468707211, 1636468707821, 610, 262, 348, 1, 0, 1
6936, 1, 1636468707290, 1636468707932, 642, 298, 344, 0, 0, 0
6937, 1, 1636468707344, 1636468707953, 609, 263, 346, 0, 0, 0
6938, 1, 1636468707440, 1636468708057, 617, 266, 351, 0, 0, 0
6939, 1, 1636468707561, 1636468708172, 611, 262, 349, 1, 0, 1
6940, 1, 1636468707577, 1636468708189, 612, 262, 350, 0, 0, 0
6941, 1, 1636468707598, 1636468708209, 611, 261, 350, 0, 0, 0
6942, 1, 1636468707648, 1636468708257, 609, 262, 347, 0, 0, 0
6943, 1, 1636468707667, 1636468708277, 610, 262, 348, 0, 0, 0
6944, 1, 1636468707682, 1636468708296, 614, 262, 352, 2, 0, 2
6945, 1, 1636468707722, 1636468708333, 611, 262, 349, 0, 2, 2
6946, 1, 1636468707762, 1636468708373, 611, 262, 349, 1, 0, 1
6947, 1, 1636468707804, 1636468708421, 617, 263, 354, 1, 0, 1
6948, 1, 1636468707861, 1636468708477, 616, 262, 354, 1, 0, 1
6949, 1, 1636468707871, 1636468708489, 618, 262, 356, 0, 0, 0
6950, 1, 1636468707925, 1636468708536, 611, 262, 349, 0, 0, 0
6951, 1, 1636468707950, 1636468708561, 611, 262, 349, 0, 0, 0
6952, 1, 1636468708088, 1636468708701, 613, 267, 346, 1, 0, 1
6953, 1, 1636468708115, 1636468708732, 617, 272, 345, 0, 1, 1
6955, 1, 1636468708201, 1636468708817, 616, 266, 350, 0, 0, 0
6954, 1, 1636468708145, 1636468708844, 699, 347, 352, 1, 1, 2
6956, 1, 1636468708305, 1636468708925, 620, 266, 354, 1, 0, 1
6957, 1, 1636468708370, 1636468708992, 622, 266, 356, 0, 0, 0
6958, 1, 1636468708414, 1636468709081, 667, 320, 347, 1, 1, 2
6959, 1, 1636468708555, 1636468709160, 605, 262, 343, 0, 0, 0
6960, 1, 1636468708559, 1636468709173, 614, 266, 348, 0, 0, 0
6961, 1, 1636468708603, 1636468709217, 614, 267, 347, 1, 1, 2
6962, 1, 1636468708657, 1636468709269, 612, 266, 346, 0, 0, 0
6963, 1, 1636468708665, 1636468709277, 612, 262, 350, 0, 0, 0
6964, 1, 1636468708689, 1636468709297, 608, 263, 345, 1, 0, 1
6965, 1, 1636468708691, 1636468709300, 609, 263, 346, 1, 0, 1
6966, 1, 1636468708754, 1636468709373, 619, 266, 353, 0, 0, 0
6967, 1, 1636468708829, 1636468709441, 612, 263, 349, 2, 0, 2
6968, 1, 1636468708829, 1636468709441, 612, 263, 349, 1, 0, 1
6969, 1, 1636468708855, 1636468709464, 609, 262, 347, 0, 0, 0
6970, 1, 1636468708916, 1636468709529, 613, 262, 351, 0, 0, 0
6971, 1, 1636468708926, 1636468709649, 723, 374, 349, 0, 0, 0
6972, 1, 1636468709108, 1636468709721, 613, 263, 350, 1, 0, 1
6973, 1, 1636468709109, 1636468709721, 612, 263, 349, 1, 0, 1
6974, 1, 1636468709158, 1636468709769, 611, 262, 349, 0, 0, 0
6975, 1, 1636468709176, 1636468709789, 613, 262, 351, 0, 0, 0
6976, 1, 1636468709304, 1636468709921, 617, 270, 347, 0, 1, 1
6977, 1, 1636468709387, 1636468709996, 609, 262, 347, 0, 0, 0
6978, 1, 1636468709389, 1636468710136, 747, 398, 349, 0, 0, 0
6979, 1, 1636468709544, 1636468710156, 612, 262, 350, 0, 0, 0
6980, 1, 1636468709571, 1636468710180, 609, 262, 347, 1, 0, 1
6981, 1, 1636468709574, 1636468710197, 623, 270, 353, 0, 0, 0
6982, 1, 1636468709640, 1636468710253, 613, 262, 351, 0, 0, 0
6983, 1, 1636468709656, 1636468710276, 620, 262, 358, 1, 0, 1
6984, 1, 1636468709657, 1636468710276, 619, 263, 356, 3, 0, 3
6985, 1, 1636468709681, 1636468710297, 616, 262, 354, 0, 0, 0
6986, 1, 1636468709780, 1636468710393, 613, 262, 351, 0, 0, 0
6987, 1, 1636468709822, 1636468710433, 611, 262, 349, 0, 0, 0
6989, 1, 1636468709851, 1636468710469, 618, 267, 351, 1, 0, 1
6990, 1, 1636468709891, 1636468710497, 606, 262, 344, 0, 0, 0
6988, 1, 1636468709830, 1636468710529, 699, 350, 349, 0, 0, 0
6991, 1, 1636468709938, 1636468710545, 607, 262, 345, 0, 0, 0
6992, 1, 1636468710083, 1636468710697, 614, 271, 343, 0, 0, 0
6994, 1, 1636468710155, 1636468710765, 610, 266, 344, 0, 0, 0
6995, 1, 1636468710156, 1636468710781, 625, 271, 354, 1, 1, 2
6993, 1, 1636468710135, 1636468710845, 710, 362, 348, 0, 0, 0
6996, 1, 1636468710320, 1636468710941, 621, 266, 355, 0, 0, 0
6997, 1, 1636468710355, 1636468710977, 622, 275, 347, 0, 0, 0
6998, 1, 1636468710373, 1636468710989, 616, 267, 349, 1, 0, 1
6999, 1, 1636468710539, 1636468711148, 609, 265, 344, 0, 0, 0
7000, 1, 1636468710566, 1636468711177, 611, 263, 348, 0, 0, 0
7001, 1, 1636468710570, 1636468711181, 611, 266, 345, 0, 1, 1
7002, 1, 1636468710620, 1636468711241, 621, 270, 351, 1, 0, 1
7003, 1, 1636468710632, 1636468711249, 617, 266, 351, 0, 0, 0
7004, 1, 1636468710655, 1636468711273, 618, 261, 357, 0, 0, 0
7005, 1, 1636468710686, 1636468711292, 606, 262, 344, 0, 0, 0
7006, 1, 1636468710797, 1636468711413, 616, 263, 353, 0, 1, 1
7007, 1, 1636468710804, 1636468711425, 621, 266, 355, 0, 0, 0
7008, 1, 1636468710854, 1636468711473, 619, 262, 357, 0, 1, 1
7010, 1, 1636468710880, 1636468711493, 613, 262, 351, 0, 0, 0
7011, 1, 1636468710937, 1636468711549, 612, 262, 350, 0, 0, 0
7009, 1, 1636468710877, 1636468711616, 739, 394, 345, 0, 0, 0
7012, 1, 1636468711112, 1636468711728, 616, 266, 350, 0, 0, 0
7013, 1, 1636468711119, 1636468711733, 614, 266, 348, 0, 0, 0
7014, 1, 1636468711144, 1636468711765, 621, 271, 350, 0, 1, 1
7015, 1, 1636468711164, 1636468711785, 621, 270, 351, 0, 0, 0
7016, 1, 1636468711316, 1636468711928, 612, 262, 350, 0, 0, 0
7017, 1, 1636468711347, 1636468711961, 614, 266, 348, 0, 0, 0
7018, 1, 1636468711369, 1636468711985, 616, 264, 352, 2, 0, 2
7019, 1, 1636468711506, 1636468712120, 614, 267, 347, 0, 0, 0
7020, 1, 1636468711562, 1636468712176, 614, 266, 348, 0, 0, 0
7021, 1, 1636468711591, 1636468712201, 610, 263, 347, 0, 0, 0
7022, 1, 1636468711620, 1636468712237, 617, 262, 355, 0, 0, 0
7023, 1, 1636468711634, 1636468712256, 622, 266, 356, 0, 0, 0
7024, 1, 1636468711658, 1636468712269, 611, 266, 345, 0, 0, 0
7025, 1, 1636468711720, 1636468712333, 613, 263, 350, 1, 0, 1
7026, 1, 1636468711792, 1636468712409, 617, 261, 356, 0, 0, 0
7027, 1, 1636468711832, 1636468712449, 617, 262, 355, 0, 0, 0
7028, 1, 1636468711848, 1636468712457, 609, 262, 347, 0, 1, 1
7029, 1, 1636468711852, 1636468712461, 609, 262, 347, 0, 0, 0
7030, 1, 1636468711861, 1636468712473, 612, 263, 349, 0, 0, 0
7031, 1, 1636468711953, 1636468712564, 611, 262, 349, 0, 0, 0
7032, 1, 1636468712087, 1636468712697, 610, 262, 348, 0, 0, 0
7033, 1, 1636468712151, 1636468712760, 609, 262, 347, 1, 0, 1
7034, 1, 1636468712159, 1636468712764, 605, 263, 342, 0, 0, 0
7035, 1, 1636468712160, 1636468712769, 609, 262, 347, 0, 0, 0
7036, 1, 1636468712309, 1636468712925, 616, 262, 354, 0, 0, 0
7037, 1, 1636468712384, 1636468712993, 609, 262, 347, 0, 0, 0
7038, 1, 1636468712394, 1636468713001, 607, 262, 345, 0, 0, 0
7039, 1, 1636468712534, 1636468713149, 615, 261, 354, 1, 0, 1
7040, 1, 1636468712584, 1636468713197, 613, 270, 343, 0, 0, 0
7041, 1, 1636468712588, 1636468713201, 613, 262, 351, 0, 0, 0
7042, 1, 1636468712619, 1636468713237, 618, 262, 356, 2, 0, 2
7043, 1, 1636468712634, 1636468713253, 619, 268, 351, 1, 1, 2
7044, 1, 1636468712682, 1636468713297, 615, 267, 348, 0, 2, 2
7045, 1, 1636468712710, 1636468713333, 623, 262, 361, 0, 0, 0
7046, 1, 1636468712767, 1636468713389, 622, 270, 352, 0, 0, 0
7047, 1, 1636468712836, 1636468713453, 617, 262, 355, 1, 0, 1
7049, 1, 1636468712865, 1636468713477, 612, 268, 344, 1, 0, 1
7048, 1, 1636468712861, 1636468713481, 620, 267, 353, 0, 2, 2
7050, 1, 1636468712874, 1636468713489, 615, 266, 349, 0, 1, 1
7051, 1, 1636468712936, 1636468713561, 625, 270, 355, 0, 1, 1
7052, 1, 1636468713123, 1636468713740, 617, 262, 355, 0, 0, 0
7053, 1, 1636468713134, 1636468713745, 611, 262, 349, 0, 0, 0
7054, 1, 1636468713148, 1636468713765, 617, 262, 355, 0, 0, 0
7055, 1, 1636468713180, 1636468713801, 621, 266, 355, 0, 0, 0
7056, 1, 1636468713336, 1636468713949, 613, 262, 351, 1, 0, 1
7057, 1, 1636468713358, 1636468713973, 615, 266, 349, 0, 0, 0
7058, 1, 1636468713411, 1636468714029, 618, 268, 350, 0, 0, 0
7059, 1, 1636468713533, 1636468714153, 620, 266, 354, 1, 0, 1
7060, 1, 1636468713559, 1636468714165, 606, 262, 344, 0, 0, 0
7061, 1, 1636468713612, 1636468714225, 613, 262, 351, 1, 0, 1
7062, 1, 1636468713635, 1636468714240, 605, 262, 343, 0, 0, 0
7063, 1, 1636468713656, 1636468714269, 613, 263, 350, 0, 0, 0
7064, 1, 1636468713672, 1636468714285, 613, 266, 347, 0, 0, 0
7065, 1, 1636468713679, 1636468714285, 606, 262, 344, 1, 0, 1
7066, 1, 1636468713735, 1636468714341, 606, 262, 344, 0, 0, 0
7067, 1, 1636468713844, 1636468714469, 625, 262, 363, 0, 0, 0
7068, 1, 1636468713857, 1636468714477, 620, 262, 358, 0, 0, 0
7069, 1, 1636468713872, 1636468714489, 617, 266, 351, 0, 0, 0
7071, 1, 1636468713925, 1636468714541, 616, 263, 353, 0, 0, 0
7070, 1, 1636468713900, 1636468714645, 745, 382, 363, 0, 0, 0
7072, 1, 1636468714139, 1636468714753, 614, 263, 351, 0, 0, 0
7073, 1, 1636468714149, 1636468714760, 611, 258, 353, 0, 0, 0
7074, 1, 1636468714155, 1636468714769, 614, 262, 352, 0, 0, 0
7075, 1, 1636468714160, 1636468714776, 616, 258, 358, 0, 0, 0
7076, 1, 1636468714333, 1636468714957, 624, 271, 353, 1, 1, 2
7077, 1, 1636468714360, 1636468714977, 617, 266, 351, 0, 0, 0
7078, 1, 1636468714391, 1636468715000, 609, 262, 347, 1, 0, 1
7079, 1, 1636468714549, 1636468715156, 607, 262, 345, 0, 1, 1
7080, 1, 1636468714573, 1636468715189, 616, 262, 354, 0, 0, 0
7081, 1, 1636468714602, 1636468715221, 619, 263, 356, 0, 1, 1
7082, 1, 1636468714615, 1636468715229, 614, 262, 352, 0, 0, 0
7083, 1, 1636468714646, 1636468715257, 611, 262, 349, 0, 0, 0
7084, 1, 1636468714668, 1636468715289, 621, 267, 354, 0, 1, 1
7086, 1, 1636468714724, 1636468715341, 617, 263, 354, 1, 0, 1
7087, 1, 1636468714812, 1636468715429, 617, 262, 355, 0, 0, 0
7088, 1, 1636468714847, 1636468715465, 618, 266, 352, 0, 0, 0
7089, 1, 1636468714884, 1636468715497, 613, 262, 351, 0, 0, 0
7090, 1, 1636468714905, 1636468715517, 612, 262, 350, 0, 0, 0
7091, 1, 1636468714952, 1636468715569, 617, 270, 347, 0, 0, 0
7085, 1, 1636468714681, 1636468715605, 924, 574, 350, 0, 0, 0
7092, 1, 1636468715114, 1636468715725, 611, 262, 349, 0, 0, 0
7093, 1, 1636468715124, 1636468715745, 621, 266, 355, 0, 1, 1
7094, 1, 1636468715133, 1636468715753, 620, 266, 354, 0, 1, 1
7095, 1, 1636468715185, 1636468715797, 612, 267, 345, 0, 0, 0
7097, 1, 1636468715350, 1636468715964, 614, 263, 351, 1, 1, 2
7098, 1, 1636468715358, 1636468715969, 611, 265, 346, 1, 0, 1
7096, 1, 1636468715349, 1636468715969, 620, 263, 357, 3, 0, 3
7099, 1, 1636468715529, 1636468716141, 612, 265, 347, 0, 0, 0
7100, 1, 1636468715577, 1636468716193, 616, 266, 350, 0, 1, 1
7101, 1, 1636468715605, 1636468716217, 612, 263, 349, 0, 0, 0
7102, 1, 1636468715606, 1636468716220, 614, 263, 351, 0, 1, 1
7103, 1, 1636468715625, 1636468716241, 616, 262, 354, 0, 0, 0
7104, 1, 1636468715669, 1636468716280, 611, 262, 349, 0, 0, 0
7105, 1, 1636468715679, 1636468716284, 605, 263, 342, 1, 0, 1
7106, 1, 1636468715746, 1636468716357, 611, 262, 349, 0, 0, 0
7107, 1, 1636468715787, 1636468716397, 610, 264, 346, 1, 1, 2
7108, 1, 1636468715859, 1636468716465, 606, 262, 344, 0, 0, 0
7109, 1, 1636468715873, 1636468716481, 608, 262, 346, 0, 0, 0
7110, 1, 1636468715884, 1636468716493, 609, 262, 347, 1, 0, 1
7111, 1, 1636468715977, 1636468716589, 612, 262, 350, 0, 0, 0
7112, 1, 1636468716126, 1636468716741, 615, 262, 353, 0, 0, 0
7113, 1, 1636468716140, 1636468716749, 609, 262, 347, 0, 0, 0
7114, 1, 1636468716149, 1636468716765, 616, 263, 353, 0, 1, 1
7115, 1, 1636468716175, 1636468716789, 614, 264, 350, 0, 0, 0
7116, 1, 1636468716319, 1636468716925, 606, 262, 344, 0, 0, 0
7117, 1, 1636468716332, 1636468716949, 617, 270, 347, 0, 0, 0
7118, 1, 1636468716381, 1636468716997, 616, 263, 353, 0, 0, 0
7119, 1, 1636468716522, 1636468717133, 611, 262, 349, 0, 0, 0
7120, 1, 1636468716556, 1636468717169, 613, 266, 347, 0, 0, 0
7121, 1, 1636468716583, 1636468717193, 610, 263, 347, 0, 0, 0
7122, 1, 1636468716593, 1636468717209, 616, 263, 353, 0, 1, 1
7123, 1, 1636468716632, 1636468717249, 617, 262, 355, 0, 0, 0
7124, 1, 1636468716657, 1636468717265, 608, 262, 346, 0, 0, 0
7125, 1, 1636468716691, 1636468717301, 610, 266, 344, 0, 0, 0
7126, 1, 1636468716772, 1636468717385, 613, 263, 350, 0, 1, 1
7127, 1, 1636468716822, 1636468717428, 606, 262, 344, 0, 0, 0
7128, 1, 1636468716850, 1636468717460, 610, 263, 347, 0, 0, 0
7129, 1, 1636468716874, 1636468717481, 607, 262, 345, 0, 0, 0
7130, 1, 1636468716907, 1636468717517, 610, 263, 347, 1, 0, 1
7131, 1, 1636468716968, 1636468717581, 613, 262, 351, 0, 0, 0
7132, 1, 1636468717101, 1636468717721, 620, 266, 354, 0, 0, 0
7133, 1, 1636468717117, 1636468717737, 620, 267, 353, 0, 0, 0
7134, 1, 1636468717149, 1636468717764, 615, 269, 346, 1, 2, 3
7135, 1, 1636468717166, 1636468717777, 611, 262, 349, 0, 1, 1
7136, 1, 1636468717306, 1636468717912, 606, 262, 344, 0, 0, 0
7137, 1, 1636468717360, 1636468717969, 609, 262, 347, 0, 0, 0
7138, 1, 1636468717367, 1636468717981, 614, 267, 347, 1, 1, 2
7139, 1, 1636468717523, 1636468718144, 621, 266, 355, 1, 0, 1
7140, 1, 1636468717547, 1636468718157, 610, 266, 344, 0, 0, 0
7141, 1, 1636468717575, 1636468718189, 614, 266, 348, 0, 0, 0
7142, 1, 1636468717616, 1636468718233, 617, 266, 351, 1, 0, 1
7143, 1, 1636468717656, 1636468718269, 613, 262, 351, 0, 0, 0
7144, 1, 1636468717671, 1636468718281, 610, 262, 348, 0, 0, 0
7145, 1, 1636468717716, 1636468718325, 609, 263, 346, 1, 0, 1
7146, 1, 1636468717766, 1636468718389, 623, 266, 357, 0, 1, 1
7147, 1, 1636468717822, 1636468718437, 615, 266, 349, 0, 0, 0
7148, 1, 1636468717826, 1636468718445, 619, 271, 348, 0, 1, 1
7149, 1, 1636468717897, 1636468718509, 612, 262, 350, 0, 0, 0
7150, 1, 1636468717901, 1636468718513, 612, 262, 350, 0, 1, 1
7151, 1, 1636468717942, 1636468718676, 734, 386, 348, 0, 0, 0
7152, 1, 1636468718106, 1636468718721, 615, 267, 348, 1, 0, 1
7153, 1, 1636468718129, 1636468718741, 612, 262, 350, 0, 0, 0
7154, 1, 1636468718145, 1636468718761, 616, 266, 350, 0, 0, 0
7155, 1, 1636468718149, 1636468718761, 612, 263, 349, 2, 0, 2
7156, 1, 1636468718294, 1636468718905, 611, 262, 349, 0, 0, 0
7157, 1, 1636468718326, 1636468718937, 611, 266, 345, 1, 0, 1
7158, 1, 1636468718336, 1636468718953, 617, 271, 346, 0, 1, 1
7159, 1, 1636468718537, 1636468719157, 620, 270, 350, 0, 0, 0
7160, 1, 1636468718551, 1636468719165, 614, 267, 347, 1, 0, 1
7161, 1, 1636468718571, 1636468719181, 610, 262, 348, 0, 0, 0
7163, 1, 1636468718646, 1636468719253, 607, 262, 345, 0, 0, 0
7162, 1, 1636468718641, 1636468719253, 612, 262, 350, 1, 0, 1
7164, 1, 1636468718703, 1636468719320, 617, 263, 354, 0, 0, 0
7165, 1, 1636468718708, 1636468719325, 617, 266, 351, 0, 1, 1
7166, 1, 1636468718743, 1636468719357, 614, 262, 352, 0, 0, 0
7167, 1, 1636468718832, 1636468719444, 612, 263, 349, 0, 1, 1
7168, 1, 1636468718861, 1636468719473, 612, 263, 349, 1, 0, 1
7170, 1, 1636468718880, 1636468719497, 617, 266, 351, 1, 0, 1
7171, 1, 1636468718918, 1636468719525, 607, 261, 346, 0, 0, 0
7169, 1, 1636468718871, 1636468719605, 734, 382, 352, 1, 0, 1
7172, 1, 1636468719074, 1636468719693, 619, 266, 353, 1, 0, 1
7173, 1, 1636468719096, 1636468719713, 617, 267, 350, 0, 1, 1
7174, 1, 1636468719123, 1636468719740, 617, 262, 355, 0, 0, 0
7175, 1, 1636468719138, 1636468719757, 619, 266, 353, 0, 0, 0
7176, 1, 1636468719301, 1636468719917, 616, 263, 353, 1, 0, 1
7177, 1, 1636468719317, 1636468719941, 624, 267, 357, 1, 1, 2
7178, 1, 1636468719347, 1636468719957, 610, 262, 348, 0, 0, 0
7179, 1, 1636468719555, 1636468720165, 610, 262, 348, 0, 0, 0
7180, 1, 1636468719561, 1636468720168, 607, 263, 344, 0, 1, 1
7181, 1, 1636468719587, 1636468720196, 609, 262, 347, 1, 1, 2
7183, 1, 1636468719634, 1636468720253, 619, 269, 350, 0, 0, 0
7185, 1, 1636468719684, 1636468720296, 612, 261, 351, 0, 0, 0
7184, 1, 1636468719683, 1636468720300, 617, 266, 351, 1, 0, 1
7186, 1, 1636468719780, 1636468720389, 609, 263, 346, 0, 0, 0
7187, 1, 1636468719806, 1636468720417, 611, 262, 349, 0, 0, 0
7188, 1, 1636468719829, 1636468720441, 612, 264, 348, 1, 1, 2
7189, 1, 1636468719847, 1636468720465, 618, 266, 352, 0, 0, 0
7190, 1, 1636468719872, 1636468720493, 621, 263, 358, 0, 0, 0
7182, 1, 1636468719631, 1636468720512, 881, 532, 349, 2, 1, 3
7191, 1, 1636468719906, 1636468720516, 610, 262, 348, 0, 1, 1
7192, 1, 1636468720084, 1636468720704, 620, 266, 354, 0, 0, 0
7193, 1, 1636468720099, 1636468720709, 610, 262, 348, 0, 0, 0
7195, 1, 1636468720119, 1636468720729, 610, 258, 352, 0, 0, 0
7194, 1, 1636468720114, 1636468720729, 615, 262, 353, 1, 0, 1
7196, 1, 1636468720321, 1636468720932, 611, 263, 348, 0, 0, 0
7197, 1, 1636468720334, 1636468720957, 623, 267, 356, 2, 1, 3
7198, 1, 1636468720336, 1636468720957, 621, 267, 354, 2, 0, 2
7200, 1, 1636468720548, 1636468721164, 616, 266, 350, 1, 0, 1
7201, 1, 1636468720555, 1636468721169, 614, 262, 352, 1, 0, 1
7202, 1, 1636468720609, 1636468721225, 616, 266, 350, 0, 0, 0
7203, 1, 1636468720626, 1636468721237, 611, 262, 349, 0, 0, 0
7204, 1, 1636468720675, 1636468721284, 609, 263, 346, 0, 1, 1
7199, 1, 1636468720547, 1636468721301, 754, 410, 344, 0, 0, 0
7205, 1, 1636468720722, 1636468721329, 607, 263, 344, 0, 2, 2
7206, 1, 1636468720781, 1636468721393, 612, 264, 348, 1, 1, 2
7207, 1, 1636468720807, 1636468721421, 614, 266, 348, 0, 0, 0
7208, 1, 1636468720814, 1636468721425, 611, 262, 349, 0, 1, 1
7209, 1, 1636468720839, 1636468721445, 606, 262, 344, 0, 0, 0
7210, 1, 1636468720840, 1636468721449, 609, 262, 347, 1, 0, 1
7211, 1, 1636468720929, 1636468721541, 612, 262, 350, 1, 1, 2
7212, 1, 1636468721074, 1636468721689, 615, 262, 353, 0, 0, 0
7213, 1, 1636468721114, 1636468721721, 607, 262, 345, 0, 0, 0
7214, 1, 1636468721144, 1636468721757, 613, 262, 351, 0, 0, 0
7215, 1, 1636468721150, 1636468721760, 610, 262, 348, 0, 0, 0
7216, 1, 1636468721296, 1636468721912, 616, 271, 345, 1, 0, 1
7217, 1, 1636468721302, 1636468721920, 618, 270, 348, 0, 0, 0
7218, 1, 1636468721326, 1636468721937, 611, 266, 345, 0, 0, 0
7219, 1, 1636468721523, 1636468722137, 614, 266, 348, 0, 0, 0
7220, 1, 1636468721532, 1636468722148, 616, 262, 354, 0, 0, 0
7221, 1, 1636468721565, 1636468722177, 612, 264, 348, 1, 1, 2
7222, 1, 1636468721595, 1636468722209, 614, 262, 352, 0, 1, 1
7223, 1, 1636468721645, 1636468722253, 608, 263, 345, 0, 0, 0
7224, 1, 1636468721650, 1636468722265, 615, 262, 353, 0, 0, 0
7225, 1, 1636468721748, 1636468722360, 612, 266, 346, 0, 0, 0
7226, 1, 1636468721787, 1636468722401, 614, 266, 348, 0, 0, 0
7227, 1, 1636468721815, 1636468722420, 605, 263, 342, 2, 0, 2
7228, 1, 1636468721816, 1636468722424, 608, 263, 345, 3, 0, 3
7229, 1, 1636468721836, 1636468722445, 609, 262, 347, 0, 0, 0
7230, 1, 1636468721841, 1636468722457, 616, 266, 350, 0, 0, 0
7231, 1, 1636468721954, 1636468722565, 611, 258, 353, 0, 0, 0
7232, 1, 1636468722048, 1636468722656, 608, 262, 346, 1, 0, 1
7233, 1, 1636468722118, 1636468722733, 615, 262, 353, 0, 0, 0
7234, 1, 1636468722129, 1636468722740, 611, 262, 349, 0, 0, 0
7235, 1, 1636468722138, 1636468722744, 606, 262, 344, 0, 0, 0
7236, 1, 1636468722278, 1636468722889, 611, 266, 345, 0, 0, 0
7237, 1, 1636468722331, 1636468722940, 609, 264, 345, 0, 0, 0
7238, 1, 1636468722337, 1636468722956, 619, 262, 357, 0, 0, 0
7239, 1, 1636468722501, 1636468723116, 615, 270, 345, 0, 0, 0
7240, 1, 1636468722539, 1636468723157, 618, 263, 355, 1, 0, 1
7241, 1, 1636468722560, 1636468723189, 629, 270, 359, 0, 0, 0
7242, 1, 1636468722616, 1636468723237, 621, 266, 355, 0, 0, 0
7243, 1, 1636468722671, 1636468723293, 622, 266, 356, 0, 0, 0
7244, 1, 1636468722685, 1636468723308, 623, 268, 355, 1, 1, 2
7245, 1, 1636468722727, 1636468723345, 618, 266, 352, 0, 0, 0
7246, 1, 1636468722780, 1636468723401, 621, 266, 355, 0, 0, 0
7248, 1, 1636468722812, 1636468723420, 608, 263, 345, 1, 1, 2
7247, 1, 1636468722810, 1636468723433, 623, 267, 356, 1, 1, 2
7249, 1, 1636468722831, 1636468723453, 622, 270, 352, 0, 0, 0
7250, 1, 1636468722857, 1636468723477, 620, 267, 353, 0, 0, 0
7251, 1, 1636468722948, 1636468723561, 613, 261, 352, 0, 0, 0
7252, 1, 1636468723063, 1636468723673, 610, 266, 344, 0, 0, 0
7253, 1, 1636468723116, 1636468723733, 617, 263, 354, 0, 0, 0
7254, 1, 1636468723129, 1636468723745, 616, 266, 350, 0, 0, 0
7255, 1, 1636468723138, 1636468723748, 610, 263, 347, 0, 0, 0
7256, 1, 1636468723314, 1636468723921, 607, 262, 345, 1, 0, 1
7257, 1, 1636468723327, 1636468723937, 610, 264, 346, 0, 0, 0
7258, 1, 1636468723342, 1636468723948, 606, 262, 344, 0, 0, 0
7259, 1, 1636468723514, 1636468724121, 607, 262, 345, 0, 0, 0
7260, 1, 1636468723523, 1636468724133, 610, 266, 344, 0, 1, 1
7261, 1, 1636468723585, 1636468724205, 620, 266, 354, 1, 0, 1
7262, 1, 1636468723634, 1636468724249, 615, 266, 349, 0, 0, 0
7263, 1, 1636468723656, 1636468724265, 609, 260, 349, 0, 0, 0
7264, 1, 1636468723675, 1636468724285, 610, 262, 348, 1, 0, 1
7265, 1, 1636468723719, 1636468724329, 610, 264, 346, 1, 1, 2
7266, 1, 1636468723748, 1636468724365, 617, 266, 351, 0, 0, 0
7268, 1, 1636468723826, 1636468724441, 615, 263, 352, 1, 0, 1
7267, 1, 1636468723825, 1636468724441, 616, 263, 353, 2, 0, 2
7269, 1, 1636468723843, 1636468724452, 609, 262, 347, 0, 0, 0
7270, 1, 1636468723849, 1636468724456, 607, 262, 345, 1, 0, 1
7271, 1, 1636468723924, 1636468724540, 616, 262, 354, 0, 0, 0
7272, 1, 1636468724074, 1636468724693, 619, 266, 353, 0, 0, 0
7273, 1, 1636468724102, 1636468724713, 611, 262, 349, 0, 0, 0
7274, 1, 1636468724109, 1636468724725, 616, 262, 354, 0, 0, 0
7275, 1, 1636468724152, 1636468724769, 617, 266, 351, 0, 0, 0
7276, 1, 1636468724301, 1636468724921, 620, 271, 349, 0, 0, 0
7277, 1, 1636468724341, 1636468724957, 616, 262, 354, 0, 0, 0
7278, 1, 1636468724353, 1636468724973, 620, 270, 350, 0, 0, 0
7279, 1, 1636468724528, 1636468725149, 621, 270, 351, 0, 1, 1
7280, 1, 1636468724548, 1636468725161, 613, 263, 350, 1, 0, 1
7281, 1, 1636468724570, 1636468725189, 619, 262, 357, 0, 0, 0
7283, 1, 1636468724627, 1636468725240, 613, 266, 347, 1, 0, 1
7282, 1, 1636468724622, 1636468725240, 618, 265, 353, 0, 1, 1
7284, 1, 1636468724685, 1636468725301, 616, 261, 355, 0, 0, 0
7285, 1, 1636468724694, 1636468725304, 610, 262, 348, 1, 0, 1
7286, 1, 1636468724784, 1636468725397, 613, 262, 351, 0, 0, 0
7287, 1, 1636468724800, 1636468725408, 608, 262, 346, 0, 1, 1
7288, 1, 1636468724820, 1636468725433, 613, 262, 351, 0, 0, 0
7290, 1, 1636468724844, 1636468725461, 617, 268, 349, 0, 2, 2
7289, 1, 1636468724836, 1636468725461, 625, 267, 358, 1, 0, 1
7291, 1, 1636468724961, 1636468725577, 616, 262, 354, 1, 1, 2
7292, 1, 1636468725079, 1636468725693, 614, 263, 351, 2, 0, 2
7294, 1, 1636468725085, 1636468725701, 616, 264, 352, 0, 2, 2
7293, 1, 1636468725082, 1636468725701, 619, 266, 353, 0, 0, 0
7295, 1, 1636468725184, 1636468725797, 613, 262, 351, 0, 0, 0
7296, 1, 1636468725321, 1636468725940, 619, 263, 356, 0, 0, 0
7297, 1, 1636468725324, 1636468725940, 616, 263, 353, 2, 0, 2
7298, 1, 1636468725337, 1636468725953, 616, 266, 350, 0, 0, 0
7299, 1, 1636468725537, 1636468726153, 616, 262, 354, 1, 0, 1
7300, 1, 1636468725542, 1636468726153, 611, 262, 349, 1, 0, 1
7301, 1, 1636468725562, 1636468726177, 615, 266, 349, 0, 1, 1
7302, 1, 1636468725598, 1636468726213, 615, 266, 349, 0, 0, 0
7303, 1, 1636468725602, 1636468726225, 623, 270, 353, 1, 0, 1
7304, 1, 1636468725659, 1636468726264, 605, 263, 342, 0, 0, 0
7305, 1, 1636468725730, 1636468726344, 614, 266, 348, 0, 0, 0
7306, 1, 1636468725752, 1636468726381, 629, 273, 356, 0, 0, 0
7307, 1, 1636468725796, 1636468726409, 613, 262, 351, 0, 0, 0
7308, 1, 1636468725815, 1636468726424, 609, 262, 347, 0, 0, 0
7309, 1, 1636468725820, 1636468726441, 621, 263, 358, 0, 0, 0
7310, 1, 1636468725855, 1636468726465, 610, 262, 348, 0, 0, 0
7311, 1, 1636468725993, 1636468726609, 616, 262, 354, 0, 0, 0
7312, 1, 1636468726050, 1636468726677, 627, 272, 355, 2, 1, 3
7313, 1, 1636468726090, 1636468726696, 606, 264, 342, 1, 1, 2
7314, 1, 1636468726113, 1636468726725, 612, 262, 350, 0, 0, 0
7315, 1, 1636468726163, 1636468726773, 610, 263, 347, 0, 0, 0
7317, 1, 1636468726314, 1636468726921, 607, 262, 345, 0, 0, 0
7316, 1, 1636468726300, 1636468726921, 621, 267, 354, 1, 0, 1
7318, 1, 1636468726348, 1636468726961, 613, 262, 351, 1, 0, 1
7319, 1, 1636468726518, 1636468727124, 606, 262, 344, 0, 0, 0
7320, 1, 1636468726537, 1636468727153, 616, 263, 353, 1, 0, 1
7321, 1, 1636468726545, 1636468727164, 619, 266, 353, 0, 0, 0
7322, 1, 1636468726618, 1636468727241, 623, 262, 361, 0, 1, 1
7323, 1, 1636468726632, 1636468727261, 629, 270, 359, 0, 0, 0
7324, 1, 1636468726655, 1636468727264, 609, 266, 343, 0, 1, 1
7325, 1, 1636468726699, 1636468727312, 613, 269, 344, 0, 2, 2
7326, 1, 1636468726785, 1636468727396, 611, 266, 345, 0, 0, 0
7327, 1, 1636468726830, 1636468727445, 615, 263, 352, 1, 1, 2
7328, 1, 1636468726832, 1636468727445, 613, 261, 352, 1, 0, 1
7329, 1, 1636468726846, 1636468727469, 623, 270, 353, 0, 0, 0
7330, 1, 1636468726851, 1636468727469, 618, 266, 352, 0, 0, 0
7331, 1, 1636468726973, 1636468727589, 616, 261, 355, 0, 1, 1
7332, 1, 1636468727029, 1636468727637, 608, 262, 346, 0, 0, 0
7333, 1, 1636468727125, 1636468727741, 616, 267, 349, 1, 1, 2
7334, 1, 1636468727127, 1636468727741, 614, 267, 347, 1, 0, 1
7335, 1, 1636468727155, 1636468727765, 610, 262, 348, 1, 0, 1
7336, 1, 1636468727282, 1636468727897, 615, 266, 349, 0, 0, 0
7337, 1, 1636468727311, 1636468727933, 622, 268, 354, 0, 1, 1
7338, 1, 1636468727356, 1636468727985, 629, 266, 363, 0, 0, 0
7339, 1, 1636468727514, 1636468728125, 611, 262, 349, 0, 0, 0
7340, 1, 1636468727531, 1636468728141, 610, 266, 344, 1, 0, 1
7341, 1, 1636468727572, 1636468728189, 617, 267, 350, 2, 0, 2
7342, 1, 1636468727622, 1636468728229, 607, 261, 346, 0, 0, 0
7343, 1, 1636468727626, 1636468728245, 619, 270, 349, 0, 0, 0
7344, 1, 1636468727690, 1636468728305, 615, 262, 353, 0, 0, 0
7345, 1, 1636468727710, 1636468728317, 607, 262, 345, 0, 1, 1
7346, 1, 1636468727759, 1636468728385, 626, 270, 356, 0, 0, 0
7347, 1, 1636468727827, 1636468728441, 614, 263, 351, 1, 0, 1
7348, 1, 1636468727831, 1636468728445, 614, 263, 351, 1, 0, 1
7349, 1, 1636468727843, 1636468728457, 614, 267, 347, 0, 0, 0
7350, 1, 1636468727864, 1636468728481, 617, 262, 355, 0, 0, 0
7351, 1, 1636468727966, 1636468728581, 615, 262, 353, 0, 0, 0
7352, 1, 1636468728056, 1636468728672, 616, 262, 354, 0, 0, 0
7353, 1, 1636468728118, 1636468728728, 610, 262, 348, 0, 0, 0
7354, 1, 1636468728130, 1636468728745, 615, 263, 352, 0, 0, 0
7355, 1, 1636468728133, 1636468728745, 612, 262, 350, 0, 1, 1
7356, 1, 1636468728317, 1636468728936, 619, 262, 357, 1, 0, 1
7357, 1, 1636468728325, 1636468728941, 616, 262, 354, 0, 0, 0
7358, 1, 1636468728343, 1636468728957, 614, 263, 351, 1, 0, 1
7359, 1, 1636468728490, 1636468729105, 615, 262, 353, 0, 0, 0
7360, 1, 1636468728540, 1636468729161, 621, 266, 355, 0, 0, 0
7361, 1, 1636468728558, 1636468729177, 619, 270, 349, 0, 0, 0
7362, 1, 1636468728610, 1636468729221, 611, 266, 345, 0, 0, 0
7363, 1, 1636468728658, 1636468729273, 615, 266, 349, 1, 0, 1
7364, 1, 1636468728687, 1636468729297, 610, 262, 348, 0, 0, 0
7365, 1, 1636468728701, 1636468729317, 616, 266, 350, 0, 0, 0
7366, 1, 1636468728753, 1636468729361, 608, 262, 346, 0, 1, 1
7367, 1, 1636468728823, 1636468729441, 618, 262, 356, 0, 0, 0
7368, 1, 1636468728833, 1636468729444, 611, 262, 349, 0, 0, 0
7369, 1, 1636468728851, 1636468729468, 617, 262, 355, 0, 0, 0
7370, 1, 1636468728856, 1636468729468, 612, 263, 349, 1, 1, 2
7371, 1, 1636468728942, 1636468729561, 619, 262, 357, 0, 0, 0
7372, 1, 1636468729089, 1636468729705, 616, 262, 354, 0, 0, 0
7373, 1, 1636468729104, 1636468729724, 620, 266, 354, 0, 0, 0
7374, 1, 1636468729126, 1636468729745, 619, 268, 351, 1, 0, 1
7375, 1, 1636468729166, 1636468729773, 607, 262, 345, 0, 0, 0
7376, 1, 1636468729286, 1636468729897, 611, 266, 345, 0, 0, 0
7377, 1, 1636468729300, 1636468729921, 621, 274, 347, 0, 0, 0
7378, 1, 1636468729334, 1636468729945, 611, 263, 348, 1, 0, 1
7379, 1, 1636468729495, 1636468730113, 618, 264, 354, 1, 1, 2
7380, 1, 1636468729537, 1636468730153, 616, 262, 354, 0, 0, 0
7381, 1, 1636468729572, 1636468730188, 616, 262, 354, 0, 0, 0
7382, 1, 1636468729602, 1636468730224, 622, 266, 356, 0, 0, 0
7383, 1, 1636468729632, 1636468730244, 612, 262, 350, 0, 0, 0
7384, 1, 1636468729662, 1636468730273, 611, 267, 344, 0, 0, 0
7385, 1, 1636468729709, 1636468730321, 612, 262, 350, 1, 0, 1
7386, 1, 1636468729768, 1636468730385, 617, 266, 351, 0, 0, 0
7387, 1, 1636468729798, 1636468730417, 619, 266, 353, 1, 0, 1
7388, 1, 1636468729822, 1636468730436, 614, 265, 349, 0, 0, 0
7389, 1, 1636468729864, 1636468730481, 617, 263, 354, 1, 0, 1
7390, 1, 1636468729866, 1636468730481, 615, 263, 352, 1, 0, 1
7391, 1, 1636468729977, 1636468730589, 612, 262, 350, 1, 0, 1
7392, 1, 1636468730080, 1636468730693, 613, 263, 350, 0, 1, 1
7393, 1, 1636468730084, 1636468730696, 612, 262, 350, 0, 0, 0
7394, 1, 1636468730144, 1636468730757, 613, 262, 351, 0, 0, 0
7395, 1, 1636468730166, 1636468730781, 615, 262, 353, 1, 0, 1
7396, 1, 1636468730297, 1636468730913, 616, 261, 355, 1, 0, 1
7397, 1, 1636468730312, 1636468730929, 617, 267, 350, 1, 0, 1
7398, 1, 1636468730343, 1636468730953, 610, 264, 346, 2, 0, 2
7400, 1, 1636468730529, 1636468731148, 619, 271, 348, 1, 1, 2
7399, 1, 1636468730528, 1636468731148, 620, 267, 353, 1, 1, 2
7401, 1, 1636468730546, 1636468731161, 615, 267, 348, 0, 0, 0
7402, 1, 1636468730570, 1636468731180, 610, 262, 348, 0, 0, 0
7403, 1, 1636468730607, 1636468731213, 606, 262, 344, 1, 0, 1
7404, 1, 1636468730679, 1636468731289, 610, 262, 348, 0, 0, 0
7405, 1, 1636468730698, 1636468731305, 607, 264, 343, 0, 1, 1
7406, 1, 1636468730780, 1636468731393, 613, 262, 351, 0, 0, 0
7407, 1, 1636468730798, 1636468731409, 611, 262, 349, 0, 1, 1
7408, 1, 1636468730833, 1636468731441, 608, 262, 346, 0, 0, 0
7409, 1, 1636468730857, 1636468731469, 612, 262, 350, 0, 1, 1
7410, 1, 1636468730882, 1636468731497, 615, 266, 349, 0, 0, 0
7411, 1, 1636468730946, 1636468731553, 607, 261, 346, 0, 0, 0
7412, 1, 1636468731088, 1636468731700, 612, 263, 349, 3, 0, 3
7413, 1, 1636468731089, 1636468731700, 611, 263, 348, 2, 0, 2
7414, 1, 1636468731136, 1636468731749, 613, 263, 350, 1, 0, 1
7415, 1, 1636468731176, 1636468731793, 617, 262, 355, 2, 0, 2
7416, 1, 1636468731271, 1636468731876, 605, 261, 344, 0, 0, 0
7417, 1, 1636468731345, 1636468731953, 608, 262, 346, 0, 0, 0
7418, 1, 1636468731361, 1636468731973, 612, 262, 350, 0, 0, 0
7419, 1, 1636468731505, 1636468732121, 616, 266, 350, 1, 0, 1
7420, 1, 1636468731509, 1636468732121, 612, 263, 349, 1, 1, 2
7421, 1, 1636468731521, 1636468732129, 608, 262, 346, 0, 0, 0
7422, 1, 1636468731606, 1636468732225, 619, 265, 354, 0, 0, 0
7423, 1, 1636468731621, 1636468732241, 620, 270, 350, 0, 0, 0
7424, 1, 1636468731655, 1636468732273, 618, 266, 352, 0, 0, 0
7425, 1, 1636468731714, 1636468732329, 615, 262, 353, 1, 0, 1
7426, 1, 1636468731787, 1636468732400, 613, 262, 351, 0, 0, 0
7427, 1, 1636468731803, 1636468732417, 614, 262, 352, 0, 0, 0
7428, 1, 1636468731834, 1636468732445, 611, 266, 345, 0, 0, 0
7429, 1, 1636468731865, 1636468732477, 612, 262, 350, 0, 0, 0
7430, 1, 1636468731874, 1636468732489, 615, 263, 352, 1, 0, 1
7431, 1, 1636468731982, 1636468732601, 619, 266, 353, 0, 0, 0
7432, 1, 1636468732103, 1636468732717, 614, 263, 351, 1, 0, 1
7433, 1, 1636468732106, 1636468732720, 614, 263, 351, 1, 0, 1
7434, 1, 1636468732122, 1636468732737, 615, 262, 353, 0, 0, 0
7435, 1, 1636468732151, 1636468732769, 618, 262, 356, 0, 0, 0
7436, 1, 1636468732267, 1636468732877, 610, 262, 348, 0, 0, 0
7437, 1, 1636468732314, 1636468732933, 619, 266, 353, 0, 1, 1
7438, 1, 1636468732352, 1636468732965, 613, 263, 350, 1, 0, 1
7439, 1, 1636468732517, 1636468733129, 612, 263, 349, 1, 1, 2
7440, 1, 1636468732535, 1636468733145, 610, 262, 348, 0, 0, 0
7441, 1, 1636468732539, 1636468733152, 613, 266, 347, 0, 0, 0
7442, 1, 1636468732595, 1636468733209, 614, 265, 349, 0, 0, 0
7443, 1, 1636468732630, 1636468733249, 619, 262, 357, 1, 1, 2
7444, 1, 1636468732660, 1636468733280, 620, 267, 353, 0, 0, 0
7445, 1, 1636468732723, 1636468733333, 610, 258, 352, 0, 0, 0
7446, 1, 1636468732758, 1636468733376, 618, 262, 356, 0, 0, 0
7448, 1, 1636468732841, 1636468733457, 616, 263, 353, 1, 0, 1
7447, 1, 1636468732836, 1636468733457, 621, 262, 359, 1, 0, 1
7449, 1, 1636468732843, 1636468733457, 614, 271, 343, 2, 0, 2
7450, 1, 1636468732882, 1636468733493, 611, 264, 347, 1, 2, 3
7451, 1, 1636468732956, 1636468733565, 609, 262, 347, 0, 0, 0
7452, 1, 1636468733098, 1636468733709, 611, 262, 349, 0, 0, 0
7453, 1, 1636468733103, 1636468733713, 610, 263, 347, 0, 0, 0
7454, 1, 1636468733112, 1636468733729, 617, 262, 355, 0, 1, 1
7455, 1, 1636468733126, 1636468733737, 611, 262, 349, 0, 0, 0
7456, 1, 1636468733302, 1636468733913, 611, 262, 349, 0, 0, 0
7457, 1, 1636468733320, 1636468733929, 609, 263, 346, 1, 0, 1
7458, 1, 1636468733322, 1636468733933, 611, 262, 349, 0, 0, 0
7459, 1, 1636468733508, 1636468734129, 621, 266, 355, 0, 0, 0
7460, 1, 1636468733535, 1636468734149, 614, 266, 348, 0, 0, 0
7461, 1, 1636468733547, 1636468734164, 617, 270, 347, 0, 1, 1
7462, 1, 1636468733605, 1636468734221, 616, 266, 350, 0, 2, 2
7463, 1, 1636468733638, 1636468734252, 614, 266, 348, 1, 0, 1
7464, 1, 1636468733691, 1636468734297, 606, 262, 344, 0, 0, 0
7465, 1, 1636468733719, 1636468734329, 610, 266, 344, 0, 0, 0
7466, 1, 1636468733734, 1636468734349, 615, 271, 344, 1, 1, 2
7468, 1, 1636468733818, 1636468734428, 610, 262, 348, 1, 0, 1
7467, 1, 1636468733817, 1636468734428, 611, 261, 350, 1, 0, 1
7469, 1, 1636468733841, 1636468734457, 616, 262, 354, 0, 0, 0
7470, 1, 1636468733875, 1636468734489, 614, 262, 352, 0, 0, 0
7471, 1, 1636468733953, 1636468734569, 616, 262, 354, 0, 0, 0
7472, 1, 1636468734066, 1636468734681, 615, 262, 353, 0, 0, 0
7474, 1, 1636468734121, 1636468734737, 616, 262, 354, 0, 0, 0
7473, 1, 1636468734121, 1636468734737, 616, 267, 349, 1, 0, 1
7475, 1, 1636468734161, 1636468734773, 612, 263, 349, 0, 1, 1
7476, 1, 1636468734314, 1636468734925, 611, 262, 349, 0, 0, 0
7478, 1, 1636468734339, 1636468734953, 614, 267, 347, 3, 0, 3
7477, 1, 1636468734339, 1636468734957, 618, 271, 347, 0, 1, 1
7479, 1, 1636468734527, 1636468735153, 626, 270, 356, 0, 0, 0
7480, 1, 1636468734539, 1636468735165, 626, 265, 361, 0, 0, 0
7481, 1, 1636468734555, 1636468735173, 618, 266, 352, 0, 0, 0
7482, 1, 1636468734579, 1636468735200, 621, 266, 355, 0, 0, 0
7483, 1, 1636468734608, 1636468735228, 620, 266, 354, 0, 0, 0
7484, 1, 1636468734660, 1636468735293, 633, 274, 359, 0, 1, 1
7485, 1, 1636468734695, 1636468735309, 614, 262, 352, 0, 0, 0
7486, 1, 1636468734739, 1636468735353, 614, 270, 344, 1, 0, 1
7487, 1, 1636468734792, 1636468735409, 617, 266, 351, 0, 0, 0
7488, 1, 1636468734825, 1636468735441, 616, 262, 354, 1, 0, 1
7489, 1, 1636468734842, 1636468735457, 615, 262, 353, 0, 0, 0
7490, 1, 1636468734859, 1636468735477, 618, 270, 348, 0, 0, 0
7491, 1, 1636468734988, 1636468735605, 617, 262, 355, 0, 0, 0
7492, 1, 1636468735066, 1636468735677, 611, 263, 348, 1, 1, 2
7493, 1, 1636468735140, 1636468735757, 617, 262, 355, 0, 0, 0
7494, 1, 1636468735148, 1636468735768, 620, 267, 353, 1, 1, 2
7495, 1, 1636468735172, 1636468735793, 621, 263, 358, 0, 0, 0
7496, 1, 1636468735322, 1636468735933, 611, 262, 349, 0, 0, 0
7497, 1, 1636468735332, 1636468735944, 612, 263, 349, 1, 1, 2
7498, 1, 1636468735357, 1636468735969, 612, 266, 346, 0, 0, 0
7499, 1, 1636468735507, 1636468736112, 605, 263, 342, 0, 0, 0
7501, 1, 1636468735530, 1636468736141, 611, 263, 348, 1, 1, 2
7500, 1, 1636468735524, 1636468736145, 621, 266, 355, 0, 0, 0
7502, 1, 1636468735573, 1636468736185, 612, 263, 349, 1, 0, 1
7503, 1, 1636468735587, 1636468736201, 614, 266, 348, 1, 0, 1
7504, 1, 1636468735676, 1636468736297, 621, 262, 359, 1, 0, 1
7505, 1, 1636468735701, 1636468736321, 620, 262, 358, 1, 0, 1
7506, 1, 1636468735772, 1636468736381, 609, 258, 351, 0, 1, 1
7507, 1, 1636468735828, 1636468736445, 617, 262, 355, 0, 0, 0
7508, 1, 1636468735842, 1636468736457, 615, 261, 354, 1, 0, 1
7509, 1, 1636468735844, 1636468736469, 625, 265, 360, 1, 0, 1
7510, 1, 1636468735886, 1636468736501, 615, 263, 352, 1, 0, 1
7511, 1, 1636468736000, 1636468736625, 625, 270, 355, 0, 0, 0
7512, 1, 1636468736083, 1636468736693, 610, 266, 344, 0, 0, 0
7513, 1, 1636468736130, 1636468736741, 611, 266, 345, 0, 0, 0
7514, 1, 1636468736132, 1636468736741, 609, 262, 347, 0, 0, 0
7515, 1, 1636468736191, 1636468736801, 610, 262, 348, 0, 0, 0
7516, 1, 1636468736291, 1636468736905, 614, 262, 352, 1, 0, 1
7517, 1, 1636468736299, 1636468736909, 610, 263, 347, 1, 1, 2
7518, 1, 1636468736385, 1636468736997, 612, 258, 354, 0, 0, 0
7519, 1, 1636468736503, 1636468737125, 622, 262, 360, 2, 1, 3
7520, 1, 1636468736506, 1636468737125, 619, 262, 357, 1, 1, 2
7521, 1, 1636468736527, 1636468737141, 614, 262, 352, 0, 0, 0
7522, 1, 1636468736592, 1636468737209, 617, 262, 355, 2, 0, 2
7523, 1, 1636468736609, 1636468737221, 612, 266, 346, 0, 0, 0
7524, 1, 1636468736688, 1636468737304, 616, 266, 350, 0, 1, 1
7525, 1, 1636468736732, 1636468737341, 609, 264, 345, 0, 1, 1
7526, 1, 1636468736742, 1636468737348, 606, 262, 344, 0, 0, 0
7527, 1, 1636468736838, 1636468737449, 611, 262, 349, 0, 0, 0
7528, 1, 1636468736840, 1636468737457, 617, 266, 351, 1, 0, 1
7529, 1, 1636468736860, 1636468737473, 613, 263, 350, 0, 1, 1
7530, 1, 1636468736885, 1636468737500, 615, 264, 351, 1, 0, 1
7531, 1, 1636468737019, 1636468737625, 606, 262, 344, 0, 0, 0
7532, 1, 1636468737084, 1636468737697, 613, 263, 350, 1, 1, 2
7533, 1, 1636468737098, 1636468737709, 611, 262, 349, 0, 0, 0
7534, 1, 1636468737155, 1636468737769, 614, 262, 352, 0, 0, 0
7535, 1, 1636468737160, 1636468737776, 616, 262, 354, 0, 0, 0
7536, 1, 1636468737268, 1636468737880, 612, 263, 349, 0, 0, 0
7537, 1, 1636468737299, 1636468737913, 614, 263, 351, 2, 0, 2
7538, 1, 1636468737385, 1636468737996, 611, 262, 349, 0, 0, 0
7539, 1, 1636468737514, 1636468738125, 611, 262, 349, 0, 0, 0
7540, 1, 1636468737542, 1636468738149, 607, 262, 345, 1, 0, 1
7541, 1, 1636468737544, 1636468738165, 621, 266, 355, 0, 0, 0
7542, 1, 1636468737619, 1636468738229, 610, 263, 347, 1, 0, 1
7543, 1, 1636468737626, 1636468738245, 619, 262, 357, 1, 0, 1
7544, 1, 1636468737680, 1636468738293, 613, 262, 351, 0, 0, 0
7545, 1, 1636468737722, 1636468738337, 615, 270, 345, 0, 1, 1
7546, 1, 1636468737776, 1636468738393, 617, 266, 351, 0, 0, 0
7547, 1, 1636468737808, 1636468738433, 625, 267, 358, 0, 0, 0
7548, 1, 1636468737846, 1636468738457, 611, 263, 348, 0, 1, 1
7549, 1, 1636468737886, 1636468738504, 618, 263, 355, 0, 1, 1
7550, 1, 1636468737909, 1636468738521, 612, 264, 348, 0, 1, 1
7551, 1, 1636468738015, 1636468738629, 614, 266, 348, 0, 0, 0
7552, 1, 1636468738083, 1636468738696, 613, 267, 346, 0, 0, 0
7553, 1, 1636468738098, 1636468738713, 615, 271, 344, 0, 1, 1
7554, 1, 1636468738136, 1636468738745, 609, 262, 347, 0, 0, 0
7555, 1, 1636468738161, 1636468738769, 608, 262, 346, 0, 0, 0
7556, 1, 1636468738273, 1636468738885, 612, 262, 350, 0, 0, 0
7557, 1, 1636468738317, 1636468738937, 620, 266, 354, 0, 0, 0
7558, 1, 1636468738408, 1636468739028, 620, 264, 356, 1, 1, 2
7559, 1, 1636468738547, 1636468739165, 618, 266, 352, 0, 0, 0
7560, 1, 1636468738557, 1636468739165, 608, 261, 347, 0, 0, 0
7561, 1, 1636468738569, 1636468739181, 612, 262, 350, 0, 0, 0
7562, 1, 1636468738606, 1636468739221, 615, 266, 349, 0, 0, 0
7563, 1, 1636468738627, 1636468739237, 610, 266, 344, 0, 1, 1
7564, 1, 1636468738647, 1636468739269, 622, 270, 352, 1, 0, 1
7565, 1, 1636468738731, 1636468739340, 609, 262, 347, 1, 0, 1
7566, 1, 1636468738795, 1636468739409, 614, 266, 348, 0, 0, 0
7567, 1, 1636468738810, 1636468739425, 615, 262, 353, 0, 0, 0
7568, 1, 1636468738817, 1636468739433, 616, 262, 354, 0, 1, 1
7569, 1, 1636468738886, 1636468739505, 619, 268, 351, 1, 1, 2
7570, 1, 1636468738915, 1636468739529, 614, 263, 351, 1, 0, 1
7571, 1, 1636468738991, 1636468739605, 614, 266, 348, 0, 0, 0
7572, 1, 1636468739107, 1636468739713, 606, 262, 344, 0, 0, 0
7573, 1, 1636468739116, 1636468739733, 617, 265, 352, 0, 0, 0
7574, 1, 1636468739162, 1636468739773, 611, 263, 348, 1, 0, 1
7575, 1, 1636468739196, 1636468739809, 613, 266, 347, 0, 0, 0
7576, 1, 1636468739307, 1636468739921, 614, 266, 348, 0, 0, 0
7577, 1, 1636468739341, 1636468739957, 616, 262, 354, 1, 0, 1
7578, 1, 1636468739443, 1636468740065, 622, 263, 359, 0, 0, 0
7579, 1, 1636468739538, 1636468740157, 619, 262, 357, 0, 0, 0
7581, 1, 1636468739570, 1636468740176, 606, 263, 343, 1, 1, 2
7580, 1, 1636468739568, 1636468740196, 628, 263, 365, 2, 0, 2
7582, 1, 1636468739597, 1636468740212, 615, 262, 353, 0, 0, 0
7583, 1, 1636468739614, 1636468740232, 618, 266, 352, 0, 0, 0
7584, 1, 1636468739648, 1636468740264, 616, 262, 354, 0, 0, 0
7585, 1, 1636468739749, 1636468740364, 615, 268, 347, 0, 0, 0
7586, 1, 1636468739786, 1636468740405, 619, 266, 353, 0, 0, 0
7587, 1, 1636468739793, 1636468740413, 620, 267, 353, 0, 2, 2
7588, 1, 1636468739827, 1636468740437, 610, 266, 344, 0, 0, 0
7589, 1, 1636468739910, 1636468740520, 610, 266, 344, 0, 0, 0
7590, 1, 1636468739948, 1636468740581, 633, 286, 347, 0, 0, 0
7591, 1, 1636468739997, 1636468740601, 604, 259, 345, 0, 1, 1
7592, 1, 1636468740125, 1636468740737, 612, 262, 350, 0, 0, 0
7593, 1, 1636468740144, 1636468740757, 613, 266, 347, 0, 0, 0
7594, 1, 1636468740187, 1636468740797, 610, 261, 349, 0, 0, 0
7595, 1, 1636468740195, 1636468740801, 606, 255, 351, 0, 0, 0
7596, 1, 1636468740298, 1636468740904, 606, 262, 344, 0, 0, 0
7597, 1, 1636468740340, 1636468740952, 612, 267, 345, 1, 0, 1
7598, 1, 1636468740466, 1636468741076, 610, 265, 345, 0, 0, 0
7600, 1, 1636468740565, 1636468741177, 612, 262, 350, 0, 1, 1
7601, 1, 1636468740573, 1636468741189, 616, 262, 354, 0, 0, 0
7602, 1, 1636468740593, 1636468741209, 616, 263, 353, 1, 1, 2
7603, 1, 1636468740632, 1636468741241, 609, 262, 347, 0, 0, 0
7604, 1, 1636468740667, 1636468741276, 609, 266, 343, 0, 1, 1
7605, 1, 1636468740742, 1636468741357, 615, 262, 353, 0, 1, 1
7606, 1, 1636468740753, 1636468741373, 620, 263, 357, 2, 0, 2
7607, 1, 1636468740803, 1636468741412, 609, 263, 346, 1, 0, 1
7599, 1, 1636468740546, 1636468741429, 883, 534, 349, 0, 0, 0
7608, 1, 1636468740828, 1636468741449, 621, 262, 359, 0, 0, 0
7610, 1, 1636468740920, 1636468741529, 609, 263, 346, 2, 0, 2
7609, 1, 1636468740916, 1636468741529, 613, 263, 350, 2, 0, 2
7611, 1, 1636468741035, 1636468741644, 609, 263, 346, 0, 2, 2
7612, 1, 1636468741144, 1636468741765, 621, 266, 355, 0, 1, 1
7614, 1, 1636468741164, 1636468741780, 616, 263, 353, 0, 0, 0
7613, 1, 1636468741158, 1636468741780, 622, 266, 356, 1, 0, 1
7615, 1, 1636468741200, 1636468741816, 616, 264, 352, 1, 0, 1
7617, 1, 1636468741364, 1636468741981, 617, 263, 354, 0, 1, 1
7618, 1, 1636468741455, 1636468742069, 614, 264, 350, 1, 2, 3
7616, 1, 1636468741333, 1636468742125, 792, 446, 346, 0, 0, 0
7619, 1, 1636468741540, 1636468742152, 612, 262, 350, 0, 0, 0
7620, 1, 1636468741548, 1636468742172, 624, 270, 354, 1, 1, 2
7621, 1, 1636468741578, 1636468742193, 615, 262, 353, 0, 0, 0
7623, 1, 1636468741598, 1636468742213, 615, 262, 353, 0, 0, 0
7622, 1, 1636468741594, 1636468742213, 619, 263, 356, 0, 1, 1
7624, 1, 1636468741694, 1636468742305, 611, 266, 345, 1, 0, 1
7625, 1, 1636468741709, 1636468742321, 612, 261, 351, 0, 0, 0
7626, 1, 1636468741754, 1636468742365, 611, 263, 348, 2, 0, 2
7627, 1, 1636468741809, 1636468742433, 624, 263, 361, 1, 0, 1
7628, 1, 1636468741836, 1636468742457, 621, 266, 355, 1, 0, 1
7629, 1, 1636468741945, 1636468742553, 608, 262, 346, 0, 0, 0
7630, 1, 1636468741949, 1636468742565, 616, 262, 354, 0, 0, 0
7631, 1, 1636468742026, 1636468742641, 615, 262, 353, 0, 0, 0
7632, 1, 1636468742152, 1636468742765, 613, 262, 351, 0, 0, 0
7633, 1, 1636468742170, 1636468742777, 607, 262, 345, 0, 0, 0
7635, 1, 1636468742211, 1636468742821, 610, 266, 344, 0, 0, 0
7634, 1, 1636468742172, 1636468742908, 736, 390, 346, 0, 0, 0
7636, 1, 1636468742345, 1636468742965, 620, 270, 350, 0, 0, 0
7637, 1, 1636468742370, 1636468742977, 607, 262, 345, 0, 0, 0
7638, 1, 1636468742468, 1636468743080, 612, 262, 350, 0, 0, 0
7639, 1, 1636468742544, 1636468743157, 613, 262, 351, 1, 1, 2
7640, 1, 1636468742546, 1636468743157, 611, 262, 349, 2, 0, 2
7641, 1, 1636468742574, 1636468743189, 615, 262, 353, 0, 0, 0
7642, 1, 1636468742611, 1636468743221, 610, 266, 344, 0, 0, 0
7643, 1, 1636468742632, 1636468743256, 624, 278, 346, 0, 0, 0
7644, 1, 1636468742693, 1636468743301, 608, 262, 346, 0, 0, 0
7645, 1, 1636468742709, 1636468743317, 608, 262, 346, 0, 0, 0
7646, 1, 1636468742773, 1636468743385, 612, 262, 350, 0, 0, 0
7647, 1, 1636468742818, 1636468743429, 611, 263, 348, 0, 0, 0
7648, 1, 1636468742835, 1636468743449, 614, 262, 352, 0, 0, 0
7649, 1, 1636468742939, 1636468743545, 606, 262, 344, 0, 0, 0
7650, 1, 1636468742952, 1636468743569, 617, 262, 355, 0, 0, 0
7651, 1, 1636468743034, 1636468743653, 619, 262, 357, 0, 0, 0
7652, 1, 1636468743165, 1636468743792, 627, 270, 357, 0, 0, 0
7653, 1, 1636468743189, 1636468743813, 624, 266, 358, 0, 0, 0
7654, 1, 1636468743194, 1636468743813, 619, 262, 357, 0, 0, 0
7655, 1, 1636468743239, 1636468743857, 618, 262, 356, 0, 0, 0
7656, 1, 1636468743341, 1636468743961, 620, 267, 353, 0, 1, 1
7657, 1, 1636468743404, 1636468744021, 617, 267, 350, 0, 1, 1
7658, 1, 1636468743479, 1636468744105, 626, 266, 360, 0, 0, 0
7659, 1, 1636468743512, 1636468744149, 637, 274, 363, 0, 1, 1
7660, 1, 1636468743574, 1636468744193, 619, 266, 353, 0, 0, 0
7661, 1, 1636468743580, 1636468744201, 621, 266, 355, 0, 0, 0
7662, 1, 1636468743602, 1636468744221, 619, 270, 349, 0, 0, 0
7663, 1, 1636468743627, 1636468744257, 630, 275, 355, 0, 0, 0
7664, 1, 1636468743696, 1636468744321, 625, 266, 359, 0, 0, 0
7665, 1, 1636468743723, 1636468744349, 626, 266, 360, 0, 0, 0
7666, 1, 1636468743801, 1636468744421, 620, 270, 350, 1, 0, 1
7667, 1, 1636468743826, 1636468744449, 623, 262, 361, 0, 0, 0
7668, 1, 1636468743840, 1636468744472, 632, 271, 361, 1, 0, 1
7669, 1, 1636468743964, 1636468744597, 633, 274, 359, 0, 1, 1
7670, 1, 1636468743977, 1636468744597, 620, 266, 354, 0, 0, 0
7671, 1, 1636468744053, 1636468744676, 623, 266, 357, 0, 0, 0
7672, 1, 1636468744179, 1636468744801, 622, 271, 351, 1, 0, 1
7673, 1, 1636468744186, 1636468744813, 627, 274, 353, 0, 0, 0
7674, 1, 1636468744211, 1636468744837, 626, 275, 351, 0, 0, 0
7675, 1, 1636468744247, 1636468744861, 614, 267, 347, 0, 1, 1
7676, 1, 1636468744321, 1636468744932, 611, 265, 346, 1, 0, 1
7677, 1, 1636468744394, 1636468745017, 623, 267, 356, 0, 1, 1
7678, 1, 1636468744484, 1636468745097, 613, 264, 349, 0, 1, 1
7679, 1, 1636468744545, 1636468745161, 616, 271, 345, 0, 0, 0
7680, 1, 1636468744560, 1636468745169, 609, 262, 347, 0, 0, 0
7681, 1, 1636468744592, 1636468745205, 613, 264, 349, 0, 0, 0
7682, 1, 1636468744611, 1636468745225, 614, 266, 348, 0, 0, 0
7683, 1, 1636468744640, 1636468745257, 617, 267, 350, 1, 1, 2
7684, 1, 1636468744731, 1636468745345, 614, 261, 353, 0, 0, 0
7685, 1, 1636468744748, 1636468745365, 617, 265, 352, 0, 0, 0
7686, 1, 1636468744782, 1636468745393, 611, 262, 349, 0, 0, 0
7687, 1, 1636468744837, 1636468745453, 616, 262, 354, 0, 0, 0
7688, 1, 1636468744860, 1636468745569, 709, 362, 347, 0, 0, 0
7689, 1, 1636468744986, 1636468745592, 606, 262, 344, 0, 0, 0
7690, 1, 1636468744992, 1636468745608, 616, 263, 353, 0, 0, 0
7691, 1, 1636468745050, 1636468745656, 606, 262, 344, 0, 0, 0
7692, 1, 1636468745166, 1636468745785, 619, 266, 353, 1, 0, 1
7693, 1, 1636468745184, 1636468745801, 617, 263, 354, 2, 1, 3
7694, 1, 1636468745205, 1636468745821, 616, 262, 354, 0, 0, 0
7695, 1, 1636468745233, 1636468745849, 616, 267, 349, 1, 0, 1
7696, 1, 1636468745322, 1636468745937, 615, 267, 348, 1, 0, 1
7697, 1, 1636468745425, 1636468746041, 616, 266, 350, 0, 0, 0
7698, 1, 1636468745491, 1636468746101, 610, 263, 347, 0, 0, 0
7699, 1, 1636468745563, 1636468746181, 618, 262, 356, 0, 0, 0
7700, 1, 1636468745595, 1636468746205, 610, 262, 348, 0, 0, 0
7701, 1, 1636468745619, 1636468746233, 614, 266, 348, 0, 0, 0
7702, 1, 1636468745629, 1636468746237, 608, 262, 346, 0, 0, 0
7703, 1, 1636468745650, 1636468746268, 618, 270, 348, 0, 0, 0
7704, 1, 1636468745748, 1636468746365, 617, 264, 353, 0, 1, 1
7706, 1, 1636468745806, 1636468746413, 607, 262, 345, 0, 0, 0
7707, 1, 1636468745829, 1636468746441, 612, 262, 350, 0, 0, 0
7708, 1, 1636468745861, 1636468746477, 616, 262, 354, 0, 1, 1
7705, 1, 1636468745764, 1636468746557, 793, 438, 355, 0, 0, 0
7709, 1, 1636468745968, 1636468746581, 613, 262, 351, 1, 0, 1
7710, 1, 1636468746015, 1636468746629, 614, 267, 347, 0, 1, 1
7711, 1, 1636468746017, 1636468746633, 616, 262, 354, 0, 0, 0
7712, 1, 1636468746166, 1636468746773, 607, 262, 345, 0, 0, 0
7713, 1, 1636468746192, 1636468746809, 617, 262, 355, 0, 0, 0
7714, 1, 1636468746219, 1636468746833, 614, 262, 352, 0, 1, 1
7715, 1, 1636468746250, 1636468746864, 614, 262, 352, 0, 0, 0
7716, 1, 1636468746340, 1636468746949, 609, 262, 347, 0, 0, 0
7717, 1, 1636468746435, 1636468747041, 606, 265, 341, 2, 1, 3
7718, 1, 1636468746478, 1636468747089, 611, 266, 345, 0, 0, 0
7719, 1, 1636468746590, 1636468747204, 614, 264, 350, 1, 1, 2
7720, 1, 1636468746592, 1636468747213, 621, 270, 351, 1, 1, 2
7721, 1, 1636468746613, 1636468747228, 615, 266, 349, 0, 0, 0
7722, 1, 1636468746618, 1636468747241, 623, 270, 353, 0, 0, 0
7723, 1, 1636468746676, 1636468747301, 625, 266, 359, 0, 0, 0
7724, 1, 1636468746748, 1636468747361, 613, 262, 351, 0, 1, 1
7725, 1, 1636468746771, 1636468747393, 622, 270, 352, 0, 0, 0
7726, 1, 1636468746796, 1636468747417, 621, 265, 356, 0, 0, 0
7727, 1, 1636468746825, 1636468747440, 615, 262, 353, 0, 0, 0
7728, 1, 1636468746875, 1636468747484, 609, 262, 347, 0, 1, 1
7729, 1, 1636468746985, 1636468747601, 616, 266, 350, 0, 0, 0
7730, 1, 1636468747015, 1636468747625, 610, 266, 344, 0, 0, 0
7731, 1, 1636468747026, 1636468747637, 611, 262, 349, 0, 0, 0
7733, 1, 1636468747180, 1636468747792, 612, 267, 345, 1, 0, 1
7732, 1, 1636468747178, 1636468747793, 615, 267, 348, 1, 0, 1
7734, 1, 1636468747230, 1636468747849, 619, 267, 352, 0, 1, 1
7735, 1, 1636468747260, 1636468747873, 613, 262, 351, 0, 0, 0
7736, 1, 1636468747340, 1636468747964, 624, 270, 354, 0, 0, 0
7737, 1, 1636468747462, 1636468748077, 615, 266, 349, 0, 0, 0
7738, 1, 1636468747495, 1636468748117, 622, 276, 346, 2, 0, 2
7739, 1, 1636468747571, 1636468748181, 610, 262, 348, 0, 0, 0
7740, 1, 1636468747589, 1636468748201, 612, 266, 346, 0, 1, 1
7741, 1, 1636468747606, 1636468748221, 615, 266, 349, 0, 0, 0
7742, 1, 1636468747644, 1636468748261, 617, 270, 347, 0, 0, 0
7743, 1, 1636468747712, 1636468748325, 613, 262, 351, 1, 0, 1
7744, 1, 1636468747761, 1636468748373, 612, 263, 349, 1, 1, 2
7745, 1, 1636468747797, 1636468748409, 612, 262, 350, 1, 0, 1
7746, 1, 1636468747806, 1636468748420, 614, 264, 350, 1, 0, 1
7747, 1, 1636468747859, 1636468748473, 614, 266, 348, 0, 0, 0
7748, 1, 1636468747885, 1636468748496, 611, 263, 348, 0, 0, 0
7749, 1, 1636468747994, 1636468748605, 611, 262, 349, 0, 0, 0
7750, 1, 1636468748013, 1636468748624, 611, 262, 349, 0, 0, 0
7751, 1, 1636468748033, 1636468748652, 619, 262, 357, 0, 1, 1
7752, 1, 1636468748195, 1636468748813, 618, 266, 352, 0, 0, 0
7753, 1, 1636468748208, 1636468748825, 617, 266, 351, 0, 0, 0
7754, 1, 1636468748255, 1636468748860, 605, 263, 342, 0, 1, 1
7755, 1, 1636468748266, 1636468748877, 611, 263, 348, 0, 0, 0
7756, 1, 1636468748322, 1636468748932, 610, 263, 347, 0, 0, 0
7757, 1, 1636468748470, 1636468749077, 607, 259, 348, 1, 0, 1
7758, 1, 1636468748510, 1636468749121, 611, 264, 347, 1, 0, 1
7759, 1, 1636468748571, 1636468749184, 613, 267, 346, 4, 0, 4
7760, 1, 1636468748574, 1636468749184, 610, 263, 347, 1, 1, 2
7761, 1, 1636468748613, 1636468749228, 615, 267, 348, 1, 0, 1
7762, 1, 1636468748649, 1636468749260, 611, 262, 349, 0, 0, 0
7763, 1, 1636468748698, 1636468749305, 607, 262, 345, 0, 0, 0
7764, 1, 1636468748771, 1636468749385, 614, 266, 348, 1, 0, 1
7765, 1, 1636468748815, 1636468749429, 614, 262, 352, 0, 0, 0
7766, 1, 1636468748840, 1636468749456, 616, 262, 354, 0, 1, 1
7767, 1, 1636468748850, 1636468749465, 615, 262, 353, 0, 0, 0
7768, 1, 1636468748911, 1636468749529, 618, 266, 352, 0, 0, 0
7769, 1, 1636468749000, 1636468749617, 617, 266, 351, 0, 0, 0
7770, 1, 1636468749030, 1636468749645, 615, 266, 349, 0, 0, 0
7771, 1, 1636468749061, 1636468749677, 616, 266, 350, 0, 0, 0
7772, 1, 1636468749203, 1636468749821, 618, 265, 353, 1, 0, 1
7773, 1, 1636468749207, 1636468749821, 614, 267, 347, 1, 0, 1
7775, 1, 1636468749270, 1636468749881, 611, 262, 349, 0, 0, 0
7774, 1, 1636468749264, 1636468749881, 617, 261, 356, 0, 0, 0
7776, 1, 1636468749347, 1636468749961, 614, 266, 348, 0, 0, 0
7777, 1, 1636468749453, 1636468750061, 608, 262, 346, 0, 0, 0
7778, 1, 1636468749517, 1636468750129, 612, 262, 350, 0, 0, 0
7779, 1, 1636468749575, 1636468750188, 613, 263, 350, 0, 0, 0
7780, 1, 1636468749589, 1636468750201, 612, 262, 350, 0, 0, 0
7781, 1, 1636468749620, 1636468750232, 612, 262, 350, 0, 0, 0
7782, 1, 1636468749682, 1636468750288, 606, 262, 344, 0, 0, 0
7783, 1, 1636468749724, 1636468750333, 609, 264, 345, 0, 0, 0
7784, 1, 1636468749796, 1636468750417, 621, 266, 355, 1, 0, 1
7785, 1, 1636468749831, 1636468750437, 606, 261, 345, 0, 0, 0
7786, 1, 1636468749843, 1636468750457, 614, 267, 347, 0, 1, 1
7787, 1, 1636468749864, 1636468750477, 613, 262, 351, 0, 1, 1
7788, 1, 1636468749920, 1636468750532, 612, 266, 346, 0, 0, 0
7789, 1, 1636468749997, 1636468750604, 607, 259, 348, 0, 1, 1
7790, 1, 1636468750039, 1636468750653, 614, 262, 352, 1, 0, 1
7791, 1, 1636468750061, 1636468750677, 616, 262, 354, 0, 0, 0
7792, 1, 1636468750210, 1636468750821, 611, 266, 345, 0, 0, 0
7793, 1, 1636468750231, 1636468750848, 617, 262, 355, 0, 0, 0
7794, 1, 1636468750240, 1636468750853, 613, 262, 351, 0, 0, 0
7795, 1, 1636468750257, 1636468750873, 616, 262, 354, 0, 0, 0
7796, 1, 1636468750352, 1636468750969, 617, 267, 350, 0, 1, 1
7797, 1, 1636468750479, 1636468751093, 614, 270, 344, 0, 0, 0
7798, 1, 1636468750514, 1636468751121, 607, 262, 345, 0, 0, 0
7799, 1, 1636468750593, 1636468751217, 624, 270, 354, 0, 0, 0
7800, 1, 1636468750616, 1636468751241, 625, 266, 359, 0, 0, 0
7802, 1, 1636468750660, 1636468751277, 617, 263, 354, 0, 1, 1
7801, 1, 1636468750653, 1636468751277, 624, 266, 358, 0, 0, 0
7803, 1, 1636468750761, 1636468751381, 620, 266, 354, 1, 0, 1
7804, 1, 1636468750832, 1636468751449, 617, 262, 355, 0, 0, 0
7805, 1, 1636468750842, 1636468751461, 619, 263, 356, 1, 1, 2
7806, 1, 1636468750856, 1636468751473, 617, 262, 355, 0, 0, 0
7807, 1, 1636468750874, 1636468751489, 615, 262, 353, 1, 0, 1
7808, 1, 1636468750907, 1636468751521, 614, 266, 348, 0, 0, 0
7809, 1, 1636468750974, 1636468751585, 611, 262, 349, 0, 0, 0
7810, 1, 1636468751044, 1636468751665, 621, 263, 358, 0, 0, 0
7811, 1, 1636468751086, 1636468751697, 611, 262, 349, 0, 0, 0
7812, 1, 1636468751208, 1636468751829, 621, 266, 355, 0, 0, 0
7813, 1, 1636468751231, 1636468751845, 614, 267, 347, 1, 0, 1
7814, 1, 1636468751238, 1636468751853, 615, 266, 349, 0, 0, 0
7815, 1, 1636468751275, 1636468751893, 618, 271, 347, 0, 1, 1
7816, 1, 1636468751385, 1636468752009, 624, 270, 354, 0, 0, 0
7817, 1, 1636468751487, 1636468752100, 613, 262, 351, 0, 0, 0
7818, 1, 1636468751491, 1636468752109, 618, 267, 351, 0, 0, 0
7819, 1, 1636468751597, 1636468752224, 627, 266, 361, 0, 0, 0
7820, 1, 1636468751617, 1636468752237, 620, 266, 354, 0, 0, 0
7821, 1, 1636468751648, 1636468752269, 621, 266, 355, 0, 0, 0
7822, 1, 1636468751673, 1636468752288, 615, 266, 349, 0, 1, 1
7823, 1, 1636468751796, 1636468752409, 613, 262, 351, 0, 0, 0
7824, 1, 1636468751818, 1636468752433, 615, 266, 349, 0, 0, 0
7826, 1, 1636468751866, 1636468752485, 619, 269, 350, 1, 3, 4
7825, 1, 1636468751866, 1636468752485, 619, 268, 351, 2, 1, 3
7827, 1, 1636468751899, 1636468752525, 626, 270, 356, 0, 0, 0
7828, 1, 1636468751924, 1636468752544, 620, 266, 354, 0, 0, 0
7829, 1, 1636468751965, 1636468752581, 616, 268, 348, 1, 1, 2
7830, 1, 1636468752044, 1636468752669, 625, 271, 354, 2, 0, 2
7831, 1, 1636468752093, 1636468752716, 623, 266, 357, 0, 0, 0
7832, 1, 1636468752176, 1636468752785, 609, 262, 347, 0, 0, 0
7833, 1, 1636468752208, 1636468752833, 625, 266, 359, 0, 0, 0
7834, 1, 1636468752271, 1636468752889, 618, 270, 348, 0, 0, 0
7835, 1, 1636468752285, 1636468752901, 616, 266, 350, 0, 0, 0
7836, 1, 1636468752380, 1636468752997, 617, 266, 351, 0, 0, 0
7837, 1, 1636468752483, 1636468753101, 618, 271, 347, 0, 0, 0
7838, 1, 1636468752494, 1636468753117, 623, 266, 357, 0, 1, 1
7839, 1, 1636468752617, 1636468753237, 620, 266, 354, 0, 0, 0
7840, 1, 1636468752622, 1636468753253, 631, 272, 359, 1, 1, 2
7841, 1, 1636468752678, 1636468753296, 618, 270, 348, 0, 0, 0
7842, 1, 1636468752683, 1636468753305, 622, 270, 352, 0, 0, 0
7843, 1, 1636468752794, 1636468753416, 622, 266, 356, 0, 0, 0
7844, 1, 1636468752835, 1636468753449, 614, 266, 348, 0, 0, 0
7845, 1, 1636468752873, 1636468753497, 624, 275, 349, 0, 1, 1
7846, 1, 1636468752892, 1636468753517, 625, 267, 358, 2, 0, 2
7848, 1, 1636468752939, 1636468753553, 614, 261, 353, 1, 0, 1
7849, 1, 1636468752941, 1636468753553, 612, 263, 349, 2, 0, 2
7847, 1, 1636468752935, 1636468753557, 622, 265, 357, 1, 0, 1
7850, 1, 1636468753011, 1636468753625, 614, 266, 348, 0, 0, 0
7851, 1, 1636468753115, 1636468753733, 618, 266, 352, 0, 0, 0
7852, 1, 1636468753151, 1636468753769, 618, 266, 352, 1, 1, 2
7853, 1, 1636468753240, 1636468753849, 609, 262, 347, 0, 0, 0
7854, 1, 1636468753261, 1636468753865, 604, 259, 345, 0, 0, 0
7855, 1, 1636468753292, 1636468753909, 617, 262, 355, 0, 1, 1
7856, 1, 1636468753393, 1636468754000, 607, 262, 345, 0, 0, 0
7857, 1, 1636468753461, 1636468754069, 608, 262, 346, 0, 0, 0
7858, 1, 1636468753493, 1636468754097, 604, 258, 346, 0, 0, 0
7859, 1, 1636468753622, 1636468754233, 611, 263, 348, 0, 1, 1
7860, 1, 1636468753643, 1636468754261, 618, 261, 357, 0, 0, 0
7861, 1, 1636468753688, 1636468754305, 617, 268, 349, 2, 1, 3
7862, 1, 1636468753688, 1636468754305, 617, 269, 348, 2, 1, 3
7863, 1, 1636468753762, 1636468754385, 623, 266, 357, 0, 1, 1
7864, 1, 1636468753844, 1636468754460, 616, 262, 354, 0, 0, 0
7865, 1, 1636468753894, 1636468754505, 611, 263, 348, 0, 1, 1
7866, 1, 1636468753928, 1636468754545, 617, 263, 354, 3, 0, 3
7867, 1, 1636468753930, 1636468754545, 615, 262, 353, 2, 0, 2
7868, 1, 1636468753945, 1636468754557, 612, 262, 350, 0, 0, 0
7869, 1, 1636468753949, 1636468754565, 616, 267, 349, 0, 1, 1
7870, 1, 1636468754003, 1636468754617, 614, 263, 351, 0, 0, 0
7871, 1, 1636468754105, 1636468754717, 612, 261, 351, 0, 0, 0
7872, 1, 1636468754129, 1636468754736, 607, 262, 345, 0, 0, 0
7874, 1, 1636468754286, 1636468754896, 610, 263, 347, 0, 1, 1
7873, 1, 1636468754204, 1636468754905, 701, 350, 351, 0, 0, 0
7875, 1, 1636468754290, 1636468754905, 615, 262, 353, 0, 0, 0
7876, 1, 1636468754400, 1636468755008, 608, 262, 346, 0, 0, 0
7877, 1, 1636468754469, 1636468755081, 612, 262, 350, 0, 0, 0
7878, 1, 1636468754479, 1636468755085, 606, 263, 343, 0, 0, 0
7879, 1, 1636468754649, 1636468755256, 607, 262, 345, 0, 1, 1
7880, 1, 1636468754655, 1636468755261, 606, 262, 344, 1, 0, 1
7881, 1, 1636468754697, 1636468755317, 620, 267, 353, 1, 0, 1
7882, 1, 1636468754713, 1636468755324, 611, 266, 345, 0, 0, 0
7883, 1, 1636468754747, 1636468755360, 613, 264, 349, 0, 0, 0
7884, 1, 1636468754850, 1636468755465, 615, 266, 349, 0, 1, 1
7885, 1, 1636468754885, 1636468755501, 616, 266, 350, 0, 0, 0
7886, 1, 1636468754914, 1636468755521, 607, 262, 345, 0, 1, 1
7888, 1, 1636468754944, 1636468755553, 609, 262, 347, 0, 1, 1
7889, 1, 1636468754948, 1636468755556, 608, 262, 346, 0, 2, 2
7890, 1, 1636468754980, 1636468755597, 617, 266, 351, 0, 0, 0
7891, 1, 1636468755118, 1636468755729, 611, 266, 345, 0, 0, 0
7892, 1, 1636468755147, 1636468755761, 614, 262, 352, 0, 0, 0
7893, 1, 1636468755200, 1636468755816, 616, 262, 354, 0, 0, 0
7887, 1, 1636468754918, 1636468755816, 898, 546, 352, 0, 0, 0
7894, 1, 1636468755266, 1636468755877, 611, 262, 349, 0, 0, 0
7895, 1, 1636468755297, 1636468755909, 612, 266, 346, 0, 0, 0
7896, 1, 1636468755427, 1636468756037, 610, 264, 346, 1, 0, 1
7898, 1, 1636468755460, 1636468756077, 617, 267, 350, 0, 1, 1
7897, 1, 1636468755442, 1636468756161, 719, 374, 345, 0, 0, 0
7899, 1, 1636468755633, 1636468756249, 616, 262, 354, 0, 0, 0
7900, 1, 1636468755684, 1636468756301, 617, 271, 346, 0, 0, 0
7901, 1, 1636468755692, 1636468756304, 612, 266, 346, 0, 1, 1
7902, 1, 1636468755721, 1636468756337, 616, 266, 350, 1, 0, 1
7903, 1, 1636468755724, 1636468756337, 613, 262, 351, 0, 0, 0
7904, 1, 1636468755848, 1636468756461, 613, 262, 351, 0, 0, 0
7905, 1, 1636468755897, 1636468756517, 620, 262, 358, 1, 1, 2
7906, 1, 1636468755919, 1636468756532, 613, 263, 350, 2, 0, 2
7907, 1, 1636468755919, 1636468756532, 613, 263, 350, 1, 0, 1
7908, 1, 1636468755940, 1636468756561, 621, 265, 356, 2, 2, 4
7909, 1, 1636468755985, 1636468756601, 616, 263, 353, 1, 0, 1
7910, 1, 1636468755987, 1636468756601, 614, 263, 351, 1, 1, 2
7911, 1, 1636468756116, 1636468756733, 617, 267, 350, 0, 1, 1
7912, 1, 1636468756128, 1636468756741, 613, 262, 351, 0, 0, 0
7914, 1, 1636468756258, 1636468756873, 615, 263, 352, 0, 1, 1
7913, 1, 1636468756212, 1636468756884, 672, 328, 344, 0, 1, 1
7915, 1, 1636468756322, 1636468756933, 611, 262, 349, 0, 0, 0
7918, 1, 1636468756438, 1636468757053, 615, 267, 348, 1, 2, 3
7917, 1, 1636468756437, 1636468757053, 616, 268, 348, 1, 1, 2
7916, 1, 1636468756436, 1636468757057, 621, 268, 353, 2, 1, 3
7919, 1, 1636468756647, 1636468757261, 614, 266, 348, 1, 0, 1
7920, 1, 1636468756675, 1636468757284, 609, 262, 347, 0, 0, 0
7921, 1, 1636468756707, 1636468757312, 605, 264, 341, 0, 1, 1
7922, 1, 1636468756709, 1636468757325, 616, 262, 354, 0, 1, 1
7923, 1, 1636468756731, 1636468757341, 610, 260, 350, 0, 0, 0
7924, 1, 1636468756824, 1636468757444, 620, 262, 358, 0, 0, 0
7926, 1, 1636468756911, 1636468757529, 618, 263, 355, 3, 0, 3
7925, 1, 1636468756911, 1636468757533, 622, 262, 360, 1, 1, 2
7929, 1, 1636468756955, 1636468757565, 610, 263, 347, 1, 1, 2
7928, 1, 1636468756955, 1636468757565, 610, 263, 347, 1, 0, 1
7931, 1, 1636468757096, 1636468757708, 612, 266, 346, 1, 1, 2
7932, 1, 1636468757154, 1636468757765, 611, 262, 349, 0, 2, 2
7933, 1, 1636468757184, 1636468757792, 608, 260, 348, 0, 2, 2
7927, 1, 1636468756930, 1636468757792, 862, 515, 347, 0, 3, 3
7934, 1, 1636468757236, 1636468757845, 609, 262, 347, 0, 0, 0
7930, 1, 1636468756991, 1636468757913, 922, 570, 352, 0, 0, 0
7935, 1, 1636468757330, 1636468757941, 611, 262, 349, 1, 0, 1
7936, 1, 1636468757430, 1636468758045, 615, 262, 353, 0, 0, 0
7937, 1, 1636468757444, 1636468758056, 612, 263, 349, 2, 2, 4
7938, 1, 1636468757450, 1636468758141, 691, 343, 348, 1, 0, 1
7939, 1, 1636468757656, 1636468758269, 613, 267, 346, 0, 2, 2
7940, 1, 1636468757688, 1636468758305, 617, 266, 351, 0, 0, 0
7941, 1, 1636468757696, 1636468758317, 621, 270, 351, 0, 0, 0
7942, 1, 1636468757719, 1636468758325, 606, 262, 344, 0, 0, 0
7943, 1, 1636468757733, 1636468758353, 620, 270, 350, 0, 0, 0
7944, 1, 1636468757809, 1636468758425, 616, 266, 350, 0, 0, 0
7945, 1, 1636468757911, 1636468758517, 606, 262, 344, 0, 0, 0
7946, 1, 1636468757923, 1636468758537, 614, 262, 352, 1, 0, 1
7947, 1, 1636468757924, 1636468758537, 613, 264, 349, 2, 1, 3
7948, 1, 1636468757936, 1636468758545, 609, 262, 347, 0, 0, 0
7950, 1, 1636468757991, 1636468758605, 614, 262, 352, 0, 0, 0
7949, 1, 1636468757961, 1636468758664, 703, 350, 353, 0, 0, 0
7951, 1, 1636468758107, 1636468758717, 610, 264, 346, 1, 2, 3
7952, 1, 1636468758162, 1636468758772, 610, 262, 348, 0, 0, 0
7953, 1, 1636468758167, 1636468758772, 605, 262, 343, 0, 0, 0
7954, 1, 1636468758255, 1636468758861, 606, 262, 344, 0, 0, 0
7955, 1, 1636468758316, 1636468758925, 609, 262, 347, 0, 0, 0
7956, 1, 1636468758414, 1636468759028, 614, 264, 350, 1, 1, 2
7957, 1, 1636468758433, 1636468759048, 615, 263, 352, 1, 0, 1
7958, 1, 1636468758448, 1636468759072, 624, 266, 358, 0, 0, 0
7960, 1, 1636468758681, 1636468759289, 608, 258, 350, 0, 0, 0
7959, 1, 1636468758663, 1636468759289, 626, 267, 359, 1, 0, 1
7961, 1, 1636468758698, 1636468759308, 610, 262, 348, 0, 0, 0
7963, 1, 1636468758747, 1636468759356, 609, 262, 347, 0, 0, 0
7962, 1, 1636468758729, 1636468759372, 643, 299, 344, 0, 0, 0
7964, 1, 1636468758786, 1636468759393, 607, 262, 345, 0, 1, 1
7965, 1, 1636468758921, 1636468759537, 616, 267, 349, 1, 0, 1
7967, 1, 1636468758935, 1636468759557, 622, 271, 351, 2, 0, 2
7966, 1, 1636468758930, 1636468759557, 627, 274, 353, 1, 0, 1
7968, 1, 1636468758950, 1636468759561, 611, 266, 345, 0, 0, 0
7969, 1, 1636468758953, 1636468759573, 620, 262, 358, 0, 0, 0
7971, 1, 1636468759096, 1636468759713, 617, 262, 355, 1, 0, 1
7972, 1, 1636468759143, 1636468759756, 613, 266, 347, 0, 0, 0
7973, 1, 1636468759148, 1636468759756, 608, 262, 346, 0, 0, 0
7974, 1, 1636468759219, 1636468759837, 618, 266, 352, 0, 0, 0
7970, 1, 1636468758968, 1636468759904, 936, 587, 349, 1, 0, 1
7975, 1, 1636468759342, 1636468759953, 611, 262, 349, 1, 0, 1
7976, 1, 1636468759394, 1636468759997, 603, 259, 344, 1, 1, 2
7977, 1, 1636468759432, 1636468760037, 605, 263, 342, 2, 0, 2
7978, 1, 1636468759462, 1636468760073, 611, 263, 348, 1, 0, 1
7979, 1, 1636468759666, 1636468760272, 606, 262, 344, 0, 0, 0
7980, 1, 1636468759695, 1636468760313, 618, 266, 352, 0, 0, 0
7981, 1, 1636468759723, 1636468760332, 609, 262, 347, 0, 0, 0
7982, 1, 1636468759728, 1636468760341, 613, 262, 351, 0, 1, 1
7983, 1, 1636468759759, 1636468760373, 614, 262, 352, 0, 1, 1
7984, 1, 1636468759804, 1636468760417, 613, 262, 351, 0, 0, 0
7985, 1, 1636468759888, 1636468760497, 609, 262, 347, 1, 0, 1
7988, 1, 1636468759932, 1636468760540, 608, 263, 345, 1, 1, 2
7989, 1, 1636468759936, 1636468760549, 613, 262, 351, 0, 1, 1
7990, 1, 1636468759964, 1636468760585, 621, 266, 355, 0, 0, 0
7987, 1, 1636468759921, 1636468760616, 695, 351, 344, 0, 0, 0
7991, 1, 1636468760095, 1636468760701, 606, 262, 344, 0, 0, 0
7986, 1, 1636468759897, 1636468760729, 832, 474, 358, 0, 0, 0
7992, 1, 1636468760164, 1636468760777, 613, 262, 351, 0, 0, 0
7993, 1, 1636468760175, 1636468760789, 614, 266, 348, 0, 0, 0
7994, 1, 1636468760200, 1636468760813, 613, 266, 347, 0, 1, 1
7995, 1, 1636468760351, 1636468760960, 609, 262, 347, 0, 0, 0
7996, 1, 1636468760408, 1636468761016, 608, 263, 345, 1, 0, 1
7997, 1, 1636468760425, 1636468761041, 616, 262, 354, 0, 0, 0
7998, 1, 1636468760468, 1636468761085, 617, 263, 354, 0, 1, 1
7999, 1, 1636468760647, 1636468761257, 610, 266, 344, 1, 0, 1
8000, 1, 1636468760681, 1636468761288, 607, 262, 345, 0, 0, 0
8002, 1, 1636468760738, 1636468761345, 607, 262, 345, 2, 0, 2
8003, 1, 1636468760757, 1636468761373, 616, 266, 350, 0, 0, 0
8001, 1, 1636468760704, 1636468761389, 685, 334, 351, 0, 0, 0
8004, 1, 1636468760773, 1636468761424, 651, 306, 345, 0, 0, 0
8006, 1, 1636468760888, 1636468761501, 613, 262, 351, 0, 0, 0
8005, 1, 1636468760884, 1636468761505, 621, 266, 355, 0, 0, 0
8007, 1, 1636468760891, 1636468761509, 618, 266, 352, 0, 0, 0
8008, 1, 1636468760914, 1636468761537, 623, 264, 359, 0, 0, 0
8009, 1, 1636468760953, 1636468761573, 620, 262, 358, 0, 0, 0
8010, 1, 1636468760964, 1636468761573, 609, 263, 346, 0, 1, 1
8011, 1, 1636468761071, 1636468761677, 606, 263, 343, 1, 1, 2
8012, 1, 1636468761170, 1636468761785, 615, 268, 347, 2, 0, 2
8013, 1, 1636468761184, 1636468761797, 613, 262, 351, 0, 0, 0
8014, 1, 1636468761211, 1636468761821, 610, 263, 347, 0, 0, 0
8015, 1, 1636468761357, 1636468761973, 616, 266, 350, 0, 0, 0
8016, 1, 1636468761408, 1636468762021, 613, 262, 351, 0, 0, 0
8017, 1, 1636468761414, 1636468762021, 607, 262, 345, 1, 0, 1
8018, 1, 1636468761466, 1636468762081, 615, 262, 353, 0, 0, 0
8019, 1, 1636468761645, 1636468762257, 612, 262, 350, 0, 0, 0
8020, 1, 1636468761679, 1636468762297, 618, 266, 352, 0, 0, 0
8021, 1, 1636468761707, 1636468762325, 618, 266, 352, 0, 1, 1
8022, 1, 1636468761720, 1636468762348, 628, 266, 362, 0, 0, 0
8023, 1, 1636468761733, 1636468762353, 620, 266, 354, 0, 0, 0
8024, 1, 1636468761742, 1636468762369, 627, 266, 361, 0, 0, 0
8025, 1, 1636468761868, 1636468762493, 625, 270, 355, 0, 0, 0
8026, 1, 1636468761888, 1636468762505, 617, 266, 351, 1, 0, 1
8028, 1, 1636468761893, 1636468762505, 612, 262, 350, 1, 0, 1
8029, 1, 1636468761967, 1636468762585, 618, 262, 356, 0, 0, 0
8030, 1, 1636468761982, 1636468762601, 619, 267, 352, 0, 1, 1
8031, 1, 1636468762071, 1636468762689, 618, 262, 356, 0, 1, 1
8027, 1, 1636468761888, 1636468762701, 813, 463, 350, 0, 0, 0
8032, 1, 1636468762190, 1636468762805, 615, 266, 349, 1, 0, 1
8033, 1, 1636468762193, 1636468762805, 612, 262, 350, 1, 0, 1
8034, 1, 1636468762201, 1636468762817, 616, 266, 350, 0, 0, 0
8035, 1, 1636468762355, 1636468762965, 610, 262, 348, 0, 0, 0
8036, 1, 1636468762396, 1636468763012, 616, 266, 350, 1, 0, 1
8037, 1, 1636468762414, 1636468763029, 615, 263, 352, 1, 0, 1
8038, 1, 1636468762442, 1636468763053, 611, 263, 348, 1, 0, 1
8039, 1, 1636468762612, 1636468763221, 609, 262, 347, 1, 1, 2
8040, 1, 1636468762656, 1636468763273, 617, 266, 351, 1, 1, 2
8042, 1, 1636468762718, 1636468763333, 615, 266, 349, 1, 0, 1
8041, 1, 1636468762716, 1636468763337, 621, 271, 350, 0, 1, 1
8044, 1, 1636468762746, 1636468763357, 611, 263, 348, 2, 1, 3
8043, 1, 1636468762745, 1636468763401, 656, 306, 350, 2, 0, 2
8045, 1, 1636468762884, 1636468763501, 617, 266, 351, 0, 0, 0
8046, 1, 1636468762901, 1636468763520, 619, 271, 348, 0, 0, 0
8047, 1, 1636468762908, 1636468763524, 616, 267, 349, 1, 0, 1
8048, 1, 1636468762916, 1636468763537, 621, 270, 351, 0, 0, 0
8049, 1, 1636468762952, 1636468763565, 613, 263, 350, 2, 0, 2
8051, 1, 1636468763077, 1636468763701, 624, 266, 358, 0, 0, 0
8052, 1, 1636468763174, 1636468763800, 626, 271, 355, 0, 1, 1
8053, 1, 1636468763189, 1636468763800, 611, 262, 349, 0, 0, 0
8054, 1, 1636468763200, 1636468763809, 609, 262, 347, 0, 0, 0
8050, 1, 1636468762973, 1636468763913, 940, 586, 354, 0, 0, 0
8055, 1, 1636468763331, 1636468763945, 614, 262, 352, 0, 0, 0
8056, 1, 1636468763363, 1636468763985, 622, 266, 356, 0, 0, 0
8057, 1, 1636468763433, 1636468764045, 612, 266, 346, 0, 0, 0
8058, 1, 1636468763437, 1636468764053, 616, 268, 348, 1, 0, 1
8059, 1, 1636468763612, 1636468764233, 621, 263, 358, 0, 1, 1
8060, 1, 1636468763663, 1636468764277, 614, 267, 347, 0, 1, 1
8061, 1, 1636468763695, 1636468764305, 610, 262, 348, 0, 1, 1
8062, 1, 1636468763742, 1636468764353, 611, 262, 349, 0, 0, 0
8063, 1, 1636468763751, 1636468764357, 606, 262, 344, 0, 0, 0
8064, 1, 1636468763755, 1636468764369, 614, 266, 348, 0, 1, 1
8066, 1, 1636468763883, 1636468764493, 610, 266, 344, 0, 0, 0
8067, 1, 1636468763888, 1636468764509, 621, 270, 351, 0, 0, 0
8068, 1, 1636468763914, 1636468764521, 607, 263, 344, 1, 0, 1
8069, 1, 1636468763933, 1636468764541, 608, 263, 345, 1, 1, 2
8070, 1, 1636468763972, 1636468764597, 625, 263, 362, 0, 0, 0
8071, 1, 1636468764079, 1636468764697, 618, 262, 356, 0, 0, 0
8065, 1, 1636468763871, 1636468764709, 838, 487, 351, 2, 0, 2
8072, 1, 1636468764165, 1636468764785, 620, 266, 354, 0, 0, 0
8073, 1, 1636468764176, 1636468764788, 612, 262, 350, 0, 0, 0
8074, 1, 1636468764188, 1636468764801, 613, 263, 350, 1, 0, 1
8075, 1, 1636468764322, 1636468764945, 623, 274, 349, 1, 0, 1
8076, 1, 1636468764366, 1636468764973, 607, 262, 345, 0, 0, 0
8077, 1, 1636468764410, 1636468765020, 610, 262, 348, 0, 0, 0
8078, 1, 1636468764417, 1636468765033, 616, 263, 353, 1, 1, 2
8079, 1, 1636468764622, 1636468765233, 611, 265, 346, 0, 0, 0
8080, 1, 1636468764632, 1636468765249, 617, 263, 354, 0, 0, 0
8081, 1, 1636468764702, 1636468765321, 619, 262, 357, 0, 0, 0
8082, 1, 1636468764729, 1636468765344, 615, 262, 353, 0, 1, 1
8083, 1, 1636468764741, 1636468765361, 620, 266, 354, 0, 0, 0
8085, 1, 1636468764858, 1636468765469, 611, 261, 350, 0, 0, 0
8086, 1, 1636468764860, 1636468765469, 609, 262, 347, 0, 2, 2
8087, 1, 1636468764902, 1636468765516, 614, 268, 346, 2, 0, 2
8088, 1, 1636468764930, 1636468765541, 611, 263, 348, 0, 1, 1
8089, 1, 1636468764940, 1636468765552, 612, 266, 346, 0, 0, 0
8084, 1, 1636468764762, 1636468765596, 834, 487, 347, 0, 1, 1
8091, 1, 1636468765059, 1636468765665, 606, 262, 344, 0, 0, 0
8092, 1, 1636468765150, 1636468765761, 611, 262, 349, 0, 1, 1
8093, 1, 1636468765164, 1636468765781, 617, 262, 355, 0, 0, 0
8094, 1, 1636468765198, 1636468765809, 611, 262, 349, 0, 0, 0
8090, 1, 1636468764965, 1636468765909, 944, 590, 354, 0, 0, 0
8095, 1, 1636468765322, 1636468765937, 615, 266, 349, 0, 0, 0
8096, 1, 1636468765371, 1636468765981, 610, 262, 348, 0, 0, 0
8097, 1, 1636468765418, 1636468766033, 615, 266, 349, 0, 0, 0
8098, 1, 1636468765432, 1636468766045, 613, 262, 351, 0, 0, 0
8099, 1, 1636468765613, 1636468766224, 611, 262, 349, 0, 0, 0
8100, 1, 1636468765645, 1636468766269, 624, 267, 357, 0, 0, 0
8101, 1, 1636468765671, 1636468766289, 618, 265, 353, 0, 0, 0
8102, 1, 1636468765705, 1636468766321, 616, 262, 354, 1, 0, 1
8103, 1, 1636468765715, 1636468766325, 610, 263, 347, 1, 0, 1
8104, 1, 1636468765755, 1636468766365, 610, 263, 347, 1, 0, 1
8105, 1, 1636468765861, 1636468766476, 615, 266, 349, 1, 0, 1
8107, 1, 1636468765880, 1636468766493, 613, 263, 350, 0, 1, 1
8108, 1, 1636468765910, 1636468766529, 619, 267, 352, 0, 0, 0
8109, 1, 1636468765931, 1636468766541, 610, 262, 348, 0, 0, 0
8110, 1, 1636468765963, 1636468766569, 606, 263, 343, 0, 1, 1
8106, 1, 1636468765870, 1636468766668, 798, 446, 352, 0, 0, 0
8111, 1, 1636468766072, 1636468766681, 609, 262, 347, 0, 0, 0
8112, 1, 1636468766127, 1636468766737, 610, 262, 348, 0, 0, 0
8113, 1, 1636468766189, 1636468766800, 611, 263, 348, 0, 1, 1
8114, 1, 1636468766204, 1636468766813, 609, 263, 346, 0, 0, 0
8115, 1, 1636468766329, 1636468766941, 612, 262, 350, 0, 0, 0
8116, 1, 1636468766387, 1636468766993, 606, 264, 342, 2, 0, 2
8117, 1, 1636468766387, 1636468766996, 609, 263, 346, 0, 1, 1
8118, 1, 1636468766409, 1636468767021, 612, 259, 353, 1, 0, 1
8119, 1, 1636468766616, 1636468767232, 616, 262, 354, 0, 0, 0
8120, 1, 1636468766624, 1636468767241, 617, 264, 353, 1, 0, 1
8121, 1, 1636468766651, 1636468767269, 618, 266, 352, 0, 1, 1
8122, 1, 1636468766696, 1636468767312, 616, 262, 354, 0, 0, 0
8124, 1, 1636468766736, 1636468767345, 609, 262, 347, 0, 0, 0
8126, 1, 1636468766867, 1636468767473, 606, 262, 344, 0, 0, 0
8125, 1, 1636468766854, 1636468767473, 619, 266, 353, 0, 0, 0
8127, 1, 1636468766905, 1636468767512, 607, 262, 345, 0, 0, 0
8128, 1, 1636468766908, 1636468767517, 609, 262, 347, 0, 0, 0
8129, 1, 1636468766924, 1636468767537, 613, 262, 351, 0, 0, 0
8130, 1, 1636468766945, 1636468767557, 612, 262, 350, 1, 0, 1
8123, 1, 1636468766731, 1636468767585, 854, 510, 344, 0, 0, 0
8131, 1, 1636468767070, 1636468767677, 607, 264, 343, 0, 2, 2
8132, 1, 1636468767133, 1636468767748, 615, 266, 349, 0, 0, 0
8133, 1, 1636468767154, 1636468767773, 619, 267, 352, 1, 1, 2
8134, 1, 1636468767220, 1636468767832, 612, 262, 350, 0, 0, 0
8135, 1, 1636468767298, 1636468767908, 610, 266, 344, 0, 0, 0
8136, 1, 1636468767368, 1636468767984, 616, 267, 349, 1, 1, 2
8137, 1, 1636468767371, 1636468767993, 622, 267, 355, 1, 0, 1
8138, 1, 1636468767434, 1636468768053, 619, 267, 352, 0, 0, 0
8139, 1, 1636468767614, 1636468768229, 615, 270, 345, 0, 0, 0
8140, 1, 1636468767630, 1636468768241, 611, 266, 345, 1, 0, 1
8141, 1, 1636468767662, 1636468768277, 615, 270, 345, 0, 0, 0
8142, 1, 1636468767673, 1636468768285, 612, 267, 345, 1, 1, 2
8143, 1, 1636468767719, 1636468768325, 606, 263, 343, 1, 0, 1
8144, 1, 1636468767742, 1636468768361, 619, 267, 352, 1, 1, 2
8145, 1, 1636468767838, 1636468768448, 610, 261, 349, 0, 0, 0
8146, 1, 1636468767883, 1636468768497, 614, 262, 352, 0, 0, 0
8147, 1, 1636468767900, 1636468768509, 609, 263, 346, 1, 1, 2
8148, 1, 1636468767901, 1636468768513, 612, 262, 350, 0, 0, 0
8149, 1, 1636468767912, 1636468768525, 613, 262, 351, 0, 0, 0
8150, 1, 1636468767926, 1636468768541, 615, 262, 353, 1, 0, 1
8151, 1, 1636468768090, 1636468768705, 615, 266, 349, 0, 0, 0
8152, 1, 1636468768103, 1636468768709, 606, 262, 344, 0, 0, 0
8153, 1, 1636468768158, 1636468768768, 610, 262, 348, 1, 0, 1
8154, 1, 1636468768200, 1636468768809, 609, 263, 346, 1, 0, 1
8155, 1, 1636468768279, 1636468768893, 614, 262, 352, 1, 0, 1
8156, 1, 1636468768378, 1636468769000, 622, 266, 356, 0, 0, 0
8157, 1, 1636468768385, 1636468769001, 616, 262, 354, 0, 0, 0
8158, 1, 1636468768398, 1636468769016, 618, 263, 355, 1, 0, 1
8159, 1, 1636468768607, 1636468769221, 614, 262, 352, 0, 0, 0
8160, 1, 1636468768612, 1636468769237, 625, 274, 351, 0, 1, 1
8161, 1, 1636468768651, 1636468769265, 614, 270, 344, 0, 0, 0
8162, 1, 1636468768680, 1636468769297, 617, 270, 347, 0, 1, 1
8163, 1, 1636468768717, 1636468769333, 616, 261, 355, 1, 0, 1
8164, 1, 1636468768765, 1636468769376, 611, 263, 348, 1, 0, 1
8165, 1, 1636468768805, 1636468769421, 616, 263, 353, 2, 0, 2
8166, 1, 1636468768864, 1636468769489, 625, 267, 358, 1, 0, 1
8167, 1, 1636468768895, 1636468769505, 610, 262, 348, 0, 0, 0
8168, 1, 1636468768917, 1636468769533, 616, 262, 354, 0, 0, 0
8169, 1, 1636468768926, 1636468769540, 614, 262, 352, 0, 0, 0
8170, 1, 1636468768934, 1636468769545, 611, 262, 349, 0, 0, 0
8171, 1, 1636468769054, 1636468769665, 611, 266, 345, 0, 0, 0
8172, 1, 1636468769071, 1636468769684, 613, 262, 351, 0, 0, 0
8173, 1, 1636468769183, 1636468769788, 605, 263, 342, 0, 0, 0
8174, 1, 1636468769214, 1636468769825, 611, 262, 349, 0, 0, 0
8175, 1, 1636468769290, 1636468769897, 607, 263, 344, 0, 1, 1
8176, 1, 1636468769363, 1636468769977, 614, 262, 352, 0, 0, 0
8177, 1, 1636468769375, 1636468769985, 610, 262, 348, 0, 0, 0
8178, 1, 1636468769403, 1636468770025, 622, 267, 355, 0, 0, 0
8179, 1, 1636468769586, 1636468770201, 615, 266, 349, 0, 0, 0
8180, 1, 1636468769632, 1636468770240, 608, 262, 346, 0, 0, 0
8181, 1, 1636468769649, 1636468770260, 611, 263, 348, 2, 1, 3
8182, 1, 1636468769650, 1636468770261, 611, 263, 348, 2, 0, 2
8183, 1, 1636468769724, 1636468770329, 605, 262, 343, 0, 1, 1
8184, 1, 1636468769745, 1636468770365, 620, 266, 354, 0, 0, 0
8185, 1, 1636468769826, 1636468770433, 607, 262, 345, 0, 0, 0
8186, 1, 1636468769875, 1636468770489, 614, 262, 352, 1, 0, 1
8187, 1, 1636468769879, 1636468770489, 610, 266, 344, 0, 0, 0
8188, 1, 1636468769890, 1636468770497, 607, 264, 343, 0, 0, 0
8190, 1, 1636468769942, 1636468770553, 611, 263, 348, 2, 0, 2
8189, 1, 1636468769941, 1636468770553, 612, 263, 349, 0, 0, 0
8191, 1, 1636468770058, 1636468770669, 611, 262, 349, 0, 0, 0
8192, 1, 1636468770083, 1636468770693, 610, 262, 348, 0, 0, 0
8193, 1, 1636468770148, 1636468770757, 609, 258, 351, 0, 0, 0
8194, 1, 1636468770191, 1636468770800, 609, 263, 346, 0, 1, 1
8195, 1, 1636468770270, 1636468770881, 611, 262, 349, 0, 0, 0
8197, 1, 1636468770387, 1636468770996, 609, 267, 342, 1, 0, 1
8196, 1, 1636468770374, 1636468770997, 623, 266, 357, 0, 0, 0
8198, 1, 1636468770429, 1636468771041, 612, 267, 345, 0, 1, 1
8199, 1, 1636468770607, 1636468771217, 610, 266, 344, 0, 0, 0
8200, 1, 1636468770616, 1636468771229, 613, 262, 351, 0, 1, 1
8201, 1, 1636468770627, 1636468771237, 610, 263, 347, 1, 2, 3
8202, 1, 1636468770629, 1636468771241, 612, 262, 350, 0, 1, 1
8203, 1, 1636468770688, 1636468771297, 609, 262, 347, 0, 0, 0
8204, 1, 1636468770759, 1636468771365, 606, 263, 343, 1, 0, 1
8205, 1, 1636468770832, 1636468771445, 613, 262, 351, 0, 0, 0
8206, 1, 1636468770856, 1636468771477, 621, 266, 355, 1, 0, 1
8207, 1, 1636468770886, 1636468771493, 607, 262, 345, 0, 1, 1
8208, 1, 1636468770907, 1636468771513, 606, 263, 343, 1, 0, 1
8209, 1, 1636468770911, 1636468771521, 610, 264, 346, 0, 0, 0
8210, 1, 1636468770964, 1636468771573, 609, 262, 347, 0, 1, 1
8211, 1, 1636468771072, 1636468771689, 617, 262, 355, 0, 0, 0
8212, 1, 1636468771082, 1636468771701, 619, 262, 357, 1, 0, 1
8213, 1, 1636468771141, 1636468771748, 607, 262, 345, 1, 0, 1
8214, 1, 1636468771212, 1636468771824, 612, 263, 349, 1, 1, 2
8215, 1, 1636468771269, 1636468771889, 620, 266, 354, 0, 0, 0
8216, 1, 1636468771347, 1636468771961, 614, 267, 347, 1, 0, 1
8217, 1, 1636468771383, 1636468771997, 614, 262, 352, 0, 0, 0
8218, 1, 1636468771398, 1636468772012, 614, 267, 347, 1, 0, 1
8219, 1, 1636468771613, 1636468772220, 607, 263, 344, 1, 2, 3
8220, 1, 1636468771631, 1636468772244, 613, 267, 346, 1, 0, 1
8222, 1, 1636468771640, 1636468772253, 613, 266, 347, 0, 1, 1
8221, 1, 1636468771638, 1636468772253, 615, 262, 353, 0, 1, 1
8223, 1, 1636468771657, 1636468772269, 612, 263, 349, 0, 1, 1
8224, 1, 1636468771757, 1636468772368, 611, 262, 349, 0, 0, 0
8225, 1, 1636468771855, 1636468772465, 610, 266, 344, 0, 0, 0
8227, 1, 1636468771866, 1636468772477, 611, 263, 348, 1, 1, 2
8226, 1, 1636468771863, 1636468772477, 614, 263, 351, 1, 0, 1
8228, 1, 1636468771893, 1636468772501, 608, 261, 347, 0, 0, 0
8229, 1, 1636468771925, 1636468772537, 612, 264, 348, 2, 0, 2
8230, 1, 1636468771950, 1636468772560, 610, 262, 348, 0, 0, 0
8231, 1, 1636468772052, 1636468772665, 613, 263, 350, 0, 1, 1
8232, 1, 1636468772072, 1636468772692, 620, 266, 354, 0, 0, 0
8233, 1, 1636468772140, 1636468772748, 608, 263, 345, 0, 1, 1
8234, 1, 1636468772177, 1636468772785, 608, 262, 346, 0, 0, 0
8235, 1, 1636468772243, 1636468772849, 606, 262, 344, 0, 0, 0
8236, 1, 1636468772369, 1636468772977, 608, 262, 346, 0, 0, 0
8237, 1, 1636468772379, 1636468772984, 605, 264, 341, 2, 0, 2
8238, 1, 1636468772388, 1636468773000, 612, 262, 350, 0, 0, 0
8240, 1, 1636468772629, 1636468773244, 615, 263, 352, 3, 0, 3
8239, 1, 1636468772629, 1636468773244, 615, 262, 353, 2, 0, 2
8241, 1, 1636468772643, 1636468773253, 610, 266, 344, 0, 0, 0
8242, 1, 1636468772656, 1636468773269, 613, 263, 350, 0, 0, 0
8243, 1, 1636468772669, 1636468773293, 624, 266, 358, 0, 0, 0
8244, 1, 1636468772782, 1636468773392, 610, 262, 348, 0, 0, 0
8245, 1, 1636468772828, 1636468773453, 625, 266, 359, 1, 0, 1
8246, 1, 1636468772834, 1636468773453, 619, 266, 353, 1, 0, 1
8247, 1, 1636468772866, 1636468773477, 611, 262, 349, 0, 0, 0
8248, 1, 1636468772891, 1636468773496, 605, 263, 342, 2, 0, 2
8249, 1, 1636468772894, 1636468773505, 611, 267, 344, 0, 0, 0
8250, 1, 1636468772965, 1636468773577, 612, 263, 349, 0, 0, 0
8251, 1, 1636468773034, 1636468773641, 607, 262, 345, 0, 0, 0
8252, 1, 1636468773047, 1636468773665, 618, 262, 356, 0, 0, 0
8253, 1, 1636468773103, 1636468773717, 614, 267, 347, 0, 0, 0
8254, 1, 1636468773194, 1636468773800, 606, 262, 344, 0, 1, 1
8255, 1, 1636468773243, 1636468773857, 614, 262, 352, 0, 0, 0
8257, 1, 1636468773378, 1636468773985, 607, 262, 345, 0, 0, 0
8256, 1, 1636468773375, 1636468773993, 618, 262, 356, 0, 0, 0
8258, 1, 1636468773413, 1636468774029, 616, 266, 350, 0, 0, 0
8259, 1, 1636468773608, 1636468774221, 613, 262, 351, 0, 0, 0
8261, 1, 1636468773628, 1636468774240, 612, 268, 344, 2, 1, 3
8260, 1, 1636468773625, 1636468774245, 620, 268, 352, 2, 2, 4
8262, 1, 1636468773665, 1636468774285, 620, 267, 353, 2, 1, 3
8263, 1, 1636468773666, 1636468774285, 619, 267, 352, 1, 1, 2
8264, 1, 1636468773746, 1636468774365, 619, 267, 352, 0, 1, 1
8265, 1, 1636468773831, 1636468774440, 609, 262, 347, 0, 0, 0
8266, 1, 1636468773849, 1636468774465, 616, 263, 353, 1, 0, 1
8267, 1, 1636468773854, 1636468774473, 619, 267, 352, 1, 0, 1
8268, 1, 1636468773860, 1636468774473, 613, 262, 351, 0, 1, 1
8269, 1, 1636468773876, 1636468774493, 617, 262, 355, 0, 0, 0
8270, 1, 1636468773942, 1636468774557, 615, 266, 349, 1, 0, 1
8271, 1, 1636468774032, 1636468774640, 608, 262, 346, 0, 0, 0
8272, 1, 1636468774069, 1636468774681, 612, 262, 350, 0, 0, 0
8273, 1, 1636468774094, 1636468774713, 619, 267, 352, 0, 1, 1
8274, 1, 1636468774213, 1636468774833, 620, 266, 354, 0, 1, 1
8275, 1, 1636468774249, 1636468774869, 620, 270, 350, 0, 1, 1
8276, 1, 1636468774340, 1636468774957, 617, 267, 350, 1, 0, 1
8277, 1, 1636468774382, 1636468774997, 615, 264, 351, 1, 1, 2
8278, 1, 1636468774398, 1636468775004, 606, 263, 343, 0, 2, 2
8279, 1, 1636468774594, 1636468775205, 611, 262, 349, 0, 1, 1
8280, 1, 1636468774612, 1636468775233, 621, 266, 355, 0, 0, 0
8281, 1, 1636468774622, 1636468775233, 611, 261, 350, 0, 0, 0
8282, 1, 1636468774646, 1636468775257, 611, 262, 349, 0, 0, 0
8283, 1, 1636468774665, 1636468775285, 620, 263, 357, 0, 2, 2
8284, 1, 1636468774750, 1636468775369, 619, 267, 352, 1, 2, 3
8285, 1, 1636468774827, 1636468775441, 614, 267, 347, 0, 0, 0
8287, 1, 1636468774846, 1636468775461, 615, 264, 351, 2, 0, 2
8286, 1, 1636468774845, 1636468775465, 620, 272, 348, 3, 1, 4
8288, 1, 1636468774852, 1636468775465, 613, 262, 351, 0, 0, 0
8289, 1, 1636468774886, 1636468775496, 610, 262, 348, 0, 0, 0
8290, 1, 1636468774968, 1636468775581, 613, 262, 351, 0, 0, 0
8291, 1, 1636468774996, 1636468775608, 612, 267, 345, 0, 0, 0
8292, 1, 1636468775075, 1636468775689, 614, 266, 348, 0, 0, 0
8293, 1, 1636468775126, 1636468775741, 615, 262, 353, 0, 0, 0
8294, 1, 1636468775202, 1636468775809, 607, 262, 345, 0, 0, 0
8296, 1, 1636468775333, 1636468775944, 611, 262, 349, 0, 0, 0
8295, 1, 1636468775251, 1636468775869, 618, 266, 352, 0, 0, 0
8297, 1, 1636468775365, 1636468775977, 612, 267, 345, 0, 1, 1
8298, 1, 1636468775384, 1636468775997, 613, 262, 351, 0, 0, 0
8299, 1, 1636468775578, 1636468776217, 639, 288, 351, 0, 19, 19
8301, 1, 1636468775615, 1636468776305, 690, 343, 347, 0, 81, 81
8303, 1, 1636468775660, 1636468776305, 645, 293, 352, 1, 29, 30
8302, 1, 1636468775632, 1636468776305, 673, 321, 352, 1, 59, 60
8300, 1, 1636468775600, 1636468776305, 705, 355, 350, 0, 89, 89
8304, 1, 1636468775775, 1636468776484, 709, 262, 447, 2, 1, 3
8306, 1, 1636468775852, 1636468776484, 632, 266, 366, 4, 2, 6
8305, 1, 1636468775839, 1636468776484, 645, 265, 380, 2, 2, 4
8310, 1, 1636468775958, 1636468776533, 575, 265, 310, 1, 1, 2
8307, 1, 1636468775955, 1636468776533, 578, 268, 310, 3, 1, 4
8309, 1, 1636468775957, 1636468776533, 576, 266, 310, 5, 1, 6
8308, 1, 1636468775956, 1636468776569, 613, 262, 351, 1, 0, 1
8311, 1, 1636468775988, 1636468776597, 609, 262, 347, 0, 0, 0
8312, 1, 1636468776095, 1636468776704, 609, 263, 346, 1, 1, 2
8313, 1, 1636468776098, 1636468776717, 619, 266, 353, 1, 1, 2
8314, 1, 1636468776195, 1636468776809, 614, 266, 348, 0, 2, 2
8315, 1, 1636468776229, 1636468776837, 608, 262, 346, 0, 0, 0
8316, 1, 1636468776334, 1636468776945, 611, 262, 349, 0, 1, 1
8317, 1, 1636468776367, 1636468776981, 614, 264, 350, 1, 0, 1
8318, 1, 1636468776399, 1636468777008, 609, 262, 347, 0, 0, 0
8319, 1, 1636468776553, 1636468777173, 620, 272, 348, 2, 0, 2
8321, 1, 1636468776621, 1636468777229, 608, 262, 346, 0, 0, 0
8320, 1, 1636468776612, 1636468777229, 617, 266, 351, 1, 0, 1
8322, 1, 1636468776658, 1636468777276, 618, 271, 347, 2, 0, 2
8323, 1, 1636468776663, 1636468777277, 614, 266, 348, 1, 0, 1
8324, 1, 1636468776768, 1636468777389, 621, 266, 355, 0, 0, 0
8326, 1, 1636468776830, 1636468777445, 615, 263, 352, 1, 1, 2
8325, 1, 1636468776826, 1636468777445, 619, 266, 353, 0, 0, 0
8327, 1, 1636468776833, 1636468777457, 624, 266, 358, 0, 0, 0
8328, 1, 1636468776845, 1636468777465, 620, 267, 353, 1, 1, 2
8329, 1, 1636468776858, 1636468777472, 614, 266, 348, 0, 0, 0
8330, 1, 1636468776951, 1636468777556, 605, 262, 343, 0, 0, 0
8331, 1, 1636468777020, 1636468777633, 613, 266, 347, 0, 0, 0
8332, 1, 1636468777068, 1636468777685, 617, 270, 347, 0, 0, 0
8334, 1, 1636468777165, 1636468777789, 624, 266, 358, 0, 0, 0
8335, 1, 1636468777241, 1636468777857, 616, 262, 354, 0, 0, 0
8336, 1, 1636468777305, 1636468777917, 612, 266, 346, 0, 0, 0
8337, 1, 1636468777337, 1636468777953, 616, 262, 354, 0, 0, 0
8333, 1, 1636468777105, 1636468777977, 872, 523, 349, 1, 0, 1
8338, 1, 1636468777376, 1636468777993, 617, 262, 355, 1, 0, 1
8339, 1, 1636468777531, 1636468778153, 622, 270, 352, 0, 0, 0
8340, 1, 1636468777576, 1636468778189, 613, 262, 351, 0, 1, 1
8341, 1, 1636468777636, 1636468778253, 617, 262, 355, 0, 0, 0
8342, 1, 1636468777665, 1636468778277, 612, 261, 351, 0, 0, 0
8343, 1, 1636468777668, 1636468778289, 621, 262, 359, 0, 0, 0
8344, 1, 1636468777755, 1636468778369, 614, 266, 348, 1, 0, 1
8345, 1, 1636468777791, 1636468778401, 610, 262, 348, 0, 0, 0
8346, 1, 1636468777838, 1636468778445, 607, 262, 345, 0, 0, 0
8348, 1, 1636468777865, 1636468778473, 608, 262, 346, 0, 1, 1
8347, 1, 1636468777862, 1636468778477, 615, 266, 349, 0, 0, 0
8350, 1, 1636468777970, 1636468778576, 606, 262, 344, 0, 0, 0
8351, 1, 1636468777989, 1636468778605, 616, 262, 354, 0, 0, 0
8352, 1, 1636468778083, 1636468778697, 614, 262, 352, 0, 0, 0
8353, 1, 1636468778113, 1636468778729, 616, 263, 353, 2, 0, 2
8354, 1, 1636468778160, 1636468778777, 617, 271, 346, 0, 0, 0
8349, 1, 1636468777875, 1636468778825, 950, 603, 347, 0, 1, 1
8355, 1, 1636468778218, 1636468778829, 611, 262, 349, 0, 0, 0
8356, 1, 1636468778298, 1636468778908, 610, 263, 347, 0, 0, 0
8358, 1, 1636468778401, 1636468779013, 612, 263, 349, 0, 1, 1
8357, 1, 1636468778346, 1636468779177, 831, 478, 353, 0, 0, 0
8360, 1, 1636468778580, 1636468779197, 617, 262, 355, 0, 1, 1
8361, 1, 1636468778616, 1636468779225, 609, 262, 347, 0, 1, 1
8362, 1, 1636468778630, 1636468779237, 607, 262, 345, 0, 0, 0
8363, 1, 1636468778671, 1636468779281, 610, 266, 344, 0, 0, 0
8364, 1, 1636468778724, 1636468779336, 612, 262, 350, 0, 0, 0
8365, 1, 1636468778762, 1636468779377, 615, 266, 349, 0, 1, 1
8366, 1, 1636468778831, 1636468779440, 609, 264, 345, 1, 0, 1
8367, 1, 1636468778852, 1636468779461, 609, 262, 347, 0, 1, 1
8368, 1, 1636468778877, 1636468779489, 612, 262, 350, 0, 0, 0
8369, 1, 1636468778883, 1636468779501, 618, 267, 351, 0, 0, 0
8359, 1, 1636468778566, 1636468779525, 959, 606, 353, 0, 0, 0
8370, 1, 1636468778936, 1636468779549, 613, 262, 351, 0, 1, 1
8372, 1, 1636468779061, 1636468779673, 612, 266, 346, 0, 0, 0
8373, 1, 1636468779149, 1636468779765, 616, 264, 352, 2, 1, 3
8374, 1, 1636468779152, 1636468779773, 621, 262, 359, 0, 0, 0
8375, 1, 1636468779243, 1636468779853, 610, 262, 348, 0, 0, 0
8371, 1, 1636468778999, 1636468779873, 874, 526, 348, 0, 0, 0
8377, 1, 1636468779359, 1636468779973, 614, 262, 352, 0, 0, 0
8378, 1, 1636468779365, 1636468779985, 620, 266, 354, 0, 0, 0
8379, 1, 1636468779564, 1636468780217, 653, 262, 391, 0, 0, 0
8376, 1, 1636468779330, 1636468780229, 899, 546, 353, 0, 0, 0
8380, 1, 1636468779605, 1636468780245, 640, 274, 366, 1, 1, 2
8381, 1, 1636468779629, 1636468780245, 616, 262, 354, 0, 0, 0
8382, 1, 1636468779646, 1636468780261, 615, 266, 349, 0, 0, 0
8383, 1, 1636468779657, 1636468780272, 615, 262, 353, 0, 0, 0
8384, 1, 1636468779695, 1636468780309, 614, 262, 352, 0, 0, 0
8385, 1, 1636468779754, 1636468780365, 611, 266, 345, 0, 0, 0
8386, 1, 1636468779828, 1636468780449, 621, 271, 350, 0, 1, 1
8388, 1, 1636468779852, 1636468780468, 616, 266, 350, 0, 0, 0
8389, 1, 1636468779913, 1636468780525, 612, 266, 346, 0, 0, 0
8390, 1, 1636468779918, 1636468780537, 619, 267, 352, 0, 0, 0
8387, 1, 1636468779841, 1636468780577, 736, 379, 357, 1, 0, 1
8391, 1, 1636468780006, 1636468780625, 619, 266, 353, 0, 1, 1
8392, 1, 1636468780087, 1636468780697, 610, 263, 347, 1, 1, 2
8393, 1, 1636468780174, 1636468780780, 606, 262, 344, 3, 0, 3
8395, 1, 1636468780207, 1636468780821, 614, 263, 351, 0, 1, 1
8394, 1, 1636468780188, 1636468780928, 740, 382, 358, 0, 0, 0
8396, 1, 1636468780323, 1636468780932, 609, 263, 346, 1, 0, 1
8397, 1, 1636468780370, 1636468780985, 615, 266, 349, 0, 0, 0
8398, 1, 1636468780396, 1636468781009, 613, 266, 347, 0, 0, 0
8400, 1, 1636468780598, 1636468781213, 615, 266, 349, 0, 0, 0
8401, 1, 1636468780607, 1636468781217, 610, 262, 348, 0, 0, 0
8399, 1, 1636468780564, 1636468781277, 713, 359, 354, 1, 1, 2
8402, 1, 1636468780672, 1636468781281, 609, 266, 343, 0, 0, 0
8403, 1, 1636468780672, 1636468781285, 613, 266, 347, 0, 0, 0
8404, 1, 1636468780687, 1636468781297, 610, 262, 348, 0, 0, 0
8407, 1, 1636468780836, 1636468781449, 613, 263, 350, 0, 1, 1
8406, 1, 1636468780834, 1636468781453, 619, 266, 353, 0, 0, 0
8408, 1, 1636468780861, 1636468781477, 616, 270, 346, 0, 0, 0
8409, 1, 1636468780888, 1636468781509, 621, 267, 354, 1, 0, 1
8410, 1, 1636468780938, 1636468781549, 611, 263, 348, 1, 0, 1
8405, 1, 1636468780787, 1636468781620, 833, 482, 351, 0, 0, 0
8411, 1, 1636468781043, 1636468781653, 610, 266, 344, 0, 0, 0
8412, 1, 1636468781051, 1636468781661, 610, 266, 344, 0, 0, 0
8413, 1, 1636468781177, 1636468781789, 612, 262, 350, 0, 0, 0
8414, 1, 1636468781199, 1636468781808, 609, 262, 347, 0, 0, 0
8415, 1, 1636468781211, 1636468781817, 606, 263, 343, 2, 1, 3
8416, 1, 1636468781333, 1636468781969, 636, 287, 349, 1, 1, 2
8417, 1, 1636468781396, 1636468782004, 608, 262, 346, 0, 1, 1
8418, 1, 1636468781421, 1636468782037, 616, 262, 354, 1, 0, 1
8419, 1, 1636468781573, 1636468782180, 607, 262, 345, 1, 0, 1
8420, 1, 1636468781580, 1636468782197, 617, 262, 355, 0, 1, 1
8421, 1, 1636468781631, 1636468782236, 605, 262, 343, 0, 1, 1
8422, 1, 1636468781640, 1636468782248, 608, 262, 346, 0, 0, 0
8423, 1, 1636468781649, 1636468782261, 612, 262, 350, 0, 0, 0
8424, 1, 1636468781720, 1636468782329, 609, 263, 346, 1, 0, 1
8425, 1, 1636468781776, 1636468782385, 609, 262, 347, 0, 0, 0
8426, 1, 1636468781800, 1636468782408, 608, 263, 345, 1, 0, 1
8427, 1, 1636468781803, 1636468782412, 609, 269, 340, 1, 0, 1
8428, 1, 1636468781883, 1636468782500, 617, 262, 355, 0, 1, 1
8429, 1, 1636468781897, 1636468782513, 616, 267, 349, 1, 1, 2
8430, 1, 1636468781970, 1636468782581, 611, 262, 349, 0, 0, 0
8431, 1, 1636468782056, 1636468782672, 616, 263, 353, 0, 1, 1
8432, 1, 1636468782068, 1636468782685, 617, 258, 359, 0, 0, 0
8433, 1, 1636468782188, 1636468782801, 613, 262, 351, 0, 0, 0
8434, 1, 1636468782218, 1636468782829, 611, 263, 348, 0, 0, 0
8435, 1, 1636468782229, 1636468782841, 612, 262, 350, 0, 0, 0
8436, 1, 1636468782362, 1636468782977, 615, 266, 349, 0, 0, 0
8437, 1, 1636468782365, 1636468782977, 612, 264, 348, 1, 0, 1
8438, 1, 1636468782453, 1636468783069, 616, 263, 353, 0, 1, 1
8439, 1, 1636468782549, 1636468783173, 624, 270, 354, 0, 0, 0
8440, 1, 1636468782601, 1636468783213, 612, 262, 350, 0, 0, 0
8441, 1, 1636468782626, 1636468783241, 615, 262, 353, 1, 0, 1
8442, 1, 1636468782633, 1636468783253, 620, 262, 358, 0, 0, 0
8443, 1, 1636468782675, 1636468783293, 618, 263, 355, 0, 1, 1
8444, 1, 1636468782718, 1636468783329, 611, 263, 348, 0, 1, 1
8445, 1, 1636468782774, 1636468783389, 615, 262, 353, 0, 0, 0
8446, 1, 1636468782793, 1636468783405, 612, 262, 350, 0, 0, 0
8447, 1, 1636468782818, 1636468783429, 611, 266, 345, 0, 0, 0
8448, 1, 1636468782875, 1636468783489, 614, 270, 344, 0, 0, 0
8449, 1, 1636468782922, 1636468783537, 615, 267, 348, 1, 0, 1
8450, 1, 1636468782989, 1636468783597, 608, 262, 346, 0, 0, 0
8451, 1, 1636468783081, 1636468783697, 616, 266, 350, 0, 0, 0
8452, 1, 1636468783100, 1636468783720, 620, 266, 354, 0, 0, 0
8453, 1, 1636468783198, 1636468783809, 611, 264, 347, 1, 1, 2
8454, 1, 1636468783209, 1636468783824, 615, 262, 353, 0, 1, 1
8455, 1, 1636468783345, 1636468783956, 611, 263, 348, 1, 0, 1
8456, 1, 1636468783401, 1636468784017, 616, 266, 350, 0, 0, 0
8457, 1, 1636468783473, 1636468784085, 612, 262, 350, 0, 0, 0
8458, 1, 1636468783544, 1636468784157, 613, 262, 351, 0, 1, 1
8459, 1, 1636468783600, 1636468784213, 613, 262, 351, 0, 0, 0
8460, 1, 1636468783626, 1636468784237, 611, 262, 349, 0, 0, 0
8461, 1, 1636468783631, 1636468784245, 614, 266, 348, 0, 1, 1
8462, 1, 1636468783638, 1636468784249, 611, 266, 345, 0, 1, 1
8463, 1, 1636468783729, 1636468784349, 620, 266, 354, 0, 0, 0
8464, 1, 1636468783766, 1636468784377, 611, 263, 348, 0, 0, 0
8465, 1, 1636468783813, 1636468784425, 612, 262, 350, 0, 0, 0
8466, 1, 1636468783843, 1636468784452, 609, 262, 347, 0, 0, 0
8468, 1, 1636468783954, 1636468784565, 611, 264, 347, 1, 1, 2
8469, 1, 1636468784051, 1636468784665, 614, 266, 348, 0, 0, 0
8467, 1, 1636468783907, 1636468784697, 790, 442, 348, 0, 0, 0
8470, 1, 1636468784102, 1636468784721, 619, 270, 349, 0, 0, 0
8471, 1, 1636468784180, 1636468784796, 616, 262, 354, 0, 0, 0
8472, 1, 1636468784245, 1636468784857, 612, 262, 350, 0, 0, 0
8473, 1, 1636468784315, 1636468784928, 613, 266, 347, 0, 0, 0
8474, 1, 1636468784426, 1636468785033, 607, 263, 344, 1, 1, 2
8475, 1, 1636468784536, 1636468785149, 613, 262, 351, 0, 0, 0
8476, 1, 1636468784570, 1636468785188, 618, 267, 351, 1, 2, 3
8477, 1, 1636468784643, 1636468785257, 614, 262, 352, 0, 0, 0
8478, 1, 1636468784657, 1636468785269, 612, 263, 349, 2, 0, 2
8479, 1, 1636468784658, 1636468785273, 615, 263, 352, 1, 2, 3
8480, 1, 1636468784748, 1636468785369, 621, 262, 359, 1, 0, 1
8481, 1, 1636468784798, 1636468785405, 607, 263, 344, 1, 0, 1
8482, 1, 1636468784812, 1636468785421, 609, 263, 346, 0, 1, 1
8483, 1, 1636468784850, 1636468785461, 611, 262, 349, 1, 0, 1
8484, 1, 1636468784890, 1636468785505, 615, 263, 352, 1, 0, 1
8485, 1, 1636468784973, 1636468785581, 608, 262, 346, 0, 0, 0
8486, 1, 1636468785034, 1636468785645, 611, 266, 345, 0, 0, 0
8487, 1, 1636468785149, 1636468785761, 612, 262, 350, 0, 0, 0
8488, 1, 1636468785271, 1636468785885, 614, 262, 352, 0, 0, 0
8489, 1, 1636468785287, 1636468785901, 614, 262, 352, 0, 0, 0
8490, 1, 1636468785450, 1636468786069, 619, 267, 352, 1, 1, 2
8491, 1, 1636468785562, 1636468786177, 615, 266, 349, 0, 0, 0
8492, 1, 1636468785569, 1636468786189, 620, 270, 350, 0, 0, 0
8493, 1, 1636468785625, 1636468786233, 608, 263, 345, 0, 1, 1
8494, 1, 1636468785669, 1636468786293, 624, 270, 354, 0, 0, 0
8495, 1, 1636468785677, 1636468786296, 619, 262, 357, 0, 1, 1
8496, 1, 1636468785749, 1636468786365, 616, 263, 353, 0, 0, 0
8497, 1, 1636468785797, 1636468786413, 616, 262, 354, 0, 0, 0
8498, 1, 1636468785805, 1636468786413, 608, 262, 346, 0, 0, 0
8499, 1, 1636468785875, 1636468786493, 618, 266, 352, 0, 0, 0
8500, 1, 1636468785901, 1636468786540, 639, 286, 353, 0, 0, 0
8501, 1, 1636468786003, 1636468786613, 610, 262, 348, 0, 0, 0
8502, 1, 1636468786120, 1636468786733, 613, 263, 350, 1, 0, 1
8503, 1, 1636468786280, 1636468786893, 613, 262, 351, 0, 0, 0
8504, 1, 1636468786303, 1636468786908, 605, 263, 342, 0, 0, 0
8505, 1, 1636468786469, 1636468787084, 615, 262, 353, 0, 0, 0
8506, 1, 1636468786546, 1636468787161, 615, 266, 349, 0, 1, 1
8507, 1, 1636468786594, 1636468787209, 615, 262, 353, 1, 0, 1
8508, 1, 1636468786618, 1636468787229, 611, 262, 349, 0, 0, 0
8509, 1, 1636468786659, 1636468787269, 610, 266, 344, 0, 0, 0
8510, 1, 1636468786774, 1636468787385, 611, 262, 349, 0, 0, 0
8511, 1, 1636468786804, 1636468787424, 620, 266, 354, 0, 0, 0
8513, 1, 1636468786908, 1636468787521, 613, 262, 351, 0, 0, 0
8512, 1, 1636468786808, 1636468787553, 745, 394, 351, 0, 0, 0
8514, 1, 1636468786934, 1636468787553, 619, 263, 356, 0, 0, 0
8515, 1, 1636468786974, 1636468787580, 606, 262, 344, 0, 0, 0
8516, 1, 1636468787112, 1636468787725, 613, 262, 351, 1, 0, 1
8517, 1, 1636468787313, 1636468787925, 612, 263, 349, 1, 1, 2
8518, 1, 1636468787313, 1636468787925, 612, 262, 350, 2, 0, 2
8520, 1, 1636468787563, 1636468788173, 610, 262, 348, 0, 0, 0
8521, 1, 1636468787587, 1636468788204, 617, 266, 351, 0, 0, 0
8519, 1, 1636468787556, 1636468788277, 721, 366, 355, 0, 0, 0
8522, 1, 1636468787653, 1636468788277, 624, 266, 358, 1, 1, 2
8523, 1, 1636468787798, 1636468788413, 615, 270, 345, 0, 0, 0
8524, 1, 1636468787806, 1636468788425, 619, 267, 352, 1, 0, 1
8525, 1, 1636468787825, 1636468788441, 616, 262, 354, 0, 0, 0
8526, 1, 1636468787927, 1636468788541, 614, 262, 352, 1, 0, 1
8527, 1, 1636468787961, 1636468788573, 612, 262, 350, 0, 0, 0
8528, 1, 1636468787971, 1636468788585, 614, 263, 351, 0, 0, 0
8529, 1, 1636468788144, 1636468788761, 617, 263, 354, 1, 0, 1
8530, 1, 1636468788282, 1636468788897, 615, 262, 353, 0, 0, 0
8531, 1, 1636468788558, 1636468789177, 619, 262, 357, 0, 0, 0
8532, 1, 1636468788573, 1636468789185, 612, 262, 350, 0, 0, 0
8533, 1, 1636468788580, 1636468789193, 613, 266, 347, 0, 0, 0
8534, 1, 1636468788620, 1636468789229, 609, 262, 347, 0, 0, 0
8535, 1, 1636468788790, 1636468789401, 611, 262, 349, 0, 0, 0
8536, 1, 1636468788825, 1636468789441, 616, 262, 354, 0, 0, 0
8537, 1, 1636468788861, 1636468789473, 612, 266, 346, 0, 0, 0
8538, 1, 1636468788993, 1636468789605, 612, 263, 349, 0, 1, 1
8539, 1, 1636468788996, 1636468789609, 613, 266, 347, 0, 0, 0
8540, 1, 1636468789113, 1636468789725, 612, 262, 350, 0, 0, 0
8541, 1, 1636468789293, 1636468789953, 660, 310, 350, 0, 1, 1
8542, 1, 1636468789550, 1636468790161, 611, 263, 348, 2, 0, 2
8543, 1, 1636468789590, 1636468790205, 615, 266, 349, 0, 0, 0
8544, 1, 1636468789594, 1636468790205, 611, 267, 344, 1, 0, 1
8545, 1, 1636468789615, 1636468790225, 610, 266, 344, 0, 0, 0
8546, 1, 1636468789822, 1636468790433, 611, 262, 349, 0, 0, 0
8547, 1, 1636468789886, 1636468790497, 611, 262, 349, 0, 0, 0
8548, 1, 1636468789963, 1636468790573, 610, 262, 348, 0, 0, 0
8549, 1, 1636468790029, 1636468790645, 616, 262, 354, 0, 0, 0
8550, 1, 1636468790123, 1636468790781, 658, 306, 352, 0, 0, 0
8551, 1, 1636468790298, 1636468790917, 619, 266, 353, 0, 0, 0
8553, 1, 1636468790583, 1636468791193, 610, 263, 347, 3, 0, 3
8552, 1, 1636468790582, 1636468791193, 611, 263, 348, 3, 0, 3
8554, 1, 1636468790629, 1636468791241, 612, 266, 346, 0, 0, 0
8555, 1, 1636468790640, 1636468791257, 617, 262, 355, 0, 0, 0
8556, 1, 1636468790791, 1636468791401, 610, 262, 348, 0, 0, 0
8557, 1, 1636468790918, 1636468791529, 611, 262, 349, 0, 0, 0
8558, 1, 1636468790973, 1636468791581, 608, 262, 346, 0, 0, 0
8559, 1, 1636468791049, 1636468791669, 620, 266, 354, 0, 0, 0
8560, 1, 1636468791127, 1636468791737, 610, 262, 348, 0, 0, 0
8561, 1, 1636468791334, 1636468791949, 615, 262, 353, 0, 0, 0
8562, 1, 1636468791552, 1636468792161, 609, 262, 347, 0, 0, 0
8563, 1, 1636468791595, 1636468792209, 614, 266, 348, 0, 0, 0
8564, 1, 1636468791654, 1636468792265, 611, 262, 349, 0, 0, 0
8565, 1, 1636468791672, 1636468792289, 617, 266, 351, 0, 0, 0
8567, 1, 1636468791937, 1636468792549, 612, 262, 350, 0, 0, 0
8566, 1, 1636468791801, 1636468792553, 752, 406, 346, 0, 0, 0
8568, 1, 1636468791994, 1636468792601, 607, 263, 344, 0, 0, 0
8569, 1, 1636468792163, 1636468792773, 610, 262, 348, 0, 0, 0
8570, 1, 1636468792360, 1636468792973, 613, 262, 351, 0, 0, 0
8571, 1, 1636468792561, 1636468793169, 608, 262, 346, 0, 0, 0
8572, 1, 1636468792565, 1636468793177, 612, 266, 346, 0, 0, 0
8573, 1, 1636468792686, 1636468793293, 607, 262, 345, 1, 0, 1
8574, 1, 1636468792691, 1636468793309, 618, 270, 348, 0, 0, 0
8575, 1, 1636468792809, 1636468793421, 612, 262, 350, 0, 1, 1
8576, 1, 1636468793023, 1636468793633, 610, 262, 348, 0, 0, 0
8577, 1, 1636468793189, 1636468793801, 612, 262, 350, 0, 0, 0
8578, 1, 1636468793393, 1636468794005, 612, 262, 350, 0, 0, 0
8579, 1, 1636468793575, 1636468794181, 606, 262, 344, 0, 0, 0
8580, 1, 1636468793581, 1636468794197, 616, 266, 350, 0, 0, 0
8581, 1, 1636468793696, 1636468794313, 617, 262, 355, 0, 0, 0
8582, 1, 1636468793845, 1636468794457, 612, 262, 350, 0, 0, 0
8583, 1, 1636468794048, 1636468794664, 616, 266, 350, 0, 0, 0
8584, 1, 1636468794220, 1636468794833, 613, 262, 351, 0, 0, 0
8585, 1, 1636468794413, 1636468795025, 612, 262, 350, 0, 0, 0
8586, 1, 1636468794596, 1636468795209, 613, 262, 351, 0, 0, 0
8587, 1, 1636468794617, 1636468795229, 612, 262, 350, 0, 0, 0
8588, 1, 1636468794871, 1636468795481, 610, 262, 348, 0, 0, 0
8589, 1, 1636468795081, 1636468795697, 616, 262, 354, 0, 0, 0
8590, 1, 1636468795239, 1636468795849, 610, 262, 348, 0, 0, 0
8592, 1, 1636468795642, 1636468796249, 607, 262, 345, 0, 0, 0
8591, 1, 1636468795633, 1636468796249, 616, 262, 354, 0, 0, 0
8593, 1, 1636468795902, 1636468796513, 611, 262, 349, 0, 0, 0
8594, 1, 1636468796100, 1636468796713, 613, 262, 351, 0, 0, 0
8595, 1, 1636468796659, 1636468797269, 610, 262, 348, 0, 0, 0
8596, 1, 1636468796666, 1636468797281, 615, 262, 353, 0, 0, 0
8597, 1, 1636468796921, 1636468797533, 612, 263, 349, 1, 1, 2
8598, 1, 1636468797685, 1636468798297, 612, 262, 350, 0, 0, 0
8599, 1, 1636468797691, 1636468798301, 610, 262, 348, 0, 0, 0
8600, 1, 1636468798702, 1636468799313, 611, 262, 349, 0, 0, 0
8601, 1, 1636468896470, 1636468897081, 611, 262, 349, 0, 0, 0
8602, 1, 1636468897061, 1636468897673, 612, 262, 350, 0, 0, 0
8603, 1, 1636468897267, 1636468897877, 610, 263, 347, 0, 0, 0
8604, 1, 1636468897716, 1636468898328, 612, 262, 350, 0, 0, 0
8605, 1, 1636468897859, 1636468898469, 610, 262, 348, 0, 0, 0
8606, 1, 1636468898064, 1636468898681, 617, 263, 354, 1, 0, 1
8607, 1, 1636468898363, 1636468898969, 606, 262, 344, 0, 0, 0
8608, 1, 1636468898514, 1636468899125, 611, 262, 349, 0, 0, 0
8609, 1, 1636468898656, 1636468899269, 613, 263, 350, 0, 0, 0
8610, 1, 1636468898876, 1636468899489, 613, 267, 346, 1, 0, 1
8611, 1, 1636468899005, 1636468899613, 608, 262, 346, 0, 1, 1
8612, 1, 1636468899152, 1636468899765, 613, 266, 347, 0, 0, 0
8613, 1, 1636468899311, 1636468899925, 614, 267, 347, 0, 0, 0
8614, 1, 1636468899468, 1636468900081, 613, 262, 351, 0, 0, 0
8615, 1, 1636468899690, 1636468900301, 611, 262, 349, 0, 0, 0
8616, 1, 1636468899724, 1636468900341, 617, 266, 351, 0, 0, 0
8617, 1, 1636468899794, 1636468900405, 611, 262, 349, 0, 0, 0
8618, 1, 1636468899949, 1636468900561, 612, 262, 350, 0, 0, 0
8619, 1, 1636468900123, 1636468900729, 606, 263, 343, 0, 1, 1
8620, 1, 1636468900282, 1636468900893, 611, 263, 348, 0, 0, 0
8621, 1, 1636468900488, 1636468901097, 609, 263, 346, 1, 1, 2
8622, 1, 1636468900522, 1636468901133, 611, 263, 348, 1, 0, 1
8623, 1, 1636468900591, 1636468901200, 609, 267, 342, 0, 1, 1
8624, 1, 1636468900736, 1636468901345, 609, 262, 347, 0, 0, 0
8625, 1, 1636468900761, 1636468901373, 612, 262, 350, 0, 1, 1
8626, 1, 1636468900934, 1636468901545, 611, 263, 348, 0, 0, 0
8627, 1, 1636468901080, 1636468901689, 609, 262, 347, 0, 1, 1
8630, 1, 1636468901319, 1636468901929, 610, 267, 343, 0, 1, 1
8631, 1, 1636468901403, 1636468902013, 610, 262, 348, 0, 0, 0
8632, 1, 1636468901525, 1636468902137, 612, 262, 350, 0, 0, 0
8633, 1, 1636468901575, 1636468902189, 614, 262, 352, 0, 0, 0
8634, 1, 1636468901732, 1636468902345, 613, 262, 351, 0, 0, 0
8637, 1, 1636468902131, 1636468902741, 610, 262, 348, 0, 0, 0
8638, 1, 1636468902217, 1636468902825, 608, 262, 346, 0, 0, 0
8639, 1, 1636468902323, 1636468902937, 614, 262, 352, 0, 0, 0
8640, 1, 1636468902373, 1636468902989, 616, 263, 353, 1, 0, 1
8629, 2, 1636468901304, 1636468903527, 2223, 1, 2222, 0, 1, 1
8628, 2, 1636468901302, 1636468903527, 2225, 0, 2225, 0, 1, 1
8643, 1, 1636468902945, 1636468903553, 608, 263, 345, 0, 1, 1
8644, 1, 1636468903009, 1636468903625, 616, 266, 350, 0, 0, 0
8645, 1, 1636468903135, 1636468903745, 610, 262, 348, 0, 0, 0
8635, 2, 1636468901894, 1636468904114, 2220, 0, 2220, 0, 0, 0
8647, 1, 1636468903613, 1636468904265, 652, 263, 389, 0, 0, 0
8648, 1, 1636468903613, 1636468904273, 660, 266, 394, 0, 0, 0
8636, 2, 1636468902085, 1636468904306, 2221, 0, 2221, 0, 0, 0
8651, 1, 1636468903948, 1636468904561, 613, 262, 351, 0, 1, 1
8649, 1, 1636468903737, 1636468904616, 879, 534, 345, 0, 0, 0
8641, 2, 1636468902545, 1636468904767, 2222, 0, 2222, 0, 0, 0
8652, 1, 1636468904201, 1636468904857, 656, 266, 390, 0, 0, 0
8642, 2, 1636468902716, 1636468904939, 2223, 0, 2223, 0, 1, 1
8653, 1, 1636468904362, 1636468904973, 611, 263, 348, 1, 0, 1
8654, 1, 1636468904370, 1636468904980, 610, 262, 348, 0, 0, 0
8655, 1, 1636468904393, 1636468905045, 652, 262, 390, 0, 0, 0
8656, 1, 1636468904618, 1636468905273, 655, 262, 393, 0, 0, 0
8658, 1, 1636468904747, 1636468905393, 646, 298, 348, 0, 0, 0
8646, 2, 1636468903184, 1636468905406, 2222, 0, 2222, 0, 0, 0
8659, 1, 1636468904853, 1636468905505, 652, 263, 389, 1, 0, 1
8660, 1, 1636468904949, 1636468905561, 612, 262, 350, 0, 0, 0
8661, 1, 1636468905025, 1636468905745, 720, 322, 398, 0, 0, 0
8662, 1, 1636468905143, 1636468905757, 614, 266, 348, 0, 0, 0
8663, 1, 1636468905149, 1636468905757, 608, 263, 345, 0, 1, 1
8664, 1, 1636468905178, 1636468905785, 607, 262, 345, 0, 0, 0
8666, 1, 1636468905414, 1636468906025, 611, 264, 347, 0, 0, 0
8650, 2, 1636468903821, 1636468906042, 2221, 0, 2221, 0, 0, 0
8669, 1, 1636468905601, 1636468906217, 616, 262, 354, 0, 0, 0
8670, 1, 1636468905736, 1636468906357, 621, 267, 354, 0, 0, 0
8667, 1, 1636468905493, 1636468906369, 876, 486, 390, 0, 0, 0
8671, 1, 1636468905780, 1636468906433, 653, 261, 392, 0, 0, 0
8672, 1, 1636468905948, 1636468906569, 621, 267, 354, 3, 0, 3
8673, 1, 1636468905951, 1636468906569, 618, 267, 351, 3, 0, 3
8674, 1, 1636468905985, 1636468906601, 616, 266, 350, 0, 0, 0
8675, 1, 1636468906129, 1636468906777, 648, 263, 385, 1, 1, 2
8677, 1, 1636468906203, 1636468906809, 606, 262, 344, 0, 0, 0
8657, 2, 1636468904658, 1636468906878, 2220, 0, 2220, 0, 0, 0
8679, 1, 1636468906387, 1636468906997, 610, 262, 348, 0, 0, 0
8678, 1, 1636468906379, 1636468907033, 654, 262, 392, 0, 0, 0
8680, 1, 1636468906523, 1636468907136, 613, 263, 350, 1, 1, 2
8681, 1, 1636468906583, 1636468907197, 614, 262, 352, 0, 1, 1
8682, 1, 1636468906758, 1636468907364, 606, 262, 344, 0, 0, 0
8683, 1, 1636468906765, 1636468907385, 620, 271, 349, 0, 2, 2
8684, 1, 1636468906783, 1636468907393, 610, 262, 348, 0, 0, 0
8685, 1, 1636468906886, 1636468907497, 611, 262, 349, 0, 1, 1
8688, 1, 1636468906998, 1636468907605, 607, 262, 345, 0, 0, 0
8665, 2, 1636468905389, 1636468907614, 2225, 0, 2225, 0, 0, 0
8687, 1, 1636468906965, 1636468907616, 651, 259, 392, 0, 0, 0
8668, 2, 1636468905553, 1636468907774, 2221, 0, 2221, 0, 0, 0
8689, 1, 1636468907180, 1636468907789, 609, 263, 346, 1, 1, 2
8690, 1, 1636468907187, 1636468907804, 617, 267, 350, 0, 0, 0
8691, 1, 1636468907333, 1636468907948, 615, 266, 349, 0, 0, 0
8692, 1, 1636468907396, 1636468908012, 616, 262, 354, 0, 0, 0
8693, 1, 1636468907552, 1636468908169, 617, 262, 355, 0, 0, 0
8694, 1, 1636468907570, 1636468908185, 615, 262, 353, 1, 0, 1
8695, 1, 1636468907577, 1636468908185, 608, 262, 346, 0, 0, 0
8697, 1, 1636468907673, 1636468908281, 608, 259, 349, 0, 1, 1
8699, 1, 1636468907715, 1636468908321, 606, 262, 344, 0, 0, 0
8698, 1, 1636468907701, 1636468908357, 656, 266, 390, 0, 0, 0
8676, 2, 1636468906155, 1636468908375, 2220, 0, 2220, 0, 0, 0
8700, 1, 1636468907798, 1636468908413, 615, 262, 353, 0, 0, 0
8701, 1, 1636468907861, 1636468908517, 656, 266, 390, 0, 0, 0
8702, 1, 1636468907968, 1636468908589, 621, 262, 359, 0, 0, 0
8703, 1, 1636468907996, 1636468908609, 613, 262, 351, 0, 0, 0
8704, 1, 1636468908135, 1636468908741, 606, 262, 344, 0, 0, 0
8705, 1, 1636468908194, 1636468908801, 607, 262, 345, 0, 0, 0
8706, 1, 1636468908347, 1636468908957, 610, 262, 348, 0, 0, 0
8707, 1, 1636468908364, 1636468908985, 621, 267, 354, 0, 1, 1
8708, 1, 1636468908380, 1636468908997, 617, 262, 355, 0, 0, 0
8710, 1, 1636468908451, 1636468909057, 606, 262, 344, 0, 0, 0
8712, 1, 1636468908471, 1636468909089, 618, 262, 356, 0, 0, 0
8711, 1, 1636468908465, 1636468909125, 660, 262, 398, 0, 0, 0
8713, 1, 1636468908524, 1636468909140, 616, 263, 353, 1, 3, 4
8686, 2, 1636468906922, 1636468909142, 2220, 0, 2220, 0, 0, 0
8714, 1, 1636468908607, 1636468909225, 618, 266, 352, 1, 0, 1
8715, 1, 1636468908610, 1636468909225, 615, 262, 353, 0, 0, 0
8716, 1, 1636468908781, 1636468909396, 615, 262, 353, 0, 0, 0
8717, 1, 1636468908799, 1636468909413, 614, 263, 351, 0, 0, 0
8718, 1, 1636468908943, 1636468909553, 610, 266, 344, 0, 0, 0
8719, 1, 1636468908976, 1636468909589, 613, 266, 347, 0, 0, 0
8721, 1, 1636468909134, 1636468909748, 614, 263, 351, 1, 2, 3
8722, 1, 1636468909157, 1636468909772, 615, 262, 353, 0, 1, 1
8723, 1, 1636468909188, 1636468909805, 617, 268, 349, 2, 1, 3
8724, 1, 1636468909221, 1636468909829, 608, 258, 350, 0, 0, 0
8696, 2, 1636468907615, 1636468909834, 2219, 1, 2218, 1, 0, 1
8726, 1, 1636468909261, 1636468909869, 608, 262, 346, 0, 0, 0
8725, 1, 1636468909233, 1636468909885, 652, 262, 390, 0, 0, 0
8727, 1, 1636468909282, 1636468909889, 607, 262, 345, 0, 0, 0
8728, 1, 1636468909337, 1636468909949, 612, 266, 346, 0, 0, 0
8729, 1, 1636468909396, 1636468910005, 609, 258, 351, 1, 0, 1
8730, 1, 1636468909410, 1636468910013, 603, 258, 345, 0, 0, 0
8731, 1, 1636468909584, 1636468910193, 609, 258, 351, 0, 1, 1
8732, 1, 1636468909609, 1636468910221, 612, 263, 349, 1, 0, 1
8733, 1, 1636468909750, 1636468910364, 614, 267, 347, 1, 0, 1
8734, 1, 1636468909766, 1636468910376, 610, 262, 348, 0, 0, 0
8737, 1, 1636468909924, 1636468910537, 613, 262, 351, 0, 1, 1
8738, 1, 1636468909944, 1636468910553, 609, 262, 347, 0, 2, 2
8736, 1, 1636468909921, 1636468910568, 647, 263, 384, 0, 1, 1
8739, 1, 1636468909977, 1636468910593, 616, 262, 354, 0, 0, 0
8740, 1, 1636468909981, 1636468910600, 619, 263, 356, 0, 1, 1
8741, 1, 1636468910030, 1636468910637, 607, 262, 345, 0, 0, 0
8709, 2, 1636468908437, 1636468910658, 2221, 0, 2221, 0, 0, 0
8742, 1, 1636468910067, 1636468910681, 614, 262, 352, 0, 0, 0
8743, 1, 1636468910093, 1636468910705, 612, 262, 350, 0, 0, 0
8744, 1, 1636468910135, 1636468910741, 606, 262, 344, 1, 1, 2
8745, 1, 1636468910195, 1636468910805, 610, 263, 347, 0, 0, 0
8746, 1, 1636468910217, 1636468910825, 608, 262, 346, 0, 0, 0
8747, 1, 1636468910391, 1636468911001, 610, 262, 348, 0, 0, 0
8748, 1, 1636468910416, 1636468911024, 608, 262, 346, 0, 0, 0
8749, 1, 1636468910539, 1636468911149, 610, 263, 347, 1, 0, 1
8750, 1, 1636468910555, 1636468911165, 610, 262, 348, 0, 0, 0
8751, 1, 1636468910673, 1636468911288, 615, 266, 349, 0, 0, 0
8752, 1, 1636468910711, 1636468911325, 614, 266, 348, 0, 0, 0
8720, 2, 1636468909108, 1636468911330, 2222, 0, 2222, 0, 0, 0
8753, 1, 1636468910743, 1636468911357, 614, 266, 348, 0, 0, 0
8755, 1, 1636468910773, 1636468911385, 612, 263, 349, 1, 0, 1
8756, 1, 1636468910790, 1636468911397, 607, 262, 345, 1, 1, 2
8754, 1, 1636468910745, 1636468911397, 652, 263, 389, 1, 0, 1
8758, 1, 1636468910836, 1636468911449, 613, 262, 351, 0, 0, 0
8759, 1, 1636468910866, 1636468911473, 607, 262, 345, 0, 1, 1
8760, 1, 1636468910903, 1636468911517, 614, 262, 352, 0, 0, 0
8761, 1, 1636468910917, 1636468911525, 608, 263, 345, 0, 0, 0
8762, 1, 1636468910996, 1636468911605, 609, 262, 347, 0, 0, 0
8763, 1, 1636468911024, 1636468911640, 616, 263, 353, 1, 1, 2
8764, 1, 1636468911196, 1636468911805, 609, 262, 347, 0, 0, 0
8765, 1, 1636468911215, 1636468911825, 610, 264, 346, 1, 2, 3
8766, 1, 1636468911335, 1636468911945, 610, 264, 346, 0, 0, 0
8767, 1, 1636468911342, 1636468911953, 611, 263, 348, 0, 0, 0
8735, 2, 1636468909794, 1636468912014, 2220, 1, 2219, 0, 0, 0
8768, 1, 1636468911421, 1636468912073, 652, 266, 386, 0, 0, 0
8770, 1, 1636468911481, 1636468912089, 608, 262, 346, 0, 1, 1
8772, 1, 1636468911497, 1636468912105, 608, 262, 346, 0, 0, 0
8771, 1, 1636468911494, 1636468912105, 611, 263, 348, 1, 1, 2
8773, 1, 1636468911554, 1636468912164, 610, 262, 348, 1, 1, 2
8774, 1, 1636468911583, 1636468912197, 614, 263, 351, 0, 1, 1
8775, 1, 1636468911596, 1636468912213, 617, 271, 346, 1, 0, 1
8776, 1, 1636468911634, 1636468912241, 607, 262, 345, 0, 0, 0
8777, 1, 1636468911648, 1636468912261, 613, 262, 351, 0, 0, 0
8779, 1, 1636468911709, 1636468912321, 612, 262, 350, 0, 0, 0
8780, 1, 1636468911807, 1636468912413, 606, 262, 344, 0, 0, 0
8781, 1, 1636468911812, 1636468912425, 613, 262, 351, 0, 1, 1
8778, 1, 1636468911703, 1636468912541, 838, 495, 343, 0, 1, 1
8782, 1, 1636468911986, 1636468912593, 607, 262, 345, 0, 1, 1
8783, 1, 1636468912012, 1636468912621, 609, 262, 347, 0, 1, 1
8785, 1, 1636468912127, 1636468912741, 614, 261, 353, 0, 1, 1
8784, 1, 1636468912105, 1636468912761, 656, 262, 394, 0, 0, 0
8787, 1, 1636468912170, 1636468912777, 607, 263, 344, 1, 1, 2
8786, 1, 1636468912145, 1636468912893, 748, 398, 350, 0, 0, 0
8788, 1, 1636468912288, 1636468912901, 613, 262, 351, 0, 0, 0
8790, 1, 1636468912302, 1636468912920, 618, 266, 352, 3, 0, 3
8789, 1, 1636468912298, 1636468912920, 622, 266, 356, 3, 0, 3
8791, 1, 1636468912357, 1636468912968, 611, 262, 349, 1, 0, 1
8792, 1, 1636468912395, 1636468913005, 610, 262, 348, 2, 1, 3
8793, 1, 1636468912401, 1636468913012, 611, 268, 343, 1, 1, 2
8794, 1, 1636468912416, 1636468913033, 617, 266, 351, 0, 0, 0
8757, 2, 1636468910835, 1636468913054, 2219, 1, 2218, 1, 0, 1
8796, 1, 1636468912499, 1636468913112, 613, 267, 346, 0, 0, 0
8797, 1, 1636468912558, 1636468913213, 655, 262, 393, 0, 1, 1
8799, 1, 1636468912615, 1636468913229, 614, 263, 351, 0, 0, 0
8798, 1, 1636468912609, 1636468913229, 620, 266, 354, 1, 0, 1
8795, 1, 1636468912439, 1636468913247, 808, 455, 353, 1, 0, 1
8800, 1, 1636468912785, 1636468913401, 616, 267, 349, 1, 0, 1
8802, 1, 1636468912860, 1636468913469, 609, 262, 347, 0, 0, 0
8769, 1, 1636468911428, 1636468913533, 2105, 1754, 351, 0, 0, 0
8803, 1, 1636468912937, 1636468913553, 616, 262, 354, 0, 1, 1
8804, 1, 1636468912949, 1636468913560, 611, 262, 349, 0, 0, 0
8801, 1, 1636468912830, 1636468913601, 771, 422, 349, 4, 0, 4
8805, 1, 1636468912979, 1636468913601, 622, 269, 353, 5, 0, 5
8806, 1, 1636468913087, 1636468913705, 618, 266, 352, 0, 0, 0
8808, 1, 1636468913115, 1636468913725, 610, 266, 344, 0, 1, 1
8807, 1, 1636468913101, 1636468913729, 628, 274, 354, 0, 1, 1
8810, 1, 1636468913168, 1636468913784, 616, 267, 349, 1, 0, 1
8809, 1, 1636468913149, 1636468913809, 660, 270, 390, 1, 8, 9
8811, 1, 1636468913188, 1636468913813, 625, 273, 352, 2, 8, 10
8813, 1, 1636468913209, 1636468913817, 608, 262, 346, 0, 0, 0
8815, 1, 1636468913295, 1636468913913, 618, 267, 351, 0, 0, 0
8814, 1, 1636468913267, 1636468913928, 661, 262, 399, 1, 0, 1
8812, 1, 1636468913206, 1636468913945, 739, 391, 348, 1, 0, 1
8816, 1, 1636468913358, 1636468913969, 611, 262, 349, 0, 0, 0
8818, 1, 1636468913422, 1636468914041, 619, 266, 353, 0, 0, 0
8819, 1, 1636468913546, 1636468914200, 654, 262, 392, 0, 0, 0
8820, 1, 1636468913586, 1636468914201, 615, 263, 352, 0, 1, 1
8822, 1, 1636468913669, 1636468914285, 616, 266, 350, 0, 0, 0
8821, 1, 1636468913632, 1636468914289, 657, 267, 390, 0, 1, 1
8817, 1, 1636468913416, 1636468914289, 873, 526, 347, 0, 0, 0
8823, 1, 1636468913739, 1636468914352, 613, 263, 350, 0, 3, 3
8824, 1, 1636468913756, 1636468914369, 613, 262, 351, 0, 0, 0
8825, 1, 1636468913794, 1636468914413, 619, 262, 357, 1, 0, 1
8826, 1, 1636468913882, 1636468914492, 610, 262, 348, 1, 0, 1
8827, 1, 1636468913900, 1636468914516, 616, 262, 354, 0, 0, 0
8829, 1, 1636468913913, 1636468914525, 612, 262, 350, 1, 0, 1
8828, 1, 1636468913911, 1636468914528, 617, 263, 354, 1, 0, 1
8830, 1, 1636468913974, 1636468914593, 619, 270, 349, 0, 1, 1
8832, 1, 1636468913994, 1636468914604, 610, 262, 348, 0, 0, 0
8833, 1, 1636468914001, 1636468914617, 616, 263, 353, 0, 0, 0
8831, 1, 1636468913976, 1636468914645, 669, 306, 363, 0, 1, 1
8834, 1, 1636468914065, 1636468914681, 616, 271, 345, 1, 0, 1
8836, 1, 1636468914154, 1636468914769, 615, 269, 346, 0, 0, 0
8837, 1, 1636468914211, 1636468914821, 610, 266, 344, 0, 0, 0
8838, 1, 1636468914290, 1636468914945, 655, 262, 393, 0, 0, 0
8839, 1, 1636468914345, 1636468914957, 612, 262, 350, 0, 0, 0
8835, 1, 1636468914104, 1636468914993, 889, 538, 351, 0, 0, 0
8841, 1, 1636468914439, 1636468915056, 617, 263, 354, 0, 1, 1
8842, 1, 1636468914482, 1636468915092, 610, 263, 347, 0, 1, 1
8844, 1, 1636468914549, 1636468915156, 607, 263, 344, 2, 1, 3
8843, 1, 1636468914547, 1636468915161, 614, 267, 347, 0, 1, 1
8845, 1, 1636468914594, 1636468915208, 614, 266, 348, 0, 0, 0
8840, 1, 1636468914387, 1636468915297, 910, 554, 356, 0, 0, 0
8848, 1, 1636468914707, 1636468915317, 610, 267, 343, 2, 0, 2
8847, 1, 1636468914707, 1636468915320, 613, 267, 346, 2, 0, 2
8849, 1, 1636468914718, 1636468915324, 606, 263, 343, 2, 0, 2
8846, 1, 1636468914673, 1636468915337, 664, 318, 346, 1, 0, 1
8850, 1, 1636468914763, 1636468915377, 614, 263, 351, 0, 1, 1
8851, 1, 1636468914773, 1636468915385, 612, 262, 350, 1, 1, 2
8852, 1, 1636468914788, 1636468915401, 613, 263, 350, 0, 1, 1
8853, 1, 1636468914791, 1636468915409, 618, 268, 350, 1, 0, 1
8854, 1, 1636468914862, 1636468915477, 615, 262, 353, 0, 1, 1
8855, 1, 1636468914972, 1636468915580, 608, 262, 346, 0, 1, 1
8857, 1, 1636468915007, 1636468915620, 613, 262, 351, 0, 0, 0
8856, 1, 1636468914994, 1636468915665, 671, 265, 406, 0, 0, 0
8858, 1, 1636468915086, 1636468915697, 611, 267, 344, 0, 0, 0
8859, 1, 1636468915152, 1636468915765, 613, 266, 347, 0, 0, 0
8860, 1, 1636468915231, 1636468915841, 610, 266, 344, 0, 0, 0
8861, 1, 1636468915280, 1636468915897, 617, 266, 351, 0, 0, 0
8862, 1, 1636468915298, 1636468915956, 658, 261, 397, 0, 1, 1
8863, 1, 1636468915343, 1636468915956, 613, 262, 351, 1, 0, 1
8864, 1, 1636468915355, 1636468915961, 606, 262, 344, 0, 0, 0
8865, 1, 1636468915387, 1636468916000, 613, 263, 350, 0, 2, 2
8866, 1, 1636468915471, 1636468916080, 609, 261, 348, 1, 0, 1
8867, 1, 1636468915497, 1636468916105, 608, 262, 346, 0, 0, 0
8869, 1, 1636468915520, 1636468916132, 612, 262, 350, 1, 0, 1
8868, 1, 1636468915517, 1636468916133, 616, 262, 354, 0, 1, 1
8870, 1, 1636468915560, 1636468916169, 609, 262, 347, 2, 0, 2
8871, 1, 1636468915561, 1636468916173, 612, 264, 348, 4, 0, 4
8872, 1, 1636468915573, 1636468916181, 608, 262, 346, 0, 1, 1
8873, 1, 1636468915579, 1636468916185, 606, 264, 342, 0, 1, 1
8874, 1, 1636468915679, 1636468916292, 613, 266, 347, 0, 1, 1
8875, 1, 1636468915779, 1636468916385, 606, 262, 344, 0, 0, 0
8876, 1, 1636468915788, 1636468916401, 613, 263, 350, 0, 0, 0
8877, 1, 1636468915817, 1636468916449, 632, 286, 346, 0, 0, 0
8878, 1, 1636468915900, 1636468916513, 613, 263, 350, 1, 0, 1
8879, 1, 1636468915966, 1636468916577, 611, 262, 349, 1, 0, 1
8880, 1, 1636468916025, 1636468916637, 612, 262, 350, 0, 0, 0
8881, 1, 1636468916074, 1636468916689, 615, 262, 353, 0, 0, 0
8882, 1, 1636468916100, 1636468916709, 609, 262, 347, 0, 0, 0
8883, 1, 1636468916131, 1636468916737, 606, 264, 342, 1, 0, 1
8884, 1, 1636468916153, 1636468916761, 608, 262, 346, 0, 1, 1
8885, 1, 1636468916177, 1636468916797, 620, 274, 346, 0, 0, 0
8886, 1, 1636468916258, 1636468916865, 607, 262, 345, 2, 0, 2
8887, 1, 1636468916291, 1636468916896, 605, 263, 342, 0, 0, 0
8889, 1, 1636468916318, 1636468916933, 615, 262, 353, 1, 0, 1
8888, 1, 1636468916313, 1636468916937, 624, 267, 357, 0, 1, 1
8890, 1, 1636468916345, 1636468916956, 611, 262, 349, 1, 0, 1
8891, 1, 1636468916372, 1636468916984, 612, 263, 349, 1, 1, 2
8892, 1, 1636468916373, 1636468916988, 615, 263, 352, 2, 0, 2
8894, 1, 1636468916483, 1636468917093, 610, 262, 348, 0, 0, 0
8893, 1, 1636468916378, 1636468917149, 771, 418, 353, 0, 0, 0
8895, 1, 1636468916587, 1636468917193, 606, 262, 344, 0, 1, 1
8896, 1, 1636468916603, 1636468917209, 606, 262, 344, 0, 0, 0
8897, 1, 1636468916630, 1636468917237, 607, 263, 344, 0, 0, 0
8898, 1, 1636468916717, 1636468917328, 611, 263, 348, 0, 1, 1
8899, 1, 1636468916764, 1636468917372, 608, 262, 346, 0, 0, 0
8900, 1, 1636468916813, 1636468917421, 608, 264, 344, 0, 0, 0
8901, 1, 1636468916865, 1636468917497, 632, 283, 349, 1, 1, 2
8902, 1, 1636468916905, 1636468917521, 616, 266, 350, 1, 0, 1
8903, 1, 1636468916924, 1636468917541, 617, 266, 351, 0, 0, 0
8904, 1, 1636468916949, 1636468917565, 616, 267, 349, 0, 1, 1
8905, 1, 1636468916970, 1636468917585, 615, 267, 348, 1, 1, 2
8906, 1, 1636468917056, 1636468917677, 621, 262, 359, 3, 0, 3
8907, 1, 1636468917088, 1636468917697, 609, 262, 347, 0, 0, 0
8908, 1, 1636468917112, 1636468917724, 612, 262, 350, 0, 0, 0
8910, 1, 1636468917155, 1636468917764, 609, 262, 347, 0, 0, 0
8911, 1, 1636468917175, 1636468917784, 609, 262, 347, 0, 0, 0
8912, 1, 1636468917178, 1636468917797, 619, 266, 353, 1, 0, 1
8913, 1, 1636468917180, 1636468917832, 652, 263, 389, 0, 1, 1
8909, 1, 1636468917121, 1636468917845, 724, 374, 350, 1, 0, 1
8914, 1, 1636468917286, 1636468917905, 619, 262, 357, 0, 0, 0
8915, 1, 1636468917403, 1636468918008, 605, 263, 342, 1, 1, 2
8916, 1, 1636468917403, 1636468918017, 614, 262, 352, 0, 1, 1
8917, 1, 1636468917433, 1636468918061, 628, 266, 362, 0, 1, 1
8918, 1, 1636468917517, 1636468918140, 623, 270, 353, 0, 0, 0
8919, 1, 1636468917547, 1636468918161, 614, 262, 352, 0, 0, 0
8920, 1, 1636468917605, 1636468918221, 616, 271, 345, 0, 0, 0
8921, 1, 1636468917653, 1636468918261, 608, 262, 346, 0, 0, 0
8922, 1, 1636468917688, 1636468918305, 617, 266, 351, 0, 0, 0
8923, 1, 1636468917729, 1636468918349, 620, 266, 354, 0, 0, 0
8924, 1, 1636468917758, 1636468918369, 611, 266, 345, 0, 2, 2
8925, 1, 1636468917759, 1636468918369, 610, 263, 347, 2, 1, 3
8926, 1, 1636468917867, 1636468918481, 614, 261, 353, 0, 0, 0
8927, 1, 1636468917887, 1636468918496, 609, 262, 347, 2, 0, 2
8929, 1, 1636468917926, 1636468918537, 611, 262, 349, 1, 0, 1
8930, 1, 1636468917957, 1636468918569, 612, 266, 346, 0, 0, 0
8931, 1, 1636468917975, 1636468918584, 609, 263, 346, 1, 0, 1
8932, 1, 1636468917985, 1636468918601, 616, 267, 349, 4, 0, 4
8933, 1, 1636468917987, 1636468918605, 618, 267, 351, 2, 1, 3
8934, 1, 1636468918092, 1636468918701, 609, 262, 347, 0, 0, 0
8928, 1, 1636468917902, 1636468918713, 811, 462, 349, 1, 0, 1
8935, 1, 1636468918188, 1636468918800, 612, 266, 346, 1, 0, 1
8936, 1, 1636468918204, 1636468918817, 613, 262, 351, 0, 0, 0
8937, 1, 1636468918218, 1636468918832, 614, 266, 348, 0, 0, 0
8938, 1, 1636468918315, 1636468918929, 614, 263, 351, 1, 0, 1
8940, 1, 1636468918411, 1636468919020, 609, 264, 345, 0, 0, 0
8941, 1, 1636468918450, 1636468919057, 607, 262, 345, 2, 0, 2
8939, 1, 1636468918336, 1636468919057, 721, 373, 348, 0, 0, 0
8942, 1, 1636468918476, 1636468919088, 612, 263, 349, 0, 0, 0
8943, 1, 1636468918514, 1636468919129, 615, 263, 352, 0, 1, 1
8944, 1, 1636468918544, 1636468919156, 612, 262, 350, 0, 1, 1
8945, 1, 1636468918576, 1636468919193, 617, 262, 355, 0, 0, 0
8946, 1, 1636468918670, 1636468919277, 607, 264, 343, 0, 2, 2
8947, 1, 1636468918688, 1636468919293, 605, 263, 342, 1, 0, 1
8949, 1, 1636468918734, 1636468919349, 615, 262, 353, 1, 0, 1
8951, 1, 1636468918767, 1636468919372, 605, 263, 342, 1, 0, 1
8952, 1, 1636468918778, 1636468919397, 619, 264, 355, 0, 1, 1
8953, 1, 1636468918792, 1636468919405, 613, 262, 351, 0, 1, 1
8954, 1, 1636468918883, 1636468919488, 605, 262, 343, 0, 1, 1
8955, 1, 1636468918975, 1636468919588, 613, 263, 350, 0, 1, 1
8956, 1, 1636468918998, 1636468919613, 615, 266, 349, 0, 1, 1
8957, 1, 1636468919015, 1636468919629, 614, 267, 347, 0, 1, 1
8958, 1, 1636468919130, 1636468919741, 611, 268, 343, 0, 0, 0
8959, 1, 1636468919132, 1636468919749, 617, 266, 351, 0, 0, 0
8961, 1, 1636468919248, 1636468919861, 613, 262, 351, 0, 0, 0
8962, 1, 1636468919262, 1636468919877, 615, 266, 349, 0, 0, 0
8964, 1, 1636468919355, 1636468919969, 614, 266, 348, 0, 1, 1
8965, 1, 1636468919383, 1636468919997, 614, 262, 352, 0, 0, 0
8966, 1, 1636468919478, 1636468920089, 611, 262, 349, 0, 2, 2
8967, 1, 1636468919499, 1636468920117, 618, 263, 355, 0, 2, 2
8968, 1, 1636468919524, 1636468920137, 613, 263, 350, 0, 1, 1
8970, 1, 1636468919574, 1636468920185, 611, 268, 343, 4, 1, 5
8969, 1, 1636468919573, 1636468920193, 620, 271, 349, 4, 0, 4
8971, 1, 1636468919581, 1636468920197, 616, 266, 350, 0, 1, 1
8972, 1, 1636468919682, 1636468920293, 611, 266, 345, 0, 0, 0
8973, 1, 1636468919790, 1636468920397, 607, 264, 343, 1, 1, 2
8975, 1, 1636468919803, 1636468920421, 618, 263, 355, 2, 0, 2
8974, 1, 1636468919801, 1636468920421, 620, 263, 357, 2, 0, 2
8976, 1, 1636468919918, 1636468920533, 615, 262, 353, 0, 0, 0
8977, 1, 1636468919943, 1636468920549, 606, 262, 344, 0, 0, 0
8979, 1, 1636468920058, 1636468920673, 615, 266, 349, 0, 0, 0
8978, 1, 1636468920049, 1636468920772, 723, 374, 349, 0, 0, 0
8980, 1, 1636468920157, 1636468920776, 619, 270, 349, 0, 1, 1
8981, 1, 1636468920174, 1636468920784, 610, 267, 343, 0, 0, 0
8982, 1, 1636468920285, 1636468920897, 612, 262, 350, 0, 0, 0
8983, 1, 1636468920309, 1636468920917, 608, 262, 346, 0, 0, 0
8984, 1, 1636468920321, 1636468920937, 616, 262, 354, 0, 0, 0
8987, 1, 1636468920377, 1636468920993, 616, 263, 353, 2, 0, 2
8986, 1, 1636468920372, 1636468920993, 621, 263, 358, 1, 1, 2
8948, 2, 1636468918714, 1636468921002, 2288, 0, 2288, 0, 0, 0
8950, 2, 1636468918766, 1636468921003, 2237, 1, 2236, 1, 0, 1
8988, 1, 1636468920484, 1636468921093, 609, 262, 347, 0, 0, 0
8985, 1, 1636468920363, 1636468921125, 762, 414, 348, 0, 1, 1
8989, 1, 1636468920597, 1636468921204, 607, 262, 345, 0, 0, 0
8990, 1, 1636468920600, 1636468921208, 608, 263, 345, 0, 2, 2
8992, 1, 1636468920704, 1636468921317, 613, 263, 350, 0, 1, 1
8993, 1, 1636468920735, 1636468921344, 609, 263, 346, 0, 1, 1
8960, 2, 1636468919209, 1636468921431, 2222, 0, 2222, 0, 0, 0
8994, 1, 1636468920855, 1636468921461, 606, 263, 343, 0, 0, 0
8995, 1, 1636468920860, 1636468921469, 609, 262, 347, 0, 0, 0
8991, 1, 1636468920603, 1636468921553, 950, 603, 347, 0, 1, 1
8997, 1, 1636468920970, 1636468921576, 606, 263, 343, 1, 1, 2
8996, 1, 1636468920968, 1636468921581, 613, 263, 350, 1, 0, 1
8998, 1, 1636468921075, 1636468921689, 614, 270, 344, 0, 2, 2
9001, 1, 1636468921108, 1636468921717, 609, 263, 346, 0, 1, 1
9002, 1, 1636468921115, 1636468921720, 605, 262, 343, 0, 1, 1
8999, 1, 1636468921089, 1636468921744, 655, 266, 389, 0, 0, 0
9000, 1, 1636468921093, 1636468921749, 656, 266, 390, 0, 2, 2
9003, 1, 1636468921160, 1636468921777, 617, 270, 347, 1, 0, 1
9005, 1, 1636468921187, 1636468921793, 606, 262, 344, 0, 0, 0
9004, 1, 1636468921163, 1636468921813, 650, 263, 387, 0, 1, 1
9006, 1, 1636468921272, 1636468921896, 624, 278, 346, 0, 0, 0
8963, 1, 1636468919312, 1636468921909, 2597, 2250, 347, 0, 0, 0
9007, 1, 1636468921386, 1636468922004, 618, 266, 352, 0, 1, 1
9008, 1, 1636468921417, 1636468922025, 608, 263, 345, 0, 1, 1
9009, 1, 1636468921515, 1636468922125, 610, 262, 348, 0, 0, 0
9011, 1, 1636468921542, 1636468922153, 611, 263, 348, 0, 1, 1
9010, 1, 1636468921517, 1636468922165, 648, 263, 385, 0, 0, 0
9012, 1, 1636468921554, 1636468922209, 655, 262, 393, 0, 0, 0
9013, 1, 1636468921661, 1636468922273, 612, 262, 350, 0, 0, 0
9014, 1, 1636468921668, 1636468922280, 612, 262, 350, 0, 1, 1
9015, 1, 1636468921765, 1636468922377, 612, 266, 346, 0, 0, 0
9016, 1, 1636468921775, 1636468922388, 613, 266, 347, 0, 2, 2
9018, 1, 1636468921851, 1636468922456, 605, 262, 343, 2, 1, 3
9017, 1, 1636468921850, 1636468922464, 614, 267, 347, 2, 0, 2
9019, 1, 1636468921870, 1636468922488, 618, 262, 356, 1, 1, 2
9020, 1, 1636468921901, 1636468922509, 608, 262, 346, 0, 0, 0
9021, 1, 1636468921910, 1636468922573, 663, 266, 397, 0, 0, 0
9023, 1, 1636468921969, 1636468922585, 616, 262, 354, 0, 0, 0
9024, 1, 1636468921972, 1636468922589, 617, 262, 355, 0, 0, 0
9025, 1, 1636468921998, 1636468922608, 610, 262, 348, 0, 0, 0
9022, 1, 1636468921914, 1636468922620, 706, 356, 350, 1, 1, 2
9026, 1, 1636468922072, 1636468922684, 612, 262, 350, 0, 0, 0
9027, 1, 1636468922189, 1636468922800, 611, 262, 349, 0, 0, 0
9028, 1, 1636468922214, 1636468922829, 615, 262, 353, 0, 0, 0
9029, 1, 1636468922279, 1636468922916, 637, 295, 342, 0, 0, 0
9030, 1, 1636468922317, 1636468922936, 619, 267, 352, 1, 0, 1
9031, 1, 1636468922347, 1636468922957, 610, 263, 347, 0, 0, 0
9032, 1, 1636468922361, 1636468922973, 612, 264, 348, 1, 1, 2
9033, 1, 1636468922446, 1636468923056, 610, 263, 347, 0, 1, 1
9034, 1, 1636468922475, 1636468923089, 614, 262, 352, 1, 0, 1
9035, 1, 1636468922562, 1636468923173, 611, 267, 344, 2, 1, 3
9037, 1, 1636468922639, 1636468923261, 622, 266, 356, 0, 0, 0
9038, 1, 1636468922655, 1636468923269, 614, 262, 352, 0, 1, 1
9039, 1, 1636468922681, 1636468923289, 608, 262, 346, 0, 0, 0
9036, 1, 1636468922564, 1636468923321, 757, 407, 350, 1, 2, 3
9040, 1, 1636468922711, 1636468923325, 614, 262, 352, 1, 0, 1
9041, 1, 1636468922713, 1636468923325, 612, 262, 350, 0, 0, 0
9042, 1, 1636468922719, 1636468923333, 614, 262, 352, 0, 0, 0
9043, 1, 1636468922770, 1636468923385, 615, 266, 349, 0, 0, 0
9044, 1, 1636468922786, 1636468923397, 611, 267, 344, 1, 0, 1
9045, 1, 1636468922806, 1636468923420, 614, 266, 348, 2, 0, 2
9046, 1, 1636468922887, 1636468923505, 618, 270, 348, 1, 0, 1
9047, 1, 1636468923006, 1636468923613, 607, 262, 345, 0, 1, 1
9049, 1, 1636468923092, 1636468923713, 621, 267, 354, 1, 0, 1
9048, 1, 1636468923011, 1636468923737, 726, 374, 352, 0, 0, 0
9050, 1, 1636468923127, 1636468923745, 618, 262, 356, 0, 0, 0
9051, 1, 1636468923136, 1636468923753, 617, 267, 350, 0, 2, 2
9052, 1, 1636468923145, 1636468923760, 615, 262, 353, 1, 0, 1
9053, 1, 1636468923239, 1636468923852, 613, 264, 349, 0, 1, 1
9054, 1, 1636468923264, 1636468923877, 613, 262, 351, 0, 1, 1
9056, 1, 1636468923368, 1636468923977, 609, 262, 347, 0, 0, 0
9055, 1, 1636468923364, 1636468924013, 649, 262, 387, 0, 0, 0
9057, 1, 1636468923429, 1636468924045, 616, 262, 354, 0, 0, 0
9058, 1, 1636468923444, 1636468924060, 616, 267, 349, 1, 0, 1
9059, 1, 1636468923491, 1636468924101, 610, 262, 348, 0, 1, 1
9060, 1, 1636468923502, 1636468924117, 615, 263, 352, 1, 0, 1
9061, 1, 1636468923517, 1636468924133, 616, 262, 354, 0, 0, 0
9062, 1, 1636468923521, 1636468924133, 612, 263, 349, 1, 1, 2
9065, 1, 1636468923597, 1636468924204, 607, 263, 344, 0, 1, 1
9066, 1, 1636468923703, 1636468924309, 606, 262, 344, 0, 0, 0
9067, 1, 1636468923791, 1636468924405, 614, 262, 352, 1, 0, 1
9064, 1, 1636468923593, 1636468924413, 820, 466, 354, 0, 0, 0
9068, 1, 1636468923807, 1636468924417, 610, 262, 348, 0, 0, 0
9063, 1, 1636468923569, 1636468924485, 916, 562, 354, 0, 1, 1
9069, 1, 1636468923884, 1636468924488, 604, 263, 341, 0, 1, 1
9070, 1, 1636468923928, 1636468924541, 613, 262, 351, 0, 0, 0
9072, 1, 1636468923939, 1636468924549, 610, 263, 347, 0, 2, 2
9071, 1, 1636468923934, 1636468924549, 615, 262, 353, 0, 0, 0
9073, 1, 1636468924047, 1636468924653, 606, 262, 344, 0, 0, 0
9074, 1, 1636468924060, 1636468924672, 612, 266, 346, 0, 0, 0
9076, 1, 1636468924169, 1636468924789, 620, 266, 354, 0, 1, 1
9075, 1, 1636468924165, 1636468924829, 664, 320, 344, 0, 0, 0
9077, 1, 1636468924231, 1636468924837, 606, 264, 342, 0, 0, 0
9078, 1, 1636468924232, 1636468924840, 608, 262, 346, 0, 0, 0
9079, 1, 1636468924294, 1636468924904, 610, 263, 347, 1, 0, 1
9080, 1, 1636468924299, 1636468924916, 617, 266, 351, 0, 0, 0
9082, 1, 1636468924339, 1636468924948, 609, 263, 346, 0, 1, 1
9083, 1, 1636468924390, 1636468925004, 614, 266, 348, 0, 0, 0
9084, 1, 1636468924414, 1636468925065, 651, 262, 389, 0, 0, 0
9085, 1, 1636468924487, 1636468925097, 610, 262, 348, 1, 1, 2
9086, 1, 1636468924501, 1636468925157, 656, 262, 394, 0, 0, 0
9081, 1, 1636468924316, 1636468925177, 861, 509, 352, 1, 0, 1
9087, 1, 1636468924579, 1636468925193, 614, 262, 352, 1, 0, 1
9088, 1, 1636468924598, 1636468925208, 610, 263, 347, 1, 0, 1
9089, 1, 1636468924671, 1636468925276, 605, 263, 342, 0, 0, 0
9090, 1, 1636468924722, 1636468925329, 607, 262, 345, 0, 0, 0
9091, 1, 1636468924730, 1636468925336, 606, 263, 343, 0, 0, 0
9092, 1, 1636468924747, 1636468925361, 614, 262, 352, 0, 0, 0
9094, 1, 1636468924870, 1636468925481, 611, 263, 348, 1, 0, 1
9093, 1, 1636468924860, 1636468925481, 621, 267, 354, 1, 0, 1
9095, 1, 1636468924959, 1636468925573, 614, 262, 352, 1, 1, 2
9096, 1, 1636468924981, 1636468925588, 607, 262, 345, 1, 0, 1
9097, 1, 1636468925026, 1636468925633, 607, 263, 344, 0, 1, 1
9098, 1, 1636468925048, 1636468925657, 609, 258, 351, 1, 0, 1
9099, 1, 1636468925090, 1636468925709, 619, 267, 352, 1, 1, 2
9100, 1, 1636468925096, 1636468925717, 621, 267, 354, 1, 0, 1
9102, 1, 1636468925178, 1636468925789, 611, 267, 344, 2, 1, 3
9103, 1, 1636468925191, 1636468925848, 657, 262, 395, 0, 0, 0
9105, 1, 1636468925270, 1636468925880, 610, 262, 348, 2, 0, 2
9106, 1, 1636468925303, 1636468925921, 618, 266, 352, 0, 1, 1
9101, 1, 1636468925145, 1636468925981, 836, 486, 350, 0, 0, 0
9107, 1, 1636468925394, 1636468926001, 607, 262, 345, 2, 0, 2
9104, 1, 1636468925214, 1636468926001, 787, 442, 345, 0, 0, 0
9108, 1, 1636468925398, 1636468926021, 623, 266, 357, 0, 0, 0
9109, 1, 1636468925471, 1636468926085, 614, 262, 352, 0, 0, 0
9110, 1, 1636468925519, 1636468926137, 618, 266, 352, 0, 0, 0
9112, 1, 1636468925555, 1636468926165, 610, 262, 348, 0, 0, 0
9113, 1, 1636468925647, 1636468926261, 614, 266, 348, 0, 0, 0
9114, 1, 1636468925687, 1636468926293, 606, 262, 344, 0, 0, 0
9111, 1, 1636468925547, 1636468926353, 806, 458, 348, 1, 0, 1
9115, 1, 1636468925755, 1636468926360, 605, 262, 343, 0, 0, 0
9116, 1, 1636468925785, 1636468926397, 612, 262, 350, 0, 0, 0
9118, 1, 1636468925837, 1636468926457, 620, 266, 354, 0, 0, 0
9117, 1, 1636468925835, 1636468926457, 622, 270, 352, 2, 0, 2
9119, 1, 1636468925886, 1636468926496, 610, 266, 344, 0, 0, 0
9121, 1, 1636468925975, 1636468926593, 618, 263, 355, 1, 1, 2
9123, 1, 1636468925993, 1636468926613, 620, 262, 358, 0, 0, 0
9122, 1, 1636468925982, 1636468926633, 651, 262, 389, 0, 0, 0
9124, 1, 1636468926015, 1636468926668, 653, 262, 391, 0, 0, 0
9120, 1, 1636468925909, 1636468926701, 792, 442, 350, 1, 0, 1
9126, 1, 1636468926093, 1636468926709, 616, 268, 348, 1, 3, 4
9125, 1, 1636468926085, 1636468926709, 624, 269, 355, 0, 0, 0
9127, 1, 1636468926182, 1636468926797, 615, 271, 344, 0, 1, 1
9128, 1, 1636468926208, 1636468926824, 616, 266, 350, 0, 0, 0
9130, 1, 1636468926330, 1636468926945, 615, 266, 349, 0, 0, 0
9131, 1, 1636468926354, 1636468926964, 610, 264, 346, 0, 1, 1
9132, 1, 1636468926354, 1636468927013, 659, 262, 397, 0, 0, 0
9129, 1, 1636468926285, 1636468927045, 760, 410, 350, 0, 0, 0
9134, 1, 1636468926490, 1636468927101, 611, 263, 348, 1, 1, 2
9135, 1, 1636468926549, 1636468927157, 608, 262, 346, 0, 0, 0
9136, 1, 1636468926576, 1636468927189, 613, 261, 352, 0, 0, 0
9137, 1, 1636468926623, 1636468927229, 606, 264, 342, 3, 1, 4
9138, 1, 1636468926634, 1636468927245, 611, 262, 349, 0, 0, 0
9139, 1, 1636468926675, 1636468927281, 606, 263, 343, 0, 0, 0
9133, 1, 1636468926437, 1636468927357, 920, 574, 346, 0, 2, 2
9142, 1, 1636468926782, 1636468927388, 606, 263, 343, 0, 1, 1
9141, 1, 1636468926781, 1636468927388, 607, 263, 344, 3, 1, 4
9143, 1, 1636468926785, 1636468927392, 607, 263, 344, 0, 1, 1
9144, 1, 1636468926813, 1636468927421, 608, 262, 346, 0, 1, 1
9145, 1, 1636468926885, 1636468927496, 611, 262, 349, 0, 1, 1
9146, 1, 1636468926897, 1636468927509, 612, 262, 350, 0, 0, 0
9147, 1, 1636468926971, 1636468927584, 613, 264, 349, 1, 0, 1
9148, 1, 1636468927003, 1636468927616, 613, 262, 351, 0, 0, 0
9140, 1, 1636468926710, 1636468927701, 991, 603, 388, 0, 2, 2
9149, 1, 1636468927083, 1636468927733, 650, 263, 387, 1, 0, 1
9151, 1, 1636468927146, 1636468927757, 611, 263, 348, 1, 1, 2
9152, 1, 1636468927147, 1636468927760, 613, 262, 351, 0, 0, 0
9153, 1, 1636468927281, 1636468927893, 612, 266, 346, 1, 0, 1
9155, 1, 1636468927360, 1636468927980, 620, 266, 354, 1, 0, 1
9156, 1, 1636468927372, 1636468927985, 613, 265, 348, 0, 0, 0
9154, 1, 1636468927358, 1636468928013, 655, 267, 388, 0, 0, 0
9150, 1, 1636468927144, 1636468928049, 905, 558, 347, 1, 0, 1
9158, 1, 1636468927448, 1636468928061, 613, 262, 351, 0, 0, 0
9159, 1, 1636468927469, 1636468928085, 616, 262, 354, 0, 0, 0
9160, 1, 1636468927567, 1636468928180, 613, 266, 347, 0, 0, 0
9161, 1, 1636468927571, 1636468928185, 614, 262, 352, 1, 0, 1
9162, 1, 1636468927577, 1636468928189, 612, 262, 350, 0, 0, 0
9163, 1, 1636468927617, 1636468928228, 611, 263, 348, 1, 2, 3
9157, 1, 1636468927423, 1636468928249, 826, 475, 351, 0, 1, 1
9165, 1, 1636468927691, 1636468928297, 606, 262, 344, 0, 0, 0
9164, 1, 1636468927687, 1636468928297, 610, 262, 348, 0, 0, 0
9166, 1, 1636468927702, 1636468928357, 655, 269, 386, 2, 1, 3
9168, 1, 1636468927811, 1636468928420, 609, 262, 347, 0, 0, 0
9169, 1, 1636468927875, 1636468928484, 609, 264, 345, 0, 0, 0
9173, 1, 1636468928078, 1636468928689, 611, 262, 349, 0, 2, 2
9167, 1, 1636468927773, 1636468928713, 940, 590, 350, 0, 0, 0
9174, 1, 1636468928145, 1636468928757, 612, 263, 349, 0, 0, 0
9175, 1, 1636468928156, 1636468928765, 609, 262, 347, 0, 0, 0
9176, 1, 1636468928160, 1636468928781, 621, 266, 355, 0, 1, 1
9177, 1, 1636468928243, 1636468928852, 609, 262, 347, 1, 0, 1
9179, 1, 1636468928273, 1636468928897, 624, 265, 359, 0, 0, 0
9178, 1, 1636468928250, 1636468928909, 659, 263, 396, 0, 1, 1
9180, 1, 1636468928354, 1636468928961, 607, 262, 345, 0, 0, 0
9181, 1, 1636468928373, 1636468928985, 612, 262, 350, 0, 0, 0
9182, 1, 1636468928376, 1636468928985, 609, 259, 350, 0, 2, 2
9183, 1, 1636468928430, 1636468929041, 611, 262, 349, 0, 0, 0
9172, 1, 1636468928050, 1636468929057, 1007, 622, 385, 1, 0, 1
9184, 1, 1636468928500, 1636468929113, 613, 266, 347, 0, 0, 0
9186, 1, 1636468928502, 1636468929113, 611, 264, 347, 1, 0, 1
9185, 1, 1636468928500, 1636468929116, 616, 261, 355, 0, 0, 0
9187, 1, 1636468928616, 1636468929229, 613, 262, 351, 0, 0, 0
9188, 1, 1636468928675, 1636468929289, 614, 266, 348, 0, 1, 1
9189, 1, 1636468928731, 1636468929389, 658, 262, 396, 0, 0, 0
9190, 1, 1636468928865, 1636468929481, 616, 263, 353, 0, 1, 1
9191, 1, 1636468928934, 1636468929549, 615, 267, 348, 0, 0, 0
9192, 1, 1636468928948, 1636468929569, 621, 266, 355, 2, 0, 2
9193, 1, 1636468928957, 1636468929572, 615, 267, 348, 0, 2, 2
9194, 1, 1636468929042, 1636468929657, 615, 265, 350, 0, 0, 0
9196, 1, 1636468929058, 1636468929669, 611, 267, 344, 1, 1, 2
9197, 1, 1636468929058, 1636468929677, 619, 266, 353, 0, 0, 0
9195, 1, 1636468929058, 1636468929729, 671, 286, 385, 0, 0, 0
9198, 1, 1636468929158, 1636468929769, 611, 262, 349, 0, 0, 0
9199, 1, 1636468929168, 1636468929785, 617, 263, 354, 0, 0, 0
9200, 1, 1636468929186, 1636468929796, 610, 261, 349, 0, 0, 0
9201, 1, 1636468929226, 1636468929840, 614, 263, 351, 1, 0, 1
9204, 1, 1636468929307, 1636468929913, 606, 261, 345, 0, 0, 0
9203, 1, 1636468929300, 1636468929913, 613, 262, 351, 1, 0, 1
9205, 1, 1636468929406, 1636468930013, 607, 262, 345, 0, 0, 0
9202, 1, 1636468929294, 1636468930077, 783, 434, 349, 0, 0, 0
9206, 1, 1636468929472, 1636468930077, 605, 263, 342, 1, 0, 1
9207, 1, 1636468929523, 1636468930133, 610, 262, 348, 0, 0, 0
9171, 2, 1636468927955, 1636468930175, 2220, 1, 2219, 0, 1, 1
9170, 2, 1636468927954, 1636468930175, 2221, 1, 2220, 0, 2, 2
9208, 1, 1636468929662, 1636468930281, 619, 266, 353, 0, 0, 0
9209, 1, 1636468929735, 1636468930341, 606, 262, 344, 0, 0, 0
9210, 1, 1636468929750, 1636468930360, 610, 263, 347, 0, 1, 1
9211, 1, 1636468929763, 1636468930369, 606, 262, 344, 0, 0, 0
9212, 1, 1636468929841, 1636468930461, 620, 266, 354, 0, 2, 2
9213, 1, 1636468929853, 1636468930464, 611, 263, 348, 0, 1, 1
9214, 1, 1636468929856, 1636468930477, 621, 275, 346, 0, 1, 1
9215, 1, 1636468929856, 1636468930477, 621, 267, 354, 1, 1, 2
9216, 1, 1636468929959, 1636468930573, 614, 266, 348, 0, 1, 1
9217, 1, 1636468929971, 1636468930585, 614, 263, 351, 0, 1, 1
9218, 1, 1636468929980, 1636468930597, 617, 266, 351, 0, 0, 0
9219, 1, 1636468930032, 1636468930644, 612, 264, 348, 1, 1, 2
9221, 1, 1636468930097, 1636468930717, 620, 266, 354, 0, 0, 0
9222, 1, 1636468930104, 1636468930720, 616, 266, 350, 0, 0, 0
9223, 1, 1636468930191, 1636468930805, 614, 262, 352, 0, 1, 1
9220, 1, 1636468930094, 1636468930832, 738, 346, 392, 1, 0, 1
9225, 1, 1636468930264, 1636468930881, 617, 271, 346, 1, 0, 1
9227, 1, 1636468930307, 1636468930917, 610, 262, 348, 1, 0, 1
9224, 1, 1636468930261, 1636468930920, 659, 270, 389, 1, 0, 1
9226, 1, 1636468930265, 1636468930929, 664, 268, 396, 1, 2, 3
9228, 1, 1636468930467, 1636468931076, 609, 262, 347, 0, 0, 0
9229, 1, 1636468930533, 1636468931149, 616, 262, 354, 0, 1, 1
9231, 1, 1636468930559, 1636468931169, 610, 263, 347, 4, 1, 5
9230, 1, 1636468930559, 1636468931169, 610, 263, 347, 2, 1, 3
9232, 1, 1636468930648, 1636468931257, 609, 258, 351, 1, 1, 2
9233, 1, 1636468930653, 1636468931260, 607, 263, 344, 0, 0, 0
9234, 1, 1636468930656, 1636468931273, 617, 263, 354, 1, 2, 3
9235, 1, 1636468930656, 1636468931273, 617, 263, 354, 2, 1, 3
9236, 1, 1636468930759, 1636468931368, 609, 264, 345, 1, 2, 3
9237, 1, 1636468930766, 1636468931373, 607, 263, 344, 0, 2, 2
9239, 1, 1636468930837, 1636468931448, 611, 263, 348, 1, 0, 1
9240, 1, 1636468930887, 1636468931493, 606, 262, 344, 0, 1, 1
9242, 1, 1636468930912, 1636468931521, 609, 267, 342, 1, 0, 1
9243, 1, 1636468930994, 1636468931605, 611, 262, 349, 0, 0, 0
9238, 1, 1636468930778, 1636468931625, 847, 493, 354, 2, 0, 2
9241, 1, 1636468930890, 1636468931633, 743, 380, 363, 1, 0, 1
9245, 1, 1636468931027, 1636468931641, 614, 269, 345, 1, 1, 2
9244, 1, 1636468931026, 1636468931641, 615, 268, 347, 2, 1, 3
9246, 1, 1636468931059, 1636468931661, 602, 260, 342, 0, 0, 0
9247, 1, 1636468931103, 1636468931721, 618, 267, 351, 0, 1, 1
9248, 1, 1636468931264, 1636468931877, 613, 262, 351, 0, 0, 0
9249, 1, 1636468931333, 1636468931949, 616, 263, 353, 0, 1, 1
9251, 1, 1636468931366, 1636468931977, 611, 264, 347, 2, 2, 4
9253, 1, 1636468931447, 1636468932060, 613, 262, 351, 2, 1, 3
9254, 1, 1636468931452, 1636468932069, 617, 271, 346, 2, 1, 3
9255, 1, 1636468931470, 1636468932080, 610, 267, 343, 0, 1, 1
9256, 1, 1636468931551, 1636468932160, 609, 262, 347, 1, 0, 1
9257, 1, 1636468931576, 1636468932196, 620, 262, 358, 1, 0, 1
9250, 1, 1636468931357, 1636468932221, 864, 519, 345, 0, 1, 1
9258, 1, 1636468931627, 1636468932237, 610, 263, 347, 2, 0, 2
9259, 1, 1636468931627, 1636468932280, 653, 263, 390, 0, 2, 2
9252, 1, 1636468931438, 1636468932293, 855, 510, 345, 0, 0, 0
9260, 1, 1636468931688, 1636468932301, 613, 263, 350, 1, 1, 2
9262, 1, 1636468931723, 1636468932332, 609, 263, 346, 1, 2, 3
9263, 1, 1636468931807, 1636468932413, 606, 262, 344, 1, 0, 1
9261, 1, 1636468931689, 1636468932421, 732, 378, 354, 0, 2, 2
9264, 1, 1636468931826, 1636468932437, 611, 266, 345, 0, 0, 0
9265, 1, 1636468931834, 1636468932445, 611, 263, 348, 1, 0, 1
9267, 1, 1636468931894, 1636468932509, 615, 262, 353, 1, 0, 1
9266, 1, 1636468931864, 1636468932649, 785, 434, 351, 0, 0, 0
9268, 1, 1636468932063, 1636468932673, 610, 262, 348, 0, 0, 0
9269, 1, 1636468932137, 1636468932748, 611, 262, 349, 1, 0, 1
9270, 1, 1636468932169, 1636468932777, 608, 262, 346, 0, 0, 0
9272, 1, 1636468932242, 1636468932857, 615, 266, 349, 0, 0, 0
9273, 1, 1636468932248, 1636468932865, 617, 266, 351, 0, 1, 1
9271, 1, 1636468932222, 1636468932877, 655, 266, 389, 0, 1, 1
9274, 1, 1636468932280, 1636468932897, 617, 266, 351, 0, 0, 0
9275, 1, 1636468932294, 1636468932945, 651, 261, 390, 0, 1, 1
9276, 1, 1636468932340, 1636468932953, 613, 262, 351, 0, 0, 0
9277, 1, 1636468932393, 1636468933005, 612, 263, 349, 0, 1, 1
9278, 1, 1636468932418, 1636468933029, 611, 262, 349, 1, 0, 1
9279, 1, 1636468932421, 1636468933029, 608, 262, 346, 3, 0, 3
9281, 1, 1636468932501, 1636468933125, 624, 262, 362, 0, 0, 0
9282, 1, 1636468932525, 1636468933140, 615, 266, 349, 0, 1, 1
9280, 1, 1636468932486, 1636468933200, 714, 370, 344, 0, 1, 1
9283, 1, 1636468932597, 1636468933217, 620, 262, 358, 0, 1, 1
9284, 1, 1636468932612, 1636468933225, 613, 266, 347, 0, 0, 0
9285, 1, 1636468932642, 1636468933253, 611, 264, 347, 1, 1, 2
9287, 1, 1636468932689, 1636468933309, 620, 263, 357, 0, 0, 0
9286, 1, 1636468932665, 1636468933324, 659, 264, 395, 0, 0, 0
9288, 1, 1636468932858, 1636468933469, 611, 262, 349, 1, 0, 1
9289, 1, 1636468932946, 1636468933569, 623, 273, 350, 0, 0, 0
9290, 1, 1636468932985, 1636468933601, 616, 266, 350, 0, 0, 0
9291, 1, 1636468933023, 1636468933629, 606, 262, 344, 0, 0, 0
9293, 1, 1636468933041, 1636468933652, 611, 266, 345, 2, 1, 3
9292, 1, 1636468933038, 1636468933657, 619, 266, 353, 3, 0, 3
9295, 1, 1636468933085, 1636468933705, 620, 267, 353, 0, 1, 1
9294, 1, 1636468933080, 1636468933705, 625, 267, 358, 0, 0, 0
9296, 1, 1636468933141, 1636468933765, 624, 270, 354, 0, 0, 0
9297, 1, 1636468933182, 1636468933797, 615, 270, 345, 0, 0, 0
9298, 1, 1636468933220, 1636468933836, 616, 266, 350, 1, 0, 1
9299, 1, 1636468933232, 1636468933840, 608, 266, 342, 0, 0, 0
9301, 1, 1636468933301, 1636468933921, 620, 262, 358, 0, 0, 0
9302, 1, 1636468933335, 1636468933945, 610, 266, 344, 0, 0, 0
9303, 1, 1636468933383, 1636468934001, 618, 266, 352, 0, 0, 0
9300, 1, 1636468933280, 1636468934009, 729, 370, 359, 0, 0, 0
9304, 1, 1636468933428, 1636468934041, 613, 262, 351, 0, 0, 0
9305, 1, 1636468933444, 1636468934061, 617, 262, 355, 0, 0, 0
9306, 1, 1636468933460, 1636468934072, 612, 267, 345, 0, 0, 0
9307, 1, 1636468933499, 1636468934189, 690, 338, 352, 0, 0, 0
9308, 1, 1636468933650, 1636468934265, 615, 262, 353, 0, 0, 0
9309, 1, 1636468933749, 1636468934365, 616, 266, 350, 0, 0, 0
9310, 1, 1636468933789, 1636468934401, 612, 262, 350, 0, 0, 0
9311, 1, 1636468933813, 1636468934433, 620, 270, 350, 0, 0, 0
9312, 1, 1636468933831, 1636468934448, 617, 270, 347, 0, 0, 0
9314, 1, 1636468933879, 1636468934492, 613, 267, 346, 0, 0, 0
9315, 1, 1636468933882, 1636468934501, 619, 266, 353, 0, 0, 0
9313, 1, 1636468933852, 1636468934532, 680, 330, 350, 0, 0, 0
9316, 1, 1636468933928, 1636468934553, 625, 262, 363, 0, 0, 0
9317, 1, 1636468933974, 1636468934589, 615, 262, 353, 0, 0, 0
9318, 1, 1636468934025, 1636468934637, 612, 266, 346, 1, 0, 1
9319, 1, 1636468934033, 1636468934644, 611, 262, 349, 0, 0, 0
9320, 1, 1636468934086, 1636468934701, 615, 267, 348, 1, 1, 2
9322, 1, 1636468934138, 1636468934749, 611, 262, 349, 0, 0, 0
9323, 1, 1636468934167, 1636468934781, 614, 266, 348, 0, 1, 1
9324, 1, 1636468934241, 1636468934857, 616, 270, 346, 0, 1, 1
9325, 1, 1636468934245, 1636468934857, 612, 262, 350, 0, 0, 0
9326, 1, 1636468934254, 1636468934869, 615, 266, 349, 1, 0, 1
9321, 1, 1636468934087, 1636468934881, 794, 443, 351, 1, 0, 1
9327, 1, 1636468934299, 1636468934909, 610, 263, 347, 0, 1, 1
9328, 1, 1636468934449, 1636468935056, 607, 262, 345, 0, 0, 0
9329, 1, 1636468934551, 1636468935161, 610, 263, 347, 2, 0, 2
9330, 1, 1636468934595, 1636468935205, 610, 262, 348, 0, 0, 0
9331, 1, 1636468934606, 1636468935221, 615, 266, 349, 1, 0, 1
9332, 1, 1636468934632, 1636468935245, 613, 262, 351, 0, 1, 1
9333, 1, 1636468934651, 1636468935257, 606, 263, 343, 1, 2, 3
9334, 1, 1636468934669, 1636468935277, 608, 262, 346, 0, 1, 1
9335, 1, 1636468934687, 1636468935297, 610, 262, 348, 0, 1, 1
9337, 1, 1636468934776, 1636468935389, 613, 263, 350, 0, 1, 1
9339, 1, 1636468934826, 1636468935437, 611, 260, 351, 1, 0, 1
9338, 1, 1636468934825, 1636468935440, 615, 263, 352, 3, 0, 3
9340, 1, 1636468934871, 1636468935477, 606, 263, 343, 1, 1, 2
9341, 1, 1636468934888, 1636468935541, 653, 258, 395, 0, 1, 1
9342, 1, 1636468934944, 1636468935557, 613, 266, 347, 0, 0, 0
9343, 1, 1636468934964, 1636468935580, 616, 266, 350, 0, 0, 0
9336, 1, 1636468934725, 1636468935625, 900, 550, 350, 0, 0, 0
9344, 1, 1636468935037, 1636468935649, 612, 262, 350, 0, 0, 0
9346, 1, 1636468935059, 1636468935669, 610, 263, 347, 1, 0, 1
9347, 1, 1636468935090, 1636468935705, 615, 267, 348, 1, 0, 1
9345, 1, 1636468935056, 1636468935780, 724, 379, 345, 1, 0, 1
9348, 1, 1636468935236, 1636468935845, 609, 262, 347, 0, 0, 0
9349, 1, 1636468935361, 1636468935977, 616, 266, 350, 0, 0, 0
9350, 1, 1636468935409, 1636468936021, 612, 266, 346, 0, 0, 0
9351, 1, 1636468935412, 1636468936029, 617, 270, 347, 0, 1, 1
9352, 1, 1636468935416, 1636468936029, 613, 266, 347, 0, 0, 0
9353, 1, 1636468935449, 1636468936060, 611, 262, 349, 0, 1, 1
9354, 1, 1636468935475, 1636468936081, 606, 263, 343, 0, 1, 1
9355, 1, 1636468935484, 1636468936101, 617, 262, 355, 0, 1, 1
9356, 1, 1636468935589, 1636468936197, 608, 262, 346, 0, 1, 1
9357, 1, 1636468935624, 1636468936236, 612, 263, 349, 0, 1, 1
9359, 1, 1636468935642, 1636468936253, 611, 262, 349, 0, 0, 0
9360, 1, 1636468935663, 1636468936273, 610, 263, 347, 0, 1, 1
9358, 1, 1636468935641, 1636468936297, 656, 264, 392, 0, 1, 1
9361, 1, 1636468935701, 1636468936312, 611, 262, 349, 0, 0, 0
9362, 1, 1636468935755, 1636468936361, 606, 262, 344, 0, 0, 0
9363, 1, 1636468935761, 1636468936372, 611, 266, 345, 0, 0, 0
9364, 1, 1636468935844, 1636468936452, 608, 262, 346, 0, 1, 1
9365, 1, 1636468935863, 1636468936468, 605, 263, 342, 1, 1, 2
9367, 1, 1636468935875, 1636468936484, 609, 263, 346, 1, 0, 1
9366, 1, 1636468935873, 1636468936484, 611, 263, 348, 1, 1, 2
9368, 1, 1636468936036, 1636468936649, 613, 262, 351, 0, 0, 0
9369, 1, 1636468936164, 1636468936777, 613, 262, 351, 0, 0, 0
9372, 1, 1636468936223, 1636468936829, 606, 262, 344, 0, 0, 0
9371, 1, 1636468936218, 1636468936833, 615, 267, 348, 1, 0, 1
9370, 1, 1636468936216, 1636468936833, 617, 267, 350, 1, 0, 1
9373, 1, 1636468936235, 1636468936853, 618, 268, 350, 1, 0, 1
9374, 1, 1636468936282, 1636468936893, 611, 262, 349, 0, 2, 2
9375, 1, 1636468936289, 1636468936897, 608, 262, 346, 0, 0, 0
9377, 1, 1636468936408, 1636468937025, 617, 266, 351, 0, 0, 0
9378, 1, 1636468936429, 1636468937040, 611, 262, 349, 0, 0, 0
9380, 1, 1636468936454, 1636468937060, 606, 263, 343, 2, 0, 2
9379, 1, 1636468936452, 1636468937064, 612, 262, 350, 1, 0, 1
9376, 1, 1636468936378, 1636468937121, 743, 398, 345, 0, 0, 0
9381, 1, 1636468936501, 1636468937121, 620, 270, 350, 0, 0, 0
9382, 1, 1636468936548, 1636468937157, 609, 262, 347, 0, 1, 1
9383, 1, 1636468936567, 1636468937177, 610, 262, 348, 0, 0, 0
9384, 1, 1636468936647, 1636468937261, 614, 266, 348, 0, 0, 0
9385, 1, 1636468936678, 1636468937285, 607, 262, 345, 0, 1, 1
9387, 1, 1636468936684, 1636468937296, 612, 268, 344, 0, 1, 1
9386, 1, 1636468936680, 1636468937296, 616, 263, 353, 0, 1, 1
9388, 1, 1636468936837, 1636468937449, 612, 262, 350, 0, 0, 0
9389, 1, 1636468936970, 1636468937577, 607, 262, 345, 0, 0, 0
9390, 1, 1636468937012, 1636468937621, 609, 262, 347, 0, 1, 1
9391, 1, 1636468937018, 1636468937625, 607, 264, 343, 0, 0, 0
9392, 1, 1636468937020, 1636468937629, 609, 262, 347, 0, 1, 1
9393, 1, 1636468937049, 1636468937656, 607, 263, 344, 0, 0, 0
9394, 1, 1636468937078, 1636468937697, 619, 267, 352, 1, 0, 1
9395, 1, 1636468937080, 1636468937697, 617, 267, 350, 1, 0, 1
9397, 1, 1636468937204, 1636468937817, 613, 261, 352, 0, 0, 0
9398, 1, 1636468937220, 1636468937837, 617, 262, 355, 0, 1, 1
9400, 1, 1636468937251, 1636468937861, 610, 263, 347, 0, 1, 1
9399, 1, 1636468937246, 1636468937861, 615, 262, 353, 0, 0, 0
9401, 1, 1636468937300, 1636468937912, 612, 262, 350, 0, 0, 0
9402, 1, 1636468937353, 1636468937961, 608, 258, 350, 0, 1, 1
9403, 1, 1636468937367, 1636468937973, 606, 263, 343, 0, 0, 0
9396, 1, 1636468937178, 1636468938045, 867, 519, 348, 1, 1, 2
9404, 1, 1636468937437, 1636468938049, 612, 266, 346, 0, 1, 1
9405, 1, 1636468937476, 1636468938085, 609, 264, 345, 0, 1, 1
9406, 1, 1636468937482, 1636468938088, 606, 265, 341, 2, 0, 2
9407, 1, 1636468937486, 1636468938097, 611, 262, 349, 0, 0, 0
9408, 1, 1636468937621, 1636468938232, 611, 262, 349, 0, 0, 0
9409, 1, 1636468937787, 1636468938401, 614, 262, 352, 0, 0, 0
9410, 1, 1636468937800, 1636468938417, 617, 266, 351, 0, 1, 1
9411, 1, 1636468937808, 1636468938425, 617, 266, 351, 0, 0, 0
9412, 1, 1636468937822, 1636468938445, 623, 266, 357, 1, 0, 1
9413, 1, 1636468937864, 1636468938473, 609, 263, 346, 0, 1, 1
9414, 1, 1636468937869, 1636468938484, 615, 270, 345, 0, 0, 0
9415, 1, 1636468937896, 1636468938517, 621, 270, 351, 0, 0, 0
9416, 1, 1636468937995, 1636468938613, 618, 269, 349, 0, 1, 1
9417, 1, 1636468938015, 1636468938628, 613, 263, 350, 1, 1, 2
9418, 1, 1636468938041, 1636468938661, 620, 263, 357, 1, 0, 1
9420, 1, 1636468938060, 1636468938677, 617, 263, 354, 1, 0, 1
9421, 1, 1636468938090, 1636468938709, 619, 262, 357, 0, 0, 0
9419, 1, 1636468938046, 1636468938713, 667, 271, 396, 0, 0, 0
9422, 1, 1636468938146, 1636468938772, 626, 270, 356, 0, 0, 0
9423, 1, 1636468938157, 1636468938780, 623, 263, 360, 0, 0, 0
9424, 1, 1636468938229, 1636468938844, 615, 266, 349, 0, 0, 0
9425, 1, 1636468938286, 1636468938893, 607, 263, 344, 1, 1, 2
9427, 1, 1636468938300, 1636468938917, 617, 266, 351, 0, 0, 0
9426, 1, 1636468938288, 1636468938961, 673, 327, 346, 2, 0, 2
9428, 1, 1636468938421, 1636468939057, 636, 285, 351, 0, 0, 0
9429, 1, 1636468938585, 1636468939197, 612, 262, 350, 0, 0, 0
9431, 1, 1636468938593, 1636468939213, 620, 264, 356, 1, 1, 2
9430, 1, 1636468938593, 1636468939217, 624, 262, 362, 0, 1, 1
9432, 1, 1636468938626, 1636468939241, 615, 263, 352, 2, 0, 2
9433, 1, 1636468938669, 1636468939289, 620, 262, 358, 0, 1, 1
9434, 1, 1636468938682, 1636468939292, 610, 261, 349, 3, 2, 5
9435, 1, 1636468938705, 1636468939317, 612, 264, 348, 0, 0, 0
9436, 1, 1636468938790, 1636468939408, 618, 270, 348, 1, 0, 1
9438, 1, 1636468938832, 1636468939440, 608, 263, 345, 1, 0, 1
9437, 1, 1636468938829, 1636468939445, 616, 267, 349, 0, 0, 0
9439, 1, 1636468938846, 1636468939461, 615, 270, 345, 0, 0, 0
9440, 1, 1636468938858, 1636468939472, 614, 270, 344, 0, 0, 0
9441, 1, 1636468938895, 1636468939505, 610, 262, 348, 0, 0, 0
9442, 1, 1636468938933, 1636468939545, 612, 262, 350, 0, 0, 0
9443, 1, 1636468938952, 1636468939581, 629, 271, 358, 1, 0, 1
9445, 1, 1636468939076, 1636468939689, 613, 263, 350, 0, 0, 0
9446, 1, 1636468939090, 1636468939705, 615, 262, 353, 0, 0, 0
9447, 1, 1636468939096, 1636468939721, 625, 267, 358, 0, 0, 0
9444, 1, 1636468939031, 1636468939793, 762, 414, 348, 0, 0, 0
9448, 1, 1636468939229, 1636468939841, 612, 263, 349, 0, 1, 1
9449, 1, 1636468939382, 1636468939993, 611, 266, 345, 0, 0, 0
9450, 1, 1636468939385, 1636468940004, 619, 266, 353, 0, 2, 2
9452, 1, 1636468939429, 1636468940037, 608, 262, 346, 1, 1, 2
9453, 1, 1636468939454, 1636468940064, 610, 262, 348, 1, 0, 1
9454, 1, 1636468939473, 1636468940084, 611, 264, 347, 1, 3, 4
9455, 1, 1636468939503, 1636468940117, 614, 263, 351, 0, 1, 1
9451, 1, 1636468939405, 1636468940149, 744, 386, 358, 0, 0, 0
9457, 1, 1636468939626, 1636468940233, 607, 262, 345, 0, 1, 1
9458, 1, 1636468939638, 1636468940252, 614, 267, 347, 0, 1, 1
9460, 1, 1636468939652, 1636468940260, 608, 258, 350, 0, 0, 0
9459, 1, 1636468939648, 1636468940273, 625, 267, 358, 1, 0, 1
9461, 1, 1636468939710, 1636468940317, 607, 262, 345, 0, 0, 0
9462, 1, 1636468939719, 1636468940336, 617, 262, 355, 0, 0, 0
9465, 1, 1636468939861, 1636468940477, 616, 261, 355, 0, 0, 0
9464, 1, 1636468939832, 1636468940492, 660, 270, 390, 0, 0, 0
9466, 1, 1636468939904, 1636468940521, 617, 265, 352, 1, 1, 2
9467, 1, 1636468939906, 1636468940521, 615, 267, 348, 2, 0, 2
9468, 1, 1636468940037, 1636468940648, 611, 263, 348, 0, 1, 1
9469, 1, 1636468940170, 1636468940785, 615, 266, 349, 0, 0, 0
9471, 1, 1636468940204, 1636468940817, 613, 262, 351, 0, 0, 0
9472, 1, 1636468940243, 1636468940853, 610, 262, 348, 0, 0, 0
9473, 1, 1636468940246, 1636468940864, 618, 262, 356, 1, 0, 1
9470, 1, 1636468940173, 1636468940865, 692, 346, 346, 0, 0, 0
9475, 1, 1636468940292, 1636468940913, 621, 262, 359, 0, 0, 0
9476, 1, 1636468940424, 1636468941036, 612, 262, 350, 1, 0, 1
9477, 1, 1636468940443, 1636468941057, 614, 262, 352, 1, 0, 1
9478, 1, 1636468940445, 1636468941061, 616, 263, 353, 0, 1, 1
9479, 1, 1636468940446, 1636468941061, 615, 263, 352, 0, 1, 1
9480, 1, 1636468940502, 1636468941113, 611, 262, 349, 0, 1, 1
9481, 1, 1636468940533, 1636468941149, 616, 262, 354, 0, 0, 0
9474, 1, 1636468940286, 1636468941213, 927, 575, 352, 0, 1, 1
9482, 1, 1636468940630, 1636468941241, 611, 262, 349, 0, 0, 0
9484, 1, 1636468940698, 1636468941309, 611, 263, 348, 1, 0, 1
9485, 1, 1636468940717, 1636468941324, 607, 259, 348, 0, 0, 0
9486, 1, 1636468940844, 1636468941469, 625, 270, 355, 0, 0, 0
9487, 1, 1636468940955, 1636468941569, 614, 262, 352, 0, 0, 0
9488, 1, 1636468940969, 1636468941585, 616, 262, 354, 0, 1, 1
9489, 1, 1636468941021, 1636468941632, 611, 262, 349, 0, 0, 0
9491, 1, 1636468941049, 1636468941669, 620, 266, 354, 1, 0, 1
9490, 1, 1636468941044, 1636468941669, 625, 266, 359, 0, 1, 1
9492, 1, 1636468941095, 1636468941704, 609, 263, 346, 0, 0, 0
9493, 1, 1636468941210, 1636468941825, 615, 266, 349, 0, 0, 0
9496, 1, 1636468941245, 1636468941857, 612, 262, 350, 0, 0, 0
9494, 1, 1636468941214, 1636468941869, 655, 263, 392, 0, 1, 1
9495, 1, 1636468941244, 1636468941869, 625, 266, 359, 0, 0, 0
9497, 1, 1636468941256, 1636468941872, 616, 266, 350, 0, 0, 0
9499, 1, 1636468941347, 1636468941964, 617, 262, 355, 1, 0, 1
9463, 2, 1636468939765, 1636468942015, 2250, 0, 2250, 0, 1, 1
9456, 2, 1636468939604, 1636468942015, 2411, 0, 2411, 1, 1, 2
9500, 1, 1636468941428, 1636468942048, 620, 265, 355, 0, 0, 0
9501, 1, 1636468941499, 1636468942105, 606, 263, 343, 0, 0, 0
9502, 1, 1636468941520, 1636468942125, 605, 263, 342, 0, 1, 1
9498, 1, 1636468941319, 1636468942220, 901, 546, 355, 0, 1, 1
9503, 1, 1636468941654, 1636468942269, 615, 262, 353, 0, 0, 0
9506, 1, 1636468941829, 1636468942441, 612, 263, 349, 2, 0, 2
9507, 1, 1636468941831, 1636468942441, 610, 262, 348, 1, 0, 1
9508, 1, 1636468941862, 1636468942473, 611, 262, 349, 0, 0, 0
9509, 1, 1636468941914, 1636468942525, 611, 266, 345, 1, 0, 1
9511, 1, 1636468942024, 1636468942633, 609, 267, 342, 0, 1, 1
9510, 1, 1636468942015, 1636468942645, 630, 260, 370, 1, 2, 3
9512, 1, 1636468942049, 1636468942665, 616, 270, 346, 0, 0, 0
9514, 1, 1636468942071, 1636468942680, 609, 267, 342, 1, 0, 1
9513, 1, 1636468942062, 1636468942685, 623, 271, 352, 1, 0, 1
9515, 1, 1636468942105, 1636468942765, 660, 263, 397, 1, 0, 1
9517, 1, 1636468942158, 1636468942768, 610, 263, 347, 1, 0, 1
9519, 1, 1636468942229, 1636468942841, 612, 262, 350, 0, 0, 0
9483, 2, 1636468940668, 1636468942891, 2223, 0, 2223, 0, 1, 1
9521, 1, 1636468942319, 1636468942929, 610, 262, 348, 0, 0, 0
9516, 1, 1636468942106, 1636468943041, 935, 531, 404, 2, 0, 2
9522, 1, 1636468942464, 1636468943081, 617, 262, 355, 0, 0, 0
9520, 1, 1636468942302, 1636468943109, 807, 463, 344, 1, 0, 1
9523, 1, 1636468942612, 1636468943225, 613, 266, 347, 0, 0, 0
9524, 1, 1636468942631, 1636468943245, 614, 262, 352, 0, 0, 0
9525, 1, 1636468942679, 1636468943289, 610, 263, 347, 2, 1, 3
9526, 1, 1636468942728, 1636468943337, 609, 264, 345, 0, 2, 2
9527, 1, 1636468942808, 1636468943429, 621, 271, 350, 0, 0, 0
9528, 1, 1636468942828, 1636468943444, 616, 262, 354, 0, 0, 0
9529, 1, 1636468942859, 1636468943472, 613, 262, 351, 2, 0, 2
9530, 1, 1636468942859, 1636468943481, 622, 263, 359, 3, 0, 3
9531, 1, 1636468942864, 1636468943484, 620, 266, 354, 0, 0, 0
9532, 1, 1636468942881, 1636468943500, 619, 266, 353, 0, 0, 0
9533, 1, 1636468942950, 1636468943561, 611, 266, 345, 1, 0, 1
9535, 1, 1636468943024, 1636468943637, 613, 262, 351, 0, 0, 0
9534, 1, 1636468942977, 1636468943637, 660, 266, 394, 0, 0, 0
9536, 1, 1636468943042, 1636468943696, 654, 270, 384, 0, 0, 0
9538, 1, 1636468943119, 1636468943733, 614, 262, 352, 0, 0, 0
9537, 1, 1636468943110, 1636468943761, 651, 266, 385, 0, 0, 0
9539, 1, 1636468943267, 1636468943877, 610, 266, 344, 0, 0, 0
9504, 2, 1636468941762, 1636468943982, 2220, 0, 2220, 0, 0, 0
9505, 2, 1636468941783, 1636468944003, 2220, 0, 2220, 0, 0, 0
9540, 1, 1636468943421, 1636468944028, 607, 262, 345, 0, 0, 0
9541, 1, 1636468943435, 1636468944045, 610, 262, 348, 0, 0, 0
9542, 1, 1636468943493, 1636468944109, 616, 262, 354, 0, 0, 0
9543, 1, 1636468943527, 1636468944133, 606, 262, 344, 0, 0, 0
9544, 1, 1636468943604, 1636468944212, 608, 262, 346, 1, 1, 2
9545, 1, 1636468943638, 1636468944253, 615, 266, 349, 0, 0, 0
9546, 1, 1636468943648, 1636468944261, 613, 263, 350, 0, 0, 0
9547, 1, 1636468943658, 1636468944269, 611, 264, 347, 0, 1, 1
9548, 1, 1636468943670, 1636468944277, 607, 262, 345, 0, 0, 0
9549, 1, 1636468943674, 1636468944293, 619, 262, 357, 0, 0, 0
9550, 1, 1636468943736, 1636468944345, 609, 262, 347, 1, 0, 1
9551, 1, 1636468943764, 1636468944385, 621, 267, 354, 0, 0, 0
9553, 1, 1636468943849, 1636468944457, 608, 262, 346, 0, 0, 0
9518, 1, 1636468942222, 1636468944484, 2262, 1870, 392, 0, 0, 0
9554, 1, 1636468943921, 1636468944532, 611, 268, 343, 0, 2, 2
9555, 1, 1636468943923, 1636468944536, 613, 269, 344, 1, 2, 3
9557, 1, 1636468944073, 1636468944685, 612, 262, 350, 0, 0, 0
9552, 1, 1636468943816, 1636468944737, 921, 566, 355, 0, 1, 1
9558, 1, 1636468944093, 1636468944741, 648, 262, 386, 0, 0, 0
9560, 1, 1636468944243, 1636468944853, 610, 262, 348, 0, 0, 0
9556, 1, 1636468944073, 1636468944881, 808, 414, 394, 0, 1, 1
9559, 1, 1636468944233, 1636468944889, 656, 304, 352, 1, 1, 2
9561, 1, 1636468944293, 1636468944909, 616, 266, 350, 0, 0, 0
9562, 1, 1636468944332, 1636468944945, 613, 264, 349, 1, 0, 1
9563, 1, 1636468944404, 1636468945013, 609, 264, 345, 2, 0, 2
9564, 1, 1636468944429, 1636468945045, 616, 266, 350, 0, 1, 1
9565, 1, 1636468944447, 1636468945057, 610, 262, 348, 3, 0, 3
9566, 1, 1636468944448, 1636468945057, 609, 262, 347, 3, 0, 3
9567, 1, 1636468944472, 1636468945081, 609, 262, 347, 1, 0, 1
9568, 1, 1636468944476, 1636468945089, 613, 263, 350, 0, 1, 1
9570, 1, 1636468944536, 1636468945145, 609, 263, 346, 0, 1, 1
9569, 1, 1636468944486, 1636468945229, 743, 345, 398, 0, 0, 0
9572, 1, 1636468944650, 1636468945261, 611, 262, 349, 0, 0, 0
9574, 1, 1636468944714, 1636468945329, 615, 263, 352, 2, 0, 2
9573, 1, 1636468944713, 1636468945329, 616, 263, 353, 2, 1, 3
9575, 1, 1636468944739, 1636468945393, 654, 262, 392, 0, 0, 0
9576, 1, 1636468944856, 1636468945469, 613, 262, 351, 0, 0, 0
9578, 1, 1636468944891, 1636468945501, 610, 262, 348, 0, 0, 0
9577, 1, 1636468944882, 1636468945537, 655, 266, 389, 0, 0, 0
9571, 1, 1636468944572, 1636468945573, 1001, 654, 347, 1, 0, 1
9579, 1, 1636468945030, 1636468945641, 611, 265, 346, 0, 1, 1
9580, 1, 1636468945050, 1636468945665, 615, 266, 349, 1, 0, 1
9581, 1, 1636468945091, 1636468945701, 610, 267, 343, 1, 0, 1
9582, 1, 1636468945132, 1636468945741, 609, 263, 346, 1, 0, 1
9583, 1, 1636468945213, 1636468945829, 616, 266, 350, 1, 0, 1
9584, 1, 1636468945242, 1636468945849, 607, 262, 345, 0, 0, 0
9586, 1, 1636468945263, 1636468945869, 606, 263, 343, 0, 0, 0
9587, 1, 1636468945267, 1636468945873, 606, 262, 344, 0, 0, 0
9589, 1, 1636468945291, 1636468945905, 614, 262, 352, 1, 0, 1
9585, 1, 1636468945252, 1636468945924, 672, 315, 357, 0, 0, 0
9590, 1, 1636468945337, 1636468945953, 616, 264, 352, 0, 0, 0
9591, 1, 1636468945468, 1636468946089, 621, 262, 359, 0, 0, 0
9592, 1, 1636468945515, 1636468946125, 610, 263, 347, 0, 1, 1
9593, 1, 1636468945520, 1636468946137, 617, 262, 355, 0, 0, 0
9594, 1, 1636468945537, 1636468946153, 616, 263, 353, 0, 1, 1
9595, 1, 1636468945574, 1636468946228, 654, 258, 396, 0, 0, 0
9596, 1, 1636468945656, 1636468946273, 617, 267, 350, 1, 1, 2
9597, 1, 1636468945674, 1636468946281, 607, 262, 345, 0, 0, 0
9588, 1, 1636468945290, 1636468946281, 991, 634, 357, 1, 0, 1
9598, 1, 1636468945696, 1636468946309, 613, 263, 350, 1, 0, 1
9599, 1, 1636468945831, 1636468946444, 613, 268, 345, 0, 0, 0
9600, 1, 1636468945852, 1636468946464, 612, 262, 350, 0, 1, 1
9601, 1, 1636468945876, 1636468946489, 613, 266, 347, 0, 1, 1
9602, 1, 1636468945946, 1636468946557, 611, 268, 343, 0, 2, 2
9603, 1, 1636468946029, 1636468946653, 624, 270, 354, 1, 0, 1
9604, 1, 1636468946049, 1636468946665, 616, 263, 353, 2, 0, 2
9605, 1, 1636468946051, 1636468946673, 622, 268, 354, 1, 0, 1
9607, 1, 1636468946082, 1636468946693, 611, 262, 349, 0, 0, 0
9606, 1, 1636468946072, 1636468946693, 621, 263, 358, 1, 0, 1
9608, 1, 1636468946084, 1636468946712, 628, 270, 358, 0, 0, 0
9610, 1, 1636468946274, 1636468946897, 623, 272, 351, 2, 1, 3
9613, 1, 1636468946321, 1636468946933, 612, 264, 348, 1, 1, 2
9612, 1, 1636468946320, 1636468946933, 613, 260, 353, 2, 1, 3
9611, 1, 1636468946282, 1636468946941, 659, 262, 397, 0, 0, 0
9614, 1, 1636468946355, 1636468946965, 610, 266, 344, 0, 0, 0
9615, 1, 1636468946366, 1636468946981, 615, 263, 352, 0, 1, 1
9609, 1, 1636468946139, 1636468947013, 874, 523, 351, 0, 1, 1
9616, 1, 1636468946455, 1636468947065, 610, 262, 348, 3, 0, 3
9617, 1, 1636468946460, 1636468947068, 608, 262, 346, 0, 0, 0
9618, 1, 1636468946496, 1636468947113, 617, 266, 351, 1, 1, 2
9619, 1, 1636468946629, 1636468947236, 607, 263, 344, 1, 0, 1
9620, 1, 1636468946662, 1636468947273, 611, 266, 345, 0, 0, 0
9621, 1, 1636468946682, 1636468947288, 606, 262, 344, 0, 0, 0
9622, 1, 1636468946737, 1636468947348, 611, 264, 347, 0, 0, 0
9623, 1, 1636468946829, 1636468947437, 608, 263, 345, 2, 0, 2
9624, 1, 1636468946854, 1636468947461, 607, 263, 344, 1, 0, 1
9625, 1, 1636468946860, 1636468947473, 613, 262, 351, 0, 0, 0
9626, 1, 1636468946875, 1636468947489, 614, 267, 347, 0, 1, 1
9627, 1, 1636468946891, 1636468947505, 614, 263, 351, 0, 1, 1
9628, 1, 1636468946898, 1636468947512, 614, 263, 351, 0, 1, 1
9629, 1, 1636468947014, 1636468947673, 659, 266, 393, 0, 0, 0
9630, 1, 1636468947066, 1636468947673, 607, 262, 345, 0, 0, 0
9631, 1, 1636468947075, 1636468947685, 610, 263, 347, 1, 1, 2
9632, 1, 1636468947105, 1636468947717, 612, 262, 350, 0, 0, 0
9633, 1, 1636468947121, 1636468947737, 616, 264, 352, 1, 1, 2
9634, 1, 1636468947156, 1636468947769, 613, 262, 351, 0, 0, 0
9635, 1, 1636468947167, 1636468947773, 606, 262, 344, 0, 0, 0
9636, 1, 1636468947251, 1636468947865, 614, 271, 343, 1, 0, 1
9637, 1, 1636468947260, 1636468947876, 616, 266, 350, 0, 0, 0
9638, 1, 1636468947293, 1636468947904, 611, 267, 344, 0, 0, 0
9639, 1, 1636468947420, 1636468948037, 617, 266, 351, 1, 0, 1
9640, 1, 1636468947466, 1636468948076, 610, 262, 348, 1, 0, 1
9641, 1, 1636468947466, 1636468948076, 610, 263, 347, 2, 0, 2
9642, 1, 1636468947550, 1636468948156, 606, 264, 342, 0, 0, 0
9643, 1, 1636468947634, 1636468948241, 607, 262, 345, 0, 0, 0
9644, 1, 1636468947653, 1636468948269, 616, 262, 354, 0, 0, 0
9645, 1, 1636468947671, 1636468948281, 610, 262, 348, 0, 0, 0
9646, 1, 1636468947674, 1636468948281, 607, 259, 348, 0, 0, 0
9647, 1, 1636468947690, 1636468948300, 610, 262, 348, 0, 0, 0
9648, 1, 1636468947694, 1636468948300, 606, 263, 343, 1, 0, 1
9649, 1, 1636468947827, 1636468948441, 614, 267, 347, 1, 1, 2
9650, 1, 1636468947856, 1636468948469, 613, 262, 351, 0, 1, 1
9651, 1, 1636468947864, 1636468948473, 609, 263, 346, 1, 0, 1
9653, 1, 1636468947912, 1636468948525, 613, 262, 351, 0, 0, 0
9652, 1, 1636468947911, 1636468948529, 618, 267, 351, 1, 0, 1
9654, 1, 1636468947973, 1636468948585, 612, 263, 349, 1, 1, 2
9655, 1, 1636468947976, 1636468948593, 617, 262, 355, 0, 0, 0
9656, 1, 1636468948057, 1636468948681, 624, 266, 358, 0, 0, 0
9657, 1, 1636468948070, 1636468948685, 615, 266, 349, 0, 0, 0
9658, 1, 1636468948078, 1636468948697, 619, 266, 353, 0, 0, 0
9659, 1, 1636468948211, 1636468948825, 614, 262, 352, 0, 0, 0
9660, 1, 1636468948271, 1636468948881, 610, 266, 344, 0, 2, 2
9661, 1, 1636468948281, 1636468948889, 608, 262, 346, 0, 1, 1
9662, 1, 1636468948360, 1636468948968, 608, 262, 346, 0, 0, 0
9663, 1, 1636468948440, 1636468949048, 608, 262, 346, 1, 0, 1
9664, 1, 1636468948453, 1636468949068, 615, 270, 345, 1, 0, 1
9665, 1, 1636468948456, 1636468949077, 621, 270, 351, 0, 0, 0
9667, 1, 1636468948486, 1636468949109, 623, 273, 350, 0, 1, 1
9668, 1, 1636468948496, 1636468949109, 613, 263, 350, 1, 0, 1
9666, 1, 1636468948482, 1636468949173, 691, 343, 348, 0, 1, 1
9669, 1, 1636468948618, 1636468949232, 614, 262, 352, 1, 0, 1
9670, 1, 1636468948641, 1636468949257, 616, 262, 354, 0, 1, 1
9671, 1, 1636468948671, 1636468949281, 610, 263, 347, 1, 0, 1
9672, 1, 1636468948706, 1636468949317, 611, 263, 348, 0, 1, 1
9673, 1, 1636468948724, 1636468949337, 613, 264, 349, 1, 0, 1
9674, 1, 1636468948775, 1636468949380, 605, 262, 343, 1, 0, 1
9675, 1, 1636468948783, 1636468949393, 610, 263, 347, 0, 1, 1
9676, 1, 1636468948862, 1636468949473, 611, 262, 349, 0, 0, 0
9678, 1, 1636468948885, 1636468949497, 612, 263, 349, 1, 1, 2
9677, 1, 1636468948885, 1636468949505, 620, 267, 353, 0, 0, 0
9679, 1, 1636468949001, 1636468949608, 607, 262, 345, 1, 0, 1
9680, 1, 1636468949088, 1636468949701, 613, 266, 347, 1, 0, 1
9682, 1, 1636468949167, 1636468949773, 606, 262, 344, 0, 2, 2
9685, 1, 1636468949258, 1636468949864, 606, 264, 342, 1, 1, 2
9683, 1, 1636468949254, 1636468949864, 610, 264, 346, 4, 0, 4
9684, 1, 1636468949255, 1636468949865, 610, 262, 348, 1, 1, 2
9686, 1, 1636468949284, 1636468949901, 617, 262, 355, 0, 0, 0
9687, 1, 1636468949291, 1636468949901, 610, 263, 347, 0, 0, 0
9688, 1, 1636468949297, 1636468949913, 616, 267, 349, 1, 0, 1
9689, 1, 1636468949424, 1636468950037, 613, 262, 351, 0, 0, 0
9681, 1, 1636468949096, 1636468950052, 956, 602, 354, 0, 0, 0
9690, 1, 1636468949448, 1636468950065, 617, 266, 351, 0, 0, 0
9691, 1, 1636468949474, 1636468950080, 606, 263, 343, 0, 1, 1
9692, 1, 1636468949506, 1636468950113, 607, 262, 345, 0, 1, 1
9693, 1, 1636468949535, 1636468950145, 610, 264, 346, 0, 0, 0
9694, 1, 1636468949571, 1636468950181, 610, 265, 345, 0, 0, 0
9695, 1, 1636468949598, 1636468950205, 607, 262, 345, 0, 1, 1
9696, 1, 1636468949661, 1636468950273, 612, 262, 350, 1, 0, 1
9698, 1, 1636468949676, 1636468950284, 608, 263, 345, 0, 1, 1
9697, 1, 1636468949674, 1636468950285, 611, 262, 349, 0, 0, 0
9699, 1, 1636468949792, 1636468950400, 608, 262, 346, 0, 0, 0
9700, 1, 1636468949894, 1636468950509, 615, 266, 349, 0, 0, 0
9701, 1, 1636468949976, 1636468950585, 609, 262, 347, 0, 0, 0
9702, 1, 1636468950044, 1636468950653, 609, 262, 347, 0, 0, 0
9703, 1, 1636468950048, 1636468950656, 608, 263, 345, 0, 1, 1
9704, 1, 1636468950055, 1636468950660, 605, 262, 343, 1, 1, 2
9706, 1, 1636468950082, 1636468950692, 610, 262, 348, 0, 0, 0
9707, 1, 1636468950097, 1636468950713, 616, 267, 349, 3, 0, 3
9708, 1, 1636468950098, 1636468950713, 615, 266, 349, 2, 0, 2
9705, 1, 1636468950069, 1636468950716, 647, 262, 385, 0, 0, 0
9709, 1, 1636468950224, 1636468950832, 608, 263, 345, 1, 0, 1
9711, 1, 1636468950282, 1636468950892, 610, 263, 347, 0, 1, 1
9712, 1, 1636468950295, 1636468950901, 606, 263, 343, 1, 0, 1
9713, 1, 1636468950350, 1636468950957, 607, 263, 344, 0, 0, 0
9714, 1, 1636468950377, 1636468950984, 607, 262, 345, 0, 0, 0
9710, 1, 1636468950242, 1636468951001, 759, 411, 348, 1, 0, 1
9715, 1, 1636468950398, 1636468951009, 611, 262, 349, 0, 0, 0
9716, 1, 1636468950478, 1636468951089, 611, 261, 350, 0, 0, 0
9717, 1, 1636468950482, 1636468951093, 611, 266, 345, 0, 0, 0
9718, 1, 1636468950490, 1636468951101, 611, 262, 349, 0, 0, 0
9719, 1, 1636468950590, 1636468951204, 614, 266, 348, 0, 0, 0
9720, 1, 1636468950694, 1636468951304, 610, 266, 344, 0, 1, 1
9721, 1, 1636468950762, 1636468951373, 611, 267, 344, 0, 1, 1
9722, 1, 1636468950853, 1636468951465, 612, 262, 350, 0, 1, 1
9724, 1, 1636468950861, 1636468951473, 612, 262, 350, 0, 1, 1
9723, 1, 1636468950857, 1636468951473, 616, 262, 354, 0, 1, 1
9725, 1, 1636468950871, 1636468951476, 605, 263, 342, 1, 0, 1
9726, 1, 1636468950872, 1636468951485, 613, 262, 351, 0, 0, 0
9727, 1, 1636468950882, 1636468951489, 607, 262, 345, 0, 0, 0
9728, 1, 1636468950889, 1636468951501, 612, 262, 350, 0, 1, 1
9729, 1, 1636468951038, 1636468951649, 611, 262, 349, 1, 0, 1
9731, 1, 1636468951073, 1636468951681, 608, 263, 345, 0, 1, 1
9730, 1, 1636468951042, 1636468951689, 647, 263, 384, 1, 0, 1
9732, 1, 1636468951094, 1636468951709, 615, 263, 352, 0, 0, 0
9733, 1, 1636468951157, 1636468951760, 603, 260, 343, 0, 0, 0
9734, 1, 1636468951191, 1636468951797, 606, 262, 344, 0, 0, 0
9735, 1, 1636468951205, 1636468951829, 624, 266, 358, 0, 0, 0
9736, 1, 1636468951282, 1636468951897, 615, 262, 353, 0, 0, 0
9737, 1, 1636468951289, 1636468951905, 616, 262, 354, 0, 1, 1
9738, 1, 1636468951298, 1636468951908, 610, 266, 344, 0, 1, 1
9739, 1, 1636468951376, 1636468951993, 617, 266, 351, 1, 0, 1
9740, 1, 1636468951491, 1636468952104, 613, 262, 351, 0, 0, 0
9741, 1, 1636468951567, 1636468952173, 606, 263, 343, 1, 0, 1
9742, 1, 1636468951644, 1636468952261, 617, 263, 354, 0, 0, 0
9746, 1, 1636468951671, 1636468952281, 610, 263, 347, 1, 1, 2
9744, 1, 1636468951666, 1636468952281, 615, 263, 352, 1, 1, 2
9743, 1, 1636468951666, 1636468952281, 615, 263, 352, 1, 0, 1
9745, 1, 1636468951667, 1636468952281, 614, 262, 352, 0, 0, 0
9747, 1, 1636468951693, 1636468952313, 620, 267, 353, 0, 0, 0
9748, 1, 1636468951702, 1636468952320, 618, 270, 348, 0, 0, 0
9749, 1, 1636468951828, 1636468952437, 609, 262, 347, 0, 0, 0
9750, 1, 1636468951850, 1636468952460, 610, 262, 348, 0, 1, 1
9751, 1, 1636468951878, 1636468952489, 611, 263, 348, 1, 1, 2
9752, 1, 1636468951879, 1636468952489, 610, 262, 348, 1, 1, 2
9753, 1, 1636468951943, 1636468952553, 610, 262, 348, 0, 0, 0
9754, 1, 1636468951982, 1636468952588, 606, 258, 348, 0, 0, 0
9755, 1, 1636468952017, 1636468952629, 612, 260, 352, 0, 0, 0
9756, 1, 1636468952081, 1636468952692, 611, 262, 349, 0, 0, 0
9757, 1, 1636468952084, 1636468952701, 617, 263, 354, 1, 1, 2
9758, 1, 1636468952087, 1636468952701, 614, 262, 352, 2, 0, 2
9759, 1, 1636468952161, 1636468952773, 612, 262, 350, 0, 0, 0
9760, 1, 1636468952276, 1636468952889, 613, 263, 350, 0, 1, 1
9761, 1, 1636468952376, 1636468952989, 613, 262, 351, 1, 1, 2
9762, 1, 1636468952451, 1636468953068, 617, 266, 351, 0, 0, 0
9763, 1, 1636468952460, 1636468953077, 617, 262, 355, 2, 0, 2
9764, 1, 1636468952469, 1636468953077, 608, 258, 350, 1, 0, 1
9767, 1, 1636468952483, 1636468953089, 606, 264, 342, 3, 2, 5
9765, 1, 1636468952479, 1636468953093, 614, 263, 351, 1, 1, 2
9766, 1, 1636468952481, 1636468953101, 620, 263, 357, 3, 1, 4
9768, 1, 1636468952504, 1636468953121, 617, 262, 355, 0, 0, 0
9769, 1, 1636468952633, 1636468953244, 611, 262, 349, 0, 0, 0
9770, 1, 1636468952641, 1636468953257, 616, 266, 350, 1, 0, 1
9771, 1, 1636468952664, 1636468953281, 617, 262, 355, 0, 0, 0
9772, 1, 1636468952678, 1636468953297, 619, 266, 353, 0, 0, 0
9773, 1, 1636468952748, 1636468953353, 605, 260, 345, 1, 0, 1
9774, 1, 1636468952791, 1636468953401, 610, 262, 348, 0, 0, 0
9776, 1, 1636468952874, 1636468953485, 611, 262, 349, 0, 1, 1
9777, 1, 1636468952876, 1636468953488, 612, 262, 350, 1, 0, 1
9778, 1, 1636468952890, 1636468953505, 615, 263, 352, 0, 1, 1
9779, 1, 1636468952958, 1636468953573, 615, 262, 353, 0, 0, 0
9780, 1, 1636468953083, 1636468953692, 609, 266, 343, 0, 1, 1
9775, 1, 1636468952819, 1636468953749, 930, 582, 348, 0, 0, 0
9781, 1, 1636468953184, 1636468953797, 613, 262, 351, 0, 0, 0
9782, 1, 1636468953245, 1636468953865, 620, 263, 357, 1, 0, 1
9783, 1, 1636468953258, 1636468953872, 614, 262, 352, 1, 0, 1
9784, 1, 1636468953279, 1636468953893, 614, 262, 352, 0, 0, 0
9785, 1, 1636468953284, 1636468953897, 613, 262, 351, 0, 0, 0
9787, 1, 1636468953295, 1636468953913, 618, 267, 351, 1, 0, 1
9786, 1, 1636468953291, 1636468953913, 622, 267, 355, 0, 1, 1
9788, 1, 1636468953318, 1636468953933, 615, 262, 353, 0, 0, 0
9789, 1, 1636468953442, 1636468954053, 611, 267, 344, 0, 2, 2
9790, 1, 1636468953451, 1636468954064, 613, 266, 347, 0, 0, 0
9791, 1, 1636468953468, 1636468954085, 617, 266, 351, 0, 1, 1
9792, 1, 1636468953479, 1636468954092, 613, 266, 347, 0, 0, 0
9793, 1, 1636468953558, 1636468954169, 611, 267, 344, 1, 0, 1
9794, 1, 1636468953601, 1636468954217, 616, 262, 354, 2, 0, 2
9795, 1, 1636468953688, 1636468954305, 617, 262, 355, 1, 0, 1
9796, 1, 1636468953693, 1636468954305, 612, 262, 350, 0, 0, 0
9797, 1, 1636468953696, 1636468954309, 613, 266, 347, 0, 0, 0
9799, 1, 1636468953760, 1636468954369, 609, 262, 347, 0, 0, 0
9798, 1, 1636468953750, 1636468954401, 651, 262, 389, 0, 0, 0
9800, 1, 1636468953876, 1636468954497, 621, 263, 358, 2, 0, 2
9801, 1, 1636468953980, 1636468954592, 612, 262, 350, 0, 0, 0
9802, 1, 1636468954041, 1636468954665, 624, 263, 361, 0, 1, 1
9803, 1, 1636468954052, 1636468954677, 625, 263, 362, 0, 0, 0
9804, 1, 1636468954070, 1636468954681, 611, 262, 349, 0, 0, 0
9805, 1, 1636468954072, 1636468954693, 621, 262, 359, 0, 1, 1
9807, 1, 1636468954086, 1636468954701, 615, 262, 353, 0, 0, 0
9806, 1, 1636468954081, 1636468954701, 620, 263, 357, 0, 0, 0
9808, 1, 1636468954121, 1636468954745, 624, 266, 358, 0, 0, 0
9809, 1, 1636468954248, 1636468954865, 617, 262, 355, 0, 0, 0
9810, 1, 1636468954255, 1636468954873, 618, 267, 351, 0, 1, 1
9811, 1, 1636468954266, 1636468954881, 615, 263, 352, 1, 0, 1
9812, 1, 1636468954269, 1636468954885, 616, 267, 349, 0, 1, 1
9813, 1, 1636468954365, 1636468954977, 612, 263, 349, 0, 1, 1
9814, 1, 1636468954399, 1636468955013, 614, 266, 348, 0, 0, 0
9815, 1, 1636468954496, 1636468955113, 617, 267, 350, 2, 0, 2
9816, 1, 1636468954498, 1636468955113, 615, 267, 348, 0, 1, 1
9817, 1, 1636468954503, 1636468955125, 622, 270, 352, 0, 0, 0
9818, 1, 1636468954550, 1636468955157, 607, 262, 345, 0, 0, 0
9819, 1, 1636468954559, 1636468955169, 610, 262, 348, 0, 0, 0
9820, 1, 1636468954690, 1636468955309, 619, 262, 357, 0, 0, 0
9821, 1, 1636468954780, 1636468955389, 609, 263, 346, 0, 0, 0
9822, 1, 1636468954848, 1636468955457, 609, 262, 347, 1, 1, 2
9823, 1, 1636468954857, 1636468955465, 608, 263, 345, 0, 1, 1
9824, 1, 1636468954878, 1636468955485, 607, 263, 344, 1, 0, 1
9825, 1, 1636468954878, 1636468955488, 610, 263, 347, 1, 0, 1
9827, 1, 1636468954892, 1636468955501, 609, 265, 344, 3, 1, 4
9826, 1, 1636468954890, 1636468955501, 611, 263, 348, 0, 1, 1
9828, 1, 1636468954912, 1636468955521, 609, 262, 347, 0, 0, 0
9829, 1, 1636468955047, 1636468955652, 605, 262, 343, 0, 0, 0
9830, 1, 1636468955068, 1636468955676, 608, 263, 345, 1, 2, 3
9831, 1, 1636468955072, 1636468955680, 608, 262, 346, 0, 0, 0
9832, 1, 1636468955082, 1636468955693, 611, 262, 349, 0, 0, 0
9833, 1, 1636468955161, 1636468955768, 607, 263, 344, 0, 0, 0
9834, 1, 1636468955189, 1636468955797, 608, 262, 346, 0, 0, 0
9835, 1, 1636468955296, 1636468955905, 609, 262, 347, 0, 0, 0
9837, 1, 1636468955317, 1636468955929, 612, 262, 350, 0, 0, 0
9836, 1, 1636468955313, 1636468955929, 616, 266, 350, 0, 0, 0
9838, 1, 1636468955347, 1636468955953, 606, 263, 343, 0, 1, 1
9839, 1, 1636468955351, 1636468955960, 609, 266, 343, 0, 0, 0
9840, 1, 1636468955498, 1636468956108, 610, 262, 348, 0, 0, 0
9841, 1, 1636468955571, 1636468956185, 614, 262, 352, 0, 0, 0
9842, 1, 1636468955637, 1636468956249, 612, 262, 350, 0, 0, 0
9843, 1, 1636468955654, 1636468956265, 611, 262, 349, 1, 0, 1
9844, 1, 1636468955664, 1636468956273, 609, 262, 347, 0, 1, 1
9845, 1, 1636468955676, 1636468956289, 613, 262, 351, 0, 0, 0
9846, 1, 1636468955698, 1636468956305, 607, 263, 344, 1, 0, 1
9847, 1, 1636468955703, 1636468956309, 606, 262, 344, 0, 0, 0
9848, 1, 1636468955730, 1636468956341, 611, 262, 349, 0, 0, 0
9849, 1, 1636468955854, 1636468956469, 615, 267, 348, 1, 0, 1
9850, 1, 1636468955859, 1636468956469, 610, 266, 344, 0, 1, 1
9851, 1, 1636468955884, 1636468956497, 613, 263, 350, 1, 1, 2
9852, 1, 1636468955892, 1636468956501, 609, 262, 347, 0, 0, 0
9853, 1, 1636468955957, 1636468956565, 608, 262, 346, 0, 0, 0
9854, 1, 1636468955990, 1636468956601, 611, 262, 349, 0, 0, 0
9855, 1, 1636468956089, 1636468956701, 612, 262, 350, 0, 0, 0
9856, 1, 1636468956108, 1636468956721, 613, 266, 347, 0, 0, 0
9857, 1, 1636468956116, 1636468956729, 613, 262, 351, 0, 0, 0
9859, 1, 1636468956151, 1636468956765, 614, 262, 352, 0, 0, 0
9860, 1, 1636468956281, 1636468956896, 615, 266, 349, 1, 0, 1
9861, 1, 1636468956367, 1636468956980, 613, 263, 350, 0, 1, 1
9862, 1, 1636468956448, 1636468957056, 608, 262, 346, 0, 0, 0
9863, 1, 1636468956452, 1636468957065, 613, 262, 351, 0, 0, 0
9858, 1, 1636468956146, 1636468957077, 931, 582, 349, 0, 0, 0
9864, 1, 1636468956470, 1636468957088, 618, 267, 351, 0, 0, 0
9865, 1, 1636468956476, 1636468957100, 624, 267, 357, 0, 1, 1
9866, 1, 1636468956510, 1636468957125, 615, 262, 353, 1, 0, 1
9867, 1, 1636468956512, 1636468957125, 613, 261, 352, 0, 0, 0
9868, 1, 1636468956543, 1636468957153, 610, 262, 348, 0, 0, 0
9870, 1, 1636468956659, 1636468957269, 610, 263, 347, 2, 1, 3
9869, 1, 1636468956657, 1636468957281, 624, 270, 354, 1, 0, 1
9871, 1, 1636468956679, 1636468957293, 614, 263, 351, 1, 0, 1
9872, 1, 1636468956698, 1636468957312, 614, 266, 348, 0, 0, 0
9873, 1, 1636468956748, 1636468957361, 613, 262, 351, 0, 0, 0
9874, 1, 1636468956801, 1636468957413, 612, 262, 350, 0, 0, 0
9875, 1, 1636468956873, 1636468957493, 620, 270, 350, 0, 0, 0
9876, 1, 1636468956903, 1636468957513, 610, 266, 344, 0, 0, 0
9877, 1, 1636468956914, 1636468957525, 611, 266, 345, 0, 0, 0
9880, 1, 1636468957090, 1636468957701, 611, 262, 349, 0, 0, 0
9879, 1, 1636468957078, 1636468957733, 655, 262, 393, 0, 0, 0
9878, 1, 1636468956952, 1636468957760, 808, 455, 353, 2, 0, 2
9881, 1, 1636468957182, 1636468957793, 611, 263, 348, 0, 1, 1
9882, 1, 1636468957237, 1636468957845, 608, 262, 346, 1, 0, 1
9883, 1, 1636468957262, 1636468957869, 607, 262, 345, 0, 0, 0
9884, 1, 1636468957264, 1636468957877, 613, 262, 351, 0, 1, 1
9885, 1, 1636468957278, 1636468957884, 606, 263, 343, 1, 0, 1
9887, 1, 1636468957306, 1636468957921, 615, 267, 348, 1, 0, 1
9886, 1, 1636468957302, 1636468957921, 619, 266, 353, 0, 0, 0
9888, 1, 1636468957351, 1636468957965, 614, 267, 347, 1, 0, 1
9889, 1, 1636468957441, 1636468958053, 612, 262, 350, 0, 0, 0
9890, 1, 1636468957472, 1636468958080, 608, 262, 346, 0, 0, 0
9891, 1, 1636468957490, 1636468958112, 622, 270, 352, 0, 0, 0
9892, 1, 1636468957500, 1636468958112, 612, 262, 350, 0, 0, 0
9893, 1, 1636468957544, 1636468958160, 616, 263, 353, 0, 1, 1
9894, 1, 1636468957615, 1636468958232, 617, 262, 355, 0, 0, 0
9895, 1, 1636468957669, 1636468958277, 608, 263, 345, 0, 1, 1
9896, 1, 1636468957708, 1636468958321, 613, 262, 351, 1, 0, 1
9897, 1, 1636468957714, 1636468958329, 615, 267, 348, 0, 2, 2
9898, 1, 1636468957762, 1636468958425, 663, 266, 397, 1, 0, 1
9899, 1, 1636468957889, 1636468958513, 624, 266, 358, 0, 0, 0
9900, 1, 1636468957896, 1636468958581, 685, 331, 354, 0, 1, 1
9901, 1, 1636468957979, 1636468958585, 606, 264, 342, 2, 1, 3
9902, 1, 1636468958021, 1636468958637, 616, 271, 345, 0, 1, 1
9903, 1, 1636468958059, 1636468958665, 606, 262, 344, 0, 1, 1
9904, 1, 1636468958075, 1636468958693, 618, 271, 347, 0, 0, 0
9905, 1, 1636468958078, 1636468958693, 615, 266, 349, 0, 0, 0
9906, 1, 1636468958106, 1636468958721, 615, 263, 352, 0, 0, 0
9907, 1, 1636468958115, 1636468958729, 614, 263, 351, 0, 0, 0
9908, 1, 1636468958148, 1636468958765, 617, 266, 351, 0, 0, 0
9909, 1, 1636468958232, 1636468958841, 609, 263, 346, 2, 0, 2
9911, 1, 1636468958289, 1636468958909, 620, 266, 354, 0, 0, 0
9912, 1, 1636468958300, 1636468958912, 612, 266, 346, 0, 0, 0
9910, 1, 1636468958279, 1636468958929, 650, 307, 343, 0, 1, 1
9913, 1, 1636468958358, 1636468958973, 615, 263, 352, 1, 0, 1
9914, 1, 1636468958407, 1636468959017, 610, 261, 349, 0, 0, 0
9915, 1, 1636468958469, 1636468959077, 608, 263, 345, 0, 2, 2
9917, 1, 1636468958521, 1636468959140, 619, 262, 357, 0, 1, 1
9918, 1, 1636468958552, 1636468959164, 612, 262, 350, 0, 0, 0
9916, 1, 1636468958516, 1636468959184, 668, 323, 345, 0, 1, 1
9919, 1, 1636468958680, 1636468959293, 613, 262, 351, 0, 0, 0
9920, 1, 1636468958694, 1636468959317, 623, 266, 357, 0, 2, 2
9921, 1, 1636468958778, 1636468959385, 607, 262, 345, 0, 0, 0
9922, 1, 1636468958825, 1636468959437, 612, 266, 346, 0, 0, 0
9923, 1, 1636468958863, 1636468959473, 610, 264, 346, 0, 2, 2
9924, 1, 1636468958875, 1636468959497, 622, 266, 356, 0, 0, 0
9926, 1, 1636468958895, 1636468959509, 614, 262, 352, 0, 0, 0
9927, 1, 1636468958925, 1636468959533, 608, 263, 345, 0, 1, 1
9928, 1, 1636468958949, 1636468959565, 616, 262, 354, 0, 0, 0
9929, 1, 1636468959032, 1636468959640, 608, 263, 345, 0, 0, 0
9930, 1, 1636468959071, 1636468959685, 614, 263, 351, 0, 0, 0
9931, 1, 1636468959092, 1636468959701, 609, 262, 347, 0, 1, 1
9932, 1, 1636468959100, 1636468959704, 604, 263, 341, 1, 0, 1
9925, 1, 1636468958885, 1636468959729, 844, 499, 345, 1, 0, 1
9933, 1, 1636468959155, 1636468959768, 613, 266, 347, 0, 0, 0
9934, 1, 1636468959213, 1636468959829, 616, 262, 354, 1, 0, 1
9935, 1, 1636468959261, 1636468959869, 608, 263, 345, 1, 0, 1
9936, 1, 1636468959308, 1636468959913, 605, 258, 347, 0, 0, 0
9938, 1, 1636468959357, 1636468959969, 612, 262, 350, 0, 0, 0
9939, 1, 1636468959491, 1636468960104, 613, 263, 350, 0, 1, 1
9940, 1, 1636468959508, 1636468960117, 609, 262, 347, 0, 0, 0
9937, 1, 1636468959337, 1636468960117, 780, 430, 350, 0, 0, 0
9941, 1, 1636468959589, 1636468960201, 612, 263, 349, 0, 1, 1
9942, 1, 1636468959612, 1636468960225, 613, 262, 351, 0, 1, 1
9943, 1, 1636468959650, 1636468960257, 607, 262, 345, 1, 1, 2
9944, 1, 1636468959678, 1636468960289, 611, 262, 349, 0, 1, 1
9945, 1, 1636468959690, 1636468960300, 610, 263, 347, 1, 0, 1
9947, 1, 1636468959731, 1636468960337, 606, 262, 344, 1, 0, 1
9948, 1, 1636468959739, 1636468960349, 610, 264, 346, 1, 2, 3
9949, 1, 1636468959823, 1636468960437, 614, 262, 352, 0, 0, 0
9951, 1, 1636468959897, 1636468960505, 608, 263, 345, 1, 0, 1
9952, 1, 1636468959909, 1636468960529, 620, 262, 358, 0, 0, 0
9953, 1, 1636468959942, 1636468960549, 607, 263, 344, 1, 0, 1
9950, 1, 1636468959871, 1636468960552, 681, 335, 346, 1, 0, 1
9954, 1, 1636468960014, 1636468960633, 619, 266, 353, 1, 0, 1
9955, 1, 1636468960058, 1636468960673, 615, 263, 352, 1, 0, 1
9946, 1, 1636468959730, 1636468960700, 970, 576, 394, 2, 1, 3
9956, 1, 1636468960122, 1636468960741, 619, 266, 353, 0, 1, 1
9958, 1, 1636468960145, 1636468960761, 616, 266, 350, 0, 0, 0
9957, 1, 1636468960138, 1636468960793, 655, 262, 393, 0, 0, 0
9959, 1, 1636468960282, 1636468960893, 611, 262, 349, 0, 0, 0
9960, 1, 1636468960301, 1636468960908, 607, 262, 345, 0, 0, 0
9961, 1, 1636468960384, 1636468960996, 612, 266, 346, 1, 0, 1
9962, 1, 1636468960428, 1636468961041, 613, 267, 346, 0, 0, 0
9963, 1, 1636468960463, 1636468961077, 614, 270, 344, 1, 1, 2
9964, 1, 1636468960475, 1636468961092, 617, 267, 350, 0, 0, 0
9965, 1, 1636468960505, 1636468961113, 608, 263, 345, 1, 0, 1
9966, 1, 1636468960534, 1636468961140, 606, 261, 345, 0, 0, 0
9967, 1, 1636468960539, 1636468961148, 609, 267, 342, 0, 1, 1
9968, 1, 1636468960623, 1636468961233, 610, 262, 348, 2, 0, 2
9969, 1, 1636468960664, 1636468961273, 609, 263, 346, 1, 0, 1
9970, 1, 1636468960691, 1636468961301, 610, 263, 347, 0, 0, 0
9972, 1, 1636468960725, 1636468961341, 616, 262, 354, 1, 0, 1
9971, 1, 1636468960702, 1636468961357, 655, 263, 392, 1, 0, 1
9973, 1, 1636468960752, 1636468961360, 608, 262, 346, 0, 0, 0
9974, 1, 1636468960817, 1636468961433, 616, 262, 354, 0, 0, 0
9975, 1, 1636468960844, 1636468961457, 613, 262, 351, 0, 2, 2
9976, 1, 1636468960923, 1636468961537, 614, 262, 352, 0, 0, 0
9978, 1, 1636468960962, 1636468961581, 619, 262, 357, 0, 0, 0
9979, 1, 1636468961087, 1636468961697, 610, 263, 347, 1, 0, 1
9980, 1, 1636468961092, 1636468961705, 613, 266, 347, 0, 0, 0
9977, 1, 1636468960934, 1636468961709, 775, 426, 349, 0, 0, 0
9981, 1, 1636468961170, 1636468961785, 615, 263, 352, 0, 1, 1
9982, 1, 1636468961236, 1636468961849, 613, 262, 351, 0, 0, 0
9983, 1, 1636468961251, 1636468961865, 614, 263, 351, 1, 0, 1
9984, 1, 1636468961286, 1636468961901, 615, 266, 349, 1, 0, 1
9985, 1, 1636468961293, 1636468961917, 624, 262, 362, 0, 0, 0
9986, 1, 1636468961327, 1636468961937, 610, 266, 344, 0, 0, 0
9987, 1, 1636468961342, 1636468961953, 611, 262, 349, 1, 0, 1
9988, 1, 1636468961409, 1636468962021, 612, 262, 350, 0, 0, 0
9989, 1, 1636468961460, 1636468962077, 617, 266, 351, 1, 0, 1
9990, 1, 1636468961500, 1636468962113, 613, 263, 350, 1, 0, 1
9991, 1, 1636468961506, 1636468962116, 610, 265, 345, 3, 0, 3
9992, 1, 1636468961520, 1636468962129, 609, 262, 347, 0, 0, 0
9993, 1, 1636468961542, 1636468962153, 611, 262, 349, 0, 0, 0
9994, 1, 1636468961607, 1636468962213, 606, 262, 344, 0, 2, 2
9995, 1, 1636468961629, 1636468962241, 612, 262, 350, 0, 0, 0
9997, 1, 1636468961739, 1636468962349, 610, 262, 348, 0, 0, 0
9998, 1, 1636468961771, 1636468962385, 614, 263, 351, 0, 1, 1
9996, 1, 1636468961733, 1636468962397, 664, 262, 402, 0, 0, 0
9999, 1, 1636468961883, 1636468962488, 605, 262, 343, 0, 0, 0
10000, 1, 1636468961896, 1636468962517, 621, 267, 354, 1, 0, 1
10001, 1, 1636468961958, 1636468962576, 618, 271, 347, 1, 1, 2
10002, 1, 1636468962032, 1636468962641, 609, 262, 347, 1, 0, 1
10004, 1, 1636468962078, 1636468962689, 611, 269, 342, 1, 1, 2
10003, 1, 1636468962068, 1636468962693, 625, 275, 350, 0, 0, 0
10005, 1, 1636468962094, 1636468962712, 618, 266, 352, 1, 0, 1
10006, 1, 1636468962132, 1636468962753, 621, 262, 359, 1, 1, 2
10007, 1, 1636468962139, 1636468962753, 614, 266, 348, 1, 2, 3
10008, 1, 1636468962194, 1636468962817, 623, 263, 360, 0, 0, 0
10009, 1, 1636468962275, 1636468962892, 617, 266, 351, 0, 0, 0
10010, 1, 1636468962308, 1636468962925, 617, 263, 354, 0, 1, 1
10011, 1, 1636468962308, 1636468962925, 617, 266, 351, 1, 0, 1
10012, 1, 1636468962315, 1636468962933, 618, 267, 351, 0, 0, 0
10013, 1, 1636468962326, 1636468962941, 615, 262, 353, 0, 0, 0
10014, 1, 1636468962419, 1636468963033, 614, 265, 349, 1, 0, 1
10015, 1, 1636468962427, 1636468963041, 614, 270, 344, 0, 0, 0
10016, 1, 1636468962531, 1636468963136, 605, 263, 342, 0, 1, 1
10017, 1, 1636468962548, 1636468963161, 613, 266, 347, 0, 0, 0
10018, 1, 1636468962568, 1636468963177, 609, 262, 347, 0, 0, 0
10020, 1, 1636468962683, 1636468963297, 614, 263, 351, 0, 1, 1
10019, 1, 1636468962683, 1636468963301, 618, 263, 355, 1, 0, 1
10021, 1, 1636468962768, 1636468963377, 609, 262, 347, 0, 0, 0
10022, 1, 1636468962847, 1636468963453, 606, 262, 344, 0, 0, 0
10023, 1, 1636468962869, 1636468963481, 612, 262, 350, 0, 2, 2
10024, 1, 1636468962885, 1636468963501, 616, 262, 354, 1, 0, 1
10025, 1, 1636468962887, 1636468963501, 614, 263, 351, 1, 0, 1
10027, 1, 1636468962948, 1636468963565, 617, 263, 354, 0, 0, 0
10028, 1, 1636468962980, 1636468963592, 612, 262, 350, 0, 0, 0
10029, 1, 1636468963073, 1636468963693, 620, 271, 349, 1, 0, 1
10030, 1, 1636468963091, 1636468963709, 618, 266, 352, 0, 0, 0
10033, 1, 1636468963115, 1636468963720, 605, 264, 341, 2, 0, 2
10032, 1, 1636468963105, 1636468963720, 615, 266, 349, 0, 1, 1
10031, 1, 1636468963098, 1636468963720, 622, 266, 356, 0, 0, 0
10026, 1, 1636468962925, 1636468963797, 872, 526, 346, 0, 0, 0
10034, 1, 1636468963227, 1636468963837, 610, 263, 347, 1, 0, 1
10035, 1, 1636468963230, 1636468963837, 607, 262, 345, 0, 1, 1
10036, 1, 1636468963336, 1636468963948, 612, 267, 345, 0, 1, 1
10037, 1, 1636468963338, 1636468963957, 619, 266, 353, 1, 1, 2
10039, 1, 1636468963483, 1636468964097, 614, 266, 348, 1, 0, 1
10040, 1, 1636468963489, 1636468964101, 612, 263, 349, 0, 1, 1
10038, 1, 1636468963378, 1636468964149, 771, 422, 349, 0, 0, 0
10041, 1, 1636468963574, 1636468964185, 611, 262, 349, 1, 0, 1
10042, 1, 1636468963654, 1636468964265, 611, 262, 349, 0, 0, 0
10043, 1, 1636468963666, 1636468964285, 619, 270, 349, 0, 1, 1
10044, 1, 1636468963680, 1636468964297, 617, 263, 354, 0, 0, 0
10045, 1, 1636468963698, 1636468964309, 611, 263, 348, 1, 0, 1
10046, 1, 1636468963756, 1636468964365, 609, 262, 347, 0, 0, 0
10047, 1, 1636468963781, 1636468964389, 608, 262, 346, 0, 0, 0
10048, 1, 1636468963798, 1636468964457, 659, 262, 397, 1, 0, 1
10049, 1, 1636468963858, 1636468964492, 634, 290, 344, 1, 0, 1
10052, 1, 1636468963901, 1636468964513, 612, 267, 345, 0, 2, 2
10051, 1, 1636468963900, 1636468964513, 613, 264, 349, 0, 1, 1
10053, 1, 1636468963917, 1636468964533, 616, 264, 352, 0, 1, 1
10054, 1, 1636468964010, 1636468964629, 619, 262, 357, 1, 0, 1
10055, 1, 1636468964035, 1636468964657, 622, 266, 356, 0, 0, 0
10056, 1, 1636468964135, 1636468964753, 618, 267, 351, 0, 1, 1
10057, 1, 1636468964141, 1636468964756, 615, 262, 353, 0, 0, 0
10050, 1, 1636468963890, 1636468964801, 911, 568, 343, 0, 0, 0
10058, 1, 1636468964179, 1636468964837, 658, 267, 391, 1, 0, 1
10059, 1, 1636468964284, 1636468964905, 621, 269, 352, 0, 0, 0
10060, 1, 1636468964289, 1636468964905, 616, 266, 350, 1, 0, 1
10061, 1, 1636468964389, 1636468965005, 616, 266, 350, 0, 0, 0
10062, 1, 1636468964446, 1636468965057, 611, 262, 349, 1, 1, 2
10063, 1, 1636468964465, 1636468965081, 616, 266, 350, 1, 0, 1
10064, 1, 1636468964477, 1636468965089, 612, 262, 350, 0, 0, 0
10065, 1, 1636468964489, 1636468965105, 616, 263, 353, 2, 0, 2
10066, 1, 1636468964554, 1636468965165, 611, 262, 349, 0, 0, 0
10068, 1, 1636468964590, 1636468965200, 610, 262, 348, 0, 0, 0
10069, 1, 1636468964666, 1636468965273, 607, 262, 345, 0, 0, 0
10070, 1, 1636468964700, 1636468965317, 617, 263, 354, 1, 0, 1
10072, 1, 1636468964716, 1636468965325, 609, 263, 346, 0, 1, 1
10071, 1, 1636468964715, 1636468965325, 610, 262, 348, 0, 0, 0
10073, 1, 1636468964800, 1636468965409, 609, 263, 346, 2, 1, 3
10067, 1, 1636468964580, 1636468965453, 873, 519, 354, 0, 1, 1
10074, 1, 1636468964802, 1636468965453, 651, 264, 387, 0, 3, 3
10075, 1, 1636468964841, 1636468965457, 616, 263, 353, 1, 1, 2
10076, 1, 1636468964921, 1636468965529, 608, 262, 346, 0, 0, 0
10077, 1, 1636468964953, 1636468965565, 612, 262, 350, 0, 0, 0
10078, 1, 1636468964976, 1636468965589, 613, 262, 351, 0, 0, 0
10079, 1, 1636468965080, 1636468965693, 613, 263, 350, 2, 0, 2
10080, 1, 1636468965082, 1636468965693, 611, 263, 348, 2, 0, 2
10081, 1, 1636468965177, 1636468965785, 608, 263, 345, 0, 1, 1
10082, 1, 1636468965253, 1636468965873, 620, 264, 356, 1, 0, 1
10083, 1, 1636468965256, 1636468965873, 617, 262, 355, 0, 0, 0
10084, 1, 1636468965285, 1636468965901, 616, 262, 354, 0, 1, 1
10085, 1, 1636468965295, 1636468965905, 610, 263, 347, 1, 1, 2
10086, 1, 1636468965354, 1636468965969, 615, 262, 353, 0, 0, 0
10087, 1, 1636468965387, 1636468966001, 614, 262, 352, 0, 1, 1
10089, 1, 1636468965455, 1636468966073, 618, 271, 347, 1, 0, 1
10090, 1, 1636468965494, 1636468966121, 627, 263, 364, 1, 0, 1
10088, 1, 1636468965454, 1636468966121, 667, 264, 403, 3, 0, 3
10091, 1, 1636468965512, 1636468966141, 629, 275, 354, 0, 1, 1
10092, 1, 1636468965521, 1636468966141, 620, 272, 348, 2, 0, 2
10093, 1, 1636468965596, 1636468966213, 617, 263, 354, 0, 1, 1
10094, 1, 1636468965616, 1636468966241, 625, 270, 355, 0, 0, 0
10095, 1, 1636468965630, 1636468966257, 627, 261, 366, 0, 0, 0
10096, 1, 1636468965732, 1636468966345, 613, 266, 347, 0, 0, 0
10098, 1, 1636468965787, 1636468966409, 622, 270, 352, 1, 0, 1
10099, 1, 1636468965865, 1636468966493, 628, 262, 366, 0, 0, 0
10097, 1, 1636468965770, 1636468966493, 723, 371, 352, 0, 3, 3
10100, 1, 1636468965882, 1636468966500, 618, 270, 348, 1, 0, 1
10101, 1, 1636468965991, 1636468966605, 614, 262, 352, 0, 0, 0
10103, 1, 1636468966054, 1636468966661, 607, 262, 345, 2, 1, 3
10102, 1, 1636468966047, 1636468966669, 622, 274, 348, 0, 0, 0
10104, 1, 1636468966077, 1636468966689, 612, 262, 350, 0, 0, 0
10105, 1, 1636468966104, 1636468966721, 617, 264, 353, 0, 1, 1
10106, 1, 1636468966144, 1636468966749, 605, 263, 342, 0, 1, 1
10109, 1, 1636468966245, 1636468966857, 612, 262, 350, 0, 1, 1
10108, 1, 1636468966240, 1636468966860, 620, 267, 353, 1, 0, 1
10110, 1, 1636468966285, 1636468966896, 611, 263, 348, 1, 0, 1
10111, 1, 1636468966297, 1636468966908, 611, 266, 345, 0, 0, 0
10112, 1, 1636468966306, 1636468966917, 611, 266, 345, 0, 0, 0
10113, 1, 1636468966379, 1636468966993, 614, 262, 352, 0, 0, 0
10114, 1, 1636468966403, 1636468967017, 614, 263, 351, 1, 1, 2
10115, 1, 1636468966441, 1636468967056, 615, 262, 353, 0, 0, 0
10107, 1, 1636468966172, 1636468967096, 924, 574, 350, 0, 0, 0
10116, 1, 1636468966527, 1636468967132, 605, 262, 343, 0, 1, 1
10117, 1, 1636468966558, 1636468967169, 611, 262, 349, 0, 0, 0
10118, 1, 1636468966581, 1636468967189, 608, 262, 346, 0, 0, 0
10119, 1, 1636468966652, 1636468967265, 613, 262, 351, 0, 0, 0
10120, 1, 1636468966696, 1636468967304, 608, 262, 346, 0, 0, 0
10121, 1, 1636468966775, 1636468967389, 614, 263, 351, 1, 1, 2
10123, 1, 1636468966862, 1636468967469, 607, 263, 344, 3, 0, 3
10122, 1, 1636468966860, 1636468967477, 617, 264, 353, 2, 0, 2
10125, 1, 1636468966893, 1636468967505, 612, 262, 350, 0, 0, 0
10126, 1, 1636468966939, 1636468967544, 605, 263, 342, 1, 1, 2
10124, 1, 1636468966887, 1636468967621, 734, 378, 356, 0, 0, 0
10127, 1, 1636468967039, 1636468967649, 610, 264, 346, 1, 1, 2
10128, 1, 1636468967055, 1636468967665, 610, 262, 348, 2, 0, 2
10130, 1, 1636468967098, 1636468967709, 611, 268, 343, 1, 0, 1
10132, 1, 1636468967111, 1636468967717, 606, 262, 344, 0, 1, 1
10131, 1, 1636468967105, 1636468967717, 612, 266, 346, 1, 1, 2
10129, 1, 1636468967098, 1636468967753, 655, 263, 392, 2, 0, 2
10133, 1, 1636468967195, 1636468967805, 610, 266, 344, 0, 1, 1
10135, 1, 1636468967254, 1636468967869, 615, 267, 348, 0, 1, 1
10136, 1, 1636468967326, 1636468967941, 615, 263, 352, 0, 1, 1
10138, 1, 1636468967389, 1636468968005, 616, 267, 349, 0, 0, 0
10137, 1, 1636468967358, 1636468968064, 706, 358, 348, 1, 0, 1
10139, 1, 1636468967453, 1636468968065, 612, 266, 346, 1, 1, 2
10134, 1, 1636468967210, 1636468968097, 887, 542, 345, 1, 0, 1
10140, 1, 1636468967494, 1636468968100, 606, 262, 344, 0, 0, 0
10141, 1, 1636468967580, 1636468968189, 609, 263, 346, 0, 0, 0
10142, 1, 1636468967675, 1636468968288, 613, 263, 350, 1, 0, 1
10143, 1, 1636468967676, 1636468968288, 612, 263, 349, 1, 0, 1
10144, 1, 1636468967684, 1636468968292, 608, 262, 346, 0, 1, 1
10146, 1, 1636468967746, 1636468968356, 610, 263, 347, 1, 1, 2
10145, 1, 1636468967701, 1636468968441, 740, 394, 346, 1, 0, 1
10147, 1, 1636468967847, 1636468968461, 614, 263, 351, 0, 1, 1
10148, 1, 1636468967862, 1636468968469, 607, 262, 345, 1, 0, 1
10149, 1, 1636468967886, 1636468968497, 611, 262, 349, 0, 0, 0
10151, 1, 1636468967901, 1636468968516, 615, 266, 349, 2, 0, 2
10150, 1, 1636468967900, 1636468968520, 620, 265, 355, 1, 0, 1
10152, 1, 1636468967907, 1636468968521, 614, 264, 350, 1, 1, 2
10153, 1, 1636468967997, 1636468968604, 607, 263, 344, 0, 2, 2
10154, 1, 1636468968062, 1636468968672, 610, 262, 348, 0, 0, 0
10156, 1, 1636468968114, 1636468968725, 611, 267, 344, 2, 0, 2
10157, 1, 1636468968157, 1636468968765, 608, 264, 344, 1, 1, 2
10158, 1, 1636468968198, 1636468968805, 607, 262, 345, 1, 0, 1
10159, 1, 1636468968236, 1636468968853, 617, 263, 354, 1, 0, 1
10160, 1, 1636468968306, 1636468968917, 611, 262, 349, 0, 0, 0
10161, 1, 1636468968364, 1636468968973, 609, 262, 347, 0, 0, 0
10155, 1, 1636468968098, 1636468969073, 975, 583, 392, 0, 0, 0
10163, 1, 1636468968465, 1636468969080, 615, 263, 352, 0, 0, 0
10162, 1, 1636468968464, 1636468969088, 624, 272, 352, 1, 0, 1
10165, 1, 1636468968502, 1636468969116, 614, 266, 348, 0, 0, 0
10164, 1, 1636468968493, 1636468969116, 623, 270, 353, 0, 0, 0
10166, 1, 1636468968543, 1636468969148, 605, 262, 343, 0, 0, 0
10167, 1, 1636468968647, 1636468969265, 618, 268, 350, 0, 0, 0
10168, 1, 1636468968662, 1636468969276, 614, 262, 352, 1, 0, 1
10169, 1, 1636468968689, 1636468969305, 616, 260, 356, 0, 0, 0
10171, 1, 1636468968695, 1636468969305, 610, 261, 349, 2, 0, 2
10170, 1, 1636468968693, 1636468969313, 620, 266, 354, 1, 1, 2
10172, 1, 1636468968711, 1636468969320, 609, 263, 346, 1, 0, 1
10173, 1, 1636468968786, 1636468969401, 615, 265, 350, 1, 0, 1
10174, 1, 1636468968859, 1636468969469, 610, 262, 348, 0, 0, 0
10175, 1, 1636468968923, 1636468969529, 606, 259, 347, 1, 1, 2
10176, 1, 1636468968953, 1636468969573, 620, 272, 348, 0, 1, 1
10177, 1, 1636468968990, 1636468969605, 615, 262, 353, 0, 0, 0
10178, 1, 1636468969025, 1636468969629, 604, 258, 346, 0, 0, 0
10180, 1, 1636468969093, 1636468969696, 603, 259, 344, 0, 1, 1
10179, 1, 1636468969074, 1636468969720, 646, 260, 386, 1, 1, 2
10181, 1, 1636468969168, 1636468969776, 608, 263, 345, 0, 1, 1
10182, 1, 1636468969271, 1636468969876, 605, 264, 341, 1, 0, 1
10183, 1, 1636468969272, 1636468969893, 621, 266, 355, 0, 1, 1
10184, 1, 1636468969296, 1636468969913, 617, 267, 350, 1, 1, 2
10185, 1, 1636468969296, 1636468969913, 617, 267, 350, 0, 1, 1
10186, 1, 1636468969343, 1636468969952, 609, 261, 348, 0, 0, 0
10187, 1, 1636468969462, 1636468970069, 607, 258, 349, 0, 1, 1
10188, 1, 1636468969472, 1636468970084, 612, 262, 350, 0, 0, 0
10189, 1, 1636468969476, 1636468970085, 609, 258, 351, 0, 0, 0
10190, 1, 1636468969491, 1636468970101, 610, 264, 346, 0, 0, 0
10192, 1, 1636468969495, 1636468970105, 610, 260, 350, 3, 0, 3
10191, 1, 1636468969492, 1636468970105, 613, 258, 355, 1, 0, 1
10193, 1, 1636468969585, 1636468970193, 608, 258, 350, 0, 0, 0
10194, 1, 1636468969658, 1636468970260, 602, 258, 344, 0, 2, 2
10195, 1, 1636468969729, 1636468970345, 616, 262, 354, 0, 0, 0
10196, 1, 1636468969763, 1636468970373, 610, 262, 348, 0, 0, 0
10197, 1, 1636468969797, 1636468970405, 608, 262, 346, 0, 0, 0
10198, 1, 1636468969823, 1636468970429, 606, 262, 344, 0, 0, 0
10199, 1, 1636468969869, 1636468970480, 611, 264, 347, 0, 0, 0
10200, 1, 1636468969907, 1636468970525, 618, 270, 348, 0, 0, 0
10201, 1, 1636468969975, 1636468970589, 614, 266, 348, 0, 0, 0
10202, 1, 1636468970068, 1636468970676, 608, 263, 345, 0, 1, 1
10203, 1, 1636468970080, 1636468970692, 612, 262, 350, 0, 0, 0
10204, 1, 1636468970084, 1636468970697, 613, 262, 351, 0, 1, 1
10205, 1, 1636468970093, 1636468970704, 611, 262, 349, 0, 0, 0
10206, 1, 1636468970149, 1636468970761, 612, 266, 346, 0, 0, 0
10208, 1, 1636468970263, 1636468970881, 618, 265, 353, 0, 0, 0
10207, 1, 1636468970261, 1636468970881, 620, 267, 353, 1, 1, 2
10210, 1, 1636468970294, 1636468970905, 611, 262, 349, 0, 0, 0
10209, 1, 1636468970290, 1636468970905, 615, 266, 349, 1, 0, 1
10211, 1, 1636468970296, 1636468970912, 616, 264, 352, 0, 2, 2
10212, 1, 1636468970306, 1636468970916, 610, 263, 347, 0, 1, 1
10213, 1, 1636468970378, 1636468970993, 615, 262, 353, 2, 0, 2
10214, 1, 1636468970450, 1636468971060, 610, 266, 344, 0, 0, 0
10215, 1, 1636468970544, 1636468971160, 616, 266, 350, 0, 0, 0
10216, 1, 1636468970560, 1636468971173, 613, 267, 346, 0, 1, 1
10218, 1, 1636468970613, 1636468971229, 616, 266, 350, 0, 0, 0
10217, 1, 1636468970612, 1636468971233, 621, 267, 354, 1, 1, 2
10219, 1, 1636468970674, 1636468971280, 606, 262, 344, 1, 0, 1
10220, 1, 1636468970707, 1636468971317, 610, 266, 344, 1, 0, 1
10221, 1, 1636468970757, 1636468971369, 612, 264, 348, 0, 2, 2
10223, 1, 1636468970874, 1636468971485, 611, 267, 344, 1, 1, 2
10222, 1, 1636468970872, 1636468971489, 617, 267, 350, 2, 0, 2
10224, 1, 1636468970892, 1636468971509, 617, 263, 354, 1, 0, 1
10226, 1, 1636468970944, 1636468971569, 625, 267, 358, 1, 0, 1
10225, 1, 1636468970908, 1636468971629, 721, 367, 354, 1, 1, 2
10227, 1, 1636468971068, 1636468971685, 617, 267, 350, 1, 0, 1
10228, 1, 1636468971069, 1636468971693, 624, 266, 358, 1, 0, 1
10229, 1, 1636468971090, 1636468971709, 619, 266, 353, 1, 0, 1
10230, 1, 1636468971093, 1636468971709, 616, 263, 353, 3, 0, 3
10231, 1, 1636468971094, 1636468971709, 615, 263, 352, 2, 0, 2
10232, 1, 1636468971112, 1636468971717, 605, 263, 342, 0, 0, 0
10233, 1, 1636468971173, 1636468971793, 620, 266, 354, 0, 0, 0
10234, 1, 1636468971245, 1636468971869, 624, 266, 358, 0, 0, 0
10235, 1, 1636468971332, 1636468971949, 617, 270, 347, 0, 0, 0
10236, 1, 1636468971347, 1636468971965, 618, 266, 352, 0, 0, 0
10237, 1, 1636468971405, 1636468972017, 612, 262, 350, 0, 0, 0
10238, 1, 1636468971418, 1636468972036, 618, 266, 352, 0, 0, 0
10239, 1, 1636468971480, 1636468972092, 612, 268, 344, 0, 0, 0
10240, 1, 1636468971498, 1636468972109, 611, 264, 347, 1, 1, 2
10241, 1, 1636468971541, 1636468972148, 607, 263, 344, 0, 0, 0
10242, 1, 1636468971670, 1636468972289, 619, 266, 353, 1, 0, 1
10243, 1, 1636468971672, 1636468972289, 617, 267, 350, 1, 0, 1
10244, 1, 1636468971693, 1636468972305, 612, 263, 349, 0, 1, 1
10245, 1, 1636468971706, 1636468972316, 610, 266, 344, 0, 0, 0
10246, 1, 1636468971737, 1636468972349, 612, 263, 349, 1, 0, 1
10247, 1, 1636468971857, 1636468972469, 612, 267, 345, 0, 1, 1
10248, 1, 1636468971877, 1636468972488, 611, 262, 349, 1, 1, 2
10249, 1, 1636468971882, 1636468972497, 615, 266, 349, 0, 0, 0
10250, 1, 1636468971896, 1636468972508, 612, 262, 350, 1, 0, 1
10251, 1, 1636468971899, 1636468972508, 609, 262, 347, 0, 0, 0
10252, 1, 1636468971909, 1636468972521, 612, 262, 350, 0, 0, 0
10253, 1, 1636468971963, 1636468972569, 606, 262, 344, 0, 0, 0
10254, 1, 1636468972056, 1636468972664, 608, 262, 346, 0, 0, 0
10255, 1, 1636468972136, 1636468972749, 613, 262, 351, 0, 1, 1
10256, 1, 1636468972155, 1636468972773, 618, 266, 352, 0, 0, 0
10257, 1, 1636468972203, 1636468972813, 610, 263, 347, 1, 1, 2
10258, 1, 1636468972220, 1636468972829, 609, 262, 347, 1, 1, 2
10259, 1, 1636468972266, 1636468972873, 607, 263, 344, 1, 0, 1
10260, 1, 1636468972284, 1636468972892, 608, 263, 345, 2, 0, 2
10261, 1, 1636468972329, 1636468972940, 611, 263, 348, 1, 0, 1
10262, 1, 1636468972474, 1636468973089, 615, 268, 347, 1, 0, 1
10263, 1, 1636468972484, 1636468973101, 617, 263, 354, 3, 0, 3
10264, 1, 1636468972487, 1636468973113, 626, 267, 359, 2, 0, 2
10265, 1, 1636468972510, 1636468973129, 619, 266, 353, 0, 1, 1
10266, 1, 1636468972525, 1636468973145, 620, 268, 352, 0, 1, 1
10268, 1, 1636468972666, 1636468973285, 619, 271, 348, 0, 1, 1
10267, 1, 1636468972662, 1636468973285, 623, 270, 353, 0, 0, 0
10269, 1, 1636468972668, 1636468973293, 625, 271, 354, 0, 1, 1
10270, 1, 1636468972683, 1636468973297, 614, 267, 347, 0, 0, 0
10271, 1, 1636468972684, 1636468973304, 620, 266, 354, 0, 0, 0
10272, 1, 1636468972698, 1636468973309, 611, 262, 349, 0, 0, 0
10273, 1, 1636468972773, 1636468973393, 620, 266, 354, 0, 0, 0
10274, 1, 1636468972845, 1636468973469, 624, 266, 358, 0, 0, 0
10275, 1, 1636468972920, 1636468973536, 616, 266, 350, 0, 1, 1
10276, 1, 1636468972949, 1636468973561, 612, 262, 350, 0, 0, 0
10277, 1, 1636468973004, 1636468973613, 609, 262, 347, 0, 1, 1
10278, 1, 1636468973009, 1636468973633, 624, 266, 358, 0, 1, 1
10279, 1, 1636468973052, 1636468973669, 617, 265, 352, 3, 0, 3
10280, 1, 1636468973094, 1636468973705, 611, 262, 349, 0, 0, 0
10281, 1, 1636468973123, 1636468973733, 610, 262, 348, 0, 0, 0
10282, 1, 1636468973272, 1636468973885, 613, 262, 351, 0, 0, 0
10283, 1, 1636468973278, 1636468973897, 619, 262, 357, 1, 0, 1
10285, 1, 1636468973298, 1636468973913, 615, 262, 353, 0, 0, 0
10284, 1, 1636468973289, 1636468973913, 624, 262, 362, 0, 0, 0
10286, 1, 1636468973326, 1636468973944, 618, 263, 355, 1, 0, 1
10287, 1, 1636468973447, 1636468974057, 610, 262, 348, 0, 0, 0
10288, 1, 1636468973473, 1636468974092, 619, 266, 353, 0, 0, 0
10289, 1, 1636468973479, 1636468974092, 613, 262, 351, 0, 0, 0
10290, 1, 1636468973483, 1636468974101, 618, 266, 352, 0, 0, 0
10291, 1, 1636468973492, 1636468974105, 613, 262, 351, 0, 0, 0
10292, 1, 1636468973503, 1636468974120, 617, 267, 350, 1, 0, 1
10293, 1, 1636468973559, 1636468974172, 613, 266, 347, 0, 0, 0
10294, 1, 1636468973629, 1636468974245, 616, 266, 350, 0, 0, 0
10295, 1, 1636468973724, 1636468974345, 621, 267, 354, 0, 1, 1
10296, 1, 1636468973735, 1636468974353, 618, 266, 352, 0, 0, 0
10297, 1, 1636468973803, 1636468974413, 610, 266, 344, 0, 0, 0
10298, 1, 1636468973808, 1636468974421, 613, 267, 346, 2, 1, 3
10299, 1, 1636468973854, 1636468974465, 611, 263, 348, 0, 1, 1
10301, 1, 1636468973916, 1636468974529, 613, 266, 347, 0, 1, 1
10303, 1, 1636468974081, 1636468974688, 607, 262, 345, 0, 0, 0
10302, 1, 1636468974075, 1636468974692, 617, 266, 351, 0, 0, 0
10300, 1, 1636468973894, 1636468974701, 807, 458, 349, 0, 0, 0
10304, 1, 1636468974092, 1636468974704, 612, 263, 349, 0, 0, 0
10305, 1, 1636468974114, 1636468974733, 619, 262, 357, 0, 0, 0
10306, 1, 1636468974126, 1636468974737, 611, 262, 349, 0, 0, 0
10307, 1, 1636468974249, 1636468974864, 615, 266, 349, 0, 1, 1
10308, 1, 1636468974271, 1636468974885, 614, 264, 350, 1, 1, 2
10311, 1, 1636468974287, 1636468974897, 610, 258, 352, 0, 0, 0
10309, 1, 1636468974280, 1636468974897, 617, 263, 354, 1, 0, 1
10312, 1, 1636468974292, 1636468974905, 613, 267, 346, 1, 0, 1
10314, 1, 1636468974437, 1636468975053, 616, 262, 354, 1, 0, 1
10310, 1, 1636468974283, 1636468975053, 770, 418, 352, 0, 1, 1
10313, 1, 1636468974363, 1636468975057, 694, 346, 348, 0, 0, 0
10315, 1, 1636468974509, 1636468975125, 616, 266, 350, 0, 0, 0
10316, 1, 1636468974523, 1636468975137, 614, 265, 349, 0, 1, 1
10317, 1, 1636468974599, 1636468975209, 610, 262, 348, 0, 0, 0
10318, 1, 1636468974616, 1636468975229, 613, 266, 347, 0, 0, 0
10319, 1, 1636468974650, 1636468975264, 614, 270, 344, 0, 0, 0
10321, 1, 1636468974724, 1636468975332, 608, 267, 341, 0, 0, 0
10320, 1, 1636468974702, 1636468975365, 663, 263, 400, 0, 1, 1
10323, 1, 1636468974864, 1636468975477, 613, 263, 350, 2, 0, 2
10322, 1, 1636468974862, 1636468975477, 615, 261, 354, 0, 0, 0
10324, 1, 1636468974879, 1636468975492, 613, 262, 351, 0, 0, 0
10325, 1, 1636468974914, 1636468975532, 618, 270, 348, 0, 0, 0
10326, 1, 1636468974941, 1636468975553, 612, 262, 350, 0, 0, 0
10328, 1, 1636468975064, 1636468975677, 613, 267, 346, 1, 0, 1
10327, 1, 1636468975057, 1636468975681, 624, 269, 355, 0, 0, 0
10329, 1, 1636468975073, 1636468975697, 624, 270, 354, 0, 0, 0
10330, 1, 1636468975084, 1636468975697, 613, 266, 347, 0, 0, 0
10332, 1, 1636468975091, 1636468975705, 614, 266, 348, 0, 1, 1
10331, 1, 1636468975084, 1636468975741, 657, 263, 394, 0, 1, 1
10333, 1, 1636468975170, 1636468975784, 614, 262, 352, 0, 0, 0
10334, 1, 1636468975233, 1636468975853, 620, 266, 354, 1, 0, 1
10335, 1, 1636468975311, 1636468975924, 613, 266, 347, 0, 0, 0
10336, 1, 1636468975333, 1636468975944, 611, 262, 349, 0, 0, 0
10337, 1, 1636468975395, 1636468976016, 621, 270, 351, 0, 0, 0
10338, 1, 1636468975403, 1636468976017, 614, 266, 348, 0, 0, 0
10339, 1, 1636468975435, 1636468976041, 606, 263, 343, 1, 0, 1
10340, 1, 1636468975491, 1636468976102, 611, 266, 345, 0, 0, 0
10341, 1, 1636468975513, 1636468976128, 615, 266, 349, 0, 0, 0
10342, 1, 1636468975659, 1636468976277, 618, 264, 354, 2, 0, 2
10343, 1, 1636468975677, 1636468976293, 616, 262, 354, 0, 0, 0
10344, 1, 1636468975683, 1636468976293, 610, 262, 348, 0, 1, 1
10345, 1, 1636468975706, 1636468976325, 619, 266, 353, 0, 0, 0
10346, 1, 1636468975729, 1636468976337, 608, 263, 345, 0, 0, 0
10347, 1, 1636468975847, 1636468976469, 622, 267, 355, 1, 0, 1
10348, 1, 1636468975858, 1636468976477, 619, 266, 353, 0, 0, 0
10349, 1, 1636468975864, 1636468976481, 617, 262, 355, 0, 1, 1
10350, 1, 1636468975869, 1636468976481, 612, 261, 351, 0, 0, 0
10351, 1, 1636468975877, 1636468976493, 616, 262, 354, 0, 0, 0
10352, 1, 1636468975890, 1636468976501, 611, 262, 349, 1, 0, 1
10353, 1, 1636468975956, 1636468976577, 621, 262, 359, 0, 1, 1
10355, 1, 1636468976126, 1636468976745, 619, 270, 349, 0, 0, 0
10356, 1, 1636468976134, 1636468976757, 623, 266, 357, 0, 0, 0
10357, 1, 1636468976184, 1636468976805, 621, 270, 351, 0, 0, 0
10354, 1, 1636468976019, 1636468976833, 814, 462, 352, 0, 0, 0
10358, 1, 1636468976217, 1636468976833, 616, 270, 346, 1, 0, 1
10359, 1, 1636468976253, 1636468976861, 608, 262, 346, 0, 0, 0
10360, 1, 1636468976276, 1636468976889, 613, 267, 346, 0, 0, 0
10361, 1, 1636468976321, 1636468976941, 620, 273, 347, 2, 1, 3
10362, 1, 1636468976452, 1636468977068, 616, 264, 352, 2, 1, 3
10363, 1, 1636468976470, 1636468977093, 623, 270, 353, 0, 1, 1
10364, 1, 1636468976477, 1636468977093, 616, 262, 354, 0, 0, 0
10366, 1, 1636468976543, 1636468977149, 606, 263, 343, 0, 1, 1
10365, 1, 1636468976489, 1636468977176, 687, 334, 353, 2, 1, 3
10368, 1, 1636468976647, 1636468977261, 614, 267, 347, 0, 1, 1
10367, 1, 1636468976644, 1636468977264, 620, 267, 353, 1, 1, 2
10369, 1, 1636468976678, 1636468977288, 610, 262, 348, 0, 0, 0
10370, 1, 1636468976683, 1636468977297, 614, 262, 352, 0, 0, 0
10371, 1, 1636468976688, 1636468977305, 617, 262, 355, 0, 0, 0
10372, 1, 1636468976692, 1636468977313, 621, 263, 358, 1, 0, 1
10373, 1, 1636468976746, 1636468977352, 606, 258, 348, 0, 1, 1
10374, 1, 1636468976835, 1636468977497, 662, 270, 392, 0, 0, 0
10375, 1, 1636468976909, 1636468977521, 612, 262, 350, 0, 0, 0
10376, 1, 1636468976937, 1636468977549, 612, 262, 350, 1, 0, 1
10377, 1, 1636468976988, 1636468977600, 612, 262, 350, 0, 0, 0
10378, 1, 1636468977017, 1636468977629, 612, 262, 350, 0, 1, 1
10379, 1, 1636468977068, 1636468977685, 617, 262, 355, 0, 0, 0
10380, 1, 1636468977085, 1636468977701, 616, 266, 350, 0, 0, 0
10381, 1, 1636468977125, 1636468977732, 607, 264, 343, 0, 1, 1
10382, 1, 1636468977238, 1636468977845, 607, 262, 345, 0, 0, 0
10383, 1, 1636468977269, 1636468977877, 608, 263, 345, 0, 0, 0
10384, 1, 1636468977276, 1636468977893, 617, 263, 354, 0, 1, 1
10385, 1, 1636468977294, 1636468977905, 611, 262, 349, 0, 0, 0
10386, 1, 1636468977339, 1636468977948, 609, 264, 345, 0, 1, 1
10387, 1, 1636468977432, 1636468978036, 604, 262, 342, 0, 0, 0
10388, 1, 1636468977455, 1636468978077, 622, 267, 355, 1, 0, 1
10389, 1, 1636468977465, 1636468978080, 615, 266, 349, 0, 0, 0
10390, 1, 1636468977483, 1636468978093, 610, 262, 348, 0, 0, 0
10391, 1, 1636468977497, 1636468978105, 608, 263, 345, 0, 1, 1
10392, 1, 1636468977501, 1636468978117, 616, 263, 353, 1, 0, 1
10393, 1, 1636468977564, 1636468978177, 613, 262, 351, 0, 0, 0
10394, 1, 1636468977638, 1636468978253, 615, 266, 349, 0, 0, 0
10395, 1, 1636468977693, 1636468978305, 612, 262, 350, 0, 0, 0
10396, 1, 1636468977726, 1636468978340, 614, 266, 348, 0, 1, 1
10397, 1, 1636468977772, 1636468978393, 621, 263, 358, 1, 1, 2
10398, 1, 1636468977809, 1636468978424, 615, 262, 353, 0, 0, 0
10400, 1, 1636468977874, 1636468978485, 611, 258, 353, 1, 0, 1
10399, 1, 1636468977870, 1636468978489, 619, 262, 357, 0, 0, 0
10401, 1, 1636468977943, 1636468978557, 614, 263, 351, 1, 0, 1
10402, 1, 1636468978051, 1636468978661, 610, 266, 344, 0, 0, 0
10403, 1, 1636468978066, 1636468978689, 623, 266, 357, 0, 1, 1
10404, 1, 1636468978077, 1636468978689, 612, 262, 350, 0, 1, 1
10406, 1, 1636468978144, 1636468978757, 613, 263, 350, 0, 1, 1
10407, 1, 1636468978222, 1636468978845, 623, 267, 356, 0, 0, 0
10408, 1, 1636468978260, 1636468978873, 613, 262, 351, 0, 0, 0
10409, 1, 1636468978268, 1636468978893, 625, 265, 360, 0, 0, 0
10411, 1, 1636468978285, 1636468978901, 616, 262, 354, 1, 1, 2
10412, 1, 1636468978290, 1636468978909, 619, 270, 349, 0, 1, 1
10410, 1, 1636468978284, 1636468978909, 625, 266, 359, 2, 0, 2
10413, 1, 1636468978360, 1636468978972, 612, 263, 349, 0, 0, 0
10405, 1, 1636468978094, 1636468979040, 946, 590, 356, 2, 0, 2
10414, 1, 1636468978422, 1636468979041, 619, 266, 353, 1, 0, 1
10415, 1, 1636468978488, 1636468979105, 617, 262, 355, 0, 1, 1
10416, 1, 1636468978531, 1636468979145, 614, 262, 352, 0, 0, 0
10417, 1, 1636468978587, 1636468979205, 618, 266, 352, 0, 0, 0
10419, 1, 1636468978668, 1636468979281, 613, 262, 351, 0, 0, 0
10420, 1, 1636468978682, 1636468979293, 611, 266, 345, 0, 0, 0
10421, 1, 1636468978745, 1636468979356, 611, 263, 348, 0, 0, 0
10418, 1, 1636468978596, 1636468979389, 793, 438, 355, 1, 0, 1
10422, 1, 1636468978840, 1636468979457, 617, 262, 355, 0, 1, 1
10423, 1, 1636468978869, 1636468979480, 611, 262, 349, 0, 2, 2
10424, 1, 1636468978882, 1636468979497, 615, 262, 353, 0, 0, 0
10425, 1, 1636468978942, 1636468979548, 606, 262, 344, 0, 1, 1
10426, 1, 1636468979007, 1636468979612, 605, 263, 342, 0, 1, 1
10429, 1, 1636468979070, 1636468979681, 611, 263, 348, 1, 1, 2
10430, 1, 1636468979071, 1636468979681, 610, 263, 347, 0, 1, 1
10428, 1, 1636468979063, 1636468979681, 618, 270, 348, 0, 0, 0
10431, 1, 1636468979077, 1636468979684, 607, 262, 345, 0, 0, 0
10427, 1, 1636468979042, 1636468979697, 655, 263, 392, 0, 1, 1
10432, 1, 1636468979087, 1636468979701, 614, 263, 351, 0, 0, 0
10433, 1, 1636468979145, 1636468979752, 607, 262, 345, 0, 0, 0
10434, 1, 1636468979227, 1636468979832, 605, 262, 343, 0, 0, 0
10435, 1, 1636468979281, 1636468979889, 608, 263, 345, 1, 0, 1
10437, 1, 1636468979390, 1636468980005, 615, 262, 353, 0, 0, 0
10436, 1, 1636468979314, 1636468980033, 719, 363, 356, 0, 1, 1
10438, 1, 1636468979396, 1636468980048, 652, 262, 390, 0, 0, 0
10439, 1, 1636468979468, 1636468980085, 617, 266, 351, 0, 0, 0
10440, 1, 1636468979496, 1636468980113, 617, 266, 351, 0, 0, 0
10441, 1, 1636468979648, 1636468980261, 613, 266, 347, 0, 0, 0
10442, 1, 1636468979655, 1636468980265, 610, 268, 342, 1, 2, 3
10444, 1, 1636468979747, 1636468980353, 606, 263, 343, 0, 2, 2
10446, 1, 1636468979829, 1636468980441, 612, 266, 346, 1, 1, 2
10447, 1, 1636468979866, 1636468980473, 607, 262, 345, 0, 0, 0
10448, 1, 1636468979868, 1636468980476, 608, 264, 344, 2, 1, 3
10450, 1, 1636468979884, 1636468980488, 604, 258, 346, 1, 0, 1
10449, 1, 1636468979879, 1636468980489, 610, 262, 348, 1, 0, 1
10451, 1, 1636468979899, 1636468980509, 610, 262, 348, 0, 0, 0
10452, 1, 1636468979963, 1636468980573, 610, 263, 347, 0, 1, 1
10445, 1, 1636468979820, 1636468980605, 785, 433, 352, 0, 1, 1
10443, 1, 1636468979682, 1636468980612, 930, 582, 348, 0, 1, 1
10453, 1, 1636468980033, 1636468980644, 611, 262, 349, 0, 0, 0
10454, 1, 1636468980073, 1636468980685, 612, 262, 350, 0, 0, 0
10455, 1, 1636468980120, 1636468980729, 609, 262, 347, 0, 0, 0
10456, 1, 1636468980176, 1636468980789, 613, 262, 351, 0, 1, 1
10457, 1, 1636468980193, 1636468980805, 612, 262, 350, 0, 0, 0
10458, 1, 1636468980266, 1636468980877, 611, 266, 345, 1, 0, 1
10459, 1, 1636468980462, 1636468981077, 615, 270, 345, 1, 0, 1
10460, 1, 1636468980466, 1636468981077, 611, 262, 349, 0, 1, 1
10461, 1, 1636468980553, 1636468981165, 612, 262, 350, 0, 0, 0
10463, 1, 1636468980614, 1636468981225, 611, 261, 350, 0, 0, 0
10465, 1, 1636468980656, 1636468981265, 609, 262, 347, 1, 1, 2
10462, 1, 1636468980614, 1636468981273, 659, 268, 391, 0, 1, 1
10464, 1, 1636468980620, 1636468981273, 653, 264, 389, 0, 2, 2
10466, 1, 1636468980679, 1636468981289, 610, 262, 348, 0, 0, 0
10467, 1, 1636468980686, 1636468981293, 607, 265, 342, 3, 0, 3
10468, 1, 1636468980712, 1636468981321, 609, 262, 347, 0, 0, 0
10469, 1, 1636468980768, 1636468981377, 609, 262, 347, 0, 0, 0
10470, 1, 1636468980820, 1636468981433, 613, 262, 351, 0, 0, 0
10471, 1, 1636468980882, 1636468981489, 607, 262, 345, 0, 0, 0
10472, 1, 1636468980918, 1636468981529, 611, 262, 349, 0, 0, 0
10473, 1, 1636468980971, 1636468981581, 610, 262, 348, 0, 0, 0
10474, 1, 1636468980989, 1636468981617, 628, 282, 346, 0, 0, 0
10475, 1, 1636468981061, 1636468981664, 603, 258, 345, 1, 0, 1
10476, 1, 1636468981267, 1636468981880, 613, 262, 351, 0, 1, 1
10477, 1, 1636468981336, 1636468981944, 608, 263, 345, 1, 1, 2
10478, 1, 1636468981401, 1636468982021, 620, 270, 350, 0, 0, 0
10479, 1, 1636468981423, 1636468982029, 606, 262, 344, 0, 0, 0
10481, 1, 1636468981449, 1636468982057, 608, 262, 346, 0, 1, 1
10482, 1, 1636468981470, 1636468982081, 611, 266, 345, 0, 0, 0
10483, 1, 1636468981485, 1636468982093, 608, 263, 345, 0, 2, 2
10484, 1, 1636468981500, 1636468982109, 609, 262, 347, 0, 1, 1
10485, 1, 1636468981574, 1636468982193, 619, 271, 348, 1, 0, 1
10486, 1, 1636468981615, 1636468982229, 614, 267, 347, 1, 0, 1
10487, 1, 1636468981670, 1636468982284, 614, 262, 352, 0, 0, 0
10488, 1, 1636468981720, 1636468982328, 608, 262, 346, 0, 0, 0
10480, 1, 1636468981424, 1636468982376, 952, 606, 346, 0, 0, 0
10489, 1, 1636468981773, 1636468982380, 607, 262, 345, 0, 0, 0
10490, 1, 1636468981788, 1636468982396, 608, 262, 346, 0, 0, 0
10491, 1, 1636468981855, 1636468982457, 602, 259, 343, 0, 0, 0
10492, 1, 1636468982073, 1636468982688, 615, 262, 353, 0, 1, 1
10493, 1, 1636468982117, 1636468982733, 616, 263, 353, 1, 2, 3
10494, 1, 1636468982186, 1636468982793, 607, 263, 344, 0, 0, 0
10495, 1, 1636468982212, 1636468982833, 621, 262, 359, 1, 0, 1
10496, 1, 1636468982256, 1636468982865, 609, 263, 346, 0, 0, 0
10497, 1, 1636468982263, 1636468982873, 610, 262, 348, 0, 0, 0
10498, 1, 1636468982290, 1636468982908, 618, 266, 352, 0, 2, 2
10499, 1, 1636468982372, 1636468982989, 617, 262, 355, 1, 0, 1
10501, 1, 1636468982417, 1636468983029, 612, 263, 349, 1, 0, 1
10500, 1, 1636468982378, 1636468983037, 659, 266, 393, 0, 0, 0
10503, 1, 1636468982526, 1636468983141, 615, 270, 345, 0, 0, 0
10504, 1, 1636468982555, 1636468983164, 609, 262, 347, 0, 0, 0
10505, 1, 1636468982580, 1636468983193, 613, 262, 351, 0, 0, 0
10502, 1, 1636468982478, 1636468983213, 735, 390, 345, 0, 0, 0
10506, 1, 1636468982871, 1636468983477, 606, 262, 344, 0, 0, 0
10507, 1, 1636468982913, 1636468983537, 624, 273, 351, 2, 1, 3
10508, 1, 1636468982999, 1636468983612, 613, 266, 347, 0, 0, 0
10510, 1, 1636468983052, 1636468983669, 617, 262, 355, 1, 0, 1
10511, 1, 1636468983066, 1636468983677, 611, 262, 349, 0, 0, 0
10512, 1, 1636468983088, 1636468983697, 609, 262, 347, 0, 0, 0
10513, 1, 1636468983172, 1636468983781, 609, 262, 347, 0, 0, 0
10514, 1, 1636468983213, 1636468983821, 608, 262, 346, 0, 0, 0
10515, 1, 1636468983280, 1636468983897, 617, 262, 355, 0, 0, 0
10516, 1, 1636468983310, 1636468983933, 623, 270, 353, 0, 0, 0
10517, 1, 1636468983340, 1636468983969, 629, 270, 359, 0, 0, 0
10509, 1, 1636468983012, 1636468983969, 957, 598, 359, 0, 0, 0
10519, 1, 1636468983690, 1636468984309, 619, 266, 353, 0, 0, 0
10518, 1, 1636468983388, 1636468984313, 925, 578, 347, 2, 0, 2
10520, 1, 1636468983711, 1636468984325, 614, 262, 352, 0, 0, 0
10521, 1, 1636468983788, 1636468984401, 613, 262, 351, 2, 0, 2
10523, 1, 1636468983866, 1636468984481, 615, 262, 353, 2, 0, 2
10524, 1, 1636468983960, 1636468984568, 608, 258, 350, 1, 0, 1
10526, 1, 1636468984011, 1636468984621, 610, 262, 348, 0, 1, 1
10525, 1, 1636468983971, 1636468984621, 650, 262, 388, 0, 3, 3
10522, 1, 1636468983860, 1636468984661, 801, 450, 351, 0, 0, 0
10527, 1, 1636468984096, 1636468984709, 613, 262, 351, 0, 0, 0
10528, 1, 1636468984105, 1636468984720, 615, 262, 353, 0, 1, 1
10529, 1, 1636468984145, 1636468984761, 616, 262, 354, 0, 0, 0
10530, 1, 1636468984314, 1636468984973, 659, 263, 396, 0, 1, 1
10531, 1, 1636468984497, 1636468985109, 612, 263, 349, 1, 1, 2
10532, 1, 1636468984504, 1636468985117, 613, 262, 351, 0, 0, 0
10533, 1, 1636468984595, 1636468985213, 618, 266, 352, 0, 0, 0
10535, 1, 1636468984672, 1636468985281, 609, 262, 347, 1, 0, 1
10534, 1, 1636468984662, 1636468985321, 659, 266, 393, 0, 0, 0
10536, 1, 1636468984743, 1636468985357, 614, 262, 352, 0, 0, 0
10537, 1, 1636468984812, 1636468985429, 617, 266, 351, 1, 1, 2
10539, 1, 1636468984901, 1636468985513, 612, 263, 349, 1, 1, 2
10538, 1, 1636468984897, 1636468985513, 616, 263, 353, 2, 0, 2
10540, 1, 1636468984950, 1636468985561, 611, 262, 349, 0, 0, 0
10541, 1, 1636468985115, 1636468985737, 622, 266, 356, 0, 0, 0
10542, 1, 1636468985288, 1636468985897, 609, 263, 346, 0, 0, 0
10543, 1, 1636468985305, 1636468985921, 616, 266, 350, 0, 0, 0
10544, 1, 1636468985410, 1636468986025, 615, 263, 352, 1, 0, 1
10545, 1, 1636468985453, 1636468986069, 616, 263, 353, 1, 0, 1
10546, 1, 1636468985454, 1636468986069, 615, 263, 352, 1, 0, 1
10547, 1, 1636468985532, 1636468986149, 617, 266, 351, 0, 1, 1
10548, 1, 1636468985617, 1636468986225, 608, 262, 346, 0, 1, 1
10549, 1, 1636468985694, 1636468986301, 607, 263, 344, 0, 0, 0
10550, 1, 1636468985752, 1636468986360, 608, 262, 346, 0, 0, 0
10551, 1, 1636468985909, 1636468986521, 612, 262, 350, 0, 0, 0
10552, 1, 1636468986078, 1636468986701, 623, 266, 357, 0, 0, 0
10553, 1, 1636468986094, 1636468986701, 607, 263, 344, 0, 1, 1
10554, 1, 1636468986226, 1636468986841, 615, 262, 353, 0, 0, 0
10556, 1, 1636468986266, 1636468986877, 611, 263, 348, 3, 0, 3
10555, 1, 1636468986264, 1636468986877, 613, 262, 351, 1, 0, 1
10557, 1, 1636468986326, 1636468986937, 611, 262, 349, 0, 0, 0
10558, 1, 1636468986424, 1636468987037, 613, 262, 351, 0, 0, 0
10559, 1, 1636468986486, 1636468987097, 611, 263, 348, 0, 0, 0
10560, 1, 1636468986544, 1636468987165, 621, 266, 355, 0, 0, 0
10561, 1, 1636468986867, 1636468987481, 614, 262, 352, 0, 0, 0
10562, 1, 1636468986904, 1636468987521, 617, 266, 351, 0, 0, 0
10563, 1, 1636468987027, 1636468987637, 610, 262, 348, 0, 0, 0
10564, 1, 1636468987078, 1636468987693, 615, 266, 349, 1, 1, 2
10565, 1, 1636468987121, 1636468987733, 612, 262, 350, 0, 1, 1
10566, 1, 1636468987223, 1636468987833, 610, 262, 348, 0, 0, 0
10567, 1, 1636468987295, 1636468987908, 613, 262, 351, 1, 0, 1
10568, 1, 1636468987339, 1636468987949, 610, 263, 347, 0, 1, 1
10569, 1, 1636468987684, 1636468988293, 609, 262, 347, 0, 0, 0
10570, 1, 1636468987718, 1636468988333, 615, 266, 349, 0, 0, 0
10571, 1, 1636468987861, 1636468988473, 612, 262, 350, 1, 0, 1
10572, 1, 1636468987913, 1636468988529, 616, 267, 349, 1, 1, 2
10573, 1, 1636468988007, 1636468988625, 618, 262, 356, 0, 0, 0
10574, 1, 1636468988084, 1636468988701, 617, 262, 355, 0, 0, 0
10575, 1, 1636468988138, 1636468988753, 615, 266, 349, 0, 0, 0
10576, 1, 1636468988482, 1636468989093, 611, 262, 349, 0, 0, 0
10577, 1, 1636468988534, 1636468989145, 611, 262, 349, 0, 0, 0
10578, 1, 1636468988659, 1636468989269, 610, 262, 348, 0, 0, 0
10579, 1, 1636468988724, 1636468989337, 613, 262, 351, 0, 0, 0
10580, 1, 1636468988806, 1636468989417, 611, 266, 345, 0, 0, 0
10581, 1, 1636468988891, 1636468989508, 617, 266, 351, 0, 0, 0
10582, 1, 1636468988932, 1636468989545, 613, 262, 351, 0, 0, 0
10583, 1, 1636468989335, 1636468989945, 610, 262, 348, 0, 0, 0
10584, 1, 1636468989457, 1636468990065, 608, 262, 346, 0, 1, 1
10586, 1, 1636468989602, 1636468990212, 610, 262, 348, 0, 1, 1
10585, 1, 1636468989538, 1636468990292, 754, 406, 348, 0, 0, 0
10587, 1, 1636468989706, 1636468990313, 607, 262, 345, 0, 0, 0
10588, 1, 1636468989722, 1636468990333, 611, 262, 349, 0, 0, 0
10589, 1, 1636468990336, 1636468990989, 653, 263, 390, 0, 1, 1
10590, 1, 1636468990391, 1636468991001, 610, 263, 347, 0, 0, 0
10591, 1, 1636468990515, 1636468991125, 610, 262, 348, 0, 0, 0
10592, 1, 1636468990524, 1636468991137, 613, 262, 351, 0, 0, 0
10593, 1, 1636468991185, 1636468991797, 612, 262, 350, 0, 0, 0
10594, 1, 1636468991310, 1636468991921, 611, 262, 349, 0, 0, 0
10595, 1, 1636468991326, 1636468991941, 615, 266, 349, 0, 0, 0
10596, 1, 1636468991981, 1636468992593, 612, 262, 350, 0, 0, 0
10597, 1, 1636468992102, 1636468992713, 611, 262, 349, 0, 0, 0
10598, 1, 1636468992773, 1636468993385, 612, 266, 346, 0, 0, 0
10599, 1, 1636468992913, 1636468993520, 607, 262, 345, 0, 0, 0
10600, 1, 1636468993585, 1636468994201, 616, 262, 354, 0, 1, 1
10601, 1, 1636469071837, 1636469072448, 611, 262, 349, 0, 0, 0
10602, 1, 1636469072311, 1636469072921, 610, 262, 348, 0, 0, 0
10603, 1, 1636469072501, 1636469073117, 616, 266, 350, 0, 0, 0
10604, 1, 1636469072974, 1636469073585, 611, 262, 349, 0, 0, 0
10605, 1, 1636469073111, 1636469073721, 610, 262, 348, 0, 0, 0
10606, 1, 1636469073168, 1636469073785, 617, 262, 355, 0, 0, 0
10607, 1, 1636469073640, 1636469074257, 617, 262, 355, 0, 0, 0
10608, 1, 1636469073672, 1636469074284, 612, 266, 346, 0, 0, 0
10609, 1, 1636469073775, 1636469074389, 614, 266, 348, 0, 0, 0
10610, 1, 1636469073834, 1636469074444, 610, 266, 344, 0, 0, 0
10611, 1, 1636469074306, 1636469074913, 607, 263, 344, 0, 1, 1
10612, 1, 1636469074335, 1636469074945, 610, 263, 347, 0, 0, 0
10613, 1, 1636469074441, 1636469075049, 608, 262, 346, 0, 0, 0
10614, 1, 1636469074504, 1636469075116, 612, 262, 350, 0, 0, 0
10615, 1, 1636469074738, 1636469075345, 607, 262, 345, 0, 0, 0
10616, 1, 1636469074975, 1636469075585, 610, 262, 348, 0, 0, 0
10617, 1, 1636469075001, 1636469075609, 608, 262, 346, 0, 0, 0
10618, 1, 1636469075110, 1636469075721, 611, 262, 349, 0, 0, 0
10619, 1, 1636469075168, 1636469075777, 609, 263, 346, 1, 1, 2
10620, 1, 1636469075255, 1636469075861, 606, 262, 344, 0, 0, 0
10621, 1, 1636469075401, 1636469076017, 616, 262, 354, 0, 0, 0
10622, 1, 1636469075639, 1636469076253, 614, 262, 352, 0, 1, 1
10623, 1, 1636469075669, 1636469076276, 607, 262, 345, 0, 0, 0
10624, 1, 1636469075779, 1636469076381, 602, 258, 344, 0, 0, 0
10625, 1, 1636469075834, 1636469076441, 607, 263, 344, 1, 0, 1
10626, 1, 1636469075918, 1636469076525, 607, 262, 345, 0, 0, 0
10627, 1, 1636469076067, 1636469076673, 606, 262, 344, 0, 0, 0
10628, 1, 1636469076306, 1636469076913, 607, 264, 343, 0, 1, 1
10630, 1, 1636469076337, 1636469076945, 608, 262, 346, 0, 0, 0
10631, 1, 1636469076442, 1636469077053, 611, 262, 349, 0, 0, 0
10632, 1, 1636469076500, 1636469077112, 612, 262, 350, 0, 0, 0
10633, 1, 1636469076584, 1636469077197, 613, 262, 351, 0, 0, 0
10629, 1, 1636469076336, 1636469077260, 924, 575, 349, 1, 0, 1
10634, 1, 1636469076734, 1636469077345, 611, 262, 349, 0, 0, 0
10636, 1, 1636469076972, 1636469077589, 617, 262, 355, 0, 0, 0
10635, 1, 1636469076908, 1636469077605, 697, 350, 347, 0, 1, 1
10637, 1, 1636469077002, 1636469077609, 607, 262, 345, 0, 1, 1
10639, 1, 1636469077170, 1636469077781, 611, 263, 348, 0, 1, 1
10640, 1, 1636469077251, 1636469077861, 610, 262, 348, 0, 0, 0
10638, 1, 1636469077110, 1636469077949, 839, 495, 344, 1, 1, 2
10641, 1, 1636469077262, 1636469077953, 691, 302, 389, 0, 0, 0
10642, 1, 1636469077404, 1636469078016, 612, 262, 350, 0, 0, 0
10645, 1, 1636469077640, 1636469078248, 608, 262, 346, 0, 0, 0
10643, 1, 1636469077520, 1636469078297, 777, 426, 351, 0, 0, 0
10644, 1, 1636469077606, 1636469078300, 694, 303, 391, 0, 1, 1
10647, 1, 1636469077839, 1636469078449, 610, 267, 343, 0, 1, 1
10648, 1, 1636469077921, 1636469078533, 612, 267, 345, 0, 1, 1
10649, 1, 1636469077950, 1636469078605, 655, 262, 393, 0, 0, 0
10650, 1, 1636469077954, 1636469078605, 651, 258, 393, 0, 0, 0
10646, 1, 1636469077669, 1636469078641, 972, 626, 346, 0, 0, 0
10651, 1, 1636469078068, 1636469078681, 613, 266, 347, 0, 0, 0
10654, 1, 1636469078309, 1636469078925, 616, 270, 346, 0, 0, 0
10653, 1, 1636469078302, 1636469078953, 651, 262, 389, 0, 1, 1
10655, 1, 1636469078332, 1636469078993, 661, 306, 355, 0, 0, 0
10652, 1, 1636469078298, 1636469079028, 730, 339, 391, 0, 1, 1
10656, 1, 1636469078504, 1636469079117, 613, 262, 351, 0, 0, 0
10659, 1, 1636469078619, 1636469079277, 658, 262, 396, 0, 0, 0
10658, 1, 1636469078616, 1636469079285, 669, 267, 402, 0, 1, 1
10660, 1, 1636469078642, 1636469079309, 667, 267, 400, 0, 1, 1
10661, 1, 1636469078735, 1636469079337, 602, 259, 343, 1, 1, 2
10657, 1, 1636469078585, 1636469079376, 791, 442, 349, 0, 0, 0
10663, 1, 1636469078975, 1636469079589, 614, 263, 351, 0, 0, 0
10662, 1, 1636469078969, 1636469079633, 664, 267, 397, 1, 1, 2
10665, 1, 1636469079030, 1636469079684, 654, 263, 391, 0, 0, 0
10664, 1, 1636469078998, 1636469079721, 723, 330, 393, 0, 1, 1
10666, 1, 1636469079166, 1636469079785, 619, 271, 348, 0, 0, 0
10668, 1, 1636469079287, 1636469079941, 654, 264, 390, 1, 1, 2
10667, 1, 1636469079286, 1636469079941, 655, 263, 392, 1, 1, 2
10669, 1, 1636469079310, 1636469079956, 646, 258, 388, 0, 0, 0
10671, 1, 1636469079407, 1636469080021, 614, 262, 352, 0, 0, 0
10670, 1, 1636469079378, 1636469080037, 659, 263, 396, 0, 0, 0
10673, 1, 1636469079637, 1636469080237, 600, 254, 346, 0, 0, 0
10672, 1, 1636469079636, 1636469080285, 649, 262, 387, 0, 0, 0
10674, 1, 1636469079696, 1636469080353, 657, 262, 395, 0, 0, 0
10675, 1, 1636469079722, 1636469080377, 655, 262, 393, 0, 0, 0
10676, 1, 1636469079832, 1636469080453, 621, 262, 359, 0, 0, 0
10677, 1, 1636469079952, 1636469080605, 653, 264, 389, 1, 1, 2
10678, 1, 1636469079952, 1636469080608, 656, 267, 389, 0, 0, 0
10679, 1, 1636469079976, 1636469080629, 653, 262, 391, 0, 0, 0
10681, 1, 1636469080076, 1636469080685, 609, 258, 351, 0, 0, 0
10680, 1, 1636469080044, 1636469080705, 661, 267, 394, 1, 0, 1
10682, 1, 1636469080237, 1636469080849, 612, 262, 350, 0, 0, 0
10683, 1, 1636469080302, 1636469080912, 610, 267, 343, 0, 0, 0
10684, 1, 1636469080303, 1636469080957, 654, 263, 391, 0, 1, 1
10685, 1, 1636469080362, 1636469081013, 651, 262, 389, 0, 0, 0
10686, 1, 1636469080388, 1636469081041, 653, 263, 390, 1, 0, 1
10687, 1, 1636469080498, 1636469081105, 607, 263, 344, 0, 0, 0
10688, 1, 1636469080618, 1636469081269, 651, 259, 392, 0, 1, 1
10689, 1, 1636469080619, 1636469081273, 654, 263, 391, 0, 1, 1
10691, 1, 1636469080710, 1636469081361, 651, 262, 389, 0, 0, 0
10690, 1, 1636469080642, 1636469081453, 811, 422, 389, 1, 0, 1
10693, 1, 1636469080900, 1636469081517, 617, 262, 355, 0, 0, 0
10694, 1, 1636469080970, 1636469081625, 655, 263, 392, 1, 0, 1
10692, 1, 1636469080745, 1636469081625, 880, 526, 354, 1, 0, 1
10696, 1, 1636469081029, 1636469081689, 660, 266, 394, 0, 0, 0
10697, 1, 1636469081054, 1636469081709, 655, 266, 389, 0, 0, 0
10698, 1, 1636469081163, 1636469081772, 609, 266, 343, 0, 0, 0
10695, 1, 1636469080972, 1636469081801, 829, 484, 345, 2, 1, 3
10699, 1, 1636469081284, 1636469081937, 653, 262, 391, 0, 0, 0
10700, 1, 1636469081284, 1636469081937, 653, 259, 394, 1, 1, 2
10702, 1, 1636469081377, 1636469082029, 652, 263, 389, 0, 1, 1
10701, 1, 1636469081302, 1636469082052, 750, 407, 343, 0, 1, 1
10703, 1, 1636469081454, 1636469082109, 655, 266, 389, 0, 0, 0
10704, 1, 1636469081567, 1636469082172, 605, 262, 343, 0, 0, 0
10706, 1, 1636469081637, 1636469082289, 652, 262, 390, 0, 2, 2
10707, 1, 1636469081695, 1636469082349, 654, 262, 392, 0, 1, 1
10708, 1, 1636469081721, 1636469082373, 652, 262, 390, 0, 0, 0
10705, 1, 1636469081626, 1636469082377, 751, 368, 383, 1, 1, 2
10710, 1, 1636469081831, 1636469082437, 606, 263, 343, 1, 0, 1
10711, 1, 1636469081836, 1636469082445, 609, 262, 347, 0, 0, 0
10709, 1, 1636469081802, 1636469082452, 650, 262, 388, 0, 0, 0
10712, 1, 1636469081950, 1636469082609, 659, 267, 392, 1, 0, 1
10714, 1, 1636469082043, 1636469082697, 654, 262, 392, 0, 0, 0
10715, 1, 1636469082054, 1636469082705, 651, 262, 389, 0, 0, 0
10716, 1, 1636469082120, 1636469082777, 657, 262, 395, 0, 0, 0
10713, 1, 1636469081950, 1636469082789, 839, 451, 388, 0, 1, 1
10717, 1, 1636469082235, 1636469082841, 606, 262, 344, 0, 1, 1
10719, 1, 1636469082362, 1636469083012, 650, 262, 388, 0, 1, 1
10720, 1, 1636469082378, 1636469083029, 651, 263, 388, 0, 0, 0
10721, 1, 1636469082387, 1636469083045, 658, 266, 392, 0, 0, 0
10723, 1, 1636469082493, 1636469083109, 616, 262, 354, 1, 1, 2
10724, 1, 1636469082499, 1636469083112, 613, 262, 351, 0, 1, 1
10722, 1, 1636469082468, 1636469083125, 657, 266, 391, 0, 0, 0
10718, 1, 1636469082303, 1636469083136, 833, 442, 391, 0, 1, 1
10725, 1, 1636469082617, 1636469083273, 656, 263, 393, 0, 2, 2
10728, 1, 1636469082720, 1636469083369, 649, 262, 387, 0, 0, 0
10727, 1, 1636469082709, 1636469083369, 660, 266, 394, 0, 0, 0
10729, 1, 1636469082786, 1636469083440, 654, 263, 391, 0, 1, 1
10730, 1, 1636469082790, 1636469083445, 655, 262, 393, 0, 0, 0
10726, 1, 1636469082658, 1636469083489, 831, 478, 353, 0, 0, 0
10731, 1, 1636469082905, 1636469083513, 608, 262, 346, 0, 1, 1
10732, 1, 1636469083029, 1636469083689, 660, 263, 397, 0, 1, 1
10733, 1, 1636469083043, 1636469083701, 658, 262, 396, 0, 0, 0
10734, 1, 1636469083053, 1636469083705, 652, 262, 390, 0, 1, 1
10737, 1, 1636469083159, 1636469083773, 614, 266, 348, 0, 0, 0
10738, 1, 1636469083165, 1636469083776, 611, 266, 345, 0, 0, 0
10735, 1, 1636469083134, 1636469083793, 659, 267, 392, 0, 1, 1
10736, 1, 1636469083138, 1636469083800, 662, 266, 396, 0, 0, 0
10739, 1, 1636469083284, 1636469083941, 657, 264, 393, 0, 2, 2
10742, 1, 1636469083416, 1636469084029, 613, 267, 346, 1, 0, 1
10740, 1, 1636469083375, 1636469084033, 658, 271, 387, 0, 1, 1
10741, 1, 1636469083387, 1636469084053, 666, 270, 396, 0, 0, 0
10743, 1, 1636469083452, 1636469084105, 653, 263, 390, 0, 1, 1
10744, 1, 1636469083456, 1636469084117, 661, 270, 391, 0, 0, 0
10745, 1, 1636469083490, 1636469084141, 651, 262, 389, 1, 0, 1
10747, 1, 1636469083695, 1636469084348, 653, 262, 391, 0, 0, 0
10748, 1, 1636469083710, 1636469084361, 651, 268, 383, 0, 2, 2
10749, 1, 1636469083720, 1636469084373, 653, 262, 391, 0, 0, 0
10752, 1, 1636469083826, 1636469084441, 615, 268, 347, 0, 0, 0
10753, 1, 1636469083833, 1636469084441, 608, 262, 346, 0, 0, 0
10750, 1, 1636469083800, 1636469084460, 660, 268, 392, 0, 1, 1
10751, 1, 1636469083805, 1636469084461, 656, 263, 393, 1, 1, 2
10746, 1, 1636469083569, 1636469084489, 920, 571, 349, 0, 0, 0
10754, 1, 1636469083950, 1636469084604, 654, 262, 392, 0, 1, 1
10757, 1, 1636469084080, 1636469084693, 613, 262, 351, 0, 0, 0
10755, 1, 1636469084041, 1636469084709, 668, 266, 402, 0, 0, 0
10756, 1, 1636469084054, 1636469084721, 667, 277, 390, 1, 1, 2
10759, 1, 1636469084122, 1636469084776, 654, 265, 389, 1, 3, 4
10758, 1, 1636469084118, 1636469084781, 663, 266, 397, 0, 0, 0
10760, 1, 1636469084157, 1636469084805, 648, 261, 387, 0, 1, 1
10762, 1, 1636469084361, 1636469085013, 652, 262, 390, 0, 1, 1
10763, 1, 1636469084375, 1636469085033, 658, 267, 391, 1, 0, 1
10764, 1, 1636469084385, 1636469085041, 656, 262, 394, 1, 0, 1
10761, 1, 1636469084288, 1636469085073, 785, 434, 351, 0, 0, 0
10768, 1, 1636469084496, 1636469085101, 605, 262, 343, 0, 0, 0
10769, 1, 1636469084502, 1636469085113, 611, 262, 349, 0, 0, 0
10765, 1, 1636469084465, 1636469085117, 652, 264, 388, 0, 0, 0
10767, 1, 1636469084490, 1636469085141, 651, 262, 389, 0, 0, 0
10770, 1, 1636469084617, 1636469085273, 656, 266, 390, 0, 0, 0
10773, 1, 1636469084747, 1636469085357, 610, 263, 347, 0, 0, 0
10772, 1, 1636469084722, 1636469085380, 658, 266, 392, 0, 0, 0
10771, 1, 1636469084710, 1636469085385, 675, 282, 393, 0, 0, 0
10766, 1, 1636469084472, 1636469085389, 917, 530, 387, 0, 0, 0
10774, 1, 1636469084784, 1636469085437, 653, 266, 387, 0, 0, 0
10775, 1, 1636469084788, 1636469085437, 649, 262, 387, 0, 0, 0
10776, 1, 1636469084822, 1636469085477, 655, 266, 389, 0, 1, 1
10777, 1, 1636469085027, 1636469085680, 653, 263, 390, 0, 2, 2
10778, 1, 1636469085042, 1636469085705, 663, 262, 401, 0, 0, 0
10779, 1, 1636469085051, 1636469085721, 670, 266, 404, 0, 0, 0
10780, 1, 1636469085074, 1636469085745, 671, 263, 408, 1, 1, 2
10783, 1, 1636469085158, 1636469085769, 611, 262, 349, 1, 0, 1
10781, 1, 1636469085132, 1636469085780, 648, 262, 386, 0, 0, 0
10785, 1, 1636469085249, 1636469085864, 615, 262, 353, 0, 0, 0
10786, 1, 1636469085283, 1636469085953, 670, 266, 404, 0, 0, 0
10790, 1, 1636469085416, 1636469086025, 609, 262, 347, 0, 0, 0
10787, 1, 1636469085386, 1636469086052, 666, 271, 395, 0, 1, 1
10788, 1, 1636469085389, 1636469086052, 663, 267, 396, 1, 1, 2
10789, 1, 1636469085390, 1636469086068, 678, 286, 392, 0, 0, 0
10784, 1, 1636469085166, 1636469086089, 923, 574, 349, 0, 0, 0
10791, 1, 1636469085450, 1636469086100, 650, 262, 388, 0, 0, 0
10792, 1, 1636469085454, 1636469086121, 667, 270, 397, 0, 0, 0
10782, 1, 1636469085157, 1636469086128, 971, 583, 388, 1, 1, 2
10793, 1, 1636469085488, 1636469086204, 716, 331, 385, 1, 0, 1
10796, 1, 1636469085708, 1636469086361, 653, 263, 390, 1, 0, 1
10794, 1, 1636469085693, 1636469086361, 668, 270, 398, 0, 0, 0
10797, 1, 1636469085722, 1636469086376, 654, 266, 388, 0, 0, 0
10798, 1, 1636469085746, 1636469086405, 659, 271, 388, 0, 1, 1
10800, 1, 1636469085823, 1636469086444, 621, 268, 353, 1, 0, 1
10799, 1, 1636469085798, 1636469086456, 658, 258, 400, 0, 0, 0
10795, 1, 1636469085698, 1636469086549, 851, 506, 345, 0, 2, 2
10801, 1, 1636469085912, 1636469086569, 657, 262, 395, 0, 1, 1
10806, 1, 1636469086085, 1636469086697, 612, 262, 350, 0, 0, 0
10803, 1, 1636469086054, 1636469086709, 655, 263, 392, 1, 0, 1
10804, 1, 1636469086055, 1636469086709, 654, 263, 391, 2, 0, 2
10805, 1, 1636469086070, 1636469086725, 655, 262, 393, 1, 0, 1
10807, 1, 1636469086090, 1636469086749, 659, 271, 388, 1, 0, 1
10808, 1, 1636469086116, 1636469086773, 657, 267, 390, 0, 1, 1
10809, 1, 1636469086122, 1636469086776, 654, 267, 387, 0, 1, 1
10810, 1, 1636469086130, 1636469086789, 659, 266, 393, 0, 0, 0
10802, 1, 1636469085954, 1636469086797, 843, 451, 392, 1, 0, 1
10811, 1, 1636469086206, 1636469086860, 654, 262, 392, 0, 0, 0
10812, 1, 1636469086362, 1636469087024, 662, 267, 395, 0, 1, 1
10813, 1, 1636469086374, 1636469087032, 658, 266, 392, 0, 0, 0
10814, 1, 1636469086388, 1636469087049, 661, 266, 395, 0, 0, 0
10815, 1, 1636469086412, 1636469087065, 653, 263, 390, 0, 0, 0
10817, 1, 1636469086488, 1636469087105, 617, 262, 355, 0, 0, 0
10816, 1, 1636469086464, 1636469087125, 661, 266, 395, 0, 0, 0
10818, 1, 1636469086567, 1636469087217, 650, 266, 384, 0, 0, 0
10819, 1, 1636469086578, 1636469087228, 650, 262, 388, 1, 0, 1
10820, 1, 1636469086719, 1636469087377, 658, 269, 389, 3, 0, 3
10821, 1, 1636469086721, 1636469087377, 656, 267, 389, 0, 0, 0
10822, 1, 1636469086736, 1636469087401, 665, 274, 391, 1, 0, 1
10824, 1, 1636469086756, 1636469087417, 661, 270, 391, 0, 0, 0
10825, 1, 1636469086782, 1636469087449, 667, 270, 397, 0, 0, 0
10828, 1, 1636469086797, 1636469087449, 652, 268, 384, 2, 0, 2
10827, 1, 1636469086797, 1636469087461, 664, 272, 392, 0, 0, 0
10829, 1, 1636469086872, 1636469087533, 661, 271, 390, 1, 0, 1
10823, 1, 1636469086749, 1636469087561, 812, 465, 347, 0, 1, 1
10831, 1, 1636469087040, 1636469087693, 653, 262, 391, 0, 0, 0
10832, 1, 1636469087054, 1636469087708, 654, 266, 388, 0, 0, 0
10826, 1, 1636469086788, 1636469087725, 937, 546, 391, 0, 0, 0
10833, 1, 1636469087078, 1636469087737, 659, 262, 397, 0, 0, 0
10835, 1, 1636469087154, 1636469087769, 615, 262, 353, 0, 0, 0
10834, 1, 1636469087131, 1636469087781, 650, 262, 388, 0, 0, 0
10836, 1, 1636469087179, 1636469087797, 618, 262, 356, 0, 0, 0
10830, 1, 1636469087029, 1636469087813, 784, 391, 393, 0, 1, 1
10837, 1, 1636469087234, 1636469087893, 659, 262, 397, 0, 0, 0
10838, 1, 1636469087244, 1636469087909, 665, 262, 403, 0, 1, 1
10839, 1, 1636469087386, 1636469088040, 654, 263, 391, 0, 1, 1
10840, 1, 1636469087386, 1636469088049, 663, 272, 391, 1, 2, 3
10841, 1, 1636469087403, 1636469088069, 666, 266, 400, 1, 0, 1
10843, 1, 1636469087450, 1636469088113, 663, 264, 399, 1, 1, 2
10845, 1, 1636469087464, 1636469088113, 649, 263, 386, 2, 0, 2
10844, 1, 1636469087463, 1636469088117, 654, 263, 391, 1, 0, 1
10842, 1, 1636469087422, 1636469088141, 719, 331, 388, 0, 2, 2
10846, 1, 1636469087538, 1636469088188, 650, 262, 388, 0, 0, 0
10847, 1, 1636469087562, 1636469088212, 650, 262, 388, 0, 0, 0
10848, 1, 1636469087705, 1636469088365, 660, 266, 394, 0, 1, 1
10849, 1, 1636469087720, 1636469088377, 657, 266, 391, 0, 0, 0
10850, 1, 1636469087726, 1636469088385, 659, 271, 388, 0, 0, 0
10851, 1, 1636469087744, 1636469088404, 660, 268, 392, 0, 2, 2
10855, 1, 1636469087824, 1636469088433, 609, 263, 346, 1, 0, 1
10852, 1, 1636469087797, 1636469088453, 656, 263, 393, 1, 1, 2
10856, 1, 1636469087842, 1636469088457, 615, 263, 352, 3, 0, 3
10853, 1, 1636469087814, 1636469088473, 659, 262, 397, 0, 1, 1
10854, 1, 1636469087821, 1636469088485, 664, 318, 346, 1, 1, 2
10857, 1, 1636469087899, 1636469088549, 650, 266, 384, 1, 0, 1
10859, 1, 1636469088052, 1636469088709, 657, 268, 389, 3, 1, 4
10860, 1, 1636469088053, 1636469088709, 656, 263, 393, 0, 1, 1
10861, 1, 1636469088070, 1636469088733, 663, 266, 397, 1, 0, 1
10864, 1, 1636469088130, 1636469088781, 651, 263, 388, 0, 0, 0
10863, 1, 1636469088129, 1636469088785, 656, 262, 394, 0, 0, 0
10865, 1, 1636469088143, 1636469088805, 662, 262, 400, 0, 1, 1
10862, 1, 1636469088116, 1636469088817, 701, 315, 386, 0, 1, 1
10858, 1, 1636469087910, 1636469088837, 927, 534, 393, 0, 0, 0
10868, 1, 1636469088372, 1636469089025, 653, 262, 391, 0, 0, 0
10869, 1, 1636469088386, 1636469089040, 654, 268, 386, 1, 0, 1
10870, 1, 1636469088392, 1636469089044, 652, 267, 385, 0, 1, 1
10866, 1, 1636469088204, 1636469089052, 848, 458, 390, 0, 0, 0
10875, 1, 1636469088495, 1636469089101, 606, 263, 343, 0, 0, 0
10872, 1, 1636469088463, 1636469089129, 666, 263, 403, 1, 0, 1
10876, 1, 1636469088508, 1636469089129, 621, 263, 358, 0, 0, 0
10873, 1, 1636469088480, 1636469089133, 653, 262, 391, 0, 0, 0
10874, 1, 1636469088488, 1636469089136, 648, 263, 385, 0, 1, 1
10867, 1, 1636469088228, 1636469089157, 929, 538, 391, 0, 0, 0
10871, 1, 1636469088411, 1636469089184, 773, 386, 387, 0, 0, 0
10878, 1, 1636469088718, 1636469089368, 650, 263, 387, 1, 0, 1
10879, 1, 1636469088719, 1636469089369, 650, 263, 387, 0, 0, 0
10880, 1, 1636469088735, 1636469089393, 658, 262, 396, 0, 2, 2
10881, 1, 1636469088796, 1636469089445, 649, 263, 386, 1, 0, 1
10882, 1, 1636469088796, 1636469089453, 657, 263, 394, 0, 1, 1
10883, 1, 1636469088809, 1636469089456, 647, 258, 389, 0, 0, 0
10884, 1, 1636469088818, 1636469089477, 659, 267, 392, 0, 1, 1
10885, 1, 1636469088838, 1636469089501, 663, 270, 393, 0, 0, 0
10877, 1, 1636469088565, 1636469089528, 963, 574, 389, 0, 0, 0
10886, 1, 1636469089038, 1636469089684, 646, 263, 383, 0, 1, 1
10887, 1, 1636469089052, 1636469089701, 649, 263, 386, 2, 0, 2
10888, 1, 1636469089054, 1636469089721, 667, 279, 388, 2, 0, 2
10889, 1, 1636469089058, 1636469089721, 663, 271, 392, 0, 0, 0
10894, 1, 1636469089160, 1636469089769, 609, 262, 347, 0, 0, 0
10890, 1, 1636469089130, 1636469089785, 655, 263, 392, 0, 1, 1
10891, 1, 1636469089147, 1636469089797, 650, 262, 388, 0, 0, 0
10892, 1, 1636469089154, 1636469089805, 651, 263, 388, 1, 1, 2
10893, 1, 1636469089158, 1636469089813, 655, 262, 393, 0, 2, 2
10895, 1, 1636469089174, 1636469089853, 679, 332, 347, 2, 1, 3
10897, 1, 1636469089384, 1636469090036, 652, 262, 390, 0, 1, 1
10899, 1, 1636469089402, 1636469090057, 655, 262, 393, 0, 1, 1
10900, 1, 1636469089462, 1636469090121, 659, 263, 396, 1, 0, 1
10901, 1, 1636469089463, 1636469090121, 658, 267, 391, 2, 1, 3
10902, 1, 1636469089475, 1636469090133, 658, 266, 392, 0, 0, 0
10903, 1, 1636469089484, 1636469090149, 665, 262, 403, 0, 0, 0
10904, 1, 1636469089505, 1636469090168, 663, 271, 392, 0, 0, 0
10898, 1, 1636469089385, 1636469090172, 787, 390, 397, 0, 0, 0
10896, 1, 1636469089186, 1636469090209, 1023, 626, 397, 1, 0, 1
10906, 1, 1636469089704, 1636469090365, 661, 266, 395, 0, 0, 0
10907, 1, 1636469089718, 1636469090369, 651, 263, 388, 4, 0, 4
10908, 1, 1636469089722, 1636469090373, 651, 267, 384, 1, 0, 1
10909, 1, 1636469089724, 1636469090381, 657, 266, 391, 1, 0, 1
10914, 1, 1636469089827, 1636469090445, 618, 272, 346, 1, 1, 2
10910, 1, 1636469089796, 1636469090449, 653, 266, 387, 0, 1, 1
10911, 1, 1636469089813, 1636469090469, 656, 262, 394, 0, 0, 0
10912, 1, 1636469089821, 1636469090481, 660, 266, 394, 0, 0, 0
10913, 1, 1636469089825, 1636469090481, 656, 262, 394, 0, 0, 0
10915, 1, 1636469089855, 1636469090517, 662, 275, 387, 1, 2, 3
10905, 1, 1636469089530, 1636469090548, 1018, 634, 384, 0, 0, 0
10916, 1, 1636469090050, 1636469090717, 667, 266, 401, 0, 0, 0
10917, 1, 1636469090069, 1636469090721, 652, 262, 390, 0, 1, 1
10918, 1, 1636469090128, 1636469090772, 644, 263, 381, 0, 0, 0
10920, 1, 1636469090141, 1636469090797, 656, 262, 394, 0, 1, 1
10921, 1, 1636469090150, 1636469090801, 651, 262, 389, 0, 0, 0
10922, 1, 1636469090172, 1636469090817, 645, 258, 387, 0, 0, 0
10919, 1, 1636469090130, 1636469090817, 687, 294, 393, 0, 0, 0
10923, 1, 1636469090174, 1636469090825, 651, 258, 393, 0, 0, 0
10924, 1, 1636469090211, 1636469090861, 650, 262, 388, 0, 0, 0
10925, 1, 1636469090370, 1636469091017, 647, 263, 384, 1, 0, 1
10926, 1, 1636469090384, 1636469091037, 653, 262, 391, 0, 0, 0
10933, 1, 1636469090494, 1636469091109, 615, 263, 352, 0, 0, 0
10929, 1, 1636469090462, 1636469091129, 667, 266, 401, 0, 0, 0
10930, 1, 1636469090479, 1636469091137, 658, 266, 392, 0, 0, 0
10931, 1, 1636469090487, 1636469091144, 657, 267, 390, 0, 0, 0
10932, 1, 1636469090490, 1636469091144, 654, 263, 391, 0, 1, 1
10934, 1, 1636469090520, 1636469091173, 653, 262, 391, 0, 0, 0
10927, 1, 1636469090388, 1636469091173, 785, 394, 391, 1, 0, 1
10935, 1, 1636469090550, 1636469091204, 654, 267, 387, 0, 1, 1
10936, 1, 1636469090718, 1636469091381, 663, 272, 391, 1, 1, 2
10928, 1, 1636469090391, 1636469091389, 998, 606, 392, 1, 0, 1
10937, 1, 1636469090736, 1636469091401, 665, 266, 399, 0, 0, 0
10938, 1, 1636469090793, 1636469091461, 668, 270, 398, 0, 0, 0
10939, 1, 1636469090807, 1636469091465, 658, 266, 392, 0, 1, 1
10940, 1, 1636469090816, 1636469091477, 661, 268, 393, 3, 0, 3
10941, 1, 1636469090818, 1636469091477, 659, 271, 388, 1, 0, 1
10942, 1, 1636469090837, 1636469091497, 660, 267, 393, 1, 0, 1
10943, 1, 1636469090840, 1636469091497, 657, 263, 394, 2, 0, 2
10944, 1, 1636469090876, 1636469091525, 649, 263, 386, 0, 0, 0
10945, 1, 1636469091036, 1636469091688, 652, 264, 388, 0, 2, 2
10946, 1, 1636469091050, 1636469091704, 654, 268, 386, 1, 1, 2
10951, 1, 1636469091163, 1636469091773, 610, 263, 347, 0, 0, 0
10947, 1, 1636469091130, 1636469091788, 658, 262, 396, 0, 0, 0
10948, 1, 1636469091146, 1636469091797, 651, 262, 389, 0, 0, 0
10949, 1, 1636469091154, 1636469091809, 655, 263, 392, 2, 0, 2
10950, 1, 1636469091157, 1636469091809, 652, 263, 389, 1, 1, 2
10952, 1, 1636469091174, 1636469091821, 647, 262, 385, 0, 1, 1
10953, 1, 1636469091186, 1636469091840, 654, 270, 384, 0, 0, 0
10954, 1, 1636469091217, 1636469091869, 652, 263, 389, 0, 1, 1
10955, 1, 1636469091384, 1636469092037, 653, 263, 390, 0, 1, 1
10956, 1, 1636469091390, 1636469092049, 659, 267, 392, 2, 1, 3
10957, 1, 1636469091402, 1636469092056, 654, 262, 392, 0, 1, 1
10958, 1, 1636469091462, 1636469092117, 655, 262, 393, 1, 0, 1
10961, 1, 1636469091484, 1636469092133, 649, 262, 387, 0, 1, 1
10960, 1, 1636469091481, 1636469092133, 652, 263, 389, 2, 0, 2
10959, 1, 1636469091473, 1636469092133, 660, 266, 394, 0, 0, 0
10963, 1, 1636469091506, 1636469092157, 651, 265, 386, 1, 2, 3
10962, 1, 1636469091504, 1636469092157, 653, 262, 391, 0, 0, 0
10964, 1, 1636469091542, 1636469092197, 655, 262, 393, 0, 1, 1
10965, 1, 1636469091702, 1636469092361, 659, 268, 391, 1, 0, 1
10966, 1, 1636469091716, 1636469092381, 665, 278, 387, 1, 0, 1
10971, 1, 1636469091827, 1636469092433, 606, 264, 342, 2, 0, 2
10967, 1, 1636469091796, 1636469092449, 653, 267, 386, 0, 0, 0
10968, 1, 1636469091812, 1636469092461, 649, 262, 387, 0, 0, 0
10970, 1, 1636469091822, 1636469092472, 650, 258, 392, 2, 0, 2
10969, 1, 1636469091819, 1636469092472, 653, 261, 392, 1, 0, 1
10973, 1, 1636469091852, 1636469092509, 657, 266, 391, 0, 0, 0
10972, 1, 1636469091840, 1636469092513, 673, 279, 394, 3, 0, 3
10974, 1, 1636469091883, 1636469092548, 665, 272, 393, 0, 1, 1
10976, 1, 1636469092056, 1636469092708, 652, 263, 389, 0, 1, 1
10975, 1, 1636469092050, 1636469092708, 658, 263, 395, 1, 0, 1
10977, 1, 1636469092069, 1636469092721, 652, 263, 389, 0, 3, 3
10978, 1, 1636469092128, 1636469092785, 657, 264, 393, 0, 0, 0
10979, 1, 1636469092140, 1636469092793, 653, 262, 391, 0, 0, 0
10980, 1, 1636469092148, 1636469092809, 661, 263, 398, 3, 0, 3
10981, 1, 1636469092151, 1636469092809, 658, 263, 395, 2, 1, 3
10982, 1, 1636469092171, 1636469092820, 649, 263, 386, 0, 1, 1
10983, 1, 1636469092173, 1636469092828, 655, 263, 392, 1, 1, 2
10985, 1, 1636469092368, 1636469093025, 657, 266, 391, 0, 0, 0
10986, 1, 1636469092382, 1636469093037, 655, 266, 389, 0, 0, 0
10984, 1, 1636469092208, 1636469093061, 853, 459, 394, 0, 1, 1
10991, 1, 1636469092489, 1636469093105, 616, 266, 350, 0, 0, 0
10987, 1, 1636469092463, 1636469093124, 661, 267, 394, 1, 0, 1
10988, 1, 1636469092479, 1636469093137, 658, 263, 395, 0, 0, 0
10990, 1, 1636469092489, 1636469093144, 655, 263, 392, 1, 0, 1
10989, 1, 1636469092486, 1636469093144, 658, 263, 395, 2, 0, 2
10992, 1, 1636469092514, 1636469093165, 651, 262, 389, 0, 0, 0
10993, 1, 1636469092519, 1636469093173, 654, 263, 391, 1, 0, 1
10994, 1, 1636469092550, 1636469093213, 663, 263, 400, 0, 0, 0
10995, 1, 1636469092716, 1636469093369, 653, 266, 387, 0, 0, 0
10996, 1, 1636469092722, 1636469093381, 659, 268, 391, 0, 1, 1
10997, 1, 1636469092734, 1636469093393, 659, 272, 387, 0, 2, 2
10998, 1, 1636469092795, 1636469093449, 654, 267, 387, 0, 0, 0
10999, 1, 1636469092806, 1636469093457, 651, 263, 388, 0, 1, 1
11000, 1, 1636469092814, 1636469093485, 671, 270, 401, 0, 1, 1
11003, 1, 1636469092839, 1636469093493, 654, 263, 391, 0, 1, 1
11002, 1, 1636469092838, 1636469093496, 658, 265, 393, 0, 0, 0
11004, 1, 1636469093034, 1636469093689, 655, 262, 393, 0, 0, 0
11005, 1, 1636469093048, 1636469093717, 669, 271, 398, 1, 0, 1
11006, 1, 1636469093062, 1636469093721, 659, 262, 397, 1, 0, 1
11010, 1, 1636469093153, 1636469093765, 612, 263, 349, 1, 0, 1
11008, 1, 1636469093144, 1636469093792, 648, 262, 386, 0, 0, 0
11009, 1, 1636469093153, 1636469093805, 652, 262, 390, 1, 0, 1
11001, 1, 1636469092818, 1636469093805, 987, 593, 394, 0, 0, 0
11011, 1, 1636469093154, 1636469093808, 654, 262, 392, 0, 1, 1
11012, 1, 1636469093181, 1636469093837, 656, 270, 386, 0, 0, 0
11013, 1, 1636469093184, 1636469093845, 661, 270, 391, 0, 0, 0
11014, 1, 1636469093216, 1636469093872, 656, 266, 390, 0, 0, 0
11015, 1, 1636469093382, 1636469094033, 651, 262, 389, 0, 0, 0
11016, 1, 1636469093388, 1636469094037, 649, 262, 387, 0, 0, 0
11017, 1, 1636469093401, 1636469094057, 656, 262, 394, 0, 1, 1
11007, 1, 1636469093129, 1636469094065, 936, 541, 395, 0, 0, 0
11018, 1, 1636469093461, 1636469094113, 652, 263, 389, 1, 0, 1
11019, 1, 1636469093472, 1636469094129, 657, 262, 395, 0, 0, 0
11020, 1, 1636469093486, 1636469094140, 654, 263, 391, 1, 1, 2
11021, 1, 1636469093504, 1636469094152, 648, 262, 386, 0, 0, 0
11022, 1, 1636469093505, 1636469094165, 660, 267, 393, 0, 0, 0
11023, 1, 1636469093700, 1636469094349, 649, 262, 387, 0, 0, 0
11024, 1, 1636469093718, 1636469094377, 659, 263, 396, 2, 0, 2
11025, 1, 1636469093728, 1636469094380, 652, 266, 386, 0, 1, 1
11030, 1, 1636469093822, 1636469094433, 611, 263, 348, 1, 0, 1
11026, 1, 1636469093807, 1636469094465, 658, 266, 392, 2, 0, 2
11027, 1, 1636469093811, 1636469094468, 657, 270, 387, 0, 0, 0
11028, 1, 1636469093819, 1636469094476, 657, 271, 386, 2, 0, 2
11032, 1, 1636469093850, 1636469094500, 650, 262, 388, 0, 1, 1
11033, 1, 1636469093882, 1636469094533, 651, 262, 389, 0, 0, 0
11034, 1, 1636469094048, 1636469094708, 660, 262, 398, 0, 1, 1
11037, 1, 1636469094068, 1636469094721, 653, 266, 387, 1, 0, 1
11036, 1, 1636469094066, 1636469094729, 663, 267, 396, 1, 1, 2
11031, 1, 1636469093846, 1636469094785, 939, 547, 392, 0, 0, 0
11038, 1, 1636469094127, 1636469094788, 661, 263, 398, 0, 0, 0
11039, 1, 1636469094138, 1636469094801, 663, 262, 401, 0, 2, 2
11029, 1, 1636469093821, 1636469094813, 992, 603, 389, 2, 0, 2
11040, 1, 1636469094152, 1636469094813, 661, 267, 394, 1, 1, 2
11042, 1, 1636469094172, 1636469094821, 649, 262, 387, 0, 0, 0
11041, 1, 1636469094170, 1636469094829, 659, 266, 393, 0, 0, 0
11035, 1, 1636469094054, 1636469094885, 831, 430, 401, 0, 0, 0
11043, 1, 1636469094366, 1636469095013, 647, 262, 385, 0, 0, 0
11044, 1, 1636469094384, 1636469095049, 665, 267, 398, 1, 0, 1
11045, 1, 1636469094394, 1636469095060, 666, 266, 400, 0, 0, 0
11049, 1, 1636469094487, 1636469095105, 618, 272, 346, 2, 0, 2
11046, 1, 1636469094473, 1636469095133, 660, 270, 390, 1, 0, 1
11048, 1, 1636469094486, 1636469095149, 663, 267, 396, 0, 1, 1
11050, 1, 1636469094516, 1636469095180, 664, 279, 385, 0, 1, 1
11051, 1, 1636469094548, 1636469095205, 657, 262, 395, 0, 0, 0
11047, 1, 1636469094477, 1636469095225, 748, 359, 389, 0, 1, 1
11052, 1, 1636469094714, 1636469095364, 650, 262, 388, 0, 0, 0
11053, 1, 1636469094732, 1636469095385, 653, 267, 386, 1, 1, 2
11054, 1, 1636469094735, 1636469095393, 658, 271, 387, 1, 1, 2
11055, 1, 1636469094786, 1636469095437, 651, 262, 389, 0, 0, 0
11056, 1, 1636469094792, 1636469095448, 656, 263, 393, 1, 0, 1
11057, 1, 1636469094805, 1636469095465, 660, 262, 398, 0, 0, 0
11059, 1, 1636469094818, 1636469095481, 663, 267, 396, 3, 0, 3
11058, 1, 1636469094814, 1636469095481, 667, 274, 393, 2, 0, 2
11061, 1, 1636469094837, 1636469095492, 655, 264, 391, 3, 0, 3
11060, 1, 1636469094836, 1636469095492, 656, 266, 390, 1, 1, 2
11063, 1, 1636469095032, 1636469095692, 660, 262, 398, 0, 0, 0
11064, 1, 1636469095050, 1636469095705, 655, 262, 393, 0, 0, 0
11065, 1, 1636469095062, 1636469095721, 659, 264, 395, 2, 1, 3
11062, 1, 1636469094886, 1636469095741, 855, 462, 393, 0, 0, 0
11068, 1, 1636469095154, 1636469095760, 606, 264, 342, 0, 1, 1
11067, 1, 1636469095151, 1636469095813, 662, 266, 396, 0, 0, 0
11066, 1, 1636469095140, 1636469095841, 701, 317, 384, 1, 1, 2
11070, 1, 1636469095214, 1636469095872, 658, 266, 392, 0, 0, 0
11072, 1, 1636469095380, 1636469096033, 653, 258, 395, 0, 1, 1
11073, 1, 1636469095398, 1636469096057, 659, 262, 397, 0, 0, 0
11074, 1, 1636469095402, 1636469096061, 659, 266, 393, 0, 2, 2
11071, 1, 1636469095226, 1636469096089, 863, 471, 392, 0, 0, 0
11075, 1, 1636469095452, 1636469096116, 664, 266, 398, 1, 0, 1
11077, 1, 1636469095471, 1636469096141, 670, 266, 404, 0, 0, 0
11079, 1, 1636469095485, 1636469096145, 660, 262, 398, 1, 0, 1
11080, 1, 1636469095501, 1636469096153, 652, 263, 389, 0, 2, 2
11069, 1, 1636469095182, 1636469096189, 1007, 618, 389, 0, 0, 0
11083, 1, 1636469095716, 1636469096369, 653, 262, 391, 0, 0, 0
11076, 1, 1636469095459, 1636469096405, 946, 550, 396, 1, 0, 1
11085, 1, 1636469095742, 1636469096405, 663, 271, 392, 0, 1, 1
11082, 1, 1636469095698, 1636469096437, 739, 348, 391, 1, 1, 2
11088, 1, 1636469095842, 1636469096496, 654, 266, 388, 1, 0, 1
11089, 1, 1636469095880, 1636469096537, 657, 263, 394, 0, 0, 0
11090, 1, 1636469096046, 1636469096701, 655, 262, 393, 0, 0, 0
11091, 1, 1636469096064, 1636469096712, 648, 260, 388, 0, 2, 2
11092, 1, 1636469096069, 1636469096721, 652, 263, 389, 1, 2, 3
11086, 1, 1636469095817, 1636469096753, 936, 539, 397, 1, 1, 2
11087, 1, 1636469095820, 1636469096753, 933, 587, 346, 1, 1, 2
11094, 1, 1636469096118, 1636469096772, 654, 263, 391, 1, 1, 2
11095, 1, 1636469096142, 1636469096797, 655, 262, 393, 1, 0, 1
11096, 1, 1636469096151, 1636469096813, 662, 262, 400, 0, 1, 1
11097, 1, 1636469096168, 1636469096816, 648, 262, 386, 0, 1, 1
11098, 1, 1636469096190, 1636469096841, 651, 263, 388, 0, 1, 1
11099, 1, 1636469096382, 1636469097045, 663, 262, 401, 0, 0, 0
11100, 1, 1636469096406, 1636469097049, 643, 259, 384, 1, 0, 1
11101, 1, 1636469096407, 1636469097077, 670, 275, 395, 0, 1, 1
11102, 1, 1636469096438, 1636469097093, 655, 266, 389, 0, 0, 0
11093, 1, 1636469096090, 1636469097105, 1015, 619, 396, 2, 0, 2
11103, 1, 1636469096509, 1636469097160, 651, 262, 389, 0, 0, 0
11104, 1, 1636469096547, 1636469097192, 645, 262, 383, 0, 0, 0
11105, 1, 1636469096712, 1636469097373, 661, 270, 391, 0, 0, 0
11106, 1, 1636469096730, 1636469097385, 655, 264, 391, 0, 0, 0
11107, 1, 1636469096735, 1636469097397, 662, 266, 396, 0, 0, 0
11109, 1, 1636469096754, 1636469097413, 659, 267, 392, 1, 1, 2
11108, 1, 1636469096754, 1636469097420, 666, 268, 398, 1, 2, 3
11110, 1, 1636469096784, 1636469097445, 661, 267, 394, 1, 0, 1
11111, 1, 1636469096809, 1636469097469, 660, 266, 394, 1, 0, 1
11113, 1, 1636469096835, 1636469097493, 658, 266, 392, 0, 0, 0
11115, 1, 1636469097048, 1636469097701, 653, 261, 392, 0, 0, 0
11112, 1, 1636469096817, 1636469097717, 900, 510, 390, 0, 0, 0
11116, 1, 1636469097073, 1636469097721, 648, 262, 386, 0, 0, 0
11117, 1, 1636469097078, 1636469097729, 651, 262, 389, 0, 0, 0
11114, 1, 1636469096857, 1636469097744, 887, 499, 388, 1, 0, 1
11118, 1, 1636469097104, 1636469097757, 653, 262, 391, 0, 0, 0
11119, 1, 1636469097106, 1636469097761, 655, 262, 393, 0, 0, 0
11120, 1, 1636469097175, 1636469097829, 654, 262, 392, 0, 0, 0
11121, 1, 1636469097213, 1636469097869, 656, 266, 390, 0, 1, 1
11122, 1, 1636469097378, 1636469098029, 651, 261, 390, 0, 0, 0
11123, 1, 1636469097396, 1636469098052, 656, 263, 393, 0, 1, 1
11124, 1, 1636469097402, 1636469098057, 655, 266, 389, 0, 0, 0
11081, 2, 1636469095504, 1636469098063, 2559, 1, 2558, 0, 0, 0
11084, 2, 1636469095728, 1636469098063, 2335, 1, 2334, 0, 1, 1
11078, 2, 1636469095482, 1636469098063, 2581, 0, 2581, 0, 0, 0
11125, 1, 1636469097421, 1636469098077, 656, 263, 393, 1, 0, 1
11126, 1, 1636469097421, 1636469098085, 664, 267, 397, 1, 0, 1
11128, 1, 1636469097475, 1636469098133, 658, 263, 395, 0, 1, 1
11129, 1, 1636469097501, 1636469098149, 648, 262, 386, 0, 0, 0
11130, 1, 1636469097714, 1636469098365, 651, 262, 389, 0, 0, 0
11131, 1, 1636469097718, 1636469098373, 655, 266, 389, 0, 0, 0
11132, 1, 1636469097739, 1636469098392, 653, 263, 390, 1, 0, 1
11134, 1, 1636469097746, 1636469098396, 650, 266, 384, 0, 0, 0
11133, 1, 1636469097744, 1636469098405, 661, 266, 395, 0, 0, 0
11135, 1, 1636469097770, 1636469098425, 655, 262, 393, 1, 0, 1
11136, 1, 1636469097772, 1636469098429, 657, 262, 395, 1, 0, 1
11137, 1, 1636469097841, 1636469098489, 648, 262, 386, 0, 0, 0
11138, 1, 1636469097878, 1636469098541, 663, 266, 397, 0, 0, 0
11127, 1, 1636469097450, 1636469098544, 1094, 708, 386, 1, 1, 2
11139, 1, 1636469098044, 1636469098701, 657, 266, 391, 1, 0, 1
11140, 1, 1636469098062, 1636469098724, 662, 270, 392, 0, 1, 1
11141, 1, 1636469098069, 1636469098728, 659, 267, 392, 0, 1, 1
11142, 1, 1636469098087, 1636469098741, 654, 266, 388, 1, 0, 1
11143, 1, 1636469098088, 1636469098745, 657, 266, 391, 2, 0, 2
11144, 1, 1636469098141, 1636469098801, 660, 267, 393, 0, 1, 1
11146, 1, 1636469098149, 1636469098805, 656, 266, 390, 0, 0, 0
11145, 1, 1636469098149, 1636469098805, 656, 263, 393, 1, 1, 2
11148, 1, 1636469098167, 1636469098821, 654, 262, 392, 0, 1, 1
11149, 1, 1636469098380, 1636469099037, 657, 263, 394, 1, 0, 1
11150, 1, 1636469098384, 1636469099048, 664, 271, 393, 2, 0, 2
11151, 1, 1636469098405, 1636469099065, 660, 262, 398, 0, 0, 0
11153, 1, 1636469098412, 1636469099065, 653, 262, 391, 0, 1, 1
11152, 1, 1636469098410, 1636469099068, 658, 263, 395, 2, 1, 3
11154, 1, 1636469098436, 1636469099089, 653, 262, 391, 0, 1, 1
11155, 1, 1636469098439, 1636469099101, 662, 266, 396, 0, 0, 0
11147, 1, 1636469098150, 1636469099153, 1003, 607, 396, 2, 1, 3
11156, 1, 1636469098507, 1636469099161, 654, 266, 388, 0, 0, 0
11157, 1, 1636469098544, 1636469099201, 657, 268, 389, 1, 1, 2
11159, 1, 1636469098710, 1636469099369, 659, 262, 397, 0, 0, 0
11160, 1, 1636469098728, 1636469099385, 657, 263, 394, 0, 1, 1
11161, 1, 1636469098736, 1636469099392, 656, 266, 390, 0, 1, 1
11162, 1, 1636469098753, 1636469099405, 652, 262, 390, 0, 0, 0
11163, 1, 1636469098754, 1636469099413, 659, 263, 396, 0, 1, 1
11164, 1, 1636469098806, 1636469099461, 655, 263, 392, 2, 1, 3
11165, 1, 1636469098807, 1636469099461, 654, 263, 391, 2, 1, 3
11166, 1, 1636469098807, 1636469099461, 654, 263, 391, 1, 2, 3
11158, 1, 1636469098546, 1636469099497, 951, 568, 383, 1, 2, 3
11168, 1, 1636469099046, 1636469099705, 659, 262, 397, 0, 0, 0
11169, 1, 1636469099051, 1636469099721, 670, 279, 391, 0, 2, 2
11171, 1, 1636469099076, 1636469099724, 648, 264, 384, 1, 0, 1
11170, 1, 1636469099071, 1636469099724, 653, 264, 389, 1, 0, 1
11172, 1, 1636469099078, 1636469099724, 646, 262, 384, 0, 1, 1
11174, 1, 1636469099105, 1636469099757, 652, 262, 390, 0, 0, 0
11175, 1, 1636469099154, 1636469099808, 654, 263, 391, 0, 2, 2
11176, 1, 1636469099174, 1636469099829, 655, 258, 397, 0, 0, 0
11167, 1, 1636469098834, 1636469099845, 1011, 622, 389, 0, 0, 0
11177, 1, 1636469099210, 1636469099865, 655, 262, 393, 0, 0, 0
11178, 1, 1636469099376, 1636469100029, 653, 263, 390, 1, 1, 2
11179, 1, 1636469099394, 1636469100049, 655, 263, 392, 0, 0, 0
11180, 1, 1636469099402, 1636469100057, 655, 262, 393, 0, 0, 0
11173, 1, 1636469099102, 1636469100077, 975, 583, 392, 2, 1, 3
11181, 1, 1636469099420, 1636469100077, 657, 262, 395, 2, 0, 2
11182, 1, 1636469099420, 1636469100077, 657, 263, 394, 1, 0, 1
11184, 1, 1636469099472, 1636469100125, 653, 262, 391, 1, 0, 1
11185, 1, 1636469099473, 1636469100137, 664, 270, 394, 0, 1, 1
11186, 1, 1636469099498, 1636469100153, 655, 271, 384, 1, 1, 2
11183, 1, 1636469099472, 1636469100217, 745, 351, 394, 2, 1, 3
11187, 1, 1636469099712, 1636469100372, 660, 266, 394, 0, 0, 0
11188, 1, 1636469099722, 1636469100388, 666, 267, 399, 1, 1, 2
11189, 1, 1636469099736, 1636469100397, 661, 262, 399, 1, 0, 1
11191, 1, 1636469099745, 1636469100401, 656, 262, 394, 1, 0, 1
11190, 1, 1636469099742, 1636469100409, 667, 271, 396, 2, 1, 3
11192, 1, 1636469099772, 1636469100429, 657, 266, 391, 0, 1, 1
11193, 1, 1636469099821, 1636469100473, 652, 266, 386, 1, 0, 1
11194, 1, 1636469099840, 1636469100497, 657, 265, 392, 0, 0, 0
11195, 1, 1636469099846, 1636469100501, 655, 266, 389, 0, 1, 1
11196, 1, 1636469099876, 1636469100525, 649, 262, 387, 0, 1, 1
11197, 1, 1636469100042, 1636469100709, 667, 266, 401, 2, 1, 3
11198, 1, 1636469100060, 1636469100713, 653, 262, 391, 0, 0, 0
11199, 1, 1636469100068, 1636469100728, 660, 263, 397, 0, 1, 1
11200, 1, 1636469100078, 1636469100732, 654, 263, 391, 0, 0, 0
11201, 1, 1636469100086, 1636469100749, 663, 263, 400, 1, 0, 1
11202, 1, 1636469100086, 1636469100757, 671, 266, 405, 0, 0, 0
11205, 1, 1636469100165, 1636469100821, 656, 266, 390, 0, 0, 0
11206, 1, 1636469100218, 1636469100873, 655, 262, 393, 0, 0, 0
11209, 1, 1636469100403, 1636469101045, 642, 259, 383, 0, 0, 0
11208, 1, 1636469100390, 1636469101045, 655, 262, 393, 0, 0, 0
11211, 1, 1636469100410, 1636469101061, 651, 262, 389, 0, 0, 0
11210, 1, 1636469100410, 1636469101069, 659, 267, 392, 0, 0, 0
11207, 1, 1636469100378, 1636469101077, 699, 307, 392, 0, 0, 0
11212, 1, 1636469100438, 1636469101101, 663, 267, 396, 0, 0, 0
11214, 1, 1636469100506, 1636469101169, 663, 266, 397, 0, 0, 0
11215, 1, 1636469100513, 1636469101173, 660, 270, 390, 0, 0, 0
11216, 1, 1636469100542, 1636469101193, 651, 262, 389, 0, 0, 0
11219, 1, 1636469100735, 1636469101384, 649, 263, 386, 1, 0, 1
11218, 1, 1636469100726, 1636469101384, 658, 270, 388, 0, 0, 0
11217, 1, 1636469100710, 1636469101396, 686, 291, 395, 1, 1, 2
11220, 1, 1636469100744, 1636469101405, 661, 267, 394, 0, 0, 0
11221, 1, 1636469100752, 1636469101413, 661, 267, 394, 0, 0, 0
11223, 1, 1636469100831, 1636469101488, 657, 267, 390, 0, 2, 2
11224, 1, 1636469100884, 1636469101541, 657, 270, 387, 0, 1, 1
11228, 1, 1636469101076, 1636469101728, 652, 263, 389, 2, 0, 2
11227, 1, 1636469101076, 1636469101729, 653, 261, 392, 0, 0, 0
11226, 1, 1636469101070, 1636469101729, 659, 266, 393, 2, 0, 2
11229, 1, 1636469101078, 1636469101737, 659, 262, 397, 0, 0, 0
11225, 1, 1636469101056, 1636469101744, 688, 290, 398, 0, 1, 1
11230, 1, 1636469101104, 1636469101761, 657, 262, 395, 0, 0, 0
11231, 1, 1636469101171, 1636469101825, 654, 262, 392, 0, 1, 1
11232, 1, 1636469101180, 1636469101836, 656, 266, 390, 0, 0, 0
11233, 1, 1636469101209, 1636469101857, 648, 264, 384, 1, 1, 2
11234, 1, 1636469101392, 1636469102048, 656, 266, 390, 0, 0, 0
11235, 1, 1636469101398, 1636469102053, 655, 266, 389, 0, 0, 0
11236, 1, 1636469101402, 1636469102060, 658, 266, 392, 0, 0, 0
11237, 1, 1636469101410, 1636469102060, 650, 263, 387, 2, 0, 2
11238, 1, 1636469101418, 1636469102081, 663, 262, 401, 0, 0, 0
11239, 1, 1636469101497, 1636469102145, 648, 262, 386, 1, 0, 1
11240, 1, 1636469101550, 1636469102216, 666, 266, 400, 0, 0, 0
11241, 1, 1636469101735, 1636469102384, 649, 262, 387, 0, 0, 0
11242, 1, 1636469101742, 1636469102392, 650, 264, 386, 1, 1, 2
11245, 1, 1636469101746, 1636469102396, 650, 259, 391, 1, 0, 1
11244, 1, 1636469101744, 1636469102397, 653, 263, 390, 1, 0, 1
11203, 2, 1636469100139, 1636469102403, 2264, 0, 2264, 0, 0, 0
11204, 2, 1636469100139, 1636469102403, 2264, 0, 2264, 0, 1, 1
11246, 1, 1636469101770, 1636469102429, 659, 267, 392, 0, 0, 0
11247, 1, 1636469101838, 1636469102489, 651, 263, 388, 1, 1, 2
11248, 1, 1636469101847, 1636469102504, 657, 262, 395, 0, 0, 0
11250, 1, 1636469102058, 1636469102712, 654, 262, 392, 0, 0, 0
11251, 1, 1636469102064, 1636469102716, 652, 263, 389, 0, 1, 1
11253, 1, 1636469102076, 1636469102729, 653, 267, 386, 0, 1, 1
11252, 1, 1636469102069, 1636469102729, 660, 266, 394, 0, 0, 0
11254, 1, 1636469102084, 1636469102737, 653, 262, 391, 0, 1, 1
11213, 2, 1636469100487, 1636469102750, 2263, 0, 2263, 0, 0, 0
11249, 1, 1636469101874, 1636469102781, 907, 511, 396, 0, 0, 0
11255, 1, 1636469102164, 1636469102817, 653, 262, 391, 1, 0, 1
11256, 1, 1636469102218, 1636469102873, 655, 262, 393, 0, 1, 1
11222, 2, 1636469100758, 1636469103022, 2264, 0, 2264, 0, 0, 0
11257, 1, 1636469102402, 1636469103057, 655, 262, 393, 0, 0, 0
11259, 1, 1636469102410, 1636469103069, 659, 262, 397, 0, 0, 0
11260, 1, 1636469102412, 1636469103069, 657, 262, 395, 0, 0, 0
11258, 1, 1636469102408, 1636469103077, 669, 279, 390, 0, 0, 0
11262, 1, 1636469102489, 1636469103145, 656, 262, 394, 0, 0, 0
11266, 1, 1636469102724, 1636469103377, 653, 266, 387, 0, 0, 0
11267, 1, 1636469102730, 1636469103385, 655, 263, 392, 0, 1, 1
11268, 1, 1636469102735, 1636469103385, 650, 262, 388, 0, 2, 2
11270, 1, 1636469102750, 1636469103405, 655, 263, 392, 0, 0, 0
11269, 1, 1636469102742, 1636469103409, 667, 278, 389, 0, 0, 0
11264, 1, 1636469102505, 1636469103421, 916, 524, 392, 1, 1, 2
11271, 1, 1636469102782, 1636469103441, 659, 267, 392, 1, 1, 2
11272, 1, 1636469102830, 1636469103485, 655, 263, 392, 1, 0, 1
11263, 1, 1636469102493, 1636469103488, 995, 606, 389, 0, 1, 1
11274, 1, 1636469102884, 1636469103533, 649, 262, 387, 0, 0, 0
11275, 1, 1636469103068, 1636469103716, 648, 263, 385, 0, 0, 0
11276, 1, 1636469103076, 1636469103729, 653, 262, 391, 2, 0, 2
11277, 1, 1636469103078, 1636469103729, 651, 261, 390, 2, 0, 2
11278, 1, 1636469103078, 1636469103753, 675, 287, 388, 0, 1, 1
11279, 1, 1636469103109, 1636469103757, 648, 262, 386, 0, 0, 0
11261, 1, 1636469102436, 1636469103772, 1336, 942, 394, 0, 0, 0
11280, 1, 1636469103146, 1636469103797, 651, 262, 389, 0, 0, 0
11273, 1, 1636469102837, 1636469103837, 1000, 611, 389, 0, 2, 2
11243, 2, 1636469101742, 1636469104006, 2264, 1, 2263, 1, 0, 1
11281, 1, 1636469103390, 1636469104045, 655, 262, 393, 0, 0, 0
11282, 1, 1636469103396, 1636469104049, 653, 262, 391, 0, 1, 1
11284, 1, 1636469103410, 1636469104057, 647, 264, 383, 1, 2, 3
11283, 1, 1636469103402, 1636469104057, 655, 262, 393, 2, 1, 3
11285, 1, 1636469103416, 1636469104060, 644, 259, 385, 0, 0, 0
11286, 1, 1636469103422, 1636469104076, 654, 266, 388, 0, 0, 0
11287, 1, 1636469103448, 1636469104109, 661, 270, 391, 0, 0, 0
11289, 1, 1636469103495, 1636469104145, 650, 263, 387, 1, 1, 2
11288, 1, 1636469103490, 1636469104145, 655, 262, 393, 2, 0, 2
11290, 1, 1636469103550, 1636469104200, 650, 262, 388, 0, 0, 0
11291, 1, 1636469103734, 1636469104385, 651, 264, 387, 1, 0, 1
11292, 1, 1636469103742, 1636469104397, 655, 262, 393, 0, 0, 0
11293, 1, 1636469103744, 1636469104401, 657, 272, 385, 1, 2, 3
11294, 1, 1636469103754, 1636469104413, 659, 266, 393, 0, 1, 1
11295, 1, 1636469103758, 1636469104417, 659, 267, 392, 0, 0, 0
11296, 1, 1636469103774, 1636469104433, 659, 262, 397, 0, 0, 0
11297, 1, 1636469103812, 1636469104468, 656, 262, 394, 0, 0, 0
11265, 1, 1636469102512, 1636469104485, 1973, 1583, 390, 1, 0, 1
11298, 1, 1636469103838, 1636469104489, 651, 262, 389, 1, 1, 2
11299, 1, 1636469104056, 1636469104713, 657, 264, 393, 1, 0, 1
11300, 1, 1636469104062, 1636469104717, 655, 262, 393, 1, 0, 1
11301, 1, 1636469104068, 1636469104725, 657, 262, 395, 0, 0, 0
11302, 1, 1636469104075, 1636469104737, 662, 262, 400, 0, 0, 0
11303, 1, 1636469104083, 1636469104737, 654, 258, 396, 0, 0, 0
11305, 1, 1636469104097, 1636469104753, 656, 263, 393, 2, 0, 2
11304, 1, 1636469104089, 1636469104753, 664, 262, 402, 3, 0, 3
11306, 1, 1636469104114, 1636469104773, 659, 267, 392, 2, 0, 2
11307, 1, 1636469104156, 1636469104805, 649, 263, 386, 0, 1, 1
11308, 1, 1636469104162, 1636469104821, 659, 266, 393, 0, 1, 1
11310, 1, 1636469104400, 1636469105048, 648, 265, 383, 0, 2, 2
11311, 1, 1636469104408, 1636469105060, 652, 262, 390, 0, 0, 0
11313, 1, 1636469104420, 1636469105073, 653, 263, 390, 1, 2, 3
11314, 1, 1636469104425, 1636469105085, 660, 262, 398, 0, 0, 0
11312, 1, 1636469104411, 1636469105085, 674, 279, 395, 0, 1, 1
11315, 1, 1636469104440, 1636469105105, 665, 269, 396, 0, 0, 0
11309, 1, 1636469104216, 1636469105121, 905, 510, 395, 0, 0, 0
11317, 1, 1636469104486, 1636469105136, 650, 267, 383, 2, 0, 2
11316, 1, 1636469104479, 1636469105141, 662, 267, 395, 1, 0, 1
11318, 1, 1636469104504, 1636469105156, 652, 263, 389, 1, 0, 1
11321, 1, 1636469104734, 1636469105385, 651, 263, 388, 0, 0, 0
11320, 1, 1636469104728, 1636469105385, 657, 262, 395, 0, 0, 0
11322, 1, 1636469104742, 1636469105401, 659, 262, 397, 0, 1, 1
11319, 1, 1636469104722, 1636469105401, 679, 282, 397, 0, 0, 0
11323, 1, 1636469104749, 1636469105401, 652, 262, 390, 1, 1, 2
11324, 1, 1636469104754, 1636469105409, 655, 261, 394, 0, 0, 0
11325, 1, 1636469104755, 1636469105409, 654, 263, 391, 0, 1, 1
11326, 1, 1636469104780, 1636469105433, 653, 262, 391, 1, 0, 1
11328, 1, 1636469104827, 1636469105477, 650, 263, 387, 1, 0, 1
11327, 1, 1636469104822, 1636469105484, 662, 274, 388, 0, 0, 0
11329, 1, 1636469105066, 1636469105725, 659, 265, 394, 0, 2, 2
11331, 1, 1636469105086, 1636469105741, 655, 264, 391, 3, 1, 4
11332, 1, 1636469105086, 1636469105745, 659, 263, 396, 2, 0, 2
11333, 1, 1636469105092, 1636469105745, 653, 262, 391, 0, 1, 1
11334, 1, 1636469105106, 1636469105757, 651, 262, 389, 1, 0, 1
11335, 1, 1636469105122, 1636469105777, 655, 266, 389, 0, 0, 0
11336, 1, 1636469105145, 1636469105797, 652, 262, 390, 0, 0, 0
11337, 1, 1636469105153, 1636469105800, 647, 263, 384, 0, 1, 1
11338, 1, 1636469105171, 1636469105825, 654, 262, 392, 0, 0, 0
11339, 1, 1636469105395, 1636469106045, 650, 262, 388, 0, 0, 0
11341, 1, 1636469105402, 1636469106068, 666, 263, 403, 1, 0, 1
11342, 1, 1636469105408, 1636469106068, 660, 262, 398, 2, 0, 2
11340, 1, 1636469105401, 1636469106068, 667, 261, 406, 0, 0, 0
11343, 1, 1636469105415, 1636469106072, 657, 266, 391, 0, 0, 0
11330, 1, 1636469105074, 1636469106072, 998, 606, 392, 0, 1, 1
11344, 1, 1636469105420, 1636469106077, 657, 262, 395, 1, 0, 1
11345, 1, 1636469105421, 1636469106081, 660, 262, 398, 0, 0, 0
11346, 1, 1636469105446, 1636469106101, 655, 263, 392, 0, 1, 1
11347, 1, 1636469105488, 1636469106141, 653, 263, 390, 0, 1, 1
11348, 1, 1636469105493, 1636469106148, 655, 263, 392, 0, 0, 0
11349, 1, 1636469105732, 1636469106389, 657, 267, 390, 0, 0, 0
11351, 1, 1636469105753, 1636469106405, 652, 263, 389, 3, 0, 3
11350, 1, 1636469105752, 1636469106405, 653, 263, 390, 1, 1, 2
11352, 1, 1636469105758, 1636469106412, 654, 268, 386, 0, 2, 2
11353, 1, 1636469105772, 1636469106425, 653, 267, 386, 1, 1, 2
11354, 1, 1636469105788, 1636469106449, 661, 271, 390, 0, 0, 0
11355, 1, 1636469105811, 1636469106465, 654, 262, 392, 0, 0, 0
11356, 1, 1636469105819, 1636469106489, 670, 284, 386, 2, 0, 2
11357, 1, 1636469105836, 1636469106492, 656, 266, 390, 1, 1, 2
11358, 1, 1636469106060, 1636469106721, 661, 262, 399, 0, 0, 0
11360, 1, 1636469106070, 1636469106725, 655, 263, 392, 1, 2, 3
11359, 1, 1636469106070, 1636469106729, 659, 265, 394, 2, 3, 5
11361, 1, 1636469106074, 1636469106729, 655, 263, 392, 1, 1, 2
11363, 1, 1636469106082, 1636469106737, 655, 263, 392, 1, 0, 1
11364, 1, 1636469106086, 1636469106737, 651, 263, 388, 1, 0, 1
11362, 1, 1636469106074, 1636469106737, 663, 262, 401, 0, 1, 1
11365, 1, 1636469106088, 1636469106749, 661, 274, 387, 0, 0, 0
11367, 1, 1636469106154, 1636469106813, 659, 268, 391, 0, 3, 3
11368, 1, 1636469106159, 1636469106817, 658, 268, 390, 1, 1, 2
11369, 1, 1636469106399, 1636469107064, 665, 265, 400, 1, 0, 1
11371, 1, 1636469106419, 1636469107081, 662, 262, 400, 1, 0, 1
11370, 1, 1636469106418, 1636469107081, 663, 263, 400, 2, 0, 2
11366, 1, 1636469106112, 1636469107085, 973, 578, 395, 0, 0, 0
11372, 1, 1636469106425, 1636469107085, 660, 262, 398, 0, 0, 0
11373, 1, 1636469106438, 1636469107105, 667, 270, 397, 1, 0, 1
11374, 1, 1636469106454, 1636469107113, 659, 262, 397, 0, 0, 0
11375, 1, 1636469106477, 1636469107137, 660, 266, 394, 0, 0, 0
11376, 1, 1636469106490, 1636469107140, 650, 263, 387, 1, 0, 1
11378, 1, 1636469106726, 1636469107389, 663, 267, 396, 0, 1, 1
11380, 1, 1636469106736, 1636469107392, 656, 263, 393, 0, 2, 2
11379, 1, 1636469106736, 1636469107397, 661, 267, 394, 1, 0, 1
11381, 1, 1636469106740, 1636469107397, 657, 267, 390, 0, 1, 1
11382, 1, 1636469106740, 1636469107397, 657, 266, 391, 1, 1, 2
11383, 1, 1636469106748, 1636469107405, 657, 267, 390, 0, 1, 1
11385, 1, 1636469106760, 1636469107413, 653, 263, 390, 1, 0, 1
11384, 1, 1636469106758, 1636469107413, 655, 263, 392, 2, 0, 2
11377, 1, 1636469106503, 1636469107433, 930, 534, 396, 0, 0, 0
11387, 1, 1636469106825, 1636469107484, 659, 262, 397, 1, 1, 2
11386, 1, 1636469106820, 1636469107484, 664, 266, 398, 1, 0, 1
11388, 1, 1636469107066, 1636469107717, 651, 262, 389, 0, 0, 0
11392, 1, 1636469107091, 1636469107741, 650, 261, 389, 1, 1, 2
11389, 1, 1636469107085, 1636469107741, 656, 262, 394, 0, 0, 0
11391, 1, 1636469107087, 1636469107744, 657, 262, 395, 2, 2, 4
11390, 1, 1636469107085, 1636469107749, 664, 263, 401, 3, 1, 4
11394, 1, 1636469107120, 1636469107777, 657, 262, 395, 0, 0, 0
11395, 1, 1636469107143, 1636469107805, 662, 262, 400, 0, 0, 0
11396, 1, 1636469107157, 1636469107836, 679, 281, 398, 0, 1, 1
11397, 1, 1636469107392, 1636469108053, 661, 266, 395, 1, 0, 1
11401, 1, 1636469107407, 1636469108065, 658, 267, 391, 3, 0, 3
11399, 1, 1636469107403, 1636469108065, 662, 270, 392, 0, 0, 0
11400, 1, 1636469107407, 1636469108065, 658, 268, 390, 2, 1, 3
11404, 1, 1636469107422, 1636469108077, 655, 262, 393, 0, 1, 1
11403, 1, 1636469107418, 1636469108077, 659, 271, 388, 0, 1, 1
11398, 1, 1636469107402, 1636469108077, 675, 270, 405, 0, 0, 0
11402, 1, 1636469107415, 1636469108080, 665, 271, 394, 1, 0, 1
11405, 1, 1636469107434, 1636469108089, 655, 263, 392, 1, 0, 1
11406, 1, 1636469107486, 1636469108141, 655, 264, 391, 1, 1, 2
11408, 1, 1636469107732, 1636469108389, 657, 262, 395, 0, 0, 0
11409, 1, 1636469107750, 1636469108409, 659, 269, 390, 1, 2, 3
11411, 1, 1636469107753, 1636469108409, 656, 268, 388, 1, 1, 2
11410, 1, 1636469107752, 1636469108413, 661, 267, 394, 0, 1, 1
11407, 1, 1636469107491, 1636469108433, 942, 547, 395, 0, 0, 0
11413, 1, 1636469107786, 1636469108445, 659, 262, 397, 0, 0, 0
11414, 1, 1636469107810, 1636469108465, 655, 262, 393, 0, 0, 0
11415, 1, 1636469107838, 1636469108497, 659, 266, 393, 0, 0, 0
11418, 1, 1636469108072, 1636469108721, 649, 263, 386, 1, 0, 1
11420, 1, 1636469108078, 1636469108733, 655, 263, 392, 0, 1, 1
11419, 1, 1636469108073, 1636469108737, 664, 263, 401, 1, 0, 1
11423, 1, 1636469108088, 1636469108745, 657, 263, 394, 0, 1, 1
11422, 1, 1636469108084, 1636469108745, 661, 263, 398, 1, 0, 1
11421, 1, 1636469108081, 1636469108745, 664, 264, 400, 1, 0, 1
11416, 1, 1636469108058, 1636469108753, 695, 302, 393, 0, 0, 0
11412, 1, 1636469107757, 1636469108785, 1028, 635, 393, 1, 0, 1
11425, 1, 1636469108152, 1636469108816, 664, 266, 398, 0, 0, 0
11426, 1, 1636469108399, 1636469109057, 658, 263, 395, 1, 0, 1
11417, 1, 1636469108070, 1636469109073, 1003, 610, 393, 1, 0, 1
11428, 1, 1636469108418, 1636469109073, 655, 262, 393, 0, 1, 1
11427, 1, 1636469108417, 1636469109073, 656, 266, 390, 2, 0, 2
11429, 1, 1636469108420, 1636469109076, 656, 266, 390, 0, 0, 0
11430, 1, 1636469108434, 1636469109085, 651, 262, 389, 0, 0, 0
11431, 1, 1636469108452, 1636469109109, 657, 266, 391, 0, 0, 0
11432, 1, 1636469108477, 1636469109133, 656, 262, 394, 0, 0, 0
11424, 1, 1636469108101, 1636469109133, 1032, 642, 390, 0, 0, 0
11433, 1, 1636469108505, 1636469109157, 652, 264, 388, 0, 0, 0
11434, 1, 1636469108739, 1636469109397, 658, 263, 395, 1, 0, 1
11435, 1, 1636469108739, 1636469109397, 658, 263, 395, 1, 1, 2
11436, 1, 1636469108745, 1636469109409, 664, 268, 396, 1, 0, 1
11438, 1, 1636469108751, 1636469109409, 658, 262, 396, 1, 1, 2
11440, 1, 1636469108754, 1636469109421, 667, 268, 399, 1, 1, 2
11437, 1, 1636469108747, 1636469109421, 674, 266, 408, 1, 0, 1
11441, 1, 1636469108786, 1636469109441, 655, 266, 389, 0, 0, 0
11442, 1, 1636469108818, 1636469109477, 659, 269, 390, 0, 0, 0
11393, 2, 1636469107106, 1636469109502, 2396, 89, 2307, 0, 1, 1
11439, 1, 1636469108754, 1636469109509, 755, 358, 397, 0, 0, 0
11443, 1, 1636469109065, 1636469109717, 652, 263, 389, 0, 0, 0
11444, 1, 1636469109074, 1636469109729, 655, 262, 393, 1, 0, 1
11445, 1, 1636469109083, 1636469109740, 657, 264, 393, 1, 1, 2
11447, 1, 1636469109085, 1636469109749, 664, 262, 402, 0, 0, 0
11448, 1, 1636469109100, 1636469109749, 649, 262, 387, 0, 0, 0
11446, 1, 1636469109084, 1636469109765, 681, 292, 389, 1, 1, 2
11449, 1, 1636469109118, 1636469109777, 659, 263, 396, 0, 1, 1
11450, 1, 1636469109135, 1636469109785, 650, 263, 387, 1, 0, 1
11451, 1, 1636469109143, 1636469109796, 653, 263, 390, 0, 1, 1
11452, 1, 1636469109172, 1636469109825, 653, 262, 391, 0, 0, 0
11453, 1, 1636469109405, 1636469110061, 656, 263, 393, 1, 1, 2
11455, 1, 1636469109411, 1636469110069, 658, 263, 395, 1, 1, 2
11456, 1, 1636469109418, 1636469110069, 651, 262, 389, 0, 0, 0
11454, 1, 1636469109405, 1636469110069, 664, 262, 402, 0, 1, 1
11457, 1, 1636469109422, 1636469110081, 659, 263, 396, 1, 0, 1
11458, 1, 1636469109422, 1636469110081, 659, 263, 396, 2, 0, 2
11459, 1, 1636469109452, 1636469110105, 653, 263, 390, 1, 0, 1
11460, 1, 1636469109484, 1636469110145, 661, 267, 394, 1, 1, 2
11461, 1, 1636469109510, 1636469110169, 659, 262, 397, 1, 0, 1
11462, 1, 1636469109589, 1636469110261, 672, 266, 406, 0, 0, 0
11463, 1, 1636469109732, 1636469110385, 653, 267, 386, 0, 0, 0
11464, 1, 1636469109741, 1636469110397, 656, 262, 394, 0, 0, 0
11465, 1, 1636469109749, 1636469110400, 651, 267, 384, 0, 1, 1
11468, 1, 1636469109766, 1636469110437, 671, 275, 396, 0, 1, 1
11469, 1, 1636469109784, 1636469110444, 660, 267, 393, 0, 1, 1
11467, 1, 1636469109766, 1636469110448, 682, 278, 404, 1, 1, 2
11470, 1, 1636469109801, 1636469110461, 660, 266, 394, 0, 0, 0
11471, 1, 1636469109810, 1636469110488, 678, 291, 387, 1, 0, 1
11472, 1, 1636469109839, 1636469110500, 661, 266, 395, 0, 0, 0
11466, 1, 1636469109752, 1636469110524, 772, 374, 398, 1, 1, 2
11473, 1, 1636469110071, 1636469110733, 662, 266, 396, 1, 2, 3
11474, 1, 1636469110071, 1636469110733, 662, 263, 399, 3, 1, 4
11475, 1, 1636469110077, 1636469110745, 668, 271, 397, 1, 0, 1
11476, 1, 1636469110084, 1636469110745, 661, 266, 395, 0, 0, 0
11478, 1, 1636469110089, 1636469110745, 656, 263, 393, 1, 0, 1
11477, 1, 1636469110088, 1636469110748, 660, 264, 396, 2, 2, 4
11479, 1, 1636469110119, 1636469110772, 653, 267, 386, 1, 0, 1
11480, 1, 1636469110150, 1636469110809, 659, 262, 397, 0, 0, 0
11481, 1, 1636469110176, 1636469110837, 661, 263, 398, 1, 1, 2
11482, 1, 1636469110262, 1636469110917, 655, 262, 393, 0, 0, 0
11483, 1, 1636469110398, 1636469111057, 659, 267, 392, 1, 0, 1
11485, 1, 1636469110415, 1636469111068, 653, 262, 391, 0, 0, 0
11484, 1, 1636469110408, 1636469111089, 681, 286, 395, 0, 1, 1
11488, 1, 1636469110451, 1636469111117, 666, 267, 399, 0, 1, 1
11487, 1, 1636469110450, 1636469111117, 667, 267, 400, 1, 1, 2
11489, 1, 1636469110468, 1636469111133, 665, 270, 395, 0, 0, 0
11486, 1, 1636469110438, 1636469111137, 699, 302, 397, 0, 0, 0
11490, 1, 1636469110490, 1636469111149, 659, 267, 392, 0, 1, 1
11491, 1, 1636469110506, 1636469111156, 650, 262, 388, 0, 0, 0
11492, 1, 1636469110526, 1636469111172, 646, 262, 384, 0, 1, 1
11494, 1, 1636469110737, 1636469111393, 656, 266, 390, 0, 0, 0
11496, 1, 1636469110749, 1636469111405, 656, 263, 393, 2, 0, 2
11495, 1, 1636469110746, 1636469111405, 659, 263, 396, 1, 1, 2
11497, 1, 1636469110754, 1636469111408, 654, 262, 392, 1, 0, 1
11498, 1, 1636469110755, 1636469111413, 658, 264, 394, 1, 0, 1
11499, 1, 1636469110786, 1636469111436, 650, 262, 388, 0, 0, 0
11500, 1, 1636469110816, 1636469111480, 664, 267, 397, 0, 1, 1
11501, 1, 1636469110842, 1636469111500, 658, 262, 396, 1, 0, 1
11493, 1, 1636469110737, 1636469111517, 780, 386, 394, 0, 1, 1
11502, 1, 1636469110929, 1636469111584, 655, 262, 393, 0, 0, 0
11503, 1, 1636469111064, 1636469111717, 653, 268, 385, 1, 2, 3
11504, 1, 1636469111081, 1636469111729, 648, 262, 386, 0, 0, 0
11506, 1, 1636469111118, 1636469111769, 651, 264, 387, 1, 0, 1
11508, 1, 1636469111134, 1636469111789, 655, 263, 392, 2, 0, 2
11509, 1, 1636469111138, 1636469111789, 651, 263, 388, 1, 0, 1
11510, 1, 1636469111155, 1636469111805, 650, 258, 392, 0, 1, 1
11511, 1, 1636469111172, 1636469111833, 661, 262, 399, 0, 1, 1
11512, 1, 1636469111192, 1636469111845, 653, 263, 390, 0, 2, 2
11505, 1, 1636469111090, 1636469111865, 775, 381, 394, 0, 0, 0
11513, 1, 1636469111404, 1636469112064, 660, 271, 389, 0, 0, 0
11515, 1, 1636469111415, 1636469112069, 654, 267, 387, 2, 0, 2
11517, 1, 1636469111421, 1636469112081, 660, 267, 393, 0, 1, 1
11516, 1, 1636469111421, 1636469112081, 660, 268, 392, 1, 3, 4
11518, 1, 1636469111452, 1636469112109, 657, 262, 395, 0, 0, 0
11507, 1, 1636469111118, 1636469112117, 999, 607, 392, 0, 1, 1
11519, 1, 1636469111482, 1636469112149, 667, 266, 401, 0, 0, 0
11520, 1, 1636469111509, 1636469112165, 656, 262, 394, 0, 0, 0
11521, 1, 1636469111518, 1636469112181, 663, 270, 393, 0, 0, 0
11522, 1, 1636469111596, 1636469112252, 656, 266, 390, 0, 0, 0
11523, 1, 1636469111730, 1636469112381, 651, 263, 388, 0, 0, 0
11514, 1, 1636469111412, 1636469112421, 1009, 616, 393, 0, 2, 2
11525, 1, 1636469111784, 1636469112440, 656, 264, 392, 0, 0, 0
11526, 1, 1636469111801, 1636469112453, 652, 262, 390, 0, 0, 0
11527, 1, 1636469111804, 1636469112461, 657, 266, 391, 0, 1, 1
11528, 1, 1636469111822, 1636469112484, 662, 266, 396, 1, 0, 1
11529, 1, 1636469111837, 1636469112492, 655, 263, 392, 0, 0, 0
11530, 1, 1636469111858, 1636469112513, 655, 262, 393, 0, 0, 0
11524, 1, 1636469111747, 1636469112525, 778, 391, 387, 1, 0, 1
11532, 1, 1636469112071, 1636469112733, 662, 266, 396, 0, 0, 0
11533, 1, 1636469112082, 1636469112745, 663, 271, 392, 0, 1, 1
11534, 1, 1636469112087, 1636469112745, 658, 271, 387, 2, 0, 2
11535, 1, 1636469112088, 1636469112748, 660, 267, 393, 0, 0, 0
11537, 1, 1636469112118, 1636469112773, 655, 263, 392, 1, 0, 1
11536, 1, 1636469112118, 1636469112773, 655, 263, 392, 0, 0, 0
11539, 1, 1636469112175, 1636469112833, 658, 262, 396, 0, 0, 0
11540, 1, 1636469112184, 1636469112844, 660, 262, 398, 0, 0, 0
11531, 1, 1636469111866, 1636469112873, 1007, 612, 395, 1, 1, 2
11541, 1, 1636469112262, 1636469112921, 659, 266, 393, 1, 0, 1
11543, 1, 1636469112422, 1636469113085, 663, 266, 397, 0, 0, 0
11538, 1, 1636469112150, 1636469113097, 947, 550, 397, 2, 0, 2
11544, 1, 1636469112450, 1636469113105, 655, 262, 393, 0, 1, 1
11542, 1, 1636469112396, 1636469113125, 729, 335, 394, 1, 1, 2
11546, 1, 1636469112470, 1636469113125, 655, 262, 393, 1, 0, 1
11545, 1, 1636469112468, 1636469113125, 657, 262, 395, 2, 1, 3
11548, 1, 1636469112504, 1636469113152, 648, 262, 386, 0, 0, 0
11550, 1, 1636469112526, 1636469113188, 662, 276, 386, 2, 1, 3
11552, 1, 1636469112747, 1636469113405, 658, 266, 392, 0, 0, 0
11551, 1, 1636469112737, 1636469113405, 668, 266, 402, 0, 0, 0
11553, 1, 1636469112753, 1636469113408, 655, 263, 392, 2, 0, 2
11554, 1, 1636469112754, 1636469113413, 659, 263, 396, 2, 0, 2
11556, 1, 1636469112784, 1636469113437, 653, 263, 390, 1, 0, 1
11555, 1, 1636469112784, 1636469113437, 653, 263, 390, 0, 1, 1
11549, 1, 1636469112524, 1636469113445, 921, 529, 392, 0, 0, 0
11547, 1, 1636469112488, 1636469113480, 992, 598, 394, 0, 0, 0
11557, 1, 1636469112842, 1636469113505, 663, 270, 393, 0, 0, 0
11559, 1, 1636469112874, 1636469113541, 667, 270, 397, 1, 0, 1
11560, 1, 1636469112928, 1636469113581, 653, 262, 391, 0, 0, 0
11558, 1, 1636469112850, 1636469113753, 903, 506, 397, 0, 0, 0
11562, 1, 1636469113098, 1636469113757, 659, 262, 397, 0, 1, 1
11563, 1, 1636469113116, 1636469113777, 661, 266, 395, 0, 1, 1
11565, 1, 1636469113134, 1636469113785, 651, 263, 388, 0, 1, 1
11564, 1, 1636469113126, 1636469113789, 663, 265, 398, 1, 1, 2
11566, 1, 1636469113136, 1636469113793, 657, 264, 393, 1, 2, 3
11567, 1, 1636469113171, 1636469113820, 649, 262, 387, 0, 0, 0
11569, 1, 1636469113406, 1636469114052, 646, 262, 384, 0, 0, 0
11570, 1, 1636469113413, 1636469114069, 656, 262, 394, 1, 0, 1
11572, 1, 1636469113420, 1636469114081, 661, 262, 399, 1, 0, 1
11571, 1, 1636469113420, 1636469114081, 661, 263, 398, 3, 0, 3
11573, 1, 1636469113446, 1636469114109, 663, 266, 397, 0, 0, 0
11575, 1, 1636469113451, 1636469114109, 658, 262, 396, 0, 0, 0
11574, 1, 1636469113450, 1636469114113, 663, 263, 400, 2, 0, 2
11576, 1, 1636469113482, 1636469114137, 655, 262, 393, 0, 0, 0
11577, 1, 1636469113508, 1636469114168, 660, 262, 398, 1, 1, 2
11579, 1, 1636469113594, 1636469114253, 659, 265, 394, 0, 0, 0
11580, 1, 1636469113754, 1636469114405, 651, 262, 389, 1, 0, 1
11581, 1, 1636469113764, 1636469114421, 657, 262, 395, 0, 0, 0
11582, 1, 1636469113782, 1636469114441, 659, 266, 393, 0, 0, 0
11583, 1, 1636469113792, 1636469114453, 661, 272, 389, 3, 0, 3
11584, 1, 1636469113800, 1636469114461, 661, 271, 390, 1, 1, 2
11585, 1, 1636469113802, 1636469114461, 659, 267, 392, 1, 1, 2
11587, 1, 1636469114073, 1636469114724, 651, 262, 389, 1, 0, 1
11588, 1, 1636469114079, 1636469114733, 654, 262, 392, 0, 0, 0
11590, 1, 1636469114087, 1636469114741, 654, 262, 392, 2, 0, 2
11589, 1, 1636469114086, 1636469114745, 659, 263, 396, 1, 1, 2
11591, 1, 1636469114112, 1636469114765, 653, 263, 390, 0, 0, 0
11592, 1, 1636469114117, 1636469114773, 656, 261, 395, 1, 0, 1
11593, 1, 1636469114117, 1636469114773, 656, 261, 395, 0, 1, 1
11586, 1, 1636469113837, 1636469114809, 972, 583, 389, 1, 0, 1
11594, 1, 1636469114148, 1636469114809, 661, 270, 391, 0, 0, 0
11595, 1, 1636469114175, 1636469114829, 654, 261, 393, 0, 0, 0
11596, 1, 1636469114260, 1636469114916, 656, 262, 394, 0, 0, 0
11597, 1, 1636469114420, 1636469115085, 665, 265, 400, 0, 0, 0
11598, 1, 1636469114430, 1636469115097, 667, 266, 401, 0, 0, 0
11599, 1, 1636469114448, 1636469115101, 653, 262, 391, 0, 0, 0
11601, 1, 1636469114466, 1636469115157, 691, 299, 392, 0, 1, 1
11600, 1, 1636469114458, 1636469115157, 699, 306, 393, 0, 0, 0
11603, 1, 1636469114739, 1636469115397, 658, 262, 396, 1, 0, 1
11604, 1, 1636469114745, 1636469115400, 655, 263, 392, 1, 0, 1
11605, 1, 1636469114752, 1636469115413, 661, 266, 395, 2, 0, 2
11606, 1, 1636469114753, 1636469115413, 660, 265, 395, 1, 0, 1
11607, 1, 1636469114778, 1636469115433, 655, 266, 389, 0, 0, 0
11608, 1, 1636469114783, 1636469115441, 658, 267, 391, 0, 0, 0
11609, 1, 1636469114784, 1636469115441, 657, 267, 390, 1, 0, 1
11612, 1, 1636469114841, 1636469115496, 655, 262, 393, 1, 0, 1
11611, 1, 1636469114815, 1636469115501, 686, 300, 386, 0, 1, 1
11613, 1, 1636469114926, 1636469115581, 655, 262, 393, 0, 0, 0
11568, 2, 1636469113193, 1636469115627, 2434, 0, 2434, 0, 0, 0
11561, 2, 1636469113088, 1636469115627, 2539, 0, 2539, 0, 1, 1
11614, 1, 1636469115086, 1636469115741, 655, 262, 393, 0, 0, 0
11615, 1, 1636469115098, 1636469115749, 651, 262, 389, 0, 0, 0
11616, 1, 1636469115114, 1636469115777, 663, 268, 395, 1, 0, 1
11578, 2, 1636469113542, 1636469115802, 2260, 0, 2260, 0, 0, 0
11617, 1, 1636469115158, 1636469115813, 655, 263, 392, 1, 0, 1
11620, 1, 1636469115411, 1636469116064, 653, 262, 391, 1, 1, 2
11621, 1, 1636469115418, 1636469116073, 655, 263, 392, 3, 0, 3
11622, 1, 1636469115419, 1636469116077, 658, 262, 396, 2, 0, 2
11619, 1, 1636469115405, 1636469116093, 688, 294, 394, 1, 0, 1
11623, 1, 1636469115444, 1636469116101, 657, 264, 393, 0, 2, 2
11625, 1, 1636469115450, 1636469116109, 659, 261, 398, 0, 0, 0
11624, 1, 1636469115449, 1636469116109, 660, 267, 393, 1, 2, 3
11627, 1, 1636469115507, 1636469116164, 657, 262, 395, 2, 1, 3
11628, 1, 1636469115592, 1636469116248, 656, 262, 394, 0, 0, 0
11629, 1, 1636469115713, 1636469116369, 656, 267, 389, 1, 0, 1
11630, 1, 1636469115713, 1636469116369, 656, 263, 393, 1, 0, 1
11631, 1, 1636469115752, 1636469116413, 661, 263, 398, 1, 0, 1
11632, 1, 1636469115764, 1636469116421, 657, 266, 391, 1, 0, 1
11633, 1, 1636469115780, 1636469116449, 669, 270, 399, 1, 0, 1
11634, 1, 1636469115825, 1636469116477, 652, 263, 389, 0, 1, 1
11635, 1, 1636469115889, 1636469116725, 836, 435, 401, 1, 1, 2
11602, 2, 1636469114468, 1636469116730, 2262, 1, 2261, 1, 0, 1
11636, 1, 1636469116077, 1636469116733, 656, 262, 394, 0, 0, 0
11637, 1, 1636469116085, 1636469116737, 652, 262, 390, 0, 0, 0
11639, 1, 1636469116094, 1636469116745, 651, 263, 388, 1, 2, 3
11640, 1, 1636469116110, 1636469116769, 659, 262, 397, 0, 0, 0
11641, 1, 1636469116116, 1636469116769, 653, 264, 389, 2, 0, 2
11642, 1, 1636469116116, 1636469116769, 653, 263, 390, 0, 1, 1
11643, 1, 1636469116173, 1636469116833, 660, 263, 397, 0, 1, 1
11644, 1, 1636469116258, 1636469116913, 655, 262, 393, 0, 0, 0
11645, 1, 1636469116370, 1636469117021, 651, 264, 387, 2, 1, 3
11646, 1, 1636469116371, 1636469117025, 654, 267, 387, 1, 0, 1
11610, 2, 1636469114810, 1636469117070, 2260, 0, 2260, 0, 0, 0
11647, 1, 1636469116418, 1636469117076, 658, 270, 388, 0, 0, 0
11638, 1, 1636469116086, 1636469117085, 999, 606, 393, 1, 0, 1
11648, 1, 1636469116430, 1636469117089, 659, 266, 393, 0, 0, 0
11649, 1, 1636469116450, 1636469117105, 655, 262, 393, 0, 0, 0
11650, 1, 1636469116491, 1636469117141, 650, 263, 387, 0, 0, 0
11651, 1, 1636469116726, 1636469117401, 675, 271, 404, 0, 3, 3
11652, 1, 1636469116743, 1636469117401, 658, 262, 396, 0, 0, 0
11653, 1, 1636469116751, 1636469117409, 658, 266, 392, 0, 0, 0
11654, 1, 1636469116760, 1636469117417, 657, 264, 393, 1, 0, 1
11618, 2, 1636469115158, 1636469117422, 2264, 0, 2264, 0, 0, 0
11655, 1, 1636469116776, 1636469117429, 653, 266, 387, 0, 0, 0
11656, 1, 1636469116782, 1636469117437, 655, 263, 392, 2, 0, 2
11657, 1, 1636469116783, 1636469117437, 654, 262, 392, 1, 1, 2
11658, 1, 1636469116817, 1636469117485, 668, 277, 391, 2, 5, 7
11659, 1, 1636469116839, 1636469117496, 657, 262, 395, 0, 0, 0
11660, 1, 1636469116924, 1636469117580, 656, 266, 390, 0, 0, 0
11661, 1, 1636469117036, 1636469117685, 649, 262, 387, 0, 0, 0
11662, 1, 1636469117037, 1636469117697, 660, 265, 395, 0, 3, 3
11663, 1, 1636469117084, 1636469117741, 657, 264, 393, 3, 0, 3
11665, 1, 1636469117096, 1636469117753, 657, 262, 395, 1, 0, 1
11626, 2, 1636469115502, 1636469117762, 2260, 0, 2260, 0, 0, 0
11666, 1, 1636469117116, 1636469117777, 661, 265, 396, 0, 0, 0
11667, 1, 1636469117157, 1636469117813, 656, 263, 393, 1, 0, 1
11668, 1, 1636469117161, 1636469117833, 672, 284, 388, 2, 0, 2
11670, 1, 1636469117410, 1636469118061, 651, 262, 389, 0, 0, 0
11669, 1, 1636469117402, 1636469118061, 659, 262, 397, 1, 0, 1
11671, 1, 1636469117417, 1636469118061, 644, 260, 384, 0, 1, 1
11674, 1, 1636469117449, 1636469118105, 656, 267, 389, 1, 0, 1
11675, 1, 1636469117449, 1636469118105, 656, 262, 394, 0, 1, 1
11676, 1, 1636469117486, 1636469118133, 647, 263, 384, 1, 1, 2
11677, 1, 1636469117505, 1636469118157, 652, 263, 389, 0, 1, 1
11678, 1, 1636469117509, 1636469118177, 668, 282, 386, 0, 1, 1
11679, 1, 1636469117590, 1636469118245, 655, 262, 393, 0, 2, 2
11680, 1, 1636469117702, 1636469118353, 651, 262, 389, 2, 0, 2
11681, 1, 1636469117703, 1636469118353, 650, 263, 387, 3, 0, 3
11682, 1, 1636469117750, 1636469118405, 655, 262, 393, 0, 0, 0
11672, 1, 1636469117426, 1636469118409, 983, 595, 388, 0, 0, 0
11683, 1, 1636469117762, 1636469118412, 650, 262, 388, 0, 1, 1
11684, 1, 1636469117782, 1636469118453, 671, 278, 393, 0, 0, 0
11685, 1, 1636469117823, 1636469118476, 653, 258, 395, 0, 0, 0
11686, 1, 1636469117835, 1636469118481, 646, 258, 388, 0, 0, 0
11687, 1, 1636469117849, 1636469118525, 676, 287, 389, 0, 1, 1
11688, 1, 1636469118068, 1636469118720, 652, 262, 390, 0, 0, 0
11690, 1, 1636469118084, 1636469118737, 653, 262, 391, 0, 0, 0
11692, 1, 1636469118115, 1636469118764, 649, 263, 386, 1, 1, 2
11691, 1, 1636469118114, 1636469118768, 654, 263, 391, 1, 1, 2
11693, 1, 1636469118152, 1636469118805, 653, 266, 387, 0, 0, 0
11689, 1, 1636469118075, 1636469118825, 750, 366, 384, 1, 0, 1
11696, 1, 1636469118256, 1636469118913, 657, 262, 395, 0, 1, 1
11697, 1, 1636469118368, 1636469119025, 657, 263, 394, 1, 1, 2
11698, 1, 1636469118369, 1636469119025, 656, 264, 392, 0, 2, 2
11699, 1, 1636469118410, 1636469119069, 659, 267, 392, 0, 1, 1
11700, 1, 1636469118416, 1636469119081, 665, 262, 403, 0, 0, 0
11702, 1, 1636469118454, 1636469119109, 655, 262, 393, 1, 0, 1
11703, 1, 1636469118490, 1636469119153, 663, 267, 396, 0, 0, 0
11704, 1, 1636469118501, 1636469119157, 656, 267, 389, 0, 1, 1
11695, 1, 1636469118178, 1636469119169, 991, 604, 387, 0, 3, 3
11664, 2, 1636469117086, 1636469119354, 2268, 1, 2267, 0, 1, 1
11706, 1, 1636469118735, 1636469119392, 657, 262, 395, 0, 0, 0
11707, 1, 1636469118750, 1636469119405, 655, 263, 392, 0, 0, 0
11708, 1, 1636469118781, 1636469119433, 652, 262, 390, 2, 0, 2
11709, 1, 1636469118782, 1636469119453, 671, 283, 388, 3, 0, 3
11710, 1, 1636469118818, 1636469119473, 655, 262, 393, 0, 0, 0
11711, 1, 1636469118826, 1636469119484, 658, 265, 393, 1, 0, 1
11705, 1, 1636469118526, 1636469119517, 991, 598, 393, 2, 0, 2
11714, 1, 1636469119036, 1636469119689, 653, 264, 389, 0, 1, 1
11673, 2, 1636469117442, 1636469119703, 2261, 0, 2261, 1, 0, 1
11716, 1, 1636469119082, 1636469119736, 654, 263, 391, 0, 0, 0
11715, 1, 1636469119076, 1636469119737, 661, 266, 395, 0, 1, 1
11717, 1, 1636469119120, 1636469119777, 657, 263, 394, 1, 1, 2
11718, 1, 1636469119156, 1636469119812, 656, 263, 393, 0, 1, 1
11719, 1, 1636469119167, 1636469119821, 654, 263, 391, 1, 0, 1
11713, 1, 1636469119034, 1636469119832, 798, 407, 391, 0, 1, 1
11721, 1, 1636469119402, 1636469120057, 655, 262, 393, 0, 1, 1
11722, 1, 1636469119416, 1636469120073, 657, 262, 395, 0, 0, 0
11723, 1, 1636469119441, 1636469120109, 668, 270, 398, 0, 0, 0
11724, 1, 1636469119447, 1636469120113, 666, 266, 400, 0, 0, 0
11725, 1, 1636469119454, 1636469120121, 667, 266, 401, 0, 1, 1
11726, 1, 1636469119484, 1636469120137, 653, 261, 392, 0, 0, 0
11727, 1, 1636469119492, 1636469120145, 653, 262, 391, 1, 1, 2
11720, 1, 1636469119171, 1636469120177, 1006, 620, 386, 0, 2, 2
11729, 1, 1636469119702, 1636469120356, 654, 263, 391, 1, 1, 2
11730, 1, 1636469119742, 1636469120392, 650, 267, 383, 1, 1, 2
11731, 1, 1636469119748, 1636469120409, 661, 262, 399, 1, 0, 1
11694, 2, 1636469118171, 1636469120434, 2263, 0, 2263, 0, 0, 0
11733, 1, 1636469119793, 1636469120440, 647, 261, 386, 2, 0, 2
11734, 1, 1636469119822, 1636469120477, 655, 263, 392, 0, 0, 0
11735, 1, 1636469119834, 1636469120493, 659, 264, 395, 3, 0, 3
11736, 1, 1636469119834, 1636469120493, 659, 260, 399, 1, 0, 1
11728, 1, 1636469119518, 1636469120525, 1007, 614, 393, 1, 0, 1
11701, 2, 1636469118428, 1636469120695, 2267, 0, 2267, 0, 0, 0
11737, 1, 1636469120067, 1636469120729, 662, 266, 396, 1, 0, 1
11738, 1, 1636469120082, 1636469120741, 659, 262, 397, 0, 0, 0
11739, 1, 1636469120110, 1636469120765, 655, 263, 392, 1, 0, 1
11740, 1, 1636469120114, 1636469120769, 655, 262, 393, 0, 0, 0
11741, 1, 1636469120122, 1636469120777, 655, 262, 393, 0, 0, 0
11743, 1, 1636469120158, 1636469120805, 647, 263, 384, 0, 1, 1
11744, 1, 1636469120178, 1636469120829, 651, 263, 388, 0, 1, 1
11745, 1, 1636469120368, 1636469121013, 645, 258, 387, 0, 0, 0
11746, 1, 1636469120408, 1636469121061, 653, 263, 390, 1, 0, 1
11747, 1, 1636469120414, 1636469121068, 654, 262, 392, 0, 2, 2
11748, 1, 1636469120442, 1636469121101, 659, 266, 393, 0, 0, 0
11749, 1, 1636469120488, 1636469121137, 649, 265, 384, 2, 1, 3
11751, 1, 1636469120501, 1636469121152, 651, 267, 384, 0, 1, 1
11750, 1, 1636469120499, 1636469121152, 653, 264, 389, 0, 2, 2
11753, 1, 1636469120526, 1636469121181, 655, 262, 393, 0, 0, 0
11752, 1, 1636469120521, 1636469121181, 660, 262, 398, 0, 0, 0
11712, 2, 1636469118922, 1636469121186, 2264, 0, 2264, 0, 0, 0
11754, 1, 1636469120734, 1636469121385, 651, 262, 389, 1, 0, 1
11755, 1, 1636469120748, 1636469121401, 653, 263, 390, 1, 0, 1
11757, 1, 1636469120780, 1636469121429, 649, 264, 385, 1, 1, 2
11756, 1, 1636469120776, 1636469121429, 653, 262, 391, 0, 0, 0
11761, 1, 1636469120845, 1636469121497, 652, 265, 387, 0, 0, 0
11760, 1, 1636469120824, 1636469121497, 673, 287, 386, 2, 1, 3
11762, 1, 1636469121034, 1636469121693, 659, 266, 393, 0, 0, 0
11763, 1, 1636469121074, 1636469121721, 647, 263, 384, 0, 1, 1
11764, 1, 1636469121080, 1636469121732, 652, 263, 389, 0, 1, 1
11765, 1, 1636469121109, 1636469121761, 652, 262, 390, 1, 0, 1
11766, 1, 1636469121154, 1636469121805, 651, 264, 387, 0, 0, 0
11768, 1, 1636469121167, 1636469121813, 646, 262, 384, 0, 1, 1
11767, 1, 1636469121166, 1636469121817, 651, 262, 389, 0, 0, 0
11769, 1, 1636469121182, 1636469121833, 651, 262, 389, 0, 0, 0
11770, 1, 1636469121192, 1636469121840, 648, 263, 385, 0, 1, 1
11771, 1, 1636469121273, 1636469121924, 651, 262, 389, 0, 0, 0
11732, 2, 1636469119786, 1636469122055, 2269, 0, 2269, 1, 0, 1
11772, 1, 1636469121401, 1636469122056, 655, 262, 393, 1, 0, 1
11773, 1, 1636469121414, 1636469122073, 659, 262, 397, 0, 0, 0
11774, 1, 1636469121442, 1636469122093, 651, 262, 389, 0, 0, 0
11775, 1, 1636469121446, 1636469122100, 654, 263, 391, 1, 0, 1
11776, 1, 1636469121498, 1636469122153, 655, 266, 389, 0, 0, 0
11777, 1, 1636469121512, 1636469122165, 653, 262, 391, 0, 0, 0
11778, 1, 1636469121700, 1636469122353, 653, 262, 391, 0, 0, 0
11779, 1, 1636469121740, 1636469122393, 653, 263, 390, 0, 1, 1
11780, 1, 1636469121746, 1636469122401, 655, 263, 392, 1, 0, 1
11781, 1, 1636469121774, 1636469122429, 655, 262, 393, 0, 0, 0
11782, 1, 1636469121821, 1636469122473, 652, 264, 388, 1, 0, 1
11783, 1, 1636469121832, 1636469122481, 649, 265, 384, 2, 1, 3
11784, 1, 1636469121833, 1636469122492, 659, 271, 388, 1, 0, 1
11785, 1, 1636469121847, 1636469122500, 653, 263, 390, 0, 2, 2
11786, 1, 1636469121858, 1636469122513, 655, 268, 387, 0, 1, 1
11742, 1, 1636469120150, 1636469122533, 2383, 1994, 389, 0, 0, 0
11789, 1, 1636469122080, 1636469122741, 661, 265, 396, 1, 0, 1
11791, 1, 1636469122112, 1636469122764, 652, 262, 390, 1, 2, 3
11790, 1, 1636469122109, 1636469122764, 655, 263, 392, 2, 0, 2
11788, 1, 1636469122068, 1636469122829, 761, 371, 390, 1, 1, 2
11794, 1, 1636469122179, 1636469122837, 658, 263, 395, 0, 1, 1
11787, 1, 1636469121926, 1636469122840, 914, 522, 392, 0, 0, 0
11793, 1, 1636469122165, 1636469122880, 715, 326, 389, 1, 0, 1
11795, 1, 1636469122366, 1636469123021, 655, 262, 393, 0, 1, 1
11796, 1, 1636469122406, 1636469123053, 647, 263, 384, 1, 0, 1
11758, 2, 1636469120789, 1636469123054, 2265, 0, 2265, 0, 0, 0
11759, 2, 1636469120789, 1636469123055, 2266, 0, 2266, 0, 1, 1
11797, 1, 1636469122412, 1636469123068, 656, 266, 390, 0, 2, 2
11798, 1, 1636469122440, 1636469123101, 661, 266, 395, 1, 0, 1
11799, 1, 1636469122487, 1636469123141, 654, 267, 387, 2, 0, 2
11801, 1, 1636469122500, 1636469123157, 657, 263, 394, 2, 0, 2
11802, 1, 1636469122514, 1636469123165, 651, 262, 389, 0, 0, 0
11803, 1, 1636469122524, 1636469123188, 664, 275, 389, 0, 0, 0
11804, 1, 1636469122534, 1636469123193, 659, 267, 392, 1, 0, 1
11800, 1, 1636469122498, 1636469123229, 731, 339, 392, 1, 0, 1
11805, 1, 1636469122746, 1636469123401, 655, 263, 392, 0, 0, 0
11806, 1, 1636469122775, 1636469123428, 653, 262, 391, 0, 0, 0
11807, 1, 1636469122778, 1636469123436, 658, 262, 396, 0, 0, 0
11809, 1, 1636469122842, 1636469123504, 662, 266, 396, 1, 1, 2
11792, 1, 1636469122141, 1636469123533, 1392, 1002, 390, 0, 0, 0
11811, 1, 1636469122882, 1636469123537, 655, 270, 385, 0, 0, 0
11810, 1, 1636469122845, 1636469123577, 732, 339, 393, 0, 1, 1
11812, 1, 1636469123032, 1636469123693, 661, 266, 395, 1, 0, 1
11813, 1, 1636469123072, 1636469123725, 653, 263, 390, 1, 2, 3
11814, 1, 1636469123078, 1636469123733, 655, 262, 393, 0, 0, 0
11808, 1, 1636469122830, 1636469123749, 919, 522, 397, 1, 0, 1
11815, 1, 1636469123106, 1636469123757, 651, 262, 389, 0, 0, 0
11817, 1, 1636469123141, 1636469123797, 656, 267, 389, 2, 1, 3
11818, 1, 1636469123153, 1636469123809, 656, 267, 389, 0, 0, 0
11819, 1, 1636469123167, 1636469123821, 654, 262, 392, 0, 0, 0
11820, 1, 1636469123180, 1636469123840, 660, 262, 398, 0, 0, 0
11822, 1, 1636469123200, 1636469123853, 653, 262, 391, 0, 1, 1
11823, 1, 1636469123231, 1636469123885, 654, 262, 392, 0, 0, 0
11821, 1, 1636469123190, 1636469123925, 735, 341, 394, 1, 1, 2
11824, 1, 1636469123412, 1636469124069, 657, 266, 391, 0, 0, 0
11825, 1, 1636469123442, 1636469124101, 659, 267, 392, 1, 0, 1
11826, 1, 1636469123444, 1636469124101, 657, 267, 390, 2, 0, 2
11816, 1, 1636469123141, 1636469124145, 1004, 611, 393, 1, 1, 2
11827, 1, 1636469123508, 1636469124173, 665, 270, 395, 0, 0, 0
11830, 1, 1636469123578, 1636469124236, 658, 262, 396, 2, 0, 2
11831, 1, 1636469123698, 1636469124361, 663, 266, 397, 1, 0, 1
11833, 1, 1636469123744, 1636469124401, 657, 266, 391, 0, 0, 0
11832, 1, 1636469123738, 1636469124401, 663, 262, 401, 0, 0, 0
11834, 1, 1636469123750, 1636469124413, 663, 265, 398, 1, 0, 1
11835, 1, 1636469123772, 1636469124425, 653, 262, 391, 0, 0, 0
11836, 1, 1636469123798, 1636469124452, 654, 268, 386, 1, 1, 2
11837, 1, 1636469123820, 1636469124473, 653, 263, 390, 0, 0, 0
11838, 1, 1636469123834, 1636469124485, 651, 262, 389, 0, 0, 0
11828, 1, 1636469123534, 1636469124489, 955, 566, 389, 2, 0, 2
11839, 1, 1636469123846, 1636469124505, 659, 262, 397, 0, 0, 0
11840, 1, 1636469123866, 1636469124525, 659, 271, 388, 0, 1, 1
11829, 1, 1636469123548, 1636469124525, 977, 586, 391, 0, 0, 0
11841, 1, 1636469123896, 1636469124549, 653, 263, 390, 0, 1, 1
11842, 1, 1636469123926, 1636469124585, 659, 266, 393, 1, 0, 1
11843, 1, 1636469124078, 1636469124733, 655, 262, 393, 0, 0, 0
11845, 1, 1636469124109, 1636469124769, 660, 263, 397, 2, 0, 2
11844, 1, 1636469124109, 1636469124769, 660, 263, 397, 3, 1, 4
11846, 1, 1636469124147, 1636469124801, 654, 263, 391, 0, 1, 1
11847, 1, 1636469124174, 1636469124869, 695, 302, 393, 0, 0, 0
11848, 1, 1636469124245, 1636469124893, 648, 262, 386, 0, 0, 0
11849, 1, 1636469124364, 1636469125016, 652, 262, 390, 0, 0, 0
11850, 1, 1636469124403, 1636469125057, 654, 262, 392, 0, 1, 1
11851, 1, 1636469124410, 1636469125061, 651, 262, 389, 0, 0, 0
11852, 1, 1636469124417, 1636469125069, 652, 262, 390, 0, 0, 0
11854, 1, 1636469124465, 1636469125121, 656, 262, 394, 0, 1, 1
11855, 1, 1636469124487, 1636469125137, 650, 262, 388, 1, 0, 1
11857, 1, 1636469124500, 1636469125149, 649, 262, 387, 1, 0, 1
11856, 1, 1636469124490, 1636469125153, 663, 266, 397, 0, 0, 0
11858, 1, 1636469124513, 1636469125169, 656, 263, 393, 1, 0, 1
11860, 1, 1636469124532, 1636469125189, 657, 263, 394, 1, 0, 1
11861, 1, 1636469124562, 1636469125217, 655, 263, 392, 1, 1, 2
11859, 1, 1636469124526, 1636469125217, 691, 301, 390, 0, 0, 0
11853, 1, 1636469124438, 1636469125245, 807, 411, 396, 1, 2, 3
11863, 1, 1636469124744, 1636469125396, 652, 263, 389, 0, 1, 1
11864, 1, 1636469124776, 1636469125436, 660, 271, 389, 2, 0, 2
11865, 1, 1636469124776, 1636469125437, 661, 264, 397, 2, 1, 3
11866, 1, 1636469124812, 1636469125468, 656, 262, 394, 0, 0, 0
11867, 1, 1636469124870, 1636469125544, 674, 278, 396, 0, 0, 0
11868, 1, 1636469124911, 1636469125565, 654, 262, 392, 0, 1, 1
11862, 1, 1636469124592, 1636469125589, 997, 607, 390, 0, 0, 0
11869, 1, 1636469125030, 1636469125689, 659, 262, 397, 0, 0, 0
11870, 1, 1636469125070, 1636469125721, 651, 262, 389, 1, 0, 1
11871, 1, 1636469125076, 1636469125733, 657, 267, 390, 0, 1, 1
11872, 1, 1636469125083, 1636469125737, 654, 263, 391, 2, 1, 3
11873, 1, 1636469125131, 1636469125781, 650, 262, 388, 0, 0, 0
11874, 1, 1636469125153, 1636469125809, 656, 262, 394, 0, 0, 0
11875, 1, 1636469125156, 1636469125812, 656, 262, 394, 1, 0, 1
11876, 1, 1636469125167, 1636469125829, 662, 263, 399, 2, 1, 3
11877, 1, 1636469125179, 1636469125837, 658, 263, 395, 1, 0, 1
11878, 1, 1636469125198, 1636469125849, 651, 263, 388, 0, 2, 2
11880, 1, 1636469125228, 1636469125881, 653, 263, 390, 1, 0, 1
11879, 1, 1636469125219, 1636469125893, 674, 287, 387, 0, 3, 3
11882, 1, 1636469125411, 1636469126064, 653, 262, 391, 0, 0, 0
11881, 1, 1636469125246, 1636469126081, 835, 446, 389, 0, 0, 0
11883, 1, 1636469125442, 1636469126101, 659, 267, 392, 0, 0, 0
11884, 1, 1636469125442, 1636469126101, 659, 264, 395, 0, 1, 1
11885, 1, 1636469125478, 1636469126128, 650, 264, 386, 2, 0, 2
11886, 1, 1636469125546, 1636469126205, 659, 262, 397, 0, 0, 0
11887, 1, 1636469125578, 1636469126241, 663, 263, 400, 0, 0, 0
11890, 1, 1636469125735, 1636469126392, 657, 266, 391, 0, 0, 0
11891, 1, 1636469125742, 1636469126405, 663, 267, 396, 0, 0, 0
11892, 1, 1636469125750, 1636469126412, 662, 267, 395, 1, 0, 1
11888, 1, 1636469125590, 1636469126433, 843, 451, 392, 2, 0, 2
11889, 1, 1636469125696, 1636469126449, 753, 362, 391, 0, 0, 0
11893, 1, 1636469125798, 1636469126457, 659, 266, 393, 1, 1, 2
11894, 1, 1636469125819, 1636469126477, 658, 262, 396, 0, 0, 0
11895, 1, 1636469125822, 1636469126484, 662, 266, 396, 0, 0, 0
11896, 1, 1636469125834, 1636469126493, 659, 266, 393, 0, 0, 0
11897, 1, 1636469125845, 1636469126505, 660, 267, 393, 2, 0, 2
11898, 1, 1636469125864, 1636469126521, 657, 262, 395, 0, 0, 0
11899, 1, 1636469125894, 1636469126548, 654, 266, 388, 1, 0, 1
11901, 1, 1636469126078, 1636469126741, 663, 269, 394, 3, 1, 4
11902, 1, 1636469126082, 1636469126741, 659, 267, 392, 2, 0, 2
11904, 1, 1636469126109, 1636469126769, 660, 266, 394, 0, 0, 0
11900, 1, 1636469125894, 1636469126780, 886, 495, 391, 1, 1, 2
11903, 1, 1636469126108, 1636469126781, 673, 271, 402, 3, 1, 4
11906, 1, 1636469126213, 1636469126872, 659, 262, 397, 0, 0, 0
11907, 1, 1636469126243, 1636469126900, 657, 262, 395, 0, 0, 0
11908, 1, 1636469126402, 1636469127056, 654, 267, 387, 0, 0, 0
11909, 1, 1636469126408, 1636469127069, 661, 266, 395, 0, 0, 0
11910, 1, 1636469126417, 1636469127081, 664, 266, 398, 1, 0, 1
11911, 1, 1636469126435, 1636469127093, 658, 267, 391, 1, 0, 1
11912, 1, 1636469126450, 1636469127108, 658, 267, 391, 0, 0, 0
11913, 1, 1636469126464, 1636469127121, 657, 262, 395, 0, 0, 0
11914, 1, 1636469126486, 1636469127136, 650, 267, 383, 0, 0, 0
11915, 1, 1636469126488, 1636469127140, 652, 262, 390, 0, 0, 0
11916, 1, 1636469126500, 1636469127153, 653, 266, 387, 0, 0, 0
11917, 1, 1636469126511, 1636469127165, 654, 266, 388, 0, 0, 0
11918, 1, 1636469126531, 1636469127181, 650, 265, 385, 0, 1, 1
11919, 1, 1636469126560, 1636469127221, 661, 270, 391, 0, 0, 0
11920, 1, 1636469126744, 1636469127397, 653, 263, 390, 1, 1, 2
11921, 1, 1636469126748, 1636469127401, 653, 262, 391, 0, 0, 0
11922, 1, 1636469126775, 1636469127433, 658, 266, 392, 0, 0, 0
11924, 1, 1636469126782, 1636469127441, 659, 267, 392, 0, 0, 0
11923, 1, 1636469126782, 1636469127445, 663, 267, 396, 1, 0, 1
11925, 1, 1636469126879, 1636469127536, 657, 266, 391, 0, 0, 0
11926, 1, 1636469126910, 1636469127565, 655, 267, 388, 0, 1, 1
11927, 1, 1636469127068, 1636469127721, 653, 263, 390, 2, 2, 4
11928, 1, 1636469127074, 1636469127729, 655, 266, 389, 1, 0, 1
11929, 1, 1636469127084, 1636469127737, 653, 262, 391, 0, 0, 0
11930, 1, 1636469127101, 1636469127757, 656, 262, 394, 0, 0, 0
11931, 1, 1636469127116, 1636469127773, 657, 263, 394, 0, 1, 1
11932, 1, 1636469127131, 1636469127792, 661, 266, 395, 0, 0, 0
11933, 1, 1636469127152, 1636469127809, 657, 263, 394, 0, 1, 1
11934, 1, 1636469127154, 1636469127809, 655, 262, 393, 0, 0, 0
11935, 1, 1636469127166, 1636469127816, 650, 263, 387, 1, 0, 1
11936, 1, 1636469127178, 1636469127833, 655, 262, 393, 1, 0, 1
11937, 1, 1636469127196, 1636469127845, 649, 263, 386, 0, 2, 2
11938, 1, 1636469127226, 1636469127885, 659, 267, 392, 1, 0, 1
11940, 1, 1636469127414, 1636469128073, 659, 262, 397, 0, 0, 0
11939, 1, 1636469127410, 1636469128073, 663, 262, 401, 0, 0, 0
11941, 1, 1636469127442, 1636469128093, 651, 262, 389, 0, 0, 0
11942, 1, 1636469127448, 1636469128109, 661, 267, 394, 1, 1, 2
11943, 1, 1636469127448, 1636469128109, 661, 267, 394, 2, 0, 2
11944, 1, 1636469127546, 1636469128201, 655, 262, 393, 0, 0, 0
11945, 1, 1636469127575, 1636469128241, 666, 270, 396, 0, 0, 0
11946, 1, 1636469127734, 1636469128389, 655, 266, 389, 1, 0, 1
11947, 1, 1636469127740, 1636469128401, 661, 266, 395, 0, 0, 0
11949, 1, 1636469127768, 1636469128417, 649, 262, 387, 0, 0, 0
11948, 1, 1636469127750, 1636469128417, 667, 270, 397, 0, 0, 0
11950, 1, 1636469127782, 1636469128437, 655, 266, 389, 0, 0, 0
11951, 1, 1636469127798, 1636469128453, 655, 262, 393, 0, 0, 0
11953, 1, 1636469127820, 1636469128473, 653, 266, 387, 2, 0, 2
11952, 1, 1636469127818, 1636469128473, 655, 266, 389, 2, 0, 2
11954, 1, 1636469127832, 1636469128489, 657, 262, 395, 0, 0, 0
11955, 1, 1636469127844, 1636469128497, 653, 263, 390, 0, 0, 0
11956, 1, 1636469127862, 1636469128512, 650, 263, 387, 0, 2, 2
11905, 2, 1636469126144, 1636469128546, 2402, 92, 2310, 0, 0, 0
11957, 1, 1636469127893, 1636469128561, 668, 270, 398, 0, 0, 0
11958, 1, 1636469128076, 1636469128737, 661, 267, 394, 1, 0, 1
11959, 1, 1636469128080, 1636469128737, 657, 267, 390, 0, 2, 2
11960, 1, 1636469128109, 1636469128764, 655, 263, 392, 2, 0, 2
11962, 1, 1636469128114, 1636469128769, 655, 263, 392, 1, 0, 1
11961, 1, 1636469128114, 1636469128772, 658, 262, 396, 0, 0, 0
11963, 1, 1636469128211, 1636469128860, 649, 262, 387, 0, 0, 0
11964, 1, 1636469128242, 1636469128897, 655, 268, 387, 0, 3, 3
11966, 1, 1636469128407, 1636469129069, 662, 262, 400, 0, 0, 0
11967, 1, 1636469128418, 1636469129069, 651, 262, 389, 1, 0, 1
11969, 1, 1636469128448, 1636469129097, 649, 264, 385, 1, 0, 1
11970, 1, 1636469128464, 1636469129121, 657, 263, 394, 1, 1, 2
11965, 1, 1636469128401, 1636469129125, 724, 334, 390, 0, 1, 1
11972, 1, 1636469128486, 1636469129149, 663, 268, 395, 1, 0, 1
11971, 1, 1636469128484, 1636469129149, 665, 266, 399, 1, 0, 1
11973, 1, 1636469128499, 1636469129153, 654, 266, 388, 0, 0, 0
11974, 1, 1636469128510, 1636469129165, 655, 267, 388, 0, 1, 1
11975, 1, 1636469128528, 1636469129177, 649, 263, 386, 1, 1, 2
11968, 1, 1636469128435, 1636469129212, 777, 391, 386, 1, 0, 1
11977, 1, 1636469128637, 1636469129296, 659, 266, 393, 2, 0, 2
11979, 1, 1636469128746, 1636469129401, 655, 267, 388, 1, 0, 1
11978, 1, 1636469128742, 1636469129405, 663, 267, 396, 1, 0, 1
11981, 1, 1636469128779, 1636469129437, 658, 263, 395, 1, 1, 2
11980, 1, 1636469128776, 1636469129437, 661, 266, 395, 2, 0, 2
11982, 1, 1636469128780, 1636469129449, 669, 273, 396, 2, 3, 5
11983, 1, 1636469128878, 1636469129537, 659, 262, 397, 0, 0, 0
11976, 1, 1636469128562, 1636469129564, 1002, 610, 392, 0, 1, 1
11984, 1, 1636469128909, 1636469129565, 656, 262, 394, 0, 1, 1
11985, 1, 1636469129073, 1636469129729, 656, 262, 394, 0, 0, 0
11986, 1, 1636469129084, 1636469129749, 665, 274, 391, 0, 0, 0
11987, 1, 1636469129114, 1636469129769, 655, 262, 393, 0, 0, 0
11988, 1, 1636469129126, 1636469129777, 651, 263, 388, 1, 0, 1
11989, 1, 1636469129130, 1636469129784, 654, 262, 392, 1, 0, 1
11990, 1, 1636469129150, 1636469129800, 650, 263, 387, 0, 1, 1
11991, 1, 1636469129152, 1636469129804, 652, 262, 390, 0, 0, 0
11993, 1, 1636469129176, 1636469129828, 652, 258, 394, 0, 0, 0
11994, 1, 1636469129194, 1636469129849, 655, 262, 393, 1, 0, 1
11995, 1, 1636469129215, 1636469129865, 650, 262, 388, 0, 0, 0
11996, 1, 1636469129298, 1636469129953, 655, 262, 393, 0, 0, 0
11997, 1, 1636469129408, 1636469130057, 649, 262, 387, 1, 0, 1
11998, 1, 1636469129412, 1636469130060, 648, 262, 386, 0, 2, 2
11999, 1, 1636469129443, 1636469130097, 654, 263, 391, 1, 1, 2
11992, 1, 1636469129166, 1636469130129, 963, 571, 392, 0, 1, 1
12001, 1, 1636469129450, 1636469130176, 726, 335, 391, 0, 0, 0
12002, 1, 1636469129543, 1636469130196, 653, 262, 391, 0, 0, 0
12003, 1, 1636469129566, 1636469130216, 650, 262, 388, 0, 0, 0
12004, 1, 1636469129574, 1636469130232, 658, 262, 396, 0, 0, 0
12005, 1, 1636469129739, 1636469130389, 650, 262, 388, 0, 1, 1
12006, 1, 1636469129751, 1636469130412, 661, 266, 395, 0, 0, 0
12000, 1, 1636469129446, 1636469130413, 967, 570, 397, 1, 0, 1
12007, 1, 1636469129780, 1636469130441, 661, 267, 394, 1, 0, 1
12009, 1, 1636469129797, 1636469130449, 652, 263, 389, 0, 1, 1
12008, 1, 1636469129793, 1636469130449, 656, 266, 390, 0, 1, 1
12010, 1, 1636469129817, 1636469130469, 652, 263, 389, 2, 0, 2
12011, 1, 1636469129818, 1636469130477, 659, 266, 393, 0, 0, 0
12012, 1, 1636469129842, 1636469130493, 651, 261, 390, 1, 0, 1
12013, 1, 1636469129860, 1636469130517, 657, 267, 390, 0, 1, 1
12014, 1, 1636469129881, 1636469130545, 664, 274, 390, 0, 1, 1
12015, 1, 1636469129964, 1636469130625, 661, 266, 395, 1, 0, 1
12017, 1, 1636469130078, 1636469130733, 655, 262, 393, 0, 0, 0
12016, 1, 1636469130074, 1636469130733, 659, 262, 397, 0, 0, 0
12018, 1, 1636469130109, 1636469130825, 716, 326, 390, 0, 0, 0
12020, 1, 1636469130178, 1636469130828, 650, 262, 388, 0, 1, 1
12019, 1, 1636469130130, 1636469130865, 735, 347, 388, 0, 1, 1
12021, 1, 1636469130210, 1636469130869, 659, 262, 397, 0, 0, 0
12022, 1, 1636469130232, 1636469130889, 657, 270, 387, 0, 1, 1
12023, 1, 1636469130241, 1636469130893, 652, 262, 390, 0, 0, 0
12024, 1, 1636469130405, 1636469131061, 656, 263, 393, 0, 1, 1
12026, 1, 1636469130418, 1636469131077, 659, 262, 397, 1, 0, 1
12025, 1, 1636469130414, 1636469131077, 663, 266, 397, 2, 0, 2
12027, 1, 1636469130446, 1636469131101, 655, 258, 397, 0, 0, 0
12028, 1, 1636469130459, 1636469131113, 654, 262, 392, 0, 0, 0
12029, 1, 1636469130463, 1636469131121, 658, 263, 395, 2, 1, 3
12030, 1, 1636469130483, 1636469131136, 653, 263, 390, 1, 0, 1
12031, 1, 1636469130484, 1636469131137, 653, 263, 390, 0, 1, 1
12032, 1, 1636469130507, 1636469131165, 658, 263, 395, 2, 0, 2
12033, 1, 1636469130526, 1636469131180, 654, 262, 392, 0, 0, 0
12034, 1, 1636469130546, 1636469131201, 655, 262, 393, 0, 0, 0
12035, 1, 1636469130630, 1636469131288, 658, 262, 396, 0, 0, 0
12036, 1, 1636469130740, 1636469131397, 657, 266, 391, 0, 0, 0
12037, 1, 1636469130744, 1636469131405, 661, 266, 395, 0, 0, 0
12038, 1, 1636469130826, 1636469131489, 663, 266, 397, 0, 0, 0
12039, 1, 1636469130844, 1636469131505, 661, 266, 395, 0, 0, 0
12040, 1, 1636469130866, 1636469131533, 667, 274, 393, 1, 0, 1
12042, 1, 1636469130898, 1636469131552, 654, 262, 392, 0, 1, 1
12043, 1, 1636469130908, 1636469131581, 673, 271, 402, 1, 1, 2
12044, 1, 1636469131071, 1636469131729, 658, 261, 397, 0, 1, 1
12046, 1, 1636469131084, 1636469131749, 665, 266, 399, 0, 0, 0
12045, 1, 1636469131080, 1636469131749, 669, 267, 402, 0, 0, 0
12041, 1, 1636469130876, 1636469131761, 885, 482, 403, 0, 0, 0
12048, 1, 1636469131126, 1636469131796, 670, 263, 407, 0, 1, 1
12049, 1, 1636469131129, 1636469131813, 684, 274, 410, 0, 0, 0
12050, 1, 1636469131149, 1636469131816, 667, 267, 400, 1, 1, 2
12051, 1, 1636469131150, 1636469131821, 671, 267, 404, 0, 0, 0
12052, 1, 1636469131173, 1636469131837, 664, 266, 398, 0, 0, 0
12053, 1, 1636469131192, 1636469131877, 685, 267, 418, 1, 0, 1
12055, 1, 1636469131296, 1636469131973, 677, 262, 415, 1, 1, 2
12056, 1, 1636469131407, 1636469132061, 654, 268, 386, 1, 1, 2
12057, 1, 1636469131410, 1636469132061, 651, 263, 388, 1, 0, 1
12047, 1, 1636469131112, 1636469132105, 993, 603, 390, 1, 0, 1
12054, 1, 1636469131212, 1636469132113, 901, 506, 395, 0, 0, 0
12058, 1, 1636469131494, 1636469132157, 663, 267, 396, 1, 1, 2
12059, 1, 1636469131510, 1636469132169, 659, 262, 397, 0, 0, 0
12062, 1, 1636469131583, 1636469132240, 657, 267, 390, 1, 1, 2
12063, 1, 1636469131737, 1636469132393, 656, 266, 390, 0, 0, 0
12060, 1, 1636469131534, 1636469132408, 874, 486, 388, 2, 1, 3
12065, 1, 1636469131751, 1636469132409, 658, 265, 393, 1, 2, 3
12064, 1, 1636469131750, 1636469132409, 659, 266, 393, 1, 2, 3
12066, 1, 1636469131762, 1636469132421, 659, 262, 397, 0, 0, 0
12067, 1, 1636469131798, 1636469132449, 651, 267, 384, 1, 1, 2
12061, 1, 1636469131564, 1636469132457, 893, 507, 386, 0, 1, 1
12068, 1, 1636469131814, 1636469132472, 658, 267, 391, 0, 1, 1
12069, 1, 1636469131818, 1636469132472, 654, 267, 387, 0, 0, 0
12070, 1, 1636469131822, 1636469132481, 659, 261, 398, 0, 1, 1
12071, 1, 1636469131839, 1636469132497, 658, 261, 397, 1, 2, 3
12072, 1, 1636469131878, 1636469132537, 659, 262, 397, 0, 1, 1
12073, 1, 1636469131975, 1636469132625, 650, 264, 386, 4, 0, 4
12074, 1, 1636469132073, 1636469132725, 652, 266, 386, 2, 0, 2
12075, 1, 1636469132077, 1636469132729, 652, 262, 390, 1, 0, 1
12076, 1, 1636469132106, 1636469132761, 655, 263, 392, 0, 1, 1
12078, 1, 1636469132159, 1636469132817, 658, 266, 392, 0, 1, 1
12079, 1, 1636469132176, 1636469132845, 669, 267, 402, 0, 0, 0
12080, 1, 1636469132249, 1636469132905, 656, 265, 391, 2, 0, 2
12081, 1, 1636469132403, 1636469133060, 657, 267, 390, 0, 2, 2
12082, 1, 1636469132410, 1636469133069, 659, 266, 393, 1, 0, 1
12084, 1, 1636469132417, 1636469133081, 664, 266, 398, 1, 0, 1
12085, 1, 1636469132428, 1636469133081, 653, 262, 391, 0, 1, 1
12087, 1, 1636469132464, 1636469133120, 656, 272, 384, 0, 1, 1
12088, 1, 1636469132481, 1636469133137, 656, 262, 394, 0, 0, 0
12089, 1, 1636469132484, 1636469133145, 661, 272, 389, 2, 1, 3
12090, 1, 1636469132488, 1636469133153, 665, 271, 394, 2, 1, 3
12091, 1, 1636469132505, 1636469133164, 659, 263, 396, 1, 1, 2
12083, 1, 1636469132415, 1636469133205, 790, 390, 400, 0, 0, 0
12092, 1, 1636469132544, 1636469133209, 665, 266, 399, 0, 1, 1
12093, 1, 1636469132641, 1636469133304, 663, 267, 396, 1, 1, 2
12094, 1, 1636469132739, 1636469133401, 662, 263, 399, 1, 0, 1
12095, 1, 1636469132743, 1636469133405, 662, 263, 399, 1, 0, 1
12096, 1, 1636469132773, 1636469133433, 660, 262, 398, 0, 0, 0
12097, 1, 1636469132826, 1636469133485, 659, 262, 397, 0, 0, 0
12098, 1, 1636469132846, 1636469133505, 659, 266, 393, 0, 0, 0
12099, 1, 1636469132916, 1636469133573, 657, 265, 392, 0, 0, 0
12100, 1, 1636469133069, 1636469133721, 652, 262, 390, 0, 0, 0
12101, 1, 1636469133077, 1636469133733, 656, 270, 386, 0, 0, 0
12102, 1, 1636469133084, 1636469133745, 661, 270, 391, 0, 1, 1
12103, 1, 1636469133094, 1636469133757, 663, 266, 397, 0, 1, 1
12104, 1, 1636469133130, 1636469133776, 646, 263, 383, 0, 0, 0
12106, 1, 1636469133150, 1636469133800, 650, 263, 387, 1, 0, 1
12105, 1, 1636469133147, 1636469133801, 654, 263, 391, 2, 0, 2
12107, 1, 1636469133154, 1636469133813, 659, 262, 397, 0, 0, 0
12108, 1, 1636469133172, 1636469133828, 656, 264, 392, 1, 1, 2
12109, 1, 1636469133206, 1636469133856, 650, 264, 386, 0, 0, 0
12110, 1, 1636469133210, 1636469133869, 659, 262, 397, 0, 0, 0
12111, 1, 1636469133307, 1636469133969, 662, 262, 400, 0, 0, 0
12112, 1, 1636469133406, 1636469134065, 659, 267, 392, 0, 0, 0
12113, 1, 1636469133409, 1636469134068, 659, 262, 397, 0, 0, 0
12114, 1, 1636469133439, 1636469134089, 650, 262, 388, 0, 0, 0
12115, 1, 1636469133492, 1636469134149, 657, 263, 394, 0, 1, 1
12116, 1, 1636469133512, 1636469134165, 653, 262, 391, 0, 0, 0
12117, 1, 1636469133582, 1636469134233, 651, 262, 389, 0, 0, 0
12118, 1, 1636469133735, 1636469134389, 654, 262, 392, 0, 0, 0
12119, 1, 1636469133742, 1636469134389, 647, 262, 385, 1, 0, 1
12120, 1, 1636469133751, 1636469134409, 658, 263, 395, 2, 1, 3
12121, 1, 1636469133761, 1636469134417, 656, 262, 394, 0, 1, 1
12122, 1, 1636469133796, 1636469134457, 661, 263, 398, 2, 0, 2
12123, 1, 1636469133813, 1636469134468, 655, 262, 393, 0, 0, 0
12124, 1, 1636469133816, 1636469134468, 652, 266, 386, 0, 0, 0
12125, 1, 1636469133820, 1636469134472, 652, 263, 389, 1, 0, 1
12126, 1, 1636469133838, 1636469134493, 655, 263, 392, 1, 1, 2
12077, 2, 1636469132114, 1636469134510, 2396, 89, 2307, 1, 0, 1
12128, 1, 1636469133877, 1636469134529, 652, 263, 389, 1, 0, 1
12127, 1, 1636469133872, 1636469134529, 657, 262, 395, 0, 0, 0
12129, 1, 1636469133975, 1636469134633, 658, 270, 388, 1, 0, 1
12130, 1, 1636469134073, 1636469134721, 648, 262, 386, 0, 0, 0
12131, 1, 1636469134075, 1636469134729, 654, 262, 392, 0, 1, 1
12132, 1, 1636469134105, 1636469134764, 659, 266, 393, 0, 0, 0
12133, 1, 1636469134159, 1636469134809, 650, 262, 388, 3, 0, 3
12134, 1, 1636469134178, 1636469134841, 663, 270, 393, 0, 1, 1
12135, 1, 1636469134248, 1636469134897, 649, 261, 388, 0, 0, 0
12086, 1, 1636469132458, 1636469134945, 2487, 2098, 389, 0, 1, 1
12137, 1, 1636469134409, 1636469135056, 647, 264, 383, 2, 2, 4
12136, 1, 1636469134401, 1636469135065, 664, 262, 402, 1, 0, 1
12138, 1, 1636469134417, 1636469135077, 660, 262, 398, 1, 1, 2
12139, 1, 1636469134428, 1636469135077, 649, 262, 387, 0, 1, 1
12140, 1, 1636469134462, 1636469135108, 646, 263, 383, 1, 1, 2
12141, 1, 1636469134480, 1636469135133, 653, 263, 390, 1, 0, 1
12142, 1, 1636469134482, 1636469135133, 651, 264, 387, 0, 2, 2
12143, 1, 1636469134487, 1636469135136, 649, 262, 387, 0, 0, 0
12144, 1, 1636469134503, 1636469135153, 650, 263, 387, 0, 0, 0
12145, 1, 1636469134538, 1636469135193, 655, 262, 393, 0, 0, 0
12146, 1, 1636469134543, 1636469135193, 650, 258, 392, 0, 0, 0
12147, 1, 1636469134601, 1636469135261, 660, 266, 394, 0, 0, 0
12148, 1, 1636469134641, 1636469135305, 664, 263, 401, 1, 0, 1
12150, 1, 1636469134742, 1636469135393, 651, 262, 389, 0, 2, 2
12149, 1, 1636469134739, 1636469135393, 654, 263, 391, 1, 2, 3
12151, 1, 1636469134771, 1636469135425, 654, 262, 392, 0, 0, 0
12152, 1, 1636469134826, 1636469135484, 658, 263, 395, 2, 1, 3
12153, 1, 1636469134844, 1636469135505, 661, 264, 397, 0, 2, 2
12154, 1, 1636469134915, 1636469135569, 654, 265, 389, 0, 0, 0
12155, 1, 1636469134946, 1636469135609, 663, 275, 388, 1, 1, 2
12156, 1, 1636469135067, 1636469135721, 654, 262, 392, 1, 1, 2
12157, 1, 1636469135075, 1636469135724, 649, 262, 387, 0, 1, 1
12158, 1, 1636469135084, 1636469135741, 657, 265, 392, 1, 0, 1
12159, 1, 1636469135095, 1636469135753, 658, 266, 392, 0, 0, 0
12160, 1, 1636469135128, 1636469135785, 657, 263, 394, 3, 0, 3
12161, 1, 1636469135145, 1636469135808, 663, 261, 402, 1, 0, 1
12162, 1, 1636469135147, 1636469135808, 661, 267, 394, 1, 0, 1
12163, 1, 1636469135153, 1636469135808, 655, 261, 394, 1, 0, 1
12164, 1, 1636469135169, 1636469135829, 660, 263, 397, 3, 1, 4
12165, 1, 1636469135204, 1636469135857, 653, 263, 390, 1, 1, 2
12166, 1, 1636469135210, 1636469135861, 651, 265, 386, 0, 1, 1
12168, 1, 1636469135307, 1636469135961, 654, 264, 390, 2, 0, 2
12169, 1, 1636469135405, 1636469136061, 656, 262, 394, 0, 0, 0
12170, 1, 1636469135408, 1636469136065, 657, 262, 395, 0, 0, 0
12171, 1, 1636469135437, 1636469136093, 656, 258, 398, 0, 0, 0
12172, 1, 1636469135492, 1636469136145, 653, 262, 391, 1, 0, 1
12167, 1, 1636469135263, 1636469136157, 894, 501, 393, 1, 0, 1
12173, 1, 1636469135510, 1636469136164, 654, 262, 392, 0, 0, 0
12174, 1, 1636469135581, 1636469136233, 652, 262, 390, 1, 1, 2
12177, 1, 1636469135741, 1636469136397, 656, 262, 394, 0, 0, 0
12176, 1, 1636469135733, 1636469136397, 664, 266, 398, 0, 0, 0
12178, 1, 1636469135751, 1636469136409, 658, 266, 392, 0, 0, 0
12179, 1, 1636469135761, 1636469136421, 660, 267, 393, 0, 1, 1
12180, 1, 1636469135794, 1636469136453, 659, 275, 384, 0, 0, 0
12182, 1, 1636469135813, 1636469136473, 660, 262, 398, 0, 0, 0
12183, 1, 1636469135819, 1636469136473, 654, 262, 392, 0, 0, 0
12181, 1, 1636469135812, 1636469136473, 661, 270, 391, 0, 0, 0
12184, 1, 1636469135836, 1636469136497, 661, 264, 397, 0, 1, 1
12175, 1, 1636469135612, 1636469136501, 889, 498, 391, 1, 0, 1
12185, 1, 1636469135870, 1636469136528, 658, 266, 392, 0, 0, 0
12186, 1, 1636469135875, 1636469136528, 653, 262, 391, 1, 0, 1
12189, 1, 1636469136074, 1636469136737, 663, 267, 396, 0, 1, 1
12188, 1, 1636469136071, 1636469136737, 666, 268, 398, 1, 1, 2
12190, 1, 1636469136103, 1636469136757, 654, 262, 392, 1, 0, 1
12192, 1, 1636469136158, 1636469136812, 654, 263, 391, 3, 0, 3
12191, 1, 1636469136158, 1636469136812, 654, 267, 387, 3, 0, 3
12187, 1, 1636469135974, 1636469136820, 846, 458, 388, 1, 0, 1
12193, 1, 1636469136176, 1636469136845, 669, 284, 385, 0, 3, 3
12194, 1, 1636469136247, 1636469136897, 650, 262, 388, 0, 0, 0
12195, 1, 1636469136399, 1636469137053, 654, 263, 391, 1, 1, 2
12196, 1, 1636469136407, 1636469137064, 657, 266, 391, 0, 0, 0
12197, 1, 1636469136417, 1636469137077, 660, 262, 398, 0, 1, 1
12198, 1, 1636469136428, 1636469137080, 652, 262, 390, 0, 0, 0
12199, 1, 1636469136460, 1636469137109, 649, 262, 387, 0, 0, 0
12200, 1, 1636469136479, 1636469137132, 653, 262, 391, 1, 0, 1
12203, 1, 1636469136502, 1636469137161, 659, 267, 392, 2, 0, 2
12202, 1, 1636469136485, 1636469137161, 676, 282, 394, 1, 0, 1
12205, 1, 1636469136536, 1636469137185, 649, 262, 387, 0, 0, 0
12206, 1, 1636469136542, 1636469137189, 647, 262, 385, 0, 0, 0
12201, 1, 1636469136480, 1636469137192, 712, 319, 393, 2, 1, 3
12208, 1, 1636469136740, 1636469137393, 653, 263, 390, 1, 1, 2
12207, 1, 1636469136738, 1636469137397, 659, 263, 396, 1, 1, 2
12209, 1, 1636469136769, 1636469137425, 656, 262, 394, 0, 0, 0
12211, 1, 1636469136824, 1636469137476, 652, 262, 390, 0, 0, 0
12210, 1, 1636469136822, 1636469137481, 659, 262, 397, 0, 0, 0
12212, 1, 1636469136826, 1636469137481, 655, 261, 394, 1, 0, 1
12213, 1, 1636469136847, 1636469137513, 666, 271, 395, 0, 1, 1
12204, 1, 1636469136502, 1636469137513, 1011, 615, 396, 3, 0, 3
12214, 1, 1636469136914, 1636469137573, 659, 261, 398, 0, 0, 0
12215, 1, 1636469137065, 1636469137721, 656, 262, 394, 0, 0, 0
12216, 1, 1636469137073, 1636469137725, 652, 262, 390, 0, 1, 1
12217, 1, 1636469137083, 1636469137745, 662, 270, 392, 0, 1, 1
12218, 1, 1636469137095, 1636469137749, 654, 266, 388, 0, 0, 0
12219, 1, 1636469137126, 1636469137776, 650, 263, 387, 0, 3, 3
12220, 1, 1636469137145, 1636469137797, 652, 262, 390, 0, 0, 0
12222, 1, 1636469137168, 1636469137817, 649, 262, 387, 0, 0, 0
12221, 1, 1636469137162, 1636469137817, 655, 267, 388, 0, 1, 1
12223, 1, 1636469137194, 1636469137852, 658, 262, 396, 0, 0, 0
12225, 1, 1636469137207, 1636469137861, 654, 263, 391, 1, 1, 2
12224, 1, 1636469137202, 1636469137865, 663, 267, 396, 0, 1, 1
12226, 1, 1636469137404, 1636469138057, 653, 262, 391, 0, 1, 1
12227, 1, 1636469137406, 1636469138061, 655, 263, 392, 1, 2, 3
12228, 1, 1636469137434, 1636469138089, 655, 263, 392, 0, 0, 0
12230, 1, 1636469137491, 1636469138145, 654, 262, 392, 2, 1, 3
12229, 1, 1636469137488, 1636469138148, 660, 262, 398, 3, 1, 4
12231, 1, 1636469137491, 1636469138149, 658, 261, 397, 2, 1, 3
12233, 1, 1636469137515, 1636469138160, 645, 258, 387, 0, 1, 1
12234, 1, 1636469137580, 1636469138233, 653, 260, 393, 2, 0, 2
12235, 1, 1636469137731, 1636469138389, 658, 267, 391, 0, 0, 0
12236, 1, 1636469137740, 1636469138393, 653, 266, 387, 0, 1, 1
12238, 1, 1636469137761, 1636469138421, 660, 266, 394, 0, 0, 0
12239, 1, 1636469137792, 1636469138441, 649, 263, 386, 1, 1, 2
12240, 1, 1636469137810, 1636469138461, 651, 262, 389, 0, 0, 0
12241, 1, 1636469137829, 1636469138476, 647, 261, 386, 0, 0, 0
12242, 1, 1636469137834, 1636469138488, 654, 268, 386, 0, 2, 2
12243, 1, 1636469137860, 1636469138513, 653, 263, 390, 0, 1, 1
12244, 1, 1636469137868, 1636469138525, 657, 264, 393, 1, 1, 2
12245, 1, 1636469137874, 1636469138525, 651, 264, 387, 1, 1, 2
12247, 1, 1636469138072, 1636469138733, 661, 267, 394, 1, 1, 2
12246, 1, 1636469138070, 1636469138733, 663, 270, 393, 1, 0, 1
12237, 1, 1636469137750, 1636469138745, 995, 603, 392, 0, 1, 1
12248, 1, 1636469138101, 1636469138761, 660, 264, 396, 2, 1, 3
12249, 1, 1636469138154, 1636469138805, 651, 262, 389, 0, 0, 0
12251, 1, 1636469138158, 1636469138820, 662, 269, 393, 2, 0, 2
12250, 1, 1636469138157, 1636469138820, 663, 271, 392, 4, 0, 4
12252, 1, 1636469138180, 1636469138836, 656, 262, 394, 0, 0, 0
12253, 1, 1636469138247, 1636469138905, 658, 262, 396, 1, 0, 1
12254, 1, 1636469138397, 1636469139061, 664, 262, 402, 2, 0, 2
12255, 1, 1636469138407, 1636469139061, 654, 261, 393, 1, 0, 1
12256, 1, 1636469138427, 1636469139080, 653, 266, 387, 0, 0, 0
12257, 1, 1636469138458, 1636469139113, 655, 262, 393, 0, 0, 0
12258, 1, 1636469138476, 1636469139129, 653, 262, 391, 0, 0, 0
12259, 1, 1636469138495, 1636469139145, 650, 263, 387, 0, 1, 1
12260, 1, 1636469138500, 1636469139148, 648, 263, 385, 0, 2, 2
12261, 1, 1636469138525, 1636469139181, 656, 263, 393, 0, 0, 0
12262, 1, 1636469138534, 1636469139185, 651, 262, 389, 0, 0, 0
12263, 1, 1636469138539, 1636469139193, 654, 262, 392, 0, 1, 1
12264, 1, 1636469138738, 1636469139392, 654, 262, 392, 1, 0, 1
12265, 1, 1636469138746, 1636469139404, 658, 263, 395, 1, 0, 1
12266, 1, 1636469138767, 1636469139425, 658, 263, 395, 0, 0, 0
12268, 1, 1636469138822, 1636469139477, 655, 261, 394, 0, 2, 2
12267, 1, 1636469138820, 1636469139484, 664, 263, 401, 3, 0, 3
12269, 1, 1636469138825, 1636469139484, 659, 264, 395, 0, 2, 2
12271, 1, 1636469138913, 1636469139565, 652, 265, 387, 2, 0, 2
12272, 1, 1636469139063, 1636469139717, 654, 262, 392, 0, 0, 0
12273, 1, 1636469139073, 1636469139729, 656, 263, 393, 0, 1, 1
12270, 1, 1636469138847, 1636469139737, 890, 494, 396, 1, 0, 1
12275, 1, 1636469139124, 1636469139777, 653, 262, 391, 0, 0, 0
12276, 1, 1636469139142, 1636469139800, 658, 262, 396, 0, 0, 0
12278, 1, 1636469139167, 1636469139824, 657, 265, 392, 1, 2, 3
12277, 1, 1636469139161, 1636469139825, 664, 271, 393, 0, 1, 1
12279, 1, 1636469139191, 1636469139841, 650, 265, 385, 1, 0, 1
12280, 1, 1636469139200, 1636469139857, 657, 263, 394, 0, 0, 0
12281, 1, 1636469139206, 1636469139865, 659, 262, 397, 0, 0, 0
12232, 2, 1636469137514, 1636469139906, 2392, 88, 2304, 0, 0, 0
12282, 1, 1636469139404, 1636469140057, 653, 262, 391, 1, 2, 3
12283, 1, 1636469139413, 1636469140068, 655, 262, 393, 0, 0, 0
12274, 1, 1636469139094, 1636469140085, 991, 598, 393, 0, 1, 1
12285, 1, 1636469139486, 1636469140141, 655, 262, 393, 2, 0, 2
12287, 1, 1636469139491, 1636469140145, 654, 266, 388, 1, 0, 1
12286, 1, 1636469139488, 1636469140152, 664, 267, 397, 1, 0, 1
12284, 1, 1636469139433, 1636469140184, 751, 362, 389, 1, 0, 1
12291, 1, 1636469139738, 1636469140389, 651, 262, 389, 0, 0, 0
12289, 1, 1636469139729, 1636469140389, 660, 267, 393, 1, 1, 2
12290, 1, 1636469139738, 1636469140392, 654, 259, 395, 1, 1, 2
12288, 1, 1636469139579, 1636469140408, 829, 442, 387, 0, 0, 0
12292, 1, 1636469139790, 1636469140449, 659, 263, 396, 0, 0, 0
12293, 1, 1636469139809, 1636469140461, 652, 262, 390, 0, 0, 0
12294, 1, 1636469139827, 1636469140484, 657, 270, 387, 0, 0, 0
12295, 1, 1636469139833, 1636469140493, 660, 266, 394, 0, 0, 0
12296, 1, 1636469139858, 1636469140517, 659, 267, 392, 0, 0, 0
12298, 1, 1636469139872, 1636469140529, 657, 262, 395, 1, 0, 1
12297, 1, 1636469139866, 1636469140529, 663, 266, 397, 0, 0, 0
12299, 1, 1636469139997, 1636469140649, 652, 262, 390, 0, 1, 1
12300, 1, 1636469140070, 1636469140737, 667, 270, 397, 0, 0, 0
12301, 1, 1636469140080, 1636469140737, 657, 262, 395, 0, 0, 0
12302, 1, 1636469140086, 1636469140753, 667, 262, 405, 0, 0, 0
12303, 1, 1636469140152, 1636469140809, 657, 263, 394, 2, 0, 2
12304, 1, 1636469140155, 1636469140809, 654, 263, 391, 3, 0, 3
12305, 1, 1636469140158, 1636469140809, 651, 257, 394, 0, 0, 0
12306, 1, 1636469140186, 1636469140841, 655, 262, 393, 0, 0, 0
12307, 1, 1636469140395, 1636469141053, 658, 262, 396, 0, 0, 0
12309, 1, 1636469140404, 1636469141061, 657, 263, 394, 0, 1, 1
12310, 1, 1636469140410, 1636469141081, 671, 266, 405, 1, 0, 1
12311, 1, 1636469140456, 1636469141116, 660, 263, 397, 0, 1, 1
12312, 1, 1636469140476, 1636469141129, 653, 262, 391, 0, 0, 0
12313, 1, 1636469140494, 1636469141156, 662, 262, 400, 0, 0, 0
12314, 1, 1636469140499, 1636469141161, 662, 262, 400, 0, 0, 0
12316, 1, 1636469140539, 1636469141189, 650, 260, 390, 0, 1, 1
12315, 1, 1636469140531, 1636469141189, 658, 263, 395, 2, 1, 3
12317, 1, 1636469140650, 1636469141305, 655, 266, 389, 0, 1, 1
12318, 1, 1636469140738, 1636469141397, 659, 270, 389, 1, 1, 2
12308, 1, 1636469140404, 1636469141413, 1009, 607, 402, 1, 0, 1
12319, 1, 1636469140747, 1636469141417, 670, 266, 404, 0, 0, 0
12320, 1, 1636469140754, 1636469141424, 670, 271, 399, 0, 1, 1
12321, 1, 1636469140818, 1636469141472, 654, 266, 388, 0, 0, 0
12322, 1, 1636469140821, 1636469141489, 668, 275, 393, 1, 1, 2
12324, 1, 1636469140851, 1636469141521, 670, 275, 395, 1, 0, 1
12325, 1, 1636469141062, 1636469141716, 654, 262, 392, 0, 0, 0
12326, 1, 1636469141071, 1636469141725, 654, 260, 394, 0, 1, 1
12323, 1, 1636469140824, 1636469141769, 945, 555, 390, 2, 0, 2
12328, 1, 1636469141122, 1636469141773, 651, 263, 388, 2, 0, 2
12329, 1, 1636469141141, 1636469141797, 656, 262, 394, 0, 0, 0
12330, 1, 1636469141160, 1636469141813, 653, 262, 391, 3, 0, 3
12331, 1, 1636469141164, 1636469141817, 653, 258, 395, 1, 1, 2
12332, 1, 1636469141198, 1636469141853, 655, 262, 393, 0, 0, 0
12333, 1, 1636469141205, 1636469141865, 660, 268, 392, 0, 2, 2
12334, 1, 1636469141316, 1636469141973, 657, 262, 395, 0, 0, 0
12335, 1, 1636469141404, 1636469142061, 657, 262, 395, 0, 0, 0
12327, 1, 1636469141082, 1636469142064, 982, 586, 396, 0, 0, 0
12337, 1, 1636469141418, 1636469142069, 651, 262, 389, 0, 0, 0
12336, 1, 1636469141414, 1636469142069, 655, 262, 393, 0, 0, 0
12338, 1, 1636469141426, 1636469142077, 651, 262, 389, 0, 0, 0
12339, 1, 1636469141484, 1636469142140, 656, 267, 389, 1, 0, 1
12340, 1, 1636469141490, 1636469142149, 659, 262, 397, 0, 2, 2
12341, 1, 1636469141522, 1636469142189, 667, 262, 405, 0, 0, 0
12342, 1, 1636469141728, 1636469142397, 669, 269, 400, 1, 0, 1
12343, 1, 1636469141738, 1636469142405, 667, 269, 398, 1, 0, 1
12344, 1, 1636469141770, 1636469142425, 655, 263, 392, 0, 0, 0
12345, 1, 1636469141788, 1636469142441, 653, 267, 386, 1, 1, 2
12346, 1, 1636469141808, 1636469142473, 665, 266, 399, 0, 0, 0
12347, 1, 1636469141826, 1636469142493, 667, 266, 401, 2, 1, 3
12348, 1, 1636469141831, 1636469142493, 662, 268, 394, 2, 0, 2
12349, 1, 1636469141864, 1636469142521, 657, 267, 390, 0, 0, 0
12350, 1, 1636469141872, 1636469142525, 653, 266, 387, 0, 0, 0
12351, 1, 1636469141982, 1636469142649, 667, 270, 397, 0, 0, 0
12353, 1, 1636469142070, 1636469142728, 658, 267, 391, 2, 0, 2
12352, 1, 1636469142066, 1636469142728, 662, 267, 395, 2, 0, 2
12354, 1, 1636469142085, 1636469142744, 659, 261, 398, 1, 0, 1
12355, 1, 1636469142092, 1636469142744, 652, 262, 390, 2, 0, 2
12356, 1, 1636469142150, 1636469142805, 655, 262, 393, 0, 0, 0
12357, 1, 1636469142157, 1636469142821, 664, 266, 398, 0, 0, 0
12358, 1, 1636469142399, 1636469143057, 658, 270, 388, 0, 0, 0
12359, 1, 1636469142406, 1636469143061, 655, 267, 388, 0, 2, 2
12360, 1, 1636469142436, 1636469143085, 649, 264, 385, 0, 1, 1
12361, 1, 1636469142475, 1636469143128, 653, 262, 391, 0, 1, 1
12362, 1, 1636469142494, 1636469143153, 659, 262, 397, 0, 1, 1
12363, 1, 1636469142498, 1636469143157, 659, 262, 397, 0, 0, 0
12364, 1, 1636469142529, 1636469143181, 652, 263, 389, 1, 1, 2
12365, 1, 1636469142538, 1636469143185, 647, 262, 385, 0, 0, 0
12366, 1, 1636469142650, 1636469143301, 651, 262, 389, 0, 0, 0
12367, 1, 1636469142733, 1636469143381, 648, 262, 386, 0, 0, 0
12368, 1, 1636469142736, 1636469143393, 657, 262, 395, 0, 1, 1
12369, 1, 1636469142752, 1636469143405, 653, 263, 390, 0, 0, 0
12370, 1, 1636469142759, 1636469143409, 650, 262, 388, 0, 0, 0
12371, 1, 1636469142816, 1636469143477, 661, 262, 399, 0, 0, 0
12372, 1, 1636469142823, 1636469143481, 658, 262, 396, 0, 0, 0
12373, 1, 1636469143064, 1636469143729, 665, 267, 398, 2, 1, 3
12374, 1, 1636469143072, 1636469143729, 657, 266, 391, 1, 2, 3
12375, 1, 1636469143103, 1636469143753, 650, 262, 388, 0, 0, 0
12376, 1, 1636469143142, 1636469143797, 655, 266, 389, 0, 1, 1
12378, 1, 1636469143164, 1636469143813, 649, 262, 387, 0, 2, 2
12377, 1, 1636469143160, 1636469143817, 657, 266, 391, 3, 0, 3
12379, 1, 1636469143196, 1636469143845, 649, 262, 387, 0, 0, 0
12380, 1, 1636469143204, 1636469143861, 657, 267, 390, 0, 1, 1
12381, 1, 1636469143316, 1636469143973, 657, 263, 394, 0, 0, 0
12383, 1, 1636469143402, 1636469144061, 659, 266, 393, 0, 1, 1
12384, 1, 1636469143419, 1636469144077, 658, 266, 392, 0, 0, 0
12385, 1, 1636469143426, 1636469144077, 651, 262, 389, 0, 0, 0
12386, 1, 1636469143482, 1636469144136, 654, 262, 392, 0, 0, 0
12387, 1, 1636469143490, 1636469144141, 651, 262, 389, 0, 0, 0
12388, 1, 1636469143730, 1636469144384, 654, 263, 391, 0, 0, 0
12389, 1, 1636469143739, 1636469144388, 649, 266, 383, 0, 1, 1
12382, 1, 1636469143399, 1636469144413, 1014, 619, 395, 3, 0, 3
12390, 1, 1636469143769, 1636469144429, 660, 262, 398, 0, 0, 0
12391, 1, 1636469143809, 1636469144465, 656, 262, 394, 0, 0, 0
12392, 1, 1636469143826, 1636469144477, 651, 262, 389, 0, 0, 0
12394, 1, 1636469143870, 1636469144521, 651, 267, 384, 0, 1, 1
12393, 1, 1636469143862, 1636469144521, 659, 267, 392, 1, 0, 1
12395, 1, 1636469143982, 1636469144641, 659, 262, 397, 0, 0, 0
12396, 1, 1636469144068, 1636469144725, 657, 262, 395, 0, 1, 1
12397, 1, 1636469144085, 1636469144741, 656, 262, 394, 0, 0, 0
12398, 1, 1636469144092, 1636469144749, 657, 262, 395, 0, 1, 1
12399, 1, 1636469144148, 1636469144800, 652, 262, 390, 0, 0, 0
12400, 1, 1636469144157, 1636469144808, 651, 262, 389, 0, 0, 0
12402, 1, 1636469144405, 1636469145057, 652, 266, 386, 0, 1, 1
12401, 1, 1636469144396, 1636469145057, 661, 266, 395, 0, 1, 1
12403, 1, 1636469144414, 1636469145069, 655, 266, 389, 0, 0, 0
12404, 1, 1636469144435, 1636469145093, 658, 263, 395, 1, 0, 1
12405, 1, 1636469144475, 1636469145129, 654, 266, 388, 0, 0, 0
12406, 1, 1636469144492, 1636469145149, 657, 267, 390, 1, 1, 2
12407, 1, 1636469144527, 1636469145185, 658, 262, 396, 0, 0, 0
12408, 1, 1636469144537, 1636469145193, 656, 267, 389, 0, 1, 1
12409, 1, 1636469144649, 1636469145296, 647, 262, 385, 0, 0, 0
12410, 1, 1636469144734, 1636469145393, 659, 262, 397, 1, 0, 1
12411, 1, 1636469144751, 1636469145400, 649, 262, 387, 0, 0, 0
12412, 1, 1636469144759, 1636469145409, 650, 262, 388, 0, 0, 0
12413, 1, 1636469144814, 1636469145469, 655, 262, 393, 0, 0, 0
12414, 1, 1636469144824, 1636469145472, 648, 262, 386, 0, 0, 0
12415, 1, 1636469145062, 1636469145717, 655, 262, 393, 1, 0, 1
12416, 1, 1636469145070, 1636469145729, 659, 266, 393, 0, 0, 0
12417, 1, 1636469145081, 1636469145741, 660, 270, 390, 0, 0, 0
12418, 1, 1636469145101, 1636469145757, 656, 267, 389, 1, 1, 2
12419, 1, 1636469145142, 1636469145797, 655, 263, 392, 0, 0, 0
12420, 1, 1636469145158, 1636469145817, 659, 262, 397, 0, 0, 0
12421, 1, 1636469145193, 1636469145844, 651, 262, 389, 0, 0, 0
12422, 1, 1636469145203, 1636469145848, 645, 262, 383, 0, 0, 0
12423, 1, 1636469145314, 1636469145965, 651, 262, 389, 0, 0, 0
12425, 1, 1636469145418, 1636469146077, 659, 266, 393, 0, 0, 0
12426, 1, 1636469145425, 1636469146080, 655, 262, 393, 0, 1, 1
12427, 1, 1636469145480, 1636469146133, 653, 262, 391, 0, 0, 0
12428, 1, 1636469145490, 1636469146145, 655, 262, 393, 0, 0, 0
12424, 1, 1636469145400, 1636469146145, 745, 354, 391, 1, 0, 1
12429, 1, 1636469145736, 1636469146389, 653, 262, 391, 0, 1, 1
12430, 1, 1636469145747, 1636469146401, 654, 262, 392, 0, 0, 0
12431, 1, 1636469145766, 1636469146421, 655, 266, 389, 0, 0, 0
12432, 1, 1636469145809, 1636469146461, 652, 263, 389, 0, 1, 1
12433, 1, 1636469145824, 1636469146477, 653, 262, 391, 1, 0, 1
12434, 1, 1636469145860, 1636469146509, 649, 262, 387, 0, 0, 0
12435, 1, 1636469145869, 1636469146525, 656, 263, 393, 0, 1, 1
12436, 1, 1636469145980, 1636469146637, 657, 262, 395, 0, 0, 0
12437, 1, 1636469146085, 1636469146737, 652, 262, 390, 0, 0, 0
12439, 1, 1636469146146, 1636469146800, 654, 263, 391, 1, 1, 2
12440, 1, 1636469146146, 1636469146812, 666, 269, 397, 1, 0, 1
12441, 1, 1636469146157, 1636469146812, 655, 266, 389, 0, 0, 0
12442, 1, 1636469146403, 1636469147053, 650, 262, 388, 0, 0, 0
12443, 1, 1636469146413, 1636469147061, 648, 262, 386, 0, 0, 0
12438, 1, 1636469146092, 1636469147085, 993, 602, 391, 0, 0, 0
12444, 1, 1636469146433, 1636469147085, 652, 262, 390, 0, 0, 0
12445, 1, 1636469146475, 1636469147129, 654, 267, 387, 0, 1, 1
12446, 1, 1636469146490, 1636469147144, 654, 262, 392, 2, 0, 2
12448, 1, 1636469146535, 1636469147189, 654, 263, 391, 0, 1, 1
12447, 1, 1636469146526, 1636469147193, 667, 270, 397, 0, 0, 0
12450, 1, 1636469146752, 1636469147409, 657, 262, 395, 0, 0, 0
12449, 1, 1636469146646, 1636469147433, 787, 394, 393, 0, 0, 0
12452, 1, 1636469146814, 1636469147461, 647, 262, 385, 0, 0, 0
12451, 1, 1636469146812, 1636469147464, 652, 262, 390, 0, 0, 0
12453, 1, 1636469146823, 1636469147485, 662, 262, 400, 0, 0, 0
12456, 1, 1636469147086, 1636469147737, 651, 262, 389, 0, 0, 0
12455, 1, 1636469147079, 1636469147737, 658, 262, 396, 0, 0, 0
12457, 1, 1636469147098, 1636469147753, 655, 262, 393, 1, 0, 1
12454, 1, 1636469147069, 1636469147785, 716, 326, 390, 0, 1, 1
12459, 1, 1636469147157, 1636469147809, 652, 262, 390, 1, 0, 1
12460, 1, 1636469147201, 1636469147853, 652, 263, 389, 0, 1, 1
12458, 1, 1636469147141, 1636469148089, 948, 547, 401, 0, 0, 0
12461, 1, 1636469147434, 1636469148089, 655, 262, 393, 0, 0, 0
12462, 1, 1636469147478, 1636469148141, 663, 266, 397, 1, 0, 1
12463, 1, 1636469147480, 1636469148141, 661, 263, 398, 1, 1, 2
12464, 1, 1636469147489, 1636469148149, 660, 266, 394, 0, 0, 0
12466, 1, 1636469147752, 1636469148413, 661, 262, 399, 0, 0, 0
12467, 1, 1636469147765, 1636469148425, 660, 270, 390, 0, 0, 0
12468, 1, 1636469147786, 1636469148437, 651, 261, 390, 0, 0, 0
12465, 1, 1636469147746, 1636469148437, 691, 298, 393, 1, 0, 1
12469, 1, 1636469147823, 1636469148481, 658, 262, 396, 1, 0, 1
12470, 1, 1636469147867, 1636469148529, 662, 268, 394, 1, 2, 3
12471, 1, 1636469148091, 1636469148749, 658, 263, 395, 1, 0, 1
12472, 1, 1636469148100, 1636469148756, 656, 266, 390, 0, 0, 0
12474, 1, 1636469148146, 1636469148797, 651, 263, 388, 2, 0, 2
12473, 1, 1636469148144, 1636469148797, 653, 258, 395, 1, 0, 1
12475, 1, 1636469148156, 1636469148825, 669, 266, 403, 0, 0, 0
12476, 1, 1636469148419, 1636469149073, 654, 263, 391, 0, 1, 1
12477, 1, 1636469148431, 1636469149089, 658, 262, 396, 0, 0, 0
12478, 1, 1636469148438, 1636469149097, 659, 262, 397, 0, 0, 0
12479, 1, 1636469148452, 1636469149105, 653, 262, 391, 1, 0, 1
12480, 1, 1636469148489, 1636469149149, 660, 264, 396, 2, 1, 3
12481, 1, 1636469148533, 1636469149185, 652, 262, 390, 0, 0, 0
12483, 1, 1636469148766, 1636469149408, 642, 258, 384, 0, 1, 1
12482, 1, 1636469148756, 1636469149409, 653, 262, 391, 0, 0, 0
12484, 1, 1636469148811, 1636469149464, 653, 262, 391, 2, 0, 2
12485, 1, 1636469148813, 1636469149469, 656, 263, 393, 3, 0, 3
12486, 1, 1636469148826, 1636469149481, 655, 263, 392, 0, 1, 1
12487, 1, 1636469149085, 1636469149741, 656, 262, 394, 0, 0, 0
12489, 1, 1636469149105, 1636469149757, 652, 262, 390, 0, 0, 0
12488, 1, 1636469149098, 1636469149757, 659, 263, 396, 1, 1, 2
12490, 1, 1636469149118, 1636469149769, 651, 266, 385, 0, 0, 0
12491, 1, 1636469149155, 1636469149809, 654, 262, 392, 0, 0, 0
12492, 1, 1636469149200, 1636469149849, 649, 263, 386, 0, 1, 1
12493, 1, 1636469149422, 1636469150077, 655, 262, 393, 0, 0, 0
12494, 1, 1636469149431, 1636469150081, 650, 262, 388, 0, 0, 0
12496, 1, 1636469149478, 1636469150132, 654, 263, 391, 0, 1, 1
12497, 1, 1636469149492, 1636469150149, 657, 262, 395, 0, 0, 0
12495, 1, 1636469149477, 1636469150157, 680, 286, 394, 0, 1, 1
12498, 1, 1636469149752, 1636469150409, 657, 266, 391, 0, 0, 0
12499, 1, 1636469149764, 1636469150421, 657, 266, 391, 0, 0, 0
12500, 1, 1636469149771, 1636469150425, 654, 266, 388, 0, 0, 0
12501, 1, 1636469149785, 1636469150445, 660, 266, 394, 0, 0, 0
12502, 1, 1636469149821, 1636469150477, 656, 262, 394, 0, 0, 0
12503, 1, 1636469149867, 1636469150517, 650, 262, 388, 0, 0, 0
12504, 1, 1636469150089, 1636469150749, 660, 266, 394, 0, 0, 0
12505, 1, 1636469150097, 1636469150749, 652, 262, 390, 0, 1, 1
12506, 1, 1636469150144, 1636469150793, 649, 262, 387, 0, 1, 1
12508, 1, 1636469150158, 1636469150813, 655, 263, 392, 3, 0, 3
12507, 1, 1636469150158, 1636469150813, 655, 263, 392, 2, 0, 2
12509, 1, 1636469150438, 1636469151097, 659, 266, 393, 0, 0, 0
12510, 1, 1636469150452, 1636469151101, 649, 262, 387, 0, 0, 0
12511, 1, 1636469150487, 1636469151136, 649, 262, 387, 1, 0, 1
12512, 1, 1636469150532, 1636469151181, 649, 263, 386, 1, 1, 2
12513, 1, 1636469150756, 1636469151409, 653, 262, 391, 0, 0, 0
12514, 1, 1636469150764, 1636469151413, 649, 261, 388, 0, 0, 0
12515, 1, 1636469150811, 1636469151465, 654, 263, 391, 1, 0, 1
12517, 1, 1636469150825, 1636469151481, 656, 263, 393, 1, 1, 2
12516, 1, 1636469150825, 1636469151485, 660, 267, 393, 0, 1, 1
12518, 1, 1636469151104, 1636469151757, 653, 262, 391, 0, 0, 0
12519, 1, 1636469151119, 1636469151777, 658, 262, 396, 0, 0, 0
12520, 1, 1636469151153, 1636469151800, 647, 262, 385, 1, 0, 1
12521, 1, 1636469151198, 1636469151853, 655, 267, 388, 1, 0, 1
12523, 1, 1636469151429, 1636469152081, 652, 262, 390, 0, 0, 0
12522, 1, 1636469151423, 1636469152081, 658, 262, 396, 0, 0, 0
12524, 1, 1636469151476, 1636469152125, 649, 262, 387, 0, 1, 1
12526, 1, 1636469151492, 1636469152145, 653, 263, 390, 2, 0, 2
12525, 1, 1636469151491, 1636469152145, 654, 263, 391, 1, 1, 2
12527, 1, 1636469151770, 1636469152429, 659, 266, 393, 0, 0, 0
12528, 1, 1636469151786, 1636469152441, 655, 266, 389, 0, 0, 0
12529, 1, 1636469151820, 1636469152489, 669, 282, 387, 1, 0, 1
12530, 1, 1636469151864, 1636469152513, 649, 264, 385, 2, 1, 3
12531, 1, 1636469152090, 1636469152753, 663, 262, 401, 0, 0, 0
12532, 1, 1636469152095, 1636469152753, 658, 266, 392, 1, 0, 1
12535, 1, 1636469152158, 1636469152813, 655, 263, 392, 1, 1, 2
12534, 1, 1636469152157, 1636469152817, 660, 263, 397, 2, 0, 2
12533, 1, 1636469152142, 1636469153100, 958, 571, 387, 0, 1, 1
12537, 1, 1636469152453, 1636469153113, 660, 262, 398, 0, 1, 1
12538, 1, 1636469152490, 1636469153140, 650, 262, 388, 0, 0, 0
12539, 1, 1636469152530, 1636469153181, 651, 262, 389, 0, 0, 0
12541, 1, 1636469152762, 1636469153409, 647, 258, 389, 0, 0, 0
12540, 1, 1636469152755, 1636469153412, 657, 262, 395, 1, 0, 1
12536, 1, 1636469152436, 1636469153449, 1013, 622, 391, 0, 1, 1
12542, 1, 1636469152824, 1636469153481, 657, 266, 391, 0, 0, 0
12543, 1, 1636469152825, 1636469153481, 656, 262, 394, 0, 0, 0
12544, 1, 1636469153102, 1636469153757, 655, 266, 389, 0, 1, 1
12545, 1, 1636469153120, 1636469153773, 653, 263, 390, 0, 0, 0
12546, 1, 1636469153156, 1636469153813, 657, 262, 395, 0, 0, 0
12547, 1, 1636469153196, 1636469153849, 653, 262, 391, 0, 0, 0
12549, 1, 1636469153427, 1636469154081, 654, 266, 388, 0, 1, 1
12548, 1, 1636469153422, 1636469154081, 659, 267, 392, 2, 0, 2
12550, 1, 1636469153450, 1636469154105, 655, 262, 393, 0, 0, 0
12551, 1, 1636469153490, 1636469154149, 659, 263, 396, 2, 1, 3
12552, 1, 1636469153491, 1636469154153, 662, 262, 400, 0, 0, 0
12553, 1, 1636469153768, 1636469154425, 657, 262, 395, 0, 0, 0
12554, 1, 1636469153787, 1636469154441, 654, 262, 392, 0, 0, 0
12555, 1, 1636469153822, 1636469154481, 659, 262, 397, 0, 0, 0
12556, 1, 1636469153862, 1636469154520, 658, 266, 392, 0, 0, 0
12557, 1, 1636469154089, 1636469154745, 656, 263, 393, 0, 1, 1
12558, 1, 1636469154093, 1636469154749, 656, 263, 393, 0, 0, 0
12559, 1, 1636469154117, 1636469154777, 660, 270, 390, 1, 0, 1
12561, 1, 1636469154157, 1636469154813, 656, 262, 394, 2, 0, 2
12560, 1, 1636469154157, 1636469154813, 656, 263, 393, 1, 2, 3
12562, 1, 1636469154434, 1636469155093, 659, 262, 397, 0, 0, 0
12563, 1, 1636469154454, 1636469155105, 651, 262, 389, 0, 1, 1
12564, 1, 1636469154488, 1636469155145, 657, 262, 395, 0, 0, 0
12566, 1, 1636469154759, 1636469155417, 658, 263, 395, 1, 0, 1
12565, 1, 1636469154755, 1636469155417, 662, 263, 399, 2, 0, 2
12567, 1, 1636469154784, 1636469155441, 657, 262, 395, 0, 0, 0
12569, 1, 1636469154823, 1636469155477, 654, 263, 391, 1, 0, 1
12568, 1, 1636469154822, 1636469155477, 655, 263, 392, 2, 0, 2
12570, 1, 1636469155100, 1636469155753, 653, 262, 391, 0, 0, 0
12571, 1, 1636469155121, 1636469155777, 656, 266, 390, 0, 0, 0
12572, 1, 1636469155154, 1636469155808, 654, 262, 392, 0, 0, 0
12573, 1, 1636469155421, 1636469156073, 652, 266, 386, 0, 0, 0
12574, 1, 1636469155425, 1636469156085, 660, 262, 398, 0, 0, 0
12575, 1, 1636469155449, 1636469156101, 652, 262, 390, 1, 0, 1
12576, 1, 1636469155488, 1636469156141, 653, 262, 391, 0, 1, 1
12577, 1, 1636469155489, 1636469156149, 660, 267, 393, 1, 1, 2
12578, 1, 1636469155766, 1636469156417, 651, 262, 389, 0, 0, 0
12579, 1, 1636469155788, 1636469156441, 653, 262, 391, 0, 0, 0
12580, 1, 1636469155820, 1636469156473, 653, 262, 391, 0, 0, 0
12581, 1, 1636469156087, 1636469156741, 654, 262, 392, 0, 0, 0
12582, 1, 1636469156091, 1636469156745, 654, 262, 392, 0, 0, 0
12583, 1, 1636469156116, 1636469156769, 653, 263, 390, 0, 0, 0
12585, 1, 1636469156156, 1636469156809, 653, 263, 390, 2, 0, 2
12584, 1, 1636469156155, 1636469156809, 654, 263, 391, 1, 1, 2
12586, 1, 1636469156754, 1636469157409, 655, 262, 393, 1, 0, 1
12587, 1, 1636469156757, 1636469157409, 652, 263, 389, 0, 1, 1
12588, 1, 1636469156783, 1636469157437, 654, 262, 392, 0, 0, 0
12589, 1, 1636469156822, 1636469157477, 655, 262, 393, 0, 0, 0
12590, 1, 1636469157421, 1636469158077, 656, 263, 393, 3, 1, 4
12591, 1, 1636469157424, 1636469158077, 653, 262, 391, 1, 0, 1
12592, 1, 1636469157449, 1636469158101, 652, 262, 390, 0, 0, 0
12593, 1, 1636469158088, 1636469158741, 653, 263, 390, 3, 0, 3
12594, 1, 1636469158090, 1636469158741, 651, 262, 389, 1, 1, 2
12595, 1, 1636469158116, 1636469158773, 657, 262, 395, 0, 0, 0
12596, 1, 1636469158756, 1636469159409, 653, 262, 391, 0, 0, 0
12597, 1, 1636469158783, 1636469159437, 654, 262, 392, 0, 0, 0
12598, 1, 1636469159421, 1636469160073, 652, 262, 390, 0, 0, 0
12599, 1, 1636469160087, 1636469160741, 654, 262, 392, 0, 0, 0
12600, 1, 1636469160753, 1636469161405, 652, 262, 390, 0, 0, 0
12601, 1, 1636469265797, 1636469266409, 612, 262, 350, 0, 0, 0
12602, 1, 1636469266324, 1636469266933, 609, 262, 347, 0, 0, 0
12603, 1, 1636469266410, 1636469267065, 655, 262, 393, 0, 0, 0
12604, 1, 1636469266868, 1636469267481, 613, 262, 351, 0, 0, 0
12605, 1, 1636469266934, 1636469267589, 655, 263, 392, 1, 1, 2
12606, 1, 1636469267066, 1636469267721, 655, 262, 393, 0, 0, 0
12607, 1, 1636469267482, 1636469268141, 659, 262, 397, 0, 0, 0
12608, 1, 1636469267590, 1636469268245, 655, 262, 393, 1, 0, 1
12610, 1, 1636469267734, 1636469268345, 611, 262, 349, 0, 0, 0
12609, 1, 1636469267722, 1636469268377, 655, 262, 393, 0, 0, 0
12611, 1, 1636469268142, 1636469268797, 655, 262, 393, 0, 0, 0
12612, 1, 1636469268246, 1636469268901, 655, 262, 393, 0, 0, 0
12613, 1, 1636469268346, 1636469269005, 659, 262, 397, 0, 0, 0
12614, 1, 1636469268378, 1636469269033, 655, 262, 393, 0, 0, 0
12615, 1, 1636469268430, 1636469269037, 607, 262, 345, 0, 0, 0
12616, 1, 1636469268798, 1636469269457, 659, 267, 392, 0, 0, 0
12617, 1, 1636469268902, 1636469269557, 655, 263, 392, 1, 1, 2
12618, 1, 1636469268952, 1636469269565, 613, 262, 351, 0, 0, 0
12619, 1, 1636469269006, 1636469269661, 655, 262, 393, 0, 0, 0
12620, 1, 1636469269034, 1636469269689, 655, 263, 392, 1, 0, 1
12621, 1, 1636469269038, 1636469269692, 654, 267, 387, 0, 0, 0
12622, 1, 1636469269458, 1636469270113, 655, 263, 392, 1, 0, 1
12623, 1, 1636469269557, 1636469270209, 652, 262, 390, 0, 0, 0
12624, 1, 1636469269566, 1636469270221, 655, 262, 393, 0, 0, 0
12625, 1, 1636469269662, 1636469270324, 662, 266, 396, 0, 0, 0
12627, 1, 1636469269694, 1636469270345, 651, 262, 389, 1, 0, 1
12626, 1, 1636469269690, 1636469270345, 655, 263, 392, 2, 0, 2
12628, 1, 1636469269742, 1636469270356, 614, 266, 348, 0, 1, 1
12629, 1, 1636469270114, 1636469270769, 655, 262, 393, 0, 0, 0
12630, 1, 1636469270210, 1636469270869, 659, 262, 397, 0, 1, 1
12631, 1, 1636469270222, 1636469270881, 659, 262, 397, 0, 0, 0
12632, 1, 1636469270326, 1636469270985, 659, 262, 397, 0, 0, 0
12634, 1, 1636469270347, 1636469271005, 658, 267, 391, 2, 0, 2
12633, 1, 1636469270346, 1636469271005, 659, 267, 392, 2, 0, 2
12635, 1, 1636469270358, 1636469271021, 663, 267, 396, 1, 0, 1
12636, 1, 1636469270443, 1636469271057, 614, 262, 352, 0, 0, 0
12637, 1, 1636469270770, 1636469271425, 655, 262, 393, 0, 0, 0
12638, 1, 1636469270870, 1636469271525, 655, 262, 393, 0, 0, 0
12639, 1, 1636469270882, 1636469271545, 663, 262, 401, 0, 0, 0
12640, 1, 1636469270986, 1636469271641, 655, 262, 393, 0, 0, 0
12642, 1, 1636469271006, 1636469271657, 651, 262, 389, 0, 0, 0
12641, 1, 1636469271006, 1636469271657, 651, 258, 393, 0, 0, 0
12643, 1, 1636469271022, 1636469271677, 655, 262, 393, 0, 0, 0
12644, 1, 1636469271058, 1636469271709, 651, 262, 389, 0, 0, 0
12645, 1, 1636469271068, 1636469272009, 941, 587, 354, 0, 2, 2
12646, 1, 1636469271426, 1636469272085, 659, 266, 393, 0, 0, 0
12648, 1, 1636469271546, 1636469272205, 659, 267, 392, 0, 1, 1
12649, 1, 1636469271642, 1636469272297, 655, 266, 389, 0, 0, 0
12651, 1, 1636469271659, 1636469272321, 662, 267, 395, 2, 0, 2
12650, 1, 1636469271658, 1636469272321, 663, 267, 396, 2, 0, 2
12652, 1, 1636469271678, 1636469272333, 655, 263, 392, 1, 1, 2
12647, 1, 1636469271526, 1636469272361, 835, 438, 397, 1, 0, 1
12653, 1, 1636469271710, 1636469272368, 658, 262, 396, 0, 0, 0
12655, 1, 1636469272010, 1636469272669, 659, 262, 397, 0, 0, 0
12654, 1, 1636469271765, 1636469272709, 944, 595, 349, 0, 1, 1
12657, 1, 1636469272206, 1636469272861, 655, 263, 392, 1, 1, 2
12658, 1, 1636469272298, 1636469272953, 655, 262, 393, 0, 1, 1
12659, 1, 1636469272322, 1636469272981, 659, 264, 395, 1, 1, 2
12660, 1, 1636469272322, 1636469272981, 659, 262, 397, 1, 0, 1
12661, 1, 1636469272334, 1636469272989, 655, 262, 393, 0, 0, 0
12662, 1, 1636469272362, 1636469273017, 655, 262, 393, 0, 0, 0
12663, 1, 1636469272370, 1636469273033, 663, 267, 396, 1, 0, 1
12656, 1, 1636469272086, 1636469273057, 971, 582, 389, 0, 0, 0
12664, 1, 1636469272670, 1636469273325, 655, 262, 393, 0, 0, 0
12665, 1, 1636469272710, 1636469273361, 651, 262, 389, 0, 1, 1
12666, 1, 1636469272862, 1636469273521, 659, 262, 397, 0, 0, 0
12667, 1, 1636469272954, 1636469273613, 659, 262, 397, 0, 0, 0
12669, 1, 1636469272982, 1636469273625, 643, 258, 385, 0, 0, 0
12668, 1, 1636469272982, 1636469273637, 655, 262, 393, 0, 0, 0
12670, 1, 1636469272990, 1636469273645, 655, 262, 393, 0, 0, 0
12671, 1, 1636469273018, 1636469273669, 651, 262, 389, 0, 0, 0
12672, 1, 1636469273034, 1636469273689, 655, 266, 389, 0, 0, 0
12673, 1, 1636469273058, 1636469273713, 655, 263, 392, 1, 0, 1
12674, 1, 1636469273326, 1636469273984, 658, 266, 392, 0, 0, 0
12675, 1, 1636469273362, 1636469274013, 651, 262, 389, 0, 0, 0
12676, 1, 1636469273522, 1636469274177, 655, 262, 393, 0, 0, 0
12677, 1, 1636469273614, 1636469274265, 651, 262, 389, 0, 0, 0
12678, 1, 1636469273626, 1636469274276, 650, 263, 387, 0, 0, 0
12680, 1, 1636469273646, 1636469274297, 651, 262, 389, 0, 0, 0
12679, 1, 1636469273638, 1636469274297, 659, 263, 396, 0, 0, 0
12681, 1, 1636469273670, 1636469274321, 651, 262, 389, 1, 0, 1
12682, 1, 1636469273690, 1636469274353, 663, 266, 397, 0, 0, 0
12683, 1, 1636469273714, 1636469274369, 655, 263, 392, 1, 0, 1
12684, 1, 1636469273837, 1636469274629, 792, 442, 350, 0, 0, 0
12685, 1, 1636469273986, 1636469274649, 663, 267, 396, 1, 1, 2
12686, 1, 1636469274014, 1636469274665, 651, 262, 389, 0, 0, 0
12688, 1, 1636469274266, 1636469274921, 655, 263, 392, 0, 1, 1
12689, 1, 1636469274278, 1636469274929, 651, 262, 389, 0, 1, 1
12690, 1, 1636469274298, 1636469274961, 663, 263, 400, 1, 0, 1
12691, 1, 1636469274299, 1636469274961, 662, 263, 399, 0, 1, 1
12687, 1, 1636469274178, 1636469274973, 795, 408, 387, 0, 1, 1
12692, 1, 1636469274322, 1636469274973, 651, 263, 388, 1, 1, 2
12693, 1, 1636469274355, 1636469275013, 658, 266, 392, 0, 0, 0
12694, 1, 1636469274370, 1636469275029, 659, 262, 397, 0, 0, 0
12695, 1, 1636469274630, 1636469275285, 655, 266, 389, 0, 0, 0
12696, 1, 1636469274650, 1636469275309, 659, 267, 392, 1, 1, 2
12697, 1, 1636469274666, 1636469275320, 654, 263, 391, 0, 2, 2
12698, 1, 1636469274885, 1636469275505, 620, 267, 353, 1, 2, 3
12700, 1, 1636469274930, 1636469275581, 651, 263, 388, 0, 1, 1
12699, 1, 1636469274922, 1636469275581, 659, 262, 397, 0, 0, 0
12701, 1, 1636469274962, 1636469275625, 663, 267, 396, 2, 0, 2
12703, 1, 1636469274975, 1636469275629, 654, 268, 386, 2, 1, 3
12704, 1, 1636469274975, 1636469275637, 662, 267, 395, 1, 1, 2
12705, 1, 1636469275014, 1636469275669, 655, 262, 393, 0, 0, 0
12706, 1, 1636469275030, 1636469275685, 655, 262, 393, 0, 0, 0
12702, 1, 1636469274963, 1636469275853, 890, 503, 387, 0, 1, 1
12707, 1, 1636469275287, 1636469275944, 657, 267, 390, 0, 0, 0
12708, 1, 1636469275310, 1636469275965, 655, 266, 389, 0, 0, 0
12709, 1, 1636469275322, 1636469275989, 667, 270, 397, 0, 1, 1
12711, 1, 1636469275506, 1636469276169, 663, 261, 402, 0, 0, 0
12710, 1, 1636469275380, 1636469276201, 821, 470, 351, 2, 0, 2
12712, 1, 1636469275582, 1636469276233, 651, 263, 388, 1, 0, 1
12713, 1, 1636469275582, 1636469276233, 651, 262, 389, 1, 0, 1
12715, 1, 1636469275630, 1636469276285, 655, 262, 393, 0, 0, 0
12716, 1, 1636469275638, 1636469276293, 655, 263, 392, 2, 2, 4
12718, 1, 1636469275686, 1636469276337, 651, 264, 387, 1, 2, 3
12719, 1, 1636469275854, 1636469276509, 655, 263, 392, 0, 0, 0
12714, 1, 1636469275626, 1636469276513, 887, 498, 389, 0, 0, 0
12717, 1, 1636469275670, 1636469276544, 874, 486, 388, 0, 0, 0
12720, 1, 1636469275946, 1636469276604, 658, 264, 394, 0, 0, 0
12721, 1, 1636469275966, 1636469276621, 655, 262, 393, 0, 0, 0
12722, 1, 1636469275990, 1636469276645, 655, 263, 392, 0, 1, 1
12723, 1, 1636469276170, 1636469276820, 650, 262, 388, 0, 0, 0
12724, 1, 1636469276202, 1636469276861, 659, 266, 393, 0, 0, 0
12726, 1, 1636469276234, 1636469276889, 655, 262, 393, 0, 0, 0
12725, 1, 1636469276234, 1636469276893, 659, 271, 388, 1, 0, 1
12727, 1, 1636469276286, 1636469276945, 659, 266, 393, 0, 0, 0
12729, 1, 1636469276338, 1636469276997, 659, 264, 395, 1, 2, 3
12730, 1, 1636469276506, 1636469277120, 614, 266, 348, 0, 0, 0
12731, 1, 1636469276510, 1636469277173, 663, 262, 401, 0, 1, 1
12732, 1, 1636469276514, 1636469277173, 659, 263, 396, 3, 0, 3
12733, 1, 1636469276546, 1636469277201, 655, 262, 393, 0, 0, 0
12728, 1, 1636469276294, 1636469277205, 911, 523, 388, 0, 0, 0
12734, 1, 1636469276606, 1636469277261, 655, 262, 393, 0, 1, 1
12736, 1, 1636469276647, 1636469277304, 657, 266, 391, 0, 0, 0
12735, 1, 1636469276622, 1636469277465, 843, 453, 390, 0, 0, 0
12737, 1, 1636469276822, 1636469277481, 659, 266, 393, 0, 1, 1
12738, 1, 1636469276862, 1636469277521, 659, 263, 396, 1, 1, 2
12740, 1, 1636469276894, 1636469277549, 655, 267, 388, 2, 1, 3
12739, 1, 1636469276890, 1636469277549, 659, 266, 393, 2, 0, 2
12741, 1, 1636469276946, 1636469277601, 655, 263, 392, 1, 0, 1
12742, 1, 1636469276998, 1636469277653, 655, 261, 394, 0, 1, 1
12744, 1, 1636469277173, 1636469277817, 644, 290, 354, 0, 0, 0
12746, 1, 1636469277175, 1636469277829, 654, 264, 390, 3, 1, 4
12745, 1, 1636469277174, 1636469277829, 655, 263, 392, 3, 0, 3
12747, 1, 1636469277202, 1636469277857, 655, 262, 393, 0, 0, 0
12748, 1, 1636469277206, 1636469277861, 655, 262, 393, 0, 0, 0
12749, 1, 1636469277263, 1636469277917, 654, 262, 392, 0, 1, 1
12743, 1, 1636469277122, 1636469278000, 878, 490, 388, 0, 0, 0
12751, 1, 1636469277466, 1636469278121, 655, 262, 393, 0, 1, 1
12752, 1, 1636469277482, 1636469278137, 655, 263, 392, 0, 0, 0
12750, 1, 1636469277306, 1636469278165, 859, 468, 391, 1, 0, 1
12753, 1, 1636469277522, 1636469278177, 655, 264, 391, 1, 1, 2
12754, 1, 1636469277550, 1636469278205, 655, 262, 393, 0, 0, 0
12756, 1, 1636469277602, 1636469278256, 654, 263, 391, 1, 1, 2
12757, 1, 1636469277654, 1636469278313, 659, 267, 392, 0, 1, 1
12755, 1, 1636469277550, 1636469278356, 806, 411, 395, 0, 2, 2
12760, 1, 1636469277830, 1636469278480, 650, 263, 387, 4, 0, 4
12762, 1, 1636469277862, 1636469278517, 655, 264, 391, 1, 2, 3
12761, 1, 1636469277858, 1636469278517, 659, 265, 394, 0, 0, 0
12759, 1, 1636469277830, 1636469278517, 687, 293, 394, 0, 0, 0
12763, 1, 1636469277918, 1636469278568, 650, 262, 388, 2, 0, 2
12764, 1, 1636469278002, 1636469278652, 650, 262, 388, 0, 0, 0
12758, 1, 1636469277818, 1636469278705, 887, 498, 389, 1, 1, 2
12765, 1, 1636469278122, 1636469278777, 655, 262, 393, 0, 0, 0
12766, 1, 1636469278138, 1636469278796, 658, 263, 395, 0, 2, 2
12767, 1, 1636469278166, 1636469278821, 655, 262, 393, 0, 0, 0
12768, 1, 1636469278178, 1636469278833, 655, 262, 393, 0, 0, 0
12770, 1, 1636469278258, 1636469278913, 655, 262, 393, 0, 0, 0
12771, 1, 1636469278314, 1636469278965, 651, 262, 389, 0, 0, 0
12772, 1, 1636469278358, 1636469279008, 650, 263, 387, 0, 2, 2
12769, 1, 1636469278206, 1636469279052, 846, 458, 388, 0, 0, 0
12773, 1, 1636469278482, 1636469279133, 651, 262, 389, 0, 0, 0
12775, 1, 1636469278519, 1636469279173, 654, 264, 390, 3, 2, 5
12776, 1, 1636469278519, 1636469279173, 654, 263, 391, 2, 2, 4
12774, 1, 1636469278518, 1636469279176, 658, 264, 394, 1, 2, 3
12777, 1, 1636469278570, 1636469279232, 662, 267, 395, 2, 0, 2
12778, 1, 1636469278654, 1636469279305, 651, 262, 389, 0, 0, 0
12779, 1, 1636469278707, 1636469279356, 649, 262, 387, 0, 1, 1
12780, 1, 1636469278778, 1636469279433, 655, 262, 393, 0, 0, 0
12781, 1, 1636469278798, 1636469279452, 654, 263, 391, 0, 1, 1
12782, 1, 1636469278822, 1636469279481, 659, 263, 396, 2, 0, 2
12783, 1, 1636469278834, 1636469279497, 663, 262, 401, 1, 1, 2
12784, 1, 1636469278914, 1636469279573, 659, 262, 397, 1, 0, 1
12785, 1, 1636469278966, 1636469279629, 663, 268, 395, 0, 1, 1
12786, 1, 1636469279010, 1636469279665, 655, 263, 392, 1, 1, 2
12787, 1, 1636469279054, 1636469279705, 651, 264, 387, 0, 2, 2
12788, 1, 1636469279134, 1636469279793, 659, 268, 391, 0, 0, 0
12789, 1, 1636469279174, 1636469279829, 655, 266, 389, 0, 0, 0
12791, 1, 1636469279177, 1636469279837, 660, 267, 393, 1, 0, 1
12790, 1, 1636469279174, 1636469279837, 663, 267, 396, 0, 1, 1
12793, 1, 1636469279306, 1636469279965, 659, 266, 393, 0, 0, 0
12794, 1, 1636469279358, 1636469280013, 655, 262, 393, 0, 1, 1
12795, 1, 1636469279414, 1636469280024, 610, 263, 347, 0, 0, 0
12796, 1, 1636469279435, 1636469280085, 650, 262, 388, 0, 0, 0
12797, 1, 1636469279454, 1636469280108, 654, 264, 390, 1, 1, 2
12798, 1, 1636469279482, 1636469280137, 655, 262, 393, 0, 2, 2
12799, 1, 1636469279498, 1636469280148, 650, 262, 388, 0, 0, 0
12800, 1, 1636469279574, 1636469280233, 659, 263, 396, 2, 1, 3
12801, 1, 1636469279630, 1636469280281, 651, 258, 393, 0, 0, 0
12803, 1, 1636469279707, 1636469280360, 653, 260, 393, 2, 1, 3
12792, 1, 1636469279234, 1636469280372, 1138, 746, 392, 0, 0, 0
12804, 1, 1636469279794, 1636469280453, 659, 263, 396, 0, 0, 0
12805, 1, 1636469279830, 1636469280489, 659, 270, 389, 1, 0, 1
12806, 1, 1636469279838, 1636469280501, 663, 272, 391, 2, 1, 3
12807, 1, 1636469279838, 1636469280501, 663, 271, 392, 0, 1, 1
12808, 1, 1636469279966, 1636469280617, 651, 262, 389, 0, 1, 1
12810, 1, 1636469280013, 1636469280665, 652, 265, 387, 0, 0, 0
12812, 1, 1636469280086, 1636469280737, 651, 262, 389, 0, 0, 0
12814, 1, 1636469280138, 1636469280793, 655, 262, 393, 0, 1, 1
12811, 1, 1636469280025, 1636469280805, 780, 383, 397, 1, 1, 2
12815, 1, 1636469280150, 1636469280813, 663, 259, 404, 0, 0, 0
12816, 1, 1636469280234, 1636469280885, 651, 262, 389, 0, 0, 0
12817, 1, 1636469280282, 1636469280941, 659, 266, 393, 0, 1, 1
12819, 1, 1636469280374, 1636469281028, 654, 262, 392, 0, 0, 0
12820, 1, 1636469280454, 1636469281109, 655, 268, 387, 0, 2, 2
12821, 1, 1636469280491, 1636469281153, 662, 270, 392, 0, 0, 0
12822, 1, 1636469280502, 1636469281164, 662, 267, 395, 1, 0, 1
12823, 1, 1636469280502, 1636469281164, 662, 267, 395, 2, 0, 2
12824, 1, 1636469280618, 1636469281272, 654, 262, 392, 1, 0, 1
12825, 1, 1636469280666, 1636469281321, 655, 263, 392, 1, 0, 1
12826, 1, 1636469280738, 1636469281388, 650, 262, 388, 0, 0, 0
12827, 1, 1636469280794, 1636469281445, 651, 262, 389, 0, 0, 0
12828, 1, 1636469280806, 1636469281460, 654, 262, 392, 0, 0, 0
12831, 1, 1636469280942, 1636469281593, 651, 263, 388, 0, 1, 1
12833, 1, 1636469281030, 1636469281680, 650, 262, 388, 0, 0, 0
12834, 1, 1636469281110, 1636469281769, 659, 263, 396, 2, 1, 3
12835, 1, 1636469281154, 1636469281817, 663, 267, 396, 1, 0, 1
12836, 1, 1636469281166, 1636469281825, 659, 262, 397, 0, 0, 0
12837, 1, 1636469281166, 1636469281825, 659, 262, 397, 1, 0, 1
12838, 1, 1636469281274, 1636469281925, 651, 262, 389, 0, 0, 0
12839, 1, 1636469281322, 1636469281981, 659, 262, 397, 0, 0, 0
12840, 1, 1636469281390, 1636469282044, 654, 266, 388, 0, 0, 0
12841, 1, 1636469281446, 1636469282105, 659, 263, 396, 0, 0, 0
12842, 1, 1636469281462, 1636469282117, 655, 263, 392, 1, 2, 3
12802, 2, 1636469279666, 1636469282247, 2581, 0, 2581, 0, 0, 0
12809, 2, 1636469279986, 1636469282247, 2261, 0, 2261, 0, 0, 0
12843, 1, 1636469281594, 1636469282252, 658, 265, 393, 2, 1, 3
12844, 1, 1636469281683, 1636469282337, 654, 263, 391, 1, 0, 1
12813, 2, 1636469280110, 1636469282382, 2272, 0, 2272, 0, 0, 0
12846, 1, 1636469281818, 1636469282472, 654, 267, 387, 0, 1, 1
12847, 1, 1636469281826, 1636469282476, 650, 262, 388, 1, 1, 2
12848, 1, 1636469281826, 1636469282481, 655, 262, 393, 1, 1, 2
12818, 2, 1636469280362, 1636469282622, 2260, 0, 2260, 0, 0, 0
12850, 1, 1636469281982, 1636469282641, 659, 262, 397, 0, 0, 0
12851, 1, 1636469282046, 1636469282700, 654, 262, 392, 0, 0, 0
12852, 1, 1636469282106, 1636469282764, 658, 262, 396, 0, 0, 0
12853, 1, 1636469282118, 1636469282785, 667, 262, 405, 0, 0, 0
12855, 1, 1636469282254, 1636469282901, 647, 258, 389, 0, 1, 1
12856, 1, 1636469282333, 1636469282989, 656, 263, 393, 2, 0, 2
12858, 1, 1636469282338, 1636469282992, 654, 263, 391, 0, 0, 0
12829, 2, 1636469280814, 1636469283078, 2264, 0, 2264, 0, 0, 0
12857, 1, 1636469282337, 1636469283112, 775, 387, 388, 1, 0, 1
12859, 1, 1636469282469, 1636469283121, 652, 262, 390, 0, 0, 0
12862, 1, 1636469282482, 1636469283133, 651, 263, 388, 0, 1, 1
12861, 1, 1636469282478, 1636469283133, 655, 262, 393, 0, 0, 0
12830, 2, 1636469280886, 1636469283150, 2264, 0, 2264, 0, 0, 0
12832, 2, 1636469280952, 1636469283178, 2226, 0, 2226, 0, 0, 0
12864, 1, 1636469282702, 1636469283353, 651, 262, 389, 0, 0, 0
12865, 1, 1636469282709, 1636469283369, 660, 263, 397, 0, 0, 0
12866, 1, 1636469282766, 1636469283421, 655, 266, 389, 0, 0, 0
12867, 1, 1636469282786, 1636469283445, 659, 262, 397, 0, 0, 0
12868, 1, 1636469282902, 1636469283561, 659, 264, 395, 2, 2, 4
12870, 1, 1636469282994, 1636469283649, 655, 262, 393, 0, 1, 1
12869, 1, 1636469282990, 1636469283649, 659, 262, 397, 1, 1, 2
12871, 1, 1636469283114, 1636469283765, 651, 262, 389, 0, 0, 0
12872, 1, 1636469283123, 1636469283785, 662, 263, 399, 1, 0, 1
12873, 1, 1636469283134, 1636469283793, 659, 267, 392, 1, 0, 1
12875, 1, 1636469283165, 1636469283825, 660, 271, 389, 0, 1, 1
12876, 1, 1636469283237, 1636469283893, 656, 262, 394, 1, 0, 1
12877, 1, 1636469283269, 1636469283920, 651, 262, 389, 0, 0, 0
12879, 1, 1636469283371, 1636469284025, 654, 266, 388, 0, 0, 0
12845, 2, 1636469281770, 1636469284034, 2264, 0, 2264, 0, 0, 0
12880, 1, 1636469283422, 1636469284081, 659, 262, 397, 1, 2, 3
12881, 1, 1636469283446, 1636469284109, 663, 262, 401, 0, 0, 0
12874, 1, 1636469283134, 1636469284113, 979, 591, 388, 0, 1, 1
12849, 2, 1636469281926, 1636469284186, 2260, 0, 2260, 0, 0, 0
12883, 1, 1636469283650, 1636469284305, 655, 263, 392, 1, 0, 1
12884, 1, 1636469283651, 1636469284309, 658, 264, 394, 0, 2, 2
12854, 2, 1636469282143, 1636469284366, 2223, 0, 2223, 0, 0, 0
12885, 1, 1636469283766, 1636469284413, 647, 262, 385, 1, 0, 1
12886, 1, 1636469283786, 1636469284445, 659, 262, 397, 0, 1, 1
12887, 1, 1636469283794, 1636469284453, 659, 262, 397, 0, 0, 0
12882, 1, 1636469283562, 1636469284461, 899, 508, 391, 2, 1, 3
12888, 1, 1636469283826, 1636469284477, 651, 262, 389, 0, 0, 0
12890, 1, 1636469283894, 1636469284548, 654, 266, 388, 1, 1, 2
12892, 1, 1636469284027, 1636469284685, 658, 263, 395, 1, 0, 1
12860, 2, 1636469282474, 1636469284738, 2264, 0, 2264, 0, 0, 0
12894, 1, 1636469284110, 1636469284773, 663, 263, 400, 1, 0, 1
12895, 1, 1636469284114, 1636469284777, 663, 267, 396, 0, 0, 0
12896, 1, 1636469284121, 1636469284777, 656, 263, 393, 1, 1, 2
12891, 1, 1636469283922, 1636469284808, 886, 498, 388, 0, 0, 0
12863, 2, 1636469282642, 1636469284906, 2264, 0, 2264, 0, 0, 0
12897, 1, 1636469284277, 1636469284937, 660, 270, 390, 0, 0, 0
12898, 1, 1636469284306, 1636469284969, 663, 267, 396, 0, 1, 1
12899, 1, 1636469284310, 1636469284973, 663, 270, 393, 0, 0, 0
12900, 1, 1636469284414, 1636469285065, 651, 262, 389, 1, 0, 1
12901, 1, 1636469284446, 1636469285101, 655, 262, 393, 0, 0, 0
12902, 1, 1636469284454, 1636469285109, 655, 263, 392, 1, 0, 1
12904, 1, 1636469284462, 1636469285125, 663, 267, 396, 0, 0, 0
12905, 1, 1636469284478, 1636469285133, 655, 263, 392, 1, 1, 2
12903, 1, 1636469284461, 1636469285312, 851, 463, 388, 0, 0, 0
12907, 1, 1636469284686, 1636469285341, 655, 266, 389, 0, 0, 0
12910, 1, 1636469284778, 1636469285433, 655, 263, 392, 0, 2, 2
12909, 1, 1636469284778, 1636469285433, 655, 263, 392, 1, 0, 1
12906, 1, 1636469284550, 1636469285453, 903, 510, 393, 0, 1, 1
12911, 1, 1636469284810, 1636469285465, 655, 262, 393, 0, 1, 1
12912, 1, 1636469284825, 1636469285481, 656, 262, 394, 0, 0, 0
12913, 1, 1636469284938, 1636469285589, 651, 266, 385, 0, 0, 0
12878, 2, 1636469283354, 1636469285618, 2264, 0, 2264, 0, 0, 0
12914, 1, 1636469284970, 1636469285620, 650, 262, 388, 1, 0, 1
12915, 1, 1636469284974, 1636469285633, 659, 262, 397, 0, 0, 0
12916, 1, 1636469284993, 1636469285645, 652, 262, 390, 0, 0, 0
12917, 1, 1636469285066, 1636469285721, 655, 266, 389, 0, 1, 1
12918, 1, 1636469285102, 1636469285760, 658, 266, 392, 0, 0, 0
12919, 1, 1636469285110, 1636469285773, 663, 263, 400, 1, 1, 2
12920, 1, 1636469285125, 1636469285785, 660, 262, 398, 0, 0, 0
12921, 1, 1636469285134, 1636469285793, 659, 266, 393, 0, 0, 0
12922, 1, 1636469285314, 1636469285969, 655, 266, 389, 0, 0, 0
12923, 1, 1636469285342, 1636469285993, 651, 262, 389, 0, 0, 0
12889, 2, 1636469283864, 1636469286086, 2222, 0, 2222, 0, 0, 0
12924, 1, 1636469285434, 1636469286089, 655, 263, 392, 1, 2, 3
12926, 1, 1636469285454, 1636469286113, 659, 266, 393, 0, 0, 0
12927, 1, 1636469285466, 1636469286124, 658, 270, 388, 0, 0, 0
12928, 1, 1636469285482, 1636469286137, 655, 266, 389, 0, 0, 0
12929, 1, 1636469285590, 1636469286245, 655, 262, 393, 0, 1, 1
12930, 1, 1636469285622, 1636469286277, 655, 263, 392, 1, 1, 2
12931, 1, 1636469285634, 1636469286296, 662, 263, 399, 0, 1, 1
12932, 1, 1636469285646, 1636469286301, 655, 262, 393, 0, 0, 0
12893, 2, 1636469284082, 1636469286346, 2264, 0, 2264, 0, 0, 0
12933, 1, 1636469285709, 1636469286365, 656, 263, 393, 1, 1, 2
12934, 1, 1636469285722, 1636469286373, 651, 262, 389, 0, 0, 0
12935, 1, 1636469285761, 1636469286416, 655, 263, 392, 0, 0, 0
12936, 1, 1636469285774, 1636469286433, 659, 262, 397, 0, 0, 0
12925, 1, 1636469285434, 1636469286437, 1003, 614, 389, 1, 1, 2
12938, 1, 1636469285794, 1636469286449, 655, 262, 393, 0, 1, 1
12939, 1, 1636469285970, 1636469286629, 659, 270, 389, 0, 1, 1
12940, 1, 1636469285994, 1636469286648, 654, 266, 388, 0, 0, 0
12941, 1, 1636469286090, 1636469286744, 654, 263, 391, 1, 0, 1
12942, 1, 1636469286114, 1636469286765, 651, 262, 389, 0, 0, 0
12943, 1, 1636469286126, 1636469286773, 647, 262, 385, 0, 0, 0
12937, 1, 1636469285786, 1636469286785, 999, 611, 388, 1, 1, 2
12908, 1, 1636469284774, 1636469286829, 2055, 1658, 397, 0, 0, 0
12945, 1, 1636469286173, 1636469286829, 656, 262, 394, 0, 0, 0
12946, 1, 1636469286246, 1636469286897, 651, 262, 389, 0, 0, 0
12948, 1, 1636469286298, 1636469286949, 651, 262, 389, 0, 0, 0
12949, 1, 1636469286302, 1636469286953, 651, 262, 389, 1, 0, 1
12950, 1, 1636469286366, 1636469287021, 655, 262, 393, 0, 0, 0
12951, 1, 1636469286374, 1636469287021, 647, 262, 385, 0, 0, 0
12953, 1, 1636469286434, 1636469287088, 654, 262, 392, 0, 1, 1
12954, 1, 1636469286437, 1636469287097, 660, 263, 397, 0, 0, 0
12955, 1, 1636469286439, 1636469287097, 658, 264, 394, 0, 3, 3
12956, 1, 1636469286450, 1636469287105, 655, 262, 393, 0, 0, 0
12944, 1, 1636469286138, 1636469287133, 995, 602, 393, 0, 0, 0
12952, 1, 1636469286418, 1636469287172, 754, 368, 386, 2, 2, 4
12947, 1, 1636469286278, 1636469287173, 895, 507, 388, 0, 1, 1
12957, 1, 1636469286630, 1636469287281, 651, 262, 389, 0, 0, 0
12958, 1, 1636469286650, 1636469287305, 655, 266, 389, 0, 0, 0
12959, 1, 1636469286746, 1636469287405, 659, 263, 396, 0, 0, 0
12960, 1, 1636469286766, 1636469287425, 659, 263, 396, 0, 0, 0
12961, 1, 1636469286774, 1636469287429, 655, 262, 393, 0, 0, 0
12962, 1, 1636469286786, 1636469287445, 659, 266, 393, 2, 1, 3
12964, 1, 1636469286831, 1636469287484, 653, 265, 388, 3, 1, 4
12965, 1, 1636469286899, 1636469287545, 646, 263, 383, 0, 2, 2
12966, 1, 1636469286950, 1636469287605, 655, 262, 393, 0, 0, 0
12967, 1, 1636469286954, 1636469287617, 663, 270, 393, 0, 0, 0
12963, 1, 1636469286830, 1636469287653, 823, 433, 390, 3, 1, 4
12968, 1, 1636469287022, 1636469287669, 647, 263, 384, 0, 0, 0
12969, 1, 1636469287022, 1636469287673, 651, 262, 389, 0, 1, 1
12970, 1, 1636469287090, 1636469287741, 651, 264, 387, 2, 2, 4
12972, 1, 1636469287098, 1636469287752, 654, 263, 391, 1, 1, 2
12971, 1, 1636469287098, 1636469287757, 659, 266, 393, 1, 0, 1
12973, 1, 1636469287107, 1636469287765, 658, 266, 392, 0, 0, 0
12974, 1, 1636469287134, 1636469287797, 663, 267, 396, 1, 0, 1
12976, 1, 1636469287174, 1636469287829, 655, 265, 390, 0, 0, 0
12975, 1, 1636469287174, 1636469287833, 659, 267, 392, 2, 2, 4
12977, 1, 1636469287282, 1636469287941, 659, 266, 393, 0, 0, 0
12978, 1, 1636469287307, 1636469287964, 657, 268, 389, 0, 1, 1
12979, 1, 1636469287406, 1636469288060, 654, 264, 390, 1, 1, 2
12980, 1, 1636469287426, 1636469288076, 650, 262, 388, 0, 0, 0
12981, 1, 1636469287430, 1636469288085, 655, 266, 389, 0, 1, 1
12982, 1, 1636469287446, 1636469288105, 659, 264, 395, 2, 0, 2
12983, 1, 1636469287487, 1636469288137, 650, 262, 388, 1, 0, 1
12984, 1, 1636469287546, 1636469288196, 650, 262, 388, 0, 0, 0
12985, 1, 1636469287606, 1636469288261, 655, 262, 393, 0, 0, 0
12986, 1, 1636469287619, 1636469288269, 650, 258, 392, 0, 1, 1
12987, 1, 1636469287654, 1636469288308, 654, 264, 390, 1, 1, 2
12988, 1, 1636469287670, 1636469288316, 646, 262, 384, 1, 1, 2
12989, 1, 1636469287674, 1636469288333, 659, 266, 393, 0, 0, 0
12990, 1, 1636469287742, 1636469288393, 651, 264, 387, 1, 2, 3
12992, 1, 1636469287758, 1636469288408, 650, 258, 392, 0, 1, 1
12991, 1, 1636469287754, 1636469288408, 654, 262, 392, 1, 0, 1
12993, 1, 1636469287766, 1636469288421, 655, 262, 393, 0, 0, 0
12994, 1, 1636469287799, 1636469288457, 658, 267, 391, 1, 0, 1
12995, 1, 1636469287830, 1636469288484, 654, 261, 393, 0, 1, 1
12996, 1, 1636469287834, 1636469288496, 662, 262, 400, 0, 1, 1
12997, 1, 1636469287942, 1636469288589, 647, 262, 385, 0, 0, 0
12998, 1, 1636469287966, 1636469288617, 651, 266, 385, 0, 1, 1
12999, 1, 1636469288062, 1636469288721, 659, 262, 397, 1, 0, 1
13000, 1, 1636469288078, 1636469288729, 651, 262, 389, 0, 0, 0
13001, 1, 1636469288086, 1636469288737, 651, 262, 389, 0, 1, 1
13002, 1, 1636469288106, 1636469288761, 655, 268, 387, 2, 0, 2
13003, 1, 1636469288138, 1636469288797, 659, 266, 393, 1, 0, 1
13004, 1, 1636469288198, 1636469288845, 647, 263, 384, 0, 2, 2
13005, 1, 1636469288262, 1636469288921, 659, 266, 393, 2, 0, 2
13006, 1, 1636469288270, 1636469288929, 659, 266, 393, 1, 0, 1
13007, 1, 1636469288310, 1636469288973, 663, 266, 397, 0, 1, 1
13008, 1, 1636469288318, 1636469288981, 663, 276, 387, 1, 1, 2
13009, 1, 1636469288334, 1636469288985, 651, 262, 389, 1, 0, 1
13010, 1, 1636469288394, 1636469289045, 651, 262, 389, 0, 0, 0
13012, 1, 1636469288410, 1636469289068, 658, 264, 394, 2, 2, 4
13011, 1, 1636469288410, 1636469289068, 658, 264, 394, 2, 2, 4
13013, 1, 1636469288422, 1636469289076, 654, 262, 392, 1, 0, 1
13014, 1, 1636469288458, 1636469289117, 659, 262, 397, 1, 0, 1
13016, 1, 1636469288498, 1636469289152, 654, 263, 391, 3, 1, 4
13017, 1, 1636469288590, 1636469289241, 651, 262, 389, 2, 1, 3
13015, 1, 1636469288486, 1636469289273, 787, 390, 397, 1, 0, 1
13019, 1, 1636469288722, 1636469289380, 658, 267, 391, 1, 0, 1
13020, 1, 1636469288730, 1636469289381, 651, 263, 388, 0, 1, 1
13021, 1, 1636469288738, 1636469289393, 655, 262, 393, 0, 0, 0
13022, 1, 1636469288762, 1636469289413, 651, 263, 388, 0, 1, 1
13023, 1, 1636469288798, 1636469289453, 655, 262, 393, 1, 0, 1
13024, 1, 1636469288846, 1636469289497, 651, 263, 388, 1, 1, 2
13025, 1, 1636469288922, 1636469289581, 659, 266, 393, 0, 0, 0
13026, 1, 1636469288931, 1636469289589, 658, 261, 397, 1, 0, 1
13018, 1, 1636469288618, 1636469289621, 1003, 614, 389, 0, 0, 0
13028, 1, 1636469288982, 1636469289632, 650, 262, 388, 0, 1, 1
13027, 1, 1636469288975, 1636469289632, 657, 263, 394, 1, 0, 1
13029, 1, 1636469288986, 1636469289637, 651, 262, 389, 0, 0, 0
13030, 1, 1636469289046, 1636469289713, 667, 271, 396, 0, 0, 0
13031, 1, 1636469289070, 1636469289729, 659, 267, 392, 0, 2, 2
13032, 1, 1636469289070, 1636469289729, 659, 267, 392, 1, 0, 1
13033, 1, 1636469289078, 1636469289737, 659, 267, 392, 0, 1, 1
13034, 1, 1636469289118, 1636469289785, 667, 266, 401, 0, 0, 0
13035, 1, 1636469289154, 1636469289817, 663, 262, 401, 0, 2, 2
13037, 1, 1636469289274, 1636469289941, 667, 266, 401, 0, 0, 0
13039, 1, 1636469289382, 1636469290032, 650, 264, 386, 2, 0, 2
13038, 1, 1636469289382, 1636469290045, 663, 267, 396, 2, 0, 2
13040, 1, 1636469289394, 1636469290045, 651, 262, 389, 0, 0, 0
13041, 1, 1636469289414, 1636469290076, 662, 280, 382, 1, 2, 3
13036, 1, 1636469289242, 1636469290080, 838, 454, 384, 0, 0, 0
13042, 1, 1636469289454, 1636469290105, 651, 263, 388, 0, 0, 0
13043, 1, 1636469289498, 1636469290149, 651, 263, 388, 0, 0, 0
13045, 1, 1636469289590, 1636469290245, 655, 262, 393, 1, 0, 1
13044, 1, 1636469289582, 1636469290245, 663, 262, 401, 1, 1, 2
13046, 1, 1636469289622, 1636469290276, 654, 266, 388, 0, 0, 0
13048, 1, 1636469289634, 1636469290297, 663, 266, 397, 1, 0, 1
13047, 1, 1636469289634, 1636469290297, 663, 267, 396, 1, 0, 1
13049, 1, 1636469289638, 1636469290308, 670, 271, 399, 1, 0, 1
13053, 1, 1636469289738, 1636469290397, 659, 264, 395, 1, 1, 2
13051, 1, 1636469289731, 1636469290397, 666, 266, 400, 3, 0, 3
13052, 1, 1636469289731, 1636469290397, 666, 265, 401, 1, 1, 2
13054, 1, 1636469289786, 1636469290444, 658, 266, 392, 0, 0, 0
13055, 1, 1636469289818, 1636469290476, 658, 266, 392, 0, 0, 0
13050, 1, 1636469289714, 1636469290601, 887, 483, 404, 0, 0, 0
13056, 1, 1636469289942, 1636469290601, 659, 262, 397, 0, 1, 1
13057, 1, 1636469290034, 1636469290692, 658, 266, 392, 0, 2, 2
13059, 1, 1636469290047, 1636469290705, 658, 266, 392, 0, 0, 0
13058, 1, 1636469290046, 1636469290708, 662, 267, 395, 1, 2, 3
13061, 1, 1636469290082, 1636469290737, 655, 263, 392, 1, 1, 2
13060, 1, 1636469290077, 1636469290741, 664, 276, 388, 1, 2, 3
13062, 1, 1636469290106, 1636469290765, 659, 262, 397, 0, 0, 0
13063, 1, 1636469290150, 1636469290805, 655, 267, 388, 1, 0, 1
13064, 1, 1636469290246, 1636469290900, 654, 263, 391, 1, 1, 2
13065, 1, 1636469290246, 1636469290900, 654, 263, 391, 1, 0, 1
13067, 1, 1636469290298, 1636469290949, 651, 263, 388, 1, 1, 2
13066, 1, 1636469290278, 1636469290949, 671, 284, 387, 2, 1, 3
13068, 1, 1636469290299, 1636469290961, 662, 270, 392, 0, 0, 0
13069, 1, 1636469290310, 1636469290965, 655, 267, 388, 1, 1, 2
13072, 1, 1636469290399, 1636469291053, 654, 263, 391, 2, 0, 2
13071, 1, 1636469290399, 1636469291053, 654, 266, 388, 2, 0, 2
13070, 1, 1636469290398, 1636469291053, 655, 262, 393, 2, 0, 2
13073, 1, 1636469290446, 1636469291104, 658, 266, 392, 0, 0, 0
13074, 1, 1636469290478, 1636469291137, 659, 267, 392, 0, 0, 0
13076, 1, 1636469290602, 1636469291261, 659, 262, 397, 1, 0, 1
13075, 1, 1636469290602, 1636469291261, 659, 261, 398, 2, 0, 2
13077, 1, 1636469290694, 1636469291349, 655, 266, 389, 1, 0, 1
13078, 1, 1636469290706, 1636469291361, 655, 266, 389, 0, 0, 0
13079, 1, 1636469290710, 1636469291364, 654, 266, 388, 0, 0, 0
13080, 1, 1636469290738, 1636469291393, 655, 266, 389, 0, 1, 1
13081, 1, 1636469290742, 1636469291396, 654, 268, 386, 1, 1, 2
13082, 1, 1636469290766, 1636469291421, 655, 262, 393, 0, 0, 0
13083, 1, 1636469290806, 1636469291452, 646, 262, 384, 0, 0, 0
13084, 1, 1636469290902, 1636469291565, 663, 271, 392, 1, 0, 1
13085, 1, 1636469290902, 1636469291569, 667, 271, 396, 2, 0, 2
13086, 1, 1636469290950, 1636469291601, 651, 262, 389, 0, 0, 0
13087, 1, 1636469290951, 1636469291609, 658, 267, 391, 0, 1, 1
13089, 1, 1636469290966, 1636469291621, 655, 263, 392, 1, 1, 2
13092, 1, 1636469291055, 1636469291709, 654, 261, 393, 1, 0, 1
13091, 1, 1636469291055, 1636469291709, 654, 263, 391, 4, 0, 4
13090, 1, 1636469291054, 1636469291712, 658, 262, 396, 1, 1, 2
13094, 1, 1636469291138, 1636469291789, 651, 262, 389, 0, 0, 0
13095, 1, 1636469291262, 1636469291913, 651, 263, 388, 4, 0, 4
13088, 1, 1636469290962, 1636469291913, 951, 562, 389, 1, 1, 2
13096, 1, 1636469291262, 1636469291917, 655, 262, 393, 0, 2, 2
13097, 1, 1636469291350, 1636469292001, 651, 262, 389, 1, 1, 2
13098, 1, 1636469291362, 1636469292017, 655, 263, 392, 0, 1, 1
13100, 1, 1636469291395, 1636469292049, 654, 266, 388, 0, 0, 0
13093, 1, 1636469291106, 1636469292052, 946, 558, 388, 0, 1, 1
13099, 1, 1636469291365, 1636469292057, 692, 308, 384, 2, 1, 3
13102, 1, 1636469291422, 1636469292077, 655, 262, 393, 0, 0, 0
13103, 1, 1636469291454, 1636469292105, 651, 263, 388, 0, 0, 0
13105, 1, 1636469291571, 1636469292221, 650, 263, 387, 1, 0, 1
13104, 1, 1636469291566, 1636469292221, 655, 262, 393, 0, 0, 0
13106, 1, 1636469291602, 1636469292249, 647, 262, 385, 0, 0, 0
13107, 1, 1636469291610, 1636469292257, 647, 263, 384, 0, 1, 1
13109, 1, 1636469291710, 1636469292365, 655, 263, 392, 2, 0, 2
13111, 1, 1636469291714, 1636469292368, 654, 264, 390, 0, 1, 1
13110, 1, 1636469291711, 1636469292368, 657, 262, 395, 1, 1, 2
13101, 1, 1636469291397, 1636469292401, 1004, 617, 387, 2, 1, 3
13108, 1, 1636469291622, 1636469292401, 779, 387, 392, 0, 1, 1
13112, 1, 1636469291790, 1636469292453, 663, 267, 396, 0, 1, 1
13114, 1, 1636469291914, 1636469292573, 659, 263, 396, 1, 1, 2
13113, 1, 1636469291914, 1636469292573, 659, 264, 395, 1, 3, 4
13116, 1, 1636469292002, 1636469292661, 659, 263, 396, 0, 2, 2
13117, 1, 1636469292018, 1636469292681, 663, 270, 393, 0, 1, 1
13118, 1, 1636469292050, 1636469292705, 655, 263, 392, 1, 0, 1
13120, 1, 1636469292058, 1636469292713, 655, 264, 391, 2, 1, 3
13119, 1, 1636469292054, 1636469292713, 659, 263, 396, 2, 1, 3
13121, 1, 1636469292078, 1636469292733, 655, 266, 389, 0, 0, 0
13122, 1, 1636469292106, 1636469292761, 655, 271, 384, 1, 2, 3
13124, 1, 1636469292223, 1636469292877, 654, 263, 391, 2, 0, 2
13123, 1, 1636469292222, 1636469292889, 667, 270, 397, 1, 1, 2
13126, 1, 1636469292258, 1636469292908, 650, 267, 383, 0, 1, 1
13125, 1, 1636469292250, 1636469292909, 659, 266, 393, 0, 0, 0
13115, 1, 1636469291918, 1636469292921, 1003, 610, 393, 0, 1, 1
13129, 1, 1636469292370, 1636469293025, 655, 262, 393, 1, 0, 1
13128, 1, 1636469292370, 1636469293029, 659, 268, 391, 1, 0, 1
13130, 1, 1636469292402, 1636469293061, 659, 267, 392, 0, 1, 1
13131, 1, 1636469292402, 1636469293069, 667, 270, 397, 0, 1, 1
13132, 1, 1636469292454, 1636469293109, 655, 262, 393, 0, 0, 0
13127, 1, 1636469292367, 1636469293109, 742, 350, 392, 1, 0, 1
13133, 1, 1636469292574, 1636469293229, 655, 263, 392, 1, 1, 2
13134, 1, 1636469292574, 1636469293237, 663, 262, 401, 1, 0, 1
13135, 1, 1636469292662, 1636469293325, 663, 266, 397, 0, 0, 0
13136, 1, 1636469292682, 1636469293333, 651, 262, 389, 0, 1, 1
13137, 1, 1636469292707, 1636469293357, 650, 262, 388, 0, 0, 0
13138, 1, 1636469292714, 1636469293365, 651, 263, 388, 2, 0, 2
13139, 1, 1636469292714, 1636469293373, 659, 264, 395, 0, 0, 0
13140, 1, 1636469292734, 1636469293389, 655, 262, 393, 0, 1, 1
13141, 1, 1636469292763, 1636469293425, 662, 267, 395, 0, 1, 1
13142, 1, 1636469292878, 1636469293537, 659, 264, 395, 0, 0, 0
13143, 1, 1636469292890, 1636469293553, 663, 266, 397, 1, 1, 2
13144, 1, 1636469292910, 1636469293565, 655, 267, 388, 1, 1, 2
13145, 1, 1636469292910, 1636469293569, 659, 271, 388, 1, 1, 2
13146, 1, 1636469292922, 1636469293580, 658, 267, 391, 2, 0, 2
13148, 1, 1636469293030, 1636469293689, 659, 267, 392, 1, 0, 1
13147, 1, 1636469293026, 1636469293689, 663, 266, 397, 2, 0, 2
13150, 1, 1636469293070, 1636469293729, 659, 263, 396, 1, 1, 2
13149, 1, 1636469293062, 1636469293729, 667, 271, 396, 0, 1, 1
13151, 1, 1636469293110, 1636469293777, 667, 269, 398, 1, 1, 2
13152, 1, 1636469293111, 1636469293777, 666, 270, 396, 2, 1, 3
13153, 1, 1636469293230, 1636469293889, 659, 267, 392, 2, 1, 3
13154, 1, 1636469293238, 1636469293901, 663, 266, 397, 1, 2, 3
13156, 1, 1636469293335, 1636469293989, 654, 266, 388, 0, 0, 0
13155, 1, 1636469293326, 1636469293989, 663, 270, 393, 0, 0, 0
13157, 1, 1636469293358, 1636469294008, 650, 262, 388, 0, 0, 0
13158, 1, 1636469293366, 1636469294025, 659, 265, 394, 1, 1, 2
13159, 1, 1636469293374, 1636469294037, 663, 266, 397, 0, 1, 1
13160, 1, 1636469293390, 1636469294053, 663, 262, 401, 0, 0, 0
13161, 1, 1636469293426, 1636469294077, 651, 264, 387, 1, 3, 4
13162, 1, 1636469293538, 1636469294200, 662, 266, 396, 1, 0, 1
13163, 1, 1636469293554, 1636469294213, 659, 268, 391, 1, 1, 2
13165, 1, 1636469293570, 1636469294225, 655, 262, 393, 0, 1, 1
13164, 1, 1636469293566, 1636469294225, 659, 268, 391, 2, 0, 2
13166, 1, 1636469293582, 1636469294237, 655, 263, 392, 0, 1, 1
13167, 1, 1636469293690, 1636469294344, 654, 267, 387, 0, 0, 0
13168, 1, 1636469293690, 1636469294344, 654, 267, 387, 1, 0, 1
13169, 1, 1636469293730, 1636469294385, 655, 264, 391, 3, 1, 4
13170, 1, 1636469293731, 1636469294385, 654, 264, 390, 2, 1, 3
13173, 1, 1636469293890, 1636469294541, 651, 262, 389, 0, 0, 0
13174, 1, 1636469293902, 1636469294561, 659, 265, 394, 1, 1, 2
13171, 1, 1636469293778, 1636469294561, 783, 389, 394, 1, 1, 2
13175, 1, 1636469293990, 1636469294649, 659, 263, 396, 3, 1, 4
13176, 1, 1636469293990, 1636469294649, 659, 260, 399, 3, 0, 3
13177, 1, 1636469294010, 1636469294673, 663, 270, 393, 0, 0, 0
13178, 1, 1636469294026, 1636469294677, 651, 262, 389, 0, 0, 0
13179, 1, 1636469294038, 1636469294693, 655, 264, 391, 1, 1, 2
13180, 1, 1636469294054, 1636469294705, 651, 263, 388, 1, 0, 1
13172, 1, 1636469293779, 1636469294728, 949, 563, 386, 3, 0, 3
13181, 1, 1636469294078, 1636469294732, 654, 262, 392, 1, 0, 1
13182, 1, 1636469294202, 1636469294861, 659, 266, 393, 0, 0, 0
13183, 1, 1636469294214, 1636469294869, 655, 263, 392, 2, 0, 2
13185, 1, 1636469294226, 1636469294885, 659, 263, 396, 0, 1, 1
13186, 1, 1636469294238, 1636469294897, 659, 266, 393, 0, 0, 0
13184, 1, 1636469294226, 1636469294905, 679, 295, 384, 1, 0, 1
13187, 1, 1636469294346, 1636469294997, 651, 265, 386, 1, 3, 4
13189, 1, 1636469294386, 1636469295033, 647, 259, 388, 1, 0, 1
13190, 1, 1636469294387, 1636469295045, 658, 266, 392, 0, 0, 0
13188, 1, 1636469294346, 1636469295077, 731, 343, 388, 1, 0, 1
13191, 1, 1636469294542, 1636469295193, 651, 262, 389, 0, 0, 0
13192, 1, 1636469294562, 1636469295217, 655, 263, 392, 3, 2, 5
13193, 1, 1636469294563, 1636469295221, 658, 266, 392, 3, 1, 4
13194, 1, 1636469294651, 1636469295300, 649, 261, 388, 2, 1, 3
13195, 1, 1636469294652, 1636469295305, 653, 262, 391, 2, 2, 4
13196, 1, 1636469294674, 1636469295325, 651, 262, 389, 0, 1, 1
13197, 1, 1636469294678, 1636469295329, 651, 262, 389, 0, 0, 0
13198, 1, 1636469294695, 1636469295353, 658, 267, 391, 1, 2, 3
13199, 1, 1636469294706, 1636469295356, 650, 262, 388, 0, 0, 0
13200, 1, 1636469294730, 1636469295385, 655, 262, 393, 1, 0, 1
13201, 1, 1636469294734, 1636469295385, 651, 263, 388, 1, 2, 3
13202, 1, 1636469294863, 1636469295525, 662, 266, 396, 1, 1, 2
13203, 1, 1636469294871, 1636469295532, 661, 267, 394, 0, 1, 1
13204, 1, 1636469294886, 1636469295545, 659, 262, 397, 1, 0, 1
13206, 1, 1636469294906, 1636469295557, 651, 262, 389, 1, 0, 1
13207, 1, 1636469294998, 1636469295653, 655, 262, 393, 1, 0, 1
13205, 1, 1636469294898, 1636469295653, 755, 363, 392, 1, 1, 2
13208, 1, 1636469295034, 1636469295693, 659, 262, 397, 0, 0, 0
13209, 1, 1636469295046, 1636469295709, 663, 267, 396, 1, 1, 2
13210, 1, 1636469295078, 1636469295736, 658, 263, 395, 1, 1, 2
13211, 1, 1636469295194, 1636469295849, 655, 266, 389, 0, 0, 0
13212, 1, 1636469295218, 1636469295876, 658, 268, 390, 2, 2, 4
13213, 1, 1636469295222, 1636469295884, 662, 270, 392, 1, 1, 2
13214, 1, 1636469295302, 1636469295965, 663, 269, 394, 1, 0, 1
13215, 1, 1636469295306, 1636469295968, 662, 269, 393, 0, 1, 1
13216, 1, 1636469295326, 1636469295989, 663, 270, 393, 0, 0, 0
13217, 1, 1636469295330, 1636469296001, 671, 280, 391, 1, 1, 2
13218, 1, 1636469295355, 1636469296013, 658, 263, 395, 0, 0, 0
13219, 1, 1636469295358, 1636469296016, 658, 272, 386, 2, 1, 3
13220, 1, 1636469295386, 1636469296037, 651, 266, 385, 0, 1, 1
13221, 1, 1636469295387, 1636469296053, 666, 274, 392, 0, 0, 0
13222, 1, 1636469295526, 1636469296189, 663, 268, 395, 2, 0, 2
13225, 1, 1636469295558, 1636469296220, 662, 262, 400, 1, 0, 1
13226, 1, 1636469295654, 1636469296317, 663, 267, 396, 1, 0, 1
13227, 1, 1636469295654, 1636469296317, 663, 267, 396, 1, 0, 1
13228, 1, 1636469295694, 1636469296357, 663, 267, 396, 0, 0, 0
13229, 1, 1636469295710, 1636469296369, 659, 262, 397, 0, 0, 0
13223, 1, 1636469295534, 1636469296393, 859, 453, 406, 0, 0, 0
13224, 1, 1636469295546, 1636469296405, 859, 454, 405, 0, 0, 0
13231, 1, 1636469295850, 1636469296513, 663, 266, 397, 0, 0, 0
13233, 1, 1636469295886, 1636469296540, 654, 263, 391, 0, 1, 1
13232, 1, 1636469295878, 1636469296540, 662, 268, 394, 1, 3, 4
13235, 1, 1636469295970, 1636469296628, 658, 266, 392, 1, 1, 2
13234, 1, 1636469295966, 1636469296629, 663, 270, 393, 1, 1, 2
13236, 1, 1636469295990, 1636469296636, 646, 262, 384, 0, 0, 0
13237, 1, 1636469296002, 1636469296669, 667, 271, 396, 0, 1, 1
13238, 1, 1636469296014, 1636469296672, 658, 264, 394, 1, 3, 4
13239, 1, 1636469296018, 1636469296672, 654, 267, 387, 0, 2, 2
13240, 1, 1636469296038, 1636469296693, 655, 266, 389, 0, 1, 1
13241, 1, 1636469296054, 1636469296713, 659, 262, 397, 1, 1, 2
13230, 1, 1636469295738, 1636469296749, 1011, 623, 388, 1, 2, 3
13242, 1, 1636469296191, 1636469296845, 654, 263, 391, 0, 3, 3
13245, 1, 1636469296318, 1636469296969, 651, 263, 388, 1, 1, 2
13244, 1, 1636469296318, 1636469296969, 651, 263, 388, 1, 0, 1
13246, 1, 1636469296358, 1636469297017, 659, 266, 393, 1, 0, 1
13247, 1, 1636469296371, 1636469297025, 654, 263, 391, 0, 2, 2
13248, 1, 1636469296394, 1636469297049, 655, 262, 393, 0, 0, 0
13249, 1, 1636469296407, 1636469297056, 649, 268, 381, 2, 1, 3
13250, 1, 1636469296514, 1636469297169, 655, 262, 393, 0, 0, 0
13243, 1, 1636469296222, 1636469297188, 966, 579, 387, 0, 1, 1
13251, 1, 1636469296542, 1636469297192, 650, 262, 388, 2, 1, 3
13252, 1, 1636469296542, 1636469297192, 650, 262, 388, 2, 2, 4
13253, 1, 1636469296630, 1636469297281, 651, 263, 388, 3, 2, 5
13255, 1, 1636469296638, 1636469297289, 651, 262, 389, 0, 2, 2
13256, 1, 1636469296670, 1636469297325, 655, 266, 389, 1, 0, 1
13258, 1, 1636469296675, 1636469297325, 650, 262, 388, 0, 0, 0
13257, 1, 1636469296675, 1636469297329, 654, 264, 390, 1, 0, 1
13261, 1, 1636469296750, 1636469297408, 658, 262, 396, 0, 1, 1
13262, 1, 1636469296846, 1636469297493, 647, 258, 389, 0, 1, 1
13254, 1, 1636469296631, 1636469297537, 906, 517, 389, 0, 0, 0
13263, 1, 1636469296970, 1636469297632, 662, 266, 396, 3, 1, 4
13259, 1, 1636469296694, 1636469297632, 938, 546, 392, 1, 0, 1
13264, 1, 1636469296970, 1636469297632, 662, 266, 396, 4, 0, 4
13260, 1, 1636469296715, 1636469297677, 962, 568, 394, 2, 0, 2
13265, 1, 1636469297018, 1636469297677, 659, 261, 398, 1, 0, 1
13267, 1, 1636469297050, 1636469297697, 647, 258, 389, 0, 0, 0
13268, 1, 1636469297058, 1636469297713, 655, 262, 393, 0, 0, 0
13269, 1, 1636469297169, 1636469297829, 660, 262, 398, 0, 0, 0
13270, 1, 1636469297190, 1636469297841, 651, 262, 389, 0, 0, 0
13271, 1, 1636469297194, 1636469297853, 659, 264, 395, 4, 0, 4
13272, 1, 1636469297194, 1636469297856, 662, 268, 394, 4, 0, 4
13273, 1, 1636469297283, 1636469297937, 654, 266, 388, 0, 0, 0
13274, 1, 1636469297290, 1636469297949, 659, 269, 390, 0, 0, 0
13277, 1, 1636469297330, 1636469297985, 655, 263, 392, 0, 1, 1
13276, 1, 1636469297326, 1636469297985, 659, 270, 389, 0, 0, 0
13275, 1, 1636469297326, 1636469297989, 663, 272, 391, 1, 3, 4
13266, 1, 1636469297026, 1636469298021, 995, 605, 390, 0, 0, 0
13279, 1, 1636469297494, 1636469298157, 663, 269, 394, 0, 0, 0
13280, 1, 1636469297538, 1636469298197, 659, 265, 394, 1, 2, 3
13282, 1, 1636469297634, 1636469298293, 659, 263, 396, 2, 0, 2
13283, 1, 1636469297634, 1636469298293, 659, 261, 398, 0, 0, 0
13281, 1, 1636469297634, 1636469298293, 659, 264, 395, 2, 2, 4
13285, 1, 1636469297678, 1636469298333, 655, 264, 391, 3, 2, 5
13284, 1, 1636469297678, 1636469298345, 667, 267, 400, 3, 1, 4
13286, 1, 1636469297698, 1636469298349, 651, 262, 389, 0, 0, 0
13287, 1, 1636469297714, 1636469298365, 651, 267, 384, 0, 1, 1
13278, 1, 1636469297410, 1636469298369, 959, 563, 396, 0, 1, 1
13288, 1, 1636469297830, 1636469298489, 659, 262, 397, 0, 0, 0
13289, 1, 1636469297842, 1636469298497, 655, 266, 389, 0, 0, 0
13291, 1, 1636469297858, 1636469298517, 659, 263, 396, 0, 2, 2
13292, 1, 1636469297938, 1636469298593, 655, 266, 389, 0, 0, 0
13293, 1, 1636469297950, 1636469298609, 659, 266, 393, 0, 1, 1
13295, 1, 1636469297986, 1636469298641, 655, 262, 393, 0, 2, 2
13294, 1, 1636469297986, 1636469298641, 655, 263, 392, 2, 1, 3
13296, 1, 1636469297990, 1636469298641, 651, 261, 390, 2, 3, 5
13297, 1, 1636469298022, 1636469298677, 655, 268, 387, 2, 0, 2
13290, 1, 1636469297854, 1636469298712, 858, 473, 385, 0, 0, 0
13298, 1, 1636469298158, 1636469298812, 654, 263, 391, 0, 1, 1
13299, 1, 1636469298198, 1636469298853, 655, 262, 393, 1, 1, 2
13302, 1, 1636469298295, 1636469298949, 654, 264, 390, 1, 1, 2
13303, 1, 1636469298334, 1636469298992, 658, 266, 392, 1, 2, 3
13304, 1, 1636469298346, 1636469299009, 663, 267, 396, 0, 1, 1
13305, 1, 1636469298350, 1636469299009, 659, 267, 392, 2, 0, 2
13307, 1, 1636469298370, 1636469299021, 651, 262, 389, 0, 0, 0
13306, 1, 1636469298366, 1636469299024, 658, 266, 392, 0, 0, 0
13301, 1, 1636469298295, 1636469299064, 769, 378, 391, 0, 0, 0
13308, 1, 1636469298490, 1636469299144, 654, 262, 392, 0, 0, 0
13309, 1, 1636469298498, 1636469299149, 651, 263, 388, 2, 1, 3
13300, 1, 1636469298294, 1636469299161, 867, 471, 396, 2, 1, 3
13311, 1, 1636469298594, 1636469299248, 654, 262, 392, 0, 0, 0
13312, 1, 1636469298610, 1636469299265, 655, 266, 389, 0, 0, 0
13313, 1, 1636469298643, 1636469299293, 650, 261, 389, 1, 1, 2
13314, 1, 1636469298643, 1636469299296, 653, 263, 390, 2, 2, 4
13315, 1, 1636469298643, 1636469299296, 653, 264, 389, 3, 1, 4
13316, 1, 1636469298678, 1636469299333, 655, 262, 393, 0, 0, 0
13317, 1, 1636469298714, 1636469299365, 651, 263, 388, 0, 1, 1
13318, 1, 1636469298814, 1636469299461, 647, 258, 389, 0, 0, 0
13310, 1, 1636469298518, 1636469299493, 975, 583, 392, 0, 2, 2
13319, 1, 1636469298854, 1636469299509, 655, 262, 393, 0, 0, 0
13321, 1, 1636469298994, 1636469299652, 658, 263, 395, 1, 0, 1
13323, 1, 1636469299010, 1636469299665, 655, 263, 392, 2, 0, 2
13322, 1, 1636469299010, 1636469299665, 655, 263, 392, 1, 0, 1
13325, 1, 1636469299026, 1636469299681, 655, 267, 388, 1, 0, 1
13324, 1, 1636469299022, 1636469299684, 662, 271, 391, 0, 1, 1
13326, 1, 1636469299066, 1636469299713, 647, 264, 383, 0, 2, 2
13327, 1, 1636469299146, 1636469299801, 655, 263, 392, 2, 0, 2
13328, 1, 1636469299150, 1636469299801, 651, 263, 388, 1, 1, 2
13320, 1, 1636469298950, 1636469299812, 862, 467, 395, 1, 1, 2
13329, 1, 1636469299162, 1636469299821, 659, 266, 393, 0, 0, 0
13330, 1, 1636469299251, 1636469299905, 654, 261, 393, 0, 0, 0
13331, 1, 1636469299266, 1636469299921, 655, 262, 393, 0, 0, 0
13333, 1, 1636469299298, 1636469299957, 659, 263, 396, 1, 0, 1
13334, 1, 1636469299298, 1636469299957, 659, 263, 396, 1, 1, 2
13332, 1, 1636469299294, 1636469299957, 663, 271, 392, 1, 1, 2
13336, 1, 1636469299366, 1636469300020, 654, 266, 388, 0, 0, 0
13335, 1, 1636469299334, 1636469300025, 691, 303, 388, 1, 0, 1
13337, 1, 1636469299462, 1636469300116, 654, 262, 392, 1, 0, 1
13338, 1, 1636469299494, 1636469300153, 659, 263, 396, 0, 1, 1
13339, 1, 1636469299510, 1636469300173, 663, 271, 392, 0, 0, 0
13340, 1, 1636469299653, 1636469300309, 656, 262, 394, 0, 0, 0
13342, 1, 1636469299666, 1636469300329, 663, 265, 398, 1, 0, 1
13341, 1, 1636469299666, 1636469300329, 663, 267, 396, 2, 1, 3
13343, 1, 1636469299682, 1636469300337, 655, 266, 389, 0, 0, 0
13344, 1, 1636469299686, 1636469300345, 659, 266, 393, 0, 0, 0
13345, 1, 1636469299715, 1636469300368, 653, 262, 391, 1, 0, 1
13347, 1, 1636469299802, 1636469300449, 647, 262, 385, 1, 0, 1
13346, 1, 1636469299802, 1636469300453, 651, 258, 393, 1, 0, 1
13348, 1, 1636469299814, 1636469300465, 651, 262, 389, 0, 0, 0
13349, 1, 1636469299822, 1636469300477, 655, 263, 392, 0, 0, 0
13350, 1, 1636469299906, 1636469300553, 647, 262, 385, 0, 0, 0
13351, 1, 1636469299922, 1636469300577, 655, 266, 389, 0, 0, 0
13354, 1, 1636469299958, 1636469300617, 659, 261, 398, 2, 0, 2
13352, 1, 1636469299958, 1636469300617, 659, 263, 396, 3, 0, 3
13353, 1, 1636469299958, 1636469300617, 659, 261, 398, 0, 1, 1
13356, 1, 1636469300026, 1636469300680, 654, 263, 391, 0, 1, 1
13357, 1, 1636469300118, 1636469300777, 659, 271, 388, 0, 1, 1
13358, 1, 1636469300154, 1636469300817, 663, 265, 398, 0, 0, 0
13359, 1, 1636469300174, 1636469300825, 651, 262, 389, 0, 1, 1
13355, 1, 1636469300022, 1636469300901, 879, 486, 393, 0, 0, 0
13360, 1, 1636469300310, 1636469300969, 659, 263, 396, 1, 0, 1
13361, 1, 1636469300330, 1636469300985, 655, 263, 392, 1, 0, 1
13362, 1, 1636469300330, 1636469300985, 655, 263, 392, 2, 0, 2
13364, 1, 1636469300346, 1636469301001, 655, 262, 393, 1, 0, 1
13365, 1, 1636469300370, 1636469301020, 650, 262, 388, 0, 2, 2
13366, 1, 1636469300450, 1636469301105, 655, 270, 385, 0, 0, 0
13367, 1, 1636469300454, 1636469301108, 654, 267, 387, 0, 0, 0
13368, 1, 1636469300466, 1636469301129, 663, 270, 393, 0, 0, 0
13369, 1, 1636469300478, 1636469301132, 654, 267, 387, 1, 1, 2
13363, 1, 1636469300338, 1636469301161, 823, 434, 389, 0, 0, 0
13370, 1, 1636469300554, 1636469301205, 651, 263, 388, 0, 1, 1
13371, 1, 1636469300578, 1636469301233, 655, 265, 390, 0, 0, 0
13373, 1, 1636469300618, 1636469301269, 651, 264, 387, 1, 1, 2
13374, 1, 1636469300619, 1636469301277, 658, 267, 391, 2, 0, 2
13372, 1, 1636469300618, 1636469301277, 659, 267, 392, 0, 2, 2
13375, 1, 1636469300682, 1636469301341, 659, 262, 397, 0, 3, 3
13376, 1, 1636469300778, 1636469301437, 659, 266, 393, 0, 0, 0
13377, 1, 1636469300818, 1636469301472, 654, 262, 392, 0, 0, 0
13378, 1, 1636469300826, 1636469301481, 655, 263, 392, 0, 1, 1
13379, 1, 1636469300902, 1636469301557, 655, 263, 392, 0, 1, 1
13380, 1, 1636469300970, 1636469301625, 655, 262, 393, 1, 0, 1
13382, 1, 1636469300986, 1636469301641, 655, 264, 391, 2, 1, 3
13381, 1, 1636469300986, 1636469301641, 655, 263, 392, 0, 1, 1
13383, 1, 1636469301002, 1636469301660, 658, 266, 392, 0, 0, 0
13384, 1, 1636469301022, 1636469301673, 651, 267, 384, 1, 1, 2
13385, 1, 1636469301106, 1636469301761, 655, 263, 392, 0, 0, 0
13386, 1, 1636469301109, 1636469301764, 655, 262, 393, 0, 0, 0
13387, 1, 1636469301130, 1636469301781, 651, 262, 389, 0, 0, 0
13388, 1, 1636469301134, 1636469301797, 663, 267, 396, 1, 0, 1
13390, 1, 1636469301206, 1636469301861, 655, 264, 391, 1, 2, 3
13392, 1, 1636469301270, 1636469301929, 659, 262, 397, 0, 1, 1
13394, 1, 1636469301278, 1636469301937, 659, 267, 392, 3, 0, 3
13393, 1, 1636469301278, 1636469301937, 659, 267, 392, 1, 1, 2
13389, 1, 1636469301162, 1636469301993, 831, 442, 389, 0, 0, 0
13395, 1, 1636469301342, 1636469301993, 651, 262, 389, 0, 0, 0
13396, 1, 1636469301438, 1636469302093, 655, 262, 393, 1, 0, 1
13391, 1, 1636469301234, 1636469302125, 891, 506, 385, 1, 1, 2
13397, 1, 1636469301474, 1636469302129, 655, 266, 389, 1, 0, 1
13398, 1, 1636469301482, 1636469302145, 663, 272, 391, 0, 2, 2
13399, 1, 1636469301558, 1636469302213, 655, 262, 393, 0, 1, 1
13400, 1, 1636469301626, 1636469302285, 659, 262, 397, 0, 1, 1
13401, 1, 1636469301642, 1636469302297, 655, 264, 391, 2, 1, 3
13402, 1, 1636469301642, 1636469302297, 655, 263, 392, 2, 0, 2
13403, 1, 1636469301662, 1636469302317, 655, 262, 393, 0, 1, 1
13404, 1, 1636469301674, 1636469302325, 651, 262, 389, 0, 1, 1
13405, 1, 1636469301762, 1636469302413, 651, 263, 388, 0, 1, 1
13406, 1, 1636469301766, 1636469302425, 659, 263, 396, 1, 0, 1
13407, 1, 1636469301782, 1636469302440, 658, 266, 392, 0, 0, 0
13408, 1, 1636469301798, 1636469302453, 655, 262, 393, 0, 0, 0
13410, 1, 1636469301930, 1636469302584, 654, 262, 392, 0, 0, 0
13412, 1, 1636469301938, 1636469302601, 663, 264, 399, 1, 2, 3
13411, 1, 1636469301938, 1636469302601, 663, 263, 400, 0, 1, 1
13413, 1, 1636469301994, 1636469302649, 655, 262, 393, 1, 0, 1
13414, 1, 1636469301994, 1636469302668, 674, 287, 387, 0, 1, 1
13415, 1, 1636469302094, 1636469302745, 651, 262, 389, 0, 0, 0
13409, 1, 1636469301862, 1636469302761, 899, 514, 385, 0, 1, 1
13417, 1, 1636469302130, 1636469302789, 659, 266, 393, 0, 1, 1
13416, 1, 1636469302127, 1636469302789, 662, 274, 388, 0, 0, 0
13419, 1, 1636469302214, 1636469302872, 658, 262, 396, 0, 2, 2
13420, 1, 1636469302286, 1636469302953, 667, 267, 400, 0, 0, 0
13422, 1, 1636469302298, 1636469302961, 663, 266, 397, 0, 0, 0
13421, 1, 1636469302298, 1636469302961, 663, 266, 397, 1, 0, 1
13423, 1, 1636469302318, 1636469302981, 663, 267, 396, 2, 1, 3
13424, 1, 1636469302326, 1636469303017, 691, 302, 389, 1, 0, 1
13425, 1, 1636469302414, 1636469303065, 651, 266, 385, 1, 0, 1
13427, 1, 1636469302442, 1636469303096, 654, 262, 392, 0, 0, 0
13428, 1, 1636469302454, 1636469303109, 655, 263, 392, 0, 1, 1
13418, 1, 1636469302146, 1636469303109, 963, 570, 393, 0, 0, 0
13429, 1, 1636469302586, 1636469303241, 655, 262, 393, 0, 1, 1
13431, 1, 1636469302602, 1636469303253, 651, 263, 388, 1, 1, 2
13432, 1, 1636469302650, 1636469303301, 651, 262, 389, 0, 0, 0
13433, 1, 1636469302670, 1636469303321, 651, 266, 385, 0, 0, 0
13426, 1, 1636469302426, 1636469303360, 934, 542, 392, 0, 0, 0
13436, 1, 1636469302790, 1636469303437, 647, 262, 385, 0, 1, 1
13437, 1, 1636469302791, 1636469303445, 654, 262, 392, 0, 2, 2
13430, 1, 1636469302602, 1636469303461, 859, 464, 395, 1, 1, 2
13438, 1, 1636469302874, 1636469303533, 659, 261, 398, 0, 1, 1
13439, 1, 1636469302954, 1636469303609, 655, 264, 391, 2, 0, 2
13440, 1, 1636469302962, 1636469303617, 655, 263, 392, 3, 1, 4
13441, 1, 1636469302963, 1636469303617, 654, 262, 392, 3, 0, 3
13442, 1, 1636469302982, 1636469303645, 663, 266, 397, 0, 0, 0
13443, 1, 1636469303018, 1636469303669, 651, 263, 388, 0, 0, 0
13444, 1, 1636469303066, 1636469303717, 651, 267, 384, 0, 1, 1
13445, 1, 1636469303098, 1636469303757, 659, 266, 393, 0, 0, 0
13447, 1, 1636469303110, 1636469303773, 663, 267, 396, 3, 0, 3
13446, 1, 1636469303110, 1636469303773, 663, 267, 396, 1, 1, 2
13448, 1, 1636469303242, 1636469303892, 650, 262, 388, 0, 0, 0
13449, 1, 1636469303254, 1636469303913, 659, 266, 393, 0, 0, 0
13450, 1, 1636469303302, 1636469303953, 651, 262, 389, 0, 0, 0
13451, 1, 1636469303322, 1636469303981, 659, 270, 389, 0, 0, 0
13452, 1, 1636469303361, 1636469304021, 660, 264, 396, 0, 1, 1
13453, 1, 1636469303438, 1636469304085, 647, 262, 385, 0, 0, 0
13454, 1, 1636469303446, 1636469304097, 651, 262, 389, 0, 0, 0
13455, 1, 1636469303462, 1636469304125, 663, 266, 397, 0, 0, 0
13456, 1, 1636469303534, 1636469304193, 659, 266, 393, 1, 0, 1
13457, 1, 1636469303610, 1636469304264, 654, 267, 387, 1, 0, 1
13458, 1, 1636469303618, 1636469304281, 663, 263, 400, 1, 0, 1
13459, 1, 1636469303618, 1636469304285, 667, 270, 397, 2, 1, 3
13461, 1, 1636469303670, 1636469304320, 650, 264, 386, 2, 1, 3
13462, 1, 1636469303718, 1636469304369, 651, 267, 384, 2, 1, 3
13463, 1, 1636469303759, 1636469304417, 658, 266, 392, 0, 0, 0
13465, 1, 1636469303774, 1636469304429, 655, 263, 392, 0, 1, 1
13460, 1, 1636469303646, 1636469304440, 794, 406, 388, 0, 0, 0
13466, 1, 1636469303894, 1636469304553, 659, 264, 395, 1, 2, 3
13467, 1, 1636469303914, 1636469304564, 650, 262, 388, 0, 0, 0
13468, 1, 1636469303954, 1636469304605, 651, 262, 389, 0, 2, 2
13469, 1, 1636469303982, 1636469304633, 651, 262, 389, 1, 1, 2
13470, 1, 1636469304022, 1636469304681, 659, 265, 394, 1, 3, 4
13472, 1, 1636469304098, 1636469304749, 651, 262, 389, 0, 0, 0
13473, 1, 1636469304126, 1636469304781, 655, 263, 392, 0, 1, 1
13474, 1, 1636469304194, 1636469304857, 663, 263, 400, 0, 2, 2
13477, 1, 1636469304286, 1636469304948, 662, 271, 391, 1, 0, 1
13476, 1, 1636469304282, 1636469304949, 667, 276, 391, 1, 1, 2
13478, 1, 1636469304322, 1636469304981, 659, 270, 389, 0, 0, 0
13479, 1, 1636469304370, 1636469305024, 654, 267, 387, 0, 1, 1
13480, 1, 1636469304418, 1636469305073, 655, 262, 393, 0, 0, 0
13481, 1, 1636469304430, 1636469305084, 654, 262, 392, 0, 0, 0
13482, 1, 1636469304442, 1636469305105, 663, 262, 401, 0, 0, 0
13484, 1, 1636469304566, 1636469305221, 655, 262, 393, 0, 0, 0
13434, 2, 1636469302746, 1636469305239, 2493, 0, 2493, 0, 0, 0
13435, 2, 1636469302762, 1636469305239, 2477, 0, 2477, 0, 1, 1
13485, 1, 1636469304606, 1636469305256, 650, 262, 388, 0, 0, 0
13486, 1, 1636469304634, 1636469305296, 662, 275, 387, 0, 1, 1
13487, 1, 1636469304682, 1636469305337, 655, 263, 392, 0, 0, 0
13488, 1, 1636469304750, 1636469305401, 651, 262, 389, 0, 0, 0
13489, 1, 1636469304782, 1636469305433, 651, 262, 389, 0, 0, 0
13490, 1, 1636469304858, 1636469305513, 655, 262, 393, 0, 0, 0
13491, 1, 1636469304950, 1636469305605, 655, 263, 392, 1, 0, 1
13492, 1, 1636469304950, 1636469305609, 659, 263, 396, 1, 0, 1
13493, 1, 1636469304982, 1636469305633, 651, 262, 389, 1, 0, 1
13494, 1, 1636469305026, 1636469305681, 655, 263, 392, 1, 0, 1
13495, 1, 1636469305074, 1636469305740, 666, 266, 400, 0, 0, 0
13496, 1, 1636469305085, 1636469305744, 659, 266, 393, 0, 0, 0
13497, 1, 1636469305106, 1636469305765, 659, 267, 392, 1, 0, 1
13498, 1, 1636469305222, 1636469305885, 663, 266, 397, 0, 1, 1
13499, 1, 1636469305258, 1636469305921, 663, 262, 401, 0, 1, 1
13500, 1, 1636469305298, 1636469305944, 646, 262, 384, 1, 0, 1
13502, 1, 1636469305329, 1636469305981, 652, 263, 389, 3, 0, 3
13501, 1, 1636469305329, 1636469305981, 652, 264, 388, 3, 0, 3
13503, 1, 1636469305338, 1636469306005, 667, 272, 395, 1, 0, 1
13464, 2, 1636469303774, 1636469306039, 2265, 1, 2264, 0, 1, 1
13504, 1, 1636469305402, 1636469306057, 655, 262, 393, 0, 0, 0
13505, 1, 1636469305434, 1636469306089, 655, 266, 389, 0, 0, 0
13507, 1, 1636469305606, 1636469306269, 663, 267, 396, 1, 1, 2
13508, 1, 1636469305610, 1636469306269, 659, 263, 396, 1, 1, 2
13509, 1, 1636469305634, 1636469306289, 655, 262, 393, 0, 0, 0
13510, 1, 1636469305682, 1636469306337, 655, 267, 388, 1, 0, 1
13471, 2, 1636469304086, 1636469306346, 2260, 0, 2260, 0, 0, 0
13511, 1, 1636469305742, 1636469306393, 651, 262, 389, 0, 0, 0
13512, 1, 1636469305746, 1636469306397, 651, 263, 388, 0, 1, 1
13506, 1, 1636469305514, 1636469306401, 887, 498, 389, 0, 0, 0
13513, 1, 1636469305766, 1636469306425, 659, 262, 397, 0, 0, 0
13475, 2, 1636469304265, 1636469306530, 2265, 0, 2265, 0, 0, 0
13514, 1, 1636469305886, 1636469306541, 655, 262, 393, 0, 0, 0
13515, 1, 1636469305922, 1636469306572, 650, 263, 387, 1, 1, 2
13518, 1, 1636469305983, 1636469306632, 649, 263, 386, 3, 1, 4
13517, 1, 1636469305982, 1636469306637, 655, 263, 392, 1, 1, 2
13519, 1, 1636469306006, 1636469306664, 658, 266, 392, 0, 0, 0
13521, 1, 1636469306090, 1636469306741, 651, 264, 387, 0, 2, 2
13522, 1, 1636469306125, 1636469306780, 655, 263, 392, 0, 0, 0
13483, 2, 1636469304554, 1636469306822, 2268, 0, 2268, 0, 0, 0
13524, 1, 1636469306270, 1636469306929, 659, 267, 392, 1, 2, 3
13525, 1, 1636469306290, 1636469306937, 647, 262, 385, 0, 0, 0
13526, 1, 1636469306338, 1636469306989, 651, 264, 387, 1, 2, 3
13527, 1, 1636469306394, 1636469307053, 659, 262, 397, 0, 0, 0
13529, 1, 1636469306402, 1636469307057, 655, 267, 388, 1, 1, 2
13528, 1, 1636469306398, 1636469307057, 659, 267, 392, 2, 0, 2
13530, 1, 1636469306426, 1636469307081, 655, 262, 393, 0, 0, 0
13531, 1, 1636469306441, 1636469307089, 648, 262, 386, 0, 0, 0
13532, 1, 1636469306542, 1636469307205, 663, 262, 401, 0, 0, 0
13533, 1, 1636469306574, 1636469307225, 651, 262, 389, 0, 0, 0
13534, 1, 1636469306625, 1636469307280, 655, 263, 392, 0, 0, 0
13535, 1, 1636469306634, 1636469307293, 659, 266, 393, 1, 0, 1
13536, 1, 1636469306638, 1636469307301, 663, 266, 397, 0, 1, 1
13537, 1, 1636469306666, 1636469307325, 659, 262, 397, 0, 0, 0
13538, 1, 1636469306742, 1636469307401, 659, 270, 389, 1, 0, 1
13539, 1, 1636469306782, 1636469307433, 651, 262, 389, 0, 0, 0
13540, 1, 1636469306909, 1636469307568, 659, 270, 389, 0, 0, 0
13541, 1, 1636469306930, 1636469307589, 659, 266, 393, 0, 0, 0
13542, 1, 1636469306938, 1636469307593, 655, 262, 393, 0, 0, 0
13546, 1, 1636469307058, 1636469307712, 654, 267, 387, 2, 0, 2
13545, 1, 1636469307058, 1636469307717, 659, 267, 392, 1, 1, 2
13544, 1, 1636469307054, 1636469307717, 663, 274, 389, 1, 1, 2
13547, 1, 1636469307082, 1636469307737, 655, 263, 392, 0, 0, 0
13548, 1, 1636469307090, 1636469307749, 659, 270, 389, 0, 0, 0
13549, 1, 1636469307206, 1636469307860, 654, 262, 392, 1, 1, 2
13550, 1, 1636469307226, 1636469307889, 663, 266, 397, 0, 2, 2
13551, 1, 1636469307282, 1636469307957, 675, 270, 405, 0, 0, 0
13552, 1, 1636469307295, 1636469307957, 662, 266, 396, 0, 1, 1
13553, 1, 1636469307302, 1636469307969, 667, 266, 401, 0, 0, 0
13554, 1, 1636469307326, 1636469307985, 659, 266, 393, 0, 0, 0
13555, 1, 1636469307402, 1636469308065, 663, 271, 392, 0, 1, 1
13556, 1, 1636469307434, 1636469308085, 651, 262, 389, 0, 0, 0
13516, 2, 1636469305946, 1636469308206, 2260, 1, 2259, 0, 0, 0
13557, 1, 1636469307570, 1636469308225, 655, 262, 393, 0, 0, 0
13559, 1, 1636469307594, 1636469308241, 647, 263, 384, 1, 0, 1
13558, 1, 1636469307590, 1636469308245, 655, 263, 392, 0, 1, 1
13520, 2, 1636469306058, 1636469308326, 2268, 0, 2268, 0, 0, 0
13561, 1, 1636469307718, 1636469308373, 655, 262, 393, 0, 1, 1
13562, 1, 1636469307718, 1636469308373, 655, 263, 392, 1, 1, 2
13563, 1, 1636469307738, 1636469308393, 655, 262, 393, 1, 1, 2
13564, 1, 1636469307750, 1636469308408, 658, 266, 392, 1, 0, 1
13565, 1, 1636469307861, 1636469308521, 660, 262, 398, 0, 0, 0
13523, 2, 1636469306270, 1636469308534, 2264, 0, 2264, 1, 0, 1
13566, 1, 1636469307890, 1636469308553, 663, 262, 401, 0, 1, 1
13568, 1, 1636469307958, 1636469308621, 663, 267, 396, 1, 0, 1
13567, 1, 1636469307958, 1636469308621, 663, 268, 395, 1, 1, 2
13569, 1, 1636469307970, 1636469308625, 655, 258, 397, 0, 1, 1
13570, 1, 1636469307986, 1636469308641, 655, 259, 396, 0, 1, 1
13572, 1, 1636469308086, 1636469308737, 651, 262, 389, 0, 0, 0
13573, 1, 1636469308226, 1636469308889, 663, 266, 397, 0, 1, 1
13574, 1, 1636469308242, 1636469308905, 663, 270, 393, 0, 0, 0
13575, 1, 1636469308246, 1636469308913, 667, 266, 401, 0, 0, 0
13576, 1, 1636469308297, 1636469308949, 652, 262, 390, 0, 0, 0
13578, 1, 1636469308374, 1636469309024, 650, 262, 388, 2, 0, 2
13577, 1, 1636469308374, 1636469309033, 659, 263, 396, 3, 0, 3
13579, 1, 1636469308394, 1636469309057, 663, 262, 401, 0, 0, 0
13581, 1, 1636469308413, 1636469309069, 656, 262, 394, 0, 0, 0
13580, 1, 1636469308410, 1636469309069, 659, 267, 392, 0, 1, 1
13582, 1, 1636469308522, 1636469309185, 663, 266, 397, 0, 0, 0
13583, 1, 1636469308554, 1636469309213, 659, 262, 397, 0, 0, 0
13543, 2, 1636469306990, 1636469309250, 2260, 0, 2260, 0, 0, 0
13585, 1, 1636469308622, 1636469309281, 659, 263, 396, 0, 0, 0
13587, 1, 1636469308626, 1636469309281, 655, 263, 392, 0, 1, 1
13584, 1, 1636469308621, 1636469309285, 664, 268, 396, 1, 1, 2
13588, 1, 1636469308642, 1636469309297, 655, 266, 389, 0, 1, 1
13589, 1, 1636469308738, 1636469309393, 655, 267, 388, 0, 1, 1
13590, 1, 1636469308890, 1636469309541, 651, 262, 389, 0, 0, 0
13591, 1, 1636469308906, 1636469309560, 654, 266, 388, 0, 0, 0
13592, 1, 1636469308914, 1636469309577, 663, 266, 397, 1, 0, 1
13593, 1, 1636469308951, 1636469309613, 662, 263, 399, 0, 0, 0
13594, 1, 1636469309026, 1636469309685, 659, 262, 397, 1, 1, 2
13595, 1, 1636469309034, 1636469309688, 654, 262, 392, 0, 0, 0
13596, 1, 1636469309058, 1636469309712, 654, 262, 392, 0, 0, 0
13598, 1, 1636469309070, 1636469309717, 647, 262, 385, 1, 1, 2
13597, 1, 1636469309070, 1636469309733, 663, 272, 391, 2, 1, 3
13600, 1, 1636469309214, 1636469309877, 663, 266, 397, 0, 0, 0
13603, 1, 1636469309286, 1636469309957, 671, 264, 407, 1, 0, 1
13601, 1, 1636469309282, 1636469309957, 675, 267, 408, 2, 1, 3
13602, 1, 1636469309282, 1636469309957, 675, 267, 408, 3, 0, 3
13604, 1, 1636469309298, 1636469309969, 671, 269, 402, 0, 1, 1
13560, 2, 1636469307714, 1636469309978, 2264, 0, 2264, 0, 0, 0
13605, 1, 1636469309337, 1636469309997, 660, 270, 390, 0, 0, 0
13606, 1, 1636469309394, 1636469310057, 663, 267, 396, 1, 0, 1
13607, 1, 1636469309542, 1636469310209, 667, 262, 405, 0, 0, 0
13608, 1, 1636469309562, 1636469310221, 659, 266, 393, 0, 1, 1
13609, 1, 1636469309578, 1636469310233, 655, 266, 389, 0, 1, 1
13610, 1, 1636469309615, 1636469310264, 649, 262, 387, 0, 2, 2
13571, 2, 1636469308066, 1636469310330, 2264, 0, 2264, 0, 0, 0
13612, 1, 1636469309690, 1636469310345, 655, 262, 393, 1, 1, 2
13611, 1, 1636469309686, 1636469310345, 659, 263, 396, 2, 0, 2
13613, 1, 1636469309714, 1636469310369, 655, 267, 388, 0, 1, 1
13615, 1, 1636469309734, 1636469310401, 667, 270, 397, 0, 1, 1
13617, 1, 1636469309958, 1636469310613, 655, 262, 393, 3, 0, 3
13618, 1, 1636469309958, 1636469310613, 655, 262, 393, 2, 0, 2
13619, 1, 1636469309959, 1636469310613, 654, 262, 392, 2, 1, 3
13620, 1, 1636469309970, 1636469310625, 655, 263, 392, 0, 0, 0
13621, 1, 1636469309998, 1636469310649, 651, 266, 385, 0, 0, 0
13622, 1, 1636469310058, 1636469310712, 654, 262, 392, 0, 0, 0
13623, 1, 1636469310065, 1636469310725, 660, 263, 397, 0, 0, 0
13624, 1, 1636469310210, 1636469310861, 651, 262, 389, 0, 0, 0
13625, 1, 1636469310222, 1636469310872, 650, 262, 388, 0, 0, 0
13586, 2, 1636469308622, 1636469310886, 2264, 1, 2263, 0, 0, 0
13626, 1, 1636469310234, 1636469310897, 663, 270, 393, 0, 0, 0
13627, 1, 1636469310267, 1636469310921, 654, 270, 384, 0, 0, 0
13629, 1, 1636469310346, 1636469311001, 655, 267, 388, 0, 1, 1
13628, 1, 1636469310346, 1636469311012, 666, 270, 396, 0, 0, 0
13630, 1, 1636469310370, 1636469311021, 651, 262, 389, 0, 0, 0
13631, 1, 1636469310402, 1636469311061, 659, 266, 393, 0, 0, 0
13632, 1, 1636469310417, 1636469311073, 656, 266, 390, 0, 0, 0
13635, 1, 1636469310616, 1636469311273, 657, 261, 396, 1, 0, 1
13633, 1, 1636469310614, 1636469311273, 659, 264, 395, 3, 1, 4
13634, 1, 1636469310614, 1636469311273, 659, 263, 396, 1, 0, 1
13636, 1, 1636469310626, 1636469311277, 651, 263, 388, 0, 1, 1
13637, 1, 1636469310650, 1636469311305, 655, 267, 388, 1, 0, 1
13638, 1, 1636469310714, 1636469311365, 651, 262, 389, 0, 0, 0
13639, 1, 1636469310726, 1636469311381, 655, 263, 392, 0, 1, 1
13599, 2, 1636469309186, 1636469311450, 2264, 0, 2264, 0, 0, 0
13641, 1, 1636469310874, 1636469311524, 650, 262, 388, 0, 1, 1
13642, 1, 1636469310898, 1636469311561, 663, 262, 401, 0, 1, 1
13643, 1, 1636469310922, 1636469311577, 655, 262, 393, 0, 0, 0
13644, 1, 1636469310977, 1636469311633, 656, 262, 394, 0, 0, 0
13645, 1, 1636469311002, 1636469311657, 655, 262, 393, 0, 0, 0
13647, 1, 1636469311022, 1636469311676, 654, 258, 396, 0, 0, 0
13640, 1, 1636469310862, 1636469311713, 851, 458, 393, 0, 1, 1
13648, 1, 1636469311062, 1636469311717, 655, 263, 392, 1, 1, 2
13649, 1, 1636469311074, 1636469311725, 651, 262, 389, 0, 0, 0
13652, 1, 1636469311275, 1636469311925, 650, 264, 386, 0, 1, 1
13653, 1, 1636469311278, 1636469311929, 651, 262, 389, 0, 0, 0
13650, 1, 1636469311274, 1636469311933, 659, 267, 392, 0, 1, 1
13654, 1, 1636469311306, 1636469311961, 655, 266, 389, 0, 0, 0
13614, 2, 1636469309718, 1636469311978, 2260, 1, 2259, 1, 0, 1
13655, 1, 1636469311366, 1636469312020, 654, 262, 392, 0, 0, 0
13656, 1, 1636469311382, 1636469312037, 655, 262, 393, 0, 0, 0
13651, 1, 1636469311274, 1636469312061, 787, 398, 389, 0, 0, 0
13616, 2, 1636469309878, 1636469312146, 2268, 0, 2268, 0, 0, 0
13657, 1, 1636469311526, 1636469312177, 651, 261, 390, 0, 0, 0
13658, 1, 1636469311537, 1636469312197, 660, 262, 398, 0, 0, 0
13659, 1, 1636469311562, 1636469312225, 663, 267, 396, 1, 0, 1
13660, 1, 1636469311578, 1636469312233, 655, 266, 389, 0, 0, 0
13661, 1, 1636469311634, 1636469312285, 651, 262, 389, 0, 1, 1
13663, 1, 1636469311678, 1636469312329, 651, 262, 389, 0, 1, 1
13664, 1, 1636469311714, 1636469312373, 659, 264, 395, 2, 1, 3
13666, 1, 1636469311726, 1636469312385, 659, 266, 393, 0, 0, 0
13667, 1, 1636469311926, 1636469312585, 659, 262, 397, 0, 0, 0
13668, 1, 1636469311930, 1636469312596, 666, 267, 399, 0, 1, 1
13669, 1, 1636469311934, 1636469312597, 663, 264, 399, 1, 3, 4
13670, 1, 1636469311962, 1636469312621, 659, 266, 393, 0, 0, 0
13671, 1, 1636469312022, 1636469312676, 654, 260, 394, 0, 2, 2
13672, 1, 1636469312038, 1636469312688, 650, 258, 392, 0, 0, 0
13674, 1, 1636469312069, 1636469312732, 663, 275, 388, 0, 1, 1
13675, 1, 1636469312178, 1636469312833, 655, 266, 389, 0, 0, 0
13676, 1, 1636469312199, 1636469312853, 654, 263, 391, 2, 2, 4
13677, 1, 1636469312226, 1636469312885, 659, 266, 393, 0, 0, 0
13679, 1, 1636469312234, 1636469312889, 655, 262, 393, 0, 0, 0
13678, 1, 1636469312233, 1636469312889, 656, 262, 394, 0, 0, 0
13673, 1, 1636469312062, 1636469312944, 882, 488, 394, 4, 0, 4
13680, 1, 1636469312287, 1636469312944, 657, 270, 387, 1, 1, 2
13681, 1, 1636469312330, 1636469312993, 663, 267, 396, 1, 1, 2
13682, 1, 1636469312374, 1636469313029, 655, 263, 392, 2, 1, 3
13683, 1, 1636469312386, 1636469313045, 659, 262, 397, 0, 0, 0
13684, 1, 1636469312586, 1636469313241, 655, 263, 392, 1, 0, 1
13686, 1, 1636469312599, 1636469313249, 650, 263, 387, 2, 0, 2
13685, 1, 1636469312598, 1636469313257, 659, 268, 391, 2, 0, 2
13687, 1, 1636469312622, 1636469313273, 651, 262, 389, 0, 0, 0
13646, 2, 1636469311014, 1636469313282, 2268, 1, 2267, 1, 1, 2
13689, 1, 1636469312690, 1636469313337, 647, 258, 389, 0, 0, 0
13688, 1, 1636469312678, 1636469313337, 659, 262, 397, 0, 0, 0
13690, 1, 1636469312734, 1636469313389, 655, 266, 389, 0, 1, 1
13691, 1, 1636469312834, 1636469313485, 651, 262, 389, 0, 1, 1
13692, 1, 1636469312854, 1636469313513, 659, 262, 397, 0, 1, 1
13695, 1, 1636469312890, 1636469313544, 654, 261, 393, 0, 1, 1
13694, 1, 1636469312890, 1636469313544, 654, 267, 387, 0, 1, 1
13693, 1, 1636469312886, 1636469313548, 662, 267, 395, 1, 0, 1
13697, 1, 1636469312946, 1636469313596, 650, 261, 389, 0, 1, 1
13696, 1, 1636469312946, 1636469313600, 654, 258, 396, 0, 1, 1
13698, 1, 1636469312994, 1636469313652, 658, 263, 395, 0, 0, 0
13699, 1, 1636469313030, 1636469313685, 655, 263, 392, 2, 1, 3
13700, 1, 1636469313046, 1636469313709, 663, 266, 397, 0, 0, 0
13701, 1, 1636469313242, 1636469313901, 659, 263, 396, 0, 0, 0
13702, 1, 1636469313250, 1636469313917, 667, 272, 395, 0, 2, 2
13703, 1, 1636469313258, 1636469313917, 659, 267, 392, 1, 0, 1
13662, 2, 1636469311658, 1636469313926, 2268, 0, 2268, 0, 0, 0
13704, 1, 1636469313274, 1636469313932, 658, 267, 391, 1, 0, 1
13665, 2, 1636469311718, 1636469313982, 2264, 1, 2263, 1, 0, 1
13706, 1, 1636469313339, 1636469313993, 654, 263, 391, 1, 0, 1
13705, 1, 1636469313338, 1636469313993, 655, 263, 392, 1, 0, 1
13707, 1, 1636469313373, 1636469314041, 668, 266, 402, 0, 0, 0
13708, 1, 1636469313391, 1636469314041, 650, 262, 388, 0, 1, 1
13709, 1, 1636469313486, 1636469314140, 654, 266, 388, 0, 0, 0
13710, 1, 1636469313514, 1636469314177, 663, 262, 401, 3, 0, 3
13711, 1, 1636469313546, 1636469314204, 658, 262, 396, 0, 0, 0
13712, 1, 1636469313546, 1636469314213, 667, 266, 401, 1, 0, 1
13714, 1, 1636469313598, 1636469314268, 670, 263, 407, 2, 1, 3
13715, 1, 1636469313602, 1636469314268, 666, 260, 406, 2, 2, 4
13716, 1, 1636469313654, 1636469314309, 655, 264, 391, 0, 1, 1
13717, 1, 1636469313686, 1636469314348, 662, 267, 395, 0, 1, 1
13718, 1, 1636469313710, 1636469314365, 655, 263, 392, 0, 0, 0
13713, 1, 1636469313550, 1636469314461, 911, 507, 404, 1, 1, 2
13719, 1, 1636469313902, 1636469314561, 659, 266, 393, 0, 0, 0
13720, 1, 1636469313918, 1636469314580, 662, 271, 391, 1, 0, 1
13721, 1, 1636469313918, 1636469314581, 663, 270, 393, 1, 1, 2
13722, 1, 1636469313934, 1636469314589, 655, 266, 389, 0, 0, 0
13723, 1, 1636469313994, 1636469314657, 663, 264, 399, 2, 1, 3
13724, 1, 1636469313994, 1636469314657, 663, 264, 399, 2, 1, 3
13725, 1, 1636469314013, 1636469314669, 656, 262, 394, 2, 0, 2
13727, 1, 1636469314042, 1636469314688, 646, 263, 383, 0, 0, 0
13726, 1, 1636469314042, 1636469314701, 659, 262, 397, 0, 0, 0
13728, 1, 1636469314069, 1636469314729, 660, 266, 394, 0, 0, 0
13729, 1, 1636469314142, 1636469314793, 651, 262, 389, 0, 1, 1
13730, 1, 1636469314178, 1636469314837, 659, 262, 397, 0, 2, 2
13731, 1, 1636469314206, 1636469314861, 655, 262, 393, 0, 0, 0
13732, 1, 1636469314214, 1636469314861, 647, 262, 385, 0, 0, 0
13734, 1, 1636469314270, 1636469314921, 651, 259, 392, 1, 1, 2
13733, 1, 1636469314270, 1636469314921, 651, 261, 390, 2, 0, 2
13735, 1, 1636469314311, 1636469314969, 658, 267, 391, 0, 1, 1
13736, 1, 1636469314350, 1636469315009, 659, 261, 398, 0, 0, 0
13737, 1, 1636469314366, 1636469315029, 663, 267, 396, 1, 0, 1
13738, 1, 1636469314462, 1636469315121, 659, 266, 393, 0, 1, 1
13739, 1, 1636469314562, 1636469315213, 651, 263, 388, 1, 3, 4
13740, 1, 1636469314582, 1636469315244, 662, 268, 394, 2, 0, 2
13742, 1, 1636469314590, 1636469315245, 655, 262, 393, 0, 1, 1
13741, 1, 1636469314582, 1636469315244, 662, 266, 396, 2, 0, 2
13743, 1, 1636469314658, 1636469315309, 651, 264, 387, 1, 2, 3
13745, 1, 1636469314670, 1636469315325, 655, 265, 390, 1, 0, 1
13746, 1, 1636469314690, 1636469315336, 646, 262, 384, 1, 0, 1
13747, 1, 1636469314702, 1636469315361, 659, 263, 396, 1, 2, 3
13748, 1, 1636469314730, 1636469315385, 655, 263, 392, 1, 0, 1
13749, 1, 1636469314794, 1636469315441, 647, 262, 385, 2, 1, 3
13750, 1, 1636469314838, 1636469315501, 663, 267, 396, 1, 1, 2
13752, 1, 1636469314863, 1636469315513, 650, 262, 388, 0, 0, 0
13751, 1, 1636469314862, 1636469315517, 655, 266, 389, 0, 0, 0
13753, 1, 1636469314922, 1636469315572, 650, 265, 385, 1, 2, 3
13744, 1, 1636469314658, 1636469315589, 931, 539, 392, 1, 1, 2
13755, 1, 1636469314970, 1636469315625, 655, 262, 393, 0, 0, 0
13754, 1, 1636469314923, 1636469315656, 733, 345, 388, 2, 2, 4
13756, 1, 1636469315011, 1636469315661, 650, 262, 388, 0, 0, 0
13758, 1, 1636469315122, 1636469315773, 651, 262, 389, 0, 0, 0
13759, 1, 1636469315214, 1636469315869, 655, 258, 397, 0, 0, 0
13761, 1, 1636469315246, 1636469315901, 655, 265, 390, 1, 3, 4
13760, 1, 1636469315246, 1636469315901, 655, 266, 389, 1, 0, 1
13762, 1, 1636469315247, 1636469315904, 657, 263, 394, 2, 0, 2
13763, 1, 1636469315310, 1636469315965, 655, 264, 391, 1, 1, 2
13764, 1, 1636469315326, 1636469315984, 658, 262, 396, 0, 0, 0
13765, 1, 1636469315338, 1636469315989, 651, 260, 391, 0, 0, 0
13757, 1, 1636469315030, 1636469316001, 971, 584, 387, 1, 0, 1
13766, 1, 1636469315362, 1636469316017, 655, 262, 393, 0, 0, 0
13767, 1, 1636469315386, 1636469316041, 655, 262, 393, 0, 0, 0
13768, 1, 1636469315442, 1636469316092, 650, 262, 388, 0, 0, 0
13769, 1, 1636469315502, 1636469316164, 662, 267, 395, 0, 0, 0
13770, 1, 1636469315514, 1636469316165, 651, 266, 385, 0, 1, 1
13771, 1, 1636469315519, 1636469316176, 657, 266, 391, 0, 0, 0
13773, 1, 1636469315590, 1636469316241, 651, 263, 388, 0, 0, 0
13774, 1, 1636469315626, 1636469316281, 655, 262, 393, 0, 1, 1
13772, 1, 1636469315573, 1636469316309, 736, 346, 390, 1, 0, 1
13775, 1, 1636469315658, 1636469316309, 651, 264, 387, 1, 2, 3
13776, 1, 1636469315662, 1636469316320, 658, 266, 392, 0, 0, 0
13777, 1, 1636469315774, 1636469316424, 650, 262, 388, 0, 0, 0
13778, 1, 1636469315870, 1636469316521, 651, 262, 389, 0, 0, 0
13780, 1, 1636469315903, 1636469316557, 654, 263, 391, 1, 0, 1
13779, 1, 1636469315902, 1636469316565, 663, 263, 400, 3, 0, 3
13781, 1, 1636469315906, 1636469316565, 659, 259, 400, 1, 1, 2
13782, 1, 1636469315966, 1636469316621, 655, 262, 393, 0, 0, 0
13783, 1, 1636469315987, 1636469316649, 662, 262, 400, 1, 0, 1
13785, 1, 1636469316002, 1636469316665, 663, 262, 401, 0, 2, 2
13786, 1, 1636469316018, 1636469316669, 651, 262, 389, 0, 1, 1
13787, 1, 1636469316042, 1636469316693, 651, 261, 390, 0, 0, 0
13788, 1, 1636469316094, 1636469316745, 651, 258, 393, 0, 1, 1
13790, 1, 1636469316166, 1636469316821, 655, 263, 392, 0, 1, 1
13791, 1, 1636469316178, 1636469316841, 663, 266, 397, 1, 1, 2
13792, 1, 1636469316242, 1636469316905, 663, 267, 396, 0, 0, 0
13793, 1, 1636469316282, 1636469316928, 646, 258, 388, 0, 0, 0
13795, 1, 1636469316311, 1636469316957, 646, 258, 388, 0, 0, 0
13794, 1, 1636469316311, 1636469316965, 654, 258, 396, 0, 0, 0
13796, 1, 1636469316322, 1636469316973, 651, 259, 392, 0, 0, 0
13797, 1, 1636469316425, 1636469317085, 660, 262, 398, 1, 0, 1
13798, 1, 1636469316522, 1636469317181, 659, 266, 393, 1, 0, 1
13799, 1, 1636469316558, 1636469317213, 655, 263, 392, 1, 0, 1
13800, 1, 1636469316566, 1636469317225, 659, 263, 396, 0, 0, 0
13801, 1, 1636469316566, 1636469317225, 659, 262, 397, 0, 0, 0
13802, 1, 1636469316622, 1636469317277, 655, 262, 393, 1, 0, 1
13803, 1, 1636469316650, 1636469317305, 655, 262, 393, 0, 0, 0
13804, 1, 1636469316666, 1636469317321, 655, 263, 392, 1, 1, 2
13805, 1, 1636469316670, 1636469317325, 655, 262, 393, 0, 1, 1
13806, 1, 1636469316694, 1636469317352, 658, 263, 395, 0, 0, 0
13807, 1, 1636469316746, 1636469317397, 651, 262, 389, 1, 0, 1
13808, 1, 1636469316822, 1636469317473, 651, 263, 388, 1, 0, 1
13810, 1, 1636469316906, 1636469317561, 655, 263, 392, 1, 1, 2
13811, 1, 1636469316930, 1636469317581, 651, 262, 389, 0, 0, 0
13812, 1, 1636469316958, 1636469317613, 655, 262, 393, 0, 0, 0
13814, 1, 1636469316975, 1636469317633, 658, 262, 396, 0, 0, 0
13815, 1, 1636469317087, 1636469317737, 650, 262, 388, 0, 0, 0
13813, 1, 1636469316966, 1636469317825, 859, 466, 393, 0, 0, 0
13816, 1, 1636469317182, 1636469317837, 655, 262, 393, 1, 0, 1
13817, 1, 1636469317214, 1636469317865, 651, 263, 388, 0, 0, 0
13819, 1, 1636469317226, 1636469317877, 651, 262, 389, 0, 0, 0
13818, 1, 1636469317226, 1636469317881, 655, 263, 392, 2, 0, 2
13820, 1, 1636469317278, 1636469317929, 651, 262, 389, 0, 0, 0
13821, 1, 1636469317306, 1636469317957, 651, 262, 389, 0, 0, 0
13823, 1, 1636469317326, 1636469317981, 655, 263, 392, 0, 0, 0
13822, 1, 1636469317322, 1636469317981, 659, 263, 396, 1, 0, 1
13824, 1, 1636469317354, 1636469318009, 655, 262, 393, 0, 0, 0
13825, 1, 1636469317398, 1636469318048, 650, 262, 388, 1, 0, 1
13826, 1, 1636469317474, 1636469318125, 651, 262, 389, 0, 0, 0
13827, 1, 1636469317562, 1636469318212, 650, 265, 385, 2, 1, 3
13828, 1, 1636469317582, 1636469318236, 654, 262, 392, 0, 0, 0
13829, 1, 1636469317615, 1636469318265, 650, 262, 388, 0, 1, 1
13830, 1, 1636469317634, 1636469318289, 655, 262, 393, 0, 0, 0
13831, 1, 1636469317738, 1636469318393, 655, 267, 388, 0, 1, 1
13784, 2, 1636469315990, 1636469318430, 2440, 1, 2439, 0, 1, 1
13789, 2, 1636469316166, 1636469318430, 2264, 0, 2264, 0, 0, 0
13832, 1, 1636469317826, 1636469318477, 651, 262, 389, 0, 0, 0
13833, 1, 1636469317838, 1636469318488, 650, 264, 386, 2, 1, 3
13834, 1, 1636469317866, 1636469318513, 647, 263, 384, 1, 0, 1
13836, 1, 1636469317882, 1636469318532, 650, 264, 386, 1, 0, 1
13835, 1, 1636469317878, 1636469318533, 655, 263, 392, 1, 0, 1
13837, 1, 1636469317930, 1636469318581, 651, 258, 393, 0, 1, 1
13838, 1, 1636469317959, 1636469318617, 658, 263, 395, 1, 0, 1
13839, 1, 1636469317982, 1636469318633, 651, 263, 388, 1, 1, 2
13842, 1, 1636469318050, 1636469318704, 654, 266, 388, 1, 0, 1
13843, 1, 1636469318126, 1636469318781, 655, 263, 392, 0, 0, 0
13844, 1, 1636469318214, 1636469318869, 655, 264, 391, 0, 1, 1
13845, 1, 1636469318238, 1636469318889, 651, 262, 389, 0, 0, 0
13846, 1, 1636469318266, 1636469318912, 646, 262, 384, 0, 0, 0
13847, 1, 1636469318290, 1636469318945, 655, 259, 396, 1, 0, 1
13848, 1, 1636469318394, 1636469319049, 655, 266, 389, 0, 1, 1
13809, 2, 1636469316842, 1636469319106, 2264, 1, 2263, 1, 1, 2
13849, 1, 1636469318478, 1636469319133, 655, 264, 391, 2, 0, 2
13850, 1, 1636469318490, 1636469319149, 659, 266, 393, 1, 0, 1
13851, 1, 1636469318514, 1636469319168, 654, 263, 391, 2, 0, 2
13852, 1, 1636469318517, 1636469319168, 651, 263, 388, 2, 0, 2
13853, 1, 1636469318517, 1636469319177, 660, 263, 397, 1, 0, 1
13854, 1, 1636469318534, 1636469319185, 651, 263, 388, 1, 0, 1
13855, 1, 1636469318534, 1636469319193, 659, 262, 397, 0, 0, 0
13858, 1, 1636469318634, 1636469319288, 654, 262, 392, 0, 0, 0
13859, 1, 1636469318706, 1636469319356, 650, 262, 388, 0, 1, 1
13860, 1, 1636469318782, 1636469319436, 654, 262, 392, 0, 1, 1
13856, 1, 1636469318582, 1636469319521, 939, 546, 393, 0, 0, 0
13862, 1, 1636469318890, 1636469319549, 659, 266, 393, 0, 0, 0
13863, 1, 1636469318914, 1636469319576, 662, 263, 399, 1, 0, 1
13864, 1, 1636469318946, 1636469319605, 659, 267, 392, 1, 1, 2
13866, 1, 1636469319134, 1636469319793, 659, 272, 387, 0, 0, 0
13867, 1, 1636469319150, 1636469319809, 659, 262, 397, 1, 0, 1
13868, 1, 1636469319170, 1636469319833, 663, 271, 392, 0, 1, 1
13869, 1, 1636469319170, 1636469319833, 663, 275, 388, 0, 2, 2
13870, 1, 1636469319178, 1636469319833, 655, 267, 388, 0, 0, 0
13871, 1, 1636469319186, 1636469319841, 655, 262, 393, 0, 0, 0
13873, 1, 1636469319195, 1636469319853, 658, 263, 395, 1, 0, 1
13872, 1, 1636469319193, 1636469319869, 676, 278, 398, 2, 0, 2
13875, 1, 1636469319358, 1636469320017, 659, 266, 393, 0, 0, 0
13876, 1, 1636469319438, 1636469320089, 651, 262, 389, 0, 0, 0
13877, 1, 1636469319522, 1636469320177, 655, 266, 389, 0, 0, 0
13874, 1, 1636469319290, 1636469320217, 927, 535, 392, 1, 0, 1
13879, 1, 1636469319578, 1636469320232, 654, 262, 392, 0, 0, 0
13840, 2, 1636469317982, 1636469320246, 2264, 1, 2263, 1, 1, 2
13880, 1, 1636469319606, 1636469320265, 659, 262, 397, 0, 0, 0
13841, 2, 1636469318010, 1636469320274, 2264, 0, 2264, 0, 0, 0
13882, 1, 1636469319810, 1636469320469, 659, 266, 393, 0, 0, 0
13885, 1, 1636469319835, 1636469320488, 653, 262, 391, 1, 0, 1
13884, 1, 1636469319834, 1636469320489, 655, 266, 389, 1, 0, 1
13883, 1, 1636469319834, 1636469320488, 654, 267, 387, 4, 0, 4
13886, 1, 1636469319842, 1636469320496, 654, 263, 391, 0, 1, 1
13887, 1, 1636469319854, 1636469320508, 654, 267, 387, 1, 0, 1
13888, 1, 1636469319870, 1636469320529, 659, 266, 393, 0, 0, 0
13890, 1, 1636469320090, 1636469320745, 655, 262, 393, 0, 0, 0
13891, 1, 1636469320178, 1636469320837, 659, 266, 393, 0, 0, 0
13892, 1, 1636469320218, 1636469320877, 659, 267, 392, 0, 1, 1
13857, 2, 1636469318618, 1636469320882, 2264, 1, 2263, 0, 0, 0
13893, 1, 1636469320233, 1636469320885, 652, 267, 385, 0, 1, 1
13894, 1, 1636469320266, 1636469320929, 663, 266, 397, 0, 0, 0
13895, 1, 1636469320333, 1636469320985, 652, 262, 390, 0, 0, 0
13896, 1, 1636469320361, 1636469321013, 652, 262, 390, 0, 1, 1
13897, 1, 1636469320470, 1636469321125, 655, 263, 392, 0, 0, 0
13861, 2, 1636469318870, 1636469321134, 2264, 0, 2264, 1, 0, 1
13899, 1, 1636469320491, 1636469321141, 650, 262, 388, 0, 0, 0
13898, 1, 1636469320490, 1636469321141, 651, 262, 389, 0, 1, 1
13900, 1, 1636469320491, 1636469321149, 658, 261, 397, 0, 0, 0
13901, 1, 1636469320497, 1636469321149, 652, 262, 390, 0, 1, 1
13902, 1, 1636469320510, 1636469321177, 667, 267, 400, 0, 1, 1
13903, 1, 1636469320530, 1636469321181, 651, 263, 388, 1, 0, 1
13865, 2, 1636469319050, 1636469321314, 2264, 0, 2264, 0, 0, 0
13904, 1, 1636469320746, 1636469321405, 659, 266, 393, 0, 0, 0
13905, 1, 1636469320838, 1636469321497, 659, 265, 394, 1, 1, 2
13906, 1, 1636469320878, 1636469321533, 655, 262, 393, 0, 0, 0
13907, 1, 1636469320886, 1636469321541, 655, 267, 388, 2, 0, 2
13908, 1, 1636469320930, 1636469321581, 651, 261, 390, 0, 0, 0
13909, 1, 1636469320969, 1636469321621, 652, 262, 390, 1, 0, 1
13910, 1, 1636469320986, 1636469321645, 659, 262, 397, 0, 0, 0
13911, 1, 1636469321015, 1636469321668, 653, 262, 391, 1, 1, 2
13913, 1, 1636469321142, 1636469321789, 647, 263, 384, 0, 1, 1
13915, 1, 1636469321150, 1636469321801, 651, 263, 388, 0, 1, 1
13914, 1, 1636469321142, 1636469321804, 662, 266, 396, 0, 0, 0
13916, 1, 1636469321151, 1636469321805, 654, 267, 387, 0, 1, 1
13878, 2, 1636469319550, 1636469321814, 2264, 0, 2264, 0, 0, 0
13917, 1, 1636469321178, 1636469321829, 651, 262, 389, 1, 0, 1
13918, 1, 1636469321182, 1636469321841, 659, 264, 395, 2, 2, 4
13919, 1, 1636469321221, 1636469321877, 656, 264, 392, 0, 1, 1
13881, 2, 1636469319794, 1636469322054, 2260, 0, 2260, 0, 0, 0
13920, 1, 1636469321401, 1636469322057, 656, 263, 393, 1, 0, 1
13921, 1, 1636469321406, 1636469322060, 654, 266, 388, 1, 1, 2
13923, 1, 1636469321534, 1636469322189, 655, 267, 388, 1, 2, 3
13924, 1, 1636469321543, 1636469322196, 653, 267, 386, 2, 1, 3
13922, 1, 1636469321498, 1636469322225, 727, 334, 393, 0, 0, 0
13925, 1, 1636469321582, 1636469322233, 651, 263, 388, 2, 0, 2
13889, 2, 1636469320018, 1636469322279, 2261, 0, 2261, 0, 0, 0
13926, 1, 1636469321622, 1636469322280, 658, 265, 393, 0, 0, 0
13927, 1, 1636469321646, 1636469322301, 655, 262, 393, 0, 0, 0
13928, 1, 1636469321670, 1636469322325, 655, 262, 393, 0, 0, 0
13929, 1, 1636469321790, 1636469322448, 658, 263, 395, 0, 2, 2
13932, 1, 1636469321806, 1636469322465, 659, 263, 396, 0, 1, 1
13931, 1, 1636469321806, 1636469322465, 659, 263, 396, 3, 0, 3
13933, 1, 1636469321830, 1636469322481, 651, 262, 389, 0, 0, 0
13934, 1, 1636469321843, 1636469322500, 657, 267, 390, 0, 0, 0
13935, 1, 1636469321878, 1636469322533, 655, 263, 392, 0, 0, 0
13938, 1, 1636469322062, 1636469322717, 655, 263, 392, 1, 2, 3
13937, 1, 1636469322058, 1636469322721, 663, 264, 399, 1, 1, 2
13939, 1, 1636469322141, 1636469322796, 655, 263, 392, 0, 0, 0
13936, 1, 1636469321905, 1636469322817, 912, 515, 397, 0, 1, 1
13941, 1, 1636469322198, 1636469322849, 651, 262, 389, 0, 0, 0
13942, 1, 1636469322226, 1636469322881, 655, 262, 393, 0, 0, 0
13943, 1, 1636469322234, 1636469322893, 659, 268, 391, 1, 1, 2
13944, 1, 1636469322282, 1636469322945, 663, 262, 401, 2, 0, 2
13945, 1, 1636469322302, 1636469322953, 651, 263, 388, 0, 0, 0
13946, 1, 1636469322326, 1636469323004, 678, 274, 404, 0, 0, 0
13948, 1, 1636469322450, 1636469323105, 655, 263, 392, 0, 1, 1
13949, 1, 1636469322466, 1636469323120, 654, 263, 391, 1, 0, 1
13950, 1, 1636469322466, 1636469323124, 658, 263, 395, 0, 1, 1
13940, 1, 1636469322190, 1636469323157, 967, 564, 403, 1, 1, 2
13947, 1, 1636469322369, 1636469323169, 800, 407, 393, 0, 0, 0
13953, 1, 1636469322534, 1636469323184, 650, 262, 388, 0, 0, 0
13954, 1, 1636469322718, 1636469323377, 659, 266, 393, 0, 0, 0
13955, 1, 1636469322722, 1636469323377, 655, 267, 388, 0, 2, 2
13912, 2, 1636469321126, 1636469323390, 2264, 0, 2264, 0, 0, 0
13956, 1, 1636469322798, 1636469323453, 655, 262, 393, 0, 0, 0
13957, 1, 1636469322818, 1636469323477, 659, 266, 393, 0, 0, 0
13958, 1, 1636469322850, 1636469323501, 651, 262, 389, 1, 0, 1
13952, 1, 1636469322502, 1636469323517, 1015, 622, 393, 0, 1, 1
13960, 1, 1636469322894, 1636469323557, 663, 262, 401, 1, 0, 1
13961, 1, 1636469322946, 1636469323601, 655, 263, 392, 1, 2, 3
13962, 1, 1636469322954, 1636469323612, 658, 266, 392, 0, 0, 0
13963, 1, 1636469323006, 1636469323661, 655, 262, 393, 0, 0, 0
13964, 1, 1636469323106, 1636469323761, 655, 263, 392, 0, 1, 1
13965, 1, 1636469323122, 1636469323773, 651, 262, 389, 1, 0, 1
13966, 1, 1636469323126, 1636469323780, 654, 262, 392, 0, 0, 0
13967, 1, 1636469323158, 1636469323809, 651, 262, 389, 0, 0, 0
13968, 1, 1636469323170, 1636469323821, 651, 267, 384, 1, 1, 2
13969, 1, 1636469323186, 1636469323841, 655, 262, 393, 0, 0, 0
13971, 1, 1636469323378, 1636469324033, 655, 263, 392, 0, 0, 0
13970, 1, 1636469323378, 1636469324033, 655, 266, 389, 0, 2, 2
13930, 2, 1636469321802, 1636469324066, 2264, 1, 2263, 0, 1, 1
13972, 1, 1636469323454, 1636469324117, 663, 268, 395, 2, 0, 2
13974, 1, 1636469323478, 1636469324136, 658, 266, 392, 0, 1, 1
13973, 1, 1636469323477, 1636469324137, 660, 263, 397, 2, 1, 3
13975, 1, 1636469323502, 1636469324157, 655, 263, 392, 1, 0, 1
13976, 1, 1636469323518, 1636469324168, 650, 262, 388, 0, 0, 0
13977, 1, 1636469323558, 1636469324213, 655, 267, 388, 2, 0, 2
13978, 1, 1636469323602, 1636469324252, 650, 264, 386, 1, 1, 2
13979, 1, 1636469323614, 1636469324265, 651, 263, 388, 0, 0, 0
13980, 1, 1636469323662, 1636469324320, 658, 263, 395, 0, 0, 0
13981, 1, 1636469323762, 1636469324413, 651, 266, 385, 0, 1, 1
13982, 1, 1636469323774, 1636469324440, 666, 262, 404, 1, 0, 1
13983, 1, 1636469323782, 1636469324445, 663, 262, 401, 0, 0, 0
13985, 1, 1636469323822, 1636469324488, 666, 276, 390, 1, 2, 3
13986, 1, 1636469323842, 1636469324501, 659, 262, 397, 0, 0, 0
13988, 1, 1636469324034, 1636469324688, 654, 262, 392, 0, 0, 0
13987, 1, 1636469324034, 1636469324689, 655, 266, 389, 0, 0, 0
13951, 2, 1636469322482, 1636469324754, 2272, 0, 2272, 0, 0, 0
13989, 1, 1636469324118, 1636469324773, 655, 262, 393, 0, 0, 0
13990, 1, 1636469324138, 1636469324801, 663, 271, 392, 1, 1, 2
13991, 1, 1636469324138, 1636469324801, 663, 272, 391, 2, 1, 3
13992, 1, 1636469324153, 1636469324817, 664, 265, 399, 0, 0, 0
13993, 1, 1636469324158, 1636469324820, 662, 270, 392, 0, 0, 0
13994, 1, 1636469324170, 1636469324833, 663, 271, 392, 1, 1, 2
13996, 1, 1636469324254, 1636469324916, 662, 266, 396, 0, 0, 0
13997, 1, 1636469324266, 1636469324928, 662, 268, 394, 1, 1, 2
13999, 1, 1636469324414, 1636469325065, 651, 262, 389, 0, 0, 0
14000, 1, 1636469324442, 1636469325096, 654, 262, 392, 1, 1, 2
14002, 1, 1636469324490, 1636469325149, 659, 267, 392, 0, 1, 1
13959, 2, 1636469322882, 1636469325151, 2269, 0, 2269, 0, 0, 0
14003, 1, 1636469324502, 1636469325169, 667, 271, 396, 1, 0, 1
14001, 1, 1636469324446, 1636469325169, 723, 330, 393, 2, 0, 2
13998, 1, 1636469324322, 1636469325177, 855, 462, 393, 1, 1, 2
14005, 1, 1636469324690, 1636469325349, 659, 263, 396, 0, 1, 1
14004, 1, 1636469324690, 1636469325349, 659, 271, 388, 0, 2, 2
14006, 1, 1636469324774, 1636469325429, 655, 263, 392, 2, 0, 2
14008, 1, 1636469324803, 1636469325461, 658, 263, 395, 0, 1, 1
14007, 1, 1636469324802, 1636469325461, 659, 263, 396, 1, 0, 1
14009, 1, 1636469324818, 1636469325464, 646, 262, 384, 0, 0, 0
14010, 1, 1636469324822, 1636469325477, 655, 263, 392, 1, 0, 1
14011, 1, 1636469324834, 1636469325492, 658, 262, 396, 0, 1, 1
14013, 1, 1636469324918, 1636469325569, 651, 262, 389, 0, 0, 0
14014, 1, 1636469324930, 1636469325581, 651, 262, 389, 0, 0, 0
14012, 1, 1636469324841, 1636469325693, 852, 466, 386, 0, 0, 0
14015, 1, 1636469325066, 1636469325717, 651, 267, 384, 1, 0, 1
14016, 1, 1636469325098, 1636469325748, 650, 263, 387, 1, 0, 1
14017, 1, 1636469325151, 1636469325808, 657, 271, 386, 0, 2, 2
14018, 1, 1636469325170, 1636469325829, 659, 267, 392, 1, 0, 1
14020, 1, 1636469325178, 1636469325833, 655, 262, 393, 0, 2, 2
14019, 1, 1636469325170, 1636469325833, 663, 267, 396, 1, 1, 2
14021, 1, 1636469325237, 1636469325905, 668, 269, 399, 0, 1, 1
14022, 1, 1636469325350, 1636469326001, 651, 261, 390, 0, 1, 1
13984, 2, 1636469323810, 1636469326074, 2264, 0, 2264, 0, 0, 0
14024, 1, 1636469325430, 1636469326084, 654, 267, 387, 0, 0, 0
14025, 1, 1636469325463, 1636469326117, 654, 266, 388, 1, 0, 1
14027, 1, 1636469325466, 1636469326121, 655, 262, 393, 1, 0, 1
14026, 1, 1636469325463, 1636469326121, 658, 267, 391, 2, 0, 2
14028, 1, 1636469325479, 1636469326125, 646, 263, 383, 0, 0, 0
14030, 1, 1636469325570, 1636469326228, 658, 266, 392, 1, 0, 1
14031, 1, 1636469325582, 1636469326236, 654, 266, 388, 0, 0, 0
14029, 1, 1636469325494, 1636469326249, 755, 366, 389, 0, 0, 0
14032, 1, 1636469325694, 1636469326345, 651, 262, 389, 0, 0, 0
14033, 1, 1636469325718, 1636469326373, 655, 262, 393, 0, 0, 0
14034, 1, 1636469325750, 1636469326405, 655, 266, 389, 0, 0, 0
14035, 1, 1636469325810, 1636469326465, 655, 263, 392, 0, 1, 1
14036, 1, 1636469325830, 1636469326481, 651, 262, 389, 0, 0, 0
14037, 1, 1636469325834, 1636469326485, 651, 263, 388, 0, 2, 2
13995, 2, 1636469324214, 1636469326486, 2272, 1, 2271, 1, 0, 1
14039, 1, 1636469325906, 1636469326556, 650, 262, 388, 0, 0, 0
14040, 1, 1636469326002, 1636469326657, 655, 262, 393, 0, 0, 0
14041, 1, 1636469326085, 1636469326741, 656, 263, 393, 0, 1, 1
14044, 1, 1636469326122, 1636469326777, 655, 258, 397, 1, 1, 2
14042, 1, 1636469326118, 1636469326777, 659, 262, 397, 1, 1, 2
14043, 1, 1636469326122, 1636469326777, 655, 263, 392, 2, 2, 4
14045, 1, 1636469326126, 1636469326780, 654, 262, 392, 0, 1, 1
14046, 1, 1636469326161, 1636469326809, 648, 262, 386, 0, 0, 0
14047, 1, 1636469326230, 1636469326885, 655, 262, 393, 0, 0, 0
14049, 1, 1636469326250, 1636469326904, 654, 263, 391, 0, 2, 2
14050, 1, 1636469326346, 1636469327008, 662, 270, 392, 0, 0, 0
14051, 1, 1636469326374, 1636469327021, 647, 262, 385, 0, 0, 0
14052, 1, 1636469326406, 1636469327065, 659, 270, 389, 0, 0, 0
14053, 1, 1636469326466, 1636469327120, 654, 272, 382, 1, 2, 3
14054, 1, 1636469326482, 1636469327133, 651, 262, 389, 0, 0, 0
14055, 1, 1636469326486, 1636469327149, 663, 270, 393, 0, 0, 0
14048, 1, 1636469326238, 1636469327154, 916, 526, 390, 1, 0, 1
14056, 1, 1636469326558, 1636469327208, 650, 262, 388, 1, 2, 3
14057, 1, 1636469326573, 1636469327221, 648, 262, 386, 0, 0, 0
14058, 1, 1636469326658, 1636469327317, 659, 262, 397, 0, 0, 0
14059, 1, 1636469326742, 1636469327393, 651, 262, 389, 0, 0, 0
14060, 1, 1636469326778, 1636469327436, 658, 266, 392, 0, 1, 1
14061, 1, 1636469326779, 1636469327436, 657, 266, 391, 2, 0, 2
14062, 1, 1636469326779, 1636469327440, 661, 267, 394, 3, 1, 4
14063, 1, 1636469326781, 1636469327441, 660, 266, 394, 0, 2, 2
14064, 1, 1636469326811, 1636469327461, 650, 261, 389, 0, 0, 0
14065, 1, 1636469326886, 1636469327537, 651, 262, 389, 0, 0, 0
14023, 2, 1636469325350, 1636469327610, 2260, 0, 2260, 0, 0, 0
14067, 1, 1636469327010, 1636469327661, 651, 262, 389, 0, 0, 0
14068, 1, 1636469327022, 1636469327673, 651, 262, 389, 0, 0, 0
14069, 1, 1636469327066, 1636469327721, 655, 262, 393, 1, 0, 1
14071, 1, 1636469327134, 1636469327785, 651, 263, 388, 0, 1, 1
14070, 1, 1636469327122, 1636469327785, 663, 275, 388, 0, 2, 2
14073, 1, 1636469327157, 1636469327808, 651, 258, 393, 1, 0, 1
14072, 1, 1636469327150, 1636469327808, 658, 261, 397, 0, 0, 0
14074, 1, 1636469327210, 1636469327860, 650, 263, 387, 1, 0, 1
14075, 1, 1636469327222, 1636469327872, 650, 262, 388, 0, 0, 0
14076, 1, 1636469327318, 1636469327969, 651, 262, 389, 0, 0, 0
14077, 1, 1636469327394, 1636469328045, 651, 263, 388, 0, 1, 1
14078, 1, 1636469327438, 1636469328089, 651, 266, 385, 0, 0, 0
14080, 1, 1636469327441, 1636469328097, 656, 263, 393, 0, 1, 1
14081, 1, 1636469327442, 1636469328097, 655, 263, 392, 2, 0, 2
14038, 2, 1636469325834, 1636469328098, 2264, 1, 2263, 0, 0, 0
14079, 1, 1636469327438, 1636469328100, 662, 267, 395, 0, 2, 2
14082, 1, 1636469327462, 1636469328113, 651, 263, 388, 0, 0, 0
14083, 1, 1636469327538, 1636469328197, 659, 270, 389, 0, 0, 0
14084, 1, 1636469327662, 1636469328317, 655, 262, 393, 0, 0, 0
14085, 1, 1636469327674, 1636469328332, 658, 266, 392, 0, 0, 0
14086, 1, 1636469327701, 1636469328349, 648, 262, 386, 0, 1, 1
14087, 1, 1636469327722, 1636469328373, 651, 262, 389, 0, 0, 0
14088, 1, 1636469327786, 1636469328436, 650, 262, 388, 0, 0, 0
14089, 1, 1636469327786, 1636469328444, 658, 274, 384, 0, 1, 1
14091, 1, 1636469327810, 1636469328461, 651, 263, 388, 1, 2, 3
14092, 1, 1636469327862, 1636469328517, 655, 266, 389, 0, 0, 0
14093, 1, 1636469327874, 1636469328525, 651, 262, 389, 0, 0, 0
14094, 1, 1636469327970, 1636469328625, 655, 262, 393, 0, 1, 1
14095, 1, 1636469328046, 1636469328697, 651, 258, 393, 0, 0, 0
14096, 1, 1636469328090, 1636469328744, 654, 263, 391, 1, 0, 1
14097, 1, 1636469328097, 1636469328752, 655, 263, 392, 2, 1, 3
14099, 1, 1636469328102, 1636469328757, 655, 262, 393, 0, 1, 1
14100, 1, 1636469328114, 1636469328765, 651, 264, 387, 1, 1, 2
14103, 1, 1636469328319, 1636469328977, 658, 263, 395, 0, 1, 1
14104, 1, 1636469328334, 1636469328993, 659, 265, 394, 0, 0, 0
14105, 1, 1636469328350, 1636469329005, 655, 265, 390, 0, 0, 0
14106, 1, 1636469328374, 1636469329032, 658, 263, 395, 1, 0, 1
14107, 1, 1636469328438, 1636469329097, 659, 263, 396, 2, 0, 2
14101, 1, 1636469328185, 1636469329109, 924, 526, 398, 0, 0, 0
14109, 1, 1636469328463, 1636469329116, 653, 262, 391, 0, 0, 0
14110, 1, 1636469328518, 1636469329168, 650, 262, 388, 0, 0, 0
14066, 2, 1636469326906, 1636469329170, 2264, 0, 2264, 0, 0, 0
14111, 1, 1636469328526, 1636469329185, 659, 266, 393, 1, 0, 1
14113, 1, 1636469328698, 1636469329357, 659, 267, 392, 1, 0, 1
14114, 1, 1636469328747, 1636469329401, 654, 262, 392, 0, 0, 0
14115, 1, 1636469328754, 1636469329413, 659, 266, 393, 2, 0, 2
14116, 1, 1636469328758, 1636469329413, 655, 262, 393, 2, 0, 2
14117, 1, 1636469328765, 1636469329416, 651, 263, 388, 1, 1, 2
14108, 1, 1636469328446, 1636469329453, 1007, 623, 384, 0, 2, 2
14118, 1, 1636469328978, 1636469329640, 662, 263, 399, 2, 1, 3
14119, 1, 1636469328994, 1636469329649, 655, 262, 393, 1, 1, 2
14120, 1, 1636469329006, 1636469329661, 655, 262, 393, 0, 0, 0
14121, 1, 1636469329034, 1636469329685, 651, 265, 386, 0, 3, 3
14122, 1, 1636469329098, 1636469329757, 659, 264, 395, 1, 0, 1
14123, 1, 1636469329111, 1636469329761, 650, 262, 388, 0, 0, 0
14124, 1, 1636469329118, 1636469329773, 655, 262, 393, 0, 0, 0
14125, 1, 1636469329170, 1636469329820, 650, 262, 388, 0, 1, 1
14126, 1, 1636469329186, 1636469329841, 655, 266, 389, 0, 0, 0
14127, 1, 1636469329257, 1636469329912, 655, 262, 393, 0, 0, 0
14128, 1, 1636469329358, 1636469330025, 667, 271, 396, 0, 0, 0
14129, 1, 1636469329402, 1636469330053, 651, 262, 389, 0, 1, 1
14130, 1, 1636469329414, 1636469330065, 651, 263, 388, 2, 0, 2
14132, 1, 1636469329418, 1636469330073, 655, 258, 397, 0, 0, 0
14090, 2, 1636469327810, 1636469330075, 2265, 1, 2264, 0, 0, 0
14133, 1, 1636469329454, 1636469330109, 655, 263, 392, 0, 0, 0
14135, 1, 1636469329650, 1636469330301, 651, 258, 393, 0, 0, 0
14134, 1, 1636469329642, 1636469330301, 659, 261, 398, 0, 0, 0
14136, 1, 1636469329662, 1636469330317, 655, 262, 393, 0, 0, 0
14137, 1, 1636469329686, 1636469330341, 655, 264, 391, 2, 1, 3
14098, 2, 1636469328098, 1636469330362, 2264, 1, 2263, 1, 0, 1
14138, 1, 1636469329758, 1636469330413, 655, 262, 393, 1, 0, 1
14139, 1, 1636469329762, 1636469330421, 659, 261, 398, 1, 0, 1
14140, 1, 1636469329774, 1636469330425, 651, 262, 389, 0, 0, 0
14102, 2, 1636469328198, 1636469330462, 2264, 0, 2264, 0, 0, 0
14141, 1, 1636469329822, 1636469330477, 655, 262, 393, 0, 0, 0
14142, 1, 1636469329842, 1636469330497, 655, 262, 393, 1, 0, 1
14143, 1, 1636469329914, 1636469330569, 655, 262, 393, 0, 0, 0
14144, 1, 1636469330026, 1636469330681, 655, 266, 389, 0, 0, 0
14145, 1, 1636469330054, 1636469330705, 651, 262, 389, 0, 0, 0
14146, 1, 1636469330066, 1636469330720, 654, 263, 391, 0, 1, 1
14147, 1, 1636469330074, 1636469330725, 651, 262, 389, 0, 0, 0
14149, 1, 1636469330165, 1636469330820, 655, 262, 393, 0, 0, 0
14112, 2, 1636469328626, 1636469330895, 2269, 0, 2269, 0, 0, 0
14151, 1, 1636469330303, 1636469330953, 650, 262, 388, 0, 0, 0
14150, 1, 1636469330302, 1636469330953, 651, 259, 392, 0, 0, 0
14152, 1, 1636469330318, 1636469330965, 647, 262, 385, 0, 0, 0
14153, 1, 1636469330342, 1636469330997, 655, 264, 391, 0, 1, 1
14154, 1, 1636469330414, 1636469331068, 654, 263, 391, 1, 1, 2
14156, 1, 1636469330426, 1636469331081, 655, 262, 393, 1, 2, 3
14155, 1, 1636469330422, 1636469331084, 662, 270, 392, 1, 1, 2
14157, 1, 1636469330453, 1636469331109, 656, 262, 394, 0, 0, 0
14158, 1, 1636469330478, 1636469331137, 659, 266, 393, 1, 0, 1
14159, 1, 1636469330498, 1636469331152, 654, 263, 391, 1, 0, 1
14160, 1, 1636469330553, 1636469331201, 648, 262, 386, 1, 0, 1
14161, 1, 1636469330570, 1636469331220, 650, 262, 388, 1, 0, 1
14162, 1, 1636469330682, 1636469331336, 654, 263, 391, 1, 0, 1
14163, 1, 1636469330706, 1636469331357, 651, 262, 389, 0, 0, 0
14164, 1, 1636469330722, 1636469331376, 654, 262, 392, 0, 0, 0
14165, 1, 1636469330726, 1636469331385, 659, 262, 397, 0, 0, 0
14166, 1, 1636469330822, 1636469331477, 655, 260, 395, 2, 0, 2
14168, 1, 1636469330955, 1636469331605, 650, 261, 389, 0, 0, 0
14169, 1, 1636469330966, 1636469331617, 651, 266, 385, 0, 1, 1
14171, 1, 1636469330998, 1636469331653, 655, 263, 392, 1, 1, 2
14131, 2, 1636469329414, 1636469331679, 2265, 1, 2264, 2, 1, 3
14172, 1, 1636469331070, 1636469331724, 654, 263, 391, 1, 1, 2
14173, 1, 1636469331082, 1636469331733, 651, 262, 389, 0, 0, 0
14174, 1, 1636469331086, 1636469331740, 654, 262, 392, 0, 0, 0
14175, 1, 1636469331110, 1636469331761, 651, 262, 389, 0, 0, 0
14176, 1, 1636469331138, 1636469331788, 650, 262, 388, 0, 0, 0
14177, 1, 1636469331154, 1636469331805, 651, 263, 388, 0, 0, 0
14178, 1, 1636469331203, 1636469331857, 654, 262, 392, 0, 0, 0
14170, 1, 1636469330981, 1636469331953, 972, 576, 396, 1, 0, 1
14180, 1, 1636469331338, 1636469331993, 655, 262, 393, 0, 0, 0
14181, 1, 1636469331358, 1636469332005, 647, 260, 387, 1, 0, 1
14179, 1, 1636469331223, 1636469332005, 782, 386, 396, 0, 0, 0
14182, 1, 1636469331378, 1636469332033, 655, 263, 392, 0, 0, 0
14183, 1, 1636469331386, 1636469332041, 655, 262, 393, 1, 0, 1
14184, 1, 1636469331478, 1636469332132, 654, 262, 392, 0, 1, 1
14185, 1, 1636469331606, 1636469332257, 651, 259, 392, 0, 2, 2
14186, 1, 1636469331618, 1636469332277, 659, 266, 393, 0, 0, 0
14187, 1, 1636469331654, 1636469332308, 654, 262, 392, 1, 1, 2
14148, 2, 1636469330110, 1636469332372, 2262, 0, 2262, 0, 0, 0
14188, 1, 1636469331725, 1636469332380, 655, 262, 393, 0, 0, 0
14189, 1, 1636469331734, 1636469332388, 654, 262, 392, 1, 0, 1
14190, 1, 1636469331742, 1636469332400, 658, 262, 396, 0, 0, 0
14191, 1, 1636469331762, 1636469332417, 655, 262, 393, 1, 0, 1
14192, 1, 1636469331769, 1636469332437, 668, 264, 404, 0, 1, 1
14193, 1, 1636469331790, 1636469332449, 659, 262, 397, 0, 0, 0
14194, 1, 1636469331806, 1636469332457, 651, 263, 388, 0, 1, 1
14195, 1, 1636469331858, 1636469332521, 663, 262, 401, 1, 0, 1
14196, 1, 1636469331954, 1636469332604, 650, 263, 387, 2, 0, 2
14197, 1, 1636469331994, 1636469332644, 650, 259, 391, 1, 0, 1
14198, 1, 1636469332006, 1636469332653, 647, 263, 384, 1, 1, 2
14199, 1, 1636469332006, 1636469332661, 655, 266, 389, 0, 0, 0
14200, 1, 1636469332034, 1636469332689, 655, 262, 393, 0, 0, 0
14201, 1, 1636469332042, 1636469332697, 655, 262, 393, 0, 0, 0
14202, 1, 1636469332134, 1636469332793, 659, 272, 387, 1, 0, 1
14167, 1, 1636469330955, 1636469332849, 1894, 1510, 384, 0, 0, 0
14204, 1, 1636469332278, 1636469332933, 655, 262, 393, 0, 0, 0
14205, 1, 1636469332381, 1636469333037, 656, 263, 393, 0, 0, 0
14206, 1, 1636469332390, 1636469333045, 655, 262, 393, 0, 1, 1
14207, 1, 1636469332402, 1636469333057, 655, 262, 393, 0, 0, 0
14208, 1, 1636469332418, 1636469333077, 659, 266, 393, 0, 0, 0
14209, 1, 1636469332438, 1636469333097, 659, 266, 393, 0, 0, 0
14210, 1, 1636469332450, 1636469333117, 667, 266, 401, 0, 0, 0
14211, 1, 1636469332457, 1636469333117, 660, 263, 397, 0, 0, 0
14213, 1, 1636469332522, 1636469333185, 663, 274, 389, 0, 0, 0
14203, 1, 1636469332258, 1636469333196, 938, 546, 392, 0, 0, 0
14214, 1, 1636469332606, 1636469333257, 651, 262, 389, 0, 0, 0
14215, 1, 1636469332646, 1636469333305, 659, 263, 396, 1, 0, 1
14216, 1, 1636469332654, 1636469333305, 651, 262, 389, 0, 0, 0
14217, 1, 1636469332662, 1636469333317, 655, 262, 393, 0, 1, 1
14218, 1, 1636469332690, 1636469333345, 655, 262, 393, 0, 0, 0
14219, 1, 1636469332698, 1636469333357, 659, 266, 393, 0, 0, 0
14220, 1, 1636469332794, 1636469333453, 659, 262, 397, 0, 0, 0
14212, 1, 1636469332458, 1636469333465, 1007, 614, 393, 1, 0, 1
14221, 1, 1636469332850, 1636469333497, 647, 262, 385, 0, 1, 1
14222, 1, 1636469332934, 1636469333593, 659, 270, 389, 0, 1, 1
14223, 1, 1636469333038, 1636469333692, 654, 264, 390, 0, 2, 2
14224, 1, 1636469333046, 1636469333697, 651, 262, 389, 0, 1, 1
14225, 1, 1636469333058, 1636469333716, 658, 262, 396, 0, 0, 0
14226, 1, 1636469333078, 1636469333733, 655, 261, 394, 0, 1, 1
14227, 1, 1636469333098, 1636469333753, 655, 263, 392, 0, 1, 1
14229, 1, 1636469333119, 1636469333765, 646, 262, 384, 0, 2, 2
14228, 1, 1636469333118, 1636469333773, 655, 263, 392, 0, 2, 2
14230, 1, 1636469333187, 1636469333844, 657, 262, 395, 1, 0, 1
14231, 1, 1636469333198, 1636469333849, 651, 262, 389, 0, 0, 0
14232, 1, 1636469333258, 1636469333925, 667, 267, 400, 1, 0, 1
14233, 1, 1636469333306, 1636469333953, 647, 263, 384, 1, 0, 1
14234, 1, 1636469333306, 1636469333957, 651, 258, 393, 0, 0, 0
14235, 1, 1636469333318, 1636469333981, 663, 266, 397, 0, 0, 0
14236, 1, 1636469333346, 1636469334005, 659, 263, 396, 1, 0, 1
14237, 1, 1636469333358, 1636469334013, 655, 262, 393, 0, 0, 0
14238, 1, 1636469333454, 1636469334113, 659, 264, 395, 1, 1, 2
14239, 1, 1636469333466, 1636469334125, 659, 264, 395, 1, 2, 3
14240, 1, 1636469333498, 1636469334149, 651, 262, 389, 0, 0, 0
14241, 1, 1636469333594, 1636469334245, 651, 266, 385, 0, 0, 0
14243, 1, 1636469333699, 1636469334349, 650, 262, 388, 0, 0, 0
14244, 1, 1636469333718, 1636469334373, 655, 261, 394, 0, 0, 0
14246, 1, 1636469333754, 1636469334413, 659, 266, 393, 0, 1, 1
14247, 1, 1636469333766, 1636469334413, 647, 263, 384, 3, 0, 3
14248, 1, 1636469333774, 1636469334437, 663, 272, 391, 2, 0, 2
14242, 1, 1636469333694, 1636469334461, 767, 374, 393, 1, 0, 1
14250, 1, 1636469333851, 1636469334505, 654, 262, 392, 1, 1, 2
14251, 1, 1636469333926, 1636469334589, 663, 263, 400, 0, 1, 1
14253, 1, 1636469333958, 1636469334609, 651, 262, 389, 0, 0, 0
14252, 1, 1636469333954, 1636469334609, 655, 264, 391, 1, 0, 1
14254, 1, 1636469333982, 1636469334645, 663, 261, 402, 0, 0, 0
14255, 1, 1636469334006, 1636469334660, 654, 262, 392, 0, 0, 0
14256, 1, 1636469334014, 1636469334673, 659, 266, 393, 0, 0, 0
14245, 1, 1636469333734, 1636469334693, 959, 574, 385, 2, 1, 3
14257, 1, 1636469334115, 1636469334777, 662, 270, 392, 1, 0, 1
14258, 1, 1636469334126, 1636469334780, 654, 266, 388, 0, 0, 0
14259, 1, 1636469334150, 1636469334812, 662, 267, 395, 1, 2, 3
14249, 1, 1636469333846, 1636469334812, 966, 566, 400, 1, 1, 2
14260, 1, 1636469334246, 1636469334901, 655, 260, 395, 0, 1, 1
14261, 1, 1636469334350, 1636469335000, 650, 263, 387, 0, 0, 0
14262, 1, 1636469334374, 1636469335033, 659, 262, 397, 1, 0, 1
14264, 1, 1636469334414, 1636469335065, 651, 262, 389, 0, 0, 0
14263, 1, 1636469334414, 1636469335073, 659, 266, 393, 2, 1, 3
14265, 1, 1636469334439, 1636469335088, 649, 262, 387, 0, 0, 0
14266, 1, 1636469334462, 1636469335117, 655, 267, 388, 1, 0, 1
14267, 1, 1636469334507, 1636469335160, 653, 263, 390, 1, 0, 1
14268, 1, 1636469334590, 1636469335241, 651, 263, 388, 0, 1, 1
14269, 1, 1636469334610, 1636469335260, 650, 265, 385, 2, 1, 3
14271, 1, 1636469334646, 1636469335301, 655, 262, 393, 1, 0, 1
14272, 1, 1636469334661, 1636469335321, 660, 262, 398, 0, 0, 0
14273, 1, 1636469334674, 1636469335325, 651, 262, 389, 0, 0, 0
14274, 1, 1636469334694, 1636469335340, 646, 263, 383, 0, 3, 3
14275, 1, 1636469334778, 1636469335433, 655, 262, 393, 0, 0, 0
14276, 1, 1636469334782, 1636469335436, 654, 266, 388, 0, 0, 0
14277, 1, 1636469334814, 1636469335461, 647, 262, 385, 0, 1, 1
14278, 1, 1636469334814, 1636469335468, 654, 267, 387, 0, 1, 1
14279, 1, 1636469334902, 1636469335548, 646, 262, 384, 1, 1, 2
14270, 1, 1636469334610, 1636469335589, 979, 591, 388, 0, 0, 0
14280, 1, 1636469335002, 1636469335656, 654, 263, 391, 0, 1, 1
14281, 1, 1636469335034, 1636469335685, 651, 258, 393, 0, 1, 1
14282, 1, 1636469335066, 1636469335717, 651, 262, 389, 0, 0, 0
14284, 1, 1636469335090, 1636469335749, 659, 262, 397, 0, 0, 0
14285, 1, 1636469335118, 1636469335773, 655, 264, 391, 3, 0, 3
14286, 1, 1636469335162, 1636469335817, 655, 263, 392, 1, 0, 1
14287, 1, 1636469335242, 1636469335897, 655, 263, 392, 0, 0, 0
14288, 1, 1636469335262, 1636469335921, 659, 266, 393, 1, 0, 1
14283, 1, 1636469335074, 1636469335936, 862, 474, 388, 1, 0, 1
14289, 1, 1636469335302, 1636469335957, 655, 263, 392, 1, 0, 1
14290, 1, 1636469335322, 1636469335973, 651, 262, 389, 0, 0, 0
14291, 1, 1636469335326, 1636469335976, 650, 262, 388, 0, 0, 0
14292, 1, 1636469335342, 1636469335993, 651, 266, 385, 0, 0, 0
14293, 1, 1636469335434, 1636469336093, 659, 266, 393, 0, 0, 0
14294, 1, 1636469335438, 1636469336101, 663, 269, 394, 1, 0, 1
14295, 1, 1636469335462, 1636469336112, 650, 262, 388, 0, 1, 1
14296, 1, 1636469335470, 1636469336129, 659, 266, 393, 0, 0, 0
14297, 1, 1636469335550, 1636469336197, 647, 260, 387, 1, 0, 1
14298, 1, 1636469335590, 1636469336241, 651, 264, 387, 1, 1, 2
14299, 1, 1636469335658, 1636469336321, 663, 263, 400, 1, 1, 2
14300, 1, 1636469335686, 1636469336341, 655, 262, 393, 0, 1, 1
14301, 1, 1636469335718, 1636469336369, 651, 262, 389, 0, 1, 1
14302, 1, 1636469335750, 1636469336404, 654, 262, 392, 0, 1, 1
14303, 1, 1636469335774, 1636469336429, 655, 262, 393, 1, 0, 1
14304, 1, 1636469335818, 1636469336472, 654, 267, 387, 1, 0, 1
14305, 1, 1636469335898, 1636469336548, 650, 262, 388, 0, 0, 0
14306, 1, 1636469335922, 1636469336577, 655, 266, 389, 0, 0, 0
14307, 1, 1636469335938, 1636469336596, 658, 270, 388, 0, 0, 0
14308, 1, 1636469335958, 1636469336613, 655, 262, 393, 0, 0, 0
14310, 1, 1636469335977, 1636469336625, 648, 264, 384, 1, 2, 3
14311, 1, 1636469335994, 1636469336645, 651, 262, 389, 0, 0, 0
14309, 1, 1636469335974, 1636469336713, 739, 348, 391, 2, 1, 3
14312, 1, 1636469336094, 1636469336748, 654, 262, 392, 0, 0, 0
14313, 1, 1636469336102, 1636469336761, 659, 266, 393, 0, 0, 0
14314, 1, 1636469336114, 1636469336765, 651, 262, 389, 0, 2, 2
14315, 1, 1636469336130, 1636469336785, 655, 262, 393, 0, 0, 0
14316, 1, 1636469336198, 1636469336853, 655, 267, 388, 0, 2, 2
14317, 1, 1636469336242, 1636469336893, 651, 259, 392, 0, 0, 0
14318, 1, 1636469336322, 1636469336988, 666, 266, 400, 0, 0, 0
14319, 1, 1636469336342, 1636469336997, 655, 263, 392, 0, 0, 0
14320, 1, 1636469336370, 1636469337021, 651, 262, 389, 0, 0, 0
14321, 1, 1636469336406, 1636469337061, 655, 262, 393, 0, 0, 0
14322, 1, 1636469336430, 1636469337092, 662, 270, 392, 0, 0, 0
14323, 1, 1636469336474, 1636469337125, 651, 262, 389, 0, 0, 0
14324, 1, 1636469336550, 1636469337205, 655, 263, 392, 1, 0, 1
14326, 1, 1636469336597, 1636469337253, 656, 266, 390, 0, 0, 0
14327, 1, 1636469336614, 1636469337265, 651, 262, 389, 0, 0, 0
14328, 1, 1636469336626, 1636469337277, 651, 262, 389, 0, 0, 0
14329, 1, 1636469336646, 1636469337301, 655, 271, 384, 0, 0, 0
14330, 1, 1636469336714, 1636469337365, 651, 262, 389, 0, 0, 0
14331, 1, 1636469336750, 1636469337409, 659, 266, 393, 0, 0, 0
14332, 1, 1636469336762, 1636469337416, 654, 262, 392, 3, 0, 3
14333, 1, 1636469336766, 1636469337416, 650, 263, 387, 3, 1, 4
14334, 1, 1636469336786, 1636469337444, 658, 262, 396, 0, 0, 0
14325, 1, 1636469336578, 1636469337473, 895, 506, 389, 0, 0, 0
14335, 1, 1636469336854, 1636469337509, 655, 261, 394, 2, 0, 2
14337, 1, 1636469336990, 1636469337645, 655, 262, 393, 0, 0, 0
14338, 1, 1636469336998, 1636469337652, 654, 262, 392, 0, 1, 1
14339, 1, 1636469337022, 1636469337673, 651, 263, 388, 0, 1, 1
14340, 1, 1636469337062, 1636469337725, 663, 271, 392, 1, 0, 1
14336, 1, 1636469336894, 1636469337764, 870, 479, 391, 0, 1, 1
14341, 1, 1636469337126, 1636469337781, 655, 261, 394, 0, 0, 0
14342, 1, 1636469337206, 1636469337857, 651, 262, 389, 0, 0, 0
14343, 1, 1636469337254, 1636469337909, 655, 262, 393, 0, 0, 0
14344, 1, 1636469337266, 1636469337917, 651, 262, 389, 0, 0, 0
14345, 1, 1636469337278, 1636469337933, 655, 263, 392, 0, 0, 0
14346, 1, 1636469337302, 1636469337952, 650, 262, 388, 0, 0, 0
14347, 1, 1636469337366, 1636469338021, 655, 262, 393, 0, 0, 0
14350, 1, 1636469337418, 1636469338065, 647, 262, 385, 0, 0, 0
14348, 1, 1636469337411, 1636469338065, 654, 262, 392, 0, 0, 0
14349, 1, 1636469337418, 1636469338073, 655, 262, 393, 0, 0, 0
14351, 1, 1636469337446, 1636469338101, 655, 263, 392, 1, 2, 3
14352, 1, 1636469337474, 1636469338121, 647, 262, 385, 0, 0, 0
14353, 1, 1636469337510, 1636469338156, 646, 262, 384, 0, 0, 0
14354, 1, 1636469337646, 1636469338297, 651, 262, 389, 0, 0, 0
14355, 1, 1636469337654, 1636469338305, 651, 262, 389, 0, 0, 0
14356, 1, 1636469337674, 1636469338325, 651, 263, 388, 0, 1, 1
14357, 1, 1636469337726, 1636469338381, 655, 262, 393, 0, 0, 0
14358, 1, 1636469337766, 1636469338420, 654, 262, 392, 0, 0, 0
14359, 1, 1636469337782, 1636469338437, 655, 262, 393, 0, 0, 0
14360, 1, 1636469337859, 1636469338513, 654, 262, 392, 0, 1, 1
14361, 1, 1636469337910, 1636469338565, 655, 263, 392, 1, 1, 2
14362, 1, 1636469337918, 1636469338573, 655, 262, 393, 0, 0, 0
14363, 1, 1636469337934, 1636469338589, 655, 264, 391, 0, 1, 1
14364, 1, 1636469337954, 1636469338608, 654, 263, 391, 0, 1, 1
14365, 1, 1636469338022, 1636469338680, 658, 262, 396, 0, 0, 0
14366, 1, 1636469338066, 1636469338713, 647, 262, 385, 0, 0, 0
14367, 1, 1636469338067, 1636469338721, 654, 263, 391, 1, 0, 1
14368, 1, 1636469338074, 1636469338733, 659, 262, 397, 1, 0, 1
14369, 1, 1636469338102, 1636469338756, 654, 262, 392, 0, 0, 0
14370, 1, 1636469338122, 1636469338773, 651, 263, 388, 1, 0, 1
14371, 1, 1636469338158, 1636469338809, 651, 262, 389, 0, 0, 0
14373, 1, 1636469338306, 1636469338961, 655, 262, 393, 1, 0, 1
14372, 1, 1636469338298, 1636469338961, 663, 267, 396, 0, 1, 1
14374, 1, 1636469338326, 1636469338981, 655, 266, 389, 0, 0, 0
14375, 1, 1636469338382, 1636469339033, 651, 262, 389, 0, 0, 0
14376, 1, 1636469338439, 1636469339089, 650, 262, 388, 0, 0, 0
14377, 1, 1636469338514, 1636469339168, 654, 266, 388, 0, 0, 0
14378, 1, 1636469338566, 1636469339221, 655, 262, 393, 0, 0, 0
14379, 1, 1636469338574, 1636469339241, 667, 270, 397, 0, 0, 0
14380, 1, 1636469338590, 1636469339249, 659, 266, 393, 0, 0, 0
14381, 1, 1636469338610, 1636469339265, 655, 261, 394, 0, 0, 0
14382, 1, 1636469338682, 1636469339337, 655, 262, 393, 0, 0, 0
14384, 1, 1636469338722, 1636469339380, 658, 267, 391, 1, 0, 1
14385, 1, 1636469338734, 1636469339392, 658, 266, 392, 0, 0, 0
14386, 1, 1636469338758, 1636469339417, 659, 261, 398, 1, 0, 1
14387, 1, 1636469338774, 1636469339429, 655, 266, 389, 0, 0, 0
14388, 1, 1636469338810, 1636469339601, 791, 400, 391, 0, 2, 2
14390, 1, 1636469338962, 1636469339616, 654, 263, 391, 3, 0, 3
14389, 1, 1636469338962, 1636469339617, 655, 263, 392, 3, 0, 3
14383, 1, 1636469338714, 1636469339616, 902, 514, 388, 0, 0, 0
14391, 1, 1636469338982, 1636469339633, 651, 262, 389, 0, 0, 0
14392, 1, 1636469339034, 1636469339689, 655, 262, 393, 0, 0, 0
14393, 1, 1636469339090, 1636469339745, 655, 262, 393, 0, 0, 0
14394, 1, 1636469339170, 1636469339824, 654, 262, 392, 0, 0, 0
14395, 1, 1636469339222, 1636469339884, 662, 262, 400, 0, 0, 0
14396, 1, 1636469339242, 1636469339893, 651, 262, 389, 0, 0, 0
14397, 1, 1636469339250, 1636469339905, 655, 263, 392, 0, 1, 1
14398, 1, 1636469339266, 1636469339921, 655, 262, 393, 0, 0, 0
14399, 1, 1636469339383, 1636469340037, 654, 266, 388, 1, 0, 1
14400, 1, 1636469339394, 1636469340045, 651, 262, 389, 0, 0, 0
14401, 1, 1636469339418, 1636469340073, 655, 262, 393, 1, 0, 1
14402, 1, 1636469339430, 1636469340080, 650, 263, 387, 1, 0, 1
14403, 1, 1636469339602, 1636469340261, 659, 262, 397, 0, 0, 0
14406, 1, 1636469339619, 1636469340265, 646, 262, 384, 1, 0, 1
14404, 1, 1636469339618, 1636469340277, 659, 262, 397, 0, 0, 0
14405, 1, 1636469339618, 1636469340277, 659, 263, 396, 0, 0, 0
14407, 1, 1636469339634, 1636469340289, 655, 262, 393, 0, 0, 0
14408, 1, 1636469339690, 1636469340345, 655, 262, 393, 0, 0, 0
14409, 1, 1636469339747, 1636469340401, 654, 262, 392, 0, 1, 1
14410, 1, 1636469339826, 1636469340485, 659, 266, 393, 0, 0, 0
14411, 1, 1636469339886, 1636469340541, 655, 262, 393, 0, 0, 0
14412, 1, 1636469339894, 1636469340549, 655, 262, 393, 0, 0, 0
14413, 1, 1636469339906, 1636469340565, 659, 262, 397, 0, 0, 0
14414, 1, 1636469339922, 1636469340577, 655, 263, 392, 0, 1, 1
14415, 1, 1636469340038, 1636469340692, 654, 262, 392, 0, 0, 0
14416, 1, 1636469340046, 1636469340701, 655, 263, 392, 1, 1, 2
14417, 1, 1636469340074, 1636469340728, 654, 262, 392, 0, 1, 1
14419, 1, 1636469340266, 1636469340921, 655, 270, 385, 0, 1, 1
14418, 1, 1636469340262, 1636469340921, 659, 264, 395, 0, 2, 2
14420, 1, 1636469340278, 1636469340933, 655, 263, 392, 2, 0, 2
14422, 1, 1636469340290, 1636469340937, 647, 262, 385, 0, 0, 0
14421, 1, 1636469340279, 1636469340941, 662, 263, 399, 2, 0, 2
14423, 1, 1636469340346, 1636469341001, 655, 262, 393, 1, 0, 1
14424, 1, 1636469340402, 1636469341056, 654, 266, 388, 0, 0, 0
14425, 1, 1636469340486, 1636469341140, 654, 263, 391, 1, 0, 1
14426, 1, 1636469340542, 1636469341201, 659, 266, 393, 0, 0, 0
14427, 1, 1636469340550, 1636469341208, 658, 262, 396, 0, 0, 0
14428, 1, 1636469340566, 1636469341221, 655, 264, 391, 0, 1, 1
14430, 1, 1636469340694, 1636469341357, 663, 266, 397, 1, 1, 2
14431, 1, 1636469340702, 1636469341357, 655, 262, 393, 0, 0, 0
14432, 1, 1636469340730, 1636469341385, 655, 263, 392, 0, 1, 1
14429, 1, 1636469340579, 1636469341569, 990, 602, 388, 0, 0, 0
14434, 1, 1636469340922, 1636469341573, 651, 263, 388, 0, 1, 1
14433, 1, 1636469340922, 1636469341573, 651, 261, 390, 1, 0, 1
14435, 1, 1636469340934, 1636469341593, 659, 266, 393, 1, 1, 2
14436, 1, 1636469340938, 1636469341593, 655, 267, 388, 3, 0, 3
14437, 1, 1636469340942, 1636469341604, 662, 267, 395, 0, 1, 1
14438, 1, 1636469341058, 1636469341712, 654, 262, 392, 0, 1, 1
14439, 1, 1636469341142, 1636469341796, 654, 262, 392, 0, 0, 0
14440, 1, 1636469341202, 1636469341853, 651, 262, 389, 0, 0, 0
14441, 1, 1636469341210, 1636469341869, 659, 262, 397, 0, 0, 0
14442, 1, 1636469341222, 1636469341872, 650, 259, 391, 0, 1, 1
14444, 1, 1636469341358, 1636469342017, 659, 263, 396, 1, 0, 1
14443, 1, 1636469341358, 1636469342021, 663, 263, 400, 1, 0, 1
14445, 1, 1636469341386, 1636469342041, 655, 262, 393, 0, 0, 0
14448, 1, 1636469341574, 1636469342229, 655, 267, 388, 3, 0, 3
14446, 1, 1636469341570, 1636469342229, 659, 264, 395, 0, 0, 0
14447, 1, 1636469341574, 1636469342229, 655, 267, 388, 1, 0, 1
14450, 1, 1636469341594, 1636469342253, 659, 266, 393, 0, 0, 0
14449, 1, 1636469341594, 1636469342261, 667, 266, 401, 0, 0, 0
14451, 1, 1636469341606, 1636469342269, 663, 266, 397, 0, 0, 0
14452, 1, 1636469341714, 1636469342381, 667, 262, 405, 0, 1, 1
14453, 1, 1636469341798, 1636469342456, 658, 266, 392, 0, 0, 0
14454, 1, 1636469341854, 1636469342505, 651, 258, 393, 0, 0, 0
14455, 1, 1636469341870, 1636469342528, 658, 266, 392, 0, 0, 0
14457, 1, 1636469342022, 1636469342677, 655, 264, 391, 1, 0, 1
14456, 1, 1636469342018, 1636469342677, 659, 266, 393, 0, 1, 1
14458, 1, 1636469342042, 1636469342697, 655, 262, 393, 1, 0, 1
14459, 1, 1636469342230, 1636469342885, 655, 265, 390, 1, 0, 1
14461, 1, 1636469342231, 1636469342889, 658, 267, 391, 3, 0, 3
14460, 1, 1636469342230, 1636469342889, 659, 261, 398, 1, 0, 1
14462, 1, 1636469342254, 1636469342901, 647, 262, 385, 0, 0, 0
14463, 1, 1636469342262, 1636469342917, 655, 260, 395, 0, 0, 0
14464, 1, 1636469342270, 1636469342925, 655, 263, 392, 1, 0, 1
14465, 1, 1636469342382, 1636469343037, 655, 262, 393, 0, 0, 0
14466, 1, 1636469342458, 1636469343117, 659, 266, 393, 0, 1, 1
14467, 1, 1636469342506, 1636469343161, 655, 262, 393, 0, 1, 1
14468, 1, 1636469342530, 1636469343185, 655, 262, 393, 0, 0, 0
14469, 1, 1636469342678, 1636469343337, 659, 266, 393, 0, 1, 1
14470, 1, 1636469342678, 1636469343337, 659, 267, 392, 1, 0, 1
14471, 1, 1636469342698, 1636469343353, 655, 262, 393, 0, 0, 0
14472, 1, 1636469342886, 1636469343537, 651, 262, 389, 0, 0, 0
14473, 1, 1636469342890, 1636469343545, 655, 263, 392, 0, 1, 1
14474, 1, 1636469342890, 1636469343545, 655, 263, 392, 1, 0, 1
14475, 1, 1636469342903, 1636469343557, 654, 262, 392, 0, 0, 0
14476, 1, 1636469342918, 1636469343573, 655, 262, 393, 0, 0, 0
14478, 1, 1636469343039, 1636469343693, 654, 266, 388, 0, 1, 1
14479, 1, 1636469343118, 1636469343768, 650, 262, 388, 0, 1, 1
14480, 1, 1636469343162, 1636469343821, 659, 265, 394, 2, 2, 4
14481, 1, 1636469343186, 1636469343845, 659, 262, 397, 0, 0, 0
14477, 1, 1636469342926, 1636469343880, 954, 567, 387, 1, 0, 1
14483, 1, 1636469343338, 1636469343992, 654, 263, 391, 3, 0, 3
14482, 1, 1636469343338, 1636469343992, 654, 263, 391, 4, 0, 4
14484, 1, 1636469343354, 1636469344009, 655, 266, 389, 0, 0, 0
14485, 1, 1636469343538, 1636469344197, 659, 266, 393, 1, 0, 1
14487, 1, 1636469343546, 1636469344201, 655, 263, 392, 1, 1, 2
14486, 1, 1636469343546, 1636469344201, 655, 262, 393, 1, 0, 1
14488, 1, 1636469343558, 1636469344209, 651, 262, 389, 0, 0, 0
14489, 1, 1636469343574, 1636469344229, 655, 262, 393, 1, 0, 1
14490, 1, 1636469343694, 1636469344349, 655, 262, 393, 0, 0, 0
14491, 1, 1636469343770, 1636469344425, 655, 262, 393, 0, 0, 0
14492, 1, 1636469343822, 1636469344477, 655, 262, 393, 0, 0, 0
14494, 1, 1636469343882, 1636469344536, 654, 262, 392, 0, 0, 0
14493, 1, 1636469343846, 1636469344573, 727, 338, 389, 1, 0, 1
14495, 1, 1636469343994, 1636469344649, 655, 263, 392, 0, 0, 0
14496, 1, 1636469343994, 1636469344649, 655, 263, 392, 0, 1, 1
14497, 1, 1636469344010, 1636469344668, 658, 262, 396, 2, 0, 2
14498, 1, 1636469344198, 1636469344845, 647, 262, 385, 0, 0, 0
14500, 1, 1636469344202, 1636469344853, 651, 263, 388, 2, 1, 3
14499, 1, 1636469344202, 1636469344853, 651, 263, 388, 2, 0, 2
14501, 1, 1636469344210, 1636469344861, 651, 262, 389, 0, 0, 0
14502, 1, 1636469344231, 1636469344881, 650, 262, 388, 0, 1, 1
14503, 1, 1636469344350, 1636469345001, 651, 262, 389, 0, 0, 0
14504, 1, 1636469344426, 1636469345081, 655, 262, 393, 0, 0, 0
14505, 1, 1636469344478, 1636469345193, 715, 322, 393, 0, 0, 0
14506, 1, 1636469344574, 1636469345233, 659, 262, 397, 0, 0, 0
14507, 1, 1636469344650, 1636469345305, 655, 263, 392, 0, 1, 1
14508, 1, 1636469344650, 1636469345305, 655, 263, 392, 1, 0, 1
14509, 1, 1636469344670, 1636469345325, 655, 262, 393, 0, 0, 0
14510, 1, 1636469344846, 1636469345496, 650, 266, 384, 0, 0, 0
14512, 1, 1636469344855, 1636469345509, 654, 267, 387, 1, 1, 2
14511, 1, 1636469344854, 1636469345509, 655, 267, 388, 2, 0, 2
14513, 1, 1636469344862, 1636469345541, 679, 286, 393, 1, 0, 1
14515, 1, 1636469345002, 1636469345661, 659, 263, 396, 0, 1, 1
14516, 1, 1636469345082, 1636469345741, 659, 262, 397, 1, 1, 2
14517, 1, 1636469345194, 1636469345853, 659, 263, 396, 0, 0, 0
14514, 1, 1636469344882, 1636469345893, 1011, 614, 397, 0, 0, 0
14519, 1, 1636469345306, 1636469345961, 655, 263, 392, 1, 0, 1
14518, 1, 1636469345306, 1636469345965, 659, 263, 396, 0, 1, 1
14520, 1, 1636469345326, 1636469345989, 663, 266, 397, 0, 0, 0
14521, 1, 1636469345498, 1636469346157, 659, 266, 393, 0, 0, 0
14523, 1, 1636469345510, 1636469346161, 651, 263, 388, 2, 0, 2
14522, 1, 1636469345510, 1636469346161, 651, 262, 389, 1, 0, 1
14524, 1, 1636469345542, 1636469346201, 659, 270, 389, 0, 0, 0
14525, 1, 1636469345662, 1636469346324, 662, 266, 396, 0, 1, 1
14526, 1, 1636469345742, 1636469346393, 651, 262, 389, 0, 0, 0
14527, 1, 1636469345854, 1636469346509, 655, 262, 393, 1, 0, 1
14528, 1, 1636469345894, 1636469346552, 658, 266, 392, 0, 1, 1
14529, 1, 1636469345962, 1636469346613, 651, 258, 393, 0, 1, 1
14530, 1, 1636469345990, 1636469346649, 659, 262, 397, 0, 1, 1
14532, 1, 1636469346162, 1636469346812, 650, 263, 387, 1, 1, 2
14531, 1, 1636469346158, 1636469346813, 655, 262, 393, 1, 0, 1
14533, 1, 1636469346163, 1636469346813, 650, 262, 388, 1, 0, 1
14534, 1, 1636469346202, 1636469346856, 654, 267, 387, 0, 1, 1
14535, 1, 1636469346325, 1636469346977, 652, 262, 390, 0, 0, 0
14536, 1, 1636469346394, 1636469347049, 655, 262, 393, 0, 0, 0
14537, 1, 1636469346510, 1636469347161, 651, 262, 389, 1, 0, 1
14538, 1, 1636469346554, 1636469347205, 651, 263, 388, 1, 0, 1
14539, 1, 1636469346614, 1636469347268, 654, 262, 392, 0, 0, 0
14541, 1, 1636469346814, 1636469347469, 655, 262, 393, 3, 0, 3
14540, 1, 1636469346814, 1636469347469, 655, 262, 393, 1, 0, 1
14542, 1, 1636469346814, 1636469347469, 655, 262, 393, 0, 1, 1
14543, 1, 1636469346858, 1636469347509, 651, 261, 390, 0, 0, 0
14544, 1, 1636469346978, 1636469347633, 655, 262, 393, 0, 0, 0
14545, 1, 1636469347162, 1636469347813, 651, 262, 389, 1, 0, 1
14546, 1, 1636469347206, 1636469347861, 655, 263, 392, 1, 0, 1
14547, 1, 1636469347270, 1636469347920, 650, 262, 388, 0, 0, 0
14550, 1, 1636469347471, 1636469348125, 654, 266, 388, 0, 0, 0
14548, 1, 1636469347470, 1636469348125, 655, 263, 392, 0, 1, 1
14549, 1, 1636469347471, 1636469348125, 654, 262, 392, 2, 0, 2
14551, 1, 1636469347510, 1636469348161, 651, 262, 389, 0, 0, 0
14552, 1, 1636469347634, 1636469348288, 654, 262, 392, 0, 0, 0
14553, 1, 1636469347862, 1636469348521, 659, 266, 393, 0, 1, 1
14554, 1, 1636469347922, 1636469348573, 651, 262, 389, 0, 0, 0
14556, 1, 1636469348126, 1636469348777, 651, 263, 388, 0, 1, 1
14555, 1, 1636469348126, 1636469348777, 651, 262, 389, 0, 1, 1
14557, 1, 1636469348127, 1636469348777, 650, 262, 388, 1, 0, 1
14558, 1, 1636469348290, 1636469348941, 651, 263, 388, 0, 0, 0
14559, 1, 1636469348522, 1636469349181, 659, 262, 397, 0, 0, 0
14560, 1, 1636469348574, 1636469349224, 650, 262, 388, 0, 0, 0
14562, 1, 1636469348779, 1636469349429, 650, 262, 388, 2, 0, 2
14563, 1, 1636469348779, 1636469349437, 658, 263, 395, 1, 2, 3
14561, 1, 1636469348778, 1636469349437, 659, 262, 397, 1, 0, 1
14564, 1, 1636469349182, 1636469349845, 663, 266, 397, 1, 0, 1
14565, 1, 1636469349226, 1636469349881, 655, 263, 392, 1, 1, 2
14566, 1, 1636469349430, 1636469350085, 655, 262, 393, 0, 0, 0
14568, 1, 1636469349438, 1636469350093, 655, 263, 392, 2, 0, 2
14567, 1, 1636469349438, 1636469350093, 655, 263, 392, 1, 0, 1
14569, 1, 1636469349846, 1636469350505, 659, 262, 397, 0, 1, 1
14570, 1, 1636469349882, 1636469350533, 651, 263, 388, 0, 0, 0
14571, 1, 1636469350086, 1636469350741, 655, 262, 393, 0, 0, 0
14573, 1, 1636469350094, 1636469350753, 659, 262, 397, 1, 0, 1
14572, 1, 1636469350094, 1636469350753, 659, 262, 397, 1, 0, 1
14574, 1, 1636469350506, 1636469351161, 655, 262, 393, 0, 0, 0
14575, 1, 1636469350742, 1636469351388, 646, 262, 384, 0, 0, 0
14576, 1, 1636469350754, 1636469351405, 651, 263, 388, 2, 0, 2
14577, 1, 1636469350754, 1636469351405, 651, 263, 388, 1, 0, 1
14578, 1, 1636469351162, 1636469351817, 655, 262, 393, 0, 0, 0
14579, 1, 1636469351390, 1636469352044, 654, 266, 388, 0, 0, 0
14580, 1, 1636469351406, 1636469352053, 647, 262, 385, 0, 0, 0
14581, 1, 1636469351818, 1636469352473, 655, 262, 393, 0, 0, 0
14582, 1, 1636469352046, 1636469352697, 651, 262, 389, 0, 0, 0
14583, 1, 1636469352054, 1636469352709, 655, 262, 393, 0, 0, 0
14584, 1, 1636469352474, 1636469353129, 655, 262, 393, 0, 0, 0
14585, 1, 1636469352698, 1636469353353, 655, 262, 393, 0, 0, 0
14586, 1, 1636469352710, 1636469353361, 651, 262, 389, 0, 0, 0
14587, 1, 1636469353130, 1636469353785, 655, 262, 393, 0, 0, 0
14588, 1, 1636469353354, 1636469354005, 651, 262, 389, 0, 0, 0
14589, 1, 1636469353362, 1636469354008, 646, 262, 384, 0, 0, 0
14590, 1, 1636469353786, 1636469354441, 655, 262, 393, 1, 0, 1
14591, 1, 1636469354006, 1636469354661, 655, 262, 393, 1, 0, 1
14592, 1, 1636469354010, 1636469354661, 651, 263, 388, 0, 0, 0
14593, 1, 1636469354442, 1636469355097, 655, 262, 393, 0, 0, 0
14594, 1, 1636469354662, 1636469355313, 651, 262, 389, 0, 0, 0
14595, 1, 1636469355098, 1636469355753, 655, 262, 393, 0, 0, 0
14596, 1, 1636469355314, 1636469355965, 651, 262, 389, 0, 0, 0
14597, 1, 1636469355754, 1636469356417, 663, 266, 397, 0, 0, 0
14598, 1, 1636469355966, 1636469356617, 651, 262, 389, 0, 0, 0
14599, 1, 1636469356418, 1636469357077, 659, 262, 397, 0, 0, 0
14600, 1, 1636469357078, 1636469357733, 655, 262, 393, 0, 0, 0
14601, 1, 1636469396519, 1636469397129, 610, 263, 347, 1, 0, 1
14602, 1, 1636469397130, 1636469397785, 655, 264, 391, 1, 1, 2
14603, 1, 1636469397257, 1636469397869, 612, 262, 350, 0, 0, 0
14604, 1, 1636469397786, 1636469398441, 655, 262, 393, 0, 0, 0
14606, 1, 1636469397892, 1636469398505, 613, 264, 349, 1, 0, 1
14605, 1, 1636469397870, 1636469398533, 663, 262, 401, 0, 0, 0
14607, 1, 1636469398442, 1636469399097, 655, 263, 392, 1, 1, 2
14608, 1, 1636469398506, 1636469399161, 655, 262, 393, 0, 0, 0
14609, 1, 1636469398534, 1636469399189, 655, 262, 393, 0, 0, 0
14610, 1, 1636469398616, 1636469399241, 625, 266, 359, 0, 0, 0
14611, 1, 1636469399098, 1636469399753, 655, 263, 392, 1, 0, 1
14612, 1, 1636469399162, 1636469399809, 647, 259, 388, 0, 0, 0
14613, 1, 1636469399190, 1636469399849, 659, 263, 396, 0, 1, 1
14614, 1, 1636469399242, 1636469399896, 654, 262, 392, 0, 0, 0
14615, 1, 1636469399421, 1636469400033, 612, 262, 350, 0, 0, 0
14616, 1, 1636469399754, 1636469400409, 655, 262, 393, 0, 0, 0
14617, 1, 1636469399810, 1636469400461, 651, 262, 389, 0, 0, 0
14618, 1, 1636469399850, 1636469400504, 654, 263, 391, 0, 0, 0
14619, 1, 1636469399897, 1636469400565, 668, 266, 402, 0, 0, 0
14620, 1, 1636469400034, 1636469400685, 651, 266, 385, 0, 0, 0
14622, 1, 1636469400422, 1636469401029, 607, 258, 349, 0, 0, 0
14621, 1, 1636469400410, 1636469401065, 655, 263, 392, 0, 1, 1
14623, 1, 1636469400462, 1636469401109, 647, 258, 389, 0, 0, 0
14624, 1, 1636469400506, 1636469401161, 655, 258, 397, 0, 0, 0
14625, 1, 1636469400566, 1636469401221, 655, 262, 393, 0, 0, 0
14626, 1, 1636469400686, 1636469401341, 655, 267, 388, 1, 1, 2
14627, 1, 1636469401030, 1636469401693, 663, 266, 397, 0, 0, 0
14628, 1, 1636469401066, 1636469401721, 655, 262, 393, 0, 0, 0
14629, 1, 1636469401110, 1636469401761, 651, 263, 388, 0, 1, 1
14630, 1, 1636469401162, 1636469401821, 659, 263, 396, 0, 1, 1
14631, 1, 1636469401222, 1636469401877, 655, 262, 393, 0, 0, 0
14632, 1, 1636469401295, 1636469401905, 610, 262, 348, 0, 0, 0
14633, 1, 1636469401342, 1636469401993, 651, 262, 389, 0, 0, 0
14634, 1, 1636469401694, 1636469402349, 655, 262, 393, 0, 0, 0
14635, 1, 1636469401722, 1636469402381, 659, 262, 397, 0, 0, 0
14636, 1, 1636469401762, 1636469402425, 663, 266, 397, 0, 0, 0
14637, 1, 1636469401822, 1636469402480, 658, 262, 396, 0, 0, 0
14638, 1, 1636469401878, 1636469402533, 655, 263, 392, 0, 0, 0
14639, 1, 1636469401906, 1636469402557, 651, 263, 388, 0, 0, 0
14640, 1, 1636469401994, 1636469402645, 651, 264, 387, 0, 0, 0
14641, 1, 1636469402133, 1636469402745, 612, 262, 350, 0, 0, 0
14642, 1, 1636469402350, 1636469403005, 655, 262, 393, 0, 0, 0
14643, 1, 1636469402382, 1636469403037, 655, 263, 392, 0, 0, 0
14644, 1, 1636469402426, 1636469403085, 659, 262, 397, 0, 1, 1
14645, 1, 1636469402482, 1636469403136, 654, 262, 392, 0, 0, 0
14646, 1, 1636469402534, 1636469403189, 655, 262, 393, 0, 0, 0
14647, 1, 1636469402558, 1636469403213, 655, 264, 391, 0, 2, 2
14648, 1, 1636469402646, 1636469403297, 651, 262, 389, 0, 0, 0
14649, 1, 1636469402746, 1636469403397, 651, 262, 389, 0, 0, 0
14650, 1, 1636469402983, 1636469403588, 605, 262, 343, 0, 0, 0
14651, 1, 1636469403006, 1636469403665, 659, 266, 393, 0, 0, 0
14652, 1, 1636469403038, 1636469403696, 658, 262, 396, 0, 0, 0
14654, 1, 1636469403138, 1636469403793, 655, 266, 389, 0, 0, 0
14655, 1, 1636469403190, 1636469403841, 651, 264, 387, 0, 0, 0
14656, 1, 1636469403214, 1636469403873, 659, 267, 392, 0, 1, 1
14653, 1, 1636469403086, 1636469403936, 850, 459, 391, 0, 0, 0
14657, 1, 1636469403298, 1636469403949, 651, 263, 388, 0, 1, 1
14658, 1, 1636469403398, 1636469404057, 659, 262, 397, 0, 0, 0
14659, 1, 1636469403590, 1636469404245, 655, 262, 393, 0, 1, 1
14660, 1, 1636469403666, 1636469404321, 655, 262, 393, 0, 0, 0
14661, 1, 1636469403698, 1636469404349, 651, 262, 389, 0, 0, 0
14662, 1, 1636469403782, 1636469404397, 615, 266, 349, 0, 1, 1
14663, 1, 1636469403794, 1636469404445, 651, 262, 389, 0, 0, 0
14665, 1, 1636469403874, 1636469404532, 658, 266, 392, 1, 0, 1
14666, 1, 1636469403937, 1636469404597, 660, 262, 398, 0, 0, 0
14667, 1, 1636469403950, 1636469404605, 655, 262, 393, 0, 0, 0
14668, 1, 1636469404058, 1636469404713, 655, 262, 393, 0, 0, 0
14664, 1, 1636469403842, 1636469404745, 903, 512, 391, 0, 1, 1
14669, 1, 1636469404246, 1636469404897, 651, 262, 389, 0, 0, 0
14670, 1, 1636469404322, 1636469404980, 658, 267, 391, 0, 0, 0
14671, 1, 1636469404350, 1636469405000, 650, 262, 388, 0, 0, 0
14672, 1, 1636469404398, 1636469405053, 655, 263, 392, 0, 1, 1
14673, 1, 1636469404446, 1636469405109, 663, 266, 397, 0, 1, 1
14674, 1, 1636469404534, 1636469405193, 659, 262, 397, 0, 0, 0
14676, 1, 1636469404606, 1636469405257, 651, 263, 388, 0, 0, 0
14675, 1, 1636469404598, 1636469405257, 659, 263, 396, 2, 1, 3
14677, 1, 1636469404714, 1636469405369, 655, 262, 393, 0, 0, 0
14678, 1, 1636469404746, 1636469405396, 650, 262, 388, 0, 0, 0
14679, 1, 1636469404898, 1636469405553, 655, 262, 393, 0, 0, 0
14680, 1, 1636469404982, 1636469405641, 659, 262, 397, 0, 0, 0
14681, 1, 1636469405002, 1636469405657, 655, 262, 393, 0, 0, 0
14682, 1, 1636469405054, 1636469405705, 651, 266, 385, 0, 0, 0
14683, 1, 1636469405110, 1636469405765, 655, 268, 387, 0, 2, 2
14684, 1, 1636469405194, 1636469405849, 655, 267, 388, 1, 1, 2
14685, 1, 1636469405258, 1636469405909, 651, 263, 388, 0, 1, 1
14686, 1, 1636469405258, 1636469405912, 654, 267, 387, 0, 0, 0
14687, 1, 1636469405370, 1636469406017, 647, 258, 389, 0, 0, 0
14688, 1, 1636469405398, 1636469406053, 655, 262, 393, 0, 0, 0
14689, 1, 1636469405554, 1636469406213, 659, 263, 396, 1, 1, 2
14692, 1, 1636469405685, 1636469406296, 611, 263, 348, 1, 0, 1
14691, 1, 1636469405658, 1636469406309, 651, 262, 389, 0, 0, 0
14693, 1, 1636469405706, 1636469406361, 655, 262, 393, 0, 0, 0
14694, 1, 1636469405766, 1636469406416, 650, 264, 386, 2, 2, 4
14695, 1, 1636469405850, 1636469406501, 651, 262, 389, 0, 0, 0
14696, 1, 1636469405910, 1636469406561, 651, 262, 389, 1, 0, 1
14697, 1, 1636469405914, 1636469406564, 650, 263, 387, 0, 1, 1
14690, 1, 1636469405642, 1636469406644, 1002, 611, 391, 1, 1, 2
14698, 1, 1636469406018, 1636469406669, 651, 262, 389, 0, 0, 0
14699, 1, 1636469406054, 1636469406708, 654, 263, 391, 0, 0, 0
14700, 1, 1636469406214, 1636469406868, 654, 262, 392, 0, 0, 0
14701, 1, 1636469406298, 1636469406953, 655, 266, 389, 0, 0, 0
14703, 1, 1636469406362, 1636469407017, 655, 262, 393, 0, 0, 0
14704, 1, 1636469406418, 1636469407068, 650, 262, 388, 0, 0, 0
14706, 1, 1636469406539, 1636469407149, 610, 267, 343, 0, 1, 1
14707, 1, 1636469406562, 1636469407213, 651, 262, 389, 0, 0, 0
14708, 1, 1636469406566, 1636469407216, 650, 263, 387, 0, 1, 1
14702, 1, 1636469406310, 1636469407301, 991, 597, 394, 1, 0, 1
14709, 1, 1636469406646, 1636469407301, 655, 262, 393, 1, 1, 2
14710, 1, 1636469406670, 1636469407325, 655, 263, 392, 0, 0, 0
14711, 1, 1636469406710, 1636469407361, 651, 263, 388, 0, 0, 0
14705, 1, 1636469406502, 1636469407500, 998, 600, 398, 0, 1, 1
14712, 1, 1636469406869, 1636469407525, 656, 267, 389, 1, 1, 2
14713, 1, 1636469406954, 1636469407609, 655, 263, 392, 0, 1, 1
14714, 1, 1636469407018, 1636469407681, 663, 270, 393, 0, 1, 1
14715, 1, 1636469407070, 1636469407724, 654, 262, 392, 0, 0, 0
14717, 1, 1636469407214, 1636469407869, 655, 266, 389, 0, 0, 0
14718, 1, 1636469407218, 1636469407877, 659, 264, 395, 0, 0, 0
14721, 1, 1636469407305, 1636469407917, 612, 262, 350, 0, 0, 0
14720, 1, 1636469407302, 1636469407964, 662, 267, 395, 2, 0, 2
14719, 1, 1636469407302, 1636469407965, 663, 268, 395, 0, 2, 2
14723, 1, 1636469407362, 1636469408017, 655, 262, 393, 0, 0, 0
14716, 1, 1636469407150, 1636469408073, 923, 532, 391, 1, 2, 3
14724, 1, 1636469407502, 1636469408156, 654, 266, 388, 0, 0, 0
14725, 1, 1636469407526, 1636469408185, 659, 263, 396, 0, 1, 1
14726, 1, 1636469407610, 1636469408269, 659, 262, 397, 1, 1, 2
14722, 1, 1636469407326, 1636469408269, 943, 545, 398, 0, 0, 0
14727, 1, 1636469407682, 1636469408332, 650, 262, 388, 0, 0, 0
14728, 1, 1636469407726, 1636469408385, 659, 268, 391, 2, 0, 2
14729, 1, 1636469407870, 1636469408525, 655, 262, 393, 0, 0, 0
14730, 1, 1636469407878, 1636469408537, 659, 258, 401, 0, 0, 0
14733, 1, 1636469407966, 1636469408628, 662, 262, 400, 1, 0, 1
14732, 1, 1636469407966, 1636469408628, 662, 262, 400, 0, 0, 0
14734, 1, 1636469408018, 1636469408676, 658, 262, 396, 0, 0, 0
14735, 1, 1636469408074, 1636469408728, 654, 262, 392, 0, 0, 0
14736, 1, 1636469408149, 1636469408761, 612, 262, 350, 0, 0, 0
14737, 1, 1636469408158, 1636469408813, 655, 262, 393, 0, 0, 0
14731, 1, 1636469407918, 1636469408897, 979, 578, 401, 0, 2, 2
14740, 1, 1636469408271, 1636469408929, 658, 267, 391, 1, 0, 1
14739, 1, 1636469408270, 1636469408929, 659, 266, 393, 1, 0, 1
14741, 1, 1636469408334, 1636469408988, 654, 262, 392, 0, 0, 0
14742, 1, 1636469408386, 1636469409049, 663, 262, 401, 0, 0, 0
14738, 1, 1636469408186, 1636469409109, 923, 534, 389, 1, 1, 2
14743, 1, 1636469408526, 1636469409177, 651, 263, 388, 0, 0, 0
14744, 1, 1636469408538, 1636469409197, 659, 268, 391, 0, 3, 3
14746, 1, 1636469408631, 1636469409285, 654, 266, 388, 2, 0, 2
14747, 1, 1636469408678, 1636469409332, 654, 262, 392, 1, 0, 1
14748, 1, 1636469408730, 1636469409385, 655, 262, 393, 0, 0, 0
14745, 1, 1636469408630, 1636469409457, 827, 435, 392, 3, 0, 3
14750, 1, 1636469408814, 1636469409469, 655, 267, 388, 0, 3, 3
14751, 1, 1636469408898, 1636469409553, 655, 262, 393, 0, 0, 0
14752, 1, 1636469408930, 1636469409585, 655, 262, 393, 1, 1, 2
14753, 1, 1636469408930, 1636469409589, 659, 263, 396, 1, 0, 1
14749, 1, 1636469408763, 1636469409680, 917, 522, 395, 0, 1, 1
14756, 1, 1636469409110, 1636469409772, 662, 265, 397, 0, 0, 0
14759, 1, 1636469409198, 1636469409849, 651, 263, 388, 0, 1, 1
14760, 1, 1636469409286, 1636469409937, 651, 262, 389, 0, 2, 2
14761, 1, 1636469409334, 1636469409993, 659, 266, 393, 0, 0, 0
14758, 1, 1636469409178, 1636469410033, 855, 462, 393, 0, 0, 0
14762, 1, 1636469409386, 1636469410040, 654, 262, 392, 0, 0, 0
14763, 1, 1636469409458, 1636469410113, 655, 262, 393, 0, 0, 0
14764, 1, 1636469409470, 1636469410124, 654, 262, 392, 0, 0, 0
14765, 1, 1636469409554, 1636469410205, 651, 262, 389, 0, 0, 0
14766, 1, 1636469409586, 1636469410237, 651, 262, 389, 0, 0, 0
14767, 1, 1636469409591, 1636469410245, 654, 263, 391, 1, 1, 2
14768, 1, 1636469409682, 1636469410340, 658, 266, 392, 0, 0, 0
14769, 1, 1636469409774, 1636469410437, 663, 266, 397, 0, 1, 1
14771, 1, 1636469409938, 1636469410593, 655, 262, 393, 0, 1, 1
14772, 1, 1636469409994, 1636469410645, 651, 262, 389, 0, 1, 1
14773, 1, 1636469410034, 1636469410697, 663, 272, 391, 2, 0, 2
14774, 1, 1636469410042, 1636469410697, 655, 262, 393, 1, 0, 1
14775, 1, 1636469410114, 1636469410769, 655, 262, 393, 0, 0, 0
14776, 1, 1636469410126, 1636469410789, 663, 267, 396, 2, 0, 2
14778, 1, 1636469410206, 1636469410869, 663, 266, 397, 0, 0, 0
14779, 1, 1636469410238, 1636469410897, 659, 262, 397, 0, 0, 0
14780, 1, 1636469410247, 1636469410897, 650, 262, 388, 0, 0, 0
14781, 1, 1636469410342, 1636469410992, 650, 262, 388, 0, 0, 0
14782, 1, 1636469410438, 1636469411089, 651, 263, 388, 0, 1, 1
14783, 1, 1636469410594, 1636469411249, 655, 262, 393, 0, 0, 0
14755, 2, 1636469409050, 1636469411331, 2281, 0, 2281, 0, 0, 0
14754, 2, 1636469408990, 1636469411331, 2341, 0, 2341, 0, 1, 1
14757, 2, 1636469409123, 1636469411342, 2219, 0, 2219, 0, 0, 0
14785, 1, 1636469410698, 1636469411349, 651, 262, 389, 0, 0, 0
14786, 1, 1636469410698, 1636469411357, 659, 263, 396, 0, 1, 1
14787, 1, 1636469410770, 1636469411421, 651, 262, 389, 0, 0, 0
14788, 1, 1636469410790, 1636469411445, 655, 262, 393, 0, 0, 0
14789, 1, 1636469410870, 1636469411521, 651, 261, 390, 0, 0, 0
14790, 1, 1636469410898, 1636469411553, 655, 263, 392, 2, 1, 3
14792, 1, 1636469410994, 1636469411641, 647, 262, 385, 0, 0, 0
14793, 1, 1636469411090, 1636469411748, 658, 262, 396, 0, 0, 0
14795, 1, 1636469411250, 1636469411905, 655, 266, 389, 0, 0, 0
14797, 1, 1636469411358, 1636469412021, 663, 267, 396, 0, 1, 1
14798, 1, 1636469411417, 1636469412072, 655, 262, 393, 0, 0, 0
14800, 1, 1636469411422, 1636469412072, 650, 263, 387, 2, 1, 3
14799, 1, 1636469411421, 1636469412076, 655, 262, 393, 1, 1, 2
14801, 1, 1636469411429, 1636469412089, 660, 262, 398, 0, 0, 0
14770, 2, 1636469409850, 1636469412114, 2264, 1, 2263, 0, 1, 1
14803, 1, 1636469411522, 1636469412184, 662, 262, 400, 0, 0, 0
14804, 1, 1636469411554, 1636469412205, 651, 264, 387, 0, 3, 3
14805, 1, 1636469411642, 1636469412292, 650, 266, 384, 0, 0, 0
14777, 2, 1636469410126, 1636469412346, 2220, 0, 2220, 1, 0, 1
14806, 1, 1636469411750, 1636469412404, 654, 262, 392, 0, 1, 1
14802, 1, 1636469411446, 1636469412441, 995, 598, 397, 0, 0, 0
14807, 1, 1636469411906, 1636469412576, 670, 270, 400, 0, 1, 1
14810, 1, 1636469412074, 1636469412733, 659, 268, 391, 2, 2, 4
14809, 1, 1636469412074, 1636469412733, 659, 266, 393, 2, 0, 2
14811, 1, 1636469412078, 1636469412733, 655, 262, 393, 1, 0, 1
14812, 1, 1636469412090, 1636469412745, 655, 267, 388, 0, 2, 2
14813, 1, 1636469412186, 1636469412844, 658, 262, 396, 0, 0, 0
14814, 1, 1636469412201, 1636469412856, 655, 262, 393, 0, 0, 0
14815, 1, 1636469412206, 1636469412865, 659, 262, 397, 1, 0, 1
14784, 2, 1636469410646, 1636469412911, 2265, 0, 2265, 0, 0, 0
14817, 1, 1636469412293, 1636469412940, 647, 262, 385, 0, 0, 0
14818, 1, 1636469412406, 1636469413064, 658, 262, 396, 0, 0, 0
14820, 1, 1636469412442, 1636469413101, 659, 262, 397, 0, 1, 1
14791, 2, 1636469410899, 1636469413162, 2263, 1, 2262, 0, 0, 0
14819, 1, 1636469412433, 1636469413213, 780, 392, 388, 1, 3, 4
14794, 2, 1636469411144, 1636469413366, 2222, 0, 2222, 0, 0, 0
14822, 1, 1636469412734, 1636469413389, 655, 264, 391, 3, 2, 5
14824, 1, 1636469412735, 1636469413389, 654, 263, 391, 1, 2, 3
14823, 1, 1636469412734, 1636469413389, 655, 261, 394, 1, 1, 2
14825, 1, 1636469412746, 1636469413401, 655, 262, 393, 0, 0, 0
14827, 1, 1636469412857, 1636469413516, 659, 263, 396, 0, 0, 0
14828, 1, 1636469412867, 1636469413521, 654, 267, 387, 0, 0, 0
14829, 1, 1636469412942, 1636469413597, 655, 262, 393, 0, 0, 0
14796, 2, 1636469411350, 1636469413614, 2264, 0, 2264, 0, 0, 0
14830, 1, 1636469412997, 1636469413648, 651, 263, 388, 0, 2, 2
14831, 1, 1636469413066, 1636469413725, 659, 266, 393, 0, 0, 0
14832, 1, 1636469413102, 1636469413757, 655, 262, 393, 0, 0, 0
14833, 1, 1636469413214, 1636469413869, 655, 263, 392, 1, 2, 3
14834, 1, 1636469413249, 1636469413909, 660, 266, 394, 0, 0, 0
14837, 1, 1636469413390, 1636469414045, 655, 262, 393, 2, 0, 2
14836, 1, 1636469413390, 1636469414045, 655, 262, 393, 1, 0, 1
14838, 1, 1636469413402, 1636469414057, 655, 263, 392, 1, 1, 2
14839, 1, 1636469413457, 1636469414109, 652, 262, 390, 0, 0, 0
14840, 1, 1636469413518, 1636469414169, 651, 263, 388, 1, 0, 1
14841, 1, 1636469413523, 1636469414181, 658, 262, 396, 0, 0, 0
14835, 1, 1636469413390, 1636469414217, 827, 435, 392, 2, 0, 2
14808, 2, 1636469412022, 1636469414287, 2265, 0, 2265, 0, 0, 0
14844, 1, 1636469413650, 1636469414305, 655, 263, 392, 2, 0, 2
14845, 1, 1636469413701, 1636469414360, 659, 266, 393, 0, 0, 0
14846, 1, 1636469413726, 1636469414377, 651, 262, 389, 0, 0, 0
14816, 2, 1636469412272, 1636469414502, 2230, 0, 2230, 0, 0, 0
14848, 1, 1636469413870, 1636469414528, 658, 268, 390, 1, 1, 2
14849, 1, 1636469413910, 1636469414569, 659, 263, 396, 0, 1, 1
14850, 1, 1636469414046, 1636469414705, 659, 264, 395, 2, 1, 3
14851, 1, 1636469414046, 1636469414705, 659, 262, 397, 1, 1, 2
14852, 1, 1636469414058, 1636469414712, 654, 266, 388, 0, 0, 0
14853, 1, 1636469414110, 1636469414769, 659, 266, 393, 0, 1, 1
14854, 1, 1636469414170, 1636469414828, 658, 263, 395, 1, 0, 1
14821, 2, 1636469412577, 1636469414842, 2265, 0, 2265, 0, 0, 0
14856, 1, 1636469414218, 1636469414877, 659, 262, 397, 0, 0, 0
14857, 1, 1636469414307, 1636469414964, 657, 268, 389, 0, 2, 2
14858, 1, 1636469414362, 1636469415013, 651, 268, 383, 1, 1, 2
14859, 1, 1636469414373, 1636469415033, 660, 266, 394, 1, 0, 1
14860, 1, 1636469414378, 1636469415033, 655, 262, 393, 1, 0, 1
14826, 2, 1636469412846, 1636469415110, 2264, 0, 2264, 0, 0, 0
14862, 1, 1636469414530, 1636469415193, 663, 266, 397, 0, 0, 0
14863, 1, 1636469414570, 1636469415233, 663, 262, 401, 1, 0, 1
14864, 1, 1636469414593, 1636469415249, 656, 262, 394, 0, 0, 0
14866, 1, 1636469414707, 1636469415365, 658, 267, 391, 1, 0, 1
14865, 1, 1636469414707, 1636469415365, 658, 267, 391, 2, 0, 2
14867, 1, 1636469414714, 1636469415373, 659, 266, 393, 0, 0, 0
14868, 1, 1636469414770, 1636469415422, 652, 262, 390, 0, 0, 0
14869, 1, 1636469414829, 1636469415485, 656, 263, 393, 1, 0, 1
14870, 1, 1636469414878, 1636469415533, 655, 267, 388, 0, 1, 1
14871, 1, 1636469414929, 1636469415585, 656, 262, 394, 0, 0, 0
14872, 1, 1636469414966, 1636469415617, 651, 262, 389, 1, 0, 1
14873, 1, 1636469415014, 1636469415681, 667, 267, 400, 1, 0, 1
14874, 1, 1636469415034, 1636469415689, 655, 262, 393, 1, 1, 2
14842, 2, 1636469413560, 1636469415782, 2222, 0, 2222, 0, 0, 0
14876, 1, 1636469415194, 1636469415857, 663, 271, 392, 0, 0, 0
14877, 1, 1636469415201, 1636469415857, 656, 262, 394, 0, 0, 0
14843, 2, 1636469413598, 1636469415859, 2261, 0, 2261, 0, 0, 0
14878, 1, 1636469415234, 1636469415893, 659, 262, 397, 0, 0, 0
14879, 1, 1636469415250, 1636469415901, 651, 263, 388, 0, 1, 1
14881, 1, 1636469415366, 1636469416020, 654, 261, 393, 0, 0, 0
14847, 2, 1636469413758, 1636469416022, 2264, 0, 2264, 0, 0, 0
14882, 1, 1636469415374, 1636469416024, 650, 262, 388, 1, 0, 1
14883, 1, 1636469415423, 1636469416069, 646, 263, 383, 1, 0, 1
14884, 1, 1636469415486, 1636469416137, 651, 263, 388, 1, 1, 2
14885, 1, 1636469415534, 1636469416189, 655, 263, 392, 0, 0, 0
14886, 1, 1636469415586, 1636469416241, 655, 262, 393, 0, 0, 0
14880, 1, 1636469415366, 1636469416245, 879, 490, 389, 1, 0, 1
14887, 1, 1636469415618, 1636469416273, 655, 266, 389, 0, 0, 0
14888, 1, 1636469415682, 1636469416336, 654, 262, 392, 0, 0, 0
14889, 1, 1636469415690, 1636469416344, 654, 266, 388, 0, 0, 0
14855, 2, 1636469414183, 1636469416446, 2263, 1, 2262, 0, 1, 1
14890, 1, 1636469415858, 1636469416508, 650, 262, 388, 1, 0, 1
14891, 1, 1636469415859, 1636469416517, 658, 265, 393, 2, 2, 4
14892, 1, 1636469415873, 1636469416521, 648, 262, 386, 1, 0, 1
14893, 1, 1636469415894, 1636469416549, 655, 262, 393, 0, 1, 1
14894, 1, 1636469415902, 1636469416561, 659, 270, 389, 0, 0, 0
14895, 1, 1636469415949, 1636469416601, 652, 263, 389, 0, 0, 0
14861, 2, 1636469414386, 1636469416606, 2220, 0, 2220, 0, 0, 0
14896, 1, 1636469416022, 1636469416673, 651, 262, 389, 0, 0, 0
14898, 1, 1636469416070, 1636469416716, 646, 263, 383, 0, 1, 1
14899, 1, 1636469416109, 1636469416760, 651, 262, 389, 0, 0, 0
14900, 1, 1636469416138, 1636469416789, 651, 259, 392, 0, 1, 1
14901, 1, 1636469416190, 1636469416841, 651, 263, 388, 0, 0, 0
14902, 1, 1636469416242, 1636469416893, 651, 262, 389, 1, 0, 1
14903, 1, 1636469416246, 1636469416900, 654, 262, 392, 0, 1, 1
14904, 1, 1636469416274, 1636469416929, 655, 262, 393, 0, 0, 0
14905, 1, 1636469416338, 1636469416984, 646, 262, 384, 0, 0, 0
14906, 1, 1636469416346, 1636469417005, 659, 262, 397, 0, 1, 1
14907, 1, 1636469416510, 1636469417168, 658, 262, 396, 1, 0, 1
14909, 1, 1636469416522, 1636469417177, 655, 267, 388, 1, 1, 2
14908, 1, 1636469416518, 1636469417177, 659, 267, 392, 2, 1, 3
14910, 1, 1636469416533, 1636469417189, 656, 263, 393, 0, 1, 1
14911, 1, 1636469416550, 1636469417201, 651, 262, 389, 0, 0, 0
14912, 1, 1636469416562, 1636469417217, 655, 262, 393, 0, 0, 0
14913, 1, 1636469416602, 1636469417253, 651, 262, 389, 1, 0, 1
14875, 2, 1636469415034, 1636469417302, 2268, 1, 2267, 1, 0, 1
14914, 1, 1636469416674, 1636469417325, 651, 262, 389, 0, 1, 1
14915, 1, 1636469416693, 1636469417345, 652, 266, 386, 0, 0, 0
14916, 1, 1636469416718, 1636469417368, 650, 262, 388, 0, 1, 1
14917, 1, 1636469416762, 1636469417412, 650, 261, 389, 1, 0, 1
14918, 1, 1636469416790, 1636469417440, 650, 259, 391, 0, 1, 1
14919, 1, 1636469416842, 1636469417497, 655, 263, 392, 0, 1, 1
14920, 1, 1636469416895, 1636469417545, 650, 262, 388, 1, 0, 1
14921, 1, 1636469416902, 1636469417560, 658, 262, 396, 0, 0, 0
14922, 1, 1636469416930, 1636469417585, 655, 262, 393, 0, 0, 0
14923, 1, 1636469416986, 1636469417632, 646, 262, 384, 1, 1, 2
14924, 1, 1636469417006, 1636469417661, 655, 264, 391, 0, 0, 0
14897, 1, 1636469416026, 1636469417777, 1751, 1362, 389, 0, 0, 0
14926, 1, 1636469417178, 1636469417833, 655, 262, 393, 0, 1, 1
14927, 1, 1636469417178, 1636469417833, 655, 267, 388, 1, 1, 2
14928, 1, 1636469417190, 1636469417845, 655, 263, 392, 0, 2, 2
14929, 1, 1636469417202, 1636469417861, 659, 266, 393, 0, 0, 0
14930, 1, 1636469417218, 1636469417869, 651, 263, 388, 1, 1, 2
14931, 1, 1636469417254, 1636469417900, 646, 262, 384, 0, 0, 0
14933, 1, 1636469417346, 1636469418001, 655, 262, 393, 1, 0, 1
14934, 1, 1636469417370, 1636469418021, 651, 266, 385, 1, 0, 1
14935, 1, 1636469417389, 1636469418045, 656, 267, 389, 1, 0, 1
14936, 1, 1636469417413, 1636469418065, 652, 263, 389, 1, 0, 1
14937, 1, 1636469417441, 1636469418097, 656, 262, 394, 1, 0, 1
14938, 1, 1636469417498, 1636469418149, 651, 264, 387, 1, 1, 2
14939, 1, 1636469417546, 1636469418200, 654, 263, 391, 3, 2, 5
14941, 1, 1636469417586, 1636469418245, 659, 263, 396, 0, 1, 1
14943, 1, 1636469417662, 1636469418309, 647, 258, 389, 0, 0, 0
14942, 1, 1636469417634, 1636469418344, 710, 327, 383, 0, 0, 0
14940, 1, 1636469417561, 1636469418413, 852, 458, 394, 0, 0, 0
14944, 1, 1636469417778, 1636469418429, 651, 262, 389, 0, 0, 0
14946, 1, 1636469417834, 1636469418485, 651, 262, 389, 0, 0, 0
14945, 1, 1636469417834, 1636469418485, 651, 263, 388, 0, 0, 0
14948, 1, 1636469417862, 1636469418517, 655, 262, 393, 0, 0, 0
14949, 1, 1636469417870, 1636469418528, 658, 261, 397, 0, 0, 0
14950, 1, 1636469417902, 1636469418549, 647, 262, 385, 0, 0, 0
14951, 1, 1636469418002, 1636469418665, 663, 266, 397, 1, 0, 1
14953, 1, 1636469418046, 1636469418708, 662, 271, 391, 1, 0, 1
14954, 1, 1636469418066, 1636469418721, 655, 263, 392, 1, 0, 1
14947, 1, 1636469417846, 1636469418761, 915, 522, 393, 0, 0, 0
14956, 1, 1636469418150, 1636469418812, 662, 266, 396, 0, 0, 0
14957, 1, 1636469418202, 1636469418861, 659, 262, 397, 0, 0, 0
14958, 1, 1636469418246, 1636469418913, 667, 271, 396, 0, 1, 1
14959, 1, 1636469418310, 1636469418965, 655, 266, 389, 0, 0, 0
14960, 1, 1636469418346, 1636469419001, 655, 272, 383, 1, 1, 2
14961, 1, 1636469418414, 1636469419065, 651, 262, 389, 0, 0, 0
14962, 1, 1636469418431, 1636469419089, 658, 271, 387, 1, 1, 2
14955, 1, 1636469418098, 1636469419117, 1019, 622, 397, 0, 0, 0
14964, 1, 1636469418486, 1636469419140, 654, 262, 392, 0, 1, 1
14963, 1, 1636469418486, 1636469419140, 654, 262, 392, 0, 0, 0
14965, 1, 1636469418519, 1636469419172, 653, 262, 391, 0, 0, 0
14966, 1, 1636469418530, 1636469419189, 659, 267, 392, 1, 0, 1
14967, 1, 1636469418550, 1636469419200, 650, 262, 388, 0, 0, 0
14968, 1, 1636469418666, 1636469419325, 659, 266, 393, 0, 1, 1
14970, 1, 1636469418722, 1636469419377, 655, 262, 393, 1, 0, 1
14971, 1, 1636469418762, 1636469419417, 655, 262, 393, 0, 0, 0
14972, 1, 1636469418814, 1636469419469, 655, 259, 396, 1, 1, 2
14969, 1, 1636469418710, 1636469419469, 759, 363, 396, 1, 1, 2
14973, 1, 1636469418862, 1636469419517, 655, 266, 389, 0, 0, 0
14975, 1, 1636469418966, 1636469419621, 655, 262, 393, 0, 1, 1
14976, 1, 1636469419002, 1636469419652, 650, 262, 388, 0, 0, 0
14932, 2, 1636469417326, 1636469419655, 2329, 0, 2329, 0, 0, 0
14925, 2, 1636469417170, 1636469419655, 2485, 0, 2485, 0, 1, 1
14977, 1, 1636469419066, 1636469419721, 655, 262, 393, 0, 0, 0
14978, 1, 1636469419090, 1636469419745, 655, 266, 389, 0, 1, 1
14979, 1, 1636469419118, 1636469419772, 654, 262, 392, 0, 1, 1
14980, 1, 1636469419142, 1636469419792, 650, 262, 388, 0, 0, 0
14981, 1, 1636469419142, 1636469419801, 659, 262, 397, 1, 0, 1
14974, 1, 1636469418914, 1636469419821, 907, 515, 392, 0, 0, 0
14984, 1, 1636469419202, 1636469419857, 655, 262, 393, 0, 0, 0
14985, 1, 1636469419327, 1636469419980, 653, 266, 387, 0, 0, 0
14986, 1, 1636469419378, 1636469420028, 650, 263, 387, 0, 1, 1
14987, 1, 1636469419418, 1636469420076, 658, 266, 392, 0, 0, 0
14989, 1, 1636469419470, 1636469420128, 658, 263, 395, 1, 1, 2
14988, 1, 1636469419470, 1636469420129, 659, 264, 395, 1, 0, 1
14990, 1, 1636469419518, 1636469420173, 655, 263, 392, 0, 1, 1
14991, 1, 1636469419622, 1636469420276, 654, 262, 392, 0, 0, 0
14952, 2, 1636469418022, 1636469420282, 2260, 0, 2260, 0, 0, 0
14992, 1, 1636469419653, 1636469420305, 652, 264, 388, 2, 1, 3
14993, 1, 1636469419722, 1636469420381, 659, 266, 393, 0, 0, 0
14994, 1, 1636469419741, 1636469420401, 660, 270, 390, 0, 1, 1
14995, 1, 1636469419745, 1636469420401, 656, 268, 388, 1, 2, 3
14996, 1, 1636469419746, 1636469420401, 655, 262, 393, 1, 1, 2
14997, 1, 1636469419774, 1636469420429, 655, 270, 385, 0, 3, 3
14998, 1, 1636469419794, 1636469420440, 646, 263, 383, 0, 1, 1
14999, 1, 1636469419802, 1636469420457, 655, 262, 393, 0, 1, 1
15000, 1, 1636469419822, 1636469420485, 663, 266, 397, 0, 1, 1
15001, 1, 1636469419858, 1636469420509, 651, 262, 389, 0, 0, 0
15002, 1, 1636469419982, 1636469420633, 651, 262, 389, 0, 1, 1
15003, 1, 1636469420030, 1636469420689, 659, 262, 397, 0, 0, 0
15004, 1, 1636469420078, 1636469420741, 663, 263, 400, 2, 0, 2
15006, 1, 1636469420130, 1636469420785, 655, 262, 393, 1, 0, 1
15005, 1, 1636469420130, 1636469420785, 655, 265, 390, 2, 1, 3
15007, 1, 1636469420174, 1636469420829, 655, 262, 393, 0, 0, 0
15009, 1, 1636469420306, 1636469420953, 647, 262, 385, 0, 0, 0
15010, 1, 1636469420373, 1636469421029, 656, 267, 389, 0, 1, 1
15011, 1, 1636469420382, 1636469421037, 655, 263, 392, 0, 1, 1
15014, 1, 1636469420402, 1636469421057, 655, 262, 393, 2, 1, 3
15013, 1, 1636469420402, 1636469421057, 655, 264, 391, 2, 0, 2
15012, 1, 1636469420402, 1636469421057, 655, 263, 392, 1, 2, 3
15015, 1, 1636469420430, 1636469421084, 654, 266, 388, 0, 0, 0
15017, 1, 1636469420458, 1636469421113, 655, 262, 393, 0, 0, 0
15018, 1, 1636469420486, 1636469421144, 658, 258, 400, 0, 1, 1
15019, 1, 1636469420510, 1636469421165, 655, 262, 393, 0, 0, 0
15020, 1, 1636469420634, 1636469421289, 655, 262, 393, 0, 0, 0
15021, 1, 1636469420690, 1636469421349, 659, 266, 393, 0, 0, 0
15022, 1, 1636469420742, 1636469421397, 655, 263, 392, 0, 0, 0
14982, 2, 1636469419174, 1636469421438, 2264, 0, 2264, 0, 0, 0
15023, 1, 1636469420786, 1636469421445, 659, 262, 397, 1, 1, 2
14983, 2, 1636469419190, 1636469421450, 2260, 1, 2259, 1, 0, 1
15025, 1, 1636469420830, 1636469421481, 651, 262, 389, 0, 0, 0
15024, 1, 1636469420786, 1636469421497, 711, 315, 396, 1, 2, 3
15027, 1, 1636469421030, 1636469421681, 651, 262, 389, 0, 0, 0
15028, 1, 1636469421038, 1636469421697, 659, 266, 393, 0, 0, 0
15031, 1, 1636469421059, 1636469421713, 654, 263, 391, 3, 0, 3
15029, 1, 1636469421058, 1636469421716, 658, 261, 397, 0, 0, 0
15032, 1, 1636469421086, 1636469421745, 659, 263, 396, 0, 1, 1
15034, 1, 1636469421146, 1636469421800, 654, 262, 392, 1, 0, 1
15035, 1, 1636469421166, 1636469421821, 655, 262, 393, 0, 0, 0
15030, 1, 1636469421058, 1636469421829, 771, 382, 389, 0, 1, 1
15026, 1, 1636469420954, 1636469421845, 891, 503, 388, 0, 0, 0
15037, 1, 1636469421350, 1636469422004, 654, 262, 392, 1, 0, 1
15038, 1, 1636469421398, 1636469422053, 655, 266, 389, 0, 0, 0
15039, 1, 1636469421446, 1636469422096, 650, 262, 388, 0, 0, 0
15040, 1, 1636469421482, 1636469422137, 655, 266, 389, 1, 0, 1
15041, 1, 1636469421498, 1636469422157, 659, 262, 397, 0, 0, 0
15042, 1, 1636469421529, 1636469422181, 652, 263, 389, 0, 0, 0
15043, 1, 1636469421541, 1636469422193, 652, 263, 389, 0, 3, 3
15044, 1, 1636469421682, 1636469422329, 647, 262, 385, 0, 0, 0
15045, 1, 1636469421698, 1636469422353, 655, 262, 393, 0, 0, 0
15046, 1, 1636469421714, 1636469422369, 655, 262, 393, 1, 1, 2
15047, 1, 1636469421718, 1636469422373, 655, 263, 392, 1, 2, 3
15048, 1, 1636469421746, 1636469422397, 651, 263, 388, 0, 0, 0
15049, 1, 1636469421802, 1636469422452, 650, 262, 388, 1, 0, 1
15051, 1, 1636469421830, 1636469422481, 651, 263, 388, 0, 2, 2
15052, 1, 1636469421846, 1636469422501, 655, 265, 390, 1, 0, 1
15008, 2, 1636469420278, 1636469422542, 2264, 0, 2264, 0, 0, 0
15053, 1, 1636469422006, 1636469422661, 655, 262, 393, 0, 0, 0
15016, 2, 1636469420442, 1636469422702, 2260, 0, 2260, 0, 0, 0
15054, 1, 1636469422054, 1636469422704, 650, 262, 388, 0, 1, 1
15055, 1, 1636469422098, 1636469422749, 651, 263, 388, 0, 2, 2
15056, 1, 1636469422139, 1636469422789, 650, 262, 388, 0, 0, 0
15057, 1, 1636469422158, 1636469422804, 646, 259, 387, 1, 0, 1
15058, 1, 1636469422182, 1636469422840, 658, 264, 394, 1, 0, 1
15059, 1, 1636469422194, 1636469422849, 655, 262, 393, 0, 0, 0
15060, 1, 1636469422330, 1636469422977, 647, 263, 384, 1, 0, 1
15061, 1, 1636469422354, 1636469423009, 655, 266, 389, 0, 0, 0
15062, 1, 1636469422370, 1636469423025, 655, 268, 387, 0, 1, 1
15063, 1, 1636469422374, 1636469423033, 659, 266, 393, 0, 2, 2
15064, 1, 1636469422398, 1636469423053, 655, 264, 391, 0, 2, 2
15065, 1, 1636469422454, 1636469423105, 651, 262, 389, 0, 0, 0
15066, 1, 1636469422482, 1636469423133, 651, 263, 388, 0, 1, 1
15067, 1, 1636469422502, 1636469423153, 651, 262, 389, 0, 0, 0
15068, 1, 1636469422629, 1636469423285, 656, 261, 395, 0, 0, 0
15069, 1, 1636469422662, 1636469423312, 650, 262, 388, 1, 1, 2
15070, 1, 1636469422706, 1636469423364, 658, 267, 391, 2, 0, 2
15033, 2, 1636469421114, 1636469423378, 2264, 0, 2264, 0, 0, 0
15071, 1, 1636469422750, 1636469423404, 654, 263, 391, 1, 0, 1
15073, 1, 1636469422793, 1636469423445, 652, 261, 391, 1, 1, 2
15072, 1, 1636469422790, 1636469423449, 659, 263, 396, 2, 1, 3
15074, 1, 1636469422806, 1636469423460, 654, 262, 392, 0, 0, 0
15076, 1, 1636469422850, 1636469423505, 655, 266, 389, 0, 0, 0
15036, 2, 1636469421290, 1636469423554, 2264, 0, 2264, 0, 0, 0
15077, 1, 1636469422978, 1636469423632, 654, 266, 388, 0, 2, 2
15078, 1, 1636469423010, 1636469423669, 659, 266, 393, 0, 0, 0
15079, 1, 1636469423026, 1636469423681, 655, 262, 393, 1, 0, 1
15080, 1, 1636469423034, 1636469423688, 654, 266, 388, 1, 0, 1
15081, 1, 1636469423054, 1636469423705, 651, 264, 387, 0, 2, 2
15075, 1, 1636469422842, 1636469423713, 871, 482, 389, 1, 1, 2
15082, 1, 1636469423106, 1636469423765, 659, 262, 397, 0, 0, 0
15083, 1, 1636469423134, 1636469423793, 659, 262, 397, 0, 1, 1
15084, 1, 1636469423154, 1636469423812, 658, 263, 395, 0, 1, 1
15085, 1, 1636469423286, 1636469423940, 654, 263, 391, 1, 1, 2
15086, 1, 1636469423314, 1636469424021, 707, 310, 397, 0, 0, 0
15087, 1, 1636469423366, 1636469424021, 655, 262, 393, 0, 2, 2
15050, 1, 1636469421822, 1636469424037, 2215, 1824, 391, 1, 2, 3
15088, 1, 1636469423406, 1636469424064, 658, 264, 394, 0, 2, 2
15089, 1, 1636469423446, 1636469424101, 655, 266, 389, 0, 0, 0
15090, 1, 1636469423450, 1636469424109, 659, 266, 393, 0, 1, 1
15092, 1, 1636469423465, 1636469424125, 660, 266, 394, 1, 2, 3
15091, 1, 1636469423462, 1636469424125, 663, 270, 393, 1, 1, 2
15093, 1, 1636469423506, 1636469424157, 651, 266, 385, 0, 0, 0
15094, 1, 1636469423634, 1636469424284, 650, 265, 385, 0, 0, 0
15095, 1, 1636469423641, 1636469424300, 659, 266, 393, 1, 0, 1
15096, 1, 1636469423670, 1636469424329, 659, 267, 392, 0, 1, 1
15097, 1, 1636469423682, 1636469424345, 663, 264, 399, 1, 1, 2
15099, 1, 1636469423706, 1636469424369, 663, 268, 395, 1, 2, 3
15100, 1, 1636469423714, 1636469424373, 659, 266, 393, 1, 0, 1
15098, 1, 1636469423690, 1636469424385, 695, 294, 401, 0, 0, 0
15101, 1, 1636469423766, 1636469424425, 659, 262, 397, 0, 0, 0
15102, 1, 1636469423794, 1636469424453, 659, 262, 397, 0, 0, 0
15103, 1, 1636469423814, 1636469424473, 659, 271, 388, 1, 2, 3
15104, 1, 1636469423942, 1636469424593, 651, 264, 387, 0, 1, 1
15106, 1, 1636469424022, 1636469424677, 655, 262, 393, 1, 2, 3
15107, 1, 1636469424038, 1636469424684, 646, 262, 384, 0, 0, 0
15105, 1, 1636469424022, 1636469424721, 699, 303, 396, 1, 0, 1
15108, 1, 1636469424066, 1636469424725, 659, 263, 396, 2, 0, 2
15109, 1, 1636469424102, 1636469424753, 651, 262, 389, 0, 0, 0
15110, 1, 1636469424110, 1636469424769, 659, 266, 393, 3, 0, 3
15111, 1, 1636469424126, 1636469424777, 651, 262, 389, 3, 0, 3
15112, 1, 1636469424126, 1636469424781, 655, 262, 393, 2, 0, 2
15113, 1, 1636469424158, 1636469424805, 647, 261, 386, 1, 0, 1
15114, 1, 1636469424286, 1636469424941, 655, 266, 389, 0, 0, 0
15115, 1, 1636469424302, 1636469424957, 655, 265, 390, 2, 0, 2
15116, 1, 1636469424330, 1636469424981, 651, 262, 389, 0, 0, 0
15117, 1, 1636469424346, 1636469425000, 654, 268, 386, 2, 0, 2
15118, 1, 1636469424370, 1636469425021, 651, 262, 389, 0, 1, 1
15119, 1, 1636469424374, 1636469425025, 651, 264, 387, 1, 1, 2
15120, 1, 1636469424386, 1636469425036, 650, 262, 388, 0, 0, 0
15121, 1, 1636469424426, 1636469425080, 654, 266, 388, 0, 0, 0
15122, 1, 1636469424454, 1636469425109, 655, 262, 393, 0, 0, 0
15123, 1, 1636469424474, 1636469425120, 646, 263, 383, 0, 1, 1
15124, 1, 1636469424594, 1636469425244, 650, 262, 388, 0, 0, 0
15125, 1, 1636469424678, 1636469425328, 650, 263, 387, 1, 0, 1
15126, 1, 1636469424686, 1636469425332, 646, 263, 383, 2, 0, 2
15127, 1, 1636469424722, 1636469425381, 659, 267, 392, 1, 0, 1
15129, 1, 1636469424754, 1636469425405, 651, 262, 389, 0, 0, 0
15130, 1, 1636469424770, 1636469425420, 650, 264, 386, 1, 1, 2
15132, 1, 1636469424782, 1636469425436, 654, 262, 392, 0, 2, 2
15128, 1, 1636469424726, 1636469425437, 711, 311, 400, 1, 2, 3
15131, 1, 1636469424778, 1636469425441, 663, 262, 401, 0, 0, 0
15133, 1, 1636469424806, 1636469425461, 655, 262, 393, 0, 1, 1
15134, 1, 1636469424942, 1636469425593, 651, 266, 385, 1, 1, 2
15135, 1, 1636469424958, 1636469425613, 655, 262, 393, 0, 0, 0
15136, 1, 1636469424982, 1636469425641, 659, 263, 396, 0, 2, 2
15137, 1, 1636469425002, 1636469425657, 655, 263, 392, 1, 0, 1
15138, 1, 1636469425022, 1636469425677, 655, 261, 394, 2, 1, 3
15139, 1, 1636469425026, 1636469425680, 654, 263, 391, 0, 1, 1
15140, 1, 1636469425038, 1636469425689, 651, 262, 389, 0, 0, 0
15141, 1, 1636469425082, 1636469425745, 663, 263, 400, 0, 1, 1
15142, 1, 1636469425110, 1636469425765, 655, 262, 393, 0, 1, 1
15143, 1, 1636469425122, 1636469425784, 662, 274, 388, 0, 0, 0
15144, 1, 1636469425246, 1636469425913, 667, 267, 400, 1, 0, 1
15145, 1, 1636469425330, 1636469425984, 654, 267, 387, 1, 1, 2
15146, 1, 1636469425334, 1636469425984, 650, 267, 383, 2, 1, 3
15147, 1, 1636469425382, 1636469426044, 662, 266, 396, 0, 1, 1
15148, 1, 1636469425406, 1636469426060, 654, 266, 388, 0, 0, 0
15149, 1, 1636469425422, 1636469426069, 647, 259, 388, 0, 1, 1
15150, 1, 1636469425438, 1636469426097, 659, 271, 388, 2, 0, 2
15151, 1, 1636469425438, 1636469426097, 659, 270, 389, 2, 0, 2
15152, 1, 1636469425441, 1636469426100, 659, 267, 392, 0, 1, 1
15153, 1, 1636469425462, 1636469426121, 659, 267, 392, 1, 0, 1
15154, 1, 1636469425594, 1636469426249, 655, 262, 393, 1, 1, 2
15155, 1, 1636469425614, 1636469426268, 654, 261, 393, 1, 0, 1
15156, 1, 1636469425642, 1636469426293, 651, 263, 388, 0, 1, 1
15157, 1, 1636469425658, 1636469426320, 662, 268, 394, 1, 2, 3
15158, 1, 1636469425678, 1636469426337, 659, 263, 396, 1, 0, 1
15159, 1, 1636469425682, 1636469426337, 655, 262, 393, 1, 0, 1
15160, 1, 1636469425690, 1636469426345, 655, 261, 394, 0, 1, 1
15161, 1, 1636469425746, 1636469426409, 663, 262, 401, 0, 0, 0
15163, 1, 1636469425786, 1636469426433, 647, 263, 384, 0, 1, 1
15164, 1, 1636469425914, 1636469426573, 659, 267, 392, 0, 1, 1
15166, 1, 1636469425986, 1636469426641, 655, 266, 389, 1, 0, 1
15165, 1, 1636469425986, 1636469426641, 655, 263, 392, 1, 2, 3
15162, 1, 1636469425766, 1636469426693, 927, 534, 393, 1, 0, 1
15167, 1, 1636469426046, 1636469426717, 671, 270, 401, 0, 1, 1
15168, 1, 1636469426062, 1636469426721, 659, 266, 393, 0, 0, 0
15169, 1, 1636469426070, 1636469426724, 654, 267, 387, 0, 1, 1
15172, 1, 1636469426101, 1636469426757, 656, 263, 393, 1, 2, 3
15171, 1, 1636469426098, 1636469426757, 659, 267, 392, 0, 3, 3
15170, 1, 1636469426098, 1636469426757, 659, 268, 391, 1, 3, 4
15173, 1, 1636469426122, 1636469426769, 647, 262, 385, 2, 1, 3
15174, 1, 1636469426250, 1636469426908, 658, 270, 388, 0, 0, 0
15175, 1, 1636469426270, 1636469426933, 663, 266, 397, 0, 0, 0
15176, 1, 1636469426294, 1636469426952, 658, 266, 392, 1, 0, 1
15177, 1, 1636469426322, 1636469426985, 663, 263, 400, 1, 0, 1
15178, 1, 1636469426338, 1636469426993, 655, 267, 388, 1, 1, 2
15179, 1, 1636469426338, 1636469426993, 655, 265, 390, 2, 0, 2
15180, 1, 1636469426346, 1636469427001, 655, 264, 391, 0, 2, 2
15182, 1, 1636469426434, 1636469427085, 651, 262, 389, 2, 0, 2
15183, 1, 1636469426574, 1636469427224, 650, 262, 388, 0, 0, 0
15185, 1, 1636469426642, 1636469427297, 655, 262, 393, 0, 1, 1
15184, 1, 1636469426642, 1636469427297, 655, 266, 389, 0, 0, 0
15181, 1, 1636469426410, 1636469427345, 935, 543, 392, 0, 2, 2
15186, 1, 1636469426694, 1636469427353, 659, 266, 393, 0, 0, 0
15187, 1, 1636469426718, 1636469427377, 659, 267, 392, 0, 0, 0
15188, 1, 1636469426722, 1636469427381, 659, 267, 392, 0, 1, 1
15189, 1, 1636469426726, 1636469427389, 663, 265, 398, 0, 0, 0
15192, 1, 1636469426759, 1636469427413, 654, 261, 393, 0, 1, 1
15191, 1, 1636469426758, 1636469427413, 655, 261, 394, 1, 0, 1
15190, 1, 1636469426758, 1636469427413, 655, 263, 392, 1, 0, 1
15193, 1, 1636469426770, 1636469427425, 655, 266, 389, 0, 1, 1
15194, 1, 1636469426910, 1636469427573, 663, 266, 397, 1, 0, 1
15195, 1, 1636469426934, 1636469427589, 655, 262, 393, 1, 0, 1
15196, 1, 1636469426954, 1636469427616, 662, 266, 396, 0, 0, 0
15197, 1, 1636469426986, 1636469427649, 663, 266, 397, 0, 0, 0
15199, 1, 1636469426995, 1636469427653, 658, 267, 391, 2, 1, 3
15198, 1, 1636469426995, 1636469427656, 661, 267, 394, 2, 0, 2
15200, 1, 1636469427002, 1636469427669, 667, 266, 401, 0, 0, 0
15201, 1, 1636469427086, 1636469427733, 647, 263, 384, 1, 1, 2
15204, 1, 1636469427298, 1636469427945, 647, 262, 385, 0, 2, 2
15203, 1, 1636469427298, 1636469427957, 659, 263, 396, 1, 1, 2
15205, 1, 1636469427346, 1636469428004, 658, 263, 395, 1, 0, 1
15208, 1, 1636469427382, 1636469428032, 650, 263, 387, 2, 0, 2
15207, 1, 1636469427378, 1636469428033, 655, 262, 393, 0, 0, 0
15209, 1, 1636469427390, 1636469428045, 655, 264, 391, 1, 0, 1
15212, 1, 1636469427415, 1636469428068, 653, 262, 391, 0, 0, 0
15210, 1, 1636469427414, 1636469428068, 654, 263, 391, 2, 0, 2
15211, 1, 1636469427414, 1636469428072, 658, 264, 394, 1, 3, 4
15213, 1, 1636469427426, 1636469428081, 655, 267, 388, 1, 0, 1
15202, 1, 1636469427226, 1636469428081, 855, 458, 397, 0, 0, 0
15214, 1, 1636469427574, 1636469428220, 646, 262, 384, 0, 0, 0
15215, 1, 1636469427590, 1636469428249, 659, 265, 394, 0, 1, 1
15216, 1, 1636469427618, 1636469428277, 659, 262, 397, 0, 0, 0
15217, 1, 1636469427650, 1636469428300, 650, 262, 388, 0, 1, 1
15206, 1, 1636469427354, 1636469428300, 946, 559, 387, 0, 1, 1
15219, 1, 1636469427658, 1636469428316, 658, 271, 387, 0, 1, 1
15220, 1, 1636469427670, 1636469428321, 651, 262, 389, 0, 1, 1
15221, 1, 1636469427734, 1636469428384, 650, 262, 388, 0, 0, 0
15222, 1, 1636469427946, 1636469428601, 655, 261, 394, 1, 0, 1
15223, 1, 1636469427958, 1636469428616, 658, 263, 395, 1, 0, 1
15218, 1, 1636469427654, 1636469428653, 999, 603, 396, 1, 0, 1
15224, 1, 1636469428006, 1636469428661, 655, 262, 393, 0, 0, 0
15225, 1, 1636469428034, 1636469428689, 655, 270, 385, 2, 0, 2
15226, 1, 1636469428034, 1636469428689, 655, 267, 388, 0, 1, 1
15227, 1, 1636469428046, 1636469428708, 662, 266, 396, 0, 0, 0
15230, 1, 1636469428074, 1636469428724, 650, 264, 386, 0, 2, 2
15229, 1, 1636469428070, 1636469428728, 658, 268, 390, 1, 2, 3
15232, 1, 1636469428082, 1636469428741, 659, 263, 396, 1, 0, 1
15231, 1, 1636469428082, 1636469428748, 666, 270, 396, 1, 0, 1
15234, 1, 1636469428251, 1636469428905, 654, 262, 392, 0, 0, 0
15235, 1, 1636469428278, 1636469428929, 651, 262, 389, 0, 0, 0
15237, 1, 1636469428302, 1636469428957, 655, 263, 392, 0, 0, 0
15236, 1, 1636469428302, 1636469428961, 659, 266, 393, 0, 0, 0
15238, 1, 1636469428318, 1636469428981, 663, 266, 397, 0, 0, 0
15239, 1, 1636469428322, 1636469428981, 659, 262, 397, 0, 0, 0
15233, 1, 1636469428222, 1636469428997, 775, 391, 384, 0, 1, 1
15240, 1, 1636469428386, 1636469429037, 651, 263, 388, 1, 0, 1
15228, 1, 1636469428070, 1636469429052, 982, 595, 387, 0, 1, 1
15242, 1, 1636469428618, 1636469429268, 650, 262, 388, 0, 0, 0
15243, 1, 1636469428654, 1636469429304, 650, 261, 389, 0, 0, 0
15244, 1, 1636469428662, 1636469429313, 651, 263, 388, 0, 1, 1
15245, 1, 1636469428690, 1636469429337, 647, 262, 385, 1, 0, 1
15246, 1, 1636469428690, 1636469429341, 651, 262, 389, 0, 1, 1
15247, 1, 1636469428710, 1636469429369, 659, 266, 393, 0, 1, 1
15248, 1, 1636469428726, 1636469429381, 655, 263, 392, 0, 1, 1
15249, 1, 1636469428730, 1636469429384, 654, 263, 391, 0, 1, 1
15250, 1, 1636469428742, 1636469429392, 650, 262, 388, 1, 0, 1
15241, 1, 1636469428602, 1636469429401, 799, 410, 389, 0, 0, 0
15251, 1, 1636469428750, 1636469429409, 659, 262, 397, 0, 0, 0
15252, 1, 1636469428906, 1636469429561, 655, 262, 393, 0, 0, 0
15253, 1, 1636469428930, 1636469429585, 655, 262, 393, 0, 0, 0
15254, 1, 1636469428958, 1636469429609, 651, 262, 389, 0, 0, 0
15255, 1, 1636469428962, 1636469429617, 655, 267, 388, 0, 0, 0
15256, 1, 1636469428982, 1636469429641, 659, 262, 397, 0, 0, 0
15258, 1, 1636469428998, 1636469429649, 651, 262, 389, 0, 0, 0
15259, 1, 1636469429038, 1636469429689, 651, 262, 389, 0, 0, 0
15260, 1, 1636469429054, 1636469429709, 655, 262, 393, 0, 0, 0
15257, 1, 1636469428982, 1636469429753, 771, 374, 397, 0, 1, 1
15262, 1, 1636469429306, 1636469429961, 655, 262, 393, 0, 0, 0
15263, 1, 1636469429314, 1636469429973, 659, 267, 392, 0, 1, 1
15264, 1, 1636469429338, 1636469429989, 651, 262, 389, 0, 0, 0
15265, 1, 1636469429342, 1636469429993, 651, 262, 389, 1, 0, 1
15266, 1, 1636469429370, 1636469430029, 659, 262, 397, 0, 0, 0
15268, 1, 1636469429386, 1636469430037, 651, 263, 388, 1, 0, 1
15269, 1, 1636469429394, 1636469430049, 655, 262, 393, 0, 0, 0
15270, 1, 1636469429403, 1636469430052, 649, 265, 384, 0, 0, 0
15271, 1, 1636469429410, 1636469430061, 651, 266, 385, 0, 1, 1
15261, 1, 1636469429270, 1636469430097, 827, 439, 388, 1, 1, 2
15272, 1, 1636469429562, 1636469430221, 659, 262, 397, 1, 0, 1
15273, 1, 1636469429586, 1636469430245, 659, 263, 396, 1, 0, 1
15274, 1, 1636469429610, 1636469430265, 655, 263, 392, 0, 1, 1
15275, 1, 1636469429618, 1636469430273, 655, 264, 391, 1, 2, 3
15276, 1, 1636469429642, 1636469430293, 651, 264, 387, 1, 0, 1
15277, 1, 1636469429650, 1636469430300, 650, 262, 388, 0, 2, 2
15267, 1, 1636469429382, 1636469430337, 955, 562, 393, 0, 0, 0
15278, 1, 1636469429690, 1636469430341, 651, 263, 388, 0, 1, 1
15280, 1, 1636469429755, 1636469430409, 654, 263, 391, 1, 1, 2
15279, 1, 1636469429710, 1636469430409, 699, 306, 393, 1, 0, 1
15281, 1, 1636469429962, 1636469430620, 658, 263, 395, 1, 0, 1
15282, 1, 1636469429974, 1636469430629, 655, 264, 391, 1, 0, 1
15284, 1, 1636469429994, 1636469430652, 658, 262, 396, 0, 0, 0
15283, 1, 1636469429990, 1636469430653, 663, 266, 397, 0, 0, 0
15286, 1, 1636469430038, 1636469430689, 651, 263, 388, 1, 0, 1
15285, 1, 1636469430030, 1636469430689, 659, 268, 391, 0, 2, 2
15287, 1, 1636469430050, 1636469430716, 666, 264, 402, 3, 1, 4
15289, 1, 1636469430063, 1636469430716, 653, 262, 391, 0, 0, 0
15288, 1, 1636469430054, 1636469430761, 707, 315, 392, 3, 1, 4
15290, 1, 1636469430098, 1636469430761, 663, 271, 392, 1, 1, 2
15291, 1, 1636469430222, 1636469430881, 659, 262, 397, 0, 0, 0
15292, 1, 1636469430246, 1636469430897, 651, 262, 389, 0, 0, 0
15293, 1, 1636469430266, 1636469430925, 659, 262, 397, 0, 1, 1
15294, 1, 1636469430274, 1636469430932, 658, 262, 396, 0, 0, 0
15295, 1, 1636469430294, 1636469430949, 655, 266, 389, 1, 1, 2
15296, 1, 1636469430302, 1636469430949, 647, 258, 389, 0, 0, 0
15297, 1, 1636469430338, 1636469430993, 655, 263, 392, 0, 1, 1
15298, 1, 1636469430342, 1636469430997, 655, 263, 392, 0, 0, 0
15300, 1, 1636469430411, 1636469431108, 697, 304, 393, 1, 1, 2
15299, 1, 1636469430410, 1636469431241, 831, 439, 392, 1, 0, 1
15301, 1, 1636469430622, 1636469431281, 659, 266, 393, 0, 0, 0
15302, 1, 1636469430630, 1636469431285, 655, 262, 393, 2, 0, 2
15304, 1, 1636469430654, 1636469431305, 651, 258, 393, 0, 0, 0
15305, 1, 1636469430690, 1636469431349, 659, 262, 397, 1, 1, 2
15306, 1, 1636469430691, 1636469431349, 658, 263, 395, 1, 1, 2
15308, 1, 1636469430718, 1636469431369, 651, 266, 385, 2, 0, 2
15307, 1, 1636469430718, 1636469431376, 658, 265, 393, 0, 1, 1
15309, 1, 1636469430762, 1636469431412, 650, 259, 391, 0, 1, 1
15303, 1, 1636469430654, 1636469431461, 807, 418, 389, 1, 0, 1
15311, 1, 1636469430882, 1636469431545, 663, 262, 401, 0, 0, 0
15312, 1, 1636469430898, 1636469431549, 651, 263, 388, 0, 0, 0
15313, 1, 1636469430926, 1636469431580, 654, 262, 392, 0, 0, 0
15310, 1, 1636469430763, 1636469431593, 830, 439, 391, 1, 0, 1
15316, 1, 1636469430950, 1636469431600, 650, 263, 387, 1, 0, 1
15317, 1, 1636469430994, 1636469431648, 654, 263, 391, 0, 1, 1
15318, 1, 1636469430998, 1636469431657, 659, 263, 396, 0, 0, 0
15314, 1, 1636469430934, 1636469431697, 763, 371, 392, 0, 1, 1
15320, 1, 1636469431242, 1636469431897, 655, 262, 393, 2, 0, 2
15322, 1, 1636469431286, 1636469431937, 651, 260, 391, 1, 2, 3
15321, 1, 1636469431282, 1636469431937, 655, 266, 389, 2, 1, 3
15323, 1, 1636469431306, 1636469431965, 659, 261, 398, 0, 1, 1
15325, 1, 1636469431350, 1636469432009, 659, 263, 396, 4, 0, 4
15324, 1, 1636469431350, 1636469432009, 659, 263, 396, 1, 1, 2
15326, 1, 1636469431370, 1636469432029, 659, 265, 394, 0, 1, 1
15327, 1, 1636469431377, 1636469432033, 656, 267, 389, 0, 1, 1
15328, 1, 1636469431414, 1636469432073, 659, 266, 393, 1, 0, 1
15329, 1, 1636469431462, 1636469432112, 650, 263, 387, 1, 0, 1
15330, 1, 1636469431547, 1636469432197, 650, 261, 389, 0, 0, 0
15331, 1, 1636469431550, 1636469432209, 659, 266, 393, 0, 0, 0
15332, 1, 1636469431582, 1636469432241, 659, 270, 389, 0, 0, 0
15334, 1, 1636469431602, 1636469432256, 654, 266, 388, 0, 0, 0
15336, 1, 1636469431658, 1636469432313, 655, 267, 388, 1, 1, 2
15335, 1, 1636469431649, 1636469432313, 664, 266, 398, 1, 1, 2
15337, 1, 1636469431698, 1636469432353, 655, 263, 392, 1, 1, 2
15338, 1, 1636469431898, 1636469432549, 651, 262, 389, 0, 0, 0
15333, 1, 1636469431594, 1636469432593, 999, 607, 392, 2, 0, 2
15340, 1, 1636469431938, 1636469432593, 655, 263, 392, 2, 0, 2
15341, 1, 1636469431966, 1636469432621, 655, 263, 392, 1, 0, 1
15343, 1, 1636469432010, 1636469432661, 651, 263, 388, 1, 1, 2
15342, 1, 1636469432010, 1636469432673, 663, 267, 396, 0, 1, 1
15344, 1, 1636469432030, 1636469432684, 654, 262, 392, 1, 0, 1
15345, 1, 1636469432034, 1636469432685, 651, 262, 389, 0, 1, 1
15346, 1, 1636469432074, 1636469432724, 650, 265, 385, 0, 2, 2
15347, 1, 1636469432114, 1636469432765, 651, 262, 389, 0, 0, 0
15348, 1, 1636469432198, 1636469432861, 663, 266, 397, 2, 0, 2
15349, 1, 1636469432210, 1636469432865, 655, 262, 393, 1, 0, 1
15350, 1, 1636469432242, 1636469432896, 654, 263, 391, 0, 1, 1
15351, 1, 1636469432258, 1636469432908, 650, 263, 387, 1, 0, 1
15353, 1, 1636469432314, 1636469432965, 651, 262, 389, 0, 0, 0
15354, 1, 1636469432354, 1636469433005, 651, 263, 388, 1, 0, 1
15355, 1, 1636469432550, 1636469433205, 655, 266, 389, 1, 2, 3
15356, 1, 1636469432594, 1636469433245, 651, 263, 388, 1, 0, 1
15357, 1, 1636469432594, 1636469433248, 654, 264, 390, 1, 2, 3
15358, 1, 1636469432622, 1636469433281, 659, 262, 397, 0, 0, 0
15359, 1, 1636469432662, 1636469433316, 654, 262, 392, 0, 0, 0
15360, 1, 1636469432674, 1636469433328, 654, 263, 391, 0, 1, 1
15362, 1, 1636469432686, 1636469433337, 651, 258, 393, 0, 0, 0
15361, 1, 1636469432686, 1636469433352, 666, 266, 400, 0, 0, 0
15363, 1, 1636469432726, 1636469433381, 655, 262, 393, 0, 0, 0
15364, 1, 1636469432766, 1636469433413, 647, 262, 385, 0, 0, 0
15315, 2, 1636469430950, 1636469433462, 2512, 1, 2511, 0, 1, 1
15319, 2, 1636469431110, 1636469433466, 2356, 0, 2356, 0, 0, 0
15366, 1, 1636469432866, 1636469433524, 658, 267, 391, 0, 1, 1
15365, 1, 1636469432862, 1636469433524, 662, 265, 397, 0, 0, 0
15367, 1, 1636469432898, 1636469433549, 651, 265, 386, 2, 1, 3
15368, 1, 1636469432910, 1636469433561, 651, 263, 388, 0, 2, 2
15369, 1, 1636469432966, 1636469433621, 655, 263, 392, 1, 0, 1
15371, 1, 1636469433206, 1636469433857, 651, 264, 387, 2, 2, 4
15372, 1, 1636469433246, 1636469433905, 659, 271, 388, 1, 0, 1
15373, 1, 1636469433250, 1636469433909, 659, 270, 389, 1, 0, 1
15374, 1, 1636469433282, 1636469433941, 659, 267, 392, 0, 1, 1
15376, 1, 1636469433330, 1636469433985, 655, 262, 393, 0, 1, 1
15377, 1, 1636469433338, 1636469433997, 659, 267, 392, 2, 0, 2
15378, 1, 1636469433354, 1636469434009, 655, 266, 389, 0, 1, 1
15379, 1, 1636469433382, 1636469434045, 663, 267, 396, 1, 0, 1
15380, 1, 1636469433414, 1636469434065, 651, 262, 389, 0, 0, 0
15381, 1, 1636469433526, 1636469434185, 659, 263, 396, 2, 1, 3
15382, 1, 1636469433526, 1636469434185, 659, 263, 396, 2, 1, 3
15339, 2, 1636469431938, 1636469434202, 2264, 1, 2263, 0, 1, 1
15383, 1, 1636469433549, 1636469434205, 656, 263, 393, 0, 1, 1
15384, 1, 1636469433550, 1636469434205, 655, 263, 392, 2, 1, 3
15385, 1, 1636469433553, 1636469434253, 700, 315, 385, 3, 0, 3
15388, 1, 1636469433859, 1636469434513, 654, 265, 389, 0, 2, 2
15389, 1, 1636469433906, 1636469434560, 654, 267, 387, 0, 4, 4
15390, 1, 1636469433910, 1636469434564, 654, 266, 388, 0, 0, 0
15352, 2, 1636469432314, 1636469434574, 2260, 0, 2260, 1, 0, 1
15391, 1, 1636469433942, 1636469434597, 655, 263, 392, 0, 1, 1
15387, 1, 1636469433622, 1636469434601, 979, 586, 393, 0, 1, 1
15392, 1, 1636469433986, 1636469434636, 650, 263, 387, 1, 1, 2
15394, 1, 1636469434010, 1636469434673, 663, 262, 401, 1, 0, 1
15395, 1, 1636469434046, 1636469434705, 659, 267, 392, 0, 0, 0
15396, 1, 1636469434066, 1636469434721, 655, 266, 389, 0, 0, 0
15397, 1, 1636469434186, 1636469434845, 659, 267, 392, 1, 0, 1
15398, 1, 1636469434186, 1636469434845, 659, 262, 397, 0, 1, 1
15400, 1, 1636469434206, 1636469434865, 659, 266, 393, 1, 1, 2
15399, 1, 1636469434206, 1636469434865, 659, 268, 391, 2, 1, 3
15401, 1, 1636469434254, 1636469434909, 655, 263, 392, 0, 0, 0
15402, 1, 1636469434293, 1636469434945, 652, 262, 390, 2, 0, 2
15393, 1, 1636469433998, 1636469434953, 955, 559, 396, 0, 2, 2
15403, 1, 1636469434515, 1636469435165, 650, 262, 388, 1, 1, 2
15404, 1, 1636469434562, 1636469435217, 655, 262, 393, 2, 0, 2
15405, 1, 1636469434566, 1636469435221, 655, 262, 393, 0, 1, 1
15406, 1, 1636469434598, 1636469435253, 655, 262, 393, 0, 0, 0
15407, 1, 1636469434602, 1636469435253, 651, 265, 386, 1, 2, 3
15370, 2, 1636469433006, 1636469435270, 2264, 0, 2264, 0, 0, 0
15408, 1, 1636469434638, 1636469435293, 655, 262, 393, 0, 1, 1
15409, 1, 1636469434661, 1636469435313, 652, 262, 390, 0, 0, 0
15412, 1, 1636469434722, 1636469435373, 651, 264, 387, 1, 1, 2
15413, 1, 1636469434846, 1636469435501, 655, 263, 392, 1, 1, 2
15414, 1, 1636469434846, 1636469435501, 655, 263, 392, 2, 0, 2
15415, 1, 1636469434866, 1636469435517, 651, 262, 389, 2, 1, 3
15416, 1, 1636469434866, 1636469435521, 655, 268, 387, 2, 2, 4
15417, 1, 1636469434910, 1636469435561, 651, 263, 388, 2, 1, 3
15375, 2, 1636469433317, 1636469435582, 2265, 0, 2265, 0, 0, 0
15418, 1, 1636469434946, 1636469435601, 655, 263, 392, 0, 1, 1
15419, 1, 1636469434955, 1636469435608, 653, 263, 390, 0, 1, 1
15386, 2, 1636469433562, 1636469435822, 2260, 0, 2260, 0, 0, 0
15420, 1, 1636469435166, 1636469435825, 659, 262, 397, 0, 0, 0
15421, 1, 1636469435218, 1636469435868, 650, 259, 391, 0, 3, 3
15422, 1, 1636469435222, 1636469435873, 651, 262, 389, 0, 2, 2
15423, 1, 1636469435254, 1636469435908, 654, 264, 390, 1, 2, 3
15425, 1, 1636469435294, 1636469435949, 655, 262, 393, 0, 0, 0
15426, 1, 1636469435314, 1636469435961, 647, 262, 385, 0, 1, 1
15428, 1, 1636469435374, 1636469436029, 655, 262, 393, 0, 1, 1
15430, 1, 1636469435503, 1636469436157, 654, 263, 391, 1, 0, 1
15432, 1, 1636469435522, 1636469436173, 651, 264, 387, 4, 2, 6
15427, 1, 1636469435357, 1636469436173, 816, 421, 395, 1, 0, 1
15431, 1, 1636469435518, 1636469436173, 655, 262, 393, 0, 0, 0
15433, 1, 1636469435562, 1636469436225, 663, 263, 400, 0, 2, 2
15435, 1, 1636469435610, 1636469436261, 651, 264, 387, 1, 1, 2
15434, 1, 1636469435602, 1636469436269, 667, 268, 399, 1, 2, 3
15436, 1, 1636469435669, 1636469436329, 660, 263, 397, 0, 1, 1
15437, 1, 1636469435826, 1636469436481, 655, 267, 388, 0, 1, 1
15429, 1, 1636469435502, 1636469436517, 1015, 628, 387, 2, 1, 3
15439, 1, 1636469435874, 1636469436529, 655, 263, 392, 1, 0, 1
15440, 1, 1636469435909, 1636469436565, 656, 264, 392, 1, 1, 2
15443, 1, 1636469435962, 1636469436628, 666, 266, 400, 0, 0, 0
15445, 1, 1636469436158, 1636469436809, 651, 262, 389, 0, 0, 0
15446, 1, 1636469436174, 1636469436833, 659, 262, 397, 0, 0, 0
15447, 1, 1636469436174, 1636469436833, 659, 268, 391, 3, 0, 3
15448, 1, 1636469436175, 1636469436837, 662, 265, 397, 2, 0, 2
15449, 1, 1636469436226, 1636469436881, 655, 266, 389, 0, 0, 0
15450, 1, 1636469436262, 1636469436921, 659, 266, 393, 0, 1, 1
15451, 1, 1636469436270, 1636469436921, 651, 264, 387, 1, 1, 2
15410, 2, 1636469434674, 1636469436938, 2264, 0, 2264, 1, 0, 1
15411, 2, 1636469434706, 1636469436970, 2264, 0, 2264, 0, 0, 0
15452, 1, 1636469436330, 1636469436984, 654, 266, 388, 0, 0, 0
15453, 1, 1636469436483, 1636469437141, 658, 264, 394, 1, 2, 3
15454, 1, 1636469436518, 1636469437169, 651, 263, 388, 1, 1, 2
15455, 1, 1636469436531, 1636469437184, 653, 263, 390, 1, 0, 1
15456, 1, 1636469436566, 1636469437225, 659, 264, 395, 0, 1, 1
15457, 1, 1636469436630, 1636469437285, 655, 264, 391, 1, 1, 2
15459, 1, 1636469436834, 1636469437489, 655, 262, 393, 2, 2, 4
15461, 1, 1636469436838, 1636469437489, 651, 263, 388, 0, 4, 4
15460, 1, 1636469436834, 1636469437492, 658, 264, 394, 3, 2, 5
15424, 2, 1636469435255, 1636469437518, 2263, 1, 2262, 2, 0, 2
15462, 1, 1636469436882, 1636469437549, 667, 271, 396, 1, 0, 1
15463, 1, 1636469436923, 1636469437577, 654, 263, 391, 3, 3, 6
15464, 1, 1636469436923, 1636469437577, 654, 263, 391, 2, 2, 4
15465, 1, 1636469436986, 1636469437641, 655, 262, 393, 0, 1, 1
15467, 1, 1636469437057, 1636469437709, 652, 267, 385, 1, 1, 2
15468, 1, 1636469437142, 1636469437797, 655, 267, 388, 1, 1, 2
15469, 1, 1636469437170, 1636469437825, 655, 263, 392, 0, 1, 1
15470, 1, 1636469437186, 1636469437841, 655, 263, 392, 1, 2, 3
15471, 1, 1636469437226, 1636469437885, 659, 263, 396, 0, 1, 1
15472, 1, 1636469437286, 1636469437941, 655, 262, 393, 0, 0, 0
15473, 1, 1636469437490, 1636469438145, 655, 264, 391, 3, 4, 7
15474, 1, 1636469437490, 1636469438145, 655, 264, 391, 1, 3, 4
15475, 1, 1636469437494, 1636469438148, 654, 263, 391, 1, 1, 2
15442, 2, 1636469435950, 1636469438214, 2264, 0, 2264, 0, 0, 0
15477, 1, 1636469437578, 1636469438232, 654, 263, 391, 3, 3, 6
15478, 1, 1636469437579, 1636469438232, 653, 262, 391, 3, 3, 6
15479, 1, 1636469437605, 1636469438261, 656, 262, 394, 0, 0, 0
15480, 1, 1636469437642, 1636469438293, 651, 262, 389, 0, 1, 1
15444, 2, 1636469436030, 1636469438294, 2264, 0, 2264, 0, 0, 0
15481, 1, 1636469437710, 1636469438365, 655, 262, 393, 0, 1, 1
15438, 2, 1636469435870, 1636469438395, 2525, 0, 2525, 1, 0, 1
15441, 2, 1636469435913, 1636469438395, 2482, 0, 2482, 1, 0, 1
15482, 1, 1636469437799, 1636469438453, 654, 263, 391, 2, 0, 2
15483, 1, 1636469437826, 1636469438481, 655, 262, 393, 0, 0, 0
15484, 1, 1636469437842, 1636469438497, 655, 262, 393, 1, 0, 1
15485, 1, 1636469437886, 1636469438541, 655, 263, 392, 2, 0, 2
15486, 1, 1636469437942, 1636469438596, 654, 263, 391, 0, 1, 1
15458, 1, 1636469436810, 1636469438773, 1963, 1574, 389, 0, 0, 0
15489, 1, 1636469438150, 1636469438804, 654, 266, 388, 0, 1, 1
15488, 1, 1636469438146, 1636469438804, 658, 266, 392, 1, 2, 3
15491, 1, 1636469438235, 1636469438885, 650, 265, 385, 3, 3, 6
15490, 1, 1636469438234, 1636469438889, 655, 261, 394, 0, 2, 2
15492, 1, 1636469438262, 1636469438917, 655, 262, 393, 0, 1, 1
15494, 1, 1636469438301, 1636469438961, 660, 262, 398, 0, 1, 1
15493, 1, 1636469438294, 1636469438961, 667, 266, 401, 0, 0, 0
15495, 1, 1636469438366, 1636469439017, 651, 263, 388, 2, 1, 3
15497, 1, 1636469438455, 1636469439105, 650, 261, 389, 1, 0, 1
15498, 1, 1636469438481, 1636469439133, 652, 262, 390, 1, 0, 1
15499, 1, 1636469438482, 1636469439137, 655, 264, 391, 3, 1, 4
15500, 1, 1636469438485, 1636469439140, 655, 267, 388, 1, 1, 2
15501, 1, 1636469438499, 1636469439149, 650, 264, 386, 0, 3, 3
15502, 1, 1636469438542, 1636469439193, 651, 264, 387, 0, 2, 2
15503, 1, 1636469438598, 1636469439253, 655, 262, 393, 0, 0, 0
15466, 2, 1636469437025, 1636469439286, 2261, 0, 2261, 0, 0, 0
15505, 1, 1636469438806, 1636469439464, 658, 263, 395, 1, 0, 1
15506, 1, 1636469438806, 1636469439465, 659, 263, 396, 1, 1, 2
15508, 1, 1636469438890, 1636469439540, 650, 263, 387, 0, 2, 2
15509, 1, 1636469438918, 1636469439573, 655, 261, 394, 0, 1, 1
15510, 1, 1636469438962, 1636469439617, 655, 263, 392, 2, 0, 2
15511, 1, 1636469438962, 1636469439617, 655, 258, 397, 0, 0, 0
15512, 1, 1636469439018, 1636469439681, 663, 267, 396, 2, 1, 3
15513, 1, 1636469439106, 1636469439761, 655, 262, 393, 0, 0, 0
15514, 1, 1636469439134, 1636469439785, 651, 262, 389, 0, 0, 0
15515, 1, 1636469439138, 1636469439793, 655, 264, 391, 0, 1, 1
15516, 1, 1636469439142, 1636469439800, 658, 267, 391, 0, 1, 1
15517, 1, 1636469439150, 1636469439813, 663, 268, 395, 2, 1, 3
15476, 2, 1636469437550, 1636469439814, 2264, 0, 2264, 0, 0, 0
15518, 1, 1636469439194, 1636469439885, 691, 299, 392, 0, 2, 2
15520, 1, 1636469439377, 1636469440025, 648, 262, 386, 0, 0, 0
15522, 1, 1636469439466, 1636469440120, 654, 263, 391, 1, 1, 2
15523, 1, 1636469439542, 1636469440192, 650, 262, 388, 0, 1, 1
15524, 1, 1636469439574, 1636469440229, 655, 262, 393, 1, 0, 1
15526, 1, 1636469439618, 1636469440269, 651, 263, 388, 2, 0, 2
15525, 1, 1636469439618, 1636469440269, 651, 263, 388, 1, 0, 1
15527, 1, 1636469439682, 1636469440333, 651, 262, 389, 0, 1, 1
15487, 2, 1636469438146, 1636469440410, 2264, 1, 2263, 1, 0, 1
15528, 1, 1636469439762, 1636469440416, 654, 262, 392, 0, 1, 1
15529, 1, 1636469439786, 1636469440437, 651, 262, 389, 0, 0, 0
15530, 1, 1636469439794, 1636469440445, 651, 262, 389, 0, 0, 0
15531, 1, 1636469439802, 1636469440457, 655, 261, 394, 0, 1, 1
15532, 1, 1636469439814, 1636469440469, 655, 262, 393, 0, 2, 2
15533, 1, 1636469439886, 1636469440532, 646, 258, 388, 0, 0, 0
15534, 1, 1636469439901, 1636469440560, 659, 263, 396, 0, 0, 0
15496, 2, 1636469438385, 1636469440646, 2261, 0, 2261, 0, 0, 0
15535, 1, 1636469440026, 1636469440681, 655, 263, 392, 0, 1, 1
15536, 1, 1636469440122, 1636469440789, 667, 266, 401, 0, 0, 0
15537, 1, 1636469440193, 1636469440849, 656, 261, 395, 0, 0, 0
15538, 1, 1636469440230, 1636469440885, 655, 263, 392, 0, 0, 0
15540, 1, 1636469440271, 1636469440933, 662, 271, 391, 2, 1, 3
15541, 1, 1636469440334, 1636469440988, 654, 267, 387, 1, 0, 1
15504, 2, 1636469438774, 1636469441038, 2264, 0, 2264, 0, 0, 0
15542, 1, 1636469440419, 1636469441073, 654, 262, 392, 0, 0, 0
15543, 1, 1636469440438, 1636469441089, 651, 262, 389, 0, 0, 0
15544, 1, 1636469440446, 1636469441097, 651, 258, 393, 0, 0, 0
15545, 1, 1636469440458, 1636469441112, 654, 258, 396, 0, 0, 0
15546, 1, 1636469440470, 1636469441128, 658, 262, 396, 1, 0, 1
15547, 1, 1636469440497, 1636469441144, 647, 259, 388, 1, 0, 1
15507, 2, 1636469438886, 1636469441150, 2264, 0, 2264, 0, 0, 0
15548, 1, 1636469440534, 1636469441188, 654, 262, 392, 1, 0, 1
15549, 1, 1636469440561, 1636469441213, 652, 262, 390, 1, 0, 1
15550, 1, 1636469440682, 1636469441337, 655, 262, 393, 0, 0, 0
15551, 1, 1636469440737, 1636469441392, 655, 265, 390, 0, 0, 0
15552, 1, 1636469440790, 1636469441449, 659, 262, 397, 0, 0, 0
15553, 1, 1636469440850, 1636469441509, 659, 266, 393, 0, 0, 0
15519, 2, 1636469439254, 1636469441514, 2260, 0, 2260, 0, 0, 0
15554, 1, 1636469440886, 1636469441533, 647, 258, 389, 0, 0, 0
15555, 1, 1636469440934, 1636469441597, 663, 266, 397, 0, 0, 0
15556, 1, 1636469440990, 1636469441641, 651, 262, 389, 0, 0, 0
15521, 2, 1636469439466, 1636469441731, 2265, 1, 2264, 1, 1, 2
15557, 1, 1636469441074, 1636469441736, 662, 263, 399, 1, 1, 2
15558, 1, 1636469441090, 1636469441745, 655, 266, 389, 0, 1, 1
15559, 1, 1636469441098, 1636469441749, 651, 262, 389, 1, 0, 1
15560, 1, 1636469441114, 1636469441772, 658, 261, 397, 0, 0, 0
15561, 1, 1636469441129, 1636469441785, 656, 263, 393, 1, 0, 1
15562, 1, 1636469441129, 1636469441785, 656, 262, 394, 2, 0, 2
15563, 1, 1636469441146, 1636469441793, 647, 264, 383, 0, 1, 1
15564, 1, 1636469441189, 1636469441841, 652, 262, 390, 0, 0, 0
15565, 1, 1636469441214, 1636469441873, 659, 266, 393, 1, 0, 1
15566, 1, 1636469441237, 1636469441893, 656, 262, 394, 0, 0, 0
15567, 1, 1636469441338, 1636469442000, 662, 266, 396, 0, 0, 0
15568, 1, 1636469441394, 1636469442049, 655, 262, 393, 0, 0, 0
15569, 1, 1636469441450, 1636469442113, 663, 266, 397, 0, 0, 0
15570, 1, 1636469441510, 1636469442169, 659, 264, 395, 3, 3, 6
15571, 1, 1636469441534, 1636469442189, 655, 266, 389, 0, 0, 0
15539, 1, 1636469440270, 1636469442209, 1939, 1552, 387, 0, 1, 1
15572, 1, 1636469441599, 1636469442257, 658, 265, 393, 0, 1, 1
15573, 1, 1636469441601, 1636469442257, 656, 268, 388, 4, 1, 5
15576, 1, 1636469441746, 1636469442393, 647, 261, 386, 0, 0, 0
15575, 1, 1636469441738, 1636469442401, 663, 270, 393, 0, 0, 0
15577, 1, 1636469441750, 1636469442401, 651, 262, 389, 0, 1, 1
15580, 1, 1636469441786, 1636469442444, 658, 268, 390, 2, 2, 4
15579, 1, 1636469441786, 1636469442444, 658, 266, 392, 1, 0, 1
15581, 1, 1636469441794, 1636469442448, 654, 268, 386, 0, 1, 1
15582, 1, 1636469441817, 1636469442481, 664, 263, 401, 0, 1, 1
15583, 1, 1636469441842, 1636469442509, 667, 266, 401, 0, 0, 0
15584, 1, 1636469441875, 1636469442533, 658, 263, 395, 0, 0, 0
15585, 1, 1636469441894, 1636469442549, 655, 262, 393, 0, 0, 0
15586, 1, 1636469442002, 1636469442653, 651, 264, 387, 0, 2, 2
15587, 1, 1636469442050, 1636469442704, 654, 258, 396, 0, 0, 0
15588, 1, 1636469442114, 1636469442772, 658, 266, 392, 0, 0, 0
15589, 1, 1636469442170, 1636469442833, 663, 270, 393, 0, 1, 1
15591, 1, 1636469442210, 1636469442865, 655, 262, 393, 0, 0, 0
15592, 1, 1636469442258, 1636469442921, 663, 267, 396, 2, 1, 3
15593, 1, 1636469442259, 1636469442921, 662, 260, 402, 0, 0, 0
15596, 1, 1636469442402, 1636469443061, 659, 262, 397, 1, 1, 2
15595, 1, 1636469442402, 1636469443061, 659, 266, 393, 3, 0, 3
15594, 1, 1636469442394, 1636469443065, 671, 270, 401, 0, 0, 0
15599, 1, 1636469442449, 1636469443109, 660, 268, 392, 1, 0, 1
15597, 1, 1636469442446, 1636469443109, 663, 263, 400, 1, 2, 3
15598, 1, 1636469442446, 1636469443109, 663, 263, 400, 1, 1, 2
15600, 1, 1636469442482, 1636469443141, 659, 266, 393, 0, 0, 0
15601, 1, 1636469442510, 1636469443169, 659, 262, 397, 0, 0, 0
15602, 1, 1636469442535, 1636469443196, 661, 269, 392, 0, 1, 1
15603, 1, 1636469442550, 1636469443204, 654, 262, 392, 0, 0, 0
15605, 1, 1636469442706, 1636469443361, 655, 266, 389, 0, 1, 1
15606, 1, 1636469442774, 1636469443428, 654, 262, 392, 0, 0, 0
15607, 1, 1636469442834, 1636469443489, 655, 263, 392, 2, 1, 3
15608, 1, 1636469442866, 1636469443517, 651, 262, 389, 0, 0, 0
15609, 1, 1636469442922, 1636469443585, 663, 262, 401, 2, 0, 2
15611, 1, 1636469443062, 1636469443717, 655, 263, 392, 2, 1, 3
15612, 1, 1636469443062, 1636469443717, 655, 263, 392, 4, 0, 4
15613, 1, 1636469443066, 1636469443717, 651, 260, 391, 0, 0, 0
15614, 1, 1636469443110, 1636469443765, 655, 267, 388, 1, 1, 2
15616, 1, 1636469443111, 1636469443765, 654, 262, 392, 0, 2, 2
15615, 1, 1636469443110, 1636469443765, 655, 263, 392, 1, 1, 2
15617, 1, 1636469443142, 1636469443797, 655, 262, 393, 0, 0, 0
15618, 1, 1636469443170, 1636469443824, 654, 263, 391, 0, 0, 0
15619, 1, 1636469443198, 1636469443852, 654, 261, 393, 1, 0, 1
15620, 1, 1636469443206, 1636469443861, 655, 262, 393, 0, 0, 0
15621, 1, 1636469443362, 1636469444017, 655, 266, 389, 0, 0, 0
15578, 2, 1636469441774, 1636469444087, 2313, 0, 2313, 0, 0, 0
15574, 2, 1636469441642, 1636469444087, 2445, 1, 2444, 1, 0, 1
15622, 1, 1636469443430, 1636469444088, 658, 262, 396, 0, 1, 1
15623, 1, 1636469443490, 1636469444145, 655, 261, 394, 0, 0, 0
15624, 1, 1636469443518, 1636469444173, 655, 262, 393, 1, 0, 1
15625, 1, 1636469443586, 1636469444233, 647, 258, 389, 1, 0, 1
15627, 1, 1636469443718, 1636469444373, 655, 261, 394, 0, 1, 1
15626, 1, 1636469443718, 1636469444373, 655, 263, 392, 2, 0, 2
15628, 1, 1636469443719, 1636469444377, 658, 266, 392, 2, 0, 2
15629, 1, 1636469443766, 1636469444412, 646, 263, 383, 0, 1, 1
15630, 1, 1636469443766, 1636469444425, 659, 266, 393, 1, 1, 2
15631, 1, 1636469443767, 1636469444425, 658, 267, 391, 1, 0, 1
15632, 1, 1636469443798, 1636469444452, 654, 262, 392, 0, 0, 0
15590, 2, 1636469442190, 1636469444454, 2264, 0, 2264, 0, 0, 0
15633, 1, 1636469443826, 1636469444481, 655, 262, 393, 0, 0, 0
15634, 1, 1636469443854, 1636469444513, 659, 261, 398, 1, 0, 1
15635, 1, 1636469443862, 1636469444529, 667, 262, 405, 0, 0, 0
15638, 1, 1636469444146, 1636469444805, 659, 263, 396, 0, 3, 3
15639, 1, 1636469444173, 1636469444821, 648, 262, 386, 0, 0, 0
15640, 1, 1636469444174, 1636469444829, 655, 262, 393, 0, 0, 0
15641, 1, 1636469444177, 1636469444833, 656, 262, 394, 1, 1, 2
15642, 1, 1636469444234, 1636469444884, 650, 262, 388, 0, 0, 0
15604, 2, 1636469442654, 1636469444914, 2260, 0, 2260, 0, 0, 0
15644, 1, 1636469444374, 1636469445037, 663, 267, 396, 1, 1, 2
15643, 1, 1636469444374, 1636469445037, 663, 267, 396, 1, 0, 1
15645, 1, 1636469444378, 1636469445037, 659, 266, 393, 1, 1, 2
15646, 1, 1636469444414, 1636469445073, 659, 270, 389, 1, 0, 1
15648, 1, 1636469444427, 1636469445081, 654, 263, 391, 3, 0, 3
15649, 1, 1636469444454, 1636469445105, 651, 263, 388, 1, 0, 1
15651, 1, 1636469444514, 1636469445169, 655, 262, 393, 0, 0, 0
15652, 1, 1636469444530, 1636469445185, 655, 262, 393, 0, 0, 0
15610, 2, 1636469442923, 1636469445186, 2263, 1, 2262, 1, 0, 1
15653, 1, 1636469444541, 1636469445200, 659, 262, 397, 0, 0, 0
15650, 1, 1636469444482, 1636469445389, 907, 514, 393, 1, 0, 1
15654, 1, 1636469444806, 1636469445461, 655, 266, 389, 0, 0, 0
15655, 1, 1636469444822, 1636469445473, 651, 259, 392, 2, 1, 3
15657, 1, 1636469444834, 1636469445484, 650, 263, 387, 0, 1, 1
15656, 1, 1636469444830, 1636469445484, 654, 264, 390, 2, 0, 2
15658, 1, 1636469444886, 1636469445537, 651, 263, 388, 0, 1, 1
15659, 1, 1636469445005, 1636469445653, 648, 262, 386, 0, 0, 0
15662, 1, 1636469445039, 1636469445693, 654, 263, 391, 2, 1, 3
15660, 1, 1636469445038, 1636469445693, 655, 262, 393, 1, 1, 2
15661, 1, 1636469445039, 1636469445696, 657, 266, 391, 0, 0, 0
15663, 1, 1636469445074, 1636469445729, 655, 263, 392, 1, 0, 1
15664, 1, 1636469445082, 1636469445741, 659, 267, 392, 1, 1, 2
15665, 1, 1636469445106, 1636469445761, 655, 262, 393, 0, 0, 0
15666, 1, 1636469445171, 1636469445829, 658, 261, 397, 0, 0, 0
15667, 1, 1636469445186, 1636469445845, 659, 266, 393, 0, 0, 0
15668, 1, 1636469445202, 1636469445853, 651, 262, 389, 0, 0, 0
15669, 1, 1636469445273, 1636469445929, 656, 262, 394, 0, 0, 0
15670, 1, 1636469445390, 1636469446045, 655, 267, 388, 0, 1, 1
15671, 1, 1636469445462, 1636469446117, 655, 262, 393, 0, 0, 0
15672, 1, 1636469445474, 1636469446128, 654, 263, 391, 0, 2, 2
15673, 1, 1636469445486, 1636469446137, 651, 262, 389, 0, 1, 1
15674, 1, 1636469445486, 1636469446141, 655, 262, 393, 0, 0, 0
15675, 1, 1636469445538, 1636469446193, 655, 266, 389, 0, 0, 0
15636, 2, 1636469444018, 1636469446278, 2260, 0, 2260, 0, 0, 0
15676, 1, 1636469445654, 1636469446313, 659, 267, 392, 0, 1, 1
15678, 1, 1636469445694, 1636469446349, 655, 262, 393, 0, 1, 1
15679, 1, 1636469445698, 1636469446349, 651, 262, 389, 1, 0, 1
15637, 2, 1636469444090, 1636469446350, 2260, 1, 2259, 1, 0, 1
15677, 1, 1636469445694, 1636469446353, 659, 262, 397, 2, 0, 2
15680, 1, 1636469445730, 1636469446381, 651, 266, 385, 0, 0, 0
15682, 1, 1636469445762, 1636469446413, 651, 262, 389, 0, 0, 0
15683, 1, 1636469445830, 1636469446489, 659, 262, 397, 0, 0, 0
15685, 1, 1636469445854, 1636469446508, 654, 262, 392, 0, 0, 0
15686, 1, 1636469445930, 1636469446589, 659, 262, 397, 0, 0, 0
15647, 2, 1636469444426, 1636469446694, 2268, 0, 2268, 0, 0, 0
15687, 1, 1636469446046, 1636469446696, 650, 263, 387, 0, 2, 2
15684, 1, 1636469445846, 1636469446761, 915, 523, 392, 0, 0, 0
15688, 1, 1636469446118, 1636469446777, 659, 266, 393, 0, 0, 0
15689, 1, 1636469446130, 1636469446781, 651, 262, 389, 0, 0, 0
15690, 1, 1636469446138, 1636469446784, 646, 262, 384, 0, 1, 1
15691, 1, 1636469446142, 1636469446797, 655, 263, 392, 0, 2, 2
15693, 1, 1636469446314, 1636469446973, 659, 266, 393, 0, 1, 1
15695, 1, 1636469446350, 1636469447001, 651, 267, 384, 0, 1, 1
15694, 1, 1636469446350, 1636469447008, 658, 266, 392, 0, 1, 1
15696, 1, 1636469446354, 1636469447008, 654, 263, 391, 1, 1, 2
15697, 1, 1636469446369, 1636469447029, 660, 266, 394, 2, 1, 3
15698, 1, 1636469446382, 1636469447037, 655, 264, 391, 1, 1, 2
15699, 1, 1636469446414, 1636469447073, 659, 264, 395, 1, 1, 2
15700, 1, 1636469446441, 1636469447093, 652, 262, 390, 1, 0, 1
15692, 1, 1636469446194, 1636469447113, 919, 526, 393, 0, 0, 0
15701, 1, 1636469446490, 1636469447144, 654, 263, 391, 0, 1, 1
15702, 1, 1636469446510, 1636469447165, 655, 262, 393, 0, 0, 0
15681, 1, 1636469445742, 1636469447176, 1434, 1039, 395, 0, 1, 1
15703, 1, 1636469446590, 1636469447241, 651, 262, 389, 0, 0, 0
15704, 1, 1636469446697, 1636469447353, 656, 267, 389, 1, 1, 2
15705, 1, 1636469446762, 1636469447417, 655, 266, 389, 0, 0, 0
15708, 1, 1636469446782, 1636469447436, 654, 268, 386, 2, 0, 2
15709, 1, 1636469446786, 1636469447441, 655, 267, 388, 3, 1, 4
15707, 1, 1636469446781, 1636469447441, 660, 264, 396, 1, 0, 1
15710, 1, 1636469446798, 1636469447461, 663, 270, 393, 0, 0, 0
15706, 1, 1636469446778, 1636469447521, 743, 354, 389, 1, 0, 1
15711, 1, 1636469446974, 1636469447625, 651, 266, 385, 0, 0, 0
15712, 1, 1636469447002, 1636469447648, 646, 262, 384, 0, 0, 0
15713, 1, 1636469447010, 1636469447665, 655, 263, 392, 1, 0, 1
15714, 1, 1636469447010, 1636469447669, 659, 262, 397, 1, 0, 1
15715, 1, 1636469447030, 1636469447681, 651, 263, 388, 0, 1, 1
15716, 1, 1636469447038, 1636469447693, 655, 262, 393, 1, 0, 1
15717, 1, 1636469447074, 1636469447725, 651, 263, 388, 0, 1, 1
15718, 1, 1636469447095, 1636469447749, 654, 262, 392, 0, 0, 0
15719, 1, 1636469447114, 1636469447769, 655, 262, 393, 0, 0, 0
15720, 1, 1636469447146, 1636469447797, 651, 263, 388, 0, 0, 0
15721, 1, 1636469447166, 1636469447816, 650, 262, 388, 0, 0, 0
15722, 1, 1636469447178, 1636469447840, 662, 266, 396, 0, 0, 0
15723, 1, 1636469447242, 1636469447897, 655, 262, 393, 0, 1, 1
15724, 1, 1636469447354, 1636469448012, 658, 268, 390, 1, 2, 3
15725, 1, 1636469447418, 1636469448077, 659, 266, 393, 2, 0, 2
15727, 1, 1636469447442, 1636469448093, 651, 267, 384, 1, 0, 1
15726, 1, 1636469447438, 1636469448101, 663, 267, 396, 1, 0, 1
15728, 1, 1636469447443, 1636469448104, 661, 270, 391, 0, 0, 0
15729, 1, 1636469447462, 1636469448121, 659, 264, 395, 0, 2, 2
15730, 1, 1636469447522, 1636469448201, 679, 282, 397, 1, 0, 1
15731, 1, 1636469447626, 1636469448285, 659, 273, 386, 1, 0, 1
15732, 1, 1636469447650, 1636469448309, 659, 263, 396, 0, 0, 0
15733, 1, 1636469447666, 1636469448325, 659, 267, 392, 2, 0, 2
15734, 1, 1636469447670, 1636469448333, 663, 266, 397, 1, 0, 1
15735, 1, 1636469447682, 1636469448344, 662, 267, 395, 0, 1, 1
15736, 1, 1636469447694, 1636469448353, 659, 264, 395, 1, 0, 1
15737, 1, 1636469447726, 1636469448401, 675, 266, 409, 1, 1, 2
15738, 1, 1636469447750, 1636469448413, 663, 266, 397, 1, 1, 2
15739, 1, 1636469447770, 1636469448421, 651, 259, 392, 2, 0, 2
15740, 1, 1636469447798, 1636469448449, 651, 262, 389, 0, 0, 0
15741, 1, 1636469447818, 1636469448485, 667, 265, 402, 0, 0, 0
15742, 1, 1636469447842, 1636469448500, 658, 263, 395, 1, 0, 1
15743, 1, 1636469447898, 1636469448561, 663, 262, 401, 0, 1, 1
15744, 1, 1636469448013, 1636469448673, 660, 267, 393, 0, 1, 1
15745, 1, 1636469448078, 1636469448729, 651, 262, 389, 0, 0, 0
15746, 1, 1636469448094, 1636469448749, 655, 263, 392, 1, 0, 1
15747, 1, 1636469448102, 1636469448761, 659, 262, 397, 0, 0, 0
15748, 1, 1636469448106, 1636469448761, 655, 266, 389, 0, 1, 1
15749, 1, 1636469448122, 1636469448789, 667, 266, 401, 0, 0, 0
15750, 1, 1636469448202, 1636469448861, 659, 262, 397, 1, 0, 1
15751, 1, 1636469448286, 1636469448937, 651, 262, 389, 0, 0, 0
15752, 1, 1636469448311, 1636469448965, 654, 263, 391, 0, 1, 1
15754, 1, 1636469448334, 1636469448985, 651, 262, 389, 0, 0, 0
15753, 1, 1636469448326, 1636469448985, 659, 268, 391, 1, 1, 2
15755, 1, 1636469448346, 1636469449000, 654, 262, 392, 0, 1, 1
15756, 1, 1636469448354, 1636469449013, 659, 263, 396, 0, 0, 0
15757, 1, 1636469448402, 1636469449053, 651, 263, 388, 0, 0, 0
15758, 1, 1636469448414, 1636469449065, 651, 262, 389, 0, 0, 0
15759, 1, 1636469448422, 1636469449084, 662, 262, 400, 0, 0, 0
15760, 1, 1636469448450, 1636469449112, 662, 267, 395, 0, 2, 2
15761, 1, 1636469448486, 1636469449141, 655, 262, 393, 0, 0, 0
15762, 1, 1636469448502, 1636469449156, 654, 262, 392, 0, 0, 0
15763, 1, 1636469448562, 1636469449229, 667, 270, 397, 1, 0, 1
15764, 1, 1636469448674, 1636469449337, 663, 268, 395, 0, 3, 3
15765, 1, 1636469448730, 1636469449385, 655, 262, 393, 0, 0, 0
15766, 1, 1636469448750, 1636469449397, 647, 262, 385, 0, 1, 1
15768, 1, 1636469448763, 1636469449421, 658, 267, 391, 2, 1, 3
15767, 1, 1636469448762, 1636469449421, 659, 263, 396, 2, 0, 2
15769, 1, 1636469448790, 1636469449445, 655, 263, 392, 0, 1, 1
15770, 1, 1636469448862, 1636469449521, 659, 266, 393, 0, 0, 0
15772, 1, 1636469448966, 1636469449613, 647, 262, 385, 0, 0, 0
15774, 1, 1636469448986, 1636469449641, 655, 267, 388, 1, 1, 2
15775, 1, 1636469449002, 1636469449657, 655, 266, 389, 0, 0, 0
15776, 1, 1636469449014, 1636469449672, 658, 269, 389, 0, 0, 0
15777, 1, 1636469449054, 1636469449705, 651, 264, 387, 0, 2, 2
15778, 1, 1636469449066, 1636469449716, 650, 262, 388, 0, 0, 0
15779, 1, 1636469449086, 1636469449744, 658, 262, 396, 1, 0, 1
15780, 1, 1636469449114, 1636469449769, 655, 262, 393, 0, 0, 0
15782, 1, 1636469449158, 1636469449825, 667, 267, 400, 2, 0, 2
15783, 1, 1636469449230, 1636469449889, 659, 262, 397, 0, 0, 0
15784, 1, 1636469449338, 1636469449997, 659, 271, 388, 0, 0, 0
15785, 1, 1636469449386, 1636469450037, 651, 258, 393, 0, 0, 0
15786, 1, 1636469449399, 1636469450045, 646, 262, 384, 0, 0, 0
15788, 1, 1636469449422, 1636469450077, 655, 267, 388, 0, 1, 1
15787, 1, 1636469449422, 1636469450077, 655, 263, 392, 0, 2, 2
15789, 1, 1636469449446, 1636469450101, 655, 262, 393, 0, 0, 0
15790, 1, 1636469449522, 1636469450176, 654, 262, 392, 0, 1, 1
15791, 1, 1636469449614, 1636469450260, 646, 263, 383, 0, 0, 0
15792, 1, 1636469449642, 1636469450297, 655, 263, 392, 0, 0, 0
15793, 1, 1636469449658, 1636469450309, 651, 267, 384, 0, 1, 1
15794, 1, 1636469449674, 1636469450325, 651, 262, 389, 0, 0, 0
15795, 1, 1636469449706, 1636469450361, 655, 262, 393, 0, 0, 0
15796, 1, 1636469449718, 1636469450373, 655, 263, 392, 0, 0, 0
15797, 1, 1636469449746, 1636469450393, 647, 263, 384, 0, 1, 1
15798, 1, 1636469449770, 1636469450425, 655, 262, 393, 0, 0, 0
15799, 1, 1636469449826, 1636469450476, 650, 263, 387, 1, 1, 2
15801, 1, 1636469449998, 1636469450648, 650, 263, 387, 0, 0, 0
15802, 1, 1636469450038, 1636469450685, 647, 258, 389, 0, 0, 0
15803, 1, 1636469450046, 1636469450696, 650, 267, 383, 0, 0, 0
15805, 1, 1636469450079, 1636469450733, 654, 261, 393, 2, 0, 2
15804, 1, 1636469450078, 1636469450733, 655, 263, 392, 0, 1, 1
15806, 1, 1636469450102, 1636469450757, 655, 263, 392, 0, 0, 0
15807, 1, 1636469450178, 1636469450833, 655, 263, 392, 1, 1, 2
15808, 1, 1636469450262, 1636469450909, 647, 262, 385, 0, 0, 0
15809, 1, 1636469450298, 1636469450953, 655, 262, 393, 0, 0, 0
15811, 1, 1636469450326, 1636469450977, 651, 262, 389, 0, 0, 0
15813, 1, 1636469450374, 1636469451029, 655, 262, 393, 0, 0, 0
15814, 1, 1636469450394, 1636469451041, 647, 262, 385, 0, 1, 1
15815, 1, 1636469450426, 1636469451081, 655, 262, 393, 0, 0, 0
15816, 1, 1636469450478, 1636469451129, 651, 262, 389, 0, 2, 2
15773, 2, 1636469448986, 1636469451291, 2305, 1, 2304, 1, 0, 1
15771, 2, 1636469448938, 1636469451291, 2353, 0, 2353, 0, 1, 1
15817, 1, 1636469450649, 1636469451304, 655, 266, 389, 0, 0, 0
15812, 1, 1636469450362, 1636469451325, 963, 571, 392, 1, 1, 2
15818, 1, 1636469450686, 1636469451345, 659, 262, 397, 0, 0, 0
15819, 1, 1636469450699, 1636469451361, 662, 266, 396, 0, 0, 0
15821, 1, 1636469450734, 1636469451389, 655, 264, 391, 2, 1, 3
15781, 2, 1636469449142, 1636469451406, 2264, 0, 2264, 0, 0, 0
15822, 1, 1636469450758, 1636469451412, 654, 262, 392, 1, 0, 1
15823, 1, 1636469450834, 1636469451489, 655, 262, 393, 0, 0, 0
15824, 1, 1636469450910, 1636469451565, 655, 267, 388, 1, 0, 1
15825, 1, 1636469450954, 1636469451613, 659, 268, 391, 0, 1, 1
15826, 1, 1636469450978, 1636469451629, 651, 265, 386, 1, 1, 2
15828, 1, 1636469451042, 1636469451693, 651, 259, 392, 1, 0, 1
15829, 1, 1636469451082, 1636469451733, 651, 262, 389, 0, 0, 0
15830, 1, 1636469451131, 1636469451781, 650, 262, 388, 0, 1, 1
15831, 1, 1636469451306, 1636469451960, 654, 268, 386, 0, 0, 0
15832, 1, 1636469451326, 1636469451981, 655, 266, 389, 0, 0, 0
15833, 1, 1636469451346, 1636469452013, 667, 271, 396, 0, 0, 0
15834, 1, 1636469451362, 1636469452013, 651, 262, 389, 1, 0, 1
15835, 1, 1636469451377, 1636469452033, 656, 262, 394, 0, 0, 0
15836, 1, 1636469451381, 1636469452037, 656, 266, 390, 0, 0, 0
15837, 1, 1636469451390, 1636469452045, 655, 267, 388, 1, 0, 1
15838, 1, 1636469451414, 1636469452065, 651, 263, 388, 1, 0, 1
15840, 1, 1636469451493, 1636469452148, 655, 262, 393, 0, 0, 0
15839, 1, 1636469451490, 1636469452148, 658, 266, 392, 0, 1, 1
15800, 2, 1636469449890, 1636469452154, 2264, 0, 2264, 0, 0, 0
15841, 1, 1636469451566, 1636469452217, 651, 262, 389, 0, 1, 1
15842, 1, 1636469451614, 1636469452269, 655, 262, 393, 0, 0, 0
15844, 1, 1636469451694, 1636469452357, 663, 278, 385, 1, 0, 1
15843, 1, 1636469451630, 1636469452376, 746, 359, 387, 0, 1, 1
15845, 1, 1636469451734, 1636469452389, 655, 263, 392, 1, 0, 1
15810, 2, 1636469450310, 1636469452570, 2260, 1, 2259, 1, 0, 1
15847, 1, 1636469451962, 1636469452617, 655, 263, 392, 0, 0, 0
15848, 1, 1636469451982, 1636469452640, 658, 262, 396, 0, 2, 2
15849, 1, 1636469452014, 1636469452669, 655, 263, 392, 0, 1, 1
15850, 1, 1636469452014, 1636469452669, 655, 262, 393, 0, 0, 0
15851, 1, 1636469452034, 1636469452693, 659, 263, 396, 0, 1, 1
15852, 1, 1636469452038, 1636469452693, 655, 262, 393, 1, 0, 1
15853, 1, 1636469452046, 1636469452701, 655, 262, 393, 0, 0, 0
15854, 1, 1636469452066, 1636469452725, 659, 263, 396, 0, 1, 1
15855, 1, 1636469452150, 1636469452804, 654, 263, 391, 1, 0, 1
15857, 1, 1636469452218, 1636469452868, 650, 262, 388, 1, 0, 1
15858, 1, 1636469452241, 1636469452901, 660, 270, 390, 0, 0, 0
15859, 1, 1636469452270, 1636469452925, 655, 267, 388, 0, 1, 1
15820, 2, 1636469450734, 1636469452998, 2264, 1, 2263, 2, 0, 2
15860, 1, 1636469452358, 1636469453021, 663, 270, 393, 0, 0, 0
15861, 1, 1636469452378, 1636469453028, 650, 258, 392, 0, 0, 0
15862, 1, 1636469452390, 1636469453041, 651, 262, 389, 0, 0, 0
15863, 1, 1636469452618, 1636469453281, 663, 262, 401, 0, 2, 2
15827, 2, 1636469451030, 1636469453298, 2268, 0, 2268, 0, 0, 0
15864, 1, 1636469452642, 1636469453300, 658, 262, 396, 1, 1, 2
15866, 1, 1636469452670, 1636469453321, 651, 263, 388, 1, 0, 1
15865, 1, 1636469452661, 1636469453321, 660, 262, 398, 0, 0, 0
15867, 1, 1636469452671, 1636469453329, 658, 267, 391, 1, 1, 2
15869, 1, 1636469452694, 1636469453340, 646, 263, 383, 1, 0, 1
15868, 1, 1636469452694, 1636469453349, 655, 267, 388, 0, 1, 1
15870, 1, 1636469452702, 1636469453357, 655, 262, 393, 0, 0, 0
15871, 1, 1636469452726, 1636469453385, 659, 266, 393, 0, 0, 0
15872, 1, 1636469452806, 1636469453461, 655, 266, 389, 0, 0, 0
15873, 1, 1636469452870, 1636469453529, 659, 265, 394, 0, 1, 1
15874, 1, 1636469452902, 1636469453560, 658, 262, 396, 0, 0, 0
15876, 1, 1636469453022, 1636469453685, 663, 266, 397, 0, 0, 0
15878, 1, 1636469453042, 1636469453701, 659, 266, 393, 0, 0, 0
15879, 1, 1636469453085, 1636469453748, 663, 267, 396, 0, 1, 1
15880, 1, 1636469453282, 1636469453941, 659, 271, 388, 1, 0, 1
15881, 1, 1636469453302, 1636469453965, 663, 267, 396, 0, 1, 1
15882, 1, 1636469453322, 1636469453972, 650, 263, 387, 2, 0, 2
15883, 1, 1636469453322, 1636469453977, 655, 263, 392, 2, 0, 2
15884, 1, 1636469453330, 1636469453989, 659, 266, 393, 0, 0, 0
15885, 1, 1636469453342, 1636469453997, 655, 262, 393, 0, 0, 0
15886, 1, 1636469453350, 1636469454017, 667, 267, 400, 0, 0, 0
15887, 1, 1636469453358, 1636469454025, 667, 270, 397, 0, 0, 0
15888, 1, 1636469453385, 1636469454040, 655, 264, 391, 1, 1, 2
15846, 2, 1636469451783, 1636469454046, 2263, 0, 2263, 0, 0, 0
15889, 1, 1636469453386, 1636469454048, 662, 272, 390, 1, 0, 1
15890, 1, 1636469453462, 1636469454124, 662, 265, 397, 1, 0, 1
15891, 1, 1636469453530, 1636469454185, 655, 266, 389, 0, 1, 1
15892, 1, 1636469453562, 1636469454213, 651, 261, 390, 0, 0, 0
15893, 1, 1636469453686, 1636469454341, 655, 262, 393, 0, 0, 0
15894, 1, 1636469453702, 1636469454356, 654, 262, 392, 0, 0, 0
15895, 1, 1636469453750, 1636469454404, 654, 262, 392, 0, 0, 0
15856, 2, 1636469452150, 1636469454419, 2269, 0, 2269, 0, 0, 0
15896, 1, 1636469453942, 1636469454600, 658, 268, 390, 1, 1, 2
15897, 1, 1636469453966, 1636469454620, 654, 263, 391, 0, 1, 1
15898, 1, 1636469453974, 1636469454629, 655, 267, 388, 1, 0, 1
15899, 1, 1636469453978, 1636469454637, 659, 266, 393, 1, 1, 2
15901, 1, 1636469453998, 1636469454649, 651, 262, 389, 0, 0, 0
15902, 1, 1636469454018, 1636469454672, 654, 264, 390, 0, 0, 0
15903, 1, 1636469454026, 1636469454685, 659, 263, 396, 0, 1, 1
15904, 1, 1636469454042, 1636469454697, 655, 262, 393, 1, 1, 2
15905, 1, 1636469454050, 1636469454705, 655, 262, 393, 0, 0, 0
15906, 1, 1636469454126, 1636469454785, 659, 267, 392, 1, 1, 2
15907, 1, 1636469454133, 1636469454793, 660, 266, 394, 0, 0, 0
15908, 1, 1636469454186, 1636469454841, 655, 262, 393, 0, 0, 0
15909, 1, 1636469454214, 1636469454877, 663, 261, 402, 0, 0, 0
15911, 1, 1636469454358, 1636469455020, 662, 267, 395, 0, 0, 0
15912, 1, 1636469454406, 1636469455069, 663, 270, 393, 0, 0, 0
15913, 1, 1636469454505, 1636469455161, 656, 266, 390, 0, 0, 0
15875, 2, 1636469452926, 1636469455190, 2264, 0, 2264, 0, 0, 0
15914, 1, 1636469454602, 1636469455257, 655, 264, 391, 3, 1, 4
15915, 1, 1636469454622, 1636469455273, 651, 262, 389, 0, 0, 0
15916, 1, 1636469454630, 1636469455280, 650, 266, 384, 0, 0, 0
15877, 2, 1636469453029, 1636469455294, 2265, 0, 2265, 0, 0, 0
15917, 1, 1636469454638, 1636469455296, 658, 266, 392, 0, 0, 0
15918, 1, 1636469454650, 1636469455304, 654, 263, 391, 2, 0, 2
15919, 1, 1636469454674, 1636469455333, 659, 262, 397, 0, 0, 0
15920, 1, 1636469454686, 1636469455345, 659, 263, 396, 0, 1, 1
15921, 1, 1636469454698, 1636469455352, 654, 262, 392, 0, 1, 1
15924, 1, 1636469454794, 1636469455448, 654, 262, 392, 1, 0, 1
15925, 1, 1636469454842, 1636469455497, 655, 263, 392, 0, 0, 0
15923, 1, 1636469454786, 1636469455505, 719, 331, 388, 1, 1, 2
15926, 1, 1636469454878, 1636469455537, 659, 262, 397, 0, 0, 0
15927, 1, 1636469455022, 1636469455672, 650, 262, 388, 0, 0, 0
15928, 1, 1636469455070, 1636469455729, 659, 262, 397, 0, 0, 0
15929, 1, 1636469455162, 1636469455820, 658, 270, 388, 0, 2, 2
15930, 1, 1636469455258, 1636469455921, 663, 267, 396, 1, 1, 2
15933, 1, 1636469455282, 1636469455933, 651, 267, 384, 1, 1, 2
15931, 1, 1636469455274, 1636469455933, 659, 266, 393, 0, 1, 1
15932, 1, 1636469455277, 1636469455941, 664, 271, 393, 1, 1, 2
15934, 1, 1636469455298, 1636469455961, 663, 267, 396, 0, 1, 1
15935, 1, 1636469455305, 1636469455969, 664, 271, 393, 1, 2, 3
15936, 1, 1636469455334, 1636469455993, 659, 266, 393, 0, 0, 0
15937, 1, 1636469455346, 1636469456000, 654, 263, 391, 2, 0, 2
15938, 1, 1636469455354, 1636469456009, 655, 263, 392, 0, 0, 0
15940, 1, 1636469455450, 1636469456109, 659, 266, 393, 2, 0, 2
15942, 1, 1636469455506, 1636469456161, 655, 266, 389, 0, 0, 0
15900, 2, 1636469453990, 1636469456254, 2264, 0, 2264, 0, 0, 0
15943, 1, 1636469455538, 1636469456289, 751, 359, 392, 1, 0, 1
15944, 1, 1636469455674, 1636469456328, 654, 263, 391, 0, 0, 0
15939, 1, 1636469455385, 1636469456349, 964, 569, 395, 1, 2, 3
15945, 1, 1636469455730, 1636469456384, 654, 262, 392, 0, 0, 0
15946, 1, 1636469455822, 1636469456469, 647, 258, 389, 1, 0, 1
15947, 1, 1636469455922, 1636469456577, 655, 263, 392, 1, 1, 2
15949, 1, 1636469455934, 1636469456585, 651, 262, 389, 0, 0, 0
15948, 1, 1636469455934, 1636469456585, 651, 262, 389, 0, 0, 0
15950, 1, 1636469455942, 1636469456597, 655, 262, 393, 0, 0, 0
15910, 2, 1636469454342, 1636469456602, 2260, 0, 2260, 0, 0, 0
15951, 1, 1636469455962, 1636469456617, 655, 266, 389, 1, 0, 1
15952, 1, 1636469455970, 1636469456621, 651, 267, 384, 0, 1, 1
15953, 1, 1636469455994, 1636469456649, 655, 262, 393, 0, 0, 0
15954, 1, 1636469456002, 1636469456652, 650, 263, 387, 0, 1, 1
15955, 1, 1636469456010, 1636469456661, 651, 263, 388, 0, 0, 0
15956, 1, 1636469456110, 1636469456777, 667, 262, 405, 0, 0, 0
15957, 1, 1636469456162, 1636469456816, 654, 262, 392, 1, 0, 1
15958, 1, 1636469456290, 1636469456945, 655, 263, 392, 0, 1, 1
15922, 2, 1636469454706, 1636469456970, 2264, 0, 2264, 0, 0, 0
15959, 1, 1636469456330, 1636469456993, 663, 262, 401, 0, 0, 0
15961, 1, 1636469456349, 1636469456996, 647, 260, 387, 2, 2, 4
15960, 1, 1636469456341, 1636469457001, 660, 263, 397, 1, 1, 2
15962, 1, 1636469456386, 1636469457040, 654, 263, 391, 0, 1, 1
15963, 1, 1636469456470, 1636469457121, 651, 262, 389, 0, 0, 0
15964, 1, 1636469456578, 1636469457237, 659, 266, 393, 1, 0, 1
15966, 1, 1636469456586, 1636469457237, 651, 262, 389, 1, 0, 1
15965, 1, 1636469456586, 1636469457245, 659, 266, 393, 0, 0, 0
15967, 1, 1636469456598, 1636469457253, 655, 263, 392, 1, 0, 1
15968, 1, 1636469456618, 1636469457269, 651, 266, 385, 0, 0, 0
15969, 1, 1636469456622, 1636469457280, 658, 262, 396, 1, 0, 1
15970, 1, 1636469456650, 1636469457305, 655, 264, 391, 1, 1, 2
15972, 1, 1636469456662, 1636469457321, 659, 267, 392, 2, 1, 3
15973, 1, 1636469456689, 1636469457349, 660, 271, 389, 1, 1, 2
15974, 1, 1636469456778, 1636469457437, 659, 262, 397, 0, 1, 1
15975, 1, 1636469456818, 1636469457473, 655, 266, 389, 0, 0, 0
15976, 1, 1636469456946, 1636469457617, 671, 278, 393, 0, 0, 0
15979, 1, 1636469457002, 1636469457652, 650, 259, 391, 1, 0, 1
15978, 1, 1636469456998, 1636469457652, 654, 263, 391, 2, 1, 3
15981, 1, 1636469457057, 1636469457713, 656, 263, 393, 0, 1, 1
15941, 2, 1636469455498, 1636469457762, 2264, 0, 2264, 1, 0, 1
15982, 1, 1636469457122, 1636469457781, 659, 269, 390, 0, 0, 0
15983, 1, 1636469457238, 1636469457889, 651, 263, 388, 0, 0, 0
15984, 1, 1636469457238, 1636469457889, 651, 267, 384, 0, 1, 1
15985, 1, 1636469457246, 1636469457897, 651, 262, 389, 0, 0, 0
15986, 1, 1636469457254, 1636469457905, 651, 262, 389, 0, 0, 0
15987, 1, 1636469457270, 1636469457929, 659, 262, 397, 0, 1, 1
15988, 1, 1636469457282, 1636469457945, 663, 271, 392, 1, 0, 1
15980, 1, 1636469457042, 1636469457961, 919, 531, 388, 2, 0, 2
15989, 1, 1636469457306, 1636469457965, 659, 267, 392, 1, 1, 2
15990, 1, 1636469457323, 1636469457977, 654, 266, 388, 1, 0, 1
15991, 1, 1636469457350, 1636469458005, 655, 267, 388, 0, 1, 1
15992, 1, 1636469457438, 1636469458089, 651, 262, 389, 0, 0, 0
15993, 1, 1636469457474, 1636469458137, 663, 266, 397, 0, 0, 0
15994, 1, 1636469457618, 1636469458277, 659, 262, 397, 0, 0, 0
15995, 1, 1636469457654, 1636469458313, 659, 264, 395, 1, 1, 2
15996, 1, 1636469457654, 1636469458317, 663, 265, 398, 0, 1, 1
15997, 1, 1636469457714, 1636469458373, 659, 262, 397, 0, 0, 0
15998, 1, 1636469457782, 1636469458437, 655, 262, 393, 0, 1, 1
16001, 1, 1636469457890, 1636469458545, 655, 266, 389, 0, 0, 0
16000, 1, 1636469457890, 1636469458549, 659, 267, 392, 1, 1, 2
16002, 1, 1636469457898, 1636469458549, 651, 263, 388, 1, 1, 2
16003, 1, 1636469457906, 1636469458565, 659, 262, 397, 0, 0, 0
16004, 1, 1636469457930, 1636469458585, 655, 262, 393, 0, 0, 0
16005, 1, 1636469457946, 1636469458600, 654, 267, 387, 0, 0, 0
16006, 1, 1636469457962, 1636469458617, 655, 266, 389, 0, 1, 1
16007, 1, 1636469457966, 1636469458617, 651, 260, 391, 0, 2, 2
16008, 1, 1636469457978, 1636469458629, 651, 262, 389, 0, 0, 0
16009, 1, 1636469458006, 1636469458657, 651, 268, 383, 1, 1, 2
16010, 1, 1636469458091, 1636469458744, 653, 262, 391, 0, 0, 0
15999, 1, 1636469457853, 1636469458785, 932, 542, 390, 0, 0, 0
16011, 1, 1636469458138, 1636469458801, 663, 262, 401, 0, 1, 1
15971, 2, 1636469456653, 1636469458918, 2265, 1, 2264, 1, 0, 1
16012, 1, 1636469458278, 1636469458932, 654, 262, 392, 0, 0, 0
16013, 1, 1636469458314, 1636469458981, 667, 267, 400, 1, 0, 1
16014, 1, 1636469458318, 1636469458981, 663, 267, 396, 1, 0, 1
16015, 1, 1636469458374, 1636469459029, 655, 263, 392, 1, 1, 2
16016, 1, 1636469458438, 1636469459101, 663, 262, 401, 0, 0, 0
16019, 1, 1636469458550, 1636469459201, 651, 263, 388, 1, 1, 2
16017, 1, 1636469458546, 1636469459201, 655, 266, 389, 0, 0, 0
16020, 1, 1636469458566, 1636469459221, 655, 262, 393, 0, 1, 1
16021, 1, 1636469458586, 1636469459241, 655, 262, 393, 0, 0, 0
16022, 1, 1636469458602, 1636469459261, 659, 262, 397, 0, 0, 0
16023, 1, 1636469458618, 1636469459280, 662, 273, 389, 1, 2, 3
16024, 1, 1636469458618, 1636469459285, 667, 271, 396, 1, 0, 1
16025, 1, 1636469458630, 1636469459289, 659, 266, 393, 0, 0, 0
16026, 1, 1636469458658, 1636469459329, 671, 282, 389, 1, 0, 1
15977, 1, 1636469456994, 1636469459397, 2403, 2010, 393, 1, 0, 1
16027, 1, 1636469458746, 1636469459417, 671, 270, 401, 0, 0, 0
16028, 1, 1636469458786, 1636469459441, 655, 262, 393, 0, 0, 0
16018, 1, 1636469458550, 1636469459548, 998, 607, 391, 1, 2, 3
16030, 1, 1636469458934, 1636469459596, 662, 270, 392, 3, 0, 3
16032, 1, 1636469458983, 1636469459637, 654, 268, 386, 0, 2, 2
16031, 1, 1636469458982, 1636469459641, 659, 262, 397, 0, 0, 0
16033, 1, 1636469459005, 1636469459657, 652, 263, 389, 0, 1, 1
16034, 1, 1636469459030, 1636469459685, 655, 264, 391, 0, 0, 0
16029, 1, 1636469458802, 1636469459749, 947, 546, 401, 0, 1, 1
16035, 1, 1636469459102, 1636469459761, 659, 270, 389, 1, 0, 1
16037, 1, 1636469459203, 1636469459852, 649, 262, 387, 2, 0, 2
16038, 1, 1636469459222, 1636469459877, 655, 262, 393, 0, 0, 0
16039, 1, 1636469459242, 1636469459901, 659, 261, 398, 1, 0, 1
16040, 1, 1636469459262, 1636469459929, 667, 262, 405, 2, 0, 2
16041, 1, 1636469459282, 1636469459933, 651, 262, 389, 1, 0, 1
16042, 1, 1636469459286, 1636469459953, 667, 267, 400, 0, 1, 1
16044, 1, 1636469459330, 1636469459989, 659, 271, 388, 1, 1, 2
16043, 1, 1636469459291, 1636469460009, 718, 327, 391, 2, 0, 2
16045, 1, 1636469459399, 1636469460057, 658, 267, 391, 0, 0, 0
16046, 1, 1636469459418, 1636469460077, 659, 270, 389, 0, 1, 1
16047, 1, 1636469459442, 1636469460093, 651, 266, 385, 1, 0, 1
16036, 1, 1636469459202, 1636469460093, 891, 495, 396, 1, 0, 1
16048, 1, 1636469459550, 1636469460212, 662, 270, 392, 2, 0, 2
16050, 1, 1636469459638, 1636469460285, 647, 264, 383, 0, 1, 1
16051, 1, 1636469459642, 1636469460297, 655, 267, 388, 3, 0, 3
16052, 1, 1636469459658, 1636469460316, 658, 264, 394, 1, 0, 1
16053, 1, 1636469459686, 1636469460349, 663, 267, 396, 1, 0, 1
16054, 1, 1636469459750, 1636469460405, 655, 262, 393, 0, 0, 0
16055, 1, 1636469459762, 1636469460425, 663, 270, 393, 0, 0, 0
16049, 1, 1636469459598, 1636469460437, 839, 450, 389, 1, 0, 1
16056, 1, 1636469459854, 1636469460505, 651, 262, 389, 0, 1, 1
16057, 1, 1636469459878, 1636469460533, 655, 262, 393, 1, 0, 1
16058, 1, 1636469459902, 1636469460553, 651, 262, 389, 0, 0, 0
16059, 1, 1636469459930, 1636469460580, 650, 262, 388, 0, 0, 0
16060, 1, 1636469459934, 1636469460589, 655, 263, 392, 0, 0, 0
16061, 1, 1636469459954, 1636469460608, 654, 263, 391, 0, 0, 0
16062, 1, 1636469459990, 1636469460645, 655, 266, 389, 1, 0, 1
16063, 1, 1636469460010, 1636469460660, 650, 263, 387, 0, 2, 2
16064, 1, 1636469460058, 1636469460713, 655, 263, 392, 0, 0, 0
16067, 1, 1636469460094, 1636469460745, 651, 262, 389, 0, 1, 1
16066, 1, 1636469460094, 1636469460745, 651, 262, 389, 0, 0, 0
16065, 1, 1636469460078, 1636469460757, 679, 282, 397, 1, 1, 2
16068, 1, 1636469460213, 1636469460873, 660, 262, 398, 1, 1, 2
16069, 1, 1636469460286, 1636469460945, 659, 264, 395, 1, 0, 1
16070, 1, 1636469460298, 1636469460953, 655, 262, 393, 0, 0, 0
16071, 1, 1636469460318, 1636469460969, 651, 263, 388, 1, 0, 1
16072, 1, 1636469460350, 1636469461005, 655, 263, 392, 0, 1, 1
16073, 1, 1636469460407, 1636469461060, 653, 262, 391, 0, 0, 0
16074, 1, 1636469460426, 1636469461105, 679, 286, 393, 1, 0, 1
16076, 1, 1636469460506, 1636469461161, 655, 263, 392, 0, 1, 1
16077, 1, 1636469460534, 1636469461193, 659, 266, 393, 1, 0, 1
16078, 1, 1636469460554, 1636469461209, 655, 270, 385, 0, 0, 0
16079, 1, 1636469460582, 1636469461237, 655, 266, 389, 1, 2, 3
16080, 1, 1636469460590, 1636469461245, 655, 266, 389, 0, 0, 0
16081, 1, 1636469460610, 1636469461261, 651, 263, 388, 0, 1, 1
16082, 1, 1636469460646, 1636469461301, 655, 266, 389, 0, 1, 1
16083, 1, 1636469460661, 1636469461320, 659, 267, 392, 0, 1, 1
16084, 1, 1636469460715, 1636469461368, 653, 262, 391, 2, 0, 2
16086, 1, 1636469460747, 1636469461397, 650, 262, 388, 0, 0, 0
16085, 1, 1636469460746, 1636469461409, 663, 266, 397, 0, 1, 1
16087, 1, 1636469460759, 1636469461421, 662, 263, 399, 0, 0, 0
16075, 1, 1636469460438, 1636469461453, 1015, 623, 392, 0, 1, 1
16088, 1, 1636469460874, 1636469461528, 654, 266, 388, 1, 0, 1
16089, 1, 1636469460946, 1636469461601, 655, 263, 392, 1, 0, 1
16090, 1, 1636469460954, 1636469461613, 659, 262, 397, 0, 0, 0
16091, 1, 1636469460970, 1636469461629, 659, 262, 397, 0, 0, 0
16092, 1, 1636469461006, 1636469461657, 651, 262, 389, 0, 0, 0
16093, 1, 1636469461061, 1636469461721, 660, 262, 398, 1, 1, 2
16094, 1, 1636469461106, 1636469461768, 662, 271, 391, 0, 0, 0
16095, 1, 1636469461162, 1636469461809, 647, 263, 384, 0, 0, 0
16096, 1, 1636469461194, 1636469461849, 655, 262, 393, 0, 0, 0
16097, 1, 1636469461210, 1636469461864, 654, 262, 392, 0, 0, 0
16098, 1, 1636469461238, 1636469461909, 671, 274, 397, 1, 0, 1
16099, 1, 1636469461246, 1636469461909, 663, 262, 401, 0, 0, 0
16100, 1, 1636469461262, 1636469461924, 662, 266, 396, 0, 0, 0
16101, 1, 1636469461302, 1636469461965, 663, 271, 392, 1, 0, 1
16103, 1, 1636469461370, 1636469462029, 659, 266, 393, 0, 0, 0
16104, 1, 1636469461398, 1636469462049, 651, 265, 386, 0, 0, 0
16105, 1, 1636469461410, 1636469462073, 663, 267, 396, 0, 2, 2
16107, 1, 1636469461454, 1636469462113, 659, 263, 396, 0, 1, 1
16106, 1, 1636469461422, 1636469462157, 735, 342, 393, 0, 1, 1
16108, 1, 1636469461530, 1636469462189, 659, 267, 392, 0, 1, 1
16102, 1, 1636469461322, 1636469462201, 879, 488, 391, 0, 1, 1
16109, 1, 1636469461602, 1636469462257, 655, 267, 388, 0, 0, 0
16110, 1, 1636469461614, 1636469462277, 663, 271, 392, 0, 0, 0
16111, 1, 1636469461630, 1636469462284, 654, 263, 391, 1, 1, 2
16112, 1, 1636469461658, 1636469462317, 659, 263, 396, 0, 1, 1
16113, 1, 1636469461723, 1636469462381, 658, 263, 395, 2, 0, 2
16115, 1, 1636469461810, 1636469462469, 659, 261, 398, 1, 0, 1
16114, 1, 1636469461770, 1636469462509, 739, 338, 401, 1, 1, 2
16117, 1, 1636469461866, 1636469462517, 651, 262, 389, 0, 0, 0
16116, 1, 1636469461850, 1636469462517, 667, 270, 397, 0, 0, 0
16118, 1, 1636469461910, 1636469462561, 651, 267, 384, 0, 0, 0
16119, 1, 1636469461910, 1636469462560, 650, 262, 388, 0, 1, 1
16120, 1, 1636469461926, 1636469462581, 655, 262, 393, 0, 0, 0
16121, 1, 1636469461966, 1636469462621, 655, 269, 386, 0, 1, 1
16122, 1, 1636469462030, 1636469462688, 658, 266, 392, 1, 0, 1
16123, 1, 1636469462050, 1636469462697, 647, 262, 385, 0, 0, 0
16124, 1, 1636469462074, 1636469462733, 659, 264, 395, 1, 0, 1
16125, 1, 1636469462114, 1636469462773, 659, 263, 396, 0, 1, 1
16126, 1, 1636469462158, 1636469462813, 655, 264, 391, 0, 2, 2
16127, 1, 1636469462190, 1636469462853, 663, 272, 391, 0, 1, 1
16128, 1, 1636469462202, 1636469462853, 651, 262, 389, 2, 0, 2
16129, 1, 1636469462258, 1636469462916, 658, 262, 396, 0, 0, 0
16130, 1, 1636469462278, 1636469462937, 659, 266, 393, 0, 0, 0
16131, 1, 1636469462285, 1636469462940, 655, 262, 393, 0, 0, 0
16132, 1, 1636469462318, 1636469462969, 651, 262, 389, 0, 0, 0
16133, 1, 1636469462382, 1636469463033, 651, 264, 387, 1, 1, 2
16134, 1, 1636469462470, 1636469463117, 647, 263, 384, 0, 0, 0
16135, 1, 1636469462510, 1636469463165, 655, 263, 392, 2, 0, 2
16137, 1, 1636469462518, 1636469463168, 650, 262, 388, 0, 0, 0
16136, 1, 1636469462518, 1636469463173, 655, 267, 388, 1, 1, 2
16139, 1, 1636469462562, 1636469463209, 647, 262, 385, 1, 0, 1
16138, 1, 1636469462562, 1636469463212, 650, 264, 386, 2, 0, 2
16140, 1, 1636469462582, 1636469463237, 655, 262, 393, 0, 0, 0
16141, 1, 1636469462622, 1636469463293, 671, 274, 397, 0, 0, 0
16142, 1, 1636469462690, 1636469463340, 650, 262, 388, 0, 0, 0
16143, 1, 1636469462698, 1636469463352, 654, 262, 392, 1, 0, 1
16144, 1, 1636469462734, 1636469463388, 654, 264, 390, 2, 0, 2
16145, 1, 1636469462774, 1636469463425, 651, 262, 389, 0, 0, 0
16146, 1, 1636469462814, 1636469463473, 659, 262, 397, 0, 1, 1
16148, 1, 1636469462854, 1636469463505, 651, 263, 388, 0, 1, 1
16149, 1, 1636469462917, 1636469463573, 656, 264, 392, 2, 0, 2
16150, 1, 1636469462938, 1636469463589, 651, 262, 389, 0, 0, 0
16151, 1, 1636469462942, 1636469463601, 659, 262, 397, 0, 0, 0
16152, 1, 1636469462970, 1636469463645, 675, 278, 397, 0, 0, 0
16153, 1, 1636469463034, 1636469463689, 655, 262, 393, 1, 1, 2
16147, 1, 1636469462854, 1636469463773, 919, 529, 390, 1, 3, 4
16154, 1, 1636469463118, 1636469463773, 655, 267, 388, 0, 1, 1
16156, 1, 1636469463170, 1636469463825, 655, 261, 394, 1, 0, 1
16155, 1, 1636469463167, 1636469463825, 658, 262, 396, 0, 1, 1
16157, 1, 1636469463174, 1636469463833, 659, 266, 393, 1, 2, 3
16158, 1, 1636469463210, 1636469463861, 651, 263, 388, 1, 1, 2
16159, 1, 1636469463214, 1636469463872, 658, 263, 395, 0, 1, 1
16160, 1, 1636469463238, 1636469463893, 655, 262, 393, 0, 0, 0
16161, 1, 1636469463294, 1636469463949, 655, 267, 388, 2, 2, 4
16162, 1, 1636469463342, 1636469464009, 667, 266, 401, 1, 0, 1
16163, 1, 1636469463354, 1636469464021, 667, 262, 405, 0, 0, 0
16164, 1, 1636469463390, 1636469464061, 671, 266, 405, 0, 0, 0
16165, 1, 1636469463426, 1636469464080, 654, 267, 387, 1, 0, 1
16166, 1, 1636469463475, 1636469464129, 654, 262, 392, 0, 1, 1
16167, 1, 1636469463506, 1636469464165, 659, 266, 393, 0, 0, 0
16168, 1, 1636469463573, 1636469464232, 659, 264, 395, 0, 0, 0
16169, 1, 1636469463590, 1636469464245, 655, 266, 389, 0, 0, 0
16170, 1, 1636469463603, 1636469464265, 662, 262, 400, 1, 0, 1
16171, 1, 1636469463646, 1636469464300, 654, 263, 391, 0, 1, 1
16172, 1, 1636469463691, 1636469464353, 662, 267, 395, 1, 1, 2
16174, 1, 1636469463774, 1636469464421, 647, 261, 386, 0, 0, 0
16173, 1, 1636469463774, 1636469464428, 654, 264, 390, 1, 1, 2
16176, 1, 1636469463827, 1636469464477, 650, 263, 387, 2, 1, 3
16175, 1, 1636469463826, 1636469464477, 651, 262, 389, 1, 0, 1
16177, 1, 1636469463834, 1636469464485, 651, 263, 388, 1, 1, 2
16178, 1, 1636469463862, 1636469464509, 647, 263, 384, 2, 1, 3
16179, 1, 1636469463874, 1636469464533, 659, 263, 396, 1, 0, 1
16180, 1, 1636469463894, 1636469464549, 655, 262, 393, 0, 0, 0
16181, 1, 1636469463950, 1636469464601, 651, 263, 388, 1, 0, 1
16182, 1, 1636469464010, 1636469464661, 651, 262, 389, 0, 0, 0
16183, 1, 1636469464022, 1636469464673, 651, 262, 389, 0, 0, 0
16184, 1, 1636469464062, 1636469464721, 659, 262, 397, 0, 0, 0
16186, 1, 1636469464130, 1636469464785, 655, 262, 393, 0, 1, 1
16187, 1, 1636469464166, 1636469464820, 654, 262, 392, 0, 0, 0
16185, 1, 1636469464082, 1636469464880, 798, 406, 392, 0, 0, 0
16188, 1, 1636469464233, 1636469464880, 647, 260, 387, 1, 0, 1
16189, 1, 1636469464246, 1636469464905, 659, 266, 393, 0, 0, 0
16190, 1, 1636469464266, 1636469464917, 651, 263, 388, 1, 0, 1
16191, 1, 1636469464302, 1636469464957, 655, 262, 393, 0, 0, 0
16192, 1, 1636469464354, 1636469465013, 659, 270, 389, 1, 0, 1
16193, 1, 1636469464422, 1636469465073, 651, 266, 385, 0, 0, 0
16196, 1, 1636469464486, 1636469465133, 647, 262, 385, 0, 1, 1
16194, 1, 1636469464478, 1636469465133, 655, 263, 392, 1, 1, 2
16195, 1, 1636469464479, 1636469465133, 654, 263, 391, 3, 0, 3
16197, 1, 1636469464510, 1636469465161, 651, 262, 389, 1, 0, 1
16198, 1, 1636469464534, 1636469465189, 655, 266, 389, 1, 0, 1
16199, 1, 1636469464550, 1636469465205, 655, 263, 392, 1, 0, 1
16200, 1, 1636469464602, 1636469465248, 646, 262, 384, 0, 0, 0
16201, 1, 1636469464662, 1636469465313, 651, 262, 389, 0, 2, 2
16202, 1, 1636469464674, 1636469465329, 655, 266, 389, 0, 0, 0
16203, 1, 1636469464722, 1636469465377, 655, 266, 389, 0, 0, 0
16204, 1, 1636469464786, 1636469465441, 655, 262, 393, 0, 1, 1
16205, 1, 1636469464822, 1636469465473, 651, 262, 389, 0, 1, 1
16207, 1, 1636469464882, 1636469465533, 651, 263, 388, 2, 0, 2
16206, 1, 1636469464882, 1636469465533, 651, 262, 389, 0, 1, 1
16208, 1, 1636469464906, 1636469465557, 651, 262, 389, 0, 1, 1
16209, 1, 1636469464918, 1636469465581, 663, 267, 396, 0, 0, 0
16210, 1, 1636469464958, 1636469465608, 650, 262, 388, 0, 0, 0
16211, 1, 1636469465014, 1636469465680, 666, 267, 399, 0, 0, 0
16212, 1, 1636469465074, 1636469465725, 651, 262, 389, 0, 0, 0
16213, 1, 1636469465134, 1636469465781, 647, 262, 385, 0, 0, 0
16214, 1, 1636469465135, 1636469465789, 654, 263, 391, 0, 2, 2
16215, 1, 1636469465135, 1636469465789, 654, 264, 390, 1, 1, 2
16216, 1, 1636469465162, 1636469465817, 655, 266, 389, 1, 0, 1
16217, 1, 1636469465191, 1636469465844, 653, 259, 394, 1, 0, 1
16218, 1, 1636469465206, 1636469465869, 663, 266, 397, 0, 0, 0
16219, 1, 1636469465250, 1636469465905, 655, 267, 388, 0, 1, 1
16220, 1, 1636469465314, 1636469465968, 654, 262, 392, 0, 0, 0
16222, 1, 1636469465378, 1636469466041, 663, 271, 392, 0, 0, 0
16223, 1, 1636469465442, 1636469466092, 650, 262, 388, 0, 0, 0
16221, 1, 1636469465330, 1636469466125, 795, 410, 385, 0, 0, 0
16224, 1, 1636469465474, 1636469466128, 654, 266, 388, 0, 0, 0
16225, 1, 1636469465533, 1636469466180, 647, 263, 384, 0, 0, 0
16226, 1, 1636469465534, 1636469466184, 650, 262, 388, 0, 0, 0
16227, 1, 1636469465558, 1636469466209, 651, 262, 389, 0, 0, 0
16228, 1, 1636469465582, 1636469466237, 655, 262, 393, 0, 0, 0
16229, 1, 1636469465610, 1636469466265, 655, 262, 393, 0, 0, 0
16230, 1, 1636469465682, 1636469466337, 655, 262, 393, 1, 0, 1
16231, 1, 1636469465726, 1636469466385, 659, 266, 393, 0, 0, 0
16232, 1, 1636469465782, 1636469466437, 655, 266, 389, 0, 0, 0
16234, 1, 1636469465790, 1636469466449, 659, 267, 392, 0, 2, 2
16233, 1, 1636469465790, 1636469466449, 659, 267, 392, 0, 1, 1
16235, 1, 1636469465818, 1636469466472, 654, 261, 393, 0, 0, 0
16236, 1, 1636469465845, 1636469466497, 652, 262, 390, 0, 0, 0
16237, 1, 1636469465870, 1636469466521, 651, 262, 389, 0, 0, 0
16238, 1, 1636469465906, 1636469466557, 651, 262, 389, 0, 1, 1
16239, 1, 1636469465970, 1636469466629, 659, 261, 398, 0, 0, 0
16240, 1, 1636469466042, 1636469466696, 654, 262, 392, 0, 1, 1
16241, 1, 1636469466094, 1636469466749, 655, 262, 393, 1, 0, 1
16243, 1, 1636469466130, 1636469466781, 651, 266, 385, 1, 0, 1
16244, 1, 1636469466181, 1636469466833, 652, 264, 388, 1, 0, 1
16245, 1, 1636469466186, 1636469466836, 650, 258, 392, 1, 0, 1
16246, 1, 1636469466210, 1636469466865, 655, 263, 392, 1, 0, 1
16247, 1, 1636469466238, 1636469466889, 651, 263, 388, 1, 0, 1
16248, 1, 1636469466266, 1636469466920, 654, 262, 392, 0, 0, 0
16249, 1, 1636469466338, 1636469467001, 663, 262, 401, 1, 0, 1
16250, 1, 1636469466386, 1636469467036, 650, 263, 387, 0, 1, 1
16242, 1, 1636469466126, 1636469467045, 919, 531, 388, 1, 1, 2
16251, 1, 1636469466438, 1636469467096, 658, 270, 388, 0, 0, 0
16253, 1, 1636469466450, 1636469467105, 655, 263, 392, 0, 1, 1
16252, 1, 1636469466450, 1636469467105, 655, 263, 392, 0, 1, 1
16254, 1, 1636469466474, 1636469467125, 651, 262, 389, 0, 0, 0
16255, 1, 1636469466498, 1636469467149, 651, 262, 389, 0, 0, 0
16256, 1, 1636469466522, 1636469467181, 659, 266, 393, 0, 0, 0
16257, 1, 1636469466562, 1636469467216, 654, 262, 392, 0, 0, 0
16258, 1, 1636469466630, 1636469467285, 655, 262, 393, 0, 0, 0
16259, 1, 1636469466698, 1636469467352, 654, 266, 388, 0, 0, 0
16260, 1, 1636469466750, 1636469467405, 655, 263, 392, 0, 0, 0
16261, 1, 1636469466782, 1636469467433, 651, 263, 388, 1, 1, 2
16262, 1, 1636469466833, 1636469467485, 652, 259, 393, 0, 0, 0
16263, 1, 1636469466838, 1636469467497, 659, 262, 397, 0, 1, 1
16264, 1, 1636469466866, 1636469467525, 659, 263, 396, 0, 0, 0
16265, 1, 1636469466890, 1636469467549, 659, 263, 396, 0, 2, 2
16266, 1, 1636469466922, 1636469467577, 655, 263, 392, 1, 1, 2
16267, 1, 1636469467002, 1636469467661, 659, 261, 398, 0, 0, 0
16268, 1, 1636469467038, 1636469467688, 650, 262, 388, 0, 0, 0
16269, 1, 1636469467046, 1636469467697, 651, 262, 389, 0, 0, 0
16270, 1, 1636469467098, 1636469467745, 647, 262, 385, 1, 0, 1
16271, 1, 1636469467106, 1636469467769, 663, 267, 396, 4, 0, 4
16272, 1, 1636469467106, 1636469467769, 663, 266, 397, 1, 0, 1
16273, 1, 1636469467126, 1636469467793, 667, 267, 400, 0, 1, 1
16274, 1, 1636469467182, 1636469467848, 666, 274, 392, 0, 0, 0
16275, 1, 1636469467218, 1636469467881, 663, 271, 392, 0, 2, 2
16276, 1, 1636469467286, 1636469467949, 663, 266, 397, 0, 0, 0
16277, 1, 1636469467354, 1636469468017, 663, 266, 397, 0, 0, 0
16278, 1, 1636469467406, 1636469468065, 659, 262, 397, 0, 0, 0
16279, 1, 1636469467434, 1636469468097, 663, 263, 400, 2, 0, 2
16280, 1, 1636469467486, 1636469468145, 659, 265, 394, 2, 2, 4
16281, 1, 1636469467498, 1636469468160, 662, 267, 395, 1, 1, 2
16282, 1, 1636469467526, 1636469468193, 667, 265, 402, 1, 1, 2
16283, 1, 1636469467550, 1636469468209, 659, 262, 397, 0, 1, 1
16284, 1, 1636469467578, 1636469468233, 655, 266, 389, 0, 0, 0
16285, 1, 1636469467662, 1636469468325, 663, 270, 393, 1, 0, 1
16286, 1, 1636469467690, 1636469468340, 650, 262, 388, 0, 0, 0
16287, 1, 1636469467698, 1636469468361, 663, 266, 397, 1, 0, 1
16288, 1, 1636469467746, 1636469468401, 655, 263, 392, 0, 0, 0
16290, 1, 1636469467770, 1636469468425, 655, 263, 392, 1, 1, 2
16289, 1, 1636469467770, 1636469468428, 658, 267, 391, 0, 1, 1
16291, 1, 1636469467795, 1636469468456, 661, 267, 394, 1, 2, 3
16292, 1, 1636469467850, 1636469468513, 663, 265, 398, 0, 1, 1
16293, 1, 1636469467882, 1636469468541, 659, 263, 396, 2, 1, 3
16294, 1, 1636469467950, 1636469468609, 659, 262, 397, 0, 0, 0
16295, 1, 1636469468018, 1636469468693, 675, 278, 397, 1, 0, 1
16296, 1, 1636469468066, 1636469468721, 655, 267, 388, 0, 1, 1
16297, 1, 1636469468098, 1636469468753, 655, 262, 393, 0, 0, 0
16298, 1, 1636469468145, 1636469468801, 656, 263, 393, 0, 1, 1
16299, 1, 1636469468162, 1636469468821, 659, 262, 397, 0, 0, 0
16300, 1, 1636469468194, 1636469468844, 650, 262, 388, 0, 0, 0
16301, 1, 1636469468210, 1636469468865, 655, 262, 393, 0, 0, 0
16302, 1, 1636469468234, 1636469468889, 655, 263, 392, 1, 0, 1
16303, 1, 1636469468326, 1636469468984, 658, 262, 396, 1, 1, 2
16304, 1, 1636469468342, 1636469468997, 655, 267, 388, 1, 1, 2
16305, 1, 1636469468362, 1636469469017, 655, 262, 393, 0, 0, 0
16306, 1, 1636469468402, 1636469469053, 651, 262, 389, 0, 0, 0
16307, 1, 1636469468426, 1636469469077, 651, 262, 389, 1, 0, 1
16308, 1, 1636469468430, 1636469469084, 654, 262, 392, 0, 1, 1
16309, 1, 1636469468458, 1636469469108, 650, 262, 388, 0, 0, 0
16310, 1, 1636469468514, 1636469469165, 651, 261, 390, 1, 0, 1
16311, 1, 1636469468542, 1636469469189, 647, 262, 385, 0, 0, 0
16312, 1, 1636469468610, 1636469469261, 651, 262, 389, 0, 0, 0
16313, 1, 1636469468694, 1636469469349, 655, 263, 392, 0, 1, 1
16314, 1, 1636469468722, 1636469469377, 655, 262, 393, 0, 0, 0
16315, 1, 1636469468754, 1636469469408, 654, 262, 392, 0, 0, 0
16316, 1, 1636469468802, 1636469469461, 659, 268, 391, 1, 1, 2
16317, 1, 1636469468822, 1636469469473, 651, 262, 389, 0, 0, 0
16318, 1, 1636469468846, 1636469469505, 659, 263, 396, 0, 1, 1
16319, 1, 1636469468866, 1636469469520, 654, 263, 391, 0, 0, 0
16320, 1, 1636469468890, 1636469469545, 655, 262, 393, 0, 0, 0
16321, 1, 1636469468986, 1636469469637, 651, 263, 388, 1, 1, 2
16322, 1, 1636469468998, 1636469469649, 651, 262, 389, 0, 1, 1
16323, 1, 1636469469018, 1636469469673, 655, 263, 392, 0, 1, 1
16324, 1, 1636469469054, 1636469469705, 651, 262, 389, 0, 0, 0
16325, 1, 1636469469078, 1636469469732, 654, 263, 391, 0, 2, 2
16326, 1, 1636469469086, 1636469469749, 663, 266, 397, 0, 1, 1
16327, 1, 1636469469110, 1636469469761, 651, 262, 389, 0, 0, 0
16328, 1, 1636469469166, 1636469469821, 655, 262, 393, 0, 0, 0
16329, 1, 1636469469190, 1636469469861, 671, 274, 397, 1, 0, 1
16330, 1, 1636469469262, 1636469469921, 659, 263, 396, 0, 1, 1
16331, 1, 1636469469350, 1636469470009, 659, 266, 393, 0, 0, 0
16332, 1, 1636469469378, 1636469470029, 651, 257, 394, 0, 0, 0
16333, 1, 1636469469410, 1636469470069, 659, 262, 397, 0, 0, 0
16334, 1, 1636469469462, 1636469470121, 659, 267, 392, 2, 0, 2
16335, 1, 1636469469474, 1636469470129, 655, 266, 389, 0, 0, 0
16336, 1, 1636469469506, 1636469470160, 654, 262, 392, 0, 0, 0
16337, 1, 1636469469522, 1636469470181, 659, 266, 393, 0, 0, 0
16338, 1, 1636469469546, 1636469470209, 663, 267, 396, 2, 0, 2
16339, 1, 1636469469638, 1636469470297, 659, 266, 393, 0, 0, 0
16340, 1, 1636469469650, 1636469470309, 659, 266, 393, 1, 0, 1
16342, 1, 1636469469706, 1636469470353, 647, 263, 384, 1, 1, 2
16343, 1, 1636469469734, 1636469470393, 659, 263, 396, 0, 1, 1
16344, 1, 1636469469750, 1636469470417, 667, 266, 401, 0, 0, 0
16345, 1, 1636469469762, 1636469470425, 663, 266, 397, 0, 0, 0
16346, 1, 1636469469823, 1636469470477, 654, 266, 388, 1, 0, 1
16347, 1, 1636469469862, 1636469470513, 651, 263, 388, 0, 1, 1
16341, 1, 1636469469674, 1636469470556, 882, 493, 389, 1, 3, 4
16348, 1, 1636469469922, 1636469470580, 658, 263, 395, 1, 0, 1
16349, 1, 1636469470010, 1636469470669, 659, 262, 397, 0, 1, 1
16350, 1, 1636469470030, 1636469470689, 659, 262, 397, 0, 0, 0
16351, 1, 1636469470070, 1636469470725, 655, 262, 393, 0, 0, 0
16353, 1, 1636469470131, 1636469470784, 653, 262, 391, 0, 0, 0
16354, 1, 1636469470162, 1636469470812, 650, 262, 388, 0, 0, 0
16355, 1, 1636469470182, 1636469470841, 659, 266, 393, 0, 0, 0
16356, 1, 1636469470210, 1636469470873, 663, 263, 400, 0, 1, 1
16357, 1, 1636469470298, 1636469470961, 663, 266, 397, 0, 0, 0
16358, 1, 1636469470310, 1636469470964, 654, 267, 387, 1, 0, 1
16359, 1, 1636469470354, 1636469471012, 658, 267, 391, 0, 1, 1
16352, 1, 1636469470121, 1636469471017, 896, 508, 388, 1, 0, 1
16360, 1, 1636469470394, 1636469471052, 658, 263, 395, 0, 1, 1
16361, 1, 1636469470418, 1636469471081, 663, 262, 401, 1, 1, 2
16362, 1, 1636469470426, 1636469471081, 655, 267, 388, 3, 1, 4
16363, 1, 1636469470478, 1636469471133, 655, 263, 392, 0, 1, 1
16364, 1, 1636469470514, 1636469471161, 647, 261, 386, 1, 0, 1
16365, 1, 1636469470558, 1636469471209, 651, 263, 388, 0, 1, 1
16366, 1, 1636469470582, 1636469471237, 655, 266, 389, 0, 0, 0
16367, 1, 1636469470670, 1636469471325, 655, 263, 392, 0, 1, 1
16368, 1, 1636469470690, 1636469471345, 655, 266, 389, 0, 0, 0
16369, 1, 1636469470726, 1636469471380, 654, 263, 391, 0, 0, 0
16370, 1, 1636469470786, 1636469471445, 659, 264, 395, 1, 1, 2
16371, 1, 1636469470814, 1636469471469, 655, 262, 393, 0, 1, 1
16372, 1, 1636469470842, 1636469471497, 655, 264, 391, 0, 1, 1
16373, 1, 1636469470874, 1636469471525, 651, 261, 390, 0, 0, 0
16375, 1, 1636469470966, 1636469471617, 651, 263, 388, 3, 0, 3
16374, 1, 1636469470962, 1636469471617, 655, 263, 392, 2, 0, 2
16377, 1, 1636469471018, 1636469471665, 647, 259, 388, 0, 0, 0
16376, 1, 1636469471014, 1636469471677, 663, 266, 397, 1, 1, 2
16378, 1, 1636469471054, 1636469471709, 655, 264, 391, 1, 2, 3
16380, 1, 1636469471082, 1636469471737, 655, 262, 393, 0, 0, 0
16379, 1, 1636469471082, 1636469471737, 655, 262, 393, 0, 0, 0
16381, 1, 1636469471134, 1636469471789, 655, 262, 393, 0, 0, 0
16382, 1, 1636469471162, 1636469471821, 659, 266, 393, 0, 0, 0
16383, 1, 1636469471211, 1636469471861, 650, 262, 388, 0, 0, 0
16384, 1, 1636469471238, 1636469471900, 662, 271, 391, 0, 0, 0
16385, 1, 1636469471326, 1636469471985, 659, 267, 392, 0, 1, 1
16386, 1, 1636469471346, 1636469471996, 650, 262, 388, 0, 1, 1
16387, 1, 1636469471382, 1636469472033, 651, 262, 389, 0, 0, 0
16388, 1, 1636469471446, 1636469472105, 659, 262, 397, 0, 0, 0
16389, 1, 1636469471470, 1636469472121, 651, 263, 388, 1, 1, 2
16391, 1, 1636469471526, 1636469472185, 659, 263, 396, 1, 1, 2
16393, 1, 1636469471618, 1636469472273, 655, 266, 389, 0, 0, 0
16390, 1, 1636469471498, 1636469472337, 839, 438, 401, 0, 0, 0
16394, 1, 1636469471678, 1636469472337, 659, 266, 393, 0, 0, 0
16395, 1, 1636469471710, 1636469472364, 654, 262, 392, 0, 0, 0
16396, 1, 1636469471738, 1636469472389, 651, 263, 388, 0, 0, 0
16397, 1, 1636469471738, 1636469472393, 655, 262, 393, 0, 1, 1
16398, 1, 1636469471790, 1636469472445, 655, 261, 394, 0, 0, 0
16399, 1, 1636469471822, 1636469472476, 654, 264, 390, 1, 1, 2
16400, 1, 1636469471862, 1636469472517, 655, 263, 392, 1, 1, 2
16392, 1, 1636469471618, 1636469472529, 911, 527, 384, 1, 1, 2
16401, 1, 1636469471902, 1636469472561, 659, 267, 392, 0, 1, 1
16402, 1, 1636469471986, 1636469472641, 655, 263, 392, 0, 0, 0
16403, 1, 1636469471998, 1636469472653, 655, 262, 393, 0, 1, 1
16404, 1, 1636469472034, 1636469472689, 655, 263, 392, 1, 0, 1
16405, 1, 1636469472106, 1636469472757, 651, 262, 389, 0, 0, 0
16406, 1, 1636469472186, 1636469472845, 659, 263, 396, 0, 1, 1
16407, 1, 1636469472275, 1636469472929, 654, 266, 388, 0, 0, 0
16409, 1, 1636469472339, 1636469472985, 646, 263, 383, 0, 0, 0
16408, 1, 1636469472338, 1636469472997, 659, 266, 393, 1, 0, 1
16410, 1, 1636469472366, 1636469473033, 667, 270, 397, 0, 0, 0
16411, 1, 1636469472390, 1636469473049, 659, 271, 388, 1, 0, 1
16412, 1, 1636469472394, 1636469473053, 659, 266, 393, 0, 0, 0
16414, 1, 1636469472518, 1636469473168, 650, 263, 387, 0, 0, 0
16415, 1, 1636469472530, 1636469473185, 655, 266, 389, 0, 0, 0
16416, 1, 1636469472562, 1636469473220, 658, 264, 394, 0, 2, 2
16417, 1, 1636469472642, 1636469473297, 655, 262, 393, 0, 0, 0
16418, 1, 1636469472654, 1636469473312, 658, 266, 392, 0, 1, 1
16419, 1, 1636469472690, 1636469473345, 655, 266, 389, 1, 0, 1
16413, 1, 1636469472446, 1636469473397, 951, 554, 397, 1, 0, 1
16420, 1, 1636469472758, 1636469473417, 659, 262, 397, 0, 1, 1
16421, 1, 1636469472930, 1636469473585, 655, 262, 393, 0, 0, 0
16422, 1, 1636469472986, 1636469473637, 651, 262, 389, 0, 0, 0
16423, 1, 1636469472998, 1636469473653, 655, 262, 393, 0, 0, 0
16424, 1, 1636469473034, 1636469473697, 663, 266, 397, 0, 0, 0
16425, 1, 1636469473050, 1636469473700, 650, 262, 388, 0, 0, 0
16426, 1, 1636469473054, 1636469473705, 651, 262, 389, 0, 0, 0
16427, 1, 1636469473170, 1636469473833, 663, 270, 393, 0, 0, 0
16428, 1, 1636469473186, 1636469473845, 659, 266, 393, 0, 0, 0
16429, 1, 1636469473222, 1636469473877, 655, 262, 393, 1, 0, 1
16430, 1, 1636469473298, 1636469473960, 662, 262, 400, 0, 0, 0
16431, 1, 1636469473314, 1636469473965, 651, 261, 390, 0, 1, 1
16432, 1, 1636469473346, 1636469473997, 651, 263, 388, 0, 0, 0
16433, 1, 1636469473398, 1636469474052, 654, 266, 388, 0, 0, 0
16434, 1, 1636469473418, 1636469474188, 770, 382, 388, 0, 0, 0
16435, 1, 1636469473586, 1636469474245, 659, 266, 393, 0, 0, 0
16436, 1, 1636469473638, 1636469474289, 651, 262, 389, 0, 0, 0
16437, 1, 1636469473654, 1636469474305, 651, 262, 389, 1, 0, 1
16438, 1, 1636469473698, 1636469474357, 659, 262, 397, 1, 1, 2
16439, 1, 1636469473702, 1636469474357, 655, 262, 393, 1, 0, 1
16440, 1, 1636469473706, 1636469474364, 658, 262, 396, 1, 0, 1
16441, 1, 1636469473834, 1636469474485, 651, 262, 389, 0, 0, 0
16442, 1, 1636469473847, 1636469474505, 658, 270, 388, 0, 0, 0
16443, 1, 1636469473878, 1636469474536, 658, 262, 396, 0, 1, 1
16444, 1, 1636469473962, 1636469474616, 654, 263, 391, 0, 1, 1
16445, 1, 1636469473966, 1636469474616, 650, 262, 388, 0, 0, 0
16446, 1, 1636469473998, 1636469474653, 655, 262, 393, 0, 0, 0
16447, 1, 1636469474054, 1636469474708, 654, 262, 392, 0, 0, 0
16448, 1, 1636469474190, 1636469474844, 654, 262, 392, 0, 0, 0
16449, 1, 1636469474246, 1636469474901, 655, 262, 393, 0, 0, 0
16450, 1, 1636469474290, 1636469474940, 650, 262, 388, 0, 0, 0
16451, 1, 1636469474306, 1636469474964, 658, 267, 391, 0, 1, 1
16452, 1, 1636469474358, 1636469475013, 655, 266, 389, 0, 0, 0
16454, 1, 1636469474366, 1636469475028, 662, 266, 396, 0, 0, 0
16455, 1, 1636469474486, 1636469475141, 655, 266, 389, 0, 0, 0
16456, 1, 1636469474506, 1636469475161, 655, 266, 389, 0, 0, 0
16457, 1, 1636469474538, 1636469475193, 655, 262, 393, 0, 0, 0
16453, 1, 1636469474358, 1636469475248, 890, 502, 388, 1, 0, 1
16459, 1, 1636469474618, 1636469475281, 663, 267, 396, 3, 0, 3
16458, 1, 1636469474618, 1636469475281, 663, 267, 396, 3, 1, 4
16460, 1, 1636469474654, 1636469475313, 659, 267, 392, 1, 0, 1
16461, 1, 1636469474710, 1636469475369, 659, 262, 397, 1, 0, 1
16462, 1, 1636469474846, 1636469475513, 667, 266, 401, 0, 0, 0
16463, 1, 1636469474903, 1636469475561, 658, 262, 396, 0, 0, 0
16464, 1, 1636469474942, 1636469475592, 650, 266, 384, 1, 1, 2
16465, 1, 1636469475014, 1636469475669, 655, 263, 392, 0, 1, 1
16466, 1, 1636469475030, 1636469475680, 650, 261, 389, 0, 0, 0
16467, 1, 1636469475143, 1636469475797, 654, 262, 392, 0, 0, 0
16468, 1, 1636469475162, 1636469475809, 647, 258, 389, 0, 0, 0
16469, 1, 1636469475194, 1636469475853, 659, 263, 396, 0, 2, 2
16470, 1, 1636469475250, 1636469475901, 651, 262, 389, 0, 0, 0
16471, 1, 1636469475282, 1636469475937, 655, 261, 394, 1, 0, 1
16472, 1, 1636469475282, 1636469475937, 655, 263, 392, 3, 0, 3
16473, 1, 1636469475314, 1636469475973, 659, 262, 397, 1, 0, 1
16474, 1, 1636469475370, 1636469476021, 651, 261, 390, 1, 0, 1
16475, 1, 1636469475514, 1636469476173, 659, 263, 396, 1, 0, 1
16477, 1, 1636469475670, 1636469476329, 659, 271, 388, 0, 1, 1
16478, 1, 1636469475682, 1636469476349, 667, 266, 401, 0, 0, 0
16479, 1, 1636469475798, 1636469476453, 655, 262, 393, 0, 0, 0
16480, 1, 1636469475810, 1636469476461, 651, 262, 389, 1, 1, 2
16476, 1, 1636469475594, 1636469476521, 927, 538, 389, 1, 0, 1
16481, 1, 1636469475854, 1636469476521, 667, 271, 396, 0, 0, 0
16484, 1, 1636469475938, 1636469476601, 663, 267, 396, 2, 0, 2
16483, 1, 1636469475938, 1636469476601, 663, 266, 397, 2, 0, 2
16486, 1, 1636469476022, 1636469476677, 655, 263, 392, 0, 1, 1
16482, 1, 1636469475902, 1636469476677, 775, 386, 389, 0, 0, 0
16487, 1, 1636469476175, 1636469476836, 661, 262, 399, 0, 0, 0
16485, 1, 1636469475974, 1636469476869, 895, 505, 390, 0, 0, 0
16488, 1, 1636469476331, 1636469476997, 666, 267, 399, 0, 0, 0
16489, 1, 1636469476350, 1636469477005, 655, 262, 393, 0, 0, 0
16490, 1, 1636469476454, 1636469477108, 654, 266, 388, 0, 0, 0
16491, 1, 1636469476462, 1636469477112, 650, 266, 384, 0, 0, 0
16493, 1, 1636469476523, 1636469477180, 657, 271, 386, 0, 1, 1
16492, 1, 1636469476522, 1636469477181, 659, 274, 385, 0, 1, 1
16495, 1, 1636469476602, 1636469477269, 667, 267, 400, 3, 0, 3
16494, 1, 1636469476602, 1636469477269, 667, 267, 400, 4, 0, 4
16497, 1, 1636469476678, 1636469477337, 659, 266, 393, 1, 0, 1
16498, 1, 1636469476870, 1636469477532, 662, 267, 395, 0, 1, 1
16496, 1, 1636469476678, 1636469477621, 943, 548, 395, 1, 2, 3
16499, 1, 1636469476998, 1636469477649, 651, 262, 389, 0, 0, 0
16501, 1, 1636469477110, 1636469477756, 646, 262, 384, 0, 0, 0
16502, 1, 1636469477114, 1636469477761, 647, 262, 385, 0, 1, 1
16504, 1, 1636469477182, 1636469477833, 651, 264, 387, 1, 2, 3
16503, 1, 1636469477181, 1636469477848, 667, 271, 396, 1, 3, 4
16506, 1, 1636469477271, 1636469477929, 658, 262, 396, 3, 0, 3
16505, 1, 1636469477271, 1636469477929, 658, 263, 395, 3, 0, 3
16500, 1, 1636469477006, 1636469477969, 963, 566, 397, 1, 0, 1
16507, 1, 1636469477338, 1636469477993, 655, 267, 388, 0, 1, 1
16508, 1, 1636469477622, 1636469478273, 651, 262, 389, 0, 0, 0
16509, 1, 1636469477650, 1636469478321, 671, 278, 393, 0, 1, 1
16510, 1, 1636469477758, 1636469478405, 647, 262, 385, 0, 1, 1
16511, 1, 1636469477762, 1636469478425, 663, 270, 393, 0, 1, 1
16512, 1, 1636469477834, 1636469478489, 655, 262, 393, 0, 0, 0
16513, 1, 1636469477850, 1636469478505, 655, 262, 393, 0, 1, 1
16514, 1, 1636469477930, 1636469478589, 659, 262, 397, 0, 0, 0
16515, 1, 1636469477970, 1636469478629, 659, 266, 393, 0, 0, 0
16516, 1, 1636469477994, 1636469478649, 655, 262, 393, 0, 0, 0
16517, 1, 1636469478274, 1636469478933, 659, 266, 393, 0, 0, 0
16518, 1, 1636469478322, 1636469478973, 651, 262, 389, 0, 0, 0
16519, 1, 1636469478406, 1636469479061, 655, 267, 388, 0, 1, 1
16520, 1, 1636469478426, 1636469479077, 651, 262, 389, 0, 0, 0
16521, 1, 1636469478491, 1636469479145, 654, 266, 388, 0, 0, 0
16522, 1, 1636469478506, 1636469479165, 659, 262, 397, 0, 0, 0
16523, 1, 1636469478590, 1636469479249, 659, 262, 397, 0, 0, 0
16524, 1, 1636469478650, 1636469479301, 651, 262, 389, 0, 0, 0
16525, 1, 1636469478934, 1636469479589, 655, 262, 393, 0, 0, 0
16526, 1, 1636469479062, 1636469479717, 655, 263, 392, 0, 1, 1
16527, 1, 1636469479078, 1636469479729, 651, 262, 389, 0, 0, 0
16528, 1, 1636469479146, 1636469479801, 655, 262, 393, 0, 1, 1
16529, 1, 1636469479166, 1636469479816, 650, 262, 388, 0, 1, 1
16530, 1, 1636469479250, 1636469479905, 655, 262, 393, 0, 0, 0
16531, 1, 1636469479302, 1636469479957, 655, 266, 389, 0, 0, 0
16532, 1, 1636469479590, 1636469480241, 651, 262, 389, 0, 1, 1
16533, 1, 1636469479718, 1636469480365, 647, 263, 384, 0, 2, 2
16534, 1, 1636469479730, 1636469480381, 651, 262, 389, 0, 0, 0
16535, 1, 1636469479802, 1636469480453, 651, 262, 389, 0, 0, 0
16536, 1, 1636469479818, 1636469480473, 655, 263, 392, 0, 0, 0
16537, 1, 1636469479906, 1636469480557, 651, 262, 389, 0, 0, 0
16538, 1, 1636469479958, 1636469480609, 651, 262, 389, 0, 0, 0
16539, 1, 1636469480242, 1636469480893, 651, 262, 389, 0, 0, 0
16540, 1, 1636469480366, 1636469481021, 655, 262, 393, 0, 0, 0
16541, 1, 1636469480382, 1636469481033, 651, 262, 389, 0, 0, 0
16542, 1, 1636469480454, 1636469481113, 659, 262, 397, 0, 0, 0
16543, 1, 1636469480474, 1636469481129, 655, 262, 393, 0, 1, 1
16544, 1, 1636469480558, 1636469481213, 655, 262, 393, 1, 0, 1
16545, 1, 1636469480610, 1636469481265, 655, 264, 391, 1, 0, 1
16546, 1, 1636469480894, 1636469481549, 655, 262, 393, 0, 0, 0
16547, 1, 1636469481022, 1636469481672, 650, 262, 388, 0, 0, 0
16548, 1, 1636469481034, 1636469481689, 655, 262, 393, 0, 0, 0
16549, 1, 1636469481114, 1636469481765, 651, 262, 389, 0, 0, 0
16550, 1, 1636469481130, 1636469481781, 651, 263, 388, 0, 0, 0
16551, 1, 1636469481214, 1636469481865, 651, 262, 389, 0, 0, 0
16552, 1, 1636469481266, 1636469481917, 651, 262, 389, 0, 0, 0
16553, 1, 1636469481550, 1636469482209, 659, 262, 397, 0, 1, 1
16554, 1, 1636469481674, 1636469482329, 655, 266, 389, 0, 0, 0
16555, 1, 1636469481690, 1636469482341, 651, 262, 389, 0, 0, 0
16556, 1, 1636469481766, 1636469482413, 647, 262, 385, 0, 0, 0
16557, 1, 1636469481782, 1636469482437, 655, 263, 392, 1, 2, 3
16558, 1, 1636469481866, 1636469482521, 655, 263, 392, 0, 0, 0
16559, 1, 1636469481918, 1636469482565, 647, 262, 385, 0, 0, 0
16560, 1, 1636469482210, 1636469482869, 659, 266, 393, 1, 0, 1
16561, 1, 1636469482343, 1636469482993, 650, 262, 388, 0, 0, 0
16562, 1, 1636469482414, 1636469483065, 651, 262, 389, 0, 0, 0
16563, 1, 1636469482438, 1636469483093, 655, 262, 393, 0, 0, 0
16564, 1, 1636469482522, 1636469483177, 655, 266, 389, 0, 0, 0
16565, 1, 1636469482566, 1636469483213, 647, 262, 385, 0, 0, 0
16566, 1, 1636469482870, 1636469483521, 651, 262, 389, 0, 0, 0
16567, 1, 1636469482994, 1636469483645, 651, 262, 389, 0, 0, 0
16568, 1, 1636469483066, 1636469483717, 651, 262, 389, 0, 0, 0
16569, 1, 1636469483178, 1636469483829, 651, 262, 389, 0, 0, 0
16570, 1, 1636469483214, 1636469483861, 647, 262, 385, 0, 0, 0
16571, 1, 1636469483522, 1636469484177, 655, 262, 393, 0, 0, 0
16572, 1, 1636469483646, 1636469484297, 651, 262, 389, 0, 0, 0
16573, 1, 1636469483718, 1636469484369, 651, 262, 389, 0, 0, 0
16574, 1, 1636469483862, 1636469484513, 651, 262, 389, 0, 0, 0
16575, 1, 1636469484178, 1636469484833, 655, 262, 393, 0, 0, 0
16576, 1, 1636469484298, 1636469484949, 651, 262, 389, 0, 0, 0
16577, 1, 1636469484370, 1636469485021, 651, 262, 389, 0, 0, 0
16578, 1, 1636469484514, 1636469485165, 651, 262, 389, 0, 0, 0
16579, 1, 1636469484834, 1636469485488, 654, 262, 392, 0, 0, 0
16580, 1, 1636469484950, 1636469485601, 651, 262, 389, 0, 0, 0
16581, 1, 1636469485022, 1636469485673, 651, 262, 389, 0, 0, 0
16582, 1, 1636469485166, 1636469485821, 655, 262, 393, 0, 0, 0
16583, 1, 1636469485490, 1636469486145, 655, 262, 393, 0, 0, 0
16584, 1, 1636469485674, 1636469486325, 651, 262, 389, 0, 0, 0
16585, 1, 1636469485822, 1636469486477, 655, 262, 393, 0, 0, 0
16586, 1, 1636469486146, 1636469486797, 651, 262, 389, 0, 0, 0
16587, 1, 1636469486326, 1636469486981, 655, 265, 390, 1, 0, 1
16588, 1, 1636469486478, 1636469487137, 659, 262, 397, 0, 0, 0
16589, 1, 1636469486798, 1636469487456, 658, 263, 395, 0, 0, 0
16590, 1, 1636469486982, 1636469487641, 659, 270, 389, 0, 0, 0
16591, 1, 1636469487138, 1636469487793, 655, 262, 393, 0, 0, 0
16592, 1, 1636469487458, 1636469488113, 655, 262, 393, 0, 0, 0
16593, 1, 1636469487642, 1636469488297, 655, 266, 389, 0, 0, 0
16594, 1, 1636469487794, 1636469488445, 651, 262, 389, 0, 0, 0
16595, 1, 1636469488114, 1636469488769, 655, 262, 393, 0, 0, 0
16596, 1, 1636469488298, 1636469488953, 655, 262, 393, 0, 0, 0
16597, 1, 1636469488770, 1636469489425, 655, 262, 393, 0, 0, 0
16598, 1, 1636469488954, 1636469489605, 651, 262, 389, 0, 2, 2
16599, 1, 1636469489426, 1636469490081, 655, 262, 393, 0, 0, 0
16600, 1, 1636469490082, 1636469490737, 655, 262, 393, 0, 0, 0
16601, 1, 1636469697626, 1636469698237, 611, 262, 349, 0, 0, 0
16602, 1, 1636469698191, 1636469698801, 610, 262, 348, 0, 0, 0
16603, 1, 1636469698858, 1636469699469, 611, 262, 349, 0, 0, 0
16604, 1, 1636469699509, 1636469700129, 620, 267, 353, 0, 0, 0
16605, 1, 1636469700174, 1636469700785, 611, 262, 349, 0, 0, 0
16606, 1, 1636469700821, 1636469701433, 612, 262, 350, 0, 0, 0
16607, 1, 1636469701561, 1636469702177, 616, 262, 354, 0, 0, 0
16608, 1, 1636469701675, 1636469702285, 610, 262, 348, 0, 0, 0
16609, 1, 1636469701937, 1636469702545, 608, 259, 349, 0, 0, 0
16610, 1, 1636469702153, 1636469702765, 612, 262, 350, 0, 0, 0
16611, 1, 1636469702794, 1636469703405, 611, 262, 349, 0, 0, 0
16612, 1, 1636469702852, 1636469703461, 609, 262, 347, 0, 0, 0
16613, 1, 1636469703233, 1636469703849, 616, 262, 354, 0, 0, 0
16614, 1, 1636469703481, 1636469704093, 612, 262, 350, 0, 0, 0
16615, 1, 1636469704109, 1636469704721, 612, 262, 350, 0, 0, 0
16616, 1, 1636469704756, 1636469705369, 613, 262, 351, 0, 0, 0
16617, 1, 1636469705520, 1636469706129, 609, 263, 346, 1, 0, 1
16618, 1, 1636469705610, 1636469706224, 614, 267, 347, 1, 1, 2
16619, 1, 1636469705728, 1636469706341, 613, 262, 351, 0, 0, 0
16620, 1, 1636469705826, 1636469706477, 651, 303, 348, 0, 1, 1
16621, 1, 1636469706087, 1636469706697, 610, 267, 343, 1, 0, 1
16622, 1, 1636469706534, 1636469707145, 611, 262, 349, 0, 0, 0
16623, 1, 1636469706598, 1636469707209, 611, 262, 349, 0, 0, 0
16624, 1, 1636469706753, 1636469707365, 612, 262, 350, 0, 0, 0
16625, 1, 1636469707192, 1636469707801, 609, 263, 346, 1, 0, 1
16626, 1, 1636469707256, 1636469707873, 617, 266, 351, 0, 0, 0
16627, 1, 1636469707417, 1636469708029, 612, 262, 350, 0, 0, 0
16628, 1, 1636469707947, 1636469708557, 610, 262, 348, 0, 0, 0
16629, 1, 1636469708068, 1636469708681, 613, 262, 351, 0, 0, 0
16631, 1, 1636469708718, 1636469709325, 607, 262, 345, 0, 2, 2
16630, 1, 1636469708715, 1636469709325, 610, 262, 348, 0, 0, 0
16632, 1, 1636469709433, 1636469710044, 611, 262, 349, 0, 0, 0
16633, 1, 1636469709569, 1636469710181, 612, 262, 350, 0, 0, 0
16634, 1, 1636469709663, 1636469710273, 610, 262, 348, 0, 0, 0
16635, 1, 1636469709770, 1636469710381, 611, 262, 349, 0, 0, 0
16637, 1, 1636469710046, 1636469710657, 611, 262, 349, 0, 0, 0
16636, 1, 1636469709954, 1636469710729, 775, 426, 349, 0, 0, 0
16638, 1, 1636469710208, 1636469710821, 613, 262, 351, 0, 1, 1
16639, 1, 1636469710469, 1636469711081, 612, 262, 350, 1, 0, 1
16640, 1, 1636469710557, 1636469711165, 608, 262, 346, 1, 0, 1
16641, 1, 1636469711005, 1636469711617, 612, 262, 350, 0, 0, 0
16642, 1, 1636469711048, 1636469711661, 613, 266, 347, 0, 0, 0
16643, 1, 1636469711192, 1636469711801, 609, 262, 347, 0, 0, 0
16644, 1, 1636469711376, 1636469711989, 613, 262, 351, 0, 0, 0
16645, 1, 1636469711441, 1636469712053, 612, 263, 349, 1, 0, 1
16646, 1, 1636469711882, 1636469712493, 611, 262, 349, 0, 0, 0
16647, 1, 1636469711958, 1636469712569, 611, 262, 349, 0, 0, 0
16648, 1, 1636469712362, 1636469712973, 611, 262, 349, 0, 0, 0
16649, 1, 1636469712463, 1636469713073, 610, 262, 348, 0, 0, 0
16650, 1, 1636469712542, 1636469713161, 619, 266, 353, 1, 0, 1
16651, 1, 1636469713009, 1636469713621, 612, 262, 350, 0, 0, 0
16652, 1, 1636469713368, 1636469713981, 613, 262, 351, 0, 0, 0
16653, 1, 1636469713553, 1636469714165, 612, 262, 350, 0, 0, 0
16654, 1, 1636469713815, 1636469714421, 606, 262, 344, 0, 0, 0
16655, 1, 1636469713863, 1636469714473, 610, 262, 348, 0, 0, 0
16656, 1, 1636469714143, 1636469714749, 606, 262, 344, 0, 0, 0
16657, 1, 1636469714200, 1636469714813, 613, 262, 351, 0, 0, 0
16658, 1, 1636469714341, 1636469714957, 616, 266, 350, 0, 0, 0
16659, 1, 1636469714428, 1636469715045, 617, 265, 352, 0, 0, 0
16660, 1, 1636469714806, 1636469715417, 611, 262, 349, 0, 0, 0
16661, 1, 1636469714939, 1636469715557, 618, 266, 352, 0, 0, 0
16662, 1, 1636469715081, 1636469715697, 616, 262, 354, 0, 0, 0
16663, 1, 1636469715094, 1636469715709, 615, 262, 353, 0, 0, 0
16664, 1, 1636469715487, 1636469716097, 610, 263, 347, 0, 0, 0
16665, 1, 1636469715670, 1636469716285, 615, 266, 349, 0, 0, 0
16666, 1, 1636469715841, 1636469716453, 612, 262, 350, 0, 0, 0
16667, 1, 1636469715892, 1636469716508, 616, 266, 350, 0, 0, 0
16668, 1, 1636469716408, 1636469717021, 613, 263, 350, 0, 1, 1
16669, 1, 1636469716422, 1636469717029, 607, 262, 345, 0, 0, 0
16670, 1, 1636469716477, 1636469717093, 616, 262, 354, 0, 0, 0
16671, 1, 1636469717056, 1636469717668, 612, 263, 349, 0, 0, 0
16672, 1, 1636469717327, 1636469717933, 606, 262, 344, 0, 0, 0
16673, 1, 1636469717651, 1636469718265, 614, 267, 347, 0, 1, 1
16674, 1, 1636469717848, 1636469718469, 621, 267, 354, 1, 1, 2
16675, 1, 1636469717909, 1636469718617, 708, 354, 354, 0, 0, 0
16677, 1, 1636469718033, 1636469718645, 612, 263, 349, 1, 0, 1
16676, 1, 1636469718022, 1636469718964, 942, 594, 348, 0, 0, 0
16678, 1, 1636469718387, 1636469719313, 926, 578, 348, 0, 1, 1
16679, 1, 1636469718723, 1636469719337, 614, 266, 348, 0, 0, 0
16681, 1, 1636469718898, 1636469719509, 611, 262, 349, 0, 0, 0
16682, 1, 1636469718916, 1636469719661, 745, 399, 346, 0, 0, 0
16684, 1, 1636469719375, 1636469719985, 610, 262, 348, 0, 0, 0
16686, 1, 1636469719851, 1636469720461, 610, 262, 348, 0, 0, 0
16687, 1, 1636469720136, 1636469720749, 613, 262, 351, 0, 0, 0
16689, 1, 1636469720436, 1636469721049, 613, 262, 351, 0, 0, 0
16690, 1, 1636469720672, 1636469721285, 613, 262, 351, 0, 0, 0
16680, 2, 1636469718852, 1636469721535, 2683, 0, 2683, 0, 1, 1
16683, 2, 1636469719309, 1636469721535, 2226, 0, 2226, 0, 1, 1
16685, 2, 1636469719716, 1636469721939, 2223, 0, 2223, 0, 0, 0
16692, 1, 1636469721576, 1636469722189, 613, 267, 346, 0, 1, 1
16694, 1, 1636469721625, 1636469722285, 660, 262, 398, 0, 1, 1
16693, 1, 1636469721621, 1636469722285, 664, 263, 401, 2, 0, 2
16696, 1, 1636469721717, 1636469722328, 611, 263, 348, 1, 0, 1
16688, 2, 1636469720230, 1636469722450, 2220, 0, 2220, 0, 0, 0
16697, 1, 1636469722029, 1636469722689, 660, 266, 394, 0, 0, 0
16700, 1, 1636469722143, 1636469722753, 610, 262, 348, 0, 0, 0
16701, 1, 1636469722328, 1636469722941, 613, 262, 351, 0, 0, 0
16691, 2, 1636469720878, 1636469723098, 2220, 0, 2220, 0, 0, 0
16702, 1, 1636469722537, 1636469723189, 652, 262, 390, 0, 0, 0
16704, 1, 1636469722917, 1636469723529, 612, 262, 350, 0, 0, 0
16706, 1, 1636469723192, 1636469723805, 613, 262, 351, 0, 0, 0
16705, 1, 1636469723185, 1636469723841, 656, 262, 394, 0, 0, 0
16695, 2, 1636469721649, 1636469723870, 2221, 0, 2221, 0, 0, 0
16698, 2, 1636469722056, 1636469724278, 2222, 0, 2222, 1, 0, 1
16699, 2, 1636469722100, 1636469724322, 2222, 1, 2221, 0, 1, 1
16708, 1, 1636469723957, 1636469724609, 652, 262, 390, 0, 0, 0
16709, 1, 1636469724145, 1636469724757, 612, 262, 350, 0, 0, 0
16703, 2, 1636469722769, 1636469724990, 2221, 0, 2221, 0, 0, 0
16711, 1, 1636469724365, 1636469725017, 652, 262, 390, 0, 0, 0
16712, 1, 1636469724409, 1636469725065, 656, 266, 390, 0, 0, 0
16714, 1, 1636469724730, 1636469725341, 611, 262, 349, 0, 0, 0
16707, 2, 1636469723421, 1636469725642, 2221, 0, 2221, 0, 0, 0
16715, 1, 1636469725077, 1636469725737, 660, 262, 398, 0, 0, 0
16716, 1, 1636469725275, 1636469725885, 610, 262, 348, 0, 0, 0
16717, 1, 1636469725487, 1636469726097, 610, 262, 348, 0, 0, 0
16719, 1, 1636469725681, 1636469726293, 612, 262, 350, 0, 0, 0
16720, 1, 1636469725733, 1636469726389, 656, 262, 394, 0, 0, 0
16710, 2, 1636469724182, 1636469726403, 2221, 0, 2221, 0, 0, 0
16721, 1, 1636469725991, 1636469726641, 650, 302, 348, 0, 0, 0
16713, 2, 1636469724717, 1636469726938, 2221, 0, 2221, 0, 0, 0
16723, 1, 1636469726384, 1636469726993, 609, 262, 347, 0, 0, 0
16724, 1, 1636469726416, 1636469727029, 613, 263, 350, 1, 0, 1
16725, 1, 1636469726493, 1636469727145, 652, 262, 390, 0, 0, 0
16727, 1, 1636469727030, 1636469727641, 611, 262, 349, 0, 0, 0
16726, 1, 1636469727025, 1636469727673, 648, 258, 390, 0, 0, 0
16728, 1, 1636469727190, 1636469727801, 611, 263, 348, 0, 0, 0
16718, 2, 1636469725622, 1636469727846, 2224, 0, 2224, 0, 0, 0
16730, 1, 1636469727803, 1636469728412, 609, 262, 347, 0, 0, 0
16731, 1, 1636469727933, 1636469728593, 660, 266, 394, 0, 0, 0
16722, 2, 1636469726375, 1636469728594, 2219, 0, 2219, 1, 0, 1
16733, 1, 1636469728221, 1636469728833, 612, 262, 350, 0, 0, 0
16734, 1, 1636469728255, 1636469728861, 606, 262, 344, 0, 0, 0
16736, 1, 1636469728731, 1636469729341, 610, 263, 347, 1, 1, 2
16735, 1, 1636469728685, 1636469729345, 660, 262, 398, 0, 0, 0
16729, 2, 1636469727238, 1636469729454, 2216, 0, 2216, 0, 0, 0
16738, 1, 1636469729139, 1636469729749, 610, 262, 348, 0, 0, 0
16739, 1, 1636469729224, 1636469729833, 609, 262, 347, 0, 0, 0
16741, 1, 1636469729545, 1636469730157, 612, 262, 350, 1, 0, 1
16740, 1, 1636469729541, 1636469730193, 652, 262, 390, 0, 0, 0
16742, 1, 1636469729588, 1636469730205, 617, 263, 354, 1, 0, 1
16732, 2, 1636469728192, 1636469730414, 2222, 0, 2222, 0, 0, 0
16743, 1, 1636469730032, 1636469730645, 613, 262, 351, 0, 0, 0
16737, 1, 1636469728777, 1636469730893, 2116, 1762, 354, 0, 0, 0
16744, 1, 1636469730347, 1636469730965, 618, 266, 352, 0, 0, 0
16745, 1, 1636469730376, 1636469730993, 617, 266, 351, 0, 0, 0
16746, 1, 1636469730505, 1636469731157, 652, 262, 390, 0, 0, 0
16747, 1, 1636469730567, 1636469731181, 614, 266, 348, 0, 0, 0
16748, 1, 1636469730751, 1636469731365, 614, 266, 348, 0, 0, 0
16749, 1, 1636469730767, 1636469731377, 610, 262, 348, 0, 0, 0
16750, 1, 1636469731342, 1636469731953, 611, 263, 348, 0, 1, 1
16751, 1, 1636469731540, 1636469732153, 613, 262, 351, 1, 0, 1
16752, 1, 1636469731586, 1636469732193, 607, 263, 344, 0, 1, 1
16753, 1, 1636469732086, 1636469732696, 610, 262, 348, 0, 0, 0
16754, 1, 1636469732246, 1636469732857, 611, 262, 349, 0, 0, 0
16755, 1, 1636469732338, 1636469732949, 611, 262, 349, 0, 0, 0
16756, 1, 1636469732731, 1636469733344, 613, 262, 351, 0, 0, 0
16757, 1, 1636469732750, 1636469733357, 607, 263, 344, 0, 1, 1
16758, 1, 1636469732877, 1636469733489, 612, 262, 350, 0, 0, 0
16759, 1, 1636469733181, 1636469733793, 612, 263, 349, 0, 0, 0
16760, 1, 1636469733282, 1636469733893, 611, 263, 348, 0, 0, 0
16761, 1, 1636469733399, 1636469734009, 610, 262, 348, 0, 0, 0
16762, 1, 1636469733452, 1636469734065, 613, 262, 351, 0, 0, 0
16763, 1, 1636469734117, 1636469734737, 620, 266, 354, 0, 0, 0
16764, 1, 1636469734211, 1636469734825, 614, 262, 352, 0, 0, 0
16765, 1, 1636469734345, 1636469734957, 612, 262, 350, 0, 0, 0
16766, 1, 1636469734359, 1636469734977, 618, 262, 356, 0, 1, 1
16767, 1, 1636469734616, 1636469735229, 613, 262, 351, 0, 0, 0
16768, 1, 1636469734652, 1636469735265, 613, 263, 350, 0, 1, 1
16769, 1, 1636469734736, 1636469735357, 621, 266, 355, 1, 0, 1
16770, 1, 1636469735426, 1636469736045, 619, 271, 348, 0, 0, 0
16771, 1, 1636469735509, 1636469736129, 620, 270, 350, 0, 0, 0
16772, 1, 1636469735585, 1636469736209, 624, 266, 358, 0, 0, 0
16773, 1, 1636469735824, 1636469736436, 612, 262, 350, 0, 0, 0
16774, 1, 1636469736203, 1636469736813, 610, 262, 348, 0, 0, 0
16775, 1, 1636469736215, 1636469736829, 614, 262, 352, 0, 0, 0
16776, 1, 1636469736469, 1636469737081, 612, 263, 349, 0, 0, 0
16777, 1, 1636469736846, 1636469737453, 607, 262, 345, 0, 1, 1
16778, 1, 1636469736974, 1636469737589, 615, 266, 349, 0, 0, 0
16779, 1, 1636469737062, 1636469737669, 607, 262, 345, 0, 0, 0
16780, 1, 1636469737189, 1636469737805, 616, 266, 350, 0, 0, 0
16781, 1, 1636469737251, 1636469737869, 618, 266, 352, 0, 0, 0
16782, 1, 1636469737263, 1636469737873, 610, 262, 348, 0, 0, 0
16783, 1, 1636469737837, 1636469738453, 616, 262, 354, 0, 0, 0
16784, 1, 1636469737949, 1636469738561, 612, 262, 350, 0, 0, 0
16785, 1, 1636469738138, 1636469738753, 615, 267, 348, 0, 0, 0
16786, 1, 1636469738223, 1636469738832, 609, 262, 347, 0, 0, 0
16787, 1, 1636469738343, 1636469738957, 614, 266, 348, 0, 0, 0
16788, 1, 1636469738353, 1636469738965, 612, 262, 350, 0, 0, 0
16789, 1, 1636469738695, 1636469739305, 610, 262, 348, 0, 0, 0
16790, 1, 1636469739118, 1636469739733, 615, 263, 352, 1, 0, 1
16791, 1, 1636469739468, 1636469740085, 617, 262, 355, 0, 0, 0
16792, 1, 1636469739488, 1636469740101, 613, 262, 351, 0, 0, 0
16793, 1, 1636469739793, 1636469740409, 616, 262, 354, 0, 0, 0
16794, 1, 1636469740008, 1636469740621, 613, 266, 347, 0, 0, 0
16795, 1, 1636469740196, 1636469740809, 613, 262, 351, 0, 0, 0
16796, 1, 1636469740438, 1636469741049, 611, 262, 349, 0, 0, 0
16797, 1, 1636469740654, 1636469741265, 611, 262, 349, 0, 0, 0
16798, 1, 1636469741000, 1636469741609, 609, 262, 347, 1, 0, 1
16799, 1, 1636469741044, 1636469741657, 613, 262, 351, 1, 0, 1
16801, 1, 1636469741159, 1636469741777, 618, 266, 352, 0, 0, 0
16802, 1, 1636469741170, 1636469741789, 619, 266, 353, 0, 0, 0
16800, 1, 1636469741091, 1636469742005, 914, 567, 347, 0, 2, 2
16803, 1, 1636469741765, 1636469742381, 616, 266, 350, 0, 0, 0
16804, 1, 1636469741918, 1636469742533, 615, 265, 350, 0, 0, 0
16805, 1, 1636469741960, 1636469742573, 613, 263, 350, 0, 1, 1
16806, 1, 1636469742271, 1636469742881, 610, 262, 348, 0, 0, 0
16807, 1, 1636469742322, 1636469742933, 611, 262, 349, 0, 0, 0
16808, 1, 1636469742334, 1636469742949, 615, 262, 353, 0, 0, 0
16809, 1, 1636469742891, 1636469743501, 610, 262, 348, 0, 0, 0
16810, 1, 1636469743047, 1636469743661, 614, 266, 348, 0, 0, 0
16811, 1, 1636469743457, 1636469744073, 616, 266, 350, 0, 0, 0
16812, 1, 1636469743587, 1636469744201, 614, 266, 348, 0, 0, 0
16813, 1, 1636469743664, 1636469744277, 613, 262, 351, 0, 0, 0
16814, 1, 1636469744166, 1636469744781, 615, 266, 349, 0, 0, 0
16815, 1, 1636469744205, 1636469744817, 612, 262, 350, 0, 0, 0
16816, 1, 1636469744232, 1636469744845, 613, 262, 351, 0, 0, 0
16817, 1, 1636469744850, 1636469745461, 611, 262, 349, 0, 0, 0
16818, 1, 1636469744952, 1636469745565, 613, 262, 351, 0, 0, 0
16819, 1, 1636469744957, 1636469745569, 612, 262, 350, 0, 1, 1
16820, 1, 1636469745184, 1636469745797, 613, 263, 350, 0, 0, 0
16821, 1, 1636469745240, 1636469745853, 613, 262, 351, 0, 0, 0
16822, 1, 1636469745366, 1636469745977, 611, 262, 349, 0, 1, 1
16823, 1, 1636469745484, 1636469746097, 613, 262, 351, 0, 0, 0
16824, 1, 1636469745711, 1636469746321, 610, 262, 348, 0, 0, 0
16825, 1, 1636469745929, 1636469746541, 612, 262, 350, 0, 0, 0
16826, 1, 1636469745990, 1636469746601, 611, 262, 349, 0, 0, 0
16827, 1, 1636469746116, 1636469746729, 613, 262, 351, 0, 0, 0
16828, 1, 1636469746348, 1636469746961, 613, 262, 351, 0, 0, 0
16829, 1, 1636469746767, 1636469747377, 610, 262, 348, 0, 0, 0
16830, 1, 1636469746904, 1636469747517, 613, 262, 351, 0, 0, 0
16831, 1, 1636469747250, 1636469747860, 610, 262, 348, 0, 0, 0
16832, 1, 1636469747677, 1636469748289, 612, 262, 350, 0, 0, 0
16833, 1, 1636469747783, 1636469748393, 610, 262, 348, 0, 0, 0
16834, 1, 1636469747960, 1636469748573, 613, 262, 351, 0, 1, 1
16835, 1, 1636469748219, 1636469748829, 610, 263, 347, 0, 1, 1
16836, 1, 1636469748429, 1636469749041, 612, 262, 350, 0, 0, 0
16837, 1, 1636469748750, 1636469749365, 615, 262, 353, 0, 0, 0
16838, 1, 1636469748865, 1636469749477, 612, 262, 350, 0, 0, 0
16839, 1, 1636469749148, 1636469749761, 613, 262, 351, 0, 0, 0
16840, 1, 1636469749217, 1636469749829, 612, 263, 349, 0, 1, 1
16841, 1, 1636469749254, 1636469749865, 611, 262, 349, 0, 0, 0
16842, 1, 1636469749452, 1636469750065, 613, 262, 351, 0, 0, 0
16843, 1, 1636469749722, 1636469750337, 615, 266, 349, 0, 1, 1
16844, 1, 1636469749804, 1636469750417, 613, 262, 351, 0, 0, 0
16845, 1, 1636469749907, 1636469750521, 614, 266, 348, 0, 0, 0
16847, 1, 1636469750311, 1636469750921, 610, 262, 348, 1, 0, 1
16846, 1, 1636469750310, 1636469750921, 611, 263, 348, 0, 1, 1
16848, 1, 1636469750382, 1636469750993, 611, 262, 349, 0, 0, 0
16849, 1, 1636469750939, 1636469751549, 610, 262, 348, 0, 0, 0
16850, 1, 1636469751087, 1636469751697, 610, 262, 348, 0, 0, 0
16851, 1, 1636469751446, 1636469752057, 611, 262, 349, 0, 0, 0
16852, 1, 1636469751712, 1636469752329, 617, 266, 351, 0, 0, 0
16853, 1, 1636469752011, 1636469752621, 610, 262, 348, 0, 0, 0
16854, 1, 1636469752157, 1636469752773, 616, 262, 354, 0, 0, 0
16855, 1, 1636469752392, 1636469753005, 613, 262, 351, 0, 0, 0
16856, 1, 1636469752442, 1636469753053, 611, 266, 345, 0, 0, 0
16857, 1, 1636469752899, 1636469753513, 614, 266, 348, 0, 0, 0
16858, 1, 1636469752946, 1636469753565, 619, 262, 357, 0, 0, 0
16859, 1, 1636469753143, 1636469753761, 618, 263, 355, 0, 0, 0
16860, 1, 1636469753162, 1636469753777, 615, 262, 353, 0, 0, 0
16861, 1, 1636469753288, 1636469753905, 617, 263, 354, 1, 0, 1
16862, 1, 1636469753504, 1636469754125, 621, 266, 355, 0, 0, 0
16863, 1, 1636469753531, 1636469754149, 618, 266, 352, 0, 0, 0
16864, 1, 1636469753918, 1636469754529, 611, 262, 349, 0, 0, 0
16865, 1, 1636469753921, 1636469754533, 612, 266, 346, 0, 0, 0
16866, 1, 1636469754010, 1636469754621, 611, 263, 348, 0, 0, 0
16867, 1, 1636469754325, 1636469754936, 611, 262, 349, 0, 0, 0
16868, 1, 1636469754695, 1636469755305, 610, 262, 348, 0, 0, 0
16869, 1, 1636469754787, 1636469755397, 610, 262, 348, 0, 0, 0
16870, 1, 1636469755252, 1636469755865, 613, 263, 350, 1, 0, 1
16871, 1, 1636469755460, 1636469756073, 613, 262, 351, 0, 0, 0
16872, 1, 1636469756025, 1636469756645, 620, 266, 354, 0, 0, 0
16873, 1, 1636469756045, 1636469756673, 628, 266, 362, 0, 0, 0
16874, 1, 1636469756172, 1636469756789, 617, 266, 351, 0, 0, 0
16875, 1, 1636469756477, 1636469757089, 612, 262, 350, 0, 0, 0
16876, 1, 1636469756705, 1636469757320, 615, 262, 353, 0, 0, 0
16877, 1, 1636469756960, 1636469757573, 613, 261, 352, 0, 0, 0
16878, 1, 1636469757071, 1636469757681, 610, 262, 348, 0, 0, 0
16879, 1, 1636469757197, 1636469757805, 608, 258, 350, 0, 0, 0
16880, 1, 1636469757213, 1636469757833, 620, 262, 358, 0, 1, 1
16881, 1, 1636469757340, 1636469758265, 925, 263, 662, 0, 0, 0
16882, 1, 1636469757601, 1636469758437, 836, 487, 349, 1, 1, 2
16883, 1, 1636469757669, 1636469758437, 768, 414, 354, 0, 0, 0
16884, 1, 1636469757932, 1636469758544, 612, 262, 350, 0, 0, 0
16885, 1, 1636469757955, 1636469758569, 614, 262, 352, 0, 0, 0
16886, 1, 1636469758046, 1636469758785, 739, 390, 349, 0, 0, 0
16887, 1, 1636469758360, 1636469758973, 613, 262, 351, 0, 0, 0
16888, 1, 1636469758504, 1636469759117, 613, 262, 351, 0, 0, 0
16889, 1, 1636469758822, 1636469759433, 611, 262, 349, 0, 0, 0
16890, 1, 1636469759061, 1636469759672, 611, 262, 349, 0, 0, 0
16891, 1, 1636469759494, 1636469760105, 611, 262, 349, 0, 0, 0
16892, 1, 1636469759994, 1636469760604, 610, 262, 348, 0, 0, 0
16893, 1, 1636469760207, 1636469760817, 610, 262, 348, 0, 0, 0
16894, 1, 1636469760357, 1636469760965, 608, 262, 346, 0, 0, 0
16895, 1, 1636469760515, 1636469761125, 610, 262, 348, 0, 0, 0
16896, 1, 1636469760790, 1636469761401, 611, 262, 349, 2, 0, 2
16897, 1, 1636469760791, 1636469761401, 610, 263, 347, 1, 0, 1
16898, 1, 1636469760994, 1636469761600, 606, 262, 344, 1, 0, 1
16899, 1, 1636469761080, 1636469761693, 613, 264, 349, 1, 2, 3
16900, 1, 1636469761182, 1636469761797, 615, 262, 353, 0, 0, 0
16901, 1, 1636469761271, 1636469761877, 606, 262, 344, 1, 0, 1
16902, 1, 1636469761318, 1636469762152, 834, 478, 356, 0, 0, 0
16903, 1, 1636469761614, 1636469762225, 611, 262, 349, 0, 0, 0
16904, 1, 1636469761966, 1636469762581, 615, 262, 353, 0, 0, 0
16905, 1, 1636469761969, 1636469762585, 616, 264, 352, 0, 1, 1
16906, 1, 1636469762254, 1636469762864, 610, 262, 348, 0, 0, 0
16907, 1, 1636469762268, 1636469762881, 613, 262, 351, 0, 0, 0
16908, 1, 1636469762673, 1636469763285, 612, 262, 350, 0, 0, 0
16909, 1, 1636469762686, 1636469763297, 611, 262, 349, 0, 0, 0
16910, 1, 1636469762811, 1636469763424, 613, 266, 347, 0, 0, 0
16911, 1, 1636469763744, 1636469764356, 612, 262, 350, 0, 0, 0
16912, 1, 1636469763807, 1636469764417, 610, 262, 348, 0, 0, 0
16913, 1, 1636469764193, 1636469764805, 612, 262, 350, 1, 0, 1
16914, 1, 1636469764265, 1636469764877, 612, 262, 350, 0, 0, 0
16915, 1, 1636469764281, 1636469764897, 616, 266, 350, 0, 0, 0
16916, 1, 1636469764600, 1636469765213, 613, 262, 351, 0, 0, 0
16917, 1, 1636469764933, 1636469765545, 612, 262, 350, 0, 0, 0
16918, 1, 1636469765067, 1636469765673, 606, 261, 345, 0, 0, 0
16920, 1, 1636469765108, 1636469765721, 613, 263, 350, 3, 0, 3
16921, 1, 1636469765111, 1636469765721, 610, 263, 347, 3, 0, 3
16922, 1, 1636469765266, 1636469765877, 611, 263, 348, 0, 0, 0
16919, 1, 1636469765090, 1636469765889, 799, 454, 345, 0, 0, 0
16923, 1, 1636469765381, 1636469765993, 612, 262, 350, 0, 0, 0
16924, 1, 1636469765735, 1636469766345, 610, 262, 348, 0, 0, 0
16925, 1, 1636469766077, 1636469766693, 616, 266, 350, 0, 0, 0
16926, 1, 1636469766279, 1636469766897, 618, 262, 356, 0, 1, 1
16927, 1, 1636469766440, 1636469767057, 617, 266, 351, 0, 0, 0
16928, 1, 1636469766452, 1636469767064, 612, 262, 350, 0, 0, 0
16929, 1, 1636469766483, 1636469767093, 610, 262, 348, 0, 0, 0
16930, 1, 1636469766997, 1636469767613, 616, 266, 350, 0, 0, 0
16931, 1, 1636469767616, 1636469768229, 613, 262, 351, 0, 0, 0
16932, 1, 1636469767930, 1636469768549, 619, 262, 357, 0, 0, 0
16933, 1, 1636469767944, 1636469768557, 613, 262, 351, 0, 0, 0
16934, 1, 1636469768091, 1636469768701, 610, 262, 348, 0, 0, 0
16935, 1, 1636469768351, 1636469768960, 609, 262, 347, 0, 0, 0
16936, 1, 1636469768451, 1636469769061, 610, 262, 348, 0, 0, 0
16937, 1, 1636469768812, 1636469769425, 613, 262, 351, 1, 0, 1
16938, 1, 1636469768859, 1636469769465, 606, 263, 343, 1, 0, 1
16939, 1, 1636469768903, 1636469769509, 606, 262, 344, 2, 0, 2
16940, 1, 1636469769119, 1636469769729, 610, 262, 348, 0, 0, 0
16942, 1, 1636469769447, 1636469770057, 610, 262, 348, 0, 0, 0
16941, 1, 1636469769314, 1636469770077, 763, 414, 349, 0, 0, 0
16943, 1, 1636469769688, 1636469770301, 613, 262, 351, 0, 0, 0
16944, 1, 1636469769827, 1636469770433, 606, 262, 344, 0, 0, 0
16945, 1, 1636469770041, 1636469770657, 616, 266, 350, 0, 0, 0
16946, 1, 1636469770088, 1636469770705, 617, 262, 355, 0, 0, 0
16947, 1, 1636469770258, 1636469770873, 615, 263, 352, 1, 0, 1
16948, 1, 1636469770621, 1636469771237, 616, 262, 354, 0, 0, 0
16949, 1, 1636469770759, 1636469771372, 613, 263, 350, 0, 0, 0
16950, 1, 1636469771178, 1636469771789, 611, 262, 349, 0, 0, 0
16951, 1, 1636469771366, 1636469771981, 615, 262, 353, 0, 0, 0
16952, 1, 1636469771866, 1636469772477, 611, 262, 349, 0, 0, 0
16953, 1, 1636469772111, 1636469772717, 606, 258, 348, 0, 0, 0
16954, 1, 1636469772131, 1636469772745, 614, 262, 352, 0, 0, 0
16955, 1, 1636469772634, 1636469773253, 619, 266, 353, 0, 0, 0
16956, 1, 1636469772665, 1636469773277, 612, 262, 350, 0, 0, 0
16957, 1, 1636469772677, 1636469773285, 608, 263, 345, 0, 0, 0
16958, 1, 1636469772847, 1636469773457, 610, 262, 348, 0, 0, 0
16959, 1, 1636469773172, 1636469773785, 613, 262, 351, 0, 0, 0
16960, 1, 1636469773302, 1636469773917, 615, 266, 349, 0, 0, 0
16961, 1, 1636469773325, 1636469774265, 940, 590, 350, 0, 0, 0
16962, 1, 1636469773762, 1636469774373, 611, 262, 349, 0, 0, 0
16963, 1, 1636469773800, 1636469774409, 609, 262, 347, 0, 0, 0
16964, 1, 1636469773838, 1636469774449, 611, 262, 349, 0, 0, 0
16965, 1, 1636469774140, 1636469774753, 613, 262, 351, 0, 0, 0
16966, 1, 1636469774153, 1636469774765, 612, 263, 349, 0, 0, 0
16967, 1, 1636469774444, 1636469775101, 657, 306, 351, 0, 0, 0
16968, 1, 1636469774870, 1636469775481, 611, 264, 347, 2, 0, 2
16969, 1, 1636469774936, 1636469775548, 612, 262, 350, 0, 0, 0
16970, 1, 1636469775493, 1636469776105, 612, 262, 350, 0, 0, 0
16971, 1, 1636469775552, 1636469776165, 613, 262, 351, 0, 0, 0
16972, 1, 1636469776053, 1636469776668, 615, 262, 353, 0, 0, 0
16973, 1, 1636469776313, 1636469776929, 616, 266, 350, 0, 0, 0
16974, 1, 1636469776385, 1636469776996, 611, 262, 349, 0, 0, 0
16975, 1, 1636469776710, 1636469777317, 607, 262, 345, 0, 0, 0
16976, 1, 1636469776845, 1636469777461, 616, 262, 354, 0, 0, 0
16977, 1, 1636469776949, 1636469777569, 620, 266, 354, 0, 0, 0
16978, 1, 1636469776990, 1636469777597, 607, 262, 345, 0, 0, 0
16979, 1, 1636469777353, 1636469777965, 612, 262, 350, 0, 0, 0
16980, 1, 1636469777528, 1636469778141, 613, 262, 351, 1, 0, 1
16982, 1, 1636469777715, 1636469778325, 610, 263, 347, 0, 0, 0
16981, 1, 1636469777617, 1636469778489, 872, 522, 350, 0, 0, 0
16985, 1, 1636469778024, 1636469778633, 609, 262, 347, 0, 0, 0
16986, 1, 1636469778321, 1636469778933, 612, 262, 350, 0, 0, 0
16988, 1, 1636469778635, 1636469779281, 646, 298, 348, 0, 1, 1
16984, 2, 1636469777827, 1636469780199, 2372, 0, 2372, 0, 0, 0
16983, 2, 1636469777778, 1636469780199, 2421, 0, 2421, 0, 0, 0
16991, 1, 1636469779733, 1636469780345, 612, 262, 350, 0, 0, 0
16987, 2, 1636469778545, 1636469780766, 2221, 0, 2221, 0, 0, 0
16992, 1, 1636469780235, 1636469780845, 610, 262, 348, 0, 0, 0
16994, 1, 1636469780285, 1636469780933, 648, 263, 385, 1, 0, 1
16996, 1, 1636469780375, 1636469780985, 610, 263, 347, 0, 0, 0
16989, 2, 1636469778889, 1636469781110, 2221, 1, 2220, 0, 1, 1
16997, 1, 1636469780629, 1636469781244, 615, 262, 353, 0, 0, 0
16993, 1, 1636469780285, 1636469781281, 996, 602, 394, 0, 0, 0
16998, 1, 1636469780857, 1636469781629, 772, 381, 391, 0, 1, 1
16990, 2, 1636469779447, 1636469781666, 2219, 0, 2219, 0, 0, 0
17000, 1, 1636469781160, 1636469781781, 621, 271, 350, 0, 0, 0
17001, 1, 1636469781172, 1636469781793, 621, 271, 350, 1, 0, 1
17002, 1, 1636469781197, 1636469781853, 656, 268, 388, 1, 0, 1
17003, 1, 1636469781405, 1636469782025, 620, 268, 352, 1, 0, 1
17006, 1, 1636469781669, 1636469782281, 612, 262, 350, 0, 0, 0
17007, 1, 1636469781753, 1636469782409, 656, 262, 394, 0, 0, 0
16995, 2, 1636469780338, 1636469782558, 2220, 0, 2220, 0, 0, 0
17008, 1, 1636469782207, 1636469782817, 610, 262, 348, 0, 0, 0
16999, 2, 1636469780903, 1636469783122, 2219, 1, 2218, 1, 0, 1
17009, 1, 1636469782637, 1636469783249, 612, 262, 350, 0, 0, 0
17010, 1, 1636469782645, 1636469783297, 652, 262, 390, 0, 0, 0
17011, 1, 1636469782868, 1636469783597, 729, 378, 351, 0, 0, 0
17004, 2, 1636469781441, 1636469783666, 2225, 0, 2225, 0, 0, 0
17005, 2, 1636469781481, 1636469783702, 2221, 0, 2221, 0, 0, 0
17012, 1, 1636469783209, 1636469783865, 656, 262, 394, 0, 0, 0
17013, 1, 1636469783753, 1636469784409, 656, 262, 394, 0, 0, 0
17015, 1, 1636469784048, 1636469784665, 617, 262, 355, 0, 0, 0
17016, 1, 1636469784149, 1636469784756, 607, 263, 344, 0, 0, 0
17014, 1, 1636469783793, 1636469784756, 963, 570, 393, 0, 0, 0
17017, 1, 1636469784200, 1636469785105, 905, 554, 351, 0, 0, 0
17018, 1, 1636469784550, 1636469785161, 611, 262, 349, 0, 0, 0
17019, 1, 1636469784583, 1636469785197, 614, 262, 352, 0, 0, 0
17020, 1, 1636469784601, 1636469785217, 616, 262, 354, 0, 0, 0
17021, 1, 1636469784756, 1636469785453, 697, 350, 347, 0, 0, 0
17022, 1, 1636469784831, 1636469785545, 714, 366, 348, 0, 0, 0
17023, 1, 1636469784958, 1636469785573, 615, 266, 349, 0, 0, 0
17024, 1, 1636469785075, 1636469785797, 722, 378, 344, 0, 0, 0
17025, 1, 1636469785330, 1636469785941, 611, 262, 349, 0, 0, 0
17026, 1, 1636469785512, 1636469786125, 613, 262, 351, 0, 0, 0
17027, 1, 1636469785622, 1636469786233, 611, 262, 349, 0, 0, 0
17028, 1, 1636469786404, 1636469787020, 616, 262, 354, 0, 0, 0
17029, 1, 1636469786521, 1636469787133, 612, 266, 346, 0, 0, 0
17030, 1, 1636469786590, 1636469787205, 615, 262, 353, 0, 0, 0
17031, 1, 1636469786722, 1636469787553, 831, 482, 349, 0, 1, 1
17032, 1, 1636469786968, 1636469787593, 625, 266, 359, 0, 0, 0
17033, 1, 1636469787495, 1636469788105, 610, 262, 348, 0, 0, 0
17034, 1, 1636469787513, 1636469788457, 944, 590, 354, 0, 0, 0
17035, 1, 1636469787871, 1636469788481, 610, 262, 348, 0, 0, 0
17036, 1, 1636469788001, 1636469788613, 612, 262, 350, 0, 0, 0
17037, 1, 1636469788140, 1636469788825, 685, 338, 347, 0, 0, 0
17038, 1, 1636469788274, 1636469788885, 611, 262, 349, 0, 0, 0
17039, 1, 1636469788504, 1636469789113, 609, 262, 347, 0, 0, 0
17040, 1, 1636469788670, 1636469789281, 611, 263, 348, 1, 0, 1
17041, 1, 1636469788713, 1636469789325, 612, 263, 349, 0, 1, 1
17042, 1, 1636469788717, 1636469789333, 616, 262, 354, 0, 1, 1
17043, 1, 1636469788810, 1636469789421, 611, 266, 345, 0, 0, 0
17044, 1, 1636469789048, 1636469789661, 613, 262, 351, 0, 0, 0
17045, 1, 1636469789271, 1636469789881, 610, 262, 348, 1, 0, 1
17046, 1, 1636469789283, 1636469789893, 610, 263, 347, 0, 1, 1
17047, 1, 1636469789312, 1636469789925, 613, 263, 350, 1, 0, 1
17048, 1, 1636469790164, 1636469790777, 613, 262, 351, 0, 0, 0
17049, 1, 1636469790280, 1636469790893, 613, 262, 351, 0, 0, 0
17051, 1, 1636469790474, 1636469791089, 615, 262, 353, 0, 0, 0
17050, 1, 1636469790417, 1636469791241, 824, 474, 350, 0, 0, 0
17052, 1, 1636469790930, 1636469791545, 615, 266, 349, 0, 0, 0
17053, 1, 1636469791254, 1636469791893, 639, 290, 349, 0, 0, 0
17054, 1, 1636469791264, 1636469792241, 977, 622, 355, 0, 0, 0
17055, 1, 1636469791691, 1636469792297, 606, 262, 344, 0, 0, 0
17056, 1, 1636469792020, 1636469792633, 613, 262, 351, 0, 0, 0
17057, 1, 1636469792163, 1636469792769, 606, 262, 344, 0, 0, 0
17058, 1, 1636469792179, 1636469792788, 609, 262, 347, 0, 0, 0
17059, 1, 1636469792312, 1636469792981, 669, 318, 351, 0, 0, 0
17060, 1, 1636469792388, 1636469793001, 613, 262, 351, 0, 0, 0
17061, 1, 1636469792698, 1636469793309, 611, 262, 349, 0, 0, 0
17062, 1, 1636469792820, 1636469793429, 609, 263, 346, 0, 1, 1
17063, 1, 1636469792940, 1636469793557, 617, 262, 355, 0, 0, 0
17064, 1, 1636469792973, 1636469793588, 615, 262, 353, 0, 0, 0
17065, 1, 1636469793197, 1636469793813, 616, 267, 349, 0, 0, 0
17066, 1, 1636469793200, 1636469793817, 617, 267, 350, 0, 2, 2
17067, 1, 1636469793494, 1636469794109, 615, 266, 349, 0, 0, 0
17069, 1, 1636469794168, 1636469794781, 613, 262, 351, 0, 0, 0
17068, 1, 1636469794164, 1636469794781, 617, 266, 351, 0, 0, 0
17071, 1, 1636469794387, 1636469794997, 610, 262, 348, 0, 0, 0
17070, 1, 1636469794372, 1636469795129, 757, 406, 351, 0, 0, 0
17072, 1, 1636469795153, 1636469795765, 612, 262, 350, 0, 0, 0
17073, 1, 1636469795299, 1636469796113, 814, 466, 348, 0, 0, 0
17075, 1, 1636469795685, 1636469796296, 611, 262, 349, 0, 0, 0
17074, 1, 1636469795515, 1636469796461, 946, 598, 348, 0, 0, 0
17076, 1, 1636469795885, 1636469796497, 612, 262, 350, 0, 0, 0
17077, 1, 1636469795923, 1636469796537, 614, 266, 348, 0, 0, 0
17078, 1, 1636469796174, 1636469796789, 615, 262, 353, 0, 0, 0
17079, 1, 1636469796203, 1636469796816, 613, 262, 351, 0, 0, 0
17080, 1, 1636469796273, 1636469796885, 612, 262, 350, 0, 0, 0
17081, 1, 1636469796635, 1636469797249, 614, 266, 348, 0, 1, 1
17082, 1, 1636469796808, 1636469797417, 609, 267, 342, 1, 0, 1
17083, 1, 1636469796861, 1636469797473, 612, 262, 350, 0, 0, 0
17085, 1, 1636469797138, 1636469797753, 615, 266, 349, 0, 0, 0
17084, 1, 1636469797100, 1636469797765, 665, 314, 351, 0, 0, 0
17086, 1, 1636469797153, 1636469797765, 612, 262, 350, 0, 0, 0
17087, 1, 1636469797707, 1636469798317, 610, 262, 348, 0, 0, 0
17088, 1, 1636469798052, 1636469798665, 613, 262, 351, 0, 0, 0
17089, 1, 1636469798105, 1636469798717, 612, 262, 350, 0, 0, 0
17090, 1, 1636469798351, 1636469799065, 714, 366, 348, 0, 0, 0
17091, 1, 1636469798600, 1636469799213, 613, 262, 351, 0, 0, 0
17092, 1, 1636469799367, 1636469799976, 609, 262, 347, 0, 0, 0
17094, 1, 1636469799622, 1636469800233, 611, 262, 349, 0, 0, 0
17096, 1, 1636469799905, 1636469800517, 612, 264, 348, 1, 1, 2
17097, 1, 1636469799997, 1636469800608, 611, 262, 349, 0, 1, 1
17098, 1, 1636469800034, 1636469800649, 615, 262, 353, 1, 0, 1
17099, 1, 1636469800111, 1636469800721, 610, 262, 348, 0, 0, 0
17100, 1, 1636469800255, 1636469800869, 614, 262, 352, 0, 0, 0
17101, 1, 1636469800500, 1636469801221, 721, 367, 354, 0, 0, 0
17102, 1, 1636469800785, 1636469801397, 612, 262, 350, 0, 0, 0
17103, 1, 1636469800798, 1636469801409, 611, 262, 349, 0, 0, 0
17105, 1, 1636469800831, 1636469801441, 610, 263, 347, 1, 0, 1
17104, 1, 1636469800828, 1636469801573, 745, 390, 355, 0, 0, 0
17095, 2, 1636469799627, 1636469801851, 2224, 0, 2224, 0, 0, 0
17093, 2, 1636469799516, 1636469801851, 2335, 0, 2335, 0, 0, 0
17106, 1, 1636469801287, 1636469801897, 610, 262, 348, 0, 0, 0
17107, 1, 1636469801386, 1636469802001, 615, 262, 353, 0, 0, 0
17109, 1, 1636469801941, 1636469802593, 652, 263, 389, 0, 0, 0
17110, 1, 1636469801989, 1636469802608, 619, 270, 349, 0, 0, 0
17111, 1, 1636469802254, 1636469802865, 611, 262, 349, 0, 0, 0
17112, 1, 1636469802279, 1636469802889, 610, 262, 348, 0, 0, 0
17108, 1, 1636469801937, 1636469802941, 1004, 611, 393, 2, 0, 2
17113, 1, 1636469802565, 1636469803213, 648, 298, 350, 0, 0, 0
17114, 1, 1636469803177, 1636469803793, 616, 266, 350, 0, 0, 0
17115, 1, 1636469803726, 1636469804337, 611, 262, 349, 1, 0, 1
17116, 1, 1636469803757, 1636469804369, 612, 262, 350, 0, 0, 0
17117, 1, 1636469803771, 1636469804385, 614, 263, 351, 1, 0, 1
17118, 1, 1636469803937, 1636469804549, 612, 262, 350, 0, 0, 0
17119, 1, 1636469804107, 1636469804717, 610, 262, 348, 0, 0, 0
17121, 1, 1636469804260, 1636469804873, 613, 262, 351, 0, 0, 0
17120, 1, 1636469804188, 1636469805069, 881, 526, 355, 0, 0, 0
17123, 1, 1636469804687, 1636469805297, 610, 262, 348, 0, 0, 0
17122, 1, 1636469804680, 1636469805421, 741, 386, 355, 0, 0, 0
17124, 1, 1636469804947, 1636469805553, 606, 262, 344, 0, 0, 0
17125, 1, 1636469805034, 1636469805645, 611, 262, 349, 0, 0, 0
17126, 1, 1636469805190, 1636469805801, 611, 262, 349, 0, 0, 0
17127, 1, 1636469805492, 1636469806105, 613, 262, 351, 0, 0, 0
17128, 1, 1636469805936, 1636469806549, 613, 262, 351, 0, 0, 0
17130, 1, 1636469806157, 1636469806769, 612, 262, 350, 0, 0, 0
17131, 1, 1636469806258, 1636469806873, 615, 266, 349, 0, 2, 2
17129, 1, 1636469806024, 1636469806897, 873, 522, 351, 0, 1, 1
17132, 1, 1636469806386, 1636469806997, 611, 262, 349, 0, 0, 0
17133, 1, 1636469806524, 1636469807137, 613, 262, 351, 0, 0, 0
17134, 1, 1636469807284, 1636469807900, 616, 262, 354, 0, 0, 0
17135, 1, 1636469807658, 1636469808273, 615, 262, 353, 0, 0, 0
17136, 1, 1636469807674, 1636469808289, 615, 266, 349, 0, 0, 0
17138, 1, 1636469807960, 1636469808573, 613, 262, 351, 0, 0, 0
17139, 1, 1636469808008, 1636469808625, 617, 263, 354, 0, 0, 0
17137, 1, 1636469807920, 1636469808636, 716, 366, 350, 0, 0, 0
17140, 1, 1636469808044, 1636469808973, 929, 583, 346, 1, 0, 1
17141, 1, 1636469808164, 1636469808985, 821, 470, 351, 0, 0, 0
17143, 1, 1636469808672, 1636469809321, 649, 298, 351, 0, 0, 0
17142, 1, 1636469808669, 1636469809329, 660, 314, 346, 0, 0, 0
17144, 1, 1636469808935, 1636469809677, 742, 394, 348, 0, 0, 0
17146, 1, 1636469809193, 1636469809805, 612, 262, 350, 0, 0, 0
17145, 1, 1636469809172, 1636469810025, 853, 502, 351, 0, 0, 0
17147, 1, 1636469809652, 1636469810269, 617, 266, 351, 0, 0, 0
17148, 1, 1636469809784, 1636469810397, 613, 262, 351, 0, 0, 0
17149, 1, 1636469809949, 1636469810745, 796, 446, 350, 0, 0, 0
17150, 1, 1636469810139, 1636469810753, 614, 266, 348, 0, 0, 0
17151, 1, 1636469810161, 1636469811101, 940, 590, 350, 0, 0, 0
17153, 1, 1636469810545, 1636469811157, 612, 262, 350, 0, 0, 0
17152, 1, 1636469810506, 1636469811449, 943, 594, 349, 0, 0, 0
17154, 1, 1636469811444, 1636469812057, 613, 262, 351, 0, 0, 0
17155, 1, 1636469811656, 1636469812273, 617, 262, 355, 0, 0, 0
17156, 1, 1636469811679, 1636469812285, 606, 262, 344, 0, 0, 0
17157, 1, 1636469811714, 1636469812325, 611, 262, 349, 0, 0, 0
17158, 1, 1636469811952, 1636469812625, 673, 318, 355, 0, 0, 0
17159, 1, 1636469812064, 1636469812681, 617, 262, 355, 0, 0, 0
17161, 1, 1636469812215, 1636469812825, 610, 262, 348, 0, 0, 0
17160, 1, 1636469812088, 1636469813028, 940, 594, 346, 0, 0, 0
17162, 1, 1636469812518, 1636469813129, 611, 262, 349, 0, 0, 0
17163, 1, 1636469812683, 1636469813293, 610, 262, 348, 0, 0, 0
17164, 1, 1636469812893, 1636469813505, 612, 262, 350, 0, 0, 0
17165, 1, 1636469813018, 1636469813633, 615, 262, 353, 0, 0, 0
17166, 1, 1636469813034, 1636469813641, 607, 262, 345, 0, 1, 1
17167, 1, 1636469813477, 1636469814089, 612, 262, 350, 0, 0, 0
17168, 1, 1636469813515, 1636469814125, 610, 262, 348, 0, 0, 0
17169, 1, 1636469813784, 1636469814473, 689, 338, 351, 0, 0, 0
17170, 1, 1636469813991, 1636469814601, 610, 262, 348, 0, 0, 0
17171, 1, 1636469814049, 1636469814664, 615, 262, 353, 0, 0, 0
17172, 1, 1636469814370, 1636469814985, 615, 262, 353, 0, 0, 0
17173, 1, 1636469814393, 1636469815005, 612, 262, 350, 0, 0, 0
17174, 1, 1636469815270, 1636469815880, 610, 262, 348, 0, 0, 0
17175, 1, 1636469815437, 1636469816049, 612, 262, 350, 0, 0, 0
17176, 1, 1636469815508, 1636469816125, 617, 266, 351, 0, 0, 0
17177, 1, 1636469815690, 1636469816305, 615, 262, 353, 0, 0, 0
17178, 1, 1636469815799, 1636469816473, 674, 326, 348, 0, 0, 0
17179, 1, 1636469815814, 1636469816653, 839, 490, 349, 0, 0, 0
17181, 1, 1636469816062, 1636469816677, 615, 266, 349, 0, 0, 0
17180, 1, 1636469816040, 1636469817001, 961, 606, 355, 0, 0, 0
17182, 1, 1636469816420, 1636469817037, 617, 262, 355, 0, 0, 0
17183, 1, 1636469816535, 1636469817152, 617, 266, 351, 0, 0, 0
17184, 1, 1636469816792, 1636469817410, 618, 262, 356, 0, 0, 0
17185, 1, 1636469816818, 1636469817428, 610, 262, 348, 0, 0, 0
17186, 1, 1636469816869, 1636469817481, 612, 262, 350, 0, 0, 0
17187, 1, 1636469817277, 1636469817892, 615, 263, 352, 0, 1, 1
17188, 1, 1636469817529, 1636469818141, 612, 262, 350, 0, 0, 0
17189, 1, 1636469817892, 1636469818509, 617, 262, 355, 0, 0, 0
17190, 1, 1636469817901, 1636469818513, 612, 262, 350, 0, 0, 0
17191, 1, 1636469817996, 1636469818609, 613, 262, 351, 0, 0, 0
17192, 1, 1636469818170, 1636469818781, 611, 262, 349, 0, 0, 0
17193, 1, 1636469818295, 1636469818905, 610, 262, 348, 0, 0, 0
17194, 1, 1636469819071, 1636469819680, 609, 262, 347, 0, 0, 0
17195, 1, 1636469819409, 1636469820021, 612, 263, 349, 0, 1, 1
17196, 1, 1636469819491, 1636469820104, 613, 266, 347, 0, 0, 0
17197, 1, 1636469819493, 1636469820104, 611, 262, 349, 0, 1, 1
17198, 1, 1636469819577, 1636469820364, 787, 443, 344, 1, 1, 2
17200, 1, 1636469819793, 1636469820401, 608, 262, 346, 0, 0, 0
17199, 1, 1636469819633, 1636469820449, 816, 470, 346, 0, 0, 0
17201, 1, 1636469820038, 1636469820797, 759, 410, 349, 0, 0, 0
17202, 1, 1636469820436, 1636469821045, 609, 262, 347, 0, 0, 0
17203, 1, 1636469820477, 1636469821089, 612, 262, 350, 0, 0, 0
17204, 1, 1636469820670, 1636469821281, 611, 262, 349, 0, 0, 0
17205, 1, 1636469820848, 1636469821461, 613, 262, 351, 0, 1, 1
17206, 1, 1636469821111, 1636469821721, 610, 262, 348, 0, 0, 0
17207, 1, 1636469821571, 1636469822181, 610, 262, 348, 0, 0, 0
17208, 1, 1636469821607, 1636469822221, 614, 262, 352, 0, 0, 0
17209, 1, 1636469821802, 1636469822417, 615, 262, 353, 0, 0, 0
17210, 1, 1636469821948, 1636469822565, 617, 263, 354, 0, 0, 0
17211, 1, 1636469822075, 1636469822689, 614, 262, 352, 0, 0, 0
17212, 1, 1636469822351, 1636469822965, 614, 262, 352, 0, 0, 0
17213, 1, 1636469822464, 1636469823077, 613, 262, 351, 0, 0, 0
17214, 1, 1636469823365, 1636469823977, 612, 262, 350, 0, 0, 0
17215, 1, 1636469823465, 1636469824077, 612, 263, 349, 0, 0, 0
17216, 1, 1636469823469, 1636469824085, 616, 266, 350, 0, 0, 0
17218, 1, 1636469823658, 1636469824269, 611, 263, 348, 0, 1, 1
17217, 1, 1636469823592, 1636469824425, 833, 482, 351, 0, 0, 0
17220, 1, 1636469823877, 1636469824489, 612, 262, 350, 0, 0, 0
17219, 1, 1636469823764, 1636469824617, 853, 502, 351, 0, 0, 0
17221, 1, 1636469824165, 1636469824965, 800, 450, 350, 0, 0, 0
17222, 1, 1636469824454, 1636469825073, 619, 266, 353, 0, 0, 0
17223, 1, 1636469824622, 1636469825232, 610, 262, 348, 0, 0, 0
17224, 1, 1636469824825, 1636469825437, 612, 262, 350, 0, 0, 0
17225, 1, 1636469824943, 1636469825553, 610, 263, 347, 1, 0, 1
17226, 1, 1636469825224, 1636469825841, 617, 262, 355, 0, 0, 0
17227, 1, 1636469825278, 1636469825885, 607, 262, 345, 0, 0, 0
17228, 1, 1636469825686, 1636469826297, 611, 262, 349, 0, 0, 0
17229, 1, 1636469825746, 1636469826357, 611, 262, 349, 0, 0, 0
17230, 1, 1636469825858, 1636469826465, 607, 262, 345, 0, 0, 0
17231, 1, 1636469825924, 1636469826537, 613, 262, 351, 0, 0, 0
17232, 1, 1636469826328, 1636469826937, 609, 262, 347, 0, 0, 0
17233, 1, 1636469826579, 1636469827189, 610, 262, 348, 0, 0, 0
17234, 1, 1636469827270, 1636469827881, 611, 262, 349, 0, 0, 0
17235, 1, 1636469827278, 1636469827889, 611, 262, 349, 0, 0, 0
17237, 1, 1636469827481, 1636469828093, 612, 262, 350, 0, 0, 0
17236, 1, 1636469827441, 1636469828241, 800, 446, 354, 0, 0, 0
17238, 1, 1636469827635, 1636469828245, 610, 262, 348, 0, 0, 0
17240, 1, 1636469827955, 1636469828569, 614, 262, 352, 0, 0, 0
17239, 1, 1636469827714, 1636469828597, 883, 530, 353, 0, 0, 0
17242, 1, 1636469828255, 1636469828865, 610, 262, 348, 0, 0, 0
17241, 1, 1636469828121, 1636469828941, 820, 474, 346, 0, 0, 0
17243, 1, 1636469828598, 1636469829209, 611, 262, 349, 0, 0, 0
17244, 1, 1636469828627, 1636469829237, 610, 262, 348, 0, 0, 0
17245, 1, 1636469828919, 1636469829532, 613, 262, 351, 0, 0, 0
17246, 1, 1636469829136, 1636469829753, 617, 262, 355, 0, 0, 0
17247, 1, 1636469829195, 1636469829805, 610, 262, 348, 0, 0, 0
17248, 1, 1636469829556, 1636469830172, 616, 266, 350, 0, 0, 0
17249, 1, 1636469829657, 1636469830269, 612, 262, 350, 0, 0, 0
17250, 1, 1636469829721, 1636469830333, 612, 262, 350, 0, 0, 0
17251, 1, 1636469829725, 1636469830337, 612, 262, 350, 0, 0, 0
17252, 1, 1636469830012, 1636469830685, 673, 323, 350, 0, 0, 0
17253, 1, 1636469830550, 1636469831161, 611, 263, 348, 0, 0, 0
17254, 1, 1636469831080, 1636469831697, 617, 262, 355, 0, 0, 0
17256, 1, 1636469831405, 1636469832017, 612, 262, 350, 0, 0, 0
17255, 1, 1636469831193, 1636469832045, 852, 502, 350, 0, 0, 0
17257, 1, 1636469831453, 1636469832069, 616, 266, 350, 0, 0, 0
17258, 1, 1636469831544, 1636469832153, 609, 262, 347, 0, 0, 0
17260, 1, 1636469831626, 1636469832245, 619, 262, 357, 0, 0, 0
17259, 1, 1636469831599, 1636469832365, 766, 418, 348, 0, 0, 0
17261, 1, 1636469832068, 1636469832717, 649, 294, 355, 0, 0, 0
17262, 1, 1636469832399, 1636469833013, 614, 266, 348, 0, 0, 0
17263, 1, 1636469832470, 1636469833085, 615, 262, 353, 0, 0, 0
17264, 1, 1636469832839, 1636469833449, 610, 262, 348, 0, 0, 0
17265, 1, 1636469832869, 1636469833481, 612, 262, 350, 0, 0, 0
17266, 1, 1636469832900, 1636469833513, 613, 262, 351, 0, 0, 0
17267, 1, 1636469833081, 1636469833697, 616, 272, 344, 0, 1, 1
17268, 1, 1636469833289, 1636469833900, 611, 262, 349, 0, 0, 0
17269, 1, 1636469833522, 1636469834133, 611, 262, 349, 0, 0, 0
17270, 1, 1636469833543, 1636469834157, 614, 262, 352, 0, 0, 0
17271, 1, 1636469833998, 1636469834609, 611, 262, 349, 0, 0, 0
17272, 1, 1636469834196, 1636469834957, 761, 410, 351, 0, 0, 0
17273, 1, 1636469834436, 1636469835049, 613, 262, 351, 0, 0, 0
17274, 1, 1636469835339, 1636469835957, 618, 266, 352, 0, 0, 0
17275, 1, 1636469835354, 1636469835965, 611, 266, 345, 0, 1, 1
17277, 1, 1636469835427, 1636469836037, 610, 265, 345, 1, 1, 2
17278, 1, 1636469835436, 1636469836057, 621, 262, 359, 0, 0, 0
17279, 1, 1636469835454, 1636469836065, 611, 262, 349, 0, 0, 0
17276, 1, 1636469835426, 1636469836317, 891, 539, 352, 1, 0, 1
17280, 1, 1636469835702, 1636469836385, 683, 334, 349, 0, 0, 0
17281, 1, 1636469836099, 1636469836733, 634, 286, 348, 0, 0, 0
17282, 1, 1636469836446, 1636469837053, 607, 262, 345, 0, 0, 0
17283, 1, 1636469836673, 1636469837285, 612, 262, 350, 0, 0, 0
17284, 1, 1636469836753, 1636469837365, 612, 262, 350, 0, 0, 0
17285, 1, 1636469836861, 1636469837477, 616, 262, 354, 0, 1, 1
17286, 1, 1636469836877, 1636469837485, 608, 262, 346, 0, 0, 0
17287, 1, 1636469837130, 1636469837737, 607, 258, 349, 0, 0, 0
17288, 1, 1636469837215, 1636469837833, 618, 263, 355, 1, 0, 1
17289, 1, 1636469837550, 1636469838160, 610, 262, 348, 0, 0, 0
17290, 1, 1636469837795, 1636469838405, 610, 262, 348, 0, 0, 0
17291, 1, 1636469837928, 1636469838545, 617, 266, 351, 1, 0, 1
17293, 1, 1636469838108, 1636469838725, 617, 267, 350, 1, 0, 1
17292, 1, 1636469837974, 1636469838893, 919, 571, 348, 0, 1, 1
17294, 1, 1636469839012, 1636469839637, 625, 266, 359, 0, 1, 1
17295, 1, 1636469839103, 1636469839717, 614, 262, 352, 0, 0, 0
17296, 1, 1636469839132, 1636469839753, 621, 266, 355, 0, 0, 0
17298, 1, 1636469839375, 1636469839985, 610, 262, 348, 0, 0, 0
17297, 1, 1636469839331, 1636469840101, 770, 418, 352, 0, 0, 0
17299, 1, 1636469839703, 1636469840312, 609, 262, 347, 0, 0, 0
17300, 1, 1636469839763, 1636469840661, 898, 551, 347, 0, 1, 1
17301, 1, 1636469840215, 1636469840825, 610, 262, 348, 0, 0, 0
17302, 1, 1636469840275, 1636469841009, 734, 386, 348, 0, 0, 0
17303, 1, 1636469840593, 1636469841205, 612, 262, 350, 0, 0, 0
17304, 1, 1636469840647, 1636469841252, 605, 258, 347, 0, 0, 0
17305, 1, 1636469840648, 1636469841264, 616, 262, 354, 0, 0, 0
17306, 1, 1636469841043, 1636469841657, 614, 266, 348, 0, 0, 0
17308, 1, 1636469841055, 1636469841665, 610, 263, 347, 1, 0, 1
17307, 1, 1636469841053, 1636469841665, 612, 263, 349, 0, 1, 1
17309, 1, 1636469841550, 1636469842161, 611, 262, 349, 0, 0, 0
17310, 1, 1636469841771, 1636469842389, 618, 270, 348, 0, 0, 0
17311, 1, 1636469841849, 1636469842457, 608, 262, 346, 0, 0, 0
17313, 1, 1636469841948, 1636469842561, 613, 262, 351, 0, 0, 0
17312, 1, 1636469841880, 1636469842805, 925, 574, 351, 0, 0, 0
17314, 1, 1636469842796, 1636469843409, 613, 262, 351, 0, 0, 0
17315, 1, 1636469842987, 1636469843597, 610, 262, 348, 0, 0, 0
17316, 1, 1636469843210, 1636469843825, 615, 266, 349, 0, 0, 0
17317, 1, 1636469843364, 1636469843976, 612, 262, 350, 0, 0, 0
17318, 1, 1636469843671, 1636469844281, 610, 262, 348, 0, 0, 0
17319, 1, 1636469843812, 1636469844425, 613, 262, 351, 0, 0, 0
17320, 1, 1636469843969, 1636469844773, 804, 454, 350, 0, 0, 0
17321, 1, 1636469844237, 1636469844849, 612, 262, 350, 0, 0, 0
17322, 1, 1636469844300, 1636469844913, 613, 262, 351, 0, 0, 0
17323, 1, 1636469844556, 1636469845169, 613, 263, 350, 1, 0, 1
17324, 1, 1636469844569, 1636469845189, 620, 262, 358, 0, 0, 0
17325, 1, 1636469844762, 1636469845381, 619, 266, 353, 0, 0, 0
17326, 1, 1636469844942, 1636469845553, 611, 262, 349, 0, 0, 0
17327, 1, 1636469845133, 1636469845749, 616, 266, 350, 0, 0, 0
17328, 1, 1636469845365, 1636469845977, 612, 262, 350, 0, 0, 0
17329, 1, 1636469845655, 1636469846265, 610, 262, 348, 0, 0, 0
17330, 1, 1636469845691, 1636469846305, 614, 262, 352, 0, 0, 0
17331, 1, 1636469845872, 1636469846485, 613, 263, 350, 0, 1, 1
17332, 1, 1636469846119, 1636469846729, 610, 262, 348, 0, 0, 0
17333, 1, 1636469846144, 1636469847077, 933, 582, 351, 0, 0, 0
17334, 1, 1636469846769, 1636469847380, 611, 262, 349, 0, 0, 0
17335, 1, 1636469846818, 1636469847429, 611, 262, 349, 0, 1, 1
17336, 1, 1636469847233, 1636469847845, 612, 262, 350, 0, 1, 1
17337, 1, 1636469847365, 1636469847981, 616, 266, 350, 0, 0, 0
17338, 1, 1636469847864, 1636469848476, 612, 262, 350, 0, 1, 1
17339, 1, 1636469847946, 1636469848561, 615, 262, 353, 0, 0, 0
17341, 1, 1636469848279, 1636469848889, 610, 262, 348, 0, 0, 0
17340, 1, 1636469848236, 1636469848913, 677, 326, 351, 0, 0, 0
17342, 1, 1636469848429, 1636469849041, 612, 262, 350, 0, 0, 0
17343, 1, 1636469848681, 1636469849293, 612, 262, 350, 0, 0, 0
17344, 1, 1636469848690, 1636469849305, 615, 263, 352, 0, 0, 0
17345, 1, 1636469848741, 1636469849353, 612, 262, 350, 0, 0, 0
17346, 1, 1636469849134, 1636469849748, 614, 262, 352, 0, 0, 0
17347, 1, 1636469849185, 1636469849797, 612, 262, 350, 0, 0, 0
17348, 1, 1636469849268, 1636469849881, 613, 262, 351, 0, 0, 0
17349, 1, 1636469849634, 1636469850249, 615, 266, 349, 0, 0, 0
17350, 1, 1636469849692, 1636469850305, 613, 262, 351, 0, 0, 0
17351, 1, 1636469849713, 1636469850333, 620, 266, 354, 0, 0, 0
17352, 1, 1636469850261, 1636469850873, 612, 263, 349, 0, 0, 0
17353, 1, 1636469850311, 1636469851221, 910, 558, 352, 0, 0, 0
17354, 1, 1636469850749, 1636469851361, 612, 262, 350, 0, 0, 0
17355, 1, 1636469851010, 1636469851621, 611, 262, 349, 0, 0, 0
17356, 1, 1636469851426, 1636469852037, 611, 262, 349, 0, 0, 0
17357, 1, 1636469851687, 1636469852296, 609, 262, 347, 0, 0, 0
17358, 1, 1636469851945, 1636469852557, 612, 261, 351, 0, 0, 0
17359, 1, 1636469852198, 1636469852905, 707, 358, 349, 0, 0, 0
17361, 1, 1636469852503, 1636469853113, 610, 262, 348, 0, 0, 0
17363, 1, 1636469852873, 1636469853485, 612, 262, 350, 0, 0, 0
17365, 1, 1636469852965, 1636469853581, 616, 263, 353, 1, 0, 1
17366, 1, 1636469853116, 1636469853729, 613, 262, 351, 0, 0, 0
17369, 1, 1636469853623, 1636469854233, 610, 262, 348, 0, 0, 0
17370, 1, 1636469853858, 1636469854473, 615, 262, 353, 0, 0, 0
17371, 1, 1636469854001, 1636469854613, 612, 262, 350, 0, 0, 0
17362, 2, 1636469852511, 1636469854779, 2268, 0, 2268, 0, 0, 0
17360, 2, 1636469852463, 1636469854779, 2316, 0, 2316, 0, 0, 0
17364, 2, 1636469852942, 1636469855166, 2224, 0, 2224, 0, 0, 0
17367, 2, 1636469853215, 1636469855434, 2219, 0, 2219, 0, 0, 0
17374, 1, 1636469854865, 1636469855521, 656, 266, 390, 1, 0, 1
17375, 1, 1636469854869, 1636469855529, 660, 262, 398, 1, 0, 1
17376, 1, 1636469854973, 1636469855589, 616, 266, 350, 0, 0, 0
17368, 2, 1636469853520, 1636469855742, 2222, 0, 2222, 0, 0, 0
17378, 1, 1636469855253, 1636469855905, 652, 263, 389, 0, 0, 0
17379, 1, 1636469855415, 1636469856029, 614, 262, 352, 0, 0, 0
17381, 1, 1636469855521, 1636469856177, 656, 262, 394, 0, 0, 0
17382, 1, 1636469855829, 1636469856489, 660, 262, 398, 0, 0, 0
17372, 2, 1636469854342, 1636469856562, 2220, 0, 2220, 0, 0, 0
17383, 1, 1636469856078, 1636469856689, 611, 262, 349, 0, 0, 0
17373, 2, 1636469854564, 1636469856786, 2222, 0, 2222, 0, 0, 0
17384, 1, 1636469856266, 1636469856877, 611, 262, 349, 0, 0, 0
17385, 1, 1636469856415, 1636469857029, 614, 262, 352, 0, 0, 0
17386, 1, 1636469856649, 1636469857305, 656, 266, 390, 0, 0, 0
17377, 2, 1636469855091, 1636469857310, 2219, 0, 2219, 0, 0, 0
17387, 1, 1636469856728, 1636469857341, 613, 262, 351, 0, 0, 0
17388, 1, 1636469856873, 1636469857653, 780, 390, 390, 0, 0, 0
17380, 2, 1636469855508, 1636469857730, 2222, 0, 2222, 0, 0, 0
17390, 1, 1636469857299, 1636469857909, 610, 262, 348, 0, 0, 0
17391, 1, 1636469857401, 1636469858053, 652, 262, 390, 0, 0, 0
17389, 1, 1636469856954, 1636469858208, 1254, 902, 352, 0, 0, 0
17392, 1, 1636469857621, 1636469858233, 612, 262, 350, 0, 0, 0
17393, 1, 1636469857806, 1636469858417, 611, 262, 349, 0, 0, 0
17394, 1, 1636469857821, 1636469858473, 652, 262, 390, 0, 1, 1
17395, 1, 1636469858082, 1636469858689, 607, 262, 345, 0, 0, 0
17396, 1, 1636469858515, 1636469859125, 610, 263, 347, 1, 0, 1
17397, 1, 1636469858736, 1636469859349, 613, 262, 351, 0, 0, 0
17398, 1, 1636469858962, 1636469859572, 610, 262, 348, 0, 0, 0
17399, 1, 1636469859027, 1636469859637, 610, 262, 348, 0, 0, 0
17400, 1, 1636469859346, 1636469859961, 615, 262, 353, 0, 1, 1
17401, 1, 1636469859475, 1636469860085, 610, 264, 346, 1, 0, 1
17402, 1, 1636469859618, 1636469860232, 614, 262, 352, 0, 0, 0
17403, 1, 1636469860183, 1636469860797, 614, 266, 348, 0, 0, 0
17404, 1, 1636469860331, 1636469860945, 614, 266, 348, 0, 0, 0
17405, 1, 1636469860427, 1636469861037, 610, 262, 348, 0, 0, 0
17406, 1, 1636469860644, 1636469861257, 613, 262, 351, 0, 0, 0
17407, 1, 1636469860748, 1636469861361, 613, 262, 351, 0, 0, 0
17409, 1, 1636469861068, 1636469861685, 617, 262, 355, 0, 0, 0
17408, 1, 1636469861023, 1636469861709, 686, 338, 348, 0, 0, 0
17410, 1, 1636469861392, 1636469862005, 613, 262, 351, 0, 0, 0
17411, 1, 1636469861494, 1636469862109, 615, 262, 353, 1, 0, 1
17412, 1, 1636469861538, 1636469862153, 615, 263, 352, 1, 0, 1
17413, 1, 1636469861900, 1636469862512, 612, 262, 350, 0, 0, 0
17414, 1, 1636469861918, 1636469862533, 615, 262, 353, 0, 0, 0
17415, 1, 1636469862401, 1636469863009, 608, 262, 346, 0, 0, 0
17416, 1, 1636469862405, 1636469863021, 616, 266, 350, 0, 1, 1
17417, 1, 1636469862653, 1636469863265, 612, 262, 350, 0, 0, 0
17418, 1, 1636469862726, 1636469863337, 611, 262, 349, 0, 0, 0
17419, 1, 1636469862913, 1636469863525, 612, 262, 350, 0, 0, 0
17420, 1, 1636469863361, 1636469863973, 612, 263, 349, 1, 0, 1
17421, 1, 1636469863381, 1636469863993, 612, 262, 350, 0, 0, 0
17422, 1, 1636469863529, 1636469864141, 612, 262, 350, 0, 0, 0
17423, 1, 1636469864069, 1636469864681, 612, 262, 350, 0, 0, 0
17424, 1, 1636469864511, 1636469865125, 614, 266, 348, 0, 0, 0
17425, 1, 1636469864531, 1636469865141, 610, 262, 348, 0, 0, 0
17426, 1, 1636469864585, 1636469865197, 612, 262, 350, 0, 0, 0
17427, 1, 1636469864646, 1636469865257, 611, 262, 349, 0, 0, 0
17428, 1, 1636469864748, 1636469865472, 724, 374, 350, 0, 0, 0
17429, 1, 1636469865257, 1636469865868, 611, 262, 349, 0, 0, 0
17430, 1, 1636469865320, 1636469865933, 613, 262, 351, 0, 1, 1
17431, 1, 1636469865424, 1636469866037, 613, 264, 349, 0, 0, 0
17433, 1, 1636469865682, 1636469866297, 615, 266, 349, 0, 0, 0
17432, 1, 1636469865586, 1636469866385, 799, 442, 357, 0, 0, 0
17434, 1, 1636469866094, 1636469866733, 639, 290, 349, 0, 0, 0
17435, 1, 1636469866540, 1636469867153, 613, 262, 351, 0, 0, 0
17436, 1, 1636469866644, 1636469867257, 613, 262, 351, 0, 0, 0
17437, 1, 1636469866657, 1636469867269, 612, 262, 350, 0, 0, 0
17438, 1, 1636469866661, 1636469867277, 616, 262, 354, 0, 0, 0
17439, 1, 1636469867247, 1636469867857, 610, 262, 348, 0, 0, 0
17440, 1, 1636469867298, 1636469867909, 611, 262, 349, 0, 0, 0
17441, 1, 1636469867622, 1636469868233, 611, 262, 349, 0, 0, 0
17442, 1, 1636469867695, 1636469868301, 606, 262, 344, 0, 0, 0
17443, 1, 1636469868403, 1636469869017, 614, 266, 348, 0, 0, 0
17444, 1, 1636469868428, 1636469869041, 613, 262, 351, 1, 0, 1
17446, 1, 1636469868596, 1636469869209, 613, 262, 351, 0, 0, 0
17445, 1, 1636469868475, 1636469869389, 914, 567, 347, 1, 0, 1
17447, 1, 1636469868865, 1636469869477, 612, 262, 350, 0, 0, 0
17448, 1, 1636469868943, 1636469869553, 610, 262, 348, 0, 0, 0
17449, 1, 1636469869174, 1636469869785, 611, 262, 349, 0, 0, 0
17450, 1, 1636469869410, 1636469870021, 611, 266, 345, 0, 0, 0
17451, 1, 1636469869573, 1636469870185, 612, 262, 350, 0, 0, 0
17452, 1, 1636469869600, 1636469870213, 613, 262, 351, 0, 0, 0
17453, 1, 1636469869758, 1636469870369, 611, 263, 348, 1, 0, 1
17454, 1, 1636469869897, 1636469870509, 612, 262, 350, 0, 0, 0
17455, 1, 1636469870531, 1636469871145, 614, 262, 352, 0, 0, 0
17456, 1, 1636469870875, 1636469871485, 610, 262, 348, 0, 0, 0
17457, 1, 1636469870910, 1636469871521, 611, 262, 349, 0, 0, 0
17458, 1, 1636469870945, 1636469871557, 612, 263, 349, 0, 0, 0
17459, 1, 1636469871185, 1636469871796, 611, 262, 349, 0, 0, 0
17460, 1, 1636469871531, 1636469872145, 614, 259, 355, 1, 0, 1
17462, 1, 1636469871817, 1636469872433, 616, 266, 350, 0, 0, 0
17461, 1, 1636469871700, 1636469872492, 792, 442, 350, 0, 0, 0
17463, 1, 1636469872314, 1636469872925, 611, 262, 349, 0, 0, 0
17465, 1, 1636469872617, 1636469873229, 612, 262, 350, 0, 0, 0
17464, 1, 1636469872335, 1636469873273, 938, 590, 348, 0, 0, 0
17466, 1, 1636469872687, 1636469873297, 610, 262, 348, 0, 0, 0
17467, 1, 1636469872816, 1636469873429, 613, 262, 351, 0, 0, 0
17468, 1, 1636469873060, 1636469873669, 609, 262, 347, 0, 0, 0
17469, 1, 1636469873149, 1636469873773, 624, 262, 362, 0, 0, 0
17470, 1, 1636469873347, 1636469873965, 618, 266, 352, 0, 0, 0
17471, 1, 1636469873487, 1636469874101, 614, 262, 352, 0, 0, 0
17472, 1, 1636469873585, 1636469874197, 612, 262, 350, 0, 0, 0
17473, 1, 1636469873834, 1636469874449, 615, 262, 353, 0, 0, 0
17474, 1, 1636469874042, 1636469874657, 615, 262, 353, 0, 0, 0
17475, 1, 1636469874866, 1636469875481, 615, 266, 349, 0, 0, 0
17476, 1, 1636469874881, 1636469875497, 616, 262, 354, 0, 1, 1
17477, 1, 1636469874922, 1636469875533, 611, 262, 349, 0, 1, 1
17478, 1, 1636469875099, 1636469875721, 622, 267, 355, 0, 0, 0
17479, 1, 1636469875488, 1636469876105, 617, 263, 354, 0, 0, 0
17480, 1, 1636469875520, 1636469876137, 617, 267, 350, 0, 0, 0
17481, 1, 1636469875685, 1636469876297, 612, 262, 350, 0, 0, 0
17482, 1, 1636469875936, 1636469876645, 709, 362, 347, 0, 0, 0
17483, 1, 1636469876385, 1636469876997, 612, 262, 350, 0, 1, 1
17484, 1, 1636469876470, 1636469877081, 611, 262, 349, 0, 0, 0
17485, 1, 1636469876649, 1636469877344, 695, 346, 349, 0, 0, 0
17486, 1, 1636469876841, 1636469877457, 616, 262, 354, 0, 0, 0
17487, 1, 1636469877115, 1636469877725, 610, 262, 348, 0, 0, 0
17488, 1, 1636469877166, 1636469877805, 639, 290, 349, 0, 0, 0
17489, 1, 1636469877320, 1636469877933, 613, 262, 351, 0, 0, 0
17490, 1, 1636469877464, 1636469878073, 609, 262, 347, 0, 0, 0
17491, 1, 1636469877804, 1636469878417, 613, 262, 351, 0, 0, 0
17492, 1, 1636469877822, 1636469878437, 615, 262, 353, 0, 0, 0
17493, 1, 1636469877951, 1636469878565, 614, 262, 352, 0, 0, 0
17494, 1, 1636469878196, 1636469878817, 621, 266, 355, 0, 0, 0
17495, 1, 1636469878771, 1636469879380, 609, 262, 347, 0, 0, 0
17496, 1, 1636469879035, 1636469879645, 610, 262, 348, 0, 0, 0
17497, 1, 1636469879142, 1636469879749, 607, 262, 345, 0, 0, 0
17498, 1, 1636469879150, 1636469879761, 611, 263, 348, 0, 0, 0
17499, 1, 1636469879382, 1636469879993, 611, 263, 348, 1, 0, 1
17500, 1, 1636469879425, 1636469880037, 612, 263, 349, 0, 0, 0
17501, 1, 1636469879693, 1636469880341, 648, 299, 349, 0, 0, 0
17502, 1, 1636469879804, 1636469880417, 613, 262, 351, 0, 0, 0
17503, 1, 1636469880289, 1636469880901, 612, 262, 350, 0, 0, 0
17504, 1, 1636469880538, 1636469881153, 615, 262, 353, 0, 0, 0
17505, 1, 1636469880669, 1636469881281, 612, 262, 350, 0, 0, 0
17506, 1, 1636469880789, 1636469881401, 612, 262, 350, 0, 0, 0
17508, 1, 1636469880923, 1636469881537, 614, 262, 352, 0, 0, 0
17507, 1, 1636469880886, 1636469881632, 746, 394, 352, 0, 0, 0
17509, 1, 1636469881604, 1636469882216, 612, 262, 350, 0, 0, 0
17510, 1, 1636469881657, 1636469882269, 612, 262, 350, 0, 0, 0
17511, 1, 1636469881868, 1636469882485, 617, 266, 351, 0, 0, 0
17512, 1, 1636469882040, 1636469882653, 613, 262, 351, 0, 0, 0
17513, 1, 1636469882102, 1636469882713, 611, 262, 349, 0, 0, 0
17514, 1, 1636469882106, 1636469882717, 611, 262, 349, 0, 0, 0
17515, 1, 1636469882732, 1636469883345, 613, 262, 351, 0, 0, 0
17516, 1, 1636469883064, 1636469883677, 613, 262, 351, 0, 0, 0
17517, 1, 1636469883305, 1636469883913, 608, 262, 346, 0, 0, 0
17518, 1, 1636469883333, 1636469883949, 616, 262, 354, 0, 0, 0
17519, 1, 1636469883542, 1636469884153, 611, 262, 349, 0, 0, 0
17520, 1, 1636469883675, 1636469884281, 606, 259, 347, 0, 0, 0
17521, 1, 1636469883959, 1636469884569, 610, 262, 348, 0, 0, 0
17522, 1, 1636469884017, 1636469884629, 612, 262, 350, 0, 0, 0
17523, 1, 1636469884436, 1636469885049, 613, 262, 351, 0, 0, 0
17524, 1, 1636469884644, 1636469885257, 613, 262, 351, 0, 0, 0
17525, 1, 1636469884823, 1636469885432, 609, 262, 347, 1, 0, 1
17526, 1, 1636469884831, 1636469885441, 610, 262, 348, 0, 1, 1
17527, 1, 1636469884962, 1636469885781, 819, 470, 349, 1, 1, 2
17528, 1, 1636469885216, 1636469885829, 613, 262, 351, 0, 0, 0
17529, 1, 1636469885340, 1636469885953, 613, 262, 351, 0, 0, 0
17530, 1, 1636469885724, 1636469886337, 613, 262, 351, 0, 0, 0
17531, 1, 1636469885759, 1636469886369, 610, 262, 348, 0, 0, 0
17532, 1, 1636469885834, 1636469886444, 610, 262, 348, 0, 0, 0
17533, 1, 1636469886161, 1636469886793, 632, 283, 349, 0, 1, 1
17534, 1, 1636469886260, 1636469886873, 613, 262, 351, 0, 0, 0
17535, 1, 1636469887025, 1636469887633, 608, 262, 346, 0, 0, 0
17537, 1, 1636469887066, 1636469887677, 611, 263, 348, 2, 0, 2
17538, 1, 1636469887099, 1636469887709, 610, 262, 348, 0, 0, 0
17536, 1, 1636469887065, 1636469887985, 920, 571, 349, 1, 1, 2
17539, 1, 1636469887631, 1636469888241, 610, 262, 348, 0, 0, 0
17540, 1, 1636469887720, 1636469888333, 613, 262, 351, 0, 0, 0
17541, 1, 1636469887823, 1636469888433, 610, 262, 348, 0, 0, 0
17542, 1, 1636469888052, 1636469888781, 729, 378, 351, 0, 0, 0
17543, 1, 1636469888173, 1636469888789, 616, 266, 350, 0, 0, 0
17544, 1, 1636469888463, 1636469889073, 610, 262, 348, 0, 0, 0
17545, 1, 1636469888520, 1636469889137, 617, 266, 351, 0, 0, 0
17547, 1, 1636469888866, 1636469889477, 611, 262, 349, 0, 0, 0
17546, 1, 1636469888653, 1636469889488, 835, 482, 353, 0, 0, 0
17548, 1, 1636469889251, 1636469889861, 610, 262, 348, 0, 0, 0
17549, 1, 1636469889426, 1636469890041, 615, 262, 353, 0, 1, 1
17550, 1, 1636469889456, 1636469890069, 613, 262, 351, 0, 0, 0
17551, 1, 1636469889687, 1636469890297, 610, 262, 348, 0, 0, 0
17552, 1, 1636469889810, 1636469890421, 611, 262, 349, 0, 0, 0
17553, 1, 1636469889957, 1636469890569, 612, 262, 350, 0, 0, 0
17554, 1, 1636469890432, 1636469891045, 613, 262, 351, 0, 0, 0
17555, 1, 1636469890877, 1636469891489, 612, 266, 346, 0, 0, 0
17556, 1, 1636469891173, 1636469891785, 612, 262, 350, 0, 1, 1
17557, 1, 1636469891208, 1636469891821, 613, 262, 351, 0, 0, 0
17558, 1, 1636469891352, 1636469891965, 613, 262, 351, 0, 0, 0
17559, 1, 1636469891360, 1636469891973, 613, 262, 351, 0, 0, 0
17560, 1, 1636469891932, 1636469892549, 617, 262, 355, 0, 0, 0
17561, 1, 1636469892014, 1636469892625, 611, 262, 349, 0, 0, 0
17562, 1, 1636469892213, 1636469892893, 680, 334, 346, 0, 0, 0
17563, 1, 1636469892487, 1636469893097, 610, 263, 347, 0, 0, 0
17564, 1, 1636469892610, 1636469893221, 611, 262, 349, 0, 0, 0
17565, 1, 1636469892813, 1636469893421, 608, 262, 346, 1, 0, 1
17567, 1, 1636469892975, 1636469893585, 610, 262, 348, 0, 0, 0
17566, 1, 1636469892859, 1636469893769, 910, 563, 347, 0, 1, 1
17568, 1, 1636469893360, 1636469893973, 613, 262, 351, 0, 0, 0
17569, 1, 1636469893506, 1636469894117, 611, 262, 349, 0, 0, 0
17570, 1, 1636469893552, 1636469894169, 617, 262, 355, 0, 0, 0
17571, 1, 1636469893749, 1636469894361, 612, 262, 350, 0, 0, 0
17572, 1, 1636469893937, 1636469894548, 611, 262, 349, 0, 0, 0
17573, 1, 1636469894251, 1636469894861, 610, 262, 348, 0, 0, 0
17574, 1, 1636469894541, 1636469895157, 616, 266, 350, 0, 0, 0
17575, 1, 1636469894697, 1636469895309, 612, 262, 350, 0, 0, 0
17576, 1, 1636469895103, 1636469895713, 610, 264, 346, 0, 0, 0
17577, 1, 1636469895283, 1636469895893, 610, 262, 348, 0, 0, 0
17578, 1, 1636469895394, 1636469896001, 607, 259, 348, 1, 0, 1
17579, 1, 1636469895438, 1636469896048, 610, 263, 347, 0, 0, 0
17580, 1, 1636469895827, 1636469896437, 610, 262, 348, 0, 0, 0
17582, 1, 1636469896050, 1636469896657, 607, 262, 345, 0, 0, 0
17581, 1, 1636469895979, 1636469896785, 806, 458, 348, 0, 1, 1
17583, 1, 1636469896348, 1636469896965, 617, 262, 355, 1, 0, 1
17584, 1, 1636469896691, 1636469897301, 610, 262, 348, 0, 1, 1
17585, 1, 1636469896870, 1636469897485, 615, 266, 349, 0, 0, 0
17586, 1, 1636469896961, 1636469897577, 616, 267, 349, 0, 1, 1
17588, 1, 1636469897255, 1636469897865, 610, 262, 348, 0, 0, 0
17587, 1, 1636469897158, 1636469897920, 762, 418, 344, 0, 0, 0
17589, 1, 1636469897332, 1636469897945, 613, 262, 351, 0, 0, 0
17590, 1, 1636469897653, 1636469898265, 612, 262, 350, 0, 0, 0
17591, 1, 1636469897718, 1636469898329, 611, 262, 349, 0, 0, 0
17592, 1, 1636469897784, 1636469898397, 613, 262, 351, 0, 0, 0
17593, 1, 1636469898286, 1636469898897, 611, 262, 349, 0, 0, 0
17594, 1, 1636469898436, 1636469899049, 613, 262, 351, 0, 0, 0
17595, 1, 1636469898843, 1636469899453, 610, 262, 348, 0, 0, 0
17596, 1, 1636469899178, 1636469899789, 611, 262, 349, 0, 0, 0
17597, 1, 1636469899437, 1636469900049, 612, 262, 350, 0, 0, 0
17598, 1, 1636469899564, 1636469900177, 613, 262, 351, 0, 0, 0
17599, 1, 1636469899681, 1636469900293, 612, 262, 350, 0, 0, 0
17600, 1, 1636469900052, 1636469900661, 609, 262, 347, 0, 0, 0
17602, 1, 1636469900337, 1636469900949, 612, 262, 350, 0, 0, 0
17603, 1, 1636469900386, 1636469900997, 611, 262, 349, 0, 0, 0
17601, 1, 1636469900161, 1636469901013, 852, 498, 354, 0, 0, 0
17604, 1, 1636469900663, 1636469901273, 610, 262, 348, 0, 0, 0
17605, 1, 1636469901063, 1636469901673, 610, 262, 348, 0, 0, 0
17606, 1, 1636469901070, 1636469901676, 606, 262, 344, 0, 0, 0
17607, 1, 1636469901204, 1636469901817, 613, 263, 350, 0, 1, 1
17609, 1, 1636469901390, 1636469902001, 611, 263, 348, 1, 0, 1
17608, 1, 1636469901390, 1636469902025, 635, 287, 348, 1, 1, 2
17610, 1, 1636469901448, 1636469902065, 617, 266, 351, 0, 0, 0
17611, 1, 1636469901589, 1636469902197, 608, 259, 349, 0, 1, 1
17612, 1, 1636469901893, 1636469902505, 612, 262, 350, 0, 0, 0
17613, 1, 1636469902395, 1636469903005, 610, 262, 348, 0, 0, 0
17614, 1, 1636469902580, 1636469903193, 613, 262, 351, 0, 0, 0
17615, 1, 1636469902770, 1636469903381, 611, 262, 349, 0, 0, 0
17616, 1, 1636469903344, 1636469903957, 613, 262, 351, 0, 0, 0
17617, 1, 1636469903512, 1636469904121, 609, 262, 347, 0, 0, 0
17618, 1, 1636469903577, 1636469904189, 612, 262, 350, 0, 0, 0
17619, 1, 1636469903623, 1636469904233, 610, 262, 348, 0, 0, 0
17620, 1, 1636469904233, 1636469904845, 612, 262, 350, 1, 0, 1
17621, 1, 1636469904279, 1636469904889, 610, 263, 347, 0, 0, 0
17623, 1, 1636469904413, 1636469905025, 612, 263, 349, 0, 0, 0
17622, 1, 1636469904375, 1636469905241, 866, 514, 352, 0, 0, 0
17624, 1, 1636469904750, 1636469905361, 611, 262, 349, 0, 0, 0
17625, 1, 1636469904949, 1636469905557, 608, 262, 346, 0, 0, 0
17626, 1, 1636469905199, 1636469905813, 614, 266, 348, 0, 0, 0
17627, 1, 1636469905299, 1636469905909, 610, 262, 348, 0, 0, 0
17628, 1, 1636469905390, 1636469906005, 615, 266, 349, 0, 0, 0
17629, 1, 1636469905585, 1636469906201, 616, 266, 350, 0, 0, 0
17630, 1, 1636469905704, 1636469906317, 613, 262, 351, 0, 0, 0
17631, 1, 1636469905788, 1636469906401, 613, 262, 351, 0, 0, 0
17632, 1, 1636469905912, 1636469906525, 613, 262, 351, 0, 0, 0
17633, 1, 1636469906275, 1636469906881, 606, 262, 344, 0, 0, 0
17634, 1, 1636469906894, 1636469907505, 611, 262, 349, 0, 0, 0
17635, 1, 1636469906956, 1636469907569, 613, 263, 350, 0, 0, 0
17636, 1, 1636469907075, 1636469907689, 614, 262, 352, 0, 0, 0
17637, 1, 1636469907502, 1636469908113, 611, 263, 348, 0, 0, 0
17638, 1, 1636469907835, 1636469908449, 614, 266, 348, 0, 0, 0
17639, 1, 1636469907912, 1636469908525, 613, 262, 351, 0, 0, 0
17640, 1, 1636469908135, 1636469908741, 606, 262, 344, 0, 0, 0
17642, 1, 1636469908439, 1636469909049, 610, 263, 347, 0, 0, 0
17643, 1, 1636469908445, 1636469909061, 616, 262, 354, 0, 0, 0
17641, 1, 1636469908158, 1636469909089, 931, 582, 349, 0, 0, 0
17644, 1, 1636469908567, 1636469909181, 614, 266, 348, 0, 0, 0
17645, 1, 1636469909084, 1636469909697, 613, 262, 351, 0, 1, 1
17646, 1, 1636469909269, 1636469909880, 611, 262, 349, 0, 0, 0
17647, 1, 1636469909303, 1636469909913, 610, 262, 348, 0, 0, 0
17648, 1, 1636469909633, 1636469910245, 612, 262, 350, 0, 0, 0
17649, 1, 1636469909690, 1636469910301, 611, 262, 349, 0, 0, 0
17650, 1, 1636469909791, 1636469910401, 610, 262, 348, 0, 0, 0
17651, 1, 1636469909908, 1636469910517, 609, 262, 347, 0, 0, 0
17652, 1, 1636469910122, 1636469910737, 615, 266, 349, 0, 0, 0
17653, 1, 1636469910411, 1636469911085, 674, 326, 348, 0, 0, 0
17654, 1, 1636469910835, 1636469911445, 610, 262, 348, 0, 0, 0
17655, 1, 1636469911098, 1636469911709, 611, 262, 349, 0, 0, 0
17656, 1, 1636469911212, 1636469911825, 613, 262, 351, 0, 0, 0
17657, 1, 1636469911714, 1636469912324, 610, 262, 348, 0, 0, 0
17658, 1, 1636469911748, 1636469912361, 613, 262, 351, 0, 0, 0
17659, 1, 1636469912099, 1636469912713, 614, 262, 352, 0, 0, 0
17660, 1, 1636469912196, 1636469912817, 621, 262, 359, 0, 0, 0
17661, 1, 1636469912254, 1636469912865, 611, 263, 348, 1, 0, 1
17663, 1, 1636469912473, 1636469913089, 616, 262, 354, 0, 0, 0
17662, 1, 1636469912399, 1636469913165, 766, 418, 348, 0, 0, 0
17664, 1, 1636469912753, 1636469913365, 612, 262, 350, 0, 0, 0
17665, 1, 1636469913270, 1636469913881, 611, 262, 349, 0, 0, 0
17666, 1, 1636469913498, 1636469914109, 611, 262, 349, 0, 0, 0
17667, 1, 1636469913515, 1636469914125, 610, 262, 348, 0, 0, 0
17668, 1, 1636469913741, 1636469914353, 612, 262, 350, 0, 0, 0
17669, 1, 1636469913820, 1636469914433, 613, 263, 350, 0, 0, 0
17670, 1, 1636469913886, 1636469914497, 611, 262, 349, 0, 0, 0
17671, 1, 1636469914037, 1636469914649, 612, 262, 350, 0, 0, 0
17672, 1, 1636469914308, 1636469914921, 613, 263, 350, 0, 0, 0
17673, 1, 1636469914732, 1636469915345, 613, 262, 351, 0, 0, 0
17674, 1, 1636469914793, 1636469915409, 616, 262, 354, 0, 0, 0
17675, 1, 1636469915081, 1636469915693, 612, 262, 350, 0, 0, 0
17676, 1, 1636469915316, 1636469915929, 613, 262, 351, 0, 0, 0
17677, 1, 1636469915961, 1636469916569, 608, 262, 346, 0, 0, 0
17678, 1, 1636469915977, 1636469916588, 611, 262, 349, 0, 0, 0
17679, 1, 1636469915999, 1636469916609, 610, 262, 348, 0, 0, 0
17680, 1, 1636469916287, 1636469916897, 610, 263, 347, 0, 0, 0
17681, 1, 1636469916438, 1636469917049, 611, 263, 348, 0, 0, 0
17682, 1, 1636469916499, 1636469917105, 606, 263, 343, 0, 1, 1
17683, 1, 1636469916632, 1636469917249, 617, 261, 356, 0, 0, 0
17684, 1, 1636469916681, 1636469917397, 716, 367, 349, 1, 0, 1
17685, 1, 1636469917149, 1636469917765, 616, 262, 354, 1, 0, 1
17686, 1, 1636469917195, 1636469917805, 610, 263, 347, 0, 1, 1
17687, 1, 1636469917584, 1636469918200, 616, 266, 350, 0, 0, 0
17688, 1, 1636469917699, 1636469918313, 614, 262, 352, 0, 0, 0
17689, 1, 1636469917765, 1636469918380, 615, 262, 353, 0, 0, 0
17690, 1, 1636469917768, 1636469918385, 617, 262, 355, 0, 1, 1
17691, 1, 1636469918187, 1636469918797, 610, 262, 348, 0, 0, 0
17692, 1, 1636469918288, 1636469918901, 613, 262, 351, 0, 0, 0
17693, 1, 1636469918612, 1636469919225, 613, 262, 351, 0, 0, 0
17694, 1, 1636469918820, 1636469919433, 613, 262, 351, 0, 0, 0
17695, 1, 1636469919332, 1636469919949, 617, 262, 355, 0, 0, 0
17696, 1, 1636469919511, 1636469920125, 614, 266, 348, 0, 0, 0
17697, 1, 1636469919805, 1636469920413, 608, 259, 349, 0, 0, 0
17698, 1, 1636469920067, 1636469920677, 610, 262, 348, 0, 0, 0
17701, 1, 1636469920224, 1636469920837, 613, 262, 351, 0, 0, 0
17702, 1, 1636469920267, 1636469920877, 610, 262, 348, 0, 1, 1
17704, 1, 1636469920878, 1636469921489, 611, 262, 349, 0, 0, 0
17705, 1, 1636469921367, 1636469921985, 618, 262, 356, 0, 0, 0
17706, 1, 1636469921395, 1636469922005, 610, 262, 348, 0, 0, 0
17708, 1, 1636469921756, 1636469922369, 613, 262, 351, 0, 0, 0
17709, 1, 1636469921794, 1636469922405, 611, 262, 349, 0, 0, 0
17700, 2, 1636469920209, 1636469922427, 2218, 0, 2218, 0, 0, 0
17699, 2, 1636469920205, 1636469922427, 2222, 0, 2222, 0, 0, 0
17710, 1, 1636469921946, 1636469922557, 611, 262, 349, 0, 0, 0
17703, 2, 1636469920548, 1636469922770, 2222, 0, 2222, 0, 0, 0
17712, 1, 1636469922433, 1636469923045, 612, 262, 350, 0, 0, 0
17713, 1, 1636469922513, 1636469923165, 652, 263, 389, 1, 0, 1
17714, 1, 1636469922513, 1636469923165, 652, 262, 390, 0, 1, 1
17715, 1, 1636469922846, 1636469923457, 611, 262, 349, 0, 0, 0
17717, 1, 1636469922859, 1636469923469, 610, 262, 348, 1, 0, 1
17716, 1, 1636469922857, 1636469923513, 656, 263, 393, 0, 1, 1
17707, 2, 1636469921533, 1636469923754, 2221, 0, 2221, 0, 0, 0
17719, 1, 1636469923209, 1636469923825, 616, 266, 350, 0, 0, 0
17711, 2, 1636469922055, 1636469924274, 2219, 0, 2219, 0, 0, 0
17720, 1, 1636469923788, 1636469924401, 613, 262, 351, 0, 0, 0
17721, 1, 1636469923845, 1636469924496, 651, 262, 389, 0, 0, 0
17722, 1, 1636469923935, 1636469924549, 614, 267, 347, 0, 0, 0
17718, 1, 1636469923099, 1636469924753, 1654, 1306, 348, 0, 0, 0
17723, 1, 1636469924361, 1636469925017, 656, 263, 393, 0, 0, 0
17724, 1, 1636469924464, 1636469925077, 613, 262, 351, 0, 0, 0
17725, 1, 1636469924475, 1636469925101, 626, 278, 348, 0, 0, 0
17726, 1, 1636469925129, 1636469925740, 611, 262, 349, 0, 0, 0
17727, 1, 1636469925609, 1636469926225, 616, 266, 350, 0, 1, 1
17729, 1, 1636469925646, 1636469926253, 607, 259, 348, 1, 0, 1
17728, 1, 1636469925645, 1636469926253, 608, 263, 345, 1, 0, 1
17730, 1, 1636469926034, 1636469926641, 607, 262, 345, 0, 0, 0
17731, 1, 1636469926198, 1636469926809, 611, 262, 349, 0, 0, 0
17732, 1, 1636469926661, 1636469927273, 612, 262, 350, 0, 0, 0
17733, 1, 1636469926668, 1636469927277, 609, 262, 347, 0, 0, 0
17734, 1, 1636469926684, 1636469927297, 613, 262, 351, 0, 0, 0
17735, 1, 1636469926765, 1636469927373, 608, 264, 344, 1, 0, 1
17737, 1, 1636469927109, 1636469927720, 611, 263, 348, 0, 1, 1
17736, 1, 1636469927108, 1636469927720, 612, 263, 349, 0, 0, 0
17738, 1, 1636469927250, 1636469927861, 611, 262, 349, 0, 0, 0
17739, 1, 1636469927381, 1636469927996, 615, 266, 349, 0, 0, 0
17740, 1, 1636469927749, 1636469928357, 608, 262, 346, 0, 0, 0
17741, 1, 1636469927817, 1636469928429, 612, 262, 350, 0, 0, 0
17742, 1, 1636469928095, 1636469928709, 614, 262, 352, 0, 0, 0
17743, 1, 1636469928245, 1636469928857, 612, 262, 350, 0, 0, 0
17744, 1, 1636469928320, 1636469928933, 613, 262, 351, 0, 0, 0
17745, 1, 1636469928613, 1636469929225, 612, 262, 350, 0, 0, 0
17746, 1, 1636469928896, 1636469929509, 613, 262, 351, 0, 0, 0
17747, 1, 1636469929451, 1636469930061, 610, 262, 348, 0, 0, 0
17748, 1, 1636469929642, 1636469930253, 611, 263, 348, 0, 0, 0
17749, 1, 1636469929724, 1636469930341, 617, 266, 351, 0, 0, 0
17750, 1, 1636469929966, 1636469930577, 611, 262, 349, 0, 0, 0
17751, 1, 1636469930114, 1636469930729, 615, 262, 353, 0, 0, 0
17752, 1, 1636469930451, 1636469931065, 614, 266, 348, 0, 0, 0
17753, 1, 1636469930497, 1636469931105, 608, 262, 346, 0, 0, 0
17754, 1, 1636469930694, 1636469931313, 619, 262, 357, 0, 0, 0
17755, 1, 1636469930748, 1636469931365, 617, 262, 355, 0, 1, 1
17756, 1, 1636469930875, 1636469931489, 614, 266, 348, 0, 0, 0
17757, 1, 1636469930930, 1636469931545, 615, 266, 349, 0, 0, 0
17758, 1, 1636469931131, 1636469931741, 610, 263, 347, 0, 0, 0
17759, 1, 1636469931466, 1636469932077, 611, 264, 347, 1, 0, 1
17760, 1, 1636469931592, 1636469932205, 613, 262, 351, 0, 0, 0
17761, 1, 1636469931660, 1636469932272, 612, 262, 350, 0, 0, 0
17762, 1, 1636469931917, 1636469932533, 616, 262, 354, 0, 0, 0
17763, 1, 1636469931966, 1636469932577, 611, 262, 349, 0, 0, 0
17764, 1, 1636469932435, 1636469933053, 618, 266, 352, 0, 0, 0
17765, 1, 1636469932602, 1636469933221, 619, 266, 353, 0, 0, 0
17766, 1, 1636469933177, 1636469933793, 616, 262, 354, 0, 0, 0
17767, 1, 1636469933422, 1636469934033, 611, 262, 349, 0, 0, 0
17768, 1, 1636469933547, 1636469934157, 610, 262, 348, 0, 0, 0
17769, 1, 1636469933732, 1636469934349, 617, 262, 355, 0, 0, 0
17770, 1, 1636469933937, 1636469934549, 612, 262, 350, 0, 0, 0
17771, 1, 1636469934247, 1636469934857, 610, 262, 348, 0, 0, 0
17772, 1, 1636469934474, 1636469935084, 610, 262, 348, 0, 0, 0
17773, 1, 1636469934570, 1636469935177, 607, 262, 345, 0, 0, 0
17774, 1, 1636469934732, 1636469935345, 613, 262, 351, 0, 0, 0
17775, 1, 1636469934795, 1636469935401, 606, 262, 344, 0, 0, 0
17776, 1, 1636469934906, 1636469935521, 615, 262, 353, 0, 0, 0
17777, 1, 1636469935157, 1636469935769, 612, 262, 350, 0, 0, 0
17778, 1, 1636469935268, 1636469935876, 608, 262, 346, 0, 0, 0
17779, 1, 1636469935408, 1636469936020, 612, 262, 350, 0, 0, 0
17780, 1, 1636469935428, 1636469936041, 613, 262, 351, 0, 0, 0
17781, 1, 1636469935928, 1636469936545, 617, 262, 355, 0, 0, 0
17783, 1, 1636469936254, 1636469936864, 610, 263, 347, 0, 0, 0
17782, 1, 1636469935993, 1636469936893, 900, 547, 353, 0, 0, 0
17784, 1, 1636469936484, 1636469937097, 613, 262, 351, 0, 0, 0
17785, 1, 1636469936772, 1636469937385, 613, 262, 351, 0, 0, 0
17786, 1, 1636469937059, 1636469937672, 613, 262, 351, 0, 1, 1
17787, 1, 1636469937143, 1636469937749, 606, 262, 344, 0, 0, 0
17788, 1, 1636469937614, 1636469938225, 611, 262, 349, 0, 0, 0
17789, 1, 1636469937884, 1636469938505, 621, 266, 355, 0, 0, 0
17790, 1, 1636469938056, 1636469938672, 616, 262, 354, 0, 0, 0
17791, 1, 1636469938195, 1636469938813, 618, 262, 356, 0, 0, 0
17792, 1, 1636469938275, 1636469938889, 614, 266, 348, 0, 0, 0
17793, 1, 1636469938614, 1636469939229, 615, 263, 352, 0, 0, 0
17794, 1, 1636469938742, 1636469939349, 607, 262, 345, 0, 0, 0
17795, 1, 1636469938868, 1636469939485, 617, 266, 351, 0, 0, 0
17797, 1, 1636469939040, 1636469939653, 613, 262, 351, 0, 0, 0
17798, 1, 1636469939172, 1636469939785, 613, 263, 350, 0, 0, 0
17796, 1, 1636469938931, 1636469939833, 902, 554, 348, 0, 0, 0
17799, 1, 1636469939404, 1636469940185, 781, 426, 355, 0, 0, 0
17800, 1, 1636469939621, 1636469940237, 616, 262, 354, 0, 0, 0
17801, 1, 1636469939776, 1636469940393, 617, 266, 351, 0, 0, 0
17802, 1, 1636469939904, 1636469940517, 613, 262, 351, 0, 0, 0
17803, 1, 1636469940260, 1636469940881, 621, 262, 359, 0, 0, 0
17804, 1, 1636469940352, 1636469940960, 608, 263, 345, 1, 0, 1
17805, 1, 1636469940816, 1636469941429, 613, 262, 351, 0, 0, 0
17806, 1, 1636469940835, 1636469941449, 614, 263, 351, 0, 1, 1
17807, 1, 1636469940870, 1636469941484, 614, 261, 353, 0, 0, 0
17808, 1, 1636469941389, 1636469942001, 612, 262, 350, 0, 0, 0
17809, 1, 1636469941832, 1636469942449, 617, 262, 355, 0, 0, 0
17810, 1, 1636469942156, 1636469942764, 608, 258, 350, 0, 0, 0
17811, 1, 1636469942170, 1636469942777, 607, 258, 349, 0, 0, 0
17813, 1, 1636469942389, 1636469943005, 616, 262, 354, 0, 0, 0
17812, 1, 1636469942374, 1636469943129, 755, 402, 353, 0, 0, 0
17814, 1, 1636469942816, 1636469943429, 613, 262, 351, 0, 1, 1
17815, 1, 1636469942895, 1636469943504, 609, 266, 343, 0, 0, 0
17816, 1, 1636469942966, 1636469943581, 615, 262, 353, 0, 0, 0
17817, 1, 1636469943090, 1636469943701, 611, 263, 348, 0, 0, 0
17818, 1, 1636469943126, 1636469943737, 611, 262, 349, 0, 0, 0
17819, 1, 1636469943563, 1636469944177, 614, 267, 347, 1, 0, 1
17820, 1, 1636469943587, 1636469944201, 614, 263, 351, 0, 0, 0
17821, 1, 1636469943846, 1636469944461, 615, 266, 349, 0, 0, 0
17822, 1, 1636469944114, 1636469944733, 619, 270, 349, 0, 0, 0
17823, 1, 1636469944236, 1636469944852, 616, 262, 354, 0, 0, 0
17824, 1, 1636469944649, 1636469945269, 620, 266, 354, 0, 0, 0
17825, 1, 1636469944672, 1636469945293, 621, 270, 351, 0, 1, 1
17826, 1, 1636469944792, 1636469945413, 621, 266, 355, 0, 0, 0
17827, 1, 1636469945053, 1636469945665, 612, 262, 350, 0, 0, 0
17828, 1, 1636469945225, 1636469945837, 612, 263, 349, 0, 1, 1
17829, 1, 1636469945669, 1636469946281, 612, 262, 350, 0, 0, 0
17830, 1, 1636469945873, 1636469946481, 608, 262, 346, 0, 0, 0
17831, 1, 1636469946225, 1636469946837, 612, 263, 349, 0, 1, 1
17832, 1, 1636469946389, 1636469947001, 612, 262, 350, 0, 0, 0
17834, 1, 1636469946653, 1636469947269, 616, 262, 354, 1, 0, 1
17833, 1, 1636469946467, 1636469947348, 881, 534, 347, 1, 0, 1
17835, 1, 1636469946836, 1636469947453, 617, 266, 351, 0, 0, 0
17836, 1, 1636469946993, 1636469947601, 608, 262, 346, 0, 0, 0
17837, 1, 1636469947150, 1636469947761, 611, 262, 349, 0, 0, 0
17838, 1, 1636469947182, 1636469947793, 611, 262, 349, 0, 0, 0
17839, 1, 1636469947475, 1636469948088, 613, 266, 347, 0, 0, 0
17840, 1, 1636469947610, 1636469948217, 607, 262, 345, 0, 0, 0
17841, 1, 1636469947678, 1636469948289, 611, 263, 348, 1, 1, 2
17842, 1, 1636469948400, 1636469949009, 609, 262, 347, 0, 0, 0
17843, 1, 1636469948430, 1636469949041, 611, 262, 349, 0, 0, 0
17844, 1, 1636469948710, 1636469949321, 611, 262, 349, 0, 0, 0
17845, 1, 1636469948745, 1636469949389, 644, 294, 350, 0, 0, 0
17846, 1, 1636469948960, 1636469949573, 613, 263, 350, 1, 0, 1
17847, 1, 1636469949145, 1636469949921, 776, 426, 350, 0, 0, 0
17848, 1, 1636469949418, 1636469950033, 615, 261, 354, 0, 0, 0
17849, 1, 1636469949702, 1636469950317, 615, 262, 353, 0, 0, 0
17850, 1, 1636469949862, 1636469950473, 611, 262, 349, 0, 0, 0
17851, 1, 1636469950418, 1636469951024, 606, 262, 344, 0, 0, 0
17852, 1, 1636469950481, 1636469951093, 612, 262, 350, 0, 0, 0
17853, 1, 1636469950693, 1636469951309, 616, 266, 350, 0, 0, 0
17855, 1, 1636469950748, 1636469951361, 613, 263, 350, 0, 1, 1
17854, 1, 1636469950725, 1636469951445, 720, 370, 350, 0, 0, 0
17856, 1, 1636469950847, 1636469951461, 614, 262, 352, 0, 0, 0
17857, 1, 1636469950982, 1636469951593, 611, 262, 349, 0, 0, 0
17858, 1, 1636469951242, 1636469951853, 611, 263, 348, 0, 1, 1
17859, 1, 1636469951479, 1636469952089, 610, 262, 348, 0, 0, 0
17860, 1, 1636469951549, 1636469952161, 612, 264, 348, 1, 1, 2
17861, 1, 1636469951596, 1636469952213, 617, 266, 351, 0, 0, 0
17862, 1, 1636469952371, 1636469952981, 610, 262, 348, 0, 0, 0
17863, 1, 1636469952474, 1636469953084, 610, 262, 348, 0, 0, 0
17865, 1, 1636469952697, 1636469953309, 612, 262, 350, 0, 0, 0
17864, 1, 1636469952552, 1636469953333, 781, 426, 355, 0, 0, 0
17866, 1, 1636469952761, 1636469953373, 612, 262, 350, 0, 0, 0
17867, 1, 1636469953029, 1636469953721, 692, 342, 350, 0, 0, 0
17868, 1, 1636469953359, 1636469953969, 610, 262, 348, 0, 0, 0
17869, 1, 1636469953466, 1636469954077, 611, 262, 349, 0, 0, 0
17870, 1, 1636469953804, 1636469954417, 613, 262, 351, 0, 0, 0
17871, 1, 1636469954262, 1636469954873, 611, 262, 349, 0, 0, 0
17872, 1, 1636469954282, 1636469954893, 611, 262, 349, 0, 0, 0
17873, 1, 1636469954614, 1636469955241, 627, 278, 349, 0, 0, 0
17874, 1, 1636469954788, 1636469955397, 609, 262, 347, 0, 0, 0
17875, 1, 1636469954822, 1636469955429, 607, 262, 345, 0, 0, 0
17876, 1, 1636469954842, 1636469955453, 611, 262, 349, 0, 0, 0
17877, 1, 1636469955043, 1636469955649, 606, 262, 344, 0, 0, 0
17878, 1, 1636469955047, 1636469955661, 614, 263, 351, 0, 0, 0
17879, 1, 1636469955313, 1636469955925, 612, 263, 349, 0, 0, 0
17880, 1, 1636469955463, 1636469956073, 610, 262, 348, 0, 1, 1
17881, 1, 1636469955544, 1636469956157, 613, 262, 351, 0, 0, 0
17882, 1, 1636469956301, 1636469956917, 616, 262, 354, 0, 0, 0
17884, 1, 1636469956428, 1636469957041, 613, 262, 351, 0, 0, 0
17883, 1, 1636469956370, 1636469957265, 895, 546, 349, 0, 0, 0
17885, 1, 1636469956789, 1636469957401, 612, 266, 346, 0, 0, 0
17886, 1, 1636469956826, 1636469957437, 611, 262, 349, 0, 1, 1
17887, 1, 1636469957160, 1636469957785, 625, 274, 351, 0, 1, 1
17888, 1, 1636469957271, 1636469957885, 614, 266, 348, 0, 0, 0
17889, 1, 1636469957420, 1636469958033, 613, 262, 351, 0, 0, 0
17890, 1, 1636469957717, 1636469958333, 616, 266, 350, 0, 0, 0
17891, 1, 1636469958174, 1636469958789, 615, 267, 348, 0, 1, 1
17892, 1, 1636469958348, 1636469958961, 613, 262, 351, 0, 0, 0
17893, 1, 1636469958603, 1636469959213, 610, 263, 347, 0, 0, 0
17894, 1, 1636469958787, 1636469959396, 609, 262, 347, 0, 0, 0
17895, 1, 1636469958797, 1636469959408, 611, 262, 349, 0, 0, 0
17896, 1, 1636469958923, 1636469959533, 610, 263, 347, 1, 0, 1
17898, 1, 1636469959164, 1636469959777, 613, 262, 351, 0, 0, 0
17899, 1, 1636469959214, 1636469959829, 615, 262, 353, 0, 0, 0
17897, 1, 1636469959157, 1636469959881, 724, 374, 350, 0, 0, 0
17900, 1, 1636469959369, 1636469959985, 616, 262, 354, 0, 0, 0
17901, 1, 1636469959711, 1636469960325, 614, 263, 351, 0, 0, 0
17902, 1, 1636469960295, 1636469960905, 610, 262, 348, 0, 0, 0
17903, 1, 1636469960371, 1636469960981, 610, 262, 348, 0, 0, 0
17905, 1, 1636469960589, 1636469961201, 612, 262, 350, 0, 0, 0
17904, 1, 1636469960375, 1636469961329, 954, 605, 349, 0, 0, 0
17906, 1, 1636469960993, 1636469961601, 608, 258, 350, 0, 0, 0
17907, 1, 1636469961287, 1636469961893, 606, 262, 344, 0, 0, 0
17908, 1, 1636469961345, 1636469961957, 612, 262, 350, 0, 0, 0
17909, 1, 1636469961395, 1636469962009, 614, 266, 348, 0, 0, 0
17910, 1, 1636469961792, 1636469962405, 613, 262, 351, 0, 0, 0
17911, 1, 1636469962248, 1636469962861, 613, 262, 351, 0, 0, 0
17912, 1, 1636469962515, 1636469963125, 610, 262, 348, 0, 0, 0
17913, 1, 1636469962582, 1636469963197, 615, 262, 353, 0, 1, 1
17914, 1, 1636469962853, 1636469963461, 608, 259, 349, 0, 1, 1
17915, 1, 1636469962888, 1636469963501, 613, 262, 351, 0, 0, 0
17916, 1, 1636469963090, 1636469963697, 607, 262, 345, 0, 0, 0
17918, 1, 1636469963314, 1636469963925, 611, 262, 349, 0, 0, 0
17919, 1, 1636469963387, 1636469963997, 610, 263, 347, 0, 0, 0
17917, 1, 1636469963266, 1636469964045, 779, 430, 349, 0, 0, 0
17920, 1, 1636469963550, 1636469964160, 610, 262, 348, 0, 0, 0
17921, 1, 1636469963972, 1636469964585, 613, 262, 351, 0, 0, 0
17922, 1, 1636469964047, 1636469964661, 614, 262, 352, 0, 0, 0
17923, 1, 1636469964259, 1636469964869, 610, 262, 348, 0, 0, 0
17924, 1, 1636469964347, 1636469965217, 870, 522, 348, 0, 0, 0
17925, 1, 1636469964654, 1636469965265, 611, 262, 349, 0, 0, 0
17926, 1, 1636469964987, 1636469965597, 610, 262, 348, 0, 0, 0
17927, 1, 1636469965108, 1636469965721, 613, 262, 351, 0, 0, 0
17928, 1, 1636469965118, 1636469965729, 611, 262, 349, 0, 0, 0
17929, 1, 1636469965555, 1636469966165, 610, 262, 348, 0, 0, 0
17930, 1, 1636469965732, 1636469966345, 613, 263, 350, 1, 0, 1
17931, 1, 1636469966011, 1636469966617, 606, 262, 344, 0, 0, 0
17932, 1, 1636469966441, 1636469967057, 616, 263, 353, 1, 0, 1
17933, 1, 1636469966651, 1636469967265, 614, 266, 348, 0, 0, 0
17934, 1, 1636469966851, 1636469967460, 609, 262, 347, 0, 0, 0
17935, 1, 1636469966963, 1636469967577, 614, 262, 352, 0, 0, 0
17936, 1, 1636469967075, 1636469967689, 614, 262, 352, 0, 0, 0
17937, 1, 1636469967215, 1636469967825, 610, 262, 348, 0, 0, 0
17938, 1, 1636469967243, 1636469967857, 614, 266, 348, 0, 0, 0
17939, 1, 1636469967261, 1636469967877, 616, 263, 353, 0, 0, 0
17940, 1, 1636469967321, 1636469968177, 856, 503, 353, 1, 0, 1
17941, 1, 1636469967739, 1636469968348, 609, 262, 347, 1, 0, 1
17942, 1, 1636469968121, 1636469968737, 616, 263, 353, 0, 1, 1
17943, 1, 1636469968314, 1636469968925, 611, 263, 348, 0, 1, 1
17944, 1, 1636469968429, 1636469969272, 843, 494, 349, 0, 0, 0
17945, 1, 1636469968810, 1636469969417, 607, 262, 345, 0, 0, 0
17946, 1, 1636469968822, 1636469969429, 607, 262, 345, 0, 0, 0
17947, 1, 1636469969137, 1636469969749, 612, 262, 350, 0, 1, 1
17948, 1, 1636469969164, 1636469969777, 613, 262, 351, 0, 0, 0
17949, 1, 1636469969424, 1636469970037, 613, 262, 351, 0, 0, 0
17950, 1, 1636469969764, 1636469970385, 621, 266, 355, 0, 0, 0
17951, 1, 1636469970219, 1636469970837, 618, 266, 352, 0, 0, 0
17952, 1, 1636469970272, 1636469970889, 617, 263, 354, 1, 0, 1
17953, 1, 1636469970708, 1636469971325, 617, 262, 355, 0, 0, 0
17954, 1, 1636469970734, 1636469971345, 611, 262, 349, 0, 0, 0
17955, 1, 1636469970837, 1636469971449, 612, 263, 349, 1, 0, 1
17957, 1, 1636469970933, 1636469971545, 612, 262, 350, 0, 0, 0
17958, 1, 1636469971055, 1636469971665, 610, 262, 348, 0, 0, 0
17956, 1, 1636469970907, 1636469971693, 786, 438, 348, 0, 0, 0
17960, 1, 1636469971429, 1636469972041, 612, 262, 350, 0, 0, 0
17959, 1, 1636469971129, 1636469972041, 912, 562, 350, 0, 0, 0
17961, 1, 1636469971539, 1636469972153, 614, 267, 347, 0, 0, 0
17962, 1, 1636469971882, 1636469972497, 615, 265, 350, 0, 0, 0
17963, 1, 1636469972333, 1636469972953, 620, 266, 354, 0, 0, 0
17965, 1, 1636469972612, 1636469973244, 632, 262, 370, 0, 0, 0
17964, 1, 1636469972600, 1636469973296, 696, 350, 346, 0, 0, 0
17966, 1, 1636469972897, 1636469973513, 616, 266, 350, 0, 0, 0
17967, 1, 1636469972947, 1636469973561, 614, 266, 348, 0, 0, 0
17968, 1, 1636469973114, 1636469973721, 607, 262, 345, 0, 0, 0
17969, 1, 1636469973182, 1636469973793, 611, 262, 349, 0, 0, 0
17970, 1, 1636469973983, 1636469974593, 610, 262, 348, 0, 0, 0
17971, 1, 1636469974238, 1636469974937, 699, 354, 345, 0, 0, 0
17972, 1, 1636469974424, 1636469975045, 621, 262, 359, 0, 0, 0
17973, 1, 1636469974518, 1636469975137, 619, 266, 353, 0, 0, 0
17974, 1, 1636469974726, 1636469975337, 611, 262, 349, 0, 0, 0
17975, 1, 1636469974797, 1636469975413, 616, 266, 350, 0, 0, 0
17976, 1, 1636469974816, 1636469975421, 605, 258, 347, 0, 0, 0
17977, 1, 1636469974914, 1636469975525, 611, 262, 349, 0, 0, 0
17979, 1, 1636469975115, 1636469975721, 606, 262, 344, 0, 0, 0
17978, 1, 1636469974972, 1636469975765, 793, 442, 351, 0, 0, 0
17980, 1, 1636469975312, 1636469975925, 613, 262, 351, 0, 0, 0
17981, 1, 1636469975549, 1636469976161, 612, 263, 349, 0, 0, 0
17982, 1, 1636469975861, 1636469976473, 612, 262, 350, 0, 0, 0
17983, 1, 1636469976208, 1636469976821, 613, 262, 351, 0, 0, 0
17985, 1, 1636469976445, 1636469977057, 612, 262, 350, 0, 0, 0
17984, 1, 1636469976380, 1636469977169, 789, 438, 351, 0, 0, 0
17986, 1, 1636469976640, 1636469977253, 613, 262, 351, 0, 0, 0
17987, 1, 1636469976854, 1636469977465, 611, 262, 349, 0, 0, 0
17988, 1, 1636469976876, 1636469977489, 613, 262, 351, 0, 0, 0
17989, 1, 1636469977056, 1636469977669, 613, 262, 351, 0, 0, 0
17990, 1, 1636469977818, 1636469978429, 611, 262, 349, 0, 0, 0
17991, 1, 1636469978166, 1636469978777, 611, 262, 349, 0, 0, 0
17992, 1, 1636469978422, 1636469979033, 611, 262, 349, 0, 0, 0
17993, 1, 1636469978553, 1636469979165, 612, 262, 350, 0, 0, 0
17994, 1, 1636469978557, 1636469979169, 612, 262, 350, 1, 0, 1
17995, 1, 1636469978601, 1636469979212, 611, 263, 348, 0, 0, 0
17997, 1, 1636469978745, 1636469979353, 608, 262, 346, 0, 0, 0
17996, 1, 1636469978680, 1636469979381, 701, 350, 351, 0, 0, 0
17999, 1, 1636469979089, 1636469979701, 612, 263, 349, 0, 0, 0
17998, 1, 1636469978852, 1636469979729, 877, 526, 351, 0, 0, 0
18000, 1, 1636469979275, 1636469979881, 606, 262, 344, 0, 0, 0
18001, 1, 1636469979329, 1636469979941, 612, 262, 350, 0, 0, 0
18002, 1, 1636469979720, 1636469980333, 613, 262, 351, 0, 0, 0
18003, 1, 1636469980222, 1636469980833, 611, 262, 349, 0, 0, 0
18004, 1, 1636469980330, 1636469980941, 611, 262, 349, 0, 0, 0
18005, 1, 1636469980487, 1636469981097, 610, 262, 348, 0, 0, 0
18007, 1, 1636469980631, 1636469981241, 610, 262, 348, 0, 0, 0
18008, 1, 1636469980735, 1636469981345, 610, 262, 348, 0, 0, 0
18006, 1, 1636469980576, 1636469981449, 873, 518, 355, 0, 0, 0
18009, 1, 1636469981334, 1636469981945, 611, 262, 349, 0, 0, 0
18010, 1, 1636469982096, 1636469982709, 613, 262, 351, 0, 0, 0
18011, 1, 1636469982199, 1636469982809, 610, 262, 348, 0, 0, 0
18012, 1, 1636469982444, 1636469983057, 613, 262, 351, 0, 0, 0
18013, 1, 1636469982499, 1636469983109, 610, 262, 348, 0, 0, 0
18014, 1, 1636469982502, 1636469983157, 655, 306, 349, 0, 0, 0
18015, 1, 1636469982714, 1636469983321, 607, 259, 348, 0, 1, 1
18017, 1, 1636469982880, 1636469983493, 613, 261, 352, 0, 0, 0
18016, 1, 1636469982733, 1636469983505, 772, 422, 350, 0, 0, 0
18018, 1, 1636469982924, 1636469983536, 612, 263, 349, 1, 0, 1
18019, 1, 1636469983081, 1636469983697, 616, 262, 354, 0, 0, 0
18020, 1, 1636469983250, 1636469983861, 611, 262, 349, 0, 0, 0
18021, 1, 1636469983532, 1636469984145, 613, 263, 350, 0, 0, 0
18022, 1, 1636469983551, 1636469984161, 610, 262, 348, 0, 0, 0
18023, 1, 1636469984213, 1636469984821, 608, 262, 346, 0, 1, 1
18024, 1, 1636469984383, 1636469984993, 610, 262, 348, 0, 0, 0
18025, 1, 1636469984496, 1636469985109, 613, 262, 351, 0, 0, 0
18026, 1, 1636469984566, 1636469985177, 611, 262, 349, 0, 0, 0
18027, 1, 1636469984792, 1636469985409, 617, 262, 355, 0, 0, 0
18028, 1, 1636469984872, 1636469985485, 613, 262, 351, 0, 0, 0
18029, 1, 1636469985343, 1636469985953, 610, 262, 348, 0, 0, 0
18030, 1, 1636469986105, 1636469986717, 612, 262, 350, 0, 0, 0
18031, 1, 1636469986266, 1636469986877, 611, 262, 349, 0, 0, 0
18032, 1, 1636469986453, 1636469987065, 612, 262, 350, 0, 0, 0
18033, 1, 1636469986470, 1636469987081, 611, 262, 349, 0, 0, 0
18034, 1, 1636469986549, 1636469987165, 616, 262, 354, 0, 0, 0
18035, 1, 1636469986789, 1636469987405, 616, 262, 354, 0, 0, 0
18036, 1, 1636469986888, 1636469987501, 613, 262, 351, 0, 0, 0
18038, 1, 1636469986965, 1636469987577, 612, 263, 349, 1, 1, 2
18039, 1, 1636469986967, 1636469987577, 610, 263, 347, 2, 0, 2
18037, 1, 1636469986906, 1636469987753, 847, 498, 349, 0, 2, 2
18040, 1, 1636469987283, 1636469987893, 610, 262, 348, 0, 0, 0
18041, 1, 1636469987463, 1636469988073, 610, 263, 347, 0, 0, 0
18042, 1, 1636469987797, 1636469988409, 612, 262, 350, 0, 0, 0
18043, 1, 1636469987950, 1636469988560, 610, 262, 348, 0, 0, 0
18044, 1, 1636469988100, 1636469988713, 613, 262, 351, 0, 0, 0
18045, 1, 1636469988277, 1636469988893, 616, 266, 350, 0, 0, 0
18046, 1, 1636469988509, 1636469989121, 612, 262, 350, 0, 0, 0
18047, 1, 1636469988652, 1636469989265, 613, 262, 351, 0, 0, 0
18048, 1, 1636469988812, 1636469989425, 613, 262, 351, 0, 0, 0
18049, 1, 1636469989123, 1636469989736, 613, 266, 347, 0, 0, 0
18050, 1, 1636469989885, 1636469990496, 611, 262, 349, 0, 0, 0
18051, 1, 1636469989984, 1636469990589, 605, 262, 343, 0, 0, 0
18052, 1, 1636469990233, 1636469990845, 612, 263, 349, 0, 0, 0
18053, 1, 1636469990287, 1636469990905, 618, 270, 348, 0, 0, 0
18054, 1, 1636469990506, 1636469991121, 615, 262, 353, 0, 0, 0
18055, 1, 1636469990543, 1636469991153, 610, 262, 348, 0, 0, 0
18057, 1, 1636469990669, 1636469991285, 616, 266, 350, 0, 0, 0
18056, 1, 1636469990633, 1636469991469, 836, 486, 350, 0, 0, 0
18058, 1, 1636469990906, 1636469991517, 611, 262, 349, 0, 0, 0
18059, 1, 1636469990961, 1636469991572, 611, 262, 349, 0, 0, 0
18060, 1, 1636469991214, 1636469991825, 611, 262, 349, 0, 0, 0
18061, 1, 1636469991478, 1636469992089, 611, 263, 348, 0, 0, 0
18062, 1, 1636469991837, 1636469992448, 611, 262, 349, 0, 0, 0
18063, 1, 1636469992094, 1636469992705, 611, 262, 349, 0, 0, 0
18064, 1, 1636469992112, 1636469992725, 613, 262, 351, 0, 0, 0
18065, 1, 1636469992480, 1636469993097, 617, 266, 351, 0, 0, 0
18066, 1, 1636469992503, 1636469993113, 610, 262, 348, 0, 0, 0
18067, 1, 1636469992853, 1636469993465, 612, 262, 350, 0, 0, 0
18068, 1, 1636469992855, 1636469993465, 610, 263, 347, 0, 1, 1
18069, 1, 1636469993325, 1636469993937, 612, 262, 350, 0, 0, 0
18070, 1, 1636469993697, 1636469994313, 616, 267, 349, 0, 1, 1
18071, 1, 1636469993963, 1636469994576, 613, 263, 350, 0, 0, 0
18072, 1, 1636469994088, 1636469994701, 613, 262, 351, 0, 0, 0
18073, 1, 1636469994435, 1636469995049, 614, 266, 348, 0, 0, 0
18074, 1, 1636469994500, 1636469995113, 613, 262, 351, 1, 1, 2
18076, 1, 1636469994574, 1636469995189, 615, 262, 353, 0, 0, 0
18075, 1, 1636469994501, 1636469995461, 960, 611, 349, 0, 1, 1
18077, 1, 1636469994872, 1636469995485, 613, 262, 351, 0, 0, 0
18078, 1, 1636469994878, 1636469995493, 615, 266, 349, 0, 0, 0
18079, 1, 1636469994993, 1636469995605, 612, 262, 350, 0, 0, 0
18080, 1, 1636469995229, 1636469995841, 612, 262, 350, 0, 0, 0
18081, 1, 1636469995587, 1636469996197, 610, 263, 347, 1, 0, 1
18082, 1, 1636469995778, 1636469996389, 611, 262, 349, 0, 0, 0
18083, 1, 1636469995829, 1636469996441, 612, 262, 350, 0, 0, 0
18084, 1, 1636469996125, 1636469996737, 612, 262, 350, 0, 0, 0
18085, 1, 1636469996412, 1636469997028, 616, 262, 354, 0, 0, 0
18086, 1, 1636469996534, 1636469997140, 606, 258, 348, 0, 0, 0
18087, 1, 1636469996786, 1636469997393, 607, 260, 347, 0, 2, 2
18088, 1, 1636469996793, 1636469997413, 620, 266, 354, 0, 0, 0
18089, 1, 1636469997256, 1636469997864, 608, 262, 346, 0, 1, 1
18090, 1, 1636469997729, 1636469998332, 603, 260, 343, 0, 3, 3
18091, 1, 1636469997830, 1636469998428, 598, 255, 343, 0, 1, 1
18092, 1, 1636469998019, 1636469998624, 605, 263, 342, 0, 2, 2
18093, 1, 1636469998307, 1636469998917, 610, 258, 352, 0, 1, 1
18094, 1, 1636469998366, 1636469998973, 607, 254, 353, 0, 1, 1
18095, 1, 1636469998531, 1636469999132, 601, 258, 343, 0, 0, 0
18097, 1, 1636469998695, 1636469999297, 602, 258, 344, 0, 1, 1
18098, 1, 1636469998726, 1636469999337, 611, 262, 349, 0, 0, 0
18099, 1, 1636469998804, 1636469999417, 613, 262, 351, 0, 1, 1
18096, 1, 1636469998571, 1636469999481, 910, 561, 349, 0, 0, 0
18100, 1, 1636469999265, 1636469999877, 612, 262, 350, 0, 0, 0
18101, 1, 1636469999338, 1636469999949, 611, 263, 348, 0, 0, 0
18102, 1, 1636469999749, 1636470000364, 615, 266, 349, 0, 0, 0
18103, 1, 1636469999823, 1636470000437, 614, 262, 352, 0, 0, 0
18104, 1, 1636469999858, 1636470000469, 611, 262, 349, 0, 0, 0
18105, 1, 1636470000325, 1636470000937, 612, 262, 350, 0, 0, 0
18106, 1, 1636470000427, 1636470001037, 610, 262, 348, 0, 0, 0
18107, 1, 1636470000630, 1636470001236, 606, 262, 344, 0, 0, 0
18108, 1, 1636470000998, 1636470001604, 606, 262, 344, 0, 1, 1
18109, 1, 1636470001467, 1636470002072, 605, 264, 341, 1, 1, 2
18110, 1, 1636470001520, 1636470002124, 604, 255, 349, 0, 0, 0
18111, 1, 1636470001833, 1636470002440, 607, 260, 347, 0, 2, 2
18112, 1, 1636470002232, 1636470002836, 604, 258, 346, 0, 1, 1
18113, 1, 1636470002250, 1636470002849, 599, 253, 346, 0, 0, 0
18114, 1, 1636470002322, 1636470002925, 603, 258, 345, 0, 1, 1
18116, 1, 1636470002578, 1636470003180, 602, 259, 343, 0, 1, 1
18117, 1, 1636470002586, 1636470003189, 603, 258, 345, 0, 1, 1
18115, 1, 1636470002374, 1636470003272, 898, 550, 348, 0, 0, 0
18118, 1, 1636470002669, 1636470003280, 611, 260, 351, 0, 1, 1
18119, 1, 1636470002821, 1636470003533, 712, 359, 353, 0, 1, 1
18120, 1, 1636470003017, 1636470003880, 863, 514, 349, 0, 0, 0
18121, 1, 1636470003335, 1636470003949, 614, 263, 351, 0, 0, 0
18122, 1, 1636470003566, 1636470004176, 610, 262, 348, 0, 0, 0
18123, 1, 1636470003801, 1636470004408, 607, 262, 345, 0, 0, 0
18124, 1, 1636470003855, 1636470004461, 606, 262, 344, 0, 0, 0
18125, 1, 1636470004268, 1636470004876, 608, 259, 349, 0, 1, 1
18126, 1, 1636470004421, 1636470005029, 608, 261, 347, 0, 0, 0
18127, 1, 1636470004536, 1636470005144, 608, 262, 346, 0, 0, 0
18128, 1, 1636470005011, 1636470005620, 609, 259, 350, 0, 0, 0
18129, 1, 1636470005226, 1636470005836, 610, 264, 346, 1, 2, 3
18130, 1, 1636470005480, 1636470006088, 608, 263, 345, 1, 2, 3
18131, 1, 1636470005553, 1636470006160, 607, 264, 343, 1, 0, 1
18132, 1, 1636470006028, 1636470006636, 608, 262, 346, 0, 0, 0
18133, 1, 1636470006180, 1636470006784, 604, 259, 345, 1, 0, 1
18134, 1, 1636470006244, 1636470006844, 600, 259, 341, 0, 1, 1
18135, 1, 1636470006374, 1636470006984, 610, 265, 345, 0, 0, 0
18136, 1, 1636470006457, 1636470007064, 607, 260, 347, 0, 1, 1
18137, 1, 1636470006540, 1636470007144, 604, 259, 345, 0, 1, 1
18138, 1, 1636470006589, 1636470007204, 615, 272, 343, 0, 3, 3
18139, 1, 1636470007010, 1636470007612, 602, 259, 343, 0, 2, 2
18140, 1, 1636470007191, 1636470007788, 597, 254, 343, 0, 0, 0
18141, 1, 1636470007242, 1636470007844, 602, 256, 346, 0, 2, 2
18142, 1, 1636470007478, 1636470008072, 594, 255, 339, 1, 1, 2
18143, 1, 1636470007516, 1636470008116, 600, 255, 345, 0, 2, 2
18144, 1, 1636470007646, 1636470008252, 606, 262, 344, 0, 1, 1
18145, 1, 1636470007982, 1636470008593, 611, 259, 352, 0, 1, 1
18146, 1, 1636470008294, 1636470008905, 611, 262, 349, 0, 0, 0
18147, 1, 1636470008312, 1636470008925, 613, 262, 351, 0, 0, 0
18148, 1, 1636470008690, 1636470009304, 614, 262, 352, 0, 0, 0
18149, 1, 1636470009099, 1636470009717, 618, 266, 352, 0, 0, 0
18150, 1, 1636470009238, 1636470009849, 611, 263, 348, 0, 0, 0
18151, 1, 1636470009657, 1636470010272, 615, 263, 352, 0, 0, 0
18152, 1, 1636470009743, 1636470010349, 606, 259, 347, 0, 0, 0
18153, 1, 1636470010002, 1636470010621, 619, 267, 352, 0, 0, 0
18154, 1, 1636470010246, 1636470010853, 607, 262, 345, 0, 1, 1
18155, 1, 1636470010269, 1636470010969, 700, 350, 350, 0, 0, 0
18157, 1, 1636470010462, 1636470011073, 611, 262, 349, 0, 0, 0
18156, 1, 1636470010376, 1636470011201, 825, 478, 347, 0, 0, 0
18159, 1, 1636470010768, 1636470011381, 613, 264, 349, 0, 1, 1
18158, 1, 1636470010736, 1636470011549, 813, 463, 350, 0, 1, 1
18160, 1, 1636470011113, 1636470011725, 612, 261, 351, 1, 0, 1
18161, 1, 1636470011290, 1636470011901, 611, 263, 348, 1, 0, 1
18162, 1, 1636470011353, 1636470011965, 612, 262, 350, 0, 0, 0
18163, 1, 1636470011386, 1636470011993, 607, 262, 345, 0, 0, 0
18164, 1, 1636470011712, 1636470012321, 609, 262, 347, 0, 0, 0
18165, 1, 1636470012074, 1636470012685, 611, 262, 349, 0, 0, 0
18166, 1, 1636470012179, 1636470012793, 614, 266, 348, 0, 0, 0
18167, 1, 1636470012364, 1636470012981, 617, 262, 355, 0, 0, 0
18168, 1, 1636470012759, 1636470013369, 610, 262, 348, 0, 0, 0
18169, 1, 1636470013190, 1636470013801, 611, 262, 349, 0, 0, 0
18170, 1, 1636470013307, 1636470013917, 610, 262, 348, 0, 0, 0
18171, 1, 1636470013718, 1636470014329, 611, 262, 349, 0, 0, 0
18172, 1, 1636470013938, 1636470014548, 610, 262, 348, 0, 0, 0
18173, 1, 1636470014076, 1636470014685, 609, 262, 347, 0, 0, 0
18174, 1, 1636470014178, 1636470014785, 607, 262, 345, 0, 0, 0
18175, 1, 1636470014352, 1636470015033, 681, 330, 351, 1, 0, 1
18176, 1, 1636470014440, 1636470015057, 617, 266, 351, 0, 1, 1
18177, 1, 1636470014567, 1636470015177, 610, 262, 348, 0, 0, 0
18178, 1, 1636470014837, 1636470015449, 612, 262, 350, 0, 0, 0
18179, 1, 1636470014958, 1636470015569, 611, 262, 349, 0, 0, 0
18180, 1, 1636470015092, 1636470015701, 609, 262, 347, 1, 0, 1
18181, 1, 1636470015224, 1636470015837, 613, 262, 351, 0, 0, 0
18182, 1, 1636470015349, 1636470015961, 612, 262, 350, 0, 0, 0
18183, 1, 1636470015363, 1636470015973, 610, 262, 348, 0, 0, 0
18184, 1, 1636470015763, 1636470016373, 610, 263, 347, 0, 0, 0
18185, 1, 1636470016210, 1636470016821, 611, 262, 349, 0, 0, 0
18186, 1, 1636470016429, 1636470017041, 612, 262, 350, 0, 0, 0
18187, 1, 1636470016508, 1636470017121, 613, 262, 351, 0, 0, 0
18188, 1, 1636470016903, 1636470017517, 614, 262, 352, 0, 0, 0
18189, 1, 1636470017326, 1636470017937, 611, 262, 349, 0, 0, 0
18190, 1, 1636470017451, 1636470018061, 610, 262, 348, 0, 0, 0
18191, 1, 1636470017690, 1636470018301, 611, 262, 349, 0, 0, 0
18192, 1, 1636470018074, 1636470018689, 615, 262, 353, 0, 0, 0
18193, 1, 1636470018281, 1636470018897, 616, 266, 350, 0, 0, 0
18194, 1, 1636470018381, 1636470018997, 616, 262, 354, 0, 0, 0
18196, 1, 1636470018577, 1636470019193, 616, 262, 354, 0, 0, 0
18195, 1, 1636470018398, 1636470019341, 943, 598, 345, 0, 0, 0
18197, 1, 1636470018765, 1636470019377, 612, 262, 350, 0, 0, 0
18199, 1, 1636470019079, 1636470019689, 610, 262, 348, 0, 0, 0
18198, 1, 1636470018982, 1636470019689, 707, 358, 349, 0, 0, 0
18200, 1, 1636470019151, 1636470019761, 610, 263, 347, 0, 0, 0
18201, 1, 1636470019155, 1636470019769, 614, 267, 347, 0, 0, 0
18202, 1, 1636470019260, 1636470019873, 613, 266, 347, 0, 0, 0
18203, 1, 1636470019315, 1636470019925, 610, 262, 348, 0, 1, 1
18204, 1, 1636470019960, 1636470020572, 612, 262, 350, 0, 0, 0
18205, 1, 1636470020145, 1636470020757, 612, 262, 350, 0, 0, 0
18206, 1, 1636470020292, 1636470020905, 613, 262, 351, 0, 0, 0
18207, 1, 1636470020407, 1636470021016, 609, 262, 347, 0, 0, 0
18208, 1, 1636470020687, 1636470021297, 610, 262, 348, 0, 0, 0
18209, 1, 1636470021234, 1636470021845, 611, 262, 349, 0, 0, 0
18210, 1, 1636470021523, 1636470022133, 610, 262, 348, 0, 0, 0
18211, 1, 1636470021643, 1636470022253, 610, 262, 348, 0, 0, 0
18212, 1, 1636470022164, 1636470022781, 617, 266, 351, 0, 0, 0
18213, 1, 1636470022271, 1636470022881, 610, 262, 348, 0, 0, 0
18215, 1, 1636470022343, 1636470022952, 609, 262, 347, 0, 0, 0
18214, 1, 1636470022319, 1636470023129, 810, 458, 352, 1, 0, 1
18216, 1, 1636470022606, 1636470023217, 611, 262, 349, 1, 0, 1
18217, 1, 1636470022775, 1636470023385, 610, 262, 348, 0, 0, 0
18218, 1, 1636470022794, 1636470023473, 679, 334, 345, 0, 0, 0
18219, 1, 1636470022997, 1636470023605, 608, 258, 350, 0, 0, 0
18220, 1, 1636470023211, 1636470023825, 614, 263, 351, 1, 0, 1
18221, 1, 1636470023215, 1636470023833, 618, 262, 356, 0, 0, 0
18223, 1, 1636470023451, 1636470024061, 610, 263, 347, 1, 0, 1
18222, 1, 1636470023405, 1636470024181, 776, 426, 350, 0, 0, 0
18224, 1, 1636470023802, 1636470024413, 611, 266, 345, 0, 0, 0
18225, 1, 1636470024094, 1636470024705, 611, 262, 349, 0, 0, 0
18226, 1, 1636470024249, 1636470024861, 612, 262, 350, 0, 0, 0
18227, 1, 1636470024281, 1636470024893, 612, 262, 350, 0, 0, 0
18228, 1, 1636470024489, 1636470025101, 612, 262, 350, 0, 0, 0
18229, 1, 1636470025036, 1636470025649, 613, 262, 351, 0, 0, 0
18230, 1, 1636470025356, 1636470025969, 613, 262, 351, 0, 0, 0
18231, 1, 1636470025674, 1636470026285, 611, 262, 349, 0, 0, 0
18232, 1, 1636470025966, 1636470026577, 611, 262, 349, 0, 0, 0
18234, 1, 1636470026113, 1636470026725, 612, 262, 350, 0, 0, 0
18235, 1, 1636470026129, 1636470026741, 612, 262, 350, 0, 0, 0
18233, 1, 1636470026026, 1636470026925, 899, 550, 349, 0, 0, 0
18236, 1, 1636470026616, 1636470027233, 617, 262, 355, 0, 0, 0
18237, 1, 1636470026654, 1636470027269, 615, 270, 345, 0, 0, 0
18238, 1, 1636470026788, 1636470027405, 617, 262, 355, 0, 0, 0
18239, 1, 1636470027178, 1636470027793, 615, 262, 353, 0, 0, 0
18240, 1, 1636470027228, 1636470027837, 609, 263, 346, 0, 0, 0
18241, 1, 1636470027276, 1636470027889, 613, 262, 351, 0, 0, 0
18242, 1, 1636470027468, 1636470028077, 609, 263, 346, 0, 0, 0
18243, 1, 1636470027648, 1636470028261, 613, 262, 351, 0, 0, 0
18244, 1, 1636470027984, 1636470028597, 613, 262, 351, 0, 0, 0
18245, 1, 1636470028342, 1636470028957, 615, 262, 353, 0, 0, 0
18246, 1, 1636470028348, 1636470028965, 617, 266, 351, 0, 0, 0
18247, 1, 1636470028431, 1636470029041, 610, 262, 348, 0, 0, 0
18248, 1, 1636470028743, 1636470029353, 610, 262, 348, 0, 0, 0
18249, 1, 1636470029290, 1636470029901, 611, 262, 349, 0, 0, 0
18250, 1, 1636470029538, 1636470030149, 611, 262, 349, 0, 0, 0
18251, 1, 1636470029611, 1636470030220, 609, 262, 347, 0, 0, 0
18252, 1, 1636470030083, 1636470030693, 610, 262, 348, 0, 0, 0
18253, 1, 1636470030155, 1636470030765, 610, 262, 348, 0, 0, 0
18255, 1, 1636470030295, 1636470030905, 610, 262, 348, 0, 0, 0
18254, 1, 1636470030220, 1636470031113, 893, 542, 351, 0, 0, 0
18256, 1, 1636470030513, 1636470031129, 616, 262, 354, 0, 0, 0
18257, 1, 1636470030798, 1636470031405, 607, 262, 345, 0, 0, 0
18258, 1, 1636470030903, 1636470031513, 610, 262, 348, 0, 0, 0
18259, 1, 1636470030908, 1636470031525, 617, 266, 351, 0, 0, 0
18260, 1, 1636470031230, 1636470031841, 611, 262, 349, 0, 0, 0
18261, 1, 1636470031248, 1636470031857, 609, 262, 347, 0, 0, 0
18262, 1, 1636470031459, 1636470032069, 610, 262, 348, 0, 0, 0
18263, 1, 1636470031490, 1636470032101, 611, 262, 349, 0, 0, 0
18264, 1, 1636470031709, 1636470032321, 612, 262, 350, 0, 0, 0
18265, 1, 1636470032156, 1636470032773, 617, 262, 355, 0, 0, 0
18266, 1, 1636470032299, 1636470032913, 614, 262, 352, 0, 0, 0
18267, 1, 1636470032314, 1636470032925, 611, 262, 349, 0, 0, 0
18268, 1, 1636470032659, 1636470033273, 614, 266, 348, 0, 0, 0
18269, 1, 1636470033241, 1636470033853, 612, 262, 350, 0, 0, 0
18270, 1, 1636470033263, 1636470033873, 610, 262, 348, 0, 0, 0
18271, 1, 1636470033392, 1636470034005, 613, 262, 351, 0, 0, 0
18272, 1, 1636470033987, 1636470034601, 614, 266, 348, 0, 0, 0
18273, 1, 1636470034020, 1636470034633, 613, 263, 350, 0, 1, 1
18275, 1, 1636470034115, 1636470034729, 614, 262, 352, 0, 0, 0
18274, 1, 1636470034106, 1636470034954, 848, 494, 354, 0, 0, 0
18276, 1, 1636470034595, 1636470035217, 622, 262, 360, 0, 0, 0
18277, 1, 1636470034650, 1636470035265, 615, 262, 353, 0, 0, 0
18278, 1, 1636470034859, 1636470035465, 606, 262, 344, 0, 1, 1
18279, 1, 1636470035040, 1636470035649, 609, 262, 347, 0, 1, 1
18280, 1, 1636470035177, 1636470035789, 612, 262, 350, 0, 0, 0
18281, 1, 1636470035317, 1636470035929, 612, 262, 350, 0, 0, 0
18282, 1, 1636470035376, 1636470035989, 613, 262, 351, 0, 0, 0
18283, 1, 1636470035672, 1636470036285, 613, 262, 351, 0, 0, 0
18284, 1, 1636470035846, 1636470036461, 615, 262, 353, 0, 0, 0
18285, 1, 1636470036267, 1636470036877, 610, 262, 348, 0, 0, 0
18286, 1, 1636470036293, 1636470036905, 612, 262, 350, 0, 0, 0
18287, 1, 1636470036557, 1636470037169, 612, 263, 349, 1, 0, 1
18288, 1, 1636470036917, 1636470037529, 612, 262, 350, 0, 0, 0
18289, 1, 1636470037400, 1636470038013, 613, 262, 351, 0, 0, 0
18290, 1, 1636470037498, 1636470038117, 619, 267, 352, 1, 0, 1
18291, 1, 1636470037540, 1636470038153, 613, 262, 351, 0, 0, 0
18292, 1, 1636470038052, 1636470038665, 613, 262, 351, 0, 0, 0
18293, 1, 1636470038157, 1636470038769, 612, 262, 350, 0, 0, 0
18294, 1, 1636470038244, 1636470038857, 613, 262, 351, 0, 0, 0
18295, 1, 1636470038389, 1636470039204, 815, 466, 349, 0, 0, 0
18296, 1, 1636470038606, 1636470039217, 611, 262, 349, 0, 0, 0
18297, 1, 1636470038724, 1636470039337, 613, 263, 350, 0, 1, 1
18298, 1, 1636470039023, 1636470039637, 614, 266, 348, 0, 0, 0
18299, 1, 1636470039090, 1636470039705, 615, 266, 349, 0, 0, 0
18300, 1, 1636470039209, 1636470039820, 611, 262, 349, 0, 0, 0
18301, 1, 1636470039397, 1636470040009, 612, 262, 350, 0, 0, 0
18302, 1, 1636470039463, 1636470040069, 606, 262, 344, 0, 0, 0
18303, 1, 1636470039488, 1636470040093, 605, 262, 343, 0, 0, 0
18304, 1, 1636470039802, 1636470040413, 611, 262, 349, 0, 0, 0
18305, 1, 1636470040249, 1636470040861, 612, 262, 350, 0, 0, 0
18306, 1, 1636470040299, 1636470040909, 610, 262, 348, 0, 0, 0
18307, 1, 1636470040474, 1636470041085, 611, 262, 349, 0, 0, 0
18308, 1, 1636470040834, 1636470041445, 611, 262, 349, 0, 0, 0
18309, 1, 1636470041357, 1636470041969, 612, 262, 350, 0, 0, 0
18310, 1, 1636470041415, 1636470042029, 614, 262, 352, 0, 0, 0
18311, 1, 1636470041619, 1636470042237, 618, 270, 348, 0, 0, 0
18312, 1, 1636470041833, 1636470042441, 608, 262, 346, 0, 0, 0
18313, 1, 1636470042113, 1636470042725, 612, 262, 350, 0, 0, 0
18314, 1, 1636470042161, 1636470042777, 616, 266, 350, 0, 0, 0
18315, 1, 1636470042311, 1636470043125, 814, 466, 348, 0, 0, 0
18316, 1, 1636470042681, 1636470043297, 616, 263, 353, 0, 1, 1
18317, 1, 1636470042740, 1636470043353, 613, 262, 351, 0, 0, 0
18318, 1, 1636470043007, 1636470043616, 609, 262, 347, 0, 0, 0
18319, 1, 1636470043145, 1636470043757, 612, 262, 350, 0, 0, 0
18320, 1, 1636470043157, 1636470043769, 612, 262, 350, 0, 0, 0
18321, 1, 1636470043195, 1636470043805, 610, 263, 347, 1, 0, 1
18322, 1, 1636470043511, 1636470044121, 610, 262, 348, 0, 0, 0
18323, 1, 1636470043534, 1636470044145, 611, 262, 349, 0, 0, 0
18324, 1, 1636470043936, 1636470044541, 605, 262, 343, 0, 0, 0
18325, 1, 1636470044235, 1636470044849, 614, 266, 348, 0, 0, 0
18326, 1, 1636470044383, 1636470044997, 614, 266, 348, 0, 1, 1
18327, 1, 1636470044561, 1636470045173, 612, 262, 350, 0, 0, 0
18328, 1, 1636470044921, 1636470045533, 612, 262, 350, 0, 0, 0
18329, 1, 1636470045492, 1636470046101, 609, 262, 347, 0, 0, 0
18330, 1, 1636470045502, 1636470046113, 611, 262, 349, 0, 0, 0
18331, 1, 1636470045699, 1636470046312, 613, 262, 351, 0, 0, 0
18332, 1, 1636470046013, 1636470046625, 612, 262, 350, 1, 0, 1
18334, 1, 1636470046249, 1636470046865, 616, 264, 352, 2, 1, 3
18333, 1, 1636470046248, 1636470046941, 693, 263, 430, 0, 0, 0
18335, 1, 1636470046332, 1636470047288, 956, 606, 350, 0, 0, 0
18336, 1, 1636470046815, 1636470047429, 614, 262, 352, 0, 0, 0
18338, 1, 1636470046927, 1636470047540, 613, 267, 346, 0, 1, 1
18337, 1, 1636470046926, 1636470047541, 615, 267, 348, 2, 0, 2
18339, 1, 1636470047117, 1636470047729, 612, 262, 350, 0, 0, 0
18340, 1, 1636470047137, 1636470047749, 612, 262, 350, 0, 1, 1
18341, 1, 1636470047344, 1636470047957, 613, 262, 351, 0, 0, 0
18342, 1, 1636470047454, 1636470048061, 607, 262, 345, 0, 0, 0
18343, 1, 1636470047491, 1636470048101, 610, 262, 348, 0, 1, 1
18344, 1, 1636470048016, 1636470048629, 613, 264, 349, 1, 0, 1
18345, 1, 1636470048233, 1636470048845, 612, 262, 350, 0, 0, 0
18346, 1, 1636470048570, 1636470049193, 623, 274, 349, 0, 0, 0
18347, 1, 1636470048731, 1636470049353, 622, 263, 359, 0, 0, 0
18348, 1, 1636470049092, 1636470049705, 613, 264, 349, 0, 0, 0
18349, 1, 1636470049559, 1636470050168, 609, 263, 346, 1, 0, 1
18350, 1, 1636470049672, 1636470050285, 613, 262, 351, 0, 0, 0
18351, 1, 1636470049679, 1636470050285, 606, 262, 344, 0, 0, 0
18352, 1, 1636470050093, 1636470050701, 608, 262, 346, 0, 0, 0
18353, 1, 1636470050260, 1636470050873, 613, 262, 351, 0, 0, 0
18354, 1, 1636470050436, 1636470051049, 613, 262, 351, 0, 1, 1
18355, 1, 1636470050477, 1636470051225, 748, 394, 354, 0, 1, 1
18356, 1, 1636470050658, 1636470051273, 615, 263, 352, 0, 1, 1
18357, 1, 1636470051003, 1636470051613, 610, 262, 348, 0, 0, 0
18359, 1, 1636470051075, 1636470051685, 610, 264, 346, 4, 1, 5
18358, 1, 1636470051075, 1636470051685, 610, 262, 348, 2, 0, 2
18360, 1, 1636470051140, 1636470051753, 613, 263, 350, 1, 0, 1
18361, 1, 1636470051295, 1636470051905, 610, 263, 347, 0, 0, 0
18362, 1, 1636470051308, 1636470051925, 617, 262, 355, 0, 0, 0
18363, 1, 1636470051770, 1636470052381, 611, 262, 349, 0, 0, 0
18364, 1, 1636470051964, 1636470052577, 613, 262, 351, 0, 0, 0
18365, 1, 1636470052164, 1636470052777, 613, 262, 351, 0, 0, 0
18366, 1, 1636470052267, 1636470052925, 658, 310, 348, 0, 0, 0
18367, 1, 1636470052565, 1636470053169, 604, 258, 346, 0, 0, 0
18368, 1, 1636470053036, 1636470053645, 609, 262, 347, 0, 0, 0
18369, 1, 1636470053333, 1636470053945, 612, 262, 350, 0, 0, 0
18370, 1, 1636470053590, 1636470054201, 611, 262, 349, 0, 0, 0
18371, 1, 1636470053615, 1636470054237, 622, 266, 356, 0, 0, 0
18372, 1, 1636470054167, 1636470054777, 610, 262, 348, 0, 0, 0
18373, 1, 1636470054174, 1636470054785, 611, 262, 349, 0, 0, 0
18374, 1, 1636470054203, 1636470054817, 614, 267, 347, 0, 0, 0
18376, 1, 1636470054482, 1636470055093, 611, 262, 349, 0, 0, 0
18375, 1, 1636470054369, 1636470055161, 792, 446, 346, 0, 0, 0
18377, 1, 1636470054734, 1636470055345, 611, 263, 348, 0, 0, 0
18378, 1, 1636470054899, 1636470055508, 609, 263, 346, 0, 0, 0
18379, 1, 1636470055076, 1636470055689, 613, 266, 347, 0, 0, 0
18380, 1, 1636470055154, 1636470055765, 611, 262, 349, 0, 0, 0
18381, 1, 1636470055251, 1636470055864, 613, 266, 347, 0, 0, 0
18382, 1, 1636470055321, 1636470055929, 608, 262, 346, 0, 0, 0
18383, 1, 1636470055788, 1636470056405, 617, 263, 354, 0, 0, 0
18384, 1, 1636470055957, 1636470056573, 616, 266, 350, 0, 0, 0
18385, 1, 1636470056097, 1636470056757, 660, 306, 354, 0, 0, 0
18386, 1, 1636470056243, 1636470056857, 614, 266, 348, 0, 0, 0
18387, 1, 1636470056407, 1636470057017, 610, 262, 348, 0, 0, 0
18388, 1, 1636470056878, 1636470057489, 611, 262, 349, 0, 0, 0
18389, 1, 1636470056997, 1636470057613, 616, 262, 354, 0, 0, 0
18390, 1, 1636470057414, 1636470058025, 611, 262, 349, 0, 0, 0
18391, 1, 1636470057612, 1636470058233, 621, 266, 355, 0, 0, 0
18392, 1, 1636470057991, 1636470058596, 605, 262, 343, 1, 0, 1
18393, 1, 1636470058034, 1636470058645, 611, 263, 348, 1, 0, 1
18394, 1, 1636470058125, 1636470058741, 616, 267, 349, 0, 2, 2
18396, 1, 1636470058415, 1636470059029, 614, 266, 348, 0, 0, 0
18395, 1, 1636470058128, 1636470059085, 957, 610, 347, 0, 0, 0
18397, 1, 1636470058558, 1636470059169, 611, 266, 345, 0, 0, 0
18398, 1, 1636470058832, 1636470059437, 605, 263, 342, 0, 0, 0
18399, 1, 1636470059090, 1636470059713, 623, 271, 352, 0, 0, 0
18401, 1, 1636470059233, 1636470059849, 616, 266, 350, 0, 0, 0
18402, 1, 1636470059304, 1636470059917, 613, 262, 351, 0, 0, 0
18400, 1, 1636470059174, 1636470060061, 887, 538, 349, 0, 0, 0
18403, 1, 1636470059688, 1636470060305, 617, 262, 355, 0, 1, 1
18404, 1, 1636470059721, 1636470060337, 616, 262, 354, 0, 0, 0
18405, 1, 1636470059804, 1636470060685, 881, 530, 351, 0, 0, 0
18406, 1, 1636470060323, 1636470060933, 610, 262, 348, 0, 0, 0
18407, 1, 1636470060430, 1636470061041, 611, 262, 349, 0, 0, 0
18408, 1, 1636470060902, 1636470061513, 611, 262, 349, 0, 0, 0
18409, 1, 1636470060946, 1636470061557, 611, 263, 348, 1, 0, 1
18410, 1, 1636470061348, 1636470061961, 613, 262, 351, 0, 0, 0
18411, 1, 1636470061725, 1636470062333, 608, 263, 345, 1, 0, 1
18412, 1, 1636470061808, 1636470062417, 609, 262, 347, 0, 0, 0
18413, 1, 1636470061934, 1636470062545, 611, 262, 349, 0, 0, 0
18414, 1, 1636470062148, 1636470062893, 745, 394, 351, 0, 0, 0
18416, 1, 1636470062404, 1636470063013, 609, 262, 347, 0, 0, 0
18417, 1, 1636470062491, 1636470063104, 613, 262, 351, 0, 0, 0
18415, 1, 1636470062346, 1636470063245, 899, 546, 353, 0, 0, 0
18418, 1, 1636470062654, 1636470063357, 703, 358, 345, 0, 0, 0
18419, 1, 1636470062986, 1636470063593, 607, 264, 343, 0, 0, 0
18420, 1, 1636470063094, 1636470063705, 611, 262, 349, 0, 0, 0
18421, 1, 1636470063152, 1636470063761, 609, 262, 347, 0, 0, 0
18422, 1, 1636470063243, 1636470063857, 614, 262, 352, 0, 0, 0
18423, 1, 1636470063513, 1636470064121, 608, 262, 346, 0, 0, 0
18424, 1, 1636470063552, 1636470064169, 617, 266, 351, 0, 0, 0
18425, 1, 1636470063710, 1636470064517, 807, 458, 349, 0, 0, 0
18426, 1, 1636470064183, 1636470064797, 614, 266, 348, 0, 0, 0
18427, 1, 1636470064366, 1636470064977, 611, 266, 345, 0, 0, 0
18428, 1, 1636470064639, 1636470065249, 610, 262, 348, 0, 0, 0
18429, 1, 1636470064838, 1636470065449, 611, 262, 349, 0, 0, 0
18430, 1, 1636470065337, 1636470065949, 612, 262, 350, 0, 0, 0
18431, 1, 1636470065494, 1636470066105, 611, 262, 349, 0, 0, 0
18432, 1, 1636470065547, 1636470066296, 749, 402, 347, 0, 0, 0
18433, 1, 1636470065870, 1636470066485, 615, 266, 349, 1, 0, 1
18434, 1, 1636470066090, 1636470066697, 607, 263, 344, 0, 1, 1
18435, 1, 1636470066123, 1636470066833, 710, 362, 348, 0, 0, 0
18437, 1, 1636470066435, 1636470067044, 609, 262, 347, 0, 0, 0
18438, 1, 1636470066481, 1636470067093, 612, 262, 350, 0, 0, 0
18436, 1, 1636470066217, 1636470067185, 968, 618, 350, 0, 0, 0
18439, 1, 1636470066867, 1636470067485, 618, 266, 352, 0, 0, 0
18440, 1, 1636470066948, 1636470067561, 613, 262, 351, 0, 1, 1
18441, 1, 1636470067114, 1636470067721, 607, 262, 345, 0, 0, 0
18442, 1, 1636470067179, 1636470067785, 606, 262, 344, 0, 0, 0
18443, 1, 1636470067248, 1636470067865, 617, 262, 355, 0, 0, 0
18444, 1, 1636470067356, 1636470067977, 621, 270, 351, 0, 0, 0
18445, 1, 1636470067591, 1636470068325, 734, 386, 348, 0, 0, 0
18446, 1, 1636470067957, 1636470068573, 616, 262, 354, 0, 0, 0
18447, 1, 1636470068525, 1636470069137, 612, 262, 350, 0, 0, 0
18448, 1, 1636470068594, 1636470069205, 611, 262, 349, 0, 0, 0
18449, 1, 1636470069067, 1636470069677, 610, 262, 348, 0, 0, 0
18450, 1, 1636470069141, 1636470069757, 616, 262, 354, 0, 0, 0
18452, 1, 1636470069444, 1636470070056, 612, 262, 350, 0, 0, 0
18453, 1, 1636470070098, 1636470070712, 614, 262, 352, 0, 0, 0
18455, 1, 1636470070286, 1636470070901, 615, 262, 353, 2, 0, 2
18456, 1, 1636470070416, 1636470071029, 613, 262, 351, 0, 0, 0
18454, 1, 1636470070283, 1636470071061, 778, 426, 352, 1, 1, 2
18459, 1, 1636470070531, 1636470071145, 614, 262, 352, 0, 0, 0
18451, 1, 1636470069407, 1636470071253, 1846, 1494, 352, 0, 0, 0
18458, 1, 1636470070511, 1636470071381, 870, 510, 360, 0, 0, 0
18457, 1, 1636470070443, 1636470071409, 966, 618, 348, 0, 0, 0
18460, 1, 1636470071151, 1636470071761, 610, 261, 349, 0, 0, 0
18461, 1, 1636470071238, 1636470071853, 615, 266, 349, 0, 0, 0
18462, 1, 1636470071300, 1636470071913, 613, 262, 351, 0, 0, 0
18463, 1, 1636470071343, 1636470071957, 614, 268, 346, 1, 1, 2
18464, 1, 1636470071561, 1636470072173, 612, 262, 350, 0, 0, 0
18465, 1, 1636470071621, 1636470072233, 612, 262, 350, 0, 0, 0
18466, 1, 1636470071851, 1636470072520, 669, 322, 347, 0, 0, 0
18467, 1, 1636470072275, 1636470072885, 610, 263, 347, 0, 1, 1
18468, 1, 1636470072340, 1636470072949, 609, 264, 345, 0, 2, 2
18469, 1, 1636470072864, 1636470073477, 613, 262, 351, 0, 0, 0
18470, 1, 1636470073138, 1636470073749, 611, 262, 349, 0, 1, 1
18471, 1, 1636470073218, 1636470073829, 611, 262, 349, 0, 0, 0
18472, 1, 1636470073508, 1636470074177, 669, 318, 351, 0, 0, 0
18473, 1, 1636470073779, 1636470074393, 614, 266, 348, 0, 0, 0
18474, 1, 1636470074067, 1636470074741, 674, 326, 348, 0, 1, 1
18475, 1, 1636470074349, 1636470074961, 612, 263, 349, 1, 1, 2
18477, 1, 1636470074362, 1636470074977, 615, 266, 349, 0, 0, 0
18476, 1, 1636470074350, 1636470075093, 743, 390, 353, 0, 0, 0
18479, 1, 1636470074480, 1636470075093, 613, 262, 351, 0, 0, 0
18478, 1, 1636470074470, 1636470075309, 839, 491, 348, 0, 0, 0
18480, 1, 1636470074982, 1636470075597, 615, 262, 353, 0, 0, 0
18481, 1, 1636470075041, 1636470075652, 611, 262, 349, 0, 0, 0
18482, 1, 1636470075280, 1636470075889, 609, 262, 347, 0, 0, 0
18483, 1, 1636470075456, 1636470076069, 613, 263, 350, 1, 0, 1
18484, 1, 1636470075494, 1636470076105, 611, 262, 349, 0, 0, 0
18485, 1, 1636470075570, 1636470076181, 611, 262, 349, 0, 0, 0
18486, 1, 1636470075694, 1636470076453, 759, 410, 349, 0, 0, 0
18487, 1, 1636470076140, 1636470076757, 617, 262, 355, 0, 0, 0
18488, 1, 1636470076478, 1636470077089, 611, 262, 349, 0, 0, 0
18489, 1, 1636470077024, 1636470077637, 613, 262, 351, 0, 1, 1
18490, 1, 1636470077067, 1636470077677, 610, 262, 348, 0, 0, 0
18491, 1, 1636470077152, 1636470077761, 609, 258, 351, 0, 0, 0
18492, 1, 1636470077227, 1636470078109, 882, 534, 348, 0, 0, 0
18493, 1, 1636470077982, 1636470078593, 611, 262, 349, 0, 0, 0
18494, 1, 1636470078174, 1636470078785, 611, 262, 349, 0, 0, 0
18495, 1, 1636470078296, 1636470078909, 613, 262, 351, 0, 0, 0
18496, 1, 1636470078353, 1636470078965, 612, 262, 350, 1, 0, 1
18497, 1, 1636470078356, 1636470078973, 617, 262, 355, 0, 0, 0
18499, 1, 1636470078600, 1636470079312, 712, 362, 350, 0, 0, 0
18498, 1, 1636470078397, 1636470079321, 924, 575, 349, 1, 0, 1
18500, 1, 1636470078978, 1636470079589, 611, 263, 348, 0, 0, 0
18501, 1, 1636470079118, 1636470079733, 615, 266, 349, 0, 0, 0
18502, 1, 1636470079186, 1636470079797, 611, 263, 348, 0, 1, 1
18503, 1, 1636470079263, 1636470079873, 610, 262, 348, 0, 1, 1
18504, 1, 1636470079393, 1636470080001, 608, 258, 350, 0, 0, 0
18505, 1, 1636470079498, 1636470080113, 615, 262, 353, 1, 0, 1
18506, 1, 1636470079864, 1636470080477, 613, 262, 351, 0, 0, 0
18507, 1, 1636470080405, 1636470081017, 612, 262, 350, 0, 0, 0
18508, 1, 1636470080783, 1636470081392, 609, 262, 347, 0, 0, 0
18509, 1, 1636470080840, 1636470081453, 613, 263, 350, 0, 0, 0
18510, 1, 1636470081249, 1636470081861, 612, 262, 350, 0, 0, 0
18511, 1, 1636470081297, 1636470081909, 612, 262, 350, 0, 0, 0
18512, 1, 1636470081308, 1636470082209, 901, 546, 355, 0, 0, 0
18513, 1, 1636470082059, 1636470082668, 609, 262, 347, 0, 0, 0
18514, 1, 1636470082287, 1636470082897, 610, 262, 348, 0, 0, 0
18515, 1, 1636470082301, 1636470082913, 612, 262, 350, 0, 0, 0
18516, 1, 1636470082576, 1636470083245, 669, 318, 351, 0, 0, 0
18517, 1, 1636470082659, 1636470083269, 610, 262, 348, 0, 0, 0
18520, 1, 1636470082788, 1636470083404, 616, 267, 349, 0, 0, 0
18518, 1, 1636470082662, 1636470083593, 931, 582, 349, 0, 0, 0
18519, 1, 1636470082680, 1636470083617, 937, 587, 350, 0, 1, 1
18521, 1, 1636470083051, 1636470083661, 610, 262, 348, 0, 1, 1
18522, 1, 1636470083091, 1636470083701, 610, 262, 348, 0, 0, 0
18523, 1, 1636470083149, 1636470083757, 608, 262, 346, 0, 0, 0
18524, 1, 1636470083492, 1636470084105, 613, 262, 351, 0, 0, 0
18525, 1, 1636470083804, 1636470084417, 613, 262, 351, 0, 0, 0
18526, 1, 1636470084170, 1636470084781, 611, 262, 349, 0, 0, 0
18527, 1, 1636470084421, 1636470085033, 612, 262, 350, 0, 0, 0
18528, 1, 1636470084659, 1636470085269, 610, 262, 348, 0, 0, 0
18529, 1, 1636470084720, 1636470085333, 613, 262, 351, 0, 0, 0
18530, 1, 1636470085235, 1636470085849, 614, 262, 352, 0, 0, 0
18531, 1, 1636470085555, 1636470086165, 610, 262, 348, 0, 0, 0
18533, 1, 1636470085874, 1636470086485, 611, 262, 349, 0, 0, 0
18532, 1, 1636470085590, 1636470086513, 923, 578, 345, 0, 0, 0
18534, 1, 1636470086224, 1636470086837, 613, 262, 351, 0, 0, 0
18537, 1, 1636470086606, 1636470087224, 618, 270, 348, 0, 0, 0
18538, 1, 1636470086739, 1636470087349, 610, 264, 346, 1, 0, 1
18539, 1, 1636470086901, 1636470087516, 615, 263, 352, 0, 1, 1
18541, 1, 1636470086986, 1636470087601, 615, 266, 349, 1, 0, 1
18540, 1, 1636470086930, 1636470087697, 767, 414, 353, 1, 0, 1
18542, 1, 1636470087126, 1636470087737, 611, 262, 349, 0, 1, 1
18543, 1, 1636470087207, 1636470087817, 610, 262, 348, 0, 0, 0
18545, 1, 1636470087884, 1636470088497, 613, 263, 350, 0, 0, 0
18536, 2, 1636470086375, 1636470088711, 2336, 0, 2336, 0, 1, 1
18535, 2, 1636470086334, 1636470088711, 2377, 0, 2377, 0, 1, 1
18546, 1, 1636470088250, 1636470088865, 615, 266, 349, 0, 0, 0
18547, 1, 1636470088375, 1636470088985, 610, 262, 348, 0, 0, 0
18544, 1, 1636470087430, 1636470089192, 1762, 1414, 348, 0, 0, 0
18548, 1, 1636470088602, 1636470089212, 610, 262, 348, 0, 0, 0
18549, 1, 1636470088797, 1636470089449, 652, 262, 390, 0, 0, 0
18551, 1, 1636470088924, 1636470089537, 613, 263, 350, 0, 1, 1
18552, 1, 1636470089118, 1636470089729, 611, 262, 349, 0, 0, 0
18550, 1, 1636470088797, 1636470089797, 1000, 606, 394, 0, 0, 0
18553, 1, 1636470089635, 1636470090249, 614, 266, 348, 0, 0, 0
18554, 1, 1636470089692, 1636470090305, 613, 262, 351, 0, 0, 0
18555, 1, 1636470089841, 1636470090597, 756, 406, 350, 0, 0, 0
18556, 1, 1636470090106, 1636470090717, 611, 262, 349, 0, 0, 0
18557, 1, 1636470090687, 1636470091293, 606, 262, 344, 0, 0, 0
18558, 1, 1636470090746, 1636470091361, 615, 263, 352, 0, 0, 0
18559, 1, 1636470090812, 1636470091425, 613, 263, 350, 1, 0, 1
18560, 1, 1636470090944, 1636470091557, 613, 263, 350, 1, 1, 2
18561, 1, 1636470090975, 1636470091581, 606, 262, 344, 0, 0, 0
18562, 1, 1636470091031, 1636470091709, 678, 330, 348, 0, 0, 0
18563, 1, 1636470091298, 1636470091913, 615, 262, 353, 0, 0, 0
18564, 1, 1636470091330, 1636470091945, 615, 262, 353, 0, 0, 0
18565, 1, 1636470091891, 1636470092501, 610, 262, 348, 0, 1, 1
18566, 1, 1636470092257, 1636470092873, 616, 266, 350, 0, 0, 0
18567, 1, 1636470092412, 1636470093025, 613, 262, 351, 0, 0, 0
18568, 1, 1636470092865, 1636470093481, 616, 266, 350, 0, 0, 0
18569, 1, 1636470092928, 1636470093549, 621, 266, 355, 0, 0, 0
18570, 1, 1636470092940, 1636470093553, 613, 262, 351, 0, 0, 0
18571, 1, 1636470093052, 1636470093829, 777, 426, 351, 0, 0, 0
18572, 1, 1636470093642, 1636470094253, 611, 262, 349, 0, 0, 0
18574, 1, 1636470093916, 1636470094541, 625, 270, 355, 0, 0, 0
18575, 1, 1636470093957, 1636470094569, 612, 263, 349, 0, 0, 0
18573, 1, 1636470093915, 1636470094597, 682, 338, 344, 0, 0, 0
18576, 1, 1636470094692, 1636470095305, 613, 262, 351, 0, 0, 0
18577, 1, 1636470094955, 1636470095565, 610, 262, 348, 0, 0, 0
18578, 1, 1636470095108, 1636470095721, 613, 262, 351, 0, 0, 0
18579, 1, 1636470095209, 1636470095817, 608, 259, 349, 0, 0, 0
18580, 1, 1636470095411, 1636470096021, 610, 262, 348, 0, 0, 0
18581, 1, 1636470096486, 1636470097097, 611, 262, 349, 0, 0, 0
18582, 1, 1636470096894, 1636470097505, 611, 262, 349, 0, 0, 0
18583, 1, 1636470096945, 1636470097557, 612, 263, 349, 0, 1, 1
18584, 1, 1636470097055, 1636470097665, 610, 263, 347, 0, 0, 0
18585, 1, 1636470097217, 1636470097905, 688, 338, 350, 0, 0, 0
18586, 1, 1636470097973, 1636470098589, 616, 266, 350, 0, 0, 0
18587, 1, 1636470098042, 1636470098653, 611, 262, 349, 0, 0, 0
18588, 1, 1636470099183, 1636470099793, 610, 262, 348, 0, 0, 0
18589, 1, 1636470099337, 1636470099949, 612, 262, 350, 0, 0, 0
18590, 1, 1636470099418, 1636470100297, 879, 530, 349, 0, 0, 0
18591, 1, 1636470100312, 1636470100921, 609, 262, 347, 0, 0, 0
18592, 1, 1636470100773, 1636470101385, 612, 262, 350, 0, 0, 0
18593, 1, 1636470100952, 1636470101565, 613, 263, 350, 0, 0, 0
18594, 1, 1636470101340, 1636470101953, 613, 263, 350, 1, 0, 1
18595, 1, 1636470101868, 1636470102481, 613, 262, 351, 0, 0, 0
18596, 1, 1636470101927, 1636470102537, 610, 262, 348, 0, 0, 0
18597, 1, 1636470102901, 1636470103521, 620, 266, 354, 0, 0, 0
18598, 1, 1636470103291, 1636470103905, 614, 262, 352, 0, 0, 0
18599, 1, 1636470103676, 1636470104289, 613, 262, 351, 0, 0, 0
18600, 1, 1636470107855, 1636470108469, 614, 262, 352, 0, 0, 0
18601, 1, 1636470241721, 1636470242333, 612, 262, 350, 0, 0, 0
18602, 1, 1636470242280, 1636470242893, 613, 262, 351, 0, 0, 0
18603, 1, 1636470242969, 1636470243580, 611, 262, 349, 0, 0, 0
18604, 1, 1636470243581, 1636470244193, 612, 262, 350, 0, 0, 0
18605, 1, 1636470243628, 1636470244245, 617, 262, 355, 0, 0, 0
18606, 1, 1636470244188, 1636470244805, 617, 266, 351, 0, 0, 0
18607, 1, 1636470244199, 1636470244813, 614, 266, 348, 0, 0, 0
18608, 1, 1636470244869, 1636470245481, 612, 262, 350, 0, 0, 0
18609, 1, 1636470244877, 1636470245489, 612, 262, 350, 0, 0, 0
18610, 1, 1636470245488, 1636470246101, 613, 262, 351, 0, 0, 0
18611, 1, 1636470245586, 1636470246193, 607, 262, 345, 0, 0, 0
18612, 1, 1636470245601, 1636470246217, 616, 262, 354, 0, 0, 0
18613, 1, 1636470246106, 1636470246717, 611, 262, 349, 1, 0, 1
18614, 1, 1636470246161, 1636470246773, 612, 262, 350, 0, 0, 0
18615, 1, 1636470246554, 1636470247165, 611, 262, 349, 0, 0, 0
18616, 1, 1636470246777, 1636470247389, 612, 262, 350, 0, 0, 0
18617, 1, 1636470246850, 1636470247461, 611, 263, 348, 0, 0, 0
18618, 1, 1636470247265, 1636470247877, 612, 262, 350, 0, 0, 0
18619, 1, 1636470247461, 1636470248073, 612, 262, 350, 0, 0, 0
18620, 1, 1636470247471, 1636470248081, 610, 262, 348, 0, 0, 0
18621, 1, 1636470247661, 1636470248273, 612, 263, 349, 0, 0, 0
18622, 1, 1636470247972, 1636470248585, 613, 262, 351, 0, 0, 0
18623, 1, 1636470248079, 1636470248697, 618, 262, 356, 0, 0, 0
18624, 1, 1636470248221, 1636470248833, 612, 262, 350, 0, 0, 0
18625, 1, 1636470248461, 1636470249073, 612, 262, 350, 0, 0, 0
18626, 1, 1636470248750, 1636470249361, 611, 262, 349, 0, 0, 0
18627, 1, 1636470248909, 1636470249525, 616, 262, 354, 0, 0, 0
18628, 1, 1636470249172, 1636470249785, 613, 262, 351, 0, 0, 0
18629, 1, 1636470249339, 1636470249949, 610, 262, 348, 0, 0, 0
18630, 1, 1636470249521, 1636470250133, 612, 262, 350, 1, 0, 1
18631, 1, 1636470249566, 1636470250177, 611, 267, 344, 1, 0, 1
18632, 1, 1636470249723, 1636470250337, 614, 262, 352, 0, 0, 0
18633, 1, 1636470249879, 1636470250485, 606, 262, 344, 0, 0, 0
18634, 1, 1636470250139, 1636470250749, 610, 264, 346, 0, 2, 2
18635, 1, 1636470250222, 1636470250837, 615, 263, 352, 0, 0, 0
18636, 1, 1636470250283, 1636470250897, 614, 265, 349, 0, 0, 0
18637, 1, 1636470250434, 1636470251045, 611, 262, 349, 0, 0, 0
18638, 1, 1636470250810, 1636470251421, 611, 263, 348, 1, 0, 1
18639, 1, 1636470250932, 1636470251545, 613, 262, 351, 0, 1, 1
18640, 1, 1636470250972, 1636470251581, 609, 262, 347, 0, 0, 0
18641, 1, 1636470251145, 1636470251760, 615, 266, 349, 0, 0, 0
18642, 1, 1636470251399, 1636470252012, 613, 266, 347, 0, 0, 0
18643, 1, 1636470251472, 1636470252089, 617, 262, 355, 0, 0, 0
18644, 1, 1636470251537, 1636470252153, 616, 267, 349, 1, 0, 1
18645, 1, 1636470251583, 1636470252197, 614, 266, 348, 0, 0, 0
18647, 1, 1636470251746, 1636470252360, 614, 266, 348, 0, 0, 0
18646, 1, 1636470251589, 1636470252549, 960, 608, 352, 0, 2, 2
18648, 1, 1636470252129, 1636470252741, 612, 262, 350, 0, 0, 0
18651, 1, 1636470252266, 1636470252877, 611, 262, 349, 0, 0, 0
18649, 1, 1636470252149, 1636470252901, 752, 395, 357, 0, 1, 1
18652, 1, 1636470252494, 1636470253105, 611, 262, 349, 0, 0, 0
18650, 1, 1636470252201, 1636470253253, 1052, 698, 354, 0, 0, 0
18654, 1, 1636470252839, 1636470253448, 609, 263, 346, 0, 2, 2
18656, 1, 1636470252975, 1636470253585, 610, 262, 348, 0, 0, 0
18655, 1, 1636470252872, 1636470253597, 725, 379, 346, 0, 0, 0
18657, 1, 1636470253206, 1636470253817, 611, 262, 349, 0, 0, 0
18653, 1, 1636470252837, 1636470253949, 1112, 759, 353, 0, 1, 1
18659, 1, 1636470253446, 1636470254057, 611, 263, 348, 1, 0, 1
18658, 1, 1636470253444, 1636470254057, 613, 263, 350, 2, 0, 2
18662, 1, 1636470253675, 1636470254293, 618, 262, 356, 0, 0, 0
18664, 1, 1636470253806, 1636470254421, 615, 266, 349, 0, 0, 0
18663, 1, 1636470253798, 1636470254641, 843, 494, 349, 0, 0, 0
18665, 1, 1636470254103, 1636470254725, 622, 266, 356, 0, 0, 0
18667, 1, 1636470254174, 1636470254785, 611, 263, 348, 1, 1, 2
18666, 1, 1636470254158, 1636470254985, 827, 478, 349, 0, 0, 0
18669, 1, 1636470254433, 1636470255333, 900, 550, 350, 0, 0, 0
18672, 1, 1636470254813, 1636470255425, 612, 262, 350, 0, 0, 0
18674, 1, 1636470254882, 1636470255497, 615, 262, 353, 0, 0, 0
18673, 1, 1636470254850, 1636470255684, 834, 487, 347, 0, 0, 0
18660, 2, 1636470253449, 1636470255819, 2370, 0, 2370, 0, 0, 0
18661, 2, 1636470253461, 1636470255819, 2358, 0, 2358, 0, 0, 0
18677, 1, 1636470255417, 1636470256033, 616, 266, 350, 1, 0, 1
18676, 1, 1636470255327, 1636470256041, 714, 366, 348, 0, 2, 2
18678, 1, 1636470255506, 1636470256121, 615, 266, 349, 1, 0, 1
18679, 1, 1636470255705, 1636470256317, 612, 262, 350, 0, 0, 0
18680, 1, 1636470255722, 1636470256329, 607, 262, 345, 0, 0, 0
18668, 2, 1636470254175, 1636470256394, 2219, 1, 2218, 1, 1, 2
18682, 1, 1636470255899, 1636470256508, 609, 262, 347, 0, 0, 0
18683, 1, 1636470255905, 1636470256561, 656, 262, 394, 1, 0, 1
18684, 1, 1636470255909, 1636470256681, 772, 374, 398, 1, 0, 1
18685, 1, 1636470256144, 1636470256753, 609, 258, 351, 0, 0, 0
18686, 1, 1636470256148, 1636470256761, 613, 267, 346, 0, 0, 0
18670, 2, 1636470254557, 1636470256778, 2221, 0, 2221, 0, 0, 0
18688, 1, 1636470256347, 1636470256957, 610, 266, 344, 0, 1, 1
18671, 2, 1636470254782, 1636470257002, 2220, 0, 2220, 0, 0, 0
18687, 1, 1636470256262, 1636470257032, 770, 423, 347, 0, 0, 0
18689, 1, 1636470256481, 1636470257377, 896, 512, 384, 1, 2, 3
18690, 1, 1636470256855, 1636470257465, 610, 262, 348, 0, 0, 0
18692, 1, 1636470256872, 1636470257484, 612, 262, 350, 0, 0, 0
18675, 2, 1636470255268, 1636470257490, 2222, 0, 2222, 0, 0, 0
18691, 1, 1636470256865, 1636470257520, 655, 262, 393, 0, 0, 0
18693, 1, 1636470256941, 1636470257728, 787, 434, 353, 0, 0, 0
18695, 1, 1636470257211, 1636470257829, 618, 262, 356, 0, 0, 0
18681, 1, 1636470255868, 1636470257969, 2101, 1751, 350, 0, 1, 1
18694, 1, 1636470257089, 1636470258077, 988, 594, 394, 0, 0, 0
18696, 1, 1636470257477, 1636470258089, 612, 262, 350, 0, 0, 0
18698, 1, 1636470257577, 1636470258232, 655, 262, 393, 0, 1, 1
18699, 1, 1636470257678, 1636470258285, 607, 262, 345, 0, 0, 0
18697, 1, 1636470257569, 1636470258317, 748, 398, 350, 0, 0, 0
18700, 1, 1636470257758, 1636470258372, 614, 262, 352, 0, 0, 0
18702, 1, 1636470257806, 1636470258417, 611, 263, 348, 0, 1, 1
18701, 1, 1636470257801, 1636470258428, 627, 280, 347, 0, 2, 2
18703, 1, 1636470257838, 1636470258453, 615, 266, 349, 0, 0, 0
18704, 1, 1636470257970, 1636470258629, 659, 262, 397, 0, 1, 1
18705, 1, 1636470258206, 1636470258821, 615, 266, 349, 0, 0, 0
18706, 1, 1636470258209, 1636470258821, 612, 262, 350, 0, 0, 0
18707, 1, 1636470258320, 1636470258937, 617, 262, 355, 0, 0, 0
18708, 1, 1636470258337, 1636470258949, 612, 262, 350, 0, 0, 0
18709, 1, 1636470258348, 1636470258961, 613, 262, 351, 0, 0, 0
18710, 1, 1636470258760, 1636470259372, 612, 262, 350, 0, 0, 0
18711, 1, 1636470258915, 1636470259525, 610, 262, 348, 0, 0, 0
18712, 1, 1636470258934, 1636470259549, 615, 262, 353, 1, 0, 1
18713, 1, 1636470258976, 1636470259588, 612, 263, 349, 0, 1, 1
18714, 1, 1636470259040, 1636470259653, 613, 266, 347, 0, 0, 0
18715, 1, 1636470259184, 1636470259793, 609, 262, 347, 0, 0, 0
18716, 1, 1636470259473, 1636470260085, 612, 266, 346, 0, 0, 0
18717, 1, 1636470259483, 1636470260097, 614, 263, 351, 0, 1, 1
18719, 1, 1636470259774, 1636470260385, 611, 262, 349, 0, 0, 0
18720, 1, 1636470259779, 1636470260393, 614, 262, 352, 0, 1, 1
18721, 1, 1636470259781, 1636470260401, 620, 262, 358, 0, 0, 0
18722, 1, 1636470259797, 1636470260413, 616, 262, 354, 0, 0, 0
18718, 1, 1636470259539, 1636470260445, 906, 558, 348, 0, 0, 0
18723, 1, 1636470259882, 1636470260497, 615, 262, 353, 0, 0, 0
18724, 1, 1636470259954, 1636470260573, 619, 266, 353, 1, 0, 1
18725, 1, 1636470260072, 1636470260793, 721, 370, 351, 0, 0, 0
18727, 1, 1636470260307, 1636470260921, 614, 262, 352, 1, 0, 1
18728, 1, 1636470260380, 1636470260997, 617, 262, 355, 0, 1, 1
18729, 1, 1636470260460, 1636470261068, 608, 262, 346, 0, 0, 0
18726, 1, 1636470260271, 1636470261141, 870, 522, 348, 0, 0, 0
18730, 1, 1636470260708, 1636470261325, 617, 262, 355, 0, 1, 1
18731, 1, 1636470260800, 1636470261489, 689, 339, 350, 2, 0, 2
18732, 1, 1636470260935, 1636470261548, 613, 263, 350, 1, 1, 2
18734, 1, 1636470261163, 1636470261777, 614, 265, 349, 0, 0, 0
18733, 1, 1636470260977, 1636470261837, 860, 511, 349, 1, 0, 1
18735, 1, 1636470261279, 1636470261885, 606, 259, 347, 0, 1, 1
18736, 1, 1636470261421, 1636470262033, 612, 262, 350, 1, 1, 2
18738, 1, 1636470261549, 1636470262164, 615, 267, 348, 0, 1, 1
18737, 1, 1636470261503, 1636470262185, 682, 330, 352, 1, 1, 2
18739, 1, 1636470261723, 1636470262333, 610, 262, 348, 0, 0, 0
18740, 1, 1636470261736, 1636470262345, 609, 262, 347, 0, 0, 0
18741, 1, 1636470261750, 1636470262364, 614, 262, 352, 1, 0, 1
18743, 1, 1636470261840, 1636470262453, 613, 263, 350, 0, 2, 2
18744, 1, 1636470261902, 1636470262517, 615, 262, 353, 0, 0, 0
18742, 1, 1636470261837, 1636470262537, 700, 350, 350, 0, 0, 0
18745, 1, 1636470262082, 1636470262697, 615, 266, 349, 0, 0, 0
18746, 1, 1636470262246, 1636470262857, 611, 263, 348, 0, 0, 0
18747, 1, 1636470262269, 1636470262889, 620, 270, 350, 0, 0, 0
18748, 1, 1636470262426, 1636470263041, 615, 263, 352, 0, 1, 1
18749, 1, 1636470262442, 1636470263237, 795, 446, 349, 0, 0, 0
18750, 1, 1636470262667, 1636470263281, 614, 266, 348, 0, 0, 0
18751, 1, 1636470262874, 1636470263489, 615, 266, 349, 0, 0, 0
18752, 1, 1636470262921, 1636470263533, 612, 262, 350, 0, 0, 0
18753, 1, 1636470262927, 1636470263585, 658, 310, 348, 0, 0, 0
18754, 1, 1636470263032, 1636470263641, 609, 262, 347, 0, 0, 0
18755, 1, 1636470263342, 1636470263953, 611, 262, 349, 0, 0, 0
18756, 1, 1636470263381, 1636470263993, 612, 263, 349, 1, 1, 2
18757, 1, 1636470263597, 1636470264209, 612, 263, 349, 0, 0, 0
18759, 1, 1636470263624, 1636470264237, 613, 266, 347, 0, 0, 0
18760, 1, 1636470263661, 1636470264273, 612, 262, 350, 0, 1, 1
18761, 1, 1636470263721, 1636470264333, 612, 262, 350, 0, 1, 1
18762, 1, 1636470263816, 1636470264433, 617, 263, 354, 2, 1, 3
18763, 1, 1636470263861, 1636470264472, 611, 263, 348, 0, 1, 1
18758, 1, 1636470263610, 1636470264557, 947, 599, 348, 0, 0, 0
18764, 1, 1636470263901, 1636470264780, 879, 530, 349, 0, 0, 0
18765, 1, 1636470264130, 1636470264905, 775, 426, 349, 0, 0, 0
18767, 1, 1636470264336, 1636470264949, 613, 262, 351, 0, 0, 0
18768, 1, 1636470264396, 1636470265017, 621, 263, 358, 0, 0, 0
18769, 1, 1636470264440, 1636470265129, 689, 338, 351, 0, 0, 0
18770, 1, 1636470264606, 1636470265221, 615, 266, 349, 0, 0, 0
18766, 1, 1636470264231, 1636470265253, 1022, 675, 347, 0, 1, 1
18773, 1, 1636470264976, 1636470265589, 613, 262, 351, 0, 0, 0
18771, 1, 1636470264859, 1636470265605, 746, 398, 348, 0, 0, 0
18774, 1, 1636470265001, 1636470265617, 616, 266, 350, 0, 0, 0
18775, 1, 1636470265207, 1636470265821, 614, 262, 352, 0, 0, 0
18776, 1, 1636470265320, 1636470265933, 613, 262, 351, 0, 0, 0
18772, 1, 1636470264968, 1636470265961, 993, 638, 355, 0, 0, 0
18779, 1, 1636470265664, 1636470266277, 613, 266, 347, 0, 0, 0
18778, 1, 1636470265662, 1636470266277, 615, 262, 353, 0, 0, 0
18781, 1, 1636470265672, 1636470266289, 617, 264, 353, 1, 0, 1
18777, 1, 1636470265646, 1636470266313, 667, 314, 353, 0, 0, 0
18782, 1, 1636470265800, 1636470266420, 620, 266, 354, 0, 0, 0
18783, 1, 1636470265883, 1636470266501, 618, 262, 356, 0, 0, 0
18784, 1, 1636470265900, 1636470266509, 609, 262, 347, 0, 1, 1
18780, 1, 1636470265671, 1636470266664, 993, 646, 347, 0, 0, 0
18785, 1, 1636470266205, 1636470266817, 612, 262, 350, 0, 0, 0
18786, 1, 1636470266272, 1636470266893, 621, 270, 351, 0, 0, 0
18787, 1, 1636470266313, 1636470266929, 616, 263, 353, 0, 0, 0
18788, 1, 1636470266384, 1636470267016, 632, 282, 350, 0, 0, 0
18789, 1, 1636470266561, 1636470267185, 624, 266, 358, 0, 0, 0
18790, 1, 1636470266592, 1636470267369, 777, 424, 353, 0, 1, 1
18791, 1, 1636470266941, 1636470267557, 616, 266, 350, 0, 0, 0
18792, 1, 1636470266953, 1636470267565, 612, 262, 350, 0, 0, 0
18793, 1, 1636470266971, 1636470267589, 618, 266, 352, 0, 0, 0
18794, 1, 1636470267023, 1636470267717, 694, 346, 348, 0, 0, 0
18795, 1, 1636470267274, 1636470267889, 615, 262, 353, 0, 0, 0
18796, 1, 1636470267306, 1636470268069, 763, 414, 349, 0, 0, 0
18797, 1, 1636470267674, 1636470268289, 615, 262, 353, 0, 0, 0
18798, 1, 1636470267685, 1636470268301, 616, 267, 349, 1, 1, 2
18800, 1, 1636470267712, 1636470268333, 621, 266, 355, 0, 0, 0
18801, 1, 1636470267738, 1636470268349, 611, 262, 349, 0, 0, 0
18802, 1, 1636470267788, 1636470268405, 617, 262, 355, 0, 0, 0
18799, 1, 1636470267690, 1636470268413, 723, 378, 345, 0, 0, 0
18803, 1, 1636470267919, 1636470268537, 618, 266, 352, 0, 0, 0
18804, 1, 1636470267931, 1636470268761, 830, 486, 344, 0, 1, 1
18805, 1, 1636470268329, 1636470268953, 624, 270, 354, 0, 0, 0
18806, 1, 1636470268379, 1636470268989, 610, 263, 347, 1, 0, 1
18807, 1, 1636470268409, 1636470269020, 611, 262, 349, 0, 0, 0
18808, 1, 1636470268468, 1636470269085, 617, 266, 351, 0, 0, 0
18809, 1, 1636470268620, 1636470269233, 613, 263, 350, 0, 0, 0
18810, 1, 1636470268698, 1636470269313, 615, 262, 353, 0, 0, 0
18811, 1, 1636470268991, 1636470269597, 606, 262, 344, 0, 0, 0
18812, 1, 1636470269019, 1636470269637, 618, 262, 356, 0, 0, 0
18813, 1, 1636470269094, 1636470269709, 615, 266, 349, 0, 0, 0
18814, 1, 1636470269096, 1636470269713, 617, 262, 355, 0, 0, 0
18815, 1, 1636470269321, 1636470269929, 608, 262, 346, 0, 0, 0
18816, 1, 1636470269401, 1636470270012, 611, 262, 349, 0, 0, 0
18817, 1, 1636470269657, 1636470270269, 612, 262, 350, 0, 0, 0
18818, 1, 1636470269668, 1636470270285, 617, 264, 353, 0, 1, 1
18819, 1, 1636470269716, 1636470270333, 617, 262, 355, 0, 0, 0
18820, 1, 1636470269735, 1636470270349, 614, 262, 352, 0, 1, 1
18821, 1, 1636470269772, 1636470270385, 613, 262, 351, 0, 0, 0
18822, 1, 1636470269797, 1636470270412, 615, 262, 353, 0, 0, 0
18823, 1, 1636470269966, 1636470270573, 607, 262, 345, 0, 0, 0
18824, 1, 1636470270030, 1636470270645, 615, 262, 353, 0, 0, 0
18825, 1, 1636470270309, 1636470270921, 612, 262, 350, 0, 0, 0
18826, 1, 1636470270318, 1636470270937, 619, 266, 353, 0, 2, 2
18827, 1, 1636470270533, 1636470271149, 616, 266, 350, 0, 0, 0
18828, 1, 1636470270592, 1636470271209, 617, 262, 355, 0, 0, 0
18829, 1, 1636470270687, 1636470271301, 614, 262, 352, 0, 0, 0
18830, 1, 1636470270748, 1636470271361, 613, 262, 351, 0, 0, 0
18831, 1, 1636470270949, 1636470271565, 616, 268, 348, 2, 0, 2
18832, 1, 1636470270963, 1636470271577, 614, 262, 352, 0, 0, 0
18833, 1, 1636470271001, 1636470271613, 612, 262, 350, 0, 0, 0
18834, 1, 1636470271219, 1636470271833, 614, 262, 352, 0, 0, 0
18835, 1, 1636470271357, 1636470271969, 612, 262, 350, 0, 0, 0
18836, 1, 1636470271452, 1636470272069, 617, 266, 351, 0, 0, 0
18837, 1, 1636470271628, 1636470272241, 613, 262, 351, 0, 0, 0
18838, 1, 1636470271666, 1636470272277, 611, 262, 349, 0, 0, 0
18839, 1, 1636470271731, 1636470272337, 606, 263, 343, 0, 0, 0
18840, 1, 1636470271822, 1636470272437, 615, 266, 349, 0, 0, 0
18841, 1, 1636470271843, 1636470272457, 614, 262, 352, 0, 0, 0
18842, 1, 1636470271859, 1636470272465, 606, 262, 344, 0, 0, 0
18843, 1, 1636470272002, 1636470272613, 611, 260, 351, 0, 0, 0
18844, 1, 1636470272154, 1636470272765, 611, 262, 349, 0, 0, 0
18845, 1, 1636470272288, 1636470272900, 612, 262, 350, 0, 0, 0
18846, 1, 1636470272372, 1636470272985, 613, 262, 351, 0, 0, 0
18847, 1, 1636470272462, 1636470273073, 611, 262, 349, 0, 0, 0
18848, 1, 1636470272660, 1636470273273, 613, 262, 351, 0, 0, 0
18849, 1, 1636470272810, 1636470273421, 611, 262, 349, 0, 0, 0
18850, 1, 1636470272872, 1636470273485, 613, 262, 351, 0, 0, 0
18851, 1, 1636470272933, 1636470273541, 608, 262, 346, 0, 0, 0
18852, 1, 1636470273012, 1636470273625, 613, 268, 345, 1, 0, 1
18853, 1, 1636470273088, 1636470273700, 612, 262, 350, 0, 0, 0
18854, 1, 1636470273128, 1636470273741, 613, 266, 347, 0, 0, 0
18855, 1, 1636470273480, 1636470274093, 613, 262, 351, 0, 0, 0
18856, 1, 1636470273576, 1636470274189, 613, 262, 351, 0, 0, 0
18857, 1, 1636470273580, 1636470274201, 621, 266, 355, 0, 0, 0
18858, 1, 1636470273608, 1636470274221, 613, 262, 351, 0, 0, 0
18859, 1, 1636470273636, 1636470274249, 613, 262, 351, 0, 0, 0
18860, 1, 1636470273832, 1636470274453, 621, 271, 350, 2, 0, 2
18861, 1, 1636470273878, 1636470274493, 615, 263, 352, 1, 0, 1
18862, 1, 1636470273946, 1636470274561, 615, 262, 353, 0, 0, 0
18863, 1, 1636470274023, 1636470274637, 614, 262, 352, 0, 0, 0
18864, 1, 1636470274126, 1636470274737, 611, 262, 349, 0, 0, 0
18866, 1, 1636470274283, 1636470274893, 610, 263, 347, 0, 1, 1
18865, 1, 1636470274240, 1636470274989, 749, 394, 355, 0, 0, 0
18867, 1, 1636470274433, 1636470275045, 612, 262, 350, 0, 0, 0
18868, 1, 1636470274649, 1636470275261, 612, 262, 350, 0, 0, 0
18869, 1, 1636470274679, 1636470275341, 662, 310, 352, 0, 0, 0
18871, 1, 1636470274922, 1636470275533, 611, 262, 349, 0, 0, 0
18872, 1, 1636470274999, 1636470275608, 609, 262, 347, 0, 0, 0
18873, 1, 1636470275059, 1636470275669, 610, 262, 348, 0, 0, 0
18870, 1, 1636470274798, 1636470275693, 895, 542, 353, 0, 0, 0
18874, 1, 1636470275117, 1636470275729, 612, 262, 350, 0, 0, 0
18875, 1, 1636470275349, 1636470276041, 692, 342, 350, 0, 0, 0
18876, 1, 1636470275510, 1636470276121, 611, 262, 349, 0, 0, 0
18878, 1, 1636470275650, 1636470276265, 615, 262, 353, 0, 1, 1
18879, 1, 1636470275704, 1636470276317, 613, 262, 351, 0, 0, 0
18880, 1, 1636470275733, 1636470276345, 612, 262, 350, 0, 0, 0
18877, 1, 1636470275587, 1636470276389, 802, 454, 348, 0, 1, 1
18881, 1, 1636470275867, 1636470276477, 610, 262, 348, 0, 0, 0
18882, 1, 1636470275993, 1636470276605, 612, 262, 350, 0, 0, 0
18884, 1, 1636470276073, 1636470276685, 612, 262, 350, 0, 0, 0
18883, 1, 1636470275996, 1636470276745, 749, 396, 353, 1, 1, 2
18885, 1, 1636470276185, 1636470276796, 611, 262, 349, 0, 0, 0
18886, 1, 1636470276274, 1636470276889, 615, 264, 351, 1, 2, 3
18887, 1, 1636470276385, 1636470277092, 707, 359, 348, 1, 0, 1
18888, 1, 1636470276555, 1636470277165, 610, 262, 348, 0, 0, 0
18889, 1, 1636470276568, 1636470277185, 617, 266, 351, 0, 0, 0
18890, 1, 1636470276822, 1636470277437, 615, 262, 353, 0, 0, 0
18891, 1, 1636470276825, 1636470277437, 612, 262, 350, 0, 0, 0
18892, 1, 1636470276874, 1636470277489, 615, 262, 353, 0, 0, 0
18893, 1, 1636470277010, 1636470277625, 615, 266, 349, 0, 1, 1
18894, 1, 1636470277023, 1636470277632, 609, 262, 347, 0, 0, 0
18895, 1, 1636470277226, 1636470277837, 611, 262, 349, 0, 0, 0
18896, 1, 1636470277528, 1636470278141, 613, 262, 351, 0, 0, 0
18897, 1, 1636470277580, 1636470278193, 613, 262, 351, 0, 0, 0
18898, 1, 1636470277664, 1636470278281, 617, 262, 355, 0, 0, 0
18899, 1, 1636470277694, 1636470278313, 619, 262, 357, 0, 0, 0
18900, 1, 1636470277773, 1636470278385, 612, 263, 349, 1, 0, 1
18901, 1, 1636470277815, 1636470278425, 610, 262, 348, 0, 0, 0
18902, 1, 1636470277937, 1636470278549, 612, 262, 350, 0, 0, 0
18903, 1, 1636470277945, 1636470278564, 619, 270, 349, 0, 0, 0
18904, 1, 1636470278062, 1636470278673, 611, 262, 349, 0, 0, 0
18905, 1, 1636470278203, 1636470278813, 610, 262, 348, 0, 0, 0
18906, 1, 1636470278205, 1636470278825, 620, 262, 358, 0, 0, 0
18907, 1, 1636470278451, 1636470279065, 614, 266, 348, 0, 0, 0
18908, 1, 1636470278519, 1636470279128, 609, 262, 347, 0, 0, 0
18909, 1, 1636470278637, 1636470279253, 616, 262, 354, 0, 0, 0
18910, 1, 1636470278752, 1636470279361, 609, 262, 347, 0, 0, 0
18911, 1, 1636470278780, 1636470279393, 613, 262, 351, 0, 0, 0
18912, 1, 1636470278842, 1636470279453, 611, 262, 349, 0, 0, 0
18913, 1, 1636470279076, 1636470279684, 608, 262, 346, 0, 0, 0
18914, 1, 1636470279105, 1636470279716, 611, 262, 349, 1, 0, 1
18915, 1, 1636470279177, 1636470279789, 612, 262, 350, 0, 0, 0
18916, 1, 1636470279538, 1636470280149, 611, 262, 349, 0, 0, 0
18917, 1, 1636470279594, 1636470280205, 611, 262, 349, 0, 0, 0
18918, 1, 1636470279600, 1636470280213, 613, 262, 351, 0, 0, 0
18919, 1, 1636470279643, 1636470280253, 610, 262, 348, 0, 0, 0
18920, 1, 1636470279832, 1636470280445, 613, 262, 351, 0, 0, 0
18921, 1, 1636470279855, 1636470280464, 609, 262, 347, 0, 0, 0
18922, 1, 1636470279889, 1636470280501, 612, 263, 349, 0, 1, 1
18923, 1, 1636470279968, 1636470280577, 609, 262, 347, 0, 0, 0
18924, 1, 1636470280016, 1636470280629, 613, 262, 351, 0, 0, 0
18925, 1, 1636470280213, 1636470280829, 616, 264, 352, 0, 0, 0
18926, 1, 1636470280340, 1636470280953, 613, 262, 351, 0, 0, 0
18927, 1, 1636470280380, 1636470280993, 613, 258, 355, 0, 0, 0
18928, 1, 1636470280585, 1636470281196, 611, 262, 349, 0, 0, 0
18929, 1, 1636470280654, 1636470281262, 608, 262, 346, 0, 0, 0
18930, 1, 1636470280853, 1636470281469, 616, 263, 353, 1, 0, 1
18931, 1, 1636470280862, 1636470281477, 615, 262, 353, 0, 0, 0
18932, 1, 1636470280886, 1636470281497, 611, 262, 349, 0, 0, 0
18933, 1, 1636470281074, 1636470281685, 611, 266, 345, 0, 0, 0
18934, 1, 1636470281122, 1636470281729, 607, 258, 349, 0, 0, 0
18935, 1, 1636470281243, 1636470281853, 610, 262, 348, 0, 0, 0
18936, 1, 1636470281510, 1636470282133, 623, 263, 360, 1, 0, 1
18937, 1, 1636470281554, 1636470282161, 607, 263, 344, 0, 1, 1
18938, 1, 1636470281657, 1636470282269, 612, 262, 350, 0, 0, 0
18939, 1, 1636470281681, 1636470282293, 612, 263, 349, 0, 1, 1
18940, 1, 1636470281872, 1636470282489, 617, 266, 351, 0, 0, 0
18942, 1, 1636470281947, 1636470282561, 614, 263, 351, 2, 1, 3
18941, 1, 1636470281946, 1636470282565, 619, 262, 357, 1, 0, 1
18943, 1, 1636470281956, 1636470282573, 617, 262, 355, 0, 0, 0
18944, 1, 1636470282102, 1636470282717, 615, 263, 352, 0, 0, 0
18945, 1, 1636470282185, 1636470282800, 615, 266, 349, 0, 0, 0
18946, 1, 1636470282251, 1636470282861, 610, 264, 346, 0, 1, 1
18947, 1, 1636470282444, 1636470283057, 613, 263, 350, 1, 1, 2
18948, 1, 1636470282515, 1636470283125, 610, 262, 348, 0, 0, 0
18949, 1, 1636470282706, 1636470283321, 615, 266, 349, 0, 0, 0
18950, 1, 1636470282797, 1636470283409, 612, 262, 350, 0, 0, 0
18951, 1, 1636470282825, 1636470283437, 612, 263, 349, 0, 0, 0
18952, 1, 1636470282879, 1636470283488, 609, 262, 347, 0, 0, 0
18953, 1, 1636470283137, 1636470283749, 612, 262, 350, 0, 1, 1
18954, 1, 1636470283173, 1636470283785, 612, 263, 349, 1, 1, 2
18955, 1, 1636470283175, 1636470283785, 610, 263, 347, 2, 0, 2
18956, 1, 1636470283383, 1636470283997, 614, 266, 348, 0, 0, 0
18957, 1, 1636470283539, 1636470284157, 618, 266, 352, 0, 0, 0
18958, 1, 1636470283568, 1636470284185, 617, 262, 355, 0, 0, 0
18959, 1, 1636470283699, 1636470284309, 610, 262, 348, 0, 0, 0
18960, 1, 1636470283878, 1636470284489, 611, 262, 349, 0, 0, 0
18961, 1, 1636470283887, 1636470284501, 614, 266, 348, 0, 0, 0
18962, 1, 1636470283987, 1636470284597, 610, 262, 348, 0, 0, 0
18963, 1, 1636470284009, 1636470284621, 612, 262, 350, 0, 0, 0
18964, 1, 1636470284113, 1636470284721, 608, 263, 345, 1, 0, 1
18965, 1, 1636470284119, 1636470284729, 610, 262, 348, 0, 1, 1
18966, 1, 1636470284237, 1636470284845, 608, 262, 346, 0, 0, 0
18967, 1, 1636470284356, 1636470284973, 617, 262, 355, 0, 0, 0
18968, 1, 1636470284578, 1636470285193, 615, 262, 353, 0, 0, 0
18969, 1, 1636470284638, 1636470285261, 623, 266, 357, 0, 0, 0
18970, 1, 1636470284699, 1636470285309, 610, 262, 348, 0, 0, 0
18971, 1, 1636470284753, 1636470285368, 615, 262, 353, 0, 0, 0
18972, 1, 1636470284933, 1636470285541, 608, 262, 346, 0, 1, 1
18973, 1, 1636470285048, 1636470285660, 612, 262, 350, 0, 1, 1
18974, 1, 1636470285106, 1636470285717, 611, 262, 349, 1, 0, 1
18975, 1, 1636470285237, 1636470285852, 615, 266, 349, 0, 0, 0
18976, 1, 1636470285296, 1636470285912, 616, 262, 354, 0, 0, 0
18977, 1, 1636470285470, 1636470286077, 607, 262, 345, 0, 0, 0
18978, 1, 1636470285558, 1636470286169, 611, 262, 349, 1, 0, 1
18979, 1, 1636470285760, 1636470286376, 616, 262, 354, 0, 0, 0
18980, 1, 1636470285814, 1636470286425, 611, 262, 349, 0, 1, 1
18981, 1, 1636470285918, 1636470286529, 611, 262, 349, 0, 0, 0
18982, 1, 1636470285920, 1636470286533, 613, 262, 351, 0, 1, 1
18983, 1, 1636470285951, 1636470286561, 610, 262, 348, 0, 0, 0
18984, 1, 1636470286100, 1636470286709, 609, 262, 347, 0, 1, 1
18985, 1, 1636470286235, 1636470286853, 618, 266, 352, 0, 0, 0
18986, 1, 1636470286259, 1636470286877, 618, 266, 352, 0, 0, 0
18987, 1, 1636470286318, 1636470286929, 611, 262, 349, 0, 1, 1
18988, 1, 1636470286489, 1636470287097, 608, 263, 345, 0, 0, 0
18989, 1, 1636470286608, 1636470287225, 617, 266, 351, 0, 0, 0
18990, 1, 1636470286667, 1636470287277, 610, 262, 348, 0, 0, 0
18991, 1, 1636470286717, 1636470287328, 611, 262, 349, 0, 0, 0
18992, 1, 1636470286816, 1636470287429, 613, 262, 351, 0, 0, 0
18993, 1, 1636470286950, 1636470287561, 611, 263, 348, 0, 0, 0
18994, 1, 1636470286988, 1636470287601, 613, 263, 350, 1, 0, 1
18995, 1, 1636470287147, 1636470287761, 614, 262, 352, 0, 0, 0
18996, 1, 1636470287243, 1636470287852, 609, 266, 343, 0, 0, 0
18997, 1, 1636470287551, 1636470288165, 614, 262, 352, 0, 0, 0
18998, 1, 1636470287568, 1636470288201, 633, 282, 351, 0, 0, 0
19000, 1, 1636470287745, 1636470288361, 616, 266, 350, 0, 0, 0
19001, 1, 1636470287800, 1636470288413, 613, 262, 351, 0, 0, 0
19002, 1, 1636470287823, 1636470288433, 610, 262, 348, 0, 0, 0
19003, 1, 1636470287829, 1636470288445, 616, 262, 354, 0, 0, 0
18999, 1, 1636470287682, 1636470288553, 871, 518, 353, 0, 0, 0
19005, 1, 1636470288165, 1636470288777, 612, 263, 349, 0, 1, 1
19006, 1, 1636470288278, 1636470288889, 611, 262, 349, 0, 0, 0
19004, 1, 1636470287985, 1636470288901, 916, 566, 350, 0, 0, 0
19008, 1, 1636470288474, 1636470289093, 619, 271, 348, 0, 0, 0
19011, 1, 1636470288698, 1636470289313, 615, 266, 349, 0, 0, 0
19014, 1, 1636470288968, 1636470289581, 613, 262, 351, 0, 0, 0
19015, 1, 1636470289049, 1636470289661, 612, 263, 349, 1, 0, 1
19016, 1, 1636470289377, 1636470289989, 612, 263, 349, 1, 0, 1
19017, 1, 1636470289530, 1636470290144, 614, 266, 348, 0, 0, 0
19019, 1, 1636470289628, 1636470290241, 613, 262, 351, 0, 1, 1
19020, 1, 1636470289669, 1636470290281, 612, 263, 349, 1, 0, 1
19022, 1, 1636470289732, 1636470290348, 616, 266, 350, 0, 0, 0
19023, 1, 1636470289841, 1636470290453, 612, 262, 350, 0, 0, 0
19024, 1, 1636470290030, 1636470290645, 615, 262, 353, 0, 0, 0
19025, 1, 1636470290047, 1636470290669, 622, 270, 352, 0, 0, 0
19009, 2, 1636470288530, 1636470290775, 2245, 0, 2245, 0, 1, 1
19007, 2, 1636470288328, 1636470290775, 2447, 0, 2447, 0, 1, 1
19010, 2, 1636470288613, 1636470290834, 2221, 0, 2221, 0, 0, 0
19012, 2, 1636470288728, 1636470290950, 2222, 0, 2222, 0, 0, 0
19027, 1, 1636470290493, 1636470291113, 620, 266, 354, 0, 0, 0
19013, 2, 1636470288910, 1636470291130, 2220, 0, 2220, 0, 0, 0
19029, 1, 1636470290861, 1636470291517, 656, 262, 394, 0, 0, 0
19030, 1, 1636470290869, 1636470291520, 651, 267, 384, 0, 0, 0
19031, 1, 1636470290921, 1636470291573, 652, 262, 390, 0, 0, 0
19034, 1, 1636470291067, 1636470291681, 614, 262, 352, 0, 0, 0
19018, 2, 1636470289562, 1636470291782, 2220, 0, 2220, 0, 0, 0
19033, 1, 1636470291037, 1636470291869, 832, 434, 398, 0, 0, 0
19035, 1, 1636470291217, 1636470291877, 660, 262, 398, 0, 0, 0
19021, 2, 1636470289722, 1636470291946, 2224, 0, 2224, 0, 0, 0
19036, 1, 1636470291386, 1636470292004, 618, 270, 348, 0, 0, 0
19037, 1, 1636470291459, 1636470292357, 898, 546, 352, 0, 0, 0
19039, 1, 1636470291751, 1636470292365, 614, 262, 352, 0, 0, 0
19040, 1, 1636470291794, 1636470292409, 615, 262, 353, 0, 0, 0
19026, 2, 1636470290289, 1636470292510, 2221, 0, 2221, 0, 0, 0
19042, 1, 1636470291873, 1636470292533, 660, 270, 390, 0, 0, 0
19044, 1, 1636470292033, 1636470292689, 656, 266, 390, 0, 0, 0
19045, 1, 1636470292039, 1636470292705, 666, 318, 348, 0, 0, 0
19028, 2, 1636470290620, 1636470292842, 2222, 0, 2222, 0, 0, 0
19032, 2, 1636470290979, 1636470293202, 2223, 0, 2223, 0, 0, 0
19047, 1, 1636470292597, 1636470293249, 652, 262, 390, 0, 0, 0
19048, 1, 1636470292743, 1636470293353, 610, 262, 348, 0, 1, 1
19049, 1, 1636470292781, 1636470293397, 616, 267, 349, 1, 0, 1
19050, 1, 1636470292867, 1636470293477, 610, 262, 348, 0, 0, 0
19051, 1, 1636470292929, 1636470293585, 656, 262, 394, 0, 0, 0
19052, 1, 1636470292940, 1636470293701, 761, 410, 351, 0, 0, 0
19038, 2, 1636470291551, 1636470293774, 2223, 0, 2223, 0, 0, 0
19054, 1, 1636470293240, 1636470293853, 613, 262, 351, 0, 0, 0
19055, 1, 1636470293289, 1636470293941, 652, 262, 390, 0, 0, 0
19056, 1, 1636470293336, 1636470293949, 613, 263, 350, 0, 0, 0
19057, 1, 1636470293455, 1636470294069, 614, 266, 348, 0, 0, 0
19041, 2, 1636470291851, 1636470294070, 2219, 0, 2219, 0, 0, 0
19043, 2, 1636470291996, 1636470294218, 2222, 0, 2222, 0, 0, 0
19058, 1, 1636470293743, 1636470294357, 614, 262, 352, 0, 1, 1
19060, 1, 1636470293825, 1636470294441, 616, 262, 354, 0, 0, 0
19061, 1, 1636470293861, 1636470294517, 656, 263, 393, 0, 1, 1
19062, 1, 1636470293918, 1636470294532, 614, 262, 352, 0, 0, 0
19063, 1, 1636470294032, 1636470294645, 613, 262, 351, 0, 0, 0
19046, 2, 1636470292537, 1636470294758, 2221, 0, 2221, 0, 0, 0
19064, 1, 1636470294161, 1636470294817, 656, 262, 394, 0, 0, 0
19065, 1, 1636470294305, 1636470294961, 656, 262, 394, 0, 0, 0
19066, 1, 1636470294480, 1636470295097, 617, 266, 351, 0, 0, 0
19053, 2, 1636470293077, 1636470295298, 2221, 0, 2221, 0, 0, 0
19068, 1, 1636470294755, 1636470295361, 606, 259, 347, 0, 0, 0
19069, 1, 1636470294849, 1636470295500, 651, 262, 389, 0, 0, 0
19072, 1, 1636470294927, 1636470295541, 614, 262, 352, 0, 1, 1
19071, 1, 1636470294922, 1636470295541, 619, 262, 357, 0, 0, 0
19073, 1, 1636470295171, 1636470295781, 610, 262, 348, 0, 0, 0
19074, 1, 1636470295263, 1636470295881, 618, 263, 355, 0, 1, 1
19075, 1, 1636470295295, 1636470295909, 614, 262, 352, 0, 0, 0
19059, 2, 1636470293762, 1636470295986, 2224, 0, 2224, 1, 0, 1
19076, 1, 1636470295389, 1636470296049, 660, 262, 398, 0, 0, 0
19078, 1, 1636470295717, 1636470296325, 608, 262, 346, 0, 0, 0
19080, 1, 1636470295845, 1636470296461, 616, 262, 354, 0, 0, 0
19081, 1, 1636470295860, 1636470296473, 613, 262, 351, 0, 0, 0
19082, 1, 1636470296042, 1636470296653, 611, 262, 349, 1, 0, 1
19084, 1, 1636470296087, 1636470296697, 610, 261, 349, 0, 1, 1
19083, 1, 1636470296073, 1636470296725, 652, 262, 390, 0, 0, 0
19067, 2, 1636470294665, 1636470296886, 2221, 0, 2221, 0, 0, 0
19085, 1, 1636470296303, 1636470296917, 614, 266, 348, 0, 0, 0
19070, 2, 1636470294904, 1636470297126, 2222, 0, 2222, 0, 0, 0
19087, 1, 1636470296662, 1636470297269, 607, 262, 345, 0, 0, 0
19088, 1, 1636470296729, 1636470297344, 615, 262, 353, 0, 0, 0
19089, 1, 1636470296802, 1636470297413, 611, 262, 349, 0, 0, 0
19091, 1, 1636470296982, 1636470297601, 619, 270, 349, 0, 1, 1
19077, 2, 1636470295401, 1636470297627, 2226, 0, 2226, 0, 0, 0
19090, 1, 1636470296973, 1636470297628, 655, 262, 393, 0, 0, 0
19093, 1, 1636470297200, 1636470297812, 612, 263, 349, 0, 1, 1
19095, 1, 1636470297283, 1636470297889, 606, 262, 344, 0, 0, 0
19096, 1, 1636470297341, 1636470297949, 608, 262, 346, 0, 0, 0
19079, 2, 1636470295747, 1636470297974, 2227, 0, 2227, 0, 0, 0
19094, 1, 1636470297213, 1636470297976, 763, 370, 393, 0, 1, 1
19097, 1, 1636470297624, 1636470298236, 612, 262, 350, 0, 0, 0
19098, 1, 1636470297713, 1636470298369, 656, 262, 394, 0, 1, 1
19099, 1, 1636470297865, 1636470298481, 616, 266, 350, 0, 0, 0
19100, 1, 1636470297916, 1636470298529, 613, 262, 351, 0, 0, 0
19101, 1, 1636470297954, 1636470298569, 615, 262, 353, 0, 0, 0
19103, 1, 1636470297992, 1636470298601, 609, 262, 347, 0, 0, 0
19086, 2, 1636470296402, 1636470298622, 2220, 0, 2220, 0, 0, 0
19104, 1, 1636470298065, 1636470298717, 652, 262, 390, 0, 0, 0
19105, 1, 1636470298358, 1636470298969, 611, 263, 348, 0, 0, 0
19106, 1, 1636470298646, 1636470299265, 619, 263, 356, 1, 0, 1
19092, 2, 1636470297093, 1636470299314, 2221, 0, 2221, 0, 0, 0
19108, 1, 1636470298709, 1636470299365, 656, 266, 390, 0, 0, 0
19109, 1, 1636470298882, 1636470299492, 610, 262, 348, 1, 0, 1
19110, 1, 1636470298887, 1636470299509, 622, 266, 356, 0, 0, 0
19111, 1, 1636470298972, 1636470299593, 621, 270, 351, 0, 0, 0
19114, 1, 1636470299279, 1636470299893, 614, 262, 352, 0, 0, 0
19113, 1, 1636470299249, 1636470299940, 691, 339, 352, 1, 1, 2
19115, 1, 1636470299335, 1636470299949, 614, 262, 352, 0, 0, 0
19116, 1, 1636470299401, 1636470300057, 656, 262, 394, 0, 0, 0
19117, 1, 1636470299549, 1636470300164, 615, 267, 348, 1, 0, 1
19102, 2, 1636470297964, 1636470300190, 2226, 0, 2226, 0, 0, 0
19118, 1, 1636470299573, 1636470300192, 619, 262, 357, 0, 0, 0
19119, 1, 1636470299822, 1636470300445, 623, 266, 357, 0, 0, 0
19121, 1, 1636470299993, 1636470300605, 612, 262, 350, 0, 0, 0
19122, 1, 1636470300017, 1636470300633, 616, 262, 354, 0, 0, 0
19123, 1, 1636470300062, 1636470300673, 611, 266, 345, 0, 0, 0
19107, 2, 1636470298651, 1636470300870, 2219, 0, 2219, 0, 0, 0
19124, 1, 1636470300264, 1636470300877, 613, 262, 351, 0, 0, 0
19125, 1, 1636470300281, 1636470300933, 652, 262, 390, 0, 0, 0
19126, 1, 1636470300709, 1636470301321, 612, 262, 350, 0, 0, 0
19127, 1, 1636470300760, 1636470301373, 613, 263, 350, 1, 0, 1
19112, 2, 1636470299205, 1636470301426, 2221, 0, 2221, 0, 0, 0
19128, 1, 1636470300901, 1636470301513, 612, 262, 350, 0, 0, 0
19130, 1, 1636470300989, 1636470301608, 619, 262, 357, 0, 0, 0
19129, 1, 1636470300961, 1636470301617, 656, 262, 394, 0, 0, 0
19131, 1, 1636470301010, 1636470301625, 615, 262, 353, 0, 0, 0
19120, 1, 1636470299877, 1636470301901, 2024, 1678, 346, 0, 0, 0
19133, 1, 1636470301328, 1636470301941, 613, 263, 350, 0, 0, 0
19132, 1, 1636470301306, 1636470301973, 667, 318, 349, 0, 0, 0
19134, 1, 1636470301386, 1636470301996, 610, 262, 348, 0, 0, 0
19135, 1, 1636470301400, 1636470302013, 613, 262, 351, 0, 0, 0
19137, 1, 1636470301548, 1636470302164, 616, 266, 350, 0, 0, 0
19136, 1, 1636470301517, 1636470302177, 660, 263, 397, 1, 1, 2
19138, 1, 1636470301663, 1636470302277, 614, 261, 353, 0, 0, 0
19139, 1, 1636470301836, 1636470302445, 609, 262, 347, 0, 0, 0
19140, 1, 1636470301902, 1636470302561, 659, 262, 397, 0, 0, 0
19141, 1, 1636470301986, 1636470302596, 610, 262, 348, 0, 0, 0
19142, 1, 1636470302117, 1636470302733, 616, 263, 353, 0, 0, 0
19143, 1, 1636470302124, 1636470302741, 617, 263, 354, 0, 0, 0
19144, 1, 1636470302279, 1636470302889, 610, 262, 348, 0, 0, 0
19145, 1, 1636470302343, 1636470302949, 606, 262, 344, 0, 0, 0
19146, 1, 1636470302715, 1636470303325, 610, 262, 348, 0, 0, 0
19147, 1, 1636470302764, 1636470303377, 613, 262, 351, 0, 0, 0
19148, 1, 1636470302915, 1636470303521, 606, 262, 344, 0, 0, 0
19149, 1, 1636470302971, 1636470303577, 606, 262, 344, 0, 0, 0
19150, 1, 1636470302983, 1636470303597, 614, 262, 352, 0, 0, 0
19151, 1, 1636470303008, 1636470303621, 613, 262, 351, 0, 0, 0
19153, 1, 1636470303240, 1636470303848, 608, 263, 345, 0, 0, 0
19152, 1, 1636470303222, 1636470303873, 651, 298, 353, 0, 0, 0
19154, 1, 1636470303309, 1636470303929, 620, 266, 354, 0, 0, 0
19155, 1, 1636470303425, 1636470304037, 612, 262, 350, 0, 0, 0
19156, 1, 1636470303455, 1636470304061, 606, 263, 343, 0, 0, 0
19157, 1, 1636470303539, 1636470304149, 610, 262, 348, 0, 0, 0
19158, 1, 1636470303619, 1636470304224, 605, 262, 343, 0, 0, 0
19159, 1, 1636470303847, 1636470304457, 610, 262, 348, 0, 0, 0
19160, 1, 1636470303898, 1636470304512, 614, 266, 348, 0, 0, 0
19161, 1, 1636470303984, 1636470304597, 613, 266, 347, 0, 0, 0
19162, 1, 1636470304022, 1636470304629, 607, 262, 345, 0, 0, 0
19163, 1, 1636470304047, 1636470304657, 610, 262, 348, 0, 0, 0
19164, 1, 1636470304334, 1636470304944, 610, 262, 348, 0, 0, 0
19165, 1, 1636470304353, 1636470304965, 612, 263, 349, 0, 1, 1
19166, 1, 1636470304578, 1636470305189, 611, 262, 349, 0, 0, 0
19167, 1, 1636470304670, 1636470305281, 611, 263, 348, 1, 0, 1
19168, 1, 1636470304904, 1636470305517, 613, 262, 351, 0, 0, 0
19169, 1, 1636470304932, 1636470305540, 608, 262, 346, 0, 0, 0
19170, 1, 1636470304940, 1636470305553, 613, 262, 351, 0, 0, 0
19171, 1, 1636470305038, 1636470305648, 610, 263, 347, 0, 0, 0
19172, 1, 1636470305175, 1636470305789, 614, 262, 352, 0, 0, 0
19174, 1, 1636470305260, 1636470305888, 628, 266, 362, 0, 0, 0
19173, 1, 1636470305231, 1636470305901, 670, 318, 352, 0, 0, 0
19176, 1, 1636470305351, 1636470305960, 609, 261, 348, 1, 0, 1
19175, 1, 1636470305349, 1636470305965, 616, 263, 353, 0, 1, 1
19177, 1, 1636470305537, 1636470306157, 620, 266, 354, 0, 0, 0
19178, 1, 1636470305594, 1636470306205, 611, 262, 349, 0, 0, 0
19179, 1, 1636470305831, 1636470306445, 614, 262, 352, 0, 0, 0
19180, 1, 1636470305864, 1636470306481, 617, 262, 355, 0, 0, 0
19181, 1, 1636470305913, 1636470306525, 612, 262, 350, 0, 0, 0
19182, 1, 1636470306041, 1636470306653, 612, 262, 350, 0, 0, 0
19183, 1, 1636470306047, 1636470306669, 622, 270, 352, 0, 0, 0
19184, 1, 1636470306240, 1636470306853, 613, 262, 351, 0, 0, 0
19185, 1, 1636470306276, 1636470306893, 617, 262, 355, 0, 0, 0
19186, 1, 1636470306664, 1636470307272, 608, 262, 346, 0, 0, 0
19187, 1, 1636470306750, 1636470307357, 607, 262, 345, 0, 0, 0
19188, 1, 1636470306866, 1636470307477, 611, 262, 349, 0, 0, 0
19189, 1, 1636470306943, 1636470307553, 610, 262, 348, 0, 0, 0
19190, 1, 1636470306996, 1636470307609, 613, 262, 351, 0, 0, 0
19191, 1, 1636470307047, 1636470307661, 614, 262, 352, 0, 1, 1
19192, 1, 1636470307218, 1636470307825, 607, 262, 345, 0, 0, 0
19194, 1, 1636470307367, 1636470307977, 610, 262, 348, 0, 0, 0
19193, 1, 1636470307266, 1636470308005, 739, 395, 344, 0, 1, 1
19195, 1, 1636470307428, 1636470308041, 613, 263, 350, 0, 0, 0
19196, 1, 1636470307469, 1636470308081, 612, 262, 350, 0, 1, 1
19197, 1, 1636470307499, 1636470308109, 610, 262, 348, 0, 0, 0
19198, 1, 1636470307574, 1636470308185, 611, 262, 349, 1, 0, 1
19199, 1, 1636470307698, 1636470308309, 611, 262, 349, 0, 0, 0
19200, 1, 1636470307908, 1636470308521, 613, 262, 351, 0, 0, 0
19201, 1, 1636470307945, 1636470308557, 612, 262, 350, 0, 0, 0
19202, 1, 1636470308005, 1636470308621, 616, 267, 349, 0, 1, 1
19203, 1, 1636470308109, 1636470308725, 616, 262, 354, 0, 0, 0
19204, 1, 1636470308142, 1636470308753, 611, 263, 348, 1, 0, 1
19205, 1, 1636470308320, 1636470308933, 613, 262, 351, 0, 0, 0
19206, 1, 1636470308584, 1636470309197, 613, 263, 350, 1, 0, 1
19207, 1, 1636470308761, 1636470309373, 612, 262, 350, 0, 0, 0
19208, 1, 1636470308959, 1636470309569, 610, 262, 348, 0, 1, 1
19209, 1, 1636470308970, 1636470309581, 611, 263, 348, 0, 0, 0
19210, 1, 1636470309022, 1636470309633, 611, 262, 349, 0, 0, 0
19211, 1, 1636470309123, 1636470309737, 614, 262, 352, 0, 0, 0
19212, 1, 1636470309175, 1636470309781, 606, 262, 344, 0, 0, 0
19213, 1, 1636470309256, 1636470309929, 673, 318, 355, 1, 1, 2
19214, 1, 1636470309426, 1636470310037, 611, 262, 349, 1, 0, 1
19215, 1, 1636470309468, 1636470310085, 617, 267, 350, 0, 1, 1
19216, 1, 1636470309494, 1636470310104, 610, 262, 348, 0, 1, 1
19217, 1, 1636470309536, 1636470310149, 613, 263, 350, 1, 0, 1
19218, 1, 1636470309578, 1636470310188, 610, 262, 348, 0, 0, 0
19219, 1, 1636470309791, 1636470310397, 606, 262, 344, 0, 0, 0
19220, 1, 1636470309806, 1636470310417, 611, 262, 349, 0, 0, 0
19221, 1, 1636470310025, 1636470310637, 612, 263, 349, 0, 1, 1
19222, 1, 1636470310032, 1636470310649, 617, 267, 350, 0, 0, 0
19223, 1, 1636470310132, 1636470310745, 613, 262, 351, 0, 0, 0
19224, 1, 1636470310234, 1636470310845, 611, 262, 349, 0, 0, 0
19225, 1, 1636470310427, 1636470311037, 610, 262, 348, 0, 0, 0
19226, 1, 1636470310519, 1636470311125, 606, 258, 348, 0, 0, 0
19227, 1, 1636470310684, 1636470311297, 613, 262, 351, 0, 0, 0
19228, 1, 1636470310835, 1636470311444, 609, 262, 347, 0, 0, 0
19229, 1, 1636470311085, 1636470311701, 616, 267, 349, 0, 0, 0
19230, 1, 1636470311122, 1636470311732, 610, 263, 347, 1, 0, 1
19231, 1, 1636470311129, 1636470311741, 612, 264, 348, 1, 1, 2
19232, 1, 1636470311203, 1636470311813, 610, 262, 348, 0, 0, 0
19233, 1, 1636470311229, 1636470311841, 612, 262, 350, 0, 0, 0
19234, 1, 1636470311290, 1636470311897, 607, 262, 345, 0, 0, 0
19235, 1, 1636470311402, 1636470312013, 611, 262, 349, 0, 0, 0
19236, 1, 1636470311459, 1636470312069, 610, 262, 348, 0, 0, 0
19237, 1, 1636470311493, 1636470312101, 608, 262, 346, 0, 0, 0
19238, 1, 1636470311686, 1636470312301, 615, 266, 349, 0, 0, 0
19239, 1, 1636470311813, 1636470312425, 612, 262, 350, 0, 0, 0
19240, 1, 1636470311836, 1636470312445, 609, 262, 347, 0, 0, 0
19241, 1, 1636470311898, 1636470312513, 615, 262, 353, 0, 0, 0
19242, 1, 1636470312131, 1636470312737, 606, 263, 343, 1, 0, 1
19243, 1, 1636470312133, 1636470312749, 616, 266, 350, 0, 0, 0
19244, 1, 1636470312361, 1636470312977, 616, 266, 350, 0, 0, 0
19245, 1, 1636470312411, 1636470313021, 610, 262, 348, 0, 0, 0
19246, 1, 1636470312551, 1636470313161, 610, 262, 348, 0, 0, 0
19247, 1, 1636470312564, 1636470313169, 605, 262, 343, 0, 0, 0
19248, 1, 1636470312927, 1636470313537, 610, 262, 348, 0, 0, 0
19249, 1, 1636470313052, 1636470313665, 613, 262, 351, 0, 0, 0
19250, 1, 1636470313066, 1636470313677, 611, 262, 349, 0, 0, 0
19251, 1, 1636470313085, 1636470313697, 612, 266, 346, 0, 0, 0
19252, 1, 1636470313125, 1636470313737, 612, 263, 349, 0, 1, 1
19253, 1, 1636470313321, 1636470313933, 612, 262, 350, 0, 1, 1
19254, 1, 1636470313325, 1636470313933, 608, 262, 346, 0, 0, 0
19255, 1, 1636470313419, 1636470314029, 610, 263, 347, 1, 1, 2
19256, 1, 1636470313432, 1636470314045, 613, 263, 350, 0, 1, 1
19257, 1, 1636470313442, 1636470314053, 611, 262, 349, 0, 0, 0
19258, 1, 1636470313609, 1636470314225, 616, 266, 350, 1, 0, 1
19259, 1, 1636470313733, 1636470314345, 612, 263, 349, 1, 0, 1
19260, 1, 1636470313813, 1636470314425, 612, 262, 350, 0, 0, 0
19261, 1, 1636470313990, 1636470314601, 611, 262, 349, 0, 0, 0
19262, 1, 1636470314057, 1636470314665, 608, 262, 346, 0, 0, 0
19263, 1, 1636470314070, 1636470314685, 615, 262, 353, 0, 0, 0
19264, 1, 1636470314345, 1636470314957, 612, 266, 346, 0, 0, 0
19265, 1, 1636470314360, 1636470314973, 613, 262, 351, 0, 0, 0
19266, 1, 1636470314643, 1636470315253, 610, 262, 348, 0, 0, 0
19267, 1, 1636470314649, 1636470315261, 612, 262, 350, 0, 0, 0
19268, 1, 1636470314918, 1636470315529, 611, 262, 349, 0, 0, 0
19269, 1, 1636470314949, 1636470315564, 615, 266, 349, 0, 0, 0
19270, 1, 1636470315010, 1636470315621, 611, 263, 348, 1, 0, 1
19271, 1, 1636470315014, 1636470315629, 615, 262, 353, 0, 0, 0
19272, 1, 1636470315030, 1636470315641, 611, 262, 349, 0, 0, 0
19273, 1, 1636470315334, 1636470315945, 611, 262, 349, 0, 0, 0
19274, 1, 1636470315341, 1636470315957, 616, 262, 354, 0, 0, 0
19275, 1, 1636470315380, 1636470315997, 617, 262, 355, 0, 0, 0
19276, 1, 1636470315448, 1636470316056, 608, 262, 346, 0, 0, 0
19277, 1, 1636470315468, 1636470316080, 612, 262, 350, 0, 0, 0
19278, 1, 1636470315475, 1636470316081, 606, 262, 344, 0, 1, 1
19279, 1, 1636470315618, 1636470316229, 611, 262, 349, 0, 0, 0
19280, 1, 1636470315758, 1636470316369, 611, 262, 349, 0, 0, 0
19281, 1, 1636470315991, 1636470316597, 606, 262, 344, 0, 0, 0
19282, 1, 1636470316018, 1636470316629, 611, 262, 349, 0, 0, 0
19283, 1, 1636470316117, 1636470316729, 612, 262, 350, 0, 0, 0
19284, 1, 1636470316304, 1636470316921, 617, 263, 354, 1, 0, 1
19285, 1, 1636470316437, 1636470317049, 612, 262, 350, 0, 0, 0
19286, 1, 1636470316665, 1636470317272, 607, 262, 345, 0, 0, 0
19287, 1, 1636470316771, 1636470317381, 610, 262, 348, 0, 0, 0
19288, 1, 1636470316908, 1636470317521, 613, 262, 351, 0, 0, 0
19289, 1, 1636470316949, 1636470317565, 616, 267, 349, 1, 0, 1
19290, 1, 1636470316977, 1636470317585, 608, 262, 346, 0, 0, 0
19291, 1, 1636470317010, 1636470317621, 611, 262, 349, 0, 0, 0
19292, 1, 1636470317117, 1636470317729, 612, 262, 350, 0, 0, 0
19293, 1, 1636470317274, 1636470317889, 615, 263, 352, 1, 1, 2
19294, 1, 1636470317275, 1636470317933, 658, 305, 353, 1, 0, 1
19295, 1, 1636470317321, 1636470317933, 612, 262, 350, 0, 0, 0
19296, 1, 1636470317461, 1636470318077, 616, 266, 350, 0, 0, 0
19297, 1, 1636470317485, 1636470318097, 612, 262, 350, 0, 0, 0
19298, 1, 1636470317589, 1636470318209, 620, 262, 358, 0, 0, 0
19299, 1, 1636470317706, 1636470318317, 611, 262, 349, 0, 0, 0
19300, 1, 1636470317725, 1636470318337, 612, 262, 350, 0, 0, 0
19301, 1, 1636470317913, 1636470318521, 608, 262, 346, 0, 0, 0
19302, 1, 1636470318001, 1636470318613, 612, 262, 350, 0, 0, 0
19303, 1, 1636470318116, 1636470318729, 613, 262, 351, 0, 0, 0
19304, 1, 1636470318252, 1636470318865, 613, 262, 351, 0, 0, 0
19305, 1, 1636470318539, 1636470319153, 614, 262, 352, 0, 0, 0
19306, 1, 1636470318565, 1636470319177, 612, 262, 350, 0, 0, 0
19307, 1, 1636470318779, 1636470319393, 614, 267, 347, 1, 0, 1
19308, 1, 1636470318892, 1636470319505, 613, 263, 350, 1, 0, 1
19310, 1, 1636470318899, 1636470319508, 609, 268, 341, 0, 1, 1
19309, 1, 1636470318893, 1636470319509, 616, 263, 353, 0, 1, 1
19312, 1, 1636470319138, 1636470319748, 610, 263, 347, 1, 1, 2
19311, 1, 1636470319137, 1636470319749, 612, 262, 350, 0, 0, 0
19314, 1, 1636470319265, 1636470319881, 616, 266, 350, 1, 0, 1
19313, 1, 1636470319265, 1636470319889, 624, 271, 353, 2, 0, 2
19315, 1, 1636470319374, 1636470319985, 611, 262, 349, 0, 0, 0
19316, 1, 1636470319461, 1636470320073, 612, 263, 349, 0, 0, 0
19317, 1, 1636470319600, 1636470320213, 613, 262, 351, 0, 0, 0
19318, 1, 1636470319611, 1636470320221, 610, 262, 348, 0, 0, 0
19319, 1, 1636470319703, 1636470320321, 618, 267, 351, 1, 1, 2
19320, 1, 1636470319746, 1636470320361, 615, 263, 352, 1, 0, 1
19321, 1, 1636470319834, 1636470320453, 619, 268, 351, 1, 0, 1
19322, 1, 1636470320060, 1636470320673, 613, 262, 351, 1, 0, 1
19323, 1, 1636470320129, 1636470320741, 612, 262, 350, 0, 0, 0
19324, 1, 1636470320147, 1636470320761, 614, 261, 353, 0, 0, 0
19325, 1, 1636470320483, 1636470321089, 606, 262, 344, 0, 0, 0
19326, 1, 1636470320565, 1636470321173, 608, 262, 346, 0, 0, 0
19327, 1, 1636470320822, 1636470321433, 611, 262, 349, 0, 0, 0
19329, 1, 1636470320842, 1636470321452, 610, 262, 348, 0, 0, 0
19328, 1, 1636470320837, 1636470321452, 615, 262, 353, 1, 0, 1
19330, 1, 1636470320883, 1636470321489, 606, 262, 344, 0, 0, 0
19331, 1, 1636470321136, 1636470321753, 617, 262, 355, 0, 1, 1
19332, 1, 1636470321214, 1636470321825, 611, 262, 349, 0, 0, 0
19333, 1, 1636470321220, 1636470321837, 617, 262, 355, 1, 0, 1
19334, 1, 1636470321265, 1636470321873, 608, 263, 345, 1, 0, 1
19336, 1, 1636470321406, 1636470322017, 611, 263, 348, 0, 1, 1
19335, 1, 1636470321400, 1636470322017, 617, 263, 354, 0, 1, 1
19337, 1, 1636470321592, 1636470322208, 616, 266, 350, 0, 0, 0
19338, 1, 1636470321610, 1636470322225, 615, 262, 353, 0, 0, 0
19339, 1, 1636470321757, 1636470322373, 616, 266, 350, 0, 1, 1
19340, 1, 1636470321761, 1636470322377, 616, 262, 354, 0, 0, 0
19341, 1, 1636470321872, 1636470322485, 613, 263, 350, 0, 0, 0
19342, 1, 1636470322008, 1636470322625, 617, 266, 351, 0, 0, 0
19343, 1, 1636470322128, 1636470322741, 613, 262, 351, 0, 0, 0
19344, 1, 1636470322137, 1636470322753, 616, 262, 354, 1, 0, 1
19345, 1, 1636470322472, 1636470323080, 608, 258, 350, 0, 1, 1
19346, 1, 1636470322505, 1636470323112, 607, 262, 345, 0, 0, 0
19347, 1, 1636470322737, 1636470323356, 619, 266, 353, 0, 0, 0
19348, 1, 1636470322826, 1636470323441, 615, 262, 353, 0, 1, 1
19349, 1, 1636470322830, 1636470323449, 619, 266, 353, 0, 0, 0
19350, 1, 1636470322942, 1636470323553, 611, 262, 349, 0, 0, 0
19351, 1, 1636470323080, 1636470323693, 613, 262, 351, 0, 0, 0
19352, 1, 1636470323108, 1636470323721, 613, 262, 351, 0, 0, 0
19353, 1, 1636470323131, 1636470323741, 610, 263, 347, 0, 0, 0
19354, 1, 1636470323228, 1636470323841, 613, 262, 351, 0, 0, 0
19355, 1, 1636470323355, 1636470323964, 609, 262, 347, 0, 0, 0
19356, 1, 1636470323516, 1636470324129, 613, 263, 350, 0, 1, 1
19357, 1, 1636470323521, 1636470324141, 620, 262, 358, 0, 0, 0
19358, 1, 1636470323555, 1636470324165, 610, 262, 348, 0, 0, 0
19359, 1, 1636470323765, 1636470324384, 619, 270, 349, 0, 0, 0
19360, 1, 1636470323780, 1636470324400, 620, 271, 349, 0, 0, 0
19361, 1, 1636470323866, 1636470324481, 615, 266, 349, 0, 0, 0
19362, 1, 1636470323902, 1636470324517, 615, 262, 353, 0, 0, 0
19363, 1, 1636470324060, 1636470324677, 617, 266, 351, 0, 0, 0
19364, 1, 1636470324072, 1636470324689, 617, 266, 351, 0, 0, 0
19365, 1, 1636470324388, 1636470324996, 608, 262, 346, 0, 0, 0
19366, 1, 1636470324494, 1636470325109, 615, 262, 353, 0, 0, 0
19367, 1, 1636470324618, 1636470325229, 611, 262, 349, 0, 0, 0
19368, 1, 1636470324815, 1636470325421, 606, 262, 344, 0, 0, 0
19369, 1, 1636470324835, 1636470325445, 610, 263, 347, 0, 1, 1
19370, 1, 1636470324984, 1636470325592, 608, 264, 344, 1, 0, 1
19371, 1, 1636470325028, 1636470325641, 613, 262, 351, 0, 0, 0
19373, 1, 1636470325099, 1636470325709, 610, 263, 347, 2, 1, 3
19374, 1, 1636470325213, 1636470325821, 608, 262, 346, 0, 1, 1
19375, 1, 1636470325271, 1636470325885, 614, 262, 352, 0, 0, 0
19372, 1, 1636470325097, 1636470325989, 892, 543, 349, 1, 0, 1
19377, 1, 1636470325524, 1636470326133, 609, 262, 347, 0, 0, 0
19378, 1, 1636470325530, 1636470326141, 611, 266, 345, 0, 0, 0
19379, 1, 1636470325646, 1636470326252, 606, 263, 343, 0, 1, 1
19376, 1, 1636470325502, 1636470326337, 835, 486, 349, 0, 0, 0
19381, 1, 1636470325893, 1636470326509, 616, 266, 350, 0, 0, 0
19382, 1, 1636470325908, 1636470326517, 609, 262, 347, 0, 0, 0
19380, 1, 1636470325715, 1636470326685, 970, 623, 347, 1, 0, 1
19384, 1, 1636470326068, 1636470326685, 617, 266, 351, 0, 0, 0
19385, 1, 1636470326309, 1636470326925, 616, 262, 354, 0, 0, 0
19386, 1, 1636470326388, 1636470327001, 613, 262, 351, 0, 0, 0
19383, 1, 1636470326021, 1636470327033, 1012, 662, 350, 0, 0, 0
19387, 1, 1636470326541, 1636470327153, 612, 262, 350, 0, 0, 0
19388, 1, 1636470326777, 1636470327389, 612, 262, 350, 0, 0, 0
19389, 1, 1636470326819, 1636470327425, 606, 262, 344, 0, 0, 0
19390, 1, 1636470326922, 1636470327532, 610, 262, 348, 0, 0, 0
19392, 1, 1636470327023, 1636470327633, 610, 263, 347, 1, 0, 1
19391, 1, 1636470327022, 1636470327633, 611, 263, 348, 0, 1, 1
19393, 1, 1636470327156, 1636470327772, 616, 262, 354, 0, 0, 0
19394, 1, 1636470327175, 1636470327785, 610, 262, 348, 0, 0, 0
19395, 1, 1636470327262, 1636470327872, 610, 262, 348, 0, 0, 0
19396, 1, 1636470327494, 1636470328105, 611, 262, 349, 0, 0, 0
19397, 1, 1636470327496, 1636470328109, 613, 262, 351, 0, 0, 0
19398, 1, 1636470327588, 1636470328201, 613, 263, 350, 0, 1, 1
19399, 1, 1636470327609, 1636470328217, 608, 263, 345, 0, 0, 0
19400, 1, 1636470327771, 1636470328380, 609, 263, 346, 1, 1, 2
19401, 1, 1636470327816, 1636470328429, 613, 262, 351, 0, 1, 1
19402, 1, 1636470327947, 1636470328560, 613, 262, 351, 0, 0, 0
19403, 1, 1636470327954, 1636470328565, 611, 262, 349, 0, 0, 0
19404, 1, 1636470328053, 1636470328665, 612, 262, 350, 0, 0, 0
19405, 1, 1636470328232, 1636470328849, 617, 266, 351, 0, 0, 0
19406, 1, 1636470328379, 1636470328989, 610, 263, 347, 0, 0, 0
19407, 1, 1636470328548, 1636470329160, 612, 262, 350, 0, 0, 0
19408, 1, 1636470328733, 1636470329345, 612, 262, 350, 0, 0, 0
19409, 1, 1636470328781, 1636470329397, 616, 262, 354, 0, 0, 0
19410, 1, 1636470328913, 1636470329525, 612, 262, 350, 0, 0, 0
19411, 1, 1636470329030, 1636470329645, 615, 262, 353, 0, 0, 0
19412, 1, 1636470329071, 1636470329685, 614, 263, 351, 0, 0, 0
19413, 1, 1636470329131, 1636470329749, 618, 266, 352, 0, 0, 0
19414, 1, 1636470329186, 1636470329797, 611, 262, 349, 0, 0, 0
19415, 1, 1636470329206, 1636470329821, 615, 263, 352, 1, 0, 1
19416, 1, 1636470329479, 1636470330097, 618, 266, 352, 0, 0, 0
19417, 1, 1636470329487, 1636470330097, 610, 266, 344, 0, 0, 0
19418, 1, 1636470329566, 1636470330177, 611, 266, 345, 0, 0, 0
19419, 1, 1636470329693, 1636470330301, 608, 262, 346, 0, 0, 0
19420, 1, 1636470329820, 1636470330433, 613, 263, 350, 0, 1, 1
19421, 1, 1636470329824, 1636470330437, 613, 262, 351, 0, 0, 0
19422, 1, 1636470329946, 1636470330557, 611, 262, 349, 0, 0, 0
19423, 1, 1636470329995, 1636470330609, 614, 263, 351, 1, 0, 1
19424, 1, 1636470330038, 1636470330653, 615, 263, 352, 0, 1, 1
19425, 1, 1636470330241, 1636470330849, 608, 262, 346, 0, 0, 0
19426, 1, 1636470330303, 1636470330913, 610, 262, 348, 0, 0, 0
19427, 1, 1636470330534, 1636470331144, 610, 262, 348, 0, 0, 0
19428, 1, 1636470330737, 1636470331349, 612, 262, 350, 0, 0, 0
19429, 1, 1636470330759, 1636470331368, 609, 263, 346, 0, 0, 0
19430, 1, 1636470330836, 1636470331449, 613, 262, 351, 0, 0, 0
19431, 1, 1636470330964, 1636470331577, 613, 263, 350, 0, 0, 0
19432, 1, 1636470331015, 1636470331625, 610, 262, 348, 0, 0, 0
19433, 1, 1636470331157, 1636470331769, 612, 262, 350, 0, 0, 0
19434, 1, 1636470331193, 1636470331809, 616, 268, 348, 2, 0, 2
19435, 1, 1636470331193, 1636470331809, 616, 266, 350, 1, 1, 2
19436, 1, 1636470331411, 1636470332025, 614, 262, 352, 0, 0, 0
19437, 1, 1636470331436, 1636470332049, 613, 262, 351, 0, 0, 0
19438, 1, 1636470331592, 1636470332212, 620, 267, 353, 0, 0, 0
19439, 1, 1636470331701, 1636470332317, 616, 266, 350, 0, 0, 0
19440, 1, 1636470331807, 1636470332421, 614, 263, 351, 1, 0, 1
19441, 1, 1636470331809, 1636470332421, 612, 262, 350, 0, 1, 1
19442, 1, 1636470331869, 1636470332484, 615, 262, 353, 0, 0, 0
19443, 1, 1636470331887, 1636470332500, 613, 267, 346, 1, 0, 1
19444, 1, 1636470331994, 1636470332605, 611, 263, 348, 0, 0, 0
19445, 1, 1636470332211, 1636470332821, 610, 262, 348, 0, 0, 0
19446, 1, 1636470332311, 1636470332916, 605, 258, 347, 0, 0, 0
19447, 1, 1636470332519, 1636470333133, 614, 262, 352, 0, 0, 0
19448, 1, 1636470332763, 1636470333377, 614, 262, 352, 0, 0, 0
19449, 1, 1636470332844, 1636470333461, 617, 262, 355, 0, 0, 0
19450, 1, 1636470332865, 1636470333477, 612, 262, 350, 0, 0, 0
19451, 1, 1636470332875, 1636470333493, 618, 262, 356, 0, 0, 0
19452, 1, 1636470333000, 1636470333613, 613, 262, 351, 0, 0, 0
19453, 1, 1636470333178, 1636470333788, 610, 262, 348, 0, 0, 0
19454, 1, 1636470333269, 1636470333881, 612, 263, 349, 0, 0, 0
19455, 1, 1636470333274, 1636470333889, 615, 263, 352, 0, 0, 0
19456, 1, 1636470333418, 1636470334029, 611, 262, 349, 0, 0, 0
19457, 1, 1636470333463, 1636470334073, 610, 263, 347, 0, 0, 0
19458, 1, 1636470333660, 1636470334273, 613, 262, 351, 0, 1, 1
19459, 1, 1636470333788, 1636470334401, 613, 262, 351, 0, 0, 0
19460, 1, 1636470333794, 1636470334404, 610, 262, 348, 0, 2, 2
19461, 1, 1636470333808, 1636470334425, 617, 262, 355, 0, 0, 0
19462, 1, 1636470333878, 1636470334485, 607, 262, 345, 0, 0, 0
19463, 1, 1636470333883, 1636470334489, 606, 263, 343, 1, 2, 3
19464, 1, 1636470334020, 1636470334633, 613, 262, 351, 0, 0, 0
19465, 1, 1636470334174, 1636470334785, 611, 262, 349, 0, 0, 0
19466, 1, 1636470334281, 1636470334893, 612, 262, 350, 0, 0, 0
19467, 1, 1636470334475, 1636470335085, 610, 262, 348, 0, 0, 0
19468, 1, 1636470334790, 1636470335397, 607, 263, 344, 1, 1, 2
19469, 1, 1636470334830, 1636470335445, 615, 262, 353, 0, 0, 0
19470, 1, 1636470334879, 1636470335489, 610, 263, 347, 2, 0, 2
19471, 1, 1636470334879, 1636470335489, 610, 262, 348, 1, 0, 1
19472, 1, 1636470334956, 1636470335569, 613, 262, 351, 0, 0, 0
19473, 1, 1636470335164, 1636470335781, 617, 262, 355, 0, 0, 0
19474, 1, 1636470335278, 1636470335889, 611, 262, 349, 0, 0, 0
19475, 1, 1636470335375, 1636470335989, 614, 262, 352, 0, 0, 0
19476, 1, 1636470335403, 1636470336013, 610, 263, 347, 0, 0, 0
19477, 1, 1636470335516, 1636470336129, 613, 262, 351, 0, 0, 0
19478, 1, 1636470335664, 1636470336273, 609, 262, 347, 0, 0, 0
19479, 1, 1636470335713, 1636470336325, 612, 262, 350, 0, 0, 0
19480, 1, 1636470335751, 1636470336365, 614, 262, 352, 0, 0, 0
19481, 1, 1636470335847, 1636470336465, 618, 266, 352, 0, 0, 0
19482, 1, 1636470335856, 1636470336465, 609, 262, 347, 0, 0, 0
19483, 1, 1636470335886, 1636470336497, 611, 262, 349, 0, 0, 0
19484, 1, 1636470336131, 1636470336745, 614, 266, 348, 0, 0, 0
19485, 1, 1636470336136, 1636470336753, 617, 263, 354, 0, 1, 1
19486, 1, 1636470336267, 1636470336877, 610, 262, 348, 0, 0, 0
19487, 1, 1636470336483, 1636470337093, 610, 262, 348, 0, 0, 0
19488, 1, 1636470336797, 1636470337409, 612, 263, 349, 0, 1, 1
19489, 1, 1636470336815, 1636470337421, 606, 262, 344, 0, 0, 0
19490, 1, 1636470336883, 1636470337493, 610, 262, 348, 0, 0, 0
19491, 1, 1636470336895, 1636470337505, 610, 262, 348, 0, 0, 0
19492, 1, 1636470336982, 1636470337593, 611, 262, 349, 0, 0, 0
19493, 1, 1636470337119, 1636470337729, 610, 262, 348, 0, 0, 0
19494, 1, 1636470337197, 1636470337813, 616, 262, 354, 0, 0, 0
19495, 1, 1636470337367, 1636470337981, 614, 263, 351, 1, 0, 1
19496, 1, 1636470337388, 1636470337997, 609, 262, 347, 0, 0, 0
19497, 1, 1636470337521, 1636470338133, 612, 262, 350, 0, 0, 0
19498, 1, 1636470337637, 1636470338249, 612, 262, 350, 0, 0, 0
19499, 1, 1636470337777, 1636470338397, 620, 262, 358, 0, 0, 0
19500, 1, 1636470337822, 1636470338433, 611, 262, 349, 0, 0, 0
19501, 1, 1636470337832, 1636470338445, 613, 262, 351, 1, 0, 1
19502, 1, 1636470337837, 1636470338453, 616, 264, 352, 0, 2, 2
19503, 1, 1636470337878, 1636470338489, 611, 264, 347, 1, 0, 1
19504, 1, 1636470338140, 1636470338753, 613, 262, 351, 0, 0, 0
19505, 1, 1636470338158, 1636470338769, 611, 262, 349, 0, 0, 0
19506, 1, 1636470338225, 1636470338845, 620, 262, 358, 0, 0, 0
19507, 1, 1636470338599, 1636470339209, 610, 263, 347, 0, 0, 0
19508, 1, 1636470338771, 1636470339381, 610, 262, 348, 0, 0, 0
19510, 1, 1636470338802, 1636470339413, 611, 261, 350, 0, 0, 0
19509, 1, 1636470338798, 1636470339413, 615, 262, 353, 1, 0, 1
19511, 1, 1636470338871, 1636470339477, 606, 262, 344, 0, 0, 0
19512, 1, 1636470339098, 1636470339709, 611, 262, 349, 0, 0, 0
19513, 1, 1636470339127, 1636470339737, 610, 262, 348, 0, 0, 0
19514, 1, 1636470339261, 1636470339869, 608, 263, 345, 0, 0, 0
19515, 1, 1636470339271, 1636470339877, 606, 262, 344, 0, 0, 0
19516, 1, 1636470339345, 1636470339953, 608, 262, 346, 0, 0, 0
19517, 1, 1636470339441, 1636470340053, 612, 262, 350, 0, 0, 0
19518, 1, 1636470339710, 1636470340321, 611, 262, 349, 0, 0, 0
19519, 1, 1636470339725, 1636470340337, 612, 261, 351, 0, 0, 0
19520, 1, 1636470339738, 1636470340349, 611, 262, 349, 0, 0, 0
19521, 1, 1636470339771, 1636470340381, 610, 263, 347, 0, 1, 1
19522, 1, 1636470339789, 1636470340401, 612, 262, 350, 0, 0, 0
19523, 1, 1636470339845, 1636470340457, 612, 262, 350, 0, 0, 0
19524, 1, 1636470340059, 1636470340672, 613, 262, 351, 0, 0, 0
19525, 1, 1636470340275, 1636470340885, 610, 262, 348, 0, 0, 0
19526, 1, 1636470340314, 1636470340928, 614, 266, 348, 0, 0, 0
19527, 1, 1636470340602, 1636470341213, 611, 262, 349, 0, 0, 0
19528, 1, 1636470340797, 1636470341409, 612, 262, 350, 0, 1, 1
19529, 1, 1636470340837, 1636470341453, 616, 263, 353, 0, 1, 1
19530, 1, 1636470340875, 1636470341484, 609, 262, 347, 0, 0, 0
19531, 1, 1636470340921, 1636470341529, 608, 263, 345, 0, 0, 0
19532, 1, 1636470341102, 1636470341717, 615, 266, 349, 0, 0, 0
19533, 1, 1636470341243, 1636470341861, 618, 266, 352, 0, 0, 0
19534, 1, 1636470341321, 1636470341929, 608, 262, 346, 0, 0, 0
19535, 1, 1636470341352, 1636470341965, 613, 262, 351, 0, 0, 0
19536, 1, 1636470341392, 1636470342004, 612, 262, 350, 0, 0, 0
19537, 1, 1636470341515, 1636470342125, 610, 262, 348, 0, 0, 0
19538, 1, 1636470341664, 1636470342277, 613, 262, 351, 0, 0, 0
19539, 1, 1636470341765, 1636470342377, 612, 264, 348, 2, 0, 2
19540, 1, 1636470341811, 1636470342421, 610, 263, 347, 0, 0, 0
19541, 1, 1636470341816, 1636470342429, 613, 262, 351, 0, 0, 0
19542, 1, 1636470341825, 1636470342436, 611, 262, 349, 0, 0, 0
19543, 1, 1636470341849, 1636470342460, 611, 262, 349, 0, 0, 0
19544, 1, 1636470342133, 1636470342745, 612, 262, 350, 0, 0, 0
19545, 1, 1636470342279, 1636470342893, 614, 262, 352, 0, 0, 0
19546, 1, 1636470342430, 1636470343040, 610, 262, 348, 0, 1, 1
19547, 1, 1636470342522, 1636470343129, 607, 262, 345, 0, 0, 0
19548, 1, 1636470342914, 1636470343525, 611, 262, 349, 0, 0, 0
19549, 1, 1636470342926, 1636470343541, 615, 262, 353, 0, 0, 0
19550, 1, 1636470342948, 1636470343552, 604, 262, 342, 0, 0, 0
19551, 1, 1636470342995, 1636470343604, 609, 262, 347, 0, 0, 0
19552, 1, 1636470343021, 1636470343633, 612, 262, 350, 0, 0, 0
19553, 1, 1636470343247, 1636470343853, 606, 262, 344, 0, 0, 0
19554, 1, 1636470343396, 1636470344009, 613, 262, 351, 0, 0, 0
19555, 1, 1636470343421, 1636470344032, 611, 262, 349, 0, 0, 0
19556, 1, 1636470343468, 1636470344081, 613, 266, 347, 0, 0, 0
19557, 1, 1636470343566, 1636470344181, 615, 266, 349, 0, 0, 0
19558, 1, 1636470343768, 1636470344381, 613, 262, 351, 0, 1, 1
19559, 1, 1636470343774, 1636470344385, 611, 262, 349, 0, 0, 0
19560, 1, 1636470343839, 1636470344449, 610, 263, 347, 1, 0, 1
19561, 1, 1636470343848, 1636470344461, 613, 262, 351, 0, 0, 0
19562, 1, 1636470343875, 1636470344485, 610, 263, 347, 1, 1, 2
19563, 1, 1636470343932, 1636470344545, 613, 262, 351, 0, 0, 0
19564, 1, 1636470344199, 1636470344809, 610, 262, 348, 0, 0, 0
19565, 1, 1636470344248, 1636470344857, 609, 262, 347, 0, 0, 0
19566, 1, 1636470344434, 1636470345044, 610, 262, 348, 0, 0, 0
19567, 1, 1636470344592, 1636470345205, 613, 262, 351, 0, 0, 0
19568, 1, 1636470344862, 1636470345477, 615, 262, 353, 0, 0, 0
19569, 1, 1636470344899, 1636470345509, 610, 263, 347, 1, 0, 1
19570, 1, 1636470344917, 1636470345533, 616, 262, 354, 0, 0, 0
19571, 1, 1636470344949, 1636470345561, 612, 262, 350, 0, 0, 0
19572, 1, 1636470345094, 1636470345713, 619, 266, 353, 1, 0, 1
19573, 1, 1636470345221, 1636470345833, 612, 262, 350, 0, 0, 0
19574, 1, 1636470345263, 1636470345877, 614, 266, 348, 0, 0, 0
19575, 1, 1636470345449, 1636470346065, 616, 262, 354, 0, 0, 0
19576, 1, 1636470345472, 1636470346085, 613, 263, 350, 1, 1, 2
19577, 1, 1636470345589, 1636470346201, 612, 266, 346, 0, 0, 0
19578, 1, 1636470345678, 1636470346296, 618, 266, 352, 0, 0, 0
19579, 1, 1636470345715, 1636470346321, 606, 264, 342, 1, 1, 2
19580, 1, 1636470345798, 1636470346417, 619, 271, 348, 2, 0, 2
19581, 1, 1636470345841, 1636470346452, 611, 263, 348, 0, 1, 1
19582, 1, 1636470345866, 1636470346477, 611, 262, 349, 0, 0, 0
19583, 1, 1636470345937, 1636470346549, 612, 262, 350, 0, 0, 0
19584, 1, 1636470346272, 1636470346885, 613, 262, 351, 0, 0, 0
19585, 1, 1636470346322, 1636470346933, 611, 262, 349, 0, 0, 0
19586, 1, 1636470346353, 1636470346965, 612, 263, 349, 0, 0, 0
19587, 1, 1636470346708, 1636470347321, 613, 262, 351, 0, 0, 0
19588, 1, 1636470346817, 1636470347425, 608, 262, 346, 0, 0, 0
19589, 1, 1636470346836, 1636470347453, 617, 263, 354, 1, 0, 1
19590, 1, 1636470346892, 1636470347505, 613, 262, 351, 0, 0, 0
19591, 1, 1636470346986, 1636470347597, 611, 265, 346, 0, 3, 3
19592, 1, 1636470347209, 1636470347812, 603, 257, 346, 0, 0, 0
19593, 1, 1636470347293, 1636470347901, 608, 262, 346, 2, 0, 2
19594, 1, 1636470347294, 1636470347901, 607, 262, 345, 2, 0, 2
19595, 1, 1636470347391, 1636470348001, 610, 266, 344, 0, 1, 1
19596, 1, 1636470347398, 1636470348013, 615, 265, 350, 0, 0, 0
19597, 1, 1636470347456, 1636470348069, 613, 262, 351, 0, 4, 4
19598, 1, 1636470347723, 1636470348325, 602, 258, 344, 0, 0, 0
19599, 1, 1636470347778, 1636470348389, 611, 258, 353, 0, 0, 0
19600, 1, 1636470347815, 1636470348425, 610, 262, 348, 1, 0, 1
19601, 1, 1636470347857, 1636470348469, 612, 262, 350, 0, 0, 0
19602, 1, 1636470347885, 1636470348501, 616, 266, 350, 0, 0, 0
19603, 1, 1636470347956, 1636470348572, 616, 267, 349, 0, 1, 1
19604, 1, 1636470348189, 1636470348801, 612, 262, 350, 0, 0, 0
19605, 1, 1636470348388, 1636470348997, 609, 262, 347, 0, 0, 0
19606, 1, 1636470348426, 1636470349037, 611, 263, 348, 0, 0, 0
19607, 1, 1636470348732, 1636470349348, 616, 262, 354, 0, 0, 0
19608, 1, 1636470348879, 1636470349488, 609, 262, 347, 0, 0, 0
19609, 1, 1636470348909, 1636470349525, 616, 266, 350, 0, 1, 1
19610, 1, 1636470348978, 1636470349593, 615, 263, 352, 0, 1, 1
19611, 1, 1636470349100, 1636470349713, 613, 267, 346, 0, 0, 0
19612, 1, 1636470349284, 1636470349897, 613, 262, 351, 0, 0, 0
19613, 1, 1636470349344, 1636470349957, 613, 262, 351, 0, 0, 0
19615, 1, 1636470349398, 1636470350009, 611, 262, 349, 0, 0, 0
19616, 1, 1636470349465, 1636470350081, 616, 266, 350, 0, 0, 0
19617, 1, 1636470349487, 1636470350093, 606, 262, 344, 0, 0, 0
19614, 1, 1636470349393, 1636470350305, 912, 566, 346, 0, 0, 0
19618, 1, 1636470349815, 1636470350425, 610, 262, 348, 0, 0, 0
19619, 1, 1636470349845, 1636470350457, 612, 262, 350, 0, 0, 0
19621, 1, 1636470349931, 1636470350541, 610, 262, 348, 0, 0, 0
19622, 1, 1636470349979, 1636470350588, 609, 262, 347, 0, 0, 0
19623, 1, 1636470349999, 1636470350609, 610, 262, 348, 0, 0, 0
19620, 1, 1636470349864, 1636470350653, 789, 438, 351, 0, 1, 1
19624, 1, 1636470350219, 1636470350829, 610, 262, 348, 1, 0, 1
19625, 1, 1636470350410, 1636470351029, 619, 266, 353, 0, 0, 0
19626, 1, 1636470350542, 1636470351152, 610, 262, 348, 0, 0, 0
19627, 1, 1636470350600, 1636470351208, 608, 262, 346, 0, 0, 0
19628, 1, 1636470350935, 1636470351549, 614, 266, 348, 0, 0, 0
19629, 1, 1636470350965, 1636470351577, 612, 262, 350, 0, 0, 0
19630, 1, 1636470350979, 1636470351597, 618, 269, 349, 1, 1, 2
19632, 1, 1636470351151, 1636470351760, 609, 262, 347, 0, 0, 0
19631, 1, 1636470351024, 1636470351921, 897, 550, 347, 0, 0, 0
19634, 1, 1636470351368, 1636470351981, 613, 258, 355, 0, 0, 0
19633, 1, 1636470351368, 1636470351981, 613, 262, 351, 0, 1, 1
19635, 1, 1636470351404, 1636470352016, 612, 262, 350, 0, 0, 0
19636, 1, 1636470351580, 1636470352269, 689, 338, 351, 1, 1, 2
19638, 1, 1636470351754, 1636470352365, 611, 262, 349, 0, 0, 0
19639, 1, 1636470351768, 1636470352381, 613, 262, 351, 0, 0, 0
19640, 1, 1636470351821, 1636470352433, 612, 262, 350, 0, 0, 0
19641, 1, 1636470351846, 1636470352461, 615, 262, 353, 0, 0, 0
19642, 1, 1636470351878, 1636470352489, 611, 262, 349, 0, 0, 0
19637, 1, 1636470351588, 1636470352617, 1029, 678, 351, 0, 0, 0
19644, 1, 1636470352278, 1636470352884, 606, 262, 344, 0, 0, 0
19643, 1, 1636470352045, 1636470352965, 920, 571, 349, 0, 0, 0
19646, 1, 1636470352566, 1636470353177, 611, 262, 349, 0, 0, 0
19647, 1, 1636470352663, 1636470353272, 609, 262, 347, 0, 0, 0
19645, 1, 1636470352305, 1636470353313, 1008, 658, 350, 0, 1, 1
19648, 1, 1636470352922, 1636470353537, 615, 267, 348, 1, 0, 1
19649, 1, 1636470352961, 1636470353572, 611, 262, 349, 0, 0, 0
19650, 1, 1636470353058, 1636470353669, 611, 262, 349, 0, 0, 0
19651, 1, 1636470353070, 1636470353676, 606, 262, 344, 0, 0, 0
19652, 1, 1636470353181, 1636470353793, 612, 262, 350, 0, 0, 0
19653, 1, 1636470353235, 1636470353845, 610, 263, 347, 1, 0, 1
19654, 1, 1636470353393, 1636470354005, 612, 262, 350, 0, 0, 0
19655, 1, 1636470353489, 1636470354109, 620, 268, 352, 1, 0, 1
19656, 1, 1636470353585, 1636470354197, 612, 262, 350, 0, 0, 0
19657, 1, 1636470353595, 1636470354204, 609, 262, 347, 0, 0, 0
19658, 1, 1636470353779, 1636470354393, 614, 263, 351, 0, 0, 0
19659, 1, 1636470353855, 1636470354473, 618, 270, 348, 0, 0, 0
19660, 1, 1636470353876, 1636470354489, 613, 262, 351, 0, 0, 0
19661, 1, 1636470353906, 1636470354517, 611, 262, 349, 0, 0, 0
19662, 1, 1636470353969, 1636470354581, 612, 263, 349, 0, 0, 0
19663, 1, 1636470354111, 1636470354721, 610, 262, 348, 0, 0, 0
19664, 1, 1636470354217, 1636470354833, 616, 262, 354, 0, 0, 0
19665, 1, 1636470354342, 1636470354953, 611, 262, 349, 1, 0, 1
19666, 1, 1636470354434, 1636470355037, 603, 258, 345, 0, 0, 0
19667, 1, 1636470354749, 1636470355360, 611, 262, 349, 0, 0, 0
19668, 1, 1636470354924, 1636470355536, 612, 261, 351, 0, 0, 0
19669, 1, 1636470354948, 1636470355561, 613, 263, 350, 0, 1, 1
19670, 1, 1636470355058, 1636470355669, 611, 262, 349, 0, 0, 0
19671, 1, 1636470355062, 1636470355669, 607, 262, 345, 0, 0, 0
19672, 1, 1636470355265, 1636470355877, 612, 263, 349, 1, 1, 2
19673, 1, 1636470355267, 1636470355877, 610, 263, 347, 1, 1, 2
19674, 1, 1636470355462, 1636470356072, 610, 262, 348, 0, 0, 0
19675, 1, 1636470355488, 1636470356097, 609, 263, 346, 0, 1, 1
19676, 1, 1636470355495, 1636470356109, 614, 266, 348, 0, 0, 0
19677, 1, 1636470355611, 1636470356220, 609, 262, 347, 0, 0, 0
19678, 1, 1636470355881, 1636470356493, 612, 263, 349, 0, 0, 0
19679, 1, 1636470355884, 1636470356501, 617, 264, 353, 0, 3, 3
19680, 1, 1636470355907, 1636470356521, 614, 264, 350, 1, 0, 1
19681, 1, 1636470355962, 1636470356572, 610, 262, 348, 0, 0, 0
19682, 1, 1636470355969, 1636470356577, 608, 262, 346, 0, 0, 0
19683, 1, 1636470355977, 1636470356585, 608, 262, 346, 0, 0, 0
19684, 1, 1636470356243, 1636470356849, 606, 262, 344, 0, 0, 0
19685, 1, 1636470356429, 1636470357041, 612, 262, 350, 0, 0, 0
19686, 1, 1636470356498, 1636470357109, 611, 262, 349, 0, 0, 0
19687, 1, 1636470356707, 1636470357325, 618, 262, 356, 0, 0, 0
19689, 1, 1636470356959, 1636470357569, 610, 261, 349, 0, 0, 0
19688, 1, 1636470356954, 1636470357569, 615, 265, 350, 1, 0, 1
19690, 1, 1636470357041, 1636470357656, 615, 266, 349, 1, 0, 1
19692, 1, 1636470357224, 1636470357833, 609, 262, 347, 0, 0, 0
19691, 1, 1636470357049, 1636470357921, 872, 514, 358, 0, 0, 0
19693, 1, 1636470357352, 1636470357973, 621, 270, 351, 0, 0, 0
19695, 1, 1636470357492, 1636470358109, 617, 262, 355, 0, 0, 0
19696, 1, 1636470357558, 1636470358177, 619, 262, 357, 0, 0, 0
19694, 1, 1636470357474, 1636470358269, 795, 446, 349, 0, 0, 0
19699, 1, 1636470357890, 1636470358501, 611, 262, 349, 0, 0, 0
19700, 1, 1636470357894, 1636470358509, 615, 266, 349, 0, 0, 0
19701, 1, 1636470357919, 1636470358533, 614, 262, 352, 0, 0, 0
19702, 1, 1636470357945, 1636470358557, 612, 262, 350, 0, 0, 0
19703, 1, 1636470358041, 1636470358653, 612, 262, 350, 0, 0, 0
19705, 1, 1636470358387, 1636470358997, 610, 263, 347, 1, 0, 1
19706, 1, 1636470358584, 1636470359205, 621, 266, 355, 0, 0, 0
19707, 1, 1636470358733, 1636470359345, 612, 262, 350, 0, 0, 0
19708, 1, 1636470358972, 1636470359581, 609, 262, 347, 0, 0, 0
19710, 1, 1636470359041, 1636470359653, 612, 262, 350, 0, 0, 0
19711, 1, 1636470359080, 1636470359697, 617, 262, 355, 0, 0, 0
19712, 1, 1636470359272, 1636470359885, 613, 262, 351, 0, 0, 0
19713, 1, 1636470359350, 1636470359961, 611, 262, 349, 0, 0, 0
19698, 2, 1636470357860, 1636470360143, 2283, 0, 2283, 0, 1, 1
19697, 2, 1636470357712, 1636470360143, 2431, 0, 2431, 0, 0, 0
19714, 1, 1636470359553, 1636470360169, 616, 262, 354, 0, 0, 0
19715, 1, 1636470359578, 1636470360189, 611, 262, 349, 0, 0, 0
19716, 1, 1636470359628, 1636470360241, 613, 262, 351, 0, 0, 0
19717, 1, 1636470359821, 1636470360429, 608, 260, 348, 0, 1, 1
19704, 2, 1636470358280, 1636470360506, 2226, 0, 2226, 0, 0, 0
19718, 1, 1636470359945, 1636470360557, 612, 262, 350, 0, 0, 0
19719, 1, 1636470359985, 1636470360593, 608, 262, 346, 0, 0, 0
19720, 1, 1636470360015, 1636470360624, 609, 264, 345, 1, 0, 1
19721, 1, 1636470360127, 1636470360736, 609, 263, 346, 1, 0, 1
19722, 1, 1636470360229, 1636470360881, 652, 262, 390, 0, 0, 0
19723, 1, 1636470360233, 1636470360889, 656, 262, 394, 0, 0, 0
19709, 1, 1636470358980, 1636470360993, 2013, 1658, 355, 0, 0, 0
19724, 1, 1636470360413, 1636470361029, 616, 262, 354, 0, 0, 0
19725, 1, 1636470360582, 1636470361201, 619, 267, 352, 0, 0, 0
19726, 1, 1636470360593, 1636470361249, 656, 262, 394, 0, 0, 0
19727, 1, 1636470360834, 1636470361445, 611, 262, 349, 0, 0, 0
19729, 1, 1636470360990, 1636470361604, 614, 262, 352, 0, 0, 0
19731, 1, 1636470360997, 1636470361609, 612, 262, 350, 0, 0, 0
19730, 1, 1636470360994, 1636470361653, 659, 262, 397, 0, 0, 0
19728, 1, 1636470360892, 1636470361796, 904, 554, 350, 1, 0, 1
19733, 1, 1636470361376, 1636470361993, 617, 266, 351, 0, 0, 0
19734, 1, 1636470361462, 1636470362077, 615, 266, 349, 0, 0, 0
19735, 1, 1636470361535, 1636470362149, 614, 262, 352, 0, 0, 0
19732, 1, 1636470361373, 1636470362149, 776, 422, 354, 0, 1, 1
19737, 1, 1636470361757, 1636470362365, 608, 262, 346, 0, 1, 1
19736, 1, 1636470361741, 1636470362505, 764, 407, 357, 1, 0, 1
19738, 1, 1636470361974, 1636470362593, 619, 266, 353, 2, 0, 2
19739, 1, 1636470362021, 1636470362637, 616, 263, 353, 0, 0, 0
19741, 1, 1636470362143, 1636470362761, 618, 270, 348, 0, 0, 0
19742, 1, 1636470362208, 1636470362821, 613, 262, 351, 0, 0, 0
19740, 1, 1636470362046, 1636470362853, 807, 458, 349, 0, 0, 0
19743, 1, 1636470362312, 1636470362929, 617, 266, 351, 0, 0, 0
19745, 1, 1636470362568, 1636470363181, 613, 262, 351, 0, 0, 0
19744, 1, 1636470362515, 1636470363197, 682, 338, 344, 0, 0, 0
19746, 1, 1636470362609, 1636470363221, 612, 262, 350, 0, 0, 0
19748, 1, 1636470362830, 1636470363445, 615, 268, 347, 2, 0, 2
19747, 1, 1636470362814, 1636470363545, 731, 382, 349, 0, 0, 0
19749, 1, 1636470362953, 1636470363569, 616, 262, 354, 0, 0, 0
19750, 1, 1636470363023, 1636470363633, 610, 262, 348, 0, 0, 0
19751, 1, 1636470363089, 1636470363701, 612, 262, 350, 0, 0, 0
19752, 1, 1636470363368, 1636470363981, 613, 262, 351, 0, 0, 0
19753, 1, 1636470363426, 1636470364037, 611, 262, 349, 0, 0, 0
19755, 1, 1636470363561, 1636470364177, 616, 262, 354, 0, 0, 0
19756, 1, 1636470363675, 1636470364285, 610, 263, 347, 1, 0, 1
19754, 1, 1636470363477, 1636470364332, 855, 506, 349, 0, 0, 0
19757, 1, 1636470363889, 1636470364501, 612, 263, 349, 2, 1, 3
19758, 1, 1636470363935, 1636470364541, 606, 263, 343, 0, 1, 1
19760, 1, 1636470364047, 1636470364661, 614, 262, 352, 0, 0, 0
19759, 1, 1636470363956, 1636470364681, 725, 374, 351, 0, 0, 0
19761, 1, 1636470364278, 1636470364889, 611, 263, 348, 0, 0, 0
19762, 1, 1636470364290, 1636470364905, 615, 262, 353, 0, 0, 0
19763, 1, 1636470364293, 1636470364909, 616, 266, 350, 0, 0, 0
19764, 1, 1636470364400, 1636470365029, 629, 278, 351, 0, 0, 0
19765, 1, 1636470364653, 1636470365265, 612, 262, 350, 0, 0, 0
19766, 1, 1636470364710, 1636470365377, 667, 318, 349, 0, 1, 1
19767, 1, 1636470364782, 1636470365397, 615, 264, 351, 0, 0, 0
19768, 1, 1636470364822, 1636470365432, 610, 262, 348, 0, 0, 0
19769, 1, 1636470364837, 1636470365449, 612, 262, 350, 0, 0, 0
19770, 1, 1636470365067, 1636470365685, 618, 266, 352, 0, 0, 0
19771, 1, 1636470365124, 1636470365737, 613, 262, 351, 0, 0, 0
19772, 1, 1636470365310, 1636470365925, 615, 267, 348, 0, 0, 0
19773, 1, 1636470365426, 1636470366085, 659, 306, 353, 0, 0, 0
19774, 1, 1636470365489, 1636470366101, 612, 262, 350, 0, 0, 0
19775, 1, 1636470365627, 1636470366241, 614, 267, 347, 0, 0, 0
19776, 1, 1636470365662, 1636470366437, 775, 426, 349, 0, 0, 0
19777, 1, 1636470365830, 1636470366440, 610, 262, 348, 0, 0, 0
19778, 1, 1636470365865, 1636470366477, 612, 262, 350, 0, 0, 0
19779, 1, 1636470366011, 1636470366620, 609, 262, 347, 0, 1, 1
19780, 1, 1636470366149, 1636470366789, 640, 286, 354, 0, 1, 1
19781, 1, 1636470366254, 1636470366865, 611, 262, 349, 0, 0, 0
19782, 1, 1636470366271, 1636470366880, 609, 262, 347, 0, 0, 0
19783, 1, 1636470366351, 1636470366961, 610, 262, 348, 1, 0, 1
19784, 1, 1636470366436, 1636470367049, 613, 262, 351, 0, 0, 0
19785, 1, 1636470366631, 1636470367241, 610, 262, 348, 0, 0, 0
19786, 1, 1636470366698, 1636470367308, 610, 262, 348, 0, 0, 0
19787, 1, 1636470366719, 1636470367325, 606, 262, 344, 0, 0, 0
19788, 1, 1636470366733, 1636470367345, 612, 262, 350, 0, 0, 0
19789, 1, 1636470366966, 1636470367577, 611, 262, 349, 0, 0, 0
19790, 1, 1636470367103, 1636470367712, 609, 262, 347, 0, 0, 0
19791, 1, 1636470367128, 1636470367741, 613, 262, 351, 0, 0, 0
19792, 1, 1636470367399, 1636470368005, 606, 262, 344, 0, 0, 0
19793, 1, 1636470367439, 1636470368049, 610, 262, 348, 0, 0, 0
19794, 1, 1636470367541, 1636470368153, 612, 262, 350, 0, 0, 0
19795, 1, 1636470367565, 1636470368177, 612, 263, 349, 1, 0, 1
19796, 1, 1636470367658, 1636470368269, 611, 262, 349, 0, 0, 0
19798, 1, 1636470367900, 1636470368512, 612, 262, 350, 0, 0, 0
19799, 1, 1636470367921, 1636470368533, 612, 262, 350, 0, 0, 0
19797, 1, 1636470367706, 1636470368617, 911, 562, 349, 0, 0, 0
19801, 1, 1636470368289, 1636470368901, 612, 262, 350, 1, 0, 1
19802, 1, 1636470368332, 1636470368945, 613, 263, 350, 1, 0, 1
19803, 1, 1636470368346, 1636470368957, 611, 262, 349, 0, 0, 0
19800, 1, 1636470368107, 1636470368961, 854, 510, 344, 0, 0, 0
19805, 1, 1636470368655, 1636470369261, 606, 262, 344, 0, 0, 0
19804, 1, 1636470368421, 1636470369293, 872, 522, 350, 0, 1, 1
19807, 1, 1636470368696, 1636470369309, 613, 262, 351, 0, 0, 0
19808, 1, 1636470368819, 1636470369429, 610, 262, 348, 0, 0, 0
19809, 1, 1636470368909, 1636470369521, 612, 263, 349, 1, 1, 2
19806, 1, 1636470368692, 1636470369645, 953, 598, 355, 0, 0, 0
19811, 1, 1636470369224, 1636470369837, 613, 262, 351, 0, 0, 0
19812, 1, 1636470369265, 1636470369877, 612, 262, 350, 0, 0, 0
19810, 1, 1636470369198, 1636470369993, 795, 446, 349, 1, 0, 1
19813, 1, 1636470369382, 1636470369993, 611, 261, 350, 0, 0, 0
19814, 1, 1636470369452, 1636470370065, 613, 262, 351, 0, 0, 0
19815, 1, 1636470369562, 1636470370172, 610, 262, 348, 0, 0, 0
19816, 1, 1636470369670, 1636470370277, 607, 262, 345, 0, 0, 0
19817, 1, 1636470369778, 1636470370389, 611, 262, 349, 0, 0, 0
19818, 1, 1636470369884, 1636470370500, 616, 262, 354, 0, 0, 0
19819, 1, 1636470369998, 1636470370609, 611, 262, 349, 0, 0, 0
19820, 1, 1636470370175, 1636470370781, 606, 262, 344, 0, 0, 0
19821, 1, 1636470370310, 1636470370925, 615, 266, 349, 0, 1, 1
19822, 1, 1636470370386, 1636470370993, 607, 263, 344, 0, 1, 1
19823, 1, 1636470370402, 1636470371017, 615, 262, 353, 0, 2, 2
19824, 1, 1636470370488, 1636470371105, 617, 266, 351, 0, 0, 0
19825, 1, 1636470370571, 1636470371177, 606, 259, 347, 0, 0, 0
19826, 1, 1636470370580, 1636470371189, 609, 258, 351, 0, 0, 0
19827, 1, 1636470370729, 1636470371344, 615, 262, 353, 0, 0, 0
19828, 1, 1636470370764, 1636470371381, 617, 262, 355, 0, 0, 0
19829, 1, 1636470370877, 1636470371485, 608, 262, 346, 0, 0, 0
19830, 1, 1636470371134, 1636470371745, 611, 262, 349, 0, 0, 0
19831, 1, 1636470371149, 1636470371765, 616, 266, 350, 0, 0, 0
19832, 1, 1636470371250, 1636470371861, 611, 262, 349, 0, 0, 0
19833, 1, 1636470371350, 1636470371961, 611, 262, 349, 0, 0, 0
19834, 1, 1636470371416, 1636470372029, 613, 262, 351, 0, 0, 0
19835, 1, 1636470371505, 1636470372117, 612, 262, 350, 0, 0, 0
19836, 1, 1636470371557, 1636470372169, 612, 262, 350, 0, 0, 0
19837, 1, 1636470371688, 1636470372305, 617, 266, 351, 0, 0, 0
19838, 1, 1636470371768, 1636470372381, 613, 262, 351, 0, 0, 0
19839, 1, 1636470372006, 1636470372621, 615, 262, 353, 0, 0, 0
19840, 1, 1636470372057, 1636470372673, 616, 262, 354, 0, 0, 0
19841, 1, 1636470372194, 1636470372809, 615, 266, 349, 0, 0, 0
19842, 1, 1636470372454, 1636470373077, 623, 274, 349, 8, 0, 8
19843, 1, 1636470372531, 1636470373141, 610, 262, 348, 0, 0, 0
19844, 1, 1636470372622, 1636470373237, 615, 262, 353, 0, 0, 0
19845, 1, 1636470372655, 1636470373265, 610, 262, 348, 0, 0, 0
19846, 1, 1636470372662, 1636470373276, 614, 267, 347, 0, 1, 1
19847, 1, 1636470372693, 1636470373305, 612, 262, 350, 0, 0, 0
19848, 1, 1636470372893, 1636470373505, 612, 262, 350, 0, 0, 0
19849, 1, 1636470373003, 1636470373612, 609, 262, 347, 0, 0, 0
19850, 1, 1636470373097, 1636470373717, 620, 267, 353, 0, 1, 1
19851, 1, 1636470373278, 1636470373893, 615, 262, 353, 0, 0, 0
19852, 1, 1636470373301, 1636470373913, 612, 263, 349, 0, 0, 0
19853, 1, 1636470373355, 1636470373965, 610, 263, 347, 1, 1, 2
19854, 1, 1636470373385, 1636470373996, 611, 262, 349, 0, 0, 0
19855, 1, 1636470373496, 1636470374109, 613, 262, 351, 0, 0, 0
19856, 1, 1636470373542, 1636470374153, 611, 263, 348, 0, 1, 1
19857, 1, 1636470373651, 1636470374261, 610, 262, 348, 0, 0, 0
19858, 1, 1636470373897, 1636470374513, 616, 262, 354, 0, 0, 0
19859, 1, 1636470373996, 1636470374609, 613, 262, 351, 0, 0, 0
19860, 1, 1636470374021, 1636470374633, 612, 262, 350, 0, 0, 0
19861, 1, 1636470374322, 1636470374933, 611, 262, 349, 0, 1, 1
19862, 1, 1636470374357, 1636470374968, 611, 262, 349, 0, 1, 1
19863, 1, 1636470374577, 1636470375197, 620, 263, 357, 1, 0, 1
19864, 1, 1636470374580, 1636470375197, 617, 263, 354, 1, 0, 1
19865, 1, 1636470374598, 1636470375213, 615, 263, 352, 0, 2, 2
19866, 1, 1636470374598, 1636470375213, 615, 263, 352, 0, 1, 1
19867, 1, 1636470374665, 1636470375277, 612, 262, 350, 0, 0, 0
19868, 1, 1636470374966, 1636470375581, 615, 262, 353, 0, 0, 0
19869, 1, 1636470374987, 1636470375605, 618, 262, 356, 0, 0, 0
19870, 1, 1636470375027, 1636470375636, 609, 262, 347, 0, 0, 0
19871, 1, 1636470375221, 1636470375833, 612, 262, 350, 0, 0, 0
19872, 1, 1636470375318, 1636470375925, 607, 262, 345, 0, 1, 1
19873, 1, 1636470375362, 1636470375973, 611, 263, 348, 0, 1, 1
19874, 1, 1636470375430, 1636470376041, 611, 262, 349, 0, 0, 0
19875, 1, 1636470375459, 1636470376069, 610, 263, 347, 1, 0, 1
19876, 1, 1636470375493, 1636470376105, 612, 262, 350, 1, 0, 1
19877, 1, 1636470375535, 1636470376145, 610, 262, 348, 0, 0, 0
19878, 1, 1636470375840, 1636470376453, 613, 262, 351, 0, 0, 0
19879, 1, 1636470375894, 1636470376504, 610, 262, 348, 0, 0, 0
19880, 1, 1636470375906, 1636470376517, 611, 262, 349, 0, 0, 0
19881, 1, 1636470376255, 1636470376865, 610, 267, 343, 1, 0, 1
19882, 1, 1636470376265, 1636470376880, 615, 261, 354, 0, 0, 0
19883, 1, 1636470376448, 1636470377061, 613, 264, 349, 0, 0, 0
19884, 1, 1636470376566, 1636470377177, 611, 262, 349, 0, 0, 0
19885, 1, 1636470376632, 1636470377245, 613, 262, 351, 0, 0, 0
19886, 1, 1636470376641, 1636470377253, 612, 262, 350, 1, 0, 1
19887, 1, 1636470376686, 1636470377297, 611, 263, 348, 0, 1, 1
19888, 1, 1636470376976, 1636470377585, 609, 262, 347, 1, 1, 2
19889, 1, 1636470377003, 1636470377613, 610, 262, 348, 0, 0, 0
19890, 1, 1636470377117, 1636470377732, 615, 263, 352, 1, 0, 1
19891, 1, 1636470377189, 1636470377797, 608, 262, 346, 0, 0, 0
19892, 1, 1636470377328, 1636470377937, 609, 263, 346, 0, 0, 0
19893, 1, 1636470377373, 1636470377980, 607, 262, 345, 0, 0, 0
19894, 1, 1636470377398, 1636470378013, 615, 262, 353, 0, 0, 0
19895, 1, 1636470377436, 1636470378049, 613, 262, 351, 0, 0, 0
19896, 1, 1636470377447, 1636470378057, 610, 262, 348, 0, 0, 0
19897, 1, 1636470377664, 1636470378277, 613, 262, 351, 0, 0, 0
19898, 1, 1636470377808, 1636470378429, 621, 266, 355, 0, 0, 0
19899, 1, 1636470377812, 1636470378429, 617, 262, 355, 0, 0, 0
19900, 1, 1636470378035, 1636470378641, 606, 262, 344, 0, 1, 1
19901, 1, 1636470378172, 1636470378793, 621, 270, 351, 0, 0, 0
19902, 1, 1636470378234, 1636470378845, 611, 263, 348, 0, 0, 0
19903, 1, 1636470378379, 1636470378993, 614, 262, 352, 0, 0, 0
19904, 1, 1636470378571, 1636470379185, 614, 262, 352, 0, 0, 0
19905, 1, 1636470378630, 1636470379240, 610, 262, 348, 0, 0, 0
19906, 1, 1636470378677, 1636470379293, 616, 262, 354, 0, 0, 0
19907, 1, 1636470378730, 1636470379341, 611, 263, 348, 0, 0, 0
19908, 1, 1636470379038, 1636470379649, 611, 262, 349, 0, 0, 0
19909, 1, 1636470379059, 1636470379673, 614, 262, 352, 0, 0, 0
19910, 1, 1636470379076, 1636470379685, 609, 262, 347, 0, 0, 0
19911, 1, 1636470379266, 1636470379877, 611, 263, 348, 1, 0, 1
19912, 1, 1636470379307, 1636470379913, 606, 262, 344, 0, 0, 0
19913, 1, 1636470379315, 1636470379929, 614, 262, 352, 0, 0, 0
19914, 1, 1636470379473, 1636470380085, 612, 262, 350, 0, 0, 0
19915, 1, 1636470379495, 1636470380109, 614, 262, 352, 0, 0, 0
19916, 1, 1636470379503, 1636470380117, 614, 266, 348, 0, 0, 0
19917, 1, 1636470379608, 1636470380225, 617, 266, 351, 0, 0, 0
19918, 1, 1636470379687, 1636470380292, 605, 262, 343, 0, 0, 0
19919, 1, 1636470379888, 1636470380501, 613, 262, 351, 0, 0, 0
19920, 1, 1636470380029, 1636470380644, 615, 266, 349, 0, 0, 0
19921, 1, 1636470380171, 1636470380781, 610, 263, 347, 0, 0, 0
19922, 1, 1636470380238, 1636470380845, 607, 262, 345, 0, 0, 0
19923, 1, 1636470380291, 1636470380901, 610, 262, 348, 0, 0, 0
19924, 1, 1636470380534, 1636470381145, 611, 262, 349, 0, 0, 0
19925, 1, 1636470380598, 1636470381213, 615, 262, 353, 0, 0, 0
19926, 1, 1636470380738, 1636470381349, 611, 263, 348, 0, 0, 0
19927, 1, 1636470380774, 1636470381384, 610, 262, 348, 0, 0, 0
19928, 1, 1636470380958, 1636470381572, 614, 263, 351, 0, 0, 0
19929, 1, 1636470381027, 1636470381641, 614, 262, 352, 0, 0, 0
19930, 1, 1636470381135, 1636470381741, 606, 262, 344, 0, 0, 0
19931, 1, 1636470381270, 1636470381881, 611, 262, 349, 0, 0, 0
19932, 1, 1636470381278, 1636470381885, 607, 262, 345, 0, 0, 0
19933, 1, 1636470381301, 1636470381912, 611, 262, 349, 0, 0, 0
19934, 1, 1636470381390, 1636470381997, 607, 262, 345, 0, 0, 0
19935, 1, 1636470381492, 1636470382105, 613, 262, 351, 0, 0, 0
19936, 1, 1636470381503, 1636470382113, 610, 262, 348, 0, 0, 0
19937, 1, 1636470381575, 1636470382181, 606, 262, 344, 0, 0, 0
19938, 1, 1636470381817, 1636470382424, 607, 262, 345, 0, 0, 0
19939, 1, 1636470381851, 1636470382461, 610, 262, 348, 0, 0, 0
19940, 1, 1636470381998, 1636470382613, 615, 262, 353, 0, 2, 2
19941, 1, 1636470382170, 1636470382809, 639, 290, 349, 0, 0, 0
19942, 1, 1636470382251, 1636470382861, 610, 266, 344, 0, 0, 0
19943, 1, 1636470382379, 1636470382989, 610, 264, 346, 0, 0, 0
19944, 1, 1636470382544, 1636470383157, 613, 262, 351, 0, 0, 0
19945, 1, 1636470382602, 1636470383209, 607, 258, 349, 0, 0, 0
19946, 1, 1636470382728, 1636470383345, 617, 263, 354, 1, 0, 1
19947, 1, 1636470382783, 1636470383392, 609, 262, 347, 0, 0, 0
19948, 1, 1636470383031, 1636470383641, 610, 262, 348, 0, 0, 0
19949, 1, 1636470383094, 1636470383705, 611, 262, 349, 0, 0, 0
19950, 1, 1636470383203, 1636470383813, 610, 262, 348, 0, 0, 0
19951, 1, 1636470383234, 1636470383849, 615, 267, 348, 0, 0, 0
19952, 1, 1636470383337, 1636470383944, 607, 262, 345, 0, 0, 0
19953, 1, 1636470383389, 1636470384005, 616, 266, 350, 0, 0, 0
19954, 1, 1636470383407, 1636470384025, 618, 266, 352, 0, 0, 0
19955, 1, 1636470383493, 1636470384105, 612, 262, 350, 0, 0, 0
19956, 1, 1636470383629, 1636470384241, 612, 262, 350, 0, 0, 0
19957, 1, 1636470383701, 1636470384312, 611, 262, 349, 0, 0, 0
19958, 1, 1636470383762, 1636470384373, 611, 262, 349, 0, 0, 0
19959, 1, 1636470383861, 1636470384473, 612, 262, 350, 0, 0, 0
19960, 1, 1636470384002, 1636470384665, 663, 310, 353, 0, 0, 0
19961, 1, 1636470384196, 1636470384805, 609, 264, 345, 0, 1, 1
19962, 1, 1636470384221, 1636470384833, 612, 262, 350, 0, 0, 0
19963, 1, 1636470384507, 1636470385117, 610, 264, 346, 0, 0, 0
19964, 1, 1636470384535, 1636470385145, 610, 262, 348, 0, 0, 0
19965, 1, 1636470384600, 1636470385213, 613, 262, 351, 0, 0, 0
19966, 1, 1636470384626, 1636470385240, 614, 262, 352, 0, 0, 0
19967, 1, 1636470384773, 1636470385389, 616, 262, 354, 0, 0, 0
19968, 1, 1636470384994, 1636470385612, 618, 266, 352, 0, 0, 0
19969, 1, 1636470385193, 1636470385809, 616, 266, 350, 0, 0, 0
19970, 1, 1636470385209, 1636470385825, 616, 266, 350, 0, 0, 0
19971, 1, 1636470385244, 1636470385868, 624, 274, 350, 0, 0, 0
19972, 1, 1636470385316, 1636470385929, 613, 262, 351, 0, 0, 0
19973, 1, 1636470385391, 1636470386001, 610, 262, 348, 0, 0, 0
19974, 1, 1636470385463, 1636470386073, 610, 263, 347, 1, 1, 2
19975, 1, 1636470385517, 1636470386129, 612, 262, 350, 0, 0, 0
19976, 1, 1636470385664, 1636470386277, 613, 262, 351, 0, 0, 0
19977, 1, 1636470385688, 1636470386301, 613, 262, 351, 0, 0, 0
19978, 1, 1636470385743, 1636470386352, 609, 262, 347, 0, 0, 0
19979, 1, 1636470385917, 1636470386528, 611, 262, 349, 0, 0, 0
19980, 1, 1636470385924, 1636470386633, 709, 354, 355, 0, 0, 0
19981, 1, 1636470386172, 1636470386785, 613, 262, 351, 0, 0, 0
19982, 1, 1636470386277, 1636470386893, 616, 262, 354, 0, 0, 0
19983, 1, 1636470386430, 1636470387045, 615, 268, 347, 0, 0, 0
19984, 1, 1636470386543, 1636470387153, 610, 262, 348, 0, 0, 0
19985, 1, 1636470386545, 1636470387157, 612, 261, 351, 0, 0, 0
19986, 1, 1636470386590, 1636470387208, 618, 267, 351, 1, 0, 1
19987, 1, 1636470386671, 1636470387281, 610, 262, 348, 0, 0, 0
19988, 1, 1636470387004, 1636470387617, 613, 266, 347, 0, 0, 0
19989, 1, 1636470387091, 1636470387701, 610, 262, 348, 0, 0, 0
19990, 1, 1636470387117, 1636470387729, 612, 262, 350, 0, 0, 0
19991, 1, 1636470387227, 1636470387840, 613, 266, 347, 0, 0, 0
19992, 1, 1636470387308, 1636470387921, 613, 262, 351, 1, 0, 1
19993, 1, 1636470387356, 1636470387965, 609, 264, 345, 0, 2, 2
19994, 1, 1636470387440, 1636470388049, 609, 262, 347, 0, 0, 0
19995, 1, 1636470387453, 1636470388069, 616, 258, 358, 0, 0, 0
19996, 1, 1636470387645, 1636470388257, 612, 262, 350, 0, 0, 0
19997, 1, 1636470387674, 1636470388285, 611, 262, 349, 0, 0, 0
19998, 1, 1636470387749, 1636470388361, 612, 262, 350, 0, 0, 0
19999, 1, 1636470387907, 1636470388517, 610, 262, 348, 0, 0, 0
20000, 1, 1636470388019, 1636470388632, 613, 266, 347, 0, 0, 0
20001, 1, 1636470388233, 1636470388849, 616, 262, 354, 0, 0, 0
20002, 1, 1636470388267, 1636470388877, 610, 262, 348, 0, 0, 0
20003, 1, 1636470388387, 1636470389001, 614, 263, 351, 0, 0, 0
20004, 1, 1636470388418, 1636470389029, 611, 262, 349, 0, 0, 0
20005, 1, 1636470388588, 1636470389209, 621, 270, 351, 0, 0, 0
20006, 1, 1636470388601, 1636470389217, 616, 262, 354, 0, 0, 0
20007, 1, 1636470388726, 1636470389336, 610, 262, 348, 0, 0, 0
20008, 1, 1636470389008, 1636470389625, 617, 262, 355, 0, 0, 0
20009, 1, 1636470389060, 1636470389672, 612, 262, 350, 0, 0, 0
20010, 1, 1636470389183, 1636470389793, 610, 262, 348, 0, 1, 1
20011, 1, 1636470389238, 1636470389853, 615, 266, 349, 0, 0, 0
20012, 1, 1636470389253, 1636470389873, 620, 266, 354, 0, 0, 0
20013, 1, 1636470389316, 1636470389925, 609, 262, 347, 0, 0, 0
20014, 1, 1636470389343, 1636470389953, 610, 262, 348, 0, 0, 0
20015, 1, 1636470389589, 1636470390201, 612, 262, 350, 0, 0, 0
20016, 1, 1636470389702, 1636470390313, 611, 262, 349, 0, 0, 0
20017, 1, 1636470389730, 1636470390341, 611, 262, 349, 0, 0, 0
20018, 1, 1636470389781, 1636470390393, 612, 262, 350, 0, 0, 0
20019, 1, 1636470390043, 1636470390653, 610, 262, 348, 0, 0, 0
20020, 1, 1636470390075, 1636470390693, 618, 266, 352, 0, 0, 0
20021, 1, 1636470390186, 1636470390797, 611, 264, 347, 0, 2, 2
20022, 1, 1636470390270, 1636470390889, 619, 268, 351, 0, 2, 2
20023, 1, 1636470390403, 1636470391013, 610, 263, 347, 0, 0, 0
20024, 1, 1636470390499, 1636470391109, 610, 262, 348, 0, 0, 0
20025, 1, 1636470390587, 1636470391197, 610, 262, 348, 0, 0, 0
20026, 1, 1636470390592, 1636470391204, 612, 263, 349, 0, 1, 1
20027, 1, 1636470390841, 1636470391453, 612, 266, 346, 0, 0, 0
20028, 1, 1636470390884, 1636470391545, 661, 314, 347, 1, 0, 1
20029, 1, 1636470391050, 1636470391661, 611, 262, 349, 0, 0, 0
20030, 1, 1636470391177, 1636470391796, 619, 271, 348, 1, 0, 1
20031, 1, 1636470391226, 1636470391841, 615, 263, 352, 0, 0, 0
20032, 1, 1636470391264, 1636470391877, 613, 262, 351, 0, 0, 0
20033, 1, 1636470391374, 1636470391985, 611, 262, 349, 0, 0, 0
20034, 1, 1636470391443, 1636470392057, 614, 266, 348, 1, 0, 1
20035, 1, 1636470391579, 1636470392189, 610, 262, 348, 0, 0, 0
20036, 1, 1636470391704, 1636470392316, 612, 262, 350, 0, 0, 0
20037, 1, 1636470391718, 1636470392337, 619, 262, 357, 0, 0, 0
20038, 1, 1636470391720, 1636470392337, 617, 266, 351, 0, 1, 1
20039, 1, 1636470392063, 1636470392681, 618, 267, 351, 0, 0, 0
20040, 1, 1636470392065, 1636470392688, 623, 270, 353, 0, 0, 0
20041, 1, 1636470392158, 1636470392773, 615, 266, 349, 0, 0, 0
20042, 1, 1636470392236, 1636470392845, 609, 264, 345, 1, 0, 1
20043, 1, 1636470392370, 1636470392981, 611, 263, 348, 1, 0, 1
20044, 1, 1636470392524, 1636470393141, 617, 262, 355, 0, 0, 0
20045, 1, 1636470392718, 1636470393329, 611, 262, 349, 0, 0, 0
20046, 1, 1636470392729, 1636470393349, 620, 262, 358, 0, 0, 0
20047, 1, 1636470392749, 1636470393361, 612, 262, 350, 0, 0, 0
20048, 1, 1636470392909, 1636470393677, 768, 418, 350, 0, 1, 1
20049, 1, 1636470393135, 1636470393745, 610, 262, 348, 0, 0, 0
20050, 1, 1636470393186, 1636470393797, 611, 262, 349, 0, 0, 0
20051, 1, 1636470393192, 1636470393797, 605, 262, 343, 0, 0, 0
20052, 1, 1636470393287, 1636470393897, 610, 265, 345, 2, 0, 2
20053, 1, 1636470393366, 1636470393977, 611, 262, 349, 0, 0, 0
20054, 1, 1636470393471, 1636470394081, 610, 262, 348, 0, 0, 0
20055, 1, 1636470393490, 1636470394101, 611, 262, 349, 0, 0, 0
20056, 1, 1636470393612, 1636470394225, 613, 262, 351, 0, 0, 0
20057, 1, 1636470393831, 1636470394441, 610, 262, 348, 0, 1, 1
20058, 1, 1636470393856, 1636470394473, 617, 262, 355, 0, 0, 0
20059, 1, 1636470393955, 1636470394565, 610, 262, 348, 0, 0, 0
20060, 1, 1636470394067, 1636470394677, 610, 262, 348, 0, 0, 0
20062, 1, 1636470394208, 1636470394813, 605, 262, 343, 0, 0, 0
20061, 1, 1636470394122, 1636470394821, 699, 350, 349, 0, 0, 0
20064, 1, 1636470394433, 1636470395045, 612, 263, 349, 0, 0, 0
20063, 1, 1636470394296, 1636470395169, 873, 523, 350, 1, 0, 1
20065, 1, 1636470394589, 1636470395201, 612, 266, 346, 1, 0, 1
20066, 1, 1636470394788, 1636470395401, 613, 262, 351, 0, 0, 0
20068, 1, 1636470394885, 1636470395497, 612, 262, 350, 0, 0, 0
20067, 1, 1636470394849, 1636470395549, 700, 350, 350, 0, 0, 0
20069, 1, 1636470395061, 1636470395673, 612, 262, 350, 0, 0, 0
20070, 1, 1636470395163, 1636470395773, 610, 262, 348, 0, 0, 0
20071, 1, 1636470395301, 1636470395909, 608, 262, 346, 0, 1, 1
20072, 1, 1636470395323, 1636470395929, 606, 262, 344, 0, 0, 0
20073, 1, 1636470395386, 1636470395997, 611, 262, 349, 0, 0, 0
20074, 1, 1636470395398, 1636470396009, 611, 262, 349, 0, 0, 0
20075, 1, 1636470395606, 1636470396217, 611, 262, 349, 0, 0, 0
20076, 1, 1636470395748, 1636470396361, 613, 262, 351, 0, 0, 0
20077, 1, 1636470395930, 1636470396541, 611, 263, 348, 0, 0, 0
20078, 1, 1636470395971, 1636470396585, 614, 266, 348, 0, 0, 0
20079, 1, 1636470396090, 1636470396701, 611, 262, 349, 0, 0, 0
20080, 1, 1636470396203, 1636470396816, 613, 262, 351, 0, 0, 0
20081, 1, 1636470396209, 1636470396933, 724, 374, 350, 0, 0, 0
20082, 1, 1636470396327, 1636470396937, 610, 263, 347, 1, 0, 1
20083, 1, 1636470396335, 1636470396945, 610, 263, 347, 1, 0, 1
20084, 1, 1636470396515, 1636470397129, 614, 262, 352, 0, 0, 0
20085, 1, 1636470396569, 1636470397185, 616, 266, 350, 0, 0, 0
20086, 1, 1636470396697, 1636470397313, 616, 262, 354, 0, 0, 0
20088, 1, 1636470396822, 1636470397433, 611, 262, 349, 0, 0, 0
20087, 1, 1636470396757, 1636470397477, 720, 370, 350, 0, 0, 0
20089, 1, 1636470397122, 1636470397729, 607, 262, 345, 0, 0, 0
20090, 1, 1636470397202, 1636470397813, 611, 262, 349, 0, 0, 0
20091, 1, 1636470397230, 1636470397841, 611, 262, 349, 0, 0, 0
20092, 1, 1636470397291, 1636470397901, 610, 262, 348, 0, 0, 0
20093, 1, 1636470397303, 1636470397909, 606, 262, 344, 0, 0, 0
20094, 1, 1636470397535, 1636470398141, 606, 262, 344, 0, 0, 0
20095, 1, 1636470397685, 1636470398297, 612, 263, 349, 1, 0, 1
20096, 1, 1636470397696, 1636470398309, 613, 262, 351, 0, 0, 0
20097, 1, 1636470397847, 1636470398457, 610, 262, 348, 0, 0, 0
20098, 1, 1636470397879, 1636470398489, 610, 262, 348, 0, 0, 0
20099, 1, 1636470398140, 1636470398753, 613, 262, 351, 0, 0, 0
20101, 1, 1636470398180, 1636470398797, 617, 266, 351, 0, 0, 0
20100, 1, 1636470398152, 1636470398837, 685, 334, 351, 0, 0, 0
20102, 1, 1636470398265, 1636470398877, 612, 263, 349, 0, 0, 0
20103, 1, 1636470398280, 1636470398897, 617, 262, 355, 0, 0, 0
20104, 1, 1636470398507, 1636470399117, 610, 262, 348, 0, 0, 0
20105, 1, 1636470398577, 1636470399189, 612, 262, 350, 0, 0, 0
20106, 1, 1636470398834, 1636470399449, 615, 262, 353, 0, 0, 0
20107, 1, 1636470398867, 1636470399537, 670, 322, 348, 0, 0, 0
20108, 1, 1636470398936, 1636470399549, 613, 262, 351, 0, 0, 0
20109, 1, 1636470399093, 1636470399709, 616, 267, 349, 0, 1, 1
20110, 1, 1636470399197, 1636470399809, 612, 262, 350, 0, 0, 0
20111, 1, 1636470399221, 1636470399833, 612, 263, 349, 0, 1, 1
20112, 1, 1636470399338, 1636470399948, 610, 262, 348, 0, 0, 0
20113, 1, 1636470399362, 1636470399973, 611, 262, 349, 0, 0, 0
20114, 1, 1636470399522, 1636470400133, 611, 262, 349, 0, 0, 0
20115, 1, 1636470399771, 1636470400381, 610, 262, 348, 0, 0, 0
20116, 1, 1636470399798, 1636470400409, 611, 262, 349, 0, 0, 0
20117, 1, 1636470399932, 1636470400541, 609, 262, 347, 0, 0, 0
20118, 1, 1636470400015, 1636470400625, 610, 262, 348, 0, 0, 0
20119, 1, 1636470400157, 1636470400769, 612, 262, 350, 0, 0, 0
20121, 1, 1636470400253, 1636470400869, 616, 263, 353, 2, 0, 2
20122, 1, 1636470400255, 1636470400869, 614, 263, 351, 1, 0, 1
20120, 1, 1636470400163, 1636470400977, 814, 462, 352, 0, 0, 0
20123, 1, 1636470400364, 1636470400981, 617, 264, 353, 1, 0, 1
20124, 1, 1636470400531, 1636470401141, 610, 263, 347, 0, 0, 0
20125, 1, 1636470400537, 1636470401217, 680, 330, 350, 0, 0, 0
20126, 1, 1636470400771, 1636470401385, 614, 262, 352, 0, 0, 0
20127, 1, 1636470400802, 1636470401489, 687, 338, 349, 0, 0, 0
20128, 1, 1636470400969, 1636470401581, 612, 262, 350, 0, 0, 0
20129, 1, 1636470401035, 1636470401648, 613, 262, 351, 0, 0, 0
20130, 1, 1636470401176, 1636470401789, 613, 262, 351, 0, 0, 0
20131, 1, 1636470401275, 1636470401885, 610, 262, 348, 0, 0, 0
20132, 1, 1636470401321, 1636470401933, 612, 263, 349, 0, 0, 0
20133, 1, 1636470401386, 1636470402001, 615, 262, 353, 0, 0, 0
20134, 1, 1636470401635, 1636470402241, 606, 262, 344, 0, 0, 0
20135, 1, 1636470401747, 1636470402357, 610, 263, 347, 1, 0, 1
20136, 1, 1636470401898, 1636470402509, 611, 262, 349, 0, 0, 0
20137, 1, 1636470401953, 1636470402569, 616, 262, 354, 0, 0, 0
20138, 1, 1636470401976, 1636470402592, 616, 262, 354, 0, 0, 0
20139, 1, 1636470402049, 1636470402665, 616, 262, 354, 0, 0, 0
20141, 1, 1636470402231, 1636470402845, 614, 267, 347, 1, 2, 3
20140, 1, 1636470402125, 1636470402921, 796, 442, 354, 0, 0, 0
20142, 1, 1636470402352, 1636470402969, 617, 262, 355, 0, 1, 1
20143, 1, 1636470402408, 1636470403028, 620, 267, 353, 2, 0, 2
20144, 1, 1636470402410, 1636470403028, 618, 263, 355, 1, 1, 2
20145, 1, 1636470402559, 1636470403317, 758, 410, 348, 0, 0, 0
20146, 1, 1636470402736, 1636470403377, 641, 290, 351, 0, 1, 1
20147, 1, 1636470402861, 1636470403480, 619, 266, 353, 0, 0, 0
20148, 1, 1636470402884, 1636470403496, 612, 262, 350, 0, 0, 0
20149, 1, 1636470402952, 1636470403849, 897, 542, 355, 0, 0, 0
20150, 1, 1636470403305, 1636470403916, 611, 262, 349, 0, 0, 0
20151, 1, 1636470403313, 1636470403925, 612, 262, 350, 0, 1, 1
20152, 1, 1636470403366, 1636470403977, 611, 262, 349, 0, 0, 0
20153, 1, 1636470403388, 1636470404197, 809, 458, 351, 0, 0, 0
20154, 1, 1636470403649, 1636470404260, 611, 262, 349, 0, 0, 0
20155, 1, 1636470403769, 1636470404385, 616, 262, 354, 1, 0, 1
20157, 1, 1636470403903, 1636470404513, 610, 262, 348, 0, 0, 0
20156, 1, 1636470403814, 1636470404545, 731, 383, 348, 0, 1, 1
20159, 1, 1636470404184, 1636470404797, 613, 262, 351, 0, 0, 0
20161, 1, 1636470404253, 1636470404865, 612, 263, 349, 0, 0, 0
20158, 1, 1636470404065, 1636470404893, 828, 478, 350, 0, 0, 0
20164, 1, 1636470404318, 1636470404929, 611, 262, 349, 0, 0, 0
20163, 1, 1636470404311, 1636470405145, 834, 486, 348, 0, 0, 0
20166, 1, 1636470404661, 1636470405493, 832, 482, 350, 0, 0, 0
20167, 1, 1636470404984, 1636470405596, 612, 262, 350, 0, 0, 0
20169, 1, 1636470405007, 1636470405617, 610, 262, 348, 0, 0, 0
20170, 1, 1636470405235, 1636470405845, 610, 262, 348, 0, 0, 0
20168, 1, 1636470404997, 1636470405845, 848, 498, 350, 0, 0, 0
20171, 1, 1636470405274, 1636470405885, 611, 262, 349, 0, 0, 0
20172, 1, 1636470405299, 1636470405909, 610, 262, 348, 0, 0, 0
20173, 1, 1636470405408, 1636470406024, 616, 265, 351, 0, 0, 0
20175, 1, 1636470405668, 1636470406281, 613, 262, 351, 0, 0, 0
20176, 1, 1636470405889, 1636470406501, 612, 264, 348, 0, 1, 1
20177, 1, 1636470405911, 1636470406521, 610, 262, 348, 0, 0, 0
20178, 1, 1636470406083, 1636470406689, 606, 262, 344, 0, 0, 0
20160, 2, 1636470404239, 1636470406763, 2524, 0, 2524, 0, 1, 1
20162, 2, 1636470404269, 1636470406763, 2494, 0, 2494, 0, 1, 1
20179, 1, 1636470406152, 1636470406764, 612, 262, 350, 1, 0, 1
20165, 2, 1636470404547, 1636470406766, 2219, 0, 2219, 0, 0, 0
20181, 1, 1636470406274, 1636470406885, 611, 262, 349, 0, 0, 0
20182, 1, 1636470406422, 1636470407033, 611, 262, 349, 0, 0, 0
20180, 1, 1636470406199, 1636470407037, 838, 495, 343, 1, 0, 1
20174, 1, 1636470405567, 1636470407245, 1678, 1326, 352, 0, 0, 0
20183, 1, 1636470406772, 1636470407385, 613, 266, 347, 0, 1, 1
20185, 1, 1636470406849, 1636470407505, 656, 267, 389, 1, 0, 1
20184, 1, 1636470406849, 1636470407504, 655, 267, 388, 2, 0, 2
20187, 1, 1636470406901, 1636470407593, 692, 342, 350, 1, 0, 1
20188, 1, 1636470407019, 1636470407625, 606, 258, 348, 0, 0, 0
20189, 1, 1636470407052, 1636470407665, 613, 262, 351, 0, 1, 1
20190, 1, 1636470407155, 1636470407765, 610, 262, 348, 0, 0, 0
20186, 1, 1636470406853, 1636470407853, 1000, 610, 390, 0, 0, 0
20191, 1, 1636470407325, 1636470407940, 615, 266, 349, 0, 0, 0
20192, 1, 1636470407335, 1636470407949, 614, 262, 352, 0, 0, 0
20194, 1, 1636470407591, 1636470408205, 614, 262, 352, 0, 0, 0
20193, 1, 1636470407409, 1636470408301, 892, 538, 354, 0, 0, 0
20195, 1, 1636470407763, 1636470408377, 614, 267, 347, 1, 1, 2
20196, 1, 1636470407935, 1636470408545, 610, 262, 348, 0, 0, 0
20197, 1, 1636470407999, 1636470408649, 650, 302, 348, 0, 0, 0
20198, 1, 1636470408062, 1636470408673, 611, 262, 349, 0, 0, 0
20199, 1, 1636470408223, 1636470408833, 610, 264, 346, 0, 0, 0
20200, 1, 1636470408247, 1636470408860, 613, 262, 351, 0, 0, 0
20201, 1, 1636470408349, 1636470408969, 620, 262, 358, 0, 0, 0
20202, 1, 1636470408512, 1636470409133, 621, 266, 355, 0, 0, 0
20203, 1, 1636470408759, 1636470409369, 610, 262, 348, 0, 0, 0
20205, 1, 1636470408800, 1636470409421, 621, 267, 354, 0, 1, 1
20206, 1, 1636470408862, 1636470409485, 623, 270, 353, 0, 0, 0
20207, 1, 1636470408979, 1636470409593, 614, 262, 352, 0, 0, 0
20208, 1, 1636470408996, 1636470409617, 621, 266, 355, 0, 0, 0
20204, 1, 1636470408797, 1636470409717, 920, 570, 350, 0, 0, 0
20209, 1, 1636470409110, 1636470409721, 611, 266, 345, 0, 0, 0
20210, 1, 1636470409229, 1636470409841, 612, 263, 349, 0, 0, 0
20211, 1, 1636470409366, 1636470409981, 615, 263, 352, 0, 0, 0
20212, 1, 1636470409381, 1636470409997, 616, 262, 354, 0, 0, 0
20213, 1, 1636470409410, 1636470410017, 607, 262, 345, 0, 1, 1
20214, 1, 1636470409615, 1636470410225, 610, 262, 348, 0, 0, 0
20215, 1, 1636470409755, 1636470410365, 610, 263, 347, 0, 0, 0
20216, 1, 1636470409862, 1636470410469, 607, 262, 345, 0, 0, 0
20217, 1, 1636470409992, 1636470410605, 613, 262, 351, 0, 0, 0
20218, 1, 1636470410147, 1636470410757, 610, 262, 348, 0, 0, 0
20219, 1, 1636470410207, 1636470410817, 610, 264, 346, 1, 0, 1
20220, 1, 1636470410239, 1636470410857, 618, 264, 354, 1, 0, 1
20221, 1, 1636470410327, 1636470410941, 614, 262, 352, 0, 0, 0
20222, 1, 1636470410568, 1636470411181, 613, 262, 351, 0, 0, 0
20223, 1, 1636470410700, 1636470411313, 613, 262, 351, 0, 0, 0
20224, 1, 1636470410861, 1636470411477, 616, 262, 354, 0, 0, 0
20226, 1, 1636470410918, 1636470411529, 611, 262, 349, 0, 0, 0
20227, 1, 1636470410966, 1636470411581, 615, 266, 349, 0, 0, 0
20228, 1, 1636470411032, 1636470411645, 613, 262, 351, 0, 0, 0
20229, 1, 1636470411086, 1636470411701, 615, 262, 353, 0, 1, 1
20225, 1, 1636470410894, 1636470411825, 931, 578, 353, 0, 0, 0
20231, 1, 1636470411289, 1636470411900, 611, 262, 349, 0, 0, 0
20230, 1, 1636470411213, 1636470411929, 716, 368, 348, 1, 0, 1
20232, 1, 1636470411411, 1636470412021, 610, 263, 347, 0, 0, 0
20234, 1, 1636470411542, 1636470412153, 611, 266, 345, 0, 0, 0
20233, 1, 1636470411454, 1636470412369, 915, 566, 349, 0, 0, 0
20235, 1, 1636470411757, 1636470412369, 612, 262, 350, 0, 0, 0
20236, 1, 1636470411776, 1636470412389, 613, 263, 350, 1, 0, 1
20237, 1, 1636470412037, 1636470412721, 684, 330, 354, 0, 0, 0
20239, 1, 1636470412180, 1636470412793, 613, 263, 350, 0, 1, 1
20240, 1, 1636470412295, 1636470412909, 614, 262, 352, 0, 0, 0
20241, 1, 1636470412348, 1636470412964, 616, 267, 349, 1, 0, 1
20238, 1, 1636470412171, 1636470413069, 898, 550, 348, 0, 0, 0
20242, 1, 1636470412544, 1636470413157, 613, 262, 351, 1, 0, 1
20243, 1, 1636470412593, 1636470413209, 616, 262, 354, 0, 0, 0
20244, 1, 1636470412894, 1636470413509, 615, 262, 353, 0, 0, 0
20245, 1, 1636470412904, 1636470413517, 613, 262, 351, 0, 1, 1
20247, 1, 1636470412960, 1636470413577, 617, 262, 355, 0, 0, 0
20248, 1, 1636470413076, 1636470413689, 613, 262, 351, 0, 0, 0
20249, 1, 1636470413108, 1636470413721, 613, 262, 351, 0, 0, 0
20250, 1, 1636470413171, 1636470413785, 614, 266, 348, 0, 0, 0
20251, 1, 1636470413212, 1636470413821, 609, 262, 347, 0, 0, 0
20246, 1, 1636470412952, 1636470413868, 916, 558, 358, 0, 0, 0
20252, 1, 1636470413326, 1636470413941, 615, 262, 353, 0, 0, 0
20253, 1, 1636470413393, 1636470414013, 620, 266, 354, 0, 1, 1
20254, 1, 1636470413529, 1636470414149, 620, 268, 352, 1, 0, 1
20255, 1, 1636470413839, 1636470414453, 614, 262, 352, 0, 0, 0
20256, 1, 1636470413868, 1636470414489, 621, 266, 355, 0, 0, 0
20257, 1, 1636470413954, 1636470414569, 615, 266, 349, 0, 0, 0
20258, 1, 1636470414132, 1636470414741, 609, 262, 347, 0, 0, 0
20260, 1, 1636470414252, 1636470414865, 613, 264, 349, 0, 1, 1
20259, 1, 1636470414248, 1636470414865, 617, 263, 354, 1, 0, 1
20261, 1, 1636470414358, 1636470414969, 611, 262, 349, 0, 0, 0
20262, 1, 1636470414566, 1636470415181, 615, 266, 349, 0, 0, 0
20263, 1, 1636470414729, 1636470415349, 620, 262, 358, 0, 0, 0
20264, 1, 1636470414916, 1636470415529, 613, 262, 351, 0, 0, 0
20265, 1, 1636470414947, 1636470415553, 606, 262, 344, 1, 0, 1
20266, 1, 1636470414979, 1636470415589, 610, 262, 348, 0, 0, 0
20267, 1, 1636470414991, 1636470415601, 610, 263, 347, 0, 1, 1
20268, 1, 1636470415007, 1636470415629, 622, 262, 360, 0, 0, 0
20270, 1, 1636470415246, 1636470415861, 615, 262, 353, 0, 0, 0
20271, 1, 1636470415311, 1636470415921, 610, 263, 347, 0, 1, 1
20269, 1, 1636470415040, 1636470415937, 897, 546, 351, 0, 0, 0
20272, 1, 1636470415353, 1636470415969, 616, 263, 353, 0, 0, 0
20273, 1, 1636470415376, 1636470415989, 613, 262, 351, 0, 0, 0
20274, 1, 1636470415529, 1636470416141, 612, 262, 350, 0, 0, 0
20275, 1, 1636470415750, 1636470416361, 611, 262, 349, 0, 0, 0
20276, 1, 1636470415837, 1636470416445, 608, 263, 345, 1, 0, 1
20277, 1, 1636470415981, 1636470416597, 616, 261, 355, 1, 0, 1
20278, 1, 1636470416027, 1636470416637, 610, 263, 347, 0, 1, 1
20279, 1, 1636470416269, 1636470416881, 612, 263, 349, 0, 1, 1
20280, 1, 1636470416343, 1636470416953, 610, 262, 348, 0, 0, 0
20281, 1, 1636470416347, 1636470416965, 618, 262, 356, 0, 0, 0
20282, 1, 1636470416465, 1636470417237, 772, 414, 358, 0, 0, 0
20284, 1, 1636470416820, 1636470417429, 609, 263, 346, 0, 1, 1
20285, 1, 1636470416955, 1636470417569, 614, 266, 348, 0, 0, 0
20283, 1, 1636470416816, 1636470417581, 765, 418, 347, 0, 0, 0
20287, 1, 1636470417032, 1636470417645, 613, 262, 351, 0, 0, 0
20288, 1, 1636470417036, 1636470417649, 613, 263, 350, 1, 0, 1
20289, 1, 1636470417132, 1636470417745, 613, 262, 351, 1, 0, 1
20290, 1, 1636470417229, 1636470417841, 612, 262, 350, 0, 0, 0
20286, 1, 1636470416956, 1636470417917, 961, 610, 351, 0, 0, 0
20291, 1, 1636470417371, 1636470417985, 614, 266, 348, 0, 0, 0
20292, 1, 1636470417406, 1636470418021, 615, 263, 352, 0, 0, 0
20293, 1, 1636470417444, 1636470418057, 613, 262, 351, 0, 0, 0
20294, 1, 1636470417486, 1636470418097, 611, 262, 349, 0, 0, 0
20295, 1, 1636470417710, 1636470418316, 606, 262, 344, 0, 0, 0
20296, 1, 1636470417843, 1636470418457, 614, 266, 348, 0, 0, 0
20297, 1, 1636470417999, 1636470418609, 610, 262, 348, 0, 0, 0
20298, 1, 1636470418137, 1636470418749, 612, 262, 350, 0, 0, 0
20299, 1, 1636470418229, 1636470418845, 616, 268, 348, 1, 1, 2
20300, 1, 1636470418271, 1636470418881, 610, 262, 348, 0, 0, 0
20301, 1, 1636470418415, 1636470419025, 610, 263, 347, 1, 0, 1
20302, 1, 1636470418509, 1636470419125, 616, 266, 350, 0, 0, 0
20303, 1, 1636470418914, 1636470419529, 615, 266, 349, 0, 0, 0
20304, 1, 1636470418937, 1636470419553, 616, 262, 354, 0, 0, 0
20306, 1, 1636470418951, 1636470419557, 606, 263, 343, 1, 0, 1
20305, 1, 1636470418948, 1636470419557, 609, 262, 347, 0, 0, 0
20307, 1, 1636470418977, 1636470419589, 612, 262, 350, 0, 0, 0
20309, 1, 1636470419124, 1636470419737, 613, 262, 351, 0, 0, 0
20310, 1, 1636470419202, 1636470419813, 611, 262, 349, 0, 0, 0
20308, 1, 1636470419056, 1636470419932, 876, 530, 346, 0, 0, 0
20311, 1, 1636470419356, 1636470419969, 613, 262, 351, 1, 0, 1
20312, 1, 1636470419401, 1636470420017, 616, 263, 353, 0, 1, 1
20313, 1, 1636470419473, 1636470420081, 608, 262, 346, 0, 0, 0
20314, 1, 1636470419490, 1636470420105, 615, 262, 353, 1, 1, 2
20315, 1, 1636470419579, 1636470420188, 609, 262, 347, 0, 0, 0
20316, 1, 1636470419758, 1636470420369, 611, 268, 343, 0, 1, 1
20317, 1, 1636470419984, 1636470420601, 617, 263, 354, 0, 1, 1
20318, 1, 1636470420052, 1636470420669, 617, 262, 355, 0, 0, 0
20319, 1, 1636470420140, 1636470420753, 613, 262, 351, 0, 0, 0
20320, 1, 1636470420280, 1636470420893, 613, 262, 351, 1, 0, 1
20321, 1, 1636470420327, 1636470420941, 614, 262, 352, 0, 0, 0
20322, 1, 1636470420501, 1636470421117, 616, 266, 350, 0, 0, 0
20323, 1, 1636470420876, 1636470421485, 609, 262, 347, 0, 0, 0
20324, 1, 1636470420890, 1636470421505, 615, 262, 353, 0, 1, 1
20325, 1, 1636470420929, 1636470421541, 612, 262, 350, 0, 0, 0
20326, 1, 1636470420992, 1636470421609, 617, 262, 355, 0, 0, 0
20328, 1, 1636470421065, 1636470421681, 616, 262, 354, 0, 0, 0
20329, 1, 1636470421180, 1636470421789, 609, 262, 347, 0, 0, 0
20330, 1, 1636470421222, 1636470421837, 615, 266, 349, 1, 0, 1
20327, 1, 1636470421054, 1636470421837, 783, 434, 349, 1, 0, 1
20331, 1, 1636470421275, 1636470421893, 618, 266, 352, 0, 0, 0
20332, 1, 1636470421349, 1636470421961, 612, 263, 349, 1, 0, 1
20333, 1, 1636470421405, 1636470422020, 615, 267, 348, 1, 1, 2
20334, 1, 1636470421446, 1636470422057, 611, 262, 349, 0, 0, 0
20335, 1, 1636470421511, 1636470422129, 618, 266, 352, 0, 0, 0
20336, 1, 1636470421786, 1636470422405, 619, 266, 353, 0, 0, 0
20337, 1, 1636470421850, 1636470422469, 619, 267, 352, 0, 1, 1
20338, 1, 1636470422097, 1636470422713, 616, 266, 350, 0, 0, 0
20339, 1, 1636470422109, 1636470422721, 612, 263, 349, 0, 0, 0
20340, 1, 1636470422209, 1636470422821, 612, 263, 349, 0, 0, 0
20341, 1, 1636470422390, 1636470423000, 610, 263, 347, 0, 0, 0
20342, 1, 1636470422558, 1636470423169, 611, 262, 349, 0, 0, 0
20344, 1, 1636470422913, 1636470423521, 608, 262, 346, 0, 0, 0
20343, 1, 1636470422908, 1636470423521, 613, 266, 347, 0, 1, 1
20345, 1, 1636470422985, 1636470423601, 616, 262, 354, 0, 0, 0
20346, 1, 1636470422991, 1636470423609, 618, 266, 352, 0, 0, 0
20347, 1, 1636470423083, 1636470423693, 610, 262, 348, 1, 0, 1
20349, 1, 1636470423277, 1636470423889, 612, 262, 350, 1, 0, 1
20350, 1, 1636470423319, 1636470423929, 610, 262, 348, 0, 0, 0
20351, 1, 1636470423325, 1636470423941, 616, 262, 354, 0, 0, 0
20348, 1, 1636470423152, 1636470423961, 809, 454, 355, 0, 0, 0
20353, 1, 1636470423371, 1636470423981, 610, 262, 348, 0, 0, 0
20352, 1, 1636470423361, 1636470423981, 620, 265, 355, 0, 0, 0
20354, 1, 1636470423433, 1636470424053, 620, 262, 358, 0, 0, 0
20355, 1, 1636470423449, 1636470424065, 616, 262, 354, 1, 0, 1
20356, 1, 1636470423816, 1636470424428, 612, 262, 350, 0, 0, 0
20357, 1, 1636470423953, 1636470424565, 612, 262, 350, 0, 0, 0
20358, 1, 1636470424012, 1636470424625, 613, 262, 351, 0, 0, 0
20359, 1, 1636470424047, 1636470424657, 610, 263, 347, 1, 0, 1
20360, 1, 1636470424201, 1636470424813, 612, 262, 350, 0, 0, 0
20361, 1, 1636470424301, 1636470424913, 612, 262, 350, 0, 0, 0
20362, 1, 1636470424621, 1636470425233, 612, 262, 350, 0, 0, 0
20363, 1, 1636470424905, 1636470425521, 616, 262, 354, 0, 0, 0
20364, 1, 1636470424935, 1636470425545, 610, 262, 348, 0, 0, 0
20365, 1, 1636470424983, 1636470425593, 610, 262, 348, 0, 0, 0
20366, 1, 1636470425006, 1636470425621, 615, 263, 352, 0, 1, 1
20367, 1, 1636470425049, 1636470425661, 612, 263, 349, 0, 1, 1
20369, 1, 1636470425230, 1636470425869, 639, 290, 349, 0, 0, 0
20370, 1, 1636470425269, 1636470425877, 608, 263, 345, 2, 0, 2
20371, 1, 1636470425313, 1636470425925, 612, 263, 349, 0, 2, 2
20368, 1, 1636470425070, 1636470425949, 879, 526, 353, 0, 0, 0
20372, 1, 1636470425436, 1636470426053, 617, 263, 354, 1, 1, 2
20373, 1, 1636470425439, 1636470426053, 614, 263, 351, 2, 0, 2
20374, 1, 1636470425451, 1636470426061, 610, 263, 347, 0, 0, 0
20375, 1, 1636470425463, 1636470426073, 610, 262, 348, 0, 0, 0
20376, 1, 1636470425801, 1636470426413, 612, 263, 349, 0, 1, 1
20377, 1, 1636470425941, 1636470426553, 612, 262, 350, 0, 0, 0
20378, 1, 1636470426039, 1636470426649, 610, 262, 348, 0, 0, 0
20379, 1, 1636470426049, 1636470426665, 616, 266, 350, 0, 0, 0
20380, 1, 1636470426064, 1636470426673, 609, 266, 343, 0, 0, 0
20381, 1, 1636470426262, 1636470426869, 607, 262, 345, 0, 0, 0
20382, 1, 1636470426532, 1636470427149, 617, 266, 351, 0, 0, 0
20383, 1, 1636470426873, 1636470427481, 608, 263, 345, 0, 1, 1
20384, 1, 1636470426953, 1636470427565, 612, 262, 350, 0, 0, 0
20385, 1, 1636470426959, 1636470427565, 606, 263, 343, 1, 1, 2
20386, 1, 1636470427001, 1636470427617, 616, 266, 350, 0, 0, 0
20387, 1, 1636470427039, 1636470427649, 610, 262, 348, 0, 0, 0
20388, 1, 1636470427124, 1636470427736, 612, 262, 350, 0, 0, 0
20390, 1, 1636470427248, 1636470427861, 613, 263, 350, 1, 1, 2
20391, 1, 1636470427305, 1636470427913, 608, 262, 346, 0, 1, 1
20392, 1, 1636470427355, 1636470427965, 610, 262, 348, 0, 0, 0
20393, 1, 1636470427386, 1636470427997, 611, 262, 349, 0, 0, 0
20389, 1, 1636470427131, 1636470427997, 866, 518, 348, 0, 0, 0
20394, 1, 1636470427422, 1636470428029, 607, 262, 345, 0, 0, 0
20395, 1, 1636470427454, 1636470428065, 611, 262, 349, 0, 0, 0
20396, 1, 1636470427667, 1636470428277, 610, 262, 348, 0, 0, 0
20397, 1, 1636470427983, 1636470428593, 610, 262, 348, 0, 0, 0
20398, 1, 1636470427998, 1636470428609, 611, 262, 349, 0, 0, 0
20399, 1, 1636470428020, 1636470428633, 613, 263, 350, 0, 0, 0
20400, 1, 1636470428057, 1636470428669, 612, 262, 350, 0, 0, 0
20401, 1, 1636470428131, 1636470428741, 610, 262, 348, 0, 0, 0
20402, 1, 1636470428492, 1636470429109, 617, 262, 355, 0, 0, 0
20403, 1, 1636470428887, 1636470429501, 614, 267, 347, 0, 0, 0
20404, 1, 1636470428923, 1636470429537, 614, 262, 352, 0, 0, 0
20405, 1, 1636470428939, 1636470429548, 609, 262, 347, 0, 0, 0
20406, 1, 1636470428994, 1636470429608, 614, 262, 352, 0, 0, 0
20407, 1, 1636470429036, 1636470429653, 617, 266, 351, 0, 0, 0
20408, 1, 1636470429102, 1636470429713, 611, 262, 349, 0, 1, 1
20409, 1, 1636470429167, 1636470429777, 610, 262, 348, 0, 0, 0
20410, 1, 1636470429195, 1636470429801, 606, 258, 348, 0, 0, 0
20412, 1, 1636470429253, 1636470429865, 612, 262, 350, 0, 0, 0
20413, 1, 1636470429322, 1636470429933, 611, 263, 348, 0, 0, 0
20414, 1, 1636470429440, 1636470430053, 613, 262, 351, 0, 0, 0
20411, 1, 1636470429202, 1636470430061, 859, 510, 349, 0, 0, 0
20415, 1, 1636470429461, 1636470430072, 611, 262, 349, 0, 0, 0
20416, 1, 1636470429770, 1636470430377, 607, 262, 345, 0, 2, 2
20417, 1, 1636470429944, 1636470430549, 605, 254, 351, 0, 0, 0
20418, 1, 1636470429950, 1636470430561, 611, 263, 348, 0, 1, 1
20419, 1, 1636470430022, 1636470430636, 614, 264, 350, 1, 1, 2
20420, 1, 1636470430042, 1636470430657, 615, 266, 349, 0, 0, 0
20421, 1, 1636470430100, 1636470430717, 617, 262, 355, 0, 0, 0
20422, 1, 1636470430403, 1636470431009, 606, 262, 344, 0, 0, 0
20423, 1, 1636470430805, 1636470431421, 616, 262, 354, 0, 1, 1
20424, 1, 1636470430834, 1636470431449, 615, 262, 353, 0, 0, 0
20426, 1, 1636470431005, 1636470431620, 615, 262, 353, 0, 0, 0
20427, 1, 1636470431013, 1636470431625, 612, 262, 350, 0, 2, 2
20428, 1, 1636470431051, 1636470431660, 609, 263, 346, 1, 0, 1
20429, 1, 1636470431074, 1636470431684, 610, 266, 344, 0, 0, 0
20425, 1, 1636470430876, 1636470431769, 893, 543, 350, 0, 0, 0
20431, 1, 1636470431186, 1636470431793, 607, 264, 343, 0, 2, 2
20433, 1, 1636470431327, 1636470431936, 609, 262, 347, 0, 0, 0
20430, 1, 1636470431096, 1636470431976, 880, 522, 358, 0, 0, 0
20434, 1, 1636470431357, 1636470431976, 619, 263, 356, 1, 1, 2
20432, 1, 1636470431305, 1636470432117, 812, 462, 350, 0, 0, 0
20435, 1, 1636470431518, 1636470432128, 610, 262, 348, 0, 0, 0
20436, 1, 1636470431656, 1636470432465, 809, 458, 351, 0, 0, 0
20438, 1, 1636470431935, 1636470432545, 610, 262, 348, 0, 0, 0
20439, 1, 1636470431955, 1636470432569, 614, 265, 349, 3, 2, 5
20440, 1, 1636470432038, 1636470432649, 611, 262, 349, 0, 0, 0
20441, 1, 1636470432078, 1636470432692, 614, 262, 352, 0, 0, 0
20437, 1, 1636470431908, 1636470432813, 905, 553, 352, 0, 0, 0
20442, 1, 1636470432334, 1636470432944, 610, 262, 348, 0, 0, 0
20443, 1, 1636470432804, 1636470433417, 613, 262, 351, 0, 1, 1
20444, 1, 1636470432908, 1636470433525, 617, 266, 351, 0, 0, 0
20445, 1, 1636470432938, 1636470433557, 619, 263, 356, 0, 1, 1
20446, 1, 1636470432943, 1636470433557, 614, 262, 352, 0, 0, 0
20447, 1, 1636470432973, 1636470433580, 607, 262, 345, 0, 0, 0
20448, 1, 1636470432978, 1636470433593, 615, 266, 349, 1, 0, 1
20450, 1, 1636470433114, 1636470433720, 606, 262, 344, 0, 0, 0
20451, 1, 1636470433177, 1636470433793, 616, 263, 353, 0, 1, 1
20449, 1, 1636470433084, 1636470433929, 845, 500, 345, 2, 1, 3
20452, 1, 1636470433336, 1636470433949, 613, 262, 351, 0, 0, 0
20453, 1, 1636470433372, 1636470433989, 617, 266, 351, 0, 0, 0
20454, 1, 1636470433442, 1636470434052, 610, 263, 347, 0, 0, 0
20455, 1, 1636470433636, 1636470434249, 613, 263, 350, 0, 1, 1
20456, 1, 1636470433717, 1636470434333, 616, 267, 349, 1, 1, 2
20457, 1, 1636470433887, 1636470434497, 610, 262, 348, 0, 0, 0
20458, 1, 1636470433964, 1636470434577, 613, 263, 350, 1, 1, 2
20459, 1, 1636470434040, 1636470434653, 613, 263, 350, 0, 1, 1
20460, 1, 1636470434070, 1636470434681, 611, 258, 353, 0, 0, 0
20461, 1, 1636470434196, 1636470434804, 608, 263, 345, 1, 0, 1
20462, 1, 1636470434272, 1636470434885, 613, 262, 351, 0, 0, 0
20463, 1, 1636470434741, 1636470435349, 608, 262, 346, 0, 0, 0
20464, 1, 1636470434842, 1636470435456, 614, 266, 348, 0, 0, 0
20465, 1, 1636470434897, 1636470435509, 612, 262, 350, 0, 1, 1
20466, 1, 1636470434930, 1636470435540, 610, 262, 348, 1, 0, 1
20468, 1, 1636470434946, 1636470435553, 607, 264, 343, 0, 1, 1
20467, 1, 1636470434946, 1636470435561, 615, 263, 352, 1, 2, 3
20470, 1, 1636470434992, 1636470435609, 617, 262, 355, 1, 0, 1
20471, 1, 1636470435085, 1636470435697, 612, 262, 350, 0, 0, 0
20469, 1, 1636470434972, 1636470435801, 829, 483, 346, 1, 1, 2
20472, 1, 1636470435316, 1636470435929, 613, 264, 349, 1, 0, 1
20473, 1, 1636470435361, 1636470435973, 612, 263, 349, 0, 1, 1
20474, 1, 1636470435379, 1636470435996, 617, 262, 355, 0, 0, 0
20475, 1, 1636470435684, 1636470436297, 613, 262, 351, 0, 0, 0
20476, 1, 1636470435745, 1636470436357, 612, 262, 350, 0, 0, 0
20477, 1, 1636470435898, 1636470436509, 611, 263, 348, 0, 0, 0
20478, 1, 1636470435945, 1636470436556, 611, 263, 348, 1, 0, 1
20479, 1, 1636470435952, 1636470436565, 613, 262, 351, 0, 0, 0
20480, 1, 1636470436011, 1636470436621, 610, 263, 347, 0, 0, 0
20481, 1, 1636470436274, 1636470436885, 611, 263, 348, 0, 1, 1
20482, 1, 1636470436283, 1636470436893, 610, 262, 348, 0, 0, 0
20483, 1, 1636470436811, 1636470437421, 610, 262, 348, 0, 0, 0
20485, 1, 1636470436865, 1636470437477, 612, 262, 350, 1, 0, 1
20486, 1, 1636470436877, 1636470437493, 616, 266, 350, 0, 0, 0
20487, 1, 1636470436916, 1636470437537, 621, 267, 354, 1, 1, 2
20488, 1, 1636470436939, 1636470437549, 610, 262, 348, 0, 0, 0
20489, 1, 1636470436953, 1636470437565, 612, 261, 351, 0, 0, 0
20490, 1, 1636470437032, 1636470437649, 617, 267, 350, 0, 0, 0
20484, 1, 1636470436857, 1636470437769, 912, 562, 350, 0, 0, 0
20492, 1, 1636470437207, 1636470437817, 610, 263, 347, 0, 0, 0
20491, 1, 1636470437096, 1636470437912, 816, 471, 345, 0, 1, 1
20493, 1, 1636470437347, 1636470437965, 618, 266, 352, 0, 0, 0
20494, 1, 1636470437402, 1636470438017, 615, 266, 349, 0, 0, 0
20495, 1, 1636470437689, 1636470438304, 615, 262, 353, 0, 0, 0
20496, 1, 1636470437835, 1636470438453, 618, 266, 352, 0, 0, 0
20497, 1, 1636470437859, 1636470438473, 614, 266, 348, 0, 0, 0
20498, 1, 1636470437994, 1636470438608, 614, 262, 352, 0, 0, 0
20499, 1, 1636470438013, 1636470438625, 612, 262, 350, 0, 0, 0
20500, 1, 1636470438020, 1636470438637, 617, 267, 350, 0, 1, 1
20501, 1, 1636470438245, 1636470438873, 628, 266, 362, 0, 0, 0
20502, 1, 1636470438397, 1636470439020, 623, 262, 361, 0, 0, 0
20503, 1, 1636470438749, 1636470439365, 616, 266, 350, 0, 0, 0
20504, 1, 1636470438777, 1636470439385, 608, 262, 346, 0, 0, 0
20505, 1, 1636470438812, 1636470439429, 617, 262, 355, 0, 0, 0
20507, 1, 1636470438836, 1636470439449, 613, 262, 351, 0, 0, 0
20508, 1, 1636470438864, 1636470439477, 613, 262, 351, 1, 0, 1
20509, 1, 1636470438972, 1636470439585, 613, 262, 351, 0, 0, 0
20510, 1, 1636470439091, 1636470439701, 610, 264, 346, 1, 1, 2
20506, 1, 1636470438826, 1636470439713, 887, 530, 357, 0, 1, 1
20511, 1, 1636470439148, 1636470439761, 613, 262, 351, 0, 0, 0
20512, 1, 1636470439176, 1636470439781, 605, 258, 347, 0, 0, 0
20513, 1, 1636470439352, 1636470439969, 617, 262, 355, 0, 0, 0
20514, 1, 1636470439369, 1636470439996, 627, 266, 361, 0, 0, 0
20515, 1, 1636470439719, 1636470440337, 618, 267, 351, 0, 1, 1
20516, 1, 1636470439805, 1636470440421, 616, 266, 350, 0, 0, 0
20517, 1, 1636470439914, 1636470440525, 611, 262, 349, 0, 0, 0
20518, 1, 1636470439933, 1636470440549, 616, 262, 354, 0, 0, 0
20519, 1, 1636470439962, 1636470440577, 615, 262, 353, 0, 1, 1
20520, 1, 1636470440069, 1636470440681, 612, 262, 350, 0, 0, 0
20521, 1, 1636470440301, 1636470440917, 616, 262, 354, 0, 0, 0
20522, 1, 1636470440465, 1636470441077, 612, 262, 350, 0, 0, 0
20523, 1, 1636470440729, 1636470441341, 612, 262, 350, 0, 1, 1
20524, 1, 1636470440751, 1636470441360, 609, 266, 343, 0, 0, 0
20525, 1, 1636470440817, 1636470441429, 612, 262, 350, 2, 0, 2
20526, 1, 1636470440835, 1636470441449, 614, 262, 352, 0, 0, 0
20529, 1, 1636470441022, 1636470441637, 615, 266, 349, 0, 0, 0
20530, 1, 1636470441028, 1636470441640, 612, 262, 350, 0, 0, 0
20531, 1, 1636470441079, 1636470441693, 614, 262, 352, 0, 0, 0
20532, 1, 1636470441197, 1636470441813, 616, 262, 354, 0, 0, 0
20533, 1, 1636470441438, 1636470442057, 619, 266, 353, 0, 0, 0
20534, 1, 1636470441467, 1636470442085, 618, 262, 356, 0, 0, 0
20535, 1, 1636470441680, 1636470442292, 612, 262, 350, 0, 0, 0
20536, 1, 1636470441825, 1636470442437, 612, 262, 350, 0, 0, 0
20537, 1, 1636470441967, 1636470442584, 617, 266, 351, 0, 0, 0
20538, 1, 1636470442187, 1636470442800, 613, 267, 346, 1, 0, 1
20539, 1, 1636470442357, 1636470442969, 612, 262, 350, 0, 0, 0
20528, 2, 1636470440862, 1636470443243, 2381, 1, 2380, 0, 2, 2
20527, 2, 1636470440838, 1636470443243, 2405, 0, 2405, 0, 1, 1
20540, 1, 1636470442722, 1636470443332, 610, 258, 352, 0, 0, 0
20541, 1, 1636470442740, 1636470443352, 612, 258, 354, 0, 0, 0
20542, 1, 1636470442773, 1636470443384, 611, 262, 349, 0, 0, 0
20543, 1, 1636470442913, 1636470443528, 615, 266, 349, 0, 0, 0
20544, 1, 1636470442932, 1636470443544, 612, 266, 346, 0, 0, 0
20545, 1, 1636470443145, 1636470443756, 611, 264, 347, 2, 2, 4
20546, 1, 1636470443146, 1636470443760, 614, 264, 350, 1, 3, 4
20549, 1, 1636470443342, 1636470443948, 606, 263, 343, 0, 0, 0
20548, 1, 1636470443333, 1636470443984, 651, 259, 392, 0, 1, 1
20547, 1, 1636470443329, 1636470443988, 659, 266, 393, 0, 0, 0
20550, 1, 1636470443553, 1636470444173, 620, 267, 353, 0, 1, 1
20551, 1, 1636470443571, 1636470444173, 602, 260, 342, 0, 2, 2
20552, 1, 1636470443773, 1636470444396, 623, 261, 362, 0, 0, 0
20553, 1, 1636470444082, 1636470444705, 623, 266, 357, 0, 1, 1
20554, 1, 1636470444296, 1636470444916, 620, 263, 357, 1, 0, 1
20555, 1, 1636470444475, 1636470445109, 634, 274, 360, 1, 0, 1
20556, 1, 1636470444725, 1636470445345, 620, 265, 355, 0, 1, 1
20558, 1, 1636470444798, 1636470445417, 619, 262, 357, 1, 0, 1
20559, 1, 1636470444808, 1636470445436, 628, 267, 361, 0, 1, 1
20560, 1, 1636470444863, 1636470445484, 621, 266, 355, 0, 1, 1
20557, 1, 1636470444776, 1636470445696, 920, 566, 354, 1, 0, 1
20561, 1, 1636470445189, 1636470445800, 611, 263, 348, 0, 0, 0
20562, 1, 1636470445212, 1636470445833, 621, 270, 351, 1, 0, 1
20563, 1, 1636470445240, 1636470445852, 612, 263, 349, 0, 0, 0
20564, 1, 1636470445256, 1636470445869, 613, 267, 346, 1, 0, 1
20565, 1, 1636470445448, 1636470446061, 613, 258, 355, 0, 0, 0
20566, 1, 1636470445465, 1636470446081, 616, 266, 350, 0, 0, 0
20567, 1, 1636470445977, 1636470446600, 623, 266, 357, 0, 0, 0
20568, 1, 1636470446509, 1636470447120, 611, 263, 348, 0, 1, 1
20570, 1, 1636470446727, 1636470447332, 605, 263, 342, 0, 0, 0
20569, 1, 1636470446726, 1636470447336, 610, 262, 348, 0, 0, 0
20571, 1, 1636470446780, 1636470447388, 608, 263, 345, 0, 2, 2
20572, 1, 1636470446800, 1636470447428, 628, 273, 355, 0, 0, 0
20573, 1, 1636470446904, 1636470447508, 604, 255, 349, 0, 0, 0
20574, 1, 1636470447088, 1636470447693, 605, 254, 351, 0, 1, 1
20575, 1, 1636470447125, 1636470447732, 607, 259, 348, 0, 0, 0
20576, 1, 1636470447268, 1636470447885, 617, 262, 355, 0, 0, 0
20577, 1, 1636470447338, 1636470447957, 619, 262, 357, 0, 0, 0
20578, 1, 1636470447571, 1636470448189, 618, 266, 352, 0, 0, 0
20579, 1, 1636470447895, 1636470448504, 609, 262, 347, 0, 0, 0
20580, 1, 1636470448610, 1636470449221, 611, 266, 345, 0, 0, 0
20581, 1, 1636470448766, 1636470449376, 610, 262, 348, 0, 0, 0
20582, 1, 1636470448870, 1636470449484, 614, 262, 352, 0, 0, 0
20583, 1, 1636470448936, 1636470449548, 612, 258, 354, 0, 0, 0
20584, 1, 1636470449039, 1636470449641, 602, 257, 345, 0, 0, 0
20585, 1, 1636470449202, 1636470449816, 614, 262, 352, 0, 1, 1
20586, 1, 1636470449222, 1636470449841, 619, 270, 349, 0, 1, 1
20587, 1, 1636470449519, 1636470450133, 614, 266, 348, 0, 1, 1
20588, 1, 1636470449779, 1636470450400, 621, 267, 354, 0, 0, 0
20589, 1, 1636470450716, 1636470451328, 612, 266, 346, 0, 1, 1
20590, 1, 1636470450822, 1636470451425, 603, 258, 345, 0, 0, 0
20591, 1, 1636470451046, 1636470451653, 607, 262, 345, 0, 0, 0
20592, 1, 1636470451137, 1636470451745, 608, 260, 348, 0, 1, 1
20593, 1, 1636470451150, 1636470451756, 606, 258, 348, 0, 0, 0
20594, 1, 1636470451328, 1636470451940, 612, 262, 350, 0, 1, 1
20595, 1, 1636470451868, 1636470452485, 617, 262, 355, 0, 0, 0
20596, 1, 1636470452665, 1636470453285, 620, 267, 353, 0, 0, 0
20597, 1, 1636470452932, 1636470453545, 613, 262, 351, 0, 0, 0
20598, 1, 1636470453276, 1636470453888, 612, 262, 350, 0, 0, 0
20599, 1, 1636470453816, 1636470454429, 613, 262, 351, 0, 0, 0
20600, 1, 1636470455042, 1636470455653, 611, 263, 348, 0, 1, 1
20601, 1, 1636470586371, 1636470586985, 614, 264, 350, 1, 0, 1
20602, 1, 1636470586946, 1636470587557, 611, 266, 345, 1, 0, 1
20603, 1, 1636470587481, 1636470588093, 612, 263, 349, 0, 0, 0
20604, 1, 1636470587693, 1636470588309, 616, 262, 354, 0, 0, 0
20605, 1, 1636470588016, 1636470588625, 609, 262, 347, 0, 0, 0
20606, 1, 1636470588241, 1636470588857, 616, 266, 350, 0, 0, 0
20607, 1, 1636470588539, 1636470589149, 610, 262, 348, 1, 0, 1
20608, 1, 1636470588776, 1636470589393, 617, 267, 350, 0, 0, 0
20609, 1, 1636470588996, 1636470589613, 617, 262, 355, 0, 0, 0
20610, 1, 1636470589160, 1636470589773, 613, 262, 351, 0, 0, 0
20611, 1, 1636470589309, 1636470589917, 608, 262, 346, 0, 0, 0
20612, 1, 1636470589544, 1636470590157, 613, 262, 351, 0, 0, 0
20613, 1, 1636470589742, 1636470590353, 611, 262, 349, 0, 0, 0
20614, 1, 1636470589833, 1636470590453, 620, 266, 354, 0, 0, 0
20615, 1, 1636470590079, 1636470590693, 614, 263, 351, 0, 0, 0
20616, 1, 1636470590335, 1636470590945, 610, 263, 347, 0, 1, 1
20617, 1, 1636470590455, 1636470591064, 609, 262, 347, 0, 0, 0
20618, 1, 1636470590586, 1636470591205, 619, 270, 349, 0, 0, 0
20619, 1, 1636470590675, 1636470591289, 614, 267, 347, 0, 1, 1
20620, 1, 1636470590883, 1636470591493, 610, 263, 347, 0, 0, 0
20621, 1, 1636470591036, 1636470591653, 617, 262, 355, 0, 0, 0
20622, 1, 1636470591136, 1636470591753, 617, 266, 351, 0, 1, 1
20623, 1, 1636470591301, 1636470591921, 620, 262, 358, 0, 0, 0
20624, 1, 1636470591418, 1636470592029, 611, 266, 345, 0, 0, 0
20625, 1, 1636470591731, 1636470592341, 610, 262, 348, 0, 0, 0
20626, 1, 1636470591736, 1636470592349, 613, 262, 351, 0, 0, 0
20627, 1, 1636470591848, 1636470592461, 613, 262, 351, 0, 0, 0
20628, 1, 1636470591925, 1636470592536, 611, 262, 349, 0, 0, 0
20629, 1, 1636470591997, 1636470592609, 612, 262, 350, 0, 0, 0
20630, 1, 1636470592284, 1636470592901, 617, 266, 351, 0, 0, 0
20631, 1, 1636470592339, 1636470592949, 610, 262, 348, 0, 0, 0
20632, 1, 1636470592475, 1636470593084, 609, 262, 347, 0, 0, 0
20633, 1, 1636470592623, 1636470593233, 610, 262, 348, 0, 0, 0
20634, 1, 1636470592819, 1636470593429, 610, 262, 348, 0, 0, 0
20636, 1, 1636470593094, 1636470593709, 615, 266, 349, 0, 0, 0
20635, 1, 1636470593040, 1636470593773, 733, 387, 346, 0, 1, 1
20637, 1, 1636470593170, 1636470593781, 611, 262, 349, 0, 0, 0
20638, 1, 1636470593273, 1636470593885, 612, 262, 350, 0, 0, 0
20639, 1, 1636470593326, 1636470594121, 795, 447, 348, 1, 0, 1
20641, 1, 1636470593702, 1636470594313, 611, 267, 344, 0, 0, 0
20640, 1, 1636470593588, 1636470594469, 881, 530, 351, 0, 0, 0
20643, 1, 1636470593900, 1636470594513, 613, 266, 347, 0, 0, 0
20644, 1, 1636470594003, 1636470594617, 614, 266, 348, 0, 0, 0
20642, 1, 1636470593876, 1636470594821, 945, 590, 355, 0, 0, 0
20646, 1, 1636470594428, 1636470595040, 612, 262, 350, 0, 0, 0
20647, 1, 1636470594446, 1636470595057, 611, 264, 347, 2, 0, 2
20645, 1, 1636470594151, 1636470595169, 1018, 671, 347, 1, 0, 1
20649, 1, 1636470594636, 1636470595253, 617, 262, 355, 0, 0, 0
20651, 1, 1636470594738, 1636470595392, 654, 302, 352, 0, 0, 0
20652, 1, 1636470594942, 1636470595744, 802, 451, 351, 0, 0, 0
20655, 1, 1636470595239, 1636470595849, 610, 262, 348, 0, 0, 0
20656, 1, 1636470595326, 1636470595937, 611, 262, 349, 0, 0, 0
20657, 1, 1636470595401, 1636470596089, 688, 338, 350, 0, 0, 0
20659, 1, 1636470595810, 1636470596421, 611, 262, 349, 0, 0, 0
20660, 1, 1636470595821, 1636470596429, 608, 258, 350, 0, 0, 0
20658, 1, 1636470595492, 1636470596437, 945, 599, 346, 0, 1, 1
20663, 1, 1636470596040, 1636470596657, 617, 263, 354, 0, 1, 1
20661, 1, 1636470595991, 1636470596784, 793, 442, 351, 0, 0, 0
20664, 1, 1636470596314, 1636470596925, 611, 262, 349, 0, 0, 0
20648, 2, 1636470594482, 1636470597043, 2561, 0, 2561, 0, 1, 1
20650, 2, 1636470594655, 1636470597043, 2388, 0, 2388, 0, 0, 0
20665, 1, 1636470596603, 1636470597209, 606, 262, 344, 0, 0, 0
20667, 1, 1636470596677, 1636470597293, 616, 262, 354, 0, 0, 0
20653, 2, 1636470595103, 1636470597322, 2219, 0, 2219, 0, 0, 0
20668, 1, 1636470596736, 1636470597349, 613, 262, 351, 0, 1, 1
20654, 2, 1636470595201, 1636470597422, 2221, 0, 2221, 0, 0, 0
20669, 1, 1636470596827, 1636470597432, 605, 259, 346, 0, 1, 1
20670, 1, 1636470597129, 1636470597785, 656, 263, 393, 1, 0, 1
20672, 1, 1636470597173, 1636470597785, 612, 263, 349, 2, 1, 3
20671, 1, 1636470597137, 1636470597792, 655, 262, 393, 0, 1, 1
20674, 1, 1636470597273, 1636470597885, 612, 262, 350, 0, 0, 0
20675, 1, 1636470597343, 1636470597960, 617, 262, 355, 0, 0, 0
20677, 1, 1636470597446, 1636470598056, 610, 266, 344, 0, 1, 1
20676, 1, 1636470597409, 1636470598132, 723, 334, 389, 0, 0, 0
20678, 1, 1636470597509, 1636470598160, 651, 262, 389, 0, 0, 0
20662, 2, 1636470596024, 1636470598246, 2222, 0, 2222, 0, 0, 0
20679, 1, 1636470597666, 1636470598280, 614, 266, 348, 0, 0, 0
20680, 1, 1636470597966, 1636470598581, 615, 264, 351, 0, 3, 3
20681, 1, 1636470597979, 1636470598589, 610, 259, 351, 0, 2, 2
20682, 1, 1636470598010, 1636470598624, 614, 264, 350, 0, 2, 2
20683, 1, 1636470598058, 1636470598664, 606, 257, 349, 0, 0, 0
20684, 1, 1636470598178, 1636470598792, 614, 260, 354, 1, 1, 2
20666, 2, 1636470596641, 1636470598862, 2221, 0, 2221, 0, 0, 0
20686, 1, 1636470598379, 1636470598993, 614, 260, 354, 1, 0, 1
20685, 1, 1636470598333, 1636470598993, 660, 259, 401, 1, 0, 1
20687, 1, 1636470598395, 1636470599008, 613, 259, 354, 0, 1, 1
20688, 1, 1636470598539, 1636470599149, 610, 263, 347, 1, 0, 1
20689, 1, 1636470598549, 1636470599157, 608, 258, 350, 0, 0, 0
20690, 1, 1636470598618, 1636470599237, 619, 265, 354, 0, 0, 0
20692, 1, 1636470598682, 1636470599292, 610, 267, 343, 1, 0, 1
20673, 1, 1636470597210, 1636470599341, 2131, 1782, 349, 0, 0, 0
20691, 1, 1636470598650, 1636470599353, 703, 354, 349, 0, 0, 0
20693, 1, 1636470598741, 1636470599353, 612, 262, 350, 0, 0, 0
20694, 1, 1636470598754, 1636470599373, 619, 271, 348, 1, 0, 1
20695, 1, 1636470598949, 1636470599605, 656, 262, 394, 0, 1, 1
20696, 1, 1636470599061, 1636470599669, 608, 262, 346, 0, 0, 0
20697, 1, 1636470599332, 1636470599949, 617, 263, 354, 0, 0, 0
20698, 1, 1636470599334, 1636470599953, 619, 263, 356, 2, 1, 3
20699, 1, 1636470599342, 1636470599961, 619, 262, 357, 0, 0, 0
20701, 1, 1636470599355, 1636470599968, 613, 262, 351, 0, 1, 1
20700, 1, 1636470599342, 1636470599997, 655, 259, 396, 0, 1, 1
20702, 1, 1636470599474, 1636470600084, 610, 261, 349, 0, 0, 0
20703, 1, 1636470599574, 1636470600189, 615, 266, 349, 0, 0, 0
20704, 1, 1636470599606, 1636470600216, 610, 267, 343, 0, 1, 1
20705, 1, 1636470599663, 1636470600277, 614, 266, 348, 0, 0, 0
20706, 1, 1636470599682, 1636470600293, 611, 264, 347, 0, 1, 1
20707, 1, 1636470599807, 1636470600413, 606, 262, 344, 0, 0, 0
20708, 1, 1636470599912, 1636470600529, 617, 263, 354, 1, 0, 1
20709, 1, 1636470599940, 1636470600557, 617, 262, 355, 0, 0, 0
20710, 1, 1636470599977, 1636470600625, 648, 298, 350, 0, 0, 0
20711, 1, 1636470600043, 1636470600657, 614, 266, 348, 0, 1, 1
20712, 1, 1636470600057, 1636470600673, 616, 263, 353, 0, 0, 0
20714, 1, 1636470600084, 1636470600697, 613, 263, 350, 0, 1, 1
20713, 1, 1636470600083, 1636470600697, 614, 263, 351, 0, 0, 0
20715, 1, 1636470600216, 1636470600828, 612, 262, 350, 0, 0, 0
20716, 1, 1636470600330, 1636470600941, 611, 266, 345, 0, 0, 0
20717, 1, 1636470600635, 1636470601245, 610, 262, 348, 0, 0, 0
20719, 1, 1636470600659, 1636470601272, 613, 264, 349, 2, 2, 4
20718, 1, 1636470600659, 1636470601272, 613, 262, 351, 0, 0, 0
20720, 1, 1636470600673, 1636470601289, 616, 262, 354, 0, 0, 0
20722, 1, 1636470600769, 1636470601381, 612, 266, 346, 0, 0, 0
20723, 1, 1636470600893, 1636470601504, 611, 262, 349, 0, 0, 0
20724, 1, 1636470600905, 1636470601513, 608, 263, 345, 0, 0, 0
20725, 1, 1636470600948, 1636470601557, 609, 262, 347, 0, 0, 0
20726, 1, 1636470600965, 1636470601577, 612, 262, 350, 0, 0, 0
20721, 1, 1636470600731, 1636470601621, 890, 542, 348, 0, 1, 1
20727, 1, 1636470601075, 1636470601689, 614, 263, 351, 0, 0, 0
20728, 1, 1636470601243, 1636470601861, 618, 267, 351, 0, 0, 0
20729, 1, 1636470601269, 1636470601929, 660, 310, 350, 0, 0, 0
20731, 1, 1636470601349, 1636470601961, 612, 263, 349, 1, 0, 1
20730, 1, 1636470601300, 1636470601969, 669, 318, 351, 0, 0, 0
20732, 1, 1636470601383, 1636470601997, 614, 266, 348, 0, 0, 0
20734, 1, 1636470601404, 1636470602013, 609, 262, 347, 0, 0, 0
20735, 1, 1636470601504, 1636470602121, 617, 266, 351, 0, 0, 0
20736, 1, 1636470601597, 1636470602217, 620, 266, 354, 0, 0, 0
20733, 1, 1636470601388, 1636470602316, 928, 578, 350, 0, 1, 1
20737, 1, 1636470601927, 1636470602533, 606, 263, 343, 1, 0, 1
20738, 1, 1636470601999, 1636470602609, 610, 262, 348, 0, 2, 2
20739, 1, 1636470602029, 1636470602657, 628, 283, 345, 0, 1, 1
20740, 1, 1636470602044, 1636470602657, 613, 263, 350, 0, 1, 1
20742, 1, 1636470602071, 1636470602681, 610, 266, 344, 0, 0, 0
20743, 1, 1636470602172, 1636470602781, 609, 263, 346, 1, 0, 1
20744, 1, 1636470602194, 1636470602809, 615, 262, 353, 0, 0, 0
20745, 1, 1636470602231, 1636470602837, 606, 258, 348, 0, 0, 0
20746, 1, 1636470602266, 1636470602872, 606, 263, 343, 1, 0, 1
20747, 1, 1636470602370, 1636470602981, 611, 262, 349, 0, 0, 0
20741, 1, 1636470602060, 1636470603009, 949, 598, 351, 0, 0, 0
20748, 1, 1636470602540, 1636470603185, 645, 294, 351, 0, 0, 0
20750, 1, 1636470602582, 1636470603197, 615, 263, 352, 0, 1, 1
20751, 1, 1636470602667, 1636470603281, 614, 271, 343, 1, 0, 1
20752, 1, 1636470602681, 1636470603297, 616, 266, 350, 0, 0, 0
20749, 1, 1636470602578, 1636470603357, 779, 430, 349, 0, 0, 0
20753, 1, 1636470602758, 1636470603369, 611, 266, 345, 0, 0, 0
20755, 1, 1636470602806, 1636470603412, 606, 262, 344, 0, 1, 1
20756, 1, 1636470602892, 1636470603500, 608, 262, 346, 0, 0, 0
20754, 1, 1636470602772, 1636470603705, 933, 578, 355, 0, 1, 1
20757, 1, 1636470603195, 1636470603801, 606, 258, 348, 0, 0, 0
20759, 1, 1636470603388, 1636470604005, 617, 258, 359, 0, 0, 0
20761, 1, 1636470603434, 1636470604045, 611, 262, 349, 0, 0, 0
20758, 1, 1636470603386, 1636470604053, 667, 318, 349, 0, 0, 0
20762, 1, 1636470603447, 1636470604061, 614, 266, 348, 0, 0, 0
20763, 1, 1636470603455, 1636470604069, 614, 263, 351, 0, 0, 0
20764, 1, 1636470603486, 1636470604105, 619, 266, 353, 0, 0, 0
20766, 1, 1636470603645, 1636470604252, 607, 264, 343, 1, 0, 1
20767, 1, 1636470603751, 1636470604365, 614, 266, 348, 0, 0, 0
20760, 1, 1636470603401, 1636470604400, 999, 650, 349, 0, 0, 0
20765, 1, 1636470603549, 1636470604413, 864, 512, 352, 1, 1, 2
20769, 1, 1636470603911, 1636470604521, 610, 263, 347, 0, 1, 1
20771, 1, 1636470604020, 1636470604633, 613, 263, 350, 0, 1, 1
20772, 1, 1636470604060, 1636470604673, 613, 264, 349, 1, 2, 3
20773, 1, 1636470604072, 1636470604685, 613, 262, 351, 0, 0, 0
20770, 1, 1636470603970, 1636470604745, 775, 431, 344, 0, 1, 1
20768, 1, 1636470603826, 1636470604761, 935, 582, 353, 1, 0, 1
20776, 1, 1636470604272, 1636470604889, 617, 263, 354, 1, 0, 1
20777, 1, 1636470604462, 1636470605077, 615, 262, 353, 0, 0, 0
20774, 1, 1636470604104, 1636470605101, 997, 643, 354, 1, 0, 1
20775, 1, 1636470604150, 1636470605109, 959, 611, 348, 0, 0, 0
20779, 1, 1636470604732, 1636470605345, 613, 262, 351, 0, 0, 0
20783, 1, 1636470604822, 1636470605433, 611, 264, 347, 1, 1, 2
20782, 1, 1636470604820, 1636470605433, 613, 263, 350, 2, 1, 3
20778, 1, 1636470604712, 1636470605449, 737, 386, 351, 0, 1, 1
20780, 1, 1636470604791, 1636470605461, 670, 310, 360, 0, 0, 0
20785, 1, 1636470604888, 1636470605496, 608, 258, 350, 0, 0, 0
20786, 1, 1636470605016, 1636470605625, 609, 262, 347, 0, 0, 0
20787, 1, 1636470605040, 1636470605652, 612, 263, 349, 1, 0, 1
20784, 1, 1636470604835, 1636470605797, 962, 614, 348, 0, 0, 0
20781, 1, 1636470604806, 1636470605809, 1003, 650, 353, 0, 0, 0
20788, 1, 1636470605160, 1636470605841, 681, 335, 346, 0, 1, 1
20793, 1, 1636470605432, 1636470606045, 613, 263, 350, 0, 0, 0
20794, 1, 1636470605448, 1636470606061, 613, 262, 351, 0, 0, 0
20795, 1, 1636470605516, 1636470606129, 613, 262, 351, 0, 0, 0
20796, 1, 1636470605562, 1636470606173, 611, 264, 347, 0, 0, 0
20798, 1, 1636470606100, 1636470606716, 616, 262, 354, 0, 1, 1
20799, 1, 1636470606132, 1636470606753, 621, 273, 348, 0, 1, 1
20801, 1, 1636470606144, 1636470606761, 617, 266, 351, 0, 1, 1
20803, 1, 1636470606180, 1636470606789, 609, 263, 346, 1, 1, 2
20804, 1, 1636470606217, 1636470606841, 624, 267, 357, 1, 0, 1
20805, 1, 1636470606259, 1636470606868, 609, 262, 347, 0, 0, 0
20806, 1, 1636470606395, 1636470607005, 610, 262, 348, 0, 0, 0
20807, 1, 1636470606437, 1636470607057, 620, 268, 352, 1, 0, 1
20808, 1, 1636470606533, 1636470607217, 684, 335, 349, 1, 0, 1
20809, 1, 1636470606778, 1636470607393, 615, 266, 349, 0, 0, 0
20811, 1, 1636470606883, 1636470607493, 610, 262, 348, 0, 1, 1
20812, 1, 1636470606964, 1636470607573, 609, 264, 345, 1, 0, 1
20792, 2, 1636470605422, 1636470607671, 2249, 0, 2249, 0, 0, 0
20789, 2, 1636470605291, 1636470607671, 2380, 0, 2380, 0, 1, 1
20790, 2, 1636470605303, 1636470607682, 2379, 1, 2378, 0, 1, 1
20791, 2, 1636470605391, 1636470607683, 2292, 1, 2291, 0, 0, 0
20797, 2, 1636470605781, 1636470608002, 2221, 0, 2221, 0, 0, 0
20813, 1, 1636470607489, 1636470608101, 612, 263, 349, 0, 1, 1
20815, 1, 1636470607522, 1636470608137, 615, 262, 353, 0, 1, 1
20816, 1, 1636470607530, 1636470608145, 615, 265, 350, 0, 2, 2
20817, 1, 1636470607546, 1636470608157, 611, 262, 349, 0, 0, 0
20802, 1, 1636470606146, 1636470608157, 2011, 1655, 356, 1, 0, 1
20818, 1, 1636470607638, 1636470608253, 615, 266, 349, 0, 0, 0
20819, 1, 1636470607701, 1636470608321, 620, 270, 350, 1, 0, 1
20800, 2, 1636470606134, 1636470608354, 2220, 1, 2219, 1, 1, 2
20820, 1, 1636470607752, 1636470608365, 613, 263, 350, 0, 0, 0
20821, 1, 1636470607757, 1636470608413, 656, 263, 393, 1, 0, 1
20824, 1, 1636470607773, 1636470608429, 656, 262, 394, 3, 0, 3
20823, 1, 1636470607769, 1636470608429, 660, 263, 397, 2, 1, 3
20825, 1, 1636470607883, 1636470608601, 718, 367, 351, 2, 1, 3
20827, 1, 1636470608152, 1636470608773, 621, 262, 359, 0, 0, 0
20826, 1, 1636470608089, 1636470608776, 687, 291, 396, 2, 1, 3
20829, 1, 1636470608167, 1636470608776, 609, 262, 347, 2, 0, 2
20830, 1, 1636470608255, 1636470608861, 606, 262, 344, 0, 0, 0
20810, 2, 1636470606841, 1636470609062, 2221, 0, 2221, 0, 0, 0
20831, 1, 1636470608441, 1636470609089, 648, 262, 386, 0, 0, 0
20832, 1, 1636470608756, 1636470609368, 612, 262, 350, 0, 1, 1
20833, 1, 1636470608795, 1636470609405, 610, 263, 347, 1, 0, 1
20834, 1, 1636470608814, 1636470609425, 611, 262, 349, 0, 1, 1
20835, 1, 1636470608868, 1636470609481, 613, 262, 351, 0, 0, 0
20836, 1, 1636470608995, 1636470609609, 614, 264, 350, 0, 1, 1
20837, 1, 1636470609004, 1636470609621, 617, 270, 347, 1, 0, 1
20839, 1, 1636470609026, 1636470609637, 611, 263, 348, 0, 2, 2
20840, 1, 1636470609075, 1636470609689, 614, 266, 348, 0, 0, 0
20841, 1, 1636470609110, 1636470609725, 615, 262, 353, 0, 0, 0
20814, 2, 1636470607504, 1636470609734, 2230, 0, 2230, 0, 0, 0
20842, 1, 1636470609149, 1636470609813, 664, 266, 398, 0, 0, 0
20843, 1, 1636470609267, 1636470609985, 718, 370, 348, 0, 0, 0
20822, 2, 1636470607761, 1636470610026, 2265, 0, 2265, 0, 0, 0
20845, 1, 1636470609436, 1636470610049, 613, 263, 350, 0, 0, 0
20844, 1, 1636470609381, 1636470610072, 691, 342, 349, 0, 0, 0
20846, 1, 1636470609489, 1636470610101, 612, 263, 349, 0, 0, 0
20847, 1, 1636470609533, 1636470610149, 616, 267, 349, 0, 1, 1
20848, 1, 1636470609686, 1636470610297, 611, 262, 349, 0, 0, 0
20828, 2, 1636470608158, 1636470610418, 2260, 0, 2260, 0, 0, 0
20849, 1, 1636470609821, 1636470610473, 652, 262, 390, 0, 0, 0
20850, 1, 1636470610051, 1636470610661, 610, 262, 348, 0, 0, 0
20851, 1, 1636470610073, 1636470610697, 624, 268, 356, 0, 1, 1
20852, 1, 1636470610082, 1636470610701, 619, 270, 349, 0, 0, 0
20853, 1, 1636470610117, 1636470610769, 652, 262, 390, 0, 0, 0
20854, 1, 1636470610258, 1636470610873, 615, 266, 349, 1, 0, 1
20838, 1, 1636470609024, 1636470610905, 1881, 1523, 358, 0, 1, 1
20856, 1, 1636470610349, 1636470610961, 612, 263, 349, 0, 1, 1
20857, 1, 1636470610360, 1636470610977, 617, 263, 354, 1, 0, 1
20858, 1, 1636470610393, 1636470611005, 612, 262, 350, 0, 0, 0
20859, 1, 1636470610401, 1636470611025, 624, 264, 360, 1, 1, 2
20860, 1, 1636470610468, 1636470611084, 616, 267, 349, 0, 1, 1
20861, 1, 1636470610509, 1636470611165, 656, 270, 386, 0, 0, 0
20855, 1, 1636470610324, 1636470611249, 925, 578, 347, 0, 0, 0
20862, 1, 1636470610598, 1636470611309, 711, 362, 349, 0, 0, 0
20863, 1, 1636470610721, 1636470611341, 620, 266, 354, 0, 0, 0
20865, 1, 1636470610782, 1636470611401, 619, 262, 357, 0, 0, 0
20864, 1, 1636470610763, 1636470611441, 678, 326, 352, 0, 1, 1
20866, 1, 1636470610898, 1636470611513, 615, 263, 352, 0, 0, 0
20867, 1, 1636470610906, 1636470611561, 655, 262, 393, 0, 0, 0
20868, 1, 1636470611004, 1636470611613, 609, 266, 343, 0, 0, 0
20869, 1, 1636470611052, 1636470611665, 613, 266, 347, 0, 0, 0
20870, 1, 1636470611367, 1636470611985, 618, 266, 352, 0, 0, 0
20871, 1, 1636470611376, 1636470611989, 613, 262, 351, 0, 0, 0
20873, 1, 1636470611437, 1636470612053, 616, 267, 349, 0, 1, 1
20872, 1, 1636470611432, 1636470612053, 621, 263, 358, 1, 0, 1
20874, 1, 1636470611568, 1636470612181, 613, 267, 346, 1, 0, 1
20875, 1, 1636470611642, 1636470612253, 611, 263, 348, 0, 0, 0
20876, 1, 1636470611678, 1636470612293, 615, 266, 349, 0, 0, 0
20877, 1, 1636470611712, 1636470612321, 609, 262, 347, 0, 0, 0
20878, 1, 1636470611733, 1636470612341, 608, 259, 349, 1, 0, 1
20879, 1, 1636470611759, 1636470612373, 614, 262, 352, 0, 0, 0
20880, 1, 1636470611798, 1636470612409, 611, 262, 349, 0, 0, 0
20881, 1, 1636470611834, 1636470612449, 615, 262, 353, 0, 0, 0
20882, 1, 1636470611907, 1636470612601, 694, 346, 348, 0, 0, 0
20883, 1, 1636470612087, 1636470612697, 610, 262, 348, 0, 0, 0
20884, 1, 1636470612105, 1636470612796, 691, 342, 349, 1, 0, 1
20886, 1, 1636470612184, 1636470612797, 613, 263, 350, 0, 0, 0
20885, 1, 1636470612182, 1636470612796, 614, 266, 348, 1, 0, 1
20887, 1, 1636470612270, 1636470612881, 611, 265, 346, 0, 0, 0
20888, 1, 1636470612371, 1636470612981, 610, 262, 348, 0, 1, 1
20889, 1, 1636470612383, 1636470613000, 617, 266, 351, 0, 0, 0
20890, 1, 1636470612641, 1636470613257, 616, 266, 350, 0, 0, 0
20891, 1, 1636470612721, 1636470613333, 612, 262, 350, 0, 0, 0
20892, 1, 1636470612742, 1636470613353, 611, 266, 345, 0, 0, 0
20893, 1, 1636470612809, 1636470613416, 607, 262, 345, 0, 0, 0
20894, 1, 1636470612893, 1636470613509, 616, 262, 354, 0, 0, 0
20895, 1, 1636470612997, 1636470613613, 616, 267, 349, 0, 1, 1
20896, 1, 1636470613033, 1636470613640, 607, 262, 345, 0, 0, 0
20897, 1, 1636470613039, 1636470613649, 610, 263, 347, 1, 1, 2
20898, 1, 1636470613056, 1636470613673, 617, 262, 355, 0, 0, 0
20899, 1, 1636470613091, 1636470613701, 610, 262, 348, 0, 0, 0
20900, 1, 1636470613132, 1636470613745, 613, 263, 350, 0, 1, 1
20901, 1, 1636470613184, 1636470613801, 617, 263, 354, 0, 1, 1
20902, 1, 1636470613241, 1636470613997, 756, 407, 349, 1, 1, 2
20904, 1, 1636470613399, 1636470614009, 610, 261, 349, 0, 0, 0
20905, 1, 1636470613457, 1636470614069, 612, 262, 350, 0, 0, 0
20903, 1, 1636470613388, 1636470614097, 709, 354, 355, 0, 0, 0
20906, 1, 1636470613533, 1636470614145, 612, 262, 350, 0, 0, 0
20907, 1, 1636470613562, 1636470614176, 614, 262, 352, 1, 0, 1
20908, 1, 1636470613750, 1636470614372, 622, 274, 348, 0, 0, 0
20909, 1, 1636470613761, 1636470614376, 615, 266, 349, 0, 0, 0
20910, 1, 1636470613908, 1636470614525, 617, 262, 355, 1, 0, 1
20911, 1, 1636470614053, 1636470614665, 612, 262, 350, 0, 0, 0
20912, 1, 1636470614072, 1636470614681, 609, 263, 346, 0, 0, 0
20913, 1, 1636470614124, 1636470614736, 612, 262, 350, 0, 0, 0
20914, 1, 1636470614295, 1636470614909, 614, 262, 352, 0, 1, 1
20915, 1, 1636470614327, 1636470614945, 618, 266, 352, 0, 0, 0
20916, 1, 1636470614330, 1636470614945, 615, 264, 351, 0, 1, 1
20917, 1, 1636470614402, 1636470615017, 615, 262, 353, 0, 0, 0
20918, 1, 1636470614425, 1636470615037, 612, 262, 350, 0, 0, 0
20919, 1, 1636470614439, 1636470615053, 614, 262, 352, 0, 0, 0
20920, 1, 1636470614463, 1636470615085, 622, 270, 352, 0, 0, 0
20921, 1, 1636470614552, 1636470615161, 609, 262, 347, 0, 0, 0
20924, 1, 1636470614751, 1636470615369, 618, 271, 347, 1, 1, 2
20922, 1, 1636470614584, 1636470615385, 801, 450, 351, 0, 0, 0
20923, 1, 1636470614703, 1636470615405, 702, 354, 348, 0, 0, 0
20925, 1, 1636470614802, 1636470615421, 619, 271, 348, 1, 1, 2
20926, 1, 1636470614836, 1636470615453, 617, 262, 355, 0, 0, 0
20927, 1, 1636470614930, 1636470615549, 619, 263, 356, 0, 1, 1
20928, 1, 1636470615102, 1636470615713, 611, 262, 349, 0, 0, 0
20929, 1, 1636470615108, 1636470615724, 616, 266, 350, 0, 0, 0
20930, 1, 1636470615266, 1636470615876, 610, 262, 348, 0, 0, 0
20931, 1, 1636470615375, 1636470615985, 610, 262, 348, 1, 0, 1
20932, 1, 1636470615417, 1636470616029, 612, 263, 349, 1, 0, 1
20933, 1, 1636470615455, 1636470616061, 606, 262, 344, 0, 0, 0
20934, 1, 1636470615594, 1636470616209, 615, 266, 349, 0, 0, 0
20935, 1, 1636470615673, 1636470616285, 612, 262, 350, 0, 0, 0
20936, 1, 1636470615684, 1636470616305, 621, 267, 354, 0, 1, 1
20938, 1, 1636470615792, 1636470616409, 617, 266, 351, 0, 0, 0
20939, 1, 1636470615809, 1636470616421, 612, 262, 350, 0, 0, 0
20940, 1, 1636470615819, 1636470616429, 610, 264, 346, 0, 2, 2
20941, 1, 1636470615876, 1636470616489, 613, 262, 351, 0, 0, 0
20937, 1, 1636470615774, 1636470616657, 883, 530, 353, 0, 1, 1
20944, 1, 1636470616066, 1636470616673, 607, 262, 345, 0, 0, 0
20945, 1, 1636470616100, 1636470616712, 612, 262, 350, 0, 0, 0
20942, 1, 1636470615927, 1636470616777, 850, 498, 352, 0, 0, 0
20947, 1, 1636470616263, 1636470616873, 610, 263, 347, 1, 0, 1
20948, 1, 1636470616482, 1636470617093, 611, 262, 349, 0, 1, 1
20949, 1, 1636470616497, 1636470617108, 611, 262, 349, 0, 0, 0
20950, 1, 1636470616601, 1636470617209, 608, 262, 346, 0, 0, 0
20952, 1, 1636470616695, 1636470617313, 618, 267, 351, 2, 1, 3
20951, 1, 1636470616694, 1636470617313, 619, 267, 352, 2, 0, 2
20953, 1, 1636470616747, 1636470617361, 614, 262, 352, 0, 0, 0
20954, 1, 1636470616891, 1636470617496, 605, 260, 345, 0, 0, 0
20955, 1, 1636470617067, 1636470617677, 610, 262, 348, 0, 0, 0
20956, 1, 1636470617075, 1636470617685, 610, 262, 348, 0, 0, 0
20957, 1, 1636470617078, 1636470617693, 615, 267, 348, 0, 1, 1
20958, 1, 1636470617102, 1636470617717, 615, 262, 353, 0, 0, 0
20959, 1, 1636470617143, 1636470617753, 610, 262, 348, 0, 0, 0
20960, 1, 1636470617168, 1636470617784, 616, 263, 353, 1, 0, 1
20961, 1, 1636470617191, 1636470617805, 614, 263, 351, 1, 0, 1
20963, 1, 1636470617344, 1636470617961, 617, 266, 351, 0, 0, 0
20964, 1, 1636470617397, 1636470618013, 616, 266, 350, 0, 0, 0
20962, 1, 1636470617251, 1636470618105, 854, 501, 353, 0, 0, 0
20965, 1, 1636470617574, 1636470618189, 615, 262, 353, 1, 0, 1
20966, 1, 1636470617819, 1636470618433, 614, 262, 352, 0, 0, 0
20967, 1, 1636470617841, 1636470618457, 616, 262, 354, 0, 0, 0
20946, 2, 1636470616108, 1636470618526, 2418, 1, 2417, 0, 0, 0
20943, 2, 1636470616038, 1636470618526, 2488, 0, 2488, 0, 0, 0
20968, 1, 1636470617990, 1636470618605, 615, 263, 352, 1, 0, 1
20969, 1, 1636470617991, 1636470618608, 617, 263, 354, 0, 0, 0
20970, 1, 1636470618041, 1636470618653, 612, 262, 350, 0, 0, 0
20971, 1, 1636470618061, 1636470618677, 616, 266, 350, 0, 1, 1
20972, 1, 1636470618232, 1636470618849, 617, 266, 351, 0, 0, 0
20973, 1, 1636470618391, 1636470619001, 610, 263, 347, 0, 1, 1
20974, 1, 1636470618404, 1636470619029, 625, 274, 351, 0, 0, 0
20975, 1, 1636470618428, 1636470619037, 609, 262, 347, 0, 1, 1
20976, 1, 1636470618435, 1636470619044, 609, 262, 347, 0, 2, 2
20977, 1, 1636470618454, 1636470619069, 615, 267, 348, 1, 0, 1
20978, 1, 1636470618478, 1636470619097, 619, 262, 357, 1, 0, 1
20979, 1, 1636470618520, 1636470619125, 605, 262, 343, 0, 0, 0
20982, 1, 1636470618613, 1636470619269, 656, 262, 394, 0, 0, 0
20981, 1, 1636470618613, 1636470619269, 656, 266, 390, 0, 0, 0
20983, 1, 1636470618709, 1636470619317, 608, 262, 346, 0, 0, 0
20984, 1, 1636470618787, 1636470619397, 610, 263, 347, 0, 0, 0
20980, 1, 1636470618579, 1636470619425, 846, 490, 356, 0, 0, 0
20985, 1, 1636470618903, 1636470619517, 614, 262, 352, 0, 0, 0
20986, 1, 1636470619146, 1636470619753, 607, 262, 345, 0, 0, 0
20987, 1, 1636470619151, 1636470619764, 613, 266, 347, 0, 1, 1
20988, 1, 1636470619357, 1636470619969, 612, 266, 346, 0, 0, 0
20989, 1, 1636470619380, 1636470619997, 617, 267, 350, 0, 1, 1
20990, 1, 1636470619410, 1636470620017, 607, 262, 345, 0, 0, 0
20991, 1, 1636470619433, 1636470620045, 612, 262, 350, 0, 0, 0
20992, 1, 1636470619610, 1636470620221, 611, 262, 349, 0, 0, 0
20993, 1, 1636470619702, 1636470620312, 610, 262, 348, 0, 0, 0
20994, 1, 1636470619739, 1636470620353, 614, 265, 349, 1, 0, 1
20996, 1, 1636470619803, 1636470620412, 609, 262, 347, 0, 0, 0
20997, 1, 1636470619809, 1636470620421, 612, 262, 350, 0, 0, 0
20998, 1, 1636470619825, 1636470620437, 612, 264, 348, 2, 0, 2
20999, 1, 1636470619832, 1636470620437, 605, 262, 343, 1, 1, 2
21000, 1, 1636470619856, 1636470620469, 613, 262, 351, 0, 0, 0
21002, 1, 1636470619882, 1636470620493, 611, 262, 349, 1, 1, 2
21004, 1, 1636470620135, 1636470620741, 606, 264, 342, 1, 1, 2
21005, 1, 1636470620236, 1636470620845, 609, 262, 347, 0, 0, 0
21006, 1, 1636470620477, 1636470621089, 612, 262, 350, 0, 0, 0
21007, 1, 1636470620543, 1636470621157, 614, 266, 348, 0, 0, 0
21008, 1, 1636470620655, 1636470621269, 614, 266, 348, 1, 0, 1
21009, 1, 1636470620698, 1636470621304, 606, 264, 342, 2, 0, 2
21010, 1, 1636470620758, 1636470621369, 611, 262, 349, 0, 0, 0
21012, 1, 1636470620893, 1636470621505, 612, 267, 345, 0, 0, 0
21014, 1, 1636470621082, 1636470621693, 611, 262, 349, 1, 1, 2
21015, 1, 1636470621106, 1636470621717, 611, 262, 349, 0, 0, 0
21016, 1, 1636470621141, 1636470621753, 612, 262, 350, 0, 0, 0
21017, 1, 1636470621169, 1636470621780, 611, 263, 348, 0, 2, 2
21018, 1, 1636470621201, 1636470621809, 608, 258, 350, 0, 0, 0
21019, 1, 1636470621211, 1636470621821, 610, 262, 348, 0, 0, 0
21020, 1, 1636470621252, 1636470621865, 613, 263, 350, 1, 0, 1
21021, 1, 1636470621417, 1636470622029, 612, 262, 350, 0, 0, 0
21001, 2, 1636470619881, 1636470622102, 2221, 1, 2220, 2, 0, 2
20995, 2, 1636470619783, 1636470622138, 2355, 89, 2266, 1, 1, 2
21022, 1, 1636470621574, 1636470622189, 615, 266, 349, 0, 0, 0
21023, 1, 1636470621874, 1636470622493, 619, 270, 349, 1, 0, 1
21024, 1, 1636470621922, 1636470622541, 619, 266, 353, 0, 1, 1
21025, 1, 1636470621961, 1636470622581, 620, 266, 354, 1, 0, 1
21026, 1, 1636470622001, 1636470622616, 615, 262, 353, 0, 1, 1
21027, 1, 1636470622039, 1636470622645, 606, 262, 344, 0, 0, 0
21028, 1, 1636470622170, 1636470622781, 611, 262, 349, 0, 0, 0
21029, 1, 1636470622189, 1636470622845, 656, 263, 393, 0, 0, 0
21031, 1, 1636470622415, 1636470623024, 609, 263, 346, 0, 1, 1
21032, 1, 1636470622433, 1636470623044, 611, 262, 349, 0, 0, 0
21033, 1, 1636470622500, 1636470623109, 609, 264, 345, 1, 0, 1
21034, 1, 1636470622523, 1636470623129, 606, 262, 344, 0, 0, 0
21030, 1, 1636470622225, 1636470623192, 967, 574, 393, 0, 0, 0
21035, 1, 1636470622587, 1636470623196, 609, 262, 347, 0, 0, 0
21036, 1, 1636470622605, 1636470623213, 608, 262, 346, 0, 0, 0
21038, 1, 1636470622689, 1636470623301, 612, 262, 350, 0, 0, 0
21039, 1, 1636470622878, 1636470623496, 618, 262, 356, 0, 0, 0
21040, 1, 1636470623252, 1636470623865, 613, 262, 351, 0, 0, 0
21041, 1, 1636470623266, 1636470623877, 611, 262, 349, 1, 0, 1
21043, 1, 1636470623295, 1636470623901, 606, 262, 344, 0, 0, 0
21042, 1, 1636470623290, 1636470623901, 611, 262, 349, 0, 0, 0
21044, 1, 1636470623312, 1636470623916, 604, 263, 341, 0, 1, 1
21045, 1, 1636470623511, 1636470624120, 609, 262, 347, 0, 0, 0
21046, 1, 1636470623531, 1636470624140, 609, 263, 346, 0, 0, 0
21013, 2, 1636470621005, 1636470624183, 3178, 0, 3178, 0, 0, 0
21011, 2, 1636470620789, 1636470624183, 3394, 0, 3394, 0, 0, 0
21003, 2, 1636470620088, 1636470624183, 4095, 0, 4095, 0, 1, 1
21048, 1, 1636470623736, 1636470624349, 613, 262, 351, 0, 0, 0
21049, 1, 1636470623768, 1636470624384, 616, 266, 350, 0, 0, 0
21050, 1, 1636470623795, 1636470624401, 606, 263, 343, 0, 1, 1
21051, 1, 1636470623834, 1636470624449, 615, 267, 348, 1, 0, 1
21047, 1, 1636470623542, 1636470624489, 947, 599, 348, 0, 1, 1
21052, 1, 1636470623929, 1636470624541, 612, 262, 350, 0, 0, 0
21053, 1, 1636470623982, 1636470624589, 607, 262, 345, 0, 0, 0
21054, 1, 1636470624030, 1636470624641, 611, 263, 348, 1, 0, 1
21037, 1, 1636470622624, 1636470624661, 2037, 1688, 349, 1, 1, 2
21055, 1, 1636470624182, 1636470624796, 614, 261, 353, 0, 1, 1
21057, 1, 1636470624273, 1636470624929, 656, 264, 392, 1, 2, 3
21056, 1, 1636470624269, 1636470624929, 660, 262, 398, 1, 0, 1
21059, 1, 1636470624588, 1636470625201, 613, 262, 351, 0, 0, 0
21060, 1, 1636470624592, 1636470625205, 613, 266, 347, 0, 0, 0
21062, 1, 1636470624647, 1636470625260, 613, 266, 347, 0, 0, 0
21063, 1, 1636470624653, 1636470625273, 620, 266, 354, 0, 0, 0
21058, 1, 1636470624273, 1636470625281, 1008, 611, 397, 1, 0, 1
21066, 1, 1636470624907, 1636470625516, 609, 262, 347, 0, 0, 0
21065, 1, 1636470624895, 1636470625553, 658, 310, 348, 0, 0, 0
21070, 1, 1636470625070, 1636470625689, 619, 267, 352, 1, 1, 2
21069, 1, 1636470625069, 1636470625689, 620, 271, 349, 1, 1, 2
21071, 1, 1636470625232, 1636470625849, 617, 266, 351, 0, 0, 0
21072, 1, 1636470625240, 1636470625857, 617, 266, 351, 0, 0, 0
21068, 1, 1636470625052, 1636470625901, 849, 494, 355, 0, 0, 0
21074, 1, 1636470625425, 1636470626041, 616, 262, 354, 0, 0, 0
21075, 1, 1636470625480, 1636470626089, 609, 262, 347, 0, 0, 0
21076, 1, 1636470625524, 1636470626208, 684, 330, 354, 0, 0, 0
21078, 1, 1636470625606, 1636470626220, 614, 266, 348, 0, 1, 1
21067, 1, 1636470624908, 1636470626249, 1341, 990, 351, 0, 0, 0
21079, 1, 1636470625893, 1636470626517, 624, 266, 358, 0, 1, 1
21077, 1, 1636470625538, 1636470626557, 1019, 670, 349, 0, 1, 1
21080, 1, 1636470625978, 1636470626593, 615, 262, 353, 0, 0, 0
21082, 1, 1636470626032, 1636470626645, 613, 266, 347, 0, 0, 0
21083, 1, 1636470626169, 1636470626793, 624, 270, 354, 0, 0, 0
21084, 1, 1636470626186, 1636470626801, 615, 263, 352, 0, 1, 1
21085, 1, 1636470626250, 1636470626937, 687, 294, 393, 0, 0, 0
21086, 1, 1636470626334, 1636470626949, 615, 266, 349, 0, 0, 0
21087, 1, 1636470626356, 1636470626973, 617, 266, 351, 0, 0, 0
21088, 1, 1636470626440, 1636470627053, 613, 262, 351, 0, 0, 0
21089, 1, 1636470626497, 1636470627113, 616, 262, 354, 0, 0, 0
21064, 2, 1636470624662, 1636470627151, 2489, 0, 2489, 0, 1, 1
21061, 2, 1636470624614, 1636470627151, 2537, 0, 2537, 0, 1, 1
21090, 1, 1636470626569, 1636470627184, 615, 262, 353, 0, 0, 0
21091, 1, 1636470626690, 1636470627309, 619, 266, 353, 0, 0, 0
21092, 1, 1636470626786, 1636470627405, 619, 267, 352, 1, 0, 1
21073, 2, 1636470625306, 1636470627526, 2220, 0, 2220, 0, 0, 0
21093, 1, 1636470626795, 1636470627541, 746, 390, 356, 0, 1, 1
21095, 1, 1636470626975, 1636470627589, 614, 262, 352, 0, 0, 0
21096, 1, 1636470627228, 1636470627840, 612, 262, 350, 0, 0, 0
21097, 1, 1636470627237, 1636470627888, 651, 262, 389, 0, 0, 0
21094, 1, 1636470626852, 1636470627896, 1044, 694, 350, 0, 0, 0
21099, 1, 1636470627311, 1636470627921, 610, 264, 346, 1, 1, 2
21100, 1, 1636470627355, 1636470627968, 613, 272, 341, 1, 2, 3
21081, 1, 1636470625980, 1636470628004, 2024, 1670, 354, 0, 0, 0
21101, 1, 1636470627469, 1636470628089, 620, 270, 350, 0, 0, 0
21102, 1, 1636470627537, 1636470628160, 623, 266, 357, 1, 1, 2
21098, 1, 1636470627237, 1636470628236, 999, 602, 397, 1, 0, 1
21105, 1, 1636470627678, 1636470628293, 615, 267, 348, 0, 0, 0
21104, 1, 1636470627642, 1636470628317, 675, 331, 344, 0, 0, 0
21106, 1, 1636470627715, 1636470628333, 618, 266, 352, 1, 0, 1
21107, 1, 1636470627756, 1636470628369, 613, 263, 350, 1, 0, 1
21108, 1, 1636470627791, 1636470628401, 610, 262, 348, 0, 0, 0
21109, 1, 1636470627903, 1636470628517, 614, 266, 348, 0, 0, 0
21110, 1, 1636470627973, 1636470628585, 612, 262, 350, 0, 0, 0
21103, 1, 1636470627613, 1636470628585, 972, 582, 390, 0, 0, 0
21113, 1, 1636470628130, 1636470628736, 606, 262, 344, 1, 0, 1
21112, 1, 1636470628081, 1636470628861, 780, 434, 346, 0, 0, 0
21115, 1, 1636470628261, 1636470628880, 619, 266, 353, 0, 0, 0
21111, 1, 1636470628006, 1636470628933, 927, 538, 389, 0, 0, 0
21116, 1, 1636470628527, 1636470629145, 618, 266, 352, 1, 0, 1
21119, 1, 1636470628598, 1636470629209, 611, 261, 350, 0, 0, 0
21114, 1, 1636470628173, 1636470629209, 1036, 687, 349, 2, 0, 2
21118, 1, 1636470628570, 1636470629280, 710, 359, 351, 0, 1, 1
21120, 1, 1636470628687, 1636470629293, 606, 262, 344, 1, 0, 1
21121, 1, 1636470628733, 1636470629340, 607, 262, 345, 0, 0, 0
21117, 1, 1636470628529, 1636470629493, 964, 614, 350, 0, 0, 0
21123, 1, 1636470628913, 1636470629525, 612, 264, 348, 1, 0, 1
21125, 1, 1636470628958, 1636470629573, 615, 264, 351, 1, 0, 1
21124, 1, 1636470628939, 1636470629641, 702, 350, 352, 0, 0, 0
21126, 1, 1636470629098, 1636470629717, 619, 263, 356, 1, 0, 1
21127, 1, 1636470629098, 1636470629717, 619, 263, 356, 2, 1, 3
21128, 1, 1636470629161, 1636470629769, 608, 262, 346, 0, 0, 0
21122, 1, 1636470628880, 1636470629845, 965, 610, 355, 0, 0, 0
21129, 1, 1636470629237, 1636470629857, 620, 262, 358, 0, 0, 0
21130, 1, 1636470629279, 1636470629896, 617, 266, 351, 1, 0, 1
21132, 1, 1636470629401, 1636470630013, 612, 262, 350, 0, 0, 0
21131, 1, 1636470629331, 1636470630197, 866, 514, 352, 0, 0, 0
21133, 1, 1636470629459, 1636470630200, 741, 394, 347, 0, 0, 0
21135, 1, 1636470629644, 1636470630256, 612, 267, 345, 0, 0, 0
21136, 1, 1636470629803, 1636470630413, 610, 263, 347, 1, 0, 1
21139, 1, 1636470629904, 1636470630508, 604, 259, 345, 1, 0, 1
21137, 1, 1636470629849, 1636470630545, 696, 347, 349, 1, 0, 1
21134, 1, 1636470629513, 1636470630549, 1036, 687, 349, 0, 1, 1
21140, 1, 1636470629959, 1636470630569, 610, 262, 348, 0, 0, 0
21141, 1, 1636470630074, 1636470630697, 623, 263, 360, 1, 0, 1
21138, 1, 1636470629850, 1636470630765, 915, 567, 348, 0, 1, 1
21142, 1, 1636470630199, 1636470630805, 606, 264, 342, 1, 1, 2
21144, 1, 1636470630241, 1636470630865, 624, 271, 353, 0, 1, 1
21145, 1, 1636470630247, 1636470630913, 666, 323, 343, 1, 0, 1
21146, 1, 1636470630362, 1636470630981, 619, 266, 353, 0, 1, 1
21147, 1, 1636470630437, 1636470631065, 628, 266, 362, 0, 0, 0
21143, 1, 1636470630201, 1636470631109, 908, 563, 345, 0, 0, 0
21148, 1, 1636470630540, 1636470631153, 613, 263, 350, 3, 0, 3
21149, 1, 1636470630542, 1636470631153, 611, 263, 348, 2, 1, 3
21151, 1, 1636470630665, 1636470631277, 612, 262, 350, 0, 0, 0
21152, 1, 1636470630669, 1636470631281, 612, 264, 348, 2, 1, 3
21150, 1, 1636470630660, 1636470631457, 797, 446, 351, 0, 0, 0
21153, 1, 1636470630753, 1636470631501, 748, 398, 350, 0, 0, 0
21155, 1, 1636470631001, 1636470631613, 612, 262, 350, 0, 0, 0
21156, 1, 1636470631160, 1636470631804, 644, 295, 349, 2, 0, 2
21157, 1, 1636470631205, 1636470631821, 616, 263, 353, 1, 0, 1
21154, 1, 1636470630845, 1636470631849, 1004, 654, 350, 0, 0, 0
21159, 1, 1636470631244, 1636470631853, 609, 263, 346, 0, 1, 1
21160, 1, 1636470631301, 1636470631909, 608, 262, 346, 0, 0, 0
21161, 1, 1636470631401, 1636470632013, 612, 262, 350, 0, 0, 0
21162, 1, 1636470631470, 1636470632084, 614, 266, 348, 0, 0, 0
21158, 1, 1636470631218, 1636470632169, 951, 602, 349, 0, 0, 0
21165, 1, 1636470631627, 1636470632237, 610, 262, 348, 0, 0, 0
21166, 1, 1636470631636, 1636470632249, 613, 262, 351, 0, 0, 0
21164, 1, 1636470631606, 1636470632265, 659, 302, 357, 0, 0, 0
21167, 1, 1636470631759, 1636470632369, 610, 266, 344, 0, 0, 0
21168, 1, 1636470631805, 1636470632417, 612, 266, 346, 0, 0, 0
21169, 1, 1636470631838, 1636470632453, 615, 266, 349, 0, 0, 0
21163, 1, 1636470631543, 1636470632521, 978, 627, 351, 1, 1, 2
21170, 1, 1636470631932, 1636470632549, 617, 262, 355, 0, 0, 0
21172, 1, 1636470632021, 1636470632633, 612, 262, 350, 0, 0, 0
21173, 1, 1636470632080, 1636470632805, 725, 374, 351, 0, 0, 0
21171, 1, 1636470632003, 1636470632865, 862, 518, 344, 0, 0, 0
21175, 1, 1636470632287, 1636470632901, 614, 266, 348, 0, 0, 0
21176, 1, 1636470632511, 1636470633125, 614, 266, 348, 0, 0, 0
21174, 1, 1636470632167, 1636470633157, 990, 638, 352, 0, 0, 0
21178, 1, 1636470632574, 1636470633189, 615, 266, 349, 0, 1, 1
21177, 1, 1636470632538, 1636470633213, 675, 326, 349, 0, 0, 0
21180, 1, 1636470632695, 1636470633312, 617, 266, 351, 1, 0, 1
21181, 1, 1636470632740, 1636470633361, 621, 264, 357, 0, 0, 0
21182, 1, 1636470632850, 1636470633461, 611, 263, 348, 0, 0, 0
21184, 1, 1636470632908, 1636470633520, 612, 262, 350, 0, 0, 0
21179, 1, 1636470632585, 1636470633533, 948, 602, 346, 0, 0, 0
21185, 1, 1636470632970, 1636470633585, 615, 262, 353, 0, 0, 0
21187, 1, 1636470633031, 1636470633637, 606, 262, 344, 0, 1, 1
21186, 1, 1636470632990, 1636470633665, 675, 324, 351, 0, 2, 2
21188, 1, 1636470633108, 1636470633721, 613, 262, 351, 0, 0, 0
21189, 1, 1636470633135, 1636470633749, 614, 262, 352, 0, 0, 0
21183, 1, 1636470632878, 1636470633881, 1003, 654, 349, 0, 0, 0
21190, 1, 1636470633302, 1636470633917, 615, 266, 349, 0, 0, 0
21191, 1, 1636470633310, 1636470633929, 619, 266, 353, 0, 0, 0
21193, 1, 1636470633356, 1636470634101, 745, 396, 349, 1, 1, 2
21195, 1, 1636470633565, 1636470634181, 616, 263, 353, 1, 0, 1
21192, 1, 1636470633353, 1636470634228, 875, 523, 352, 0, 1, 1
21194, 1, 1636470633499, 1636470634453, 954, 602, 352, 0, 1, 1
21196, 1, 1636470633860, 1636470634473, 613, 262, 351, 0, 0, 0
21197, 1, 1636470633890, 1636470634505, 615, 263, 352, 1, 1, 2
21200, 1, 1636470633961, 1636470634580, 619, 262, 357, 0, 0, 0
21199, 1, 1636470633928, 1636470634581, 653, 298, 355, 0, 0, 0
21201, 1, 1636470634057, 1636470634673, 616, 264, 352, 0, 2, 2
21202, 1, 1636470634191, 1636470634800, 609, 263, 346, 0, 0, 0
21204, 1, 1636470634196, 1636470634817, 621, 266, 355, 0, 0, 0
21198, 1, 1636470633891, 1636470634825, 934, 587, 347, 1, 1, 2
21205, 1, 1636470634306, 1636470634933, 627, 275, 352, 0, 0, 0
21206, 1, 1636470634340, 1636470634956, 616, 266, 350, 0, 0, 0
21207, 1, 1636470634367, 1636470634977, 610, 262, 348, 1, 0, 1
21208, 1, 1636470634399, 1636470635013, 614, 262, 352, 0, 0, 0
21209, 1, 1636470634427, 1636470635041, 614, 263, 351, 0, 0, 0
21203, 1, 1636470634195, 1636470635181, 986, 634, 352, 0, 0, 0
21210, 1, 1636470634586, 1636470635201, 615, 266, 349, 0, 1, 1
21211, 1, 1636470634627, 1636470635237, 610, 262, 348, 0, 0, 0
21212, 1, 1636470634676, 1636470635365, 689, 334, 355, 0, 0, 0
21213, 1, 1636470634681, 1636470635524, 843, 498, 345, 0, 0, 0
21215, 1, 1636470634945, 1636470635565, 620, 267, 353, 0, 1, 1
21214, 1, 1636470634822, 1636470635721, 899, 542, 357, 0, 0, 0
21217, 1, 1636470635208, 1636470635808, 600, 258, 342, 0, 0, 0
21220, 1, 1636470635245, 1636470635857, 612, 263, 349, 1, 1, 2
21216, 1, 1636470635202, 1636470635880, 678, 327, 351, 0, 2, 2
21221, 1, 1636470635346, 1636470635961, 615, 262, 353, 0, 0, 0
21222, 1, 1636470635527, 1636470636145, 618, 264, 354, 0, 0, 0
21225, 1, 1636470635583, 1636470636192, 609, 262, 347, 1, 0, 1
21224, 1, 1636470635575, 1636470636212, 637, 282, 355, 0, 0, 0
21226, 1, 1636470635625, 1636470636248, 623, 275, 348, 0, 1, 1
21227, 1, 1636470635714, 1636470636329, 615, 266, 349, 0, 0, 0
21228, 1, 1636470635724, 1636470636353, 629, 278, 351, 0, 0, 0
21229, 1, 1636470635743, 1636470636361, 618, 266, 352, 0, 0, 0
21230, 1, 1636470635923, 1636470636537, 614, 266, 348, 0, 0, 0
21231, 1, 1636470635966, 1636470636581, 615, 263, 352, 0, 1, 1
21233, 1, 1636470636056, 1636470636713, 657, 302, 355, 1, 0, 1
21235, 1, 1636470636318, 1636470636929, 611, 262, 349, 0, 0, 0
21234, 1, 1636470636197, 1636470637061, 864, 514, 350, 0, 0, 0
21236, 1, 1636470636486, 1636470637097, 611, 262, 349, 0, 0, 0
21237, 1, 1636470636551, 1636470637164, 613, 262, 351, 0, 0, 0
21239, 1, 1636470636720, 1636470637333, 613, 263, 350, 1, 0, 1
21240, 1, 1636470636821, 1636470637429, 608, 262, 346, 0, 0, 0
21219, 2, 1636470635244, 1636470637467, 2223, 1, 2222, 1, 1, 2
21218, 2, 1636470635240, 1636470637467, 2227, 0, 2227, 1, 1, 2
21241, 1, 1636470636875, 1636470637513, 638, 291, 347, 0, 0, 0
21242, 1, 1636470636924, 1636470637529, 605, 262, 343, 0, 0, 0
21244, 1, 1636470637024, 1636470637637, 613, 263, 350, 1, 1, 2
21245, 1, 1636470637046, 1636470637657, 611, 262, 349, 0, 0, 0
21246, 1, 1636470637111, 1636470637721, 610, 262, 348, 0, 0, 0
21223, 2, 1636470635531, 1636470637750, 2219, 0, 2219, 1, 0, 1
21247, 1, 1636470637297, 1636470637917, 620, 266, 354, 0, 0, 0
21249, 1, 1636470637367, 1636470637977, 610, 266, 344, 0, 0, 0
21248, 1, 1636470637355, 1636470637981, 626, 282, 344, 0, 1, 1
21251, 1, 1636470637553, 1636470638205, 652, 263, 389, 0, 1, 1
21253, 1, 1636470637644, 1636470638256, 612, 262, 350, 0, 0, 0
21232, 2, 1636470636033, 1636470638258, 2225, 0, 2225, 0, 0, 0
21250, 1, 1636470637485, 1636470638328, 843, 495, 348, 0, 2, 2
21255, 1, 1636470637890, 1636470638505, 615, 268, 347, 1, 0, 1
21252, 1, 1636470637553, 1636470638553, 1000, 606, 394, 0, 0, 0
21256, 1, 1636470637938, 1636470638676, 738, 391, 347, 0, 1, 1
21257, 1, 1636470638076, 1636470638693, 617, 268, 349, 1, 0, 1
21258, 1, 1636470638085, 1636470638697, 612, 262, 350, 0, 0, 0
21238, 2, 1636470636590, 1636470638810, 2220, 0, 2220, 0, 0, 0
21254, 1, 1636470637837, 1636470638900, 1063, 674, 389, 0, 0, 0
21260, 1, 1636470638307, 1636470638917, 610, 262, 348, 0, 0, 0
21261, 1, 1636470638318, 1636470638929, 611, 262, 349, 0, 0, 0
21263, 1, 1636470638377, 1636470638997, 620, 267, 353, 1, 1, 2
21259, 1, 1636470638251, 1636470639025, 774, 426, 348, 0, 0, 0
21264, 1, 1636470638459, 1636470639068, 609, 262, 347, 0, 0, 0
21262, 1, 1636470638349, 1636470639249, 900, 506, 394, 0, 0, 0
21265, 1, 1636470638653, 1636470639273, 620, 263, 357, 2, 1, 3
21266, 1, 1636470638657, 1636470639273, 616, 262, 354, 0, 0, 0
21243, 1, 1636470636993, 1636470639293, 2300, 1951, 349, 0, 0, 0
21267, 1, 1636470638760, 1636470639376, 616, 262, 354, 0, 0, 0
21269, 1, 1636470638820, 1636470639436, 616, 266, 350, 0, 0, 0
21272, 1, 1636470638976, 1636470639589, 613, 262, 351, 0, 0, 0
21271, 1, 1636470638901, 1636470639597, 696, 302, 394, 0, 0, 0
21268, 1, 1636470638802, 1636470639621, 819, 470, 349, 0, 0, 0
21270, 1, 1636470638834, 1636470639785, 951, 602, 349, 0, 0, 0
21274, 1, 1636470639222, 1636470639837, 615, 266, 349, 0, 0, 0
21275, 1, 1636470639246, 1636470639852, 606, 263, 343, 0, 0, 0
21276, 1, 1636470639294, 1636470639945, 651, 261, 390, 0, 0, 0
21277, 1, 1636470639391, 1636470640001, 610, 263, 347, 0, 0, 0
21278, 1, 1636470639421, 1636470640029, 608, 262, 346, 0, 0, 0
21273, 1, 1636470639124, 1636470640137, 1013, 662, 351, 0, 0, 0
21279, 1, 1636470639558, 1636470640185, 627, 278, 349, 0, 0, 0
21281, 1, 1636470639658, 1636470640269, 611, 261, 350, 0, 0, 0
21282, 1, 1636470639668, 1636470640281, 613, 263, 350, 0, 0, 0
21283, 1, 1636470639707, 1636470640312, 605, 264, 341, 1, 0, 1
21284, 1, 1636470639742, 1636470640353, 611, 263, 348, 0, 0, 0
21280, 1, 1636470639614, 1636470640485, 871, 520, 351, 0, 1, 1
21285, 1, 1636470639998, 1636470640609, 611, 263, 348, 0, 0, 0
21286, 1, 1636470640054, 1636470640665, 611, 263, 348, 1, 1, 2
21287, 1, 1636470640139, 1636470640753, 614, 262, 352, 1, 1, 2
21288, 1, 1636470640167, 1636470640781, 614, 266, 348, 0, 0, 0
21289, 1, 1636470640180, 1636470640833, 653, 302, 351, 0, 0, 0
21292, 1, 1636470640266, 1636470640880, 614, 266, 348, 0, 0, 0
21290, 1, 1636470640181, 1636470641013, 832, 483, 349, 1, 1, 2
21291, 1, 1636470640204, 1636470641129, 925, 574, 351, 1, 0, 1
21294, 1, 1636470640600, 1636470641209, 609, 262, 347, 0, 0, 0
21295, 1, 1636470640606, 1636470641220, 614, 262, 352, 0, 0, 0
21296, 1, 1636470640634, 1636470641240, 606, 264, 342, 0, 1, 1
21297, 1, 1636470640698, 1636470641304, 606, 262, 344, 0, 1, 1
21299, 1, 1636470640940, 1636470641553, 613, 264, 349, 1, 0, 1
21300, 1, 1636470640941, 1636470641557, 616, 268, 348, 1, 0, 1
21302, 1, 1636470640975, 1636470641585, 610, 262, 348, 0, 0, 0
21303, 1, 1636470641014, 1636470641628, 614, 267, 347, 0, 1, 1
21304, 1, 1636470641086, 1636470641697, 611, 263, 348, 1, 0, 1
21305, 1, 1636470641275, 1636470641881, 606, 262, 344, 0, 0, 0
21306, 1, 1636470641336, 1636470641949, 613, 262, 351, 0, 0, 0
21308, 1, 1636470641490, 1636470642105, 615, 263, 352, 0, 1, 1
21309, 1, 1636470641547, 1636470642156, 609, 262, 347, 0, 0, 0
21311, 1, 1636470641574, 1636470642185, 611, 262, 349, 1, 0, 1
21307, 1, 1636470641481, 1636470642301, 820, 466, 354, 0, 0, 0
21312, 1, 1636470641575, 1636470642504, 929, 583, 346, 1, 1, 2
21314, 1, 1636470641911, 1636470642528, 617, 267, 350, 0, 1, 1
21313, 1, 1636470641910, 1636470642532, 622, 275, 347, 1, 1, 2
21316, 1, 1636470641986, 1636470642597, 611, 264, 347, 1, 1, 2
21318, 1, 1636470642258, 1636470642881, 623, 277, 346, 2, 1, 3
21317, 1, 1636470642223, 1636470642945, 722, 374, 348, 0, 0, 0
21298, 2, 1636470640716, 1636470643002, 2286, 0, 2286, 0, 0, 0
21293, 2, 1636470640473, 1636470643003, 2530, 0, 2530, 0, 0, 0
21321, 1, 1636470642422, 1636470643033, 611, 262, 349, 0, 0, 0
21301, 2, 1636470640968, 1636470643190, 2222, 1, 2221, 0, 1, 1
21322, 1, 1636470642562, 1636470643293, 731, 382, 349, 0, 0, 0
21325, 1, 1636470642826, 1636470643441, 615, 262, 353, 0, 0, 0
21326, 1, 1636470642891, 1636470643497, 606, 262, 344, 0, 0, 0
21329, 1, 1636470643089, 1636470643740, 651, 263, 388, 1, 0, 1
21330, 1, 1636470643089, 1636470643740, 651, 263, 388, 1, 0, 1
21310, 2, 1636470641561, 1636470643782, 2221, 0, 2221, 0, 0, 0
21328, 1, 1636470642901, 1636470643788, 887, 539, 348, 1, 1, 2
21331, 1, 1636470643214, 1636470643825, 611, 262, 349, 0, 0, 0
21334, 1, 1636470643360, 1636470643980, 620, 268, 352, 0, 0, 0
21333, 1, 1636470643281, 1636470644089, 808, 414, 394, 0, 0, 0
21335, 1, 1636470643562, 1636470644172, 610, 262, 348, 0, 0, 0
21315, 2, 1636470641954, 1636470644174, 2220, 0, 2220, 0, 0, 0
21336, 1, 1636470643576, 1636470644201, 625, 262, 363, 0, 0, 0
21337, 1, 1636470643815, 1636470644429, 614, 262, 352, 0, 0, 0
21319, 2, 1636470642299, 1636470644518, 2219, 0, 2219, 0, 0, 0
21338, 1, 1636470643873, 1636470644533, 660, 270, 390, 0, 0, 0
21339, 1, 1636470643924, 1636470644540, 616, 267, 349, 1, 0, 1
21320, 2, 1636470642361, 1636470644582, 2221, 0, 2221, 0, 0, 0
21340, 1, 1636470644110, 1636470644725, 615, 267, 348, 1, 0, 1
21343, 1, 1636470644284, 1636470644897, 613, 263, 350, 0, 0, 0
21342, 1, 1636470644265, 1636470644913, 648, 262, 386, 0, 0, 0
21344, 1, 1636470644327, 1636470644937, 610, 262, 348, 0, 0, 0
21345, 1, 1636470644379, 1636470644993, 614, 262, 352, 0, 0, 0
21327, 1, 1636470642898, 1636470645056, 2158, 1814, 344, 0, 1, 1
21341, 1, 1636470644192, 1636470645081, 889, 530, 359, 0, 1, 1
21323, 2, 1636470642620, 1636470645167, 2547, 0, 2547, 0, 0, 0
21324, 2, 1636470642811, 1636470645167, 2356, 0, 2356, 0, 1, 1
21348, 1, 1636470644617, 1636470645233, 616, 262, 354, 0, 0, 0
21347, 1, 1636470644605, 1636470645265, 660, 270, 390, 0, 0, 0
21346, 1, 1636470644533, 1636470645293, 760, 403, 357, 0, 0, 0
21349, 1, 1636470644669, 1636470645321, 652, 261, 391, 0, 0, 0
21350, 1, 1636470644718, 1636470645337, 619, 267, 352, 0, 0, 0
21351, 1, 1636470644931, 1636470645541, 610, 266, 344, 0, 0, 0
21352, 1, 1636470644966, 1636470645585, 619, 266, 353, 0, 0, 0
21332, 1, 1636470643242, 1636470645644, 2402, 2058, 344, 0, 0, 0
21353, 1, 1636470645058, 1636470645717, 659, 266, 393, 0, 1, 1
21354, 1, 1636470645136, 1636470645749, 613, 262, 351, 0, 0, 0
21355, 1, 1636470645164, 1636470645769, 605, 262, 343, 0, 0, 0
21358, 1, 1636470645281, 1636470645893, 612, 258, 354, 0, 0, 0
21359, 1, 1636470645375, 1636470645989, 614, 262, 352, 0, 1, 1
21361, 1, 1636470645545, 1636470646157, 612, 266, 346, 0, 0, 0
21362, 1, 1636470645595, 1636470646205, 610, 263, 347, 0, 0, 0
21363, 1, 1636470645633, 1636470646245, 612, 266, 346, 0, 0, 0
21364, 1, 1636470645646, 1636470646301, 655, 267, 388, 0, 1, 1
21360, 1, 1636470645515, 1636470646341, 826, 474, 352, 0, 0, 0
21365, 1, 1636470645753, 1636470646365, 612, 262, 350, 0, 0, 0
21367, 1, 1636470645895, 1636470646500, 605, 262, 343, 0, 0, 0
21368, 1, 1636470645907, 1636470646529, 622, 271, 351, 0, 0, 0
21366, 1, 1636470645828, 1636470646548, 720, 370, 350, 0, 0, 0
21369, 1, 1636470645974, 1636470646581, 607, 262, 345, 0, 0, 0
21370, 1, 1636470646021, 1636470646633, 612, 262, 350, 0, 0, 0
21372, 1, 1636470646324, 1636470646937, 613, 262, 351, 1, 1, 2
21371, 1, 1636470646322, 1636470646937, 615, 262, 353, 0, 0, 0
21373, 1, 1636470646370, 1636470646981, 611, 263, 348, 0, 2, 2
21374, 1, 1636470646419, 1636470647024, 605, 262, 343, 0, 1, 1
21375, 1, 1636470646503, 1636470647113, 610, 263, 347, 0, 0, 0
21376, 1, 1636470646595, 1636470647208, 613, 262, 351, 0, 1, 1
21377, 1, 1636470646761, 1636470647369, 608, 262, 346, 0, 0, 0
21378, 1, 1636470646813, 1636470647425, 612, 262, 350, 0, 0, 0
21356, 2, 1636470645257, 1636470647522, 2265, 1, 2264, 1, 1, 2
21357, 2, 1636470645257, 1636470647522, 2265, 1, 2264, 0, 1, 1
21381, 1, 1636470646951, 1636470647557, 606, 259, 347, 0, 0, 0
21380, 1, 1636470646947, 1636470647565, 618, 267, 351, 0, 0, 0
21382, 1, 1636470646972, 1636470647593, 621, 266, 355, 0, 0, 0
21379, 1, 1636470646871, 1636470647712, 841, 498, 343, 0, 0, 0
21383, 1, 1636470647109, 1636470647725, 616, 262, 354, 0, 0, 0
21385, 1, 1636470647191, 1636470647797, 606, 263, 343, 0, 1, 1
21386, 1, 1636470647300, 1636470647917, 617, 262, 355, 0, 0, 0
21384, 1, 1636470647169, 1636470647920, 751, 394, 357, 0, 0, 0
21387, 1, 1636470647362, 1636470647980, 618, 262, 356, 0, 1, 1
21388, 1, 1636470647370, 1636470647989, 619, 263, 356, 0, 1, 1
21392, 1, 1636470647702, 1636470648325, 623, 266, 357, 0, 0, 0
21391, 1, 1636470647667, 1636470648329, 662, 314, 348, 0, 0, 0
21393, 1, 1636470647771, 1636470648385, 614, 262, 352, 0, 0, 0
21394, 1, 1636470647774, 1636470648397, 623, 266, 357, 0, 1, 1
21395, 1, 1636470647800, 1636470648421, 621, 270, 351, 0, 0, 0
21396, 1, 1636470647956, 1636470648569, 613, 267, 346, 1, 0, 1
21398, 1, 1636470648165, 1636470648780, 615, 266, 349, 0, 0, 0
21400, 1, 1636470648224, 1636470648841, 617, 267, 350, 0, 0, 0
21401, 1, 1636470648246, 1636470648857, 611, 267, 344, 0, 0, 0
21402, 1, 1636470648267, 1636470648881, 614, 266, 348, 0, 0, 0
21403, 1, 1636470648454, 1636470649065, 611, 262, 349, 0, 0, 0
21405, 1, 1636470648544, 1636470649157, 613, 262, 351, 0, 0, 0
21404, 1, 1636470648458, 1636470649184, 726, 382, 344, 0, 0, 0
21406, 1, 1636470648656, 1636470649269, 613, 262, 351, 0, 0, 0
21407, 1, 1636470648675, 1636470649289, 614, 267, 347, 1, 0, 1
21408, 1, 1636470648725, 1636470649337, 612, 262, 350, 0, 0, 0
21409, 1, 1636470648939, 1636470649641, 702, 354, 348, 0, 0, 0
21410, 1, 1636470649048, 1636470649665, 617, 262, 355, 0, 1, 1
21411, 1, 1636470649073, 1636470649685, 612, 262, 350, 0, 0, 0
21412, 1, 1636470649100, 1636470649713, 613, 263, 350, 0, 1, 1
21413, 1, 1636470649134, 1636470649741, 607, 263, 344, 0, 1, 1
21390, 2, 1636470647610, 1636470649879, 2269, 1, 2268, 2, 1, 3
21389, 2, 1636470647609, 1636470649879, 2270, 1, 2269, 0, 2, 2
21414, 1, 1636470649310, 1636470649921, 611, 262, 349, 0, 0, 0
21415, 1, 1636470649442, 1636470650053, 611, 263, 348, 0, 1, 1
21416, 1, 1636470649509, 1636470650125, 616, 266, 350, 0, 0, 0
21417, 1, 1636470649564, 1636470650169, 605, 262, 343, 0, 0, 0
21418, 1, 1636470649567, 1636470650184, 617, 266, 351, 0, 0, 0
21397, 2, 1636470648029, 1636470650250, 2221, 0, 2221, 0, 0, 0
21419, 1, 1636470649731, 1636470650340, 609, 262, 347, 0, 0, 0
21421, 1, 1636470649826, 1636470650436, 610, 262, 348, 0, 1, 1
21420, 1, 1636470649748, 1636470650468, 720, 370, 350, 0, 0, 0
21422, 1, 1636470649965, 1636470650625, 660, 266, 394, 0, 0, 0
21425, 1, 1636470650044, 1636470650657, 613, 262, 351, 0, 0, 0
21426, 1, 1636470650056, 1636470650669, 613, 263, 350, 0, 1, 1
21399, 1, 1636470648191, 1636470650732, 2541, 2190, 351, 0, 0, 0
21424, 1, 1636470650008, 1636470650817, 809, 459, 350, 1, 1, 2
21423, 1, 1636470649969, 1636470650973, 1004, 610, 394, 1, 0, 1
21430, 1, 1636470650378, 1636470650989, 611, 263, 348, 1, 1, 2
21431, 1, 1636470650409, 1636470651024, 615, 262, 353, 0, 0, 0
21432, 1, 1636470650521, 1636470651133, 612, 262, 350, 0, 0, 0
21427, 1, 1636470650262, 1636470651169, 907, 558, 349, 0, 0, 0
21433, 1, 1636470650641, 1636470651253, 612, 262, 350, 0, 0, 0
21429, 1, 1636470650337, 1636470651321, 984, 594, 390, 0, 0, 0
21436, 1, 1636470650845, 1636470651457, 612, 262, 350, 1, 0, 1
21438, 1, 1636470650905, 1636470651521, 616, 267, 349, 1, 0, 1
21437, 1, 1636470650889, 1636470651669, 780, 431, 349, 1, 0, 1
21442, 1, 1636470651267, 1636470651877, 610, 262, 348, 0, 0, 0
21444, 1, 1636470651354, 1636470651965, 611, 262, 349, 0, 0, 0
21445, 1, 1636470651356, 1636470651969, 613, 262, 351, 0, 0, 0
21446, 1, 1636470651386, 1636470651997, 611, 262, 349, 0, 0, 0
21443, 1, 1636470651280, 1636470652225, 945, 594, 351, 0, 0, 0
21447, 1, 1636470651624, 1636470652313, 689, 334, 355, 0, 0, 0
21449, 1, 1636470651718, 1636470652333, 615, 263, 352, 1, 0, 1
21450, 1, 1636470651768, 1636470652381, 613, 262, 351, 0, 0, 0
21451, 1, 1636470651798, 1636470652409, 611, 262, 349, 0, 1, 1
21452, 1, 1636470651909, 1636470652525, 616, 266, 350, 0, 0, 0
21448, 1, 1636470651630, 1636470652573, 943, 590, 353, 0, 0, 0
21453, 1, 1636470652185, 1636470652797, 612, 263, 349, 1, 1, 2
21454, 1, 1636470652194, 1636470652801, 607, 262, 345, 0, 0, 0
21455, 1, 1636470652268, 1636470652921, 653, 303, 350, 0, 1, 1
21428, 2, 1636470650332, 1636470653046, 2714, 0, 2714, 1, 0, 1
21434, 2, 1636470650722, 1636470653047, 2325, 0, 2325, 0, 0, 0
21439, 2, 1636470651018, 1636470653238, 2220, 0, 2220, 0, 0, 0
21456, 1, 1636470652624, 1636470653244, 620, 262, 358, 0, 0, 0
21459, 1, 1636470652694, 1636470653305, 611, 258, 353, 0, 0, 0
21441, 2, 1636470651106, 1636470653326, 2220, 0, 2220, 0, 0, 0
21460, 1, 1636470652789, 1636470653405, 616, 266, 350, 0, 0, 0
21435, 2, 1636470650734, 1636470653542, 2808, 0, 2808, 0, 0, 0
21440, 2, 1636470651101, 1636470653543, 2442, 0, 2442, 0, 0, 0
21457, 1, 1636470652661, 1636470653588, 927, 578, 349, 0, 0, 0
21463, 1, 1636470653007, 1636470653621, 614, 263, 351, 0, 1, 1
21462, 1, 1636470653000, 1636470653649, 649, 302, 347, 0, 0, 0
21465, 1, 1636470653117, 1636470653729, 612, 262, 350, 0, 0, 0
21468, 1, 1636470653245, 1636470653869, 624, 271, 353, 0, 1, 1
21461, 1, 1636470652980, 1636470653941, 961, 610, 351, 0, 0, 0
21469, 1, 1636470653325, 1636470653977, 652, 262, 390, 0, 0, 0
21471, 1, 1636470653457, 1636470654065, 608, 258, 350, 2, 0, 2
21472, 1, 1636470653544, 1636470654157, 613, 264, 349, 0, 1, 1
21474, 1, 1636470653629, 1636470654289, 660, 263, 397, 1, 1, 2
21473, 1, 1636470653623, 1636470654289, 666, 314, 352, 0, 0, 0
21476, 1, 1636470654003, 1636470654613, 610, 267, 343, 0, 1, 1
21478, 1, 1636470654009, 1636470654616, 607, 262, 345, 0, 1, 1
21475, 1, 1636470653633, 1636470654633, 1000, 616, 384, 1, 1, 2
21479, 1, 1636470654193, 1636470654813, 620, 266, 354, 0, 0, 0
21458, 2, 1636470652688, 1636470654910, 2222, 0, 2222, 0, 0, 0
21482, 1, 1636470654351, 1636470654965, 614, 262, 352, 0, 0, 0
21477, 1, 1636470654003, 1636470654965, 962, 611, 351, 1, 1, 2
21480, 1, 1636470654303, 1636470654968, 665, 319, 346, 0, 1, 1
21483, 1, 1636470654457, 1636470655069, 612, 266, 346, 1, 0, 1
21484, 1, 1636470654590, 1636470655205, 615, 268, 347, 1, 1, 2
21485, 1, 1636470654598, 1636470655213, 615, 262, 353, 0, 0, 0
21464, 2, 1636470653085, 1636470655306, 2221, 0, 2221, 0, 0, 0
21481, 1, 1636470654331, 1636470655308, 977, 630, 347, 0, 0, 0
21466, 2, 1636470653137, 1636470655398, 2261, 1, 2260, 1, 0, 1
21467, 2, 1636470653137, 1636470655399, 2262, 1, 2261, 1, 1, 2
21486, 1, 1636470654806, 1636470655417, 611, 262, 349, 0, 0, 0
21487, 1, 1636470654886, 1636470655501, 615, 263, 352, 0, 0, 0
21488, 1, 1636470654894, 1636470655565, 671, 318, 353, 0, 0, 0
21490, 1, 1636470654969, 1636470655656, 687, 339, 348, 0, 0, 0
21491, 1, 1636470654997, 1636470655656, 659, 262, 397, 0, 1, 1
21470, 1, 1636470653413, 1636470655885, 2472, 2078, 394, 1, 0, 1
21489, 1, 1636470654922, 1636470655913, 991, 643, 348, 0, 1, 1
21492, 1, 1636470655359, 1636470655973, 614, 262, 352, 1, 0, 1
21493, 1, 1636470655366, 1636470655985, 619, 263, 356, 1, 1, 2
21495, 1, 1636470655393, 1636470656057, 664, 261, 403, 0, 0, 0
21498, 1, 1636470655546, 1636470656161, 615, 263, 352, 0, 0, 0
21500, 1, 1636470655688, 1636470656329, 641, 286, 355, 0, 0, 0
21501, 1, 1636470655716, 1636470656333, 617, 267, 350, 0, 1, 1
21494, 1, 1636470655382, 1636470656333, 951, 602, 349, 0, 1, 1
21502, 1, 1636470655754, 1636470656369, 615, 263, 352, 0, 0, 0
21504, 1, 1636470655898, 1636470656512, 614, 268, 346, 1, 2, 3
21505, 1, 1636470655943, 1636470656557, 614, 264, 350, 1, 1, 2
21499, 1, 1636470655668, 1636470656680, 1012, 662, 350, 0, 0, 0
21506, 1, 1636470656147, 1636470656757, 610, 263, 347, 0, 1, 1
21507, 1, 1636470656158, 1636470656764, 606, 262, 344, 0, 0, 0
21508, 1, 1636470656222, 1636470656837, 615, 262, 353, 0, 0, 0
21509, 1, 1636470656231, 1636470656845, 614, 266, 348, 0, 0, 0
21511, 1, 1636470656345, 1636470657029, 684, 334, 350, 0, 1, 1
21510, 1, 1636470656236, 1636470657185, 949, 598, 351, 0, 0, 0
21512, 1, 1636470656627, 1636470657237, 610, 262, 348, 0, 0, 0
21513, 1, 1636470656714, 1636470657325, 611, 263, 348, 0, 0, 0
21514, 1, 1636470656718, 1636470657333, 615, 267, 348, 1, 1, 2
21516, 1, 1636470656833, 1636470657440, 607, 262, 345, 0, 0, 0
21517, 1, 1636470656989, 1636470657605, 616, 267, 349, 0, 0, 0
21519, 1, 1636470657054, 1636470657664, 610, 262, 348, 0, 0, 0
21515, 1, 1636470656767, 1636470657681, 914, 566, 348, 0, 0, 0
21496, 2, 1636470655493, 1636470657754, 2261, 0, 2261, 0, 0, 0
21497, 2, 1636470655497, 1636470657755, 2258, 0, 2258, 0, 0, 0
21521, 1, 1636470657176, 1636470657785, 609, 258, 351, 0, 0, 0
21522, 1, 1636470657230, 1636470657841, 611, 262, 349, 0, 0, 0
21518, 1, 1636470657021, 1636470658025, 1004, 658, 346, 0, 0, 0
21523, 1, 1636470657462, 1636470658073, 611, 262, 349, 0, 0, 0
21524, 1, 1636470657531, 1636470658141, 610, 261, 349, 0, 0, 0
21525, 1, 1636470657537, 1636470658144, 607, 264, 343, 0, 1, 1
21526, 1, 1636470657561, 1636470658173, 612, 263, 349, 0, 1, 1
21503, 1, 1636470655886, 1636470658233, 2347, 1954, 393, 0, 0, 0
21528, 1, 1636470657718, 1636470658373, 655, 307, 348, 0, 1, 1
21529, 1, 1636470657845, 1636470658497, 652, 262, 390, 0, 1, 1
21527, 1, 1636470657573, 1636470658525, 952, 603, 349, 1, 0, 1
21531, 1, 1636470657921, 1636470658537, 616, 262, 354, 0, 1, 1
21532, 1, 1636470658045, 1636470658661, 616, 262, 354, 0, 0, 0
21533, 1, 1636470658077, 1636470658696, 619, 262, 357, 0, 0, 0
21535, 1, 1636470658190, 1636470658805, 615, 267, 348, 1, 0, 1
21530, 1, 1636470657845, 1636470658845, 1000, 606, 394, 0, 0, 0
21537, 1, 1636470658341, 1636470658957, 616, 266, 350, 0, 0, 0
21538, 1, 1636470658373, 1636470658993, 620, 270, 350, 0, 0, 0
21534, 1, 1636470658134, 1636470659045, 911, 562, 349, 0, 1, 1
21540, 1, 1636470658516, 1636470659133, 617, 270, 347, 1, 0, 1
21541, 1, 1636470658587, 1636470659197, 610, 262, 348, 0, 0, 0
21536, 1, 1636470658235, 1636470659197, 962, 566, 396, 0, 0, 0
21539, 1, 1636470658380, 1636470659389, 1009, 662, 347, 0, 0, 0
21520, 2, 1636470657058, 1636470659414, 2356, 92, 2264, 0, 0, 0
21542, 1, 1636470658841, 1636470659457, 616, 262, 354, 0, 0, 0
21543, 1, 1636470658849, 1636470659461, 612, 262, 350, 0, 0, 0
21544, 1, 1636470658880, 1636470659493, 613, 262, 351, 0, 0, 0
21546, 1, 1636470658929, 1636470659545, 616, 262, 354, 0, 0, 0
21547, 1, 1636470659081, 1636470659737, 656, 306, 350, 0, 0, 0
21550, 1, 1636470659199, 1636470659809, 610, 261, 349, 0, 0, 0
21545, 1, 1636470658891, 1636470659837, 946, 602, 344, 0, 0, 0
21551, 1, 1636470659375, 1636470659981, 606, 263, 343, 1, 1, 2
21552, 1, 1636470659425, 1636470660033, 608, 262, 346, 0, 0, 0
21554, 1, 1636470659501, 1636470660153, 652, 262, 390, 0, 0, 0
21555, 1, 1636470659565, 1636470660188, 623, 266, 357, 0, 0, 0
21558, 1, 1636470659743, 1636470660353, 610, 262, 348, 0, 0, 0
21553, 1, 1636470659495, 1636470660377, 882, 538, 344, 0, 0, 0
21559, 1, 1636470659770, 1636470660380, 610, 262, 348, 0, 0, 0
21560, 1, 1636470659805, 1636470660500, 695, 346, 349, 0, 0, 0
21561, 1, 1636470659956, 1636470660576, 620, 266, 354, 0, 0, 0
21557, 1, 1636470659729, 1636470660724, 995, 646, 349, 0, 0, 0
21562, 1, 1636470660187, 1636470660797, 610, 262, 348, 0, 0, 0
21564, 1, 1636470660219, 1636470660829, 610, 263, 347, 0, 0, 0
21566, 1, 1636470660246, 1636470660857, 611, 263, 348, 2, 0, 2
21565, 1, 1636470660242, 1636470660857, 615, 262, 353, 0, 0, 0
21567, 1, 1636470660421, 1636470661068, 647, 299, 348, 1, 1, 2
21563, 1, 1636470660203, 1636470661148, 945, 598, 347, 0, 1, 1
21568, 1, 1636470660539, 1636470661204, 665, 322, 343, 0, 0, 0
21548, 2, 1636470659142, 1636470661362, 2220, 1, 2219, 1, 0, 1
21549, 2, 1636470659143, 1636470661363, 2220, 1, 2219, 1, 1, 2
21569, 1, 1636470660765, 1636470661381, 616, 266, 350, 0, 0, 0
21570, 1, 1636470660779, 1636470661408, 629, 274, 355, 0, 0, 0
21571, 1, 1636470660825, 1636470661449, 624, 258, 366, 0, 0, 0
21573, 1, 1636470660913, 1636470661537, 624, 267, 357, 0, 0, 0
21574, 1, 1636470661043, 1636470661661, 618, 266, 352, 0, 0, 0
21575, 1, 1636470661057, 1636470661681, 624, 268, 356, 2, 1, 3
21572, 1, 1636470660834, 1636470661729, 895, 550, 345, 0, 0, 0
21577, 1, 1636470661172, 1636470661793, 621, 278, 343, 0, 0, 0
21556, 1, 1636470659590, 1636470661845, 2255, 1907, 348, 1, 1, 2
21578, 1, 1636470661326, 1636470661937, 611, 266, 345, 0, 0, 0
21576, 1, 1636470661063, 1636470662077, 1014, 667, 347, 2, 0, 2
21581, 1, 1636470661489, 1636470662105, 616, 266, 350, 0, 0, 0
21579, 1, 1636470661453, 1636470662108, 655, 263, 392, 2, 0, 2
21583, 1, 1636470661518, 1636470662132, 614, 262, 352, 0, 0, 0
21584, 1, 1636470661530, 1636470662141, 611, 262, 349, 0, 0, 0
21585, 1, 1636470661608, 1636470662217, 609, 262, 347, 0, 0, 0
21586, 1, 1636470661812, 1636470662421, 609, 262, 347, 0, 0, 0
21582, 1, 1636470661505, 1636470662449, 944, 590, 354, 0, 0, 0
21580, 1, 1636470661453, 1636470662457, 1004, 614, 390, 1, 0, 1
21587, 1, 1636470661829, 1636470662485, 656, 302, 354, 0, 0, 0
21590, 1, 1636470662125, 1636470662745, 620, 262, 358, 0, 2, 2
21592, 1, 1636470662186, 1636470662797, 611, 262, 349, 0, 0, 0
21593, 1, 1636470662212, 1636470662832, 620, 275, 345, 0, 1, 1
21595, 1, 1636470662386, 1636470662997, 611, 262, 349, 0, 0, 0
21596, 1, 1636470662421, 1636470663033, 612, 263, 349, 0, 0, 0
21597, 1, 1636470662538, 1636470663149, 611, 263, 348, 1, 1, 2
21598, 1, 1636470662631, 1636470663245, 614, 263, 351, 0, 0, 0
21599, 1, 1636470662701, 1636470663313, 612, 263, 349, 0, 1, 1
21601, 1, 1636470662839, 1636470663449, 610, 262, 348, 0, 0, 0
21602, 1, 1636470662862, 1636470663477, 615, 262, 353, 0, 0, 0
21604, 1, 1636470662902, 1636470663513, 611, 263, 348, 0, 0, 0
21605, 1, 1636470662919, 1636470663529, 610, 262, 348, 0, 0, 0
21600, 1, 1636470662716, 1636470663660, 944, 594, 350, 0, 0, 0
21603, 1, 1636470662893, 1636470663797, 904, 554, 350, 0, 1, 1
21607, 1, 1636470663221, 1636470663829, 608, 262, 346, 0, 0, 0
21608, 1, 1636470663479, 1636470664093, 614, 267, 347, 1, 0, 1
21609, 1, 1636470663502, 1636470664109, 607, 262, 345, 0, 0, 0
21610, 1, 1636470663604, 1636470664212, 608, 262, 346, 0, 0, 0
21611, 1, 1636470663716, 1636470664325, 609, 262, 347, 0, 0, 0
21612, 1, 1636470663727, 1636470664337, 610, 263, 347, 0, 0, 0
21589, 2, 1636470662060, 1636470664338, 2278, 1, 2277, 1, 0, 1
21588, 2, 1636470661847, 1636470664339, 2492, 0, 2492, 0, 1, 1
21591, 2, 1636470662164, 1636470664390, 2226, 0, 2226, 0, 0, 0
21613, 1, 1636470663854, 1636470664469, 615, 262, 353, 0, 0, 0
21594, 2, 1636470662371, 1636470664590, 2219, 0, 2219, 0, 0, 0
21614, 1, 1636470664023, 1636470664633, 610, 262, 348, 1, 0, 1
21615, 1, 1636470664048, 1636470664665, 617, 267, 350, 1, 0, 1
21617, 1, 1636470664165, 1636470664776, 611, 263, 348, 0, 1, 1
21618, 1, 1636470664186, 1636470664797, 611, 262, 349, 1, 0, 1
21619, 1, 1636470664214, 1636470664824, 610, 262, 348, 0, 0, 0
21620, 1, 1636470664228, 1636470664841, 613, 263, 350, 1, 1, 2
21616, 1, 1636470664052, 1636470665013, 961, 610, 351, 0, 0, 0
21606, 1, 1636470663108, 1636470665064, 1956, 1602, 354, 0, 0, 0
21622, 1, 1636470664425, 1636470665077, 652, 262, 390, 0, 0, 0
21623, 1, 1636470664425, 1636470665081, 656, 262, 394, 0, 0, 0
21621, 1, 1636470664240, 1636470665145, 905, 554, 351, 0, 0, 0
21625, 1, 1636470664562, 1636470665193, 631, 278, 353, 0, 0, 0
21627, 1, 1636470664766, 1636470665373, 607, 262, 345, 0, 0, 0
21628, 1, 1636470664880, 1636470665492, 612, 262, 350, 0, 0, 0
21629, 1, 1636470664978, 1636470665589, 611, 262, 349, 0, 0, 0
21630, 1, 1636470665001, 1636470665617, 616, 263, 353, 0, 0, 0
21631, 1, 1636470665043, 1636470665657, 614, 262, 352, 0, 0, 0
21633, 1, 1636470665207, 1636470665845, 638, 286, 352, 0, 0, 0
21636, 1, 1636470665420, 1636470666037, 617, 263, 354, 0, 0, 0
21637, 1, 1636470665476, 1636470666085, 609, 264, 345, 1, 0, 1
21638, 1, 1636470665489, 1636470666104, 615, 267, 348, 0, 0, 0
21639, 1, 1636470665500, 1636470666117, 617, 266, 351, 0, 0, 0
21642, 1, 1636470665662, 1636470666273, 611, 262, 349, 0, 0, 0
21643, 1, 1636470665715, 1636470666329, 614, 262, 352, 0, 0, 0
21644, 1, 1636470665876, 1636470666489, 613, 262, 351, 0, 0, 0
21645, 1, 1636470666122, 1636470666733, 611, 262, 349, 0, 0, 0
21646, 1, 1636470666281, 1636470666892, 611, 262, 349, 0, 0, 0
21647, 1, 1636470666301, 1636470666917, 616, 264, 352, 0, 0, 0
21626, 2, 1636470664677, 1636470666958, 2281, 0, 2281, 0, 0, 0
21624, 2, 1636470664477, 1636470666959, 2482, 0, 2482, 0, 0, 0
21648, 1, 1636470666387, 1636470666997, 610, 262, 348, 0, 0, 0
21649, 1, 1636470666396, 1636470667005, 609, 262, 347, 0, 2, 2
21650, 1, 1636470666585, 1636470667245, 660, 310, 350, 0, 0, 0
21632, 2, 1636470665066, 1636470667334, 2268, 0, 2268, 0, 0, 0
21651, 1, 1636470666755, 1636470667365, 610, 262, 348, 0, 0, 0
21652, 1, 1636470666800, 1636470667408, 608, 263, 345, 0, 0, 0
21653, 1, 1636470666807, 1636470667417, 610, 266, 344, 0, 0, 0
21654, 1, 1636470666853, 1636470667473, 620, 262, 358, 0, 0, 0
21635, 2, 1636470665374, 1636470667595, 2221, 1, 2220, 0, 1, 1
21634, 2, 1636470665373, 1636470667595, 2222, 1, 2221, 1, 1, 2
21655, 1, 1636470667044, 1636470667653, 609, 262, 347, 0, 0, 0
21657, 1, 1636470667045, 1636470667696, 651, 262, 389, 0, 0, 0
21658, 1, 1636470667090, 1636470667705, 615, 262, 353, 0, 0, 0
21640, 2, 1636470665548, 1636470667770, 2222, 0, 2222, 0, 0, 0
21641, 2, 1636470665589, 1636470667810, 2221, 0, 2221, 0, 0, 0
21659, 1, 1636470667255, 1636470667869, 614, 262, 352, 0, 0, 0
21656, 1, 1636470667045, 1636470668041, 996, 607, 389, 1, 1, 2
21661, 1, 1636470667492, 1636470668105, 613, 262, 351, 0, 1, 1
21662, 1, 1636470667568, 1636470668181, 613, 262, 351, 0, 0, 0
21663, 1, 1636470667596, 1636470668209, 613, 261, 352, 0, 0, 0
21664, 1, 1636470667685, 1636470668333, 648, 262, 386, 0, 0, 0
21666, 1, 1636470667740, 1636470668357, 617, 262, 355, 0, 0, 0
21660, 1, 1636470667421, 1636470668385, 964, 578, 386, 0, 0, 0
21667, 1, 1636470667789, 1636470668404, 615, 264, 351, 0, 1, 1
21670, 1, 1636470667913, 1636470668557, 644, 294, 350, 0, 0, 0
21671, 1, 1636470668052, 1636470668661, 609, 262, 347, 0, 0, 0
21665, 1, 1636470667685, 1636470668681, 996, 599, 397, 0, 1, 1
21672, 1, 1636470668069, 1636470668685, 616, 263, 353, 0, 1, 1
21673, 1, 1636470668160, 1636470668777, 617, 266, 351, 0, 0, 0
21674, 1, 1636470668254, 1636470668865, 611, 263, 348, 0, 0, 0
21675, 1, 1636470668282, 1636470668897, 615, 262, 353, 0, 0, 0
21677, 1, 1636470668409, 1636470669021, 612, 262, 350, 0, 0, 0
21678, 1, 1636470668446, 1636470669060, 614, 266, 348, 0, 0, 0
21676, 1, 1636470668333, 1636470669241, 908, 562, 346, 1, 0, 1
21679, 1, 1636470668656, 1636470669269, 613, 262, 351, 0, 0, 0
21681, 1, 1636470668875, 1636470669489, 614, 266, 348, 0, 0, 0
21682, 1, 1636470668881, 1636470669492, 611, 262, 349, 0, 0, 0
21683, 1, 1636470668977, 1636470669589, 612, 263, 349, 0, 1, 1
21680, 1, 1636470668690, 1636470669589, 899, 550, 349, 0, 0, 0
21684, 1, 1636470668985, 1636470669605, 620, 264, 356, 0, 1, 1
21686, 1, 1636470669028, 1636470669641, 613, 262, 351, 0, 0, 0
21687, 1, 1636470669079, 1636470669693, 614, 263, 351, 1, 0, 1
21685, 1, 1636470668987, 1636470669937, 950, 599, 351, 1, 0, 1
21689, 1, 1636470669349, 1636470669961, 612, 263, 349, 0, 0, 0
21688, 1, 1636470669277, 1636470669961, 684, 327, 357, 0, 0, 0
21690, 1, 1636470669376, 1636470669989, 613, 262, 351, 0, 0, 0
21691, 1, 1636470669446, 1636470670057, 611, 264, 347, 0, 2, 2
21692, 1, 1636470669568, 1636470670181, 613, 263, 350, 0, 0, 0
21668, 2, 1636470667861, 1636470670262, 2401, 0, 2401, 0, 0, 0
21669, 2, 1636470667901, 1636470670263, 2362, 0, 2362, 0, 0, 0
21693, 1, 1636470669644, 1636470670264, 620, 262, 358, 0, 0, 0
21695, 1, 1636470669769, 1636470670377, 608, 262, 346, 0, 0, 0
21696, 1, 1636470669792, 1636470670409, 617, 262, 355, 0, 0, 0
21697, 1, 1636470669945, 1636470670557, 612, 267, 345, 0, 1, 1
21694, 1, 1636470669689, 1636470670613, 924, 580, 344, 0, 2, 2
21699, 1, 1636470670187, 1636470670800, 613, 263, 350, 0, 1, 1
21700, 1, 1636470670187, 1636470670800, 613, 264, 349, 1, 2, 3
21701, 1, 1636470670288, 1636470670901, 613, 263, 350, 1, 1, 2
21703, 1, 1636470670296, 1636470670917, 621, 262, 359, 0, 0, 0
21698, 1, 1636470670030, 1636470670961, 931, 582, 349, 1, 0, 1
21706, 1, 1636470670382, 1636470670989, 607, 263, 344, 0, 1, 1
21704, 1, 1636470670349, 1636470671005, 656, 262, 394, 1, 1, 2
21707, 1, 1636470670439, 1636470671044, 605, 263, 342, 1, 1, 2
21709, 1, 1636470670614, 1636470671225, 611, 263, 348, 0, 0, 0
21702, 1, 1636470670290, 1636470671249, 959, 610, 349, 0, 1, 1
21708, 1, 1636470670606, 1636470671265, 659, 311, 348, 0, 0, 0
21710, 1, 1636470670689, 1636470671300, 611, 263, 348, 0, 0, 0
21705, 1, 1636470670357, 1636470671357, 1000, 606, 394, 0, 0, 0
21711, 1, 1636470670839, 1636470671453, 614, 263, 351, 0, 0, 0
21712, 1, 1636470670928, 1636470671553, 625, 274, 351, 0, 0, 0
21713, 1, 1636470670999, 1636470671612, 613, 267, 346, 0, 0, 0
21715, 1, 1636470671059, 1636470671677, 618, 267, 351, 0, 1, 1
21716, 1, 1636470671104, 1636470671716, 612, 267, 345, 0, 1, 1
21717, 1, 1636470671333, 1636470671945, 612, 262, 350, 0, 0, 0
21714, 1, 1636470671054, 1636470671965, 911, 555, 356, 1, 0, 1
21719, 1, 1636470671455, 1636470672065, 610, 264, 346, 1, 2, 3
21720, 1, 1636470671579, 1636470672189, 610, 262, 348, 1, 1, 2
21721, 1, 1636470671602, 1636470672216, 614, 266, 348, 0, 0, 0
21722, 1, 1636470671615, 1636470672228, 613, 262, 351, 0, 1, 1
21724, 1, 1636470671624, 1636470672241, 617, 263, 354, 0, 0, 0
21718, 1, 1636470671396, 1636470672313, 917, 566, 351, 0, 1, 1
21726, 1, 1636470671735, 1636470672349, 614, 266, 348, 0, 0, 0
21727, 1, 1636470671746, 1636470672360, 614, 267, 347, 0, 1, 1
21728, 1, 1636470671897, 1636470672505, 608, 259, 349, 0, 1, 1
21730, 1, 1636470671954, 1636470672565, 611, 262, 349, 0, 0, 0
21723, 1, 1636470671620, 1636470672565, 945, 595, 350, 0, 1, 1
21725, 1, 1636470671639, 1636470672573, 934, 591, 343, 0, 0, 0
21729, 1, 1636470671902, 1636470672584, 682, 332, 350, 2, 0, 2
21731, 1, 1636470672197, 1636470672808, 611, 262, 349, 0, 0, 0
21732, 1, 1636470672232, 1636470672841, 609, 263, 346, 0, 1, 1
21733, 1, 1636470672265, 1636470672933, 668, 315, 353, 0, 1, 1
21735, 1, 1636470672436, 1636470673053, 617, 263, 354, 2, 0, 2
21736, 1, 1636470672437, 1636470673053, 616, 267, 349, 1, 0, 1
21737, 1, 1636470672629, 1636470673240, 611, 262, 349, 0, 0, 0
21734, 1, 1636470672379, 1636470673280, 901, 555, 346, 0, 1, 1
21739, 1, 1636470672737, 1636470673349, 612, 267, 345, 0, 0, 0
21740, 1, 1636470672908, 1636470673521, 613, 262, 351, 0, 0, 0
21741, 1, 1636470672950, 1636470673561, 611, 262, 349, 0, 0, 0
21743, 1, 1636470672976, 1636470673589, 613, 263, 350, 2, 0, 2
21744, 1, 1636470672977, 1636470673597, 620, 263, 357, 1, 0, 1
21738, 1, 1636470672698, 1636470673629, 931, 582, 349, 0, 0, 0
21747, 1, 1636470673118, 1636470673729, 611, 262, 349, 0, 0, 0
21749, 1, 1636470673228, 1636470673837, 609, 262, 347, 0, 0, 0
21750, 1, 1636470673236, 1636470673844, 608, 262, 346, 0, 0, 0
21748, 1, 1636470673176, 1636470673869, 693, 342, 351, 0, 0, 0
21742, 1, 1636470672959, 1636470673909, 950, 603, 347, 0, 1, 1
21745, 1, 1636470673013, 1636470673945, 932, 586, 346, 0, 0, 0
21746, 1, 1636470673063, 1636470673977, 914, 566, 348, 0, 0, 0
21752, 1, 1636470673533, 1636470674145, 612, 262, 350, 0, 0, 0
21753, 1, 1636470673609, 1636470674221, 612, 263, 349, 1, 0, 1
21751, 1, 1636470673460, 1636470674321, 861, 514, 347, 1, 0, 1
21756, 1, 1636470673784, 1636470674397, 613, 260, 353, 1, 0, 1
21755, 1, 1636470673784, 1636470674397, 613, 263, 350, 2, 1, 3
21754, 1, 1636470673691, 1636470674493, 802, 454, 348, 0, 0, 0
21757, 1, 1636470673891, 1636470674669, 778, 430, 348, 1, 0, 1
21759, 1, 1636470674067, 1636470674677, 610, 262, 348, 0, 0, 0
21760, 1, 1636470674178, 1636470674789, 611, 262, 349, 0, 0, 0
21758, 1, 1636470674007, 1636470674841, 834, 487, 347, 0, 0, 0
21761, 1, 1636470674267, 1636470674885, 618, 262, 356, 1, 0, 1
21762, 1, 1636470674290, 1636470674897, 607, 262, 345, 0, 1, 1
21765, 1, 1636470674359, 1636470674973, 614, 266, 348, 1, 0, 1
21766, 1, 1636470674361, 1636470674981, 620, 266, 354, 0, 1, 1
21767, 1, 1636470674429, 1636470675041, 612, 263, 349, 0, 0, 0
21768, 1, 1636470674463, 1636470675137, 674, 326, 348, 0, 0, 0
21770, 1, 1636470674566, 1636470675177, 611, 262, 349, 0, 0, 0
21769, 1, 1636470674562, 1636470675177, 615, 267, 348, 1, 0, 1
21764, 1, 1636470674326, 1636470675233, 907, 559, 348, 1, 0, 1
21763, 1, 1636470674324, 1636470675248, 924, 571, 353, 1, 0, 1
21771, 1, 1636470674755, 1636470675361, 606, 262, 344, 0, 0, 0
21772, 1, 1636470674920, 1636470675533, 613, 262, 351, 0, 0, 0
21773, 1, 1636470674937, 1636470675549, 612, 263, 349, 1, 0, 1
21775, 1, 1636470675069, 1636470675677, 608, 262, 346, 0, 0, 0
21776, 1, 1636470675125, 1636470675741, 616, 262, 354, 0, 0, 0
21777, 1, 1636470675211, 1636470675821, 610, 262, 348, 0, 0, 0
21774, 1, 1636470675054, 1636470675892, 838, 494, 344, 0, 0, 0
21779, 1, 1636470675401, 1636470676013, 612, 262, 350, 0, 0, 0
21780, 1, 1636470675475, 1636470676093, 618, 262, 356, 0, 0, 0
21781, 1, 1636470675604, 1636470676217, 613, 262, 351, 0, 0, 0
21782, 1, 1636470675612, 1636470676233, 621, 262, 359, 0, 0, 0
21778, 1, 1636470675341, 1636470676245, 904, 555, 349, 1, 0, 1
21784, 1, 1636470675624, 1636470676245, 621, 266, 355, 0, 0, 0
21786, 1, 1636470675709, 1636470676321, 612, 262, 350, 0, 0, 0
21788, 1, 1636470675755, 1636470676365, 610, 263, 347, 0, 0, 0
21787, 1, 1636470675751, 1636470676441, 690, 342, 348, 0, 0, 0
21789, 1, 1636470675888, 1636470676505, 617, 263, 354, 0, 1, 1
21790, 1, 1636470675900, 1636470676521, 621, 263, 358, 0, 1, 1
21783, 1, 1636470675622, 1636470676565, 943, 594, 349, 0, 0, 0
21785, 1, 1636470675693, 1636470676581, 888, 538, 350, 0, 0, 0
21791, 1, 1636470676024, 1636470676637, 613, 263, 350, 0, 1, 1
21792, 1, 1636470676200, 1636470676813, 613, 263, 350, 1, 0, 1
21793, 1, 1636470676335, 1636470676949, 614, 266, 348, 0, 0, 0
21795, 1, 1636470676423, 1636470677033, 610, 262, 348, 0, 0, 0
21796, 1, 1636470676429, 1636470677041, 612, 262, 350, 0, 0, 0
21797, 1, 1636470676480, 1636470677093, 613, 262, 351, 0, 0, 0
21798, 1, 1636470676699, 1636470677305, 606, 262, 344, 0, 0, 0
21794, 1, 1636470676400, 1636470677305, 905, 550, 355, 0, 0, 0
21801, 1, 1636470676932, 1636470677549, 617, 261, 356, 1, 0, 1
21802, 1, 1636470676963, 1636470677585, 622, 270, 352, 0, 0, 0
21804, 1, 1636470676978, 1636470677589, 611, 267, 344, 1, 0, 1
21805, 1, 1636470676995, 1636470677609, 614, 262, 352, 0, 0, 0
21808, 1, 1636470677077, 1636470677701, 624, 262, 362, 0, 0, 0
21809, 1, 1636470677207, 1636470677817, 610, 260, 350, 0, 0, 0
21810, 1, 1636470677227, 1636470677833, 606, 259, 347, 0, 0, 0
21803, 1, 1636470676965, 1636470677933, 968, 618, 350, 0, 0, 0
21806, 1, 1636470677034, 1636470677937, 903, 550, 353, 2, 0, 2
21811, 1, 1636470677322, 1636470677937, 615, 262, 353, 1, 0, 1
21812, 1, 1636470677512, 1636470678125, 613, 263, 350, 0, 0, 0
21813, 1, 1636470677689, 1636470678301, 612, 262, 350, 1, 0, 1
21815, 1, 1636470677778, 1636470678393, 615, 262, 353, 1, 0, 1
21816, 1, 1636470677787, 1636470678396, 609, 263, 346, 0, 0, 0
21817, 1, 1636470677798, 1636470678417, 619, 266, 353, 0, 0, 0
21818, 1, 1636470677967, 1636470678581, 614, 266, 348, 0, 0, 0
21814, 1, 1636470677760, 1636470678657, 897, 542, 355, 0, 0, 0
21820, 1, 1636470678272, 1636470678897, 625, 267, 358, 1, 1, 2
21821, 1, 1636470678294, 1636470678909, 615, 262, 353, 0, 1, 1
21822, 1, 1636470678318, 1636470678925, 607, 262, 345, 1, 1, 2
21825, 1, 1636470678442, 1636470679048, 606, 262, 344, 0, 0, 0
21826, 1, 1636470678494, 1636470679101, 607, 262, 345, 0, 0, 0
21827, 1, 1636470678537, 1636470679153, 616, 267, 349, 1, 0, 1
21799, 2, 1636470676713, 1636470679175, 2462, 0, 2462, 0, 0, 0
21800, 2, 1636470676788, 1636470679175, 2387, 0, 2387, 0, 1, 1
21824, 1, 1636470678362, 1636470679257, 895, 547, 348, 1, 0, 1
21807, 2, 1636470677050, 1636470679274, 2224, 0, 2224, 0, 0, 0
21823, 1, 1636470678326, 1636470679276, 950, 598, 352, 0, 0, 0
21829, 1, 1636470678789, 1636470679405, 616, 262, 354, 0, 0, 0
21830, 1, 1636470678959, 1636470679569, 610, 262, 348, 0, 1, 1
21833, 1, 1636470679121, 1636470679737, 616, 263, 353, 0, 1, 1
21834, 1, 1636470679133, 1636470679753, 620, 266, 354, 0, 0, 0
21837, 1, 1636470679290, 1636470679909, 619, 270, 349, 0, 0, 0
21836, 1, 1636470679265, 1636470679925, 660, 263, 397, 1, 2, 3
21831, 1, 1636470679080, 1636470679925, 845, 492, 353, 2, 1, 3
21835, 1, 1636470679265, 1636470679925, 660, 263, 397, 1, 1, 2
21839, 1, 1636470679648, 1636470680265, 617, 268, 349, 1, 2, 3
21838, 1, 1636470679361, 1636470680273, 912, 522, 390, 1, 0, 1
21840, 1, 1636470679648, 1636470680277, 629, 273, 356, 1, 0, 1
21842, 1, 1636470679667, 1636470680284, 617, 264, 353, 1, 2, 3
21844, 1, 1636470679806, 1636470680421, 615, 262, 353, 0, 0, 0
21845, 1, 1636470679825, 1636470680449, 624, 262, 362, 0, 0, 0
21819, 2, 1636470678244, 1636470680470, 2226, 0, 2226, 0, 0, 0
21846, 1, 1636470679861, 1636470680477, 616, 263, 353, 0, 0, 0
21841, 1, 1636470679651, 1636470680609, 958, 614, 344, 0, 1, 1
21843, 1, 1636470679721, 1636470680629, 908, 558, 350, 0, 0, 0
21847, 1, 1636470680133, 1636470680745, 612, 262, 350, 0, 0, 0
21828, 2, 1636470678636, 1636470680858, 2222, 0, 2222, 0, 0, 0
21848, 1, 1636470680317, 1636470680937, 620, 266, 354, 0, 0, 0
21849, 1, 1636470680400, 1636470681016, 616, 266, 350, 0, 0, 0
21851, 1, 1636470680497, 1636470681113, 616, 262, 354, 0, 0, 0
21852, 1, 1636470680516, 1636470681125, 609, 263, 346, 0, 0, 0
21854, 1, 1636470680575, 1636470681184, 609, 262, 347, 0, 0, 0
21853, 1, 1636470680561, 1636470681213, 652, 262, 390, 0, 0, 0
21855, 1, 1636470680614, 1636470681221, 607, 262, 345, 0, 0, 0
21850, 1, 1636470680414, 1636470681289, 875, 522, 353, 0, 0, 0
21832, 1, 1636470679085, 1636470681341, 2256, 1903, 353, 0, 1, 1
21856, 1, 1636470680622, 1636470681461, 839, 490, 349, 0, 0, 0
21858, 1, 1636470680962, 1636470681577, 615, 268, 347, 1, 0, 1
21859, 1, 1636470680964, 1636470681581, 617, 266, 351, 0, 0, 0
21857, 1, 1636470680945, 1636470681600, 655, 263, 392, 2, 0, 2
21861, 1, 1636470680990, 1636470681600, 610, 263, 347, 2, 0, 2
21863, 1, 1636470681133, 1636470681744, 611, 263, 348, 2, 0, 2
21865, 1, 1636470681245, 1636470681857, 612, 263, 349, 1, 0, 1
21864, 1, 1636470681177, 1636470681925, 748, 394, 354, 0, 0, 0
21860, 1, 1636470680978, 1636470681929, 951, 602, 349, 0, 0, 0
21862, 1, 1636470681090, 1636470681949, 859, 509, 350, 0, 0, 0
21866, 1, 1636470681342, 1636470682001, 659, 262, 397, 0, 0, 0
21867, 1, 1636470681445, 1636470682277, 832, 482, 350, 0, 0, 0
21868, 1, 1636470681692, 1636470682313, 621, 266, 355, 0, 0, 0
21869, 1, 1636470681730, 1636470682337, 607, 262, 345, 0, 0, 0
21871, 1, 1636470681826, 1636470682436, 610, 263, 347, 0, 1, 1
21872, 1, 1636470681846, 1636470682461, 615, 266, 349, 1, 0, 1
21873, 1, 1636470681849, 1636470682473, 624, 271, 353, 0, 1, 1
21874, 1, 1636470681890, 1636470682509, 619, 263, 356, 1, 0, 1
21876, 1, 1636470682017, 1636470682632, 615, 267, 348, 0, 0, 0
21870, 1, 1636470681765, 1636470682665, 900, 550, 350, 0, 0, 0
21875, 1, 1636470681998, 1636470682825, 827, 474, 353, 0, 0, 0
21877, 1, 1636470682230, 1636470682845, 615, 262, 353, 0, 2, 2
21878, 1, 1636470682252, 1636470682873, 621, 262, 359, 0, 0, 0
21879, 1, 1636470682300, 1636470682913, 613, 263, 350, 0, 1, 1
21880, 1, 1636470682304, 1636470682917, 613, 262, 351, 0, 1, 1
21883, 1, 1636470682473, 1636470683085, 612, 266, 346, 0, 0, 0
21884, 1, 1636470682536, 1636470683149, 613, 267, 346, 0, 0, 0
21885, 1, 1636470682598, 1636470683209, 611, 262, 349, 0, 0, 0
21886, 1, 1636470682632, 1636470683245, 613, 262, 351, 0, 0, 0
21882, 1, 1636470682411, 1636470683261, 850, 506, 344, 1, 0, 1
21881, 1, 1636470682311, 1636470683261, 950, 602, 348, 1, 0, 1
21887, 1, 1636470682748, 1636470683361, 613, 263, 350, 1, 0, 1
21888, 1, 1636470683063, 1636470683673, 610, 262, 348, 1, 0, 1
21889, 1, 1636470683105, 1636470683717, 612, 263, 349, 0, 0, 0
21891, 1, 1636470683133, 1636470683745, 612, 262, 350, 0, 0, 0
21892, 1, 1636470683159, 1636470683777, 618, 266, 352, 0, 0, 0
21893, 1, 1636470683198, 1636470683809, 611, 266, 345, 0, 0, 0
21894, 1, 1636470683250, 1636470683865, 615, 262, 353, 0, 0, 0
21896, 1, 1636470683357, 1636470683965, 608, 263, 345, 0, 0, 0
21890, 1, 1636470683106, 1636470684025, 919, 567, 352, 0, 0, 0
21895, 1, 1636470683328, 1636470684129, 801, 450, 351, 1, 0, 1
21897, 1, 1636470683582, 1636470684197, 615, 266, 349, 0, 0, 0
21898, 1, 1636470683607, 1636470684217, 610, 263, 347, 0, 0, 0
21899, 1, 1636470683663, 1636470684281, 618, 262, 356, 0, 0, 0
21900, 1, 1636470683664, 1636470684281, 617, 262, 355, 0, 0, 0
21904, 1, 1636470683876, 1636470684493, 617, 266, 351, 0, 0, 0
21905, 1, 1636470683896, 1636470684521, 625, 266, 359, 0, 0, 0
21902, 1, 1636470683753, 1636470684568, 815, 466, 349, 0, 0, 0
21906, 1, 1636470683985, 1636470684592, 607, 262, 345, 0, 0, 0
21903, 1, 1636470683775, 1636470684629, 854, 502, 352, 0, 0, 0
21901, 1, 1636470683703, 1636470684629, 926, 578, 348, 1, 0, 1
21907, 1, 1636470684103, 1636470684913, 810, 467, 343, 0, 1, 1
21908, 1, 1636470684368, 1636470684981, 613, 262, 351, 0, 0, 0
21909, 1, 1636470684430, 1636470685036, 606, 262, 344, 0, 1, 1
21911, 1, 1636470684518, 1636470685133, 615, 263, 352, 0, 1, 1
21912, 1, 1636470684530, 1636470685141, 611, 262, 349, 0, 1, 1
21914, 1, 1636470684562, 1636470685169, 607, 262, 345, 1, 0, 1
21913, 1, 1636470684561, 1636470685172, 611, 267, 344, 2, 0, 2
21915, 1, 1636470684655, 1636470685257, 602, 258, 344, 1, 0, 1
21910, 1, 1636470684438, 1636470685333, 895, 542, 353, 0, 1, 1
21917, 1, 1636470684904, 1636470685513, 609, 262, 347, 0, 1, 1
21916, 1, 1636470684673, 1636470685513, 840, 495, 345, 1, 0, 1
21918, 1, 1636470684936, 1636470685557, 621, 268, 353, 1, 0, 1
21919, 1, 1636470684975, 1636470685593, 618, 270, 348, 0, 0, 0
21920, 1, 1636470685016, 1636470685625, 609, 262, 347, 0, 0, 0
21922, 1, 1636470685061, 1636470685673, 612, 262, 350, 0, 0, 0
21924, 1, 1636470685169, 1636470685785, 616, 267, 349, 1, 0, 1
21925, 1, 1636470685200, 1636470685805, 605, 264, 341, 0, 1, 1
21926, 1, 1636470685305, 1636470685921, 616, 266, 350, 0, 0, 0
21923, 1, 1636470685088, 1636470685944, 856, 507, 349, 1, 0, 1
21921, 1, 1636470685037, 1636470685972, 935, 590, 345, 0, 0, 0
21927, 1, 1636470685403, 1636470686017, 614, 263, 351, 1, 1, 2
21928, 1, 1636470685761, 1636470686381, 620, 267, 353, 1, 0, 1
21930, 1, 1636470685824, 1636470686433, 609, 262, 347, 0, 0, 0
21931, 1, 1636470685833, 1636470686445, 612, 262, 350, 0, 0, 0
21932, 1, 1636470685897, 1636470686505, 608, 262, 346, 0, 0, 0
21933, 1, 1636470685902, 1636470686517, 615, 266, 349, 0, 0, 0
21934, 1, 1636470685922, 1636470686533, 611, 262, 349, 0, 0, 0
21935, 1, 1636470685954, 1636470686565, 611, 267, 344, 1, 0, 1
21929, 1, 1636470685813, 1636470686732, 919, 570, 349, 0, 0, 0
21937, 1, 1636470686225, 1636470686833, 608, 262, 346, 0, 1, 1
21936, 1, 1636470686028, 1636470686861, 833, 486, 347, 0, 0, 0
21938, 1, 1636470686272, 1636470686885, 613, 262, 351, 0, 0, 0
21939, 1, 1636470686285, 1636470686896, 611, 262, 349, 1, 0, 1
21940, 1, 1636470686303, 1636470686913, 610, 263, 347, 0, 1, 1
21942, 1, 1636470686372, 1636470686989, 617, 262, 355, 0, 0, 0
21944, 1, 1636470686450, 1636470687069, 619, 266, 353, 0, 1, 1
21941, 1, 1636470686340, 1636470687248, 908, 558, 350, 0, 0, 0
21943, 1, 1636470686388, 1636470687269, 881, 527, 354, 1, 0, 1
21946, 1, 1636470686692, 1636470687308, 616, 262, 354, 0, 0, 0
21947, 1, 1636470686709, 1636470687325, 616, 262, 354, 0, 0, 0
21945, 1, 1636470686505, 1636470687417, 912, 563, 349, 0, 1, 1
21948, 1, 1636470687119, 1636470687733, 614, 266, 348, 0, 0, 0
21949, 1, 1636470687147, 1636470687761, 614, 263, 351, 0, 0, 0
21950, 1, 1636470687164, 1636470687773, 609, 262, 347, 0, 0, 0
21951, 1, 1636470687168, 1636470687788, 620, 262, 358, 1, 0, 1
21953, 1, 1636470687232, 1636470687841, 609, 262, 347, 0, 0, 0
21955, 1, 1636470687262, 1636470687881, 619, 266, 353, 0, 0, 0
21954, 1, 1636470687261, 1636470687881, 620, 267, 353, 1, 0, 1
21952, 1, 1636470687182, 1636470688121, 939, 590, 349, 0, 0, 0
21957, 1, 1636470687528, 1636470688141, 613, 263, 350, 0, 1, 1
21956, 1, 1636470687332, 1636470688188, 856, 506, 350, 0, 0, 0
21958, 1, 1636470687614, 1636470688229, 615, 266, 349, 0, 0, 0
21959, 1, 1636470687627, 1636470688241, 614, 266, 348, 1, 0, 1
21960, 1, 1636470687643, 1636470688253, 610, 262, 348, 0, 0, 0
21963, 1, 1636470687716, 1636470688329, 613, 262, 351, 2, 0, 2
21964, 1, 1636470687725, 1636470688341, 616, 266, 350, 0, 0, 0
21965, 1, 1636470687805, 1636470688417, 612, 262, 350, 1, 0, 1
21966, 1, 1636470687954, 1636470688565, 611, 262, 349, 0, 0, 0
21962, 1, 1636470687703, 1636470688589, 886, 538, 348, 0, 0, 0
21961, 1, 1636470687697, 1636470688601, 904, 554, 350, 0, 0, 0
21967, 1, 1636470688099, 1636470688709, 610, 262, 348, 0, 0, 0
21968, 1, 1636470688384, 1636470689005, 621, 262, 359, 0, 0, 0
21969, 1, 1636470688413, 1636470689025, 612, 262, 350, 0, 0, 0
21970, 1, 1636470688515, 1636470689133, 618, 266, 352, 0, 1, 1
21971, 1, 1636470688542, 1636470689161, 619, 270, 349, 0, 0, 0
21973, 1, 1636470688562, 1636470689177, 615, 266, 349, 0, 0, 0
21974, 1, 1636470688591, 1636470689209, 618, 266, 352, 0, 1, 1
21975, 1, 1636470688593, 1636470689209, 616, 263, 353, 1, 1, 2
21972, 1, 1636470688549, 1636470689513, 964, 611, 353, 2, 1, 3
21977, 1, 1636470688894, 1636470689513, 619, 267, 352, 1, 0, 1
21978, 1, 1636470688902, 1636470689513, 611, 264, 347, 1, 1, 2
21979, 1, 1636470688943, 1636470689561, 618, 266, 352, 0, 0, 0
21976, 1, 1636470688695, 1636470689561, 866, 518, 348, 0, 0, 0
21981, 1, 1636470689010, 1636470689625, 615, 266, 349, 1, 0, 1
21982, 1, 1636470689013, 1636470689629, 616, 262, 354, 0, 0, 0
21983, 1, 1636470689027, 1636470689649, 622, 262, 360, 0, 0, 0
21985, 1, 1636470689116, 1636470689733, 617, 269, 348, 2, 0, 2
21980, 1, 1636470689005, 1636470689861, 856, 501, 355, 0, 0, 0
21986, 1, 1636470689351, 1636470689961, 610, 262, 348, 0, 0, 0
21984, 1, 1636470689049, 1636470689984, 935, 575, 360, 1, 0, 1
21987, 1, 1636470689374, 1636470690001, 627, 262, 365, 0, 0, 0
21988, 1, 1636470689711, 1636470690325, 614, 262, 352, 0, 0, 0
21989, 1, 1636470689737, 1636470690348, 611, 262, 349, 0, 0, 0
21990, 1, 1636470689875, 1636470690485, 610, 267, 343, 0, 0, 0
21991, 1, 1636470689890, 1636470690537, 647, 266, 381, 0, 0, 0
21992, 1, 1636470689903, 1636470690537, 634, 262, 372, 0, 0, 0
21995, 1, 1636470689940, 1636470690589, 649, 262, 387, 0, 0, 0
21994, 1, 1636470689939, 1636470690589, 650, 267, 383, 2, 0, 2
21997, 1, 1636470690201, 1636470690813, 612, 263, 349, 1, 1, 2
21993, 1, 1636470689936, 1636470690885, 949, 596, 353, 2, 1, 3
21998, 1, 1636470690289, 1636470690933, 644, 295, 349, 2, 1, 3
21999, 1, 1636470690291, 1636470690937, 646, 299, 347, 1, 0, 1
21996, 1, 1636470690051, 1636470690937, 886, 534, 352, 0, 0, 0
22002, 1, 1636470690339, 1636470690949, 610, 262, 348, 0, 0, 0
22003, 1, 1636470690382, 1636470690997, 615, 262, 353, 0, 0, 0
22005, 1, 1636470690499, 1636470691109, 610, 262, 348, 0, 0, 0
22001, 1, 1636470690311, 1636470691165, 854, 506, 348, 0, 0, 0
22000, 1, 1636470690301, 1636470691285, 984, 630, 354, 0, 0, 0
22004, 1, 1636470690415, 1636470691345, 930, 582, 348, 0, 0, 0
22006, 1, 1636470690738, 1636470691348, 610, 266, 344, 0, 0, 0
22007, 1, 1636470690769, 1636470691628, 859, 514, 345, 0, 1, 1
22008, 1, 1636470691024, 1636470691644, 620, 266, 354, 0, 0, 0
22009, 1, 1636470691057, 1636470691672, 615, 262, 353, 0, 0, 0
22010, 1, 1636470691213, 1636470691821, 608, 262, 346, 0, 0, 0
22011, 1, 1636470691240, 1636470691849, 609, 263, 346, 0, 0, 0
22012, 1, 1636470691251, 1636470691861, 610, 263, 347, 0, 1, 1
22014, 1, 1636470691265, 1636470691881, 616, 266, 350, 0, 0, 0
22015, 1, 1636470691299, 1636470691909, 610, 262, 348, 0, 0, 0
22017, 1, 1636470691514, 1636470692125, 611, 262, 349, 0, 0, 0
22013, 1, 1636470691256, 1636470692173, 917, 562, 355, 0, 0, 0
22016, 1, 1636470691351, 1636470692229, 878, 527, 351, 0, 1, 1
22020, 1, 1636470691645, 1636470692257, 612, 262, 350, 0, 0, 0
22019, 1, 1636470691641, 1636470692257, 616, 263, 353, 0, 1, 1
22021, 1, 1636470691651, 1636470692260, 609, 266, 343, 0, 1, 1
22022, 1, 1636470691704, 1636470692317, 613, 262, 351, 0, 0, 0
22024, 1, 1636470691713, 1636470692324, 611, 263, 348, 1, 1, 2
22025, 1, 1636470691781, 1636470692392, 611, 263, 348, 0, 0, 0
22018, 1, 1636470691625, 1636470692473, 848, 498, 350, 1, 0, 1
22023, 1, 1636470691713, 1636470692672, 959, 611, 348, 2, 0, 2
22026, 1, 1636470692123, 1636470692728, 605, 264, 341, 1, 0, 1
22027, 1, 1636470692143, 1636470692757, 614, 266, 348, 0, 0, 0
22028, 1, 1636470692291, 1636470692901, 610, 263, 347, 0, 1, 1
22029, 1, 1636470692461, 1636470693073, 612, 262, 350, 0, 1, 1
22030, 1, 1636470692521, 1636470693129, 608, 262, 346, 0, 0, 0
22031, 1, 1636470692556, 1636470693169, 613, 267, 346, 0, 1, 1
22032, 1, 1636470692590, 1636470693197, 607, 262, 345, 0, 1, 1
22034, 1, 1636470692625, 1636470693237, 612, 262, 350, 0, 0, 0
22035, 1, 1636470692642, 1636470693249, 607, 263, 344, 0, 1, 1
22037, 1, 1636470692779, 1636470693401, 622, 262, 360, 0, 0, 0
22038, 1, 1636470692910, 1636470693529, 619, 268, 351, 1, 0, 1
22033, 1, 1636470692604, 1636470693549, 945, 591, 354, 0, 0, 0
22040, 1, 1636470692974, 1636470693581, 607, 262, 345, 0, 0, 0
22041, 1, 1636470692977, 1636470693593, 616, 267, 349, 0, 0, 0
22036, 1, 1636470692713, 1636470693597, 884, 535, 349, 0, 0, 0
22042, 1, 1636470692997, 1636470693613, 616, 267, 349, 0, 0, 0
22043, 1, 1636470693060, 1636470693668, 608, 262, 346, 0, 0, 0
22045, 1, 1636470693118, 1636470693724, 606, 264, 342, 2, 0, 2
22039, 1, 1636470692914, 1636470693749, 835, 482, 353, 0, 0, 0
22046, 1, 1636470693407, 1636470694017, 610, 262, 348, 0, 0, 0
22044, 1, 1636470693076, 1636470694017, 941, 586, 355, 0, 0, 0
22047, 1, 1636470693466, 1636470694085, 619, 262, 357, 0, 0, 0
22048, 1, 1636470693573, 1636470694185, 612, 266, 346, 0, 0, 0
22049, 1, 1636470693802, 1636470694412, 610, 262, 348, 0, 0, 0
22050, 1, 1636470693858, 1636470694469, 611, 263, 348, 0, 0, 0
22051, 1, 1636470693912, 1636470694533, 621, 262, 359, 0, 0, 0
22052, 1, 1636470693947, 1636470694557, 610, 262, 348, 0, 0, 0
22053, 1, 1636470693947, 1636470694561, 614, 262, 352, 0, 0, 0
22055, 1, 1636470693968, 1636470694581, 613, 262, 351, 0, 0, 0
22057, 1, 1636470694096, 1636470694717, 621, 270, 351, 0, 1, 1
22059, 1, 1636470694257, 1636470694869, 612, 262, 350, 0, 1, 1
22056, 1, 1636470694008, 1636470694881, 873, 522, 351, 0, 1, 1
22054, 1, 1636470693954, 1636470694904, 950, 598, 352, 0, 0, 0
22060, 1, 1636470694305, 1636470694917, 612, 263, 349, 0, 0, 0
22061, 1, 1636470694354, 1636470694965, 611, 262, 349, 0, 1, 1
22062, 1, 1636470694368, 1636470694973, 605, 262, 343, 0, 0, 0
22063, 1, 1636470694417, 1636470695029, 612, 262, 350, 0, 0, 0
22058, 1, 1636470694236, 1636470695065, 829, 478, 351, 0, 0, 0
22065, 1, 1636470694490, 1636470695105, 615, 263, 352, 1, 0, 1
22066, 1, 1636470694745, 1636470695352, 607, 262, 345, 0, 0, 0
22064, 1, 1636470694457, 1636470695381, 924, 570, 354, 0, 0, 0
22067, 1, 1636470694842, 1636470695453, 611, 262, 349, 0, 0, 0
22069, 1, 1636470695077, 1636470695692, 615, 262, 353, 0, 0, 0
22068, 1, 1636470694858, 1636470695801, 943, 594, 349, 0, 0, 0
22070, 1, 1636470695230, 1636470695837, 607, 260, 347, 0, 0, 0
22071, 1, 1636470695252, 1636470695865, 613, 258, 355, 0, 0, 0
22072, 1, 1636470695294, 1636470695905, 611, 262, 349, 0, 0, 0
22073, 1, 1636470695311, 1636470695920, 609, 262, 347, 0, 0, 0
22075, 1, 1636470695351, 1636470695961, 610, 262, 348, 0, 0, 0
22077, 1, 1636470695382, 1636470696149, 767, 419, 348, 0, 1, 1
22079, 1, 1636470695561, 1636470696173, 612, 266, 346, 0, 1, 1
22080, 1, 1636470695603, 1636470696213, 610, 263, 347, 0, 0, 0
22081, 1, 1636470695624, 1636470696241, 617, 262, 355, 0, 0, 0
22074, 1, 1636470695324, 1636470696257, 933, 582, 351, 0, 0, 0
22076, 1, 1636470695364, 1636470696273, 909, 558, 351, 1, 0, 1
22082, 1, 1636470695740, 1636470696353, 613, 266, 347, 0, 0, 0
22083, 1, 1636470695760, 1636470696377, 617, 262, 355, 0, 0, 0
22084, 1, 1636470695801, 1636470696409, 608, 262, 346, 1, 0, 1
22078, 1, 1636470695547, 1636470696497, 950, 605, 345, 0, 0, 0
22086, 1, 1636470696043, 1636470696657, 614, 262, 352, 0, 0, 0
22087, 1, 1636470696113, 1636470696721, 608, 262, 346, 0, 0, 0
22085, 1, 1636470695803, 1636470696761, 958, 607, 351, 3, 0, 3
22088, 1, 1636470696228, 1636470696844, 616, 267, 349, 0, 1, 1
22089, 1, 1636470696425, 1636470697036, 611, 262, 349, 0, 0, 0
22090, 1, 1636470696549, 1636470697165, 616, 267, 349, 1, 0, 1
22091, 1, 1636470696606, 1636470697221, 615, 262, 353, 0, 1, 1
22092, 1, 1636470696627, 1636470697237, 610, 262, 348, 0, 0, 0
22094, 1, 1636470696690, 1636470697308, 618, 266, 352, 2, 0, 2
22096, 1, 1636470696737, 1636470697349, 612, 263, 349, 1, 0, 1
22097, 1, 1636470696748, 1636470697361, 613, 266, 347, 0, 0, 0
22093, 1, 1636470696652, 1636470697565, 913, 561, 352, 0, 0, 0
22099, 1, 1636470696958, 1636470697577, 619, 266, 353, 0, 0, 0
22100, 1, 1636470696977, 1636470697601, 624, 267, 357, 0, 0, 0
22101, 1, 1636470697009, 1636470697621, 612, 263, 349, 0, 0, 0
22102, 1, 1636470697025, 1636470697648, 623, 271, 352, 1, 0, 1
22095, 1, 1636470696723, 1636470697653, 930, 586, 344, 0, 0, 0
22098, 1, 1636470696917, 1636470697709, 792, 438, 354, 0, 0, 0
22104, 1, 1636470697154, 1636470697765, 611, 262, 349, 0, 0, 0
22103, 1, 1636470697055, 1636470698001, 946, 598, 348, 0, 0, 0
22106, 1, 1636470697444, 1636470698053, 609, 262, 347, 0, 0, 0
22107, 1, 1636470697486, 1636470698096, 610, 262, 348, 0, 0, 0
22105, 1, 1636470697172, 1636470698108, 936, 590, 346, 0, 0, 0
22108, 1, 1636470697556, 1636470698164, 608, 262, 346, 0, 0, 0
22109, 1, 1636470697765, 1636470698389, 624, 271, 353, 1, 0, 1
22110, 1, 1636470697843, 1636470698452, 609, 262, 347, 0, 0, 0
22111, 1, 1636470697899, 1636470698505, 606, 262, 344, 1, 0, 1
22113, 1, 1636470697986, 1636470698597, 611, 262, 349, 0, 0, 0
22116, 1, 1636470698075, 1636470698681, 606, 262, 344, 2, 0, 2
22117, 1, 1636470698090, 1636470698713, 623, 267, 356, 0, 0, 0
22114, 1, 1636470698005, 1636470698797, 792, 446, 346, 0, 0, 0
22112, 1, 1636470697968, 1636470698857, 889, 534, 355, 1, 0, 1
22119, 1, 1636470698249, 1636470698857, 608, 261, 347, 0, 0, 0
22115, 1, 1636470698028, 1636470698945, 917, 566, 351, 1, 0, 1
22121, 1, 1636470698344, 1636470698965, 621, 267, 354, 0, 0, 0
22123, 1, 1636470698406, 1636470699025, 619, 266, 353, 0, 0, 0
22118, 1, 1636470698197, 1636470699028, 831, 482, 349, 0, 0, 0
22124, 1, 1636470698476, 1636470699085, 609, 262, 347, 0, 0, 0
22126, 1, 1636470698757, 1636470699365, 608, 262, 346, 0, 0, 0
22125, 1, 1636470698487, 1636470699432, 945, 594, 351, 0, 0, 0
22127, 1, 1636470698824, 1636470699437, 613, 258, 355, 0, 0, 0
22129, 1, 1636470699093, 1636470699700, 607, 262, 345, 0, 0, 0
22130, 1, 1636470699185, 1636470699801, 616, 266, 350, 0, 0, 0
22131, 1, 1636470699232, 1636470699845, 613, 263, 350, 0, 0, 0
22133, 1, 1636470699326, 1636470699937, 611, 263, 348, 1, 1, 2
22134, 1, 1636470699327, 1636470699937, 610, 263, 347, 1, 0, 1
22136, 1, 1636470699378, 1636470699988, 610, 262, 348, 0, 0, 0
22132, 1, 1636470699295, 1636470700145, 850, 506, 344, 0, 0, 0
22139, 1, 1636470699602, 1636470700213, 611, 262, 349, 0, 0, 0
22140, 1, 1636470699694, 1636470700305, 611, 268, 343, 1, 0, 1
22141, 1, 1636470699744, 1636470700357, 613, 262, 351, 0, 0, 0
22142, 1, 1636470699837, 1636470700453, 616, 266, 350, 0, 0, 0
22120, 2, 1636470698319, 1636470700674, 2355, 0, 2355, 0, 0, 0
22122, 2, 1636470698372, 1636470700674, 2302, 0, 2302, 0, 0, 0
22144, 1, 1636470700110, 1636470700716, 606, 263, 343, 1, 0, 1
22145, 1, 1636470700146, 1636470700760, 614, 266, 348, 0, 0, 0
22143, 1, 1636470699867, 1636470700801, 934, 586, 348, 0, 0, 0
22146, 1, 1636470700437, 1636470701052, 615, 263, 352, 1, 1, 2
22147, 1, 1636470700463, 1636470701072, 609, 262, 347, 0, 0, 0
22148, 1, 1636470700520, 1636470701133, 613, 263, 350, 0, 0, 0
22128, 1, 1636470698864, 1636470701157, 2293, 1943, 350, 1, 0, 1
22151, 1, 1636470700713, 1636470701325, 612, 267, 345, 0, 1, 1
22154, 1, 1636470700771, 1636470701385, 614, 266, 348, 0, 0, 0
22149, 1, 1636470700580, 1636470701421, 841, 491, 350, 0, 0, 0
22153, 1, 1636470700761, 1636470701421, 660, 262, 398, 0, 0, 0
22155, 1, 1636470700959, 1636470701569, 610, 263, 347, 1, 0, 1
22156, 1, 1636470700987, 1636470701609, 622, 262, 360, 0, 0, 0
22157, 1, 1636470701013, 1636470701629, 616, 266, 350, 0, 0, 0
22152, 1, 1636470700761, 1636470701677, 916, 523, 393, 0, 0, 0
22137, 2, 1636470699384, 1636470701811, 2427, 0, 2427, 0, 0, 0
22135, 2, 1636470699344, 1636470701811, 2467, 0, 2467, 0, 1, 1
22138, 2, 1636470699503, 1636470701811, 2308, 0, 2308, 0, 0, 0
22158, 1, 1636470701158, 1636470701816, 658, 262, 396, 0, 0, 0
22159, 1, 1636470701230, 1636470701841, 611, 262, 349, 0, 1, 1
22161, 1, 1636470701469, 1636470702085, 616, 266, 350, 0, 0, 0
22162, 1, 1636470701494, 1636470702101, 607, 263, 344, 0, 0, 0
22160, 1, 1636470701238, 1636470702193, 955, 602, 353, 1, 0, 1
22150, 1, 1636470700668, 1636470702297, 1629, 1275, 354, 1, 1, 2
22163, 1, 1636470701721, 1636470702337, 616, 262, 354, 0, 0, 0
22164, 1, 1636470701850, 1636470702469, 619, 266, 353, 0, 0, 0
22165, 1, 1636470701865, 1636470702477, 612, 262, 350, 0, 0, 0
22167, 1, 1636470701901, 1636470702557, 656, 266, 390, 1, 0, 1
22166, 1, 1636470701897, 1636470702557, 660, 270, 390, 1, 0, 1
22170, 1, 1636470702021, 1636470702633, 612, 262, 350, 0, 0, 0
22171, 1, 1636470702038, 1636470702653, 615, 267, 348, 0, 1, 1
22172, 1, 1636470702050, 1636470702668, 618, 270, 348, 0, 0, 0
22173, 1, 1636470702164, 1636470702776, 612, 262, 350, 0, 0, 0
22169, 1, 1636470701926, 1636470702820, 894, 550, 344, 0, 0, 0
22174, 1, 1636470702271, 1636470702885, 614, 262, 352, 0, 0, 0
22168, 1, 1636470701901, 1636470702905, 1004, 602, 402, 0, 0, 0
22176, 1, 1636470702299, 1636470702949, 650, 259, 391, 1, 0, 1
22177, 1, 1636470702408, 1636470703021, 613, 262, 351, 0, 0, 0
22178, 1, 1636470702438, 1636470703053, 615, 262, 353, 0, 0, 0
22175, 1, 1636470702292, 1636470703129, 837, 487, 350, 0, 0, 0
22181, 1, 1636470702756, 1636470703372, 616, 263, 353, 0, 0, 0
22182, 1, 1636470702854, 1636470703465, 611, 262, 349, 0, 0, 0
22183, 1, 1636470703121, 1636470703736, 615, 263, 352, 1, 1, 2
22186, 1, 1636470703211, 1636470703821, 610, 260, 350, 0, 0, 0
22185, 1, 1636470703206, 1636470703821, 615, 266, 349, 2, 0, 2
22189, 1, 1636470703250, 1636470703861, 611, 264, 347, 0, 1, 1
22190, 1, 1636470703298, 1636470703909, 611, 261, 350, 0, 0, 0
22192, 1, 1636470703395, 1636470703997, 602, 260, 342, 0, 2, 2
22193, 1, 1636470703536, 1636470704149, 613, 263, 350, 0, 0, 0
22188, 1, 1636470703246, 1636470704169, 923, 573, 350, 1, 0, 1
22191, 1, 1636470703313, 1636470704169, 856, 506, 350, 2, 0, 2
22195, 1, 1636470703644, 1636470704253, 609, 262, 347, 0, 0, 0
22198, 1, 1636470703707, 1636470704317, 610, 262, 348, 0, 0, 0
22199, 1, 1636470704020, 1636470704629, 609, 262, 347, 0, 0, 0
22200, 1, 1636470704207, 1636470704821, 614, 262, 352, 0, 0, 0
22180, 2, 1636470702607, 1636470704827, 2220, 1, 2219, 2, 1, 3
22179, 2, 1636470702605, 1636470704827, 2222, 1, 2221, 0, 1, 1
22201, 1, 1636470704525, 1636470705137, 612, 262, 350, 0, 0, 0
22202, 1, 1636470704552, 1636470705169, 617, 262, 355, 0, 0, 0
22203, 1, 1636470704588, 1636470705201, 613, 263, 350, 1, 2, 3
22204, 1, 1636470704591, 1636470705201, 610, 263, 347, 2, 1, 3
22207, 1, 1636470704681, 1636470705289, 608, 258, 350, 0, 0, 0
22208, 1, 1636470704724, 1636470705333, 609, 267, 342, 1, 0, 1
22184, 2, 1636470703177, 1636470705398, 2221, 0, 2221, 0, 0, 0
22187, 2, 1636470703234, 1636470705454, 2220, 0, 2220, 0, 0, 0
22209, 1, 1636470704849, 1636470705461, 612, 262, 350, 0, 0, 0
22205, 1, 1636470704619, 1636470705517, 898, 550, 348, 0, 0, 0
22212, 1, 1636470704997, 1636470705613, 616, 264, 352, 0, 1, 1
22213, 1, 1636470705081, 1636470705693, 612, 262, 350, 0, 0, 0
22194, 1, 1636470703542, 1636470705933, 2391, 2042, 349, 0, 0, 0
22214, 1, 1636470705330, 1636470705937, 607, 262, 345, 0, 0, 0
22196, 2, 1636470703666, 1636470706043, 2377, 0, 2377, 0, 1, 1
22197, 2, 1636470703701, 1636470706043, 2342, 0, 2342, 0, 1, 1
22216, 1, 1636470705499, 1636470706109, 610, 263, 347, 0, 1, 1
22218, 1, 1636470705829, 1636470706441, 612, 262, 350, 1, 0, 1
22219, 1, 1636470705875, 1636470706489, 614, 268, 346, 1, 1, 2
22206, 1, 1636470704678, 1636470706529, 1851, 1499, 352, 1, 1, 2
22222, 1, 1636470705947, 1636470706561, 614, 266, 348, 0, 0, 0
22223, 1, 1636470705975, 1636470706593, 618, 268, 350, 3, 0, 3
22224, 1, 1636470705988, 1636470706601, 613, 266, 347, 0, 0, 0
22225, 1, 1636470706012, 1636470706629, 617, 262, 355, 0, 0, 0
22228, 1, 1636470706157, 1636470706777, 620, 262, 358, 0, 0, 0
22226, 1, 1636470706133, 1636470706789, 656, 263, 393, 3, 0, 3
22227, 1, 1636470706133, 1636470706789, 656, 263, 393, 3, 0, 3
22220, 1, 1636470705931, 1636470706836, 905, 553, 352, 1, 0, 1
22229, 1, 1636470706299, 1636470706913, 614, 266, 348, 0, 0, 0
22230, 1, 1636470706395, 1636470707013, 618, 262, 356, 0, 0, 0
22231, 1, 1636470706530, 1636470707181, 651, 262, 389, 0, 0, 0
22211, 2, 1636470704917, 1636470707210, 2293, 1, 2292, 1, 0, 1
22210, 2, 1636470704917, 1636470707210, 2293, 0, 2293, 1, 0, 1
22232, 1, 1636470706638, 1636470707253, 615, 266, 349, 0, 0, 0
22233, 1, 1636470706777, 1636470707397, 620, 262, 358, 0, 0, 0
22221, 1, 1636470705934, 1636470707685, 1751, 1360, 391, 2, 1, 3
22234, 1, 1636470707169, 1636470707780, 611, 266, 345, 0, 0, 0
22235, 1, 1636470707245, 1636470707857, 612, 262, 350, 0, 0, 0
22236, 1, 1636470707252, 1636470707861, 609, 258, 351, 0, 1, 1
22238, 1, 1636470707290, 1636470707901, 611, 262, 349, 1, 0, 1
22241, 1, 1636470707333, 1636470707945, 612, 262, 350, 0, 0, 0
22239, 1, 1636470707297, 1636470707949, 652, 262, 390, 1, 0, 1
22242, 1, 1636470707344, 1636470707949, 605, 263, 342, 0, 1, 1
22217, 2, 1636470705541, 1636470707983, 2442, 0, 2442, 0, 0, 0
22215, 2, 1636470705485, 1636470707983, 2498, 0, 2498, 0, 1, 1
22243, 1, 1636470707389, 1636470708013, 624, 265, 359, 0, 0, 0
22244, 1, 1636470707426, 1636470708037, 611, 262, 349, 0, 0, 0
22245, 1, 1636470707436, 1636470708049, 613, 263, 350, 0, 1, 1
22246, 1, 1636470707571, 1636470708181, 610, 266, 344, 0, 0, 0
22237, 1, 1636470707286, 1636470708209, 923, 571, 352, 0, 2, 2
22240, 1, 1636470707305, 1636470708297, 992, 603, 389, 2, 0, 2
22248, 1, 1636470707748, 1636470708361, 613, 262, 351, 0, 0, 0
22249, 1, 1636470707895, 1636470708509, 614, 267, 347, 1, 0, 1
22250, 1, 1636470707917, 1636470708525, 608, 262, 346, 0, 0, 0
22247, 1, 1636470707686, 1636470708641, 955, 566, 389, 0, 0, 0
22251, 1, 1636470708052, 1636470708664, 612, 262, 350, 0, 0, 0
22252, 1, 1636470708069, 1636470708721, 652, 262, 390, 0, 0, 0
22253, 1, 1636470708069, 1636470709073, 1004, 607, 397, 0, 1, 1
22255, 1, 1636470708556, 1636470709169, 613, 263, 350, 3, 1, 4
22256, 1, 1636470708557, 1636470709169, 612, 263, 349, 3, 0, 3
22257, 1, 1636470708569, 1636470709177, 608, 264, 344, 1, 2, 3
22258, 1, 1636470708582, 1636470709193, 611, 266, 345, 0, 0, 0
22261, 1, 1636470708664, 1636470709277, 613, 262, 351, 0, 0, 0
22262, 1, 1636470708733, 1636470709353, 620, 267, 353, 1, 1, 2
22263, 1, 1636470708782, 1636470709397, 615, 267, 348, 0, 1, 1
22264, 1, 1636470708798, 1636470709409, 611, 262, 349, 0, 0, 0
22265, 1, 1636470708832, 1636470709437, 605, 259, 346, 0, 1, 1
22266, 1, 1636470708884, 1636470709497, 613, 262, 351, 0, 0, 0
22259, 1, 1636470708588, 1636470709517, 929, 578, 351, 0, 0, 0
22268, 1, 1636470709133, 1636470709741, 608, 263, 345, 1, 1, 2
22267, 1, 1636470709006, 1636470709861, 855, 510, 345, 0, 0, 0
22269, 1, 1636470709270, 1636470709885, 615, 266, 349, 0, 0, 0
22270, 1, 1636470709312, 1636470709921, 609, 261, 348, 0, 0, 0
22271, 1, 1636470709354, 1636470709965, 611, 263, 348, 1, 0, 1
22273, 1, 1636470709366, 1636470709981, 615, 266, 349, 0, 0, 0
22272, 1, 1636470709365, 1636470710325, 960, 615, 345, 1, 0, 1
22274, 1, 1636470709857, 1636470710464, 607, 262, 345, 0, 0, 0
22276, 1, 1636470709881, 1636470710497, 616, 267, 349, 1, 0, 1
22275, 1, 1636470709880, 1636470710497, 617, 271, 346, 0, 1, 1
22277, 1, 1636470709919, 1636470710525, 606, 262, 344, 0, 1, 1
22279, 1, 1636470710036, 1636470710653, 617, 267, 350, 0, 0, 0
22280, 1, 1636470710049, 1636470710661, 612, 266, 346, 0, 0, 0
22281, 1, 1636470710100, 1636470710709, 609, 262, 347, 0, 0, 0
22282, 1, 1636470710118, 1636470710733, 615, 262, 353, 0, 0, 0
22283, 1, 1636470710158, 1636470710773, 615, 262, 353, 0, 0, 0
22284, 1, 1636470710192, 1636470710800, 608, 264, 344, 1, 0, 1
22278, 1, 1636470709933, 1636470710873, 940, 590, 350, 0, 0, 0
22254, 2, 1636470708522, 1636470710942, 2420, 0, 2420, 1, 0, 1
22260, 2, 1636470708604, 1636470710943, 2339, 0, 2339, 0, 0, 0
22286, 1, 1636470710395, 1636470711005, 610, 266, 344, 0, 0, 0
22287, 1, 1636470710539, 1636470711153, 614, 262, 352, 0, 0, 0
22288, 1, 1636470710580, 1636470711192, 612, 262, 350, 0, 0, 0
22285, 1, 1636470710369, 1636470711217, 848, 502, 346, 1, 0, 1
22289, 1, 1636470710671, 1636470711277, 606, 262, 344, 0, 0, 0
22290, 1, 1636470710699, 1636470711309, 610, 262, 348, 1, 0, 1
22291, 1, 1636470710769, 1636470711652, 883, 538, 345, 0, 0, 0
22292, 1, 1636470711029, 1636470711684, 655, 262, 393, 0, 0, 0
22294, 1, 1636470711135, 1636470711745, 610, 262, 348, 0, 0, 0
22295, 1, 1636470711190, 1636470711800, 610, 262, 348, 1, 0, 1
22296, 1, 1636470711258, 1636470711876, 618, 270, 348, 0, 0, 0
22297, 1, 1636470711281, 1636470711897, 616, 262, 354, 0, 0, 0
22299, 1, 1636470711382, 1636470711993, 611, 262, 349, 1, 0, 1
22301, 1, 1636470711417, 1636470712025, 608, 258, 350, 0, 1, 1
22300, 1, 1636470711412, 1636470712025, 613, 262, 351, 0, 0, 0
22293, 1, 1636470711033, 1636470712032, 999, 607, 392, 0, 1, 1
22302, 1, 1636470711426, 1636470712037, 611, 263, 348, 1, 0, 1
22303, 1, 1636470711459, 1636470712069, 610, 264, 346, 1, 2, 3
22298, 1, 1636470711288, 1636470712228, 940, 590, 350, 0, 1, 1
22305, 1, 1636470711695, 1636470712304, 609, 263, 346, 0, 1, 1
22304, 1, 1636470711497, 1636470712380, 883, 539, 344, 1, 0, 1
22307, 1, 1636470711833, 1636470712441, 608, 262, 346, 0, 0, 0
22308, 1, 1636470711940, 1636470712556, 616, 262, 354, 1, 0, 1
22306, 1, 1636470711709, 1636470712573, 864, 514, 350, 0, 0, 0
22309, 1, 1636470712003, 1636470712612, 609, 262, 347, 0, 0, 0
22310, 1, 1636470712036, 1636470712644, 608, 262, 346, 0, 0, 0
22312, 1, 1636470712326, 1636470712933, 607, 262, 345, 0, 0, 0
22311, 1, 1636470712078, 1636470712961, 883, 534, 349, 0, 0, 0
22314, 1, 1636470712494, 1636470713101, 607, 265, 342, 0, 2, 2
22315, 1, 1636470712519, 1636470713128, 609, 262, 347, 0, 0, 0
22316, 1, 1636470712581, 1636470713189, 608, 262, 346, 0, 1, 1
22318, 1, 1636470712612, 1636470713225, 613, 262, 351, 0, 0, 0
22313, 1, 1636470712371, 1636470713277, 906, 563, 343, 1, 2, 3
22319, 1, 1636470712670, 1636470713281, 611, 264, 347, 1, 1, 2
22320, 1, 1636470712736, 1636470713348, 612, 262, 350, 0, 0, 0
22321, 1, 1636470712746, 1636470713360, 614, 263, 351, 0, 0, 0
22322, 1, 1636470712757, 1636470713369, 612, 261, 351, 2, 0, 2
22323, 1, 1636470712798, 1636470713421, 623, 267, 356, 1, 0, 1
22324, 1, 1636470712824, 1636470713433, 609, 262, 347, 0, 0, 0
22317, 1, 1636470712583, 1636470713541, 958, 611, 347, 1, 0, 1
22325, 1, 1636470713006, 1636470713621, 615, 262, 353, 0, 0, 0
22327, 1, 1636470713222, 1636470713829, 607, 262, 345, 0, 0, 0
22326, 1, 1636470713043, 1636470713889, 846, 498, 348, 0, 0, 0
22328, 1, 1636470713285, 1636470713897, 612, 263, 349, 1, 0, 1
22329, 1, 1636470713318, 1636470713933, 615, 264, 351, 0, 0, 0
22330, 1, 1636470713344, 1636470713953, 609, 262, 347, 0, 0, 0
22332, 1, 1636470713654, 1636470714261, 607, 262, 345, 0, 0, 0
22331, 1, 1636470713422, 1636470714301, 879, 531, 348, 1, 1, 2
22334, 1, 1636470713786, 1636470714405, 619, 267, 352, 0, 1, 1
22335, 1, 1636470713803, 1636470714413, 610, 263, 347, 2, 0, 2
22337, 1, 1636470713926, 1636470714537, 611, 263, 348, 1, 1, 2
22338, 1, 1636470713953, 1636470714565, 612, 266, 346, 0, 0, 0
22339, 1, 1636470713964, 1636470714573, 609, 263, 346, 0, 0, 0
22333, 1, 1636470713675, 1636470714613, 938, 587, 351, 1, 1, 2
22340, 1, 1636470714068, 1636470714688, 620, 267, 353, 0, 0, 0
22341, 1, 1636470714088, 1636470714697, 609, 266, 343, 0, 0, 0
22342, 1, 1636470714126, 1636470714736, 610, 262, 348, 0, 0, 0
22343, 1, 1636470714138, 1636470714753, 615, 267, 348, 1, 1, 2
22344, 1, 1636470714227, 1636470714841, 614, 266, 348, 0, 1, 1
22336, 1, 1636470713925, 1636470714889, 964, 610, 354, 0, 0, 0
22345, 1, 1636470714309, 1636470714925, 616, 266, 350, 0, 0, 0
22347, 1, 1636470714533, 1636470715149, 616, 262, 354, 0, 0, 0
22346, 1, 1636470714386, 1636470715241, 855, 503, 352, 0, 0, 0
22349, 1, 1636470714689, 1636470715305, 616, 264, 352, 0, 2, 2
22348, 1, 1636470714688, 1636470715305, 617, 262, 355, 0, 0, 0
22350, 1, 1636470714732, 1636470715345, 613, 262, 351, 0, 0, 0
22352, 1, 1636470714937, 1636470715544, 607, 262, 345, 0, 0, 0
22351, 1, 1636470714764, 1636470715693, 929, 578, 351, 1, 0, 1
22354, 1, 1636470715131, 1636470715741, 610, 262, 348, 0, 0, 0
22356, 1, 1636470715196, 1636470715805, 609, 263, 346, 1, 0, 1
22353, 1, 1636470714990, 1636470715893, 903, 554, 349, 0, 0, 0
22358, 1, 1636470715348, 1636470715961, 613, 262, 351, 0, 0, 0
22359, 1, 1636470715353, 1636470715969, 616, 262, 354, 1, 0, 1
22360, 1, 1636470715359, 1636470715981, 622, 263, 359, 0, 0, 0
22361, 1, 1636470715398, 1636470716013, 615, 263, 352, 0, 2, 2
22355, 1, 1636470715184, 1636470716037, 853, 502, 351, 0, 0, 0
22362, 1, 1636470715437, 1636470716049, 612, 262, 350, 0, 0, 0
22363, 1, 1636470715490, 1636470716101, 611, 262, 349, 0, 0, 0
22357, 1, 1636470715230, 1636470716149, 919, 570, 349, 0, 0, 0
22364, 1, 1636470715589, 1636470716201, 612, 262, 350, 0, 0, 0
22365, 1, 1636470715622, 1636470716233, 611, 262, 349, 0, 0, 0
22367, 1, 1636470715863, 1636470716472, 609, 262, 347, 0, 0, 0
22366, 1, 1636470715697, 1636470716501, 804, 454, 350, 0, 0, 0
22368, 1, 1636470716033, 1636470716644, 611, 262, 349, 0, 0, 0
22369, 1, 1636470716064, 1636470716689, 625, 270, 355, 0, 0, 0
22370, 1, 1636470716083, 1636470716701, 618, 270, 348, 0, 0, 0
22372, 1, 1636470716241, 1636470716857, 616, 262, 354, 0, 0, 0
22371, 1, 1636470716088, 1636470716993, 905, 554, 351, 0, 0, 0
22374, 1, 1636470716402, 1636470717016, 614, 266, 348, 0, 0, 0
22375, 1, 1636470716505, 1636470717113, 608, 263, 345, 0, 0, 0
22376, 1, 1636470716570, 1636470717181, 611, 262, 349, 0, 0, 0
22373, 1, 1636470716299, 1636470717205, 906, 558, 348, 0, 0, 0
22378, 1, 1636470716631, 1636470717245, 614, 266, 348, 0, 0, 0
22379, 1, 1636470716657, 1636470717272, 615, 263, 352, 1, 0, 1
22380, 1, 1636470716701, 1636470717313, 612, 262, 350, 0, 0, 0
22381, 1, 1636470716707, 1636470717313, 606, 259, 347, 0, 1, 1
22382, 1, 1636470716770, 1636470717384, 614, 262, 352, 0, 0, 0
22383, 1, 1636470716798, 1636470717409, 611, 262, 349, 0, 0, 0
22377, 1, 1636470716601, 1636470717524, 923, 579, 344, 0, 0, 0
22384, 1, 1636470716985, 1636470717593, 608, 262, 346, 0, 0, 0
22385, 1, 1636470716997, 1636470717605, 608, 262, 346, 0, 0, 0
22387, 1, 1636470717197, 1636470717809, 612, 263, 349, 1, 0, 1
22386, 1, 1636470717071, 1636470717873, 802, 450, 352, 0, 0, 0
22388, 1, 1636470717311, 1636470717917, 606, 262, 344, 0, 0, 0
22389, 1, 1636470717353, 1636470717969, 616, 264, 352, 1, 1, 2
22391, 1, 1636470717472, 1636470718088, 616, 262, 354, 0, 0, 0
22392, 1, 1636470717615, 1636470718228, 613, 266, 347, 0, 0, 0
22390, 1, 1636470717384, 1636470718269, 885, 530, 355, 0, 0, 0
22394, 1, 1636470717749, 1636470718369, 620, 262, 358, 0, 0, 0
22395, 1, 1636470717890, 1636470718501, 611, 262, 349, 0, 0, 0
22397, 1, 1636470717947, 1636470718552, 605, 262, 343, 0, 0, 0
22393, 1, 1636470717671, 1636470718581, 910, 558, 352, 0, 0, 0
22399, 1, 1636470718034, 1636470718641, 607, 262, 345, 0, 0, 0
22400, 1, 1636470718037, 1636470718652, 615, 268, 347, 2, 0, 2
22401, 1, 1636470718056, 1636470718665, 609, 264, 345, 1, 0, 1
22402, 1, 1636470718090, 1636470718701, 611, 262, 349, 0, 0, 0
22396, 1, 1636470717895, 1636470718721, 826, 475, 351, 0, 0, 0
22403, 1, 1636470718136, 1636470718748, 612, 262, 350, 0, 0, 0
22404, 1, 1636470718253, 1636470718865, 612, 262, 350, 0, 0, 0
22398, 1, 1636470717948, 1636470718901, 953, 602, 351, 0, 0, 0
22405, 1, 1636470718349, 1636470718957, 608, 262, 346, 0, 0, 0
22407, 1, 1636470718535, 1636470719149, 614, 262, 352, 0, 0, 0
22406, 1, 1636470718415, 1636470719249, 834, 487, 347, 0, 1, 1
22409, 1, 1636470718695, 1636470719305, 610, 263, 347, 1, 0, 1
22411, 1, 1636470718858, 1636470719468, 610, 263, 347, 1, 0, 1
22408, 1, 1636470718648, 1636470719605, 957, 602, 355, 0, 0, 0
22412, 1, 1636470719001, 1636470719616, 615, 266, 349, 0, 0, 0
22410, 1, 1636470718756, 1636470719653, 897, 546, 351, 0, 0, 0
22414, 1, 1636470719136, 1636470719757, 621, 266, 355, 0, 0, 0
22415, 1, 1636470719211, 1636470719821, 610, 262, 348, 0, 0, 0
22416, 1, 1636470719222, 1636470719841, 619, 266, 353, 0, 0, 0
22417, 1, 1636470719251, 1636470719869, 618, 262, 356, 0, 0, 0
22419, 1, 1636470719346, 1636470719961, 615, 266, 349, 0, 0, 0
22413, 1, 1636470719010, 1636470719973, 963, 606, 357, 0, 0, 0
22420, 1, 1636470719366, 1636470719989, 623, 268, 355, 2, 0, 2
22421, 1, 1636470719369, 1636470719989, 620, 263, 357, 2, 0, 2
22422, 1, 1636470719372, 1636470719989, 617, 263, 354, 2, 0, 2
22423, 1, 1636470719490, 1636470720101, 611, 262, 349, 0, 0, 0
22418, 1, 1636470719257, 1636470720217, 960, 607, 353, 0, 1, 1
22424, 1, 1636470719612, 1636470720225, 613, 262, 351, 0, 0, 0
22426, 1, 1636470719935, 1636470720549, 614, 266, 348, 0, 0, 0
22425, 1, 1636470719731, 1636470720565, 834, 482, 352, 0, 0, 0
22427, 1, 1636470719961, 1636470720577, 616, 266, 350, 0, 0, 0
22428, 1, 1636470720013, 1636470720621, 608, 262, 346, 0, 0, 0
22429, 1, 1636470720053, 1636470720925, 872, 522, 350, 0, 0, 0
22430, 1, 1636470720358, 1636470720973, 615, 267, 348, 0, 1, 1
22432, 1, 1636470720424, 1636470721041, 617, 263, 354, 1, 1, 2
22433, 1, 1636470720510, 1636470721121, 611, 262, 349, 0, 0, 0
22434, 1, 1636470720518, 1636470721128, 610, 262, 348, 0, 0, 0
22435, 1, 1636470720596, 1636470721217, 621, 263, 358, 0, 2, 2
22431, 1, 1636470720401, 1636470721325, 924, 571, 353, 0, 1, 1
22437, 1, 1636470720737, 1636470721349, 612, 263, 349, 0, 1, 1
22438, 1, 1636470720761, 1636470721377, 616, 263, 353, 0, 1, 1
22439, 1, 1636470720773, 1636470721389, 616, 266, 350, 0, 0, 0
22440, 1, 1636470720803, 1636470721425, 622, 266, 356, 0, 0, 0
22436, 1, 1636470720603, 1636470721565, 962, 610, 352, 1, 0, 1
22441, 1, 1636470720978, 1636470721597, 619, 262, 357, 0, 0, 0
22443, 1, 1636470721238, 1636470721849, 611, 262, 349, 1, 0, 1
22442, 1, 1636470721078, 1636470721913, 835, 487, 348, 0, 0, 0
22444, 1, 1636470721324, 1636470721933, 609, 262, 347, 0, 0, 0
22445, 1, 1636470721358, 1636470721973, 615, 266, 349, 0, 0, 0
22447, 1, 1636470721627, 1636470722237, 610, 262, 348, 1, 1, 2
22446, 1, 1636470721432, 1636470722324, 892, 542, 350, 1, 0, 1
22449, 1, 1636470721784, 1636470722393, 609, 262, 347, 0, 0, 0
22450, 1, 1636470721794, 1636470722401, 607, 262, 345, 0, 1, 1
22448, 1, 1636470721710, 1636470722589, 879, 526, 353, 0, 0, 0
22453, 1, 1636470722074, 1636470722689, 615, 263, 352, 2, 0, 2
22454, 1, 1636470722075, 1636470722689, 614, 268, 346, 1, 2, 3
22455, 1, 1636470722083, 1636470722697, 614, 259, 355, 0, 0, 0
22456, 1, 1636470722137, 1636470722749, 612, 262, 350, 0, 0, 0
22457, 1, 1636470722361, 1636470722973, 612, 262, 350, 0, 0, 0
22459, 1, 1636470722517, 1636470723137, 620, 266, 354, 0, 0, 0
22460, 1, 1636470722588, 1636470723200, 612, 262, 350, 0, 0, 0
22461, 1, 1636470722640, 1636470723253, 613, 262, 351, 0, 0, 0
22463, 1, 1636470722964, 1636470723577, 613, 262, 351, 0, 0, 0
22462, 1, 1636470722741, 1636470723600, 859, 510, 349, 0, 0, 0
22465, 1, 1636470723179, 1636470723785, 606, 262, 344, 0, 0, 0
22466, 1, 1636470723194, 1636470723809, 615, 262, 353, 0, 0, 0
22464, 1, 1636470723056, 1636470723925, 869, 518, 351, 0, 0, 0
22467, 1, 1636470723346, 1636470723957, 611, 262, 349, 0, 0, 0
22468, 1, 1636470723356, 1636470723969, 613, 262, 351, 0, 0, 0
22469, 1, 1636470723417, 1636470724033, 616, 262, 354, 0, 0, 0
22452, 2, 1636470721972, 1636470724199, 2227, 0, 2227, 0, 0, 0
22451, 2, 1636470721968, 1636470724199, 2231, 0, 2231, 0, 1, 1
22470, 1, 1636470723695, 1636470724305, 610, 262, 348, 0, 0, 0
22471, 1, 1636470723798, 1636470724409, 611, 262, 349, 0, 0, 0
22472, 1, 1636470723922, 1636470724533, 611, 262, 349, 0, 0, 0
22473, 1, 1636470724025, 1636470724637, 612, 262, 350, 0, 0, 0
22458, 1, 1636470722455, 1636470724677, 2222, 1870, 352, 0, 0, 0
22475, 1, 1636470724251, 1636470724869, 618, 266, 352, 0, 0, 0
22476, 1, 1636470724289, 1636470724945, 656, 266, 390, 0, 0, 0
22474, 1, 1636470724112, 1636470724985, 873, 522, 351, 0, 0, 0
22479, 1, 1636470724447, 1636470725057, 610, 262, 348, 1, 0, 1
22480, 1, 1636470724498, 1636470725113, 615, 262, 353, 1, 1, 2
22478, 1, 1636470724381, 1636470725217, 836, 486, 350, 0, 0, 0
22481, 1, 1636470724659, 1636470725272, 613, 262, 351, 0, 0, 0
22482, 1, 1636470724664, 1636470725281, 617, 262, 355, 0, 1, 1
22477, 1, 1636470724289, 1636470725293, 1004, 610, 394, 0, 0, 0
22484, 1, 1636470724703, 1636470725565, 862, 514, 348, 0, 0, 0
22483, 1, 1636470724678, 1636470725641, 963, 570, 393, 0, 0, 0
22485, 1, 1636470725071, 1636470725681, 610, 263, 347, 0, 1, 1
22486, 1, 1636470725090, 1636470725697, 607, 263, 344, 0, 0, 0
22487, 1, 1636470725259, 1636470725873, 614, 262, 352, 0, 0, 0
22488, 1, 1636470725358, 1636470725969, 611, 262, 349, 0, 0, 0
22490, 1, 1636470725584, 1636470726197, 613, 266, 347, 0, 0, 0
22492, 1, 1636470725652, 1636470726261, 609, 263, 346, 0, 0, 0
22489, 1, 1636470725472, 1636470726317, 845, 494, 351, 0, 0, 0
22494, 1, 1636470725806, 1636470726417, 611, 262, 349, 0, 0, 0
22495, 1, 1636470725879, 1636470726493, 614, 262, 352, 0, 0, 0
22496, 1, 1636470725935, 1636470726549, 614, 266, 348, 0, 0, 0
22491, 1, 1636470725605, 1636470726549, 944, 594, 350, 1, 0, 1
22497, 1, 1636470725967, 1636470726581, 614, 261, 353, 0, 0, 0
22493, 1, 1636470725746, 1636470726609, 863, 514, 349, 0, 0, 0
22498, 1, 1636470725999, 1636470726609, 610, 262, 348, 0, 0, 0
22499, 1, 1636470726022, 1636470726897, 875, 526, 349, 0, 0, 0
22500, 1, 1636470726394, 1636470727005, 611, 262, 349, 0, 0, 0
22501, 1, 1636470726423, 1636470727033, 610, 262, 348, 0, 0, 0
22502, 1, 1636470726647, 1636470727257, 610, 262, 348, 0, 0, 0
22503, 1, 1636470726660, 1636470727276, 616, 262, 354, 0, 0, 0
22505, 1, 1636470726962, 1636470727573, 611, 262, 349, 0, 1, 1
22506, 1, 1636470726965, 1636470727581, 616, 262, 354, 0, 0, 0
22504, 1, 1636470726760, 1636470727605, 845, 494, 351, 0, 1, 1
22509, 1, 1636470727171, 1636470727785, 614, 267, 347, 2, 0, 2
22510, 1, 1636470727188, 1636470727809, 621, 267, 354, 1, 0, 1
22511, 1, 1636470727238, 1636470727857, 619, 266, 353, 0, 0, 0
22512, 1, 1636470727249, 1636470727865, 616, 266, 350, 0, 0, 0
22507, 1, 1636470726984, 1636470727921, 937, 582, 355, 0, 0, 0
22508, 1, 1636470727071, 1636470727929, 858, 510, 348, 0, 0, 0
22513, 1, 1636470727398, 1636470728269, 871, 522, 349, 0, 0, 0
22514, 1, 1636470727702, 1636470728313, 611, 262, 349, 0, 0, 0
22515, 1, 1636470727930, 1636470728545, 615, 262, 353, 0, 0, 0
22516, 1, 1636470727961, 1636470728573, 612, 262, 350, 0, 0, 0
22518, 1, 1636470728246, 1636470728865, 619, 266, 353, 0, 1, 1
22517, 1, 1636470728092, 1636470728897, 805, 450, 355, 0, 0, 0
22520, 1, 1636470728317, 1636470728933, 616, 266, 350, 0, 0, 0
22523, 1, 1636470728555, 1636470729165, 610, 263, 347, 2, 0, 2
22522, 1, 1636470728551, 1636470729165, 614, 262, 352, 1, 0, 1
22524, 1, 1636470728580, 1636470729189, 609, 262, 347, 0, 0, 0
22519, 1, 1636470728302, 1636470729213, 911, 562, 349, 0, 0, 0
22521, 1, 1636470728451, 1636470729281, 830, 482, 348, 0, 0, 0
22525, 1, 1636470728708, 1636470729565, 857, 502, 355, 0, 0, 0
22526, 1, 1636470729031, 1636470729645, 614, 262, 352, 0, 0, 0
22527, 1, 1636470729241, 1636470729861, 620, 262, 358, 0, 0, 0
22528, 1, 1636470729271, 1636470729885, 614, 262, 352, 0, 0, 0
22529, 1, 1636470729448, 1636470730229, 781, 434, 347, 0, 0, 0
22530, 1, 1636470729641, 1636470730253, 612, 262, 350, 0, 0, 0
22532, 1, 1636470729675, 1636470730285, 610, 262, 348, 0, 0, 0
22534, 1, 1636470729826, 1636470730440, 614, 262, 352, 0, 0, 0
22535, 1, 1636470729858, 1636470730469, 611, 262, 349, 0, 1, 1
22536, 1, 1636470729981, 1636470730593, 612, 262, 350, 0, 0, 0
22531, 1, 1636470729663, 1636470730601, 938, 590, 348, 0, 0, 0
22533, 1, 1636470729791, 1636470730633, 842, 494, 348, 0, 0, 0
22537, 1, 1636470730048, 1636470730953, 905, 550, 355, 0, 0, 0
22538, 1, 1636470730522, 1636470731133, 611, 262, 349, 0, 0, 0
22539, 1, 1636470730576, 1636470731189, 613, 262, 351, 0, 0, 0
22540, 1, 1636470730761, 1636470731537, 776, 426, 350, 0, 0, 0
22541, 1, 1636470730937, 1636470731549, 612, 263, 349, 1, 1, 2
22545, 1, 1636470731173, 1636470731789, 616, 262, 354, 0, 0, 0
22546, 1, 1636470731262, 1636470731873, 611, 262, 349, 0, 0, 0
22548, 1, 1636470731814, 1636470732429, 615, 262, 353, 0, 0, 0
22549, 1, 1636470731956, 1636470732569, 613, 262, 351, 0, 0, 0
22551, 1, 1636470732237, 1636470732849, 612, 262, 350, 0, 0, 0
22550, 1, 1636470732141, 1636470732917, 776, 426, 350, 0, 0, 0
22542, 2, 1636470730939, 1636470733422, 2483, 1, 2482, 1, 0, 1
22544, 2, 1636470731117, 1636470733422, 2305, 0, 2305, 0, 0, 0
22543, 2, 1636470730994, 1636470733422, 2428, 0, 2428, 0, 0, 0
22547, 2, 1636470731364, 1636470733586, 2222, 0, 2222, 0, 0, 0
22553, 1, 1636470733085, 1636470733693, 608, 262, 346, 0, 0, 0
22554, 1, 1636470733265, 1636470733881, 616, 266, 350, 0, 0, 0
22552, 1, 1636470732576, 1636470734069, 1493, 1138, 355, 0, 0, 0
22559, 1, 1636470733547, 1636470734153, 606, 262, 344, 0, 0, 0
22557, 1, 1636470733513, 1636470734164, 651, 263, 388, 0, 0, 0
22556, 1, 1636470733509, 1636470734164, 655, 263, 392, 0, 1, 1
22555, 1, 1636470733426, 1636470734229, 803, 454, 349, 1, 0, 1
22561, 1, 1636470734070, 1636470734725, 655, 262, 393, 0, 0, 0
22562, 1, 1636470734395, 1636470735009, 614, 263, 351, 1, 0, 1
22563, 1, 1636470734656, 1636470735273, 617, 266, 351, 0, 0, 0
22564, 1, 1636470734761, 1636470735373, 612, 262, 350, 0, 0, 0
22565, 1, 1636470734780, 1636470735393, 613, 262, 351, 0, 0, 0
22567, 1, 1636470734855, 1636470735465, 610, 266, 344, 0, 0, 0
22566, 1, 1636470734787, 1636470735621, 834, 482, 352, 0, 0, 0
22560, 2, 1636470733673, 1636470736039, 2366, 0, 2366, 0, 0, 0
22558, 2, 1636470733514, 1636470736039, 2525, 0, 2525, 0, 0, 0
22568, 1, 1636470735703, 1636470736317, 614, 262, 352, 0, 0, 0
22569, 1, 1636470736008, 1636470736621, 613, 262, 351, 0, 0, 0
22570, 1, 1636470736041, 1636470736653, 612, 262, 350, 0, 0, 0
22571, 1, 1636470736110, 1636470736721, 611, 262, 349, 0, 0, 0
22572, 1, 1636470736121, 1636470736733, 612, 261, 351, 0, 0, 0
22573, 1, 1636470736125, 1636470736777, 652, 263, 389, 1, 0, 1
22575, 1, 1636470736135, 1636470736969, 834, 486, 348, 0, 0, 0
22574, 1, 1636470736129, 1636470737129, 1000, 606, 394, 0, 0, 0
22576, 1, 1636470737307, 1636470737917, 610, 262, 348, 0, 0, 0
22577, 1, 1636470737355, 1636470737973, 618, 270, 348, 0, 0, 0
22579, 1, 1636470737429, 1636470738045, 616, 266, 350, 0, 0, 0
22580, 1, 1636470737443, 1636470738057, 614, 262, 352, 0, 0, 0
22578, 1, 1636470737424, 1636470738265, 841, 490, 351, 0, 0, 0
22581, 1, 1636470737476, 1636470738393, 917, 566, 351, 0, 0, 0
22582, 1, 1636470738664, 1636470739281, 617, 262, 355, 0, 0, 0
22583, 1, 1636470738793, 1636470739409, 616, 262, 354, 0, 0, 0
22585, 1, 1636470738832, 1636470739445, 613, 262, 351, 0, 0, 0
22584, 1, 1636470738816, 1636470739757, 941, 590, 351, 0, 0, 0
22586, 1, 1636470739935, 1636470740549, 614, 262, 352, 0, 0, 0
22587, 1, 1636470740080, 1636470740693, 613, 262, 351, 0, 0, 0
22589, 1, 1636470740232, 1636470740849, 617, 262, 355, 0, 0, 0
22588, 1, 1636470740132, 1636470741041, 909, 558, 351, 0, 0, 0
22590, 1, 1636470741401, 1636470742013, 612, 262, 350, 0, 0, 0
22592, 1, 1636470741534, 1636470742145, 611, 262, 349, 0, 0, 0
22591, 1, 1636470741439, 1636470742361, 922, 574, 348, 0, 0, 0
22593, 1, 1636470742779, 1636470743393, 614, 262, 352, 0, 0, 0
22595, 1, 1636470742813, 1636470743425, 612, 262, 350, 0, 0, 0
22594, 1, 1636470742801, 1636470743741, 940, 590, 350, 0, 0, 0
22596, 1, 1636470744084, 1636470744697, 613, 262, 351, 0, 0, 0
22598, 1, 1636470744126, 1636470744737, 611, 262, 349, 0, 0, 0
22597, 1, 1636470744122, 1636470745045, 923, 574, 349, 0, 0, 0
22599, 1, 1636470745442, 1636470746053, 611, 262, 349, 1, 0, 1
22600, 1, 1636470745487, 1636470746401, 914, 567, 347, 1, 0, 1
22601, 1, 1636470915700, 1636470916309, 609, 262, 347, 0, 0, 0
22602, 1, 1636470916233, 1636470916844, 611, 262, 349, 0, 0, 0
22603, 1, 1636470916688, 1636470917301, 613, 262, 351, 0, 0, 0
22604, 1, 1636470916750, 1636470917361, 611, 262, 349, 0, 0, 0
22605, 1, 1636470917223, 1636470917833, 610, 262, 348, 0, 0, 0
22606, 1, 1636470917392, 1636470918001, 609, 262, 347, 0, 0, 0
22607, 1, 1636470917670, 1636470918281, 611, 262, 349, 0, 0, 0
22608, 1, 1636470917740, 1636470918349, 609, 262, 347, 0, 0, 0
22609, 1, 1636470918006, 1636470918617, 611, 262, 349, 0, 0, 0
22610, 1, 1636470918204, 1636470918817, 613, 262, 351, 0, 0, 0
22611, 1, 1636470918392, 1636470919005, 613, 262, 351, 0, 0, 0
22612, 1, 1636470918528, 1636470919141, 613, 262, 351, 0, 0, 0
22613, 1, 1636470918705, 1636470919321, 616, 266, 350, 0, 0, 0
22614, 1, 1636470918725, 1636470919341, 616, 263, 353, 0, 0, 0
22615, 1, 1636470918994, 1636470919601, 607, 262, 345, 0, 0, 0
22616, 1, 1636470919238, 1636470919848, 610, 262, 348, 0, 0, 0
22617, 1, 1636470919355, 1636470919965, 610, 262, 348, 0, 0, 0
22618, 1, 1636470919374, 1636470919989, 615, 262, 353, 0, 0, 0
22619, 1, 1636470919517, 1636470920125, 608, 262, 346, 0, 0, 0
22620, 1, 1636470919716, 1636470920329, 613, 259, 354, 0, 0, 0
22621, 1, 1636470919759, 1636470920373, 614, 262, 352, 0, 0, 0
22622, 1, 1636470919817, 1636470920429, 612, 262, 350, 0, 0, 0
22623, 1, 1636470919980, 1636470920588, 608, 262, 346, 0, 0, 0
22624, 1, 1636470920248, 1636470920857, 609, 262, 347, 0, 0, 0
22625, 1, 1636470920344, 1636470920961, 617, 262, 355, 0, 0, 0
22626, 1, 1636470920408, 1636470921025, 617, 266, 351, 0, 0, 0
22627, 1, 1636470920464, 1636470921069, 605, 262, 343, 0, 0, 0
22628, 1, 1636470920502, 1636470921109, 607, 262, 345, 0, 0, 0
22629, 1, 1636470920708, 1636470921325, 617, 266, 351, 0, 0, 0
22631, 1, 1636470920807, 1636470921421, 614, 262, 352, 0, 0, 0
22632, 1, 1636470920915, 1636470921525, 610, 262, 348, 0, 0, 0
22633, 1, 1636470921001, 1636470921609, 608, 262, 346, 0, 0, 0
22630, 1, 1636470920769, 1636470921677, 908, 554, 354, 0, 0, 0
22635, 1, 1636470921325, 1636470921941, 616, 266, 350, 0, 0, 0
22634, 1, 1636470921213, 1636470922021, 808, 462, 346, 0, 0, 0
22637, 1, 1636470921464, 1636470922076, 612, 262, 350, 0, 0, 0
22638, 1, 1636470921523, 1636470922133, 610, 267, 343, 1, 0, 1
22639, 1, 1636470921722, 1636470922333, 611, 262, 349, 0, 0, 0
22636, 1, 1636470921418, 1636470922369, 951, 602, 349, 0, 0, 0
22641, 1, 1636470921788, 1636470922401, 613, 262, 351, 0, 0, 0
22642, 1, 1636470921904, 1636470922513, 609, 262, 347, 0, 0, 0
22644, 1, 1636470922228, 1636470922841, 613, 264, 349, 1, 0, 1
22645, 1, 1636470922359, 1636470922969, 610, 263, 347, 0, 1, 1
22647, 1, 1636470922446, 1636470923061, 615, 261, 354, 0, 0, 0
22649, 1, 1636470922724, 1636470923337, 613, 262, 351, 0, 0, 0
22650, 1, 1636470922823, 1636470923433, 610, 262, 348, 0, 0, 0
22651, 1, 1636470922889, 1636470923501, 612, 262, 350, 0, 0, 0
22652, 1, 1636470922934, 1636470923541, 607, 263, 344, 0, 1, 1
22653, 1, 1636470923229, 1636470923841, 612, 262, 350, 0, 0, 0
22655, 1, 1636470923480, 1636470924093, 613, 262, 351, 0, 0, 0
22643, 2, 1636470922021, 1636470924247, 2226, 0, 2226, 0, 0, 0
22640, 2, 1636470921767, 1636470924247, 2480, 1, 2479, 0, 2, 2
22656, 1, 1636470923760, 1636470924377, 617, 266, 351, 0, 0, 0
22658, 1, 1636470923924, 1636470924533, 609, 262, 347, 0, 0, 0
22659, 1, 1636470923934, 1636470924549, 615, 266, 349, 0, 0, 0
22646, 2, 1636470922415, 1636470924634, 2219, 0, 2219, 0, 0, 0
22648, 2, 1636470922533, 1636470924754, 2221, 0, 2221, 0, 0, 0
22660, 1, 1636470924264, 1636470924877, 613, 262, 351, 0, 0, 0
22662, 1, 1636470924337, 1636470924989, 652, 264, 388, 1, 0, 1
22661, 1, 1636470924333, 1636470924989, 656, 262, 394, 0, 0, 0
22664, 1, 1636470924721, 1636470925381, 660, 263, 397, 2, 0, 2
22665, 1, 1636470924765, 1636470925381, 616, 263, 353, 0, 1, 1
22667, 1, 1636470924876, 1636470925489, 613, 262, 351, 0, 0, 0
22666, 1, 1636470924841, 1636470925501, 660, 266, 394, 0, 0, 0
22668, 1, 1636470924916, 1636470925529, 613, 262, 351, 0, 0, 0
22654, 2, 1636470923369, 1636470925590, 2221, 0, 2221, 0, 0, 0
22670, 1, 1636470925269, 1636470925885, 616, 263, 353, 0, 1, 1
22671, 1, 1636470925271, 1636470925885, 614, 263, 351, 1, 1, 2
22672, 1, 1636470925279, 1636470925892, 613, 262, 351, 0, 0, 0
22657, 2, 1636470923832, 1636470926054, 2222, 0, 2222, 0, 0, 0
22673, 1, 1636470925658, 1636470926273, 615, 262, 353, 0, 0, 0
22674, 1, 1636470925677, 1636470926329, 652, 266, 386, 0, 2, 2
22675, 1, 1636470925732, 1636470926346, 614, 262, 352, 0, 0, 0
22676, 1, 1636470925780, 1636470926389, 609, 266, 343, 0, 0, 0
22677, 1, 1636470925792, 1636470926409, 617, 266, 351, 1, 0, 1
22678, 1, 1636470925866, 1636470926481, 615, 262, 353, 0, 0, 0
22679, 1, 1636470925951, 1636470926561, 610, 262, 348, 0, 0, 0
22663, 2, 1636470924490, 1636470926710, 2220, 1, 2219, 0, 0, 0
22680, 1, 1636470926141, 1636470926797, 656, 262, 394, 0, 0, 0
22681, 1, 1636470926236, 1636470926857, 621, 266, 355, 0, 0, 0
22682, 1, 1636470926246, 1636470926857, 611, 267, 344, 1, 1, 2
22683, 1, 1636470926266, 1636470926877, 611, 262, 349, 0, 0, 0
22669, 1, 1636470924944, 1636470927193, 2249, 1895, 354, 0, 1, 1
22684, 1, 1636470926588, 1636470927205, 617, 266, 351, 1, 0, 1
22685, 1, 1636470926623, 1636470927233, 610, 262, 348, 0, 1, 1
22686, 1, 1636470926633, 1636470927241, 608, 264, 344, 1, 0, 1
22687, 1, 1636470926717, 1636470927328, 611, 262, 349, 0, 0, 0
22688, 1, 1636470926778, 1636470927393, 615, 266, 349, 0, 0, 0
22689, 1, 1636470926780, 1636470927409, 629, 266, 363, 0, 1, 1
22691, 1, 1636470926848, 1636470927457, 609, 260, 349, 1, 1, 2
22690, 1, 1636470926797, 1636470927457, 660, 262, 398, 0, 0, 0
22692, 1, 1636470926972, 1636470927585, 613, 266, 347, 0, 0, 0
22693, 1, 1636470927087, 1636470927705, 618, 262, 356, 0, 0, 0
22695, 1, 1636470927223, 1636470927840, 617, 268, 349, 1, 1, 2
22696, 1, 1636470927228, 1636470927849, 621, 266, 355, 0, 0, 0
22694, 1, 1636470927194, 1636470927857, 663, 266, 397, 0, 0, 0
22697, 1, 1636470927241, 1636470927857, 616, 263, 353, 1, 1, 2
22698, 1, 1636470927300, 1636470927921, 621, 262, 359, 0, 0, 0
22699, 1, 1636470927578, 1636470928197, 619, 266, 353, 0, 0, 0
22700, 1, 1636470927602, 1636470928208, 606, 263, 343, 1, 1, 2
22701, 1, 1636470927609, 1636470928229, 620, 267, 353, 1, 0, 1
22702, 1, 1636470927691, 1636470928304, 613, 270, 343, 0, 0, 0
22704, 1, 1636470927753, 1636470928365, 612, 263, 349, 0, 1, 1
22703, 1, 1636470927747, 1636470928365, 618, 270, 348, 0, 0, 0
22705, 1, 1636470927767, 1636470928389, 622, 266, 356, 0, 0, 0
22706, 1, 1636470927869, 1636470928489, 620, 270, 350, 1, 0, 1
22707, 1, 1636470927965, 1636470928572, 607, 263, 344, 1, 1, 2
22708, 1, 1636470928068, 1636470928685, 617, 262, 355, 0, 0, 0
22709, 1, 1636470928072, 1636470928693, 621, 266, 355, 0, 0, 0
22710, 1, 1636470928192, 1636470928801, 609, 263, 346, 0, 0, 0
22711, 1, 1636470928192, 1636470928801, 609, 263, 346, 1, 1, 2
22712, 1, 1636470928217, 1636470928824, 607, 263, 344, 0, 1, 1
22714, 1, 1636470928284, 1636470928893, 609, 263, 346, 0, 1, 1
22713, 1, 1636470928222, 1636470929149, 927, 574, 353, 0, 0, 0
22715, 1, 1636470928560, 1636470929169, 609, 262, 347, 0, 0, 0
22717, 1, 1636470928600, 1636470929209, 609, 263, 346, 0, 0, 0
22718, 1, 1636470928630, 1636470929241, 611, 262, 349, 1, 0, 1
22719, 1, 1636470928719, 1636470929325, 606, 262, 344, 2, 0, 2
22721, 1, 1636470928734, 1636470929352, 618, 266, 352, 0, 0, 0
22720, 1, 1636470928731, 1636470929352, 621, 267, 354, 0, 0, 0
22722, 1, 1636470928771, 1636470929381, 610, 266, 344, 0, 1, 1
22716, 1, 1636470928591, 1636470929493, 902, 558, 344, 0, 0, 0
22723, 1, 1636470928893, 1636470929504, 611, 263, 348, 0, 0, 0
22724, 1, 1636470928993, 1636470929609, 616, 262, 354, 0, 0, 0
22725, 1, 1636470929057, 1636470929664, 607, 263, 344, 1, 0, 1
22726, 1, 1636470929063, 1636470929681, 618, 262, 356, 0, 1, 1
22727, 1, 1636470929173, 1636470929789, 616, 266, 350, 0, 0, 0
22729, 1, 1636470929213, 1636470929825, 612, 263, 349, 0, 0, 0
22728, 1, 1636470929206, 1636470929837, 631, 286, 345, 0, 0, 0
22730, 1, 1636470929226, 1636470929837, 611, 262, 349, 0, 0, 0
22731, 1, 1636470929265, 1636470929885, 620, 270, 350, 0, 1, 1
22732, 1, 1636470929372, 1636470929984, 612, 262, 350, 0, 0, 0
22733, 1, 1636470929569, 1636470930184, 615, 262, 353, 0, 0, 0
22734, 1, 1636470929581, 1636470930197, 616, 262, 354, 0, 0, 0
22735, 1, 1636470929592, 1636470930205, 613, 262, 351, 1, 0, 1
22736, 1, 1636470929619, 1636470930225, 606, 263, 343, 0, 1, 1
22737, 1, 1636470929696, 1636470930305, 609, 262, 347, 0, 0, 0
22738, 1, 1636470929709, 1636470930317, 608, 262, 346, 0, 0, 0
22739, 1, 1636470929719, 1636470930328, 609, 262, 347, 0, 0, 0
22740, 1, 1636470929781, 1636470930397, 616, 267, 349, 0, 1, 1
22744, 1, 1636470930043, 1636470930657, 614, 268, 346, 2, 0, 2
22742, 1, 1636470929994, 1636470930657, 663, 310, 353, 0, 1, 1
22743, 1, 1636470930041, 1636470930661, 620, 267, 353, 1, 2, 3
22741, 1, 1636470929885, 1636470930757, 872, 509, 363, 0, 0, 0
22745, 1, 1636470930149, 1636470930761, 612, 262, 350, 0, 0, 0
22746, 1, 1636470930211, 1636470930821, 610, 262, 348, 0, 0, 0
22747, 1, 1636470930216, 1636470930841, 625, 270, 355, 2, 0, 2
22748, 1, 1636470930255, 1636470930869, 614, 267, 347, 0, 0, 0
22749, 1, 1636470930269, 1636470930881, 612, 262, 350, 0, 0, 0
22750, 1, 1636470930326, 1636470930948, 622, 270, 352, 0, 1, 1
22751, 1, 1636470930362, 1636470930973, 611, 262, 349, 0, 0, 0
22752, 1, 1636470930568, 1636470931177, 609, 263, 346, 0, 0, 0
22753, 1, 1636470930592, 1636470931209, 617, 262, 355, 0, 0, 0
22754, 1, 1636470930604, 1636470931213, 609, 262, 347, 0, 0, 0
22755, 1, 1636470930622, 1636470931237, 615, 262, 353, 0, 0, 0
22756, 1, 1636470930679, 1636470931289, 610, 262, 348, 0, 0, 0
22757, 1, 1636470930698, 1636470931312, 614, 263, 351, 0, 0, 0
22758, 1, 1636470930713, 1636470931325, 612, 263, 349, 0, 0, 0
22759, 1, 1636470930729, 1636470931341, 612, 264, 348, 1, 0, 1
22760, 1, 1636470930773, 1636470931553, 780, 435, 345, 1, 0, 1
22762, 1, 1636470931005, 1636470931629, 624, 262, 362, 0, 1, 1
22763, 1, 1636470931016, 1636470931637, 621, 262, 359, 0, 0, 0
22761, 1, 1636470930885, 1636470931672, 787, 439, 348, 1, 0, 1
22764, 1, 1636470931077, 1636470931689, 612, 262, 350, 0, 0, 0
22765, 1, 1636470931127, 1636470931733, 606, 262, 344, 0, 0, 0
22766, 1, 1636470931221, 1636470931832, 611, 262, 349, 0, 0, 0
22767, 1, 1636470931245, 1636470931853, 608, 263, 345, 0, 0, 0
22768, 1, 1636470931264, 1636470931873, 609, 268, 341, 1, 1, 2
22769, 1, 1636470931279, 1636470931905, 626, 274, 352, 0, 0, 0
22770, 1, 1636470931310, 1636470931929, 619, 270, 349, 0, 1, 1
22771, 1, 1636470931343, 1636470931957, 614, 266, 348, 0, 0, 0
22772, 1, 1636470931569, 1636470932184, 615, 262, 353, 0, 0, 0
22775, 1, 1636470931630, 1636470932241, 611, 265, 346, 3, 1, 4
22774, 1, 1636470931626, 1636470932241, 615, 262, 353, 0, 0, 0
22773, 1, 1636470931585, 1636470932249, 664, 318, 346, 1, 0, 1
22776, 1, 1636470931677, 1636470932288, 611, 262, 349, 0, 0, 0
22777, 1, 1636470931702, 1636470932313, 611, 266, 345, 0, 0, 0
22778, 1, 1636470931712, 1636470932336, 624, 267, 357, 1, 0, 1
22779, 1, 1636470931729, 1636470932347, 618, 262, 356, 0, 0, 0
22780, 1, 1636470931785, 1636470932397, 612, 262, 350, 0, 0, 0
22781, 1, 1636470931889, 1636470932636, 747, 398, 349, 0, 0, 0
22782, 1, 1636470932016, 1636470932648, 632, 270, 362, 0, 1, 1
22783, 1, 1636470932039, 1636470932652, 613, 262, 351, 0, 0, 0
22784, 1, 1636470932087, 1636470932697, 610, 266, 344, 0, 0, 0
22786, 1, 1636470932204, 1636470932817, 613, 264, 349, 0, 2, 2
22788, 1, 1636470932279, 1636470932889, 610, 262, 348, 0, 0, 0
22789, 1, 1636470932288, 1636470932901, 613, 261, 352, 2, 0, 2
22790, 1, 1636470932291, 1636470932901, 610, 259, 351, 0, 0, 0
22785, 1, 1636470932115, 1636470932989, 874, 521, 353, 1, 0, 1
22791, 1, 1636470932377, 1636470933001, 624, 267, 357, 0, 1, 1
22787, 1, 1636470932258, 1636470933053, 795, 439, 356, 0, 1, 1
22793, 1, 1636470932599, 1636470933209, 610, 262, 348, 1, 0, 1
22792, 1, 1636470932598, 1636470933209, 611, 262, 349, 0, 0, 0
22795, 1, 1636470932655, 1636470933281, 626, 271, 355, 1, 0, 1
22797, 1, 1636470932683, 1636470933301, 618, 263, 355, 1, 1, 2
22796, 1, 1636470932678, 1636470933301, 623, 266, 357, 0, 0, 0
22798, 1, 1636470932702, 1636470933312, 610, 264, 346, 1, 1, 2
22799, 1, 1636470932762, 1636470933376, 614, 266, 348, 0, 0, 0
22800, 1, 1636470932786, 1636470933397, 611, 262, 349, 1, 0, 1
22794, 1, 1636470932637, 1636470933401, 764, 409, 355, 1, 0, 1
22801, 1, 1636470932893, 1636470933509, 616, 262, 354, 0, 0, 0
22802, 1, 1636470932988, 1636470933609, 621, 266, 355, 0, 0, 0
22803, 1, 1636470933068, 1636470933677, 609, 262, 347, 0, 0, 0
22805, 1, 1636470933126, 1636470933737, 611, 262, 349, 0, 0, 0
22804, 1, 1636470933079, 1636470933753, 674, 324, 350, 1, 0, 1
22806, 1, 1636470933196, 1636470933813, 617, 268, 349, 1, 0, 1
22807, 1, 1636470933268, 1636470933880, 612, 262, 350, 0, 0, 0
22808, 1, 1636470933275, 1636470933885, 610, 266, 344, 0, 0, 0
22809, 1, 1636470933304, 1636470933921, 617, 266, 351, 0, 0, 0
22810, 1, 1636470933326, 1636470933937, 611, 262, 349, 0, 0, 0
22811, 1, 1636470933401, 1636470934097, 696, 350, 346, 0, 0, 0
22812, 1, 1636470933598, 1636470934209, 611, 262, 349, 0, 0, 0
22813, 1, 1636470933607, 1636470934225, 618, 266, 352, 0, 0, 0
22815, 1, 1636470933624, 1636470934229, 605, 259, 346, 1, 1, 2
22816, 1, 1636470933707, 1636470934312, 605, 262, 343, 0, 0, 0
22817, 1, 1636470933717, 1636470934325, 608, 262, 346, 0, 0, 0
22818, 1, 1636470933728, 1636470934337, 609, 263, 346, 1, 0, 1
22819, 1, 1636470933787, 1636470934396, 609, 266, 343, 0, 0, 0
22820, 1, 1636470933821, 1636470934437, 616, 262, 354, 0, 0, 0
22814, 1, 1636470933618, 1636470934445, 827, 474, 353, 0, 0, 0
22821, 1, 1636470933899, 1636470934512, 613, 262, 351, 0, 0, 0
22822, 1, 1636470933979, 1636470934593, 614, 266, 348, 0, 0, 0
22823, 1, 1636470934097, 1636470934713, 616, 262, 354, 0, 0, 0
22824, 1, 1636470934102, 1636470934717, 615, 266, 349, 0, 0, 0
22825, 1, 1636470934157, 1636470934777, 620, 267, 353, 0, 1, 1
22826, 1, 1636470934221, 1636470934841, 620, 267, 353, 2, 0, 2
22827, 1, 1636470934265, 1636470934873, 608, 264, 344, 2, 0, 2
22828, 1, 1636470934283, 1636470934893, 610, 263, 347, 0, 0, 0
22829, 1, 1636470934302, 1636470934925, 623, 266, 357, 0, 0, 0
22830, 1, 1636470934335, 1636470934953, 618, 266, 352, 0, 0, 0
22832, 1, 1636470934608, 1636470935216, 608, 262, 346, 0, 0, 0
22833, 1, 1636470934631, 1636470935241, 610, 262, 348, 1, 0, 1
22835, 1, 1636470934634, 1636470935253, 619, 263, 356, 2, 0, 2
22834, 1, 1636470934632, 1636470935256, 624, 267, 357, 1, 1, 2
22831, 1, 1636470934400, 1636470935301, 901, 550, 351, 0, 0, 0
22837, 1, 1636470934742, 1636470935369, 627, 266, 361, 0, 0, 0
22838, 1, 1636470934762, 1636470935381, 619, 262, 357, 0, 0, 0
22839, 1, 1636470934766, 1636470935384, 618, 263, 355, 0, 0, 0
22840, 1, 1636470934827, 1636470935445, 618, 267, 351, 0, 1, 1
22841, 1, 1636470934867, 1636470935485, 618, 262, 356, 0, 0, 0
22836, 1, 1636470934737, 1636470935649, 912, 558, 354, 0, 0, 0
22843, 1, 1636470935099, 1636470935713, 614, 266, 348, 0, 0, 0
22844, 1, 1636470935127, 1636470935737, 610, 262, 348, 0, 0, 0
22845, 1, 1636470935166, 1636470935776, 610, 266, 344, 1, 0, 1
22842, 1, 1636470934954, 1636470935829, 875, 530, 345, 0, 0, 0
22846, 1, 1636470935246, 1636470935865, 619, 270, 349, 0, 0, 0
22847, 1, 1636470935268, 1636470935889, 621, 267, 354, 1, 0, 1
22848, 1, 1636470935279, 1636470935901, 622, 270, 352, 0, 0, 0
22850, 1, 1636470935334, 1636470935961, 627, 271, 356, 1, 1, 2
22849, 1, 1636470935327, 1636470936001, 674, 314, 360, 0, 0, 0
22851, 1, 1636470935402, 1636470936021, 619, 267, 352, 0, 0, 0
22852, 1, 1636470935601, 1636470936213, 612, 263, 349, 1, 0, 1
22853, 1, 1636470935612, 1636470936245, 633, 274, 359, 1, 0, 1
22854, 1, 1636470935640, 1636470936253, 613, 262, 351, 0, 0, 0
22855, 1, 1636470935658, 1636470936264, 606, 263, 343, 1, 0, 1
22856, 1, 1636470935731, 1636470936349, 618, 270, 348, 1, 0, 1
22858, 1, 1636470935762, 1636470936373, 611, 262, 349, 0, 0, 0
22857, 1, 1636470935752, 1636470936373, 621, 266, 355, 0, 0, 0
22859, 1, 1636470935772, 1636470936385, 613, 263, 350, 1, 0, 1
22860, 1, 1636470935794, 1636470936405, 611, 262, 349, 0, 0, 0
22861, 1, 1636470935852, 1636470936469, 617, 262, 355, 0, 0, 0
22862, 1, 1636470935955, 1636470936573, 618, 270, 348, 0, 0, 0
22863, 1, 1636470936106, 1636470936725, 619, 266, 353, 0, 0, 0
22864, 1, 1636470936134, 1636470936753, 619, 271, 348, 0, 0, 0
22865, 1, 1636470936191, 1636470936800, 609, 261, 348, 0, 0, 0
22866, 1, 1636470936236, 1636470936845, 609, 268, 341, 1, 2, 3
22867, 1, 1636470936273, 1636470936889, 616, 264, 352, 1, 1, 2
22868, 1, 1636470936303, 1636470936913, 610, 263, 347, 1, 1, 2
22869, 1, 1636470936334, 1636470936945, 611, 263, 348, 0, 0, 0
22870, 1, 1636470936345, 1636470936956, 611, 263, 348, 1, 0, 1
22871, 1, 1636470936403, 1636470937016, 613, 262, 351, 0, 0, 0
22872, 1, 1636470936597, 1636470937209, 612, 262, 350, 0, 0, 0
22873, 1, 1636470936607, 1636470937220, 613, 262, 351, 0, 0, 0
22874, 1, 1636470936629, 1636470937237, 608, 262, 346, 0, 0, 0
22875, 1, 1636470936693, 1636470937304, 611, 262, 349, 0, 0, 0
22876, 1, 1636470936721, 1636470937333, 612, 263, 349, 0, 0, 0
22877, 1, 1636470936745, 1636470937357, 612, 262, 350, 0, 1, 1
22879, 1, 1636470936779, 1636470937389, 610, 262, 348, 0, 0, 0
22880, 1, 1636470936798, 1636470937409, 611, 262, 349, 0, 0, 0
22882, 1, 1636470936952, 1636470937565, 613, 262, 351, 0, 0, 0
22881, 1, 1636470936828, 1636470937569, 741, 390, 351, 0, 0, 0
22878, 1, 1636470936751, 1636470937685, 934, 582, 352, 0, 0, 0
22883, 1, 1636470937102, 1636470937717, 615, 262, 353, 0, 0, 0
22884, 1, 1636470937139, 1636470937757, 618, 266, 352, 0, 0, 0
22887, 1, 1636470937276, 1636470937921, 645, 299, 346, 1, 0, 1
22889, 1, 1636470937314, 1636470937921, 607, 264, 343, 1, 1, 2
22890, 1, 1636470937346, 1636470937957, 611, 263, 348, 0, 0, 0
22891, 1, 1636470937438, 1636470938049, 611, 267, 344, 0, 1, 1
22892, 1, 1636470937592, 1636470938205, 613, 262, 351, 0, 0, 0
22893, 1, 1636470937633, 1636470938245, 612, 262, 350, 0, 0, 0
22888, 1, 1636470937301, 1636470938264, 963, 618, 345, 1, 0, 1
22895, 1, 1636470937698, 1636470938309, 611, 262, 349, 0, 0, 0
22896, 1, 1636470937701, 1636470938325, 624, 267, 357, 0, 0, 0
22897, 1, 1636470937746, 1636470938365, 619, 262, 357, 0, 0, 0
22898, 1, 1636470937747, 1636470938365, 618, 263, 355, 2, 1, 3
22900, 1, 1636470937809, 1636470938424, 615, 262, 353, 0, 0, 0
22901, 1, 1636470937838, 1636470938457, 619, 262, 357, 1, 1, 2
22902, 1, 1636470937968, 1636470938585, 617, 271, 346, 0, 1, 1
22904, 1, 1636470938138, 1636470938753, 615, 266, 349, 0, 0, 0
22905, 1, 1636470938247, 1636470938857, 610, 262, 348, 0, 0, 0
22906, 1, 1636470938302, 1636470938960, 658, 262, 396, 0, 0, 0
22908, 1, 1636470938381, 1636470938989, 608, 263, 345, 0, 1, 1
22909, 1, 1636470938443, 1636470939052, 609, 262, 347, 0, 0, 0
22911, 1, 1636470938644, 1636470939257, 613, 262, 351, 0, 0, 0
22913, 1, 1636470938702, 1636470939308, 606, 259, 347, 1, 2, 3
22914, 1, 1636470938781, 1636470939392, 611, 263, 348, 2, 1, 3
22915, 1, 1636470938782, 1636470939392, 610, 263, 347, 2, 1, 3
22917, 1, 1636470938837, 1636470939453, 616, 262, 354, 0, 0, 0
22886, 2, 1636470937221, 1636470939559, 2338, 0, 2338, 0, 0, 0
22885, 2, 1636470937157, 1636470939559, 2402, 0, 2402, 0, 0, 0
22918, 1, 1636470938952, 1636470939569, 617, 262, 355, 0, 0, 0
22919, 1, 1636470939150, 1636470939769, 619, 266, 353, 0, 0, 0
22920, 1, 1636470939221, 1636470939841, 620, 272, 348, 0, 0, 0
22923, 1, 1636470939414, 1636470940029, 615, 262, 353, 0, 0, 0
22894, 2, 1636470937645, 1636470940143, 2498, 0, 2498, 0, 0, 0
22899, 2, 1636470937754, 1636470940143, 2389, 0, 2389, 0, 1, 1
22924, 1, 1636470939645, 1636470940309, 664, 271, 393, 0, 0, 0
22926, 1, 1636470939649, 1636470940317, 668, 265, 403, 0, 0, 0
22903, 2, 1636470938106, 1636470940326, 2220, 0, 2220, 0, 0, 0
22927, 1, 1636470939728, 1636470940337, 609, 263, 346, 1, 0, 1
22928, 1, 1636470939786, 1636470940401, 615, 261, 354, 1, 0, 1
22929, 1, 1636470939794, 1636470940405, 611, 262, 349, 0, 0, 0
22930, 1, 1636470939851, 1636470940469, 618, 262, 356, 0, 0, 0
22907, 2, 1636470938329, 1636470940550, 2221, 0, 2221, 0, 0, 0
22931, 1, 1636470939944, 1636470940561, 617, 262, 355, 0, 0, 0
22910, 2, 1636470938567, 1636470940790, 2223, 0, 2223, 0, 0, 0
22933, 1, 1636470940198, 1636470940809, 611, 263, 348, 1, 0, 1
22935, 1, 1636470940229, 1636470940885, 656, 262, 394, 0, 0, 0
22934, 1, 1636470940229, 1636470940885, 656, 263, 393, 1, 0, 1
22912, 2, 1636470938666, 1636470940886, 2220, 0, 2220, 0, 0, 0
22916, 2, 1636470938812, 1636470941035, 2223, 1, 2222, 0, 1, 1
22937, 1, 1636470940413, 1636470941073, 660, 270, 390, 0, 0, 0
22938, 1, 1636470940584, 1636470941197, 613, 262, 351, 0, 0, 0
22939, 1, 1636470940609, 1636470941221, 612, 262, 350, 0, 0, 0
22940, 1, 1636470940641, 1636470941305, 664, 262, 402, 0, 0, 0
22941, 1, 1636470940750, 1636470941369, 619, 267, 352, 0, 1, 1
22944, 1, 1636470940835, 1636470941445, 610, 262, 348, 0, 0, 0
22921, 2, 1636470939297, 1636470941518, 2221, 0, 2221, 0, 0, 0
22945, 1, 1636470940881, 1636470941541, 660, 266, 394, 0, 0, 0
22946, 1, 1636470940970, 1636470941581, 611, 263, 348, 0, 0, 0
22922, 2, 1636470939410, 1636470941631, 2221, 0, 2221, 0, 1, 1
22947, 1, 1636470940977, 1636470941637, 660, 270, 390, 0, 0, 0
22948, 1, 1636470941121, 1636470941780, 659, 262, 397, 0, 0, 0
22949, 1, 1636470941191, 1636470941805, 614, 264, 350, 1, 0, 1
22951, 1, 1636470941199, 1636470941817, 618, 267, 351, 1, 0, 1
22950, 1, 1636470941195, 1636470941825, 630, 267, 363, 1, 0, 1
22925, 2, 1636470939647, 1636470941866, 2219, 0, 2219, 1, 0, 1
22952, 1, 1636470941399, 1636470942005, 606, 262, 344, 0, 0, 0
22953, 1, 1636470941597, 1636470942221, 624, 264, 360, 3, 1, 4
22954, 1, 1636470941601, 1636470942221, 620, 268, 352, 2, 1, 3
22955, 1, 1636470941608, 1636470942221, 613, 262, 351, 0, 0, 0
22956, 1, 1636470941609, 1636470942257, 648, 262, 386, 0, 0, 0
22958, 1, 1636470941744, 1636470942356, 612, 259, 353, 0, 1, 1
22957, 1, 1636470941725, 1636470942381, 656, 262, 394, 0, 0, 0
22932, 2, 1636470940162, 1636470942382, 2220, 0, 2220, 0, 0, 0
22959, 1, 1636470941810, 1636470942417, 607, 262, 345, 0, 0, 0
22960, 1, 1636470941866, 1636470942484, 618, 267, 351, 2, 0, 2
22962, 1, 1636470941962, 1636470942576, 614, 267, 347, 0, 2, 2
22936, 2, 1636470940381, 1636470942602, 2221, 0, 2221, 0, 0, 0
22961, 1, 1636470941953, 1636470942605, 652, 263, 389, 0, 1, 1
22963, 1, 1636470941994, 1636470942605, 611, 263, 348, 1, 2, 3
22964, 1, 1636470942088, 1636470942701, 613, 268, 345, 0, 2, 2
22965, 1, 1636470942179, 1636470942785, 606, 263, 343, 0, 1, 1
22966, 1, 1636470942196, 1636470942805, 609, 262, 347, 0, 0, 0
22967, 1, 1636470942209, 1636470942825, 616, 263, 353, 0, 1, 1
22942, 2, 1636470940753, 1636470942978, 2225, 0, 2225, 1, 0, 1
22943, 2, 1636470940798, 1636470943019, 2221, 1, 2220, 1, 0, 1
22968, 1, 1636470942432, 1636470943044, 612, 262, 350, 0, 0, 0
22969, 1, 1636470942469, 1636470943121, 652, 262, 390, 0, 0, 0
22970, 1, 1636470942573, 1636470943185, 612, 262, 350, 0, 0, 0
22971, 1, 1636470942577, 1636470943197, 620, 262, 358, 0, 0, 0
22972, 1, 1636470942583, 1636470943197, 614, 263, 351, 0, 2, 2
22973, 1, 1636470942599, 1636470943208, 609, 262, 347, 0, 0, 0
22975, 1, 1636470942709, 1636470943317, 608, 262, 346, 0, 0, 0
22976, 1, 1636470942720, 1636470943332, 612, 262, 350, 0, 1, 1
22978, 1, 1636470942846, 1636470943457, 611, 263, 348, 0, 1, 1
22977, 1, 1636470942844, 1636470943457, 613, 263, 350, 1, 1, 2
22979, 1, 1636470942927, 1636470943537, 610, 263, 347, 2, 0, 2
22980, 1, 1636470942971, 1636470943588, 617, 271, 346, 1, 0, 1
22981, 1, 1636470942984, 1636470943609, 625, 266, 359, 0, 0, 0
22982, 1, 1636470943054, 1636470943661, 607, 262, 345, 0, 0, 0
22974, 1, 1636470942693, 1636470943684, 991, 602, 389, 0, 0, 0
22984, 1, 1636470943109, 1636470943765, 656, 263, 393, 0, 1, 1
22985, 1, 1636470943164, 1636470943776, 612, 266, 346, 0, 0, 0
22986, 1, 1636470943189, 1636470943804, 615, 266, 349, 0, 0, 0
22987, 1, 1636470943207, 1636470943813, 606, 263, 343, 0, 0, 0
22983, 1, 1636470943065, 1636470944033, 968, 577, 391, 0, 0, 0
22988, 1, 1636470943443, 1636470944057, 614, 266, 348, 0, 0, 0
22989, 1, 1636470943458, 1636470944069, 611, 267, 344, 1, 0, 1
22990, 1, 1636470943537, 1636470944153, 616, 266, 350, 0, 0, 0
22991, 1, 1636470943545, 1636470944157, 612, 263, 349, 3, 0, 3
22992, 1, 1636470943589, 1636470944196, 607, 263, 344, 0, 0, 0
22993, 1, 1636470943597, 1636470944209, 612, 262, 350, 0, 1, 1
22995, 1, 1636470943743, 1636470944353, 610, 262, 348, 0, 1, 1
22996, 1, 1636470943756, 1636470944369, 613, 263, 350, 1, 0, 1
22994, 1, 1636470943686, 1636470944405, 719, 330, 389, 0, 0, 0
22997, 1, 1636470943843, 1636470944461, 618, 262, 356, 0, 0, 0
22998, 1, 1636470943868, 1636470944489, 621, 266, 355, 0, 1, 1
22999, 1, 1636470943893, 1636470944504, 611, 264, 347, 0, 1, 1
23000, 1, 1636470943953, 1636470944573, 620, 270, 350, 1, 0, 1
23001, 1, 1636470943997, 1636470944612, 615, 262, 353, 0, 0, 0
23003, 1, 1636470944047, 1636470944665, 618, 267, 351, 0, 0, 0
23004, 1, 1636470944072, 1636470944768, 696, 331, 365, 0, 1, 1
23006, 1, 1636470944202, 1636470944813, 611, 264, 347, 1, 0, 1
23005, 1, 1636470944201, 1636470944816, 615, 263, 352, 0, 1, 1
23007, 1, 1636470944212, 1636470944836, 624, 270, 354, 0, 0, 0
23008, 1, 1636470944408, 1636470945029, 621, 266, 355, 0, 0, 0
23009, 1, 1636470944437, 1636470945060, 623, 267, 356, 0, 0, 0
23002, 1, 1636470944034, 1636470945117, 1083, 691, 392, 0, 0, 0
23010, 1, 1636470944542, 1636470945165, 623, 264, 359, 1, 1, 2
23011, 1, 1636470944558, 1636470945180, 622, 262, 360, 0, 0, 0
23012, 1, 1636470944560, 1636470945189, 629, 270, 359, 0, 0, 0
23014, 1, 1636470944711, 1636470945317, 606, 262, 344, 0, 1, 1
23015, 1, 1636470944768, 1636470945385, 617, 267, 350, 0, 0, 0
23016, 1, 1636470944788, 1636470945401, 613, 267, 346, 0, 0, 0
23018, 1, 1636470944857, 1636470945465, 608, 263, 345, 1, 0, 1
23013, 1, 1636470944597, 1636470945465, 868, 518, 350, 0, 1, 1
23017, 1, 1636470944856, 1636470945473, 617, 262, 355, 0, 1, 1
23019, 1, 1636470944879, 1636470945485, 606, 262, 344, 0, 0, 0
23020, 1, 1636470944920, 1636470945541, 621, 271, 350, 0, 0, 0
23021, 1, 1636470944976, 1636470945585, 609, 262, 347, 0, 0, 0
23022, 1, 1636470945054, 1636470945669, 615, 262, 353, 0, 0, 0
23023, 1, 1636470945070, 1636470945688, 618, 264, 354, 0, 1, 1
23024, 1, 1636470945118, 1636470945773, 655, 262, 393, 0, 0, 0
23025, 1, 1636470945174, 1636470945792, 618, 268, 350, 2, 0, 2
23026, 1, 1636470945212, 1636470945829, 617, 262, 355, 0, 0, 0
23027, 1, 1636470945234, 1636470945845, 611, 262, 349, 0, 0, 0
23028, 1, 1636470945396, 1636470946009, 613, 262, 351, 0, 0, 0
23029, 1, 1636470945435, 1636470946049, 614, 262, 352, 0, 0, 0
23030, 1, 1636470945547, 1636470946161, 614, 262, 352, 1, 0, 1
23031, 1, 1636470945567, 1636470946181, 614, 263, 351, 0, 1, 1
23032, 1, 1636470945582, 1636470946192, 610, 262, 348, 0, 0, 0
23033, 1, 1636470945590, 1636470946205, 615, 263, 352, 1, 0, 1
23034, 1, 1636470945734, 1636470946348, 614, 262, 352, 0, 0, 0
23035, 1, 1636470945747, 1636470946365, 618, 266, 352, 0, 0, 0
23036, 1, 1636470945768, 1636470946381, 613, 266, 347, 0, 0, 0
23038, 1, 1636470945872, 1636470946485, 613, 263, 350, 2, 0, 2
23039, 1, 1636470945918, 1636470946533, 615, 272, 343, 2, 1, 3
23040, 1, 1636470945920, 1636470946537, 617, 267, 350, 2, 1, 3
23041, 1, 1636470945960, 1636470946585, 625, 271, 354, 0, 0, 0
23042, 1, 1636470946017, 1636470946641, 624, 262, 362, 0, 1, 1
23037, 1, 1636470945830, 1636470946713, 883, 533, 350, 1, 0, 1
23043, 1, 1636470946103, 1636470946717, 614, 261, 353, 0, 0, 0
23044, 1, 1636470946113, 1636470946729, 616, 263, 353, 0, 0, 0
23045, 1, 1636470946150, 1636470946765, 615, 264, 351, 2, 0, 2
23046, 1, 1636470946207, 1636470946821, 614, 266, 348, 0, 0, 0
23048, 1, 1636470946419, 1636470947041, 622, 266, 356, 1, 0, 1
23047, 1, 1636470946215, 1636470947084, 869, 518, 351, 1, 0, 1
23049, 1, 1636470946470, 1636470947092, 622, 271, 351, 1, 0, 1
23051, 1, 1636470946555, 1636470947168, 613, 261, 352, 0, 0, 0
23050, 1, 1636470946553, 1636470947168, 615, 265, 350, 0, 0, 0
23052, 1, 1636470946577, 1636470947193, 616, 268, 348, 1, 0, 1
23053, 1, 1636470946579, 1636470947197, 618, 267, 351, 1, 0, 1
23054, 1, 1636470946724, 1636470947337, 613, 262, 351, 0, 0, 0
23055, 1, 1636470946743, 1636470947352, 609, 262, 347, 0, 0, 0
23056, 1, 1636470946760, 1636470947373, 613, 264, 349, 0, 0, 0
23057, 1, 1636470946825, 1636470947437, 612, 263, 349, 0, 1, 1
23058, 1, 1636470946905, 1636470947521, 616, 262, 354, 0, 0, 0
23059, 1, 1636470946921, 1636470947533, 612, 262, 350, 1, 0, 1
23060, 1, 1636470946942, 1636470947557, 615, 262, 353, 1, 1, 2
23061, 1, 1636470946984, 1636470947601, 617, 263, 354, 1, 0, 1
23062, 1, 1636470947038, 1636470947649, 611, 262, 349, 0, 0, 0
23063, 1, 1636470947076, 1636470947693, 617, 263, 354, 0, 0, 0
23064, 1, 1636470947141, 1636470947756, 615, 270, 345, 1, 0, 1
23065, 1, 1636470947180, 1636470947789, 609, 269, 340, 2, 1, 3
23066, 1, 1636470947208, 1636470947832, 624, 274, 350, 0, 0, 0
23067, 1, 1636470947236, 1636470947845, 609, 262, 347, 0, 0, 0
23068, 1, 1636470947441, 1636470948064, 623, 263, 360, 2, 0, 2
23069, 1, 1636470947475, 1636470948097, 622, 263, 359, 0, 1, 1
23070, 1, 1636470947545, 1636470948157, 612, 262, 350, 0, 0, 0
23071, 1, 1636470947576, 1636470948197, 621, 266, 355, 0, 0, 0
23073, 1, 1636470947584, 1636470948201, 617, 268, 349, 0, 2, 2
23074, 1, 1636470947704, 1636470948320, 616, 262, 354, 0, 0, 0
23075, 1, 1636470947736, 1636470948353, 617, 263, 354, 0, 0, 0
23076, 1, 1636470947779, 1636470948397, 618, 266, 352, 0, 0, 0
23077, 1, 1636470947793, 1636470948413, 620, 262, 358, 1, 0, 1
23078, 1, 1636470947877, 1636470948488, 611, 261, 350, 1, 0, 1
23072, 1, 1636470947582, 1636470948504, 922, 579, 343, 0, 1, 1
23079, 1, 1636470947905, 1636470948533, 628, 271, 357, 0, 1, 1
23080, 1, 1636470947968, 1636470948580, 612, 261, 351, 0, 0, 0
23081, 1, 1636470947995, 1636470948604, 609, 262, 347, 0, 0, 0
23082, 1, 1636470948071, 1636470948685, 614, 266, 348, 0, 0, 0
23083, 1, 1636470948105, 1636470948721, 616, 266, 350, 0, 0, 0
23084, 1, 1636470948139, 1636470948757, 618, 270, 348, 0, 0, 0
23086, 1, 1636470948180, 1636470948789, 609, 262, 347, 0, 0, 0
23085, 1, 1636470948169, 1636470948853, 684, 336, 348, 0, 0, 0
23087, 1, 1636470948266, 1636470948885, 619, 270, 349, 0, 0, 0
23088, 1, 1636470948423, 1636470949032, 609, 263, 346, 0, 0, 0
23090, 1, 1636470948526, 1636470949136, 610, 262, 348, 0, 0, 0
23091, 1, 1636470948582, 1636470949193, 611, 262, 349, 0, 0, 0
23089, 1, 1636470948488, 1636470949201, 713, 358, 355, 0, 0, 0
23093, 1, 1636470948599, 1636470949213, 614, 262, 352, 0, 0, 0
23092, 1, 1636470948587, 1636470949229, 642, 298, 344, 0, 0, 0
23094, 1, 1636470948728, 1636470949341, 613, 262, 351, 0, 0, 0
23096, 1, 1636470948790, 1636470949397, 607, 262, 345, 0, 1, 1
23097, 1, 1636470948816, 1636470949428, 612, 260, 352, 1, 1, 2
23098, 1, 1636470948878, 1636470949488, 610, 262, 348, 0, 1, 1
23099, 1, 1636470948907, 1636470949517, 610, 262, 348, 0, 0, 0
23095, 1, 1636470948771, 1636470949549, 778, 426, 352, 0, 1, 1
23100, 1, 1636470948962, 1636470949572, 610, 262, 348, 0, 0, 0
23102, 1, 1636470949044, 1636470949657, 613, 262, 351, 0, 0, 0
23103, 1, 1636470949108, 1636470949717, 609, 262, 347, 0, 0, 0
23105, 1, 1636470949154, 1636470949765, 611, 262, 349, 0, 0, 0
23104, 1, 1636470949154, 1636470949773, 619, 267, 352, 1, 1, 2
23106, 1, 1636470949159, 1636470949773, 614, 262, 352, 0, 0, 0
23107, 1, 1636470949250, 1636470949861, 611, 264, 347, 1, 2, 3
23101, 1, 1636470949012, 1636470949893, 881, 530, 351, 0, 0, 0
23108, 1, 1636470949452, 1636470950064, 612, 262, 350, 0, 0, 0
23109, 1, 1636470949486, 1636470950097, 611, 262, 349, 1, 0, 1
23110, 1, 1636470949533, 1636470950149, 616, 266, 350, 0, 0, 0
23111, 1, 1636470949556, 1636470950165, 609, 262, 347, 0, 0, 0
23112, 1, 1636470949572, 1636470950189, 617, 262, 355, 1, 0, 1
23113, 1, 1636470949576, 1636470950209, 633, 283, 350, 1, 0, 1
23114, 1, 1636470949716, 1636470950332, 616, 262, 354, 1, 0, 1
23115, 1, 1636470949767, 1636470950377, 610, 262, 348, 0, 0, 0
23116, 1, 1636470949806, 1636470950429, 623, 262, 361, 0, 0, 0
23117, 1, 1636470949841, 1636470950457, 616, 266, 350, 0, 0, 0
23118, 1, 1636470949854, 1636470950469, 615, 267, 348, 0, 1, 1
23119, 1, 1636470949910, 1636470950525, 615, 263, 352, 0, 0, 0
23120, 1, 1636470949937, 1636470950549, 612, 262, 350, 0, 0, 0
23121, 1, 1636470950003, 1636470950612, 609, 262, 347, 0, 0, 0
23122, 1, 1636470950073, 1636470950689, 616, 266, 350, 0, 0, 0
23123, 1, 1636470950076, 1636470950697, 621, 262, 359, 0, 0, 0
23124, 1, 1636470950137, 1636470950761, 624, 266, 358, 0, 0, 0
23125, 1, 1636470950152, 1636470950777, 625, 271, 354, 0, 0, 0
23126, 1, 1636470950161, 1636470950785, 624, 273, 351, 2, 0, 2
23127, 1, 1636470950236, 1636470950845, 609, 262, 347, 0, 0, 0
23128, 1, 1636470950456, 1636470951069, 613, 262, 351, 0, 0, 0
23129, 1, 1636470950461, 1636470951085, 624, 271, 353, 2, 0, 2
23131, 1, 1636470950536, 1636470951149, 613, 263, 350, 0, 1, 1
23130, 1, 1636470950531, 1636470951149, 618, 267, 351, 0, 1, 1
23132, 1, 1636470950550, 1636470951193, 643, 286, 357, 1, 0, 1
23133, 1, 1636470950602, 1636470951216, 614, 267, 347, 0, 1, 1
23134, 1, 1636470950705, 1636470951317, 612, 267, 345, 0, 0, 0
23135, 1, 1636470950777, 1636470951393, 616, 262, 354, 0, 0, 0
23136, 1, 1636470950803, 1636470951421, 618, 267, 351, 1, 0, 1
23138, 1, 1636470950847, 1636470951456, 609, 263, 346, 0, 2, 2
23139, 1, 1636470950899, 1636470951517, 618, 262, 356, 0, 0, 0
23137, 1, 1636470950834, 1636470951541, 707, 359, 348, 0, 1, 1
23140, 1, 1636470950967, 1636470951581, 614, 262, 352, 0, 0, 0
23141, 1, 1636470950974, 1636470951589, 615, 262, 353, 0, 0, 0
23143, 1, 1636470951076, 1636470951701, 625, 266, 359, 0, 0, 0
23144, 1, 1636470951126, 1636470951745, 619, 266, 353, 0, 0, 0
23145, 1, 1636470951150, 1636470951765, 615, 263, 352, 0, 1, 1
23146, 1, 1636470951173, 1636470951789, 616, 270, 346, 0, 0, 0
23147, 1, 1636470951244, 1636470951857, 613, 263, 350, 1, 0, 1
23142, 1, 1636470951072, 1636470951888, 816, 466, 350, 0, 0, 0
23148, 1, 1636470951445, 1636470952061, 616, 263, 353, 0, 2, 2
23149, 1, 1636470951456, 1636470952068, 612, 266, 346, 0, 0, 0
23150, 1, 1636470951523, 1636470952233, 710, 357, 353, 0, 95, 95
23151, 1, 1636470951529, 1636470952237, 708, 352, 356, 1, 87, 88
23152, 1, 1636470951566, 1636470952324, 758, 292, 466, 5, 2, 7
23153, 1, 1636470951605, 1636470952324, 719, 363, 356, 1, 100, 101
23154, 1, 1636470951719, 1636470952409, 690, 338, 352, 0, 79, 79
23155, 1, 1636470951755, 1636470952409, 654, 307, 347, 2, 42, 44
23157, 1, 1636470951824, 1636470952496, 672, 262, 410, 4, 1, 5
23156, 1, 1636470951777, 1636470952496, 719, 261, 458, 2, 2, 4
23160, 1, 1636470951971, 1636470952545, 574, 266, 308, 1, 2, 3
23159, 1, 1636470951971, 1636470952545, 574, 267, 307, 1, 0, 1
23158, 1, 1636470951970, 1636470952589, 619, 270, 349, 0, 2, 2
23161, 1, 1636470952006, 1636470952613, 607, 262, 345, 0, 0, 0
23162, 1, 1636470952062, 1636470952681, 619, 262, 357, 1, 0, 1
23163, 1, 1636470952074, 1636470952693, 619, 266, 353, 0, 0, 0
23164, 1, 1636470952143, 1636470952756, 613, 262, 351, 0, 0, 0
23165, 1, 1636470952153, 1636470952769, 616, 263, 353, 0, 1, 1
23166, 1, 1636470952171, 1636470952784, 613, 262, 351, 0, 1, 1
23167, 1, 1636470952258, 1636470952873, 615, 267, 348, 0, 0, 0
23168, 1, 1636470952431, 1636470953049, 618, 266, 352, 0, 1, 1
23169, 1, 1636470952449, 1636470953065, 616, 266, 350, 0, 1, 1
23170, 1, 1636470952525, 1636470953136, 611, 262, 349, 0, 0, 0
23171, 1, 1636470952535, 1636470953152, 617, 266, 351, 0, 1, 1
23173, 1, 1636470952603, 1636470953213, 610, 262, 348, 0, 0, 0
23172, 1, 1636470952580, 1636470953221, 641, 291, 350, 0, 0, 0
23174, 1, 1636470952722, 1636470953336, 614, 262, 352, 0, 0, 0
23176, 1, 1636470952756, 1636470953365, 609, 262, 347, 0, 0, 0
23177, 1, 1636470952839, 1636470953449, 610, 266, 344, 0, 0, 0
23178, 1, 1636470952862, 1636470953477, 615, 266, 349, 0, 1, 1
23179, 1, 1636470952908, 1636470953525, 617, 263, 354, 1, 0, 1
23180, 1, 1636470952917, 1636470953529, 612, 262, 350, 0, 0, 0
23175, 1, 1636470952735, 1636470953565, 830, 486, 344, 0, 0, 0
23182, 1, 1636470953057, 1636470953669, 612, 262, 350, 0, 0, 0
23184, 1, 1636470953151, 1636470953769, 618, 266, 352, 0, 0, 0
23186, 1, 1636470953178, 1636470953792, 614, 266, 348, 0, 0, 0
23185, 1, 1636470953161, 1636470953821, 660, 314, 346, 0, 0, 0
23187, 1, 1636470953247, 1636470953857, 610, 264, 346, 1, 0, 1
23181, 1, 1636470953003, 1636470953877, 874, 526, 348, 0, 0, 0
23183, 1, 1636470953091, 1636470953909, 818, 474, 344, 0, 0, 0
23188, 1, 1636470953451, 1636470954068, 617, 270, 347, 0, 0, 0
23189, 1, 1636470953466, 1636470954093, 627, 266, 361, 0, 0, 0
23190, 1, 1636470953527, 1636470954140, 613, 267, 346, 1, 1, 2
23191, 1, 1636470953533, 1636470954168, 635, 282, 353, 0, 0, 0
23192, 1, 1636470953572, 1636470954200, 628, 282, 346, 0, 0, 0
23193, 1, 1636470953599, 1636470954209, 610, 263, 347, 0, 1, 1
23194, 1, 1636470953722, 1636470954333, 611, 262, 349, 0, 1, 1
23195, 1, 1636470953732, 1636470954349, 617, 262, 355, 0, 0, 0
23196, 1, 1636470953757, 1636470954369, 612, 263, 349, 0, 0, 0
23198, 1, 1636470953871, 1636470954477, 606, 258, 348, 0, 0, 0
23197, 1, 1636470953853, 1636470954516, 663, 306, 357, 0, 0, 0
23200, 1, 1636470953935, 1636470954545, 610, 262, 348, 0, 0, 0
23199, 1, 1636470953925, 1636470954548, 623, 266, 357, 0, 0, 0
23201, 1, 1636470953993, 1636470954605, 612, 266, 346, 0, 0, 0
23202, 1, 1636470954077, 1636470954685, 608, 258, 350, 0, 0, 0
23203, 1, 1636470954085, 1636470954697, 612, 263, 349, 0, 1, 1
23205, 1, 1636470954154, 1636470954768, 614, 267, 347, 1, 1, 2
23204, 1, 1636470954152, 1636470954769, 617, 268, 349, 1, 2, 3
23206, 1, 1636470954168, 1636470954781, 613, 266, 347, 1, 0, 1
23208, 1, 1636470954464, 1636470955081, 617, 263, 354, 0, 2, 2
23209, 1, 1636470954469, 1636470955084, 615, 263, 352, 1, 1, 2
23207, 1, 1636470954215, 1636470955117, 902, 555, 347, 0, 1, 1
23211, 1, 1636470954538, 1636470955148, 610, 263, 347, 1, 0, 1
23213, 1, 1636470954608, 1636470955229, 621, 267, 354, 0, 0, 0
23214, 1, 1636470954685, 1636470955301, 616, 262, 354, 0, 2, 2
23215, 1, 1636470954749, 1636470955361, 612, 262, 350, 1, 0, 1
23216, 1, 1636470954769, 1636470955381, 612, 263, 349, 0, 0, 0
23210, 1, 1636470954531, 1636470955433, 902, 550, 352, 0, 0, 0
23212, 1, 1636470954561, 1636470955477, 916, 554, 362, 0, 0, 0
23218, 1, 1636470954867, 1636470955481, 614, 267, 347, 0, 2, 2
23219, 1, 1636470954907, 1636470955521, 614, 266, 348, 0, 0, 0
23221, 1, 1636470954969, 1636470955597, 628, 270, 358, 0, 0, 0
23223, 1, 1636470955115, 1636470955725, 610, 266, 344, 0, 0, 0
23224, 1, 1636470955128, 1636470955744, 616, 266, 350, 0, 0, 0
23225, 1, 1636470955142, 1636470955761, 619, 266, 353, 0, 0, 0
23220, 1, 1636470954932, 1636470955777, 845, 494, 351, 0, 1, 1
23226, 1, 1636470955163, 1636470955785, 622, 262, 360, 0, 0, 0
23227, 1, 1636470955208, 1636470955828, 620, 267, 353, 0, 0, 0
23229, 1, 1636470955459, 1636470956081, 622, 262, 360, 0, 0, 0
23228, 1, 1636470955454, 1636470956125, 671, 318, 353, 0, 0, 0
23231, 1, 1636470955538, 1636470956152, 614, 262, 352, 0, 0, 0
23232, 1, 1636470955555, 1636470956180, 625, 275, 350, 0, 0, 0
23233, 1, 1636470955609, 1636470956221, 612, 262, 350, 0, 0, 0
23234, 1, 1636470955709, 1636470956325, 616, 266, 350, 0, 0, 0
23236, 1, 1636470955778, 1636470956396, 618, 263, 355, 0, 1, 1
23235, 1, 1636470955746, 1636470956472, 726, 374, 352, 0, 0, 0
23237, 1, 1636470955860, 1636470956477, 617, 262, 355, 0, 0, 0
23240, 1, 1636470955973, 1636470956585, 612, 263, 349, 1, 0, 1
23241, 1, 1636470956104, 1636470956717, 613, 262, 351, 0, 0, 0
23242, 1, 1636470956122, 1636470956740, 618, 266, 352, 0, 0, 0
23243, 1, 1636470956159, 1636470956769, 610, 262, 348, 0, 0, 0
23244, 1, 1636470956176, 1636470956793, 617, 263, 354, 0, 1, 1
23245, 1, 1636470956181, 1636470956797, 616, 264, 352, 2, 0, 2
23239, 1, 1636470955930, 1636470956821, 891, 538, 353, 1, 0, 1
23248, 1, 1636470956523, 1636470957141, 618, 270, 348, 0, 0, 0
23249, 1, 1636470956554, 1636470957169, 615, 266, 349, 0, 0, 0
23250, 1, 1636470956599, 1636470957213, 614, 267, 347, 0, 0, 0
23251, 1, 1636470956726, 1636470957341, 615, 265, 350, 1, 2, 3
23222, 2, 1636470955053, 1636470957343, 2290, 0, 2290, 0, 0, 0
23217, 2, 1636470954847, 1636470957343, 2496, 0, 2496, 0, 0, 0
23252, 1, 1636470956741, 1636470957365, 624, 266, 358, 0, 0, 0
23253, 1, 1636470956749, 1636470957369, 620, 263, 357, 0, 0, 0
23254, 1, 1636470956836, 1636470957449, 613, 262, 351, 0, 0, 0
23256, 1, 1636470956942, 1636470957557, 615, 262, 353, 0, 0, 0
23258, 1, 1636470957090, 1636470957701, 611, 261, 350, 0, 0, 0
23230, 2, 1636470955527, 1636470957746, 2219, 1, 2218, 0, 0, 0
23259, 1, 1636470957128, 1636470957753, 625, 267, 358, 0, 1, 1
23260, 1, 1636470957169, 1636470957784, 615, 264, 351, 1, 1, 2
23261, 1, 1636470957197, 1636470957809, 612, 263, 349, 0, 0, 0
23263, 1, 1636470957433, 1636470958093, 660, 266, 394, 0, 0, 0
23238, 2, 1636470955875, 1636470958095, 2220, 0, 2220, 0, 0, 0
23262, 1, 1636470957429, 1636470958104, 675, 278, 397, 0, 0, 0
23264, 1, 1636470957517, 1636470958129, 612, 264, 348, 0, 1, 1
23265, 1, 1636470957556, 1636470958169, 613, 263, 350, 0, 1, 1
23268, 1, 1636470957723, 1636470958333, 610, 262, 348, 0, 0, 0
23269, 1, 1636470957727, 1636470958341, 614, 267, 347, 1, 0, 1
23271, 1, 1636470957871, 1636470958480, 609, 263, 346, 0, 0, 0
23270, 1, 1636470957833, 1636470958489, 656, 266, 390, 0, 0, 0
23272, 1, 1636470957953, 1636470958565, 612, 262, 350, 0, 0, 0
23246, 2, 1636470956446, 1636470958666, 2220, 0, 2220, 0, 0, 0
23247, 2, 1636470956448, 1636470958678, 2230, 0, 2230, 0, 0, 0
23274, 1, 1636470958113, 1636470958729, 616, 263, 353, 0, 0, 0
23273, 1, 1636470958112, 1636470958729, 617, 263, 354, 2, 1, 3
23275, 1, 1636470958162, 1636470958777, 615, 262, 353, 0, 0, 0
23277, 1, 1636470958200, 1636470958817, 617, 262, 355, 1, 0, 1
23276, 1, 1636470958181, 1636470958837, 656, 263, 393, 0, 0, 0
23278, 1, 1636470958373, 1636470958985, 612, 266, 346, 0, 0, 0
23279, 1, 1636470958380, 1636470958993, 613, 267, 346, 1, 0, 1
23280, 1, 1636470958510, 1636470959125, 615, 267, 348, 0, 1, 1
23255, 2, 1636470956923, 1636470959142, 2219, 0, 2219, 0, 0, 0
23281, 1, 1636470958577, 1636470959193, 616, 262, 354, 0, 0, 0
23257, 2, 1636470957072, 1636470959295, 2223, 0, 2223, 0, 0, 0
23282, 1, 1636470958732, 1636470959340, 608, 263, 345, 1, 0, 1
23283, 1, 1636470958752, 1636470959365, 613, 262, 351, 0, 0, 0
23284, 1, 1636470958757, 1636470959409, 652, 262, 390, 0, 1, 1
23285, 1, 1636470958765, 1636470959421, 656, 262, 394, 0, 0, 0
23287, 1, 1636470958872, 1636470959480, 608, 262, 346, 0, 0, 0
23288, 1, 1636470958927, 1636470959541, 614, 266, 348, 0, 0, 0
23286, 1, 1636470958781, 1636470959689, 908, 558, 350, 0, 0, 0
23289, 1, 1636470959119, 1636470959733, 614, 262, 352, 0, 0, 0
23291, 1, 1636470959137, 1636470959749, 612, 266, 346, 0, 0, 0
23292, 1, 1636470959166, 1636470959781, 615, 263, 352, 0, 0, 0
23266, 2, 1636470957566, 1636470959794, 2228, 0, 2228, 0, 0, 0
23290, 1, 1636470959133, 1636470959837, 704, 346, 358, 0, 0, 0
23293, 1, 1636470959221, 1636470959837, 616, 263, 353, 0, 0, 0
23294, 1, 1636470959233, 1636470959885, 652, 262, 390, 0, 0, 0
23295, 1, 1636470959360, 1636470959973, 613, 262, 351, 0, 0, 0
23297, 1, 1636470959390, 1636470959997, 607, 262, 345, 0, 0, 0
23296, 1, 1636470959381, 1636470960036, 655, 267, 388, 0, 1, 1
23298, 1, 1636470959514, 1636470960121, 607, 263, 344, 1, 0, 1
23299, 1, 1636470959594, 1636470960204, 610, 262, 348, 0, 0, 0
23267, 1, 1636470957698, 1636470960269, 2571, 2226, 345, 0, 0, 0
23300, 1, 1636470959704, 1636470960321, 617, 267, 350, 0, 1, 1
23301, 1, 1636470959716, 1636470960325, 609, 262, 347, 0, 0, 0
23302, 1, 1636470959756, 1636470960369, 613, 266, 347, 0, 0, 0
23303, 1, 1636470959770, 1636470960377, 607, 262, 345, 0, 0, 0
23304, 1, 1636470959772, 1636470960381, 609, 262, 347, 0, 2, 2
23306, 1, 1636470959902, 1636470960512, 610, 262, 348, 0, 0, 0
23307, 1, 1636470959909, 1636470960521, 612, 262, 350, 0, 0, 0
23305, 1, 1636470959881, 1636470960544, 663, 262, 401, 0, 1, 1
23308, 1, 1636470960118, 1636470960733, 615, 262, 353, 0, 1, 1
23309, 1, 1636470960130, 1636470960744, 614, 262, 352, 0, 0, 0
23311, 1, 1636470960140, 1636470960757, 617, 263, 354, 0, 1, 1
23312, 1, 1636470960178, 1636470960789, 611, 258, 353, 0, 0, 0
23313, 1, 1636470960237, 1636470960853, 616, 263, 353, 1, 0, 1
23310, 1, 1636470960140, 1636470960869, 729, 379, 350, 0, 0, 0
23314, 1, 1636470960270, 1636470960929, 659, 267, 392, 0, 1, 1
23315, 1, 1636470960332, 1636470960945, 613, 263, 350, 0, 1, 1
23316, 1, 1636470960365, 1636470960981, 616, 267, 349, 1, 0, 1
23317, 1, 1636470960381, 1636470960993, 612, 263, 349, 0, 2, 2
23318, 1, 1636470960511, 1636470961121, 610, 262, 348, 0, 1, 1
23319, 1, 1636470960626, 1636470961241, 615, 268, 347, 0, 2, 2
23320, 1, 1636470960690, 1636470961301, 611, 262, 349, 0, 1, 1
23321, 1, 1636470960738, 1636470961348, 610, 262, 348, 0, 1, 1
23322, 1, 1636470960744, 1636470961353, 609, 262, 347, 0, 0, 0
23323, 1, 1636470960753, 1636470961360, 607, 262, 345, 0, 0, 0
23324, 1, 1636470960782, 1636470961397, 615, 263, 352, 1, 1, 2
23325, 1, 1636470960825, 1636470961437, 612, 266, 346, 0, 0, 0
23326, 1, 1636470960883, 1636470961489, 606, 262, 344, 0, 0, 0
23327, 1, 1636470960937, 1636470961545, 608, 263, 345, 0, 2, 2
23329, 1, 1636470961110, 1636470961724, 614, 266, 348, 0, 0, 0
23328, 1, 1636470961105, 1636470961725, 620, 262, 358, 0, 0, 0
23330, 1, 1636470961119, 1636470961733, 614, 264, 350, 1, 0, 1
23332, 1, 1636470961165, 1636470961773, 608, 262, 346, 1, 0, 1
23331, 1, 1636470961125, 1636470961841, 716, 363, 353, 1, 0, 1
23333, 1, 1636470961245, 1636470961861, 616, 266, 350, 0, 0, 0
23334, 1, 1636470961270, 1636470961881, 611, 262, 349, 0, 0, 0
23335, 1, 1636470961341, 1636470961961, 620, 270, 350, 2, 0, 2
23336, 1, 1636470961342, 1636470961961, 619, 270, 349, 2, 0, 2
23337, 1, 1636470961399, 1636470962013, 614, 267, 347, 0, 1, 1
23338, 1, 1636470961490, 1636470962101, 611, 264, 347, 1, 2, 3
23339, 1, 1636470961614, 1636470962225, 611, 263, 348, 0, 0, 0
23340, 1, 1636470961710, 1636470962328, 618, 268, 350, 1, 2, 3
23341, 1, 1636470961728, 1636470962337, 609, 263, 346, 0, 0, 0
23342, 1, 1636470961739, 1636470962349, 610, 262, 348, 0, 0, 0
23343, 1, 1636470961747, 1636470962365, 618, 267, 351, 2, 0, 2
23344, 1, 1636470961798, 1636470962408, 610, 266, 344, 0, 0, 0
23345, 1, 1636470961836, 1636470962445, 609, 262, 347, 0, 0, 0
23346, 1, 1636470961879, 1636470962493, 614, 266, 348, 0, 0, 0
23347, 1, 1636470961952, 1636470962565, 613, 262, 351, 0, 0, 0
23348, 1, 1636470962087, 1636470962697, 610, 258, 352, 0, 0, 0
23349, 1, 1636470962119, 1636470962733, 614, 263, 351, 0, 0, 0
23350, 1, 1636470962121, 1636470962733, 612, 263, 349, 0, 1, 1
23352, 1, 1636470962173, 1636470962785, 612, 262, 350, 0, 0, 0
23353, 1, 1636470962231, 1636470962841, 610, 262, 348, 0, 0, 0
23351, 1, 1636470962124, 1636470962841, 717, 370, 347, 0, 0, 0
23355, 1, 1636470962332, 1636470962949, 617, 262, 355, 0, 0, 0
23356, 1, 1636470962342, 1636470962957, 615, 266, 349, 0, 0, 0
23357, 1, 1636470962389, 1636470963001, 612, 262, 350, 0, 0, 0
23358, 1, 1636470962458, 1636470963069, 611, 262, 349, 0, 0, 0
23354, 1, 1636470962257, 1636470963088, 831, 479, 352, 1, 0, 1
23359, 1, 1636470962585, 1636470963197, 612, 263, 349, 1, 0, 1
23361, 1, 1636470962727, 1636470963344, 617, 267, 350, 1, 1, 2
23360, 1, 1636470962724, 1636470963345, 621, 267, 354, 2, 0, 2
23362, 1, 1636470962759, 1636470963365, 606, 262, 344, 0, 0, 0
23363, 1, 1636470962765, 1636470963372, 607, 259, 348, 0, 0, 0
23364, 1, 1636470962787, 1636470963397, 610, 262, 348, 0, 0, 0
23365, 1, 1636470962813, 1636470963425, 612, 262, 350, 0, 0, 0
23366, 1, 1636470962914, 1636470963537, 623, 267, 356, 1, 1, 2
23367, 1, 1636470962961, 1636470963573, 612, 263, 349, 0, 1, 1
23368, 1, 1636470963089, 1636470963705, 616, 262, 354, 0, 0, 0
23369, 1, 1636470963122, 1636470963729, 607, 262, 345, 0, 0, 0
23371, 1, 1636470963154, 1636470963764, 610, 263, 347, 0, 0, 0
23372, 1, 1636470963190, 1636470963801, 611, 266, 345, 0, 0, 0
23373, 1, 1636470963248, 1636470963861, 613, 258, 355, 0, 0, 0
23374, 1, 1636470963251, 1636470963869, 618, 266, 352, 0, 0, 0
23370, 1, 1636470963132, 1636470963888, 756, 399, 357, 0, 0, 0
23375, 1, 1636470963307, 1636470963921, 614, 262, 352, 1, 0, 1
23377, 1, 1636470963358, 1636470963973, 615, 262, 353, 0, 0, 0
23376, 1, 1636470963353, 1636470963973, 620, 266, 354, 0, 0, 0
23378, 1, 1636470963460, 1636470964081, 621, 266, 355, 0, 0, 0
23379, 1, 1636470963550, 1636470964161, 611, 263, 348, 1, 0, 1
23380, 1, 1636470963716, 1636470964328, 612, 261, 351, 0, 1, 1
23382, 1, 1636470963728, 1636470964345, 617, 263, 354, 1, 1, 2
23381, 1, 1636470963725, 1636470964345, 620, 263, 357, 0, 0, 0
23383, 1, 1636470963755, 1636470964377, 622, 267, 355, 1, 0, 1
23384, 1, 1636470963789, 1636470964401, 612, 262, 350, 1, 0, 1
23385, 1, 1636470963796, 1636470964417, 621, 266, 355, 0, 0, 0
23386, 1, 1636470963923, 1636470964528, 605, 262, 343, 0, 1, 1
23387, 1, 1636470963931, 1636470964549, 618, 262, 356, 0, 0, 0
23388, 1, 1636470964093, 1636470964705, 612, 267, 345, 0, 0, 0
23390, 1, 1636470964139, 1636470964753, 614, 263, 351, 0, 2, 2
23389, 1, 1636470964133, 1636470964753, 620, 264, 356, 0, 1, 1
23392, 1, 1636470964178, 1636470964784, 606, 263, 343, 0, 1, 1
23393, 1, 1636470964213, 1636470964833, 620, 266, 354, 0, 0, 0
23391, 1, 1636470964142, 1636470964869, 727, 383, 344, 0, 0, 0
23394, 1, 1636470964268, 1636470964889, 621, 262, 359, 0, 0, 0
23395, 1, 1636470964343, 1636470964948, 605, 263, 342, 0, 0, 0
23396, 1, 1636470964359, 1636470964973, 614, 267, 347, 2, 0, 2
23397, 1, 1636470964371, 1636470964989, 618, 266, 352, 0, 0, 0
23398, 1, 1636470964492, 1636470965105, 613, 266, 347, 0, 0, 0
23399, 1, 1636470964581, 1636470965197, 616, 267, 349, 0, 1, 1
23400, 1, 1636470964684, 1636470965292, 608, 263, 345, 0, 0, 0
23401, 1, 1636470964696, 1636470965317, 621, 267, 354, 0, 0, 0
23403, 1, 1636470964734, 1636470965345, 611, 262, 349, 0, 0, 0
23402, 1, 1636470964728, 1636470965345, 617, 267, 350, 0, 1, 1
23404, 1, 1636470964778, 1636470965397, 619, 266, 353, 0, 0, 0
23405, 1, 1636470964824, 1636470965444, 620, 267, 353, 0, 0, 0
23407, 1, 1636470964935, 1636470965541, 606, 262, 344, 0, 0, 0
23406, 1, 1636470964908, 1636470965693, 785, 434, 351, 0, 0, 0
23408, 1, 1636470965101, 1636470965713, 612, 262, 350, 1, 0, 1
23409, 1, 1636470965111, 1636470965725, 614, 266, 348, 1, 0, 1
23410, 1, 1636470965140, 1636470965752, 612, 263, 349, 1, 0, 1
23413, 1, 1636470965220, 1636470965829, 609, 263, 346, 1, 0, 1
23414, 1, 1636470965250, 1636470965861, 611, 266, 345, 0, 0, 0
23412, 1, 1636470965159, 1636470965889, 730, 382, 348, 0, 0, 0
23415, 1, 1636470965341, 1636470965949, 608, 263, 345, 0, 0, 0
23416, 1, 1636470965352, 1636470965960, 608, 263, 345, 0, 1, 1
23417, 1, 1636470965358, 1636470965973, 615, 266, 349, 0, 1, 1
23411, 1, 1636470965156, 1636470966076, 920, 566, 354, 0, 0, 0
23419, 1, 1636470965564, 1636470966172, 608, 262, 346, 1, 1, 2
23420, 1, 1636470965668, 1636470966281, 613, 263, 350, 1, 1, 2
23421, 1, 1636470965697, 1636470966305, 608, 259, 349, 1, 0, 1
23422, 1, 1636470965719, 1636470966325, 606, 262, 344, 0, 1, 1
23423, 1, 1636470965742, 1636470966352, 610, 267, 343, 1, 0, 1
23418, 1, 1636470965510, 1636470966421, 911, 564, 347, 0, 1, 1
23425, 1, 1636470965834, 1636470966441, 607, 257, 350, 0, 0, 0
23426, 1, 1636470965917, 1636470966533, 616, 263, 353, 0, 2, 2
23427, 1, 1636470965929, 1636470966545, 616, 262, 354, 1, 0, 1
23428, 1, 1636470966076, 1636470966689, 613, 263, 350, 2, 0, 2
23429, 1, 1636470966078, 1636470966693, 615, 263, 352, 1, 2, 3
23431, 1, 1636470966150, 1636470966756, 606, 263, 343, 0, 1, 1
23432, 1, 1636470966157, 1636470966764, 607, 262, 345, 1, 0, 1
23424, 1, 1636470965746, 1636470966768, 1022, 674, 348, 1, 0, 1
23433, 1, 1636470966202, 1636470966809, 607, 263, 344, 1, 0, 1
23430, 1, 1636470966140, 1636470966892, 752, 410, 342, 0, 0, 0
23436, 1, 1636470966320, 1636470966929, 609, 262, 347, 0, 0, 0
23437, 1, 1636470966365, 1636470966989, 624, 266, 358, 0, 0, 0
23435, 1, 1636470966316, 1636470967105, 789, 439, 350, 0, 0, 0
23438, 1, 1636470966504, 1636470967117, 613, 262, 351, 0, 1, 1
23434, 1, 1636470966218, 1636470967117, 899, 550, 349, 0, 0, 0
23439, 1, 1636470966592, 1636470967201, 609, 263, 346, 1, 1, 2
23440, 1, 1636470966660, 1636470967273, 613, 262, 351, 0, 0, 0
23441, 1, 1636470966687, 1636470967292, 605, 263, 342, 0, 1, 1
23442, 1, 1636470966710, 1636470967317, 607, 262, 345, 0, 0, 0
23443, 1, 1636470966712, 1636470967325, 613, 262, 351, 0, 0, 0
23444, 1, 1636470966770, 1636470967424, 654, 266, 388, 0, 0, 0
23445, 1, 1636470966846, 1636470967461, 615, 267, 348, 0, 1, 1
23446, 1, 1636470966906, 1636470967517, 611, 262, 349, 0, 0, 0
23447, 1, 1636470966950, 1636470967565, 615, 266, 349, 0, 0, 0
23448, 1, 1636470967085, 1636470967705, 620, 266, 354, 0, 0, 0
23451, 1, 1636470967145, 1636470967765, 620, 266, 354, 0, 1, 1
23449, 1, 1636470967111, 1636470967781, 670, 314, 356, 1, 0, 1
23452, 1, 1636470967163, 1636470967781, 618, 266, 352, 0, 0, 0
23454, 1, 1636470967231, 1636470967849, 618, 274, 344, 0, 0, 0
23450, 1, 1636470967118, 1636470967873, 755, 399, 356, 0, 0, 0
23455, 1, 1636470967312, 1636470967929, 617, 266, 351, 0, 0, 0
23457, 1, 1636470967335, 1636470967945, 610, 263, 347, 1, 0, 1
23456, 1, 1636470967324, 1636470967953, 629, 268, 361, 0, 0, 0
23458, 1, 1636470967511, 1636470968137, 626, 270, 356, 1, 0, 1
23453, 1, 1636470967213, 1636470968228, 1015, 658, 357, 0, 0, 0
23459, 1, 1636470967627, 1636470968245, 618, 267, 351, 0, 0, 0
23461, 1, 1636470967680, 1636470968300, 620, 266, 354, 0, 0, 0
23463, 1, 1636470967710, 1636470968325, 615, 262, 353, 0, 0, 0
23464, 1, 1636470967747, 1636470968361, 614, 266, 348, 0, 0, 0
23465, 1, 1636470967817, 1636470968433, 616, 266, 350, 0, 0, 0
23460, 1, 1636470967652, 1636470968485, 833, 483, 350, 0, 1, 1
23466, 1, 1636470967912, 1636470968529, 617, 266, 351, 0, 0, 0
23467, 1, 1636470967942, 1636470968557, 615, 262, 353, 0, 0, 0
23462, 1, 1636470967688, 1636470968573, 885, 530, 355, 1, 0, 1
23468, 1, 1636470968094, 1636470968705, 611, 263, 348, 0, 1, 1
23469, 1, 1636470968102, 1636470968712, 610, 266, 344, 0, 1, 1
23472, 1, 1636470968183, 1636470968797, 614, 263, 351, 1, 0, 1
23471, 1, 1636470968139, 1636470968833, 694, 342, 352, 0, 0, 0
23474, 1, 1636470968246, 1636470968861, 615, 262, 353, 0, 0, 0
23470, 1, 1636470968135, 1636470968877, 742, 394, 348, 0, 0, 0
23475, 1, 1636470968311, 1636470968925, 614, 262, 352, 1, 0, 1
23476, 1, 1636470968317, 1636470968941, 624, 267, 357, 0, 1, 1
23477, 1, 1636470968355, 1636470968965, 610, 267, 343, 0, 0, 0
23473, 1, 1636470968230, 1636470969057, 827, 442, 385, 0, 0, 0
23478, 1, 1636470968519, 1636470969125, 606, 263, 343, 0, 0, 0
23479, 1, 1636470968613, 1636470969221, 608, 263, 345, 1, 0, 1
23480, 1, 1636470968639, 1636470969248, 609, 262, 347, 0, 0, 0
23481, 1, 1636470968690, 1636470969301, 611, 263, 348, 0, 0, 0
23482, 1, 1636470968692, 1636470969308, 616, 262, 354, 0, 1, 1
23483, 1, 1636470968709, 1636470969325, 616, 266, 350, 0, 0, 0
23485, 1, 1636470968794, 1636470969409, 615, 263, 352, 0, 1, 1
23487, 1, 1636470968951, 1636470969565, 614, 262, 352, 0, 0, 0
23484, 1, 1636470968757, 1636470969569, 812, 462, 350, 0, 1, 1
23486, 1, 1636470968944, 1636470969677, 733, 378, 355, 0, 0, 0
23488, 1, 1636470969097, 1636470969713, 616, 266, 350, 0, 0, 0
23490, 1, 1636470969134, 1636470969749, 615, 266, 349, 1, 0, 1
23492, 1, 1636470969200, 1636470969808, 608, 263, 345, 1, 0, 1
23495, 1, 1636470969307, 1636470969917, 610, 265, 345, 0, 0, 0
23489, 1, 1636470969112, 1636470969929, 817, 462, 355, 2, 0, 2
23496, 1, 1636470969316, 1636470969937, 621, 266, 355, 0, 0, 0
23497, 1, 1636470969346, 1636470969957, 611, 263, 348, 0, 0, 0
23491, 1, 1636470969158, 1636470970025, 867, 520, 347, 0, 0, 0
23498, 1, 1636470969525, 1636470970141, 616, 262, 354, 0, 0, 0
23499, 1, 1636470969640, 1636470970249, 609, 262, 347, 0, 0, 0
23500, 1, 1636470969643, 1636470970253, 610, 266, 344, 0, 0, 0
23501, 1, 1636470969663, 1636470970273, 610, 262, 348, 1, 0, 1
23503, 1, 1636470969734, 1636470970345, 611, 267, 344, 1, 0, 1
23504, 1, 1636470969751, 1636470970369, 618, 266, 352, 0, 1, 1
23502, 1, 1636470969726, 1636470970377, 651, 298, 353, 0, 0, 0
23505, 1, 1636470969800, 1636470970413, 613, 262, 351, 0, 0, 0
23506, 1, 1636470969940, 1636470970561, 621, 267, 354, 0, 0, 0
23507, 1, 1636470969970, 1636470970585, 615, 266, 349, 0, 0, 0
23508, 1, 1636470970096, 1636470970705, 609, 263, 346, 0, 0, 0
23509, 1, 1636470970106, 1636470970713, 607, 262, 345, 0, 0, 0
23510, 1, 1636470970139, 1636470970753, 614, 266, 348, 0, 0, 0
23512, 1, 1636470970212, 1636470970833, 621, 266, 355, 0, 0, 0
23513, 1, 1636470970290, 1636470970901, 611, 266, 345, 0, 0, 0
23511, 1, 1636470970153, 1636470970905, 752, 402, 350, 0, 0, 0
23515, 1, 1636470970354, 1636470970969, 615, 263, 352, 0, 1, 1
23514, 1, 1636470970347, 1636470970969, 622, 267, 355, 0, 1, 1
23516, 1, 1636470970523, 1636470971129, 606, 262, 344, 0, 0, 0
23517, 1, 1636470970616, 1636470971228, 612, 263, 349, 1, 1, 2
23519, 1, 1636470970646, 1636470971257, 611, 262, 349, 0, 0, 0
23518, 1, 1636470970640, 1636470971257, 617, 266, 351, 0, 0, 0
23520, 1, 1636470970695, 1636470971305, 610, 262, 348, 0, 0, 0
23521, 1, 1636470970726, 1636470971337, 611, 262, 349, 0, 0, 0
23522, 1, 1636470970741, 1636470971361, 620, 262, 358, 0, 0, 0
23523, 1, 1636470970833, 1636470971445, 612, 263, 349, 0, 1, 1
23524, 1, 1636470970962, 1636470971577, 615, 262, 353, 0, 0, 0
23525, 1, 1636470970974, 1636470971596, 622, 267, 355, 1, 0, 1
23526, 1, 1636470971102, 1636470971709, 607, 262, 345, 0, 0, 0
23527, 1, 1636470971112, 1636470971725, 613, 264, 349, 1, 0, 1
23528, 1, 1636470971116, 1636470971725, 609, 264, 345, 1, 0, 1
23530, 1, 1636470971191, 1636470971797, 606, 262, 344, 0, 0, 0
23493, 2, 1636470969232, 1636470971799, 2567, 0, 2567, 0, 0, 0
23494, 2, 1636470969244, 1636470971799, 2555, 1, 2554, 0, 0, 0
23531, 1, 1636470971259, 1636470971873, 614, 266, 348, 0, 0, 0
23532, 1, 1636470971328, 1636470971945, 617, 262, 355, 0, 0, 0
23529, 1, 1636470971169, 1636470971945, 776, 426, 350, 1, 0, 1
23533, 1, 1636470971372, 1636470971989, 617, 272, 345, 0, 0, 0
23534, 1, 1636470971533, 1636470972149, 616, 264, 352, 2, 1, 3
23535, 1, 1636470971595, 1636470972200, 605, 264, 341, 2, 1, 3
23536, 1, 1636470971614, 1636470972229, 615, 266, 349, 2, 0, 2
23537, 1, 1636470971621, 1636470972237, 616, 267, 349, 2, 1, 3
23538, 1, 1636470971703, 1636470972313, 610, 262, 348, 1, 0, 1
23539, 1, 1636470971761, 1636470972373, 612, 266, 346, 0, 1, 1
23541, 1, 1636470971824, 1636470972444, 620, 268, 352, 0, 0, 0
23544, 1, 1636470971930, 1636470972545, 615, 263, 352, 4, 0, 4
23543, 1, 1636470971889, 1636470972545, 656, 261, 395, 2, 0, 2
23542, 1, 1636470971885, 1636470972545, 660, 262, 398, 3, 0, 3
23545, 1, 1636470971986, 1636470972597, 611, 262, 349, 0, 0, 0
23540, 1, 1636470971775, 1636470972660, 885, 535, 350, 1, 0, 1
23546, 1, 1636470972091, 1636470972701, 610, 263, 347, 1, 1, 2
23547, 1, 1636470972115, 1636470972724, 609, 262, 347, 0, 2, 2
23549, 1, 1636470972162, 1636470972777, 615, 266, 349, 0, 1, 1
23551, 1, 1636470972262, 1636470972881, 619, 264, 355, 1, 1, 2
23548, 1, 1636470972133, 1636470972901, 768, 407, 361, 0, 1, 1
23550, 1, 1636470972171, 1636470972945, 774, 426, 348, 0, 0, 0
23553, 1, 1636470972364, 1636470972981, 617, 264, 353, 2, 0, 2
23552, 1, 1636470972336, 1636470973013, 677, 322, 355, 0, 0, 0
23555, 1, 1636470972572, 1636470973184, 612, 267, 345, 1, 1, 2
23556, 1, 1636470972616, 1636470973229, 613, 263, 350, 1, 0, 1
23554, 1, 1636470972537, 1636470973241, 704, 358, 346, 0, 0, 0
23557, 1, 1636470972652, 1636470973265, 613, 267, 346, 0, 0, 0
23558, 1, 1636470972721, 1636470973332, 611, 266, 345, 1, 0, 1
23559, 1, 1636470972767, 1636470973373, 606, 265, 341, 2, 0, 2
23560, 1, 1636470972772, 1636470973385, 613, 262, 351, 1, 0, 1
23561, 1, 1636470972818, 1636470973437, 619, 264, 355, 1, 0, 1
23562, 1, 1636470972849, 1636470973465, 616, 262, 354, 0, 0, 0
23563, 1, 1636470972857, 1636470973469, 612, 262, 350, 0, 0, 0
23564, 1, 1636470972930, 1636470973536, 606, 262, 344, 0, 0, 0
23565, 1, 1636470972978, 1636470973592, 614, 263, 351, 1, 0, 1
23566, 1, 1636470973059, 1636470973672, 613, 262, 351, 0, 0, 0
23569, 1, 1636470973131, 1636470973741, 610, 263, 347, 1, 0, 1
23568, 1, 1636470973128, 1636470973741, 613, 263, 350, 0, 1, 1
23567, 1, 1636470973114, 1636470973780, 666, 322, 344, 0, 0, 0
23571, 1, 1636470973266, 1636470973872, 606, 262, 344, 0, 0, 0
23570, 1, 1636470973153, 1636470973937, 784, 438, 346, 1, 0, 1
23572, 1, 1636470973331, 1636470973940, 609, 267, 342, 0, 0, 0
23573, 1, 1636470973359, 1636470973968, 609, 262, 347, 0, 0, 0
23574, 1, 1636470973513, 1636470974124, 611, 263, 348, 1, 0, 1
23575, 1, 1636470973574, 1636470974189, 615, 266, 349, 0, 0, 0
23576, 1, 1636470973620, 1636470974228, 608, 262, 346, 0, 0, 0
23577, 1, 1636470973626, 1636470974245, 619, 267, 352, 0, 1, 1
23578, 1, 1636470973714, 1636470974325, 611, 262, 349, 0, 1, 1
23579, 1, 1636470973780, 1636470974392, 612, 262, 350, 0, 0, 0
23580, 1, 1636470973791, 1636470974397, 606, 264, 342, 1, 1, 2
23582, 1, 1636470973851, 1636470974461, 610, 264, 346, 0, 2, 2
23581, 1, 1636470973849, 1636470974461, 612, 263, 349, 1, 0, 1
23583, 1, 1636470973875, 1636470974481, 606, 263, 343, 1, 2, 3
23585, 1, 1636470973945, 1636470974553, 608, 258, 350, 0, 1, 1
23584, 1, 1636470973943, 1636470974553, 610, 262, 348, 1, 0, 1
23586, 1, 1636470974061, 1636470974677, 616, 266, 350, 0, 1, 1
23588, 1, 1636470974139, 1636470974753, 614, 266, 348, 0, 0, 0
23590, 1, 1636470974159, 1636470974781, 622, 266, 356, 0, 0, 0
23587, 1, 1636470974128, 1636470974805, 677, 330, 347, 0, 1, 1
23589, 1, 1636470974141, 1636470974901, 760, 411, 349, 1, 0, 1
23591, 1, 1636470974304, 1636470974917, 613, 262, 351, 0, 0, 0
23592, 1, 1636470974322, 1636470974937, 615, 266, 349, 0, 0, 0
23593, 1, 1636470974331, 1636470974957, 626, 266, 360, 0, 0, 0
23594, 1, 1636470974546, 1636470975152, 606, 262, 344, 0, 0, 0
23595, 1, 1636470974578, 1636470975189, 611, 262, 349, 0, 1, 1
23597, 1, 1636470974657, 1636470975277, 620, 266, 354, 0, 0, 0
23596, 1, 1636470974617, 1636470975281, 664, 318, 346, 0, 0, 0
23598, 1, 1636470974681, 1636470975293, 612, 262, 350, 0, 0, 0
23599, 1, 1636470974750, 1636470975365, 615, 262, 353, 1, 0, 1
23600, 1, 1636470974799, 1636470975405, 606, 263, 343, 0, 0, 0
23603, 1, 1636470974869, 1636470975481, 612, 264, 348, 0, 2, 2
23602, 1, 1636470974866, 1636470975481, 615, 266, 349, 0, 0, 0
23605, 1, 1636470974970, 1636470975577, 607, 262, 345, 0, 0, 0
23604, 1, 1636470974964, 1636470975577, 613, 262, 351, 0, 2, 2
23601, 1, 1636470974837, 1636470975629, 792, 442, 350, 0, 1, 1
23606, 1, 1636470975066, 1636470975677, 611, 262, 349, 1, 0, 1
23607, 1, 1636470975110, 1636470975733, 623, 271, 352, 0, 0, 0
23609, 1, 1636470975138, 1636470975749, 611, 263, 348, 1, 0, 1
23608, 1, 1636470975131, 1636470975829, 698, 346, 352, 0, 0, 0
23611, 1, 1636470975271, 1636470975881, 610, 262, 348, 0, 0, 0
23612, 1, 1636470975289, 1636470975904, 615, 266, 349, 0, 0, 0
23610, 1, 1636470975164, 1636470975925, 761, 410, 351, 0, 0, 0
23614, 1, 1636470975562, 1636470976180, 618, 266, 352, 0, 1, 1
23615, 1, 1636470975594, 1636470976213, 619, 266, 353, 0, 0, 0
23616, 1, 1636470975596, 1636470976213, 617, 262, 355, 0, 0, 0
23613, 1, 1636470975366, 1636470976268, 902, 559, 343, 0, 0, 0
23617, 1, 1636470975657, 1636470976273, 616, 266, 350, 0, 1, 1
23619, 1, 1636470975726, 1636470976345, 619, 263, 356, 1, 0, 1
23620, 1, 1636470975827, 1636470976437, 610, 262, 348, 1, 0, 1
23621, 1, 1636470975833, 1636470976453, 620, 270, 350, 0, 0, 0
23622, 1, 1636470975857, 1636470976525, 668, 325, 343, 0, 1, 1
23624, 1, 1636470975940, 1636470976549, 609, 262, 347, 0, 0, 0
23623, 1, 1636470975868, 1636470976557, 689, 343, 346, 1, 1, 2
23618, 1, 1636470975681, 1636470976617, 936, 586, 350, 1, 0, 1
23626, 1, 1636470976085, 1636470976697, 612, 262, 350, 0, 0, 0
23627, 1, 1636470976089, 1636470976701, 612, 266, 346, 1, 0, 1
23629, 1, 1636470976161, 1636470976769, 608, 262, 346, 0, 0, 0
23628, 1, 1636470976104, 1636470976877, 773, 422, 351, 0, 0, 0
23631, 1, 1636470976279, 1636470976888, 609, 262, 347, 0, 0, 0
23633, 1, 1636470976373, 1636470976985, 612, 262, 350, 0, 0, 0
23635, 1, 1636470976563, 1636470977173, 610, 263, 347, 1, 1, 2
23634, 1, 1636470976550, 1636470977233, 683, 327, 356, 1, 0, 1
23637, 1, 1636470976665, 1636470977277, 612, 262, 350, 0, 0, 0
23639, 1, 1636470976731, 1636470977345, 614, 263, 351, 1, 0, 1
23641, 1, 1636470976835, 1636470977445, 610, 264, 346, 1, 1, 2
23642, 1, 1636470976884, 1636470977489, 605, 258, 347, 0, 0, 0
23643, 1, 1636470976888, 1636470977497, 609, 262, 347, 0, 0, 0
23644, 1, 1636470976944, 1636470977561, 617, 266, 351, 0, 0, 0
23636, 1, 1636470976564, 1636470977581, 1017, 666, 351, 1, 0, 1
23645, 1, 1636470977052, 1636470977665, 613, 261, 352, 1, 0, 1
23646, 1, 1636470977094, 1636470977705, 611, 262, 349, 0, 0, 0
23648, 1, 1636470977195, 1636470977808, 613, 266, 347, 0, 0, 0
23647, 1, 1636470977121, 1636470977841, 720, 370, 350, 1, 0, 1
23649, 1, 1636470977302, 1636470977917, 615, 262, 353, 0, 0, 0
23650, 1, 1636470977372, 1636470977989, 617, 262, 355, 0, 0, 0
23652, 1, 1636470977570, 1636470978180, 610, 263, 347, 0, 1, 1
23651, 1, 1636470977553, 1636470978185, 632, 286, 346, 0, 0, 0
23653, 1, 1636470977582, 1636470978245, 663, 271, 392, 0, 1, 1
23654, 1, 1636470977672, 1636470978293, 621, 271, 350, 2, 0, 2
23655, 1, 1636470977765, 1636470978389, 624, 274, 350, 2, 1, 3
23656, 1, 1636470977821, 1636470978445, 624, 267, 357, 0, 1, 1
23657, 1, 1636470977858, 1636470978473, 615, 261, 354, 0, 0, 0
23625, 2, 1636470975982, 1636470978491, 2509, 0, 2509, 0, 0, 0
23630, 2, 1636470976168, 1636470978491, 2323, 1, 2322, 0, 1, 1
23658, 1, 1636470977899, 1636470978509, 610, 262, 348, 1, 0, 1
23632, 2, 1636470976289, 1636470978510, 2221, 0, 2221, 0, 0, 0
23659, 1, 1636470977951, 1636470978557, 606, 258, 348, 0, 0, 0
23660, 1, 1636470978059, 1636470978672, 613, 262, 351, 0, 0, 0
23662, 1, 1636470978127, 1636470978741, 614, 266, 348, 0, 1, 1
23663, 1, 1636470978181, 1636470978797, 616, 262, 354, 0, 0, 0
23661, 1, 1636470978097, 1636470978821, 724, 374, 350, 0, 0, 0
23638, 2, 1636470976685, 1636470978906, 2221, 0, 2221, 1, 0, 1
23664, 1, 1636470978305, 1636470978925, 620, 266, 354, 0, 1, 1
23665, 1, 1636470978395, 1636470979005, 610, 263, 347, 1, 0, 1
23666, 1, 1636470978529, 1636470979169, 640, 290, 350, 0, 0, 0
23667, 1, 1636470978577, 1636470979185, 608, 263, 345, 0, 0, 0
23671, 1, 1636470978609, 1636470979216, 607, 262, 345, 0, 0, 0
23669, 1, 1636470978577, 1636470979233, 656, 266, 390, 0, 0, 0
23670, 1, 1636470978597, 1636470979253, 656, 266, 390, 0, 0, 0
23672, 1, 1636470978680, 1636470979297, 617, 262, 355, 0, 0, 0
23640, 1, 1636470976834, 1636470979385, 2551, 2203, 348, 0, 1, 1
23674, 1, 1636470978838, 1636470979449, 611, 263, 348, 2, 0, 2
23675, 1, 1636470978846, 1636470979457, 611, 263, 348, 1, 1, 2
23676, 1, 1636470978931, 1636470979545, 614, 267, 347, 0, 0, 0
23673, 1, 1636470978745, 1636470979565, 820, 470, 350, 0, 0, 0
23668, 1, 1636470978577, 1636470979581, 1004, 606, 398, 0, 0, 0
23677, 1, 1636470978985, 1636470979593, 608, 262, 346, 0, 0, 0
23679, 1, 1636470979066, 1636470979677, 611, 262, 349, 0, 0, 0
23680, 1, 1636470979087, 1636470979797, 710, 362, 348, 0, 0, 0
23681, 1, 1636470979119, 1636470979916, 797, 446, 351, 1, 0, 1
23683, 1, 1636470979301, 1636470979917, 616, 266, 350, 0, 0, 0
23685, 1, 1636470979414, 1636470980033, 619, 268, 351, 1, 0, 1
23684, 1, 1636470979386, 1636470980049, 663, 270, 393, 0, 0, 0
23686, 1, 1636470979511, 1636470980145, 634, 282, 352, 0, 0, 0
23687, 1, 1636470979553, 1636470980168, 615, 267, 348, 1, 0, 1
23689, 1, 1636470979576, 1636470980193, 617, 265, 352, 0, 0, 0
23690, 1, 1636470979582, 1636470980197, 615, 266, 349, 1, 0, 1
23692, 1, 1636470979680, 1636470980297, 617, 266, 351, 0, 0, 0
23693, 1, 1636470979749, 1636470980365, 616, 263, 353, 0, 1, 1
23694, 1, 1636470979807, 1636470980409, 602, 259, 343, 0, 1, 1
23695, 1, 1636470979856, 1636470980473, 617, 262, 355, 0, 0, 0
23691, 1, 1636470979582, 1636470980497, 915, 519, 396, 0, 0, 0
23696, 1, 1636470979919, 1636470980525, 606, 262, 344, 0, 0, 0
23697, 1, 1636470979964, 1636470980589, 625, 262, 363, 0, 0, 0
23698, 1, 1636470980069, 1636470980689, 620, 262, 358, 0, 0, 0
23700, 1, 1636470980135, 1636470980753, 618, 266, 352, 0, 0, 0
23699, 1, 1636470980082, 1636470980760, 678, 326, 352, 0, 0, 0
23701, 1, 1636470980321, 1636470980945, 624, 272, 352, 1, 2, 3
23703, 1, 1636470980447, 1636470981096, 649, 302, 347, 0, 0, 0
23704, 1, 1636470980503, 1636470981117, 614, 266, 348, 1, 0, 1
23705, 1, 1636470980534, 1636470981149, 615, 266, 349, 0, 0, 0
23706, 1, 1636470980560, 1636470981180, 620, 272, 348, 2, 0, 2
23707, 1, 1636470980581, 1636470981193, 612, 262, 350, 0, 0, 0
23708, 1, 1636470980590, 1636470981205, 615, 263, 352, 1, 1, 2
23709, 1, 1636470980701, 1636470981317, 616, 262, 354, 0, 0, 0
23710, 1, 1636470980768, 1636470981381, 613, 262, 351, 0, 0, 0
23711, 1, 1636470980832, 1636470981437, 605, 262, 343, 0, 0, 0
23678, 2, 1636470978993, 1636470981455, 2462, 0, 2462, 0, 0, 0
23682, 2, 1636470979199, 1636470981455, 2256, 0, 2256, 0, 1, 1
23712, 1, 1636470980861, 1636470981477, 616, 262, 354, 0, 0, 0
23713, 1, 1636470980889, 1636470981505, 616, 262, 354, 0, 1, 1
23714, 1, 1636470980996, 1636470981609, 613, 262, 351, 0, 0, 0
23715, 1, 1636470981064, 1636470981680, 616, 266, 350, 1, 0, 1
23717, 1, 1636470981153, 1636470981769, 616, 266, 350, 1, 0, 1
23716, 1, 1636470981090, 1636470981785, 695, 350, 345, 0, 0, 0
23688, 2, 1636470979564, 1636470981786, 2222, 0, 2222, 0, 0, 0
23718, 1, 1636470981323, 1636470981937, 614, 263, 351, 0, 0, 0
23719, 1, 1636470981423, 1636470982037, 614, 263, 351, 0, 0, 0
23720, 1, 1636470981522, 1636470982137, 615, 267, 348, 1, 0, 1
23723, 1, 1636470981562, 1636470982169, 607, 262, 345, 0, 0, 0
23724, 1, 1636470981565, 1636470982172, 607, 259, 348, 1, 0, 1
23725, 1, 1636470981601, 1636470982213, 612, 263, 349, 0, 0, 0
23726, 1, 1636470981625, 1636470982241, 616, 263, 353, 0, 0, 0
23702, 1, 1636470980395, 1636470982265, 1870, 1522, 348, 0, 0, 0
23727, 1, 1636470981706, 1636470982317, 611, 262, 349, 0, 0, 0
23728, 1, 1636470981759, 1636470982373, 614, 262, 352, 0, 0, 0
23730, 1, 1636470981854, 1636470982465, 611, 262, 349, 0, 0, 0
23733, 1, 1636470982005, 1636470982620, 615, 266, 349, 0, 1, 1
23729, 1, 1636470981799, 1636470982665, 866, 519, 347, 1, 0, 1
23735, 1, 1636470982084, 1636470982701, 617, 266, 351, 0, 0, 0
23736, 1, 1636470982146, 1636470982756, 610, 262, 348, 0, 0, 0
23731, 1, 1636470981860, 1636470982816, 956, 602, 354, 0, 0, 0
23734, 1, 1636470982081, 1636470983009, 928, 582, 346, 0, 0, 0
23739, 1, 1636470982436, 1636470983049, 613, 262, 351, 0, 1, 1
23741, 1, 1636470982527, 1636470983133, 606, 259, 347, 0, 0, 0
23742, 1, 1636470982546, 1636470983153, 607, 259, 348, 0, 0, 0
23744, 1, 1636470982612, 1636470983229, 617, 262, 355, 1, 1, 2
23746, 1, 1636470982726, 1636470983337, 611, 259, 352, 0, 2, 2
23747, 1, 1636470982789, 1636470983397, 608, 263, 345, 1, 0, 1
23748, 1, 1636470982858, 1636470983469, 611, 262, 349, 0, 1, 1
23749, 1, 1636470982885, 1636470983493, 608, 262, 346, 0, 0, 0
23750, 1, 1636470983031, 1636470983640, 609, 262, 347, 1, 0, 1
23753, 1, 1636470983114, 1636470983729, 615, 266, 349, 1, 1, 2
23751, 1, 1636470983076, 1636470983745, 669, 314, 355, 0, 0, 0
23722, 2, 1636470981541, 1636470983807, 2266, 1, 2265, 2, 0, 2
23721, 2, 1636470981541, 1636470983807, 2266, 1, 2265, 1, 2, 3
23754, 1, 1636470983446, 1636470984061, 615, 263, 352, 1, 0, 1
23755, 1, 1636470983494, 1636470984101, 607, 263, 344, 0, 1, 1
23732, 2, 1636470981873, 1636470984138, 2265, 0, 2265, 0, 0, 0
23756, 1, 1636470983551, 1636470984164, 613, 265, 348, 0, 0, 0
23757, 1, 1636470983640, 1636470984253, 613, 262, 351, 1, 0, 1
23758, 1, 1636470983726, 1636470984341, 615, 262, 353, 1, 0, 1
23759, 1, 1636470983811, 1636470984421, 610, 263, 347, 0, 1, 1
23760, 1, 1636470983849, 1636470984464, 615, 265, 350, 0, 2, 2
23761, 1, 1636470983870, 1636470984489, 619, 262, 357, 0, 0, 0
23738, 2, 1636470982296, 1636470984518, 2222, 0, 2222, 0, 0, 0
23737, 2, 1636470982266, 1636470984530, 2264, 0, 2264, 0, 0, 0
23763, 1, 1636470983894, 1636470984545, 651, 259, 392, 1, 0, 1
23764, 1, 1636470984039, 1636470984657, 618, 266, 352, 0, 0, 0
23766, 1, 1636470984114, 1636470984729, 615, 266, 349, 0, 0, 0
23765, 1, 1636470984101, 1636470984769, 668, 318, 350, 0, 0, 0
23743, 2, 1636470982605, 1636470984887, 2282, 0, 2282, 0, 0, 0
23740, 2, 1636470982491, 1636470984887, 2396, 0, 2396, 0, 0, 0
23762, 1, 1636470983894, 1636470984893, 999, 607, 392, 1, 0, 1
23745, 1, 1636470982680, 1636470985009, 2329, 1978, 351, 1, 0, 1
23768, 1, 1636470984471, 1636470985085, 614, 266, 348, 0, 0, 0
23769, 1, 1636470984495, 1636470985105, 610, 263, 347, 1, 1, 2
23770, 1, 1636470984563, 1636470985169, 606, 262, 344, 0, 0, 0
23773, 1, 1636470984619, 1636470985228, 609, 262, 347, 0, 0, 0
23767, 1, 1636470984225, 1636470985249, 1024, 627, 397, 0, 0, 0
23774, 1, 1636470984744, 1636470985356, 612, 262, 350, 0, 0, 0
23752, 1, 1636470983088, 1636470985372, 2284, 1927, 357, 0, 1, 1
23775, 1, 1636470984796, 1636470985405, 609, 263, 346, 1, 0, 1
23776, 1, 1636470984827, 1636470985437, 610, 268, 342, 1, 0, 1
23777, 1, 1636470984847, 1636470985457, 610, 262, 348, 0, 0, 0
23778, 1, 1636470984876, 1636470985493, 617, 266, 351, 0, 0, 0
23780, 1, 1636470984977, 1636470985629, 652, 263, 389, 1, 1, 2
23783, 1, 1636470985025, 1636470985637, 612, 263, 349, 0, 2, 2
23781, 1, 1636470984977, 1636470985701, 724, 331, 393, 1, 0, 1
23784, 1, 1636470985088, 1636470985757, 669, 314, 355, 0, 0, 0
23785, 1, 1636470985134, 1636470986057, 923, 571, 352, 1, 0, 1
23788, 1, 1636470985479, 1636470986093, 614, 262, 352, 0, 0, 0
23789, 1, 1636470985495, 1636470986113, 618, 266, 352, 0, 0, 0
23790, 1, 1636470985541, 1636470986157, 616, 267, 349, 0, 0, 0
23791, 1, 1636470985616, 1636470986225, 609, 261, 348, 1, 0, 1
23787, 1, 1636470985374, 1636470986405, 1031, 634, 397, 0, 0, 0
23793, 1, 1636470985800, 1636470986405, 605, 258, 347, 1, 0, 1
23794, 1, 1636470985833, 1636470986448, 615, 262, 353, 0, 0, 0
23795, 1, 1636470985872, 1636470986489, 617, 263, 354, 1, 0, 1
23796, 1, 1636470985890, 1636470986509, 619, 262, 357, 0, 0, 0
23797, 1, 1636470985931, 1636470986545, 614, 266, 348, 0, 1, 1
23799, 1, 1636470986043, 1636470986673, 630, 274, 356, 0, 0, 0
23800, 1, 1636470986089, 1636470986756, 667, 314, 353, 0, 0, 0
23802, 1, 1636470986406, 1636470987057, 651, 263, 388, 1, 0, 1
23804, 1, 1636470986467, 1636470987084, 617, 267, 350, 0, 1, 1
23803, 1, 1636470986465, 1636470987085, 620, 266, 354, 0, 0, 0
23771, 2, 1636470984609, 1636470987119, 2510, 0, 2510, 0, 0, 0
23772, 2, 1636470984617, 1636470987119, 2502, 1, 2501, 1, 1, 2
23779, 2, 1636470984894, 1636470987162, 2268, 0, 2268, 0, 0, 0
23805, 1, 1636470986575, 1636470987189, 614, 266, 348, 0, 0, 0
23806, 1, 1636470986609, 1636470987225, 616, 266, 350, 0, 0, 0
23782, 2, 1636470985010, 1636470987274, 2264, 0, 2264, 0, 0, 0
23807, 1, 1636470986803, 1636470987405, 602, 256, 346, 0, 2, 2
23808, 1, 1636470986805, 1636470987421, 616, 267, 349, 1, 0, 1
23810, 1, 1636470986878, 1636470987492, 614, 267, 347, 4, 0, 4
23809, 1, 1636470986876, 1636470987492, 616, 267, 349, 1, 0, 1
23786, 2, 1636470985250, 1636470987510, 2260, 0, 2260, 0, 0, 0
23811, 1, 1636470986949, 1636470987565, 616, 263, 353, 1, 1, 2
23812, 1, 1636470987074, 1636470987684, 610, 262, 348, 0, 0, 0
23813, 1, 1636470987121, 1636470987769, 648, 299, 349, 0, 1, 1
23816, 1, 1636470987249, 1636470987905, 656, 262, 394, 0, 0, 0
23792, 2, 1636470985771, 1636470987990, 2219, 0, 2219, 0, 0, 0
23819, 1, 1636470987465, 1636470988084, 619, 271, 348, 0, 0, 0
23820, 1, 1636470987489, 1636470988101, 612, 262, 350, 0, 0, 0
23798, 2, 1636470985936, 1636470988158, 2222, 0, 2222, 0, 0, 0
23821, 1, 1636470987582, 1636470988188, 606, 259, 347, 0, 0, 0
23823, 1, 1636470987629, 1636470988241, 612, 262, 350, 0, 0, 0
23822, 1, 1636470987597, 1636470988253, 656, 262, 394, 0, 0, 0
23801, 2, 1636470986140, 1636470988359, 2219, 0, 2219, 0, 0, 0
23824, 1, 1636470987770, 1636470988385, 615, 263, 352, 1, 1, 2
23825, 1, 1636470987784, 1636470988397, 613, 262, 351, 0, 0, 0
23826, 1, 1636470987893, 1636470988505, 612, 262, 350, 0, 0, 0
23827, 1, 1636470987911, 1636470988517, 606, 262, 344, 0, 1, 1
23828, 1, 1636470987958, 1636470988573, 615, 267, 348, 1, 0, 1
23829, 1, 1636470988079, 1636470988689, 610, 262, 348, 0, 0, 0
23831, 1, 1636470988106, 1636470988745, 639, 290, 349, 0, 0, 0
23832, 1, 1636470988224, 1636470988833, 609, 262, 347, 0, 0, 0
23834, 1, 1636470988436, 1636470989089, 653, 311, 342, 0, 0, 0
23836, 1, 1636470988498, 1636470989109, 611, 262, 349, 0, 0, 0
23837, 1, 1636470988544, 1636470989161, 617, 262, 355, 0, 0, 0
23838, 1, 1636470988571, 1636470989184, 613, 262, 351, 0, 0, 0
23839, 1, 1636470988598, 1636470989209, 611, 262, 349, 0, 0, 0
23840, 1, 1636470988782, 1636470989388, 606, 262, 344, 0, 0, 0
23841, 1, 1636470988819, 1636470989429, 610, 262, 348, 0, 0, 0
23814, 2, 1636470987209, 1636470989478, 2269, 1, 2268, 0, 1, 1
23815, 2, 1636470987209, 1636470989479, 2270, 1, 2269, 1, 0, 1
23842, 1, 1636470988889, 1636470989501, 612, 262, 350, 0, 0, 0
23844, 1, 1636470988964, 1636470989581, 617, 267, 350, 0, 0, 0
23817, 2, 1636470987361, 1636470989622, 2261, 0, 2261, 0, 0, 0
23818, 2, 1636470987439, 1636470989658, 2219, 0, 2219, 0, 0, 0
23845, 1, 1636470989058, 1636470989676, 618, 262, 356, 1, 0, 1
23846, 1, 1636470989134, 1636470989781, 647, 294, 353, 0, 0, 0
23847, 1, 1636470989213, 1636470989821, 608, 262, 346, 0, 0, 0
23848, 1, 1636470989409, 1636470990024, 615, 266, 349, 0, 0, 0
23849, 1, 1636470989504, 1636470990121, 617, 266, 351, 0, 0, 0
23850, 1, 1636470989558, 1636470990168, 610, 262, 348, 0, 0, 0
23852, 1, 1636470989568, 1636470990181, 613, 267, 346, 1, 0, 1
23854, 1, 1636470989583, 1636470990193, 610, 263, 347, 1, 0, 1
23830, 2, 1636470988081, 1636470990342, 2261, 1, 2260, 0, 0, 0
23857, 1, 1636470989763, 1636470990373, 610, 263, 347, 0, 0, 0
23858, 1, 1636470989826, 1636470990441, 615, 263, 352, 1, 0, 1
23833, 2, 1636470988245, 1636470990506, 2261, 0, 2261, 0, 0, 0
23859, 1, 1636470989902, 1636470990517, 615, 262, 353, 0, 0, 0
23860, 1, 1636470989963, 1636470990581, 618, 266, 352, 0, 0, 0
23861, 1, 1636470990035, 1636470990653, 618, 266, 352, 0, 0, 0
23835, 2, 1636470988445, 1636470990706, 2261, 0, 2261, 0, 0, 0
23862, 1, 1636470990166, 1636470990785, 619, 274, 345, 0, 0, 0
23863, 1, 1636470990248, 1636470990865, 617, 266, 351, 0, 0, 0
23864, 1, 1636470990406, 1636470991021, 615, 267, 348, 1, 0, 1
23866, 1, 1636470990502, 1636470991113, 611, 266, 345, 0, 0, 0
23867, 1, 1636470990543, 1636470991153, 610, 262, 348, 1, 0, 1
23843, 1, 1636470988905, 1636470991189, 2284, 1930, 354, 0, 0, 0
23868, 1, 1636470990587, 1636470991209, 622, 278, 344, 0, 0, 0
23870, 1, 1636470990606, 1636470991225, 619, 270, 349, 0, 0, 0
23871, 1, 1636470990761, 1636470991377, 616, 263, 353, 0, 1, 1
23873, 1, 1636470990826, 1636470991445, 619, 264, 355, 1, 0, 1
23874, 1, 1636470990912, 1636470991529, 617, 262, 355, 0, 0, 0
23875, 1, 1636470990939, 1636470991545, 606, 263, 343, 1, 1, 2
23876, 1, 1636470991026, 1636470991633, 607, 262, 345, 0, 0, 0
23877, 1, 1636470991166, 1636470991792, 626, 278, 348, 0, 0, 0
23853, 2, 1636470989569, 1636470991830, 2261, 0, 2261, 1, 0, 1
23851, 2, 1636470989565, 1636470991834, 2269, 1, 2268, 1, 0, 1
23879, 1, 1636470991227, 1636470991841, 614, 262, 352, 0, 0, 0
23855, 2, 1636470989709, 1636470991978, 2269, 0, 2269, 1, 0, 1
23856, 2, 1636470989749, 1636470992018, 2269, 1, 2268, 1, 0, 1
23880, 1, 1636470991443, 1636470992048, 605, 262, 343, 0, 0, 0
23881, 1, 1636470991478, 1636470992089, 611, 262, 349, 0, 0, 0
23882, 1, 1636470991570, 1636470992184, 614, 263, 351, 0, 1, 1
23883, 1, 1636470991576, 1636470992189, 613, 266, 347, 0, 0, 0
23884, 1, 1636470991603, 1636470992221, 618, 266, 352, 0, 0, 0
23885, 1, 1636470991727, 1636470992337, 610, 262, 348, 0, 0, 0
23886, 1, 1636470991851, 1636470992465, 614, 268, 346, 1, 0, 1
23887, 1, 1636470991913, 1636470992533, 620, 266, 354, 0, 0, 0
23890, 1, 1636470991938, 1636470992549, 611, 262, 349, 0, 0, 0
23889, 1, 1636470991921, 1636470992577, 656, 263, 393, 1, 1, 2
23891, 1, 1636470992024, 1636470992641, 617, 262, 355, 0, 0, 0
23865, 2, 1636470990437, 1636470992702, 2265, 0, 2265, 0, 0, 0
23894, 1, 1636470992176, 1636470992809, 633, 286, 347, 1, 1, 2
23895, 1, 1636470992206, 1636470992817, 611, 263, 348, 0, 1, 1
23869, 2, 1636470990593, 1636470992854, 2261, 0, 2261, 0, 0, 0
23896, 1, 1636470992438, 1636470993053, 615, 263, 352, 0, 0, 0
23872, 2, 1636470990793, 1636470993054, 2261, 0, 2261, 0, 0, 0
23897, 1, 1636470992470, 1636470993089, 619, 266, 353, 0, 0, 0
23898, 1, 1636470992555, 1636470993165, 610, 262, 348, 0, 2, 2
23899, 1, 1636470992603, 1636470993221, 618, 267, 351, 1, 0, 1
23900, 1, 1636470992640, 1636470993253, 613, 266, 347, 1, 1, 2
23901, 1, 1636470992728, 1636470993341, 613, 262, 351, 1, 0, 1
23903, 1, 1636470992826, 1636470993448, 622, 264, 358, 1, 0, 1
23904, 1, 1636470992896, 1636470993517, 621, 267, 354, 0, 0, 0
23905, 1, 1636470992913, 1636470993533, 620, 263, 357, 0, 0, 0
23878, 1, 1636470991190, 1636470993541, 2351, 1950, 401, 0, 1, 1
23907, 1, 1636470992945, 1636470993561, 616, 270, 346, 0, 0, 0
23908, 1, 1636470993032, 1636470993645, 613, 262, 351, 0, 0, 0
23910, 1, 1636470993149, 1636470993808, 659, 302, 357, 0, 0, 0
23911, 1, 1636470993176, 1636470993993, 817, 467, 350, 0, 0, 0
23912, 1, 1636470993431, 1636470994037, 606, 263, 343, 0, 0, 0
23913, 1, 1636470993447, 1636470994061, 614, 266, 348, 0, 0, 0
23916, 1, 1636470993594, 1636470994209, 615, 262, 353, 0, 0, 0
23917, 1, 1636470993651, 1636470994265, 614, 272, 342, 1, 0, 1
23914, 1, 1636470993525, 1636470994345, 820, 470, 350, 0, 0, 0
23918, 1, 1636470993734, 1636470994348, 614, 266, 348, 0, 0, 0
23892, 2, 1636470992065, 1636470994451, 2386, 0, 2386, 0, 1, 1
23888, 2, 1636470991921, 1636470994451, 2530, 1, 2529, 1, 1, 2
23893, 2, 1636470992109, 1636470994454, 2345, 0, 2345, 0, 0, 0
23921, 1, 1636470993932, 1636470994545, 613, 262, 351, 1, 0, 1
23920, 1, 1636470993931, 1636470994545, 614, 262, 352, 2, 0, 2
23919, 1, 1636470993842, 1636470994561, 719, 367, 352, 1, 0, 1
23923, 1, 1636470994001, 1636470994609, 608, 263, 345, 1, 0, 1
23922, 1, 1636470993944, 1636470994697, 753, 398, 355, 0, 0, 0
23925, 1, 1636470994191, 1636470994801, 610, 262, 348, 0, 1, 1
23924, 1, 1636470994181, 1636470994909, 728, 378, 350, 0, 0, 0
23926, 1, 1636470994407, 1636470995025, 618, 267, 351, 0, 1, 1
23902, 2, 1636470992793, 1636470995058, 2265, 0, 2265, 0, 0, 0
23927, 1, 1636470994454, 1636470995069, 615, 262, 353, 1, 0, 1
23928, 1, 1636470994530, 1636470995145, 615, 270, 345, 0, 1, 1
23929, 1, 1636470994537, 1636470995185, 648, 262, 386, 0, 0, 0
23906, 2, 1636470992941, 1636470995202, 2261, 0, 2261, 0, 0, 0
23933, 1, 1636470994630, 1636470995236, 606, 262, 344, 1, 0, 1
23932, 1, 1636470994630, 1636470995241, 611, 264, 347, 0, 1, 1
23934, 1, 1636470994758, 1636470995373, 615, 268, 347, 0, 1, 1
23909, 2, 1636470993141, 1636470995406, 2265, 0, 2265, 0, 0, 0
23930, 1, 1636470994541, 1636470995533, 992, 599, 393, 1, 1, 2
23936, 1, 1636470994924, 1636470995537, 613, 267, 346, 1, 0, 1
23937, 1, 1636470994949, 1636470995561, 612, 262, 350, 0, 0, 0
23938, 1, 1636470994965, 1636470995581, 616, 262, 354, 0, 0, 0
23939, 1, 1636470994970, 1636470995581, 611, 264, 347, 1, 1, 2
23941, 1, 1636470995160, 1636470995780, 620, 262, 358, 0, 0, 0
23915, 1, 1636470993542, 1636470995889, 2347, 1955, 392, 0, 0, 0
23944, 1, 1636470995396, 1636470996005, 609, 262, 347, 0, 0, 0
23945, 1, 1636470995423, 1636470996037, 614, 266, 348, 0, 0, 0
23948, 1, 1636470995513, 1636470996121, 608, 262, 346, 1, 0, 1
23947, 1, 1636470995499, 1636470996121, 622, 274, 348, 1, 0, 1
23949, 1, 1636470995534, 1636470996188, 654, 262, 392, 0, 0, 0
23950, 1, 1636470995644, 1636470996253, 609, 263, 346, 0, 0, 0
23951, 1, 1636470995661, 1636470996269, 608, 262, 346, 0, 0, 0
23952, 1, 1636470995738, 1636470996357, 619, 262, 357, 0, 0, 0
23955, 1, 1636470995954, 1636470996569, 615, 262, 353, 1, 0, 1
23956, 1, 1636470995957, 1636470996569, 612, 258, 354, 0, 0, 0
23957, 1, 1636470995981, 1636470996589, 608, 262, 346, 0, 0, 0
23954, 1, 1636470995904, 1636470996617, 713, 362, 351, 0, 0, 0
23958, 1, 1636470996131, 1636470996744, 613, 266, 347, 1, 0, 1
23959, 1, 1636470996403, 1636470997017, 614, 266, 348, 0, 0, 0
23960, 1, 1636470996421, 1636470997033, 612, 263, 349, 1, 1, 2
23962, 1, 1636470996475, 1636470997089, 614, 267, 347, 0, 1, 1
23961, 1, 1636470996469, 1636470997093, 624, 275, 349, 0, 3, 3
23963, 1, 1636470996529, 1636470997145, 616, 262, 354, 0, 0, 0
23964, 1, 1636470996622, 1636470997229, 607, 262, 345, 0, 0, 0
23965, 1, 1636470996683, 1636470997293, 610, 262, 348, 0, 0, 0
23935, 2, 1636470994855, 1636470997406, 2551, 0, 2551, 0, 0, 0
23931, 2, 1636470994545, 1636470997407, 2862, 0, 2862, 0, 0, 0
23942, 2, 1636470995190, 1636470997414, 2224, 1, 2223, 0, 1, 1
23940, 2, 1636470995149, 1636470997415, 2266, 1, 2265, 1, 1, 2
23967, 1, 1636470996907, 1636470997512, 605, 263, 342, 0, 0, 0
23943, 2, 1636470995289, 1636470997550, 2261, 1, 2260, 1, 0, 1
23968, 1, 1636470996961, 1636470997573, 612, 262, 350, 0, 0, 0
23969, 1, 1636470996964, 1636470997581, 617, 262, 355, 0, 1, 1
23970, 1, 1636470996968, 1636470997581, 613, 262, 351, 0, 1, 1
23966, 1, 1636470996753, 1636470997645, 892, 538, 354, 0, 0, 0
23946, 2, 1636470995493, 1636470997758, 2265, 1, 2264, 1, 0, 1
23971, 1, 1636470997163, 1636470997773, 610, 258, 352, 0, 0, 0
23972, 1, 1636470997414, 1636470998021, 607, 261, 346, 0, 0, 0
23973, 1, 1636470997457, 1636470998068, 611, 266, 345, 0, 0, 0
23974, 1, 1636470997466, 1636470998077, 611, 266, 345, 0, 0, 0
23975, 1, 1636470997471, 1636470998121, 650, 302, 348, 0, 0, 0
23977, 1, 1636470997497, 1636470998153, 656, 266, 390, 0, 0, 0
23976, 1, 1636470997493, 1636470998153, 660, 268, 392, 2, 0, 2
23980, 1, 1636470997558, 1636470998173, 615, 266, 349, 1, 0, 1
23981, 1, 1636470997593, 1636470998205, 612, 262, 350, 0, 0, 0
23953, 1, 1636470995890, 1636470998233, 2343, 1950, 393, 0, 1, 1
23983, 1, 1636470997646, 1636470998265, 619, 266, 353, 1, 0, 1
23984, 1, 1636470997750, 1636470998360, 610, 263, 347, 0, 0, 0
23978, 1, 1636470997501, 1636470998500, 999, 607, 392, 1, 0, 1
23987, 1, 1636470997961, 1636470998573, 612, 263, 349, 0, 1, 1
23988, 1, 1636470997962, 1636470998573, 611, 263, 348, 2, 0, 2
23989, 1, 1636470997979, 1636470998589, 610, 263, 347, 1, 0, 1
23990, 1, 1636470998160, 1636470998777, 617, 262, 355, 0, 0, 0
23986, 1, 1636470997887, 1636470998845, 958, 615, 343, 0, 2, 2
23994, 1, 1636470998439, 1636470999049, 610, 263, 347, 0, 1, 1
23995, 1, 1636470998439, 1636470999057, 618, 266, 352, 1, 2, 3
23997, 1, 1636470998446, 1636470999069, 623, 263, 360, 1, 0, 1
23996, 1, 1636470998440, 1636470999125, 685, 328, 357, 1, 1, 2
23999, 1, 1636470998536, 1636470999153, 617, 266, 351, 0, 0, 0
23998, 1, 1636470998502, 1636470999165, 663, 271, 392, 1, 0, 1
23992, 1, 1636470998394, 1636470999193, 799, 450, 349, 0, 0, 0
24000, 1, 1636470998593, 1636470999201, 608, 264, 344, 1, 0, 1
24001, 1, 1636470998671, 1636470999281, 610, 262, 348, 1, 0, 1
24002, 1, 1636470998776, 1636470999385, 609, 263, 346, 1, 0, 1
24003, 1, 1636470998883, 1636470999537, 654, 262, 392, 0, 0, 0
24004, 1, 1636470998928, 1636470999540, 612, 262, 350, 0, 0, 0
24005, 1, 1636470998937, 1636470999545, 608, 262, 346, 0, 0, 0
24006, 1, 1636470999004, 1636470999625, 621, 263, 358, 1, 0, 1
24007, 1, 1636470999196, 1636470999809, 613, 262, 351, 0, 1, 1
24008, 1, 1636470999383, 1636470999989, 606, 262, 344, 0, 0, 0
24009, 1, 1636470999405, 1636471000021, 616, 266, 350, 0, 0, 0
23982, 2, 1636470997637, 1636471000031, 2394, 0, 2394, 0, 1, 1
23979, 2, 1636470997505, 1636471000031, 2526, 1, 2525, 1, 0, 1
24011, 1, 1636470999443, 1636471000053, 610, 263, 347, 1, 1, 2
23985, 2, 1636470997845, 1636471000106, 2261, 0, 2261, 0, 0, 0
24013, 1, 1636470999496, 1636471000112, 616, 262, 354, 1, 0, 1
24014, 1, 1636470999516, 1636471000137, 621, 266, 355, 0, 0, 0
24012, 1, 1636470999445, 1636471000157, 712, 362, 350, 0, 0, 0
24015, 1, 1636470999584, 1636471000197, 613, 266, 347, 0, 0, 0
24016, 1, 1636470999646, 1636471000256, 610, 262, 348, 0, 0, 0
24017, 1, 1636470999771, 1636471000377, 606, 264, 342, 0, 0, 0
23991, 2, 1636470998234, 1636471000499, 2265, 0, 2265, 0, 0, 0
24018, 1, 1636470999881, 1636471000500, 619, 266, 353, 0, 0, 0
24019, 1, 1636470999911, 1636471000525, 614, 262, 352, 0, 0, 0
23993, 2, 1636470998427, 1636471000650, 2223, 0, 2223, 0, 0, 0
24021, 1, 1636471000040, 1636471000656, 616, 262, 354, 0, 0, 0
24022, 1, 1636471000117, 1636471000773, 656, 262, 394, 0, 0, 0
24025, 1, 1636471000208, 1636471000825, 617, 262, 355, 0, 0, 0
24020, 1, 1636470999949, 1636471000849, 900, 550, 350, 0, 0, 0
24027, 1, 1636471000416, 1636471001037, 621, 267, 354, 1, 1, 2
24030, 1, 1636471000483, 1636471001092, 609, 262, 347, 0, 1, 1
24031, 1, 1636471000506, 1636471001129, 623, 267, 356, 0, 1, 1
24010, 1, 1636470999440, 1636471001132, 1692, 1339, 353, 2, 0, 2
24029, 1, 1636471000462, 1636471001177, 715, 363, 352, 2, 1, 3
24028, 1, 1636471000427, 1636471001201, 774, 419, 355, 0, 0, 0
24033, 1, 1636471000615, 1636471001225, 610, 267, 343, 0, 0, 0
24034, 1, 1636471000674, 1636471001284, 610, 263, 347, 0, 1, 1
24036, 1, 1636471000789, 1636471001417, 628, 270, 358, 0, 0, 0
24035, 1, 1636471000741, 1636471001481, 740, 347, 393, 0, 1, 1
24037, 1, 1636471000889, 1636471001505, 616, 262, 354, 0, 2, 2
24026, 1, 1636471000359, 1636471001549, 1190, 842, 348, 1, 0, 1
24039, 1, 1636471000956, 1636471001585, 629, 262, 367, 0, 0, 0
24040, 1, 1636471001027, 1636471001640, 613, 266, 347, 0, 0, 0
24042, 1, 1636471001134, 1636471001789, 655, 266, 389, 0, 0, 0
24043, 1, 1636471001185, 1636471001805, 620, 266, 354, 0, 0, 0
24041, 1, 1636471001093, 1636471001833, 740, 387, 353, 0, 1, 1
24038, 1, 1636471000903, 1636471001893, 990, 646, 344, 1, 0, 1
24044, 1, 1636471001389, 1636471002009, 620, 262, 358, 0, 0, 0
24045, 1, 1636471001438, 1636471002057, 619, 273, 346, 2, 0, 2
24047, 1, 1636471001477, 1636471002101, 624, 271, 353, 0, 0, 0
24048, 1, 1636471001508, 1636471002129, 621, 266, 355, 0, 0, 0
24046, 1, 1636471001441, 1636471002149, 708, 359, 349, 0, 0, 0
24049, 1, 1636471001550, 1636471002205, 655, 263, 392, 0, 0, 0
24050, 1, 1636471001598, 1636471002213, 615, 264, 351, 1, 0, 1
24051, 1, 1636471001699, 1636471002316, 617, 271, 346, 0, 0, 0
24052, 1, 1636471001708, 1636471002329, 621, 262, 359, 1, 0, 1
24053, 1, 1636471001815, 1636471002424, 609, 262, 347, 0, 0, 0
24054, 1, 1636471001895, 1636471002505, 610, 266, 344, 1, 0, 1
24055, 1, 1636471001903, 1636471002569, 666, 266, 400, 0, 0, 0
24056, 1, 1636471001959, 1636471002569, 610, 262, 348, 0, 0, 0
24024, 2, 1636471000193, 1636471002642, 2449, 0, 2449, 0, 0, 0
24023, 2, 1636471000121, 1636471002642, 2521, 0, 2521, 0, 0, 0
24057, 1, 1636471002043, 1636471002657, 614, 262, 352, 0, 0, 0
24058, 1, 1636471002108, 1636471002721, 613, 262, 351, 0, 0, 0
24059, 1, 1636471002139, 1636471002749, 610, 262, 348, 0, 1, 1
24060, 1, 1636471002220, 1636471002832, 612, 262, 350, 0, 0, 0
24061, 1, 1636471002380, 1636471002993, 613, 263, 350, 0, 0, 0
24063, 1, 1636471002462, 1636471003073, 611, 264, 347, 1, 0, 1
24064, 1, 1636471002498, 1636471003117, 619, 263, 356, 0, 1, 1
24065, 1, 1636471002502, 1636471003121, 619, 266, 353, 0, 0, 0
24032, 1, 1636471000589, 1636471003121, 2532, 2146, 386, 0, 0, 0
24066, 1, 1636471002520, 1636471003133, 613, 263, 350, 1, 0, 1
24062, 1, 1636471002456, 1636471003185, 729, 378, 351, 0, 0, 0
24067, 1, 1636471002631, 1636471003241, 610, 262, 348, 0, 0, 0
24068, 1, 1636471002683, 1636471003288, 605, 263, 342, 0, 0, 0
24069, 1, 1636471002689, 1636471003301, 612, 263, 349, 1, 0, 1
24070, 1, 1636471002729, 1636471003381, 652, 262, 390, 1, 0, 1
24072, 1, 1636471002781, 1636471003392, 611, 263, 348, 1, 0, 1
24073, 1, 1636471002864, 1636471003485, 621, 270, 351, 0, 0, 0
24074, 1, 1636471002915, 1636471003525, 610, 262, 348, 0, 0, 0
24075, 1, 1636471002940, 1636471003549, 609, 262, 347, 0, 0, 0
24076, 1, 1636471003053, 1636471003661, 608, 262, 346, 0, 0, 0
24077, 1, 1636471003098, 1636471003716, 618, 268, 350, 1, 0, 1
24078, 1, 1636471003108, 1636471003725, 617, 262, 355, 0, 0, 0
24071, 1, 1636471002733, 1636471003729, 996, 606, 390, 0, 0, 0
24080, 1, 1636471003228, 1636471003844, 616, 262, 354, 0, 0, 0
24081, 1, 1636471003390, 1636471004009, 619, 262, 357, 0, 0, 0
24082, 1, 1636471003442, 1636471004069, 627, 272, 355, 0, 0, 0
24079, 1, 1636471003122, 1636471004077, 955, 562, 393, 0, 1, 1
24084, 1, 1636471003486, 1636471004101, 615, 261, 354, 0, 0, 0
24085, 1, 1636471003523, 1636471004140, 617, 267, 350, 1, 0, 1
24086, 1, 1636471003554, 1636471004168, 614, 262, 352, 0, 1, 1
24083, 1, 1636471003465, 1636471004193, 728, 374, 354, 0, 0, 0
24087, 1, 1636471003661, 1636471004281, 620, 263, 357, 1, 0, 1
24088, 1, 1636471003673, 1636471004293, 620, 266, 354, 0, 0, 0
24089, 1, 1636471003687, 1636471004313, 626, 274, 352, 1, 1, 2
24090, 1, 1636471003702, 1636471004333, 631, 270, 361, 0, 1, 1
24092, 1, 1636471003764, 1636471004381, 617, 266, 351, 0, 0, 0
24091, 1, 1636471003730, 1636471004401, 671, 270, 401, 0, 1, 1
24093, 1, 1636471003832, 1636471004453, 621, 261, 360, 0, 0, 0
24094, 1, 1636471003925, 1636471004541, 616, 262, 354, 0, 0, 0
24095, 1, 1636471003953, 1636471004573, 620, 260, 360, 2, 0, 2
24096, 1, 1636471004064, 1636471004677, 613, 266, 347, 0, 0, 0
24097, 1, 1636471004092, 1636471004704, 612, 262, 350, 0, 0, 0
24098, 1, 1636471004111, 1636471004729, 618, 268, 350, 1, 1, 2
24099, 1, 1636471004122, 1636471004745, 623, 270, 353, 0, 0, 0
24100, 1, 1636471004229, 1636471004845, 616, 266, 350, 0, 1, 1
24101, 1, 1636471004380, 1636471005000, 620, 270, 350, 0, 0, 0
24103, 1, 1636471004456, 1636471005064, 608, 264, 344, 0, 1, 1
24104, 1, 1636471004519, 1636471005124, 605, 262, 343, 0, 0, 0
24105, 1, 1636471004521, 1636471005141, 620, 266, 354, 0, 0, 0
24102, 1, 1636471004448, 1636471005192, 744, 390, 354, 1, 0, 1
24106, 1, 1636471004579, 1636471005192, 613, 262, 351, 0, 1, 1
24107, 1, 1636471004634, 1636471005245, 611, 263, 348, 1, 1, 2
24108, 1, 1636471004661, 1636471005273, 612, 262, 350, 0, 0, 0
24110, 1, 1636471004730, 1636471005337, 607, 262, 345, 0, 0, 0
24109, 1, 1636471004723, 1636471005337, 614, 266, 348, 0, 1, 1
24111, 1, 1636471004733, 1636471005340, 607, 262, 345, 0, 1, 1
24112, 1, 1636471004745, 1636471005361, 616, 266, 350, 1, 0, 1
24113, 1, 1636471004834, 1636471005445, 611, 262, 349, 0, 0, 0
24114, 1, 1636471004922, 1636471005533, 611, 262, 349, 0, 0, 0
24115, 1, 1636471004937, 1636471005549, 612, 262, 350, 0, 0, 0
24116, 1, 1636471005062, 1636471005669, 607, 262, 345, 0, 0, 0
24117, 1, 1636471005110, 1636471005717, 607, 262, 345, 0, 0, 0
24118, 1, 1636471005121, 1636471005733, 612, 262, 350, 0, 0, 0
24119, 1, 1636471005124, 1636471005733, 609, 262, 347, 0, 0, 0
24120, 1, 1636471005253, 1636471005865, 612, 266, 346, 0, 0, 0
24121, 1, 1636471005401, 1636471006013, 612, 262, 350, 0, 0, 0
24123, 1, 1636471005454, 1636471006065, 611, 265, 346, 0, 1, 1
24124, 1, 1636471005504, 1636471006117, 613, 262, 351, 0, 0, 0
24125, 1, 1636471005509, 1636471006121, 612, 264, 348, 1, 1, 2
24126, 1, 1636471005577, 1636471006193, 616, 262, 354, 0, 0, 0
24122, 1, 1636471005452, 1636471006213, 761, 411, 350, 0, 2, 2
24127, 1, 1636471005612, 1636471006221, 609, 263, 346, 1, 0, 1
24128, 1, 1636471005634, 1636471006241, 607, 262, 345, 0, 0, 0
24130, 1, 1636471005696, 1636471006305, 609, 263, 346, 0, 0, 0
24129, 1, 1636471005692, 1636471006305, 613, 263, 350, 0, 1, 1
24132, 1, 1636471005757, 1636471006369, 612, 262, 350, 0, 0, 0
24131, 1, 1636471005723, 1636471006409, 686, 342, 344, 0, 0, 0
24133, 1, 1636471005823, 1636471006436, 613, 266, 347, 0, 0, 0
24134, 1, 1636471005890, 1636471006500, 610, 262, 348, 1, 0, 1
24135, 1, 1636471005963, 1636471006569, 606, 262, 344, 0, 1, 1
24136, 1, 1636471006038, 1636471006644, 606, 262, 344, 0, 0, 0
24138, 1, 1636471006110, 1636471006720, 610, 263, 347, 3, 0, 3
24137, 1, 1636471006109, 1636471006720, 611, 263, 348, 2, 0, 2
24139, 1, 1636471006146, 1636471006757, 611, 263, 348, 0, 1, 1
24140, 1, 1636471006228, 1636471006836, 608, 262, 346, 0, 0, 0
24141, 1, 1636471006426, 1636471007037, 611, 266, 345, 0, 0, 0
24143, 1, 1636471006479, 1636471007089, 610, 264, 346, 0, 0, 0
24144, 1, 1636471006527, 1636471007145, 618, 263, 355, 0, 0, 0
24145, 1, 1636471006540, 1636471007149, 609, 262, 347, 0, 0, 0
24146, 1, 1636471006544, 1636471007157, 613, 262, 351, 0, 0, 0
24142, 1, 1636471006435, 1636471007185, 750, 402, 348, 0, 0, 0
24147, 1, 1636471006599, 1636471007209, 610, 262, 348, 0, 0, 0
24148, 1, 1636471006622, 1636471007237, 615, 262, 353, 0, 0, 0
24150, 1, 1636471006682, 1636471007285, 603, 258, 345, 0, 0, 0
24149, 1, 1636471006677, 1636471007285, 608, 262, 346, 1, 0, 1
24151, 1, 1636471006722, 1636471007336, 614, 267, 347, 0, 1, 1
24152, 1, 1636471006766, 1636471007381, 615, 262, 353, 0, 0, 0
24153, 1, 1636471006822, 1636471007429, 607, 262, 345, 0, 0, 0
24154, 1, 1636471006908, 1636471007517, 609, 265, 344, 1, 1, 2
24155, 1, 1636471006959, 1636471007565, 606, 262, 344, 0, 0, 0
24156, 1, 1636471007013, 1636471007625, 612, 262, 350, 0, 1, 1
24157, 1, 1636471007111, 1636471007717, 606, 262, 344, 1, 0, 1
24158, 1, 1636471007145, 1636471007757, 612, 262, 350, 0, 0, 0
24159, 1, 1636471007154, 1636471007769, 615, 267, 348, 0, 0, 0
24160, 1, 1636471007231, 1636471007840, 609, 262, 347, 0, 0, 0
24161, 1, 1636471007424, 1636471008037, 613, 262, 351, 1, 0, 1
24163, 1, 1636471007475, 1636471008097, 622, 272, 350, 0, 0, 0
24164, 1, 1636471007509, 1636471008121, 612, 262, 350, 1, 0, 1
24165, 1, 1636471007546, 1636471008161, 615, 266, 349, 0, 0, 0
24166, 1, 1636471007562, 1636471008181, 619, 266, 353, 0, 0, 0
24167, 1, 1636471007571, 1636471008181, 610, 266, 344, 0, 0, 0
24162, 1, 1636471007452, 1636471008184, 732, 386, 346, 0, 0, 0
24168, 1, 1636471007592, 1636471008217, 625, 267, 358, 2, 0, 2
24169, 1, 1636471007691, 1636471008301, 610, 266, 344, 0, 0, 0
24170, 1, 1636471007694, 1636471008317, 623, 266, 357, 0, 0, 0
24171, 1, 1636471007696, 1636471008317, 621, 266, 355, 0, 0, 0
24172, 1, 1636471007752, 1636471008368, 616, 266, 350, 1, 2, 3
24173, 1, 1636471007798, 1636471008408, 610, 265, 345, 2, 1, 3
24174, 1, 1636471007889, 1636471008513, 624, 268, 356, 1, 1, 2
24175, 1, 1636471007975, 1636471008593, 618, 266, 352, 0, 0, 0
24176, 1, 1636471007990, 1636471008601, 611, 262, 349, 0, 0, 0
24177, 1, 1636471008105, 1636471008725, 620, 266, 354, 0, 0, 0
24178, 1, 1636471008140, 1636471008753, 613, 262, 351, 0, 0, 0
24179, 1, 1636471008157, 1636471008773, 616, 266, 350, 0, 0, 0
24180, 1, 1636471008265, 1636471008889, 624, 270, 354, 0, 0, 0
24183, 1, 1636471008488, 1636471009101, 613, 262, 351, 0, 0, 0
24184, 1, 1636471008507, 1636471009125, 618, 266, 352, 0, 0, 0
24185, 1, 1636471008525, 1636471009149, 624, 270, 354, 1, 0, 1
24186, 1, 1636471008544, 1636471009161, 617, 267, 350, 1, 0, 1
24187, 1, 1636471008569, 1636471009180, 611, 262, 349, 0, 0, 0
24188, 1, 1636471008595, 1636471009212, 617, 267, 350, 1, 0, 1
24189, 1, 1636471008673, 1636471009285, 612, 264, 348, 1, 0, 1
24190, 1, 1636471008688, 1636471009300, 612, 262, 350, 0, 0, 0
24191, 1, 1636471008710, 1636471009325, 615, 266, 349, 0, 0, 0
24192, 1, 1636471008769, 1636471009381, 612, 266, 346, 0, 0, 0
24193, 1, 1636471008819, 1636471009429, 610, 262, 348, 0, 0, 0
24194, 1, 1636471008879, 1636471009489, 610, 263, 347, 1, 0, 1
24196, 1, 1636471009001, 1636471009612, 611, 262, 349, 0, 1, 1
24195, 1, 1636471008997, 1636471009612, 615, 262, 353, 1, 0, 1
24197, 1, 1636471009087, 1636471009701, 614, 261, 353, 1, 0, 1
24198, 1, 1636471009135, 1636471009745, 610, 266, 344, 0, 0, 0
24199, 1, 1636471009156, 1636471009768, 612, 262, 350, 0, 0, 0
24200, 1, 1636471009240, 1636471009853, 613, 263, 350, 0, 1, 1
24201, 1, 1636471009506, 1636471010121, 615, 262, 353, 0, 0, 0
24203, 1, 1636471009532, 1636471010141, 609, 263, 346, 1, 0, 1
24202, 1, 1636471009523, 1636471010141, 618, 263, 355, 0, 0, 0
24206, 1, 1636471009561, 1636471010177, 616, 263, 353, 1, 0, 1
24205, 1, 1636471009559, 1636471010177, 618, 266, 352, 0, 0, 0
24204, 1, 1636471009558, 1636471010177, 619, 263, 356, 1, 1, 2
24208, 1, 1636471009683, 1636471010300, 617, 270, 347, 0, 0, 0
24209, 1, 1636471009720, 1636471010337, 617, 266, 351, 0, 0, 0
24211, 1, 1636471009825, 1636471010441, 616, 266, 350, 0, 0, 0
24210, 1, 1636471009778, 1636471010469, 691, 343, 348, 1, 1, 2
24207, 1, 1636471009679, 1636471010489, 810, 462, 348, 1, 0, 1
24213, 1, 1636471009967, 1636471010580, 613, 267, 346, 0, 0, 0
24214, 1, 1636471009969, 1636471010580, 611, 263, 348, 0, 0, 0
24215, 1, 1636471010077, 1636471010693, 616, 267, 349, 1, 1, 2
24181, 2, 1636471008391, 1636471010763, 2372, 0, 2372, 0, 0, 0
24182, 2, 1636471008457, 1636471010763, 2306, 0, 2306, 0, 0, 0
24217, 1, 1636471010169, 1636471010777, 608, 258, 350, 0, 0, 0
24212, 1, 1636471009897, 1636471010817, 920, 570, 350, 0, 0, 0
24218, 1, 1636471010275, 1636471010881, 606, 262, 344, 0, 0, 0
24219, 1, 1636471010497, 1636471011113, 616, 262, 354, 0, 0, 0
24220, 1, 1636471010521, 1636471011133, 612, 264, 348, 2, 0, 2
24221, 1, 1636471010535, 1636471011145, 610, 262, 348, 0, 0, 0
24216, 1, 1636471010166, 1636471011165, 999, 650, 349, 0, 0, 0
24223, 1, 1636471010569, 1636471011177, 608, 262, 346, 0, 0, 0
24224, 1, 1636471010595, 1636471011209, 614, 263, 351, 1, 0, 1
24225, 1, 1636471010666, 1636471011277, 611, 262, 349, 0, 0, 0
24226, 1, 1636471010704, 1636471011317, 613, 263, 350, 0, 1, 1
24227, 1, 1636471010704, 1636471011317, 613, 263, 350, 0, 1, 1
24228, 1, 1636471010792, 1636471011400, 608, 262, 346, 2, 0, 2
24229, 1, 1636471010848, 1636471011465, 617, 262, 355, 0, 0, 0
24231, 1, 1636471010849, 1636471011497, 648, 262, 386, 0, 0, 0
24230, 1, 1636471010849, 1636471011505, 656, 263, 393, 0, 0, 0
24232, 1, 1636471010902, 1636471011513, 611, 262, 349, 0, 0, 0
24222, 1, 1636471010541, 1636471011513, 972, 625, 347, 0, 1, 1
24233, 1, 1636471010947, 1636471011565, 618, 266, 352, 0, 1, 1
24234, 1, 1636471010952, 1636471011569, 617, 262, 355, 0, 0, 0
24235, 1, 1636471011052, 1636471011665, 613, 262, 351, 0, 0, 0
24237, 1, 1636471011191, 1636471011796, 605, 262, 343, 0, 0, 0
24236, 1, 1636471011167, 1636471011825, 658, 268, 390, 0, 1, 1
24238, 1, 1636471011303, 1636471011913, 610, 262, 348, 0, 1, 1
24239, 1, 1636471011480, 1636471012088, 608, 263, 345, 2, 0, 2
24240, 1, 1636471011527, 1636471012133, 606, 264, 342, 0, 0, 0
24242, 1, 1636471011532, 1636471012141, 609, 263, 346, 2, 0, 2
24241, 1, 1636471011532, 1636471012145, 613, 263, 350, 3, 0, 3
24243, 1, 1636471011543, 1636471012205, 662, 262, 400, 0, 0, 0
24244, 1, 1636471011633, 1636471012245, 612, 266, 346, 0, 0, 0
24245, 1, 1636471011698, 1636471012313, 615, 262, 353, 1, 0, 1
24246, 1, 1636471011737, 1636471012344, 607, 262, 345, 0, 0, 0
24247, 1, 1636471011740, 1636471012360, 620, 269, 351, 0, 1, 1
24248, 1, 1636471011770, 1636471012385, 615, 266, 349, 0, 0, 0
24249, 1, 1636471011785, 1636471012401, 616, 263, 353, 0, 0, 0
24251, 1, 1636471011828, 1636471012445, 617, 266, 351, 1, 0, 1
24250, 1, 1636471011806, 1636471012493, 687, 338, 349, 0, 0, 0
24252, 1, 1636471011908, 1636471012525, 617, 262, 355, 0, 0, 0
24253, 1, 1636471011922, 1636471012529, 607, 262, 345, 0, 0, 0
24254, 1, 1636471011958, 1636471012573, 615, 266, 349, 0, 0, 0
24257, 1, 1636471012154, 1636471012777, 623, 266, 357, 1, 0, 1
24256, 1, 1636471012153, 1636471012784, 631, 267, 364, 2, 0, 2
24255, 1, 1636471012049, 1636471012837, 788, 438, 350, 0, 0, 0
24258, 1, 1636471012282, 1636471012896, 614, 266, 348, 0, 0, 0
24259, 1, 1636471012478, 1636471013097, 619, 267, 352, 0, 1, 1
24260, 1, 1636471012504, 1636471013121, 617, 262, 355, 0, 0, 0
24261, 1, 1636471012551, 1636471013161, 610, 266, 344, 0, 1, 1
24263, 1, 1636471012569, 1636471013189, 620, 266, 354, 1, 0, 1
24262, 1, 1636471012556, 1636471013189, 633, 277, 356, 0, 0, 0
24264, 1, 1636471012602, 1636471013213, 611, 263, 348, 0, 0, 0
24265, 1, 1636471012694, 1636471013308, 614, 262, 352, 0, 0, 0
24266, 1, 1636471012746, 1636471013357, 611, 266, 345, 0, 0, 0
24267, 1, 1636471012751, 1636471013361, 610, 266, 344, 1, 0, 1
24268, 1, 1636471012762, 1636471013373, 611, 264, 347, 1, 1, 2
24269, 1, 1636471012765, 1636471013381, 616, 266, 350, 0, 0, 0
24270, 1, 1636471012817, 1636471013424, 607, 262, 345, 0, 0, 0
24271, 1, 1636471012842, 1636471013453, 611, 262, 349, 0, 0, 0
24272, 1, 1636471012885, 1636471013501, 616, 266, 350, 0, 0, 0
24273, 1, 1636471012899, 1636471013509, 610, 262, 348, 0, 0, 0
24274, 1, 1636471012947, 1636471013565, 618, 266, 352, 1, 0, 1
24275, 1, 1636471013069, 1636471013681, 612, 262, 350, 0, 1, 1
24276, 1, 1636471013126, 1636471013736, 610, 262, 348, 0, 0, 0
24277, 1, 1636471013163, 1636471013772, 609, 262, 347, 0, 0, 0
24278, 1, 1636471013266, 1636471013881, 615, 267, 348, 0, 1, 1
24279, 1, 1636471013449, 1636471014065, 616, 266, 350, 0, 0, 0
24280, 1, 1636471013468, 1636471014081, 613, 262, 351, 0, 0, 0
24281, 1, 1636471013529, 1636471014149, 620, 263, 357, 2, 0, 2
24282, 1, 1636471013539, 1636471014157, 618, 262, 356, 0, 0, 0
24284, 1, 1636471013572, 1636471014193, 621, 263, 358, 1, 0, 1
24285, 1, 1636471013730, 1636471014345, 615, 266, 349, 2, 1, 3
24286, 1, 1636471013737, 1636471014361, 624, 266, 358, 0, 0, 0
24287, 1, 1636471013748, 1636471014369, 621, 266, 355, 0, 0, 0
24288, 1, 1636471013772, 1636471014389, 617, 267, 350, 0, 1, 1
24289, 1, 1636471013794, 1636471014413, 619, 276, 343, 1, 0, 1
24292, 1, 1636471013878, 1636471014492, 614, 266, 348, 0, 0, 0
24283, 1, 1636471013547, 1636471014496, 949, 598, 351, 0, 1, 1
24293, 1, 1636471013884, 1636471014497, 613, 263, 350, 0, 1, 1
24290, 1, 1636471013819, 1636471014537, 718, 375, 343, 0, 0, 0
24294, 1, 1636471013946, 1636471014568, 622, 266, 356, 0, 0, 0
24296, 1, 1636471014105, 1636471014713, 608, 263, 345, 2, 0, 2
24298, 1, 1636471014266, 1636471014877, 611, 263, 348, 1, 0, 1
24299, 1, 1636471014441, 1636471015061, 620, 263, 357, 1, 0, 1
24300, 1, 1636471014456, 1636471015073, 617, 260, 357, 0, 1, 1
24301, 1, 1636471014503, 1636471015116, 613, 263, 350, 2, 0, 2
24303, 1, 1636471014545, 1636471015157, 612, 262, 350, 2, 1, 3
24302, 1, 1636471014544, 1636471015157, 613, 264, 349, 4, 0, 4
24304, 1, 1636471014546, 1636471015157, 611, 262, 349, 1, 0, 1
24306, 1, 1636471014737, 1636471015353, 616, 262, 354, 0, 0, 0
24305, 1, 1636471014733, 1636471015353, 620, 266, 354, 0, 0, 0
24307, 1, 1636471014742, 1636471015353, 611, 266, 345, 0, 1, 1
24308, 1, 1636471014779, 1636471015389, 610, 263, 347, 1, 0, 1
24309, 1, 1636471014813, 1636471015421, 608, 262, 346, 0, 0, 0
24310, 1, 1636471014836, 1636471015453, 617, 266, 351, 0, 0, 0
24311, 1, 1636471014872, 1636471015488, 616, 262, 354, 0, 0, 0
24312, 1, 1636471014911, 1636471015529, 618, 265, 353, 0, 0, 0
24313, 1, 1636471014920, 1636471015545, 625, 267, 358, 0, 1, 1
24314, 1, 1636471015079, 1636471015701, 622, 266, 356, 0, 0, 0
24315, 1, 1636471015245, 1636471015865, 620, 262, 358, 0, 0, 0
24316, 1, 1636471015439, 1636471016057, 618, 267, 351, 1, 0, 1
24317, 1, 1636471015476, 1636471016085, 609, 259, 350, 1, 0, 1
24318, 1, 1636471015492, 1636471016109, 617, 264, 353, 0, 1, 1
24319, 1, 1636471015524, 1636471016137, 613, 262, 351, 0, 0, 0
24320, 1, 1636471015562, 1636471016173, 611, 262, 349, 0, 0, 0
24321, 1, 1636471015579, 1636471016193, 614, 266, 348, 0, 1, 1
24322, 1, 1636471015721, 1636471016337, 616, 266, 350, 0, 0, 0
24323, 1, 1636471015735, 1636471016353, 618, 262, 356, 0, 0, 0
24324, 1, 1636471015745, 1636471016357, 612, 262, 350, 0, 0, 0
24297, 2, 1636471014139, 1636471016371, 2232, 0, 2232, 0, 0, 0
24295, 2, 1636471014067, 1636471016371, 2304, 0, 2304, 0, 1, 1
24291, 2, 1636471013844, 1636471016371, 2527, 0, 2527, 0, 1, 1
24326, 1, 1636471015802, 1636471016416, 614, 267, 347, 1, 0, 1
24327, 1, 1636471015855, 1636471016460, 605, 262, 343, 0, 0, 0
24328, 1, 1636471015880, 1636471016497, 617, 266, 351, 0, 0, 0
24325, 1, 1636471015800, 1636471016521, 721, 371, 350, 1, 0, 1
24329, 1, 1636471015922, 1636471016529, 607, 262, 345, 1, 0, 1
24330, 1, 1636471016101, 1636471016725, 624, 263, 361, 1, 0, 1
24331, 1, 1636471016277, 1636471016901, 624, 270, 354, 0, 1, 1
24332, 1, 1636471016414, 1636471017029, 615, 268, 347, 0, 1, 1
24333, 1, 1636471016444, 1636471017057, 613, 267, 346, 1, 0, 1
24337, 1, 1636471016475, 1636471017085, 610, 262, 348, 1, 0, 1
24335, 1, 1636471016457, 1636471017109, 652, 263, 389, 1, 1, 2
24334, 1, 1636471016457, 1636471017109, 652, 263, 389, 0, 1, 1
24338, 1, 1636471016513, 1636471017125, 612, 263, 349, 1, 1, 2
24336, 1, 1636471016461, 1636471017128, 667, 269, 398, 0, 0, 0
24339, 1, 1636471016560, 1636471017169, 609, 262, 347, 0, 0, 0
24340, 1, 1636471016570, 1636471017185, 615, 266, 349, 0, 0, 0
24342, 1, 1636471016714, 1636471017325, 611, 267, 344, 1, 0, 1
24341, 1, 1636471016705, 1636471017325, 620, 262, 358, 0, 0, 0
24344, 1, 1636471016782, 1636471017392, 610, 262, 348, 0, 0, 0
24343, 1, 1636471016754, 1636471017456, 702, 354, 348, 0, 1, 1
24345, 1, 1636471016820, 1636471017456, 636, 286, 350, 0, 0, 0
24346, 1, 1636471016847, 1636471017460, 613, 262, 351, 1, 0, 1
24347, 1, 1636471016891, 1636471017501, 610, 267, 343, 0, 1, 1
24348, 1, 1636471016929, 1636471017541, 612, 262, 350, 0, 0, 0
24349, 1, 1636471017138, 1636471017745, 607, 258, 349, 0, 0, 0
24350, 1, 1636471017263, 1636471017881, 618, 270, 348, 0, 0, 0
24351, 1, 1636471017384, 1636471018000, 616, 270, 346, 0, 0, 0
24352, 1, 1636471017395, 1636471018005, 610, 262, 348, 0, 0, 0
24353, 1, 1636471017416, 1636471018033, 617, 262, 355, 0, 0, 0
24354, 1, 1636471017441, 1636471018057, 616, 262, 354, 0, 0, 0
24355, 1, 1636471017450, 1636471018069, 619, 266, 353, 0, 0, 0
24356, 1, 1636471017454, 1636471018085, 631, 268, 363, 1, 0, 1
24357, 1, 1636471017542, 1636471018153, 611, 266, 345, 0, 0, 0
24358, 1, 1636471017606, 1636471018217, 611, 267, 344, 0, 1, 1
24359, 1, 1636471017694, 1636471018305, 611, 266, 345, 2, 0, 2
24360, 1, 1636471017738, 1636471018348, 610, 267, 343, 0, 1, 1
24361, 1, 1636471017755, 1636471018369, 614, 266, 348, 1, 0, 1
24363, 1, 1636471017818, 1636471018437, 619, 262, 357, 0, 0, 0
24364, 1, 1636471017835, 1636471018453, 618, 262, 356, 0, 0, 0
24365, 1, 1636471017912, 1636471018525, 613, 262, 351, 1, 0, 1
24366, 1, 1636471017952, 1636471018565, 613, 262, 351, 0, 0, 0
24362, 1, 1636471017796, 1636471018717, 921, 571, 350, 1, 0, 1
24367, 1, 1636471018118, 1636471018729, 611, 263, 348, 0, 1, 1
24368, 1, 1636471018296, 1636471018909, 613, 262, 351, 0, 0, 0
24369, 1, 1636471018371, 1636471018993, 622, 266, 356, 0, 0, 0
24370, 1, 1636471018406, 1636471019017, 611, 263, 348, 0, 1, 1
24371, 1, 1636471018411, 1636471019020, 609, 262, 347, 0, 0, 0
24373, 1, 1636471018427, 1636471019033, 606, 262, 344, 1, 0, 1
24372, 1, 1636471018420, 1636471019037, 617, 267, 350, 0, 1, 1
24374, 1, 1636471018487, 1636471019097, 610, 264, 346, 0, 1, 1
24375, 1, 1636471018578, 1636471019193, 615, 262, 353, 1, 0, 1
24376, 1, 1636471018619, 1636471019244, 625, 271, 354, 1, 1, 2
24377, 1, 1636471018702, 1636471019313, 611, 262, 349, 0, 0, 0
24378, 1, 1636471018705, 1636471019321, 616, 266, 350, 1, 0, 1
24379, 1, 1636471018755, 1636471019369, 614, 266, 348, 0, 0, 0
24380, 1, 1636471018793, 1636471019413, 620, 266, 354, 0, 0, 0
24382, 1, 1636471018805, 1636471019417, 612, 263, 349, 0, 1, 1
24383, 1, 1636471018931, 1636471019545, 614, 266, 348, 0, 0, 0
24384, 1, 1636471018948, 1636471019569, 621, 267, 354, 1, 0, 1
24385, 1, 1636471019081, 1636471019693, 612, 262, 350, 0, 0, 0
24381, 1, 1636471018804, 1636471019757, 953, 604, 349, 1, 2, 3
24386, 1, 1636471019327, 1636471019937, 610, 267, 343, 1, 2, 3
24387, 1, 1636471019351, 1636471019969, 618, 263, 355, 0, 0, 0
24388, 1, 1636471019393, 1636471020001, 608, 262, 346, 0, 0, 0
24390, 1, 1636471019407, 1636471020013, 606, 263, 343, 1, 1, 2
24389, 1, 1636471019405, 1636471020017, 612, 262, 350, 0, 0, 0
24391, 1, 1636471019449, 1636471020061, 612, 262, 350, 0, 0, 0
24392, 1, 1636471019523, 1636471020137, 614, 263, 351, 0, 1, 1
24393, 1, 1636471019568, 1636471020181, 613, 262, 351, 0, 0, 0
24394, 1, 1636471019619, 1636471020237, 618, 267, 351, 1, 1, 2
24395, 1, 1636471019694, 1636471020309, 615, 262, 353, 0, 0, 0
24396, 1, 1636471019740, 1636471020357, 617, 263, 354, 0, 1, 1
24397, 1, 1636471019780, 1636471020393, 613, 266, 347, 0, 0, 0
24398, 1, 1636471019799, 1636471020408, 609, 263, 346, 0, 1, 1
24399, 1, 1636471019800, 1636471020416, 616, 263, 353, 1, 2, 3
24400, 1, 1636471019802, 1636471020416, 614, 263, 351, 1, 0, 1
24401, 1, 1636471019945, 1636471020560, 615, 262, 353, 0, 0, 0
24402, 1, 1636471019970, 1636471020585, 615, 262, 353, 1, 0, 1
24403, 1, 1636471020054, 1636471020669, 615, 262, 353, 0, 0, 0
24404, 1, 1636471020310, 1636471020921, 611, 262, 349, 0, 0, 0
24405, 1, 1636471020371, 1636471020976, 605, 262, 343, 0, 0, 0
24406, 1, 1636471020373, 1636471020985, 612, 263, 349, 0, 0, 0
24407, 1, 1636471020381, 1636471020993, 612, 262, 350, 0, 0, 0
24408, 1, 1636471020391, 1636471021001, 610, 262, 348, 0, 0, 0
24409, 1, 1636471020450, 1636471021061, 611, 266, 345, 0, 0, 0
24410, 1, 1636471020531, 1636471021145, 614, 262, 352, 0, 0, 0
24411, 1, 1636471020548, 1636471021157, 609, 262, 347, 0, 0, 0
24412, 1, 1636471020603, 1636471021213, 610, 262, 348, 0, 0, 0
24413, 1, 1636471020693, 1636471021301, 608, 262, 346, 0, 1, 1
24414, 1, 1636471020754, 1636471021361, 607, 262, 345, 0, 0, 0
24415, 1, 1636471020765, 1636471021377, 612, 263, 349, 0, 1, 1
24417, 1, 1636471020777, 1636471021389, 612, 262, 350, 1, 0, 1
24416, 1, 1636471020772, 1636471021392, 620, 266, 354, 1, 0, 1
24418, 1, 1636471020820, 1636471021424, 604, 262, 342, 0, 0, 0
24419, 1, 1636471020923, 1636471021533, 610, 262, 348, 0, 1, 1
24420, 1, 1636471021003, 1636471021609, 606, 262, 344, 1, 0, 1
24421, 1, 1636471021046, 1636471021656, 610, 265, 345, 2, 1, 3
24422, 1, 1636471021289, 1636471021909, 620, 266, 354, 0, 0, 0
24423, 1, 1636471021362, 1636471021985, 623, 272, 351, 1, 0, 1
24424, 1, 1636471021371, 1636471021985, 614, 270, 344, 0, 0, 0
24425, 1, 1636471021402, 1636471022017, 615, 266, 349, 0, 0, 0
24426, 1, 1636471021473, 1636471022093, 620, 266, 354, 0, 0, 0
24427, 1, 1636471021504, 1636471022121, 617, 262, 355, 0, 0, 0
24428, 1, 1636471021624, 1636471022233, 609, 262, 347, 0, 0, 0
24429, 1, 1636471021670, 1636471022333, 663, 315, 348, 0, 0, 0
24430, 1, 1636471021746, 1636471022353, 607, 262, 345, 0, 0, 0
24431, 1, 1636471021756, 1636471022372, 616, 266, 350, 0, 0, 0
24432, 1, 1636471021765, 1636471022381, 616, 263, 353, 0, 0, 0
24433, 1, 1636471021770, 1636471022393, 623, 271, 352, 0, 0, 0
24434, 1, 1636471021948, 1636471022568, 620, 266, 354, 0, 0, 0
24435, 1, 1636471022014, 1636471022629, 615, 261, 354, 0, 0, 0
24436, 1, 1636471022035, 1636471022653, 618, 262, 356, 0, 0, 0
24437, 1, 1636471022319, 1636471022937, 618, 268, 350, 1, 2, 3
24438, 1, 1636471022340, 1636471022949, 609, 262, 347, 0, 0, 0
24439, 1, 1636471022377, 1636471022993, 616, 270, 346, 0, 0, 0
24440, 1, 1636471022449, 1636471023065, 616, 266, 350, 0, 0, 0
24441, 1, 1636471022496, 1636471023113, 617, 262, 355, 0, 0, 0
24442, 1, 1636471022615, 1636471023233, 618, 270, 348, 0, 0, 0
24443, 1, 1636471022680, 1636471023292, 612, 262, 350, 0, 0, 0
24444, 1, 1636471022732, 1636471023349, 617, 266, 351, 0, 0, 0
24445, 1, 1636471022757, 1636471023377, 620, 262, 358, 0, 0, 0
24446, 1, 1636471022789, 1636471023405, 616, 266, 350, 0, 0, 0
24447, 1, 1636471022796, 1636471023413, 617, 266, 351, 0, 1, 1
24448, 1, 1636471022932, 1636471023549, 617, 262, 355, 0, 0, 0
24449, 1, 1636471023045, 1636471023661, 616, 266, 350, 0, 0, 0
24450, 1, 1636471023290, 1636471023901, 611, 262, 349, 0, 0, 0
24451, 1, 1636471023351, 1636471023961, 610, 262, 348, 0, 0, 0
24452, 1, 1636471023400, 1636471024016, 616, 262, 354, 0, 1, 1
24453, 1, 1636471023476, 1636471024093, 617, 266, 351, 0, 0, 0
24454, 1, 1636471023485, 1636471024097, 612, 263, 349, 0, 0, 0
24455, 1, 1636471023646, 1636471024257, 611, 266, 345, 0, 0, 0
24456, 1, 1636471023686, 1636471024296, 610, 262, 348, 0, 0, 0
24457, 1, 1636471023729, 1636471024340, 611, 262, 349, 0, 0, 0
24458, 1, 1636471023766, 1636471024385, 619, 266, 353, 0, 0, 0
24460, 1, 1636471023793, 1636471024404, 611, 262, 349, 0, 0, 0
24459, 1, 1636471023780, 1636471024445, 665, 310, 355, 0, 0, 0
24461, 1, 1636471023936, 1636471024548, 612, 262, 350, 0, 0, 0
24462, 1, 1636471024035, 1636471024645, 610, 262, 348, 0, 0, 0
24463, 1, 1636471024320, 1636471024937, 617, 263, 354, 0, 0, 0
24464, 1, 1636471024323, 1636471024937, 614, 258, 356, 0, 0, 0
24465, 1, 1636471024380, 1636471025001, 621, 266, 355, 1, 0, 1
24466, 1, 1636471024495, 1636471025112, 617, 266, 351, 0, 0, 0
24467, 1, 1636471024509, 1636471025124, 615, 262, 353, 0, 0, 0
24468, 1, 1636471024630, 1636471025245, 615, 267, 348, 0, 1, 1
24469, 1, 1636471024709, 1636471025332, 623, 270, 353, 0, 0, 0
24470, 1, 1636471024748, 1636471025361, 613, 263, 350, 0, 1, 1
24471, 1, 1636471024748, 1636471025361, 613, 263, 350, 1, 0, 1
24472, 1, 1636471024761, 1636471025381, 620, 266, 354, 0, 0, 0
24473, 1, 1636471024802, 1636471025420, 618, 266, 352, 2, 0, 2
24474, 1, 1636471024961, 1636471025569, 608, 262, 346, 0, 0, 0
24475, 1, 1636471025069, 1636471025681, 612, 258, 354, 0, 0, 0
24476, 1, 1636471025287, 1636471025905, 618, 266, 352, 0, 0, 0
24477, 1, 1636471025330, 1636471025941, 611, 262, 349, 0, 0, 0
24478, 1, 1636471025394, 1636471026013, 619, 266, 353, 0, 0, 0
24479, 1, 1636471025485, 1636471026101, 616, 262, 354, 0, 0, 0
24480, 1, 1636471025502, 1636471026116, 614, 262, 352, 0, 0, 0
24481, 1, 1636471025664, 1636471026281, 617, 266, 351, 0, 1, 1
24482, 1, 1636471025680, 1636471026297, 617, 266, 351, 0, 0, 0
24483, 1, 1636471025716, 1636471026333, 617, 266, 351, 0, 0, 0
24484, 1, 1636471025747, 1636471026361, 614, 266, 348, 0, 1, 1
24485, 1, 1636471025791, 1636471026397, 606, 259, 347, 0, 0, 0
24486, 1, 1636471025816, 1636471026429, 613, 262, 351, 0, 0, 0
24487, 1, 1636471025925, 1636471026541, 616, 263, 353, 0, 0, 0
24488, 1, 1636471026094, 1636471026709, 615, 266, 349, 0, 0, 0
24489, 1, 1636471026324, 1636471026941, 617, 266, 351, 0, 0, 0
24490, 1, 1636471026350, 1636471026973, 623, 266, 357, 0, 0, 0
24491, 1, 1636471026378, 1636471026985, 607, 262, 345, 0, 0, 0
24492, 1, 1636471026519, 1636471027133, 614, 262, 352, 0, 0, 0
24493, 1, 1636471026536, 1636471027153, 617, 262, 355, 0, 0, 0
24494, 1, 1636471026688, 1636471027301, 613, 262, 351, 0, 0, 0
24495, 1, 1636471026694, 1636471027301, 607, 263, 344, 1, 0, 1
24496, 1, 1636471026695, 1636471027305, 610, 267, 343, 1, 0, 1
24497, 1, 1636471026785, 1636471027401, 616, 262, 354, 0, 1, 1
24498, 1, 1636471026811, 1636471027425, 614, 262, 352, 0, 0, 0
24499, 1, 1636471026908, 1636471027525, 617, 267, 350, 0, 0, 0
24500, 1, 1636471027092, 1636471027705, 613, 262, 351, 0, 0, 0
24501, 1, 1636471027361, 1636471027973, 612, 266, 346, 0, 0, 0
24502, 1, 1636471027398, 1636471028005, 607, 262, 345, 0, 0, 0
24503, 1, 1636471027544, 1636471028161, 617, 266, 351, 0, 0, 0
24504, 1, 1636471027549, 1636471028165, 616, 270, 346, 0, 0, 0
24505, 1, 1636471027678, 1636471028292, 614, 262, 352, 0, 0, 0
24506, 1, 1636471027680, 1636471028292, 612, 262, 350, 0, 1, 1
24507, 1, 1636471027693, 1636471028313, 620, 266, 354, 0, 0, 0
24508, 1, 1636471027769, 1636471028381, 612, 262, 350, 0, 0, 0
24509, 1, 1636471027877, 1636471028497, 620, 266, 354, 1, 0, 1
24510, 1, 1636471028059, 1636471028673, 614, 262, 352, 0, 0, 0
24511, 1, 1636471028331, 1636471028948, 617, 270, 347, 0, 0, 0
24512, 1, 1636471028393, 1636471029005, 612, 264, 348, 0, 2, 2
24513, 1, 1636471028518, 1636471029133, 615, 262, 353, 0, 0, 0
24514, 1, 1636471028542, 1636471029149, 607, 262, 345, 0, 1, 1
24515, 1, 1636471028656, 1636471029269, 613, 263, 350, 2, 0, 2
24516, 1, 1636471028701, 1636471029317, 616, 267, 349, 0, 1, 1
24517, 1, 1636471028712, 1636471029329, 617, 266, 351, 0, 0, 0
24518, 1, 1636471028769, 1636471029381, 612, 262, 350, 0, 0, 0
24519, 1, 1636471028849, 1636471029465, 616, 266, 350, 0, 0, 0
24520, 1, 1636471029077, 1636471029689, 612, 262, 350, 0, 0, 0
24521, 1, 1636471029302, 1636471029913, 611, 262, 349, 0, 0, 0
24522, 1, 1636471029397, 1636471030009, 612, 262, 350, 0, 0, 0
24523, 1, 1636471029502, 1636471030113, 611, 262, 349, 0, 0, 0
24524, 1, 1636471029535, 1636471030145, 610, 266, 344, 0, 0, 0
24525, 1, 1636471029665, 1636471030269, 604, 258, 346, 0, 0, 0
24526, 1, 1636471029681, 1636471030293, 612, 262, 350, 0, 0, 0
24527, 1, 1636471029685, 1636471030297, 612, 262, 350, 0, 0, 0
24528, 1, 1636471029748, 1636471030361, 613, 262, 351, 1, 0, 1
24529, 1, 1636471029842, 1636471030453, 611, 258, 353, 1, 0, 1
24530, 1, 1636471030060, 1636471030673, 613, 262, 351, 0, 0, 0
24531, 1, 1636471030298, 1636471030909, 611, 263, 348, 0, 0, 0
24532, 1, 1636471030422, 1636471031033, 611, 262, 349, 0, 0, 0
24533, 1, 1636471030502, 1636471031113, 611, 262, 349, 0, 0, 0
24534, 1, 1636471030553, 1636471031169, 616, 267, 349, 1, 0, 1
24535, 1, 1636471030655, 1636471031269, 614, 266, 348, 0, 0, 0
24536, 1, 1636471030682, 1636471031293, 611, 262, 349, 0, 0, 0
24537, 1, 1636471030779, 1636471031389, 610, 262, 348, 0, 0, 0
24538, 1, 1636471030875, 1636471031489, 614, 266, 348, 0, 0, 0
24539, 1, 1636471031039, 1636471031649, 610, 262, 348, 0, 0, 0
24540, 1, 1636471031391, 1636471032005, 614, 266, 348, 0, 0, 0
24541, 1, 1636471031481, 1636471032093, 612, 262, 350, 0, 0, 0
24542, 1, 1636471031535, 1636471032149, 614, 262, 352, 0, 0, 0
24543, 1, 1636471031687, 1636471032297, 610, 262, 348, 0, 0, 0
24544, 1, 1636471031707, 1636471032321, 614, 262, 352, 1, 0, 1
24545, 1, 1636471031762, 1636471032381, 619, 270, 349, 0, 0, 0
24546, 1, 1636471031844, 1636471032461, 617, 266, 351, 0, 1, 1
24547, 1, 1636471032057, 1636471032673, 616, 262, 354, 0, 0, 0
24548, 1, 1636471032373, 1636471032985, 612, 262, 350, 0, 0, 0
24549, 1, 1636471032512, 1636471033129, 617, 262, 355, 1, 0, 1
24550, 1, 1636471032514, 1636471033129, 615, 263, 352, 1, 0, 1
24551, 1, 1636471032655, 1636471033269, 614, 266, 348, 0, 0, 0
24552, 1, 1636471032676, 1636471033289, 613, 262, 351, 0, 0, 0
24553, 1, 1636471032795, 1636471033405, 610, 262, 348, 0, 0, 0
24554, 1, 1636471032855, 1636471033465, 610, 262, 348, 0, 0, 0
24555, 1, 1636471033072, 1636471033685, 613, 262, 351, 0, 0, 0
24556, 1, 1636471033343, 1636471033953, 610, 263, 347, 0, 0, 0
24557, 1, 1636471033495, 1636471034109, 614, 266, 348, 0, 0, 0
24558, 1, 1636471033532, 1636471034140, 608, 262, 346, 0, 0, 0
24559, 1, 1636471033658, 1636471034265, 607, 263, 344, 1, 1, 2
24560, 1, 1636471033693, 1636471034305, 612, 262, 350, 0, 0, 0
24561, 1, 1636471033825, 1636471034445, 620, 262, 358, 0, 0, 0
24562, 1, 1636471033875, 1636471034485, 610, 262, 348, 0, 1, 1
24563, 1, 1636471034078, 1636471034689, 611, 262, 349, 0, 0, 0
24564, 1, 1636471034314, 1636471034921, 607, 262, 345, 0, 0, 0
24565, 1, 1636471034528, 1636471035141, 613, 262, 351, 0, 0, 0
24566, 1, 1636471034546, 1636471035157, 611, 262, 349, 0, 0, 0
24567, 1, 1636471034656, 1636471035273, 617, 262, 355, 0, 0, 0
24568, 1, 1636471034798, 1636471035409, 611, 262, 349, 0, 0, 0
24569, 1, 1636471035070, 1636471035681, 611, 262, 349, 0, 0, 0
24570, 1, 1636471035301, 1636471035913, 612, 262, 350, 0, 0, 0
24572, 1, 1636471035558, 1636471036173, 615, 266, 349, 0, 0, 0
24571, 1, 1636471035552, 1636471036173, 621, 262, 359, 0, 0, 0
24573, 1, 1636471035628, 1636471036241, 613, 262, 351, 0, 0, 0
24574, 1, 1636471035776, 1636471036388, 612, 262, 350, 0, 0, 0
24575, 1, 1636471036034, 1636471036645, 611, 262, 349, 0, 0, 0
24576, 1, 1636471036334, 1636471036945, 611, 262, 349, 0, 0, 0
24577, 1, 1636471036522, 1636471037137, 615, 262, 353, 0, 0, 0
24578, 1, 1636471036541, 1636471037153, 612, 262, 350, 0, 0, 0
24579, 1, 1636471036620, 1636471037237, 617, 262, 355, 0, 0, 0
24580, 1, 1636471036805, 1636471037421, 616, 262, 354, 0, 2, 2
24581, 1, 1636471037022, 1636471037629, 607, 262, 345, 0, 0, 0
24582, 1, 1636471037304, 1636471037921, 617, 262, 355, 0, 0, 0
24583, 1, 1636471037487, 1636471038101, 614, 262, 352, 0, 0, 0
24584, 1, 1636471037519, 1636471038129, 610, 262, 348, 0, 0, 0
24585, 1, 1636471037652, 1636471038269, 617, 266, 351, 0, 0, 0
24586, 1, 1636471037775, 1636471038473, 698, 351, 347, 0, 0, 0
24587, 1, 1636471037984, 1636471038596, 612, 263, 349, 0, 0, 0
24588, 1, 1636471038475, 1636471039085, 610, 262, 348, 0, 0, 0
24589, 1, 1636471038530, 1636471039140, 610, 262, 348, 0, 0, 0
24590, 1, 1636471038621, 1636471039237, 616, 266, 350, 0, 0, 0
24591, 1, 1636471038787, 1636471039397, 610, 266, 344, 0, 0, 0
24592, 1, 1636471038959, 1636471039569, 610, 262, 348, 0, 0, 0
24593, 1, 1636471039438, 1636471040045, 607, 262, 345, 0, 0, 0
24594, 1, 1636471039500, 1636471040105, 605, 259, 346, 0, 0, 0
24595, 1, 1636471039750, 1636471040357, 607, 259, 348, 0, 0, 0
24596, 1, 1636471040430, 1636471041041, 611, 262, 349, 0, 0, 0
24597, 1, 1636471040533, 1636471041145, 612, 262, 350, 0, 0, 0
24598, 1, 1636471040758, 1636471041369, 611, 262, 349, 0, 0, 0
24599, 1, 1636471041496, 1636471042113, 617, 262, 355, 0, 0, 0
24600, 1, 1636471042533, 1636471043145, 612, 262, 350, 0, 0, 0
24601, 1, 1636471157882, 1636471158493, 611, 262, 349, 0, 0, 0
24602, 1, 1636471158545, 1636471159161, 616, 262, 354, 0, 0, 0
24603, 1, 1636471158994, 1636471159609, 615, 267, 348, 0, 0, 0
24604, 1, 1636471159211, 1636471159821, 610, 262, 348, 0, 0, 0
24605, 1, 1636471159658, 1636471160269, 611, 262, 349, 0, 0, 0
24606, 1, 1636471159733, 1636471160345, 612, 262, 350, 0, 0, 0
24607, 1, 1636471159879, 1636471160488, 609, 262, 347, 0, 0, 0
24608, 1, 1636471160324, 1636471160937, 613, 262, 351, 0, 0, 0
24609, 1, 1636471160396, 1636471161009, 613, 263, 350, 2, 0, 2
24610, 1, 1636471160398, 1636471161009, 611, 263, 348, 1, 1, 2
24611, 1, 1636471160548, 1636471161169, 621, 262, 359, 0, 0, 0
24612, 1, 1636471160993, 1636471161613, 620, 264, 356, 0, 0, 0
24613, 1, 1636471161061, 1636471161677, 616, 267, 349, 4, 0, 4
24614, 1, 1636471161062, 1636471161677, 615, 267, 348, 3, 0, 3
24615, 1, 1636471161067, 1636471161677, 610, 261, 349, 1, 0, 1
24616, 1, 1636471161211, 1636471161869, 658, 262, 396, 0, 0, 0
24617, 1, 1636471161663, 1636471162277, 614, 266, 348, 0, 0, 0
24618, 1, 1636471161727, 1636471162341, 614, 263, 351, 1, 1, 2
24620, 1, 1636471161731, 1636471162344, 613, 263, 350, 1, 2, 3
24619, 1, 1636471161730, 1636471162345, 615, 263, 352, 1, 1, 2
24621, 1, 1636471161761, 1636471162373, 612, 263, 349, 0, 1, 1
24622, 1, 1636471161877, 1636471162533, 656, 262, 394, 0, 0, 0
24623, 1, 1636471162305, 1636471162921, 616, 266, 350, 0, 0, 0
24624, 1, 1636471162328, 1636471162941, 613, 263, 350, 0, 2, 2
24626, 1, 1636471162397, 1636471163009, 612, 263, 349, 0, 2, 2
24625, 1, 1636471162395, 1636471163009, 614, 267, 347, 1, 0, 1
24628, 1, 1636471162424, 1636471163037, 613, 262, 351, 0, 0, 0
24629, 1, 1636471162543, 1636471163193, 650, 262, 388, 0, 0, 0
24627, 1, 1636471162400, 1636471163289, 889, 538, 351, 0, 0, 0
24630, 1, 1636471162929, 1636471163541, 612, 262, 350, 0, 0, 0
24631, 1, 1636471162969, 1636471163581, 612, 262, 350, 0, 0, 0
24633, 1, 1636471163063, 1636471163681, 618, 266, 352, 2, 0, 2
24634, 1, 1636471163065, 1636471163681, 616, 265, 351, 1, 0, 1
24635, 1, 1636471163090, 1636471163705, 615, 263, 352, 0, 0, 0
24636, 1, 1636471163209, 1636471163873, 664, 262, 402, 0, 0, 0
24632, 1, 1636471162995, 1636471163889, 894, 547, 347, 0, 0, 0
24637, 1, 1636471163290, 1636471163948, 658, 266, 392, 0, 0, 0
24638, 1, 1636471163593, 1636471164209, 616, 262, 354, 1, 0, 1
24639, 1, 1636471163619, 1636471164240, 621, 274, 347, 0, 0, 0
24640, 1, 1636471163635, 1636471164253, 618, 262, 356, 0, 1, 1
24641, 1, 1636471163726, 1636471164345, 619, 267, 352, 0, 1, 1
24643, 1, 1636471163759, 1636471164377, 618, 262, 356, 0, 0, 0
24644, 1, 1636471163875, 1636471164533, 658, 263, 395, 0, 0, 0
24645, 1, 1636471163890, 1636471164541, 651, 263, 388, 1, 0, 1
24646, 1, 1636471163956, 1636471164617, 661, 262, 399, 0, 0, 0
24642, 1, 1636471163734, 1636471164693, 959, 606, 353, 0, 0, 0
24647, 1, 1636471164260, 1636471164869, 609, 262, 347, 0, 0, 0
24649, 1, 1636471164302, 1636471164913, 611, 263, 348, 0, 1, 1
24648, 1, 1636471164282, 1636471164937, 655, 262, 393, 0, 0, 0
24650, 1, 1636471164394, 1636471165005, 611, 262, 349, 0, 0, 0
24651, 1, 1636471164428, 1636471165041, 613, 262, 351, 0, 0, 0
24652, 1, 1636471164541, 1636471165201, 660, 262, 398, 0, 0, 0
24655, 1, 1636471164694, 1636471165349, 655, 262, 393, 0, 0, 0
24654, 1, 1636471164622, 1636471165389, 767, 374, 393, 0, 0, 0
24656, 1, 1636471164929, 1636471165549, 620, 266, 354, 0, 0, 0
24653, 1, 1636471164556, 1636471165549, 993, 599, 394, 0, 0, 0
24657, 1, 1636471164948, 1636471165601, 653, 262, 391, 0, 0, 0
24659, 1, 1636471165061, 1636471165673, 612, 262, 350, 0, 0, 0
24658, 1, 1636471164970, 1636471165737, 767, 418, 349, 0, 0, 0
24661, 1, 1636471165207, 1636471165861, 654, 262, 392, 0, 0, 0
24662, 1, 1636471165360, 1636471166017, 657, 270, 387, 0, 0, 0
24660, 1, 1636471165092, 1636471166085, 993, 642, 351, 0, 0, 0
24666, 1, 1636471165599, 1636471166212, 613, 262, 351, 1, 0, 1
24664, 1, 1636471165550, 1636471166212, 662, 261, 401, 1, 0, 1
24667, 1, 1636471165615, 1636471166273, 658, 267, 391, 1, 0, 1
24668, 1, 1636471165730, 1636471166345, 615, 268, 347, 0, 0, 0
24663, 1, 1636471165390, 1636471166373, 983, 583, 400, 1, 0, 1
24669, 1, 1636471165738, 1636471166393, 655, 262, 393, 0, 0, 0
24665, 1, 1636471165598, 1636471166429, 831, 487, 344, 1, 1, 2
24670, 1, 1636471165873, 1636471166529, 656, 267, 389, 1, 0, 1
24671, 1, 1636471166026, 1636471166689, 663, 267, 396, 0, 0, 0
24672, 1, 1636471166086, 1636471166737, 651, 262, 389, 0, 2, 2
24673, 1, 1636471166217, 1636471166877, 660, 263, 397, 1, 1, 2
24674, 1, 1636471166263, 1636471166877, 614, 263, 351, 0, 0, 0
24675, 1, 1636471166281, 1636471166941, 660, 263, 397, 0, 0, 0
24677, 1, 1636471166399, 1636471167005, 606, 259, 347, 1, 0, 1
24676, 1, 1636471166374, 1636471167037, 663, 270, 393, 0, 0, 0
24678, 1, 1636471166404, 1636471167085, 681, 290, 391, 0, 1, 1
24679, 1, 1636471166430, 1636471167085, 655, 262, 393, 0, 0, 0
24681, 1, 1636471166692, 1636471167349, 657, 262, 395, 0, 0, 0
24680, 1, 1636471166539, 1636471167357, 818, 426, 392, 0, 0, 0
24682, 1, 1636471166752, 1636471167405, 653, 267, 386, 0, 0, 0
24683, 1, 1636471166884, 1636471167533, 649, 268, 381, 1, 1, 2
24684, 1, 1636471166928, 1636471167545, 617, 268, 349, 1, 1, 2
24685, 1, 1636471166947, 1636471167601, 654, 262, 392, 0, 0, 0
24687, 1, 1636471167064, 1636471167676, 612, 262, 350, 0, 0, 0
24686, 1, 1636471167041, 1636471167697, 656, 262, 394, 0, 0, 0
24688, 1, 1636471167086, 1636471167745, 659, 263, 396, 0, 0, 0
24689, 1, 1636471167096, 1636471167749, 653, 262, 391, 0, 0, 0
24691, 1, 1636471167358, 1636471168013, 655, 264, 391, 2, 1, 3
24692, 1, 1636471167418, 1636471168069, 651, 262, 389, 0, 1, 1
24690, 1, 1636471167358, 1636471168097, 739, 348, 391, 0, 2, 2
24694, 1, 1636471167595, 1636471168205, 610, 263, 347, 1, 0, 1
24695, 1, 1636471167614, 1636471168273, 659, 262, 397, 1, 0, 1
24698, 1, 1636471167726, 1636471168337, 611, 263, 348, 0, 0, 0
24697, 1, 1636471167707, 1636471168357, 650, 262, 388, 0, 0, 0
24693, 1, 1636471167550, 1636471168441, 891, 503, 388, 0, 1, 1
24701, 1, 1636471168024, 1636471168677, 653, 262, 391, 0, 0, 0
24700, 1, 1636471167763, 1636471168709, 946, 554, 392, 0, 1, 1
24702, 1, 1636471168084, 1636471168744, 660, 266, 394, 0, 0, 0
24703, 1, 1636471168098, 1636471168757, 659, 262, 397, 0, 0, 0
24704, 1, 1636471168265, 1636471168877, 612, 262, 350, 0, 0, 0
24708, 1, 1636471168390, 1636471169001, 611, 263, 348, 1, 0, 1
24707, 1, 1636471168373, 1636471169033, 660, 263, 397, 1, 0, 1
24709, 1, 1636471168442, 1636471169105, 663, 270, 393, 0, 0, 0
24705, 1, 1636471168280, 1636471169221, 941, 554, 387, 0, 0, 0
24710, 1, 1636471168690, 1636471169341, 651, 262, 389, 0, 0, 0
24711, 1, 1636471168710, 1636471169369, 659, 266, 393, 1, 0, 1
24712, 1, 1636471168750, 1636471169409, 659, 265, 394, 2, 1, 3
24713, 1, 1636471168764, 1636471169417, 653, 262, 391, 0, 0, 0
24714, 1, 1636471168929, 1636471169569, 640, 291, 349, 0, 1, 1
24715, 1, 1636471169039, 1636471169693, 654, 262, 392, 0, 0, 0
24716, 1, 1636471169060, 1636471169757, 697, 347, 350, 0, 1, 1
24717, 1, 1636471169107, 1636471169761, 654, 267, 387, 1, 0, 1
24718, 1, 1636471169222, 1636471169876, 654, 262, 392, 0, 0, 0
24722, 1, 1636471169416, 1636471170069, 653, 263, 390, 0, 0, 0
24723, 1, 1636471169430, 1636471170085, 655, 262, 393, 0, 0, 0
24696, 2, 1636471167666, 1636471170142, 2476, 0, 2476, 1, 0, 1
24699, 2, 1636471167753, 1636471170143, 2390, 0, 2390, 0, 0, 0
24721, 1, 1636471169375, 1636471170221, 846, 458, 388, 0, 1, 1
24725, 1, 1636471169705, 1636471170364, 659, 266, 393, 0, 0, 0
24726, 1, 1636471169758, 1636471170413, 655, 266, 389, 0, 0, 0
24727, 1, 1636471169774, 1636471170433, 659, 266, 393, 0, 0, 0
24706, 2, 1636471168312, 1636471170530, 2218, 0, 2218, 0, 0, 0
24728, 1, 1636471169888, 1636471170541, 653, 262, 391, 0, 0, 0
24720, 1, 1636471169356, 1636471170565, 1209, 822, 387, 0, 0, 0
24729, 1, 1636471170082, 1636471170737, 655, 262, 393, 0, 0, 0
24732, 1, 1636471170222, 1636471170876, 654, 262, 392, 0, 0, 0
24733, 1, 1636471170229, 1636471170889, 660, 267, 393, 1, 1, 2
24734, 1, 1636471170229, 1636471170889, 660, 267, 393, 1, 1, 2
24735, 1, 1636471170371, 1636471171032, 661, 266, 395, 0, 0, 0
24736, 1, 1636471170424, 1636471171077, 653, 263, 390, 1, 0, 1
24730, 1, 1636471170096, 1636471171089, 993, 598, 395, 0, 1, 1
24737, 1, 1636471170440, 1636471171093, 653, 267, 386, 2, 0, 2
24739, 1, 1636471170566, 1636471171221, 655, 262, 393, 0, 0, 0
24738, 1, 1636471170554, 1636471171228, 674, 282, 392, 0, 0, 0
24740, 1, 1636471170617, 1636471171285, 668, 263, 405, 0, 1, 1
24741, 1, 1636471170748, 1636471171405, 657, 266, 391, 0, 0, 0
24743, 1, 1636471170890, 1636471171545, 655, 263, 392, 3, 0, 3
24719, 2, 1636471169328, 1636471171546, 2218, 0, 2218, 0, 0, 0
24742, 1, 1636471170890, 1636471171553, 663, 267, 396, 1, 1, 2
24745, 1, 1636471171037, 1636471171692, 655, 262, 393, 0, 0, 0
24746, 1, 1636471171090, 1636471171737, 647, 262, 385, 0, 0, 0
24747, 1, 1636471171090, 1636471171745, 655, 262, 393, 0, 0, 0
24724, 2, 1636471169597, 1636471171858, 2261, 0, 2261, 0, 0, 0
24751, 1, 1636471171232, 1636471171885, 653, 258, 395, 0, 0, 0
24744, 1, 1636471170891, 1636471171900, 1009, 617, 392, 0, 1, 1
24753, 1, 1636471171414, 1636471172077, 663, 262, 401, 0, 0, 0
24748, 1, 1636471171106, 1636471172097, 991, 591, 400, 0, 0, 0
24755, 1, 1636471171557, 1636471172213, 656, 263, 393, 0, 0, 0
24756, 1, 1636471171633, 1636471172285, 652, 262, 390, 0, 0, 0
24731, 2, 1636471170100, 1636471172322, 2222, 0, 2222, 0, 0, 0
24757, 1, 1636471171703, 1636471172356, 653, 262, 391, 0, 0, 0
24758, 1, 1636471171756, 1636471172401, 645, 258, 387, 0, 0, 0
24759, 1, 1636471171756, 1636471172405, 649, 264, 385, 1, 0, 1
24760, 1, 1636471171899, 1636471172553, 654, 261, 393, 0, 0, 0
24761, 1, 1636471171901, 1636471172569, 668, 262, 406, 0, 0, 0
24762, 1, 1636471171945, 1636471172753, 808, 415, 393, 0, 1, 1
24765, 1, 1636471172098, 1636471172753, 655, 263, 392, 0, 0, 0
24766, 1, 1636471172222, 1636471172873, 651, 262, 389, 0, 0, 0
24764, 1, 1636471172080, 1636471172897, 817, 431, 386, 1, 1, 2
24768, 1, 1636471172369, 1636471173029, 660, 266, 394, 0, 0, 0
24769, 1, 1636471172413, 1636471173073, 660, 262, 398, 0, 0, 0
24771, 1, 1636471172422, 1636471173080, 658, 263, 395, 1, 1, 2
24770, 1, 1636471172421, 1636471173085, 664, 266, 398, 0, 0, 0
24774, 1, 1636471172570, 1636471173220, 650, 262, 388, 0, 1, 1
24773, 1, 1636471172565, 1636471173221, 656, 262, 394, 0, 0, 0
24775, 1, 1636471172754, 1636471173409, 655, 267, 388, 1, 0, 1
24749, 2, 1636471171191, 1636471173414, 2223, 0, 2223, 0, 0, 0
24776, 1, 1636471172763, 1636471173420, 657, 266, 391, 0, 0, 0
24777, 1, 1636471172889, 1636471173545, 656, 262, 394, 0, 0, 0
24779, 1, 1636471173035, 1636471173700, 665, 266, 399, 0, 0, 0
24781, 1, 1636471173087, 1636471173740, 653, 263, 390, 1, 0, 1
24782, 1, 1636471173088, 1636471173741, 653, 263, 390, 1, 0, 1
24752, 2, 1636471171286, 1636471173774, 2488, 0, 2488, 0, 0, 0
24750, 2, 1636471171230, 1636471173779, 2549, 0, 2549, 0, 0, 0
24754, 2, 1636471171556, 1636471173819, 2263, 0, 2263, 0, 0, 0
24783, 1, 1636471173231, 1636471173901, 670, 266, 404, 0, 0, 0
24778, 1, 1636471172898, 1636471173905, 1007, 603, 404, 1, 0, 1
24784, 1, 1636471173237, 1636471173913, 676, 262, 414, 0, 0, 0
24786, 1, 1636471173430, 1636471174081, 651, 263, 388, 1, 0, 1
24787, 1, 1636471173501, 1636471174160, 659, 262, 397, 0, 0, 0
24763, 2, 1636471171960, 1636471174179, 2219, 0, 2219, 0, 0, 0
24788, 1, 1636471173555, 1636471174213, 658, 270, 388, 0, 0, 0
24790, 1, 1636471173702, 1636471174360, 658, 266, 392, 0, 0, 0
24792, 1, 1636471173754, 1636471174421, 667, 267, 400, 1, 0, 1
24791, 1, 1636471173753, 1636471174421, 668, 267, 401, 1, 0, 1
24794, 1, 1636471173865, 1636471174525, 660, 266, 394, 2, 0, 2
24767, 2, 1636471172286, 1636471174550, 2264, 0, 2264, 0, 0, 0
24795, 1, 1636471173902, 1636471174565, 663, 263, 400, 1, 0, 1
24796, 1, 1636471173906, 1636471174565, 659, 262, 397, 1, 0, 1
24799, 1, 1636471174096, 1636471174745, 649, 266, 383, 0, 0, 0
24772, 2, 1636471172546, 1636471174766, 2220, 0, 2220, 0, 0, 0
24793, 1, 1636471173861, 1636471174772, 911, 515, 396, 1, 1, 2
24797, 1, 1636471173909, 1636471174873, 964, 571, 393, 1, 1, 2
24801, 1, 1636471174222, 1636471174889, 667, 262, 405, 0, 0, 0
24802, 1, 1636471174265, 1636471174921, 656, 263, 393, 0, 1, 1
24803, 1, 1636471174368, 1636471175017, 649, 262, 387, 1, 0, 1
24804, 1, 1636471174422, 1636471175081, 659, 266, 393, 0, 0, 0
24805, 1, 1636471174423, 1636471175081, 658, 267, 391, 1, 0, 1
24808, 1, 1636471174568, 1636471175225, 657, 262, 395, 0, 0, 0
24809, 1, 1636471174572, 1636471175225, 653, 269, 384, 1, 1, 2
24810, 1, 1636471174637, 1636471175293, 656, 262, 394, 0, 1, 1
24780, 2, 1636471173074, 1636471175338, 2264, 0, 2264, 0, 0, 0
24811, 1, 1636471174762, 1636471175421, 659, 262, 397, 0, 1, 1
24812, 1, 1636471174774, 1636471175440, 666, 271, 395, 1, 0, 1
24813, 1, 1636471174857, 1636471175509, 652, 262, 390, 0, 0, 0
24815, 1, 1636471174890, 1636471175541, 651, 262, 389, 0, 0, 0
24817, 1, 1636471175034, 1636471175681, 647, 260, 387, 1, 0, 1
24785, 2, 1636471173421, 1636471175683, 2262, 0, 2262, 0, 0, 0
24818, 1, 1636471175088, 1636471175741, 653, 263, 390, 0, 0, 0
24819, 1, 1636471175088, 1636471175741, 653, 263, 390, 1, 0, 1
24789, 2, 1636471173651, 1636471175874, 2223, 0, 2223, 0, 0, 0
24821, 1, 1636471175238, 1636471175889, 651, 262, 389, 0, 0, 0
24820, 1, 1636471175234, 1636471175889, 655, 262, 393, 0, 0, 0
24822, 1, 1636471175294, 1636471175953, 659, 263, 396, 0, 0, 0
24823, 1, 1636471175425, 1636471176081, 656, 267, 389, 1, 1, 2
24824, 1, 1636471175428, 1636471176081, 653, 263, 390, 0, 2, 2
24825, 1, 1636471175442, 1636471176089, 647, 258, 389, 0, 0, 0
24798, 2, 1636471173914, 1636471176175, 2261, 0, 2261, 0, 0, 0
24828, 1, 1636471175556, 1636471176205, 649, 259, 390, 1, 0, 1
24829, 1, 1636471175700, 1636471176357, 657, 262, 395, 0, 0, 0
24831, 1, 1636471175754, 1636471176405, 651, 262, 389, 0, 1, 1
24830, 1, 1636471175754, 1636471176409, 655, 266, 389, 0, 0, 0
24832, 1, 1636471175769, 1636471176421, 652, 262, 390, 0, 0, 0
24800, 2, 1636471174162, 1636471176430, 2268, 0, 2268, 0, 0, 0
24833, 1, 1636471175900, 1636471176553, 653, 262, 391, 0, 0, 0
24834, 1, 1636471175904, 1636471176561, 657, 262, 395, 0, 0, 0
24836, 1, 1636471175965, 1636471176617, 652, 261, 391, 1, 0, 1
24835, 1, 1636471175961, 1636471176617, 656, 263, 393, 2, 0, 2
24806, 2, 1636471174453, 1636471176674, 2221, 1, 2220, 0, 0, 0
24837, 1, 1636471176082, 1636471176745, 663, 270, 393, 0, 0, 0
24838, 1, 1636471176093, 1636471176753, 660, 266, 394, 0, 0, 0
24807, 2, 1636471174526, 1636471176790, 2264, 0, 2264, 0, 0, 0
24840, 1, 1636471176222, 1636471176884, 662, 266, 396, 0, 0, 0
24841, 1, 1636471176261, 1636471176925, 664, 266, 398, 0, 0, 0
24842, 1, 1636471176366, 1636471177017, 651, 258, 393, 0, 1, 1
24843, 1, 1636471176420, 1636471177068, 648, 263, 385, 1, 0, 1
24844, 1, 1636471176421, 1636471177080, 659, 262, 397, 1, 0, 1
24814, 2, 1636471174874, 1636471177138, 2264, 0, 2264, 0, 0, 0
24846, 1, 1636471176517, 1636471177173, 656, 262, 394, 0, 0, 0
24816, 2, 1636471174922, 1636471177191, 2269, 0, 2269, 0, 0, 0
24847, 1, 1636471176566, 1636471177220, 654, 265, 389, 0, 0, 0
24848, 1, 1636471176570, 1636471177225, 655, 263, 392, 1, 0, 1
24850, 1, 1636471176628, 1636471177281, 653, 262, 391, 0, 0, 0
24851, 1, 1636471176749, 1636471177408, 659, 262, 397, 0, 2, 2
24852, 1, 1636471176760, 1636471177416, 656, 267, 389, 1, 0, 1
24853, 1, 1636471176765, 1636471177425, 660, 271, 389, 0, 0, 0
24854, 1, 1636471176877, 1636471177533, 656, 262, 394, 0, 0, 0
24855, 1, 1636471176889, 1636471177548, 659, 266, 393, 0, 0, 0
24856, 1, 1636471176926, 1636471177585, 659, 266, 393, 1, 0, 1
24857, 1, 1636471177032, 1636471177689, 657, 262, 395, 0, 0, 0
24859, 1, 1636471177087, 1636471177744, 657, 266, 391, 0, 1, 1
24858, 1, 1636471177086, 1636471177745, 659, 268, 391, 1, 1, 2
24827, 2, 1636471175551, 1636471177770, 2219, 0, 2219, 0, 0, 0
24826, 2, 1636471175510, 1636471177778, 2268, 0, 2268, 1, 0, 1
24860, 1, 1636471177175, 1636471177829, 654, 262, 392, 0, 0, 0
24862, 1, 1636471177233, 1636471177888, 655, 263, 392, 2, 1, 3
24863, 1, 1636471177236, 1636471177888, 652, 263, 389, 2, 0, 2
24861, 1, 1636471177225, 1636471177893, 668, 269, 399, 0, 0, 0
24864, 1, 1636471177277, 1636471177932, 655, 262, 393, 0, 0, 0
24865, 1, 1636471177294, 1636471177956, 662, 271, 391, 2, 0, 2
24866, 1, 1636471177416, 1636471178089, 673, 270, 403, 0, 1, 1
24867, 1, 1636471177426, 1636471178097, 671, 274, 397, 0, 0, 0
24869, 1, 1636471177534, 1636471178188, 654, 267, 387, 0, 1, 1
24870, 1, 1636471177555, 1636471178213, 658, 262, 396, 0, 0, 0
24871, 1, 1636471177592, 1636471178253, 661, 266, 395, 0, 1, 1
24839, 1, 1636471176108, 1636471178261, 2153, 1758, 395, 0, 1, 1
24872, 1, 1636471177698, 1636471178360, 662, 266, 396, 0, 0, 0
24873, 1, 1636471177752, 1636471178413, 661, 267, 394, 2, 1, 3
24874, 1, 1636471177753, 1636471178413, 660, 267, 393, 1, 0, 1
24875, 1, 1636471177842, 1636471178505, 663, 260, 403, 0, 0, 0
24876, 1, 1636471177857, 1636471178508, 651, 266, 385, 1, 0, 1
24877, 1, 1636471177869, 1636471178541, 672, 265, 407, 0, 0, 0
24878, 1, 1636471177894, 1636471178557, 663, 262, 401, 0, 0, 0
24879, 1, 1636471177899, 1636471178561, 662, 263, 399, 1, 0, 1
24880, 1, 1636471177903, 1636471178561, 658, 262, 396, 0, 0, 0
24881, 1, 1636471177934, 1636471178589, 655, 266, 389, 1, 0, 1
24882, 1, 1636471177960, 1636471178613, 653, 262, 391, 0, 0, 0
24845, 2, 1636471176422, 1636471178686, 2264, 0, 2264, 1, 0, 1
24884, 1, 1636471178098, 1636471178753, 655, 263, 392, 0, 0, 0
24883, 1, 1636471178090, 1636471178848, 758, 370, 388, 0, 0, 0
24885, 1, 1636471178201, 1636471178861, 660, 262, 398, 0, 0, 0
24886, 1, 1636471178221, 1636471178881, 660, 263, 397, 1, 1, 2
24849, 2, 1636471176618, 1636471178882, 2264, 0, 2264, 0, 0, 0
24887, 1, 1636471178259, 1636471178917, 658, 263, 395, 1, 0, 1
24888, 1, 1636471178262, 1636471178921, 659, 263, 396, 0, 1, 1
24889, 1, 1636471178364, 1636471179013, 649, 262, 387, 0, 0, 0
24891, 1, 1636471178418, 1636471179068, 650, 262, 388, 0, 0, 0
24890, 1, 1636471178418, 1636471179072, 654, 259, 395, 1, 0, 1
24892, 1, 1636471178507, 1636471179161, 654, 262, 392, 0, 1, 1
24894, 1, 1636471178542, 1636471179193, 651, 262, 389, 0, 1, 1
24895, 1, 1636471178560, 1636471179217, 657, 262, 395, 0, 0, 0
24896, 1, 1636471178565, 1636471179225, 660, 263, 397, 0, 2, 2
24897, 1, 1636471178569, 1636471179225, 656, 263, 393, 1, 0, 1
24898, 1, 1636471178600, 1636471179261, 661, 267, 394, 0, 1, 1
24899, 1, 1636471178627, 1636471179281, 654, 263, 391, 0, 0, 0
24900, 1, 1636471178764, 1636471179417, 653, 265, 388, 0, 2, 2
24901, 1, 1636471178773, 1636471179433, 660, 271, 389, 1, 0, 1
24902, 1, 1636471178850, 1636471179513, 663, 270, 393, 0, 0, 0
24903, 1, 1636471178868, 1636471179533, 665, 271, 394, 0, 1, 1
24904, 1, 1636471178887, 1636471179548, 661, 267, 394, 0, 1, 1
24906, 1, 1636471178928, 1636471179593, 665, 272, 393, 1, 2, 3
24905, 1, 1636471178926, 1636471179625, 699, 310, 389, 1, 0, 1
24868, 2, 1636471177426, 1636471179686, 2260, 0, 2260, 0, 0, 0
24908, 1, 1636471179030, 1636471179693, 663, 270, 393, 0, 0, 0
24910, 1, 1636471179085, 1636471179749, 664, 271, 393, 2, 0, 2
24907, 1, 1636471178977, 1636471179769, 792, 395, 397, 0, 1, 1
24911, 1, 1636471179173, 1636471179832, 659, 266, 393, 2, 0, 2
24912, 1, 1636471179208, 1636471179865, 657, 262, 395, 0, 1, 1
24915, 1, 1636471179236, 1636471179889, 653, 262, 391, 1, 0, 1
24913, 1, 1636471179226, 1636471179889, 663, 262, 401, 0, 0, 0
24914, 1, 1636471179231, 1636471179893, 662, 262, 400, 1, 0, 1
24909, 1, 1636471179084, 1636471179893, 809, 424, 385, 0, 1, 1
24916, 1, 1636471179265, 1636471179916, 651, 261, 390, 0, 0, 0
24917, 1, 1636471179294, 1636471179953, 659, 263, 396, 0, 2, 2
24918, 1, 1636471179430, 1636471180080, 650, 269, 381, 1, 0, 1
24919, 1, 1636471179434, 1636471180089, 655, 267, 388, 0, 1, 1
24893, 1, 1636471178510, 1636471180164, 1654, 1262, 392, 0, 0, 0
24920, 1, 1636471179516, 1636471180168, 652, 262, 390, 0, 0, 0
24922, 1, 1636471179553, 1636471180212, 659, 266, 393, 0, 0, 0
24923, 1, 1636471179594, 1636471180245, 651, 262, 389, 0, 0, 0
24924, 1, 1636471179626, 1636471180281, 655, 262, 393, 0, 0, 0
24925, 1, 1636471179696, 1636471180348, 652, 258, 394, 0, 0, 0
24926, 1, 1636471179751, 1636471180404, 653, 264, 389, 0, 2, 2
24927, 1, 1636471179770, 1636471180421, 651, 262, 389, 0, 0, 0
24921, 1, 1636471179534, 1636471180424, 890, 502, 388, 0, 0, 0
24928, 1, 1636471179777, 1636471180437, 660, 263, 397, 0, 0, 0
24929, 1, 1636471179840, 1636471180489, 649, 262, 387, 0, 0, 0
24931, 1, 1636471179893, 1636471180545, 652, 262, 390, 1, 1, 2
24932, 1, 1636471179894, 1636471180545, 651, 257, 394, 0, 0, 0
24934, 1, 1636471179903, 1636471180561, 658, 263, 395, 0, 1, 1
24935, 1, 1636471179932, 1636471180593, 661, 270, 391, 0, 0, 0
24936, 1, 1636471179961, 1636471180617, 656, 262, 394, 0, 0, 0
24930, 1, 1636471179875, 1636471180625, 750, 366, 384, 0, 0, 0
24937, 1, 1636471180095, 1636471180753, 658, 266, 392, 0, 0, 0
24939, 1, 1636471180166, 1636471180825, 659, 262, 397, 0, 0, 0
24940, 1, 1636471180182, 1636471180837, 655, 262, 393, 0, 0, 0
24941, 1, 1636471180219, 1636471180872, 653, 262, 391, 0, 0, 0
24943, 1, 1636471180292, 1636471180965, 673, 282, 391, 1, 0, 1
24942, 1, 1636471180260, 1636471180977, 717, 326, 391, 0, 0, 0
24944, 1, 1636471180362, 1636471181025, 663, 270, 393, 0, 0, 0
24945, 1, 1636471180417, 1636471181068, 651, 262, 389, 0, 0, 0
24946, 1, 1636471180426, 1636471181080, 654, 266, 388, 0, 0, 0
24947, 1, 1636471180437, 1636471181092, 655, 262, 393, 0, 0, 0
24948, 1, 1636471180438, 1636471181092, 654, 266, 388, 0, 0, 0
24949, 1, 1636471180506, 1636471181185, 679, 287, 392, 0, 0, 0
24951, 1, 1636471180559, 1636471181213, 654, 263, 391, 0, 1, 1
24952, 1, 1636471180569, 1636471181216, 647, 258, 389, 0, 1, 1
24954, 1, 1636471180626, 1636471181276, 650, 262, 388, 0, 1, 1
24955, 1, 1636471180627, 1636471181325, 698, 306, 392, 0, 0, 0
24956, 1, 1636471180762, 1636471181413, 651, 263, 388, 0, 0, 0
24950, 1, 1636471180559, 1636471181425, 866, 479, 387, 1, 1, 2
24957, 1, 1636471180832, 1636471181484, 652, 262, 390, 0, 0, 0
24953, 1, 1636471180597, 1636471181536, 939, 546, 393, 0, 0, 0
24959, 1, 1636471180885, 1636471181541, 656, 266, 390, 0, 0, 0
24960, 1, 1636471180966, 1636471181669, 703, 314, 389, 0, 0, 0
24963, 1, 1636471181083, 1636471181745, 662, 262, 400, 0, 0, 0
24966, 1, 1636471181104, 1636471181757, 653, 262, 391, 1, 0, 1
24967, 1, 1636471181186, 1636471181837, 651, 263, 388, 0, 1, 1
24968, 1, 1636471181226, 1636471181885, 659, 267, 392, 0, 1, 1
24969, 1, 1636471181235, 1636471181889, 654, 262, 392, 0, 0, 0
24971, 1, 1636471181326, 1636471181985, 659, 263, 396, 0, 2, 2
24965, 1, 1636471181102, 1636471182017, 915, 523, 392, 1, 2, 3
24973, 1, 1636471181427, 1636471182076, 649, 263, 386, 0, 1, 1
24972, 1, 1636471181426, 1636471182080, 654, 263, 391, 0, 0, 0
24974, 1, 1636471181498, 1636471182157, 659, 266, 393, 0, 1, 1
24975, 1, 1636471181538, 1636471182193, 655, 262, 393, 0, 1, 1
24976, 1, 1636471181551, 1636471182333, 782, 390, 392, 0, 1, 1
24978, 1, 1636471181749, 1636471182401, 652, 266, 386, 0, 0, 0
24938, 2, 1636471180101, 1636471182419, 2318, 0, 2318, 0, 0, 0
24933, 2, 1636471179897, 1636471182419, 2522, 2, 2520, 2, 1, 3
24979, 1, 1636471181771, 1636471182420, 649, 262, 387, 0, 1, 1
24981, 1, 1636471181892, 1636471182541, 649, 262, 387, 0, 0, 0
24982, 1, 1636471181901, 1636471182553, 652, 263, 389, 0, 1, 1
24983, 1, 1636471181991, 1636471182657, 666, 266, 400, 0, 0, 0
24984, 1, 1636471182018, 1636471182673, 655, 262, 393, 0, 0, 0
24986, 1, 1636471182094, 1636471182753, 659, 263, 396, 0, 1, 1
24985, 1, 1636471182092, 1636471182753, 661, 263, 398, 0, 1, 1
24987, 1, 1636471182164, 1636471182820, 656, 266, 390, 0, 1, 1
24988, 1, 1636471182204, 1636471182865, 661, 266, 395, 0, 1, 1
24989, 1, 1636471182334, 1636471182993, 659, 260, 399, 1, 1, 2
24990, 1, 1636471182415, 1636471183081, 666, 268, 398, 0, 2, 2
24991, 1, 1636471182436, 1636471183097, 661, 262, 399, 0, 1, 1
24993, 1, 1636471182505, 1636471183161, 656, 258, 398, 0, 0, 0
24994, 1, 1636471182558, 1636471183216, 658, 263, 395, 1, 0, 1
24995, 1, 1636471182567, 1636471183221, 654, 263, 391, 1, 0, 1
24962, 2, 1636471181028, 1636471183291, 2263, 0, 2263, 0, 0, 0
24996, 1, 1636471182659, 1636471183313, 654, 262, 392, 0, 0, 0
24964, 2, 1636471181092, 1636471183358, 2266, 0, 2266, 0, 0, 0
24958, 2, 1636471180848, 1636471183407, 2559, 0, 2559, 0, 0, 0
24961, 2, 1636471180978, 1636471183407, 2429, 0, 2429, 0, 1, 1
24998, 1, 1636471182758, 1636471183408, 650, 262, 388, 0, 0, 0
24999, 1, 1636471182761, 1636471183421, 660, 267, 393, 0, 0, 0
24992, 1, 1636471182505, 1636471183429, 924, 531, 393, 1, 0, 1
25001, 1, 1636471182870, 1636471183525, 655, 262, 393, 0, 0, 0
24970, 2, 1636471181293, 1636471183558, 2265, 0, 2265, 0, 0, 0
25002, 1, 1636471183001, 1636471183657, 656, 262, 394, 0, 0, 0
25003, 1, 1636471183082, 1636471183733, 651, 263, 388, 0, 0, 0
25004, 1, 1636471183102, 1636471183753, 651, 262, 389, 0, 1, 1
25000, 1, 1636471182830, 1636471183769, 939, 547, 392, 0, 1, 1
25005, 1, 1636471183162, 1636471183813, 651, 259, 392, 0, 1, 1
25006, 1, 1636471183224, 1636471183877, 653, 262, 391, 0, 0, 0
25007, 1, 1636471183233, 1636471183885, 652, 262, 390, 0, 0, 0
25008, 1, 1636471183325, 1636471183984, 659, 263, 396, 1, 2, 3
24997, 1, 1636471182684, 1636471184037, 1353, 962, 391, 0, 1, 1
25009, 1, 1636471183377, 1636471184041, 664, 261, 403, 0, 0, 0
25012, 1, 1636471183430, 1636471184080, 650, 263, 387, 1, 1, 2
25010, 1, 1636471183424, 1636471184081, 657, 263, 394, 1, 0, 1
25013, 1, 1636471183445, 1636471184101, 656, 262, 394, 0, 0, 0
25014, 1, 1636471183493, 1636471184157, 664, 266, 398, 0, 0, 0
25016, 1, 1636471183536, 1636471184192, 656, 262, 394, 0, 0, 0
24977, 2, 1636471181670, 1636471184207, 2537, 1, 2536, 1, 0, 1
24980, 2, 1636471181852, 1636471184207, 2355, 0, 2355, 0, 0, 0
25011, 1, 1636471183427, 1636471184233, 806, 423, 383, 2, 0, 2
25017, 1, 1636471183649, 1636471184309, 660, 271, 389, 0, 1, 1
25018, 1, 1636471183667, 1636471184321, 654, 267, 387, 0, 1, 1
25019, 1, 1636471183747, 1636471184405, 658, 268, 390, 2, 0, 2
25020, 1, 1636471183769, 1636471184428, 659, 266, 393, 1, 0, 1
25021, 1, 1636471183770, 1636471184428, 658, 262, 396, 2, 0, 2
25022, 1, 1636471183828, 1636471184481, 653, 267, 386, 1, 0, 1
25015, 1, 1636471183497, 1636471184508, 1011, 614, 397, 0, 1, 1
25023, 1, 1636471183890, 1636471184541, 651, 262, 389, 0, 0, 0
25024, 1, 1636471183899, 1636471184557, 658, 263, 395, 1, 0, 1
25025, 1, 1636471183991, 1636471184653, 662, 263, 399, 2, 0, 2
25027, 1, 1636471184042, 1636471184697, 655, 258, 397, 0, 0, 0
25026, 1, 1636471184038, 1636471184697, 659, 263, 396, 0, 1, 1
25028, 1, 1636471184091, 1636471184741, 650, 262, 388, 0, 0, 0
25029, 1, 1636471184096, 1636471184753, 657, 264, 393, 2, 1, 3
25030, 1, 1636471184102, 1636471184757, 655, 262, 393, 1, 0, 1
25031, 1, 1636471184158, 1636471184817, 659, 266, 393, 1, 1, 2
25032, 1, 1636471184202, 1636471184857, 655, 263, 392, 1, 2, 3
25033, 1, 1636471184234, 1636471184897, 663, 264, 399, 0, 1, 1
25034, 1, 1636471184293, 1636471184953, 660, 262, 398, 2, 0, 2
25036, 1, 1636471184310, 1636471184969, 659, 262, 397, 0, 0, 0
25037, 1, 1636471184333, 1636471185001, 668, 267, 401, 1, 1, 2
25038, 1, 1636471184414, 1636471185073, 659, 262, 397, 0, 0, 0
25040, 1, 1636471184437, 1636471185096, 659, 263, 396, 0, 1, 1
25041, 1, 1636471184494, 1636471185153, 659, 266, 393, 1, 0, 1
25042, 1, 1636471184511, 1636471185177, 666, 266, 400, 1, 0, 1
25043, 1, 1636471184556, 1636471185209, 653, 268, 385, 1, 1, 2
25035, 1, 1636471184293, 1636471185297, 1004, 619, 385, 3, 1, 4
25039, 1, 1636471184434, 1636471185317, 883, 490, 393, 0, 0, 0
25045, 1, 1636471184657, 1636471185317, 660, 266, 394, 0, 0, 0
25047, 1, 1636471184708, 1636471185369, 661, 271, 390, 1, 1, 2
25048, 1, 1636471184756, 1636471185413, 657, 262, 395, 0, 0, 0
25049, 1, 1636471184763, 1636471185421, 658, 266, 392, 0, 0, 0
25050, 1, 1636471184769, 1636471185437, 668, 270, 398, 0, 1, 1
25044, 1, 1636471184565, 1636471185501, 936, 546, 390, 0, 0, 0
25052, 1, 1636471184868, 1636471185529, 661, 264, 397, 1, 1, 2
25054, 1, 1636471184955, 1636471185617, 662, 262, 400, 0, 0, 0
25055, 1, 1636471184976, 1636471185633, 657, 262, 395, 0, 0, 0
25053, 1, 1636471184900, 1636471185641, 741, 356, 385, 0, 0, 0
25056, 1, 1636471185002, 1636471185656, 654, 262, 392, 0, 1, 1
25057, 1, 1636471185080, 1636471185729, 649, 258, 391, 0, 0, 0
25059, 1, 1636471185160, 1636471185817, 657, 263, 394, 0, 1, 1
25061, 1, 1636471185223, 1636471185873, 650, 263, 387, 1, 0, 1
25062, 1, 1636471185298, 1636471185969, 671, 274, 397, 0, 0, 0
25063, 1, 1636471185318, 1636471185973, 655, 266, 389, 0, 1, 1
25058, 1, 1636471185104, 1636471185984, 880, 495, 385, 0, 2, 2
25064, 1, 1636471185323, 1636471185984, 661, 266, 395, 0, 0, 0
25065, 1, 1636471185374, 1636471186033, 659, 262, 397, 0, 0, 0
25066, 1, 1636471185422, 1636471186073, 651, 262, 389, 0, 1, 1
25067, 1, 1636471185430, 1636471186088, 658, 263, 395, 0, 0, 0
25068, 1, 1636471185438, 1636471186097, 659, 263, 396, 0, 1, 1
25069, 1, 1636471185502, 1636471186161, 659, 266, 393, 1, 0, 1
25070, 1, 1636471185533, 1636471186189, 656, 263, 393, 1, 0, 1
25071, 1, 1636471185621, 1636471186281, 660, 262, 398, 0, 0, 0
25072, 1, 1636471185641, 1636471186308, 667, 268, 399, 0, 0, 0
25073, 1, 1636471185642, 1636471186317, 675, 284, 391, 1, 0, 1
25074, 1, 1636471185669, 1636471186325, 656, 263, 393, 0, 1, 1
25075, 1, 1636471185745, 1636471186405, 660, 270, 390, 0, 0, 0
25076, 1, 1636471185826, 1636471186496, 670, 274, 396, 0, 0, 0
25077, 1, 1636471185889, 1636471186541, 652, 262, 390, 0, 0, 0
25078, 1, 1636471185970, 1636471186629, 659, 267, 392, 0, 1, 1
25080, 1, 1636471185986, 1636471186645, 659, 262, 397, 1, 0, 1
25081, 1, 1636471185990, 1636471186665, 675, 281, 394, 0, 0, 0
25082, 1, 1636471186040, 1636471186697, 657, 262, 395, 1, 0, 1
25083, 1, 1636471186088, 1636471186737, 649, 263, 386, 1, 1, 2
25085, 1, 1636471186104, 1636471186753, 649, 263, 386, 1, 1, 2
25084, 1, 1636471186097, 1636471186753, 656, 262, 394, 0, 0, 0
25086, 1, 1636471186168, 1636471186821, 653, 262, 391, 0, 0, 0
25087, 1, 1636471186199, 1636471186860, 661, 266, 395, 0, 1, 1
25088, 1, 1636471186288, 1636471186941, 653, 262, 391, 0, 0, 0
25090, 1, 1636471186319, 1636471186973, 654, 266, 388, 0, 0, 0
25079, 1, 1636471185984, 1636471186981, 997, 598, 399, 0, 1, 1
25091, 1, 1636471186335, 1636471186989, 654, 266, 388, 0, 0, 0
25092, 1, 1636471186412, 1636471187065, 653, 263, 390, 2, 1, 3
25089, 1, 1636471186310, 1636471187101, 791, 399, 392, 1, 1, 2
25093, 1, 1636471186498, 1636471187153, 655, 262, 393, 1, 0, 1
25051, 2, 1636471184824, 1636471187190, 2366, 1, 2365, 1, 0, 1
25046, 2, 1636471184704, 1636471187191, 2487, 1, 2486, 2, 1, 3
25094, 1, 1636471186555, 1636471187217, 662, 268, 394, 0, 1, 1
25095, 1, 1636471186636, 1636471187305, 669, 267, 402, 1, 1, 2
25097, 1, 1636471186666, 1636471187324, 658, 267, 391, 1, 0, 1
25099, 1, 1636471186755, 1636471187408, 653, 266, 387, 0, 0, 0
25100, 1, 1636471186762, 1636471187421, 659, 266, 393, 0, 0, 0
25101, 1, 1636471186769, 1636471187433, 664, 271, 393, 0, 0, 0
25060, 2, 1636471185178, 1636471187442, 2264, 1, 2263, 1, 0, 1
25098, 1, 1636471186706, 1636471187448, 742, 350, 392, 0, 0, 0
25102, 1, 1636471186834, 1636471187493, 659, 262, 397, 0, 0, 0
25103, 1, 1636471186866, 1636471187521, 655, 262, 393, 0, 0, 0
25106, 1, 1636471186985, 1636471187657, 672, 265, 407, 0, 0, 0
25105, 1, 1636471186982, 1636471187657, 675, 270, 405, 0, 0, 0
25108, 1, 1636471187078, 1636471187733, 655, 262, 393, 0, 0, 0
25104, 1, 1636471186955, 1636471187772, 817, 418, 399, 0, 1, 1
25107, 1, 1636471187001, 1636471187801, 800, 398, 402, 0, 0, 0
25110, 1, 1636471187164, 1636471187817, 653, 262, 391, 0, 0, 0
25111, 1, 1636471187222, 1636471187877, 655, 264, 391, 0, 2, 2
25096, 1, 1636471186652, 1636471187924, 1272, 882, 390, 0, 0, 0
25112, 1, 1636471187277, 1636471187933, 656, 262, 394, 0, 0, 0
25113, 1, 1636471187281, 1636471187945, 664, 262, 402, 0, 0, 0
25114, 1, 1636471187307, 1636471187965, 658, 266, 392, 0, 0, 0
25115, 1, 1636471187333, 1636471187997, 664, 271, 393, 1, 0, 1
25109, 1, 1636471187102, 1636471188000, 898, 507, 391, 0, 1, 1
25117, 1, 1636471187428, 1636471188084, 656, 262, 394, 0, 0, 0
25118, 1, 1636471187435, 1636471188088, 653, 262, 391, 1, 1, 2
25120, 1, 1636471187500, 1636471188169, 669, 268, 401, 1, 0, 1
25119, 1, 1636471187450, 1636471188173, 723, 322, 401, 0, 0, 0
25122, 1, 1636471187531, 1636471188192, 661, 268, 393, 0, 1, 1
25121, 1, 1636471187529, 1636471188285, 756, 359, 397, 1, 0, 1
25124, 1, 1636471187659, 1636471188313, 654, 267, 387, 1, 2, 3
25116, 1, 1636471187421, 1636471188345, 924, 526, 398, 0, 0, 0
25125, 1, 1636471187745, 1636471188400, 655, 266, 389, 1, 0, 1
25126, 1, 1636471187774, 1636471188441, 667, 266, 401, 0, 1, 1
25128, 1, 1636471187830, 1636471188485, 655, 266, 389, 0, 0, 0
25127, 1, 1636471187802, 1636471188513, 711, 322, 389, 0, 0, 0
25123, 1, 1636471187658, 1636471188537, 879, 486, 393, 1, 0, 1
25129, 1, 1636471187887, 1636471188545, 658, 267, 391, 1, 1, 2
25130, 1, 1636471187926, 1636471188589, 663, 266, 397, 0, 0, 0
25131, 1, 1636471187934, 1636471188593, 659, 266, 393, 0, 0, 0
25133, 1, 1636471187973, 1636471188628, 655, 267, 388, 1, 1, 2
25135, 1, 1636471188001, 1636471188656, 655, 261, 394, 0, 0, 0
25134, 1, 1636471187999, 1636471188657, 658, 262, 396, 0, 1, 1
25136, 1, 1636471188094, 1636471188744, 650, 258, 392, 2, 0, 2
25137, 1, 1636471188102, 1636471188761, 659, 263, 396, 0, 0, 0
25139, 1, 1636471188174, 1636471188833, 659, 262, 397, 1, 0, 1
25138, 1, 1636471188170, 1636471188833, 663, 266, 397, 0, 0, 0
25140, 1, 1636471188198, 1636471188852, 654, 267, 387, 1, 1, 2
25132, 1, 1636471187946, 1636471188881, 935, 543, 392, 1, 1, 2
25141, 1, 1636471188287, 1636471188937, 650, 262, 388, 0, 0, 0
25142, 1, 1636471188324, 1636471188972, 648, 262, 386, 0, 0, 0
25143, 1, 1636471188346, 1636471189009, 663, 266, 397, 0, 0, 0
25146, 1, 1636471188496, 1636471189149, 653, 266, 387, 1, 0, 1
25147, 1, 1636471188514, 1636471189181, 667, 275, 392, 1, 0, 1
25148, 1, 1636471188538, 1636471189200, 662, 267, 395, 1, 1, 2
25149, 1, 1636471188554, 1636471189217, 663, 266, 397, 0, 1, 1
25145, 1, 1636471188442, 1636471189229, 787, 394, 393, 0, 0, 0
25152, 1, 1636471188639, 1636471189289, 650, 262, 388, 0, 0, 0
25144, 1, 1636471188411, 1636471189317, 906, 518, 388, 0, 0, 0
25153, 1, 1636471188664, 1636471189317, 653, 261, 392, 0, 0, 0
25154, 1, 1636471188668, 1636471189325, 657, 265, 392, 2, 1, 3
25155, 1, 1636471188761, 1636471189408, 647, 264, 383, 1, 1, 2
25156, 1, 1636471188769, 1636471189429, 660, 266, 394, 0, 0, 0
25157, 1, 1636471188836, 1636471189485, 649, 262, 387, 0, 0, 0
25158, 1, 1636471188840, 1636471189493, 653, 262, 391, 0, 0, 0
25160, 1, 1636471188882, 1636471189537, 655, 266, 389, 0, 0, 0
25161, 1, 1636471188953, 1636471189609, 656, 262, 394, 0, 1, 1
25162, 1, 1636471188991, 1636471189641, 650, 262, 388, 0, 1, 1
25159, 1, 1636471188864, 1636471189665, 801, 410, 391, 0, 1, 1
25163, 1, 1636471189011, 1636471189665, 654, 262, 392, 0, 1, 1
25164, 1, 1636471189162, 1636471189821, 659, 266, 393, 0, 0, 0
25165, 1, 1636471189182, 1636471189837, 655, 266, 389, 0, 0, 0
25167, 1, 1636471189220, 1636471189881, 661, 266, 395, 0, 0, 0
25168, 1, 1636471189230, 1636471189881, 651, 263, 388, 1, 1, 2
25166, 1, 1636471189205, 1636471189961, 756, 359, 397, 1, 0, 1
25171, 1, 1636471189331, 1636471189989, 658, 262, 396, 0, 0, 0
25172, 1, 1636471189334, 1636471189989, 655, 258, 397, 0, 0, 0
25170, 1, 1636471189318, 1636471189992, 674, 282, 392, 1, 1, 2
25174, 1, 1636471189435, 1636471190097, 662, 266, 396, 0, 0, 0
25176, 1, 1636471189506, 1636471190161, 655, 262, 393, 0, 0, 0
25175, 1, 1636471189502, 1636471190173, 671, 280, 391, 0, 0, 0
25177, 1, 1636471189547, 1636471190201, 654, 263, 391, 1, 0, 1
25178, 1, 1636471189619, 1636471190277, 658, 262, 396, 0, 0, 0
25179, 1, 1636471189656, 1636471190317, 661, 266, 395, 0, 0, 0
25181, 1, 1636471189678, 1636471190337, 659, 262, 397, 1, 0, 1
25182, 1, 1636471189828, 1636471190489, 661, 266, 395, 1, 0, 1
25183, 1, 1636471189848, 1636471190513, 665, 270, 395, 0, 0, 0
25184, 1, 1636471189886, 1636471190541, 655, 263, 392, 0, 0, 0
25185, 1, 1636471189896, 1636471190544, 648, 262, 386, 0, 0, 0
25186, 1, 1636471189963, 1636471190625, 662, 270, 392, 0, 0, 0
25188, 1, 1636471189997, 1636471190653, 656, 263, 393, 0, 0, 0
25189, 1, 1636471190000, 1636471190661, 661, 267, 394, 0, 0, 0
25180, 1, 1636471189666, 1636471190673, 1007, 602, 405, 0, 0, 0
25187, 1, 1636471189994, 1636471190693, 699, 306, 393, 0, 0, 0
25190, 1, 1636471190102, 1636471190765, 663, 266, 397, 0, 0, 0
25191, 1, 1636471190172, 1636471190832, 660, 267, 393, 2, 0, 2
25192, 1, 1636471190174, 1636471190833, 659, 267, 392, 1, 1, 2
25194, 1, 1636471190285, 1636471190941, 656, 262, 394, 0, 0, 0
25195, 1, 1636471190322, 1636471190977, 655, 262, 393, 0, 0, 0
25196, 1, 1636471190343, 1636471190997, 654, 262, 392, 0, 0, 0
25151, 2, 1636471188601, 1636471191103, 2502, 0, 2502, 0, 0, 0
25150, 2, 1636471188592, 1636471191103, 2511, 0, 2511, 0, 0, 0
25198, 1, 1636471190514, 1636471191169, 655, 262, 393, 0, 0, 0
25199, 1, 1636471190552, 1636471191204, 652, 263, 389, 1, 0, 1
25200, 1, 1636471190563, 1636471191217, 654, 263, 391, 0, 1, 1
25201, 1, 1636471190629, 1636471191285, 656, 261, 395, 0, 1, 1
25202, 1, 1636471190664, 1636471191317, 653, 262, 391, 0, 1, 1
25203, 1, 1636471190666, 1636471191320, 654, 268, 386, 1, 1, 2
25197, 1, 1636471190494, 1636471191324, 830, 439, 391, 1, 0, 1
25205, 1, 1636471190694, 1636471191345, 651, 266, 385, 0, 0, 0
25206, 1, 1636471190767, 1636471191424, 657, 262, 395, 0, 0, 0
25208, 1, 1636471190840, 1636471191505, 665, 275, 390, 4, 0, 4
25207, 1, 1636471190838, 1636471191505, 667, 275, 392, 2, 0, 2
25193, 1, 1636471190213, 1636471191580, 1367, 975, 392, 0, 1, 1
25210, 1, 1636471190988, 1636471191669, 681, 288, 393, 0, 2, 2
25211, 1, 1636471191009, 1636471191669, 660, 266, 394, 0, 1, 1
25204, 1, 1636471190674, 1636471191672, 998, 600, 398, 2, 2, 4
25173, 2, 1636471189428, 1636471191759, 2331, 0, 2331, 0, 0, 0
25169, 2, 1636471189305, 1636471191759, 2454, 0, 2454, 0, 0, 0
25213, 1, 1636471191189, 1636471191845, 656, 263, 393, 2, 1, 3
25214, 1, 1636471191189, 1636471191845, 656, 263, 393, 3, 0, 3
25212, 1, 1636471191181, 1636471191853, 672, 278, 394, 1, 0, 1
25215, 1, 1636471191218, 1636471191873, 655, 262, 393, 0, 0, 0
25216, 1, 1636471191229, 1636471191893, 664, 267, 397, 0, 1, 1
25209, 1, 1636471190952, 1636471191929, 977, 578, 399, 1, 1, 2
25217, 1, 1636471191295, 1636471191945, 650, 262, 388, 1, 0, 1
25218, 1, 1636471191326, 1636471191980, 654, 263, 391, 1, 1, 2
25219, 1, 1636471191330, 1636471191980, 650, 264, 386, 1, 0, 1
25220, 1, 1636471191333, 1636471191989, 656, 264, 392, 1, 0, 1
25221, 1, 1636471191360, 1636471192013, 653, 262, 391, 0, 0, 0
25224, 1, 1636471191506, 1636471192160, 654, 262, 392, 1, 0, 1
25223, 1, 1636471191506, 1636471192161, 655, 259, 396, 0, 0, 0
25225, 1, 1636471191582, 1636471192245, 663, 264, 399, 0, 2, 2
25226, 1, 1636471191670, 1636471192325, 655, 262, 393, 0, 0, 0
25227, 1, 1636471191674, 1636471192333, 659, 262, 397, 1, 0, 1
25222, 1, 1636471191434, 1636471192333, 899, 510, 389, 0, 0, 0
25228, 1, 1636471191675, 1636471192333, 658, 261, 397, 1, 0, 1
25232, 1, 1636471191847, 1636471192501, 654, 263, 391, 2, 0, 2
25233, 1, 1636471191854, 1636471192509, 655, 262, 393, 0, 1, 1
25229, 1, 1636471191845, 1636471192509, 664, 271, 393, 1, 1, 2
25231, 1, 1636471191847, 1636471192509, 662, 267, 395, 1, 1, 2
25234, 1, 1636471191884, 1636471192537, 653, 261, 392, 0, 0, 0
25235, 1, 1636471191895, 1636471192556, 661, 268, 393, 1, 1, 2
25236, 1, 1636471191930, 1636471192585, 655, 263, 392, 0, 1, 1
25238, 1, 1636471191992, 1636471192649, 657, 266, 391, 1, 1, 2
25239, 1, 1636471191995, 1636471192649, 654, 266, 388, 0, 0, 0
25240, 1, 1636471191999, 1636471192668, 669, 272, 397, 1, 1, 2
25241, 1, 1636471192025, 1636471192681, 656, 267, 389, 1, 1, 2
25230, 1, 1636471191846, 1636471192684, 838, 444, 394, 2, 2, 4
25243, 1, 1636471192172, 1636471192833, 661, 268, 393, 1, 1, 2
25242, 1, 1636471192172, 1636471192837, 665, 267, 398, 0, 0, 0
25244, 1, 1636471192248, 1636471192908, 660, 263, 397, 0, 1, 1
25237, 1, 1636471191961, 1636471192937, 976, 582, 394, 0, 0, 0
25245, 1, 1636471192334, 1636471192989, 655, 264, 391, 2, 1, 3
25246, 1, 1636471192336, 1636471192989, 653, 262, 391, 2, 0, 2
25248, 1, 1636471192342, 1636471192997, 655, 263, 392, 1, 2, 3
25247, 1, 1636471192340, 1636471193033, 693, 303, 390, 1, 1, 2
25249, 1, 1636471192510, 1636471193165, 655, 264, 391, 3, 1, 4
25251, 1, 1636471192513, 1636471193165, 652, 262, 390, 0, 2, 2
25250, 1, 1636471192513, 1636471193165, 652, 263, 389, 3, 2, 5
25252, 1, 1636471192520, 1636471193193, 673, 273, 400, 0, 0, 0
25253, 1, 1636471192550, 1636471193209, 659, 264, 395, 1, 0, 1
25254, 1, 1636471192562, 1636471193221, 659, 263, 396, 1, 0, 1
25255, 1, 1636471192598, 1636471193257, 659, 267, 392, 0, 0, 0
25256, 1, 1636471192658, 1636471193313, 655, 259, 396, 0, 0, 0
25257, 1, 1636471192662, 1636471193321, 659, 262, 397, 0, 1, 1
25258, 1, 1636471192670, 1636471193321, 651, 262, 389, 0, 1, 1
25260, 1, 1636471192691, 1636471193353, 662, 263, 399, 2, 0, 2
25259, 1, 1636471192686, 1636471193353, 667, 265, 402, 1, 0, 1
25261, 1, 1636471192838, 1636471193504, 666, 271, 395, 1, 0, 1
25262, 1, 1636471192838, 1636471193505, 667, 271, 396, 1, 0, 1
25263, 1, 1636471192914, 1636471193576, 662, 270, 392, 0, 0, 0
25264, 1, 1636471192938, 1636471193589, 651, 265, 386, 0, 0, 0
25265, 1, 1636471193001, 1636471193660, 659, 266, 393, 0, 2, 2
25266, 1, 1636471193003, 1636471193660, 657, 266, 391, 2, 1, 3
25267, 1, 1636471193007, 1636471193668, 661, 271, 390, 0, 1, 1
25268, 1, 1636471193034, 1636471193697, 663, 267, 396, 0, 2, 2
25269, 1, 1636471193177, 1636471193832, 655, 262, 393, 0, 0, 0
25270, 1, 1636471193178, 1636471193836, 658, 262, 396, 3, 0, 3
25272, 1, 1636471193194, 1636471193861, 667, 263, 404, 1, 1, 2
25273, 1, 1636471193216, 1636471193869, 653, 262, 391, 0, 0, 0
25274, 1, 1636471193227, 1636471193885, 658, 268, 390, 0, 2, 2
25275, 1, 1636471193264, 1636471193913, 649, 259, 390, 0, 1, 1
25271, 1, 1636471193180, 1636471193920, 740, 350, 390, 1, 2, 3
25277, 1, 1636471193328, 1636471193980, 652, 263, 389, 1, 0, 1
25278, 1, 1636471193335, 1636471193989, 654, 263, 391, 1, 0, 1
25280, 1, 1636471193357, 1636471194005, 648, 263, 385, 0, 2, 2
25279, 1, 1636471193355, 1636471194008, 653, 263, 390, 1, 1, 2
25281, 1, 1636471193506, 1636471194157, 651, 263, 388, 1, 1, 2
25282, 1, 1636471193506, 1636471194181, 675, 287, 388, 1, 0, 1
25276, 1, 1636471193324, 1636471194209, 885, 487, 398, 1, 0, 1
25283, 1, 1636471193580, 1636471194237, 657, 263, 394, 0, 2, 2
25284, 1, 1636471193605, 1636471194261, 656, 262, 394, 0, 0, 0
25285, 1, 1636471193667, 1636471194321, 654, 264, 390, 2, 2, 4
25286, 1, 1636471193669, 1636471194325, 656, 264, 392, 0, 2, 2
25287, 1, 1636471193674, 1636471194325, 651, 262, 389, 0, 0, 0
25288, 1, 1636471193700, 1636471194349, 649, 263, 386, 0, 0, 0
25289, 1, 1636471193843, 1636471194497, 654, 264, 390, 3, 2, 5
25290, 1, 1636471193844, 1636471194497, 653, 264, 389, 2, 3, 5
25291, 1, 1636471193862, 1636471194525, 663, 274, 389, 0, 0, 0
25292, 1, 1636471193882, 1636471194533, 651, 263, 388, 1, 0, 1
25293, 1, 1636471193894, 1636471194549, 655, 262, 393, 0, 0, 0
25294, 1, 1636471193922, 1636471194585, 663, 270, 393, 1, 1, 2
25295, 1, 1636471193931, 1636471194585, 654, 262, 392, 1, 1, 2
25296, 1, 1636471193993, 1636471194648, 655, 262, 393, 0, 0, 0
25299, 1, 1636471194024, 1636471194673, 649, 263, 386, 1, 1, 2
25298, 1, 1636471194020, 1636471194673, 653, 263, 390, 2, 2, 4
25297, 1, 1636471194002, 1636471194705, 703, 302, 401, 0, 0, 0
25300, 1, 1636471194172, 1636471194825, 653, 263, 390, 0, 0, 0
25301, 1, 1636471194182, 1636471194837, 655, 262, 393, 1, 0, 1
25302, 1, 1636471194210, 1636471194861, 651, 262, 389, 0, 0, 0
25303, 1, 1636471194246, 1636471194905, 659, 262, 397, 0, 1, 1
25304, 1, 1636471194272, 1636471194937, 665, 269, 396, 0, 0, 0
25307, 1, 1636471194339, 1636471194997, 658, 266, 392, 0, 0, 0
25305, 1, 1636471194334, 1636471194997, 663, 257, 406, 0, 0, 0
25306, 1, 1636471194334, 1636471194997, 663, 262, 401, 0, 0, 0
25308, 1, 1636471194366, 1636471195020, 654, 262, 392, 1, 0, 1
25310, 1, 1636471194510, 1636471195169, 659, 263, 396, 0, 3, 3
25309, 1, 1636471194508, 1636471195169, 661, 267, 394, 1, 1, 2
25311, 1, 1636471194528, 1636471195188, 660, 266, 394, 0, 1, 1
25312, 1, 1636471194548, 1636471195205, 657, 266, 391, 0, 0, 0
25313, 1, 1636471194561, 1636471195221, 660, 267, 393, 0, 0, 0
25314, 1, 1636471194588, 1636471195253, 665, 279, 386, 1, 2, 3
25316, 1, 1636471194660, 1636471195313, 653, 266, 387, 0, 1, 1
25318, 1, 1636471194690, 1636471195341, 651, 268, 383, 1, 1, 2
25317, 1, 1636471194686, 1636471195344, 658, 266, 392, 2, 1, 3
25319, 1, 1636471194706, 1636471195373, 667, 267, 400, 1, 0, 1
25320, 1, 1636471194838, 1636471195492, 654, 263, 391, 1, 0, 1
25321, 1, 1636471194848, 1636471195517, 669, 275, 394, 0, 0, 0
25322, 1, 1636471194876, 1636471195528, 652, 263, 389, 0, 0, 0
25323, 1, 1636471194913, 1636471195568, 655, 262, 393, 0, 0, 0
25324, 1, 1636471194938, 1636471195589, 651, 262, 389, 0, 0, 0
25315, 1, 1636471194598, 1636471195597, 999, 610, 389, 2, 0, 2
25326, 1, 1636471195001, 1636471195653, 652, 265, 387, 2, 2, 4
25325, 1, 1636471194999, 1636471195653, 654, 262, 392, 0, 0, 0
25327, 1, 1636471195005, 1636471195656, 651, 262, 389, 0, 0, 0
25328, 1, 1636471195032, 1636471195685, 653, 261, 392, 0, 0, 0
25330, 1, 1636471195177, 1636471195832, 655, 262, 393, 0, 1, 1
25331, 1, 1636471195194, 1636471195865, 671, 274, 397, 0, 0, 0
25332, 1, 1636471195214, 1636471195873, 659, 263, 396, 0, 1, 1
25333, 1, 1636471195228, 1636471195881, 653, 263, 390, 0, 2, 2
25334, 1, 1636471195254, 1636471195917, 663, 271, 392, 0, 0, 0
25335, 1, 1636471195326, 1636471195981, 655, 262, 393, 0, 0, 0
25336, 1, 1636471195353, 1636471196008, 655, 266, 389, 0, 0, 0
25329, 1, 1636471195174, 1636471196008, 834, 434, 400, 1, 0, 1
25339, 1, 1636471195504, 1636471196152, 648, 263, 385, 0, 1, 1
25340, 1, 1636471195518, 1636471196180, 662, 266, 396, 0, 0, 0
25341, 1, 1636471195542, 1636471196205, 663, 263, 400, 0, 0, 0
25337, 1, 1636471195356, 1636471196209, 853, 466, 387, 1, 0, 1
25342, 1, 1636471195578, 1636471196229, 651, 266, 385, 1, 0, 1
25343, 1, 1636471195598, 1636471196253, 655, 263, 392, 0, 1, 1
25338, 1, 1636471195374, 1636471196261, 887, 497, 390, 0, 0, 0
25345, 1, 1636471195665, 1636471196317, 652, 262, 390, 1, 0, 1
25346, 1, 1636471195666, 1636471196317, 651, 264, 387, 0, 0, 0
25347, 1, 1636471195671, 1636471196325, 654, 267, 387, 1, 1, 2
25348, 1, 1636471195697, 1636471196357, 660, 268, 392, 0, 0, 0
25349, 1, 1636471195844, 1636471196493, 649, 262, 387, 1, 1, 2
25351, 1, 1636471195880, 1636471196528, 648, 263, 385, 1, 0, 1
25350, 1, 1636471195866, 1636471196528, 662, 270, 392, 0, 0, 0
25352, 1, 1636471195894, 1636471196549, 655, 262, 393, 0, 0, 0
25353, 1, 1636471195920, 1636471196573, 653, 267, 386, 0, 1, 1
25344, 1, 1636471195605, 1636471196601, 996, 602, 394, 0, 0, 0
25354, 1, 1636471195992, 1636471196648, 656, 262, 394, 0, 0, 0
25355, 1, 1636471196010, 1636471196664, 654, 262, 392, 0, 0, 0
25357, 1, 1636471196170, 1636471196821, 651, 258, 393, 0, 1, 1
25358, 1, 1636471196184, 1636471196832, 648, 262, 386, 0, 0, 0
25360, 1, 1636471196210, 1636471196857, 647, 262, 385, 1, 1, 2
25359, 1, 1636471196208, 1636471196861, 653, 267, 386, 3, 0, 3
25361, 1, 1636471196244, 1636471196905, 661, 266, 395, 0, 1, 1
25363, 1, 1636471196265, 1636471196921, 656, 262, 394, 0, 0, 0
25362, 1, 1636471196262, 1636471196921, 659, 262, 397, 0, 0, 0
25356, 1, 1636471196019, 1636471196945, 926, 538, 388, 1, 1, 2
25364, 1, 1636471196331, 1636471196981, 650, 263, 387, 0, 1, 1
25365, 1, 1636471196333, 1636471196985, 652, 262, 390, 0, 0, 0
25366, 1, 1636471196338, 1636471196993, 655, 267, 388, 0, 0, 0
25367, 1, 1636471196364, 1636471197017, 653, 262, 391, 0, 2, 2
25368, 1, 1636471196511, 1636471197169, 658, 262, 396, 0, 1, 1
25369, 1, 1636471196533, 1636471197185, 652, 262, 390, 0, 1, 1
25370, 1, 1636471196546, 1636471197205, 659, 266, 393, 0, 0, 0
25371, 1, 1636471196560, 1636471197216, 656, 263, 393, 0, 1, 1
25372, 1, 1636471196587, 1636471197248, 661, 274, 387, 0, 0, 0
25373, 1, 1636471196602, 1636471197253, 651, 262, 389, 0, 0, 0
25374, 1, 1636471196658, 1636471197308, 650, 262, 388, 0, 0, 0
25375, 1, 1636471196676, 1636471197325, 649, 263, 386, 1, 1, 2
25376, 1, 1636471196836, 1636471197485, 649, 262, 387, 0, 0, 0
25377, 1, 1636471196850, 1636471197505, 655, 264, 391, 1, 0, 1
25378, 1, 1636471196874, 1636471197529, 655, 264, 391, 1, 0, 1
25379, 1, 1636471196877, 1636471197533, 656, 268, 388, 0, 1, 1
25380, 1, 1636471196910, 1636471197561, 651, 262, 389, 0, 0, 0
25382, 1, 1636471196932, 1636471197589, 657, 262, 395, 0, 0, 0
25383, 1, 1636471196946, 1636471197613, 667, 266, 401, 1, 0, 1
25385, 1, 1636471196998, 1636471197652, 654, 263, 391, 0, 0, 0
25384, 1, 1636471196998, 1636471197652, 654, 262, 392, 0, 0, 0
25386, 1, 1636471197003, 1636471197661, 658, 262, 396, 0, 0, 0
25381, 1, 1636471196927, 1636471197661, 734, 342, 392, 0, 0, 0
25387, 1, 1636471197030, 1636471197681, 651, 262, 389, 0, 0, 0
25388, 1, 1636471197177, 1636471197836, 659, 261, 398, 2, 0, 2
25389, 1, 1636471197199, 1636471197857, 658, 262, 396, 0, 0, 0
25390, 1, 1636471197212, 1636471197881, 669, 279, 390, 2, 0, 2
25391, 1, 1636471197227, 1636471197881, 654, 262, 392, 0, 0, 0
25392, 1, 1636471197253, 1636471197913, 660, 263, 397, 3, 0, 3
25393, 1, 1636471197268, 1636471197916, 648, 262, 386, 1, 0, 1
25394, 1, 1636471197324, 1636471197976, 652, 266, 386, 0, 0, 0
25395, 1, 1636471197343, 1636471198001, 658, 266, 392, 1, 0, 1
25396, 1, 1636471197502, 1636471198152, 650, 264, 386, 2, 0, 2
25397, 1, 1636471197516, 1636471198168, 652, 266, 386, 0, 0, 0
25398, 1, 1636471197540, 1636471198197, 657, 262, 395, 0, 0, 0
25399, 1, 1636471197543, 1636471198197, 654, 262, 392, 1, 0, 1
25400, 1, 1636471197576, 1636471198229, 653, 262, 391, 0, 2, 2
25401, 1, 1636471197599, 1636471198253, 654, 262, 392, 0, 0, 0
25402, 1, 1636471197614, 1636471198273, 659, 265, 394, 1, 1, 2
25405, 1, 1636471197664, 1636471198316, 652, 262, 390, 1, 1, 2
25404, 1, 1636471197664, 1636471198316, 652, 263, 389, 1, 1, 2
25406, 1, 1636471197669, 1636471198325, 656, 262, 394, 0, 0, 0
25407, 1, 1636471197696, 1636471198353, 657, 262, 395, 0, 0, 0
25408, 1, 1636471197843, 1636471198497, 654, 262, 392, 0, 0, 0
25409, 1, 1636471197865, 1636471198521, 656, 266, 390, 0, 0, 0
25410, 1, 1636471197882, 1636471198537, 655, 267, 388, 1, 0, 1
25403, 1, 1636471197662, 1636471198549, 887, 496, 391, 1, 1, 2
25411, 1, 1636471197892, 1636471198549, 657, 266, 391, 0, 0, 0
25412, 1, 1636471197919, 1636471198573, 654, 262, 392, 0, 0, 0
25413, 1, 1636471197935, 1636471198597, 662, 278, 384, 0, 0, 0
25414, 1, 1636471197990, 1636471198649, 659, 266, 393, 0, 1, 1
25415, 1, 1636471198009, 1636471198669, 660, 262, 398, 0, 0, 0
25416, 1, 1636471198168, 1636471198816, 648, 262, 386, 0, 0, 0
25417, 1, 1636471198182, 1636471198837, 655, 262, 393, 0, 0, 0
25419, 1, 1636471198209, 1636471198893, 684, 298, 386, 1, 1, 2
25420, 1, 1636471198242, 1636471198897, 655, 265, 390, 1, 1, 2
25421, 1, 1636471198265, 1636471198925, 660, 267, 393, 0, 0, 0
25422, 1, 1636471198280, 1636471198929, 649, 262, 387, 1, 0, 1
25424, 1, 1636471198331, 1636471198977, 646, 262, 384, 1, 0, 1
25425, 1, 1636471198335, 1636471198985, 650, 262, 388, 1, 0, 1
25423, 1, 1636471198330, 1636471198988, 658, 261, 397, 0, 0, 0
25426, 1, 1636471198361, 1636471199021, 660, 262, 398, 0, 0, 0
25429, 1, 1636471198548, 1636471199205, 657, 263, 394, 0, 1, 1
25430, 1, 1636471198550, 1636471199209, 659, 264, 395, 1, 0, 1
25431, 1, 1636471198559, 1636471199213, 654, 262, 392, 0, 0, 0
25418, 1, 1636471198206, 1636471199241, 1035, 643, 392, 2, 0, 2
25433, 1, 1636471198602, 1636471199252, 650, 262, 388, 0, 0, 0
25427, 1, 1636471198508, 1636471199285, 777, 378, 399, 0, 1, 1
25434, 1, 1636471198655, 1636471199309, 654, 266, 388, 0, 0, 0
25435, 1, 1636471198675, 1636471199333, 658, 266, 392, 1, 0, 1
25436, 1, 1636471198834, 1636471199493, 659, 262, 397, 0, 0, 0
25438, 1, 1636471198894, 1636471199549, 655, 266, 389, 1, 0, 1
25439, 1, 1636471198908, 1636471199569, 661, 267, 394, 0, 0, 0
25440, 1, 1636471198932, 1636471199593, 661, 266, 395, 0, 0, 0
25443, 1, 1636471198997, 1636471199657, 660, 266, 394, 0, 1, 1
25444, 1, 1636471199001, 1636471199660, 659, 266, 393, 0, 0, 0
25442, 1, 1636471198997, 1636471199660, 663, 274, 389, 0, 0, 0
25445, 1, 1636471199027, 1636471199684, 657, 267, 390, 1, 1, 2
25437, 1, 1636471198848, 1636471199841, 993, 603, 390, 2, 0, 2
25447, 1, 1636471199216, 1636471199865, 649, 263, 386, 0, 1, 1
25446, 1, 1636471199214, 1636471199877, 663, 266, 397, 0, 0, 0
25448, 1, 1636471199225, 1636471199889, 664, 262, 402, 0, 0, 0
25441, 1, 1636471198946, 1636471199901, 955, 558, 397, 0, 0, 0
25449, 1, 1636471199242, 1636471199913, 671, 280, 391, 2, 0, 2
25450, 1, 1636471199268, 1636471199945, 677, 282, 395, 0, 0, 0
25451, 1, 1636471199286, 1636471199945, 659, 262, 397, 0, 0, 0
25452, 1, 1636471199322, 1636471199972, 650, 262, 388, 0, 0, 0
25453, 1, 1636471199341, 1636471199993, 652, 263, 389, 0, 1, 1
25454, 1, 1636471199500, 1636471200161, 661, 266, 395, 0, 0, 0
25455, 1, 1636471199560, 1636471200208, 648, 263, 385, 0, 0, 0
25456, 1, 1636471199574, 1636471200225, 651, 263, 388, 0, 1, 1
25457, 1, 1636471199598, 1636471200253, 655, 262, 393, 0, 0, 0
25458, 1, 1636471199662, 1636471200320, 658, 262, 396, 1, 0, 1
25459, 1, 1636471199663, 1636471200320, 657, 262, 395, 0, 0, 0
25460, 1, 1636471199668, 1636471200328, 660, 266, 394, 0, 0, 0
25461, 1, 1636471199694, 1636471200349, 655, 262, 393, 0, 0, 0
25462, 1, 1636471199842, 1636471200505, 663, 266, 397, 0, 0, 0
25464, 1, 1636471199883, 1636471200540, 657, 267, 390, 0, 0, 0
25463, 1, 1636471199880, 1636471200541, 661, 262, 399, 0, 0, 0
25465, 1, 1636471199892, 1636471200552, 660, 266, 394, 0, 0, 0
25466, 1, 1636471199902, 1636471200561, 659, 262, 397, 1, 0, 1
25467, 1, 1636471199914, 1636471200568, 654, 263, 391, 0, 0, 0
25469, 1, 1636471199952, 1636471200613, 661, 267, 394, 0, 1, 1
25468, 1, 1636471199946, 1636471200617, 671, 269, 402, 0, 2, 2
25470, 1, 1636471199988, 1636471200649, 661, 266, 395, 0, 0, 0
25471, 1, 1636471200008, 1636471200665, 657, 266, 391, 0, 0, 0
25472, 1, 1636471200166, 1636471200816, 650, 263, 387, 0, 1, 1
25473, 1, 1636471200226, 1636471200880, 654, 266, 388, 0, 0, 0
25428, 2, 1636471198531, 1636471200898, 2367, 0, 2367, 0, 0, 0
25432, 2, 1636471198585, 1636471200898, 2313, 0, 2313, 0, 0, 0
25475, 1, 1636471200263, 1636471200912, 649, 263, 386, 0, 1, 1
25474, 1, 1636471200240, 1636471200960, 720, 327, 393, 1, 1, 2
25476, 1, 1636471200328, 1636471200984, 656, 265, 391, 1, 0, 1
25477, 1, 1636471200329, 1636471200984, 655, 266, 389, 3, 0, 3
25478, 1, 1636471200335, 1636471200984, 649, 263, 386, 0, 2, 2
25479, 1, 1636471200359, 1636471201020, 661, 271, 390, 1, 2, 3
25480, 1, 1636471200508, 1636471201164, 656, 266, 390, 1, 1, 2
25481, 1, 1636471200546, 1636471201197, 651, 262, 389, 0, 0, 0
25482, 1, 1636471200549, 1636471201205, 656, 262, 394, 1, 0, 1
25484, 1, 1636471200568, 1636471201224, 656, 262, 394, 0, 1, 1
25483, 1, 1636471200558, 1636471201225, 667, 266, 401, 0, 1, 1
25485, 1, 1636471200580, 1636471201228, 648, 263, 385, 1, 0, 1
25486, 1, 1636471200618, 1636471201261, 643, 254, 389, 0, 1, 1
25488, 1, 1636471200654, 1636471201309, 655, 255, 400, 0, 0, 0
25489, 1, 1636471200674, 1636471201316, 642, 255, 387, 0, 0, 0
25490, 1, 1636471200831, 1636471201485, 654, 264, 390, 0, 0, 0
25491, 1, 1636471200892, 1636471201545, 653, 262, 391, 0, 0, 0
25487, 1, 1636471200619, 1636471201545, 926, 535, 391, 0, 0, 0
25492, 1, 1636471200930, 1636471201601, 671, 274, 397, 0, 0, 0
25494, 1, 1636471200985, 1636471201644, 659, 266, 393, 1, 0, 1
25496, 1, 1636471200994, 1636471201644, 650, 263, 387, 2, 0, 2
25495, 1, 1636471200985, 1636471201648, 663, 262, 401, 1, 1, 2
25497, 1, 1636471200995, 1636471201649, 654, 262, 392, 1, 0, 1
25499, 1, 1636471201026, 1636471201685, 659, 267, 392, 0, 0, 0
25500, 1, 1636471201174, 1636471201832, 658, 272, 386, 1, 0, 1
25502, 1, 1636471201215, 1636471201865, 650, 262, 388, 0, 0, 0
25501, 1, 1636471201212, 1636471201873, 661, 266, 395, 0, 0, 0
25503, 1, 1636471201226, 1636471201880, 654, 262, 392, 0, 0, 0
25504, 1, 1636471201235, 1636471201888, 653, 267, 386, 1, 0, 1
25493, 1, 1636471200961, 1636471201900, 939, 542, 397, 0, 1, 1
25505, 1, 1636471201246, 1636471201909, 663, 262, 401, 0, 1, 1
25506, 1, 1636471201284, 1636471201957, 673, 270, 403, 0, 0, 0
25498, 1, 1636471201000, 1636471201997, 997, 601, 396, 0, 1, 1
25508, 1, 1636471201341, 1636471201997, 656, 263, 393, 1, 2, 3
25509, 1, 1636471201498, 1636471202157, 659, 266, 393, 0, 0, 0
25510, 1, 1636471201546, 1636471202205, 659, 262, 397, 0, 0, 0
25507, 1, 1636471201320, 1636471202221, 901, 514, 387, 1, 0, 1
25512, 1, 1636471201602, 1636471202261, 659, 269, 390, 1, 1, 2
25514, 1, 1636471201650, 1636471202309, 659, 262, 397, 0, 1, 1
25515, 1, 1636471201660, 1636471202309, 649, 262, 387, 1, 0, 1
25516, 1, 1636471201660, 1636471202312, 652, 262, 390, 2, 0, 2
25513, 1, 1636471201646, 1636471202313, 667, 267, 400, 2, 0, 2
25511, 1, 1636471201558, 1636471202341, 783, 399, 384, 2, 2, 4
25518, 1, 1636471201840, 1636471202501, 661, 267, 394, 1, 0, 1
25517, 1, 1636471201691, 1636471202513, 822, 423, 399, 1, 0, 1
25519, 1, 1636471201878, 1636471202537, 659, 264, 395, 0, 0, 0
25520, 1, 1636471201882, 1636471202545, 663, 267, 396, 0, 0, 0
25521, 1, 1636471201893, 1636471202548, 655, 262, 393, 0, 1, 1
25522, 1, 1636471201901, 1636471202552, 651, 262, 389, 0, 0, 0
25523, 1, 1636471201902, 1636471202565, 663, 266, 397, 0, 0, 0
25524, 1, 1636471201912, 1636471202568, 656, 268, 388, 2, 1, 3
25525, 1, 1636471201958, 1636471202613, 655, 263, 392, 0, 0, 0
25526, 1, 1636471201998, 1636471202661, 663, 263, 400, 3, 0, 3
25527, 1, 1636471202006, 1636471202661, 655, 264, 391, 2, 2, 4
25528, 1, 1636471202164, 1636471202821, 657, 266, 391, 0, 0, 0
25529, 1, 1636471202213, 1636471202869, 656, 266, 390, 0, 0, 0
25530, 1, 1636471202223, 1636471202881, 658, 267, 391, 1, 1, 2
25531, 1, 1636471202269, 1636471202921, 652, 263, 389, 1, 0, 1
25532, 1, 1636471202314, 1636471202973, 659, 262, 397, 1, 0, 1
25533, 1, 1636471202316, 1636471202976, 660, 263, 397, 1, 1, 2
25535, 1, 1636471202327, 1636471202984, 657, 257, 400, 0, 0, 0
25534, 1, 1636471202326, 1636471202985, 659, 262, 397, 1, 0, 1
25536, 1, 1636471202342, 1636471203013, 671, 262, 409, 0, 0, 0
25538, 1, 1636471202514, 1636471203173, 659, 266, 393, 0, 0, 0
25540, 1, 1636471202548, 1636471203197, 649, 263, 386, 0, 0, 0
25539, 1, 1636471202544, 1636471203197, 653, 267, 386, 0, 0, 0
25541, 1, 1636471202559, 1636471203217, 658, 267, 391, 0, 1, 1
25542, 1, 1636471202568, 1636471203225, 657, 267, 390, 0, 1, 1
25544, 1, 1636471202578, 1636471203233, 655, 266, 389, 0, 0, 0
25543, 1, 1636471202568, 1636471203233, 665, 274, 391, 0, 1, 1
25537, 1, 1636471202506, 1636471203269, 763, 366, 397, 0, 0, 0
25546, 1, 1636471202664, 1636471203321, 657, 266, 391, 0, 0, 0
25547, 1, 1636471202672, 1636471203324, 652, 266, 386, 1, 0, 1
25548, 1, 1636471202830, 1636471203489, 659, 267, 392, 1, 0, 1
25550, 1, 1636471202888, 1636471203545, 657, 266, 391, 0, 0, 0
25549, 1, 1636471202879, 1636471203581, 702, 312, 390, 2, 1, 3
25551, 1, 1636471202935, 1636471203584, 649, 262, 387, 0, 0, 0
25545, 1, 1636471202624, 1636471203617, 993, 599, 394, 0, 1, 1
25554, 1, 1636471202992, 1636471203641, 649, 262, 387, 0, 0, 0
25552, 1, 1636471202981, 1636471203641, 660, 267, 393, 1, 0, 1
25553, 1, 1636471202982, 1636471203641, 659, 263, 396, 0, 1, 1
25555, 1, 1636471202993, 1636471203657, 664, 262, 402, 0, 0, 0
25556, 1, 1636471203014, 1636471203668, 654, 262, 392, 1, 1, 2
25557, 1, 1636471203180, 1636471203829, 649, 262, 387, 0, 0, 0
25559, 1, 1636471203215, 1636471203868, 653, 262, 391, 0, 0, 0
25560, 1, 1636471203225, 1636471203877, 652, 262, 390, 1, 1, 2
25561, 1, 1636471203234, 1636471203889, 655, 263, 392, 1, 2, 3
25558, 1, 1636471203210, 1636471203889, 679, 291, 388, 0, 0, 0
25563, 1, 1636471203244, 1636471203900, 656, 263, 393, 0, 1, 1
25562, 1, 1636471203235, 1636471203929, 694, 298, 396, 2, 0, 2
25564, 1, 1636471203270, 1636471203961, 691, 304, 387, 1, 1, 2
25565, 1, 1636471203330, 1636471203985, 655, 266, 389, 1, 0, 1
25566, 1, 1636471203339, 1636471203988, 649, 257, 392, 0, 0, 0
25567, 1, 1636471203496, 1636471204153, 657, 266, 391, 0, 1, 1
25568, 1, 1636471203554, 1636471204212, 658, 264, 394, 2, 1, 3
25569, 1, 1636471203582, 1636471204237, 655, 262, 393, 0, 0, 0
25570, 1, 1636471203601, 1636471204257, 656, 262, 394, 0, 0, 0
25571, 1, 1636471203618, 1636471204280, 662, 262, 400, 0, 0, 0
25572, 1, 1636471203647, 1636471204309, 662, 272, 390, 0, 1, 1
25573, 1, 1636471203649, 1636471204309, 660, 266, 394, 0, 0, 0
25575, 1, 1636471203659, 1636471204313, 654, 267, 387, 1, 0, 1
25576, 1, 1636471203680, 1636471204332, 652, 267, 385, 0, 1, 1
25577, 1, 1636471203846, 1636471204501, 655, 263, 392, 1, 0, 1
25578, 1, 1636471203881, 1636471204532, 651, 264, 387, 1, 0, 1
25579, 1, 1636471203890, 1636471204545, 655, 264, 391, 0, 1, 1
25581, 1, 1636471203901, 1636471204557, 656, 267, 389, 0, 1, 1
25574, 1, 1636471203659, 1636471204557, 898, 514, 384, 0, 0, 0
25582, 1, 1636471203911, 1636471204565, 654, 266, 388, 0, 0, 0
25580, 1, 1636471203891, 1636471204585, 694, 304, 390, 1, 0, 1
25584, 1, 1636471203962, 1636471204657, 695, 300, 395, 1, 1, 2
25586, 1, 1636471204005, 1636471204657, 652, 262, 390, 1, 0, 1
25585, 1, 1636471203997, 1636471204885, 888, 494, 394, 0, 0, 0
25588, 1, 1636471204221, 1636471204885, 664, 267, 397, 1, 2, 3
25589, 1, 1636471204249, 1636471204905, 656, 262, 394, 0, 0, 0
25590, 1, 1636471204267, 1636471204929, 662, 263, 399, 1, 0, 1
25583, 1, 1636471203930, 1636471204929, 999, 610, 389, 0, 0, 0
25591, 1, 1636471204285, 1636471204941, 656, 267, 389, 2, 0, 2
25593, 1, 1636471204315, 1636471204965, 650, 262, 388, 0, 0, 0
25592, 1, 1636471204313, 1636471204969, 656, 263, 393, 1, 0, 1
25587, 1, 1636471204162, 1636471205005, 843, 450, 393, 0, 0, 0
25595, 1, 1636471204347, 1636471205005, 658, 263, 395, 0, 0, 0
25596, 1, 1636471204512, 1636471205173, 661, 262, 399, 1, 0, 1
25597, 1, 1636471204546, 1636471205217, 671, 272, 399, 2, 0, 2
25598, 1, 1636471204556, 1636471205217, 661, 271, 390, 1, 0, 1
25599, 1, 1636471204558, 1636471205237, 679, 286, 393, 0, 0, 0
25601, 1, 1636471204577, 1636471205241, 664, 262, 402, 0, 0, 0
25602, 1, 1636471204586, 1636471205245, 659, 262, 397, 0, 0, 0
25600, 1, 1636471204568, 1636471205297, 729, 334, 395, 0, 0, 0
25594, 1, 1636471204325, 1636471205317, 992, 599, 393, 1, 0, 1
25603, 1, 1636471204658, 1636471205325, 667, 270, 397, 0, 0, 0
25604, 1, 1636471204670, 1636471205336, 666, 268, 398, 0, 2, 2
25606, 1, 1636471204887, 1636471205549, 662, 267, 395, 2, 0, 2
25605, 1, 1636471204886, 1636471205549, 663, 270, 393, 2, 0, 2
25607, 1, 1636471204915, 1636471205573, 658, 263, 395, 0, 0, 0
25608, 1, 1636471204931, 1636471205601, 670, 270, 400, 0, 1, 1
25610, 1, 1636471204951, 1636471205601, 650, 267, 383, 0, 1, 1
25609, 1, 1636471204933, 1636471205601, 668, 262, 406, 1, 0, 1
25612, 1, 1636471204981, 1636471205637, 656, 263, 393, 0, 0, 0
25614, 1, 1636471205013, 1636471205665, 652, 266, 386, 0, 0, 0
25613, 1, 1636471205006, 1636471205676, 670, 278, 392, 0, 0, 0
25615, 1, 1636471205178, 1636471205832, 654, 263, 391, 2, 0, 2
25616, 1, 1636471205218, 1636471205865, 647, 264, 383, 3, 1, 4
25617, 1, 1636471205222, 1636471205881, 659, 262, 397, 0, 0, 0
25618, 1, 1636471205238, 1636471205897, 659, 266, 393, 0, 0, 0
25619, 1, 1636471205243, 1636471205905, 662, 266, 396, 0, 1, 1
25620, 1, 1636471205253, 1636471205917, 664, 267, 397, 1, 0, 1
25611, 1, 1636471204979, 1636471205953, 974, 578, 396, 0, 0, 0
25622, 1, 1636471205318, 1636471205976, 658, 262, 396, 0, 0, 0
25623, 1, 1636471205326, 1636471205988, 662, 262, 400, 0, 0, 0
25624, 1, 1636471205337, 1636471205993, 656, 267, 389, 0, 0, 0
25625, 1, 1636471205552, 1636471206212, 660, 267, 393, 1, 1, 2
25629, 1, 1636471205603, 1636471206257, 654, 261, 393, 0, 0, 0
25628, 1, 1636471205602, 1636471206261, 659, 270, 389, 1, 0, 1
25630, 1, 1636471205617, 1636471206277, 660, 266, 394, 0, 0, 0
25631, 1, 1636471205647, 1636471206296, 649, 264, 385, 1, 1, 2
25621, 1, 1636471205298, 1636471206296, 998, 611, 387, 2, 1, 3
25626, 1, 1636471205553, 1636471206329, 776, 373, 403, 0, 0, 0
25632, 1, 1636471205678, 1636471206329, 651, 263, 388, 1, 0, 1
25633, 1, 1636471205679, 1636471206333, 654, 267, 387, 2, 0, 2
25627, 1, 1636471205582, 1636471206337, 755, 366, 389, 1, 0, 1
25634, 1, 1636471205844, 1636471206505, 661, 267, 394, 1, 1, 2
25636, 1, 1636471205888, 1636471206536, 648, 260, 388, 1, 1, 2
25635, 1, 1636471205885, 1636471206545, 660, 267, 393, 1, 0, 1
25638, 1, 1636471205909, 1636471206569, 660, 268, 392, 2, 0, 2
25639, 1, 1636471205919, 1636471206577, 658, 266, 392, 0, 0, 0
25640, 1, 1636471205954, 1636471206609, 655, 263, 392, 1, 0, 1
25641, 1, 1636471205985, 1636471206636, 651, 263, 388, 1, 0, 1
25643, 1, 1636471206004, 1636471206661, 657, 263, 394, 0, 0, 0
25637, 1, 1636471205904, 1636471206673, 769, 383, 386, 1, 0, 1
25642, 1, 1636471205993, 1636471206676, 683, 295, 388, 0, 1, 1
25644, 1, 1636471206219, 1636471206869, 650, 262, 388, 0, 0, 0
25645, 1, 1636471206268, 1636471206921, 653, 262, 391, 0, 0, 0
25646, 1, 1636471206269, 1636471206925, 656, 262, 394, 0, 1, 1
25647, 1, 1636471206283, 1636471206929, 646, 262, 384, 0, 0, 0
25648, 1, 1636471206298, 1636471206957, 659, 261, 398, 0, 0, 0
25649, 1, 1636471206314, 1636471206969, 655, 263, 392, 0, 1, 1
25650, 1, 1636471206330, 1636471206981, 651, 262, 389, 0, 2, 2
25651, 1, 1636471206338, 1636471206997, 659, 263, 396, 0, 1, 1
25653, 1, 1636471206345, 1636471206997, 652, 263, 389, 0, 1, 1
25652, 1, 1636471206344, 1636471206997, 653, 264, 389, 1, 0, 1
25654, 1, 1636471206510, 1636471207165, 655, 262, 393, 1, 0, 1
25656, 1, 1636471206554, 1636471207205, 651, 261, 390, 1, 1, 2
25657, 1, 1636471206575, 1636471207229, 654, 262, 392, 1, 0, 1
25658, 1, 1636471206585, 1636471207244, 659, 263, 396, 0, 0, 0
25659, 1, 1636471206621, 1636471207273, 652, 263, 389, 0, 0, 0
25660, 1, 1636471206651, 1636471207305, 654, 262, 392, 0, 0, 0
25655, 1, 1636471206551, 1636471207317, 766, 380, 386, 1, 0, 1
25661, 1, 1636471206670, 1636471207324, 654, 268, 386, 1, 0, 1
25662, 1, 1636471206674, 1636471207329, 655, 268, 387, 0, 2, 2
25663, 1, 1636471206678, 1636471207336, 658, 267, 391, 1, 0, 1
25665, 1, 1636471206934, 1636471207584, 650, 264, 386, 1, 1, 2
25666, 1, 1636471206935, 1636471207589, 654, 267, 387, 0, 1, 1
25667, 1, 1636471206950, 1636471207609, 659, 266, 393, 0, 0, 0
25668, 1, 1636471206964, 1636471207621, 657, 261, 396, 0, 0, 0
25669, 1, 1636471206980, 1636471207641, 661, 263, 398, 0, 0, 0
25670, 1, 1636471206996, 1636471207649, 653, 262, 391, 0, 0, 0
25671, 1, 1636471207004, 1636471207657, 653, 263, 390, 1, 1, 2
25673, 1, 1636471207011, 1636471207665, 654, 264, 390, 1, 2, 3
25664, 1, 1636471206885, 1636471207665, 780, 386, 394, 0, 1, 1
25672, 1, 1636471207010, 1636471207665, 655, 263, 392, 0, 1, 1
25674, 1, 1636471207176, 1636471207828, 652, 261, 391, 0, 0, 0
25675, 1, 1636471207220, 1636471207873, 653, 263, 390, 1, 0, 1
25676, 1, 1636471207241, 1636471207901, 660, 263, 397, 1, 0, 1
25678, 1, 1636471207287, 1636471207941, 654, 262, 392, 0, 0, 0
25680, 1, 1636471207318, 1636471207981, 663, 267, 396, 0, 1, 1
25679, 1, 1636471207317, 1636471207981, 664, 268, 396, 1, 0, 1
25683, 1, 1636471207343, 1636471207996, 653, 262, 391, 0, 0, 0
25682, 1, 1636471207341, 1636471207997, 656, 266, 390, 0, 1, 1
25681, 1, 1636471207337, 1636471208008, 671, 286, 385, 0, 0, 0
25677, 1, 1636471207252, 1636471208173, 921, 537, 384, 0, 1, 1
25684, 1, 1636471207601, 1636471208257, 656, 264, 392, 3, 0, 3
25685, 1, 1636471207602, 1636471208265, 663, 265, 398, 1, 1, 2
25687, 1, 1636471207630, 1636471208293, 663, 266, 397, 1, 0, 1
25686, 1, 1636471207617, 1636471208293, 676, 282, 394, 0, 0, 0
25688, 1, 1636471207647, 1636471208305, 658, 263, 395, 1, 0, 1
25689, 1, 1636471207663, 1636471208317, 654, 264, 390, 4, 1, 5
25690, 1, 1636471207666, 1636471208329, 663, 271, 392, 2, 0, 2
25693, 1, 1636471207677, 1636471208341, 664, 267, 397, 1, 1, 2
25691, 1, 1636471207670, 1636471208341, 671, 266, 405, 0, 1, 1
25694, 1, 1636471207842, 1636471208497, 655, 266, 389, 1, 0, 1
25695, 1, 1636471207886, 1636471208545, 659, 263, 396, 0, 1, 1
25696, 1, 1636471207907, 1636471208561, 654, 267, 387, 0, 1, 1
25697, 1, 1636471207953, 1636471208613, 660, 266, 394, 0, 0, 0
25692, 1, 1636471207677, 1636471208645, 968, 576, 392, 2, 2, 4
25698, 1, 1636471207982, 1636471208649, 667, 271, 396, 1, 1, 2
25699, 1, 1636471207985, 1636471208649, 664, 267, 397, 0, 1, 1
25700, 1, 1636471208006, 1636471208661, 655, 270, 385, 0, 1, 1
25702, 1, 1636471208010, 1636471208664, 654, 267, 387, 2, 0, 2
25701, 1, 1636471208009, 1636471208664, 655, 268, 387, 3, 0, 3
25703, 1, 1636471208174, 1636471208825, 651, 263, 388, 1, 1, 2
25704, 1, 1636471208267, 1636471208925, 658, 262, 396, 0, 1, 1
25705, 1, 1636471208268, 1636471208936, 668, 262, 406, 0, 0, 0
25707, 1, 1636471208296, 1636471208953, 657, 262, 395, 0, 0, 0
25706, 1, 1636471208295, 1636471208953, 658, 262, 396, 0, 0, 0
25708, 1, 1636471208314, 1636471208973, 659, 262, 397, 0, 0, 0
25709, 1, 1636471208329, 1636471208981, 652, 263, 389, 1, 0, 1
25710, 1, 1636471208332, 1636471208997, 665, 275, 390, 1, 0, 1
25712, 1, 1636471208344, 1636471208997, 653, 262, 391, 1, 1, 2
25711, 1, 1636471208342, 1636471208997, 655, 263, 392, 3, 0, 3
25713, 1, 1636471208508, 1636471209156, 648, 262, 386, 0, 0, 0
25714, 1, 1636471208552, 1636471209209, 657, 263, 394, 1, 1, 2
25715, 1, 1636471208573, 1636471209229, 656, 267, 389, 0, 0, 0
25716, 1, 1636471208620, 1636471209273, 653, 263, 390, 0, 1, 1
25718, 1, 1636471208651, 1636471209301, 650, 264, 386, 1, 1, 2
25719, 1, 1636471208651, 1636471209305, 654, 265, 389, 3, 2, 5
25720, 1, 1636471208673, 1636471209325, 652, 262, 390, 0, 1, 1
25721, 1, 1636471208675, 1636471209329, 654, 264, 390, 1, 1, 2
25717, 1, 1636471208646, 1636471209345, 699, 310, 389, 0, 0, 0
25723, 1, 1636471208841, 1636471209497, 656, 262, 394, 0, 0, 0
25725, 1, 1636471208938, 1636471209597, 659, 262, 397, 0, 0, 0
25727, 1, 1636471208962, 1636471209621, 659, 267, 392, 1, 1, 2
25728, 1, 1636471208979, 1636471209629, 650, 262, 388, 0, 0, 0
25729, 1, 1636471208995, 1636471209645, 650, 262, 388, 0, 0, 0
25730, 1, 1636471208998, 1636471209665, 667, 266, 401, 1, 0, 1
25732, 1, 1636471209010, 1636471209669, 659, 267, 392, 1, 0, 1
25731, 1, 1636471209009, 1636471209669, 660, 267, 393, 3, 0, 3
25722, 1, 1636471208676, 1636471209677, 1001, 611, 390, 1, 0, 1
25724, 1, 1636471208933, 1636471209697, 764, 374, 390, 0, 0, 0
25733, 1, 1636471209174, 1636471209832, 658, 265, 393, 0, 0, 0
25734, 1, 1636471209218, 1636471209873, 655, 264, 391, 2, 0, 2
25735, 1, 1636471209238, 1636471209897, 659, 262, 397, 0, 0, 0
25726, 1, 1636471208960, 1636471209941, 981, 591, 390, 1, 0, 1
25738, 1, 1636471209317, 1636471209976, 659, 264, 395, 1, 0, 1
25737, 1, 1636471209317, 1636471209977, 660, 263, 397, 1, 1, 2
25739, 1, 1636471209338, 1636471209988, 650, 262, 388, 0, 0, 0
25740, 1, 1636471209341, 1636471210001, 660, 263, 397, 0, 0, 0
25736, 1, 1636471209286, 1636471210013, 727, 338, 389, 0, 0, 0
25741, 1, 1636471209346, 1636471210013, 667, 266, 401, 0, 0, 0
25742, 1, 1636471209508, 1636471210245, 737, 346, 391, 0, 0, 0
25743, 1, 1636471209604, 1636471210268, 664, 262, 402, 0, 0, 0
25745, 1, 1636471209646, 1636471210305, 659, 263, 396, 1, 0, 1
25746, 1, 1636471209661, 1636471210325, 664, 266, 398, 0, 1, 1
25747, 1, 1636471209666, 1636471210325, 659, 266, 393, 0, 0, 0
25748, 1, 1636471209675, 1636471210329, 654, 264, 390, 1, 0, 1
25750, 1, 1636471209678, 1636471210337, 659, 262, 397, 1, 0, 1
25749, 1, 1636471209676, 1636471210337, 661, 263, 398, 1, 1, 2
25751, 1, 1636471209698, 1636471210353, 655, 263, 392, 0, 1, 1
25744, 1, 1636471209628, 1636471210361, 733, 342, 391, 0, 1, 1
25752, 1, 1636471209840, 1636471210496, 656, 266, 390, 0, 0, 0
25753, 1, 1636471209884, 1636471210541, 657, 263, 394, 0, 1, 1
25754, 1, 1636471209905, 1636471210561, 656, 262, 394, 0, 0, 0
25755, 1, 1636471209942, 1636471210597, 655, 262, 393, 1, 0, 1
25756, 1, 1636471209982, 1636471210641, 659, 262, 397, 0, 0, 0
25758, 1, 1636471210004, 1636471210661, 657, 263, 394, 0, 1, 1
25760, 1, 1636471210014, 1636471210668, 654, 264, 390, 0, 2, 2
25759, 1, 1636471210008, 1636471210669, 661, 268, 393, 0, 1, 1
25757, 1, 1636471209984, 1636471210677, 693, 301, 392, 2, 0, 2
25762, 1, 1636471210246, 1636471210909, 663, 269, 394, 0, 0, 0
25763, 1, 1636471210271, 1636471210925, 654, 262, 392, 0, 0, 0
25764, 1, 1636471210312, 1636471210965, 653, 263, 390, 0, 0, 0
25765, 1, 1636471210327, 1636471210985, 658, 262, 396, 0, 0, 0
25766, 1, 1636471210333, 1636471210993, 660, 263, 397, 0, 1, 1
25769, 1, 1636471210344, 1636471210996, 652, 259, 393, 2, 1, 3
25767, 1, 1636471210340, 1636471210996, 656, 267, 389, 0, 1, 1
25768, 1, 1636471210342, 1636471210996, 654, 262, 392, 0, 0, 0
25770, 1, 1636471210362, 1636471211017, 655, 262, 393, 0, 0, 0
25761, 1, 1636471210014, 1636471211017, 1003, 610, 393, 0, 0, 0
25771, 1, 1636471210364, 1636471211028, 664, 267, 397, 0, 2, 2
25772, 1, 1636471210506, 1636471211169, 663, 266, 397, 1, 0, 1
25773, 1, 1636471210550, 1636471211205, 655, 267, 388, 1, 0, 1
25775, 1, 1636471210608, 1636471211269, 661, 266, 395, 1, 0, 1
25777, 1, 1636471210670, 1636471211328, 658, 262, 396, 1, 0, 1
25774, 1, 1636471210571, 1636471211332, 761, 370, 391, 0, 1, 1
25778, 1, 1636471210674, 1636471211337, 663, 266, 397, 1, 0, 1
25776, 1, 1636471210648, 1636471211345, 697, 303, 394, 1, 0, 1
25780, 1, 1636471210681, 1636471211345, 664, 271, 393, 2, 1, 3
25779, 1, 1636471210678, 1636471211345, 667, 270, 397, 0, 1, 1
25781, 1, 1636471210912, 1636471211569, 657, 267, 390, 1, 0, 1
25782, 1, 1636471210937, 1636471211597, 660, 266, 394, 0, 1, 1
25783, 1, 1636471210978, 1636471211629, 651, 264, 387, 0, 0, 0
25784, 1, 1636471210993, 1636471211653, 660, 266, 394, 0, 1, 1
25785, 1, 1636471210998, 1636471211661, 663, 270, 393, 0, 0, 0
25787, 1, 1636471211008, 1636471211661, 653, 264, 389, 2, 1, 3
25786, 1, 1636471211007, 1636471211677, 670, 276, 394, 0, 0, 0
25789, 1, 1636471211018, 1636471211677, 659, 266, 393, 1, 0, 1
25791, 1, 1636471211031, 1636471211697, 666, 266, 400, 0, 2, 2
25790, 1, 1636471211028, 1636471211697, 669, 266, 403, 0, 0, 0
25793, 1, 1636471211216, 1636471211873, 657, 260, 397, 0, 1, 1
25794, 1, 1636471211275, 1636471211929, 654, 266, 388, 0, 0, 0
25788, 1, 1636471211010, 1636471211945, 935, 542, 393, 0, 1, 1
25796, 1, 1636471211337, 1636471211993, 656, 268, 388, 1, 0, 1
25798, 1, 1636471211346, 1636471212001, 655, 263, 392, 1, 0, 1
25799, 1, 1636471211346, 1636471212001, 655, 258, 397, 0, 0, 0
25800, 1, 1636471211347, 1636471212001, 654, 267, 387, 1, 1, 2
25792, 1, 1636471211172, 1636471212004, 832, 438, 394, 0, 0, 0
25797, 1, 1636471211341, 1636471212009, 668, 270, 398, 1, 0, 1
25795, 1, 1636471211334, 1636471212225, 891, 499, 392, 0, 0, 0
25802, 1, 1636471211602, 1636471212269, 667, 270, 397, 1, 0, 1
25801, 1, 1636471211579, 1636471212281, 702, 306, 396, 0, 0, 0
25803, 1, 1636471211645, 1636471212305, 660, 266, 394, 0, 0, 0
25804, 1, 1636471211659, 1636471212321, 662, 270, 392, 1, 1, 2
25805, 1, 1636471211664, 1636471212321, 657, 266, 391, 1, 1, 2
25807, 1, 1636471211678, 1636471212337, 659, 262, 397, 0, 0, 0
25806, 1, 1636471211674, 1636471212341, 667, 262, 405, 0, 0, 0
25809, 1, 1636471211698, 1636471212357, 659, 267, 392, 0, 1, 1
25810, 1, 1636471211698, 1636471212357, 659, 267, 392, 1, 1, 2
25811, 1, 1636471211882, 1636471212545, 663, 262, 401, 0, 0, 0
25812, 1, 1636471211942, 1636471212601, 659, 262, 397, 0, 0, 0
25813, 1, 1636471211946, 1636471212605, 659, 266, 393, 0, 0, 0
25814, 1, 1636471212003, 1636471212649, 646, 262, 384, 0, 0, 0
25815, 1, 1636471212006, 1636471212661, 655, 263, 392, 1, 0, 1
25808, 1, 1636471211685, 1636471212669, 984, 586, 398, 0, 0, 0
25818, 1, 1636471212013, 1636471212669, 656, 267, 389, 2, 0, 2
25816, 1, 1636471212010, 1636471212669, 659, 267, 392, 2, 0, 2
25820, 1, 1636471212226, 1636471212881, 655, 263, 392, 2, 0, 2
25821, 1, 1636471212270, 1636471212929, 659, 267, 392, 2, 0, 2
25822, 1, 1636471212282, 1636471212936, 654, 262, 392, 0, 1, 1
25817, 1, 1636471212012, 1636471212953, 941, 548, 393, 1, 1, 2
25825, 1, 1636471212330, 1636471212988, 658, 266, 392, 0, 0, 0
25826, 1, 1636471212342, 1636471212993, 651, 263, 388, 1, 0, 1
25827, 1, 1636471212344, 1636471212996, 652, 263, 389, 1, 1, 2
25819, 1, 1636471212013, 1636471213009, 996, 602, 394, 0, 0, 0
25829, 1, 1636471212365, 1636471213017, 652, 262, 390, 0, 1, 1
25828, 1, 1636471212364, 1636471213021, 657, 261, 396, 0, 1, 1
25824, 1, 1636471212326, 1636471213021, 695, 299, 396, 1, 1, 2
25830, 1, 1636471212548, 1636471213209, 661, 263, 398, 0, 1, 1
25831, 1, 1636471212608, 1636471213261, 653, 262, 391, 0, 0, 0
25832, 1, 1636471212612, 1636471213273, 661, 262, 399, 0, 0, 0
25823, 1, 1636471212312, 1636471213297, 985, 598, 387, 0, 0, 0
25835, 1, 1636471212672, 1636471213321, 649, 263, 386, 0, 1, 1
25837, 1, 1636471212678, 1636471213333, 655, 263, 392, 0, 1, 1
25836, 1, 1636471212677, 1636471213333, 656, 264, 392, 1, 0, 1
25833, 1, 1636471212670, 1636471213373, 703, 310, 393, 0, 0, 0
25838, 1, 1636471212892, 1636471213545, 653, 263, 390, 1, 0, 1
25834, 1, 1636471212670, 1636471213557, 887, 495, 392, 1, 0, 1
25839, 1, 1636471212937, 1636471213600, 663, 266, 397, 1, 1, 2
25840, 1, 1636471212948, 1636471213609, 661, 266, 395, 0, 1, 1
25841, 1, 1636471212954, 1636471213609, 655, 263, 392, 1, 0, 1
25843, 1, 1636471213008, 1636471213664, 656, 262, 394, 0, 0, 0
25845, 1, 1636471213011, 1636471213668, 657, 264, 393, 0, 1, 1
25844, 1, 1636471213010, 1636471213673, 663, 263, 400, 1, 0, 1
25847, 1, 1636471213030, 1636471213684, 654, 263, 391, 3, 1, 4
25846, 1, 1636471213023, 1636471213684, 661, 266, 395, 0, 1, 1
25848, 1, 1636471213031, 1636471213684, 653, 263, 390, 3, 0, 3
25849, 1, 1636471213214, 1636471213873, 659, 266, 393, 0, 1, 1
25842, 1, 1636471212997, 1636471213893, 896, 503, 393, 0, 1, 1
25850, 1, 1636471213274, 1636471213928, 654, 266, 388, 0, 0, 0
25851, 1, 1636471213278, 1636471213933, 655, 266, 389, 0, 0, 0
25852, 1, 1636471213298, 1636471213956, 658, 266, 392, 2, 0, 2
25853, 1, 1636471213338, 1636471213993, 655, 263, 392, 0, 1, 1
25854, 1, 1636471213342, 1636471213996, 654, 267, 387, 1, 0, 1
25855, 1, 1636471213345, 1636471214005, 660, 271, 389, 1, 1, 2
25856, 1, 1636471213374, 1636471214029, 655, 270, 385, 0, 1, 1
25858, 1, 1636471213559, 1636471214217, 658, 263, 395, 2, 0, 2
25857, 1, 1636471213558, 1636471214217, 659, 263, 396, 1, 1, 2
25860, 1, 1636471213614, 1636471214277, 663, 266, 397, 0, 0, 0
25861, 1, 1636471213620, 1636471214277, 657, 263, 394, 0, 0, 0
25859, 1, 1636471213604, 1636471214281, 677, 278, 399, 0, 0, 0
25863, 1, 1636471213676, 1636471214324, 648, 262, 386, 2, 1, 3
25862, 1, 1636471213674, 1636471214329, 655, 261, 394, 0, 0, 0
25864, 1, 1636471213678, 1636471214329, 651, 258, 393, 0, 0, 0
25865, 1, 1636471213690, 1636471214353, 663, 266, 397, 0, 0, 0
25866, 1, 1636471213696, 1636471214357, 661, 262, 399, 1, 0, 1
25867, 1, 1636471213697, 1636471214357, 660, 262, 398, 1, 1, 2
25868, 1, 1636471213880, 1636471214537, 657, 266, 391, 0, 0, 0
25869, 1, 1636471213894, 1636471214557, 663, 267, 396, 1, 1, 2
25870, 1, 1636471213940, 1636471214601, 661, 262, 399, 1, 0, 1
25871, 1, 1636471213944, 1636471214601, 657, 259, 398, 2, 0, 2
25872, 1, 1636471213964, 1636471214621, 657, 263, 394, 1, 1, 2
25875, 1, 1636471214011, 1636471214664, 653, 263, 390, 0, 1, 1
25874, 1, 1636471214009, 1636471214673, 664, 282, 382, 2, 2, 4
25876, 1, 1636471214040, 1636471214689, 649, 262, 387, 0, 0, 0
25873, 1, 1636471214004, 1636471214697, 693, 307, 386, 0, 1, 1
25877, 1, 1636471214224, 1636471214885, 661, 271, 390, 1, 2, 3
25878, 1, 1636471214224, 1636471214885, 661, 267, 394, 0, 2, 2
25879, 1, 1636471214280, 1636471214933, 653, 262, 391, 0, 0, 0
25881, 1, 1636471214286, 1636471214937, 651, 264, 387, 1, 2, 3
25880, 1, 1636471214282, 1636471214940, 658, 263, 395, 1, 0, 1
25882, 1, 1636471214340, 1636471214997, 657, 263, 394, 1, 0, 1
25883, 1, 1636471214342, 1636471214997, 655, 263, 392, 2, 0, 2
25885, 1, 1636471214356, 1636471215008, 652, 262, 390, 0, 0, 0
25886, 1, 1636471214363, 1636471215016, 653, 262, 391, 0, 0, 0
25888, 1, 1636471214546, 1636471215205, 659, 267, 392, 0, 2, 2
25889, 1, 1636471214560, 1636471215209, 649, 262, 387, 0, 0, 0
25887, 1, 1636471214364, 1636471215233, 869, 470, 399, 0, 0, 0
25890, 1, 1636471214606, 1636471215253, 647, 263, 384, 0, 1, 1
25891, 1, 1636471214610, 1636471215289, 679, 282, 397, 1, 0, 1
25892, 1, 1636471214630, 1636471215289, 659, 261, 398, 0, 0, 0
25884, 1, 1636471214343, 1636471215293, 950, 551, 399, 2, 0, 2
25894, 1, 1636471214677, 1636471215325, 648, 264, 384, 2, 2, 4
25895, 1, 1636471214698, 1636471215349, 651, 263, 388, 0, 1, 1
25896, 1, 1636471214707, 1636471215356, 649, 266, 383, 0, 0, 0
25898, 1, 1636471214890, 1636471215541, 651, 263, 388, 0, 1, 1
25897, 1, 1636471214890, 1636471215553, 663, 271, 392, 1, 0, 1
25899, 1, 1636471214947, 1636471215596, 649, 262, 387, 0, 0, 0
25900, 1, 1636471214948, 1636471215601, 653, 262, 391, 0, 1, 1
25901, 1, 1636471214953, 1636471215608, 655, 267, 388, 1, 1, 2
25902, 1, 1636471215006, 1636471215661, 655, 263, 392, 1, 0, 1
25903, 1, 1636471215008, 1636471215661, 653, 263, 390, 0, 2, 2
25893, 1, 1636471214674, 1636471215669, 995, 608, 387, 0, 1, 1
25905, 1, 1636471215029, 1636471215677, 648, 262, 386, 1, 0, 1
25904, 1, 1636471215022, 1636471215680, 658, 263, 395, 0, 1, 1
25906, 1, 1636471215212, 1636471215869, 657, 262, 395, 0, 0, 0
25907, 1, 1636471215226, 1636471215881, 655, 262, 393, 0, 0, 0
25908, 1, 1636471215234, 1636471215893, 659, 262, 397, 0, 1, 1
25909, 1, 1636471215273, 1636471215937, 664, 262, 402, 0, 0, 0
25911, 1, 1636471215294, 1636471215945, 651, 259, 392, 0, 1, 1
25910, 1, 1636471215290, 1636471215949, 659, 263, 396, 1, 1, 2
25912, 1, 1636471215297, 1636471215956, 659, 262, 397, 0, 0, 0
25913, 1, 1636471215343, 1636471215997, 654, 264, 390, 2, 0, 2
25914, 1, 1636471215365, 1636471216017, 652, 263, 389, 0, 1, 1
25915, 1, 1636471215373, 1636471216029, 656, 266, 390, 0, 0, 0
25917, 1, 1636471215556, 1636471216217, 661, 263, 398, 1, 1, 2
25916, 1, 1636471215556, 1636471216217, 661, 263, 398, 1, 0, 1
25920, 1, 1636471215618, 1636471216276, 658, 267, 391, 0, 1, 1
25919, 1, 1636471215614, 1636471216277, 663, 271, 392, 0, 1, 1
25918, 1, 1636471215613, 1636471216292, 679, 292, 387, 0, 0, 0
25922, 1, 1636471215672, 1636471216337, 665, 268, 397, 3, 0, 3
25923, 1, 1636471215673, 1636471216337, 664, 264, 400, 0, 1, 1
25924, 1, 1636471215688, 1636471216353, 665, 267, 398, 0, 1, 1
25925, 1, 1636471215695, 1636471216356, 661, 270, 391, 0, 0, 0
25921, 1, 1636471215670, 1636471216373, 703, 311, 392, 3, 0, 3
25927, 1, 1636471215892, 1636471216557, 665, 262, 403, 1, 0, 1
25926, 1, 1636471215878, 1636471216557, 679, 268, 411, 1, 0, 1
25928, 1, 1636471215901, 1636471216573, 672, 266, 406, 0, 0, 0
25929, 1, 1636471215939, 1636471216605, 666, 263, 403, 1, 0, 1
25931, 1, 1636471215960, 1636471216621, 661, 264, 397, 1, 1, 2
25930, 1, 1636471215956, 1636471216621, 665, 262, 403, 1, 0, 1
25932, 1, 1636471215964, 1636471216621, 657, 262, 395, 0, 0, 0
25933, 1, 1636471216009, 1636471216673, 664, 268, 396, 1, 0, 1
25934, 1, 1636471216030, 1636471216692, 662, 267, 395, 2, 1, 3
25935, 1, 1636471216040, 1636471216701, 661, 266, 395, 0, 0, 0
25936, 1, 1636471216222, 1636471216877, 655, 266, 389, 1, 1, 2
25937, 1, 1636471216222, 1636471216881, 659, 267, 392, 0, 1, 1
25938, 1, 1636471216280, 1636471216929, 649, 262, 387, 0, 0, 0
25939, 1, 1636471216285, 1636471216937, 652, 267, 385, 1, 0, 1
25940, 1, 1636471216294, 1636471216949, 655, 263, 392, 1, 1, 2
25941, 1, 1636471216338, 1636471217001, 663, 263, 400, 0, 1, 1
25943, 1, 1636471216354, 1636471217005, 651, 262, 389, 0, 0, 0
25942, 1, 1636471216339, 1636471217005, 666, 262, 404, 1, 0, 1
25944, 1, 1636471216361, 1636471217017, 656, 262, 394, 0, 0, 0
25945, 1, 1636471216374, 1636471217048, 674, 282, 392, 0, 0, 0
25947, 1, 1636471216558, 1636471217217, 659, 263, 396, 2, 1, 3
25946, 1, 1636471216558, 1636471217217, 659, 267, 392, 2, 1, 3
25948, 1, 1636471216574, 1636471217224, 650, 261, 389, 0, 0, 0
25949, 1, 1636471216606, 1636471217261, 655, 262, 393, 0, 0, 0
25950, 1, 1636471216623, 1636471217281, 658, 263, 395, 0, 0, 0
25951, 1, 1636471216626, 1636471217289, 663, 266, 397, 0, 0, 0
25952, 1, 1636471216630, 1636471217292, 662, 264, 398, 1, 1, 2
25953, 1, 1636471216675, 1636471217336, 661, 264, 397, 2, 1, 3
25954, 1, 1636471216697, 1636471217353, 656, 266, 390, 0, 0, 0
25955, 1, 1636471216705, 1636471217361, 656, 262, 394, 0, 0, 0
25957, 1, 1636471216889, 1636471217553, 664, 266, 398, 0, 0, 0
25958, 1, 1636471216946, 1636471217613, 667, 280, 387, 1, 1, 2
25959, 1, 1636471216951, 1636471217613, 662, 271, 391, 0, 1, 1
25960, 1, 1636471216960, 1636471217625, 665, 274, 391, 1, 0, 1
25956, 1, 1636471216888, 1636471217629, 741, 346, 395, 0, 0, 0
25961, 1, 1636471217004, 1636471217669, 665, 275, 390, 0, 0, 0
25962, 1, 1636471217006, 1636471217669, 663, 266, 397, 0, 0, 0
25963, 1, 1636471217021, 1636471217684, 663, 267, 396, 0, 2, 2
25964, 1, 1636471217026, 1636471217697, 671, 270, 401, 0, 0, 0
25965, 1, 1636471217050, 1636471217713, 663, 268, 395, 0, 1, 1
25966, 1, 1636471217224, 1636471217881, 657, 267, 390, 2, 0, 2
25967, 1, 1636471217224, 1636471217881, 657, 267, 390, 2, 0, 2
25970, 1, 1636471217290, 1636471217949, 659, 267, 392, 2, 0, 2
25972, 1, 1636471217296, 1636471217949, 653, 262, 391, 1, 0, 1
25971, 1, 1636471217293, 1636471217949, 656, 265, 391, 1, 0, 1
25973, 1, 1636471217341, 1636471217993, 652, 262, 390, 0, 0, 0
25975, 1, 1636471217372, 1636471218028, 656, 262, 394, 0, 0, 0
25976, 1, 1636471217555, 1636471218221, 666, 270, 396, 0, 0, 0
25978, 1, 1636471217616, 1636471218273, 657, 263, 394, 0, 1, 1
25980, 1, 1636471217630, 1636471218281, 651, 258, 393, 1, 1, 2
25979, 1, 1636471217627, 1636471218285, 658, 263, 395, 1, 2, 3
25974, 1, 1636471217363, 1636471218293, 930, 543, 387, 0, 1, 1
25982, 1, 1636471217672, 1636471218329, 657, 260, 397, 0, 1, 1
25981, 1, 1636471217670, 1636471218329, 659, 264, 395, 2, 1, 3
25983, 1, 1636471217687, 1636471218349, 662, 270, 392, 0, 0, 0
25985, 1, 1636471217715, 1636471218373, 658, 271, 387, 2, 2, 4
25986, 1, 1636471217890, 1636471218549, 659, 263, 396, 1, 1, 2
25987, 1, 1636471217890, 1636471218553, 663, 267, 396, 2, 0, 2
25990, 1, 1636471217962, 1636471218625, 663, 261, 402, 0, 1, 1
25989, 1, 1636471217958, 1636471218625, 667, 262, 405, 1, 1, 2
25988, 1, 1636471217956, 1636471218641, 685, 290, 395, 1, 0, 1
25991, 1, 1636471218007, 1636471218669, 662, 264, 398, 1, 1, 2
25992, 1, 1636471218038, 1636471218693, 655, 267, 388, 0, 1, 1
25984, 1, 1636471217698, 1636471218697, 999, 610, 389, 1, 0, 1
25993, 1, 1636471218222, 1636471218877, 655, 263, 392, 0, 1, 1
25994, 1, 1636471218282, 1636471218945, 663, 264, 399, 1, 1, 2
25996, 1, 1636471218294, 1636471218961, 667, 267, 400, 3, 0, 3
25995, 1, 1636471218294, 1636471218961, 667, 266, 401, 2, 0, 2
25997, 1, 1636471218297, 1636471218961, 664, 266, 398, 2, 0, 2
25998, 1, 1636471218336, 1636471218985, 649, 263, 386, 1, 2, 3
25999, 1, 1636471218337, 1636471219001, 664, 262, 402, 0, 0, 0
26000, 1, 1636471218354, 1636471219005, 651, 262, 389, 0, 0, 0
26001, 1, 1636471218381, 1636471219040, 659, 271, 388, 1, 0, 1
26003, 1, 1636471218556, 1636471219209, 653, 263, 390, 1, 1, 2
26004, 1, 1636471218626, 1636471219281, 655, 262, 393, 1, 0, 1
26005, 1, 1636471218629, 1636471219281, 652, 262, 390, 0, 0, 0
26006, 1, 1636471218643, 1636471219293, 650, 263, 387, 1, 0, 1
26007, 1, 1636471218673, 1636471219325, 652, 263, 389, 0, 1, 1
26008, 1, 1636471218698, 1636471219357, 659, 264, 395, 0, 2, 2
26010, 1, 1636471218888, 1636471219537, 649, 262, 387, 0, 1, 1
26002, 1, 1636471218556, 1636471219553, 997, 611, 386, 3, 0, 3
26011, 1, 1636471218949, 1636471219605, 656, 265, 391, 2, 0, 2
26012, 1, 1636471218962, 1636471219621, 659, 261, 398, 3, 0, 3
26014, 1, 1636471218963, 1636471219621, 658, 260, 398, 1, 0, 1
26016, 1, 1636471219004, 1636471219664, 660, 263, 397, 0, 1, 1
26017, 1, 1636471219021, 1636471219681, 660, 266, 394, 0, 0, 0
26018, 1, 1636471219048, 1636471219709, 661, 262, 399, 1, 0, 1
25968, 2, 1636471217240, 1636471219754, 2514, 0, 2514, 1, 0, 1
25969, 2, 1636471217272, 1636471219755, 2483, 0, 2483, 0, 1, 1
25977, 2, 1636471217614, 1636471219882, 2268, 0, 2268, 0, 0, 0
26013, 1, 1636471218962, 1636471219892, 930, 534, 396, 2, 0, 2
26019, 1, 1636471219222, 1636471219896, 674, 271, 403, 1, 2, 3
26015, 1, 1636471219003, 1636471219901, 898, 505, 393, 1, 2, 3
26020, 1, 1636471219293, 1636471219949, 656, 263, 393, 0, 1, 1
26021, 1, 1636471219295, 1636471219961, 666, 266, 400, 0, 0, 0
26022, 1, 1636471219309, 1636471219973, 664, 266, 398, 0, 0, 0
26023, 1, 1636471219339, 1636471219993, 654, 262, 392, 0, 0, 0
26024, 1, 1636471219363, 1636471220021, 658, 262, 396, 0, 0, 0
26025, 1, 1636471219554, 1636471220217, 663, 272, 391, 2, 0, 2
26026, 1, 1636471219554, 1636471220228, 674, 275, 399, 1, 1, 2
26027, 1, 1636471219616, 1636471220269, 653, 263, 390, 0, 0, 0
26028, 1, 1636471219628, 1636471220281, 653, 263, 390, 0, 0, 0
26029, 1, 1636471219630, 1636471220285, 655, 263, 392, 0, 1, 1
26030, 1, 1636471219671, 1636471220333, 662, 267, 395, 1, 0, 1
26032, 1, 1636471219714, 1636471220373, 659, 262, 397, 1, 0, 1
26033, 1, 1636471219845, 1636471220497, 652, 263, 389, 1, 1, 2
26034, 1, 1636471219845, 1636471220501, 656, 270, 386, 1, 0, 1
26035, 1, 1636471219894, 1636471220553, 659, 262, 397, 0, 0, 0
26036, 1, 1636471219898, 1636471220553, 655, 266, 389, 1, 0, 1
26037, 1, 1636471219902, 1636471220573, 671, 275, 396, 0, 0, 0
26038, 1, 1636471219959, 1636471220621, 662, 262, 400, 0, 0, 0
26039, 1, 1636471219962, 1636471220625, 663, 262, 401, 1, 0, 1
26041, 1, 1636471219976, 1636471220628, 652, 262, 390, 0, 0, 0
26042, 1, 1636471220005, 1636471220660, 655, 262, 393, 0, 0, 0
26043, 1, 1636471220030, 1636471220685, 655, 263, 392, 0, 1, 1
26040, 1, 1636471219969, 1636471220841, 872, 482, 390, 2, 0, 2
26044, 1, 1636471220220, 1636471220873, 653, 262, 391, 0, 0, 0
26046, 1, 1636471220282, 1636471220929, 647, 258, 389, 0, 0, 0
26047, 1, 1636471220294, 1636471220945, 651, 262, 389, 1, 0, 1
26048, 1, 1636471220296, 1636471220953, 657, 266, 391, 1, 0, 1
26009, 2, 1636471218704, 1636471220966, 2262, 0, 2262, 0, 0, 0
26049, 1, 1636471220337, 1636471220988, 651, 263, 388, 1, 0, 1
26051, 1, 1636471220498, 1636471221149, 651, 266, 385, 1, 0, 1
26052, 1, 1636471220502, 1636471221157, 655, 262, 393, 0, 0, 0
26053, 1, 1636471220560, 1636471221213, 653, 262, 391, 0, 0, 0
26057, 1, 1636471220627, 1636471221285, 658, 261, 397, 0, 0, 0
26056, 1, 1636471220626, 1636471221285, 659, 262, 397, 0, 1, 1
26059, 1, 1636471220671, 1636471221325, 654, 264, 390, 0, 2, 2
26061, 1, 1636471220842, 1636471221497, 655, 263, 392, 0, 1, 1
26054, 1, 1636471220565, 1636471221505, 940, 546, 394, 0, 0, 0
26062, 1, 1636471220886, 1636471221545, 659, 268, 391, 0, 1, 1
26063, 1, 1636471220948, 1636471221605, 657, 263, 394, 0, 0, 0
26064, 1, 1636471220960, 1636471221613, 653, 262, 391, 0, 0, 0
26065, 1, 1636471220962, 1636471221625, 663, 269, 394, 0, 0, 0
26066, 1, 1636471221004, 1636471221656, 652, 263, 389, 0, 1, 1
26067, 1, 1636471221057, 1636471221713, 656, 270, 386, 0, 0, 0
26068, 1, 1636471221164, 1636471221821, 657, 266, 391, 0, 0, 0
26069, 1, 1636471221168, 1636471221829, 661, 266, 395, 0, 0, 0
26070, 1, 1636471221227, 1636471221885, 658, 262, 396, 0, 0, 0
26071, 1, 1636471221292, 1636471221945, 653, 262, 391, 1, 0, 1
26072, 1, 1636471221294, 1636471221948, 654, 262, 392, 0, 0, 0
26031, 2, 1636471219687, 1636471221958, 2271, 0, 2271, 0, 0, 0
26073, 1, 1636471221338, 1636471221989, 651, 264, 387, 2, 1, 3
26074, 1, 1636471221506, 1636471222157, 651, 262, 389, 1, 0, 1
26075, 1, 1636471221508, 1636471222169, 661, 266, 395, 0, 0, 0
26076, 1, 1636471221552, 1636471222208, 656, 264, 392, 1, 0, 1
26077, 1, 1636471221615, 1636471222268, 653, 264, 389, 1, 0, 1
26078, 1, 1636471221626, 1636471222280, 654, 264, 390, 1, 0, 1
26079, 1, 1636471221628, 1636471222289, 661, 262, 399, 0, 0, 0
26081, 1, 1636471221715, 1636471222365, 650, 262, 388, 0, 0, 0
26083, 1, 1636471221834, 1636471222489, 655, 262, 393, 0, 0, 0
26045, 2, 1636471220229, 1636471222494, 2265, 0, 2265, 0, 0, 0
26080, 1, 1636471221670, 1636471222500, 830, 443, 387, 0, 1, 1
26082, 1, 1636471221830, 1636471222517, 687, 294, 393, 0, 0, 0
26084, 1, 1636471221894, 1636471222545, 651, 263, 388, 0, 0, 0
26050, 2, 1636471220381, 1636471222642, 2261, 0, 2261, 0, 0, 0
26087, 1, 1636471222004, 1636471222661, 657, 264, 393, 0, 0, 0
26088, 1, 1636471222045, 1636471222701, 656, 264, 392, 0, 2, 2
26089, 1, 1636471222172, 1636471222825, 653, 262, 391, 0, 0, 0
26055, 2, 1636471220574, 1636471222838, 2264, 0, 2264, 0, 0, 0
26090, 1, 1636471222174, 1636471222869, 695, 298, 397, 0, 0, 0
26091, 1, 1636471222218, 1636471222873, 655, 262, 393, 0, 0, 0
26058, 2, 1636471220642, 1636471222906, 2264, 0, 2264, 0, 0, 0
26092, 1, 1636471222282, 1636471222933, 651, 263, 388, 1, 1, 2
26093, 1, 1636471222292, 1636471222945, 653, 262, 391, 0, 0, 0
26060, 2, 1636471220696, 1636471222958, 2262, 0, 2262, 0, 0, 0
26095, 1, 1636471222380, 1636471223033, 653, 262, 391, 0, 0, 0
26096, 1, 1636471222500, 1636471223153, 653, 263, 390, 2, 0, 2
26098, 1, 1636471222518, 1636471223177, 659, 262, 397, 1, 0, 1
26099, 1, 1636471222560, 1636471223217, 657, 263, 394, 2, 0, 2
26100, 1, 1636471222581, 1636471223233, 652, 263, 389, 1, 0, 1
26101, 1, 1636471222670, 1636471223321, 651, 263, 388, 1, 1, 2
26102, 1, 1636471222702, 1636471223357, 655, 266, 389, 0, 0, 0
26103, 1, 1636471222729, 1636471223381, 652, 262, 390, 0, 0, 0
26104, 1, 1636471222838, 1636471223493, 655, 262, 393, 1, 1, 2
26105, 1, 1636471222870, 1636471223521, 651, 262, 389, 1, 0, 1
26106, 1, 1636471222884, 1636471223533, 649, 262, 387, 0, 0, 0
26107, 1, 1636471222925, 1636471223577, 652, 267, 385, 0, 1, 1
26109, 1, 1636471222958, 1636471223609, 651, 264, 387, 2, 1, 3
26110, 1, 1636471222997, 1636471223649, 652, 262, 390, 1, 0, 1
26112, 1, 1636471223046, 1636471223693, 647, 262, 385, 0, 0, 0
26111, 1, 1636471223045, 1636471223693, 648, 264, 384, 0, 0, 0
26108, 1, 1636471222948, 1636471223705, 757, 372, 385, 1, 0, 1
26113, 1, 1636471223166, 1636471223817, 651, 262, 389, 0, 0, 0
26114, 1, 1636471223185, 1636471223841, 656, 262, 394, 0, 0, 0
26115, 1, 1636471223227, 1636471223881, 654, 262, 392, 0, 0, 0
26116, 1, 1636471223234, 1636471223884, 650, 263, 387, 0, 1, 1
26117, 1, 1636471223335, 1636471223993, 658, 262, 396, 0, 0, 0
26118, 1, 1636471223368, 1636471224029, 661, 266, 395, 0, 0, 0
26119, 1, 1636471223382, 1636471224053, 671, 278, 393, 0, 0, 0
26120, 1, 1636471223504, 1636471224157, 653, 262, 391, 0, 0, 0
26121, 1, 1636471223537, 1636471224197, 660, 263, 397, 1, 1, 2
26122, 1, 1636471223550, 1636471224209, 659, 263, 396, 1, 1, 2
26086, 2, 1636471221960, 1636471224223, 2263, 1, 2262, 1, 1, 2
26085, 2, 1636471221958, 1636471224223, 2265, 0, 2265, 0, 0, 0
26123, 1, 1636471223578, 1636471224237, 659, 264, 395, 1, 1, 2
26124, 1, 1636471223624, 1636471224277, 653, 263, 390, 1, 1, 2
26125, 1, 1636471223650, 1636471224308, 658, 266, 392, 0, 0, 0
26126, 1, 1636471223695, 1636471224353, 658, 263, 395, 0, 1, 1
26127, 1, 1636471223706, 1636471224365, 659, 261, 398, 2, 0, 2
26128, 1, 1636471223712, 1636471224365, 653, 261, 392, 1, 0, 1
26129, 1, 1636471223832, 1636471224501, 669, 274, 395, 0, 0, 0
26130, 1, 1636471223851, 1636471224513, 662, 266, 396, 1, 0, 1
26094, 2, 1636471222295, 1636471224558, 2263, 0, 2263, 0, 0, 0
26132, 1, 1636471223900, 1636471224589, 689, 290, 399, 0, 0, 0
26133, 1, 1636471224002, 1636471224657, 655, 271, 384, 0, 1, 1
26134, 1, 1636471224035, 1636471224697, 662, 270, 392, 0, 0, 0
26135, 1, 1636471224054, 1636471224712, 658, 266, 392, 0, 0, 0
26097, 2, 1636471222502, 1636471224766, 2264, 1, 2263, 1, 1, 2
26136, 1, 1636471224170, 1636471224829, 659, 266, 393, 1, 0, 1
26137, 1, 1636471224203, 1636471224861, 658, 262, 396, 0, 0, 0
26138, 1, 1636471224216, 1636471224868, 652, 263, 389, 0, 1, 1
26139, 1, 1636471224244, 1636471224905, 661, 268, 393, 1, 0, 1
26140, 1, 1636471224290, 1636471224949, 659, 264, 395, 0, 1, 1
26142, 1, 1636471224309, 1636471224969, 660, 262, 398, 2, 1, 3
26141, 1, 1636471224309, 1636471224969, 660, 263, 397, 2, 1, 3
26143, 1, 1636471224316, 1636471224969, 653, 261, 392, 1, 0, 1
26146, 1, 1636471224379, 1636471225029, 650, 262, 388, 0, 0, 0
26147, 1, 1636471224502, 1636471225157, 655, 263, 392, 0, 0, 0
26148, 1, 1636471224517, 1636471225173, 656, 262, 394, 0, 0, 0
26149, 1, 1636471224590, 1636471225245, 655, 262, 393, 0, 0, 0
26144, 1, 1636471224361, 1636471225293, 932, 548, 384, 1, 0, 1
26150, 1, 1636471224645, 1636471225305, 660, 266, 394, 0, 0, 0
26151, 1, 1636471224668, 1636471225325, 657, 264, 393, 0, 1, 1
26152, 1, 1636471224701, 1636471225365, 664, 267, 397, 1, 1, 2
26153, 1, 1636471224720, 1636471225369, 649, 262, 387, 0, 0, 0
26155, 1, 1636471224853, 1636471225513, 660, 268, 392, 1, 0, 1
26156, 1, 1636471224870, 1636471225525, 655, 262, 393, 0, 0, 0
26158, 1, 1636471224910, 1636471225565, 655, 262, 393, 0, 0, 0
26159, 1, 1636471224956, 1636471225609, 653, 263, 390, 1, 1, 2
26161, 1, 1636471224971, 1636471225629, 658, 267, 391, 3, 0, 3
26160, 1, 1636471224970, 1636471225629, 659, 267, 392, 1, 0, 1
26162, 1, 1636471224982, 1636471225641, 659, 263, 396, 0, 0, 0
26163, 1, 1636471225044, 1636471225701, 657, 266, 391, 1, 0, 1
26154, 1, 1636471224836, 1636471225708, 872, 482, 390, 0, 0, 0
26157, 1, 1636471224882, 1636471225717, 835, 442, 393, 0, 0, 0
26164, 1, 1636471225168, 1636471225829, 661, 263, 398, 0, 1, 1
26165, 1, 1636471225183, 1636471225848, 665, 266, 399, 0, 0, 0
26166, 1, 1636471225256, 1636471225913, 657, 266, 391, 0, 0, 0
26167, 1, 1636471225294, 1636471225949, 655, 262, 393, 1, 0, 1
26168, 1, 1636471225306, 1636471225965, 659, 266, 393, 0, 0, 0
26169, 1, 1636471225334, 1636471225993, 659, 262, 397, 0, 0, 0
26171, 1, 1636471225385, 1636471226053, 668, 283, 385, 0, 1, 1
26131, 2, 1636471223894, 1636471226158, 2264, 1, 2263, 0, 1, 1
26172, 1, 1636471225515, 1636471226173, 658, 262, 396, 0, 0, 0
26170, 1, 1636471225367, 1636471226173, 806, 418, 388, 0, 0, 0
26173, 1, 1636471225537, 1636471226201, 664, 263, 401, 0, 0, 0
26174, 1, 1636471225576, 1636471226229, 653, 262, 391, 2, 0, 2
26176, 1, 1636471225637, 1636471226289, 652, 262, 390, 0, 1, 1
26177, 1, 1636471225637, 1636471226297, 660, 262, 398, 0, 1, 1
26178, 1, 1636471225648, 1636471226297, 649, 258, 391, 0, 0, 0
26181, 1, 1636471225718, 1636471226369, 651, 262, 389, 0, 0, 0
26180, 1, 1636471225710, 1636471226369, 659, 266, 393, 0, 0, 0
26183, 1, 1636471225850, 1636471226505, 655, 262, 393, 0, 0, 0
26182, 1, 1636471225834, 1636471226521, 687, 294, 393, 0, 1, 1
26179, 1, 1636471225710, 1636471226549, 839, 450, 389, 1, 0, 1
26184, 1, 1636471225922, 1636471226573, 651, 262, 389, 1, 0, 1
26175, 1, 1636471225622, 1636471226584, 962, 568, 394, 1, 0, 1
26185, 1, 1636471225960, 1636471226612, 652, 266, 386, 0, 0, 0
26145, 1, 1636471224372, 1636471226632, 2260, 1871, 389, 0, 0, 0
26187, 1, 1636471226000, 1636471226661, 661, 267, 394, 0, 0, 0
26189, 1, 1636471226174, 1636471226828, 654, 266, 388, 0, 0, 0
26190, 1, 1636471226181, 1636471226845, 664, 266, 398, 0, 0, 0
26186, 1, 1636471225972, 1636471226849, 877, 490, 387, 1, 0, 1
26191, 1, 1636471226203, 1636471226852, 649, 262, 387, 1, 0, 1
26188, 1, 1636471226054, 1636471226869, 815, 419, 396, 0, 0, 0
26193, 1, 1636471226245, 1636471226896, 651, 263, 388, 0, 1, 1
26192, 1, 1636471226242, 1636471226920, 678, 283, 395, 1, 2, 3
26195, 1, 1636471226303, 1636471226957, 654, 262, 392, 0, 0, 0
26196, 1, 1636471226313, 1636471226969, 656, 263, 393, 1, 1, 2
26197, 1, 1636471226376, 1636471227025, 649, 262, 387, 2, 0, 2
26198, 1, 1636471226384, 1636471227037, 653, 263, 390, 0, 0, 0
26199, 1, 1636471226515, 1636471227177, 662, 262, 400, 0, 0, 0
26200, 1, 1636471226522, 1636471227177, 655, 263, 392, 0, 0, 0
26201, 1, 1636471226550, 1636471227205, 655, 262, 393, 0, 2, 2
26194, 1, 1636471226303, 1636471227224, 921, 527, 394, 1, 0, 1
26202, 1, 1636471226585, 1636471227241, 656, 263, 393, 0, 1, 1
26203, 1, 1636471226588, 1636471227241, 653, 267, 386, 1, 0, 1
26204, 1, 1636471226626, 1636471227285, 659, 262, 397, 0, 0, 0
26205, 1, 1636471226634, 1636471227289, 655, 264, 391, 1, 0, 1
26206, 1, 1636471226666, 1636471227316, 650, 262, 388, 0, 0, 0
26208, 1, 1636471226847, 1636471227497, 650, 262, 388, 0, 0, 0
26209, 1, 1636471226850, 1636471227501, 651, 262, 389, 0, 1, 1
26211, 1, 1636471226870, 1636471227521, 651, 265, 386, 1, 0, 1
26210, 1, 1636471226869, 1636471227524, 655, 266, 389, 0, 0, 0
26212, 1, 1636471226898, 1636471227549, 651, 262, 389, 0, 0, 0
26207, 1, 1636471226841, 1636471227553, 712, 318, 394, 0, 1, 1
26213, 1, 1636471226922, 1636471227573, 651, 263, 388, 1, 0, 1
26214, 1, 1636471226970, 1636471227625, 655, 262, 393, 0, 0, 0
26215, 1, 1636471226980, 1636471227633, 653, 262, 391, 0, 0, 0
26216, 1, 1636471227042, 1636471227701, 659, 262, 397, 0, 0, 0
26217, 1, 1636471227050, 1636471227709, 659, 262, 397, 0, 0, 0
26218, 1, 1636471227182, 1636471227833, 651, 262, 389, 0, 0, 0
26220, 1, 1636471227216, 1636471227869, 653, 262, 391, 0, 0, 0
26221, 1, 1636471227226, 1636471227889, 663, 267, 396, 1, 1, 2
26222, 1, 1636471227252, 1636471227909, 657, 264, 393, 0, 2, 2
26223, 1, 1636471227292, 1636471227941, 649, 262, 387, 0, 0, 0
26224, 1, 1636471227301, 1636471227965, 664, 266, 398, 0, 0, 0
26219, 1, 1636471227188, 1636471227981, 793, 399, 394, 0, 1, 1
26225, 1, 1636471227332, 1636471227989, 657, 271, 386, 0, 1, 1
26227, 1, 1636471227516, 1636471228169, 653, 262, 391, 1, 0, 1
26226, 1, 1636471227514, 1636471228180, 666, 271, 395, 1, 1, 2
26228, 1, 1636471227535, 1636471228193, 658, 266, 392, 1, 1, 2
26229, 1, 1636471227537, 1636471228193, 656, 267, 389, 2, 1, 3
26230, 1, 1636471227554, 1636471228209, 655, 262, 393, 0, 0, 0
26231, 1, 1636471227564, 1636471228213, 649, 262, 387, 0, 0, 0
26232, 1, 1636471227588, 1636471228245, 657, 262, 395, 0, 0, 0
26233, 1, 1636471227636, 1636471228285, 649, 263, 386, 1, 0, 1
26234, 1, 1636471227646, 1636471228301, 655, 262, 393, 0, 0, 0
26235, 1, 1636471227708, 1636471228361, 653, 262, 391, 0, 2, 2
26236, 1, 1636471227716, 1636471228369, 653, 262, 391, 1, 0, 1
26237, 1, 1636471227848, 1636471228500, 652, 262, 390, 0, 0, 0
26238, 1, 1636471227882, 1636471228529, 647, 262, 385, 0, 0, 0
26239, 1, 1636471227892, 1636471228549, 657, 262, 395, 0, 1, 1
26240, 1, 1636471227918, 1636471228581, 663, 262, 401, 0, 0, 0
26241, 1, 1636471227959, 1636471228617, 658, 262, 396, 0, 0, 0
26242, 1, 1636471227967, 1636471228629, 662, 264, 398, 1, 0, 1
26243, 1, 1636471227983, 1636471228637, 654, 266, 388, 0, 0, 0
26244, 1, 1636471228182, 1636471228841, 659, 271, 388, 3, 0, 3
26245, 1, 1636471228182, 1636471228841, 659, 266, 393, 1, 0, 1
26247, 1, 1636471228203, 1636471228853, 650, 264, 386, 1, 2, 3
26246, 1, 1636471228201, 1636471228857, 656, 268, 388, 0, 1, 1
26248, 1, 1636471228220, 1636471228877, 657, 266, 391, 0, 0, 0
26249, 1, 1636471228231, 1636471228897, 666, 270, 396, 0, 1, 1
26250, 1, 1636471228254, 1636471228917, 663, 266, 397, 0, 0, 0
26251, 1, 1636471228302, 1636471228965, 663, 267, 396, 0, 1, 1
26252, 1, 1636471228312, 1636471228981, 669, 267, 402, 0, 0, 0
26253, 1, 1636471228374, 1636471229025, 651, 262, 389, 0, 0, 0
26254, 1, 1636471228382, 1636471229040, 658, 262, 396, 1, 0, 1
26255, 1, 1636471228514, 1636471229177, 663, 270, 393, 0, 0, 0
26256, 1, 1636471228548, 1636471229205, 657, 262, 395, 0, 0, 0
26257, 1, 1636471228558, 1636471229213, 655, 263, 392, 0, 1, 1
26258, 1, 1636471228584, 1636471229241, 657, 266, 391, 0, 0, 0
26259, 1, 1636471228625, 1636471229276, 651, 262, 389, 0, 0, 0
26262, 1, 1636471228848, 1636471229505, 657, 266, 391, 0, 0, 0
26263, 1, 1636471228850, 1636471229505, 655, 262, 393, 0, 0, 0
26265, 1, 1636471228870, 1636471229529, 659, 264, 395, 2, 0, 2
26261, 1, 1636471228648, 1636471229529, 881, 483, 398, 1, 2, 3
26264, 1, 1636471228868, 1636471229529, 661, 266, 395, 1, 1, 2
26266, 1, 1636471228887, 1636471229540, 653, 266, 387, 0, 0, 0
26267, 1, 1636471228898, 1636471229553, 655, 262, 393, 0, 0, 0
26268, 1, 1636471228920, 1636471229572, 652, 264, 388, 1, 1, 2
26260, 1, 1636471228634, 1636471229625, 991, 600, 391, 1, 1, 2
26269, 1, 1636471228968, 1636471229625, 657, 262, 395, 0, 0, 0
26270, 1, 1636471228982, 1636471229645, 663, 266, 397, 0, 0, 0
26271, 1, 1636471229040, 1636471229692, 652, 262, 390, 0, 0, 0
26273, 1, 1636471229180, 1636471229845, 665, 262, 403, 0, 0, 0
26274, 1, 1636471229214, 1636471229869, 655, 266, 389, 0, 0, 0
26275, 1, 1636471229224, 1636471229885, 661, 262, 399, 0, 0, 0
26276, 1, 1636471229250, 1636471229909, 659, 264, 395, 0, 1, 1
26277, 1, 1636471229291, 1636471229949, 658, 266, 392, 0, 0, 0
26272, 1, 1636471229048, 1636471229973, 925, 534, 391, 1, 1, 2
26278, 1, 1636471229514, 1636471230169, 655, 263, 392, 2, 1, 3
26279, 1, 1636471229517, 1636471230177, 660, 270, 390, 0, 1, 1
26280, 1, 1636471229530, 1636471230189, 659, 270, 389, 1, 0, 1
26281, 1, 1636471229534, 1636471230200, 666, 266, 400, 0, 2, 2
26282, 1, 1636471229537, 1636471230200, 663, 268, 395, 1, 1, 2
26284, 1, 1636471229565, 1636471230233, 668, 270, 398, 0, 0, 0
26285, 1, 1636471229586, 1636471230241, 655, 263, 392, 1, 0, 1
26287, 1, 1636471229634, 1636471230281, 647, 259, 388, 0, 0, 0
26288, 1, 1636471229649, 1636471230312, 663, 266, 397, 0, 0, 0
26289, 1, 1636471229706, 1636471230356, 650, 262, 388, 0, 1, 1
26290, 1, 1636471229846, 1636471230501, 655, 262, 393, 0, 0, 0
26283, 1, 1636471229554, 1636471230525, 971, 575, 396, 1, 0, 1
26286, 1, 1636471229626, 1636471230545, 919, 529, 390, 0, 2, 2
26292, 1, 1636471229890, 1636471230549, 659, 262, 397, 0, 0, 0
26293, 1, 1636471229916, 1636471230569, 653, 262, 391, 0, 0, 0
26294, 1, 1636471229957, 1636471230613, 656, 266, 390, 0, 0, 0
26295, 1, 1636471229974, 1636471230633, 659, 266, 393, 0, 0, 0
26291, 1, 1636471229880, 1636471230633, 753, 362, 391, 0, 0, 0
26297, 1, 1636471230183, 1636471230833, 650, 262, 388, 0, 0, 0
26296, 1, 1636471230181, 1636471230836, 655, 263, 392, 0, 1, 1
26298, 1, 1636471230196, 1636471230849, 653, 262, 391, 0, 0, 0
26299, 1, 1636471230202, 1636471230861, 659, 267, 392, 0, 0, 0
26300, 1, 1636471230203, 1636471230865, 662, 267, 395, 1, 0, 1
26301, 1, 1636471230234, 1636471230889, 655, 262, 393, 0, 0, 0
26302, 1, 1636471230252, 1636471230909, 657, 262, 395, 1, 1, 2
26303, 1, 1636471230300, 1636471230949, 649, 263, 386, 0, 1, 1
26304, 1, 1636471230316, 1636471230965, 649, 258, 391, 0, 0, 0
26305, 1, 1636471230372, 1636471231025, 653, 262, 391, 0, 0, 0
26306, 1, 1636471230512, 1636471231169, 657, 262, 395, 0, 0, 0
26307, 1, 1636471230526, 1636471231185, 659, 263, 396, 0, 0, 0
26308, 1, 1636471230557, 1636471231213, 656, 264, 392, 0, 1, 1
26309, 1, 1636471230582, 1636471231237, 655, 262, 393, 0, 0, 0
26311, 1, 1636471230634, 1636471231280, 646, 262, 384, 0, 0, 0
26312, 1, 1636471230641, 1636471231293, 652, 258, 394, 0, 0, 0
26313, 1, 1636471230848, 1636471231497, 649, 262, 387, 0, 0, 0
26314, 1, 1636471230849, 1636471231505, 656, 262, 394, 0, 0, 0
26315, 1, 1636471230862, 1636471231517, 655, 262, 393, 0, 0, 0
26316, 1, 1636471230868, 1636471231529, 661, 262, 399, 0, 0, 0
26317, 1, 1636471230869, 1636471231529, 660, 262, 398, 0, 0, 0
26310, 1, 1636471230622, 1636471231557, 935, 546, 389, 0, 0, 0
26318, 1, 1636471230901, 1636471231561, 660, 270, 390, 0, 1, 1
26319, 1, 1636471230918, 1636471231577, 659, 262, 397, 1, 0, 1
26320, 1, 1636471230966, 1636471231624, 658, 267, 391, 1, 0, 1
26321, 1, 1636471230982, 1636471231641, 659, 266, 393, 0, 0, 0
26322, 1, 1636471231038, 1636471231696, 658, 266, 392, 1, 0, 1
26323, 1, 1636471231178, 1636471231836, 658, 262, 396, 0, 0, 0
26324, 1, 1636471231192, 1636471231849, 657, 266, 391, 0, 0, 0
26325, 1, 1636471231223, 1636471231873, 650, 263, 387, 0, 0, 0
26326, 1, 1636471231248, 1636471231905, 657, 263, 394, 0, 1, 1
26327, 1, 1636471231300, 1636471231953, 653, 266, 387, 0, 0, 0
26328, 1, 1636471231307, 1636471231956, 649, 263, 386, 0, 0, 0
26330, 1, 1636471231515, 1636471232165, 650, 262, 388, 1, 0, 1
26329, 1, 1636471231514, 1636471232169, 655, 263, 392, 2, 0, 2
26333, 1, 1636471231535, 1636471232193, 658, 263, 395, 2, 1, 3
26332, 1, 1636471231534, 1636471232193, 659, 263, 396, 2, 1, 3
26331, 1, 1636471231528, 1636471232193, 665, 266, 399, 1, 0, 1
26334, 1, 1636471231558, 1636471232209, 651, 263, 388, 1, 0, 1
26335, 1, 1636471231567, 1636471232217, 650, 263, 387, 1, 0, 1
26336, 1, 1636471231632, 1636471232281, 649, 262, 387, 0, 0, 0
26337, 1, 1636471231704, 1636471232356, 652, 266, 386, 0, 0, 0
26338, 1, 1636471231844, 1636471232505, 661, 266, 395, 1, 0, 1
26339, 1, 1636471231858, 1636471232513, 655, 262, 393, 0, 0, 0
26340, 1, 1636471231890, 1636471232553, 663, 263, 400, 0, 2, 2
26341, 1, 1636471231914, 1636471232573, 659, 264, 395, 2, 0, 2
26342, 1, 1636471231966, 1636471232617, 651, 263, 388, 1, 0, 1
26343, 1, 1636471232181, 1636471232837, 656, 263, 393, 2, 0, 2
26344, 1, 1636471232181, 1636471232837, 656, 263, 393, 1, 0, 1
26345, 1, 1636471232195, 1636471232849, 654, 263, 391, 0, 2, 2
26346, 1, 1636471232200, 1636471232861, 661, 263, 398, 1, 1, 2
26348, 1, 1636471232224, 1636471232877, 653, 262, 391, 0, 0, 0
26347, 1, 1636471232202, 1636471232901, 699, 305, 394, 2, 1, 3
26350, 1, 1636471232298, 1636471232949, 651, 262, 389, 0, 0, 0
26352, 1, 1636471232510, 1636471233169, 659, 262, 397, 0, 0, 0
26353, 1, 1636471232525, 1636471233185, 660, 262, 398, 0, 0, 0
26354, 1, 1636471232556, 1636471233209, 653, 263, 390, 1, 0, 1
26355, 1, 1636471232580, 1636471233233, 653, 262, 391, 0, 0, 0
26356, 1, 1636471232632, 1636471233289, 657, 262, 395, 0, 0, 0
26357, 1, 1636471232847, 1636471233505, 658, 263, 395, 1, 0, 1
26358, 1, 1636471232848, 1636471233513, 665, 267, 398, 1, 0, 1
26359, 1, 1636471232860, 1636471233521, 661, 267, 394, 0, 0, 0
26360, 1, 1636471232867, 1636471233525, 658, 266, 392, 0, 0, 0
26361, 1, 1636471232890, 1636471233561, 671, 267, 404, 1, 1, 2
26362, 1, 1636471232902, 1636471233561, 659, 262, 397, 0, 0, 0
26363, 1, 1636471232964, 1636471233625, 661, 262, 399, 0, 0, 0
26365, 1, 1636471233191, 1636471233845, 654, 262, 392, 0, 0, 0
26366, 1, 1636471233222, 1636471233872, 650, 263, 387, 0, 2, 2
26367, 1, 1636471233246, 1636471233901, 655, 262, 393, 0, 0, 0
26364, 1, 1636471233176, 1636471233909, 733, 338, 395, 0, 1, 1
26368, 1, 1636471233298, 1636471233944, 646, 262, 384, 0, 0, 0
26369, 1, 1636471233514, 1636471234169, 655, 264, 391, 1, 0, 1
26370, 1, 1636471233514, 1636471234169, 655, 262, 393, 1, 0, 1
26372, 1, 1636471233533, 1636471234189, 656, 262, 394, 0, 0, 0
26374, 1, 1636471233568, 1636471234217, 649, 260, 389, 0, 2, 2
26373, 1, 1636471233562, 1636471234217, 655, 262, 393, 0, 0, 0
26371, 1, 1636471233526, 1636471234257, 731, 339, 392, 1, 1, 2
26375, 1, 1636471233631, 1636471234285, 654, 266, 388, 0, 0, 0
26376, 1, 1636471233858, 1636471234517, 659, 266, 393, 0, 0, 0
26379, 1, 1636471233912, 1636471234565, 653, 263, 390, 1, 0, 1
26378, 1, 1636471233910, 1636471234565, 655, 263, 392, 2, 0, 2
26377, 1, 1636471233889, 1636471234609, 720, 326, 394, 0, 0, 0
26380, 1, 1636471233964, 1636471234617, 653, 266, 387, 0, 0, 0
26351, 2, 1636471232370, 1636471234723, 2353, 0, 2353, 0, 0, 0
26349, 2, 1636471232234, 1636471234723, 2489, 0, 2489, 0, 1, 1
26381, 1, 1636471234180, 1636471234837, 657, 262, 395, 1, 0, 1
26382, 1, 1636471234181, 1636471234845, 664, 266, 398, 0, 1, 1
26383, 1, 1636471234200, 1636471234857, 657, 262, 395, 0, 0, 0
26385, 1, 1636471234235, 1636471234885, 650, 262, 388, 0, 0, 0
26384, 1, 1636471234228, 1636471234885, 657, 263, 394, 0, 1, 1
26386, 1, 1636471234258, 1636471234913, 655, 262, 393, 0, 0, 0
26387, 1, 1636471234524, 1636471235173, 649, 263, 386, 0, 0, 0
26388, 1, 1636471234576, 1636471235232, 656, 262, 394, 1, 0, 1
26389, 1, 1636471234578, 1636471235232, 654, 263, 391, 1, 1, 2
26390, 1, 1636471234610, 1636471235261, 651, 262, 389, 1, 0, 1
26391, 1, 1636471234630, 1636471235284, 654, 266, 388, 0, 0, 0
26393, 1, 1636471234809, 1636471235469, 660, 271, 389, 2, 0, 2
26392, 1, 1636471234809, 1636471235469, 660, 268, 392, 3, 1, 4
26394, 1, 1636471234846, 1636471235501, 655, 263, 392, 2, 1, 3
26395, 1, 1636471234848, 1636471235509, 661, 262, 399, 1, 0, 1
26396, 1, 1636471234867, 1636471235521, 654, 262, 392, 0, 0, 0
26397, 1, 1636471234895, 1636471235549, 654, 263, 391, 1, 0, 1
26398, 1, 1636471234902, 1636471235569, 667, 262, 405, 0, 0, 0
26399, 1, 1636471234924, 1636471235581, 657, 263, 394, 0, 0, 0
26400, 1, 1636471235190, 1636471235849, 659, 267, 392, 1, 0, 1
26401, 1, 1636471235242, 1636471235897, 655, 262, 393, 1, 0, 1
26402, 1, 1636471235244, 1636471235897, 653, 262, 391, 1, 0, 1
26403, 1, 1636471235277, 1636471235933, 656, 262, 394, 0, 0, 0
26404, 1, 1636471235296, 1636471235953, 657, 262, 395, 0, 0, 0
26408, 1, 1636471235514, 1636471236164, 650, 262, 388, 0, 1, 1
26407, 1, 1636471235512, 1636471236164, 652, 262, 390, 0, 0, 0
26409, 1, 1636471235533, 1636471236197, 664, 262, 402, 0, 0, 0
26405, 1, 1636471235470, 1636471236201, 731, 331, 400, 1, 0, 1
26410, 1, 1636471235562, 1636471236217, 655, 262, 393, 0, 0, 0
26412, 1, 1636471235590, 1636471236249, 659, 262, 397, 0, 0, 0
26411, 1, 1636471235570, 1636471236281, 711, 318, 393, 0, 0, 0
26406, 1, 1636471235470, 1636471236301, 831, 435, 396, 0, 1, 1
26413, 1, 1636471235857, 1636471236517, 660, 264, 396, 2, 0, 2
26415, 1, 1636471235909, 1636471236569, 660, 267, 393, 1, 0, 1
26414, 1, 1636471235908, 1636471236569, 661, 267, 394, 3, 0, 3
26416, 1, 1636471235944, 1636471236601, 657, 267, 390, 1, 0, 1
26417, 1, 1636471235962, 1636471236608, 646, 263, 383, 0, 0, 0
26418, 1, 1636471236179, 1636471236837, 658, 267, 391, 2, 0, 2
26419, 1, 1636471236180, 1636471236837, 657, 267, 390, 3, 0, 3
26420, 1, 1636471236199, 1636471236861, 662, 266, 396, 0, 0, 0
26421, 1, 1636471236202, 1636471236861, 659, 266, 393, 0, 0, 0
26422, 1, 1636471236229, 1636471236884, 655, 266, 389, 0, 0, 0
26423, 1, 1636471236256, 1636471236913, 657, 266, 391, 1, 0, 1
26424, 1, 1636471236282, 1636471236941, 659, 266, 393, 0, 0, 0
26425, 1, 1636471236302, 1636471236957, 655, 259, 396, 0, 1, 1
26426, 1, 1636471236523, 1636471237177, 654, 262, 392, 0, 0, 0
26427, 1, 1636471236575, 1636471237225, 650, 262, 388, 0, 1, 1
26428, 1, 1636471236576, 1636471237229, 653, 258, 395, 0, 1, 1
26429, 1, 1636471236610, 1636471237265, 655, 262, 393, 0, 0, 0
26430, 1, 1636471236629, 1636471237289, 660, 262, 398, 0, 0, 0
26431, 1, 1636471236846, 1636471237500, 654, 263, 391, 2, 0, 2
26432, 1, 1636471236846, 1636471237500, 654, 263, 391, 2, 0, 2
26434, 1, 1636471236869, 1636471237525, 656, 262, 394, 2, 0, 2
26433, 1, 1636471236865, 1636471237525, 660, 263, 397, 4, 0, 4
26435, 1, 1636471236896, 1636471237549, 653, 266, 387, 0, 0, 0
26436, 1, 1636471236922, 1636471237581, 659, 266, 393, 0, 0, 0
26437, 1, 1636471236948, 1636471237605, 657, 263, 394, 0, 0, 0
26438, 1, 1636471236968, 1636471237637, 669, 278, 391, 0, 0, 0
26439, 1, 1636471237189, 1636471237845, 656, 262, 394, 0, 0, 0
26440, 1, 1636471237241, 1636471237901, 660, 263, 397, 1, 1, 2
26441, 1, 1636471237242, 1636471237901, 659, 263, 396, 0, 1, 1
26442, 1, 1636471237275, 1636471237933, 658, 266, 392, 0, 0, 0
26443, 1, 1636471237294, 1636471237949, 655, 262, 393, 0, 1, 1
26444, 1, 1636471237512, 1636471238161, 649, 259, 390, 0, 1, 1
26445, 1, 1636471237512, 1636471238169, 657, 267, 390, 1, 0, 1
26447, 1, 1636471237535, 1636471238189, 654, 263, 391, 1, 1, 2
26446, 1, 1636471237532, 1636471238189, 657, 262, 395, 1, 0, 1
26448, 1, 1636471237562, 1636471238229, 667, 266, 401, 0, 0, 0
26449, 1, 1636471237588, 1636471238245, 657, 262, 395, 0, 0, 0
26450, 1, 1636471237615, 1636471238269, 654, 262, 392, 0, 0, 0
26451, 1, 1636471237638, 1636471238293, 655, 266, 389, 0, 0, 0
26452, 1, 1636471237856, 1636471238505, 649, 262, 387, 0, 0, 0
26453, 1, 1636471237907, 1636471238561, 654, 262, 392, 1, 0, 1
26454, 1, 1636471237908, 1636471238561, 653, 263, 390, 0, 1, 1
26455, 1, 1636471237942, 1636471238593, 651, 262, 389, 0, 0, 0
26456, 1, 1636471237960, 1636471238617, 657, 262, 395, 0, 0, 0
26457, 1, 1636471238177, 1636471238842, 665, 263, 402, 2, 1, 3
26458, 1, 1636471238179, 1636471238842, 663, 263, 400, 2, 0, 2
26460, 1, 1636471238201, 1636471238853, 652, 262, 390, 0, 0, 0
26461, 1, 1636471238230, 1636471238885, 655, 262, 393, 0, 0, 0
26462, 1, 1636471238254, 1636471238909, 655, 262, 393, 0, 0, 0
26459, 1, 1636471238199, 1636471238940, 741, 350, 391, 0, 0, 0
26463, 1, 1636471238282, 1636471238941, 659, 262, 397, 0, 0, 0
26464, 1, 1636471238523, 1636471239189, 666, 270, 396, 1, 0, 1
26465, 1, 1636471238573, 1636471239221, 648, 262, 386, 0, 0, 0
26466, 1, 1636471238573, 1636471239237, 664, 262, 402, 1, 0, 1
26467, 1, 1636471238608, 1636471239269, 661, 271, 390, 1, 1, 2
26468, 1, 1636471238627, 1636471239277, 650, 266, 384, 0, 1, 1
26469, 1, 1636471238845, 1636471239509, 664, 262, 402, 0, 0, 0
26470, 1, 1636471238869, 1636471239529, 660, 262, 398, 0, 0, 0
26471, 1, 1636471238896, 1636471239549, 653, 263, 390, 0, 1, 1
26472, 1, 1636471238920, 1636471239581, 661, 266, 395, 0, 0, 0
26473, 1, 1636471238942, 1636471239601, 659, 262, 397, 0, 0, 0
26474, 1, 1636471238948, 1636471239601, 653, 262, 391, 0, 0, 0
26475, 1, 1636471239190, 1636471239852, 662, 268, 394, 1, 1, 2
26477, 1, 1636471239240, 1636471239897, 657, 263, 394, 1, 1, 2
26476, 1, 1636471239240, 1636471239897, 657, 263, 394, 0, 0, 0
26478, 1, 1636471239274, 1636471239925, 651, 262, 389, 0, 0, 0
26479, 1, 1636471239293, 1636471239957, 664, 266, 398, 0, 0, 0
26480, 1, 1636471239512, 1636471240168, 656, 263, 393, 1, 0, 1
26481, 1, 1636471239535, 1636471240193, 658, 262, 396, 1, 0, 1
26482, 1, 1636471239562, 1636471240225, 663, 262, 401, 0, 1, 1
26483, 1, 1636471239586, 1636471240245, 659, 263, 396, 0, 0, 0
26484, 1, 1636471239607, 1636471240252, 645, 262, 383, 0, 0, 0
26485, 1, 1636471239614, 1636471240273, 659, 262, 397, 0, 0, 0
26486, 1, 1636471239857, 1636471240520, 663, 266, 397, 0, 0, 0
26488, 1, 1636471239907, 1636471240565, 658, 263, 395, 3, 0, 3
26487, 1, 1636471239906, 1636471240565, 659, 262, 397, 2, 0, 2
26489, 1, 1636471239940, 1636471240601, 661, 262, 399, 0, 0, 0
26490, 1, 1636471239958, 1636471240609, 651, 266, 385, 0, 0, 0
26491, 1, 1636471240178, 1636471240828, 650, 262, 388, 0, 0, 0
26492, 1, 1636471240202, 1636471240861, 659, 262, 397, 0, 0, 0
26493, 1, 1636471240229, 1636471240889, 660, 266, 394, 0, 0, 0
26494, 1, 1636471240252, 1636471240917, 665, 262, 403, 0, 0, 0
26495, 1, 1636471240274, 1636471240929, 655, 262, 393, 0, 0, 0
26496, 1, 1636471240281, 1636471240933, 652, 262, 390, 0, 0, 0
26497, 1, 1636471240522, 1636471241177, 655, 263, 392, 0, 1, 1
26499, 1, 1636471240573, 1636471241225, 652, 263, 389, 1, 0, 1
26498, 1, 1636471240573, 1636471241225, 652, 262, 390, 0, 0, 0
26500, 1, 1636471240606, 1636471241265, 659, 266, 393, 0, 0, 0
26501, 1, 1636471240625, 1636471241277, 652, 262, 390, 0, 0, 0
26502, 1, 1636471240844, 1636471241501, 657, 267, 390, 0, 1, 1
26503, 1, 1636471240869, 1636471241529, 660, 262, 398, 1, 0, 1
26505, 1, 1636471240919, 1636471241573, 654, 263, 391, 1, 0, 1
26506, 1, 1636471240939, 1636471241593, 654, 268, 386, 1, 1, 2
26507, 1, 1636471240947, 1636471241609, 662, 266, 396, 0, 0, 0
26508, 1, 1636471241189, 1636471241841, 652, 262, 390, 0, 1, 1
26504, 1, 1636471240895, 1636471241849, 954, 563, 391, 1, 1, 2
26510, 1, 1636471241240, 1636471241897, 657, 263, 394, 1, 1, 2
26509, 1, 1636471241239, 1636471241897, 658, 262, 396, 1, 0, 1
26511, 1, 1636471241272, 1636471241921, 649, 262, 387, 0, 0, 0
26512, 1, 1636471241290, 1636471241940, 650, 262, 388, 0, 0, 0
26513, 1, 1636471241510, 1636471242164, 654, 262, 392, 0, 0, 0
26514, 1, 1636471241536, 1636471242189, 653, 262, 391, 0, 0, 0
26515, 1, 1636471241584, 1636471242245, 661, 266, 395, 0, 0, 0
26516, 1, 1636471241606, 1636471242265, 659, 266, 393, 0, 0, 0
26517, 1, 1636471241614, 1636471242273, 659, 266, 393, 0, 0, 0
26518, 1, 1636471241850, 1636471242504, 654, 262, 392, 0, 0, 0
26520, 1, 1636471241907, 1636471242560, 653, 263, 390, 1, 1, 2
26519, 1, 1636471241907, 1636471242561, 654, 263, 391, 1, 1, 2
26521, 1, 1636471241938, 1636471242589, 651, 262, 389, 0, 0, 0
26522, 1, 1636471241957, 1636471242613, 656, 262, 394, 0, 0, 0
26524, 1, 1636471242203, 1636471242856, 653, 262, 391, 0, 0, 0
26525, 1, 1636471242250, 1636471242900, 650, 262, 388, 0, 0, 0
26526, 1, 1636471242272, 1636471242937, 665, 262, 403, 0, 0, 0
26527, 1, 1636471242281, 1636471242937, 656, 262, 394, 0, 0, 0
26523, 1, 1636471242176, 1636471242960, 784, 394, 390, 0, 0, 0
26528, 1, 1636471242516, 1636471243156, 640, 255, 385, 0, 2, 2
26530, 1, 1636471242573, 1636471243216, 643, 258, 385, 0, 1, 1
26529, 1, 1636471242573, 1636471243224, 651, 262, 389, 0, 0, 0
26531, 1, 1636471242605, 1636471243249, 644, 258, 386, 0, 0, 0
26532, 1, 1636471242623, 1636471243277, 654, 263, 391, 0, 0, 0
26533, 1, 1636471242868, 1636471243525, 657, 262, 395, 0, 0, 0
26534, 1, 1636471242916, 1636471243569, 653, 258, 395, 0, 0, 0
26535, 1, 1636471242939, 1636471243589, 650, 255, 395, 0, 1, 1
26536, 1, 1636471242947, 1636471243593, 646, 260, 386, 1, 0, 1
26537, 1, 1636471242961, 1636471243621, 660, 263, 397, 0, 1, 1
26538, 1, 1636471243181, 1636471243833, 652, 262, 390, 0, 0, 0
26540, 1, 1636471243239, 1636471243897, 658, 262, 396, 0, 0, 0
26539, 1, 1636471243239, 1636471243897, 658, 266, 392, 0, 0, 0
26541, 1, 1636471243271, 1636471243936, 665, 266, 399, 0, 0, 0
26542, 1, 1636471243289, 1636471243940, 651, 264, 387, 2, 1, 3
26543, 1, 1636471243535, 1636471244193, 658, 262, 396, 0, 1, 1
26544, 1, 1636471243582, 1636471244237, 655, 263, 392, 1, 0, 1
26545, 1, 1636471243605, 1636471244261, 656, 266, 390, 0, 0, 0
26546, 1, 1636471243628, 1636471244289, 661, 270, 391, 0, 0, 0
26547, 1, 1636471243848, 1636471244501, 653, 262, 391, 0, 0, 0
26548, 1, 1636471243905, 1636471244565, 660, 262, 398, 0, 0, 0
26549, 1, 1636471243938, 1636471244597, 659, 262, 397, 0, 1, 1
26550, 1, 1636471243956, 1636471244617, 661, 263, 398, 1, 0, 1
26551, 1, 1636471244202, 1636471244857, 655, 263, 392, 0, 1, 1
26552, 1, 1636471244248, 1636471244913, 665, 270, 395, 1, 0, 1
26553, 1, 1636471244272, 1636471244925, 653, 262, 391, 0, 1, 1
26554, 1, 1636471244294, 1636471244945, 651, 263, 388, 1, 0, 1
26555, 1, 1636471244515, 1636471245169, 654, 262, 392, 0, 0, 0
26556, 1, 1636471244571, 1636471245229, 658, 262, 396, 1, 0, 1
26557, 1, 1636471244604, 1636471245261, 657, 267, 390, 0, 0, 0
26558, 1, 1636471244622, 1636471245272, 650, 263, 387, 1, 0, 1
26559, 1, 1636471244914, 1636471245577, 663, 270, 393, 1, 0, 1
26560, 1, 1636471244939, 1636471245593, 654, 262, 392, 0, 0, 0
26561, 1, 1636471244960, 1636471245617, 657, 263, 394, 0, 1, 1
26562, 1, 1636471245182, 1636471245845, 663, 262, 401, 1, 0, 1
26563, 1, 1636471245237, 1636471245888, 651, 262, 389, 0, 0, 0
26564, 1, 1636471245271, 1636471245929, 658, 262, 396, 1, 0, 1
26565, 1, 1636471245289, 1636471245945, 656, 262, 394, 0, 0, 0
26566, 1, 1636471245580, 1636471246236, 656, 262, 394, 1, 1, 2
26567, 1, 1636471245606, 1636471246265, 659, 266, 393, 0, 0, 0
26568, 1, 1636471245626, 1636471246281, 655, 263, 392, 1, 0, 1
26569, 1, 1636471245848, 1636471246505, 657, 262, 395, 0, 0, 0
26570, 1, 1636471245905, 1636471246561, 656, 261, 395, 0, 0, 0
26571, 1, 1636471245938, 1636471246593, 655, 262, 393, 0, 0, 0
26572, 1, 1636471245955, 1636471246604, 649, 263, 386, 0, 1, 1
26573, 1, 1636471246246, 1636471246901, 655, 262, 393, 1, 0, 1
26574, 1, 1636471246272, 1636471246925, 653, 262, 391, 0, 0, 0
26575, 1, 1636471246292, 1636471246945, 653, 266, 387, 0, 0, 0
26577, 1, 1636471246570, 1636471247225, 655, 262, 393, 0, 0, 0
26578, 1, 1636471246604, 1636471247257, 653, 262, 391, 0, 0, 0
26579, 1, 1636471246621, 1636471247273, 652, 262, 390, 0, 0, 0
26576, 1, 1636471246515, 1636471247273, 758, 366, 392, 0, 0, 0
26580, 1, 1636471246912, 1636471247569, 657, 266, 391, 0, 0, 0
26581, 1, 1636471246958, 1636471247613, 655, 263, 392, 1, 0, 1
26582, 1, 1636471247236, 1636471247888, 652, 262, 390, 0, 0, 0
26583, 1, 1636471247271, 1636471247916, 645, 259, 386, 1, 0, 1
26584, 1, 1636471247274, 1636471247924, 650, 262, 388, 0, 0, 0
26585, 1, 1636471247578, 1636471248233, 655, 262, 393, 0, 1, 1
26586, 1, 1636471247624, 1636471248269, 645, 254, 391, 0, 1, 1
26588, 1, 1636471247941, 1636471248592, 651, 263, 388, 0, 1, 1
26587, 1, 1636471247937, 1636471248592, 655, 265, 390, 0, 1, 1
26589, 1, 1636471248244, 1636471248901, 657, 262, 395, 0, 0, 0
26590, 1, 1636471248290, 1636471248945, 655, 263, 392, 0, 1, 1
26591, 1, 1636471248607, 1636471249261, 654, 262, 392, 0, 0, 0
26592, 1, 1636471248910, 1636471249565, 655, 262, 393, 0, 0, 0
26593, 1, 1636471248956, 1636471249613, 657, 262, 395, 0, 0, 0
26594, 1, 1636471249576, 1636471250233, 657, 261, 396, 0, 0, 0
26595, 1, 1636471249623, 1636471250277, 654, 263, 391, 1, 0, 1
26596, 1, 1636471250242, 1636471250897, 655, 262, 393, 0, 0, 0
26597, 1, 1636471250289, 1636471250945, 656, 262, 394, 0, 0, 0
26598, 1, 1636471250956, 1636471251609, 653, 262, 391, 0, 0, 0
26599, 1, 1636471251622, 1636471252277, 655, 262, 393, 0, 0, 0
26600, 1, 1636471252288, 1636471252941, 653, 262, 391, 0, 0, 0
26601, 1, 1636471466232, 1636471466845, 613, 262, 351, 0, 0, 0
26602, 1, 1636471466735, 1636471467345, 610, 262, 348, 0, 0, 0
26603, 1, 1636471466846, 1636471467501, 655, 262, 393, 0, 0, 0
26604, 1, 1636471467346, 1636471468000, 654, 262, 392, 0, 0, 0
26606, 1, 1636471467534, 1636471468145, 611, 263, 348, 0, 0, 0
26605, 1, 1636471467502, 1636471468157, 655, 262, 393, 0, 0, 0
26608, 1, 1636471468029, 1636471468641, 612, 262, 350, 0, 0, 0
26607, 1, 1636471468002, 1636471468657, 655, 262, 393, 0, 0, 0
26609, 1, 1636471468146, 1636471468793, 647, 258, 389, 0, 0, 0
26610, 1, 1636471468158, 1636471468813, 655, 262, 393, 0, 0, 0
26613, 1, 1636471468682, 1636471469293, 611, 262, 349, 0, 0, 0
26611, 1, 1636471468642, 1636471469304, 662, 262, 400, 0, 0, 0
26612, 1, 1636471468658, 1636471469313, 655, 262, 393, 0, 0, 0
26614, 1, 1636471468794, 1636471469453, 659, 262, 397, 0, 0, 0
26615, 1, 1636471468814, 1636471469469, 655, 262, 393, 0, 0, 0
26617, 1, 1636471469304, 1636471469909, 605, 259, 346, 0, 1, 1
26616, 1, 1636471469294, 1636471469945, 651, 262, 389, 0, 0, 0
26619, 1, 1636471469314, 1636471469965, 651, 264, 387, 0, 1, 1
26618, 1, 1636471469306, 1636471469965, 659, 267, 392, 0, 1, 1
26620, 1, 1636471469453, 1636471470109, 656, 258, 398, 0, 0, 0
26621, 1, 1636471469470, 1636471470121, 651, 260, 391, 1, 1, 2
26623, 1, 1636471469946, 1636471470557, 611, 262, 349, 0, 0, 0
26622, 1, 1636471469910, 1636471470569, 659, 262, 397, 0, 0, 0
26624, 1, 1636471469946, 1636471470597, 651, 262, 389, 0, 0, 0
26625, 1, 1636471469966, 1636471470629, 663, 267, 396, 0, 1, 1
26626, 1, 1636471469966, 1636471470629, 663, 267, 396, 1, 0, 1
26627, 1, 1636471470110, 1636471470757, 647, 264, 383, 0, 0, 0
26628, 1, 1636471470122, 1636471470784, 662, 262, 400, 0, 0, 0
26629, 1, 1636471470558, 1636471471217, 659, 262, 397, 0, 0, 0
26630, 1, 1636471470570, 1636471471225, 655, 266, 389, 0, 0, 0
26632, 1, 1636471470622, 1636471471229, 607, 262, 345, 0, 0, 0
26631, 1, 1636471470598, 1636471471253, 655, 263, 392, 1, 0, 1
26633, 1, 1636471470630, 1636471471289, 659, 266, 393, 0, 0, 0
26634, 1, 1636471470630, 1636471471289, 659, 267, 392, 0, 0, 0
26635, 1, 1636471470758, 1636471471408, 650, 262, 388, 0, 0, 0
26636, 1, 1636471470786, 1636471471445, 659, 263, 396, 1, 0, 1
26640, 1, 1636471471235, 1636471471856, 621, 263, 358, 1, 0, 1
26637, 1, 1636471471218, 1636471471885, 667, 271, 396, 0, 0, 0
26638, 1, 1636471471226, 1636471471889, 663, 266, 397, 0, 0, 0
26639, 1, 1636471471230, 1636471471893, 663, 266, 397, 0, 0, 0
26641, 1, 1636471471254, 1636471471909, 655, 266, 389, 0, 0, 0
26642, 1, 1636471471290, 1636471471948, 658, 267, 391, 0, 1, 1
26643, 1, 1636471471290, 1636471471952, 662, 271, 391, 2, 0, 2
26644, 1, 1636471471410, 1636471472068, 658, 263, 395, 1, 0, 1
26645, 1, 1636471471446, 1636471472201, 755, 367, 388, 1, 1, 2
26647, 1, 1636471471858, 1636471472509, 651, 262, 389, 0, 0, 0
26649, 1, 1636471471890, 1636471472537, 647, 258, 389, 0, 0, 0
26648, 1, 1636471471886, 1636471472541, 655, 262, 393, 0, 0, 0
26646, 1, 1636471471703, 1636471472549, 846, 498, 348, 0, 1, 1
26650, 1, 1636471471894, 1636471472553, 659, 266, 393, 0, 0, 0
26651, 1, 1636471471910, 1636471472569, 659, 262, 397, 0, 0, 0
26653, 1, 1636471471954, 1636471472613, 659, 262, 397, 0, 0, 0
26654, 1, 1636471472069, 1636471472716, 647, 258, 389, 1, 0, 1
26655, 1, 1636471472202, 1636471472861, 659, 263, 396, 0, 0, 0
26652, 1, 1636471471950, 1636471472897, 947, 555, 392, 0, 0, 0
26656, 1, 1636471472510, 1636471473173, 663, 266, 397, 0, 0, 0
26657, 1, 1636471472538, 1636471473193, 655, 263, 392, 1, 1, 2
26658, 1, 1636471472542, 1636471473201, 659, 263, 396, 1, 1, 2
26659, 1, 1636471472550, 1636471473205, 655, 262, 393, 0, 0, 0
26660, 1, 1636471472554, 1636471473213, 659, 266, 393, 0, 0, 0
26661, 1, 1636471472570, 1636471473225, 655, 262, 393, 0, 0, 0
26662, 1, 1636471472614, 1636471473273, 659, 263, 396, 1, 1, 2
26663, 1, 1636471472718, 1636471473377, 659, 267, 392, 0, 1, 1
26664, 1, 1636471472862, 1636471473521, 659, 266, 393, 0, 0, 0
26665, 1, 1636471472898, 1636471473549, 651, 263, 388, 0, 0, 0
26666, 1, 1636471473174, 1636471473833, 659, 270, 389, 0, 0, 0
26667, 1, 1636471473194, 1636471473849, 655, 262, 393, 1, 0, 1
26668, 1, 1636471473202, 1636471473852, 650, 262, 388, 0, 0, 0
26669, 1, 1636471473206, 1636471473868, 662, 266, 396, 1, 0, 1
26670, 1, 1636471473215, 1636471473868, 653, 262, 391, 0, 0, 0
26671, 1, 1636471473226, 1636471473877, 651, 260, 391, 1, 2, 3
26673, 1, 1636471473283, 1636471473893, 610, 263, 347, 1, 0, 1
26674, 1, 1636471473378, 1636471474028, 650, 260, 390, 0, 0, 0
26675, 1, 1636471473522, 1636471474176, 654, 267, 387, 0, 0, 0
26676, 1, 1636471473550, 1636471474201, 651, 259, 392, 0, 0, 0
26672, 1, 1636471473274, 1636471474241, 967, 575, 392, 0, 1, 1
26678, 1, 1636471473834, 1636471474493, 659, 266, 393, 0, 0, 0
26679, 1, 1636471473850, 1636471474505, 655, 262, 393, 1, 0, 1
26680, 1, 1636471473854, 1636471474513, 659, 264, 395, 1, 0, 1
26681, 1, 1636471473870, 1636471474529, 659, 264, 395, 0, 2, 2
26682, 1, 1636471473870, 1636471474529, 659, 263, 396, 0, 1, 1
26684, 1, 1636471473894, 1636471474553, 659, 263, 396, 1, 1, 2
26677, 1, 1636471473674, 1636471474588, 914, 566, 348, 0, 0, 0
26685, 1, 1636471474029, 1636471474680, 651, 263, 388, 0, 0, 0
26687, 1, 1636471474202, 1636471474853, 651, 258, 393, 0, 0, 0
26688, 1, 1636471474242, 1636471474897, 655, 262, 393, 0, 0, 0
26686, 1, 1636471474178, 1636471474901, 723, 335, 388, 0, 1, 1
26683, 1, 1636471473878, 1636471474941, 1063, 671, 392, 0, 0, 0
26690, 1, 1636471474494, 1636471475149, 655, 262, 393, 0, 0, 0
26692, 1, 1636471474514, 1636471475169, 655, 262, 393, 0, 0, 0
26694, 1, 1636471474530, 1636471475185, 655, 263, 392, 1, 0, 1
26693, 1, 1636471474530, 1636471475185, 655, 262, 393, 1, 0, 1
26695, 1, 1636471474554, 1636471475217, 663, 266, 397, 0, 0, 0
26696, 1, 1636471474590, 1636471475245, 655, 266, 389, 1, 0, 1
26689, 1, 1636471474334, 1636471475289, 955, 606, 349, 0, 1, 1
26697, 1, 1636471474681, 1636471475337, 656, 262, 394, 1, 0, 1
26701, 1, 1636471474902, 1636471475556, 654, 262, 392, 0, 0, 0
26700, 1, 1636471474898, 1636471475556, 658, 266, 392, 1, 0, 1
26702, 1, 1636471474942, 1636471475589, 647, 262, 385, 1, 0, 1
26698, 1, 1636471474854, 1636471475593, 739, 347, 392, 2, 0, 2
26699, 1, 1636471474886, 1636471475636, 750, 402, 348, 1, 0, 1
26703, 1, 1636471475150, 1636471475805, 655, 262, 393, 0, 0, 0
26706, 1, 1636471475186, 1636471475848, 662, 263, 399, 1, 1, 2
26705, 1, 1636471475186, 1636471475852, 666, 263, 403, 1, 0, 1
26707, 1, 1636471475218, 1636471475873, 655, 263, 392, 1, 0, 1
26708, 1, 1636471475247, 1636471475909, 662, 264, 398, 0, 1, 1
26709, 1, 1636471475290, 1636471475945, 655, 262, 393, 1, 1, 2
26713, 1, 1636471475558, 1636471476213, 655, 269, 386, 2, 1, 3
26715, 1, 1636471475594, 1636471476248, 654, 266, 388, 1, 0, 1
26714, 1, 1636471475590, 1636471476248, 658, 266, 392, 0, 0, 0
26710, 1, 1636471475338, 1636471476293, 955, 569, 386, 1, 0, 1
26717, 1, 1636471475806, 1636471476461, 655, 262, 393, 0, 0, 0
26718, 1, 1636471475850, 1636471476505, 655, 264, 391, 0, 1, 1
26721, 1, 1636471475874, 1636471476525, 651, 263, 388, 0, 0, 0
26722, 1, 1636471475910, 1636471476556, 646, 258, 388, 0, 0, 0
26723, 1, 1636471475946, 1636471476593, 647, 258, 389, 0, 0, 0
26716, 1, 1636471475638, 1636471476637, 999, 612, 387, 1, 1, 2
26726, 1, 1636471476250, 1636471476901, 651, 264, 387, 2, 1, 3
26727, 1, 1636471476293, 1636471476953, 660, 267, 393, 0, 1, 1
26724, 1, 1636471476214, 1636471476981, 767, 379, 388, 0, 1, 1
26729, 1, 1636471476506, 1636471477169, 663, 266, 397, 1, 1, 2
26730, 1, 1636471476526, 1636471477181, 655, 262, 393, 0, 0, 0
26731, 1, 1636471476558, 1636471477212, 654, 262, 392, 0, 0, 0
26732, 1, 1636471476594, 1636471477253, 659, 262, 397, 1, 0, 1
26733, 1, 1636471476639, 1636471477297, 658, 263, 395, 1, 0, 1
26691, 2, 1636471474506, 1636471477519, 3013, 0, 3013, 0, 0, 0
26704, 2, 1636471475170, 1636471477519, 2349, 0, 2349, 0, 1, 1
26734, 1, 1636471476902, 1636471477545, 643, 258, 385, 1, 0, 1
26736, 1, 1636471476982, 1636471477641, 659, 262, 397, 0, 0, 0
26711, 2, 1636471475424, 1636471477646, 2222, 0, 2222, 0, 0, 0
26712, 2, 1636471475558, 1636471477822, 2264, 1, 2263, 1, 1, 2
26739, 1, 1636471477182, 1636471477840, 658, 262, 396, 0, 0, 0
26740, 1, 1636471477214, 1636471477869, 655, 264, 391, 1, 1, 2
26741, 1, 1636471477254, 1636471477909, 655, 266, 389, 1, 0, 1
26742, 1, 1636471477298, 1636471477953, 655, 263, 392, 1, 1, 2
26720, 2, 1636471475861, 1636471478078, 2217, 0, 2217, 0, 0, 0
26719, 2, 1636471475854, 1636471478118, 2264, 0, 2264, 0, 0, 0
26743, 1, 1636471477546, 1636471478197, 651, 262, 389, 0, 0, 0
26745, 1, 1636471477605, 1636471478257, 652, 263, 389, 0, 0, 0
26748, 1, 1636471477733, 1636471478389, 656, 262, 394, 0, 0, 0
26749, 1, 1636471477842, 1636471478497, 655, 262, 393, 0, 0, 0
26725, 2, 1636471476250, 1636471478514, 2264, 0, 2264, 0, 0, 0
26750, 1, 1636471477870, 1636471478521, 651, 258, 393, 0, 0, 0
26752, 1, 1636471477911, 1636471478565, 654, 262, 392, 0, 1, 1
26746, 1, 1636471477605, 1636471478601, 996, 606, 390, 0, 0, 0
26753, 1, 1636471477954, 1636471478609, 655, 262, 393, 0, 0, 0
26728, 2, 1636471476462, 1636471478726, 2264, 0, 2264, 0, 0, 0
26751, 1, 1636471477909, 1636471478741, 832, 442, 390, 0, 1, 1
26758, 1, 1636471478258, 1636471478917, 659, 266, 393, 1, 0, 1
26757, 1, 1636471478205, 1636471478957, 752, 355, 397, 1, 1, 2
26759, 1, 1636471478390, 1636471479045, 655, 262, 393, 0, 0, 0
26755, 1, 1636471478165, 1636471479089, 924, 534, 390, 1, 0, 1
26761, 1, 1636471478522, 1636471479177, 655, 258, 397, 0, 1, 1
26735, 2, 1636471476954, 1636471479218, 2264, 0, 2264, 0, 0, 0
26762, 1, 1636471478566, 1636471479220, 654, 262, 392, 0, 0, 0
26737, 2, 1636471477030, 1636471479246, 2216, 0, 2216, 0, 0, 0
26764, 1, 1636471478602, 1636471479265, 663, 271, 392, 2, 0, 2
26765, 1, 1636471478610, 1636471479269, 659, 266, 393, 0, 0, 0
26766, 1, 1636471478743, 1636471479397, 654, 264, 390, 1, 1, 2
26763, 1, 1636471478601, 1636471479433, 832, 444, 388, 2, 2, 4
26738, 2, 1636471477170, 1636471479434, 2264, 0, 2264, 0, 0, 0
26767, 1, 1636471478813, 1636471479476, 663, 262, 401, 0, 0, 0
26768, 1, 1636471478918, 1636471479585, 667, 267, 400, 0, 1, 1
26770, 1, 1636471478958, 1636471479613, 655, 263, 392, 0, 3, 3
26771, 1, 1636471479046, 1636471479701, 655, 261, 394, 0, 3, 3
26772, 1, 1636471479090, 1636471479744, 654, 265, 389, 1, 2, 3
26744, 2, 1636471477559, 1636471479778, 2219, 0, 2219, 0, 0, 0
26774, 1, 1636471479222, 1636471479877, 655, 267, 388, 2, 2, 4
26747, 2, 1636471477642, 1636471479906, 2264, 0, 2264, 0, 0, 0
26775, 1, 1636471479266, 1636471479933, 667, 275, 392, 2, 1, 3
26776, 1, 1636471479270, 1636471479933, 663, 270, 393, 0, 0, 0
26777, 1, 1636471479305, 1636471479957, 652, 268, 384, 0, 2, 2
26779, 1, 1636471479398, 1636471480053, 655, 267, 388, 0, 0, 0
26780, 1, 1636471479434, 1636471480085, 651, 263, 388, 1, 1, 2
26781, 1, 1636471479478, 1636471480133, 655, 264, 391, 2, 0, 2
26782, 1, 1636471479521, 1636471480177, 656, 262, 394, 0, 0, 0
26784, 1, 1636471479614, 1636471480276, 662, 276, 386, 0, 2, 2
26778, 1, 1636471479337, 1636471480305, 968, 578, 390, 0, 1, 1
26754, 2, 1636471478100, 1636471480322, 2222, 0, 2222, 0, 0, 0
26785, 1, 1636471479703, 1636471480356, 653, 266, 387, 1, 0, 1
26786, 1, 1636471479746, 1636471480405, 659, 263, 396, 0, 1, 1
26756, 2, 1636471478198, 1636471480459, 2261, 0, 2261, 0, 0, 0
26790, 1, 1636471479935, 1636471480589, 654, 264, 390, 3, 0, 3
26791, 1, 1636471479957, 1636471480613, 656, 263, 393, 1, 0, 1
26794, 1, 1636471480086, 1636471480737, 651, 262, 389, 0, 0, 0
26760, 2, 1636471478498, 1636471480762, 2264, 0, 2264, 0, 0, 0
26795, 1, 1636471480134, 1636471480789, 655, 261, 394, 0, 0, 0
26796, 1, 1636471480178, 1636471480833, 655, 263, 392, 1, 0, 1
26798, 1, 1636471480306, 1636471480957, 651, 262, 389, 0, 0, 0
26799, 1, 1636471480358, 1636471481009, 651, 262, 389, 0, 0, 0
26800, 1, 1636471480406, 1636471481057, 651, 262, 389, 0, 0, 0
26769, 2, 1636471478948, 1636471481171, 2223, 0, 2223, 0, 0, 0
26804, 1, 1636471480614, 1636471481257, 643, 258, 385, 0, 0, 0
26773, 2, 1636471479178, 1636471481442, 2264, 1, 2263, 2, 0, 2
26807, 1, 1636471480834, 1636471481501, 667, 267, 400, 0, 3, 3
26808, 1, 1636471480849, 1636471481509, 660, 266, 394, 0, 0, 0
26809, 1, 1636471480958, 1636471481620, 662, 266, 396, 0, 0, 0
26810, 1, 1636471481010, 1636471481664, 654, 266, 388, 0, 0, 0
26811, 1, 1636471481058, 1636471481709, 651, 262, 389, 0, 0, 0
26788, 2, 1636471479878, 1636471482142, 2264, 0, 2264, 0, 0, 0
26815, 1, 1636471481510, 1636471482168, 658, 262, 396, 0, 0, 0
26787, 2, 1636471479869, 1636471482182, 2313, 0, 2313, 0, 0, 0
26783, 2, 1636471479586, 1636471482182, 2596, 1, 2595, 0, 0, 0
26816, 1, 1636471481529, 1636471482184, 655, 262, 393, 0, 1, 1
26789, 2, 1636471479934, 1636471482198, 2264, 1, 2263, 2, 0, 2
26792, 2, 1636471479993, 1636471482254, 2261, 0, 2261, 0, 0, 0
26817, 1, 1636471481622, 1636471482269, 647, 263, 384, 0, 0, 0
26793, 2, 1636471480054, 1636471482318, 2264, 0, 2264, 0, 0, 0
26818, 1, 1636471481666, 1636471482328, 662, 270, 392, 0, 0, 0
26819, 1, 1636471481710, 1636471482360, 650, 263, 387, 1, 0, 1
26797, 2, 1636471480278, 1636471482546, 2268, 0, 2268, 0, 0, 0
26801, 2, 1636471480413, 1636471482674, 2261, 0, 2261, 0, 0, 0
26802, 2, 1636471480545, 1636471482806, 2261, 0, 2261, 0, 0, 0
26820, 1, 1636471482169, 1636471482825, 656, 262, 394, 0, 0, 0
26821, 1, 1636471482185, 1636471482836, 651, 262, 389, 2, 0, 2
26803, 2, 1636471480590, 1636471482854, 2264, 0, 2264, 0, 0, 0
26822, 1, 1636471482229, 1636471482889, 660, 263, 397, 0, 1, 1
26823, 1, 1636471482269, 1636471482917, 648, 263, 385, 0, 1, 1
26824, 1, 1636471482270, 1636471482929, 659, 262, 397, 0, 0, 0
26825, 1, 1636471482271, 1636471482929, 658, 263, 395, 1, 0, 1
26828, 1, 1636471482345, 1636471482997, 652, 259, 393, 0, 1, 1
26805, 2, 1636471480738, 1636471483003, 2265, 0, 2265, 0, 0, 0
26829, 1, 1636471482362, 1636471483017, 655, 262, 393, 0, 0, 0
26806, 2, 1636471480790, 1636471483054, 2264, 0, 2264, 0, 0, 0
26830, 1, 1636471482405, 1636471483057, 652, 267, 385, 0, 0, 0
26826, 1, 1636471482285, 1636471483265, 980, 590, 390, 0, 0, 0
26832, 1, 1636471482769, 1636471483421, 652, 262, 390, 0, 1, 1
26834, 1, 1636471482838, 1636471483492, 654, 263, 391, 1, 2, 3
26812, 2, 1636471481257, 1636471483518, 2261, 0, 2261, 0, 0, 0
26813, 2, 1636471481258, 1636471483522, 2264, 0, 2264, 0, 0, 0
26835, 1, 1636471482890, 1636471483545, 655, 263, 392, 1, 0, 1
26836, 1, 1636471482893, 1636471483545, 652, 263, 389, 0, 1, 1
26838, 1, 1636471482930, 1636471483589, 659, 262, 397, 0, 0, 0
26839, 1, 1636471482931, 1636471483589, 658, 262, 396, 0, 0, 0
26840, 1, 1636471482945, 1636471483605, 660, 262, 398, 0, 2, 2
26831, 1, 1636471482633, 1636471483608, 975, 582, 393, 0, 0, 0
26841, 1, 1636471482998, 1636471483648, 650, 262, 388, 0, 0, 0
26843, 1, 1636471483058, 1636471483713, 655, 262, 393, 0, 0, 0
26844, 1, 1636471483089, 1636471483749, 660, 266, 394, 0, 0, 0
26814, 2, 1636471481502, 1636471483766, 2264, 0, 2264, 0, 0, 0
26845, 1, 1636471483141, 1636471483961, 820, 422, 398, 1, 1, 2
26847, 1, 1636471483422, 1636471484073, 651, 262, 389, 0, 1, 1
26849, 1, 1636471483546, 1636471484201, 655, 266, 389, 1, 0, 1
26850, 1, 1636471483546, 1636471484201, 655, 262, 393, 0, 0, 0
26852, 1, 1636471483590, 1636471484244, 654, 266, 388, 0, 1, 1
26851, 1, 1636471483590, 1636471484244, 654, 266, 388, 2, 0, 2
26853, 1, 1636471483605, 1636471484261, 656, 265, 391, 0, 0, 0
26855, 1, 1636471483609, 1636471484261, 652, 263, 389, 3, 0, 3
26854, 1, 1636471483606, 1636471484264, 658, 262, 396, 1, 0, 1
26858, 1, 1636471483714, 1636471484377, 663, 270, 393, 1, 0, 1
26859, 1, 1636471483750, 1636471484404, 654, 263, 391, 1, 0, 1
26860, 1, 1636471483853, 1636471484505, 652, 264, 388, 0, 0, 0
26827, 2, 1636471482329, 1636471484594, 2265, 0, 2265, 0, 0, 0
26862, 1, 1636471484074, 1636471484721, 647, 263, 384, 0, 1, 1
26866, 1, 1636471484246, 1636471484901, 655, 266, 389, 1, 0, 1
26868, 1, 1636471484262, 1636471484925, 663, 261, 402, 2, 0, 2
26869, 1, 1636471484266, 1636471484925, 659, 262, 397, 3, 0, 3
26867, 1, 1636471484262, 1636471484925, 663, 262, 401, 2, 0, 2
26870, 1, 1636471484378, 1636471485033, 655, 262, 393, 0, 1, 1
26871, 1, 1636471484406, 1636471485057, 651, 262, 389, 0, 0, 0
26833, 2, 1636471482826, 1636471485094, 2268, 0, 2268, 0, 0, 0
26837, 2, 1636471482918, 1636471485182, 2264, 0, 2264, 0, 0, 0
26842, 2, 1636471483018, 1636471485282, 2264, 0, 2264, 0, 0, 0
26873, 1, 1636471484681, 1636471485329, 648, 262, 386, 0, 0, 0
26874, 1, 1636471484722, 1636471485369, 647, 258, 389, 0, 1, 1
26846, 2, 1636471483266, 1636471485530, 2264, 0, 2264, 0, 0, 0
26875, 1, 1636471484902, 1636471485561, 659, 262, 397, 0, 0, 0
26878, 1, 1636471484927, 1636471485581, 654, 263, 391, 0, 1, 1
26876, 1, 1636471484926, 1636471485581, 655, 262, 393, 3, 0, 3
26879, 1, 1636471485034, 1636471485689, 655, 263, 392, 0, 0, 0
26880, 1, 1636471485059, 1636471485712, 653, 267, 386, 0, 0, 0
26848, 2, 1636471483493, 1636471485759, 2266, 0, 2266, 0, 0, 0
26881, 1, 1636471485181, 1636471485833, 652, 262, 390, 0, 0, 0
26856, 2, 1636471483610, 1636471485870, 2260, 0, 2260, 0, 0, 0
26857, 2, 1636471483650, 1636471485914, 2264, 1, 2263, 1, 0, 1
26883, 1, 1636471485330, 1636471485985, 655, 262, 393, 0, 0, 0
26885, 1, 1636471485371, 1636471486017, 646, 263, 383, 0, 2, 2
26884, 1, 1636471485369, 1636471486021, 652, 263, 389, 0, 0, 0
26886, 1, 1636471485562, 1636471486217, 655, 262, 393, 0, 0, 0
26861, 2, 1636471483962, 1636471486231, 2269, 0, 2269, 0, 0, 0
26888, 1, 1636471485582, 1636471486236, 654, 263, 391, 0, 1, 1
26887, 1, 1636471485582, 1636471486236, 654, 264, 390, 2, 2, 4
26890, 1, 1636471485690, 1636471486344, 654, 266, 388, 0, 0, 0
26891, 1, 1636471485714, 1636471486369, 655, 263, 392, 0, 0, 0
26863, 2, 1636471484202, 1636471486462, 2260, 0, 2260, 0, 0, 0
26864, 2, 1636471484202, 1636471486466, 2264, 0, 2264, 1, 0, 1
26893, 1, 1636471485845, 1636471486505, 660, 262, 398, 0, 1, 1
26865, 2, 1636471484246, 1636471486510, 2264, 1, 2263, 0, 1, 1
26895, 1, 1636471485986, 1636471486644, 658, 262, 396, 0, 0, 0
26896, 1, 1636471486001, 1636471486664, 663, 266, 397, 0, 0, 0
26897, 1, 1636471486018, 1636471486669, 651, 262, 389, 0, 1, 1
26898, 1, 1636471486022, 1636471486685, 663, 263, 400, 1, 0, 1
26872, 2, 1636471484506, 1636471486770, 2264, 0, 2264, 0, 0, 0
26901, 1, 1636471486238, 1636471486897, 659, 262, 397, 0, 1, 1
26900, 1, 1636471486237, 1636471486897, 660, 267, 393, 0, 1, 1
26904, 1, 1636471486370, 1636471487021, 651, 262, 389, 0, 0, 0
26877, 2, 1636471484926, 1636471487191, 2265, 1, 2264, 1, 0, 1
26906, 1, 1636471486549, 1636471487205, 656, 266, 390, 0, 0, 0
26907, 1, 1636471486553, 1636471487221, 668, 267, 401, 2, 0, 2
26903, 1, 1636471486345, 1636471487240, 895, 506, 389, 0, 0, 0
26908, 1, 1636471486601, 1636471487260, 659, 263, 396, 2, 0, 2
26910, 1, 1636471486666, 1636471487325, 659, 263, 396, 1, 1, 2
26912, 1, 1636471486686, 1636471487345, 659, 266, 393, 0, 0, 0
26882, 2, 1636471485269, 1636471487530, 2261, 0, 2261, 0, 0, 0
26915, 1, 1636471486898, 1636471487553, 655, 267, 388, 0, 0, 0
26914, 1, 1636471486898, 1636471487553, 655, 262, 393, 0, 0, 0
26916, 1, 1636471487022, 1636471487680, 658, 263, 395, 0, 0, 0
26917, 1, 1636471487206, 1636471487861, 655, 263, 392, 0, 1, 1
26889, 2, 1636471485617, 1636471487882, 2265, 0, 2265, 0, 0, 0
26919, 1, 1636471487242, 1636471487901, 659, 267, 392, 0, 1, 1
26920, 1, 1636471487262, 1636471487920, 658, 261, 397, 0, 0, 0
26921, 1, 1636471487281, 1636471487929, 648, 258, 390, 0, 0, 0
26922, 1, 1636471487326, 1636471487985, 659, 267, 392, 1, 2, 3
26892, 2, 1636471485834, 1636471488098, 2264, 0, 2264, 0, 0, 0
26924, 1, 1636471487554, 1636471488213, 659, 264, 395, 1, 1, 2
26894, 2, 1636471485957, 1636471488222, 2265, 0, 2265, 0, 0, 0
26927, 1, 1636471487682, 1636471488333, 651, 262, 389, 0, 0, 0
26926, 1, 1636471487617, 1636471488333, 716, 326, 390, 0, 0, 0
26899, 2, 1636471486218, 1636471488482, 2264, 0, 2264, 0, 0, 0
26929, 1, 1636471487902, 1636471488560, 658, 263, 395, 1, 0, 1
26930, 1, 1636471487922, 1636471488573, 651, 262, 389, 0, 1, 1
26902, 2, 1636471486317, 1636471488582, 2265, 0, 2265, 0, 0, 0
26933, 1, 1636471487986, 1636471488641, 655, 262, 393, 0, 0, 0
26928, 1, 1636471487862, 1636471488681, 819, 430, 389, 0, 1, 1
26905, 2, 1636471486506, 1636471488774, 2268, 0, 2268, 0, 0, 0
26935, 1, 1636471488214, 1636471488869, 655, 263, 392, 0, 0, 0
26909, 2, 1636471486646, 1636471488914, 2268, 0, 2268, 0, 0, 0
26911, 2, 1636471486670, 1636471488934, 2264, 0, 2264, 1, 0, 1
26937, 1, 1636471488334, 1636471488992, 658, 264, 394, 1, 2, 3
26938, 1, 1636471488334, 1636471488997, 663, 263, 400, 1, 1, 2
26932, 1, 1636471487969, 1636471489032, 1063, 670, 393, 0, 0, 0
26913, 2, 1636471486857, 1636471489122, 2265, 0, 2265, 0, 0, 0
26940, 1, 1636471488573, 1636471489229, 656, 262, 394, 0, 0, 0
26942, 1, 1636471488642, 1636471489301, 659, 264, 395, 0, 1, 1
26944, 1, 1636471488682, 1636471489337, 655, 262, 393, 0, 1, 1
26918, 2, 1636471487222, 1636471489490, 2268, 0, 2268, 0, 0, 0
26946, 1, 1636471488870, 1636471489537, 667, 263, 404, 1, 0, 1
26923, 2, 1636471487346, 1636471489610, 2264, 0, 2264, 0, 0, 0
26949, 1, 1636471489005, 1636471489653, 648, 262, 386, 0, 0, 0
26950, 1, 1636471489025, 1636471489685, 660, 266, 394, 0, 0, 0
26951, 1, 1636471489034, 1636471489693, 659, 266, 393, 0, 1, 1
26925, 2, 1636471487554, 1636471489818, 2264, 1, 2263, 1, 1, 2
26953, 1, 1636471489230, 1636471489885, 655, 263, 392, 0, 1, 1
26954, 1, 1636471489302, 1636471489961, 659, 262, 397, 0, 0, 0
26955, 1, 1636471489338, 1636471489989, 651, 266, 385, 0, 1, 1
26931, 2, 1636471487930, 1636471490191, 2261, 0, 2261, 0, 0, 0
26959, 1, 1636471489686, 1636471490337, 651, 262, 389, 0, 0, 0
26961, 1, 1636471489697, 1636471490345, 648, 263, 385, 0, 1, 1
26934, 2, 1636471488185, 1636471490446, 2261, 0, 2261, 0, 0, 0
26962, 1, 1636471489886, 1636471490541, 655, 262, 393, 0, 1, 1
26963, 1, 1636471489905, 1636471490553, 648, 262, 386, 0, 1, 1
26964, 1, 1636471489962, 1636471490613, 651, 262, 389, 0, 0, 0
26965, 1, 1636471489990, 1636471490637, 647, 262, 385, 0, 0, 0
26941, 2, 1636471488574, 1636471490834, 2260, 0, 2260, 0, 0, 0
26939, 2, 1636471488562, 1636471490906, 2344, 0, 2344, 0, 0, 0
26936, 2, 1636471488309, 1636471490907, 2598, 0, 2598, 0, 0, 0
26943, 2, 1636471488669, 1636471490934, 2265, 0, 2265, 0, 0, 0
26967, 1, 1636471490338, 1636471490989, 651, 262, 389, 0, 0, 0
26945, 2, 1636471488861, 1636471491126, 2265, 0, 2265, 0, 0, 0
26971, 1, 1636471490554, 1636471491205, 651, 262, 389, 0, 0, 0
26948, 2, 1636471488998, 1636471491259, 2261, 0, 2261, 0, 1, 1
26947, 2, 1636471488994, 1636471491259, 2265, 0, 2265, 0, 1, 1
26972, 1, 1636471490614, 1636471491273, 659, 266, 393, 0, 0, 0
26973, 1, 1636471490638, 1636471491285, 647, 262, 385, 0, 0, 0
26952, 2, 1636471489209, 1636471491474, 2265, 0, 2265, 0, 0, 0
26974, 1, 1636471490925, 1636471491581, 656, 262, 394, 0, 0, 0
26977, 1, 1636471490993, 1636471491649, 656, 263, 393, 1, 0, 1
26976, 1, 1636471490993, 1636471491653, 660, 267, 393, 1, 0, 1
26956, 2, 1636471489538, 1636471491802, 2264, 0, 2264, 0, 0, 0
26957, 2, 1636471489577, 1636471491842, 2265, 0, 2265, 0, 0, 0
26979, 1, 1636471491206, 1636471491861, 655, 262, 393, 0, 0, 0
26958, 2, 1636471489654, 1636471491922, 2268, 0, 2268, 0, 0, 0
26981, 1, 1636471491274, 1636471491924, 650, 262, 388, 0, 0, 0
26982, 1, 1636471491286, 1636471491936, 650, 262, 388, 0, 0, 0
26960, 2, 1636471489694, 1636471491958, 2264, 1, 2263, 1, 0, 1
26983, 1, 1636471491345, 1636471491997, 652, 262, 390, 0, 0, 0
26978, 1, 1636471491021, 1636471492005, 984, 591, 393, 1, 0, 1
26984, 1, 1636471491346, 1636471492005, 659, 267, 392, 0, 1, 1
26987, 1, 1636471491650, 1636471492305, 655, 263, 392, 0, 0, 0
26985, 1, 1636471491561, 1636471492353, 792, 404, 388, 2, 1, 3
26966, 2, 1636471490281, 1636471492546, 2265, 0, 2265, 0, 0, 0
26990, 1, 1636471491889, 1636471492549, 660, 267, 393, 2, 0, 2
26993, 1, 1636471491937, 1636471492588, 651, 263, 388, 0, 1, 1
26968, 2, 1636471490346, 1636471492610, 2264, 0, 2264, 0, 0, 0
26994, 1, 1636471491998, 1636471492661, 663, 263, 400, 1, 1, 2
26995, 1, 1636471492006, 1636471492665, 659, 263, 396, 0, 1, 1
26998, 1, 1636471492045, 1636471492697, 652, 263, 389, 0, 1, 1
26969, 2, 1636471490533, 1636471492794, 2261, 0, 2261, 0, 0, 0
26970, 2, 1636471490542, 1636471492811, 2269, 0, 2269, 0, 0, 0
26999, 1, 1636471492306, 1636471492961, 655, 263, 392, 1, 0, 1
27001, 1, 1636471492549, 1636471493193, 644, 260, 384, 1, 0, 1
26975, 2, 1636471490990, 1636471493250, 2260, 0, 2260, 0, 0, 0
27005, 1, 1636471492666, 1636471493320, 654, 262, 392, 0, 0, 0
27007, 1, 1636471492698, 1636471493353, 655, 262, 393, 0, 0, 0
26980, 2, 1636471491213, 1636471493478, 2265, 0, 2265, 1, 0, 1
27008, 1, 1636471492881, 1636471493541, 660, 262, 398, 0, 2, 2
27009, 1, 1636471492901, 1636471493561, 660, 263, 397, 0, 1, 1
27010, 1, 1636471492962, 1636471493617, 655, 263, 392, 1, 0, 1
27011, 1, 1636471493194, 1636471493840, 646, 259, 387, 0, 0, 0
26986, 2, 1636471491582, 1636471493846, 2264, 0, 2264, 0, 0, 0
26988, 2, 1636471491654, 1636471493914, 2260, 0, 2260, 0, 0, 0
27012, 1, 1636471493321, 1636471493973, 652, 262, 390, 0, 0, 0
27013, 1, 1636471493341, 1636471493993, 652, 262, 390, 0, 0, 0
26989, 2, 1636471491862, 1636471494126, 2264, 0, 2264, 0, 0, 0
26991, 2, 1636471491926, 1636471494190, 2264, 0, 2264, 0, 0, 0
26992, 2, 1636471491929, 1636471494198, 2269, 0, 2269, 0, 0, 0
27017, 1, 1636471493565, 1636471494221, 656, 263, 393, 0, 1, 1
27018, 1, 1636471493618, 1636471494272, 654, 262, 392, 0, 0, 0
26996, 2, 1636471492007, 1636471494279, 2272, 0, 2272, 0, 0, 0
26997, 2, 1636471492013, 1636471494279, 2266, 1, 2265, 1, 0, 1
27019, 1, 1636471493841, 1636471494497, 656, 262, 394, 0, 0, 0
27000, 2, 1636471492354, 1636471494618, 2264, 0, 2264, 0, 0, 0
27021, 1, 1636471493974, 1636471494629, 655, 263, 392, 0, 0, 0
27023, 1, 1636471494001, 1636471494657, 656, 262, 394, 0, 0, 0
27002, 2, 1636471492590, 1636471494850, 2260, 0, 2260, 0, 0, 0
27024, 1, 1636471494213, 1636471494869, 656, 262, 394, 0, 0, 0
27003, 2, 1636471492633, 1636471494898, 2265, 0, 2265, 0, 0, 0
27004, 2, 1636471492662, 1636471494926, 2264, 0, 2264, 0, 0, 0
27026, 1, 1636471494274, 1636471494928, 654, 262, 392, 0, 0, 0
27027, 1, 1636471494277, 1636471494932, 655, 262, 393, 0, 1, 1
27028, 1, 1636471494285, 1636471494937, 652, 262, 390, 0, 0, 0
27006, 2, 1636471492697, 1636471494959, 2262, 0, 2262, 0, 0, 0
27030, 1, 1636471494365, 1636471495017, 652, 262, 390, 0, 1, 1
27031, 1, 1636471494498, 1636471495149, 651, 262, 389, 0, 0, 0
27032, 1, 1636471494630, 1636471495281, 651, 262, 389, 0, 0, 0
27033, 1, 1636471494658, 1636471495317, 659, 266, 393, 0, 0, 0
27034, 1, 1636471494705, 1636471495369, 664, 266, 398, 0, 0, 0
27020, 1, 1636471493937, 1636471495441, 1504, 1118, 386, 0, 0, 0
27038, 1, 1636471494937, 1636471495589, 652, 263, 389, 0, 1, 1
27036, 1, 1636471494929, 1636471495589, 660, 267, 393, 1, 1, 2
27037, 1, 1636471494934, 1636471495589, 655, 262, 393, 1, 0, 1
27014, 2, 1636471493354, 1636471495619, 2265, 0, 2265, 0, 1, 1
27040, 1, 1636471494989, 1636471495645, 656, 262, 394, 0, 0, 0
27041, 1, 1636471495013, 1636471495669, 656, 262, 394, 0, 0, 0
27042, 1, 1636471495019, 1636471495677, 658, 262, 396, 0, 0, 0
27044, 1, 1636471495150, 1636471495804, 654, 262, 392, 0, 0, 0
27015, 2, 1636471493542, 1636471495810, 2268, 0, 2268, 0, 0, 0
27016, 2, 1636471493562, 1636471495830, 2268, 1, 2267, 1, 0, 1
27047, 1, 1636471495370, 1636471496033, 663, 263, 400, 0, 2, 2
27050, 1, 1636471495591, 1636471496245, 654, 262, 392, 1, 0, 1
27049, 1, 1636471495590, 1636471496245, 655, 262, 393, 0, 1, 1
27022, 2, 1636471493994, 1636471496254, 2260, 0, 2260, 0, 0, 0
27053, 1, 1636471495670, 1636471496329, 659, 263, 396, 0, 0, 0
27055, 1, 1636471495705, 1636471496365, 660, 262, 398, 0, 0, 0
27025, 2, 1636471494222, 1636471496487, 2265, 0, 2265, 0, 0, 0
27057, 1, 1636471495897, 1636471496548, 651, 262, 389, 0, 0, 0
27058, 1, 1636471495921, 1636471496573, 652, 262, 390, 0, 0, 0
27051, 1, 1636471495591, 1636471496588, 997, 612, 385, 2, 1, 3
27029, 2, 1636471494365, 1636471496626, 2261, 0, 2261, 0, 0, 0
27061, 1, 1636471496247, 1636471496897, 650, 263, 387, 2, 0, 2
27060, 1, 1636471496246, 1636471496901, 655, 264, 391, 1, 2, 3
27062, 1, 1636471496330, 1636471496989, 659, 267, 392, 1, 0, 1
27063, 1, 1636471496345, 1636471496997, 652, 262, 390, 0, 0, 0
27064, 1, 1636471496366, 1636471497017, 651, 262, 389, 0, 0, 0
27035, 2, 1636471494870, 1636471497134, 2264, 0, 2264, 0, 0, 0
27039, 2, 1636471494938, 1636471497202, 2264, 0, 2264, 0, 0, 0
27065, 1, 1636471496550, 1636471497208, 658, 266, 392, 0, 0, 0
27066, 1, 1636471496573, 1636471497225, 652, 263, 389, 1, 0, 1
27068, 1, 1636471496589, 1636471497240, 651, 262, 389, 0, 0, 0
27043, 2, 1636471495045, 1636471497306, 2261, 0, 2261, 0, 0, 0
27069, 1, 1636471496713, 1636471497361, 648, 262, 386, 0, 0, 0
27070, 1, 1636471496898, 1636471497545, 647, 263, 384, 0, 1, 1
27071, 1, 1636471496902, 1636471497557, 655, 262, 393, 0, 1, 1
27046, 2, 1636471495318, 1636471497582, 2264, 0, 2264, 0, 0, 0
27072, 1, 1636471496990, 1636471497641, 651, 262, 389, 0, 0, 0
27074, 1, 1636471497018, 1636471497669, 651, 262, 389, 0, 0, 0
27052, 1, 1636471495646, 1636471497676, 2030, 1642, 388, 0, 0, 0
27045, 2, 1636471495282, 1636471497679, 2397, 88, 2309, 0, 0, 0
27048, 2, 1636471495442, 1636471497702, 2260, 0, 2260, 0, 0, 0
27076, 1, 1636471497221, 1636471497868, 647, 262, 385, 0, 0, 0
27077, 1, 1636471497226, 1636471497877, 651, 262, 389, 0, 0, 0
27078, 1, 1636471497242, 1636471497897, 655, 266, 389, 0, 0, 0
27079, 1, 1636471497289, 1636471497940, 651, 262, 389, 0, 0, 0
27054, 2, 1636471495678, 1636471497942, 2264, 1, 2263, 0, 0, 0
27080, 1, 1636471497362, 1636471498025, 663, 270, 393, 0, 0, 0
27081, 1, 1636471497397, 1636471498045, 648, 262, 386, 0, 0, 0
27056, 1, 1636471495806, 1636471498112, 2306, 1914, 392, 0, 0, 0
27082, 1, 1636471497546, 1636471498197, 651, 263, 388, 1, 1, 2
27083, 1, 1636471497558, 1636471498213, 655, 263, 392, 1, 0, 1
27084, 1, 1636471497642, 1636471498293, 651, 263, 388, 0, 1, 1
27059, 2, 1636471496034, 1636471498298, 2264, 0, 2264, 0, 0, 0
27085, 1, 1636471497669, 1636471498325, 656, 267, 389, 0, 1, 1
27086, 1, 1636471497670, 1636471498328, 658, 267, 391, 0, 1, 1
27087, 1, 1636471497678, 1636471498332, 654, 262, 392, 0, 2, 2
27088, 1, 1636471497765, 1636471498416, 651, 262, 389, 0, 0, 0
27089, 1, 1636471497793, 1636471498453, 660, 266, 394, 0, 0, 0
27093, 1, 1636471497942, 1636471498597, 655, 262, 393, 0, 1, 1
27092, 1, 1636471497898, 1636471498637, 739, 351, 388, 0, 1, 1
27095, 1, 1636471498029, 1636471498681, 652, 263, 389, 1, 2, 3
27094, 1, 1636471498026, 1636471498681, 655, 263, 392, 1, 1, 2
27096, 1, 1636471498046, 1636471498697, 651, 262, 389, 0, 0, 0
27097, 1, 1636471498114, 1636471498765, 651, 264, 387, 2, 0, 2
27067, 2, 1636471496574, 1636471498838, 2264, 1, 2263, 2, 0, 2
27098, 1, 1636471498198, 1636471498845, 647, 258, 389, 0, 0, 0
27099, 1, 1636471498214, 1636471498865, 651, 258, 393, 0, 0, 0
27100, 1, 1636471498294, 1636471498941, 647, 258, 389, 0, 0, 0
27101, 1, 1636471498326, 1636471498977, 651, 262, 389, 0, 0, 0
27102, 1, 1636471498329, 1636471498988, 659, 265, 394, 0, 1, 1
27103, 1, 1636471498334, 1636471498993, 659, 266, 393, 0, 0, 0
27104, 1, 1636471498385, 1636471499037, 652, 262, 390, 0, 0, 0
27105, 1, 1636471498418, 1636471499068, 650, 263, 387, 1, 0, 1
27106, 1, 1636471498454, 1636471499105, 651, 262, 389, 0, 0, 0
27073, 2, 1636471496998, 1636471499258, 2260, 0, 2260, 0, 0, 0
27108, 1, 1636471498638, 1636471499297, 659, 262, 397, 0, 0, 0
27110, 1, 1636471498682, 1636471499345, 663, 266, 397, 0, 0, 0
27109, 1, 1636471498682, 1636471499345, 663, 266, 397, 0, 1, 1
27111, 1, 1636471498698, 1636471499353, 655, 262, 393, 0, 0, 0
27112, 1, 1636471498766, 1636471499425, 659, 266, 393, 0, 0, 0
27075, 2, 1636471497210, 1636471499475, 2265, 0, 2265, 0, 0, 0
27113, 1, 1636471498846, 1636471499493, 647, 262, 385, 0, 0, 0
27114, 1, 1636471498866, 1636471499520, 654, 262, 392, 0, 1, 1
27115, 1, 1636471498929, 1636471499593, 664, 270, 394, 0, 0, 0
27117, 1, 1636471498978, 1636471499633, 655, 263, 392, 0, 0, 0
27118, 1, 1636471498990, 1636471499645, 655, 262, 393, 0, 0, 0
27120, 1, 1636471499038, 1636471499689, 651, 263, 388, 0, 0, 0
27121, 1, 1636471499070, 1636471499721, 651, 262, 389, 0, 1, 1
27122, 1, 1636471499106, 1636471499761, 655, 262, 393, 0, 0, 0
27123, 1, 1636471499298, 1636471499944, 646, 261, 385, 0, 0, 0
27125, 1, 1636471499346, 1636471499997, 651, 263, 388, 1, 1, 2
27126, 1, 1636471499349, 1636471499997, 648, 263, 385, 1, 1, 2
27127, 1, 1636471499354, 1636471500005, 651, 262, 389, 0, 0, 0
27128, 1, 1636471499426, 1636471500084, 658, 271, 387, 0, 0, 0
27090, 2, 1636471497870, 1636471500134, 2264, 0, 2264, 0, 0, 0
27091, 2, 1636471497878, 1636471500146, 2268, 0, 2268, 0, 0, 0
27129, 1, 1636471499494, 1636471500153, 659, 272, 387, 1, 0, 1
27130, 1, 1636471499522, 1636471500173, 651, 262, 389, 1, 1, 2
27131, 1, 1636471499561, 1636471500209, 648, 259, 389, 0, 1, 1
27132, 1, 1636471499594, 1636471500253, 659, 262, 397, 0, 0, 0
27133, 1, 1636471499634, 1636471500289, 655, 263, 392, 0, 0, 0
27135, 1, 1636471499690, 1636471500352, 662, 262, 400, 1, 0, 1
27136, 1, 1636471499722, 1636471500381, 659, 266, 393, 0, 0, 0
27137, 1, 1636471499762, 1636471500424, 662, 270, 392, 0, 0, 0
27138, 1, 1636471499945, 1636471500604, 659, 267, 392, 1, 1, 2
27139, 1, 1636471499998, 1636471500649, 651, 262, 389, 1, 1, 2
27140, 1, 1636471499998, 1636471500649, 651, 268, 383, 1, 2, 3
27142, 1, 1636471500086, 1636471500737, 651, 263, 388, 2, 2, 4
27143, 1, 1636471500154, 1636471500800, 646, 262, 384, 0, 0, 0
27144, 1, 1636471500174, 1636471500828, 654, 265, 389, 0, 1, 1
27107, 2, 1636471498598, 1636471500862, 2264, 0, 2264, 0, 0, 0
27146, 1, 1636471500221, 1636471500877, 656, 263, 393, 1, 0, 1
27147, 1, 1636471500233, 1636471500885, 652, 262, 390, 0, 0, 0
27148, 1, 1636471500254, 1636471500913, 659, 267, 392, 0, 1, 1
27145, 1, 1636471500210, 1636471500997, 787, 395, 392, 1, 1, 2
27151, 1, 1636471500382, 1636471501040, 658, 262, 396, 0, 0, 0
27149, 1, 1636471500290, 1636471501081, 791, 402, 389, 0, 2, 2
27116, 2, 1636471498942, 1636471501206, 2264, 0, 2264, 0, 0, 0
27119, 2, 1636471498994, 1636471501262, 2268, 0, 2268, 0, 0, 0
27153, 1, 1636471500606, 1636471501269, 663, 265, 398, 1, 0, 1
27155, 1, 1636471500650, 1636471501301, 651, 262, 389, 0, 0, 0
27150, 1, 1636471500354, 1636471501348, 994, 602, 392, 1, 0, 1
27156, 1, 1636471500738, 1636471501389, 651, 258, 393, 0, 0, 0
27154, 1, 1636471500650, 1636471501429, 779, 386, 393, 0, 2, 2
27157, 1, 1636471500802, 1636471501457, 655, 267, 388, 0, 1, 1
27159, 1, 1636471500878, 1636471501541, 663, 266, 397, 0, 0, 0
27161, 1, 1636471500914, 1636471501569, 655, 262, 393, 0, 0, 0
27162, 1, 1636471500949, 1636471501605, 656, 262, 394, 0, 0, 0
27124, 2, 1636471499346, 1636471501610, 2264, 2, 2262, 3, 0, 3
27163, 1, 1636471500998, 1636471501657, 659, 262, 397, 0, 0, 0
27164, 1, 1636471501042, 1636471501701, 659, 259, 400, 0, 0, 0
27160, 1, 1636471500886, 1636471501701, 815, 415, 400, 0, 1, 1
27165, 1, 1636471501083, 1636471501737, 654, 258, 396, 0, 0, 0
27158, 1, 1636471500830, 1636471501776, 946, 554, 392, 0, 1, 1
27134, 2, 1636471499646, 1636471501910, 2264, 0, 2264, 0, 0, 0
27166, 1, 1636471501270, 1636471501921, 651, 259, 392, 0, 0, 0
27167, 1, 1636471501293, 1636471501941, 648, 262, 386, 0, 0, 0
27168, 1, 1636471501302, 1636471501953, 651, 261, 390, 1, 0, 1
27169, 1, 1636471501349, 1636471502004, 655, 263, 392, 1, 0, 1
27171, 1, 1636471501390, 1636471502045, 655, 264, 391, 0, 2, 2
27172, 1, 1636471501431, 1636471502081, 650, 263, 387, 1, 1, 2
27170, 1, 1636471501350, 1636471502121, 771, 383, 388, 1, 1, 2
27174, 1, 1636471501542, 1636471502193, 651, 262, 389, 0, 0, 0
27176, 1, 1636471501606, 1636471502261, 655, 262, 393, 2, 1, 3
27141, 2, 1636471500006, 1636471502270, 2264, 0, 2264, 0, 0, 0
27178, 1, 1636471501697, 1636471502349, 652, 267, 385, 1, 1, 2
27179, 1, 1636471501702, 1636471502357, 655, 263, 392, 1, 0, 1
27180, 1, 1636471501702, 1636471502357, 655, 262, 393, 0, 0, 0
27182, 1, 1636471501778, 1636471502433, 655, 262, 393, 0, 0, 0
27173, 1, 1636471501458, 1636471502469, 1011, 622, 389, 0, 0, 0
27183, 1, 1636471501922, 1636471502584, 662, 271, 391, 0, 1, 1
27184, 1, 1636471501942, 1636471502597, 655, 262, 393, 0, 0, 0
27177, 1, 1636471501659, 1636471502609, 950, 558, 392, 1, 1, 2
27186, 1, 1636471501997, 1636471502661, 664, 263, 401, 0, 0, 0
27152, 2, 1636471500426, 1636471502691, 2265, 1, 2264, 0, 0, 0
27188, 1, 1636471502046, 1636471502705, 659, 267, 392, 0, 1, 1
27190, 1, 1636471502122, 1636471502776, 654, 267, 387, 0, 1, 1
27191, 1, 1636471502194, 1636471502857, 663, 267, 396, 0, 1, 1
27192, 1, 1636471502262, 1636471502917, 655, 267, 388, 0, 1, 1
27187, 1, 1636471502006, 1636471502953, 947, 558, 389, 0, 0, 0
27196, 1, 1636471502361, 1636471503013, 652, 261, 391, 1, 0, 1
27194, 1, 1636471502358, 1636471503021, 663, 267, 396, 3, 0, 3
27197, 1, 1636471502434, 1636471503089, 655, 262, 393, 0, 0, 0
27198, 1, 1636471502470, 1636471503121, 651, 262, 389, 1, 1, 2
27199, 1, 1636471502585, 1636471503232, 647, 264, 383, 1, 0, 1
27200, 1, 1636471502598, 1636471503249, 651, 262, 389, 0, 0, 0
27201, 1, 1636471502610, 1636471503265, 655, 262, 393, 0, 1, 1
27202, 1, 1636471502662, 1636471503313, 651, 262, 389, 1, 0, 1
27203, 1, 1636471502706, 1636471503368, 662, 271, 391, 0, 1, 1
27205, 1, 1636471502781, 1636471503437, 656, 266, 390, 0, 1, 1
27208, 1, 1636471502954, 1636471503609, 655, 262, 393, 0, 0, 0
27210, 1, 1636471503022, 1636471503677, 655, 262, 393, 0, 1, 1
27211, 1, 1636471503090, 1636471503749, 659, 263, 396, 0, 0, 0
27212, 1, 1636471503122, 1636471503773, 651, 262, 389, 0, 0, 0
27175, 2, 1636471501570, 1636471503834, 2264, 0, 2264, 0, 0, 0
27213, 1, 1636471503234, 1636471503885, 651, 259, 392, 0, 0, 0
27214, 1, 1636471503250, 1636471503900, 650, 263, 387, 0, 0, 0
27215, 1, 1636471503266, 1636471503921, 655, 263, 392, 0, 0, 0
27216, 1, 1636471503314, 1636471503977, 663, 262, 401, 0, 0, 0
27181, 2, 1636471501739, 1636471504002, 2263, 1, 2262, 1, 0, 1
27217, 1, 1636471503370, 1636471504024, 654, 262, 392, 0, 0, 0
27185, 2, 1636471501954, 1636471504214, 2260, 0, 2260, 0, 0, 0
27220, 1, 1636471503678, 1636471504329, 651, 262, 389, 0, 1, 1
27189, 2, 1636471502082, 1636471504342, 2260, 0, 2260, 0, 0, 0
27221, 1, 1636471503750, 1636471504400, 650, 262, 388, 0, 0, 0
27222, 1, 1636471503774, 1636471504425, 651, 266, 385, 0, 0, 0
27223, 1, 1636471503886, 1636471504545, 659, 262, 397, 1, 0, 1
27224, 1, 1636471503902, 1636471504560, 658, 262, 396, 0, 0, 0
27226, 1, 1636471503929, 1636471504589, 660, 263, 397, 2, 0, 2
27227, 1, 1636471503978, 1636471504629, 651, 264, 387, 0, 2, 2
27228, 1, 1636471504025, 1636471504677, 652, 263, 389, 0, 1, 1
27229, 1, 1636471504089, 1636471504741, 652, 263, 389, 0, 0, 0
27193, 2, 1636471502350, 1636471504834, 2484, 0, 2484, 0, 0, 0
27195, 2, 1636471502358, 1636471504835, 2477, 1, 2476, 1, 1, 2
27230, 1, 1636471504305, 1636471504961, 656, 262, 394, 0, 1, 1
27231, 1, 1636471504330, 1636471504985, 655, 262, 393, 0, 0, 0
27204, 2, 1636471502778, 1636471505042, 2264, 1, 2263, 0, 0, 0
27232, 1, 1636471504402, 1636471505061, 659, 266, 393, 0, 0, 0
27233, 1, 1636471504426, 1636471505085, 659, 267, 392, 0, 0, 0
27234, 1, 1636471504429, 1636471505088, 659, 266, 393, 0, 0, 0
27206, 2, 1636471502858, 1636471505122, 2264, 0, 2264, 0, 0, 0
27207, 2, 1636471502918, 1636471505182, 2264, 0, 2264, 0, 0, 0
27235, 1, 1636471504546, 1636471505209, 663, 266, 397, 1, 0, 1
27236, 1, 1636471504561, 1636471505217, 656, 262, 394, 0, 0, 0
27209, 2, 1636471503014, 1636471505278, 2264, 0, 2264, 0, 0, 0
27238, 1, 1636471504630, 1636471505285, 655, 262, 393, 0, 0, 0
27239, 1, 1636471504678, 1636471505337, 659, 264, 395, 2, 0, 2
27240, 1, 1636471504742, 1636471505393, 651, 262, 389, 0, 0, 0
27242, 1, 1636471504921, 1636471505573, 652, 262, 390, 0, 1, 1
27241, 1, 1636471504921, 1636471505573, 652, 263, 389, 1, 0, 1
27225, 1, 1636471503922, 1636471505601, 1679, 1282, 397, 0, 0, 0
27244, 1, 1636471504986, 1636471505637, 651, 262, 389, 0, 0, 0
27218, 2, 1636471503438, 1636471505702, 2264, 0, 2264, 0, 0, 0
27245, 1, 1636471505062, 1636471505713, 651, 262, 389, 0, 0, 0
27246, 1, 1636471505086, 1636471505733, 647, 262, 385, 0, 0, 0
27247, 1, 1636471505090, 1636471505741, 651, 262, 389, 0, 1, 1
27249, 1, 1636471505209, 1636471505860, 651, 262, 389, 0, 0, 0
27250, 1, 1636471505210, 1636471505864, 654, 263, 391, 0, 0, 0
27251, 1, 1636471505218, 1636471505873, 655, 262, 393, 0, 0, 0
27219, 2, 1636471503610, 1636471505875, 2265, 0, 2265, 0, 0, 0
27252, 1, 1636471505269, 1636471505921, 652, 262, 390, 0, 0, 0
27253, 1, 1636471505286, 1636471505945, 659, 262, 397, 0, 0, 0
27248, 1, 1636471505129, 1636471505981, 852, 463, 389, 0, 1, 1
27255, 1, 1636471505365, 1636471506017, 652, 262, 390, 0, 1, 1
27256, 1, 1636471505394, 1636471506053, 659, 262, 397, 0, 0, 0
27257, 1, 1636471505574, 1636471506225, 651, 262, 389, 0, 1, 1
27260, 1, 1636471505637, 1636471506289, 652, 262, 390, 0, 0, 0
27254, 1, 1636471505338, 1636471506329, 991, 598, 393, 0, 0, 0
27261, 1, 1636471505714, 1636471506364, 650, 262, 388, 0, 0, 0
27262, 1, 1636471505734, 1636471506384, 650, 262, 388, 0, 0, 0
27263, 1, 1636471505742, 1636471506397, 655, 262, 393, 0, 0, 0
27264, 1, 1636471505793, 1636471506449, 656, 262, 394, 0, 1, 1
27266, 1, 1636471505866, 1636471506520, 654, 263, 391, 0, 0, 0
27267, 1, 1636471505874, 1636471506524, 650, 262, 388, 0, 0, 0
27268, 1, 1636471505922, 1636471506573, 651, 261, 390, 0, 1, 1
27269, 1, 1636471505946, 1636471506596, 650, 262, 388, 0, 0, 0
27270, 1, 1636471505965, 1636471506616, 651, 263, 388, 1, 0, 1
27259, 1, 1636471505602, 1636471506677, 1075, 682, 393, 0, 0, 0
27273, 1, 1636471506054, 1636471506712, 658, 262, 396, 0, 0, 0
27237, 2, 1636471504590, 1636471506854, 2264, 1, 2263, 0, 0, 0
27271, 1, 1636471505982, 1636471506873, 891, 498, 393, 0, 0, 0
27274, 1, 1636471506226, 1636471506881, 655, 267, 388, 1, 0, 1
27275, 1, 1636471506290, 1636471506940, 650, 263, 387, 0, 1, 1
27276, 1, 1636471506330, 1636471506985, 655, 266, 389, 0, 0, 0
27277, 1, 1636471506366, 1636471507020, 654, 266, 388, 0, 0, 0
27278, 1, 1636471506386, 1636471507033, 647, 262, 385, 0, 2, 2
27279, 1, 1636471506398, 1636471507057, 659, 270, 389, 0, 0, 0
27281, 1, 1636471506522, 1636471507180, 658, 262, 396, 0, 0, 0
27282, 1, 1636471506526, 1636471507180, 654, 258, 396, 0, 0, 0
27243, 2, 1636471504962, 1636471507222, 2260, 0, 2260, 0, 0, 0
27283, 1, 1636471506574, 1636471507224, 650, 262, 388, 1, 0, 1
27284, 1, 1636471506598, 1636471507249, 651, 259, 392, 0, 0, 0
27285, 1, 1636471506618, 1636471507277, 659, 263, 396, 0, 2, 2
27287, 1, 1636471506714, 1636471507373, 659, 268, 391, 0, 2, 2
27288, 1, 1636471506874, 1636471507521, 647, 258, 389, 0, 0, 0
27289, 1, 1636471506882, 1636471507545, 663, 272, 391, 0, 1, 1
27286, 1, 1636471506678, 1636471507601, 923, 530, 393, 1, 0, 1
27290, 1, 1636471506941, 1636471507605, 664, 265, 399, 1, 1, 2
27291, 1, 1636471506945, 1636471507609, 664, 267, 397, 0, 1, 1
27292, 1, 1636471506986, 1636471507636, 650, 264, 386, 0, 1, 1
27293, 1, 1636471507022, 1636471507677, 655, 263, 392, 1, 0, 1
27295, 1, 1636471507058, 1636471507721, 663, 270, 393, 0, 0, 0
27297, 1, 1636471507181, 1636471507833, 652, 263, 389, 1, 0, 1
27296, 1, 1636471507181, 1636471507833, 652, 262, 390, 0, 0, 0
27258, 2, 1636471505575, 1636471507839, 2264, 1, 2263, 0, 1, 1
27299, 1, 1636471507250, 1636471507900, 650, 263, 387, 0, 0, 0
27294, 1, 1636471507034, 1636471507901, 867, 470, 397, 0, 0, 0
27300, 1, 1636471507278, 1636471507941, 663, 262, 401, 0, 0, 0
27301, 1, 1636471507313, 1636471507964, 651, 263, 388, 0, 2, 2
27302, 1, 1636471507375, 1636471508033, 658, 263, 395, 1, 1, 2
27265, 2, 1636471505862, 1636471508126, 2264, 0, 2264, 0, 0, 0
27303, 1, 1636471507522, 1636471508181, 659, 267, 392, 0, 2, 2
27304, 1, 1636471507546, 1636471508197, 651, 262, 389, 1, 0, 1
27298, 1, 1636471507226, 1636471508249, 1023, 631, 392, 0, 0, 0
27306, 1, 1636471507606, 1636471508265, 659, 266, 393, 0, 0, 0
27305, 1, 1636471507602, 1636471508269, 667, 270, 397, 0, 0, 0
27272, 2, 1636471506018, 1636471508282, 2264, 0, 2264, 0, 0, 0
27308, 1, 1636471507637, 1636471508297, 660, 259, 401, 1, 1, 2
27309, 1, 1636471507678, 1636471508329, 651, 263, 388, 2, 0, 2
27310, 1, 1636471507722, 1636471508377, 655, 262, 393, 1, 1, 2
27311, 1, 1636471507834, 1636471508492, 658, 263, 395, 1, 1, 2
27312, 1, 1636471507834, 1636471508492, 658, 263, 395, 2, 0, 2
27314, 1, 1636471507902, 1636471508557, 655, 262, 393, 1, 0, 1
27313, 1, 1636471507902, 1636471508557, 655, 263, 392, 0, 1, 1
27316, 1, 1636471507943, 1636471508593, 650, 263, 387, 1, 0, 1
27318, 1, 1636471508034, 1636471508684, 650, 262, 388, 0, 0, 0
27280, 2, 1636471506450, 1636471508710, 2260, 0, 2260, 0, 0, 0
27319, 1, 1636471508182, 1636471508837, 655, 268, 387, 1, 2, 3
27315, 1, 1636471507925, 1636471508844, 919, 527, 392, 0, 2, 2
27320, 1, 1636471508198, 1636471508853, 655, 262, 393, 1, 0, 1
27321, 1, 1636471508213, 1636471508869, 656, 263, 393, 0, 1, 1
27322, 1, 1636471508250, 1636471508905, 655, 262, 393, 0, 0, 0
27323, 1, 1636471508266, 1636471508925, 659, 266, 393, 0, 0, 0
27324, 1, 1636471508270, 1636471508928, 658, 269, 389, 0, 1, 1
27325, 1, 1636471508298, 1636471508952, 654, 262, 392, 0, 0, 0
27326, 1, 1636471508330, 1636471508981, 651, 262, 389, 0, 0, 0
27328, 1, 1636471508378, 1636471509036, 658, 262, 396, 0, 0, 0
27330, 1, 1636471508495, 1636471509153, 658, 265, 393, 2, 1, 3
27327, 1, 1636471508369, 1636471509197, 828, 434, 394, 0, 1, 1
27332, 1, 1636471508558, 1636471509204, 646, 262, 384, 0, 0, 0
27329, 1, 1636471508494, 1636471509253, 759, 363, 396, 1, 1, 2
27336, 1, 1636471508838, 1636471509493, 655, 263, 392, 0, 0, 0
27337, 1, 1636471508846, 1636471509497, 651, 262, 389, 0, 0, 0
27338, 1, 1636471508854, 1636471509509, 655, 266, 389, 0, 0, 0
27335, 1, 1636471508801, 1636471509545, 744, 355, 389, 0, 1, 1
27340, 1, 1636471508906, 1636471509561, 655, 262, 393, 0, 0, 0
27341, 1, 1636471508926, 1636471509577, 651, 262, 389, 0, 0, 0
27342, 1, 1636471508930, 1636471509596, 666, 267, 399, 1, 2, 3
27343, 1, 1636471508953, 1636471509609, 656, 262, 394, 0, 0, 0
27344, 1, 1636471508982, 1636471509636, 654, 263, 391, 1, 1, 2
27346, 1, 1636471509154, 1636471509809, 655, 267, 388, 1, 0, 1
27347, 1, 1636471509198, 1636471509853, 655, 263, 392, 0, 1, 1
27348, 1, 1636471509206, 1636471509856, 650, 263, 387, 1, 0, 1
27307, 2, 1636471507610, 1636471509875, 2265, 0, 2265, 0, 0, 0
27331, 1, 1636471508558, 1636471509888, 1330, 942, 388, 0, 0, 0
27349, 1, 1636471509254, 1636471509905, 651, 262, 389, 0, 0, 0
27350, 1, 1636471509494, 1636471510149, 655, 262, 393, 0, 1, 1
27351, 1, 1636471509498, 1636471510157, 659, 262, 397, 0, 0, 0
27352, 1, 1636471509510, 1636471510161, 651, 262, 389, 0, 1, 1
27353, 1, 1636471509546, 1636471510197, 651, 268, 383, 1, 1, 2
27354, 1, 1636471509562, 1636471510213, 651, 262, 389, 0, 0, 0
27317, 2, 1636471507966, 1636471510226, 2260, 0, 2260, 0, 0, 0
27355, 1, 1636471509578, 1636471510232, 654, 262, 392, 0, 0, 0
27356, 1, 1636471509598, 1636471510252, 654, 262, 392, 1, 0, 1
27357, 1, 1636471509610, 1636471510260, 650, 262, 388, 0, 0, 0
27358, 1, 1636471509638, 1636471510297, 659, 264, 395, 1, 1, 2
27359, 1, 1636471509810, 1636471510465, 655, 261, 394, 0, 0, 0
27361, 1, 1636471509858, 1636471510513, 655, 263, 392, 0, 1, 1
27360, 1, 1636471509854, 1636471510513, 659, 263, 396, 1, 0, 1
27362, 1, 1636471509890, 1636471510541, 651, 262, 389, 0, 0, 0
27363, 1, 1636471509906, 1636471510560, 654, 262, 392, 0, 0, 0
27364, 1, 1636471509965, 1636471510621, 656, 263, 393, 0, 0, 0
27339, 1, 1636471508870, 1636471510701, 1831, 1442, 389, 0, 0, 0
27367, 1, 1636471510162, 1636471510813, 651, 258, 393, 1, 0, 1
27366, 1, 1636471510158, 1636471510813, 655, 263, 392, 1, 0, 1
27368, 1, 1636471510198, 1636471510865, 667, 273, 394, 0, 0, 0
27369, 1, 1636471510214, 1636471510873, 659, 262, 397, 0, 0, 0
27371, 1, 1636471510254, 1636471510904, 650, 263, 387, 2, 0, 2
27372, 1, 1636471510262, 1636471510912, 650, 263, 387, 0, 0, 0
27373, 1, 1636471510298, 1636471510952, 654, 264, 390, 0, 1, 1
27374, 1, 1636471510317, 1636471510973, 656, 262, 394, 0, 0, 0
27375, 1, 1636471510466, 1636471511121, 655, 262, 393, 1, 0, 1
27333, 2, 1636471508594, 1636471511123, 2529, 0, 2529, 0, 0, 0
27334, 2, 1636471508686, 1636471511123, 2437, 0, 2437, 0, 1, 1
27376, 1, 1636471510514, 1636471511165, 651, 263, 388, 0, 1, 1
27377, 1, 1636471510514, 1636471511165, 651, 258, 393, 1, 1, 2
27378, 1, 1636471510542, 1636471511197, 655, 262, 393, 0, 0, 0
27379, 1, 1636471510562, 1636471511221, 659, 267, 392, 0, 0, 0
27380, 1, 1636471510622, 1636471511277, 655, 261, 394, 0, 0, 0
27345, 2, 1636471509038, 1636471511310, 2272, 0, 2272, 0, 0, 0
27381, 1, 1636471510702, 1636471511365, 663, 262, 401, 1, 0, 1
27382, 1, 1636471510814, 1636471511468, 654, 264, 390, 1, 0, 1
27384, 1, 1636471510866, 1636471511520, 654, 270, 384, 0, 0, 0
27385, 1, 1636471510874, 1636471511529, 655, 266, 389, 0, 0, 0
27388, 1, 1636471510954, 1636471511609, 655, 266, 389, 1, 0, 1
27389, 1, 1636471510974, 1636471511621, 647, 262, 385, 0, 0, 0
27390, 1, 1636471511122, 1636471511777, 655, 262, 393, 1, 0, 1
27391, 1, 1636471511166, 1636471511817, 651, 259, 392, 1, 1, 2
27393, 1, 1636471511198, 1636471511857, 659, 266, 393, 0, 0, 0
27394, 1, 1636471511209, 1636471511865, 656, 261, 395, 0, 0, 0
27395, 1, 1636471511213, 1636471511877, 664, 271, 393, 0, 1, 1
27396, 1, 1636471511222, 1636471511877, 655, 264, 391, 0, 1, 1
27397, 1, 1636471511278, 1636471511929, 651, 263, 388, 1, 0, 1
27398, 1, 1636471511366, 1636471512024, 658, 262, 396, 2, 0, 2
27402, 1, 1636471511530, 1636471512185, 655, 262, 393, 0, 0, 0
27399, 1, 1636471511397, 1636471512213, 816, 418, 398, 0, 0, 0
27404, 1, 1636471511622, 1636471512273, 651, 266, 385, 1, 0, 1
27365, 2, 1636471510150, 1636471512418, 2268, 0, 2268, 0, 0, 0
27405, 1, 1636471511778, 1636471512429, 651, 263, 388, 1, 0, 1
27406, 1, 1636471511818, 1636471512477, 659, 262, 397, 0, 0, 0
27370, 2, 1636471510233, 1636471512498, 2265, 0, 2265, 0, 0, 0
27407, 1, 1636471511858, 1636471512509, 651, 262, 389, 0, 0, 0
27408, 1, 1636471511867, 1636471512520, 653, 262, 391, 0, 0, 0
27409, 1, 1636471511878, 1636471512533, 655, 264, 391, 2, 1, 3
27410, 1, 1636471511878, 1636471512533, 655, 264, 391, 0, 2, 2
27411, 1, 1636471511930, 1636471512584, 654, 262, 392, 0, 0, 0
27412, 1, 1636471512026, 1636471512685, 659, 262, 397, 0, 0, 0
27414, 1, 1636471512214, 1636471512865, 651, 262, 389, 0, 0, 0
27415, 1, 1636471512275, 1636471512929, 654, 267, 387, 1, 1, 2
27383, 2, 1636471510814, 1636471513078, 2264, 1, 2263, 0, 1, 1
27416, 1, 1636471512430, 1636471513089, 659, 271, 388, 1, 0, 1
27418, 1, 1636471512505, 1636471513161, 656, 266, 390, 0, 0, 0
27386, 2, 1636471510906, 1636471513170, 2264, 1, 2263, 0, 0, 0
27419, 1, 1636471512510, 1636471513172, 662, 270, 392, 0, 1, 1
27387, 2, 1636471510913, 1636471513178, 2265, 0, 2265, 0, 0, 0
27420, 1, 1636471512522, 1636471513185, 663, 262, 401, 0, 0, 0
27422, 1, 1636471512534, 1636471513189, 655, 263, 392, 0, 1, 1
27421, 1, 1636471512534, 1636471513189, 655, 263, 392, 2, 0, 2
27423, 1, 1636471512585, 1636471513241, 656, 264, 392, 0, 1, 1
27425, 1, 1636471512686, 1636471513352, 666, 266, 400, 0, 1, 1
27392, 2, 1636471511166, 1636471513430, 2264, 0, 2264, 1, 0, 1
27426, 1, 1636471512866, 1636471513528, 662, 274, 388, 1, 0, 1
27400, 2, 1636471511470, 1636471513734, 2264, 1, 2263, 0, 1, 1
27428, 1, 1636471513090, 1636471513744, 654, 259, 395, 1, 0, 1
27401, 2, 1636471511521, 1636471513786, 2265, 1, 2264, 0, 0, 0
27429, 1, 1636471513162, 1636471513821, 659, 267, 392, 1, 0, 1
27430, 1, 1636471513165, 1636471513821, 656, 267, 389, 1, 0, 1
27431, 1, 1636471513174, 1636471513828, 654, 266, 388, 2, 0, 2
27432, 1, 1636471513186, 1636471513837, 651, 263, 388, 0, 0, 0
27433, 1, 1636471513190, 1636471513853, 663, 267, 396, 0, 0, 0
27434, 1, 1636471513190, 1636471513853, 663, 267, 396, 2, 0, 2
27403, 2, 1636471511610, 1636471513874, 2264, 0, 2264, 0, 0, 0
27435, 1, 1636471513241, 1636471513901, 660, 266, 394, 0, 0, 0
27437, 1, 1636471513265, 1636471513921, 656, 262, 394, 2, 0, 2
27436, 1, 1636471513262, 1636471513924, 662, 266, 396, 1, 0, 1
27439, 1, 1636471513517, 1636471514165, 648, 263, 385, 0, 2, 2
27440, 1, 1636471513530, 1636471514185, 655, 266, 389, 0, 1, 1
27441, 1, 1636471513746, 1636471514405, 659, 267, 392, 1, 0, 1
27413, 2, 1636471512187, 1636471514450, 2263, 1, 2262, 1, 0, 1
27443, 1, 1636471513822, 1636471514473, 651, 260, 391, 1, 2, 3
27444, 1, 1636471513823, 1636471514481, 658, 266, 392, 0, 1, 1
27442, 1, 1636471513821, 1636471514481, 660, 268, 392, 1, 0, 1
27445, 1, 1636471513830, 1636471514492, 662, 262, 400, 2, 1, 3
27446, 1, 1636471513838, 1636471514492, 654, 257, 397, 1, 0, 1
27447, 1, 1636471513854, 1636471514509, 655, 263, 392, 0, 1, 1
27448, 1, 1636471513854, 1636471514509, 655, 263, 392, 3, 0, 3
27449, 1, 1636471513877, 1636471514537, 660, 267, 393, 1, 0, 1
27450, 1, 1636471513902, 1636471514557, 655, 263, 392, 1, 0, 1
27451, 1, 1636471513922, 1636471514572, 650, 263, 387, 0, 0, 0
27452, 1, 1636471513926, 1636471514576, 650, 263, 387, 3, 1, 4
27453, 1, 1636471513961, 1636471514616, 655, 262, 393, 0, 0, 0
27417, 2, 1636471512478, 1636471514738, 2260, 0, 2260, 0, 0, 0
27454, 1, 1636471514166, 1636471514829, 663, 271, 392, 0, 1, 1
27455, 1, 1636471514186, 1636471514841, 655, 263, 392, 1, 1, 2
27424, 2, 1636471512587, 1636471514850, 2263, 1, 2262, 0, 0, 0
27456, 1, 1636471514406, 1636471515060, 654, 263, 391, 2, 2, 4
27457, 1, 1636471514474, 1636471515125, 651, 262, 389, 0, 0, 0
27459, 1, 1636471514482, 1636471515145, 663, 267, 396, 2, 0, 2
27458, 1, 1636471514482, 1636471515145, 663, 267, 396, 0, 1, 1
27460, 1, 1636471514494, 1636471515153, 659, 262, 397, 3, 1, 4
27461, 1, 1636471514494, 1636471515153, 659, 261, 398, 0, 1, 1
27462, 1, 1636471514510, 1636471515161, 651, 263, 388, 1, 0, 1
27427, 2, 1636471512930, 1636471515190, 2260, 0, 2260, 0, 0, 0
27464, 1, 1636471514538, 1636471515192, 654, 263, 391, 2, 0, 2
27465, 1, 1636471514539, 1636471515192, 653, 262, 391, 3, 0, 3
27467, 1, 1636471514573, 1636471515229, 656, 262, 394, 0, 0, 0
27468, 1, 1636471514578, 1636471515232, 654, 262, 392, 0, 1, 1
27470, 1, 1636471514825, 1636471515473, 648, 263, 385, 0, 0, 0
27471, 1, 1636471514830, 1636471515493, 663, 271, 392, 0, 2, 2
27472, 1, 1636471514842, 1636471515509, 667, 270, 397, 0, 0, 0
27469, 1, 1636471514618, 1636471515509, 891, 497, 394, 0, 0, 0
27466, 1, 1636471514558, 1636471515541, 983, 591, 392, 0, 1, 1
27473, 1, 1636471514937, 1636471515597, 660, 266, 394, 2, 0, 2
27438, 2, 1636471513354, 1636471515618, 2264, 0, 2264, 0, 0, 0
27474, 1, 1636471515062, 1636471515725, 663, 272, 391, 2, 2, 4
27475, 1, 1636471515126, 1636471515781, 655, 266, 389, 0, 0, 0
27476, 1, 1636471515147, 1636471515797, 650, 263, 387, 2, 0, 2
27477, 1, 1636471515147, 1636471515797, 650, 263, 387, 3, 0, 3
27479, 1, 1636471515154, 1636471515813, 659, 263, 396, 1, 0, 1
27480, 1, 1636471515162, 1636471515816, 654, 262, 392, 0, 1, 1
27478, 1, 1636471515154, 1636471515816, 662, 267, 395, 1, 1, 2
27481, 1, 1636471515194, 1636471515845, 651, 262, 389, 2, 1, 3
27482, 1, 1636471515194, 1636471515849, 655, 262, 393, 3, 0, 3
27483, 1, 1636471515230, 1636471515885, 655, 267, 388, 1, 0, 1
27484, 1, 1636471515234, 1636471515901, 667, 267, 400, 2, 1, 3
27485, 1, 1636471515281, 1636471515949, 668, 270, 398, 1, 1, 2
27463, 1, 1636471514510, 1636471516092, 1582, 1195, 387, 0, 1, 1
27486, 1, 1636471515474, 1636471516121, 647, 262, 385, 0, 0, 0
27487, 1, 1636471515494, 1636471516153, 659, 266, 393, 0, 0, 0
27488, 1, 1636471515510, 1636471516165, 655, 265, 390, 1, 3, 4
27489, 1, 1636471515510, 1636471516165, 655, 263, 392, 0, 1, 1
27491, 1, 1636471515598, 1636471516245, 647, 262, 385, 0, 1, 1
27492, 1, 1636471515705, 1636471516357, 652, 262, 390, 0, 0, 0
27493, 1, 1636471515726, 1636471516385, 659, 267, 392, 1, 1, 2
27494, 1, 1636471515782, 1636471516433, 651, 262, 389, 0, 0, 0
27495, 1, 1636471515798, 1636471516449, 651, 262, 389, 0, 0, 0
27496, 1, 1636471515798, 1636471516453, 655, 267, 388, 1, 1, 2
27497, 1, 1636471515814, 1636471516473, 659, 266, 393, 0, 0, 0
27499, 1, 1636471515818, 1636471516473, 655, 262, 393, 1, 1, 2
27498, 1, 1636471515818, 1636471516473, 655, 263, 392, 5, 0, 5
27501, 1, 1636471515850, 1636471516501, 651, 262, 389, 0, 1, 1
27500, 1, 1636471515846, 1636471516501, 655, 262, 393, 0, 0, 0
27490, 1, 1636471515543, 1636471516513, 970, 579, 391, 1, 1, 2
27503, 1, 1636471515902, 1636471516568, 666, 275, 391, 2, 1, 3
27504, 1, 1636471515951, 1636471516597, 646, 261, 385, 0, 1, 1
27505, 1, 1636471516094, 1636471516741, 647, 262, 385, 0, 0, 0
27507, 1, 1636471516154, 1636471516805, 651, 262, 389, 0, 1, 1
27508, 1, 1636471516166, 1636471516821, 655, 267, 388, 1, 1, 2
27510, 1, 1636471516246, 1636471516900, 654, 267, 387, 1, 1, 2
27509, 1, 1636471516166, 1636471516944, 778, 387, 391, 1, 1, 2
27512, 1, 1636471516386, 1636471517041, 655, 263, 392, 1, 0, 1
27513, 1, 1636471516434, 1636471517093, 659, 262, 397, 0, 0, 0
27514, 1, 1636471516450, 1636471517105, 655, 262, 393, 0, 0, 0
27515, 1, 1636471516454, 1636471517117, 663, 266, 397, 0, 1, 1
27518, 1, 1636471516475, 1636471517129, 654, 263, 391, 1, 1, 2
27517, 1, 1636471516474, 1636471517136, 662, 262, 400, 2, 0, 2
27516, 1, 1636471516474, 1636471517137, 663, 261, 402, 2, 0, 2
27519, 1, 1636471516502, 1636471517153, 651, 267, 384, 0, 0, 0
27520, 1, 1636471516502, 1636471517160, 658, 262, 396, 0, 0, 0
27521, 1, 1636471516514, 1636471517173, 659, 263, 396, 0, 0, 0
27522, 1, 1636471516570, 1636471517221, 651, 256, 395, 0, 0, 0
27523, 1, 1636471516598, 1636471517245, 647, 262, 385, 0, 2, 2
27511, 1, 1636471516358, 1636471517293, 935, 542, 393, 0, 0, 0
27524, 1, 1636471516742, 1636471517401, 659, 262, 397, 0, 0, 0
27525, 1, 1636471516806, 1636471517461, 655, 267, 388, 1, 1, 2
27526, 1, 1636471516822, 1636471517484, 662, 271, 391, 0, 1, 1
27527, 1, 1636471516902, 1636471517549, 647, 261, 386, 1, 0, 1
27529, 1, 1636471517042, 1636471517696, 654, 264, 390, 1, 2, 3
27530, 1, 1636471517094, 1636471517749, 655, 263, 392, 1, 0, 1
27531, 1, 1636471517106, 1636471517761, 655, 262, 393, 0, 1, 1
27532, 1, 1636471517118, 1636471517769, 651, 263, 388, 1, 0, 1
27533, 1, 1636471517130, 1636471517781, 651, 262, 389, 1, 0, 1
27535, 1, 1636471517138, 1636471517793, 655, 262, 393, 1, 0, 1
27534, 1, 1636471517138, 1636471517796, 658, 262, 396, 2, 0, 2
27536, 1, 1636471517154, 1636471517809, 655, 263, 392, 1, 1, 2
27537, 1, 1636471517162, 1636471517825, 663, 263, 400, 1, 0, 1
27538, 1, 1636471517174, 1636471517837, 663, 268, 395, 2, 0, 2
27539, 1, 1636471517222, 1636471517881, 659, 263, 396, 0, 1, 1
27540, 1, 1636471517246, 1636471517897, 651, 262, 389, 1, 1, 2
27541, 1, 1636471517294, 1636471517953, 659, 262, 397, 0, 0, 0
27542, 1, 1636471517402, 1636471518061, 659, 262, 397, 1, 1, 2
27543, 1, 1636471517462, 1636471518112, 650, 263, 387, 1, 1, 2
27544, 1, 1636471517486, 1636471518145, 659, 263, 396, 0, 1, 1
27545, 1, 1636471517550, 1636471518217, 667, 270, 397, 1, 0, 1
27546, 1, 1636471517697, 1636471518353, 656, 263, 393, 1, 0, 1
27506, 2, 1636471516122, 1636471518387, 2265, 0, 2265, 0, 1, 1
27502, 2, 1636471515886, 1636471518387, 2501, 0, 2501, 0, 1, 1
27548, 1, 1636471517762, 1636471518417, 655, 261, 394, 0, 0, 0
27547, 1, 1636471517750, 1636471518417, 667, 263, 404, 0, 0, 0
27549, 1, 1636471517770, 1636471518429, 659, 262, 397, 0, 0, 0
27550, 1, 1636471517782, 1636471518448, 666, 262, 404, 0, 0, 0
27551, 1, 1636471517794, 1636471518453, 659, 263, 396, 1, 0, 1
27553, 1, 1636471517810, 1636471518461, 651, 263, 388, 1, 0, 1
27552, 1, 1636471517798, 1636471518461, 663, 263, 400, 0, 1, 1
27554, 1, 1636471517826, 1636471518485, 659, 262, 397, 0, 0, 0
27556, 1, 1636471517883, 1636471518533, 650, 260, 390, 0, 2, 2
27557, 1, 1636471517898, 1636471518569, 671, 278, 393, 1, 0, 1
27558, 1, 1636471517954, 1636471518612, 658, 266, 392, 0, 0, 0
27559, 1, 1636471518062, 1636471518725, 663, 266, 397, 0, 0, 0
27555, 1, 1636471517838, 1636471518761, 923, 535, 388, 2, 1, 3
27560, 1, 1636471518113, 1636471518773, 660, 270, 390, 0, 1, 1
27561, 1, 1636471518146, 1636471518805, 659, 262, 397, 0, 0, 0
27528, 1, 1636471516946, 1636471518880, 1934, 1534, 400, 0, 0, 0
27562, 1, 1636471518218, 1636471518880, 662, 265, 397, 0, 1, 1
27565, 1, 1636471518418, 1636471519073, 655, 262, 393, 1, 0, 1
27564, 1, 1636471518418, 1636471519073, 655, 263, 392, 0, 2, 2
27566, 1, 1636471518430, 1636471519093, 663, 270, 393, 0, 0, 0
27568, 1, 1636471518454, 1636471519109, 655, 262, 393, 1, 0, 1
27567, 1, 1636471518449, 1636471519109, 660, 267, 393, 1, 1, 2
27569, 1, 1636471518462, 1636471519125, 663, 268, 395, 2, 1, 3
27570, 1, 1636471518463, 1636471519125, 662, 262, 400, 0, 1, 1
27571, 1, 1636471518473, 1636471519137, 664, 271, 393, 1, 0, 1
27572, 1, 1636471518477, 1636471519141, 664, 266, 398, 0, 0, 0
27573, 1, 1636471518486, 1636471519145, 659, 266, 393, 0, 1, 1
27574, 1, 1636471518534, 1636471519189, 655, 263, 392, 1, 0, 1
27563, 1, 1636471518354, 1636471519228, 874, 483, 391, 0, 2, 2
27576, 1, 1636471518614, 1636471519269, 655, 266, 389, 0, 0, 0
27577, 1, 1636471518726, 1636471519388, 662, 266, 396, 1, 0, 1
27578, 1, 1636471518762, 1636471519425, 663, 262, 401, 0, 0, 0
27579, 1, 1636471518774, 1636471519445, 671, 279, 392, 0, 1, 1
27580, 1, 1636471518806, 1636471519469, 663, 263, 400, 0, 0, 0
27582, 1, 1636471518882, 1636471519541, 659, 268, 391, 3, 1, 4
27581, 1, 1636471518882, 1636471519541, 659, 269, 390, 2, 2, 4
27575, 1, 1636471518570, 1636471519577, 1007, 618, 389, 1, 0, 1
27584, 1, 1636471519074, 1636471519733, 659, 267, 392, 1, 1, 2
27583, 1, 1636471519074, 1636471519733, 659, 267, 392, 1, 0, 1
27585, 1, 1636471519094, 1636471519749, 655, 262, 393, 0, 1, 1
27586, 1, 1636471519110, 1636471519764, 654, 263, 391, 1, 0, 1
27587, 1, 1636471519110, 1636471519764, 654, 262, 392, 2, 0, 2
27588, 1, 1636471519126, 1636471519781, 655, 262, 393, 0, 0, 0
27591, 1, 1636471519141, 1636471519793, 652, 260, 392, 1, 2, 3
27589, 1, 1636471519126, 1636471519793, 667, 277, 390, 0, 0, 0
27590, 1, 1636471519138, 1636471519793, 655, 263, 392, 2, 1, 3
27592, 1, 1636471519146, 1636471519805, 659, 262, 397, 0, 0, 0
27593, 1, 1636471519190, 1636471519849, 659, 262, 397, 1, 1, 2
27594, 1, 1636471519230, 1636471519881, 651, 264, 387, 1, 2, 3
27595, 1, 1636471519271, 1636471519921, 650, 263, 387, 0, 2, 2
27596, 1, 1636471519390, 1636471520045, 655, 262, 393, 0, 0, 0
27597, 1, 1636471519426, 1636471520081, 655, 263, 392, 1, 1, 2
27598, 1, 1636471519446, 1636471520101, 655, 264, 391, 1, 2, 3
27599, 1, 1636471519470, 1636471520121, 651, 264, 387, 1, 2, 3
27600, 1, 1636471519542, 1636471520192, 650, 263, 387, 2, 0, 2
27601, 1, 1636471519542, 1636471520192, 650, 264, 386, 0, 1, 1
27602, 1, 1636471519578, 1636471520229, 651, 262, 389, 1, 2, 3
27603, 1, 1636471519734, 1636471520397, 663, 267, 396, 2, 0, 2
27604, 1, 1636471519734, 1636471520397, 663, 267, 396, 3, 0, 3
27605, 1, 1636471519750, 1636471520413, 663, 274, 389, 2, 0, 2
27606, 1, 1636471519766, 1636471520421, 655, 268, 387, 1, 3, 4
27607, 1, 1636471519766, 1636471520424, 658, 267, 391, 1, 2, 3
27608, 1, 1636471519782, 1636471520437, 655, 266, 389, 0, 0, 0
27610, 1, 1636471519795, 1636471520449, 654, 266, 388, 1, 1, 2
27611, 1, 1636471519795, 1636471520449, 654, 264, 390, 2, 3, 5
27609, 1, 1636471519794, 1636471520449, 655, 265, 390, 4, 2, 6
27612, 1, 1636471519806, 1636471520461, 655, 265, 390, 0, 0, 0
27613, 1, 1636471519850, 1636471520504, 654, 268, 386, 0, 1, 1
27614, 1, 1636471519883, 1636471520536, 653, 261, 392, 1, 1, 2
27615, 1, 1636471519922, 1636471520577, 655, 262, 393, 0, 0, 0
27617, 1, 1636471520082, 1636471520732, 650, 263, 387, 1, 0, 1
27618, 1, 1636471520103, 1636471520757, 654, 266, 388, 1, 0, 1
27619, 1, 1636471520122, 1636471520772, 650, 262, 388, 0, 0, 0
27616, 1, 1636471520046, 1636471520793, 747, 357, 390, 0, 0, 0
27621, 1, 1636471520194, 1636471520848, 654, 262, 392, 2, 0, 2
27622, 1, 1636471520230, 1636471520884, 654, 261, 393, 0, 1, 1
27624, 1, 1636471520398, 1636471521053, 655, 263, 392, 1, 1, 2
27623, 1, 1636471520398, 1636471521053, 655, 263, 392, 0, 1, 1
27625, 1, 1636471520414, 1636471521065, 651, 262, 389, 0, 1, 1
27626, 1, 1636471520422, 1636471521072, 650, 264, 386, 0, 2, 2
27627, 1, 1636471520426, 1636471521080, 654, 262, 392, 0, 3, 3
27628, 1, 1636471520438, 1636471521093, 655, 262, 393, 0, 0, 0
27629, 1, 1636471520450, 1636471521101, 651, 267, 384, 1, 1, 2
27630, 1, 1636471520450, 1636471521101, 651, 263, 388, 2, 0, 2
27631, 1, 1636471520451, 1636471521101, 650, 263, 387, 0, 1, 1
27632, 1, 1636471520462, 1636471521117, 655, 262, 393, 1, 1, 2
27620, 1, 1636471520194, 1636471521137, 943, 555, 388, 2, 1, 3
27633, 1, 1636471520506, 1636471521160, 654, 263, 391, 1, 0, 1
27634, 1, 1636471520538, 1636471521188, 650, 262, 388, 2, 0, 2
27635, 1, 1636471520579, 1636471521233, 654, 262, 392, 0, 1, 1
27636, 1, 1636471520733, 1636471521392, 659, 262, 397, 0, 0, 0
27637, 1, 1636471520759, 1636471521408, 649, 264, 385, 0, 1, 1
27638, 1, 1636471520774, 1636471521429, 655, 262, 393, 0, 0, 0
27639, 1, 1636471520795, 1636471521448, 653, 261, 392, 0, 1, 1
27640, 1, 1636471520850, 1636471521500, 650, 262, 388, 0, 1, 1
27641, 1, 1636471520886, 1636471521529, 643, 260, 383, 1, 1, 2
27643, 1, 1636471521054, 1636471521713, 659, 267, 392, 1, 2, 3
27642, 1, 1636471521054, 1636471521713, 659, 267, 392, 1, 2, 3
27644, 1, 1636471521066, 1636471521721, 655, 263, 392, 0, 1, 1
27645, 1, 1636471521073, 1636471521724, 651, 263, 388, 1, 0, 1
27646, 1, 1636471521082, 1636471521728, 646, 258, 388, 1, 0, 1
27647, 1, 1636471521094, 1636471521752, 658, 267, 391, 0, 1, 1
27648, 1, 1636471521102, 1636471521756, 654, 263, 391, 1, 1, 2
27651, 1, 1636471521118, 1636471521777, 659, 266, 393, 0, 1, 1
27653, 1, 1636471521162, 1636471521816, 654, 263, 391, 1, 1, 2
27654, 1, 1636471521189, 1636471521841, 652, 263, 389, 0, 1, 1
27655, 1, 1636471521235, 1636471521893, 658, 266, 392, 0, 1, 1
27656, 1, 1636471521394, 1636471522044, 650, 262, 388, 0, 0, 0
27650, 1, 1636471521103, 1636471522069, 966, 578, 388, 1, 0, 1
27658, 1, 1636471521430, 1636471522085, 655, 267, 388, 1, 1, 2
27652, 1, 1636471521138, 1636471522100, 962, 570, 392, 1, 0, 1
27659, 1, 1636471521450, 1636471522105, 655, 267, 388, 0, 1, 1
27660, 1, 1636471521502, 1636471522165, 663, 271, 392, 1, 1, 2
27661, 1, 1636471521530, 1636471522180, 650, 267, 383, 0, 1, 1
27662, 1, 1636471521714, 1636471522373, 659, 263, 396, 2, 0, 2
27663, 1, 1636471521715, 1636471522373, 658, 262, 396, 1, 0, 1
27664, 1, 1636471521723, 1636471522377, 654, 263, 391, 0, 1, 1
27666, 1, 1636471521730, 1636471522389, 659, 262, 397, 0, 0, 0
27657, 1, 1636471521410, 1636471522413, 1003, 616, 387, 1, 1, 2
27668, 1, 1636471521758, 1636471522416, 658, 263, 395, 1, 1, 2
27667, 1, 1636471521754, 1636471522416, 662, 267, 395, 1, 1, 2
27669, 1, 1636471521778, 1636471522433, 655, 267, 388, 0, 1, 1
27670, 1, 1636471521818, 1636471522468, 650, 263, 387, 1, 0, 1
27672, 1, 1636471521894, 1636471522549, 655, 263, 392, 1, 0, 1
27673, 1, 1636471522046, 1636471522697, 651, 262, 389, 0, 0, 0
27675, 1, 1636471522086, 1636471522737, 651, 258, 393, 0, 1, 1
27676, 1, 1636471522102, 1636471522757, 655, 262, 393, 0, 0, 0
27677, 1, 1636471522106, 1636471522757, 651, 262, 389, 0, 0, 0
27665, 1, 1636471521725, 1636471522761, 1036, 640, 396, 0, 2, 2
27671, 1, 1636471521842, 1636471522769, 927, 531, 396, 0, 1, 1
27679, 1, 1636471522182, 1636471522833, 651, 266, 385, 0, 0, 0
27680, 1, 1636471522374, 1636471523037, 663, 270, 393, 3, 0, 3
27682, 1, 1636471522378, 1636471523037, 659, 266, 393, 2, 0, 2
27681, 1, 1636471522374, 1636471523037, 663, 270, 393, 1, 0, 1
27674, 1, 1636471522071, 1636471523049, 978, 582, 396, 0, 0, 0
27683, 1, 1636471522390, 1636471523053, 663, 266, 397, 0, 1, 1
27684, 1, 1636471522414, 1636471523065, 651, 263, 388, 0, 0, 0
27685, 1, 1636471522418, 1636471523073, 655, 267, 388, 0, 1, 1
27686, 1, 1636471522418, 1636471523077, 659, 267, 392, 2, 0, 2
27687, 1, 1636471522434, 1636471523089, 655, 263, 392, 1, 0, 1
27688, 1, 1636471522470, 1636471523125, 655, 263, 392, 1, 3, 4
27689, 1, 1636471522551, 1636471523201, 650, 263, 387, 0, 1, 1
27690, 1, 1636471522698, 1636471523348, 650, 262, 388, 0, 0, 0
27691, 1, 1636471522738, 1636471523401, 663, 270, 393, 0, 0, 0
27693, 1, 1636471522758, 1636471523409, 651, 263, 388, 0, 0, 0
27692, 1, 1636471522758, 1636471523413, 655, 267, 388, 0, 1, 1
27694, 1, 1636471522762, 1636471523421, 659, 268, 391, 0, 1, 1
27695, 1, 1636471522770, 1636471523425, 655, 267, 388, 0, 1, 1
27649, 2, 1636471521102, 1636471523498, 2396, 87, 2309, 0, 0, 0
27698, 1, 1636471523038, 1636471523693, 655, 262, 393, 1, 1, 2
27697, 1, 1636471523038, 1636471523693, 655, 263, 392, 2, 2, 4
27699, 1, 1636471523038, 1636471523693, 655, 263, 392, 0, 1, 1
27700, 1, 1636471523050, 1636471523701, 651, 262, 389, 1, 0, 1
27701, 1, 1636471523054, 1636471523709, 655, 258, 397, 0, 3, 3
27702, 1, 1636471523066, 1636471523717, 651, 263, 388, 0, 1, 1
27703, 1, 1636471523074, 1636471523721, 647, 258, 389, 0, 0, 0
27704, 1, 1636471523078, 1636471523736, 658, 263, 395, 0, 1, 1
27705, 1, 1636471523090, 1636471523741, 651, 263, 388, 0, 0, 0
27706, 1, 1636471523127, 1636471523777, 650, 262, 388, 1, 0, 1
27709, 1, 1636471523402, 1636471524052, 650, 262, 388, 0, 0, 0
27710, 1, 1636471523410, 1636471524061, 651, 262, 389, 0, 0, 0
27711, 1, 1636471523414, 1636471524073, 659, 267, 392, 1, 1, 2
27712, 1, 1636471523422, 1636471524080, 658, 266, 392, 0, 0, 0
27713, 1, 1636471523426, 1636471524080, 654, 258, 396, 0, 0, 0
27708, 1, 1636471523349, 1636471524088, 739, 347, 392, 0, 1, 1
27714, 1, 1636471523589, 1636471524249, 660, 266, 394, 1, 0, 1
27715, 1, 1636471523694, 1636471524353, 659, 263, 396, 4, 0, 4
27717, 1, 1636471523695, 1636471524353, 658, 262, 396, 1, 0, 1
27718, 1, 1636471523702, 1636471524353, 651, 260, 391, 1, 1, 2
27716, 1, 1636471523694, 1636471524357, 663, 261, 402, 1, 0, 1
27719, 1, 1636471523710, 1636471524365, 655, 262, 393, 0, 0, 0
27720, 1, 1636471523718, 1636471524377, 659, 262, 397, 0, 0, 0
27721, 1, 1636471523722, 1636471524381, 659, 266, 393, 0, 0, 0
27723, 1, 1636471523742, 1636471524393, 651, 262, 389, 0, 0, 0
27722, 1, 1636471523738, 1636471524393, 655, 263, 392, 1, 0, 1
27724, 1, 1636471523778, 1636471524429, 651, 262, 389, 0, 2, 2
27725, 1, 1636471524054, 1636471524708, 654, 266, 388, 0, 0, 0
27726, 1, 1636471524062, 1636471524721, 659, 270, 389, 0, 0, 0
27727, 1, 1636471524074, 1636471524733, 659, 266, 393, 0, 0, 0
27728, 1, 1636471524081, 1636471524745, 664, 273, 391, 3, 2, 5
27729, 1, 1636471524082, 1636471524745, 663, 272, 391, 3, 1, 4
27730, 1, 1636471524091, 1636471524745, 654, 265, 389, 1, 3, 4
27731, 1, 1636471524250, 1636471524909, 659, 266, 393, 0, 0, 0
27732, 1, 1636471524354, 1636471525013, 659, 261, 398, 1, 1, 2
27733, 1, 1636471524354, 1636471525013, 659, 263, 396, 3, 1, 4
27734, 1, 1636471524355, 1636471525013, 658, 261, 397, 1, 1, 2
27735, 1, 1636471524358, 1636471525025, 667, 266, 401, 0, 0, 0
27736, 1, 1636471524366, 1636471525025, 659, 266, 393, 0, 0, 0
27737, 1, 1636471524378, 1636471525033, 655, 263, 392, 0, 1, 1
27738, 1, 1636471524382, 1636471525041, 659, 262, 397, 0, 0, 0
27740, 1, 1636471524395, 1636471525065, 670, 272, 398, 3, 0, 3
27739, 1, 1636471524394, 1636471525065, 671, 272, 399, 2, 1, 3
27741, 1, 1636471524430, 1636471525097, 667, 265, 402, 0, 0, 0
27742, 1, 1636471524710, 1636471525373, 663, 267, 396, 0, 1, 1
27743, 1, 1636471524722, 1636471525376, 654, 266, 388, 0, 0, 0
27746, 1, 1636471524746, 1636471525401, 655, 262, 393, 1, 0, 1
27745, 1, 1636471524746, 1636471525404, 658, 264, 394, 1, 1, 2
27707, 2, 1636471523202, 1636471525543, 2341, 0, 2341, 0, 0, 0
27696, 2, 1636471522834, 1636471525543, 2709, 0, 2709, 0, 0, 0
27678, 2, 1636471522166, 1636471525543, 3377, 0, 3377, 0, 0, 0
27748, 1, 1636471524910, 1636471525569, 659, 262, 397, 0, 0, 0
27749, 1, 1636471525014, 1636471525669, 655, 267, 388, 0, 1, 1
27750, 1, 1636471525014, 1636471525669, 655, 264, 391, 1, 0, 1
27751, 1, 1636471525014, 1636471525672, 658, 267, 391, 1, 1, 2
27752, 1, 1636471525026, 1636471525681, 655, 262, 393, 0, 0, 0
27753, 1, 1636471525026, 1636471525685, 659, 267, 392, 0, 1, 1
27754, 1, 1636471525034, 1636471525693, 659, 266, 393, 0, 0, 0
27757, 1, 1636471525066, 1636471525721, 655, 262, 393, 1, 0, 1
27756, 1, 1636471525066, 1636471525721, 655, 264, 391, 1, 2, 3
27755, 1, 1636471525042, 1636471525725, 683, 295, 388, 1, 0, 1
27758, 1, 1636471525098, 1636471525749, 651, 262, 389, 0, 0, 0
27760, 1, 1636471525378, 1636471526037, 659, 262, 397, 0, 0, 0
27759, 1, 1636471525374, 1636471526037, 663, 266, 397, 0, 0, 0
27761, 1, 1636471525402, 1636471526061, 659, 262, 397, 1, 0, 1
27762, 1, 1636471525405, 1636471526061, 656, 258, 398, 0, 0, 0
27763, 1, 1636471525570, 1636471526225, 655, 262, 393, 0, 0, 0
27764, 1, 1636471525629, 1636471526285, 656, 266, 390, 0, 0, 0
27768, 1, 1636471525670, 1636471526329, 659, 266, 393, 0, 2, 2
27769, 1, 1636471525673, 1636471526329, 656, 262, 394, 0, 0, 0
27771, 1, 1636471525686, 1636471526337, 651, 262, 389, 0, 0, 0
27772, 1, 1636471525694, 1636471526349, 655, 266, 389, 0, 0, 0
27774, 1, 1636471525722, 1636471526376, 654, 263, 391, 1, 0, 1
27775, 1, 1636471525726, 1636471526381, 655, 258, 397, 0, 0, 0
27776, 1, 1636471525750, 1636471526409, 659, 267, 392, 0, 2, 2
27765, 1, 1636471525633, 1636471526633, 1000, 607, 393, 1, 1, 2
27778, 1, 1636471526038, 1636471526697, 659, 262, 397, 0, 0, 0
27777, 1, 1636471526038, 1636471526697, 659, 262, 397, 1, 0, 1
27780, 1, 1636471526062, 1636471526717, 655, 263, 392, 0, 1, 1
27781, 1, 1636471526226, 1636471526881, 655, 270, 385, 0, 0, 0
27782, 1, 1636471526286, 1636471526940, 654, 261, 393, 1, 1, 2
27783, 1, 1636471526330, 1636471526989, 659, 266, 393, 1, 0, 1
27784, 1, 1636471526330, 1636471527001, 671, 272, 399, 3, 1, 4
27785, 1, 1636471526338, 1636471527001, 663, 262, 401, 0, 1, 1
27786, 1, 1636471526350, 1636471527004, 654, 262, 392, 0, 0, 0
27788, 1, 1636471526382, 1636471527033, 651, 263, 388, 2, 0, 2
27787, 1, 1636471526377, 1636471527033, 656, 267, 389, 2, 1, 3
27747, 2, 1636471524746, 1636471527246, 2500, 1, 2499, 1, 0, 1
27744, 2, 1636471524734, 1636471527247, 2513, 0, 2513, 0, 1, 1
27790, 1, 1636471526634, 1636471527289, 655, 266, 389, 0, 0, 0
27791, 1, 1636471526698, 1636471527348, 650, 263, 387, 0, 1, 1
27792, 1, 1636471526698, 1636471527349, 651, 262, 389, 0, 0, 0
27793, 1, 1636471526718, 1636471527373, 655, 262, 393, 0, 0, 0
27794, 1, 1636471526882, 1636471527533, 651, 262, 389, 0, 0, 0
27795, 1, 1636471526942, 1636471527592, 650, 263, 387, 0, 1, 1
27796, 1, 1636471526990, 1636471527644, 654, 261, 393, 0, 0, 0
27798, 1, 1636471527002, 1636471527657, 655, 263, 392, 1, 0, 1
27799, 1, 1636471527006, 1636471527657, 651, 263, 388, 1, 1, 2
27801, 1, 1636471527034, 1636471527685, 651, 263, 388, 1, 1, 2
27800, 1, 1636471527034, 1636471527685, 651, 263, 388, 1, 2, 3
27767, 2, 1636471525670, 1636471527930, 2260, 0, 2260, 0, 0, 0
27802, 1, 1636471527290, 1636471527940, 650, 263, 387, 1, 1, 2
27770, 2, 1636471525682, 1636471527946, 2264, 0, 2264, 0, 0, 0
27803, 1, 1636471527333, 1636471527984, 651, 262, 389, 1, 0, 1
27804, 1, 1636471527333, 1636471527984, 651, 258, 393, 0, 0, 0
27773, 2, 1636471525722, 1636471527986, 2264, 1, 2263, 0, 1, 1
27805, 1, 1636471527350, 1636471528005, 655, 263, 392, 0, 2, 2
27806, 1, 1636471527350, 1636471528005, 655, 264, 391, 3, 1, 4
27807, 1, 1636471527374, 1636471528025, 651, 263, 388, 0, 1, 1
27808, 1, 1636471527534, 1636471528189, 655, 262, 393, 0, 0, 0
27809, 1, 1636471527594, 1636471528249, 655, 262, 393, 0, 1, 1
27810, 1, 1636471527646, 1636471528300, 654, 262, 392, 0, 0, 0
27812, 1, 1636471527659, 1636471528313, 654, 263, 391, 1, 0, 1
27811, 1, 1636471527658, 1636471528313, 655, 263, 392, 1, 0, 1
27779, 2, 1636471526062, 1636471528507, 2445, 1, 2444, 1, 1, 2
27766, 2, 1636471525633, 1636471528507, 2874, 0, 2874, 0, 0, 0
27815, 1, 1636471527942, 1636471528593, 651, 260, 391, 0, 0, 0
27816, 1, 1636471527986, 1636471528641, 655, 263, 392, 4, 0, 4
27817, 1, 1636471527986, 1636471528641, 655, 263, 392, 2, 1, 3
27818, 1, 1636471528006, 1636471528661, 655, 263, 392, 1, 2, 3
27820, 1, 1636471528017, 1636471528673, 656, 266, 390, 0, 0, 0
27789, 2, 1636471526410, 1636471528674, 2264, 0, 2264, 0, 0, 0
27821, 1, 1636471528026, 1636471528681, 655, 262, 393, 0, 0, 0
27822, 1, 1636471528033, 1636471528688, 655, 262, 393, 0, 0, 0
27823, 1, 1636471528073, 1636471528728, 655, 265, 390, 0, 2, 2
27825, 1, 1636471528250, 1636471528913, 663, 262, 401, 0, 0, 0
27826, 1, 1636471528302, 1636471528952, 650, 263, 387, 0, 1, 1
27827, 1, 1636471528314, 1636471528969, 655, 267, 388, 1, 1, 2
27824, 1, 1636471528190, 1636471528989, 799, 406, 393, 0, 0, 0
27829, 1, 1636471528593, 1636471529245, 652, 260, 392, 0, 1, 1
27831, 1, 1636471528597, 1636471529245, 648, 263, 385, 2, 1, 3
27830, 1, 1636471528594, 1636471529265, 671, 274, 397, 1, 1, 2
27797, 2, 1636471527002, 1636471529267, 2265, 1, 2264, 0, 1, 1
27832, 1, 1636471528642, 1636471529293, 651, 263, 388, 2, 0, 2
27833, 1, 1636471528642, 1636471529297, 655, 263, 392, 1, 0, 1
27834, 1, 1636471528662, 1636471529312, 650, 262, 388, 0, 0, 0
27835, 1, 1636471528674, 1636471529336, 662, 274, 388, 1, 0, 1
27836, 1, 1636471528682, 1636471529336, 654, 261, 393, 0, 0, 0
27837, 1, 1636471528690, 1636471529353, 663, 270, 393, 0, 0, 0
27838, 1, 1636471528730, 1636471529388, 658, 265, 393, 0, 0, 0
27839, 1, 1636471528761, 1636471529412, 651, 262, 389, 0, 0, 0
27840, 1, 1636471528914, 1636471529565, 651, 262, 389, 0, 1, 1
27841, 1, 1636471528954, 1636471529608, 654, 267, 387, 1, 1, 2
27842, 1, 1636471528970, 1636471529620, 650, 262, 388, 0, 0, 0
27843, 1, 1636471528990, 1636471529641, 651, 262, 389, 0, 0, 0
27813, 1, 1636471527686, 1636471529741, 2055, 1668, 387, 1, 1, 2
27845, 1, 1636471529246, 1636471529897, 651, 263, 388, 2, 0, 2
27844, 1, 1636471529246, 1636471529901, 655, 261, 394, 2, 0, 2
27846, 1, 1636471529266, 1636471529917, 651, 263, 388, 1, 0, 1
27814, 2, 1636471527687, 1636471529950, 2263, 1, 2262, 1, 0, 1
27848, 1, 1636471529298, 1636471529952, 654, 262, 392, 0, 0, 0
27847, 1, 1636471529294, 1636471529952, 658, 266, 392, 0, 0, 0
27850, 1, 1636471529338, 1636471529988, 650, 262, 388, 0, 0, 0
27851, 1, 1636471529338, 1636471529988, 650, 261, 389, 0, 1, 1
27852, 1, 1636471529353, 1636471530005, 652, 263, 389, 3, 1, 4
27854, 1, 1636471529390, 1636471530040, 650, 262, 388, 0, 0, 0
27855, 1, 1636471529414, 1636471530069, 655, 262, 393, 0, 0, 0
27849, 1, 1636471529314, 1636471530085, 771, 382, 389, 1, 0, 1
27856, 1, 1636471529566, 1636471530229, 663, 266, 397, 0, 0, 0
27857, 1, 1636471529610, 1636471530261, 651, 264, 387, 1, 1, 2
27858, 1, 1636471529622, 1636471530269, 647, 258, 389, 0, 0, 0
27859, 1, 1636471529643, 1636471530297, 654, 262, 392, 0, 0, 0
27853, 1, 1636471529354, 1636471530349, 995, 607, 388, 1, 1, 2
27819, 2, 1636471528006, 1636471530402, 2396, 89, 2307, 2, 0, 2
27828, 1, 1636471528314, 1636471530429, 2115, 1723, 392, 1, 2, 3
27861, 1, 1636471529898, 1636471530549, 651, 262, 389, 0, 0, 0
27862, 1, 1636471529902, 1636471530557, 655, 263, 392, 0, 1, 1
27863, 1, 1636471529918, 1636471530577, 659, 265, 394, 0, 0, 0
27864, 1, 1636471529954, 1636471530605, 651, 264, 387, 3, 2, 5
27865, 1, 1636471529954, 1636471530609, 655, 263, 392, 1, 2, 3
27866, 1, 1636471529990, 1636471530645, 655, 262, 393, 2, 0, 2
27867, 1, 1636471529990, 1636471530645, 655, 261, 394, 1, 0, 1
27868, 1, 1636471530006, 1636471530661, 655, 262, 393, 1, 0, 1
27860, 1, 1636471529742, 1636471530697, 955, 558, 397, 0, 2, 2
27870, 1, 1636471530042, 1636471530697, 655, 261, 394, 2, 1, 3
27873, 1, 1636471530230, 1636471530885, 655, 262, 393, 0, 0, 0
27875, 1, 1636471530270, 1636471530925, 655, 262, 393, 0, 0, 0
27876, 1, 1636471530299, 1636471530948, 649, 262, 387, 0, 0, 0
27874, 1, 1636471530263, 1636471530953, 690, 304, 386, 0, 2, 2
27869, 1, 1636471530037, 1636471530993, 956, 558, 398, 1, 0, 1
27877, 1, 1636471530350, 1636471531005, 655, 263, 392, 0, 1, 1
27879, 1, 1636471530489, 1636471531145, 656, 263, 393, 1, 1, 2
27880, 1, 1636471530550, 1636471531205, 655, 266, 389, 0, 0, 0
27881, 1, 1636471530558, 1636471531209, 651, 263, 388, 1, 0, 1
27882, 1, 1636471530578, 1636471531233, 655, 262, 393, 1, 0, 1
27884, 1, 1636471530610, 1636471531265, 655, 264, 391, 2, 1, 3
27885, 1, 1636471530646, 1636471531293, 647, 263, 384, 1, 0, 1
27878, 1, 1636471530430, 1636471531296, 866, 478, 388, 1, 0, 1
27886, 1, 1636471530646, 1636471531296, 650, 261, 389, 0, 0, 0
27889, 1, 1636471530699, 1636471531352, 653, 263, 390, 2, 1, 3
27883, 1, 1636471530606, 1636471531493, 887, 494, 393, 0, 0, 0
27890, 1, 1636471530887, 1636471531537, 650, 263, 387, 0, 1, 1
27892, 1, 1636471530950, 1636471531600, 650, 258, 392, 1, 0, 1
27888, 1, 1636471530698, 1636471531644, 946, 557, 389, 2, 5, 7
27894, 1, 1636471530993, 1636471531649, 656, 265, 391, 2, 1, 3
27895, 1, 1636471531006, 1636471531661, 655, 262, 393, 0, 0, 0
27897, 1, 1636471531206, 1636471531861, 655, 263, 392, 0, 1, 1
27898, 1, 1636471531210, 1636471531865, 655, 268, 387, 1, 2, 3
27899, 1, 1636471531234, 1636471531885, 651, 262, 389, 0, 0, 0
27900, 1, 1636471531266, 1636471531924, 658, 266, 392, 0, 0, 0
27901, 1, 1636471531294, 1636471531949, 655, 262, 393, 0, 0, 0
27902, 1, 1636471531298, 1636471531956, 658, 263, 395, 2, 0, 2
27903, 1, 1636471531298, 1636471531956, 658, 263, 395, 2, 0, 2
27905, 1, 1636471531494, 1636471532157, 663, 266, 397, 1, 0, 1
27906, 1, 1636471531538, 1636471532189, 651, 263, 388, 1, 0, 1
27907, 1, 1636471531602, 1636471532253, 651, 262, 389, 0, 1, 1
27909, 1, 1636471531650, 1636471532304, 654, 268, 386, 1, 1, 2
27908, 1, 1636471531646, 1636471532304, 658, 266, 392, 0, 0, 0
27910, 1, 1636471531662, 1636471532313, 651, 262, 389, 0, 0, 0
27911, 1, 1636471531862, 1636471532513, 651, 266, 385, 2, 0, 2
27912, 1, 1636471531866, 1636471532521, 655, 258, 397, 0, 0, 0
27913, 1, 1636471531886, 1636471532545, 659, 262, 397, 0, 0, 0
27872, 2, 1636471530086, 1636471532571, 2485, 1, 2484, 0, 0, 0
27871, 2, 1636471530070, 1636471532571, 2501, 0, 2501, 0, 0, 0
27914, 1, 1636471531926, 1636471532576, 650, 262, 388, 0, 0, 0
27915, 1, 1636471531950, 1636471532608, 658, 261, 397, 1, 0, 1
27916, 1, 1636471531958, 1636471532617, 659, 267, 392, 0, 0, 0
27917, 1, 1636471531958, 1636471532617, 659, 262, 397, 0, 1, 1
27918, 1, 1636471532158, 1636471532809, 651, 258, 393, 0, 0, 0
27919, 1, 1636471532190, 1636471532841, 651, 262, 389, 0, 0, 0
27920, 1, 1636471532254, 1636471532909, 655, 266, 389, 0, 0, 0
27887, 2, 1636471530662, 1636471532926, 2264, 0, 2264, 0, 0, 0
27922, 1, 1636471532306, 1636471532961, 655, 264, 391, 2, 1, 3
27921, 1, 1636471532306, 1636471532964, 658, 263, 395, 1, 1, 2
27925, 1, 1636471532522, 1636471533181, 659, 262, 397, 0, 0, 0
27926, 1, 1636471532546, 1636471533205, 659, 262, 397, 0, 0, 0
27893, 2, 1636471530954, 1636471533218, 2264, 0, 2264, 0, 0, 0
27927, 1, 1636471532578, 1636471533225, 647, 263, 384, 1, 0, 1
27928, 1, 1636471532610, 1636471533264, 654, 262, 392, 0, 0, 0
27929, 1, 1636471532618, 1636471533280, 662, 268, 394, 1, 1, 2
27930, 1, 1636471532619, 1636471533281, 662, 268, 394, 3, 2, 5
27931, 1, 1636471532657, 1636471533305, 648, 263, 385, 1, 1, 2
27924, 1, 1636471532514, 1636471533309, 795, 407, 388, 2, 1, 3
27932, 1, 1636471532661, 1636471533312, 651, 262, 389, 0, 0, 0
27933, 1, 1636471532810, 1636471533465, 655, 262, 393, 0, 0, 0
27934, 1, 1636471532842, 1636471533497, 655, 263, 392, 0, 1, 1
27891, 2, 1636471530926, 1636471533518, 2592, 0, 2592, 0, 0, 0
27896, 2, 1636471531146, 1636471533519, 2373, 1, 2372, 0, 1, 1
27936, 1, 1636471532962, 1636471533613, 651, 263, 388, 0, 1, 1
27937, 1, 1636471532965, 1636471533613, 648, 263, 385, 3, 0, 3
27938, 1, 1636471533013, 1636471533661, 648, 258, 390, 0, 0, 0
27904, 1, 1636471531354, 1636471533697, 2343, 1950, 393, 0, 0, 0
27939, 1, 1636471533182, 1636471533833, 651, 261, 390, 0, 0, 0
27940, 1, 1636471533206, 1636471533857, 651, 258, 393, 0, 2, 2
27941, 1, 1636471533226, 1636471533889, 663, 267, 396, 1, 0, 1
27942, 1, 1636471533266, 1636471533913, 647, 262, 385, 1, 0, 1
27944, 1, 1636471533282, 1636471533941, 659, 263, 396, 0, 0, 0
27943, 1, 1636471533282, 1636471533941, 659, 263, 396, 0, 0, 0
27946, 1, 1636471533306, 1636471533961, 655, 263, 392, 2, 0, 2
27947, 1, 1636471533310, 1636471533961, 651, 262, 389, 0, 0, 0
27948, 1, 1636471533315, 1636471534049, 734, 342, 392, 0, 1, 1
27949, 1, 1636471533466, 1636471534125, 659, 264, 395, 0, 0, 0
27950, 1, 1636471533498, 1636471534149, 651, 258, 393, 0, 0, 0
27952, 1, 1636471533605, 1636471534260, 655, 262, 393, 0, 0, 0
27953, 1, 1636471533614, 1636471534268, 654, 267, 387, 2, 1, 3
27954, 1, 1636471533615, 1636471534268, 653, 267, 386, 2, 0, 2
27945, 1, 1636471533305, 1636471534289, 984, 594, 390, 0, 0, 0
27955, 1, 1636471533662, 1636471534317, 655, 266, 389, 0, 0, 0
27956, 1, 1636471533698, 1636471534352, 654, 262, 392, 0, 0, 0
27951, 1, 1636471533605, 1636471534396, 791, 402, 389, 0, 0, 0
27957, 1, 1636471533834, 1636471534488, 654, 263, 391, 1, 0, 1
27958, 1, 1636471533858, 1636471534512, 654, 266, 388, 0, 0, 0
27959, 1, 1636471533890, 1636471534545, 655, 262, 393, 0, 0, 0
27960, 1, 1636471533914, 1636471534569, 655, 262, 393, 0, 1, 1
27923, 2, 1636471532314, 1636471534582, 2268, 0, 2268, 0, 0, 0
27961, 1, 1636471533942, 1636471534593, 651, 263, 388, 0, 0, 0
27964, 1, 1636471533962, 1636471534608, 646, 262, 384, 1, 0, 1
27965, 1, 1636471534050, 1636471534701, 651, 262, 389, 1, 0, 1
27966, 1, 1636471534126, 1636471534781, 655, 262, 393, 0, 0, 0
27967, 1, 1636471534150, 1636471534809, 659, 262, 397, 0, 0, 0
27963, 1, 1636471533962, 1636471534893, 931, 539, 392, 1, 0, 1
27968, 1, 1636471534262, 1636471534912, 650, 262, 388, 0, 0, 0
27969, 1, 1636471534269, 1636471534921, 652, 263, 389, 1, 1, 2
27970, 1, 1636471534270, 1636471534924, 654, 262, 392, 0, 2, 2
27971, 1, 1636471534290, 1636471534941, 651, 262, 389, 0, 0, 0
27973, 1, 1636471534354, 1636471535008, 654, 263, 391, 1, 0, 1
27974, 1, 1636471534398, 1636471535048, 650, 262, 388, 0, 0, 0
27975, 1, 1636471534490, 1636471535148, 658, 263, 395, 1, 0, 1
27976, 1, 1636471534514, 1636471535172, 658, 262, 396, 0, 0, 0
27935, 2, 1636471532910, 1636471535174, 2264, 0, 2264, 0, 0, 0
27977, 1, 1636471534546, 1636471535200, 654, 262, 392, 0, 0, 0
27978, 1, 1636471534570, 1636471535229, 659, 262, 397, 0, 0, 0
27972, 1, 1636471534318, 1636471535241, 923, 530, 393, 0, 0, 0
27979, 1, 1636471534594, 1636471535253, 659, 264, 395, 2, 2, 4
27980, 1, 1636471534610, 1636471535257, 647, 263, 384, 0, 0, 0
27981, 1, 1636471534673, 1636471535324, 651, 262, 389, 1, 0, 1
27982, 1, 1636471534702, 1636471535356, 654, 262, 392, 0, 1, 1
27983, 1, 1636471534782, 1636471535436, 654, 267, 387, 1, 1, 2
27986, 1, 1636471534914, 1636471535564, 650, 262, 388, 0, 0, 0
27987, 1, 1636471534922, 1636471535580, 658, 268, 390, 1, 0, 1
27988, 1, 1636471534925, 1636471535592, 667, 271, 396, 1, 0, 1
27989, 1, 1636471534942, 1636471535604, 662, 266, 396, 0, 0, 0
27991, 1, 1636471535050, 1636471535721, 671, 270, 401, 0, 1, 1
27992, 1, 1636471535150, 1636471535804, 654, 266, 388, 0, 0, 0
27994, 1, 1636471535202, 1636471535853, 651, 259, 392, 0, 2, 2
27995, 1, 1636471535230, 1636471535881, 651, 257, 394, 0, 1, 1
27998, 1, 1636471535258, 1636471535896, 638, 255, 383, 1, 0, 1
27990, 1, 1636471535011, 1636471535933, 922, 531, 391, 0, 1, 1
28000, 1, 1636471535326, 1636471535981, 655, 262, 393, 0, 0, 0
27999, 1, 1636471535265, 1636471536077, 812, 410, 402, 0, 0, 0
28002, 1, 1636471535437, 1636471536097, 660, 258, 402, 0, 0, 0
27962, 2, 1636471533942, 1636471536206, 2264, 1, 2263, 0, 1, 1
28003, 1, 1636471535565, 1636471536229, 664, 266, 398, 0, 0, 0
27997, 1, 1636471535254, 1636471536233, 979, 586, 393, 0, 0, 0
28004, 1, 1636471535581, 1636471536241, 660, 267, 393, 1, 0, 1
28005, 1, 1636471535593, 1636471536249, 656, 260, 396, 2, 2, 4
28001, 1, 1636471535359, 1636471536276, 917, 530, 387, 0, 0, 0
28006, 1, 1636471535605, 1636471536281, 676, 278, 398, 0, 0, 0
28007, 1, 1636471535722, 1636471536389, 667, 270, 397, 1, 1, 2
28008, 1, 1636471535806, 1636471536469, 663, 263, 400, 0, 0, 0
28009, 1, 1636471535854, 1636471536509, 655, 263, 392, 0, 1, 1
28010, 1, 1636471535882, 1636471536533, 651, 263, 388, 0, 0, 0
28011, 1, 1636471535898, 1636471536548, 650, 263, 387, 0, 1, 1
28013, 1, 1636471535982, 1636471536633, 651, 262, 389, 0, 0, 0
28014, 1, 1636471536078, 1636471536729, 651, 262, 389, 1, 1, 2
28015, 1, 1636471536098, 1636471536757, 659, 263, 396, 0, 1, 1
28018, 1, 1636471536242, 1636471536889, 647, 259, 388, 0, 0, 0
28017, 1, 1636471536234, 1636471536889, 655, 262, 393, 0, 0, 0
28019, 1, 1636471536250, 1636471536905, 655, 262, 393, 1, 0, 1
28021, 1, 1636471536282, 1636471536933, 651, 263, 388, 2, 0, 2
28022, 1, 1636471536293, 1636471536949, 656, 263, 393, 1, 1, 2
28023, 1, 1636471536390, 1636471537049, 659, 262, 397, 0, 0, 0
27984, 2, 1636471534810, 1636471537075, 2265, 0, 2265, 0, 1, 1
28024, 1, 1636471536470, 1636471537125, 655, 262, 393, 0, 0, 0
27985, 2, 1636471534894, 1636471537158, 2264, 0, 2264, 0, 0, 0
28025, 1, 1636471536510, 1636471537160, 650, 262, 388, 0, 0, 0
28026, 1, 1636471536534, 1636471537184, 650, 262, 388, 0, 0, 0
28027, 1, 1636471536550, 1636471537205, 655, 263, 392, 0, 1, 1
28028, 1, 1636471536635, 1636471537289, 654, 262, 392, 0, 0, 0
28029, 1, 1636471536730, 1636471537385, 655, 263, 392, 0, 1, 1
28030, 1, 1636471536758, 1636471537412, 654, 266, 388, 1, 1, 2
27993, 2, 1636471535174, 1636471537439, 2265, 0, 2265, 0, 0, 0
27996, 2, 1636471535242, 1636471537502, 2260, 0, 2260, 0, 0, 0
28032, 1, 1636471536891, 1636471537553, 662, 271, 391, 0, 0, 0
28031, 1, 1636471536890, 1636471537553, 663, 271, 392, 0, 0, 0
28035, 1, 1636471536950, 1636471537609, 659, 264, 395, 1, 1, 2
28036, 1, 1636471537050, 1636471537713, 663, 266, 397, 0, 0, 0
28037, 1, 1636471537126, 1636471537781, 655, 259, 396, 0, 1, 1
28038, 1, 1636471537161, 1636471537808, 647, 263, 384, 2, 1, 3
28039, 1, 1636471537162, 1636471537821, 659, 263, 396, 1, 1, 2
28040, 1, 1636471537186, 1636471537841, 655, 266, 389, 0, 0, 0
28042, 1, 1636471537245, 1636471537901, 656, 263, 393, 2, 2, 4
28033, 1, 1636471536906, 1636471537901, 995, 603, 392, 2, 2, 4
28044, 1, 1636471537386, 1636471538041, 655, 262, 393, 0, 0, 0
28045, 1, 1636471537414, 1636471538061, 647, 259, 388, 1, 1, 2
28046, 1, 1636471537529, 1636471538189, 660, 266, 394, 0, 0, 0
28012, 2, 1636471535934, 1636471538198, 2264, 0, 2264, 0, 0, 0
28047, 1, 1636471537554, 1636471538209, 655, 263, 392, 0, 1, 1
28048, 1, 1636471537555, 1636471538209, 654, 263, 391, 1, 0, 1
28049, 1, 1636471537589, 1636471538245, 656, 271, 385, 0, 1, 1
28050, 1, 1636471537610, 1636471538269, 659, 262, 397, 0, 1, 1
28052, 1, 1636471537782, 1636471538437, 655, 266, 389, 0, 0, 0
28053, 1, 1636471537810, 1636471538473, 663, 266, 397, 1, 0, 1
28054, 1, 1636471537822, 1636471538477, 655, 264, 391, 0, 1, 1
28016, 2, 1636471536230, 1636471538494, 2264, 0, 2264, 0, 0, 0
28055, 1, 1636471537842, 1636471538497, 655, 262, 393, 0, 0, 0
28020, 2, 1636471536278, 1636471538542, 2264, 0, 2264, 1, 0, 1
28056, 1, 1636471537902, 1636471538557, 655, 263, 392, 2, 2, 4
28058, 1, 1636471538042, 1636471538697, 655, 262, 393, 0, 0, 0
28059, 1, 1636471538062, 1636471538720, 658, 262, 396, 0, 0, 0
28060, 1, 1636471538190, 1636471538853, 663, 266, 397, 0, 0, 0
28063, 1, 1636471538246, 1636471538901, 655, 266, 389, 0, 0, 0
28064, 1, 1636471538270, 1636471538929, 659, 266, 393, 0, 0, 0
28065, 1, 1636471538285, 1636471538949, 664, 274, 390, 0, 1, 1
28066, 1, 1636471538438, 1636471539093, 655, 262, 393, 0, 0, 0
28068, 1, 1636471538478, 1636471539133, 655, 263, 392, 1, 0, 1
28067, 1, 1636471538474, 1636471539137, 663, 263, 400, 2, 0, 2
28069, 1, 1636471538498, 1636471539149, 651, 263, 388, 0, 0, 0
28034, 2, 1636471536934, 1636471539198, 2264, 1, 2263, 0, 0, 0
28070, 1, 1636471538558, 1636471539208, 650, 258, 392, 0, 0, 0
28071, 1, 1636471538585, 1636471539245, 660, 262, 398, 1, 0, 1
28072, 1, 1636471538633, 1636471539297, 664, 271, 393, 1, 1, 2
28073, 1, 1636471538698, 1636471539353, 655, 262, 393, 0, 0, 0
28074, 1, 1636471538722, 1636471539372, 650, 262, 388, 1, 0, 1
28041, 2, 1636471537206, 1636471539466, 2260, 0, 2260, 0, 0, 0
28075, 1, 1636471538855, 1636471539505, 650, 262, 388, 0, 0, 0
28076, 1, 1636471538902, 1636471539553, 651, 264, 387, 1, 1, 2
28043, 2, 1636471537290, 1636471539554, 2264, 1, 2263, 0, 1, 1
28077, 1, 1636471538930, 1636471539585, 655, 267, 388, 1, 1, 2
28078, 1, 1636471538950, 1636471539605, 655, 262, 393, 0, 0, 0
28079, 1, 1636471539094, 1636471539756, 662, 262, 400, 1, 0, 1
28081, 1, 1636471539138, 1636471539793, 655, 263, 392, 1, 0, 1
28080, 1, 1636471539134, 1636471539793, 659, 263, 396, 1, 0, 1
28082, 1, 1636471539150, 1636471539800, 650, 263, 387, 1, 0, 1
28083, 1, 1636471539210, 1636471539861, 651, 263, 388, 1, 0, 1
28084, 1, 1636471539246, 1636471539897, 651, 263, 388, 0, 1, 1
28085, 1, 1636471539285, 1636471539936, 651, 266, 385, 0, 0, 0
28086, 1, 1636471539299, 1636471539949, 650, 261, 389, 0, 0, 0
28051, 2, 1636471537714, 1636471539978, 2264, 0, 2264, 0, 0, 0
28089, 1, 1636471539506, 1636471540156, 650, 262, 388, 0, 0, 0
28091, 1, 1636471539557, 1636471540205, 648, 262, 386, 0, 1, 1
28090, 1, 1636471539554, 1636471540209, 655, 267, 388, 0, 1, 1
28092, 1, 1636471539586, 1636471540237, 651, 262, 389, 0, 1, 1
28093, 1, 1636471539606, 1636471540265, 659, 266, 393, 0, 0, 0
28094, 1, 1636471539641, 1636471540300, 659, 262, 397, 0, 1, 1
28057, 2, 1636471537902, 1636471540302, 2400, 89, 2311, 0, 1, 1
28095, 1, 1636471539758, 1636471540412, 654, 263, 391, 0, 0, 0
28097, 1, 1636471539794, 1636471540449, 655, 263, 392, 0, 0, 0
28096, 1, 1636471539794, 1636471540449, 655, 262, 393, 0, 0, 0
28087, 1, 1636471539354, 1636471540457, 1103, 710, 393, 0, 0, 0
28062, 2, 1636471538210, 1636471540475, 2265, 1, 2264, 1, 0, 1
28061, 2, 1636471538210, 1636471540475, 2265, 1, 2264, 1, 1, 2
28100, 1, 1636471539898, 1636471540552, 654, 266, 388, 0, 0, 0
28101, 1, 1636471539938, 1636471540589, 651, 262, 389, 0, 1, 1
28102, 1, 1636471539950, 1636471540609, 659, 270, 389, 0, 1, 1
28103, 1, 1636471540065, 1636471540717, 652, 262, 390, 0, 0, 0
28099, 1, 1636471539862, 1636471540805, 943, 551, 392, 0, 1, 1
28104, 1, 1636471540158, 1636471540808, 650, 262, 388, 1, 3, 4
28105, 1, 1636471540206, 1636471540852, 646, 263, 383, 0, 0, 0
28107, 1, 1636471540238, 1636471540897, 659, 262, 397, 0, 0, 0
28108, 1, 1636471540266, 1636471540917, 651, 263, 388, 0, 0, 0
28109, 1, 1636471540302, 1636471540957, 655, 263, 392, 0, 0, 0
28110, 1, 1636471540389, 1636471541045, 656, 261, 395, 0, 0, 0
28111, 1, 1636471540414, 1636471541065, 651, 262, 389, 0, 2, 2
28113, 1, 1636471540450, 1636471541105, 655, 263, 392, 2, 0, 2
28112, 1, 1636471540450, 1636471541105, 655, 263, 392, 0, 1, 1
28114, 1, 1636471540459, 1636471541112, 653, 267, 386, 0, 0, 0
28106, 1, 1636471540210, 1636471541149, 939, 546, 393, 0, 0, 0
28116, 1, 1636471540561, 1636471541212, 651, 263, 388, 1, 0, 1
28115, 1, 1636471540554, 1636471541249, 695, 298, 397, 0, 0, 0
28117, 1, 1636471540590, 1636471541249, 659, 263, 396, 2, 0, 2
28118, 1, 1636471540610, 1636471541265, 655, 263, 392, 1, 0, 1
28119, 1, 1636471540718, 1636471541369, 651, 259, 392, 0, 1, 1
28120, 1, 1636471540806, 1636471541457, 651, 262, 389, 0, 2, 2
28121, 1, 1636471540811, 1636471541468, 657, 266, 391, 0, 0, 0
28122, 1, 1636471540854, 1636471541509, 655, 267, 388, 0, 0, 0
28123, 1, 1636471540898, 1636471541548, 650, 262, 388, 0, 0, 0
28124, 1, 1636471540918, 1636471541573, 655, 262, 393, 0, 0, 0
28125, 1, 1636471540958, 1636471541617, 659, 263, 396, 1, 0, 1
28088, 2, 1636471539374, 1636471541639, 2265, 0, 2265, 0, 0, 0
28126, 1, 1636471541046, 1636471541705, 659, 262, 397, 1, 0, 1
28128, 1, 1636471541106, 1636471541761, 655, 264, 391, 3, 1, 4
28130, 1, 1636471541114, 1636471541769, 655, 266, 389, 0, 1, 1
28131, 1, 1636471541150, 1636471541805, 655, 262, 393, 0, 1, 1
28132, 1, 1636471541213, 1636471541864, 651, 262, 389, 0, 0, 0
28133, 1, 1636471541250, 1636471541901, 651, 263, 388, 2, 1, 3
28134, 1, 1636471541250, 1636471541901, 651, 263, 388, 3, 0, 3
28129, 1, 1636471541106, 1636471541920, 814, 426, 388, 1, 0, 1
28127, 1, 1636471541066, 1636471542053, 987, 590, 397, 0, 1, 1
28137, 1, 1636471541458, 1636471542113, 655, 262, 393, 0, 1, 1
28098, 1, 1636471539802, 1636471542113, 2311, 1926, 385, 0, 0, 0
28139, 1, 1636471541510, 1636471542157, 647, 263, 384, 0, 1, 1
28140, 1, 1636471541550, 1636471542204, 654, 263, 391, 1, 1, 2
28136, 1, 1636471541370, 1636471542213, 843, 452, 391, 1, 2, 3
28141, 1, 1636471541574, 1636471542229, 655, 261, 394, 0, 0, 0
28142, 1, 1636471541618, 1636471542273, 655, 264, 391, 1, 2, 3
28143, 1, 1636471541706, 1636471542364, 658, 267, 391, 0, 0, 0
28144, 1, 1636471541725, 1636471542381, 656, 266, 390, 0, 1, 1
28145, 1, 1636471541762, 1636471542421, 659, 262, 397, 0, 0, 0
28147, 1, 1636471541806, 1636471542456, 650, 264, 386, 2, 1, 3
28148, 1, 1636471541866, 1636471542521, 655, 263, 392, 1, 0, 1
28146, 1, 1636471541770, 1636471542557, 787, 399, 388, 2, 0, 2
28149, 1, 1636471541902, 1636471542557, 655, 266, 389, 1, 2, 3
28151, 1, 1636471541922, 1636471542581, 659, 266, 393, 0, 0, 0
28152, 1, 1636471542054, 1636471542709, 655, 260, 395, 0, 1, 1
28153, 1, 1636471542114, 1636471542765, 651, 263, 388, 1, 0, 1
28154, 1, 1636471542115, 1636471542769, 654, 262, 392, 0, 0, 0
28155, 1, 1636471542158, 1636471542813, 655, 262, 393, 0, 1, 1
28156, 1, 1636471542206, 1636471542860, 654, 261, 393, 1, 0, 1
28157, 1, 1636471542214, 1636471542869, 655, 262, 393, 0, 0, 0
28158, 1, 1636471542230, 1636471542885, 655, 262, 393, 0, 0, 0
28159, 1, 1636471542274, 1636471542925, 651, 263, 388, 1, 1, 2
28160, 1, 1636471542365, 1636471543017, 652, 264, 388, 0, 2, 2
28161, 1, 1636471542382, 1636471543028, 646, 258, 388, 0, 0, 0
28162, 1, 1636471542422, 1636471543077, 655, 264, 391, 1, 1, 2
28163, 1, 1636471542458, 1636471543112, 654, 262, 392, 0, 0, 0
28164, 1, 1636471542522, 1636471543173, 651, 263, 388, 1, 0, 1
28165, 1, 1636471542558, 1636471543217, 659, 270, 389, 0, 0, 0
28166, 1, 1636471542558, 1636471543217, 659, 262, 397, 0, 2, 2
28167, 1, 1636471542582, 1636471543237, 655, 262, 393, 0, 0, 0
28168, 1, 1636471542710, 1636471543365, 655, 263, 392, 0, 2, 2
28170, 1, 1636471542770, 1636471543429, 659, 267, 392, 2, 1, 3
28171, 1, 1636471542814, 1636471543465, 651, 262, 389, 0, 0, 0
28172, 1, 1636471542862, 1636471543528, 666, 267, 399, 0, 0, 0
28174, 1, 1636471542886, 1636471543545, 659, 261, 398, 1, 0, 1
28169, 1, 1636471542766, 1636471543565, 799, 408, 391, 2, 0, 2
28176, 1, 1636471543018, 1636471543673, 655, 263, 392, 0, 1, 1
28177, 1, 1636471543030, 1636471543701, 671, 270, 401, 1, 0, 1
28178, 1, 1636471543078, 1636471543736, 658, 267, 391, 0, 0, 0
28138, 2, 1636471541470, 1636471543798, 2328, 0, 2328, 0, 0, 0
28135, 2, 1636471541267, 1636471543799, 2532, 0, 2532, 0, 0, 0
28175, 1, 1636471542926, 1636471543812, 886, 494, 392, 0, 1, 1
28180, 1, 1636471543174, 1636471543824, 650, 263, 387, 1, 0, 1
28182, 1, 1636471543218, 1636471543877, 659, 267, 392, 0, 3, 3
28183, 1, 1636471543238, 1636471543889, 651, 262, 389, 1, 1, 2
28179, 1, 1636471543114, 1636471543909, 795, 406, 389, 0, 0, 0
28184, 1, 1636471543366, 1636471544021, 655, 262, 393, 0, 0, 0
28185, 1, 1636471543430, 1636471544077, 647, 263, 384, 0, 1, 1
28150, 2, 1636471541903, 1636471544166, 2263, 1, 2262, 1, 0, 1
28187, 1, 1636471543530, 1636471544185, 655, 266, 389, 0, 0, 0
28189, 1, 1636471543566, 1636471544217, 651, 262, 389, 0, 1, 1
28188, 1, 1636471543546, 1636471544257, 711, 318, 393, 0, 1, 1
28190, 1, 1636471543674, 1636471544329, 655, 258, 397, 0, 2, 2
28191, 1, 1636471543702, 1636471544361, 659, 266, 393, 0, 1, 1
28192, 1, 1636471543738, 1636471544384, 646, 263, 383, 0, 0, 0
28194, 1, 1636471543825, 1636471544477, 652, 260, 392, 1, 1, 2
28195, 1, 1636471543878, 1636471544529, 651, 262, 389, 0, 0, 0
28197, 1, 1636471543890, 1636471544545, 655, 264, 391, 5, 0, 5
28196, 1, 1636471543889, 1636471544545, 656, 263, 393, 4, 1, 5
28198, 1, 1636471543891, 1636471544545, 654, 260, 394, 1, 1, 2
28199, 1, 1636471543910, 1636471544565, 655, 262, 393, 0, 0, 0
28193, 1, 1636471543814, 1636471544605, 791, 398, 393, 0, 0, 0
28200, 1, 1636471544022, 1636471544677, 655, 263, 392, 0, 0, 0
28201, 1, 1636471544078, 1636471544725, 647, 263, 384, 1, 1, 2
28202, 1, 1636471544186, 1636471544841, 655, 262, 393, 0, 0, 0
28203, 1, 1636471544218, 1636471544873, 655, 262, 393, 0, 0, 0
28204, 1, 1636471544253, 1636471544901, 648, 262, 386, 0, 0, 0
28205, 1, 1636471544258, 1636471544917, 659, 267, 392, 1, 1, 2
28206, 1, 1636471544330, 1636471544985, 655, 266, 389, 0, 1, 1
28207, 1, 1636471544362, 1636471545021, 659, 266, 393, 1, 0, 1
28208, 1, 1636471544386, 1636471545041, 655, 266, 389, 0, 0, 0
28173, 2, 1636471542870, 1636471545134, 2264, 0, 2264, 0, 0, 0
28209, 1, 1636471544478, 1636471545141, 663, 271, 392, 0, 2, 2
28210, 1, 1636471544530, 1636471545192, 662, 270, 392, 0, 0, 0
28212, 1, 1636471544546, 1636471545205, 659, 265, 394, 1, 0, 1
28211, 1, 1636471544546, 1636471545208, 662, 270, 392, 2, 0, 2
28214, 1, 1636471544566, 1636471545233, 667, 278, 389, 0, 0, 0
28215, 1, 1636471544606, 1636471545268, 662, 266, 396, 0, 0, 0
28216, 1, 1636471544726, 1636471545381, 655, 262, 393, 0, 0, 0
28181, 2, 1636471543218, 1636471545478, 2260, 0, 2260, 0, 0, 0
28217, 1, 1636471544842, 1636471545501, 659, 263, 396, 1, 0, 1
28218, 1, 1636471544874, 1636471545537, 663, 266, 397, 1, 0, 1
28219, 1, 1636471544902, 1636471545561, 659, 266, 393, 0, 1, 1
28220, 1, 1636471544918, 1636471545580, 662, 266, 396, 1, 0, 1
28221, 1, 1636471544986, 1636471545645, 659, 263, 396, 0, 1, 1
28222, 1, 1636471545022, 1636471545676, 654, 263, 391, 1, 1, 2
28223, 1, 1636471545042, 1636471545697, 655, 267, 388, 0, 2, 2
28186, 2, 1636471543466, 1636471545726, 2260, 0, 2260, 0, 0, 0
28224, 1, 1636471545142, 1636471545797, 655, 263, 392, 1, 0, 1
28225, 1, 1636471545194, 1636471545853, 659, 262, 397, 0, 0, 0
28226, 1, 1636471545206, 1636471545861, 655, 263, 392, 2, 1, 3
28227, 1, 1636471545209, 1636471545861, 652, 263, 389, 2, 0, 2
28228, 1, 1636471545221, 1636471545869, 648, 263, 385, 0, 1, 1
28229, 1, 1636471545234, 1636471545892, 658, 263, 395, 1, 0, 1
28230, 1, 1636471545270, 1636471545925, 655, 262, 393, 0, 0, 0
28231, 1, 1636471545382, 1636471546033, 651, 263, 388, 0, 1, 1
28232, 1, 1636471545502, 1636471546161, 659, 266, 393, 0, 0, 0
28233, 1, 1636471545538, 1636471546193, 655, 262, 393, 1, 1, 2
28213, 1, 1636471544547, 1636471546205, 1658, 1266, 392, 1, 0, 1
28234, 1, 1636471545562, 1636471546213, 651, 262, 389, 0, 1, 1
28235, 1, 1636471545569, 1636471546225, 656, 262, 394, 0, 1, 1
28236, 1, 1636471545582, 1636471546240, 658, 271, 387, 0, 0, 0
28237, 1, 1636471545646, 1636471546300, 654, 266, 388, 0, 1, 1
28238, 1, 1636471545678, 1636471546332, 654, 267, 387, 1, 0, 1
28239, 1, 1636471545698, 1636471546353, 655, 266, 389, 0, 0, 0
28240, 1, 1636471545797, 1636471546453, 656, 263, 393, 1, 0, 1
28241, 1, 1636471545817, 1636471546469, 652, 266, 386, 1, 0, 1
28243, 1, 1636471545862, 1636471546509, 647, 259, 388, 0, 1, 1
28245, 1, 1636471545870, 1636471546525, 655, 262, 393, 0, 0, 0
28246, 1, 1636471545894, 1636471546544, 650, 262, 388, 0, 0, 0
28247, 1, 1636471545926, 1636471546572, 646, 258, 388, 0, 0, 0
28244, 1, 1636471545862, 1636471546589, 727, 334, 393, 0, 1, 1
28242, 1, 1636471545854, 1636471546676, 822, 434, 388, 0, 0, 0
28249, 1, 1636471546162, 1636471546817, 655, 266, 389, 1, 0, 1
28250, 1, 1636471546194, 1636471546849, 655, 262, 393, 0, 0, 0
28251, 1, 1636471546206, 1636471546856, 650, 263, 387, 0, 2, 2
28253, 1, 1636471546226, 1636471546877, 651, 262, 389, 0, 1, 1
28254, 1, 1636471546242, 1636471546897, 655, 262, 393, 0, 1, 1
28252, 1, 1636471546214, 1636471546937, 723, 331, 392, 0, 0, 0
28255, 1, 1636471546302, 1636471546952, 650, 262, 388, 0, 0, 0
28256, 1, 1636471546334, 1636471546985, 651, 262, 389, 0, 0, 0
28257, 1, 1636471546354, 1636471547009, 655, 266, 389, 0, 0, 0
28248, 1, 1636471546034, 1636471547029, 995, 606, 389, 2, 1, 3
28258, 1, 1636471546454, 1636471547109, 655, 262, 393, 0, 0, 0
28259, 1, 1636471546470, 1636471547116, 646, 262, 384, 0, 1, 1
28260, 1, 1636471546510, 1636471547160, 650, 263, 387, 1, 1, 2
28261, 1, 1636471546526, 1636471547176, 650, 262, 388, 0, 0, 0
28262, 1, 1636471546546, 1636471547196, 650, 262, 388, 1, 1, 2
28263, 1, 1636471546574, 1636471547229, 655, 262, 393, 0, 0, 0
28264, 1, 1636471546590, 1636471547245, 655, 264, 391, 2, 1, 3
28265, 1, 1636471546678, 1636471547333, 655, 262, 393, 1, 1, 2
28267, 1, 1636471546850, 1636471547505, 655, 264, 391, 1, 1, 2
28268, 1, 1636471546858, 1636471547512, 654, 262, 392, 0, 0, 0
28269, 1, 1636471546878, 1636471547533, 655, 262, 393, 1, 0, 1
28266, 1, 1636471546818, 1636471547541, 723, 335, 388, 0, 0, 0
28271, 1, 1636471546938, 1636471547593, 655, 263, 392, 1, 1, 2
28272, 1, 1636471546954, 1636471547604, 650, 262, 388, 0, 0, 0
28273, 1, 1636471546986, 1636471547641, 655, 263, 392, 0, 0, 0
28274, 1, 1636471547010, 1636471547665, 655, 268, 387, 0, 1, 1
28275, 1, 1636471547030, 1636471547681, 651, 263, 388, 1, 2, 3
28276, 1, 1636471547110, 1636471547765, 655, 265, 390, 0, 1, 1
28278, 1, 1636471547162, 1636471547813, 651, 262, 389, 0, 0, 0
28279, 1, 1636471547178, 1636471547837, 659, 266, 393, 0, 0, 0
28280, 1, 1636471547198, 1636471547849, 651, 260, 391, 1, 2, 3
28270, 1, 1636471546898, 1636471547892, 994, 599, 395, 1, 0, 1
28282, 1, 1636471547247, 1636471547901, 654, 262, 392, 0, 0, 0
28277, 1, 1636471547118, 1636471547953, 835, 446, 389, 1, 1, 2
28283, 1, 1636471547334, 1636471547989, 655, 263, 392, 1, 0, 1
28281, 1, 1636471547230, 1636471548013, 783, 390, 393, 0, 0, 0
28284, 1, 1636471547507, 1636471548161, 654, 263, 391, 2, 0, 2
28285, 1, 1636471547514, 1636471548169, 655, 262, 393, 0, 0, 0
28286, 1, 1636471547534, 1636471548189, 655, 262, 393, 0, 0, 0
28287, 1, 1636471547542, 1636471548193, 651, 262, 389, 0, 0, 0
28288, 1, 1636471547594, 1636471548257, 663, 262, 401, 1, 1, 2
28289, 1, 1636471547606, 1636471548265, 659, 263, 396, 0, 0, 0
28290, 1, 1636471547642, 1636471548301, 659, 262, 397, 0, 0, 0
28291, 1, 1636471547666, 1636471548325, 659, 262, 397, 0, 0, 0
28292, 1, 1636471547682, 1636471548329, 647, 263, 384, 0, 2, 2
28293, 1, 1636471547814, 1636471548472, 658, 263, 395, 1, 1, 2
28294, 1, 1636471547838, 1636471548493, 655, 262, 393, 0, 0, 0
28295, 1, 1636471547850, 1636471548505, 655, 265, 390, 0, 0, 0
28297, 1, 1636471547902, 1636471548553, 651, 263, 388, 1, 0, 1
28298, 1, 1636471547954, 1636471548608, 654, 266, 388, 0, 0, 0
28296, 1, 1636471547894, 1636471548649, 755, 363, 392, 1, 0, 1
28299, 1, 1636471547990, 1636471548649, 659, 265, 394, 1, 2, 3
28300, 1, 1636471548014, 1636471548668, 654, 265, 389, 0, 2, 2
28301, 1, 1636471548162, 1636471548817, 655, 262, 393, 0, 0, 0
28304, 1, 1636471548194, 1636471548849, 655, 262, 393, 1, 1, 2
28303, 1, 1636471548190, 1636471548849, 659, 262, 397, 0, 0, 0
28302, 1, 1636471548170, 1636471548905, 735, 338, 397, 0, 1, 1
28306, 1, 1636471548266, 1636471548917, 651, 262, 389, 0, 0, 0
28308, 1, 1636471548326, 1636471548977, 651, 263, 388, 1, 1, 2
28309, 1, 1636471548330, 1636471549001, 671, 283, 388, 2, 0, 2
28310, 1, 1636471548474, 1636471549132, 658, 262, 396, 0, 0, 0
28311, 1, 1636471548494, 1636471549149, 655, 262, 393, 0, 0, 0
28312, 1, 1636471548506, 1636471549169, 663, 266, 397, 0, 0, 0
28307, 1, 1636471548302, 1636471549201, 899, 504, 395, 1, 1, 2
28313, 1, 1636471548554, 1636471549217, 663, 266, 397, 0, 1, 1
28305, 1, 1636471548258, 1636471549257, 999, 605, 394, 1, 0, 1
28314, 1, 1636471548610, 1636471549261, 651, 265, 386, 0, 0, 0
28316, 1, 1636471548650, 1636471549308, 658, 263, 395, 1, 0, 1
28315, 1, 1636471548650, 1636471549312, 662, 271, 391, 2, 1, 3
28317, 1, 1636471548670, 1636471549329, 659, 267, 392, 0, 1, 1
28318, 1, 1636471548818, 1636471549469, 651, 263, 388, 0, 1, 1
28320, 1, 1636471548850, 1636471549505, 655, 263, 392, 2, 1, 3
28319, 1, 1636471548850, 1636471549513, 663, 263, 400, 1, 1, 2
28321, 1, 1636471548906, 1636471549565, 659, 270, 389, 1, 0, 1
28322, 1, 1636471548918, 1636471549573, 655, 259, 396, 0, 0, 0
28323, 1, 1636471548978, 1636471549645, 667, 263, 404, 0, 1, 1
28324, 1, 1636471549002, 1636471549653, 651, 262, 389, 0, 0, 0
28325, 1, 1636471549134, 1636471549789, 655, 262, 393, 0, 0, 0
28327, 1, 1636471549170, 1636471549821, 651, 264, 387, 0, 1, 1
28328, 1, 1636471549219, 1636471549885, 666, 270, 396, 1, 0, 1
28330, 1, 1636471549262, 1636471549909, 647, 262, 385, 2, 0, 2
28329, 1, 1636471549258, 1636471549912, 654, 263, 391, 3, 0, 3
28332, 1, 1636471549314, 1636471549973, 659, 266, 393, 1, 0, 1
28333, 1, 1636471549330, 1636471549985, 655, 262, 393, 0, 0, 0
28334, 1, 1636471549470, 1636471550125, 655, 262, 393, 1, 0, 1
28326, 1, 1636471549150, 1636471550133, 983, 594, 389, 0, 0, 0
28336, 1, 1636471549514, 1636471550165, 651, 263, 388, 1, 1, 2
28337, 1, 1636471549567, 1636471550221, 654, 262, 392, 0, 1, 1
28338, 1, 1636471549574, 1636471550224, 650, 262, 388, 0, 0, 0
28331, 1, 1636471549310, 1636471550229, 919, 531, 388, 1, 0, 1
28339, 1, 1636471549646, 1636471550305, 659, 262, 397, 1, 0, 1
28340, 1, 1636471549790, 1636471550441, 651, 262, 389, 0, 0, 0
28341, 1, 1636471549826, 1636471550477, 651, 263, 388, 1, 1, 2
28335, 1, 1636471549506, 1636471550477, 971, 582, 389, 0, 1, 1
28342, 1, 1636471549886, 1636471550541, 655, 267, 388, 1, 0, 1
28343, 1, 1636471549910, 1636471550565, 655, 262, 393, 0, 0, 0
28344, 1, 1636471549914, 1636471550580, 666, 275, 391, 1, 0, 1
28345, 1, 1636471549974, 1636471550637, 663, 266, 397, 0, 0, 0
28346, 1, 1636471549986, 1636471550649, 663, 262, 401, 0, 0, 0
28347, 1, 1636471550126, 1636471550777, 651, 262, 389, 0, 0, 0
28348, 1, 1636471550135, 1636471550793, 658, 266, 392, 1, 0, 1
28349, 1, 1636471550166, 1636471550833, 667, 265, 402, 1, 0, 1
28351, 1, 1636471550225, 1636471550876, 651, 262, 389, 0, 0, 0
28350, 1, 1636471550222, 1636471550880, 658, 266, 392, 0, 1, 1
28352, 1, 1636471550232, 1636471550885, 653, 266, 387, 0, 0, 0
28353, 1, 1636471550442, 1636471551097, 655, 259, 396, 1, 0, 1
28354, 1, 1636471550478, 1636471551129, 651, 262, 389, 1, 0, 1
28355, 1, 1636471550479, 1636471551140, 661, 271, 390, 1, 0, 1
28356, 1, 1636471550542, 1636471551196, 654, 262, 392, 0, 0, 0
28357, 1, 1636471550566, 1636471551217, 651, 262, 389, 0, 1, 1
28358, 1, 1636471550581, 1636471551229, 648, 262, 386, 0, 0, 0
28359, 1, 1636471550638, 1636471551292, 654, 262, 392, 1, 0, 1
28360, 1, 1636471550650, 1636471551309, 659, 263, 396, 1, 0, 1
28361, 1, 1636471550778, 1636471551433, 655, 262, 393, 0, 0, 0
28363, 1, 1636471550834, 1636471551493, 659, 270, 389, 0, 1, 1
28364, 1, 1636471550878, 1636471551536, 658, 263, 395, 0, 1, 1
28365, 1, 1636471550882, 1636471551537, 655, 262, 393, 0, 1, 1
28366, 1, 1636471550886, 1636471551545, 659, 266, 393, 0, 2, 2
28362, 1, 1636471550794, 1636471551657, 863, 471, 392, 0, 1, 1
28367, 1, 1636471551098, 1636471551757, 659, 262, 397, 0, 0, 0
28368, 1, 1636471551130, 1636471551784, 654, 262, 392, 0, 0, 0
28370, 1, 1636471551198, 1636471551856, 658, 266, 392, 0, 0, 0
28372, 1, 1636471551230, 1636471551880, 650, 263, 387, 0, 1, 1
28373, 1, 1636471551294, 1636471551953, 659, 262, 397, 0, 0, 0
28374, 1, 1636471551310, 1636471551965, 655, 263, 392, 0, 0, 0
28369, 1, 1636471551142, 1636471552009, 867, 471, 396, 0, 0, 0
28371, 1, 1636471551218, 1636471552105, 887, 498, 389, 0, 0, 0
28376, 1, 1636471551494, 1636471552144, 650, 262, 388, 1, 0, 1
28379, 1, 1636471551546, 1636471552197, 651, 262, 389, 0, 0, 0
28377, 1, 1636471551538, 1636471552197, 659, 263, 396, 1, 0, 1
28380, 1, 1636471551658, 1636471552309, 651, 263, 388, 1, 0, 1
28381, 1, 1636471551759, 1636471552421, 662, 270, 392, 0, 0, 0
28383, 1, 1636471551858, 1636471552517, 659, 262, 397, 0, 0, 0
28384, 1, 1636471551882, 1636471552545, 663, 266, 397, 0, 1, 1
28385, 1, 1636471551954, 1636471552617, 663, 266, 397, 0, 0, 0
28386, 1, 1636471551966, 1636471552629, 663, 265, 398, 1, 0, 1
28387, 1, 1636471552010, 1636471552665, 655, 263, 392, 1, 0, 1
28388, 1, 1636471552106, 1636471552764, 658, 266, 392, 1, 0, 1
28389, 1, 1636471552146, 1636471552796, 650, 263, 387, 1, 0, 1
28391, 1, 1636471552198, 1636471552864, 666, 266, 400, 0, 0, 0
28392, 1, 1636471552310, 1636471552961, 651, 262, 389, 0, 0, 0
28390, 1, 1636471552198, 1636471553013, 815, 414, 401, 0, 0, 0
28394, 1, 1636471552518, 1636471553172, 654, 262, 392, 0, 0, 0
28395, 1, 1636471552546, 1636471553204, 658, 263, 395, 1, 2, 3
28397, 1, 1636471552630, 1636471553285, 655, 262, 393, 0, 0, 0
28398, 1, 1636471552666, 1636471553313, 647, 264, 383, 1, 2, 3
28399, 1, 1636471552766, 1636471553417, 651, 262, 389, 0, 0, 0
28400, 1, 1636471552798, 1636471553449, 651, 262, 389, 0, 1, 1
28401, 1, 1636471552866, 1636471553521, 655, 262, 393, 0, 1, 1
28403, 1, 1636471553014, 1636471553669, 655, 262, 393, 0, 0, 0
28402, 1, 1636471552962, 1636471553797, 835, 442, 393, 0, 0, 0
28404, 1, 1636471553174, 1636471553829, 655, 262, 393, 0, 0, 0
28405, 1, 1636471553206, 1636471553861, 655, 262, 393, 0, 0, 0
28378, 2, 1636471551538, 1636471553879, 2341, 0, 2341, 0, 0, 0
28375, 2, 1636471551434, 1636471553879, 2445, 0, 2445, 0, 0, 0
28406, 1, 1636471553286, 1636471553944, 658, 266, 392, 1, 0, 1
28382, 2, 1636471551786, 1636471554050, 2264, 0, 2264, 0, 0, 0
28408, 1, 1636471553419, 1636471554069, 650, 262, 388, 0, 0, 0
28409, 1, 1636471553450, 1636471554108, 658, 266, 392, 0, 0, 0
28407, 1, 1636471553314, 1636471554145, 831, 438, 393, 0, 0, 0
28410, 1, 1636471553522, 1636471554177, 655, 262, 393, 0, 0, 0
28411, 1, 1636471553798, 1636471554449, 651, 262, 389, 0, 0, 0
28412, 1, 1636471553830, 1636471554481, 651, 262, 389, 0, 0, 0
28413, 1, 1636471553862, 1636471554517, 655, 266, 389, 0, 0, 0
28414, 1, 1636471553946, 1636471554601, 655, 262, 393, 0, 1, 1
28415, 1, 1636471553965, 1636471554612, 647, 262, 385, 0, 0, 0
28416, 1, 1636471553965, 1636471554616, 651, 262, 389, 0, 0, 0
28393, 2, 1636471552422, 1636471554682, 2260, 0, 2260, 0, 0, 0
28417, 1, 1636471554070, 1636471554720, 650, 262, 388, 0, 1, 1
28418, 1, 1636471554110, 1636471554761, 651, 262, 389, 0, 1, 1
28420, 1, 1636471554146, 1636471554793, 647, 261, 386, 0, 0, 0
28421, 1, 1636471554178, 1636471554832, 654, 262, 392, 0, 0, 0
28396, 2, 1636471552618, 1636471554878, 2260, 0, 2260, 1, 0, 1
28419, 1, 1636471554137, 1636471554953, 816, 430, 386, 0, 0, 0
28422, 1, 1636471554450, 1636471555105, 655, 261, 394, 0, 0, 0
28424, 1, 1636471554518, 1636471555173, 655, 259, 396, 0, 2, 2
28425, 1, 1636471554602, 1636471555265, 663, 258, 405, 0, 0, 0
28427, 1, 1636471554617, 1636471555268, 651, 259, 392, 0, 1, 1
28426, 1, 1636471554614, 1636471555276, 662, 258, 404, 0, 1, 1
28423, 1, 1636471554482, 1636471555365, 883, 494, 389, 0, 0, 0
28429, 1, 1636471554762, 1636471555424, 662, 270, 392, 0, 0, 0
28431, 1, 1636471554794, 1636471555452, 658, 271, 387, 0, 2, 2
28432, 1, 1636471554833, 1636471555509, 676, 274, 402, 0, 0, 0
28433, 1, 1636471554954, 1636471555625, 671, 279, 392, 0, 0, 0
28434, 1, 1636471554969, 1636471555628, 659, 266, 393, 1, 1, 2
28428, 1, 1636471554721, 1636471555713, 992, 604, 388, 1, 0, 1
28435, 1, 1636471555106, 1636471555781, 675, 270, 405, 0, 0, 0
28430, 1, 1636471554769, 1636471555781, 1012, 610, 402, 0, 1, 1
28437, 1, 1636471555266, 1636471555929, 663, 262, 401, 0, 0, 0
28439, 1, 1636471555278, 1636471555937, 659, 263, 396, 2, 0, 2
28438, 1, 1636471555270, 1636471555937, 667, 266, 401, 1, 1, 2
28440, 1, 1636471555366, 1636471556025, 659, 266, 393, 2, 0, 2
28436, 1, 1636471555174, 1636471556061, 887, 497, 390, 0, 3, 3
28441, 1, 1636471555426, 1636471556089, 663, 258, 405, 0, 1, 1
28442, 1, 1636471555454, 1636471556133, 679, 285, 394, 0, 0, 0
28444, 1, 1636471555626, 1636471556281, 655, 264, 391, 2, 0, 2
28443, 1, 1636471555510, 1636471556289, 779, 386, 393, 0, 1, 1
28446, 1, 1636471555715, 1636471556372, 657, 262, 395, 0, 0, 0
28448, 1, 1636471555782, 1636471556433, 651, 262, 389, 0, 0, 0
28447, 1, 1636471555782, 1636471556433, 651, 263, 388, 1, 0, 1
28445, 1, 1636471555630, 1636471556433, 803, 414, 389, 1, 0, 1
28449, 1, 1636471555930, 1636471556584, 654, 262, 392, 0, 0, 0
28451, 1, 1636471555938, 1636471556605, 667, 270, 397, 1, 0, 1
28450, 1, 1636471555938, 1636471556605, 667, 271, 396, 2, 2, 4
28453, 1, 1636471556062, 1636471556713, 651, 262, 389, 0, 0, 0
28452, 1, 1636471556026, 1636471556776, 750, 362, 388, 1, 0, 1
28454, 1, 1636471556134, 1636471556788, 654, 262, 392, 0, 0, 0
28456, 1, 1636471556290, 1636471556945, 655, 263, 392, 0, 1, 1
28455, 1, 1636471556282, 1636471556952, 670, 278, 392, 0, 0, 0
28457, 1, 1636471556374, 1636471557020, 646, 262, 384, 0, 0, 0
28460, 1, 1636471556436, 1636471557093, 657, 263, 394, 2, 0, 2
28458, 1, 1636471556434, 1636471557096, 662, 263, 399, 2, 1, 3
28459, 1, 1636471556434, 1636471557097, 663, 266, 397, 3, 1, 4
28462, 1, 1636471556606, 1636471557265, 659, 267, 392, 3, 0, 3
28463, 1, 1636471556606, 1636471557265, 659, 267, 392, 2, 0, 2
28464, 1, 1636471556714, 1636471557373, 659, 266, 393, 0, 0, 0
28465, 1, 1636471556778, 1636471557437, 659, 270, 389, 0, 0, 0
28466, 1, 1636471556790, 1636471557445, 655, 270, 385, 0, 1, 1
28461, 1, 1636471556586, 1636471557457, 871, 473, 398, 0, 0, 0
28467, 1, 1636471556946, 1636471557609, 663, 266, 397, 0, 0, 0
28468, 1, 1636471556954, 1636471557617, 663, 266, 397, 0, 0, 0
28471, 1, 1636471557098, 1636471557761, 663, 263, 400, 1, 2, 3
28472, 1, 1636471557098, 1636471557761, 663, 263, 400, 0, 1, 1
28470, 1, 1636471557094, 1636471557761, 667, 268, 399, 2, 1, 3
28469, 1, 1636471557022, 1636471557801, 779, 386, 393, 0, 1, 1
28474, 1, 1636471557266, 1636471557917, 651, 261, 390, 0, 0, 0
28473, 1, 1636471557266, 1636471557920, 654, 263, 391, 1, 0, 1
28475, 1, 1636471557374, 1636471558029, 655, 262, 393, 0, 0, 0
28477, 1, 1636471557446, 1636471558104, 658, 270, 388, 1, 0, 1
28476, 1, 1636471557438, 1636471558112, 674, 282, 392, 1, 0, 1
28478, 1, 1636471557458, 1636471558113, 655, 263, 392, 1, 0, 1
28479, 1, 1636471557610, 1636471558261, 651, 262, 389, 0, 0, 0
28480, 1, 1636471557618, 1636471558269, 651, 262, 389, 0, 1, 1
28481, 1, 1636471557763, 1636471558421, 658, 266, 392, 0, 1, 1
28483, 1, 1636471557763, 1636471558425, 662, 268, 394, 1, 1, 2
28482, 1, 1636471557763, 1636471558425, 662, 267, 395, 2, 0, 2
28484, 1, 1636471557802, 1636471558449, 647, 263, 384, 0, 1, 1
28485, 1, 1636471557918, 1636471558573, 655, 262, 393, 0, 0, 0
28486, 1, 1636471557922, 1636471558577, 655, 262, 393, 0, 0, 0
28487, 1, 1636471558030, 1636471558689, 659, 266, 393, 2, 2, 4
28490, 1, 1636471558114, 1636471558769, 655, 265, 390, 0, 1, 1
28488, 1, 1636471558106, 1636471558769, 663, 270, 393, 0, 0, 0
28489, 1, 1636471558114, 1636471558769, 655, 268, 387, 2, 2, 4
28492, 1, 1636471558270, 1636471558925, 655, 262, 393, 0, 0, 0
28493, 1, 1636471558422, 1636471559077, 655, 262, 393, 0, 0, 0
28494, 1, 1636471558426, 1636471559081, 655, 268, 387, 1, 0, 1
28495, 1, 1636471558427, 1636471559085, 658, 267, 391, 0, 0, 0
28496, 1, 1636471558450, 1636471559105, 655, 266, 389, 0, 0, 0
28491, 1, 1636471558262, 1636471559117, 855, 463, 392, 1, 1, 2
28498, 1, 1636471558578, 1636471559229, 651, 262, 389, 0, 0, 0
28497, 1, 1636471558574, 1636471559229, 655, 262, 393, 0, 0, 0
28499, 1, 1636471558690, 1636471559344, 654, 262, 392, 0, 2, 2
28501, 1, 1636471558771, 1636471559425, 654, 266, 388, 1, 1, 2
28500, 1, 1636471558770, 1636471559425, 655, 262, 393, 3, 0, 3
28502, 1, 1636471558771, 1636471559425, 654, 263, 391, 2, 1, 3
28503, 1, 1636471558926, 1636471559580, 654, 266, 388, 0, 0, 0
28504, 1, 1636471559078, 1636471559733, 655, 267, 388, 0, 1, 1
28505, 1, 1636471559082, 1636471559733, 651, 262, 389, 0, 0, 0
28506, 1, 1636471559086, 1636471559749, 663, 267, 396, 1, 2, 3
28507, 1, 1636471559106, 1636471559765, 659, 262, 397, 0, 0, 0
28509, 1, 1636471559230, 1636471559885, 655, 268, 387, 0, 1, 1
28508, 1, 1636471559230, 1636471559913, 683, 276, 407, 0, 2, 2
28510, 1, 1636471559346, 1636471559997, 651, 260, 391, 0, 1, 1
28512, 1, 1636471559426, 1636471560085, 659, 268, 391, 2, 1, 3
28513, 1, 1636471559426, 1636471560085, 659, 266, 393, 1, 1, 2
28514, 1, 1636471559582, 1636471560261, 679, 290, 389, 0, 0, 0
28515, 1, 1636471559734, 1636471560401, 667, 263, 404, 1, 0, 1
28516, 1, 1636471559734, 1636471560401, 667, 263, 404, 1, 0, 1
28517, 1, 1636471559750, 1636471560425, 675, 266, 409, 1, 1, 2
28518, 1, 1636471559766, 1636471560425, 659, 262, 397, 0, 2, 2
28519, 1, 1636471559886, 1636471560545, 659, 262, 397, 0, 0, 0
28520, 1, 1636471559915, 1636471560577, 662, 266, 396, 1, 0, 1
28521, 1, 1636471559998, 1636471560665, 667, 275, 392, 1, 1, 2
28522, 1, 1636471560086, 1636471560749, 663, 267, 396, 0, 1, 1
28523, 1, 1636471560262, 1636471560929, 667, 270, 397, 1, 0, 1
28524, 1, 1636471560402, 1636471561061, 659, 271, 388, 2, 0, 2
28525, 1, 1636471560402, 1636471561061, 659, 271, 388, 2, 0, 2
28527, 1, 1636471560427, 1636471561077, 650, 266, 384, 0, 0, 0
28526, 1, 1636471560426, 1636471561081, 655, 262, 393, 0, 0, 0
28528, 1, 1636471560546, 1636471561205, 659, 262, 397, 0, 0, 0
28529, 1, 1636471560578, 1636471561233, 655, 262, 393, 1, 0, 1
28530, 1, 1636471560666, 1636471561320, 654, 262, 392, 1, 1, 2
28531, 1, 1636471560750, 1636471561405, 655, 264, 391, 2, 2, 4
28532, 1, 1636471560930, 1636471561581, 651, 261, 390, 1, 0, 1
28534, 1, 1636471561063, 1636471561713, 650, 263, 387, 1, 0, 1
28533, 1, 1636471561062, 1636471561720, 658, 267, 391, 1, 1, 2
28535, 1, 1636471561078, 1636471561729, 651, 262, 389, 0, 0, 0
28536, 1, 1636471561082, 1636471561740, 658, 262, 396, 0, 0, 0
28511, 2, 1636471559426, 1636471561822, 2396, 88, 2308, 0, 1, 1
28538, 1, 1636471561234, 1636471561889, 655, 262, 393, 0, 0, 0
28539, 1, 1636471561321, 1636471561969, 648, 263, 385, 1, 1, 2
28540, 1, 1636471561406, 1636471562061, 655, 262, 393, 1, 1, 2
28541, 1, 1636471561582, 1636471562241, 659, 262, 397, 0, 0, 0
28537, 1, 1636471561206, 1636471562253, 1047, 658, 389, 0, 0, 0
28542, 1, 1636471561714, 1636471562369, 655, 263, 392, 0, 0, 0
28543, 1, 1636471561722, 1636471562376, 654, 262, 392, 0, 0, 0
28544, 1, 1636471561730, 1636471562385, 655, 262, 393, 0, 1, 1
28545, 1, 1636471561742, 1636471562397, 655, 266, 389, 0, 0, 0
28547, 1, 1636471561913, 1636471562569, 656, 262, 394, 0, 0, 0
28548, 1, 1636471561970, 1636471562629, 659, 267, 392, 0, 0, 0
28549, 1, 1636471562062, 1636471562717, 655, 262, 393, 0, 0, 0
28546, 1, 1636471561890, 1636471562737, 847, 454, 393, 1, 1, 2
28551, 1, 1636471562254, 1636471562921, 667, 270, 397, 0, 0, 0
28552, 1, 1636471562370, 1636471563025, 655, 263, 392, 0, 0, 0
28553, 1, 1636471562378, 1636471563045, 667, 266, 401, 0, 0, 0
28554, 1, 1636471562386, 1636471563053, 667, 270, 397, 0, 1, 1
28555, 1, 1636471562398, 1636471563061, 663, 266, 397, 0, 0, 0
28550, 1, 1636471562242, 1636471563085, 843, 450, 393, 0, 0, 0
28556, 1, 1636471562570, 1636471563233, 663, 266, 397, 0, 1, 1
28557, 1, 1636471562630, 1636471563288, 658, 263, 395, 0, 1, 1
28558, 1, 1636471562718, 1636471563373, 655, 262, 393, 0, 0, 0
28559, 1, 1636471562922, 1636471563581, 659, 270, 389, 0, 0, 0
28560, 1, 1636471563026, 1636471563681, 655, 266, 389, 0, 0, 0
28562, 1, 1636471563055, 1636471563705, 650, 262, 388, 1, 0, 1
28561, 1, 1636471563046, 1636471563705, 659, 262, 397, 0, 0, 0
28563, 1, 1636471563062, 1636471563720, 658, 262, 396, 0, 0, 0
28564, 1, 1636471563234, 1636471563885, 651, 262, 389, 0, 0, 0
28565, 1, 1636471563290, 1636471563937, 647, 263, 384, 1, 0, 1
28566, 1, 1636471563375, 1636471564032, 657, 262, 395, 0, 0, 0
28567, 1, 1636471563582, 1636471564237, 655, 262, 393, 0, 1, 1
28568, 1, 1636471563706, 1636471564361, 655, 263, 392, 1, 1, 2
28569, 1, 1636471563706, 1636471564361, 655, 263, 392, 2, 1, 3
28570, 1, 1636471563722, 1636471564381, 659, 262, 397, 0, 0, 0
28571, 1, 1636471563886, 1636471564537, 651, 266, 385, 1, 0, 1
28572, 1, 1636471563938, 1636471564592, 654, 266, 388, 0, 0, 0
28573, 1, 1636471564238, 1636471564893, 655, 262, 393, 0, 0, 0
28575, 1, 1636471564362, 1636471565021, 659, 267, 392, 3, 0, 3
28574, 1, 1636471564362, 1636471565021, 659, 267, 392, 1, 1, 2
28576, 1, 1636471564382, 1636471565045, 663, 262, 401, 0, 0, 0
28577, 1, 1636471564538, 1636471565197, 659, 266, 393, 0, 0, 0
28578, 1, 1636471564894, 1636471565549, 655, 262, 393, 0, 0, 0
28580, 1, 1636471565022, 1636471565677, 655, 262, 393, 0, 0, 0
28579, 1, 1636471565022, 1636471565677, 655, 266, 389, 0, 0, 0
28581, 1, 1636471565046, 1636471565701, 655, 262, 393, 0, 0, 0
28582, 1, 1636471565198, 1636471565865, 667, 270, 397, 0, 0, 0
28583, 1, 1636471565550, 1636471566213, 663, 270, 393, 0, 0, 0
28584, 1, 1636471565678, 1636471566329, 651, 262, 389, 0, 0, 0
28585, 1, 1636471565702, 1636471566353, 651, 261, 390, 0, 0, 0
28586, 1, 1636471565866, 1636471566521, 655, 266, 389, 0, 0, 0
28587, 1, 1636471566214, 1636471566869, 655, 262, 393, 0, 0, 0
28588, 1, 1636471566330, 1636471566981, 651, 262, 389, 0, 0, 0
28589, 1, 1636471566354, 1636471567004, 650, 262, 388, 0, 0, 0
28590, 1, 1636471566522, 1636471567177, 655, 262, 393, 0, 0, 0
28591, 1, 1636471566870, 1636471567529, 659, 266, 393, 0, 0, 0
28592, 1, 1636471566982, 1636471567637, 655, 262, 393, 0, 1, 1
28593, 1, 1636471567006, 1636471567661, 655, 262, 393, 0, 0, 0
28594, 1, 1636471567178, 1636471567833, 655, 262, 393, 0, 0, 0
28595, 1, 1636471567530, 1636471568185, 655, 262, 393, 0, 0, 0
28596, 1, 1636471567638, 1636471568293, 655, 262, 393, 0, 0, 0
28597, 1, 1636471567662, 1636471568321, 659, 262, 397, 0, 0, 0
28598, 1, 1636471568294, 1636471568945, 651, 262, 389, 0, 0, 0
28599, 1, 1636471568322, 1636471568977, 655, 262, 393, 0, 0, 0
28600, 1, 1636471568946, 1636471569597, 651, 262, 389, 0, 0, 0
28601, 1, 1636473528365, 1636473528997, 632, 282, 350, 0, 0, 0
28602, 1, 1636473529064, 1636473529677, 613, 262, 351, 0, 0, 0
28603, 1, 1636473529294, 1636473529905, 611, 263, 348, 0, 0, 0
28604, 1, 1636473529313, 1636473530024, 711, 359, 352, 0, 0, 0
28605, 1, 1636473529960, 1636473530573, 613, 262, 351, 0, 0, 0
28606, 1, 1636473530053, 1636473530665, 612, 264, 348, 2, 1, 3
28607, 1, 1636473530276, 1636473530889, 613, 262, 351, 0, 0, 0
28608, 1, 1636473530299, 1636473531017, 718, 366, 352, 0, 0, 0
28609, 1, 1636473530443, 1636473531053, 610, 262, 348, 0, 0, 0
28610, 1, 1636473530950, 1636473531561, 611, 263, 348, 0, 0, 0
28611, 1, 1636473531034, 1636473531645, 611, 263, 348, 0, 0, 0
28613, 1, 1636473531311, 1636473531921, 610, 262, 348, 0, 0, 0
28612, 1, 1636473531294, 1636473531993, 699, 350, 349, 0, 0, 0
28614, 1, 1636473531444, 1636473532057, 613, 262, 351, 0, 0, 0
28615, 1, 1636473531931, 1636473532541, 610, 262, 348, 0, 0, 0
28616, 1, 1636473532068, 1636473532681, 613, 263, 350, 0, 0, 0
28618, 1, 1636473532321, 1636473532929, 608, 258, 350, 0, 0, 0
28617, 1, 1636473532306, 1636473533029, 723, 374, 349, 0, 0, 0
28619, 1, 1636473532425, 1636473533041, 616, 262, 354, 0, 0, 0
28620, 1, 1636473532965, 1636473533577, 612, 262, 350, 0, 0, 0
28621, 1, 1636473533078, 1636473533689, 611, 262, 349, 0, 0, 0
28624, 1, 1636473533459, 1636473534073, 614, 262, 352, 0, 0, 0
28622, 2, 1636473533286, 1636473535563, 2277, 0, 2277, 0, 0, 0
28623, 2, 1636473533329, 1636473535563, 2234, 0, 2234, 0, 0, 0
28625, 2, 1636473533975, 1636473536194, 2219, 0, 2219, 0, 0, 0
28626, 2, 1636473534070, 1636473536290, 2220, 0, 2220, 0, 0, 0
28628, 1, 1636473535649, 1636473536301, 652, 262, 390, 0, 0, 0
28629, 1, 1636473535653, 1636473536309, 656, 262, 394, 0, 0, 0
28627, 1, 1636473534469, 1636473536769, 2300, 1952, 348, 0, 1, 1
28630, 1, 1636473536281, 1636473536937, 656, 262, 394, 0, 0, 0
28631, 1, 1636473536377, 1636473537033, 656, 262, 394, 0, 0, 0
28632, 1, 1636473536585, 1636473537197, 612, 263, 349, 0, 0, 0
28633, 1, 1636473536598, 1636473537385, 787, 440, 347, 1, 1, 2
28634, 1, 1636473536770, 1636473537421, 651, 262, 389, 0, 0, 0
28635, 1, 1636473537226, 1636473537837, 611, 262, 349, 0, 0, 0
28636, 1, 1636473537312, 1636473537941, 629, 266, 363, 0, 0, 0
28637, 1, 1636473537559, 1636473538173, 614, 266, 348, 0, 0, 0
28638, 1, 1636473537594, 1636473538289, 695, 346, 349, 0, 0, 0
28639, 1, 1636473537738, 1636473538348, 610, 262, 348, 0, 0, 0
28640, 1, 1636473538212, 1636473538825, 613, 262, 351, 0, 0, 0
28641, 1, 1636473538303, 1636473538913, 610, 262, 348, 0, 0, 0
28642, 1, 1636473538537, 1636473539149, 612, 262, 350, 0, 0, 0
28643, 1, 1636473538565, 1636473539261, 696, 346, 350, 0, 0, 0
28644, 1, 1636473538724, 1636473539337, 613, 262, 351, 0, 0, 0
28645, 1, 1636473539187, 1636473539797, 610, 262, 348, 0, 0, 0
28646, 1, 1636473539280, 1636473539889, 609, 263, 346, 1, 1, 2
28647, 1, 1636473539537, 1636473540153, 616, 262, 354, 0, 0, 0
28648, 1, 1636473539546, 1636473540237, 691, 342, 349, 0, 0, 0
28649, 1, 1636473539699, 1636473540309, 610, 263, 347, 0, 0, 0
28650, 1, 1636473540164, 1636473540776, 612, 262, 350, 0, 0, 0
28651, 1, 1636473540268, 1636473540885, 617, 262, 355, 0, 0, 0
28652, 1, 1636473540538, 1636473541145, 607, 258, 349, 0, 0, 0
28653, 1, 1636473540544, 1636473541233, 689, 342, 347, 0, 0, 0
28654, 1, 1636473540676, 1636473541285, 609, 262, 347, 0, 0, 0
28655, 1, 1636473541163, 1636473541773, 610, 263, 347, 0, 0, 0
28656, 1, 1636473541268, 1636473541877, 609, 262, 347, 0, 0, 0
28657, 1, 1636473541552, 1636473542164, 612, 262, 350, 0, 0, 0
28658, 1, 1636473541566, 1636473542225, 659, 310, 349, 0, 0, 0
28659, 1, 1636473541664, 1636473542277, 613, 262, 351, 0, 0, 0
28660, 1, 1636473542163, 1636473542777, 614, 262, 352, 0, 0, 0
28661, 1, 1636473542282, 1636473542897, 615, 266, 349, 0, 0, 0
28662, 1, 1636473542561, 1636473543177, 616, 259, 357, 0, 0, 0
28663, 1, 1636473542587, 1636473543249, 662, 310, 352, 0, 0, 0
28664, 1, 1636473542664, 1636473543281, 617, 262, 355, 0, 0, 0
28665, 1, 1636473543193, 1636473543805, 612, 262, 350, 0, 0, 0
28666, 1, 1636473543290, 1636473543909, 619, 266, 353, 0, 0, 0
28667, 1, 1636473543587, 1636473544197, 610, 262, 348, 0, 0, 0
28668, 1, 1636473543593, 1636473544256, 663, 311, 352, 1, 1, 2
28669, 1, 1636473543693, 1636473544313, 620, 266, 354, 0, 0, 0
28670, 1, 1636473544201, 1636473544817, 616, 266, 350, 0, 0, 0
28671, 1, 1636473544315, 1636473544925, 610, 262, 348, 0, 0, 0
28672, 1, 1636473544553, 1636473545165, 612, 262, 350, 0, 0, 0
28673, 1, 1636473544616, 1636473545273, 657, 310, 347, 0, 0, 0
28674, 1, 1636473544702, 1636473545313, 611, 262, 349, 0, 0, 0
28675, 1, 1636473545226, 1636473545837, 611, 263, 348, 0, 0, 0
28676, 1, 1636473545293, 1636473545901, 608, 263, 345, 0, 0, 0
28677, 1, 1636473545548, 1636473546161, 613, 262, 351, 0, 0, 0
28678, 1, 1636473545615, 1636473546249, 634, 287, 347, 0, 0, 0
28679, 1, 1636473545726, 1636473546337, 611, 262, 349, 0, 0, 0
28680, 1, 1636473546205, 1636473546817, 612, 263, 349, 0, 1, 1
28681, 1, 1636473546278, 1636473546885, 607, 262, 345, 0, 0, 0
28682, 1, 1636473546585, 1636473547197, 612, 262, 350, 0, 0, 0
28683, 1, 1636473546610, 1636473547233, 623, 275, 348, 0, 0, 0
28684, 1, 1636473546706, 1636473547317, 611, 262, 349, 0, 0, 0
28685, 1, 1636473547201, 1636473547812, 611, 263, 348, 0, 1, 1
28686, 1, 1636473547282, 1636473547893, 611, 262, 349, 0, 0, 0
28687, 1, 1636473547597, 1636473548209, 612, 262, 350, 0, 0, 0
28688, 1, 1636473547635, 1636473548249, 614, 263, 351, 1, 0, 1
28689, 1, 1636473547702, 1636473548313, 611, 262, 349, 0, 0, 0
28690, 1, 1636473548237, 1636473548849, 612, 262, 350, 0, 0, 0
28691, 1, 1636473548293, 1636473548905, 612, 263, 349, 0, 0, 0
28692, 1, 1636473548601, 1636473549213, 612, 262, 350, 1, 0, 1
28693, 1, 1636473548647, 1636473549257, 610, 264, 346, 0, 1, 1
28694, 1, 1636473548738, 1636473549353, 615, 266, 349, 0, 0, 0
28695, 1, 1636473549248, 1636473549861, 613, 262, 351, 1, 0, 1
28696, 1, 1636473549296, 1636473549905, 609, 263, 346, 0, 1, 1
28697, 1, 1636473549587, 1636473550196, 609, 263, 346, 1, 1, 2
28698, 1, 1636473549664, 1636473550273, 609, 262, 347, 0, 0, 0
28699, 1, 1636473549749, 1636473550361, 612, 262, 350, 0, 0, 0
28700, 1, 1636473550251, 1636473550865, 614, 262, 352, 0, 0, 0
28701, 1, 1636473550275, 1636473550885, 610, 262, 348, 0, 0, 0
28702, 1, 1636473550551, 1636473551165, 614, 266, 348, 0, 0, 0
28703, 1, 1636473550643, 1636473551260, 617, 271, 346, 0, 0, 0
28704, 1, 1636473550751, 1636473551361, 610, 262, 348, 0, 0, 0
28705, 1, 1636473551236, 1636473551853, 617, 263, 354, 0, 0, 0
28706, 1, 1636473551249, 1636473551857, 608, 263, 345, 0, 0, 0
28707, 1, 1636473551527, 1636473552137, 610, 262, 348, 0, 0, 0
28708, 1, 1636473551618, 1636473552225, 607, 258, 349, 0, 0, 0
28709, 1, 1636473551731, 1636473552345, 614, 262, 352, 0, 0, 0
28710, 1, 1636473552210, 1636473552821, 611, 262, 349, 0, 0, 0
28711, 1, 1636473552228, 1636473552837, 609, 262, 347, 0, 0, 0
28712, 1, 1636473552519, 1636473553132, 613, 262, 351, 0, 0, 0
28713, 1, 1636473552597, 1636473553208, 611, 263, 348, 0, 0, 0
28714, 1, 1636473552705, 1636473553317, 612, 262, 350, 0, 0, 0
28715, 1, 1636473553186, 1636473553796, 610, 262, 348, 0, 0, 0
28716, 1, 1636473553204, 1636473553813, 609, 262, 347, 0, 0, 0
28717, 1, 1636473553537, 1636473554149, 612, 264, 348, 1, 0, 1
28718, 1, 1636473553590, 1636473554201, 611, 263, 348, 0, 0, 0
28719, 1, 1636473553681, 1636473554293, 612, 263, 349, 1, 0, 1
28720, 1, 1636473554179, 1636473554789, 610, 262, 348, 0, 0, 0
28721, 1, 1636473554236, 1636473554849, 613, 263, 350, 0, 0, 0
28722, 1, 1636473554535, 1636473555145, 610, 262, 348, 0, 0, 0
28723, 1, 1636473554607, 1636473555217, 610, 262, 348, 0, 0, 0
28724, 1, 1636473554674, 1636473555281, 607, 262, 345, 0, 0, 0
28725, 1, 1636473555196, 1636473555805, 609, 262, 347, 0, 0, 0
28726, 1, 1636473555233, 1636473555841, 608, 262, 346, 0, 0, 0
28727, 1, 1636473555531, 1636473556189, 658, 310, 348, 0, 0, 0
28729, 1, 1636473555705, 1636473556313, 608, 262, 346, 0, 0, 0
28728, 1, 1636473555602, 1636473556537, 935, 586, 349, 0, 0, 0
28730, 1, 1636473556190, 1636473556885, 695, 346, 349, 0, 0, 0
28732, 1, 1636473556531, 1636473557141, 610, 262, 348, 0, 0, 0
28731, 1, 1636473556228, 1636473557229, 1001, 660, 341, 2, 0, 2
28736, 1, 1636473557230, 1636473557885, 655, 263, 392, 0, 0, 0
28737, 1, 1636473557511, 1636473558125, 614, 263, 351, 0, 0, 0
28738, 1, 1636473558263, 1636473558873, 610, 258, 352, 0, 0, 0
28733, 2, 1636473556601, 1636473559107, 2506, 0, 2506, 0, 0, 0
28734, 2, 1636473556699, 1636473559107, 2408, 0, 2408, 0, 0, 0
28739, 1, 1636473558544, 1636473559153, 609, 262, 347, 0, 0, 0
28735, 1, 1636473557188, 1636473559581, 2393, 2044, 349, 1, 0, 1
28741, 1, 1636473559193, 1636473559845, 652, 258, 394, 0, 0, 0
28740, 1, 1636473559193, 1636473559845, 652, 262, 390, 0, 0, 0
28742, 1, 1636473559252, 1636473559861, 609, 262, 347, 0, 0, 0
28743, 1, 1636473559533, 1636473560149, 616, 266, 350, 0, 0, 0
28744, 1, 1636473559582, 1636473560241, 659, 268, 391, 1, 1, 2
28745, 1, 1636473560173, 1636473560785, 612, 263, 349, 0, 0, 0
28746, 1, 1636473560177, 1636473560792, 615, 266, 349, 0, 0, 0
28747, 1, 1636473560247, 1636473560861, 614, 262, 352, 0, 0, 0
28748, 1, 1636473560514, 1636473561125, 611, 262, 349, 0, 0, 0
28749, 1, 1636473560615, 1636473561225, 610, 263, 347, 1, 0, 1
28750, 1, 1636473561163, 1636473561773, 610, 263, 347, 0, 0, 0
28751, 1, 1636473561181, 1636473561793, 612, 263, 349, 1, 1, 2
28752, 1, 1636473561267, 1636473561876, 609, 262, 347, 0, 0, 0
28753, 1, 1636473561522, 1636473562133, 611, 264, 347, 1, 1, 2
28754, 1, 1636473561604, 1636473562221, 617, 266, 351, 0, 0, 0
28755, 1, 1636473562149, 1636473562761, 612, 262, 350, 0, 0, 0
28756, 1, 1636473562170, 1636473562777, 607, 262, 345, 0, 0, 0
28757, 1, 1636473562284, 1636473562897, 613, 266, 347, 0, 0, 0
28758, 1, 1636473562521, 1636473563137, 616, 263, 353, 0, 1, 1
28759, 1, 1636473562590, 1636473563197, 607, 258, 349, 0, 0, 0
28760, 1, 1636473563165, 1636473563780, 615, 263, 352, 1, 0, 1
28761, 1, 1636473563169, 1636473563780, 611, 259, 352, 0, 0, 0
28762, 1, 1636473563273, 1636473563885, 612, 264, 348, 2, 0, 2
28763, 1, 1636473563514, 1636473564129, 615, 267, 348, 1, 1, 2
28764, 1, 1636473563598, 1636473564209, 611, 262, 349, 0, 0, 0
28765, 1, 1636473564185, 1636473564801, 616, 266, 350, 0, 0, 0
28766, 1, 1636473564187, 1636473564801, 614, 267, 347, 0, 1, 1
28767, 1, 1636473564240, 1636473564853, 613, 262, 351, 0, 0, 0
28768, 1, 1636473564522, 1636473565133, 611, 262, 349, 0, 0, 0
28769, 1, 1636473564615, 1636473565229, 614, 266, 348, 0, 0, 0
28770, 1, 1636473565176, 1636473565789, 613, 263, 350, 0, 0, 0
28771, 1, 1636473565202, 1636473565825, 623, 266, 357, 0, 0, 0
28772, 1, 1636473565241, 1636473565853, 612, 263, 349, 0, 0, 0
28773, 1, 1636473565525, 1636473566137, 612, 262, 350, 0, 0, 0
28774, 1, 1636473565604, 1636473566212, 608, 262, 346, 0, 0, 0
28775, 1, 1636473566144, 1636473566757, 613, 262, 351, 0, 0, 0
28776, 1, 1636473566184, 1636473566797, 613, 262, 351, 0, 0, 0
28777, 1, 1636473566233, 1636473566849, 616, 262, 354, 0, 0, 0
28778, 1, 1636473566536, 1636473567149, 613, 262, 351, 0, 0, 0
28779, 1, 1636473566581, 1636473567197, 616, 267, 349, 1, 0, 1
28780, 1, 1636473567145, 1636473567757, 612, 263, 349, 0, 1, 1
28781, 1, 1636473567152, 1636473567768, 616, 262, 354, 0, 0, 0
28782, 1, 1636473567226, 1636473567837, 611, 263, 348, 0, 0, 0
28783, 1, 1636473567537, 1636473568152, 615, 262, 353, 0, 0, 0
28784, 1, 1636473567581, 1636473568196, 615, 268, 347, 0, 1, 1
28785, 1, 1636473568138, 1636473568753, 615, 264, 351, 1, 2, 3
28786, 1, 1636473568152, 1636473568760, 608, 262, 346, 0, 0, 0
28787, 1, 1636473568219, 1636473568836, 617, 262, 355, 0, 0, 0
28788, 1, 1636473568554, 1636473569169, 615, 262, 353, 0, 0, 0
28789, 1, 1636473568574, 1636473569189, 615, 262, 353, 0, 0, 0
28790, 1, 1636473569132, 1636473569748, 616, 262, 354, 0, 0, 0
28791, 1, 1636473569148, 1636473569761, 613, 263, 350, 0, 0, 0
28792, 1, 1636473569222, 1636473569829, 607, 255, 352, 0, 1, 1
28793, 1, 1636473569557, 1636473570168, 611, 262, 349, 0, 0, 0
28794, 1, 1636473569566, 1636473570181, 615, 262, 353, 0, 0, 0
28795, 1, 1636473570126, 1636473570737, 611, 262, 349, 0, 0, 0
28796, 1, 1636473570141, 1636473570753, 612, 262, 350, 0, 0, 0
28797, 1, 1636473570220, 1636473570829, 609, 259, 350, 0, 1, 1
28798, 1, 1636473570560, 1636473571177, 617, 266, 351, 0, 0, 0
28799, 1, 1636473570576, 1636473571189, 613, 262, 351, 0, 0, 0
28800, 1, 1636473571129, 1636473571740, 611, 263, 348, 0, 0, 0
28801, 1, 1636473571134, 1636473571745, 611, 262, 349, 0, 0, 0
28802, 1, 1636473571202, 1636473571813, 611, 264, 347, 1, 0, 1
28803, 1, 1636473571563, 1636473572173, 610, 263, 347, 0, 0, 0
28804, 1, 1636473571594, 1636473572204, 610, 262, 348, 0, 0, 0
28805, 1, 1636473572103, 1636473572716, 613, 266, 347, 0, 0, 0
28806, 1, 1636473572138, 1636473572749, 611, 262, 349, 0, 0, 0
28807, 1, 1636473572170, 1636473572781, 611, 262, 349, 0, 0, 0
28808, 1, 1636473572561, 1636473573169, 608, 258, 350, 0, 0, 0
28809, 1, 1636473572627, 1636473573237, 610, 263, 347, 0, 0, 0
28810, 1, 1636473573082, 1636473573697, 615, 266, 349, 0, 0, 0
28811, 1, 1636473573111, 1636473573717, 606, 262, 344, 0, 0, 0
28812, 1, 1636473573172, 1636473573789, 617, 264, 353, 1, 0, 1
28813, 1, 1636473573543, 1636473574157, 614, 262, 352, 0, 0, 0
28814, 1, 1636473573615, 1636473574225, 610, 262, 348, 0, 0, 0
28815, 1, 1636473574050, 1636473574665, 615, 264, 351, 2, 0, 2
28816, 1, 1636473574093, 1636473574709, 616, 262, 354, 0, 0, 0
28817, 1, 1636473574176, 1636473574785, 609, 262, 347, 0, 0, 0
28818, 1, 1636473574512, 1636473575129, 617, 266, 351, 0, 0, 0
28819, 1, 1636473574586, 1636473575197, 611, 262, 349, 0, 0, 0
28820, 1, 1636473575052, 1636473575665, 613, 259, 354, 0, 0, 0
28821, 1, 1636473575061, 1636473575669, 608, 258, 350, 0, 0, 0
28822, 1, 1636473575213, 1636473575825, 612, 259, 353, 0, 0, 0
28823, 1, 1636473575514, 1636473576121, 607, 258, 349, 0, 0, 0
28824, 1, 1636473575552, 1636473576169, 617, 262, 355, 0, 0, 0
28825, 1, 1636473576056, 1636473576669, 613, 262, 351, 0, 0, 0
28826, 1, 1636473576096, 1636473576717, 621, 263, 358, 0, 0, 0
28827, 1, 1636473576180, 1636473576789, 609, 262, 347, 0, 0, 0
28828, 1, 1636473576525, 1636473577137, 612, 262, 350, 0, 0, 0
28829, 1, 1636473576584, 1636473577196, 612, 262, 350, 0, 0, 0
28830, 1, 1636473577075, 1636473577685, 610, 263, 347, 0, 0, 0
28831, 1, 1636473577128, 1636473577741, 613, 262, 351, 0, 0, 0
28832, 1, 1636473577187, 1636473577801, 614, 262, 352, 0, 0, 0
28833, 1, 1636473577543, 1636473578157, 614, 262, 352, 0, 0, 0
28834, 1, 1636473577568, 1636473578185, 617, 262, 355, 0, 0, 0
28835, 1, 1636473578046, 1636473578657, 611, 262, 349, 0, 0, 0
28836, 1, 1636473578146, 1636473578761, 615, 262, 353, 0, 0, 0
28837, 1, 1636473578194, 1636473578809, 615, 268, 347, 1, 1, 2
28838, 1, 1636473578510, 1636473579121, 611, 262, 349, 0, 0, 0
28839, 1, 1636473578590, 1636473579200, 610, 263, 347, 0, 0, 0
28840, 1, 1636473579054, 1636473579665, 611, 262, 349, 0, 0, 0
28841, 1, 1636473579113, 1636473579725, 612, 263, 349, 1, 1, 2
28842, 1, 1636473579197, 1636473579809, 612, 263, 349, 1, 0, 1
28843, 1, 1636473579517, 1636473580129, 612, 262, 350, 0, 0, 0
28844, 1, 1636473579604, 1636473580217, 613, 262, 351, 0, 0, 0
28845, 1, 1636473580061, 1636473580677, 616, 264, 352, 0, 0, 0
28846, 1, 1636473580120, 1636473580733, 613, 262, 351, 0, 0, 0
28847, 1, 1636473580196, 1636473580805, 609, 262, 347, 0, 0, 0
28848, 1, 1636473580524, 1636473581137, 613, 263, 350, 0, 0, 0
28849, 1, 1636473580590, 1636473581201, 611, 262, 349, 0, 0, 0
28850, 1, 1636473581063, 1636473581677, 614, 262, 352, 0, 0, 0
28851, 1, 1636473581127, 1636473581737, 610, 262, 348, 0, 0, 0
28852, 1, 1636473581205, 1636473581817, 612, 259, 353, 0, 0, 0
28853, 1, 1636473581527, 1636473582141, 614, 263, 351, 1, 0, 1
28854, 1, 1636473581608, 1636473582221, 613, 263, 350, 0, 0, 0
28855, 1, 1636473582063, 1636473582673, 610, 263, 347, 0, 0, 0
28856, 1, 1636473582130, 1636473582749, 619, 266, 353, 0, 0, 0
28857, 1, 1636473582209, 1636473582821, 612, 263, 349, 0, 0, 0
28858, 1, 1636473582526, 1636473583136, 610, 259, 351, 0, 0, 0
28859, 1, 1636473582621, 1636473583241, 620, 266, 354, 0, 0, 0
28860, 1, 1636473583073, 1636473583685, 612, 263, 349, 0, 0, 0
28861, 1, 1636473583129, 1636473583741, 612, 262, 350, 0, 0, 0
28862, 1, 1636473583182, 1636473583793, 611, 264, 347, 0, 0, 0
28863, 1, 1636473583546, 1636473584156, 610, 263, 347, 1, 0, 1
28864, 1, 1636473583618, 1636473584229, 611, 262, 349, 0, 0, 0
28865, 1, 1636473584077, 1636473584689, 612, 263, 349, 1, 0, 1
28866, 1, 1636473584149, 1636473584761, 612, 262, 350, 0, 0, 0
28867, 1, 1636473584214, 1636473584833, 619, 262, 357, 0, 0, 0
28868, 1, 1636473584550, 1636473585164, 614, 262, 352, 0, 0, 0
28869, 1, 1636473584649, 1636473585269, 620, 270, 350, 0, 0, 0
28870, 1, 1636473585050, 1636473585661, 611, 263, 348, 0, 0, 0
28871, 1, 1636473585153, 1636473585764, 611, 262, 349, 0, 0, 0
28872, 1, 1636473585249, 1636473585861, 612, 264, 348, 0, 0, 0
28873, 1, 1636473585523, 1636473586129, 606, 258, 348, 0, 0, 0
28874, 1, 1636473585624, 1636473586236, 612, 262, 350, 0, 0, 0
28875, 1, 1636473586083, 1636473586693, 610, 262, 348, 0, 0, 0
28876, 1, 1636473586126, 1636473586736, 610, 262, 348, 0, 0, 0
28877, 1, 1636473586236, 1636473586849, 613, 262, 351, 0, 0, 0
28878, 1, 1636473586561, 1636473587177, 616, 263, 353, 0, 0, 0
28879, 1, 1636473586616, 1636473587225, 609, 262, 347, 0, 0, 0
28880, 1, 1636473587118, 1636473587729, 611, 263, 348, 1, 0, 1
28881, 1, 1636473587158, 1636473587765, 607, 262, 345, 0, 0, 0
28882, 1, 1636473587265, 1636473587876, 611, 263, 348, 0, 0, 0
28883, 1, 1636473587596, 1636473588204, 608, 259, 349, 1, 0, 1
28884, 1, 1636473587616, 1636473588229, 613, 263, 350, 1, 0, 1
28885, 1, 1636473588106, 1636473588717, 611, 262, 349, 0, 0, 0
28887, 1, 1636473588243, 1636473588849, 606, 259, 347, 0, 0, 0
28886, 1, 1636473588175, 1636473589065, 890, 542, 348, 0, 0, 0
28890, 1, 1636473589136, 1636473589753, 617, 266, 351, 0, 0, 0
28892, 1, 1636473589239, 1636473589853, 614, 266, 348, 0, 0, 0
28893, 1, 1636473590115, 1636473590729, 614, 266, 348, 0, 0, 0
28894, 1, 1636473590209, 1636473590821, 612, 262, 350, 0, 0, 0
28889, 2, 1636473588616, 1636473590939, 2323, 0, 2323, 0, 1, 1
28888, 2, 1636473588584, 1636473590939, 2355, 0, 2355, 0, 0, 0
28891, 1, 1636473589168, 1636473591425, 2257, 1903, 354, 1, 0, 1
28895, 1, 1636473591025, 1636473591676, 651, 262, 389, 0, 0, 0
28896, 1, 1636473591029, 1636473591684, 655, 262, 393, 0, 0, 0
28897, 1, 1636473591094, 1636473591704, 610, 266, 344, 0, 0, 0
28898, 1, 1636473591228, 1636473591840, 612, 262, 350, 0, 0, 0
28899, 1, 1636473591426, 1636473592073, 647, 259, 388, 0, 1, 1
28900, 1, 1636473591992, 1636473592605, 613, 262, 351, 0, 0, 0
28901, 1, 1636473592011, 1636473592617, 606, 262, 344, 0, 0, 0
28902, 1, 1636473592064, 1636473592677, 613, 262, 351, 0, 0, 0
28903, 1, 1636473592196, 1636473592817, 621, 266, 355, 0, 0, 0
28904, 1, 1636473592441, 1636473593057, 616, 262, 354, 0, 0, 0
28905, 1, 1636473592961, 1636473593577, 616, 266, 350, 0, 0, 0
28906, 1, 1636473592989, 1636473593601, 612, 262, 350, 0, 0, 0
28907, 1, 1636473593084, 1636473593697, 613, 262, 351, 0, 0, 0
28908, 1, 1636473593167, 1636473593777, 610, 263, 347, 2, 0, 2
28909, 1, 1636473593431, 1636473594036, 605, 258, 347, 0, 0, 0
28910, 1, 1636473593946, 1636473594557, 611, 262, 349, 0, 0, 0
28911, 1, 1636473594002, 1636473594613, 611, 262, 349, 0, 0, 0
28912, 1, 1636473594053, 1636473594669, 616, 267, 349, 0, 0, 0
28913, 1, 1636473594199, 1636473594816, 617, 263, 354, 0, 1, 1
28914, 1, 1636473594456, 1636473595068, 612, 266, 346, 0, 0, 0
28915, 1, 1636473594979, 1636473595585, 606, 259, 347, 1, 0, 1
28916, 1, 1636473595012, 1636473595625, 613, 262, 351, 0, 0, 0
28917, 1, 1636473595038, 1636473595653, 615, 263, 352, 0, 0, 0
28918, 1, 1636473595196, 1636473595805, 609, 263, 346, 0, 1, 1
28919, 1, 1636473595465, 1636473596081, 616, 266, 350, 0, 0, 0
28920, 1, 1636473595963, 1636473596573, 610, 262, 348, 0, 0, 0
28921, 1, 1636473596037, 1636473596649, 612, 262, 350, 0, 0, 0
28922, 1, 1636473596070, 1636473596685, 615, 263, 352, 0, 0, 0
28923, 1, 1636473596200, 1636473596816, 616, 262, 354, 0, 0, 0
28924, 1, 1636473596491, 1636473597096, 605, 258, 347, 0, 0, 0
28925, 1, 1636473596968, 1636473597580, 612, 262, 350, 0, 0, 0
28926, 1, 1636473597045, 1636473597648, 603, 259, 344, 0, 1, 1
28927, 1, 1636473597067, 1636473597668, 601, 261, 340, 1, 1, 2
28928, 1, 1636473597211, 1636473597812, 601, 257, 344, 0, 0, 0
28929, 1, 1636473597506, 1636473598104, 598, 255, 343, 0, 1, 1
28930, 1, 1636473597980, 1636473598584, 604, 255, 349, 0, 2, 2
28931, 1, 1636473598026, 1636473598624, 598, 255, 343, 0, 1, 1
28932, 1, 1636473598070, 1636473598668, 598, 255, 343, 0, 2, 2
28933, 1, 1636473598189, 1636473598793, 604, 258, 346, 0, 1, 1
28934, 1, 1636473598485, 1636473599092, 607, 260, 347, 0, 1, 1
28935, 1, 1636473598958, 1636473599565, 607, 259, 348, 1, 0, 1
28936, 1, 1636473599037, 1636473599645, 608, 258, 350, 0, 0, 0
28937, 1, 1636473599070, 1636473599677, 607, 258, 349, 0, 0, 0
28938, 1, 1636473599221, 1636473599829, 608, 258, 350, 0, 0, 0
28939, 1, 1636473599512, 1636473600121, 609, 262, 347, 0, 0, 0
28940, 1, 1636473599989, 1636473600608, 619, 265, 354, 0, 0, 0
28941, 1, 1636473600049, 1636473600665, 616, 266, 350, 0, 0, 0
28942, 1, 1636473600075, 1636473600681, 606, 262, 344, 0, 0, 0
28943, 1, 1636473600243, 1636473600853, 610, 263, 347, 0, 0, 0
28944, 1, 1636473600549, 1636473601165, 616, 266, 350, 0, 0, 0
28945, 1, 1636473600997, 1636473601608, 611, 266, 345, 0, 1, 1
28946, 1, 1636473601083, 1636473601688, 605, 263, 342, 0, 1, 1
28947, 1, 1636473601086, 1636473601696, 610, 262, 348, 0, 1, 1
28948, 1, 1636473601243, 1636473601845, 602, 258, 344, 0, 1, 1
28949, 1, 1636473601555, 1636473602156, 601, 255, 346, 0, 0, 0
28950, 1, 1636473601996, 1636473602600, 604, 258, 346, 0, 1, 1
28951, 1, 1636473602084, 1636473602680, 596, 253, 343, 0, 0, 0
28952, 1, 1636473602104, 1636473602704, 600, 255, 345, 1, 1, 2
28953, 1, 1636473602249, 1636473602848, 599, 256, 343, 1, 2, 3
28954, 1, 1636473602532, 1636473603132, 600, 254, 346, 0, 1, 1
28955, 1, 1636473603003, 1636473603600, 597, 257, 340, 0, 1, 1
28956, 1, 1636473603053, 1636473603657, 604, 256, 348, 0, 0, 0
28957, 1, 1636473603066, 1636473603680, 614, 259, 355, 0, 1, 1
28958, 1, 1636473603234, 1636473603841, 607, 259, 348, 0, 0, 0
28959, 1, 1636473603508, 1636473604120, 612, 264, 348, 0, 1, 1
28960, 1, 1636473603989, 1636473604608, 619, 263, 356, 0, 0, 0
28961, 1, 1636473604028, 1636473604636, 608, 263, 345, 0, 1, 1
28962, 1, 1636473604091, 1636473604700, 609, 264, 345, 1, 0, 1
28963, 1, 1636473604236, 1636473604852, 616, 271, 345, 1, 1, 2
28964, 1, 1636473604500, 1636473605113, 613, 256, 357, 0, 3, 3
28965, 1, 1636473605005, 1636473605612, 607, 259, 348, 0, 1, 1
28966, 1, 1636473605025, 1636473605641, 616, 264, 352, 1, 1, 2
28967, 1, 1636473605065, 1636473605665, 600, 255, 345, 0, 0, 0
28968, 1, 1636473605269, 1636473605872, 603, 259, 344, 1, 1, 2
28969, 1, 1636473605477, 1636473606084, 607, 263, 344, 0, 0, 0
28970, 1, 1636473606023, 1636473606636, 613, 266, 347, 0, 0, 0
28971, 1, 1636473606033, 1636473606644, 611, 264, 347, 0, 3, 3
28972, 1, 1636473606099, 1636473606696, 597, 260, 337, 0, 3, 3
28973, 1, 1636473606235, 1636473607040, 805, 459, 346, 0, 2, 2
28974, 1, 1636473606495, 1636473607092, 597, 255, 342, 0, 2, 2
28975, 1, 1636473607001, 1636473607601, 600, 253, 347, 0, 0, 0
28976, 1, 1636473607013, 1636473607613, 600, 255, 345, 0, 1, 1
28977, 1, 1636473607111, 1636473607717, 606, 258, 348, 0, 1, 1
28978, 1, 1636473607250, 1636473607853, 603, 254, 349, 0, 0, 0
28979, 1, 1636473607481, 1636473608089, 608, 258, 350, 0, 0, 0
28980, 1, 1636473608002, 1636473608612, 610, 262, 348, 0, 0, 0
28981, 1, 1636473608029, 1636473608640, 611, 262, 349, 0, 0, 0
28982, 1, 1636473608077, 1636473608688, 611, 263, 348, 0, 0, 0
28983, 1, 1636473608278, 1636473608888, 610, 263, 347, 0, 0, 0
28984, 1, 1636473608450, 1636473609057, 607, 259, 348, 0, 0, 0
28985, 1, 1636473609013, 1636473609624, 611, 263, 348, 0, 0, 0
28986, 1, 1636473609042, 1636473609653, 611, 262, 349, 0, 0, 0
28987, 1, 1636473609111, 1636473609721, 610, 263, 347, 1, 0, 1
28988, 1, 1636473609246, 1636473609857, 611, 262, 349, 0, 0, 0
28989, 1, 1636473609480, 1636473610093, 613, 262, 351, 0, 0, 0
28990, 1, 1636473610002, 1636473610613, 611, 263, 348, 0, 0, 0
28991, 1, 1636473610012, 1636473610629, 617, 262, 355, 0, 0, 0
28992, 1, 1636473610139, 1636473610749, 610, 263, 347, 1, 0, 1
28993, 1, 1636473610231, 1636473610841, 610, 263, 347, 0, 0, 0
28994, 1, 1636473610470, 1636473611081, 611, 262, 349, 0, 0, 0
28996, 1, 1636473611001, 1636473611609, 608, 262, 346, 0, 1, 1
28995, 1, 1636473610996, 1636473611609, 613, 262, 351, 0, 0, 0
28997, 1, 1636473611108, 1636473611721, 613, 267, 346, 0, 0, 0
28998, 1, 1636473611231, 1636473611841, 610, 263, 347, 0, 0, 0
28999, 1, 1636473611469, 1636473612080, 611, 262, 349, 0, 0, 0
29000, 1, 1636473611977, 1636473612589, 612, 263, 349, 1, 0, 1
29001, 1, 1636473611995, 1636473612609, 614, 267, 347, 1, 0, 1
29002, 1, 1636473612092, 1636473612701, 609, 263, 346, 1, 0, 1
29003, 1, 1636473612210, 1636473612829, 619, 266, 353, 0, 0, 0
29004, 1, 1636473612434, 1636473613053, 619, 266, 353, 0, 0, 0
29005, 1, 1636473612975, 1636473613589, 614, 266, 348, 0, 0, 0
29006, 1, 1636473612998, 1636473613609, 611, 262, 349, 0, 0, 0
29007, 1, 1636473613112, 1636473613721, 609, 263, 346, 1, 0, 1
29008, 1, 1636473613241, 1636473613853, 612, 263, 349, 0, 0, 0
29009, 1, 1636473613456, 1636473614069, 613, 262, 351, 0, 0, 0
29010, 1, 1636473614004, 1636473614617, 613, 263, 350, 1, 0, 1
29011, 1, 1636473614007, 1636473614617, 610, 263, 347, 1, 0, 1
29012, 1, 1636473614103, 1636473614705, 602, 255, 347, 0, 1, 1
29013, 1, 1636473614224, 1636473614833, 609, 262, 347, 0, 0, 0
29014, 1, 1636473614462, 1636473615073, 611, 262, 349, 0, 0, 0
29015, 1, 1636473614990, 1636473615601, 611, 263, 348, 0, 0, 0
29016, 1, 1636473615027, 1636473615637, 610, 262, 348, 0, 0, 0
29017, 1, 1636473615139, 1636473615749, 610, 263, 347, 1, 0, 1
29018, 1, 1636473615233, 1636473615849, 616, 266, 350, 0, 0, 0
29019, 1, 1636473615485, 1636473616097, 612, 262, 350, 0, 0, 0
29020, 1, 1636473616007, 1636473616620, 613, 268, 345, 0, 1, 1
29021, 1, 1636473616023, 1636473616637, 614, 262, 352, 0, 0, 0
29022, 1, 1636473616122, 1636473616733, 611, 263, 348, 1, 0, 1
29023, 1, 1636473616263, 1636473616877, 614, 262, 352, 0, 0, 0
29024, 1, 1636473616465, 1636473617077, 612, 262, 350, 0, 0, 0
29025, 1, 1636473617021, 1636473617633, 612, 263, 349, 1, 0, 1
29026, 1, 1636473617053, 1636473617661, 608, 263, 345, 0, 1, 1
29027, 1, 1636473617155, 1636473617765, 610, 263, 347, 0, 0, 0
29028, 1, 1636473617246, 1636473617857, 611, 263, 348, 1, 0, 1
29029, 1, 1636473617479, 1636473618092, 613, 263, 350, 0, 0, 0
29030, 1, 1636473617998, 1636473618609, 611, 262, 349, 0, 0, 0
29031, 1, 1636473618036, 1636473618649, 613, 262, 351, 0, 0, 0
29032, 1, 1636473618185, 1636473618801, 616, 267, 349, 1, 0, 1
29033, 1, 1636473618224, 1636473618833, 609, 262, 347, 0, 0, 0
29034, 1, 1636473618456, 1636473619073, 617, 262, 355, 0, 0, 0
29035, 1, 1636473619014, 1636473619625, 611, 262, 349, 0, 0, 0
29036, 1, 1636473619023, 1636473619641, 618, 262, 356, 0, 0, 0
29037, 1, 1636473619169, 1636473619781, 612, 263, 349, 0, 0, 0
29038, 1, 1636473619234, 1636473619845, 611, 262, 349, 0, 0, 0
29039, 1, 1636473619481, 1636473620093, 612, 262, 350, 0, 0, 0
29040, 1, 1636473619987, 1636473620597, 610, 262, 348, 0, 0, 0
29041, 1, 1636473620043, 1636473620652, 609, 262, 347, 0, 0, 0
29042, 1, 1636473620147, 1636473620757, 610, 262, 348, 0, 0, 0
29044, 1, 1636473620445, 1636473621056, 611, 262, 349, 0, 0, 0
29043, 1, 1636473620204, 1636473621105, 901, 554, 347, 0, 0, 0
29045, 1, 1636473620991, 1636473621605, 614, 263, 351, 0, 0, 0
29046, 1, 1636473621032, 1636473621641, 609, 264, 345, 1, 0, 1
29047, 1, 1636473621158, 1636473621773, 615, 266, 349, 0, 0, 0
29048, 1, 1636473621210, 1636473621825, 615, 263, 352, 0, 1, 1
29049, 1, 1636473621449, 1636473622061, 612, 262, 350, 0, 0, 0
29050, 1, 1636473622016, 1636473622629, 613, 264, 349, 0, 0, 0
29051, 1, 1636473622065, 1636473622673, 608, 259, 349, 0, 0, 0
29052, 1, 1636473622128, 1636473622737, 609, 262, 347, 0, 0, 0
29053, 1, 1636473622173, 1636473622780, 607, 263, 344, 1, 0, 1
29054, 1, 1636473622473, 1636473623085, 612, 262, 350, 0, 0, 0
29055, 1, 1636473622985, 1636473623597, 612, 262, 350, 0, 0, 0
29056, 1, 1636473623033, 1636473623645, 612, 263, 349, 0, 0, 0
29057, 1, 1636473623161, 1636473623773, 612, 262, 350, 0, 0, 0
29058, 1, 1636473623181, 1636473623793, 612, 263, 349, 0, 0, 0
29059, 1, 1636473623443, 1636473624053, 610, 262, 348, 0, 0, 0
29060, 1, 1636473623967, 1636473624577, 610, 262, 348, 0, 0, 0
29061, 1, 1636473624071, 1636473624685, 614, 266, 348, 0, 0, 0
29062, 1, 1636473624124, 1636473624741, 617, 267, 350, 1, 0, 1
29063, 1, 1636473624218, 1636473624833, 615, 262, 353, 0, 0, 0
29064, 1, 1636473624424, 1636473625037, 613, 262, 351, 0, 0, 0
29065, 1, 1636473624936, 1636473625549, 613, 262, 351, 0, 0, 0
29066, 1, 1636473625109, 1636473625721, 612, 262, 350, 0, 0, 0
29067, 1, 1636473625162, 1636473625773, 611, 262, 349, 0, 0, 0
29068, 1, 1636473625187, 1636473625801, 614, 262, 352, 0, 0, 0
29069, 1, 1636473625394, 1636473626009, 615, 262, 353, 0, 0, 0
29070, 1, 1636473625907, 1636473626520, 613, 266, 347, 0, 0, 0
29071, 1, 1636473626079, 1636473626693, 614, 267, 347, 0, 0, 0
29072, 1, 1636473626157, 1636473626773, 616, 266, 350, 0, 0, 0
29073, 1, 1636473626199, 1636473626809, 610, 263, 347, 1, 0, 1
29074, 1, 1636473626365, 1636473626977, 612, 262, 350, 0, 0, 0
29075, 1, 1636473626899, 1636473627512, 613, 263, 350, 1, 0, 1
29076, 1, 1636473627049, 1636473627665, 616, 262, 354, 0, 0, 0
29077, 1, 1636473627153, 1636473627769, 616, 262, 354, 0, 0, 0
29078, 1, 1636473627189, 1636473627801, 612, 263, 349, 0, 0, 0
29079, 1, 1636473627357, 1636473627969, 612, 262, 350, 0, 0, 0
29080, 1, 1636473627931, 1636473628541, 610, 263, 347, 0, 0, 0
29081, 1, 1636473628046, 1636473628657, 611, 263, 348, 0, 0, 0
29082, 1, 1636473628159, 1636473628769, 610, 262, 348, 0, 0, 0
29083, 1, 1636473628171, 1636473628777, 606, 260, 346, 2, 0, 2
29084, 1, 1636473628389, 1636473629005, 616, 266, 350, 0, 0, 0
29085, 1, 1636473628900, 1636473629512, 612, 268, 344, 2, 1, 3
29086, 1, 1636473629064, 1636473629669, 605, 258, 347, 0, 0, 0
29087, 1, 1636473629140, 1636473629749, 609, 263, 346, 0, 0, 0
29088, 1, 1636473629155, 1636473629769, 614, 262, 352, 0, 0, 0
29089, 1, 1636473629358, 1636473629969, 611, 263, 348, 1, 0, 1
29090, 1, 1636473629910, 1636473630521, 611, 264, 347, 1, 0, 1
29091, 1, 1636473630034, 1636473630645, 611, 262, 349, 0, 0, 0
29092, 1, 1636473630173, 1636473630789, 616, 264, 352, 2, 0, 2
29093, 1, 1636473630368, 1636473630981, 613, 262, 351, 0, 0, 0
29094, 1, 1636473630930, 1636473631541, 611, 262, 349, 0, 0, 0
29095, 1, 1636473631172, 1636473631781, 609, 262, 347, 0, 0, 0
29096, 1, 1636473631388, 1636473632001, 613, 262, 351, 0, 0, 0
29097, 1, 1636473631966, 1636473632577, 611, 262, 349, 0, 0, 0
29098, 1, 1636473632424, 1636473633037, 613, 263, 350, 1, 0, 1
29099, 1, 1636473632991, 1636473633601, 610, 262, 348, 0, 0, 0
29100, 1, 1636473633449, 1636473634061, 612, 262, 350, 0, 0, 0
29101, 1, 1636473852284, 1636473852897, 613, 262, 351, 0, 0, 0
29102, 1, 1636473852645, 1636473853257, 612, 262, 350, 0, 0, 0
29103, 1, 1636473852898, 1636473853553, 655, 264, 391, 0, 0, 0
29104, 1, 1636473853201, 1636473853813, 612, 262, 350, 0, 0, 0
29105, 1, 1636473853258, 1636473853913, 655, 262, 393, 0, 0, 0
29106, 1, 1636473853554, 1636473854209, 655, 262, 393, 0, 0, 0
29107, 1, 1636473853832, 1636473854485, 653, 264, 389, 1, 2, 3
29108, 1, 1636473853914, 1636473854569, 655, 262, 393, 0, 0, 0
29109, 1, 1636473854011, 1636473854621, 610, 262, 348, 0, 0, 0
29111, 1, 1636473854339, 1636473854945, 606, 258, 348, 0, 0, 0
29110, 1, 1636473854333, 1636473854969, 636, 286, 350, 0, 0, 0
29112, 1, 1636473854486, 1636473855141, 655, 264, 391, 0, 1, 1
29114, 1, 1636473854622, 1636473855277, 655, 262, 393, 0, 0, 0
29113, 1, 1636473854570, 1636473855293, 723, 331, 392, 1, 0, 1
29115, 1, 1636473854946, 1636473855605, 659, 267, 392, 0, 0, 0
29116, 1, 1636473854970, 1636473855625, 655, 267, 388, 1, 1, 2
29117, 1, 1636473855142, 1636473855801, 659, 263, 396, 2, 0, 2
29118, 1, 1636473855278, 1636473855937, 659, 262, 397, 0, 0, 0
29119, 1, 1636473855294, 1636473855953, 659, 262, 397, 0, 0, 0
29120, 1, 1636473855606, 1636473856265, 659, 263, 396, 0, 0, 0
29121, 1, 1636473855626, 1636473856285, 659, 270, 389, 0, 0, 0
29122, 1, 1636473855802, 1636473856457, 655, 262, 393, 0, 0, 0
29123, 1, 1636473855938, 1636473856593, 655, 263, 392, 0, 0, 0
29124, 1, 1636473855954, 1636473856613, 659, 266, 393, 0, 0, 0
29126, 1, 1636473856286, 1636473856941, 655, 267, 388, 0, 0, 0
29125, 1, 1636473856266, 1636473856961, 695, 263, 432, 0, 0, 0
29127, 1, 1636473856458, 1636473857113, 655, 263, 392, 0, 0, 0
29128, 1, 1636473856594, 1636473857249, 655, 262, 393, 0, 0, 0
29129, 1, 1636473856614, 1636473857309, 695, 302, 393, 0, 0, 0
29130, 1, 1636473856942, 1636473857605, 663, 270, 393, 0, 0, 0
29131, 1, 1636473856962, 1636473857613, 651, 263, 388, 0, 1, 1
29132, 1, 1636473857114, 1636473857769, 655, 262, 393, 0, 0, 0
29133, 1, 1636473857250, 1636473857909, 659, 266, 393, 0, 0, 0
29134, 1, 1636473857310, 1636473857969, 659, 267, 392, 1, 0, 1
29135, 1, 1636473857606, 1636473858256, 650, 262, 388, 0, 0, 0
29136, 1, 1636473857614, 1636473858273, 659, 266, 393, 0, 0, 0
29137, 1, 1636473857770, 1636473858425, 655, 262, 393, 0, 0, 0
29138, 1, 1636473857910, 1636473858565, 655, 262, 393, 0, 0, 0
29139, 1, 1636473857970, 1636473858625, 655, 264, 391, 1, 0, 1
29140, 1, 1636473858258, 1636473858909, 651, 262, 389, 0, 0, 0
29141, 1, 1636473858274, 1636473858937, 663, 266, 397, 0, 0, 0
29142, 1, 1636473858426, 1636473859080, 654, 264, 390, 0, 0, 0
29143, 1, 1636473858566, 1636473859221, 655, 262, 393, 0, 0, 0
29144, 1, 1636473858626, 1636473859285, 659, 266, 393, 0, 0, 0
29145, 1, 1636473858910, 1636473859577, 667, 271, 396, 0, 0, 0
29146, 1, 1636473858938, 1636473859593, 655, 258, 397, 0, 0, 0
29147, 1, 1636473859081, 1636473859737, 656, 263, 393, 1, 0, 1
29148, 1, 1636473859222, 1636473859877, 655, 262, 393, 0, 0, 0
29149, 1, 1636473859286, 1636473859945, 659, 262, 397, 0, 0, 0
29150, 1, 1636473859578, 1636473860232, 654, 263, 391, 0, 0, 0
29151, 1, 1636473859594, 1636473860253, 659, 262, 397, 0, 0, 0
29152, 1, 1636473859738, 1636473860397, 659, 266, 393, 0, 0, 0
29153, 1, 1636473859878, 1636473860537, 659, 266, 393, 0, 0, 0
29154, 1, 1636473859946, 1636473860601, 655, 262, 393, 0, 0, 0
29155, 1, 1636473860234, 1636473860885, 651, 262, 389, 0, 0, 0
29157, 1, 1636473860415, 1636473861029, 614, 262, 352, 0, 0, 0
29156, 1, 1636473860398, 1636473861053, 655, 262, 393, 0, 0, 0
29158, 1, 1636473860538, 1636473861201, 663, 266, 397, 0, 0, 0
29159, 1, 1636473860602, 1636473861381, 779, 382, 397, 0, 0, 0
29160, 1, 1636473860886, 1636473861549, 663, 274, 389, 0, 0, 0
29161, 1, 1636473861030, 1636473861685, 655, 263, 392, 1, 1, 2
29162, 1, 1636473861054, 1636473861729, 675, 283, 392, 0, 0, 0
29163, 1, 1636473861202, 1636473861857, 655, 263, 392, 0, 1, 1
29164, 1, 1636473861382, 1636473862036, 654, 267, 387, 1, 0, 1
29165, 1, 1636473861550, 1636473862205, 655, 266, 389, 0, 0, 0
29166, 1, 1636473861686, 1636473862341, 655, 262, 393, 1, 0, 1
29167, 1, 1636473861730, 1636473862381, 651, 265, 386, 1, 2, 3
29168, 1, 1636473861858, 1636473862513, 655, 262, 393, 0, 0, 0
29169, 1, 1636473862038, 1636473862697, 659, 264, 395, 1, 0, 1
29170, 1, 1636473862206, 1636473862861, 655, 267, 388, 0, 0, 0
29172, 1, 1636473862382, 1636473863044, 662, 275, 387, 0, 0, 0
29173, 1, 1636473862514, 1636473863169, 655, 262, 393, 0, 0, 0
29171, 1, 1636473862342, 1636473863209, 867, 474, 393, 0, 0, 0
29175, 1, 1636473862862, 1636473863517, 655, 266, 389, 0, 0, 0
29174, 1, 1636473862698, 1636473863557, 859, 467, 392, 0, 0, 0
29177, 1, 1636473863170, 1636473863825, 655, 262, 393, 0, 0, 0
29176, 1, 1636473863045, 1636473863905, 860, 467, 393, 0, 1, 1
29179, 1, 1636473863518, 1636473864173, 655, 270, 385, 1, 0, 1
29178, 1, 1636473863482, 1636473864189, 707, 262, 445, 0, 0, 0
29181, 1, 1636473863826, 1636473864489, 663, 266, 397, 0, 0, 0
29180, 1, 1636473863558, 1636473864537, 979, 587, 392, 1, 0, 1
29183, 1, 1636473864174, 1636473864837, 663, 274, 389, 0, 0, 0
29184, 1, 1636473864190, 1636473864845, 655, 262, 393, 0, 0, 0
29182, 1, 1636473863906, 1636473864885, 979, 586, 393, 0, 0, 0
29186, 1, 1636473864538, 1636473865189, 651, 262, 389, 0, 0, 0
29185, 1, 1636473864490, 1636473865229, 739, 350, 389, 0, 0, 0
29188, 1, 1636473864846, 1636473865501, 655, 259, 396, 0, 0, 0
29189, 1, 1636473864886, 1636473865541, 655, 262, 393, 0, 0, 0
29187, 1, 1636473864838, 1636473865577, 739, 350, 389, 0, 0, 0
29190, 1, 1636473865190, 1636473865849, 659, 266, 393, 0, 0, 0
29191, 1, 1636473865230, 1636473865889, 659, 267, 392, 0, 0, 0
29192, 1, 1636473865502, 1636473866161, 659, 266, 393, 0, 0, 0
29193, 1, 1636473865542, 1636473866197, 655, 262, 393, 0, 0, 0
29194, 1, 1636473865578, 1636473866240, 662, 270, 392, 0, 0, 0
29195, 1, 1636473865850, 1636473866509, 659, 266, 393, 0, 0, 0
29196, 1, 1636473865890, 1636473866545, 655, 262, 393, 0, 0, 0
29197, 1, 1636473866162, 1636473866821, 659, 266, 393, 0, 0, 0
29198, 1, 1636473866198, 1636473866857, 659, 267, 392, 0, 0, 0
29199, 1, 1636473866242, 1636473866893, 651, 262, 389, 0, 1, 1
29200, 1, 1636473866510, 1636473867169, 659, 267, 392, 1, 0, 1
29201, 1, 1636473866546, 1636473867205, 659, 267, 392, 0, 0, 0
29202, 1, 1636473866822, 1636473867481, 659, 266, 393, 0, 0, 0
29203, 1, 1636473866858, 1636473867513, 655, 266, 389, 0, 0, 0
29204, 1, 1636473866894, 1636473867556, 662, 270, 392, 0, 0, 0
29205, 1, 1636473867170, 1636473867829, 659, 266, 393, 0, 0, 0
29206, 1, 1636473867206, 1636473867861, 655, 262, 393, 0, 0, 0
29207, 1, 1636473867482, 1636473868137, 655, 262, 393, 0, 0, 0
29208, 1, 1636473867514, 1636473868177, 663, 270, 393, 0, 0, 0
29209, 1, 1636473867558, 1636473868209, 651, 262, 389, 0, 0, 0
29210, 1, 1636473867830, 1636473868485, 655, 263, 392, 0, 0, 0
29211, 1, 1636473867862, 1636473868525, 663, 270, 393, 0, 0, 0
29212, 1, 1636473868138, 1636473868793, 655, 259, 396, 0, 0, 0
29213, 1, 1636473868178, 1636473868833, 655, 262, 393, 0, 0, 0
29214, 1, 1636473868210, 1636473868876, 666, 274, 392, 0, 0, 0
29215, 1, 1636473868486, 1636473869141, 655, 262, 393, 0, 0, 0
29216, 1, 1636473868526, 1636473869181, 655, 262, 393, 0, 0, 0
29217, 1, 1636473868794, 1636473869445, 651, 261, 390, 0, 1, 1
29218, 1, 1636473868834, 1636473869489, 655, 263, 392, 0, 0, 0
29219, 1, 1636473868878, 1636473869529, 651, 262, 389, 0, 0, 0
29220, 1, 1636473869142, 1636473869801, 659, 264, 395, 0, 1, 1
29221, 1, 1636473869182, 1636473869833, 651, 263, 388, 0, 1, 1
29223, 1, 1636473869490, 1636473870149, 659, 266, 393, 0, 0, 0
29224, 1, 1636473869530, 1636473870177, 647, 263, 384, 1, 1, 2
29226, 1, 1636473869834, 1636473870497, 663, 270, 393, 0, 0, 0
29222, 1, 1636473869446, 1636473870525, 1079, 522, 557, 0, 0, 0
29228, 1, 1636473870178, 1636473870845, 667, 278, 389, 0, 0, 0
29225, 1, 1636473869802, 1636473870873, 1071, 678, 393, 0, 0, 0
29230, 1, 1636473870526, 1636473871181, 655, 262, 393, 0, 0, 0
29227, 1, 1636473870150, 1636473871221, 1071, 682, 389, 0, 0, 0
29232, 1, 1636473870874, 1636473871529, 655, 262, 393, 0, 0, 0
29229, 1, 1636473870498, 1636473871569, 1071, 679, 392, 0, 1, 1
29234, 1, 1636473871222, 1636473871877, 655, 262, 393, 0, 0, 0
29233, 1, 1636473871182, 1636473871881, 699, 258, 441, 0, 0, 0
29231, 1, 1636473870846, 1636473871917, 1071, 682, 389, 0, 0, 0
29236, 1, 1636473871570, 1636473872221, 651, 262, 389, 0, 0, 0
29235, 1, 1636473871530, 1636473872233, 703, 306, 397, 0, 0, 0
29238, 1, 1636473871882, 1636473872545, 663, 263, 400, 0, 0, 0
29239, 1, 1636473871918, 1636473872569, 651, 262, 389, 0, 0, 0
29237, 1, 1636473871878, 1636473872581, 703, 310, 393, 0, 0, 0
29241, 1, 1636473872234, 1636473872893, 659, 267, 392, 1, 0, 1
29240, 1, 1636473872222, 1636473872933, 711, 314, 397, 0, 0, 0
29244, 1, 1636473872582, 1636473873241, 659, 266, 393, 0, 0, 0
29242, 1, 1636473872546, 1636473873269, 723, 262, 461, 0, 0, 0
29243, 1, 1636473872570, 1636473873281, 711, 322, 389, 0, 0, 0
29246, 1, 1636473872934, 1636473873585, 651, 262, 389, 0, 0, 0
29245, 1, 1636473872894, 1636473873617, 723, 331, 392, 1, 0, 1
29248, 1, 1636473873270, 1636473873925, 655, 262, 393, 0, 0, 0
29249, 1, 1636473873282, 1636473873933, 651, 262, 389, 0, 0, 0
29247, 1, 1636473873242, 1636473873965, 723, 331, 392, 0, 0, 0
29251, 1, 1636473873617, 1636473874273, 656, 263, 393, 0, 0, 0
29250, 1, 1636473873586, 1636473874313, 727, 334, 393, 0, 0, 0
29252, 1, 1636473873926, 1636473874573, 647, 255, 392, 1, 0, 1
29254, 1, 1636473873966, 1636473874621, 655, 262, 393, 0, 0, 0
29253, 1, 1636473873934, 1636473874661, 727, 338, 389, 0, 0, 0
29255, 1, 1636473874274, 1636473874929, 655, 260, 395, 1, 1, 2
29256, 1, 1636473874314, 1636473874972, 658, 262, 396, 0, 0, 0
29257, 1, 1636473874574, 1636473875229, 655, 264, 391, 1, 1, 2
29258, 1, 1636473874622, 1636473875281, 659, 262, 397, 0, 0, 0
29259, 1, 1636473874662, 1636473875321, 659, 270, 389, 0, 1, 1
29260, 1, 1636473874930, 1636473875585, 655, 262, 393, 1, 0, 1
29261, 1, 1636473874974, 1636473875625, 651, 263, 388, 1, 0, 1
29262, 1, 1636473875282, 1636473875937, 655, 263, 392, 0, 0, 0
29263, 1, 1636473875322, 1636473875973, 651, 262, 389, 0, 0, 0
29264, 1, 1636473875586, 1636473876244, 658, 267, 391, 0, 1, 1
29265, 1, 1636473875626, 1636473876285, 659, 266, 393, 0, 0, 0
29266, 1, 1636473875938, 1636473876593, 655, 263, 392, 0, 0, 0
29267, 1, 1636473875974, 1636473876633, 659, 270, 389, 0, 0, 0
29268, 1, 1636473876246, 1636473876905, 659, 262, 397, 0, 0, 0
29269, 1, 1636473876286, 1636473876937, 651, 262, 389, 0, 0, 0
29271, 1, 1636473876594, 1636473877253, 659, 266, 393, 0, 0, 0
29272, 1, 1636473876634, 1636473877289, 655, 262, 393, 0, 0, 0
29273, 1, 1636473876906, 1636473877561, 655, 262, 393, 0, 0, 0
29274, 1, 1636473876938, 1636473877605, 667, 271, 396, 0, 0, 0
29275, 1, 1636473877254, 1636473877909, 655, 262, 393, 0, 0, 0
29276, 1, 1636473877290, 1636473877953, 663, 275, 388, 0, 1, 1
29277, 1, 1636473877562, 1636473878217, 655, 264, 391, 1, 0, 1
29278, 1, 1636473877606, 1636473878261, 655, 264, 391, 1, 1, 2
29279, 1, 1636473877910, 1636473878565, 655, 262, 393, 0, 0, 0
29280, 1, 1636473877954, 1636473878608, 654, 267, 387, 0, 1, 1
29281, 1, 1636473878218, 1636473878873, 655, 262, 393, 1, 0, 1
29282, 1, 1636473878262, 1636473878913, 651, 264, 387, 0, 2, 2
29283, 1, 1636473878566, 1636473879221, 655, 262, 393, 0, 0, 0
29284, 1, 1636473878609, 1636473879261, 652, 262, 390, 0, 0, 0
29285, 1, 1636473878874, 1636473879533, 659, 263, 396, 0, 0, 0
29286, 1, 1636473878914, 1636473879573, 659, 262, 397, 0, 0, 0
29287, 1, 1636473879222, 1636473879881, 659, 266, 393, 0, 0, 0
29288, 1, 1636473879262, 1636473879921, 659, 270, 389, 0, 0, 0
29289, 1, 1636473879534, 1636473880193, 659, 262, 397, 1, 0, 1
29290, 1, 1636473879574, 1636473880237, 663, 267, 396, 0, 1, 1
29291, 1, 1636473879882, 1636473880541, 659, 266, 393, 0, 0, 0
29292, 1, 1636473879921, 1636473880585, 664, 275, 389, 0, 1, 1
29293, 1, 1636473880194, 1636473880853, 659, 262, 397, 1, 0, 1
29294, 1, 1636473880238, 1636473880897, 659, 263, 396, 1, 0, 1
29295, 1, 1636473880542, 1636473881205, 663, 266, 397, 0, 0, 0
29296, 1, 1636473880586, 1636473881245, 659, 271, 388, 0, 1, 1
29297, 1, 1636473880854, 1636473881509, 655, 263, 392, 1, 0, 1
29298, 1, 1636473880898, 1636473881557, 659, 267, 392, 0, 1, 1
29299, 1, 1636473881206, 1636473881865, 659, 268, 391, 1, 0, 1
29300, 1, 1636473881246, 1636473881901, 655, 270, 385, 0, 0, 0
29301, 1, 1636473881510, 1636473882161, 651, 258, 393, 0, 0, 0
29302, 1, 1636473881558, 1636473882217, 659, 262, 397, 0, 0, 0
29303, 1, 1636473881865, 1636473882517, 652, 263, 389, 0, 1, 1
29304, 1, 1636473881902, 1636473882565, 663, 275, 388, 0, 0, 0
29305, 1, 1636473882162, 1636473882821, 659, 262, 397, 0, 0, 0
29306, 1, 1636473882218, 1636473882877, 659, 262, 397, 0, 0, 0
29307, 1, 1636473882518, 1636473883173, 655, 263, 392, 1, 0, 1
29308, 1, 1636473882566, 1636473883224, 658, 271, 387, 0, 0, 0
29309, 1, 1636473882822, 1636473883477, 655, 262, 393, 0, 0, 0
29310, 1, 1636473882878, 1636473883537, 659, 262, 397, 0, 0, 0
29311, 1, 1636473883174, 1636473883833, 659, 268, 391, 1, 0, 1
29312, 1, 1636473883226, 1636473883885, 659, 271, 388, 0, 0, 0
29313, 1, 1636473883478, 1636473884133, 655, 262, 393, 0, 0, 0
29314, 1, 1636473883538, 1636473884189, 651, 262, 389, 0, 0, 0
29315, 1, 1636473883834, 1636473884489, 655, 262, 393, 0, 0, 0
29316, 1, 1636473883886, 1636473884541, 655, 266, 389, 0, 0, 0
29317, 1, 1636473884134, 1636473884789, 655, 262, 393, 0, 0, 0
29318, 1, 1636473884190, 1636473884849, 659, 262, 397, 0, 0, 0
29319, 1, 1636473884490, 1636473885145, 655, 262, 393, 0, 0, 0
29320, 1, 1636473884542, 1636473885197, 655, 266, 389, 0, 0, 0
29321, 1, 1636473884790, 1636473885445, 655, 262, 393, 0, 0, 0
29322, 1, 1636473884850, 1636473885505, 655, 262, 393, 0, 0, 0
29323, 1, 1636473885146, 1636473885801, 655, 264, 391, 0, 1, 1
29324, 1, 1636473885198, 1636473885853, 655, 266, 389, 0, 0, 0
29325, 1, 1636473885446, 1636473886101, 655, 263, 392, 1, 0, 1
29326, 1, 1636473885506, 1636473886157, 651, 262, 389, 0, 0, 0
29327, 1, 1636473885802, 1636473886461, 659, 267, 392, 1, 0, 1
29328, 1, 1636473885854, 1636473886509, 655, 266, 389, 0, 0, 0
29329, 1, 1636473886102, 1636473886757, 655, 262, 393, 0, 0, 0
29330, 1, 1636473886158, 1636473886817, 659, 262, 397, 0, 0, 0
29331, 1, 1636473886462, 1636473887117, 655, 263, 392, 1, 0, 1
29332, 1, 1636473886510, 1636473887169, 659, 271, 388, 0, 1, 1
29333, 1, 1636473886758, 1636473887413, 655, 263, 392, 0, 0, 0
29334, 1, 1636473886818, 1636473887477, 659, 262, 397, 0, 0, 0
29270, 1, 1636473876314, 1636473887625, 11311, 258, 11053, 0, 0, 0
29335, 1, 1636473887118, 1636473887776, 658, 263, 395, 1, 0, 1
29336, 1, 1636473887170, 1636473887825, 655, 266, 389, 0, 0, 0
29337, 1, 1636473887414, 1636473888077, 663, 266, 397, 0, 0, 0
29338, 1, 1636473887478, 1636473888129, 651, 265, 386, 1, 0, 1
29340, 1, 1636473887778, 1636473888433, 655, 264, 391, 1, 0, 1
29341, 1, 1636473887826, 1636473888476, 650, 263, 387, 0, 1, 1
29339, 1, 1636473887687, 1636473888513, 826, 262, 564, 0, 0, 0
29342, 1, 1636473888078, 1636473888733, 655, 262, 393, 0, 0, 0
29343, 1, 1636473888130, 1636473888785, 655, 263, 392, 0, 1, 1
29344, 1, 1636473888434, 1636473889093, 659, 263, 396, 0, 0, 0
29345, 1, 1636473888478, 1636473889133, 655, 266, 389, 0, 0, 0
29346, 1, 1636473888734, 1636473889393, 659, 266, 393, 0, 0, 0
29347, 1, 1636473888786, 1636473889441, 655, 262, 393, 0, 0, 0
29349, 1, 1636473889094, 1636473889753, 659, 262, 397, 0, 0, 0
29348, 1, 1636473889071, 1636473889761, 690, 262, 428, 0, 0, 0
29350, 1, 1636473889134, 1636473889785, 651, 262, 389, 0, 0, 0
29351, 1, 1636473889394, 1636473890048, 654, 262, 392, 0, 0, 0
29352, 1, 1636473889442, 1636473890105, 663, 267, 396, 0, 0, 0
29353, 1, 1636473889754, 1636473890413, 659, 266, 393, 0, 0, 0
29354, 1, 1636473889786, 1636473890449, 663, 275, 388, 1, 0, 1
29355, 1, 1636473889966, 1636473890605, 639, 262, 377, 0, 0, 0
29357, 1, 1636473890106, 1636473890761, 655, 262, 393, 0, 0, 0
29356, 1, 1636473890049, 1636473890953, 904, 510, 394, 0, 0, 0
29359, 1, 1636473890450, 1636473891109, 659, 270, 389, 0, 0, 0
29358, 1, 1636473890414, 1636473891301, 887, 494, 393, 0, 0, 0
29362, 1, 1636473890954, 1636473891609, 655, 263, 392, 0, 0, 0
29361, 1, 1636473890762, 1636473891652, 890, 494, 396, 0, 0, 0
29360, 1, 1636473890753, 1636473891717, 964, 267, 697, 0, 0, 0
29364, 1, 1636473891302, 1636473891957, 655, 263, 392, 0, 0, 0
29363, 1, 1636473891110, 1636473892001, 891, 504, 387, 1, 1, 2
29365, 1, 1636473891610, 1636473892269, 659, 263, 396, 1, 0, 1
29366, 1, 1636473891654, 1636473892309, 655, 264, 391, 0, 2, 2
29367, 1, 1636473891958, 1636473892621, 663, 266, 397, 0, 0, 0
29368, 1, 1636473892002, 1636473892657, 655, 266, 389, 0, 0, 0
29369, 1, 1636473892270, 1636473892925, 655, 264, 391, 0, 0, 0
29370, 1, 1636473892310, 1636473892973, 663, 266, 397, 0, 0, 0
29371, 1, 1636473892622, 1636473893281, 659, 267, 392, 0, 0, 0
29372, 1, 1636473892658, 1636473893321, 663, 274, 389, 0, 0, 0
29373, 1, 1636473892926, 1636473893581, 655, 262, 393, 0, 0, 0
29374, 1, 1636473892974, 1636473893625, 651, 262, 389, 0, 0, 0
29375, 1, 1636473893282, 1636473893937, 655, 262, 393, 0, 0, 0
29376, 1, 1636473893322, 1636473893973, 651, 263, 388, 0, 1, 1
29378, 1, 1636473893626, 1636473894285, 659, 267, 392, 1, 0, 1
29377, 1, 1636473893582, 1636473894321, 739, 346, 393, 1, 0, 1
29380, 1, 1636473893974, 1636473894629, 655, 270, 385, 0, 0, 0
29379, 1, 1636473893938, 1636473894669, 731, 339, 392, 0, 0, 0
29382, 1, 1636473894322, 1636473894977, 655, 262, 393, 0, 0, 0
29381, 1, 1636473894286, 1636473895017, 731, 340, 391, 0, 1, 1
29384, 1, 1636473894670, 1636473895325, 655, 263, 392, 0, 1, 1
29383, 1, 1636473894630, 1636473895365, 735, 346, 389, 1, 0, 1
29385, 1, 1636473894978, 1636473895629, 651, 259, 392, 0, 0, 0
29386, 1, 1636473895018, 1636473895681, 663, 266, 397, 0, 0, 0
29387, 1, 1636473895326, 1636473895985, 659, 266, 393, 0, 0, 0
29388, 1, 1636473895366, 1636473896033, 667, 278, 389, 0, 0, 0
29389, 1, 1636473895630, 1636473896285, 655, 262, 393, 0, 0, 0
29390, 1, 1636473895682, 1636473896345, 663, 266, 397, 0, 0, 0
29391, 1, 1636473895986, 1636473896641, 655, 263, 392, 0, 0, 0
29392, 1, 1636473896034, 1636473896697, 663, 270, 393, 0, 0, 0
29393, 1, 1636473896286, 1636473896945, 659, 262, 397, 0, 0, 0
29394, 1, 1636473896346, 1636473897009, 663, 270, 393, 0, 0, 0
29396, 1, 1636473896642, 1636473897297, 655, 259, 396, 0, 1, 1
29397, 1, 1636473896698, 1636473897357, 659, 270, 389, 0, 0, 0
29398, 1, 1636473896946, 1636473897605, 659, 263, 396, 0, 0, 0
29399, 1, 1636473897010, 1636473897669, 659, 263, 396, 0, 0, 0
29400, 1, 1636473897298, 1636473897953, 655, 263, 392, 1, 0, 1
29401, 1, 1636473897358, 1636473898017, 659, 271, 388, 1, 0, 1
29402, 1, 1636473897606, 1636473898261, 655, 262, 393, 0, 0, 0
29403, 1, 1636473897670, 1636473898325, 655, 263, 392, 1, 0, 1
29404, 1, 1636473897954, 1636473898613, 659, 266, 393, 0, 0, 0
29405, 1, 1636473898018, 1636473898673, 655, 266, 389, 0, 0, 0
29406, 1, 1636473898262, 1636473898921, 659, 262, 397, 0, 0, 0
29407, 1, 1636473898326, 1636473898977, 651, 262, 389, 0, 0, 0
29408, 1, 1636473898614, 1636473899269, 655, 262, 393, 0, 0, 0
29409, 1, 1636473898674, 1636473899329, 655, 262, 393, 0, 0, 0
29410, 1, 1636473898922, 1636473899581, 659, 267, 392, 0, 0, 0
29411, 1, 1636473898978, 1636473899637, 659, 262, 397, 0, 0, 0
29412, 1, 1636473899270, 1636473899929, 659, 266, 393, 0, 0, 0
29413, 1, 1636473899330, 1636473899989, 659, 266, 393, 0, 0, 0
29414, 1, 1636473899582, 1636473900237, 655, 263, 392, 0, 0, 0
29415, 1, 1636473899638, 1636473900293, 655, 262, 393, 0, 0, 0
29416, 1, 1636473899930, 1636473900585, 655, 263, 392, 0, 0, 0
29417, 1, 1636473899990, 1636473900640, 650, 262, 388, 0, 0, 0
29418, 1, 1636473900238, 1636473900897, 659, 262, 397, 0, 0, 0
29419, 1, 1636473900294, 1636473900949, 655, 258, 397, 0, 0, 0
29420, 1, 1636473900586, 1636473901245, 659, 266, 393, 0, 0, 0
29421, 1, 1636473900642, 1636473901297, 655, 266, 389, 0, 0, 0
29422, 1, 1636473900898, 1636473901553, 655, 262, 393, 0, 0, 0
29423, 1, 1636473900950, 1636473901605, 655, 262, 393, 0, 0, 0
29424, 1, 1636473901246, 1636473901901, 655, 262, 393, 0, 0, 0
29425, 1, 1636473901298, 1636473901953, 655, 266, 389, 0, 1, 1
29426, 1, 1636473901554, 1636473902209, 655, 262, 393, 0, 0, 0
29427, 1, 1636473901606, 1636473902257, 651, 258, 393, 0, 0, 0
29428, 1, 1636473901902, 1636473902557, 655, 262, 393, 0, 0, 0
29429, 1, 1636473901954, 1636473902605, 651, 262, 389, 0, 0, 0
29430, 1, 1636473902210, 1636473902873, 663, 262, 401, 0, 0, 0
29431, 1, 1636473902258, 1636473902909, 651, 262, 389, 0, 0, 0
29432, 1, 1636473902558, 1636473903217, 659, 270, 389, 0, 0, 0
29433, 1, 1636473902606, 1636473903257, 651, 262, 389, 0, 0, 0
29434, 1, 1636473902874, 1636473903533, 659, 262, 397, 0, 0, 0
29435, 1, 1636473902910, 1636473903565, 655, 262, 393, 0, 0, 0
29436, 1, 1636473903218, 1636473903885, 667, 271, 396, 0, 1, 1
29437, 1, 1636473903258, 1636473903913, 655, 266, 389, 0, 0, 0
29438, 1, 1636473903534, 1636473904189, 655, 263, 392, 0, 0, 0
29439, 1, 1636473903566, 1636473904233, 667, 274, 393, 0, 0, 0
29440, 1, 1636473903886, 1636473904541, 655, 263, 392, 1, 1, 2
29441, 1, 1636473903914, 1636473904581, 667, 279, 388, 0, 1, 1
29442, 1, 1636473904190, 1636473904845, 655, 264, 391, 2, 0, 2
29443, 1, 1636473904234, 1636473904889, 655, 263, 392, 1, 0, 1
29444, 1, 1636473904542, 1636473905197, 655, 263, 392, 0, 1, 1
29445, 1, 1636473904582, 1636473905237, 655, 267, 388, 0, 1, 1
29446, 1, 1636473904846, 1636473905501, 655, 262, 393, 1, 0, 1
29447, 1, 1636473904890, 1636473905545, 655, 263, 392, 0, 1, 1
29448, 1, 1636473905198, 1636473905853, 655, 262, 393, 0, 1, 1
29449, 1, 1636473905238, 1636473905893, 655, 267, 388, 0, 1, 1
29450, 1, 1636473905501, 1636473906161, 660, 262, 398, 1, 0, 1
29451, 1, 1636473905546, 1636473906197, 651, 263, 388, 0, 1, 1
29452, 1, 1636473905854, 1636473906505, 651, 259, 392, 0, 0, 0
29453, 1, 1636473905894, 1636473906545, 651, 262, 389, 0, 0, 0
29454, 1, 1636473906161, 1636473906817, 656, 262, 394, 0, 0, 0
29395, 1, 1636473896610, 1636473906824, 10214, 264, 9950, 0, 0, 0
29455, 1, 1636473906198, 1636473906853, 655, 262, 393, 0, 0, 0
29456, 1, 1636473906506, 1636473907165, 659, 266, 393, 0, 0, 0
29457, 1, 1636473906546, 1636473907201, 655, 266, 389, 0, 0, 0
29458, 1, 1636473906818, 1636473907473, 655, 262, 393, 0, 0, 0
29459, 1, 1636473906854, 1636473907513, 659, 266, 393, 0, 0, 0
29460, 1, 1636473907166, 1636473907821, 655, 262, 393, 0, 0, 0
29461, 1, 1636473907202, 1636473907861, 659, 270, 389, 0, 0, 0
29462, 1, 1636473907474, 1636473908133, 659, 262, 397, 0, 0, 0
29463, 1, 1636473907514, 1636473908169, 655, 262, 393, 0, 0, 0
29464, 1, 1636473907822, 1636473908481, 659, 267, 392, 1, 0, 1
29465, 1, 1636473907862, 1636473908517, 655, 266, 389, 0, 0, 0
29466, 1, 1636473908134, 1636473908793, 659, 266, 393, 0, 0, 0
29467, 1, 1636473908170, 1636473908829, 659, 266, 393, 0, 0, 0
29468, 1, 1636473908482, 1636473909141, 659, 266, 393, 0, 0, 0
29469, 1, 1636473908518, 1636473909177, 659, 270, 389, 0, 0, 0
29470, 1, 1636473908794, 1636473909449, 655, 262, 393, 0, 0, 0
29471, 1, 1636473908830, 1636473909485, 655, 266, 389, 0, 0, 0
29472, 1, 1636473909142, 1636473909805, 663, 262, 401, 0, 0, 0
29473, 1, 1636473909178, 1636473909833, 655, 266, 389, 0, 0, 0
29474, 1, 1636473909450, 1636473910101, 651, 260, 391, 1, 0, 1
29475, 1, 1636473909486, 1636473910153, 667, 275, 392, 0, 0, 0
29476, 1, 1636473909806, 1636473910469, 663, 262, 401, 0, 0, 0
29477, 1, 1636473909834, 1636473910501, 667, 278, 389, 0, 0, 0
29478, 1, 1636473910102, 1636473910757, 655, 263, 392, 0, 0, 0
29479, 1, 1636473910154, 1636473910817, 663, 270, 393, 0, 0, 0
29480, 1, 1636473910470, 1636473911125, 655, 263, 392, 0, 0, 0
29481, 1, 1636473910502, 1636473911165, 663, 275, 388, 0, 0, 0
29482, 1, 1636473910758, 1636473911413, 655, 262, 393, 0, 0, 0
29483, 1, 1636473910818, 1636473911472, 654, 262, 392, 0, 0, 0
29484, 1, 1636473911126, 1636473911789, 663, 267, 396, 0, 0, 0
29485, 1, 1636473911166, 1636473911821, 655, 267, 388, 1, 0, 1
29486, 1, 1636473911414, 1636473912073, 659, 262, 397, 0, 0, 0
29487, 1, 1636473911474, 1636473912137, 663, 270, 393, 0, 0, 0
29488, 1, 1636473911790, 1636473912441, 651, 257, 394, 0, 0, 0
29489, 1, 1636473911822, 1636473912489, 667, 278, 389, 0, 0, 0
29490, 1, 1636473912074, 1636473912733, 659, 262, 397, 0, 0, 0
29491, 1, 1636473912138, 1636473912793, 655, 262, 393, 0, 0, 0
29492, 1, 1636473912442, 1636473913097, 655, 263, 392, 0, 0, 0
29493, 1, 1636473912490, 1636473913141, 651, 263, 388, 0, 1, 1
29494, 1, 1636473912734, 1636473913389, 655, 262, 393, 0, 0, 0
29495, 1, 1636473912794, 1636473913453, 659, 263, 396, 1, 1, 2
29496, 1, 1636473913098, 1636473913753, 655, 263, 392, 0, 0, 0
29497, 1, 1636473913142, 1636473913801, 659, 270, 389, 0, 0, 0
29498, 1, 1636473913390, 1636473914045, 655, 263, 392, 0, 0, 0
29499, 1, 1636473913454, 1636473914105, 651, 261, 390, 1, 0, 1
29500, 1, 1636473913754, 1636473914409, 655, 262, 393, 1, 0, 1
29501, 1, 1636473913802, 1636473914453, 651, 262, 389, 0, 0, 0
29502, 1, 1636473914046, 1636473914701, 655, 262, 393, 0, 0, 0
29503, 1, 1636473914106, 1636473914765, 659, 263, 396, 0, 1, 1
29504, 1, 1636473914410, 1636473915069, 659, 268, 391, 0, 0, 0
29505, 1, 1636473914454, 1636473915112, 658, 271, 387, 1, 0, 1
29507, 1, 1636473914702, 1636473915357, 655, 262, 393, 0, 0, 0
29508, 1, 1636473914766, 1636473915424, 658, 262, 396, 0, 0, 0
29509, 1, 1636473915070, 1636473915721, 651, 258, 393, 0, 0, 0
29510, 1, 1636473915114, 1636473915768, 654, 266, 388, 0, 0, 0
29511, 1, 1636473915358, 1636473916017, 659, 266, 393, 0, 0, 0
29506, 1, 1636473914615, 1636473916057, 1442, 259, 1183, 0, 0, 0
29512, 1, 1636473915425, 1636473916081, 656, 262, 394, 0, 0, 0
29513, 1, 1636473915722, 1636473916381, 659, 262, 397, 0, 0, 0
29514, 1, 1636473915769, 1636473916429, 660, 271, 389, 1, 0, 1
29515, 1, 1636473916017, 1636473916673, 656, 262, 394, 0, 0, 0
29516, 1, 1636473916082, 1636473916733, 651, 262, 389, 0, 0, 0
29517, 1, 1636473916151, 1636473916761, 610, 262, 348, 0, 0, 0
29518, 1, 1636473916382, 1636473917037, 655, 262, 393, 0, 0, 0
29519, 1, 1636473916430, 1636473917076, 646, 263, 383, 1, 0, 1
29520, 1, 1636473916674, 1636473917329, 655, 263, 392, 0, 1, 1
29521, 1, 1636473916734, 1636473917389, 655, 259, 396, 0, 1, 1
29522, 1, 1636473916762, 1636473917417, 655, 262, 393, 0, 0, 0
29523, 1, 1636473917038, 1636473917693, 655, 262, 393, 0, 0, 0
29524, 1, 1636473917078, 1636473917741, 663, 271, 392, 0, 0, 0
29525, 1, 1636473917330, 1636473917985, 655, 263, 392, 0, 0, 0
29526, 1, 1636473917390, 1636473918045, 655, 262, 393, 0, 0, 0
29527, 1, 1636473917420, 1636473918073, 653, 263, 390, 1, 0, 1
29528, 1, 1636473917693, 1636473918349, 656, 262, 394, 0, 0, 0
29529, 1, 1636473917742, 1636473918392, 650, 263, 387, 1, 0, 1
29530, 1, 1636473917986, 1636473918641, 655, 263, 392, 0, 0, 0
29531, 1, 1636473918046, 1636473918701, 655, 263, 392, 1, 0, 1
29532, 1, 1636473918074, 1636473918729, 655, 262, 393, 0, 0, 0
29533, 1, 1636473918350, 1636473919013, 663, 263, 400, 0, 0, 0
29534, 1, 1636473918394, 1636473919049, 655, 267, 388, 0, 0, 0
29535, 1, 1636473918642, 1636473919301, 659, 267, 392, 1, 0, 1
29536, 1, 1636473918702, 1636473919361, 659, 262, 397, 0, 0, 0
29537, 1, 1636473918730, 1636473919389, 659, 262, 397, 0, 0, 0
29538, 1, 1636473919014, 1636473919670, 656, 262, 394, 0, 0, 0
29539, 1, 1636473919050, 1636473919709, 659, 270, 389, 0, 0, 0
29540, 1, 1636473919302, 1636473919957, 655, 263, 392, 0, 0, 0
29541, 1, 1636473919362, 1636473920013, 651, 262, 389, 1, 0, 1
29542, 1, 1636473919672, 1636473920325, 653, 263, 390, 0, 0, 0
29543, 1, 1636473919710, 1636473920361, 651, 262, 389, 0, 0, 0
29544, 1, 1636473920014, 1636473920673, 659, 266, 393, 0, 0, 0
29545, 1, 1636473920362, 1636473921021, 659, 270, 389, 0, 0, 0
29546, 1, 1636473921022, 1636473921685, 663, 264, 399, 1, 1, 2
29547, 1, 1636473921867, 1636473922653, 786, 262, 524, 0, 0, 0
29548, 1, 1636473922654, 1636473923309, 655, 262, 393, 0, 0, 0
29549, 1, 1636473925082, 1636473925693, 611, 263, 348, 0, 0, 0
29550, 1, 1636473925694, 1636473926349, 655, 262, 393, 0, 0, 0
29551, 1, 1636473926350, 1636473927005, 655, 263, 392, 1, 0, 1
29552, 1, 1636473927006, 1636473927661, 655, 262, 393, 0, 0, 0
29553, 1, 1636473927662, 1636473928317, 655, 263, 392, 0, 0, 0
29554, 1, 1636473928318, 1636473928973, 655, 263, 392, 1, 0, 1
29555, 1, 1636473928974, 1636473929629, 655, 264, 391, 2, 0, 2
29556, 1, 1636473929630, 1636473930285, 655, 263, 392, 0, 0, 0
29557, 1, 1636473930285, 1636473930945, 660, 263, 397, 1, 0, 1
29558, 1, 1636473930946, 1636473931601, 655, 263, 392, 1, 0, 1
29559, 1, 1636473931602, 1636473932257, 655, 263, 392, 0, 0, 0
29560, 1, 1636473932258, 1636473932913, 655, 262, 393, 0, 0, 0
29561, 1, 1636473932914, 1636473933569, 655, 262, 393, 0, 0, 0
29562, 1, 1636473933570, 1636473934225, 655, 263, 392, 0, 0, 0
29563, 1, 1636473934226, 1636473934881, 655, 262, 393, 0, 0, 0
29564, 1, 1636473934882, 1636473935537, 655, 262, 393, 0, 0, 0
29565, 1, 1636473935538, 1636473936193, 655, 263, 392, 0, 0, 0
29566, 1, 1636473936194, 1636473936849, 655, 262, 393, 0, 0, 0
29567, 1, 1636473936850, 1636473937505, 655, 262, 393, 0, 0, 0
29568, 1, 1636473937506, 1636473938161, 655, 262, 393, 0, 0, 0
29569, 1, 1636473938162, 1636473938817, 655, 263, 392, 1, 0, 1
29570, 1, 1636473938818, 1636473939477, 659, 266, 393, 0, 0, 0
29571, 1, 1636473939478, 1636473940133, 655, 262, 393, 0, 0, 0
29572, 1, 1636473940134, 1636473940789, 655, 263, 392, 0, 0, 0
29573, 1, 1636473940790, 1636473941445, 655, 262, 393, 0, 0, 0
29574, 1, 1636473941446, 1636473942101, 655, 264, 391, 1, 0, 1
29575, 1, 1636473942102, 1636473942761, 659, 262, 397, 0, 0, 0
29576, 1, 1636473942762, 1636473943417, 655, 262, 393, 0, 0, 0
29577, 1, 1636473943418, 1636473944073, 655, 262, 393, 0, 0, 0
29578, 1, 1636473944074, 1636473944728, 654, 262, 392, 0, 0, 0
29579, 1, 1636473944730, 1636473945380, 650, 259, 391, 0, 0, 0
29580, 1, 1636473945381, 1636473946037, 656, 262, 394, 0, 0, 0
29581, 1, 1636473946038, 1636473946693, 655, 262, 393, 0, 0, 0
29582, 1, 1636473946694, 1636473947349, 655, 262, 393, 0, 0, 0
29583, 1, 1636473947350, 1636473948005, 655, 263, 392, 1, 0, 1
29584, 1, 1636473948006, 1636473948661, 655, 263, 392, 0, 0, 0
29585, 1, 1636473948662, 1636473949317, 655, 263, 392, 1, 0, 1
29586, 1, 1636473949318, 1636473949973, 655, 264, 391, 0, 0, 0
29587, 1, 1636473949974, 1636473950629, 655, 262, 393, 0, 0, 0
29588, 1, 1636473950630, 1636473951285, 655, 262, 393, 0, 0, 0
29589, 1, 1636473951286, 1636473951941, 655, 262, 393, 0, 0, 0
29590, 1, 1636473951942, 1636473952597, 655, 262, 393, 0, 0, 0
29591, 1, 1636473952598, 1636473953253, 655, 262, 393, 0, 0, 0
29592, 1, 1636473953254, 1636473953909, 655, 263, 392, 1, 0, 1
29593, 1, 1636473953910, 1636473954565, 655, 263, 392, 0, 0, 0
29594, 1, 1636473954566, 1636473955221, 655, 262, 393, 0, 0, 0
29595, 1, 1636473955222, 1636473955877, 655, 262, 393, 0, 0, 0
29596, 1, 1636473955878, 1636473956533, 655, 262, 393, 0, 0, 0
29597, 1, 1636473956534, 1636473957193, 659, 266, 393, 0, 0, 0
29598, 1, 1636473957194, 1636473957853, 659, 267, 392, 1, 0, 1
29599, 1, 1636473957854, 1636473958509, 655, 262, 393, 0, 0, 0
29600, 1, 1636473958510, 1636473959165, 655, 262, 393, 0, 0, 0
29601, 1, 1636474754163, 1636474754773, 610, 263, 347, 1, 0, 1
29602, 1, 1636474754657, 1636474755268, 611, 259, 352, 0, 1, 1
29603, 1, 1636474755241, 1636474755845, 604, 256, 348, 0, 3, 3
29604, 1, 1636474756049, 1636474756664, 615, 263, 352, 0, 0, 0
29605, 1, 1636474756297, 1636474756913, 616, 263, 353, 0, 0, 0
29606, 1, 1636474756565, 1636474757185, 620, 267, 353, 0, 1, 1
29607, 1, 1636474757127, 1636474757741, 614, 263, 351, 1, 0, 1
29608, 1, 1636474758022, 1636474758637, 615, 262, 353, 0, 0, 0
29609, 1, 1636474758204, 1636474758825, 621, 266, 355, 0, 0, 0
29610, 1, 1636474758513, 1636474759129, 616, 262, 354, 0, 0, 0
29611, 1, 1636474759100, 1636474759709, 609, 262, 347, 0, 0, 0
29612, 1, 1636474760083, 1636474760693, 610, 262, 348, 0, 0, 0
29613, 1, 1636474760152, 1636474760765, 613, 263, 350, 1, 0, 1
29614, 1, 1636474760573, 1636474761185, 612, 263, 349, 0, 1, 1
29615, 1, 1636474761195, 1636474761809, 614, 266, 348, 0, 1, 1
29616, 1, 1636474762145, 1636474762765, 620, 268, 352, 1, 0, 1
29617, 1, 1636474762212, 1636474762824, 612, 263, 349, 0, 0, 0
29618, 1, 1636474762400, 1636474763013, 613, 262, 351, 0, 1, 1
29619, 1, 1636474762635, 1636474763240, 605, 263, 342, 1, 0, 1
29620, 1, 1636474763257, 1636474763869, 612, 262, 350, 0, 1, 1
29621, 1, 1636474764052, 1636474764661, 609, 263, 346, 0, 0, 0
29623, 1, 1636474764307, 1636474764917, 610, 262, 348, 0, 0, 0
29622, 1, 1636474764274, 1636474765009, 735, 386, 349, 0, 0, 0
29624, 1, 1636474764522, 1636474765357, 835, 486, 349, 0, 0, 0
29625, 1, 1636474765123, 1636474765733, 610, 262, 348, 0, 0, 0
29626, 1, 1636474766070, 1636474766685, 615, 267, 348, 1, 0, 1
29627, 1, 1636474766272, 1636474766885, 613, 262, 351, 0, 0, 0
29628, 1, 1636474766280, 1636474766889, 609, 263, 346, 0, 0, 0
29629, 1, 1636474766526, 1636474767132, 606, 259, 347, 1, 0, 1
29630, 1, 1636474767189, 1636474767801, 612, 262, 350, 0, 0, 0
29631, 1, 1636474768117, 1636474768733, 616, 266, 350, 0, 0, 0
29632, 1, 1636474768338, 1636474768949, 611, 262, 349, 0, 0, 0
29633, 1, 1636474768375, 1636474768993, 618, 270, 348, 0, 0, 0
29634, 1, 1636474768613, 1636474769224, 611, 263, 348, 1, 0, 1
29635, 1, 1636474769236, 1636474769844, 608, 262, 346, 0, 0, 0
29636, 1, 1636474770184, 1636474770792, 608, 263, 345, 0, 0, 0
29637, 1, 1636474770385, 1636474770997, 612, 263, 349, 0, 0, 0
29638, 1, 1636474770437, 1636474771045, 608, 262, 346, 0, 0, 0
29639, 1, 1636474770680, 1636474771293, 613, 267, 346, 1, 0, 1
29640, 1, 1636474771272, 1636474771889, 617, 266, 351, 0, 0, 0
29641, 1, 1636474772201, 1636474772813, 612, 264, 348, 1, 0, 1
29642, 1, 1636474772324, 1636474772936, 612, 263, 349, 1, 0, 1
29643, 1, 1636474772452, 1636474773061, 609, 262, 347, 0, 0, 0
29644, 1, 1636474772803, 1636474773416, 613, 264, 349, 1, 1, 2
29645, 1, 1636474773395, 1636474774005, 610, 263, 347, 0, 0, 0
29646, 1, 1636474774070, 1636474774681, 611, 262, 349, 0, 0, 0
29647, 1, 1636474774390, 1636474775005, 615, 264, 351, 0, 1, 1
29648, 1, 1636474774469, 1636474775081, 612, 262, 350, 0, 0, 0
29649, 1, 1636474774672, 1636474775281, 609, 262, 347, 0, 0, 0
29650, 1, 1636474775362, 1636474775976, 614, 264, 350, 1, 0, 1
29651, 1, 1636474776040, 1636474776649, 609, 262, 347, 0, 0, 0
29652, 1, 1636474776338, 1636474776948, 610, 262, 348, 0, 0, 0
29653, 1, 1636474776437, 1636474777053, 616, 267, 349, 1, 0, 1
29654, 1, 1636474776608, 1636474777221, 613, 263, 350, 0, 0, 0
29655, 1, 1636474777333, 1636474777944, 611, 262, 349, 0, 0, 0
29656, 1, 1636474777905, 1636474778521, 616, 262, 354, 0, 0, 0
29657, 1, 1636474778308, 1636474778921, 613, 266, 347, 0, 0, 0
29658, 1, 1636474778504, 1636474779113, 609, 262, 347, 0, 0, 0
29659, 1, 1636474778559, 1636474779177, 618, 262, 356, 0, 0, 0
29660, 1, 1636474779284, 1636474779897, 613, 262, 351, 0, 0, 0
29661, 1, 1636474779971, 1636474780581, 610, 263, 347, 1, 0, 1
29662, 1, 1636474780259, 1636474780873, 614, 262, 352, 0, 0, 0
29663, 1, 1636474780521, 1636474781136, 615, 267, 348, 1, 0, 1
29664, 1, 1636474780625, 1636474781241, 616, 266, 350, 0, 1, 1
29665, 1, 1636474781350, 1636474781965, 615, 262, 353, 0, 0, 0
29666, 1, 1636474781901, 1636474782509, 608, 259, 349, 0, 0, 0
29667, 1, 1636474782325, 1636474782937, 612, 263, 349, 1, 0, 1
29668, 1, 1636474782390, 1636474783004, 614, 263, 351, 1, 0, 1
29669, 1, 1636474782555, 1636474783165, 610, 262, 348, 0, 0, 0
29670, 1, 1636474783280, 1636474783893, 613, 262, 351, 0, 0, 0
29671, 1, 1636474784035, 1636474784649, 614, 262, 352, 0, 0, 0
29672, 1, 1636474784255, 1636474784865, 610, 262, 348, 0, 0, 0
29673, 1, 1636474784360, 1636474784976, 616, 268, 348, 1, 1, 2
29674, 1, 1636474784618, 1636474785225, 607, 259, 348, 0, 0, 0
29675, 1, 1636474785343, 1636474785952, 609, 263, 346, 0, 0, 0
29676, 1, 1636474785946, 1636474786557, 611, 264, 347, 1, 1, 2
29677, 1, 1636474786311, 1636474786921, 610, 262, 348, 0, 0, 0
29678, 1, 1636474786318, 1636474786932, 614, 262, 352, 0, 0, 0
29679, 1, 1636474786495, 1636474787109, 614, 262, 352, 0, 0, 0
29680, 1, 1636474787254, 1636474787864, 610, 262, 348, 0, 0, 0
29681, 1, 1636474787848, 1636474788461, 613, 263, 350, 0, 1, 1
29682, 1, 1636474788229, 1636474788845, 616, 267, 349, 0, 0, 0
29683, 1, 1636474788377, 1636474788988, 611, 262, 349, 0, 0, 0
29684, 1, 1636474788397, 1636474789009, 612, 263, 349, 0, 0, 0
29685, 1, 1636474789156, 1636474789765, 609, 263, 346, 0, 0, 0
29686, 1, 1636474789866, 1636474790472, 606, 259, 347, 1, 1, 2
29687, 1, 1636474790131, 1636474790741, 610, 262, 348, 0, 0, 0
29688, 1, 1636474790306, 1636474790921, 615, 267, 348, 1, 0, 1
29689, 1, 1636474790415, 1636474791020, 605, 263, 342, 0, 0, 0
29690, 1, 1636474791237, 1636474791849, 612, 262, 350, 0, 0, 0
29691, 1, 1636474791934, 1636474792545, 611, 262, 349, 0, 0, 0
29692, 1, 1636474792213, 1636474792825, 612, 262, 350, 0, 0, 0
29693, 1, 1636474792369, 1636474792977, 608, 260, 348, 1, 1, 2
29694, 1, 1636474792484, 1636474793092, 608, 262, 346, 0, 0, 0
29695, 1, 1636474793247, 1636474793857, 610, 263, 347, 0, 0, 0
29696, 1, 1636474793907, 1636474794517, 610, 262, 348, 0, 0, 0
29697, 1, 1636474794223, 1636474794832, 609, 263, 346, 1, 1, 2
29698, 1, 1636474794247, 1636474794861, 614, 262, 352, 0, 0, 0
29699, 1, 1636474794477, 1636474795089, 612, 263, 349, 0, 0, 0
29700, 1, 1636474795219, 1636474795828, 609, 264, 345, 1, 1, 2
29701, 1, 1636474795829, 1636474796445, 616, 266, 350, 0, 0, 0
29702, 1, 1636474796149, 1636474796765, 616, 267, 349, 1, 1, 2
29703, 1, 1636474796195, 1636474796805, 610, 263, 347, 0, 1, 1
29704, 1, 1636474796406, 1636474797013, 607, 259, 348, 1, 0, 1
29705, 1, 1636474797146, 1636474797757, 611, 261, 350, 0, 0, 0
29706, 1, 1636474797742, 1636474798361, 619, 262, 357, 0, 0, 0
29707, 1, 1636474798123, 1636474798733, 610, 262, 348, 1, 0, 1
29708, 1, 1636474798167, 1636474798773, 606, 263, 343, 0, 0, 0
29709, 1, 1636474798393, 1636474799005, 612, 263, 349, 0, 0, 0
29710, 1, 1636474799060, 1636474799673, 613, 263, 350, 0, 0, 0
29711, 1, 1636474799688, 1636474800292, 604, 259, 345, 0, 0, 0
29712, 1, 1636474800036, 1636474800653, 617, 267, 350, 0, 1, 1
29713, 1, 1636474800236, 1636474800849, 613, 262, 351, 0, 0, 0
29714, 1, 1636474800339, 1636474801197, 858, 510, 348, 0, 0, 0
29715, 1, 1636474801006, 1636474801617, 611, 262, 349, 0, 0, 0
29716, 1, 1636474801757, 1636474802369, 612, 263, 349, 0, 0, 0
29717, 1, 1636474801982, 1636474802597, 615, 262, 353, 0, 0, 0
29718, 1, 1636474802208, 1636474802817, 609, 262, 347, 0, 0, 0
29719, 1, 1636474802437, 1636474803049, 612, 262, 350, 0, 0, 0
29720, 1, 1636474803140, 1636474803753, 613, 263, 350, 0, 0, 0
29721, 1, 1636474803766, 1636474804377, 611, 262, 349, 0, 0, 0
29722, 1, 1636474804116, 1636474804729, 613, 264, 349, 0, 0, 0
29723, 1, 1636474804129, 1636474804741, 612, 262, 350, 0, 0, 0
29724, 1, 1636474804446, 1636474805089, 643, 294, 349, 0, 0, 0
29725, 1, 1636474805149, 1636474805761, 612, 262, 350, 0, 0, 0
29726, 1, 1636474805715, 1636474806325, 610, 262, 348, 0, 0, 0
29727, 1, 1636474806042, 1636474806653, 611, 264, 347, 0, 0, 0
29728, 1, 1636474806125, 1636474806737, 612, 262, 350, 0, 0, 0
29729, 1, 1636474806350, 1636474806965, 615, 262, 353, 0, 0, 0
29730, 1, 1636474807098, 1636474807709, 611, 262, 349, 0, 0, 0
29731, 1, 1636474807642, 1636474808252, 610, 262, 348, 0, 0, 0
29732, 1, 1636474807988, 1636474808597, 609, 262, 347, 0, 0, 0
29733, 1, 1636474808074, 1636474808685, 611, 262, 349, 0, 0, 0
29734, 1, 1636474808277, 1636474808893, 616, 266, 350, 0, 0, 0
29735, 1, 1636474809025, 1636474809637, 612, 262, 350, 0, 0, 0
29736, 1, 1636474809662, 1636474810273, 611, 264, 347, 2, 0, 2
29737, 1, 1636474810001, 1636474810613, 612, 264, 348, 0, 0, 0
29738, 1, 1636474810057, 1636474810669, 612, 262, 350, 0, 0, 0
29739, 1, 1636474810297, 1636474810909, 612, 262, 350, 0, 0, 0
29740, 1, 1636474811045, 1636474811657, 612, 262, 350, 0, 0, 0
29741, 1, 1636474811790, 1636474812405, 615, 267, 348, 0, 0, 0
29742, 1, 1636474812021, 1636474812633, 612, 262, 350, 0, 0, 0
29743, 1, 1636474812066, 1636474812677, 611, 263, 348, 0, 0, 0
29744, 1, 1636474812425, 1636474813037, 612, 262, 350, 0, 0, 0
29745, 1, 1636474813173, 1636474813785, 612, 263, 349, 0, 0, 0
29746, 1, 1636474813783, 1636474814393, 610, 264, 346, 1, 1, 2
29747, 1, 1636474814015, 1636474814625, 610, 262, 348, 0, 0, 0
29748, 1, 1636474814149, 1636474814769, 620, 266, 354, 0, 0, 0
29749, 1, 1636474814418, 1636474815029, 611, 262, 349, 0, 0, 0
29750, 1, 1636474815166, 1636474815777, 611, 262, 349, 0, 0, 0
29751, 1, 1636474815695, 1636474816305, 610, 263, 347, 1, 0, 1
29752, 1, 1636474815942, 1636474816553, 611, 262, 349, 0, 0, 0
29753, 1, 1636474816117, 1636474816729, 612, 262, 350, 0, 0, 0
29754, 1, 1636474816330, 1636474816941, 611, 262, 349, 0, 0, 0
29755, 1, 1636474817078, 1636474817689, 611, 262, 349, 0, 0, 0
29756, 1, 1636474817662, 1636474818277, 615, 266, 349, 0, 0, 0
29757, 1, 1636474817962, 1636474818577, 615, 267, 348, 0, 0, 0
29758, 1, 1636474818029, 1636474818649, 620, 265, 355, 0, 0, 0
29759, 1, 1636474818297, 1636474818909, 612, 262, 350, 0, 0, 0
29760, 1, 1636474819045, 1636474819657, 612, 263, 349, 0, 0, 0
29761, 1, 1636474819705, 1636474820313, 608, 258, 350, 0, 0, 0
29762, 1, 1636474819916, 1636474820529, 613, 263, 350, 1, 0, 1
29763, 1, 1636474820090, 1636474820701, 611, 263, 348, 0, 0, 0
29764, 1, 1636474820340, 1636474820953, 613, 263, 350, 1, 0, 1
29765, 1, 1636474821088, 1636474821701, 613, 262, 351, 0, 0, 0
29766, 1, 1636474821662, 1636474822273, 611, 262, 349, 0, 0, 0
29767, 1, 1636474821959, 1636474822569, 610, 262, 348, 0, 0, 0
29768, 1, 1636474822083, 1636474822689, 606, 259, 347, 0, 0, 0
29769, 1, 1636474822238, 1636474822849, 611, 258, 353, 0, 0, 0
29770, 1, 1636474822986, 1636474823597, 611, 263, 348, 1, 0, 1
29771, 1, 1636474823692, 1636474824301, 609, 264, 345, 1, 1, 2
29772, 1, 1636474823857, 1636474824469, 612, 262, 350, 0, 0, 0
29773, 1, 1636474824058, 1636474824669, 611, 263, 348, 0, 0, 0
29774, 1, 1636474824268, 1636474824881, 613, 262, 351, 0, 0, 0
29775, 1, 1636474825016, 1636474825628, 612, 262, 350, 0, 0, 0
29776, 1, 1636474825590, 1636474826217, 627, 271, 356, 0, 0, 0
29777, 1, 1636474825887, 1636474826521, 634, 264, 370, 0, 0, 0
29778, 1, 1636474826025, 1636474826637, 612, 263, 349, 0, 0, 0
29779, 1, 1636474826190, 1636474826801, 611, 262, 349, 0, 0, 0
29780, 1, 1636474826938, 1636474827549, 611, 263, 348, 1, 1, 2
29781, 1, 1636474827542, 1636474828153, 611, 263, 348, 1, 0, 1
29782, 1, 1636474827855, 1636474828469, 614, 266, 348, 0, 0, 0
29783, 1, 1636474828068, 1636474828677, 609, 262, 347, 0, 0, 0
29784, 1, 1636474828075, 1636474828689, 614, 262, 352, 0, 0, 0
29785, 1, 1636474828823, 1636474829437, 614, 266, 348, 0, 0, 0
29786, 1, 1636474829648, 1636474830260, 612, 262, 350, 0, 0, 0
29787, 1, 1636474829740, 1636474830349, 609, 266, 343, 0, 0, 0
29788, 1, 1636474830025, 1636474830641, 616, 266, 350, 0, 0, 0
29789, 1, 1636474830182, 1636474830801, 619, 270, 349, 0, 0, 0
29790, 1, 1636474830930, 1636474831541, 611, 262, 349, 0, 0, 0
29791, 1, 1636474831670, 1636474832281, 611, 263, 348, 1, 0, 1
29792, 1, 1636474831876, 1636474832485, 609, 264, 345, 1, 0, 1
29793, 1, 1636474832055, 1636474832669, 614, 263, 351, 0, 1, 1
29794, 1, 1636474832203, 1636474832813, 610, 262, 348, 0, 0, 0
29795, 1, 1636474832951, 1636474833561, 610, 262, 348, 0, 0, 0
29796, 1, 1636474833796, 1636474834405, 609, 262, 347, 0, 0, 0
29797, 1, 1636474833944, 1636474834553, 609, 263, 346, 0, 0, 0
29798, 1, 1636474833977, 1636474834589, 612, 262, 350, 0, 0, 0
29799, 1, 1636474834329, 1636474834949, 620, 270, 350, 0, 0, 0
29800, 1, 1636474835077, 1636474835689, 612, 262, 350, 0, 0, 0
29801, 1, 1636474835662, 1636474836277, 615, 263, 352, 0, 0, 0
29802, 1, 1636474835862, 1636474836472, 610, 263, 347, 0, 1, 1
29803, 1, 1636474836030, 1636474836641, 611, 262, 349, 0, 0, 0
29804, 1, 1636474836248, 1636474836861, 613, 262, 351, 0, 0, 0
29805, 1, 1636474836985, 1636474837597, 612, 262, 350, 0, 0, 0
29806, 1, 1636474837628, 1636474838237, 609, 264, 345, 2, 0, 2
29807, 1, 1636474837938, 1636474838553, 615, 263, 352, 1, 0, 1
29808, 1, 1636474837969, 1636474838581, 612, 263, 349, 1, 0, 1
29809, 1, 1636474838214, 1636474838821, 607, 258, 349, 0, 0, 0
29810, 1, 1636474838951, 1636474839561, 610, 262, 348, 0, 0, 0
29811, 1, 1636474839751, 1636474840361, 610, 263, 347, 1, 0, 1
29812, 1, 1636474839904, 1636474840517, 613, 267, 346, 0, 0, 0
29813, 1, 1636474839990, 1636474840601, 611, 266, 345, 0, 0, 0
29814, 1, 1636474840337, 1636474840952, 615, 262, 353, 0, 0, 0
29815, 1, 1636474840968, 1636474841577, 609, 262, 347, 0, 0, 0
29816, 1, 1636474841800, 1636474842413, 613, 268, 345, 0, 0, 0
29817, 1, 1636474841921, 1636474842533, 612, 262, 350, 0, 0, 0
29818, 1, 1636474842116, 1636474842725, 609, 262, 347, 0, 0, 0
29819, 1, 1636474842386, 1636474842997, 611, 262, 349, 0, 0, 0
29820, 1, 1636474843077, 1636474843689, 612, 263, 349, 1, 0, 1
29821, 1, 1636474843787, 1636474844401, 614, 263, 351, 0, 0, 0
29822, 1, 1636474843970, 1636474844581, 611, 263, 348, 0, 1, 1
29823, 1, 1636474843982, 1636474844593, 611, 262, 349, 0, 0, 0
29824, 1, 1636474844373, 1636474844985, 612, 262, 350, 0, 0, 0
29825, 1, 1636474845064, 1636474845677, 613, 262, 351, 0, 0, 0
29826, 1, 1636474845863, 1636474846468, 605, 258, 347, 0, 0, 0
29827, 1, 1636474845948, 1636474846561, 613, 263, 350, 0, 0, 0
29828, 1, 1636474845957, 1636474846569, 612, 263, 349, 1, 0, 1
29829, 1, 1636474846449, 1636474847061, 612, 263, 349, 0, 0, 0
29830, 1, 1636474847140, 1636474847753, 613, 263, 350, 1, 0, 1
29831, 1, 1636474847866, 1636474848477, 611, 263, 348, 0, 0, 0
29832, 1, 1636474847965, 1636474848585, 620, 262, 358, 0, 0, 0
29833, 1, 1636474848033, 1636474848645, 612, 262, 350, 0, 0, 0
29834, 1, 1636474848555, 1636474849165, 610, 263, 347, 0, 0, 0
29835, 1, 1636474849246, 1636474849857, 611, 263, 348, 0, 0, 0
29836, 1, 1636474849858, 1636474850477, 619, 270, 349, 0, 0, 0
29837, 1, 1636474850067, 1636474850677, 610, 262, 348, 0, 0, 0
29838, 1, 1636474850139, 1636474850753, 614, 262, 352, 0, 0, 0
29839, 1, 1636474850547, 1636474851157, 610, 262, 348, 0, 0, 0
29840, 1, 1636474851238, 1636474851849, 611, 262, 349, 0, 0, 0
29841, 1, 1636474851751, 1636474852361, 610, 263, 347, 1, 0, 1
29842, 1, 1636474852054, 1636474852665, 611, 263, 348, 0, 1, 1
29843, 1, 1636474852131, 1636474852745, 614, 263, 351, 0, 0, 0
29844, 1, 1636474852440, 1636474853053, 613, 262, 351, 0, 0, 0
29845, 1, 1636474853131, 1636474853741, 610, 263, 347, 0, 0, 0
29846, 1, 1636474853791, 1636474854401, 610, 259, 351, 0, 0, 0
29847, 1, 1636474854024, 1636474854637, 613, 262, 351, 0, 0, 0
29848, 1, 1636474854130, 1636474854749, 619, 271, 348, 1, 0, 1
29849, 1, 1636474854480, 1636474855093, 613, 267, 346, 0, 0, 0
29850, 1, 1636474855171, 1636474855781, 610, 262, 348, 0, 0, 0
29851, 1, 1636474855819, 1636474856425, 606, 259, 347, 0, 1, 1
29852, 1, 1636474856064, 1636474856773, 709, 358, 351, 0, 0, 0
29853, 1, 1636474856236, 1636474856845, 609, 262, 347, 0, 0, 0
29854, 1, 1636474856508, 1636474857121, 613, 262, 351, 0, 0, 0
29855, 1, 1636474857199, 1636474857809, 610, 262, 348, 0, 0, 0
29856, 1, 1636474857858, 1636474858469, 611, 263, 348, 1, 0, 1
29857, 1, 1636474858161, 1636474858773, 612, 262, 350, 0, 0, 0
29858, 1, 1636474858171, 1636474858781, 610, 262, 348, 0, 0, 0
29859, 1, 1636474858535, 1636474859148, 613, 262, 351, 0, 0, 0
29860, 1, 1636474859226, 1636474859837, 611, 263, 348, 0, 0, 0
29861, 1, 1636474859807, 1636474860417, 610, 263, 347, 1, 0, 1
29862, 1, 1636474860064, 1636474860677, 613, 262, 351, 0, 0, 0
29863, 1, 1636474860188, 1636474860801, 613, 262, 351, 0, 0, 0
29864, 1, 1636474860484, 1636474861093, 609, 262, 347, 0, 0, 0
29865, 1, 1636474861175, 1636474861785, 610, 262, 348, 0, 0, 0
29866, 1, 1636474861807, 1636474862421, 614, 266, 348, 0, 0, 0
29867, 1, 1636474862103, 1636474862713, 610, 262, 348, 0, 0, 0
29868, 1, 1636474862147, 1636474862761, 614, 267, 347, 0, 1, 1
29869, 1, 1636474862611, 1636474863221, 610, 264, 346, 1, 0, 1
29870, 1, 1636474863175, 1636474863785, 610, 262, 348, 0, 0, 0
29871, 1, 1636474863813, 1636474864425, 612, 262, 350, 0, 0, 0
29872, 1, 1636474864108, 1636474864717, 609, 263, 346, 0, 0, 0
29873, 1, 1636474864148, 1636474864757, 609, 262, 347, 0, 0, 0
29874, 1, 1636474864617, 1636474865229, 612, 263, 349, 1, 0, 1
29875, 1, 1636474865181, 1636474865793, 612, 262, 350, 0, 0, 0
29876, 1, 1636474865898, 1636474866508, 610, 264, 346, 0, 0, 0
29878, 1, 1636474866153, 1636474866761, 608, 259, 349, 1, 1, 2
29877, 1, 1636474866147, 1636474866761, 614, 263, 351, 0, 0, 0
29879, 1, 1636474866702, 1636474867312, 610, 262, 348, 0, 0, 0
29880, 1, 1636474867265, 1636474867876, 611, 263, 348, 1, 0, 1
29881, 1, 1636474867876, 1636474868481, 605, 259, 346, 0, 1, 1
29882, 1, 1636474868096, 1636474868709, 613, 262, 351, 0, 0, 0
29883, 1, 1636474868234, 1636474868845, 611, 262, 349, 0, 0, 0
29884, 1, 1636474868680, 1636474869289, 609, 264, 345, 1, 0, 1
29885, 1, 1636474869244, 1636474869853, 609, 264, 345, 2, 0, 2
29886, 1, 1636474869946, 1636474870557, 611, 263, 348, 0, 0, 0
29887, 1, 1636474870097, 1636474870709, 612, 264, 348, 1, 0, 1
29888, 1, 1636474870212, 1636474870821, 609, 258, 351, 0, 0, 0
29889, 1, 1636474870750, 1636474871361, 611, 263, 348, 0, 0, 0
29890, 1, 1636474871314, 1636474871925, 611, 262, 349, 0, 0, 0
29891, 1, 1636474872017, 1636474872633, 616, 267, 349, 1, 0, 1
29892, 1, 1636474872103, 1636474872713, 610, 262, 348, 0, 0, 0
29893, 1, 1636474872282, 1636474872981, 699, 350, 349, 0, 0, 0
29894, 1, 1636474872820, 1636474873433, 613, 263, 350, 0, 0, 0
29895, 1, 1636474873384, 1636474874017, 633, 263, 370, 0, 0, 0
29896, 1, 1636474874145, 1636474874757, 612, 262, 350, 0, 0, 0
29897, 1, 1636474874188, 1636474874797, 609, 264, 345, 0, 0, 0
29898, 1, 1636474874354, 1636474874969, 615, 262, 353, 0, 0, 0
29899, 1, 1636474874949, 1636474875560, 611, 263, 348, 1, 0, 1
29900, 1, 1636474875515, 1636474876129, 614, 262, 352, 0, 0, 0
29901, 1, 1636474876146, 1636474876757, 611, 262, 349, 0, 0, 0
29902, 1, 1636474876280, 1636474876889, 609, 263, 346, 0, 0, 0
29903, 1, 1636474876483, 1636474877097, 614, 262, 352, 0, 0, 0
29904, 1, 1636474877083, 1636474877693, 610, 262, 348, 0, 0, 0
29905, 1, 1636474877649, 1636474878256, 607, 260, 347, 0, 1, 1
29906, 1, 1636474878207, 1636474878817, 610, 262, 348, 0, 0, 0
29907, 1, 1636474878255, 1636474878865, 610, 263, 347, 1, 0, 1
29908, 1, 1636474878617, 1636474879229, 612, 262, 350, 0, 0, 0
29909, 1, 1636474879058, 1636474879669, 611, 263, 348, 0, 0, 0
29910, 1, 1636474879624, 1636474880241, 617, 262, 355, 0, 0, 0
29911, 1, 1636474880277, 1636474880889, 612, 263, 349, 1, 0, 1
29912, 1, 1636474880290, 1636474880904, 614, 262, 352, 0, 0, 0
29913, 1, 1636474880593, 1636474881205, 612, 262, 350, 0, 0, 0
29914, 1, 1636474881094, 1636474881705, 611, 263, 348, 1, 0, 1
29915, 1, 1636474881659, 1636474882269, 610, 262, 348, 0, 0, 0
29916, 1, 1636474882387, 1636474882997, 610, 263, 347, 0, 0, 0
29917, 1, 1636474882406, 1636474883021, 615, 263, 352, 0, 0, 0
29918, 1, 1636474882628, 1636474883241, 613, 262, 351, 0, 0, 0
29919, 1, 1636474883191, 1636474883801, 610, 262, 348, 0, 0, 0
29920, 1, 1636474883756, 1636474884389, 633, 262, 371, 0, 0, 0
29921, 1, 1636474884395, 1636474885009, 614, 262, 352, 0, 0, 0
29922, 1, 1636474884540, 1636474885149, 609, 262, 347, 0, 0, 0
29923, 1, 1636474884725, 1636474885337, 612, 262, 350, 0, 0, 0
29924, 1, 1636474885199, 1636474885813, 614, 266, 348, 0, 0, 0
29925, 1, 1636474885840, 1636474886448, 608, 259, 349, 0, 0, 0
29926, 1, 1636474886385, 1636474886997, 612, 264, 348, 1, 1, 2
29927, 1, 1636474886515, 1636474887129, 614, 262, 352, 0, 0, 0
29928, 1, 1636474886733, 1636474887345, 612, 263, 349, 0, 0, 0
29929, 1, 1636474887189, 1636474887801, 612, 262, 350, 0, 0, 0
29930, 1, 1636474887750, 1636474888361, 611, 263, 348, 1, 0, 1
29931, 1, 1636474888283, 1636474888893, 610, 263, 347, 0, 0, 0
29932, 1, 1636474888550, 1636474889165, 615, 268, 347, 1, 0, 1
29933, 1, 1636474888723, 1636474889333, 610, 262, 348, 0, 0, 0
29934, 1, 1636474889087, 1636474889697, 610, 262, 348, 0, 0, 0
29935, 1, 1636474889648, 1636474890253, 605, 259, 346, 0, 1, 1
29936, 1, 1636474890200, 1636474890809, 609, 263, 346, 0, 0, 0
29937, 1, 1636474890621, 1636474891233, 612, 262, 350, 0, 0, 0
29938, 1, 1636474890647, 1636474891257, 610, 263, 347, 1, 0, 1
29939, 1, 1636474891004, 1636474891617, 613, 262, 351, 0, 0, 0
29940, 1, 1636474891536, 1636474892153, 617, 262, 355, 0, 0, 0
29941, 1, 1636474892200, 1636474892809, 609, 262, 347, 0, 0, 0
29942, 1, 1636474892543, 1636474893161, 618, 267, 351, 1, 0, 1
29943, 1, 1636474892655, 1636474893265, 610, 263, 347, 1, 0, 1
29944, 1, 1636474892879, 1636474893489, 610, 263, 347, 1, 0, 1
29945, 1, 1636474893411, 1636474894021, 610, 262, 348, 0, 0, 0
29946, 1, 1636474894330, 1636474894941, 611, 263, 348, 0, 0, 0
29947, 1, 1636474894419, 1636474895029, 610, 262, 348, 0, 0, 0
29948, 1, 1636474894645, 1636474895253, 608, 260, 348, 0, 0, 0
29949, 1, 1636474894960, 1636474895569, 609, 262, 347, 0, 0, 0
29950, 1, 1636474895492, 1636474896105, 613, 263, 350, 1, 0, 1
29951, 1, 1636474896201, 1636474896813, 612, 262, 350, 0, 0, 0
29952, 1, 1636474896500, 1636474897113, 613, 262, 351, 0, 0, 0
29953, 1, 1636474896643, 1636474897256, 613, 264, 349, 1, 0, 1
29954, 1, 1636474896904, 1636474897513, 609, 262, 347, 0, 0, 0
29955, 1, 1636474897363, 1636474897973, 610, 262, 348, 0, 0, 0
29956, 1, 1636474898128, 1636474898736, 608, 262, 346, 0, 0, 0
29957, 1, 1636474898371, 1636474898981, 610, 262, 348, 0, 0, 0
29958, 1, 1636474898560, 1636474899169, 609, 262, 347, 0, 0, 0
29959, 1, 1636474898880, 1636474899493, 613, 263, 350, 1, 0, 1
29960, 1, 1636474899289, 1636474899901, 612, 263, 349, 0, 0, 0
29961, 1, 1636474900179, 1636474900789, 610, 264, 346, 1, 0, 1
29962, 1, 1636474900297, 1636474900908, 611, 262, 349, 0, 1, 1
29963, 1, 1636474900560, 1636474901173, 613, 267, 346, 0, 0, 0
29964, 1, 1636474900941, 1636474901553, 612, 262, 350, 0, 0, 0
29965, 1, 1636474901350, 1636474901961, 611, 262, 349, 0, 0, 0
29966, 1, 1636474902132, 1636474902741, 609, 262, 347, 0, 0, 0
29967, 1, 1636474902358, 1636474902969, 611, 263, 348, 0, 0, 0
29968, 1, 1636474902641, 1636474903257, 616, 263, 353, 1, 0, 1
29969, 1, 1636474902894, 1636474903505, 611, 263, 348, 0, 0, 0
29970, 1, 1636474903303, 1636474903913, 610, 262, 348, 0, 0, 0
29971, 1, 1636474904088, 1636474904697, 609, 263, 346, 0, 0, 0
29972, 1, 1636474904311, 1636474904933, 622, 266, 356, 6, 0, 6
29973, 1, 1636474904512, 1636474905129, 617, 263, 354, 0, 1, 1
29974, 1, 1636474904771, 1636474905381, 610, 262, 348, 0, 0, 0
29975, 1, 1636474905180, 1636474905789, 609, 262, 347, 0, 0, 0
29976, 1, 1636474906011, 1636474906621, 610, 262, 348, 0, 0, 0
29977, 1, 1636474906211, 1636474906821, 610, 262, 348, 0, 0, 0
29978, 1, 1636474906438, 1636474907053, 615, 266, 349, 0, 0, 0
29979, 1, 1636474906663, 1636474907273, 610, 263, 347, 1, 0, 1
29980, 1, 1636474907103, 1636474907713, 610, 262, 348, 0, 0, 0
29981, 1, 1636474908103, 1636474908713, 610, 262, 348, 1, 0, 1
29982, 1, 1636474908146, 1636474909061, 915, 567, 348, 0, 1, 1
29983, 1, 1636474908499, 1636474909113, 614, 266, 348, 0, 0, 0
29984, 1, 1636474908798, 1636474909413, 615, 267, 348, 0, 0, 0
29985, 1, 1636474909238, 1636474909853, 615, 263, 352, 0, 0, 0
29986, 1, 1636474910200, 1636474910805, 605, 259, 346, 0, 0, 0
29987, 1, 1636474910238, 1636474910857, 619, 266, 353, 0, 0, 0
29988, 1, 1636474910452, 1636474911061, 609, 263, 346, 0, 0, 0
29989, 1, 1636474910888, 1636474911501, 613, 262, 351, 0, 0, 0
29990, 1, 1636474911328, 1636474911937, 609, 262, 347, 0, 0, 0
29991, 1, 1636474912292, 1636474912901, 609, 263, 346, 1, 0, 1
29992, 1, 1636474912328, 1636474912941, 613, 262, 351, 0, 0, 0
29993, 1, 1636474912408, 1636474913021, 613, 267, 346, 0, 0, 0
29994, 1, 1636474912963, 1636474913573, 610, 262, 348, 0, 0, 0
29995, 1, 1636474913420, 1636474914029, 609, 263, 346, 1, 0, 1
29996, 1, 1636474914279, 1636474914889, 610, 262, 348, 0, 0, 0
29997, 1, 1636474914300, 1636474914908, 608, 263, 345, 0, 0, 0
29998, 1, 1636474914403, 1636474915013, 610, 262, 348, 0, 0, 0
29999, 1, 1636474914939, 1636474915549, 610, 263, 347, 0, 0, 0
30000, 1, 1636474915407, 1636474916017, 610, 262, 348, 0, 0, 0
30001, 1, 1636474916301, 1636474916912, 611, 263, 348, 0, 0, 0
30002, 1, 1636474916337, 1636474916949, 612, 263, 349, 1, 0, 1
30003, 1, 1636474916379, 1636474916989, 610, 262, 348, 0, 0, 0
30004, 1, 1636474916961, 1636474917577, 616, 266, 350, 0, 0, 0
30005, 1, 1636474917429, 1636474918041, 612, 262, 350, 0, 0, 0
30006, 1, 1636474918200, 1636474918809, 609, 262, 347, 0, 0, 0
30007, 1, 1636474918401, 1636474919013, 612, 262, 350, 0, 0, 0
30008, 1, 1636474918427, 1636474919040, 613, 262, 351, 0, 0, 0
30009, 1, 1636474918860, 1636474919473, 613, 262, 351, 0, 0, 0
30010, 1, 1636474919328, 1636474919941, 613, 262, 351, 0, 0, 0
30011, 1, 1636474920300, 1636474920917, 617, 262, 355, 0, 0, 0
30012, 1, 1636474920315, 1636474920933, 618, 266, 352, 0, 0, 0
30013, 1, 1636474920502, 1636474921112, 610, 263, 347, 1, 1, 2
30014, 1, 1636474920955, 1636474921565, 610, 263, 347, 0, 0, 0
30015, 1, 1636474921423, 1636474922029, 606, 263, 343, 1, 0, 1
30016, 1, 1636474922307, 1636474922917, 610, 262, 348, 0, 0, 0
30017, 1, 1636474922395, 1636474923005, 610, 264, 346, 2, 1, 3
30018, 1, 1636474922478, 1636474923092, 614, 262, 352, 0, 0, 0
30019, 1, 1636474922947, 1636474923557, 610, 262, 348, 0, 0, 0
30020, 1, 1636474923350, 1636474923961, 611, 262, 349, 0, 0, 0
30021, 1, 1636474924363, 1636474924973, 610, 263, 347, 0, 0, 0
30022, 1, 1636474924387, 1636474925005, 618, 262, 356, 0, 0, 0
30023, 1, 1636474924500, 1636474925113, 613, 262, 351, 0, 0, 0
30024, 1, 1636474925003, 1636474925613, 610, 262, 348, 0, 0, 0
30025, 1, 1636474925406, 1636474926017, 611, 258, 353, 0, 0, 0
30026, 1, 1636474926399, 1636474927009, 610, 263, 347, 1, 0, 1
30027, 1, 1636474926426, 1636474927037, 611, 262, 349, 0, 0, 0
30028, 1, 1636474926443, 1636474927057, 614, 263, 351, 0, 1, 1
30029, 1, 1636474927066, 1636474927681, 615, 266, 349, 0, 0, 0
30030, 1, 1636474927469, 1636474928081, 612, 259, 353, 0, 0, 0
30031, 1, 1636474928337, 1636474928957, 620, 268, 352, 2, 0, 2
30032, 1, 1636474928494, 1636474929105, 611, 263, 348, 1, 0, 1
30033, 1, 1636474928506, 1636474929112, 606, 258, 348, 0, 0, 0
30034, 1, 1636474928977, 1636474929589, 612, 263, 349, 0, 0, 0
30035, 1, 1636474929380, 1636474929989, 609, 263, 346, 0, 0, 0
30036, 1, 1636474930261, 1636474930873, 612, 263, 349, 1, 0, 1
30037, 1, 1636474930384, 1636474930989, 605, 262, 343, 0, 0, 0
30038, 1, 1636474930486, 1636474931096, 610, 263, 347, 1, 0, 1
30039, 1, 1636474930937, 1636474931549, 612, 263, 349, 1, 0, 1
30040, 1, 1636474931344, 1636474931957, 613, 262, 351, 0, 0, 0
30041, 1, 1636474932172, 1636474932781, 609, 262, 347, 0, 0, 0
30042, 1, 1636474932348, 1636474932961, 613, 262, 351, 0, 0, 0
30043, 1, 1636474932542, 1636474933156, 614, 262, 352, 0, 0, 0
30044, 1, 1636474932848, 1636474933461, 613, 262, 351, 0, 0, 0
30045, 1, 1636474933255, 1636474933869, 614, 266, 348, 0, 0, 0
30046, 1, 1636474934103, 1636474934713, 610, 264, 346, 0, 0, 0
30047, 1, 1636474934259, 1636474934873, 614, 262, 352, 0, 0, 0
30048, 1, 1636474934605, 1636474935224, 619, 266, 353, 0, 0, 0
30049, 1, 1636474934817, 1636474935429, 612, 262, 350, 0, 0, 0
30050, 1, 1636474935224, 1636474935833, 609, 262, 347, 0, 0, 0
30051, 1, 1636474936041, 1636474936653, 612, 263, 349, 0, 0, 0
30052, 1, 1636474936228, 1636474936848, 620, 266, 354, 0, 0, 0
30053, 1, 1636474936565, 1636474937177, 612, 263, 349, 0, 0, 0
30054, 1, 1636474936755, 1636474937365, 610, 262, 348, 0, 0, 0
30055, 1, 1636474937134, 1636474937745, 611, 263, 348, 0, 1, 1
30056, 1, 1636474938042, 1636474938653, 611, 262, 349, 0, 0, 0
30057, 1, 1636474938107, 1636474938717, 610, 263, 347, 1, 0, 1
30058, 1, 1636474938524, 1636474939136, 612, 262, 350, 0, 0, 0
30059, 1, 1636474938757, 1636474939369, 612, 262, 350, 0, 0, 0
30060, 1, 1636474939136, 1636474939749, 613, 262, 351, 0, 0, 0
30061, 1, 1636474940014, 1636474940625, 611, 263, 348, 0, 0, 0
30062, 1, 1636474940109, 1636474940721, 612, 263, 349, 0, 0, 0
30063, 1, 1636474940436, 1636474941045, 609, 263, 346, 0, 0, 0
30064, 1, 1636474940728, 1636474941341, 613, 263, 350, 1, 0, 1
30065, 1, 1636474941107, 1636474941717, 610, 262, 348, 0, 0, 0
30066, 1, 1636474942016, 1636474942625, 609, 263, 346, 0, 1, 1
30067, 1, 1636474942080, 1636474942697, 617, 267, 350, 1, 0, 1
30068, 1, 1636474942367, 1636474942977, 610, 264, 346, 1, 0, 1
30069, 1, 1636474942730, 1636474943345, 615, 267, 348, 0, 0, 0
30070, 1, 1636474943109, 1636474943725, 616, 263, 353, 1, 0, 1
30071, 1, 1636474944059, 1636474944669, 610, 264, 346, 1, 0, 1
30072, 1, 1636474944082, 1636474944693, 611, 262, 349, 0, 0, 0
30073, 1, 1636474944305, 1636474944917, 612, 264, 348, 1, 0, 1
30074, 1, 1636474944786, 1636474945401, 615, 266, 349, 0, 0, 0
30075, 1, 1636474945165, 1636474945777, 612, 263, 349, 1, 0, 1
30076, 1, 1636474946138, 1636474946753, 615, 267, 348, 0, 0, 0
30077, 1, 1636474946177, 1636474946789, 612, 264, 348, 1, 0, 1
30078, 1, 1636474946307, 1636474946916, 609, 262, 347, 0, 0, 0
30079, 1, 1636474946904, 1636474947513, 609, 262, 347, 0, 0, 0
30080, 1, 1636474947283, 1636474947893, 610, 262, 348, 0, 0, 0
30081, 1, 1636474948256, 1636474948869, 613, 263, 350, 1, 0, 1
30082, 1, 1636474948278, 1636474948889, 611, 263, 348, 1, 0, 1
30083, 1, 1636474948286, 1636474948897, 611, 264, 347, 1, 0, 1
30084, 1, 1636474948991, 1636474949601, 610, 262, 348, 0, 0, 0
30085, 1, 1636474949392, 1636474950005, 613, 262, 351, 0, 0, 0
30086, 1, 1636474950280, 1636474950889, 609, 262, 347, 0, 0, 0
30087, 1, 1636474950365, 1636474950977, 612, 262, 350, 0, 0, 0
30088, 1, 1636474950400, 1636474951017, 617, 263, 354, 1, 0, 1
30089, 1, 1636474951105, 1636474951717, 612, 262, 350, 0, 0, 0
30090, 1, 1636474951506, 1636474952117, 611, 263, 348, 0, 0, 0
30091, 1, 1636474952323, 1636474952933, 610, 263, 347, 0, 1, 1
30093, 1, 1636474952479, 1636474953085, 606, 259, 347, 0, 0, 0
30092, 1, 1636474952473, 1636474953085, 612, 262, 350, 0, 0, 0
30094, 1, 1636474953178, 1636474953789, 611, 262, 349, 0, 0, 0
30095, 1, 1636474953579, 1636474954189, 610, 262, 348, 0, 0, 0
30096, 1, 1636474954441, 1636474955053, 612, 263, 349, 1, 1, 2
30097, 1, 1636474954513, 1636474955124, 611, 262, 349, 0, 0, 0
30098, 1, 1636474956550, 1636474957161, 611, 262, 349, 0, 0, 0
30099, 1, 1636474958664, 1636474959273, 609, 262, 347, 0, 0, 0
30100, 1, 1636474960698, 1636474961309, 611, 262, 349, 0, 0, 0
30101, 1, 1636476042428, 1636476043041, 613, 263, 350, 1, 0, 1
30102, 1, 1636476043260, 1636476043873, 613, 262, 351, 0, 0, 0
30103, 1, 1636476043352, 1636476044221, 869, 523, 346, 1, 0, 1
30104, 1, 1636476044024, 1636476044637, 613, 262, 351, 0, 0, 0
30105, 1, 1636476044403, 1636476045017, 614, 262, 352, 0, 0, 0
30106, 1, 1636476046363, 1636476046973, 610, 263, 347, 0, 0, 0
30107, 1, 1636476047195, 1636476047805, 610, 262, 348, 0, 0, 0
30108, 1, 1636476047246, 1636476048157, 911, 554, 357, 0, 0, 0
30109, 1, 1636476047960, 1636476048569, 609, 263, 346, 0, 0, 0
30110, 1, 1636476048338, 1636476048961, 623, 274, 349, 0, 0, 0
30111, 1, 1636476050322, 1636476050933, 611, 263, 348, 0, 0, 0
30112, 1, 1636476050989, 1636476051601, 612, 264, 348, 1, 0, 1
30113, 1, 1636476051154, 1636476051949, 795, 446, 349, 0, 0, 0
30114, 1, 1636476051849, 1636476052461, 612, 263, 349, 0, 0, 0
30115, 1, 1636476052291, 1636476052901, 610, 262, 348, 0, 0, 0
30116, 1, 1636476054616, 1636476055229, 613, 262, 351, 0, 0, 0
30117, 1, 1636476055283, 1636476055897, 614, 263, 351, 1, 0, 1
30118, 1, 1636476055296, 1636476056245, 949, 598, 351, 0, 0, 0
30119, 1, 1636476056143, 1636476056753, 610, 262, 348, 0, 0, 0
30120, 1, 1636476056585, 1636476057197, 612, 262, 350, 0, 0, 0
30121, 1, 1636476058662, 1636476059277, 615, 262, 353, 0, 0, 0
30122, 1, 1636476059329, 1636476059941, 612, 264, 348, 1, 0, 1
30123, 1, 1636476059449, 1636476060289, 840, 490, 350, 0, 0, 0
30124, 1, 1636476060189, 1636476060801, 612, 262, 350, 0, 0, 0
30125, 1, 1636476060631, 1636476061241, 610, 262, 348, 0, 0, 0
30126, 1, 1636476062484, 1636476063101, 617, 263, 354, 1, 0, 1
30127, 1, 1636476063151, 1636476063761, 610, 262, 348, 0, 0, 0
30128, 1, 1636476063447, 1636476064108, 661, 315, 346, 0, 0, 0
30129, 1, 1636476064011, 1636476064620, 609, 263, 346, 1, 0, 1
30130, 1, 1636476064453, 1636476065065, 612, 263, 349, 0, 1, 1
30131, 1, 1636476066550, 1636476067157, 607, 262, 345, 0, 0, 0
30132, 1, 1636476067217, 1636476067829, 612, 263, 349, 0, 0, 0
30133, 1, 1636476067675, 1636476068293, 618, 266, 352, 0, 0, 0
30134, 1, 1636476068076, 1636476068689, 613, 264, 349, 0, 0, 0
30135, 1, 1636476068519, 1636476069129, 610, 262, 348, 0, 0, 0
30136, 1, 1636476070579, 1636476071189, 610, 263, 347, 0, 0, 0
30137, 1, 1636476071490, 1636476072093, 603, 258, 345, 0, 0, 0
30138, 1, 1636476071948, 1636476072557, 609, 258, 351, 0, 0, 0
30139, 1, 1636476072350, 1636476072965, 615, 263, 352, 1, 0, 1
30140, 1, 1636476072792, 1636476073401, 609, 263, 346, 0, 0, 0
30141, 1, 1636476074730, 1636476075341, 611, 262, 349, 0, 0, 0
30142, 1, 1636476075809, 1636476076421, 612, 262, 350, 0, 0, 0
30143, 1, 1636476076267, 1636476076877, 610, 262, 348, 0, 0, 0
30144, 1, 1636476076501, 1636476077225, 724, 377, 347, 1, 0, 1
30145, 1, 1636476077111, 1636476077721, 610, 262, 348, 0, 0, 0
30146, 1, 1636476078815, 1636476079425, 610, 262, 348, 0, 0, 0
30147, 1, 1636476079894, 1636476080505, 611, 262, 349, 0, 0, 0
30148, 1, 1636476080352, 1636476080969, 617, 262, 355, 0, 0, 0
30149, 1, 1636476080729, 1636476081341, 612, 262, 350, 0, 0, 0
30150, 1, 1636476081196, 1636476081809, 613, 262, 351, 0, 0, 0
30151, 1, 1636476082506, 1636476083116, 610, 263, 347, 0, 0, 0
30152, 1, 1636476083585, 1636476084197, 612, 263, 349, 1, 0, 1
30153, 1, 1636476084043, 1636476084657, 614, 266, 348, 0, 0, 0
30154, 1, 1636476084420, 1636476085029, 609, 262, 347, 0, 0, 0
30155, 1, 1636476084887, 1636476085497, 610, 262, 348, 0, 0, 0
30156, 1, 1636476086434, 1636476087045, 611, 262, 349, 0, 0, 0
30157, 1, 1636476087513, 1636476088125, 612, 262, 350, 0, 0, 0
30158, 1, 1636476087971, 1636476088585, 614, 262, 352, 0, 0, 0
30159, 1, 1636476088249, 1636476088937, 688, 334, 354, 0, 0, 0
30160, 1, 1636476088815, 1636476089425, 610, 262, 348, 0, 0, 0
30161, 1, 1636476090153, 1636476090765, 612, 264, 348, 1, 0, 1
30162, 1, 1636476091232, 1636476091841, 609, 262, 347, 0, 0, 0
30163, 1, 1636476091690, 1636476092301, 611, 262, 349, 0, 0, 0
30164, 1, 1636476092067, 1636476092677, 610, 262, 348, 0, 0, 0
30165, 1, 1636476092534, 1636476093145, 611, 262, 349, 0, 0, 0
30166, 1, 1636476094473, 1636476095085, 612, 258, 354, 0, 0, 0
30167, 1, 1636476095292, 1636476095917, 625, 263, 362, 0, 0, 0
30168, 1, 1636476096010, 1636476096621, 611, 262, 349, 0, 0, 0
30169, 1, 1636476096387, 1636476097001, 614, 263, 351, 0, 0, 0
30170, 1, 1636476096854, 1636476097469, 615, 263, 352, 0, 0, 0
30171, 1, 1636476098173, 1636476098789, 616, 267, 349, 0, 0, 0
30172, 1, 1636476098958, 1636476099564, 606, 259, 347, 0, 0, 0
30173, 1, 1636476099710, 1636476100321, 611, 262, 349, 0, 0, 0
30174, 1, 1636476100087, 1636476100693, 606, 258, 348, 0, 0, 0
30175, 1, 1636476100554, 1636476101165, 611, 263, 348, 0, 1, 1
30176, 1, 1636476102208, 1636476102817, 609, 262, 347, 0, 0, 0
30177, 1, 1636476103171, 1636476103781, 610, 263, 347, 0, 0, 0
30178, 1, 1636476103745, 1636476104361, 616, 268, 348, 2, 0, 2
30179, 1, 1636476104300, 1636476104905, 605, 263, 342, 0, 0, 0
30180, 1, 1636476104589, 1636476105253, 664, 314, 350, 0, 0, 0
30181, 1, 1636476106008, 1636476106621, 613, 262, 351, 0, 0, 0
30182, 1, 1636476107034, 1636476107645, 611, 262, 349, 0, 0, 0
30183, 1, 1636476107608, 1636476108217, 609, 263, 346, 0, 0, 0
30184, 1, 1636476108100, 1636476108717, 617, 262, 355, 0, 0, 0
30185, 1, 1636476108548, 1636476109161, 613, 262, 351, 0, 0, 0
30186, 1, 1636476109775, 1636476110385, 610, 262, 348, 0, 0, 0
30187, 1, 1636476110800, 1636476111405, 605, 258, 347, 0, 0, 0
30188, 1, 1636476111273, 1636476111889, 616, 266, 350, 0, 0, 0
30189, 1, 1636476111866, 1636476112477, 611, 262, 349, 0, 0, 0
30190, 1, 1636476112314, 1636476112941, 627, 266, 361, 0, 0, 0
30191, 1, 1636476114081, 1636476114709, 628, 278, 350, 0, 0, 0
30192, 1, 1636476115025, 1636476115637, 612, 263, 349, 1, 0, 1
30193, 1, 1636476115579, 1636476116193, 614, 266, 348, 0, 0, 0
30194, 1, 1636476116172, 1636476116780, 608, 262, 346, 0, 0, 0
30195, 1, 1636476116639, 1636476117249, 610, 262, 348, 0, 0, 0
30196, 1, 1636476118156, 1636476118765, 609, 262, 347, 0, 0, 0
30197, 1, 1636476119137, 1636476119761, 624, 274, 350, 0, 0, 0
30198, 1, 1636476119691, 1636476120301, 610, 263, 347, 0, 0, 0
30199, 1, 1636476120266, 1636476120873, 607, 258, 349, 0, 0, 0
30200, 1, 1636476120751, 1636476121361, 610, 262, 348, 0, 0, 0
30201, 1, 1636476122134, 1636476122745, 611, 262, 349, 0, 0, 0
30202, 1, 1636476122888, 1636476123497, 609, 262, 347, 0, 0, 0
30203, 1, 1636476123365, 1636476123977, 612, 262, 350, 0, 0, 0
30204, 1, 1636476124244, 1636476124849, 605, 263, 342, 1, 0, 1
30205, 1, 1636476124425, 1636476125197, 772, 422, 350, 0, 0, 0
30206, 1, 1636476125950, 1636476126561, 611, 262, 349, 0, 0, 0
30207, 1, 1636476126639, 1636476127249, 610, 262, 348, 0, 0, 0
30208, 1, 1636476127181, 1636476127796, 615, 263, 352, 0, 0, 0
30209, 1, 1636476127995, 1636476128613, 618, 270, 348, 0, 0, 0
30210, 1, 1636476128307, 1636476128961, 654, 306, 348, 0, 0, 0
30211, 1, 1636476129743, 1636476130365, 622, 267, 355, 0, 0, 0
30212, 1, 1636476130432, 1636476131045, 613, 262, 351, 0, 0, 0
30213, 1, 1636476130974, 1636476131585, 611, 262, 349, 0, 0, 0
30214, 1, 1636476131788, 1636476132397, 609, 263, 346, 0, 0, 0
30215, 1, 1636476132000, 1636476132745, 745, 394, 351, 0, 0, 0
30216, 1, 1636476133445, 1636476134057, 612, 262, 350, 0, 0, 0
30217, 1, 1636476134160, 1636476134768, 608, 262, 346, 0, 0, 0
30218, 1, 1636476134702, 1636476135317, 615, 266, 349, 0, 0, 0
30219, 1, 1636476135554, 1636476136165, 611, 263, 348, 1, 0, 1
30220, 1, 1636476135689, 1636476136517, 828, 474, 354, 0, 0, 0
30221, 1, 1636476137679, 1636476138285, 606, 259, 347, 0, 0, 0
30222, 1, 1636476138480, 1636476139093, 613, 267, 346, 1, 0, 1
30223, 1, 1636476138936, 1636476139548, 612, 262, 350, 0, 0, 0
30224, 1, 1636476139788, 1636476140409, 621, 270, 351, 0, 0, 0
30225, 1, 1636476139962, 1636476140757, 795, 446, 349, 0, 0, 0
30226, 1, 1636476142015, 1636476142625, 610, 262, 348, 0, 0, 0
30227, 1, 1636476142735, 1636476143349, 614, 262, 352, 0, 0, 0
30228, 1, 1636476143191, 1636476143805, 614, 262, 352, 0, 0, 0
30229, 1, 1636476144016, 1636476144629, 613, 267, 346, 0, 0, 0
30230, 1, 1636476144241, 1636476144976, 735, 386, 349, 0, 0, 0
30231, 1, 1636476145862, 1636476146477, 615, 263, 352, 1, 0, 1
30232, 1, 1636476146582, 1636476147193, 611, 264, 347, 0, 0, 0
30233, 1, 1636476147038, 1636476147653, 615, 262, 353, 0, 0, 0
30234, 1, 1636476147863, 1636476148477, 614, 266, 348, 0, 0, 0
30235, 1, 1636476148204, 1636476148825, 621, 270, 351, 0, 0, 0
30236, 1, 1636476149593, 1636476150205, 612, 263, 349, 1, 0, 1
30237, 1, 1636476150313, 1636476150925, 612, 262, 350, 0, 0, 0
30238, 1, 1636476150769, 1636476151381, 612, 263, 349, 0, 0, 0
30239, 1, 1636476151594, 1636476152205, 611, 263, 348, 1, 0, 1
30240, 1, 1636476151978, 1636476152589, 611, 262, 349, 0, 0, 0
30241, 1, 1636476153607, 1636476154217, 610, 263, 347, 0, 0, 0
30242, 1, 1636476154327, 1636476154937, 610, 263, 347, 0, 0, 0
30243, 1, 1636476154783, 1636476155393, 610, 262, 348, 0, 0, 0
30244, 1, 1636476155608, 1636476156217, 609, 262, 347, 0, 0, 0
30245, 1, 1636476155992, 1636476156601, 609, 262, 347, 0, 0, 0
30246, 1, 1636476157685, 1636476158297, 612, 263, 349, 0, 0, 0
30247, 1, 1636476158405, 1636476159017, 612, 263, 349, 1, 0, 1
30248, 1, 1636476158861, 1636476159473, 612, 262, 350, 0, 0, 0
30249, 1, 1636476159874, 1636476160489, 615, 262, 353, 0, 0, 0
30250, 1, 1636476160258, 1636476160872, 614, 266, 348, 0, 0, 0
30251, 1, 1636476161356, 1636476161969, 613, 263, 350, 0, 0, 0
30252, 1, 1636476162076, 1636476162689, 613, 262, 351, 0, 0, 0
30253, 1, 1636476162532, 1636476163149, 617, 266, 351, 0, 0, 0
30254, 1, 1636476163545, 1636476164157, 612, 263, 349, 0, 0, 0
30255, 1, 1636476163929, 1636476164540, 611, 262, 349, 0, 0, 0
30256, 1, 1636476165166, 1636476165777, 611, 262, 349, 0, 0, 0
30257, 1, 1636476165886, 1636476166497, 611, 262, 349, 0, 0, 0
30258, 1, 1636476166342, 1636476166953, 611, 262, 349, 0, 0, 0
30259, 1, 1636476167355, 1636476167969, 614, 267, 347, 1, 0, 1
30260, 1, 1636476167739, 1636476168349, 610, 262, 348, 0, 0, 0
30261, 1, 1636476168899, 1636476169509, 610, 262, 348, 0, 0, 0
30262, 1, 1636476169619, 1636476170229, 610, 263, 347, 1, 0, 1
30263, 1, 1636476170075, 1636476170685, 610, 262, 348, 0, 0, 0
30264, 1, 1636476171088, 1636476171696, 608, 264, 344, 0, 0, 0
30265, 1, 1636476171472, 1636476172085, 613, 262, 351, 0, 0, 0
30266, 1, 1636476173160, 1636476173773, 613, 262, 351, 0, 0, 0
30267, 1, 1636476173880, 1636476174489, 609, 262, 347, 0, 0, 0
30268, 1, 1636476174336, 1636476174949, 613, 262, 351, 0, 0, 0
30269, 1, 1636476175329, 1636476175941, 612, 263, 349, 0, 0, 0
30270, 1, 1636476175733, 1636476176353, 620, 270, 350, 0, 0, 0
30271, 1, 1636476177160, 1636476177773, 613, 262, 351, 0, 0, 0
30272, 1, 1636476177793, 1636476178405, 612, 262, 350, 0, 0, 0
30273, 1, 1636476178336, 1636476178949, 613, 262, 351, 0, 0, 0
30274, 1, 1636476179329, 1636476179941, 612, 263, 349, 1, 0, 1
30275, 1, 1636476179429, 1636476180289, 860, 510, 350, 0, 0, 0
30276, 1, 1636476181482, 1636476182097, 615, 264, 351, 0, 0, 0
30277, 1, 1636476182115, 1636476182729, 614, 263, 351, 0, 0, 0
30278, 1, 1636476182658, 1636476183269, 611, 262, 349, 0, 0, 0
30279, 1, 1636476183429, 1636476184045, 616, 266, 350, 0, 1, 1
30280, 1, 1636476183651, 1636476184393, 742, 394, 348, 0, 0, 0
30281, 1, 1636476185302, 1636476185913, 611, 264, 347, 1, 0, 1
30282, 1, 1636476185935, 1636476186545, 610, 262, 348, 0, 0, 0
30283, 1, 1636476186478, 1636476187089, 611, 263, 348, 1, 0, 1
30284, 1, 1636476187249, 1636476187861, 612, 262, 350, 0, 0, 0
30285, 1, 1636476187575, 1636476188209, 634, 287, 347, 0, 0, 0
30286, 1, 1636476189233, 1636476189845, 612, 264, 348, 0, 1, 1
30287, 1, 1636476189866, 1636476190481, 615, 266, 349, 0, 0, 0
30288, 1, 1636476190409, 1636476191020, 611, 262, 349, 0, 0, 0
30289, 1, 1636476191180, 1636476191793, 613, 262, 351, 0, 0, 0
30290, 1, 1636476191490, 1636476192141, 651, 300, 351, 1, 1, 2
30291, 1, 1636476193416, 1636476194029, 613, 262, 351, 0, 0, 0
30292, 1, 1636476194049, 1636476194656, 607, 262, 345, 0, 0, 0
30293, 1, 1636476194592, 1636476195192, 600, 259, 341, 0, 0, 0
30294, 1, 1636476195363, 1636476195973, 610, 262, 348, 0, 0, 0
30295, 1, 1636476195815, 1636476196425, 610, 263, 347, 0, 0, 0
30296, 1, 1636476197509, 1636476198117, 608, 260, 348, 0, 0, 0
30297, 1, 1636476198217, 1636476198829, 612, 264, 348, 0, 1, 1
30298, 1, 1636476198759, 1636476199369, 610, 263, 347, 1, 0, 1
30299, 1, 1636476199456, 1636476200069, 613, 262, 351, 0, 0, 0
30300, 1, 1636476199908, 1636476200517, 609, 262, 347, 0, 0, 0
30301, 1, 1636476201593, 1636476202205, 612, 263, 349, 0, 0, 0
30302, 1, 1636476202411, 1636476203021, 610, 262, 348, 0, 0, 0
30303, 1, 1636476202844, 1636476203457, 613, 258, 355, 0, 0, 0
30304, 1, 1636476203650, 1636476204265, 615, 262, 353, 0, 0, 0
30305, 1, 1636476203992, 1636476204609, 617, 271, 346, 0, 0, 0
30306, 1, 1636476205263, 1636476205873, 610, 263, 347, 1, 0, 1
30307, 1, 1636476206081, 1636476206689, 608, 263, 345, 1, 0, 1
30308, 1, 1636476206514, 1636476207129, 615, 266, 349, 0, 0, 0
30309, 1, 1636476207320, 1636476207933, 613, 262, 351, 0, 0, 0
30310, 1, 1636476207662, 1636476208281, 619, 270, 349, 0, 0, 0
30311, 1, 1636476209199, 1636476209813, 614, 263, 351, 0, 0, 0
30312, 1, 1636476209750, 1636476210369, 619, 270, 349, 0, 0, 0
30313, 1, 1636476210450, 1636476211061, 611, 262, 349, 0, 0, 0
30314, 1, 1636476211256, 1636476211869, 613, 262, 351, 0, 0, 0
30315, 1, 1636476211598, 1636476212217, 619, 271, 348, 0, 0, 0
30316, 1, 1636476213316, 1636476213929, 613, 262, 351, 0, 0, 0
30317, 1, 1636476213867, 1636476214481, 614, 262, 352, 0, 0, 0
30318, 1, 1636476214567, 1636476215185, 618, 266, 352, 0, 0, 0
30319, 1, 1636476215373, 1636476215981, 608, 262, 346, 0, 0, 0
30320, 1, 1636476215715, 1636476216329, 614, 268, 346, 0, 0, 0
30321, 1, 1636476217405, 1636476218017, 612, 258, 354, 0, 1, 1
30322, 1, 1636476217956, 1636476218565, 609, 264, 345, 1, 0, 1
30323, 1, 1636476218656, 1636476219269, 613, 262, 351, 0, 0, 0
30324, 1, 1636476219566, 1636476220177, 611, 262, 349, 0, 0, 0
30325, 1, 1636476219804, 1636476220524, 720, 375, 345, 0, 0, 0
30326, 1, 1636476221088, 1636476221697, 609, 262, 347, 0, 0, 0
30327, 1, 1636476221676, 1636476222285, 609, 262, 347, 0, 0, 0
30328, 1, 1636476222339, 1636476222949, 610, 262, 348, 0, 0, 0
30329, 1, 1636476223249, 1636476223861, 612, 263, 349, 1, 0, 1
30330, 1, 1636476223514, 1636476224209, 695, 347, 348, 1, 0, 1
30331, 1, 1636476225119, 1636476225729, 610, 262, 348, 0, 0, 0
30332, 1, 1636476225707, 1636476226321, 614, 262, 352, 0, 0, 0
30333, 1, 1636476226425, 1636476227037, 612, 262, 350, 0, 0, 0
30334, 1, 1636476227335, 1636476227949, 614, 262, 352, 0, 0, 0
30335, 1, 1636476227831, 1636476228445, 614, 267, 347, 0, 0, 0
30336, 1, 1636476229245, 1636476229857, 612, 262, 350, 0, 0, 0
30337, 1, 1636476229833, 1636476230445, 612, 263, 349, 0, 0, 0
30338, 1, 1636476230551, 1636476231169, 618, 266, 352, 0, 0, 0
30339, 1, 1636476231461, 1636476232073, 612, 263, 349, 1, 0, 1
30340, 1, 1636476231957, 1636476232569, 612, 262, 350, 0, 0, 0
30341, 1, 1636476233025, 1636476233645, 620, 266, 354, 0, 0, 0
30342, 1, 1636476233613, 1636476234229, 616, 262, 354, 0, 0, 0
30343, 1, 1636476234331, 1636476234945, 614, 262, 352, 0, 0, 0
30344, 1, 1636476235241, 1636476235857, 616, 262, 354, 0, 0, 0
30345, 1, 1636476235737, 1636476236361, 624, 270, 354, 0, 0, 0
30346, 1, 1636476236777, 1636476237393, 616, 262, 354, 0, 0, 0
30347, 1, 1636476237344, 1636476237957, 613, 262, 351, 0, 0, 0
30348, 1, 1636476238062, 1636476238681, 619, 262, 357, 0, 0, 0
30349, 1, 1636476238972, 1636476239588, 616, 264, 352, 1, 0, 1
30350, 1, 1636476239489, 1636476240105, 616, 266, 350, 0, 0, 0
30351, 1, 1636476240913, 1636476241525, 612, 263, 349, 0, 0, 0
30352, 1, 1636476241480, 1636476242093, 613, 264, 349, 1, 0, 1
30353, 1, 1636476242198, 1636476242809, 611, 262, 349, 0, 0, 0
30354, 1, 1636476243108, 1636476243720, 612, 258, 354, 0, 0, 0
30355, 1, 1636476243624, 1636476244228, 604, 258, 346, 1, 0, 1
30356, 1, 1636476245016, 1636476245620, 604, 254, 350, 0, 0, 0
30357, 1, 1636476245584, 1636476246184, 600, 255, 345, 0, 0, 0
30358, 1, 1636476246302, 1636476246908, 606, 256, 350, 0, 1, 1
30359, 1, 1636476247211, 1636476247812, 601, 256, 345, 0, 2, 2
30360, 1, 1636476247880, 1636476248484, 604, 258, 346, 0, 0, 0
30361, 1, 1636476249317, 1636476249924, 607, 253, 354, 0, 0, 0
30362, 1, 1636476249883, 1636476250484, 601, 260, 341, 1, 1, 2
30363, 1, 1636476250601, 1636476251204, 603, 255, 348, 0, 2, 2
30364, 1, 1636476251511, 1636476252112, 601, 256, 345, 0, 3, 3
30365, 1, 1636476252180, 1636476252788, 608, 256, 352, 0, 3, 3
30366, 1, 1636476253235, 1636476253837, 602, 258, 344, 1, 3, 4
30367, 1, 1636476253802, 1636476254413, 611, 262, 349, 0, 0, 0
30368, 1, 1636476254521, 1636476255133, 612, 262, 350, 0, 0, 0
30369, 1, 1636476255431, 1636476256041, 610, 262, 348, 0, 0, 0
30370, 1, 1636476256099, 1636476256709, 610, 263, 347, 0, 0, 0
30371, 1, 1636476257494, 1636476258105, 611, 262, 349, 0, 0, 0
30372, 1, 1636476257975, 1636476258585, 610, 262, 348, 0, 0, 0
30373, 1, 1636476258693, 1636476259313, 620, 271, 349, 1, 0, 1
30374, 1, 1636476259603, 1636476260209, 606, 255, 351, 0, 1, 1
30375, 1, 1636476260358, 1636476260969, 611, 262, 349, 0, 0, 0
30376, 1, 1636476261772, 1636476262385, 613, 262, 351, 0, 0, 0
30377, 1, 1636476262253, 1636476262873, 620, 262, 358, 0, 0, 0
30378, 1, 1636476262723, 1636476263337, 614, 262, 352, 0, 0, 0
30379, 1, 1636476263843, 1636476264453, 610, 262, 348, 0, 0, 0
30380, 1, 1636476264636, 1636476265245, 609, 263, 346, 0, 0, 0
30381, 1, 1636476266105, 1636476266717, 612, 263, 349, 1, 0, 1
30382, 1, 1636476266306, 1636476267065, 759, 411, 348, 0, 0, 0
30383, 1, 1636476267056, 1636476267669, 613, 262, 351, 0, 0, 0
30384, 1, 1636476268176, 1636476268789, 613, 262, 351, 0, 0, 0
30385, 1, 1636476268715, 1636476269329, 614, 263, 351, 1, 0, 1
30386, 1, 1636476269927, 1636476270537, 610, 263, 347, 0, 0, 0
30387, 1, 1636476270134, 1636476270889, 755, 403, 352, 1, 0, 1
30388, 1, 1636476270878, 1636476271489, 611, 262, 349, 0, 0, 0
30389, 1, 1636476271998, 1636476272609, 611, 262, 349, 0, 0, 0
30390, 1, 1636476272537, 1636476273149, 612, 263, 349, 0, 0, 0
30391, 1, 1636476274264, 1636476274877, 613, 262, 351, 0, 0, 0
30392, 1, 1636476274327, 1636476275225, 898, 550, 348, 0, 0, 0
30393, 1, 1636476275215, 1636476275825, 610, 262, 348, 0, 0, 0
30394, 1, 1636476276335, 1636476276945, 610, 263, 347, 0, 0, 0
30395, 1, 1636476276874, 1636476277489, 615, 263, 352, 0, 0, 0
30396, 1, 1636476278362, 1636476278973, 611, 263, 348, 1, 0, 1
30397, 1, 1636476278429, 1636476279321, 892, 542, 350, 0, 0, 0
30398, 1, 1636476279313, 1636476279925, 612, 262, 350, 0, 0, 0
30399, 1, 1636476280433, 1636476281045, 612, 262, 350, 0, 0, 0
30400, 1, 1636476280972, 1636476281581, 609, 263, 346, 0, 0, 0
30401, 1, 1636476282440, 1636476283044, 604, 258, 346, 0, 0, 0
30402, 1, 1636476282545, 1636476283393, 848, 499, 349, 0, 0, 0
30403, 1, 1636476283496, 1636476284113, 617, 266, 351, 0, 0, 0
30404, 1, 1636476284616, 1636476285229, 613, 262, 351, 0, 0, 0
30405, 1, 1636476285269, 1636476285881, 612, 262, 350, 0, 0, 0
30406, 1, 1636476286565, 1636476287177, 612, 263, 349, 0, 0, 0
30407, 1, 1636476286772, 1636476287521, 749, 399, 350, 0, 0, 0
30408, 1, 1636476287588, 1636476288209, 621, 266, 355, 0, 0, 0
30409, 1, 1636476288708, 1636476289321, 613, 262, 351, 0, 0, 0
30410, 1, 1636476289361, 1636476289977, 616, 266, 350, 0, 0, 0
30411, 1, 1636476290365, 1636476290977, 612, 262, 350, 0, 0, 0
30412, 1, 1636476290637, 1636476291325, 688, 338, 350, 0, 0, 0
30413, 1, 1636476291525, 1636476292140, 615, 262, 353, 0, 0, 0
30414, 1, 1636476292508, 1636476293120, 612, 262, 350, 0, 0, 0
30415, 1, 1636476293161, 1636476293777, 616, 263, 353, 0, 1, 1
30416, 1, 1636476294430, 1636476295041, 611, 259, 352, 1, 0, 1
30417, 1, 1636476294783, 1636476295393, 610, 263, 347, 0, 1, 1
30418, 1, 1636476295590, 1636476296201, 611, 262, 349, 0, 0, 0
30419, 1, 1636476296573, 1636476297181, 608, 262, 346, 0, 0, 0
30420, 1, 1636476297226, 1636476297837, 611, 263, 348, 0, 0, 0
30421, 1, 1636476298597, 1636476299209, 612, 262, 350, 0, 0, 0
30422, 1, 1636476298950, 1636476299561, 611, 263, 348, 1, 0, 1
30423, 1, 1636476299757, 1636476300372, 615, 266, 349, 0, 0, 0
30424, 1, 1636476300664, 1636476301277, 613, 262, 351, 0, 0, 0
30425, 1, 1636476301393, 1636476302005, 612, 262, 350, 0, 0, 0
30426, 1, 1636476302933, 1636476303545, 612, 262, 350, 0, 0, 0
30427, 1, 1636476303286, 1636476303897, 611, 263, 348, 1, 0, 1
30428, 1, 1636476304093, 1636476304709, 616, 266, 350, 0, 0, 0
30429, 1, 1636476305000, 1636476305613, 613, 262, 351, 0, 0, 0
30430, 1, 1636476305729, 1636476306345, 616, 267, 349, 0, 0, 0
30431, 1, 1636476306625, 1636476307237, 612, 262, 350, 0, 0, 0
30432, 1, 1636476306978, 1636476307589, 611, 263, 348, 0, 0, 0
30433, 1, 1636476307785, 1636476308397, 612, 262, 350, 0, 0, 0
30434, 1, 1636476308692, 1636476309305, 613, 262, 351, 0, 0, 0
30435, 1, 1636476309421, 1636476310029, 608, 259, 349, 1, 0, 1
30436, 1, 1636476310315, 1636476310925, 610, 262, 348, 0, 0, 0
30437, 1, 1636476310668, 1636476311277, 609, 264, 345, 1, 0, 1
30438, 1, 1636476311475, 1636476312085, 610, 263, 347, 0, 1, 1
30439, 1, 1636476312382, 1636476312997, 615, 262, 353, 0, 0, 0
30440, 1, 1636476313223, 1636476313829, 606, 260, 346, 1, 0, 1
30441, 1, 1636476314198, 1636476314809, 611, 263, 348, 0, 0, 0
30442, 1, 1636476314408, 1636476315161, 753, 398, 355, 0, 0, 0
30443, 1, 1636476315358, 1636476315969, 611, 262, 349, 0, 0, 0
30444, 1, 1636476316265, 1636476316877, 612, 262, 350, 0, 0, 0
30445, 1, 1636476316963, 1636476317577, 614, 267, 347, 1, 0, 1
30446, 1, 1636476317975, 1636476318585, 610, 262, 348, 0, 0, 0
30447, 1, 1636476318205, 1636476318933, 728, 378, 350, 0, 0, 0
30448, 1, 1636476319135, 1636476319745, 610, 262, 348, 0, 0, 0
30449, 1, 1636476320042, 1636476320652, 610, 262, 348, 0, 0, 0
30450, 1, 1636476320740, 1636476321349, 609, 263, 346, 0, 0, 0
30451, 1, 1636476322136, 1636476322749, 613, 262, 351, 0, 0, 0
30452, 1, 1636476322223, 1636476323101, 878, 526, 352, 0, 0, 0
30453, 1, 1636476323296, 1636476323909, 613, 262, 351, 0, 0, 0
30454, 1, 1636476324203, 1636476324813, 610, 262, 348, 0, 0, 0
30455, 1, 1636476324806, 1636476325417, 611, 263, 348, 1, 0, 1
30456, 1, 1636476325853, 1636476326465, 612, 262, 350, 0, 0, 0
30457, 1, 1636476325914, 1636476326817, 903, 550, 353, 0, 0, 0
30458, 1, 1636476327013, 1636476327625, 612, 262, 350, 0, 0, 0
30459, 1, 1636476327920, 1636476328533, 613, 262, 351, 0, 0, 0
30460, 1, 1636476328523, 1636476329133, 610, 264, 346, 0, 0, 0
30461, 1, 1636476329813, 1636476330425, 612, 263, 349, 0, 0, 0
30462, 1, 1636476329847, 1636476330773, 926, 578, 348, 0, 0, 0
30463, 1, 1636476331007, 1636476331629, 622, 262, 360, 0, 0, 0
30464, 1, 1636476331914, 1636476332545, 631, 262, 369, 0, 0, 0
30465, 1, 1636476332517, 1636476333133, 616, 267, 349, 1, 0, 1
30466, 1, 1636476333844, 1636476334461, 617, 262, 355, 0, 0, 0
30467, 1, 1636476334034, 1636476334813, 779, 426, 353, 0, 0, 0
30468, 1, 1636476335037, 1636476335645, 608, 258, 350, 0, 0, 0
30469, 1, 1636476335945, 1636476336557, 612, 262, 350, 0, 0, 0
30470, 1, 1636476336548, 1636476337157, 609, 262, 347, 0, 0, 0
30471, 1, 1636476337577, 1636476338189, 612, 262, 350, 0, 0, 0
30472, 1, 1636476338033, 1636476338649, 616, 262, 354, 0, 0, 0
30473, 1, 1636476338828, 1636476339437, 609, 263, 346, 1, 0, 1
30474, 1, 1636476339678, 1636476340289, 611, 262, 349, 0, 0, 0
30475, 1, 1636476340339, 1636476340944, 605, 263, 342, 1, 0, 1
30476, 1, 1636476341520, 1636476342129, 609, 263, 346, 1, 0, 1
30477, 1, 1636476341976, 1636476342589, 613, 262, 351, 0, 0, 0
30478, 1, 1636476342534, 1636476343145, 611, 262, 349, 0, 0, 0
30479, 1, 1636476343621, 1636476344233, 612, 262, 350, 0, 0, 0
30480, 1, 1636476344045, 1636476344656, 611, 262, 349, 0, 0, 0
30481, 1, 1636476345235, 1636476345845, 610, 263, 347, 0, 0, 0
30482, 1, 1636476345848, 1636476346461, 613, 262, 351, 0, 0, 0
30483, 1, 1636476346406, 1636476347025, 619, 271, 348, 0, 0, 0
30484, 1, 1636476347493, 1636476348112, 619, 266, 353, 0, 0, 0
30485, 1, 1636476347917, 1636476348516, 599, 255, 344, 1, 0, 1
30486, 1, 1636476349326, 1636476349937, 611, 262, 349, 0, 0, 0
30487, 1, 1636476349939, 1636476350561, 622, 263, 359, 1, 0, 1
30488, 1, 1636476350497, 1636476351113, 616, 266, 350, 0, 0, 0
30489, 1, 1636476351596, 1636476352205, 609, 262, 347, 0, 0, 0
30490, 1, 1636476352111, 1636476352720, 609, 262, 347, 1, 0, 1
30491, 1, 1636476353462, 1636476354073, 611, 262, 349, 0, 0, 0
30492, 1, 1636476354107, 1636476354717, 610, 262, 348, 0, 0, 0
30493, 1, 1636476354633, 1636476355244, 611, 264, 347, 0, 0, 0
30494, 1, 1636476355647, 1636476356256, 609, 262, 347, 0, 0, 0
30495, 1, 1636476356162, 1636476356780, 618, 271, 347, 0, 0, 0
30496, 1, 1636476357659, 1636476358269, 610, 262, 348, 0, 0, 0
30497, 1, 1636476358304, 1636476358913, 609, 262, 347, 0, 0, 0
30498, 1, 1636476358830, 1636476359441, 611, 262, 349, 0, 0, 0
30499, 1, 1636476359844, 1636476360453, 609, 262, 347, 0, 0, 0
30500, 1, 1636476360360, 1636476360969, 609, 263, 346, 0, 0, 0
30501, 1, 1636476361501, 1636476362113, 612, 262, 350, 0, 0, 0
30502, 1, 1636476362136, 1636476362745, 609, 262, 347, 0, 0, 0
30503, 1, 1636476362672, 1636476363285, 613, 262, 351, 0, 0, 0
30504, 1, 1636476363676, 1636476364289, 613, 262, 351, 0, 0, 0
30505, 1, 1636476364192, 1636476364801, 609, 263, 346, 0, 0, 0
30506, 1, 1636476365683, 1636476366289, 606, 260, 346, 0, 0, 0
30507, 1, 1636476366317, 1636476366932, 615, 262, 353, 0, 0, 0
30508, 1, 1636476366854, 1636476367464, 610, 263, 347, 1, 0, 1
30509, 1, 1636476367858, 1636476368472, 614, 263, 351, 0, 1, 1
30510, 1, 1636476368373, 1636476368988, 615, 264, 351, 1, 1, 2
30511, 1, 1636476369479, 1636476370084, 605, 260, 345, 0, 2, 2
30512, 1, 1636476370042, 1636476370652, 610, 263, 347, 0, 1, 1
30513, 1, 1636476370579, 1636476371192, 613, 260, 353, 1, 0, 1
30514, 1, 1636476371583, 1636476372193, 610, 259, 351, 0, 1, 1
30515, 1, 1636476372097, 1636476372708, 611, 264, 347, 0, 0, 0
30516, 1, 1636476373614, 1636476374224, 610, 264, 346, 1, 1, 2
30517, 1, 1636476374178, 1636476374789, 611, 264, 347, 0, 0, 0
30518, 1, 1636476374716, 1636476375325, 609, 262, 347, 0, 0, 0
30519, 1, 1636476375720, 1636476376337, 617, 262, 355, 0, 0, 0
30520, 1, 1636476376235, 1636476376845, 610, 262, 348, 0, 0, 0
30521, 1, 1636476377570, 1636476378184, 614, 262, 352, 0, 0, 0
30522, 1, 1636476378135, 1636476378745, 610, 263, 347, 0, 0, 0
30523, 1, 1636476378699, 1636476379309, 610, 263, 347, 1, 0, 1
30524, 1, 1636476379676, 1636476380288, 612, 262, 350, 0, 0, 0
30525, 1, 1636476380191, 1636476380805, 614, 262, 352, 0, 0, 0
30526, 1, 1636476381704, 1636476382317, 613, 262, 351, 0, 0, 0
30527, 1, 1636476382269, 1636476382881, 612, 262, 350, 0, 0, 0
30528, 1, 1636476382833, 1636476383445, 612, 262, 350, 0, 0, 0
30529, 1, 1636476383810, 1636476384424, 614, 262, 352, 0, 0, 0
30530, 1, 1636476384325, 1636476384937, 612, 264, 348, 1, 0, 1
30531, 1, 1636476385891, 1636476386501, 610, 263, 347, 1, 0, 1
30532, 1, 1636476386456, 1636476387069, 613, 262, 351, 0, 0, 0
30533, 1, 1636476387020, 1636476387633, 613, 262, 351, 0, 0, 0
30534, 1, 1636476387997, 1636476388608, 611, 262, 349, 0, 0, 0
30535, 1, 1636476388512, 1636476389121, 609, 263, 346, 0, 0, 0
30536, 1, 1636476389621, 1636476390233, 612, 262, 350, 0, 0, 0
30537, 1, 1636476390187, 1636476390796, 609, 263, 346, 0, 0, 0
30538, 1, 1636476390751, 1636476391361, 610, 263, 347, 0, 0, 0
30539, 1, 1636476391728, 1636476392345, 617, 266, 351, 0, 0, 0
30540, 1, 1636476392423, 1636476393033, 610, 263, 347, 0, 0, 0
30541, 1, 1636476393446, 1636476394057, 611, 262, 349, 0, 0, 0
30542, 1, 1636476394011, 1636476394625, 614, 267, 347, 1, 0, 1
30543, 1, 1636476394575, 1636476395185, 610, 262, 348, 0, 0, 0
30544, 1, 1636476395552, 1636476396165, 613, 262, 351, 0, 0, 0
30545, 1, 1636476396247, 1636476396857, 610, 262, 348, 0, 0, 0
30546, 1, 1636476397379, 1636476397993, 614, 266, 348, 0, 0, 0
30547, 1, 1636476397944, 1636476398553, 609, 263, 346, 1, 0, 1
30548, 1, 1636476398508, 1636476399117, 609, 260, 349, 1, 1, 2
30549, 1, 1636476399485, 1636476400097, 612, 262, 350, 0, 0, 0
30550, 1, 1636476400180, 1636476400789, 609, 262, 347, 0, 0, 0
30551, 1, 1636476401368, 1636476401985, 617, 270, 347, 0, 0, 0
30552, 1, 1636476401932, 1636476402545, 613, 263, 350, 0, 0, 0
30553, 1, 1636476402330, 1636476402941, 611, 262, 349, 0, 0, 0
30554, 1, 1636476403474, 1636476404089, 615, 262, 353, 0, 0, 0
30555, 1, 1636476404002, 1636476404617, 615, 263, 352, 0, 0, 0
30556, 1, 1636476405172, 1636476405781, 609, 262, 347, 0, 0, 0
30557, 1, 1636476405737, 1636476406349, 612, 262, 350, 0, 0, 0
30558, 1, 1636476406134, 1636476406745, 611, 262, 349, 0, 0, 0
30559, 1, 1636476407277, 1636476407896, 619, 262, 357, 0, 0, 0
30560, 1, 1636476407806, 1636476408437, 631, 268, 363, 2, 0, 2
30561, 1, 1636476409247, 1636476409857, 610, 262, 348, 0, 0, 0
30562, 1, 1636476409813, 1636476410425, 612, 262, 350, 0, 0, 0
30563, 1, 1636476410210, 1636476410821, 611, 263, 348, 0, 0, 0
30564, 1, 1636476411354, 1636476411965, 611, 262, 349, 0, 0, 0
30565, 1, 1636476411820, 1636476412429, 609, 262, 347, 0, 0, 0
30566, 1, 1636476413180, 1636476413793, 613, 263, 350, 0, 0, 0
30567, 1, 1636476413746, 1636476414357, 611, 267, 344, 0, 0, 0
30568, 1, 1636476414143, 1636476414745, 602, 259, 343, 1, 1, 2
30569, 1, 1636476415287, 1636476415897, 610, 262, 348, 0, 0, 0
30570, 1, 1636476415608, 1636476416249, 641, 292, 349, 0, 0, 0
30571, 1, 1636476417185, 1636476417797, 612, 263, 349, 0, 0, 0
30572, 1, 1636476417750, 1636476418361, 611, 262, 349, 0, 0, 0
30573, 1, 1636476418298, 1636476418909, 611, 263, 348, 1, 0, 1
30574, 1, 1636476419291, 1636476419897, 606, 258, 348, 0, 0, 0
30575, 1, 1636476419691, 1636476420301, 610, 264, 346, 0, 0, 0
30576, 1, 1636476421491, 1636476422100, 609, 262, 347, 0, 0, 0
30577, 1, 1636476422056, 1636476422660, 604, 260, 344, 1, 1, 2
30578, 1, 1636476422604, 1636476423208, 604, 253, 351, 0, 0, 0
30579, 1, 1636476423413, 1636476424029, 616, 264, 352, 1, 0, 1
30580, 1, 1636476423997, 1636476424605, 608, 260, 348, 1, 1, 2
30581, 1, 1636476425571, 1636476426181, 610, 262, 348, 0, 0, 0
30582, 1, 1636476426161, 1636476426793, 632, 263, 369, 1, 0, 1
30583, 1, 1636476426709, 1636476427321, 612, 263, 349, 1, 0, 1
30584, 1, 1636476427493, 1636476428105, 612, 262, 350, 0, 0, 0
30585, 1, 1636476428103, 1636476428717, 614, 267, 347, 1, 0, 1
30586, 1, 1636476429578, 1636476430180, 602, 261, 341, 0, 0, 0
30587, 1, 1636476430186, 1636476430789, 603, 256, 347, 0, 1, 1
30588, 1, 1636476430717, 1636476431328, 611, 263, 348, 1, 0, 1
30589, 1, 1636476431500, 1636476432112, 612, 263, 349, 0, 1, 1
30590, 1, 1636476432110, 1636476432721, 611, 262, 349, 0, 0, 0
30591, 1, 1636476433602, 1636476434213, 611, 262, 349, 0, 0, 0
30592, 1, 1636476434211, 1636476434821, 610, 263, 347, 0, 0, 0
30593, 1, 1636476435005, 1636476435616, 611, 262, 349, 0, 0, 0
30594, 1, 1636476435784, 1636476436393, 609, 262, 347, 0, 0, 0
30595, 1, 1636476436394, 1636476437005, 611, 262, 349, 0, 0, 0
30596, 1, 1636476437781, 1636476438392, 611, 263, 348, 0, 0, 0
30597, 1, 1636476438390, 1636476439005, 615, 267, 348, 0, 0, 0
30598, 1, 1636476439184, 1636476439793, 609, 263, 346, 0, 0, 0
30599, 1, 1636476439908, 1636476440521, 613, 262, 351, 0, 0, 0
30600, 1, 1636476440573, 1636476441185, 612, 262, 350, 0, 0, 0
30601, 1, 1636476525663, 1636476526277, 614, 266, 348, 0, 0, 0
30602, 1, 1636476526326, 1636476526937, 611, 262, 349, 0, 0, 0
30603, 1, 1636476526856, 1636476527465, 609, 262, 347, 0, 0, 0
30604, 1, 1636476526992, 1636476527605, 613, 263, 350, 0, 0, 0
30605, 1, 1636476527519, 1636476528129, 610, 264, 346, 1, 0, 1
30606, 1, 1636476527643, 1636476528257, 614, 262, 352, 0, 0, 0
30607, 1, 1636476527660, 1636476528273, 613, 262, 351, 0, 0, 0
30608, 1, 1636476528185, 1636476528797, 612, 264, 348, 0, 0, 0
30610, 1, 1636476528306, 1636476528913, 607, 256, 351, 0, 2, 2
30609, 1, 1636476528301, 1636476528913, 612, 263, 349, 0, 0, 0
30611, 1, 1636476528329, 1636476528937, 608, 262, 346, 0, 0, 0
30612, 1, 1636476528853, 1636476529465, 612, 262, 350, 0, 0, 0
30613, 1, 1636476528915, 1636476529524, 609, 263, 346, 1, 0, 1
30614, 1, 1636476528965, 1636476529576, 611, 262, 349, 0, 0, 0
30615, 1, 1636476528972, 1636476529593, 621, 267, 354, 1, 0, 1
30616, 1, 1636476528994, 1636476529609, 615, 266, 349, 0, 0, 0
30617, 1, 1636476529522, 1636476530133, 611, 263, 348, 1, 0, 1
30618, 1, 1636476529579, 1636476530188, 609, 263, 346, 0, 0, 0
30619, 1, 1636476529631, 1636476530241, 610, 262, 348, 0, 0, 0
30620, 1, 1636476529638, 1636476530249, 611, 262, 349, 0, 0, 0
30621, 1, 1636476529661, 1636476530273, 612, 263, 349, 0, 0, 0
30622, 1, 1636476530186, 1636476530797, 611, 264, 347, 2, 0, 2
30623, 1, 1636476530245, 1636476530853, 608, 260, 348, 1, 0, 1
30624, 1, 1636476530299, 1636476530908, 609, 262, 347, 0, 0, 0
30626, 1, 1636476530327, 1636476530937, 610, 263, 347, 0, 0, 0
30625, 1, 1636476530307, 1636476531149, 842, 490, 352, 0, 0, 0
30627, 1, 1636476530853, 1636476531465, 612, 260, 352, 0, 0, 0
30628, 1, 1636476530912, 1636476531525, 613, 264, 349, 0, 1, 1
30629, 1, 1636476530968, 1636476531585, 617, 270, 347, 0, 0, 0
30630, 1, 1636476530997, 1636476531605, 608, 262, 346, 0, 0, 0
30631, 1, 1636476531150, 1636476531805, 655, 262, 393, 0, 0, 0
30632, 1, 1636476531519, 1636476532124, 605, 262, 343, 0, 0, 0
30633, 1, 1636476531582, 1636476532189, 607, 264, 343, 0, 1, 1
30635, 1, 1636476531665, 1636476532273, 608, 263, 345, 0, 1, 1
30636, 1, 1636476531816, 1636476532469, 653, 267, 386, 0, 0, 0
30634, 1, 1636476531631, 1636476532537, 906, 558, 348, 0, 0, 0
30637, 1, 1636476532188, 1636476532805, 617, 267, 350, 0, 0, 0
30638, 1, 1636476532246, 1636476532881, 635, 291, 344, 1, 0, 1
30639, 1, 1636476532330, 1636476532945, 615, 263, 352, 0, 1, 1
30640, 1, 1636476532482, 1636476533141, 659, 266, 393, 0, 0, 0
30641, 1, 1636476532538, 1636476533193, 655, 263, 392, 0, 1, 1
30642, 1, 1636476532857, 1636476533469, 612, 263, 349, 0, 0, 0
30643, 1, 1636476532912, 1636476533569, 657, 266, 391, 0, 0, 0
30644, 1, 1636476532992, 1636476533605, 613, 263, 350, 1, 1, 2
30645, 1, 1636476533148, 1636476533801, 653, 262, 391, 0, 0, 0
30646, 1, 1636476533204, 1636476533861, 657, 262, 395, 0, 0, 0
30647, 1, 1636476533522, 1636476534129, 607, 260, 347, 0, 0, 0
30648, 1, 1636476533578, 1636476534229, 651, 258, 393, 0, 0, 0
30650, 1, 1636476533814, 1636476534468, 654, 262, 392, 0, 0, 0
30649, 1, 1636476533657, 1636476534473, 816, 470, 346, 0, 0, 0
30651, 1, 1636476533870, 1636476534525, 655, 264, 391, 1, 0, 1
30652, 1, 1636476534184, 1636476534793, 609, 263, 346, 0, 0, 0
30653, 1, 1636476534244, 1636476534901, 657, 266, 391, 0, 0, 0
30654, 1, 1636476534474, 1636476535121, 647, 262, 385, 0, 0, 0
30655, 1, 1636476534480, 1636476535125, 645, 259, 386, 0, 1, 1
30656, 1, 1636476534536, 1636476535189, 653, 263, 390, 1, 0, 1
30657, 1, 1636476534848, 1636476535453, 605, 259, 346, 0, 0, 0
30658, 1, 1636476534910, 1636476535565, 655, 262, 393, 0, 0, 0
30660, 1, 1636476535147, 1636476535793, 646, 259, 387, 0, 1, 1
30659, 1, 1636476535140, 1636476535793, 653, 262, 391, 0, 0, 0
30661, 1, 1636476535202, 1636476535861, 659, 262, 397, 0, 0, 0
30662, 1, 1636476535514, 1636476536209, 695, 346, 349, 0, 0, 0
30664, 1, 1636476535806, 1636476536461, 655, 262, 393, 0, 0, 0
30665, 1, 1636476535813, 1636476536477, 664, 263, 401, 0, 0, 0
30666, 1, 1636476535868, 1636476536517, 649, 262, 387, 0, 0, 0
30663, 1, 1636476535576, 1636476536557, 981, 591, 390, 0, 0, 0
30667, 1, 1636476536210, 1636476536865, 655, 263, 392, 1, 0, 1
30668, 1, 1636476536472, 1636476537125, 653, 263, 390, 0, 0, 0
30669, 1, 1636476536479, 1636476537129, 650, 258, 392, 0, 1, 1
30670, 1, 1636476536534, 1636476537192, 658, 268, 390, 1, 0, 1
30671, 1, 1636476536558, 1636476537213, 655, 262, 393, 0, 0, 0
30672, 1, 1636476536876, 1636476537537, 661, 263, 398, 0, 0, 0
30673, 1, 1636476537138, 1636476537789, 651, 262, 389, 0, 0, 0
30674, 1, 1636476537145, 1636476537801, 656, 262, 394, 0, 0, 0
30675, 1, 1636476537200, 1636476537853, 653, 266, 387, 0, 0, 0
30676, 1, 1636476537225, 1636476538149, 924, 534, 390, 0, 0, 0
30677, 1, 1636476537542, 1636476538197, 655, 263, 392, 0, 0, 0
30679, 1, 1636476537811, 1636476538461, 650, 260, 390, 1, 0, 1
30678, 1, 1636476537804, 1636476538461, 657, 262, 395, 0, 0, 0
30680, 1, 1636476537866, 1636476538521, 655, 262, 393, 0, 0, 0
30681, 1, 1636476538150, 1636476538809, 659, 266, 393, 0, 0, 0
30682, 1, 1636476538208, 1636476538857, 649, 259, 390, 1, 0, 1
30684, 1, 1636476538477, 1636476539125, 648, 259, 389, 0, 0, 0
30683, 1, 1636476538470, 1636476539125, 655, 267, 388, 1, 1, 2
30685, 1, 1636476538532, 1636476539180, 648, 262, 386, 0, 0, 0
30686, 1, 1636476538816, 1636476539473, 657, 262, 395, 0, 0, 0
30687, 1, 1636476538874, 1636476539525, 651, 263, 388, 0, 0, 0
30688, 1, 1636476539136, 1636476539789, 653, 262, 391, 0, 0, 0
30689, 1, 1636476539143, 1636476539793, 650, 259, 391, 0, 0, 0
30690, 1, 1636476539198, 1636476539845, 647, 258, 389, 0, 0, 0
30691, 1, 1636476539482, 1636476540137, 655, 263, 392, 1, 0, 1
30692, 1, 1636476539540, 1636476540201, 661, 263, 398, 0, 0, 0
30693, 1, 1636476539802, 1636476540453, 651, 263, 388, 0, 0, 0
30694, 1, 1636476539809, 1636476540477, 668, 270, 398, 0, 0, 0
30695, 1, 1636476539864, 1636476540513, 649, 262, 387, 0, 0, 0
30696, 1, 1636476540148, 1636476540805, 657, 263, 394, 0, 0, 0
30697, 1, 1636476540206, 1636476540865, 659, 264, 395, 1, 0, 1
30698, 1, 1636476540468, 1636476541121, 653, 262, 391, 0, 0, 0
30699, 1, 1636476540478, 1636476541129, 651, 259, 392, 0, 1, 1
30700, 1, 1636476540530, 1636476541185, 655, 262, 393, 0, 0, 0
30701, 1, 1636476540814, 1636476541469, 655, 262, 393, 0, 0, 0
30702, 1, 1636476540872, 1636476541525, 653, 263, 390, 0, 0, 0
30703, 1, 1636476541134, 1636476541785, 651, 263, 388, 1, 0, 1
30704, 1, 1636476541144, 1636476541797, 653, 262, 391, 0, 0, 0
30705, 1, 1636476541196, 1636476541845, 649, 262, 387, 1, 0, 1
30706, 1, 1636476541480, 1636476542129, 649, 262, 387, 0, 0, 0
30707, 1, 1636476541538, 1636476542189, 651, 263, 388, 1, 0, 1
30708, 1, 1636476541800, 1636476542453, 653, 262, 391, 0, 0, 0
30709, 1, 1636476541810, 1636476542461, 651, 262, 389, 0, 0, 0
30710, 1, 1636476541862, 1636476542517, 655, 263, 392, 1, 0, 1
30711, 1, 1636476542146, 1636476542801, 655, 262, 393, 0, 0, 0
30712, 1, 1636476542204, 1636476542857, 653, 260, 393, 0, 0, 0
30713, 1, 1636476542466, 1636476543117, 651, 262, 389, 0, 0, 0
30714, 1, 1636476542476, 1636476543129, 653, 262, 391, 0, 0, 0
30715, 1, 1636476542528, 1636476543185, 657, 263, 394, 1, 0, 1
30716, 1, 1636476542812, 1636476543465, 653, 262, 391, 0, 0, 0
30717, 1, 1636476542870, 1636476543521, 651, 258, 393, 0, 0, 0
30718, 1, 1636476543132, 1636476543785, 653, 263, 390, 0, 0, 0
30719, 1, 1636476543142, 1636476543793, 651, 258, 393, 0, 0, 0
30720, 1, 1636476543194, 1636476543845, 651, 262, 389, 0, 0, 0
30721, 1, 1636476543478, 1636476544133, 655, 262, 393, 0, 0, 0
30722, 1, 1636476543536, 1636476544193, 657, 263, 394, 0, 0, 0
30723, 1, 1636476543798, 1636476544449, 651, 262, 389, 0, 0, 0
30724, 1, 1636476543808, 1636476544465, 657, 264, 393, 1, 0, 1
30725, 1, 1636476543860, 1636476544513, 653, 263, 390, 0, 0, 0
30726, 1, 1636476544144, 1636476544801, 657, 262, 395, 0, 0, 0
30727, 1, 1636476544202, 1636476544860, 658, 262, 396, 0, 0, 0
30728, 1, 1636476544464, 1636476545117, 653, 262, 391, 0, 0, 0
30729, 1, 1636476544474, 1636476545133, 659, 262, 397, 0, 0, 0
30730, 1, 1636476544526, 1636476545189, 663, 262, 401, 0, 0, 0
30731, 1, 1636476544810, 1636476545465, 655, 263, 392, 1, 0, 1
30732, 1, 1636476544868, 1636476545521, 653, 263, 390, 1, 0, 1
30733, 1, 1636476545130, 1636476545781, 651, 262, 389, 0, 0, 0
30735, 1, 1636476545192, 1636476545841, 649, 263, 386, 0, 1, 1
30734, 1, 1636476545140, 1636476545865, 725, 330, 395, 1, 0, 1
30736, 1, 1636476545476, 1636476546133, 657, 262, 395, 0, 0, 0
30737, 1, 1636476545534, 1636476546181, 647, 259, 388, 1, 0, 1
30738, 1, 1636476545796, 1636476546445, 649, 258, 391, 0, 0, 0
30740, 1, 1636476545866, 1636476546517, 651, 258, 393, 0, 0, 0
30739, 1, 1636476545858, 1636476546517, 659, 266, 393, 0, 0, 0
30741, 1, 1636476546142, 1636476546793, 651, 263, 388, 1, 0, 1
30742, 1, 1636476546200, 1636476546853, 653, 264, 389, 2, 0, 2
30743, 1, 1636476546462, 1636476547113, 651, 262, 389, 0, 0, 0
30744, 1, 1636476546524, 1636476547181, 657, 262, 395, 0, 0, 0
30745, 1, 1636476546532, 1636476547189, 657, 263, 394, 1, 1, 2
30746, 1, 1636476546808, 1636476547461, 653, 263, 390, 1, 0, 1
30747, 1, 1636476546866, 1636476547512, 646, 258, 388, 0, 0, 0
30748, 1, 1636476547128, 1636476547777, 649, 259, 390, 1, 0, 1
30749, 1, 1636476547190, 1636476547841, 651, 262, 389, 0, 0, 0
30750, 1, 1636476547198, 1636476547857, 659, 263, 396, 1, 0, 1
30751, 1, 1636476547474, 1636476548129, 655, 263, 392, 1, 0, 1
30752, 1, 1636476547532, 1636476548189, 657, 263, 394, 1, 0, 1
30754, 1, 1636476547856, 1636476548505, 649, 262, 387, 0, 0, 0
30755, 1, 1636476547864, 1636476548520, 656, 263, 393, 0, 1, 1
30753, 1, 1636476547794, 1636476548537, 743, 354, 389, 0, 0, 0
30756, 1, 1636476548140, 1636476548797, 657, 268, 389, 1, 0, 1
30757, 1, 1636476548198, 1636476548853, 655, 263, 392, 0, 0, 0
30758, 1, 1636476548522, 1636476549173, 651, 259, 392, 0, 1, 1
30760, 1, 1636476548538, 1636476549189, 651, 262, 389, 0, 0, 0
30759, 1, 1636476548530, 1636476549189, 659, 263, 396, 1, 0, 1
30761, 1, 1636476548806, 1636476549461, 655, 263, 392, 0, 0, 0
30762, 1, 1636476548864, 1636476549521, 657, 262, 395, 0, 0, 0
30763, 1, 1636476549188, 1636476549841, 653, 263, 390, 0, 0, 0
30765, 1, 1636476549204, 1636476549860, 656, 262, 394, 0, 0, 0
30764, 1, 1636476549196, 1636476549861, 665, 266, 399, 0, 0, 0
30766, 1, 1636476549472, 1636476550129, 657, 267, 390, 1, 0, 1
30767, 1, 1636476549530, 1636476550188, 658, 268, 390, 1, 0, 1
30769, 1, 1636476549862, 1636476550513, 651, 258, 393, 0, 0, 0
30768, 1, 1636476549854, 1636476550513, 659, 267, 392, 0, 0, 0
30770, 1, 1636476549870, 1636476550521, 651, 258, 393, 0, 0, 0
30771, 1, 1636476550138, 1636476550797, 659, 266, 393, 0, 0, 0
30772, 1, 1636476550195, 1636476550844, 649, 258, 391, 0, 0, 0
30773, 1, 1636476550520, 1636476551173, 653, 262, 391, 0, 0, 0
30774, 1, 1636476550528, 1636476551181, 653, 262, 391, 0, 0, 0
30775, 1, 1636476550536, 1636476551189, 653, 262, 391, 0, 0, 0
30776, 1, 1636476550804, 1636476551456, 652, 263, 389, 1, 1, 2
30777, 1, 1636476550861, 1636476551521, 660, 263, 397, 1, 0, 1
30778, 1, 1636476551186, 1636476551841, 655, 259, 396, 0, 0, 0
30779, 1, 1636476551194, 1636476551852, 658, 266, 392, 0, 0, 0
30780, 1, 1636476551202, 1636476551860, 658, 268, 390, 1, 0, 1
30781, 1, 1636476551470, 1636476552129, 659, 267, 392, 1, 0, 1
30782, 1, 1636476551528, 1636476552185, 657, 266, 391, 0, 0, 0
30784, 1, 1636476551860, 1636476552509, 649, 262, 387, 0, 0, 0
30783, 1, 1636476551852, 1636476552509, 657, 264, 393, 0, 0, 0
30785, 1, 1636476551868, 1636476552525, 657, 262, 395, 0, 0, 0
30786, 1, 1636476552136, 1636476552784, 648, 259, 389, 0, 0, 0
30787, 1, 1636476552194, 1636476552849, 655, 264, 391, 1, 1, 2
30788, 1, 1636476552518, 1636476553169, 651, 262, 389, 0, 0, 0
30789, 1, 1636476552526, 1636476553177, 651, 263, 388, 0, 1, 1
30790, 1, 1636476552534, 1636476553189, 655, 266, 389, 0, 0, 0
30791, 1, 1636476552802, 1636476553465, 663, 264, 399, 1, 0, 1
30792, 1, 1636476552860, 1636476553513, 653, 264, 389, 1, 0, 1
30793, 1, 1636476553184, 1636476553833, 649, 262, 387, 0, 0, 0
30794, 1, 1636476553192, 1636476553849, 657, 259, 398, 0, 0, 0
30795, 1, 1636476553200, 1636476553849, 649, 262, 387, 0, 0, 0
30796, 1, 1636476553468, 1636476554121, 653, 264, 389, 1, 0, 1
30797, 1, 1636476553526, 1636476554180, 654, 263, 391, 0, 0, 0
30798, 1, 1636476553850, 1636476554513, 663, 262, 401, 0, 1, 1
30799, 1, 1636476553858, 1636476554520, 662, 267, 395, 1, 0, 1
30800, 1, 1636476553866, 1636476554520, 654, 267, 387, 1, 0, 1
30801, 1, 1636476554134, 1636476554784, 650, 259, 391, 0, 1, 1
30802, 1, 1636476554191, 1636476554845, 654, 264, 390, 1, 0, 1
30803, 1, 1636476554516, 1636476555169, 653, 264, 389, 0, 1, 1
30804, 1, 1636476554523, 1636476555177, 654, 262, 392, 0, 0, 0
30805, 1, 1636476554532, 1636476555184, 652, 263, 389, 1, 0, 1
30806, 1, 1636476554800, 1636476555461, 661, 266, 395, 0, 0, 0
30807, 1, 1636476554858, 1636476555517, 659, 262, 397, 0, 0, 0
30808, 1, 1636476555182, 1636476555832, 650, 262, 388, 0, 0, 0
30809, 1, 1636476555190, 1636476555853, 663, 270, 393, 0, 0, 0
30810, 1, 1636476555198, 1636476555853, 655, 262, 393, 0, 0, 0
30811, 1, 1636476555466, 1636476556125, 659, 259, 400, 1, 0, 1
30812, 1, 1636476555524, 1636476556185, 661, 267, 394, 1, 0, 1
30813, 1, 1636476555848, 1636476556497, 649, 262, 387, 0, 0, 0
30814, 1, 1636476555856, 1636476556505, 649, 260, 389, 0, 0, 0
30815, 1, 1636476555864, 1636476556525, 661, 266, 395, 0, 0, 0
30816, 1, 1636476556132, 1636476556785, 653, 262, 391, 0, 0, 0
30817, 1, 1636476556190, 1636476556844, 654, 259, 395, 0, 0, 0
30818, 1, 1636476556514, 1636476557177, 663, 266, 397, 0, 0, 0
30819, 1, 1636476556522, 1636476557189, 667, 267, 400, 1, 0, 1
30820, 1, 1636476556531, 1636476557189, 658, 258, 400, 0, 1, 1
30821, 1, 1636476556798, 1636476557457, 659, 266, 393, 0, 0, 0
30822, 1, 1636476556856, 1636476557505, 649, 264, 385, 1, 0, 1
30823, 1, 1636476557180, 1636476557837, 657, 263, 394, 1, 0, 1
30824, 1, 1636476557190, 1636476557849, 659, 263, 396, 1, 0, 1
30825, 1, 1636476557197, 1636476557856, 659, 262, 397, 0, 0, 0
30826, 1, 1636476557464, 1636476558116, 652, 263, 389, 0, 1, 1
30827, 1, 1636476557522, 1636476558177, 655, 259, 396, 0, 0, 0
30828, 1, 1636476557846, 1636476558505, 659, 263, 396, 1, 0, 1
30829, 1, 1636476557856, 1636476558505, 649, 264, 385, 0, 0, 0
30830, 1, 1636476557863, 1636476558525, 662, 271, 391, 0, 1, 1
30831, 1, 1636476558130, 1636476558785, 655, 262, 393, 0, 0, 0
30832, 1, 1636476558188, 1636476558841, 653, 264, 389, 0, 0, 0
30833, 1, 1636476558512, 1636476559161, 649, 263, 386, 0, 0, 0
30834, 1, 1636476558522, 1636476559185, 663, 263, 400, 0, 0, 0
30835, 1, 1636476558529, 1636476559193, 664, 263, 401, 1, 1, 2
30836, 1, 1636476558796, 1636476559449, 653, 262, 391, 0, 0, 0
30837, 1, 1636476558854, 1636476559509, 655, 263, 392, 0, 0, 0
30838, 1, 1636476559178, 1636476559841, 663, 270, 393, 0, 0, 0
30839, 1, 1636476559188, 1636476559841, 653, 263, 390, 0, 1, 1
30840, 1, 1636476559195, 1636476559845, 650, 263, 387, 1, 0, 1
30842, 1, 1636476559520, 1636476560172, 652, 263, 389, 1, 0, 1
30841, 1, 1636476559462, 1636476560189, 727, 335, 392, 1, 0, 1
30843, 1, 1636476559844, 1636476560497, 653, 262, 391, 0, 0, 0
30844, 1, 1636476559854, 1636476560508, 654, 263, 391, 0, 0, 0
30845, 1, 1636476559861, 1636476560513, 652, 262, 390, 0, 0, 0
30846, 1, 1636476560186, 1636476560845, 659, 263, 396, 1, 1, 2
30847, 1, 1636476560190, 1636476560845, 655, 263, 392, 0, 1, 1
30848, 1, 1636476560510, 1636476561161, 651, 262, 389, 0, 0, 0
30849, 1, 1636476560520, 1636476561172, 652, 264, 388, 0, 1, 1
30850, 1, 1636476560527, 1636476561177, 650, 261, 389, 0, 0, 0
30851, 1, 1636476560852, 1636476561508, 656, 262, 394, 1, 0, 1
30852, 1, 1636476560856, 1636476561508, 652, 262, 390, 0, 0, 0
30853, 1, 1636476561176, 1636476561829, 653, 261, 392, 0, 0, 0
30854, 1, 1636476561186, 1636476561829, 643, 259, 384, 1, 0, 1
30855, 1, 1636476561193, 1636476561849, 656, 267, 389, 0, 0, 0
30856, 1, 1636476561517, 1636476562165, 648, 262, 386, 0, 0, 0
30857, 1, 1636476561522, 1636476562173, 651, 262, 389, 0, 0, 0
30858, 1, 1636476561842, 1636476562496, 654, 262, 392, 0, 0, 0
30859, 1, 1636476561852, 1636476562501, 649, 263, 386, 0, 0, 0
30860, 1, 1636476561859, 1636476562509, 650, 262, 388, 0, 0, 0
30861, 1, 1636476562184, 1636476562836, 652, 263, 389, 0, 0, 0
30862, 1, 1636476562189, 1636476562841, 652, 263, 389, 0, 0, 0
30863, 1, 1636476562508, 1636476563157, 649, 258, 391, 0, 0, 0
30864, 1, 1636476562518, 1636476563173, 655, 263, 392, 1, 0, 1
30865, 1, 1636476562525, 1636476563177, 652, 262, 390, 0, 0, 0
30867, 1, 1636476562855, 1636476563509, 654, 263, 391, 0, 1, 1
30866, 1, 1636476562849, 1636476563509, 660, 264, 396, 0, 1, 1
30868, 1, 1636476563174, 1636476563824, 650, 262, 388, 0, 0, 0
30869, 1, 1636476563184, 1636476563837, 653, 266, 387, 0, 0, 0
30870, 1, 1636476563191, 1636476563844, 653, 262, 391, 0, 1, 1
30871, 1, 1636476563515, 1636476564173, 658, 262, 396, 0, 0, 0
30872, 1, 1636476563521, 1636476564173, 652, 258, 394, 0, 0, 0
30873, 1, 1636476563840, 1636476564493, 653, 263, 390, 1, 0, 1
30874, 1, 1636476563850, 1636476564505, 655, 263, 392, 1, 1, 2
30875, 1, 1636476563857, 1636476564509, 652, 267, 385, 1, 1, 2
30876, 1, 1636476564182, 1636476564845, 663, 264, 399, 0, 1, 1
30877, 1, 1636476564186, 1636476564852, 666, 275, 391, 2, 0, 2
30879, 1, 1636476564516, 1636476565173, 657, 262, 395, 0, 0, 0
30880, 1, 1636476564523, 1636476565173, 650, 262, 388, 0, 0, 0
30878, 1, 1636476564506, 1636476565173, 667, 263, 404, 0, 0, 0
30882, 1, 1636476564854, 1636476565505, 651, 263, 388, 0, 0, 0
30881, 1, 1636476564848, 1636476565505, 657, 263, 394, 1, 0, 1
30883, 1, 1636476565174, 1636476565824, 650, 261, 389, 0, 0, 0
30884, 1, 1636476565182, 1636476565832, 650, 262, 388, 0, 0, 0
30885, 1, 1636476565188, 1636476565852, 664, 271, 393, 0, 0, 0
30887, 1, 1636476565520, 1636476566172, 652, 260, 392, 0, 0, 0
30886, 1, 1636476565514, 1636476566172, 658, 264, 394, 1, 0, 1
30889, 1, 1636476565848, 1636476566501, 653, 264, 389, 0, 0, 0
30888, 1, 1636476565841, 1636476566517, 676, 287, 389, 1, 1, 2
30890, 1, 1636476565855, 1636476566517, 662, 268, 394, 0, 1, 1
30891, 1, 1636476566180, 1636476566833, 653, 264, 389, 1, 0, 1
30892, 1, 1636476566186, 1636476566845, 659, 260, 399, 0, 0, 0
30893, 1, 1636476566514, 1636476567156, 642, 255, 387, 0, 0, 0
30895, 1, 1636476566521, 1636476567169, 648, 263, 385, 0, 1, 1
30894, 1, 1636476566518, 1636476567176, 658, 271, 387, 0, 0, 0
30896, 1, 1636476566845, 1636476567497, 652, 264, 388, 0, 1, 1
30897, 1, 1636476566851, 1636476567512, 661, 268, 393, 0, 2, 2
30899, 1, 1636476567183, 1636476567833, 650, 258, 392, 0, 0, 0
30898, 1, 1636476567179, 1636476567841, 662, 262, 400, 0, 0, 0
30900, 1, 1636476567187, 1636476567849, 662, 266, 396, 0, 0, 0
30901, 1, 1636476567512, 1636476568169, 657, 264, 393, 1, 1, 2
30902, 1, 1636476567517, 1636476568181, 664, 267, 397, 0, 0, 0
30903, 1, 1636476567845, 1636476568497, 652, 256, 396, 1, 0, 1
30904, 1, 1636476567850, 1636476568501, 651, 260, 391, 0, 0, 0
30905, 1, 1636476567853, 1636476568509, 656, 263, 393, 0, 1, 1
30907, 1, 1636476568184, 1636476568833, 649, 258, 391, 0, 1, 1
30906, 1, 1636476568178, 1636476568833, 655, 262, 393, 0, 1, 1
30910, 1, 1636476568519, 1636476569161, 642, 258, 384, 1, 1, 2
30908, 1, 1636476568511, 1636476569161, 650, 263, 387, 1, 0, 1
30909, 1, 1636476568516, 1636476569176, 660, 274, 386, 0, 0, 0
30911, 1, 1636476568844, 1636476569488, 644, 259, 385, 1, 1, 2
30912, 1, 1636476568850, 1636476569504, 654, 263, 391, 0, 1, 1
30913, 1, 1636476569177, 1636476569833, 656, 268, 388, 2, 0, 2
30914, 1, 1636476569182, 1636476569837, 655, 267, 388, 1, 1, 2
30915, 1, 1636476569186, 1636476569840, 654, 267, 387, 2, 0, 2
30916, 1, 1636476569512, 1636476570164, 652, 264, 388, 0, 0, 0
30917, 1, 1636476569516, 1636476570164, 648, 260, 388, 1, 0, 1
30918, 1, 1636476569843, 1636476570497, 654, 258, 396, 0, 0, 0
30919, 1, 1636476569848, 1636476570501, 653, 258, 395, 0, 0, 0
30920, 1, 1636476569852, 1636476570504, 652, 259, 393, 0, 1, 1
30922, 1, 1636476570182, 1636476570840, 658, 262, 396, 0, 0, 0
30921, 1, 1636476570178, 1636476570840, 662, 264, 398, 0, 0, 0
30925, 1, 1636476570518, 1636476571172, 654, 264, 390, 0, 2, 2
30923, 1, 1636476570509, 1636476571173, 664, 266, 398, 0, 0, 0
30924, 1, 1636476570514, 1636476571173, 659, 264, 395, 1, 1, 2
30926, 1, 1636476570843, 1636476571493, 650, 263, 387, 1, 0, 1
30927, 1, 1636476570847, 1636476571500, 653, 258, 395, 0, 0, 0
30928, 1, 1636476571174, 1636476571828, 654, 264, 390, 0, 1, 1
30930, 1, 1636476571183, 1636476571837, 654, 266, 388, 0, 0, 0
30929, 1, 1636476571179, 1636476571841, 662, 276, 386, 1, 1, 2
30931, 1, 1636476571510, 1636476572165, 655, 263, 392, 1, 0, 1
30932, 1, 1636476571514, 1636476572165, 651, 264, 387, 0, 1, 1
30933, 1, 1636476571841, 1636476572493, 652, 264, 388, 0, 1, 1
30935, 1, 1636476571850, 1636476572517, 667, 264, 403, 1, 2, 3
30936, 1, 1636476572176, 1636476572828, 652, 263, 389, 0, 1, 1
30934, 1, 1636476571846, 1636476572833, 987, 600, 387, 0, 1, 1
30937, 1, 1636476572179, 1636476572833, 654, 263, 391, 0, 2, 2
30939, 1, 1636476572518, 1636476573168, 650, 259, 391, 0, 2, 2
30938, 1, 1636476572507, 1636476573172, 665, 276, 389, 0, 2, 2
30940, 1, 1636476572833, 1636476573481, 648, 261, 387, 1, 1, 2
30941, 1, 1636476572841, 1636476573485, 644, 261, 383, 1, 3, 4
30942, 1, 1636476572845, 1636476573488, 643, 255, 388, 0, 1, 1
30943, 1, 1636476573173, 1636476573824, 651, 263, 388, 1, 0, 1
30944, 1, 1636476573183, 1636476573841, 658, 266, 392, 0, 0, 0
30945, 1, 1636476573500, 1636476574153, 653, 263, 390, 1, 0, 1
30946, 1, 1636476573508, 1636476574156, 648, 265, 383, 2, 0, 2
30947, 1, 1636476573512, 1636476574156, 644, 260, 384, 0, 2, 2
30948, 1, 1636476573839, 1636476574501, 662, 271, 391, 0, 0, 0
30949, 1, 1636476573850, 1636476574501, 651, 262, 389, 0, 0, 0
30950, 1, 1636476574166, 1636476574820, 654, 264, 390, 2, 0, 2
30952, 1, 1636476574177, 1636476574837, 660, 263, 397, 0, 0, 0
30951, 1, 1636476574174, 1636476574837, 663, 264, 399, 2, 0, 2
30953, 1, 1636476574506, 1636476575156, 650, 263, 387, 1, 0, 1
30954, 1, 1636476574516, 1636476575172, 656, 262, 394, 0, 0, 0
30955, 1, 1636476574831, 1636476575477, 646, 258, 388, 0, 0, 0
30956, 1, 1636476574840, 1636476575488, 648, 259, 389, 0, 0, 0
30957, 1, 1636476574844, 1636476575488, 644, 255, 389, 0, 0, 0
30959, 1, 1636476575182, 1636476575829, 647, 256, 391, 2, 0, 2
30958, 1, 1636476575172, 1636476575829, 657, 264, 393, 1, 0, 1
30960, 1, 1636476575498, 1636476576149, 651, 263, 388, 0, 1, 1
30962, 1, 1636476575509, 1636476576169, 660, 267, 393, 0, 1, 1
30961, 1, 1636476575506, 1636476576169, 663, 268, 395, 0, 0, 0
30963, 1, 1636476575838, 1636476576492, 654, 262, 392, 0, 0, 0
30964, 1, 1636476575848, 1636476576508, 660, 263, 397, 0, 0, 0
30965, 1, 1636476576164, 1636476576824, 660, 266, 394, 0, 0, 0
30967, 1, 1636476576176, 1636476576828, 652, 263, 389, 1, 0, 1
30966, 1, 1636476576172, 1636476576828, 656, 263, 393, 1, 0, 1
30968, 1, 1636476576504, 1636476577160, 656, 267, 389, 1, 0, 1
30969, 1, 1636476576514, 1636476577164, 650, 263, 387, 0, 1, 1
30971, 1, 1636476576838, 1636476577493, 655, 263, 392, 1, 1, 2
30972, 1, 1636476576841, 1636476577493, 652, 262, 390, 0, 2, 2
30970, 1, 1636476576830, 1636476577493, 663, 265, 398, 0, 0, 0
30973, 1, 1636476577169, 1636476577829, 660, 267, 393, 0, 0, 0
30974, 1, 1636476577179, 1636476577837, 658, 266, 392, 0, 1, 1
30975, 1, 1636476577495, 1636476578141, 646, 259, 387, 0, 0, 0
30976, 1, 1636476577504, 1636476578157, 653, 262, 391, 1, 0, 1
30977, 1, 1636476577507, 1636476578173, 666, 278, 388, 0, 0, 0
30978, 1, 1636476577836, 1636476578485, 649, 262, 387, 0, 0, 0
30979, 1, 1636476577846, 1636476578493, 647, 262, 385, 0, 0, 0
30980, 1, 1636476578163, 1636476578821, 658, 263, 395, 0, 0, 0
30981, 1, 1636476578170, 1636476578821, 651, 260, 391, 1, 0, 1
30982, 1, 1636476578174, 1636476578836, 662, 266, 396, 0, 0, 0
30983, 1, 1636476578502, 1636476579153, 651, 263, 388, 1, 0, 1
30984, 1, 1636476578512, 1636476579165, 653, 266, 387, 0, 0, 0
30986, 1, 1636476578836, 1636476579492, 656, 263, 393, 1, 0, 1
30987, 1, 1636476578840, 1636476579496, 656, 259, 397, 0, 1, 1
30985, 1, 1636476578829, 1636476579496, 667, 266, 401, 0, 0, 0
30989, 1, 1636476579178, 1636476579825, 647, 259, 388, 0, 1, 1
30988, 1, 1636476579168, 1636476579829, 661, 267, 394, 0, 1, 1
30990, 1, 1636476579498, 1636476580153, 655, 262, 393, 0, 0, 0
30992, 1, 1636476579506, 1636476580161, 655, 262, 393, 1, 0, 1
30991, 1, 1636476579502, 1636476580161, 659, 262, 397, 1, 0, 1
30993, 1, 1636476579834, 1636476580481, 647, 258, 389, 0, 0, 0
30994, 1, 1636476579844, 1636476580496, 652, 266, 386, 0, 0, 0
30995, 1, 1636476580164, 1636476580813, 649, 263, 386, 1, 0, 1
30997, 1, 1636476580172, 1636476580829, 657, 262, 395, 0, 0, 0
30996, 1, 1636476580168, 1636476580829, 661, 262, 399, 0, 0, 0
30998, 1, 1636476580500, 1636476581148, 648, 262, 386, 0, 0, 0
30999, 1, 1636476580510, 1636476581164, 654, 262, 392, 0, 1, 1
31000, 1, 1636476580830, 1636476581484, 654, 264, 390, 1, 0, 1
31002, 1, 1636476580838, 1636476581488, 650, 264, 386, 1, 0, 1
31001, 1, 1636476580835, 1636476581492, 657, 264, 393, 1, 2, 3
31003, 1, 1636476581166, 1636476581825, 659, 264, 395, 0, 0, 0
31004, 1, 1636476581176, 1636476581829, 653, 263, 390, 1, 0, 1
31007, 1, 1636476581504, 1636476582153, 649, 259, 390, 1, 0, 1
31006, 1, 1636476581501, 1636476582153, 652, 254, 398, 0, 0, 0
31005, 1, 1636476581496, 1636476582153, 657, 263, 394, 0, 0, 0
31008, 1, 1636476581832, 1636476582481, 649, 264, 385, 1, 1, 2
31009, 1, 1636476581842, 1636476582501, 659, 270, 389, 0, 0, 0
31010, 1, 1636476582162, 1636476582812, 650, 258, 392, 0, 0, 0
31012, 1, 1636476582170, 1636476582825, 655, 262, 393, 0, 0, 0
31011, 1, 1636476582167, 1636476582829, 662, 266, 396, 0, 0, 0
31013, 1, 1636476582498, 1636476583157, 659, 262, 397, 0, 0, 0
31014, 1, 1636476582508, 1636476583164, 656, 264, 392, 1, 0, 1
31015, 1, 1636476582828, 1636476583480, 652, 263, 389, 1, 0, 1
31016, 1, 1636476582833, 1636476583497, 664, 263, 401, 0, 1, 1
31017, 1, 1636476582836, 1636476583497, 661, 263, 398, 0, 1, 1
31018, 1, 1636476583164, 1636476583821, 657, 264, 393, 1, 1, 2
31019, 1, 1636476583174, 1636476583825, 651, 264, 387, 1, 0, 1
31020, 1, 1636476583495, 1636476584145, 650, 263, 387, 0, 0, 0
31022, 1, 1636476583501, 1636476584153, 652, 263, 389, 0, 1, 1
31021, 1, 1636476583499, 1636476584153, 654, 264, 390, 0, 1, 1
31023, 1, 1636476583830, 1636476584489, 659, 262, 397, 1, 0, 1
31024, 1, 1636476583840, 1636476584492, 652, 262, 390, 1, 0, 1
31025, 1, 1636476584161, 1636476584816, 655, 262, 393, 0, 0, 0
31027, 1, 1636476584168, 1636476584841, 673, 283, 390, 0, 0, 0
31026, 1, 1636476584165, 1636476584841, 676, 283, 393, 0, 0, 0
31028, 1, 1636476584496, 1636476585148, 652, 262, 390, 0, 0, 0
31029, 1, 1636476584506, 1636476585157, 651, 262, 389, 0, 0, 0
31030, 1, 1636476584826, 1636476585472, 646, 259, 387, 0, 0, 0
31031, 1, 1636476584842, 1636476585505, 663, 267, 396, 1, 0, 1
31032, 1, 1636476584842, 1636476585505, 663, 267, 396, 1, 1, 2
31033, 1, 1636476585162, 1636476585813, 651, 264, 387, 0, 1, 1
31034, 1, 1636476585172, 1636476585829, 657, 264, 393, 2, 0, 2
31035, 1, 1636476585492, 1636476586145, 653, 264, 389, 2, 0, 2
31036, 1, 1636476585508, 1636476586160, 652, 263, 389, 0, 0, 0
31037, 1, 1636476585508, 1636476586165, 657, 263, 394, 0, 0, 0
31038, 1, 1636476585828, 1636476586488, 660, 262, 398, 0, 0, 0
31039, 1, 1636476585838, 1636476586488, 650, 262, 388, 0, 0, 0
31040, 1, 1636476586159, 1636476586812, 653, 262, 391, 0, 0, 0
31042, 1, 1636476586174, 1636476586824, 650, 262, 388, 0, 0, 0
31041, 1, 1636476586174, 1636476586833, 659, 264, 395, 1, 0, 1
31043, 1, 1636476586493, 1636476587149, 656, 259, 397, 0, 2, 2
31044, 1, 1636476586504, 1636476587152, 648, 263, 385, 0, 0, 0
31045, 1, 1636476586825, 1636476587480, 655, 263, 392, 0, 0, 0
31047, 1, 1636476586840, 1636476587497, 657, 266, 391, 0, 0, 0
31046, 1, 1636476586840, 1636476587497, 657, 267, 390, 1, 1, 2
31048, 1, 1636476587160, 1636476587804, 644, 259, 385, 0, 0, 0
31049, 1, 1636476587170, 1636476587829, 659, 267, 392, 1, 0, 1
31050, 1, 1636476587491, 1636476588137, 646, 259, 387, 0, 2, 2
31052, 1, 1636476587506, 1636476588152, 646, 256, 390, 0, 1, 1
31051, 1, 1636476587506, 1636476588161, 655, 258, 397, 0, 0, 0
31053, 1, 1636476587824, 1636476588484, 660, 260, 400, 1, 1, 2
31054, 1, 1636476587835, 1636476588484, 649, 259, 390, 0, 0, 0
31055, 1, 1636476588156, 1636476588805, 649, 262, 387, 0, 0, 0
31057, 1, 1636476588172, 1636476588829, 657, 267, 390, 1, 0, 1
31056, 1, 1636476588171, 1636476588829, 658, 267, 391, 0, 1, 1
31058, 1, 1636476588490, 1636476589144, 654, 264, 390, 2, 0, 2
31059, 1, 1636476588502, 1636476589153, 651, 263, 388, 0, 1, 1
31060, 1, 1636476588823, 1636476589476, 653, 260, 393, 1, 2, 3
31062, 1, 1636476588838, 1636476589493, 655, 263, 392, 1, 0, 1
31061, 1, 1636476588838, 1636476589493, 655, 263, 392, 1, 0, 1
31063, 1, 1636476589157, 1636476589813, 656, 262, 394, 0, 0, 0
31064, 1, 1636476589168, 1636476589825, 657, 262, 395, 0, 0, 0
31065, 1, 1636476589489, 1636476590149, 660, 262, 398, 0, 0, 0
31066, 1, 1636476589503, 1636476590161, 658, 267, 391, 1, 0, 1
31067, 1, 1636476589504, 1636476590161, 657, 267, 390, 0, 1, 1
31068, 1, 1636476589823, 1636476590477, 654, 263, 391, 0, 0, 0
31069, 1, 1636476589834, 1636476590481, 647, 262, 385, 0, 0, 0
31070, 1, 1636476590155, 1636476590813, 658, 263, 395, 0, 0, 0
31071, 1, 1636476590170, 1636476590829, 659, 263, 396, 1, 1, 2
31072, 1, 1636476590170, 1636476590829, 659, 263, 396, 1, 1, 2
31073, 1, 1636476590489, 1636476591145, 656, 264, 392, 2, 0, 2
31074, 1, 1636476590500, 1636476591165, 665, 266, 399, 0, 0, 0
31075, 1, 1636476590821, 1636476591469, 648, 259, 389, 1, 0, 1
31077, 1, 1636476590837, 1636476591493, 656, 262, 394, 0, 0, 0
31076, 1, 1636476590836, 1636476591493, 657, 262, 395, 0, 0, 0
31078, 1, 1636476591155, 1636476591809, 654, 262, 392, 0, 0, 0
31079, 1, 1636476591166, 1636476591817, 651, 262, 389, 0, 0, 0
31080, 1, 1636476591487, 1636476592141, 654, 262, 392, 0, 0, 0
31081, 1, 1636476591501, 1636476592157, 656, 264, 392, 2, 0, 2
31082, 1, 1636476591503, 1636476592165, 662, 262, 400, 0, 0, 0
31083, 1, 1636476591821, 1636476592481, 660, 266, 394, 0, 0, 0
31084, 1, 1636476591832, 1636476592484, 652, 266, 386, 0, 0, 0
31085, 1, 1636476592153, 1636476592813, 660, 262, 398, 0, 0, 0
31086, 1, 1636476592168, 1636476592829, 661, 275, 386, 0, 1, 1
31087, 1, 1636476592169, 1636476592829, 660, 268, 392, 0, 0, 0
31088, 1, 1636476592487, 1636476593141, 654, 263, 391, 1, 0, 1
31089, 1, 1636476592819, 1636476593477, 658, 262, 396, 0, 0, 0
31090, 1, 1636476592834, 1636476593489, 655, 264, 391, 2, 0, 2
31092, 1, 1636476593153, 1636476593809, 656, 262, 394, 0, 0, 0
31093, 1, 1636476593485, 1636476594141, 656, 262, 394, 0, 0, 0
31094, 1, 1636476593500, 1636476594157, 657, 263, 394, 0, 0, 0
31095, 1, 1636476593819, 1636476594473, 654, 262, 392, 0, 0, 0
31096, 1, 1636476594151, 1636476594809, 658, 262, 396, 0, 0, 0
31097, 1, 1636476594166, 1636476594821, 655, 262, 393, 0, 0, 0
31091, 2, 1636476592834, 1636476595230, 2396, 89, 2307, 0, 1, 1
31098, 1, 1636476594817, 1636476595477, 660, 266, 394, 0, 0, 0
31099, 1, 1636476594832, 1636476595485, 653, 259, 394, 1, 0, 1
31100, 1, 1636476595498, 1636476596153, 655, 262, 393, 0, 0, 0
