Xid, State, StartTime, EndTime, TransactionTime, ExecuteTime, CommunicationTime, ReadTime, WriteTime, DBTime
20, 1, 1636426214296, 1636426214822, 526, 80, 446, 33, 5, 38
22, 1, 1636426215206, 1636426215614, 408, 4, 404, 2, 0, 2
24, 1, 1636426215883, 1636426216291, 408, 4, 404, 3, 0, 3
26, 1, 1636426216558, 1636426216967, 409, 4, 405, 1, 0, 1
28, 1, 1636426217230, 1636426217638, 408, 2, 406, 0, 0, 0
30, 1, 1636426217906, 1636426218315, 409, 4, 405, 2, 0, 2
32, 1, 1636426218582, 1636426218990, 408, 4, 404, 2, 0, 2
34, 1, 1636426219258, 1636426219666, 408, 3, 405, 1, 0, 1
36, 1, 1636426219934, 1636426220354, 420, 3, 417, 0, 0, 0
39, 1, 1636426220622, 1636426221031, 409, 3, 406, 2, 1, 3
41, 1, 1636426221298, 1636426221706, 408, 4, 404, 2, 0, 2
43, 1, 1636426221974, 1636426222387, 413, 3, 410, 3, 0, 3
45, 1, 1636426222654, 1636426223063, 409, 3, 406, 2, 1, 3
47, 1, 1636426223334, 1636426223742, 408, 3, 405, 1, 1, 2
49, 1, 1636426224010, 1636426224418, 408, 3, 405, 0, 1, 1
51, 1, 1636426224686, 1636426225095, 409, 6, 403, 0, 1, 1
53, 1, 1636426225366, 1636426225726, 360, 3, 357, 2, 0, 2
56, 1, 1636426225994, 1636426226358, 364, 2, 362, 1, 0, 1
59, 1, 1636426226626, 1636426226990, 364, 2, 362, 1, 1, 2
61, 1, 1636426227254, 1636426227618, 364, 2, 362, 1, 0, 1
64, 1, 1636426227886, 1636426228250, 364, 3, 361, 0, 1, 1
67, 1, 1636426228518, 1636426228886, 368, 3, 365, 0, 0, 0
70, 1, 1636426229154, 1636426229518, 364, 1, 363, 0, 1, 1
73, 1, 1636426229786, 1636426230150, 364, 2, 362, 0, 0, 0
76, 1, 1636426230418, 1636426230782, 364, 1, 363, 0, 0, 0
79, 1, 1636426231050, 1636426231414, 364, 2, 362, 0, 0, 0
82, 1, 1636426231681, 1636426232046, 365, 1, 364, 0, 0, 0
85, 1, 1636426232314, 1636426232678, 364, 1, 363, 0, 1, 1
88, 1, 1636426232942, 1636426233306, 364, 1, 363, 0, 0, 0
91, 1, 1636426233574, 1636426233934, 360, 2, 358, 0, 1, 1
94, 1, 1636426234202, 1636426234566, 364, 2, 362, 0, 1, 1
97, 1, 1636426234834, 1636426235198, 364, 1, 363, 0, 0, 0
100, 1, 1636426235462, 1636426235826, 364, 2, 362, 0, 0, 0
103, 1, 1636426236094, 1636426236457, 363, 1, 362, 0, 0, 0
106, 1, 1636426236726, 1636426237094, 368, 1, 367, 0, 0, 0
109, 1, 1636426237362, 1636426237726, 364, 1, 363, 0, 1, 1
112, 1, 1636426237994, 1636426238358, 364, 1, 363, 0, 1, 1
115, 1, 1636426238626, 1636426238990, 364, 2, 362, 1, 1, 2
118, 1, 1636426239258, 1636426239622, 364, 1, 363, 0, 0, 0
121, 1, 1636426239890, 1636426240254, 364, 2, 362, 0, 0, 0
124, 1, 1636426240526, 1636426240890, 364, 2, 362, 0, 1, 1
127, 1, 1636426241158, 1636426241521, 363, 0, 363, 0, 0, 0
130, 1, 1636426241786, 1636426242150, 364, 0, 364, 0, 0, 0
133, 1, 1636426242418, 1636426242782, 364, 0, 364, 0, 0, 0
137, 1, 1636426243046, 1636426243410, 364, 0, 364, 0, 0, 0
140, 1, 1636426243682, 1636426244042, 360, 0, 360, 0, 0, 0
143, 1, 1636426244310, 1636426244674, 364, 0, 364, 0, 0, 0
146, 1, 1636426244938, 1636426245302, 364, 0, 364, 0, 0, 0
149, 1, 1636426245570, 1636426245933, 363, 1, 362, 0, 0, 0
152, 1, 1636426246202, 1636426246565, 363, 0, 363, 0, 0, 0
155, 1, 1636426246833, 1636426247198, 365, 1, 364, 0, 0, 0
158, 1, 1636426247466, 1636426247830, 364, 1, 363, 0, 0, 0
161, 1, 1636426248094, 1636426248462, 368, 0, 368, 0, 0, 0
164, 1, 1636426248726, 1636426249090, 364, 0, 364, 0, 0, 0
167, 1, 1636426249354, 1636426249718, 364, 1, 363, 0, 0, 0
170, 1, 1636426249986, 1636426250354, 368, 1, 367, 0, 0, 0
173, 1, 1636426250622, 1636426250986, 364, 1, 363, 0, 0, 0
176, 1, 1636426251253, 1636426251618, 365, 1, 364, 1, 0, 1
179, 1, 1636426251886, 1636426252250, 364, 0, 364, 0, 0, 0
182, 1, 1636426252518, 1636426252882, 364, 0, 364, 0, 0, 0
185, 1, 1636426253158, 1636426253522, 364, 1, 363, 0, 0, 0
188, 1, 1636426253790, 1636426254154, 364, 0, 364, 0, 0, 0
191, 1, 1636426254422, 1636426254786, 364, 0, 364, 0, 0, 0
194, 1, 1636426255054, 1636426255422, 368, 0, 368, 0, 0, 0
197, 1, 1636426255690, 1636426256050, 360, 1, 359, 0, 0, 0
200, 1, 1636426256318, 1636426256678, 360, 0, 360, 0, 0, 0
203, 1, 1636426256946, 1636426257310, 364, 1, 363, 0, 0, 0
206, 1, 1636426257586, 1636426257950, 364, 1, 363, 0, 0, 0
209, 1, 1636426258217, 1636426258586, 369, 1, 368, 0, 0, 0
212, 1, 1636426258854, 1636426259217, 363, 1, 362, 0, 0, 0
215, 1, 1636426259486, 1636426259850, 364, 0, 364, 0, 0, 0
218, 1, 1636426260113, 1636426260478, 365, 1, 364, 0, 0, 0
221, 1, 1636426260746, 1636426261110, 364, 0, 364, 0, 0, 0
224, 1, 1636426261374, 1636426261738, 364, 0, 364, 0, 0, 0
227, 1, 1636426262010, 1636426262374, 364, 0, 364, 0, 0, 0
230, 1, 1636426262641, 1636426263005, 364, 1, 363, 0, 0, 0
233, 1, 1636426263270, 1636426263634, 364, 0, 364, 0, 0, 0
236, 1, 1636426263898, 1636426264258, 360, 3, 357, 1, 0, 1
239, 1, 1636426264526, 1636426264898, 372, 2, 370, 0, 1, 1
242, 1, 1636426265166, 1636426265530, 364, 1, 363, 0, 0, 0
245, 1, 1636426265793, 1636426266149, 356, 2, 354, 1, 0, 1
248, 1, 1636426266413, 1636426266782, 369, 2, 367, 0, 1, 1
251, 1, 1636426267046, 1636426267414, 368, 1, 367, 0, 0, 0
254, 1, 1636426267677, 1636426268042, 365, 1, 364, 0, 0, 0
257, 1, 1636426268314, 1636426268678, 364, 1, 363, 0, 0, 0
260, 1, 1636426268946, 1636426269310, 364, 1, 363, 0, 1, 1
263, 1, 1636426269574, 1636426269938, 364, 1, 363, 0, 0, 0
266, 1, 1636426270206, 1636426270573, 367, 1, 366, 0, 0, 0
269, 1, 1636426270846, 1636426271210, 364, 0, 364, 0, 0, 0
272, 1, 1636426271482, 1636426271846, 364, 0, 364, 0, 0, 0
275, 1, 1636426272113, 1636426272478, 365, 1, 364, 0, 0, 0
278, 1, 1636426272745, 1636426273114, 369, 3, 366, 0, 0, 0
282, 1, 1636426273382, 1636426273750, 368, 0, 368, 0, 0, 0
285, 1, 1636426274017, 1636426274382, 365, 2, 363, 0, 0, 0
288, 1, 1636426274649, 1636426275018, 369, 1, 368, 0, 0, 0
291, 1, 1636426275286, 1636426275650, 364, 0, 364, 0, 0, 0
294, 1, 1636426275913, 1636426276278, 365, 2, 363, 0, 0, 0
297, 1, 1636426276546, 1636426276910, 364, 1, 363, 1, 0, 1
300, 1, 1636426277178, 1636426277538, 360, 1, 359, 0, 0, 0
303, 1, 1636426277810, 1636426278170, 360, 1, 359, 0, 0, 0
306, 1, 1636426278442, 1636426278806, 364, 0, 364, 0, 0, 0
309, 1, 1636426279074, 1636426279438, 364, 0, 364, 0, 0, 0
312, 1, 1636426279702, 1636426280066, 364, 0, 364, 0, 0, 0
315, 1, 1636426280334, 1636426280698, 364, 0, 364, 0, 0, 0
318, 1, 1636426280965, 1636426281334, 369, 1, 368, 0, 0, 0
321, 1, 1636426281602, 1636426281966, 364, 0, 364, 0, 0, 0
324, 1, 1636426282234, 1636426282598, 364, 1, 363, 0, 0, 0
327, 1, 1636426282866, 1636426283226, 360, 1, 359, 1, 0, 1
330, 1, 1636426283494, 1636426283858, 364, 0, 364, 0, 0, 0
333, 1, 1636426284126, 1636426284490, 364, 0, 364, 0, 0, 0
336, 1, 1636426284758, 1636426285122, 364, 1, 363, 0, 0, 0
339, 1, 1636426285390, 1636426285754, 364, 1, 363, 0, 0, 0
342, 1, 1636426286022, 1636426286386, 364, 0, 364, 0, 0, 0
345, 1, 1636426286653, 1636426287022, 369, 1, 368, 0, 0, 0
348, 1, 1636426287290, 1636426287650, 360, 2, 358, 1, 0, 1
351, 1, 1636426287921, 1636426288282, 361, 1, 360, 0, 0, 0
354, 1, 1636426288550, 1636426288909, 359, 1, 358, 0, 0, 0
357, 1, 1636426289177, 1636426289542, 365, 3, 362, 1, 0, 1
360, 1, 1636426289810, 1636426290174, 364, 3, 361, 1, 1, 2
363, 1, 1636426290446, 1636426290814, 368, 1, 367, 0, 0, 0
366, 1, 1636426291082, 1636426291446, 364, 0, 364, 0, 0, 0
369, 1, 1636426291710, 1636426292070, 360, 1, 359, 0, 0, 0
372, 1, 1636426292338, 1636426292701, 363, 0, 363, 0, 0, 0
375, 1, 1636426292969, 1636426293333, 364, 2, 362, 0, 1, 1
378, 1, 1636426293597, 1636426293961, 364, 3, 361, 0, 1, 1
381, 1, 1636426294226, 1636426294586, 360, 1, 359, 0, 0, 0
384, 1, 1636426294853, 1636426295213, 360, 2, 358, 0, 0, 0
387, 1, 1636426295482, 1636426295846, 364, 3, 361, 2, 0, 2
390, 1, 1636426296114, 1636426296478, 364, 3, 361, 1, 0, 1
393, 1, 1636426296750, 1636426297114, 364, 1, 363, 0, 0, 0
396, 1, 1636426297382, 1636426297746, 364, 1, 363, 0, 1, 1
399, 1, 1636426298010, 1636426298378, 368, 1, 367, 0, 0, 0
402, 1, 1636426298646, 1636426299006, 360, 1, 359, 1, 0, 1
405, 1, 1636426299274, 1636426299638, 364, 1, 363, 0, 0, 0
408, 1, 1636426299905, 1636426300265, 360, 1, 359, 0, 0, 0
411, 1, 1636426300534, 1636426300894, 360, 2, 358, 0, 0, 0
414, 1, 1636426301161, 1636426301514, 353, 2, 351, 0, 0, 0
417, 1, 1636426301782, 1636426302146, 364, 1, 363, 1, 0, 1
420, 1, 1636426302414, 1636426302778, 364, 0, 364, 0, 0, 0
424, 1, 1636426303046, 1636426303414, 368, 0, 368, 0, 0, 0
427, 1, 1636426303677, 1636426304042, 365, 2, 363, 0, 0, 0
430, 1, 1636426304309, 1636426304682, 373, 1, 372, 1, 0, 1
433, 1, 1636426304950, 1636426305314, 364, 1, 363, 0, 0, 0
436, 1, 1636426305582, 1636426305942, 360, 0, 360, 0, 0, 0
439, 1, 1636426306210, 1636426306570, 360, 2, 358, 1, 0, 1
442, 1, 1636426306838, 1636426307202, 364, 1, 363, 0, 0, 0
445, 1, 1636426307469, 1636426307834, 365, 2, 363, 0, 0, 0
448, 1, 1636426308106, 1636426308466, 360, 1, 359, 1, 0, 1
451, 1, 1636426308734, 1636426309098, 364, 0, 364, 0, 0, 0
454, 1, 1636426309366, 1636426309730, 364, 0, 364, 0, 0, 0
457, 1, 1636426309997, 1636426310362, 365, 1, 364, 0, 0, 0
460, 1, 1636426310629, 1636426310994, 365, 1, 364, 1, 0, 1
463, 1, 1636426311261, 1636426311626, 365, 1, 364, 0, 0, 0
466, 1, 1636426311894, 1636426312258, 364, 0, 364, 0, 0, 0
469, 1, 1636426312525, 1636426312890, 365, 2, 363, 0, 0, 0
472, 1, 1636426313162, 1636426313522, 360, 1, 359, 0, 0, 0
475, 1, 1636426313798, 1636426314162, 364, 1, 363, 1, 0, 1
478, 1, 1636426314430, 1636426314794, 364, 0, 364, 0, 0, 0
481, 1, 1636426315062, 1636426315425, 363, 0, 363, 0, 0, 0
484, 1, 1636426315689, 1636426316050, 361, 2, 359, 1, 0, 1
487, 1, 1636426316317, 1636426316686, 369, 1, 368, 0, 0, 0
490, 1, 1636426316954, 1636426317318, 364, 0, 364, 0, 0, 0
493, 1, 1636426317586, 1636426317950, 364, 0, 364, 0, 0, 0
496, 1, 1636426318218, 1636426318586, 368, 0, 368, 0, 0, 0
499, 1, 1636426318854, 1636426319217, 363, 0, 363, 0, 0, 0
502, 1, 1636426319482, 1636426319846, 364, 0, 364, 0, 0, 0
505, 1, 1636426320114, 1636426320478, 364, 0, 364, 0, 0, 0
508, 1, 1636426320750, 1636426321114, 364, 0, 364, 0, 0, 0
511, 1, 1636426321378, 1636426321742, 364, 0, 364, 0, 0, 0
514, 1, 1636426322009, 1636426322366, 357, 2, 355, 1, 1, 2
517, 1, 1636426322633, 1636426322998, 365, 1, 364, 1, 0, 1
520, 1, 1636426323266, 1636426323630, 364, 0, 364, 0, 0, 0
523, 1, 1636426323898, 1636426324258, 360, 0, 360, 0, 0, 0
526, 1, 1636426324526, 1636426324890, 364, 2, 362, 0, 0, 0
529, 1, 1636426325158, 1636426325522, 364, 0, 364, 0, 0, 0
532, 1, 1636426325790, 1636426326150, 360, 1, 359, 0, 0, 0
535, 1, 1636426326414, 1636426326774, 360, 1, 359, 1, 0, 1
538, 1, 1636426327042, 1636426327401, 359, 1, 358, 0, 0, 0
540, 1, 1636426327669, 1636426328033, 364, 1, 363, 0, 0, 0
542, 1, 1636426328302, 1636426328666, 364, 1, 363, 0, 0, 0
544, 1, 1636426328937, 1636426329302, 365, 1, 364, 0, 0, 0
546, 1, 1636426329574, 1636426329938, 364, 2, 362, 1, 0, 1
548, 1, 1636426330205, 1636426330570, 365, 2, 363, 0, 0, 0
550, 1, 1636426330838, 1636426331201, 363, 0, 363, 0, 0, 0
552, 1, 1636426331465, 1636426331830, 365, 1, 364, 0, 0, 0
554, 1, 1636426332098, 1636426332462, 364, 0, 364, 0, 0, 0
556, 1, 1636426332730, 1636426333094, 364, 0, 364, 0, 0, 0
558, 1, 1636426333366, 1636426333730, 364, 0, 364, 0, 0, 0
560, 1, 1636426333998, 1636426334362, 364, 0, 364, 0, 0, 0
562, 1, 1636426334630, 1636426334994, 364, 0, 364, 0, 0, 0
564, 1, 1636426335262, 1636426335622, 360, 2, 358, 0, 0, 0
566, 1, 1636426335902, 1636426336262, 360, 2, 358, 0, 0, 0
568, 1, 1636426336526, 1636426336890, 364, 1, 363, 1, 0, 1
570, 1, 1636426337158, 1636426337522, 364, 0, 364, 0, 0, 0
572, 1, 1636426337790, 1636426338150, 360, 1, 359, 0, 0, 0
574, 1, 1636426338414, 1636426338777, 363, 1, 362, 0, 0, 0
576, 1, 1636426339046, 1636426339410, 364, 0, 364, 0, 0, 0
578, 1, 1636426339678, 1636426340042, 364, 0, 364, 0, 0, 0
580, 1, 1636426340310, 1636426340674, 364, 0, 364, 0, 0, 0
582, 1, 1636426340942, 1636426341306, 364, 1, 363, 0, 0, 0
1, 1, 1636426901717, 1636426902110, 393, 12, 381, 0, 0, 0
2, 1, 1636426903130, 1636426903494, 364, 1, 363, 0, 0, 0
3, 1, 1636426903742, 1636426904106, 364, 1, 363, 0, 0, 0
4, 1, 1636426904526, 1636426904885, 359, 0, 359, 0, 0, 0
5, 1, 1636426905182, 1636426905550, 368, 0, 368, 0, 0, 0
6, 1, 1636426905314, 1636426905674, 360, 0, 360, 0, 0, 0
7, 1, 1636426905846, 1636426906214, 368, 0, 368, 0, 0, 0
8, 1, 1636426906485, 1636426906846, 361, 1, 360, 0, 0, 0
9, 1, 1636426907026, 1636426907389, 363, 0, 363, 0, 0, 0
10, 1, 1636426907074, 1636426907434, 360, 2, 358, 2, 0, 2
12, 1, 1636426907614, 1636426907974, 360, 0, 360, 0, 0, 0
11, 1, 1636426907661, 1636426908026, 365, 1, 364, 0, 0, 0
13, 1, 1636426908254, 1636426908606, 352, 0, 352, 0, 0, 0
14, 1, 1636426908374, 1636426908738, 364, 0, 364, 0, 0, 0
15, 1, 1636426909033, 1636426909397, 364, 1, 363, 0, 0, 0
16, 1, 1636426909246, 1636426909614, 368, 2, 366, 0, 0, 0
17, 1, 1636426909750, 1636426910026, 276, 1, 275, 0, 0, 0
18, 1, 1636426909786, 1636426910066, 280, 0, 280, 0, 0, 0
19, 1, 1636426910293, 1636426910566, 273, 1, 272, 0, 0, 0
20, 1, 1636426910378, 1636426910650, 272, 1, 271, 0, 1, 1
21, 1, 1636426910786, 1636426911062, 276, 0, 276, 0, 0, 0
23, 1, 1636426910913, 1636426911182, 269, 0, 269, 0, 0, 0
22, 1, 1636426910909, 1636426911186, 277, 1, 276, 0, 1, 1
24, 1, 1636426911410, 1636426911682, 272, 0, 272, 0, 0, 0
25, 1, 1636426911430, 1636426911706, 276, 1, 275, 1, 0, 1
26, 1, 1636426911441, 1636426911722, 281, 1, 280, 1, 0, 1
27, 1, 1636426911914, 1636426912194, 280, 0, 280, 0, 0, 0
28, 1, 1636426912026, 1636426912298, 272, 0, 272, 0, 0, 0
29, 1, 1636426912134, 1636426912406, 272, 0, 272, 0, 0, 0
30, 1, 1636426912550, 1636426912822, 272, 0, 272, 0, 0, 0
31, 1, 1636426912793, 1636426913070, 277, 1, 276, 0, 0, 0
32, 1, 1636426913089, 1636426913361, 272, 1, 271, 0, 0, 0
33, 1, 1636426913354, 1636426913622, 268, 0, 268, 0, 0, 0
34, 1, 1636426913526, 1636426913798, 272, 0, 272, 0, 0, 0
35, 1, 1636426913609, 1636426913886, 277, 1, 276, 0, 0, 0
36, 1, 1636426913694, 1636426913966, 272, 0, 272, 0, 0, 0
37, 1, 1636426914022, 1636426914293, 271, 0, 271, 0, 0, 0
38, 1, 1636426914150, 1636426914417, 267, 0, 267, 0, 0, 0
39, 1, 1636426914154, 1636426914426, 272, 0, 272, 0, 0, 0
40, 1, 1636426914561, 1636426914830, 269, 1, 268, 0, 0, 0
41, 1, 1636426914690, 1636426914958, 268, 0, 268, 0, 0, 0
42, 1, 1636426914814, 1636426915086, 272, 0, 272, 0, 0, 0
43, 1, 1636426914906, 1636426915178, 272, 0, 272, 0, 0, 0
44, 1, 1636426915053, 1636426915326, 273, 1, 272, 0, 0, 0
45, 1, 1636426915346, 1636426915618, 272, 0, 272, 0, 0, 0
46, 1, 1636426915521, 1636426915794, 273, 1, 272, 0, 0, 0
47, 1, 1636426915533, 1636426915806, 273, 1, 272, 0, 0, 0
48, 1, 1636426915802, 1636426916074, 272, 0, 272, 0, 0, 0
49, 1, 1636426916217, 1636426916490, 273, 1, 272, 0, 0, 0
50, 1, 1636426916254, 1636426916526, 272, 0, 272, 0, 0, 0
51, 1, 1636426916782, 1636426917058, 276, 0, 276, 0, 0, 0
52, 1, 1636426916878, 1636426917154, 276, 0, 276, 0, 0, 0
53, 1, 1636426917510, 1636426917782, 272, 0, 272, 0, 0, 0
54, 1, 1636426917517, 1636426917793, 276, 1, 275, 0, 1, 1
55, 1, 1636426917606, 1636426917874, 268, 0, 268, 0, 0, 0
56, 1, 1636426917706, 1636426917977, 271, 0, 271, 0, 0, 0
58, 1, 1636426917974, 1636426918246, 272, 0, 272, 0, 0, 0
57, 1, 1636426918058, 1636426918330, 272, 0, 272, 0, 0, 0
59, 1, 1636426918197, 1636426918477, 280, 1, 279, 0, 0, 0
60, 1, 1636426918435, 1636426918710, 275, 1, 274, 1, 0, 1
61, 1, 1636426918730, 1636426918998, 268, 0, 268, 0, 0, 0
62, 1, 1636426918742, 1636426919013, 271, 0, 271, 0, 0, 0
63, 1, 1636426919077, 1636426919350, 273, 1, 272, 0, 0, 0
64, 1, 1636426919181, 1636426919458, 277, 1, 276, 0, 0, 0
65, 1, 1636426919357, 1636426919626, 269, 1, 268, 1, 0, 1
66, 1, 1636426919645, 1636426919917, 272, 1, 271, 0, 1, 1
67, 1, 1636426919690, 1636426919962, 272, 0, 272, 0, 0, 0
68, 1, 1636426919810, 1636426920082, 272, 0, 272, 0, 0, 0
69, 1, 1636426920158, 1636426920430, 272, 0, 272, 0, 0, 0
70, 1, 1636426920389, 1636426920666, 277, 1, 276, 1, 0, 1
71, 1, 1636426920690, 1636426920962, 272, 0, 272, 0, 0, 0
72, 1, 1636426921049, 1636426921318, 269, 0, 269, 0, 0, 0
73, 1, 1636426921229, 1636426921502, 273, 1, 272, 0, 0, 0
74, 1, 1636426921434, 1636426921706, 272, 0, 272, 0, 0, 0
76, 1, 1636426921790, 1636426922062, 272, 0, 272, 0, 0, 0
77, 1, 1636426921878, 1636426922150, 272, 0, 272, 0, 0, 0
75, 1, 1636426921889, 1636426922166, 277, 1, 276, 0, 0, 0
79, 1, 1636426922249, 1636426922521, 272, 1, 271, 0, 0, 0
78, 1, 1636426922350, 1636426922626, 276, 0, 276, 0, 0, 0
80, 1, 1636426922369, 1636426922642, 273, 1, 272, 1, 0, 1
81, 1, 1636426922914, 1636426923190, 276, 0, 276, 0, 0, 0
82, 1, 1636426922985, 1636426923258, 273, 0, 273, 0, 0, 0
83, 1, 1636426923029, 1636426923301, 272, 1, 271, 0, 1, 1
84, 1, 1636426923486, 1636426923762, 276, 0, 276, 0, 0, 0
86, 1, 1636426923606, 1636426923873, 267, 0, 267, 0, 0, 0
87, 1, 1636426923682, 1636426923953, 271, 0, 271, 0, 0, 0
85, 1, 1636426923941, 1636426924210, 269, 1, 268, 0, 0, 0
88, 1, 1636426924137, 1636426924410, 273, 1, 272, 0, 0, 0
90, 1, 1636426924345, 1636426924617, 272, 1, 271, 1, 0, 1
89, 1, 1636426924390, 1636426924662, 272, 0, 272, 0, 0, 0
91, 1, 1636426924798, 1636426925070, 272, 0, 272, 0, 0, 0
92, 1, 1636426924994, 1636426925266, 272, 0, 272, 0, 0, 0
93, 1, 1636426925262, 1636426925534, 272, 0, 272, 0, 0, 0
94, 1, 1636426925610, 1636426925881, 271, 0, 271, 0, 0, 0
95, 1, 1636426925789, 1636426926062, 273, 1, 272, 0, 0, 0
96, 1, 1636426925833, 1636426926106, 273, 1, 272, 0, 0, 0
97, 1, 1636426926061, 1636426926333, 272, 1, 271, 0, 0, 0
99, 1, 1636426926286, 1636426926558, 272, 0, 272, 0, 0, 0
98, 1, 1636426926293, 1636426926569, 276, 1, 275, 1, 0, 1
100, 1, 1636426926517, 1636426926790, 273, 1, 272, 1, 0, 1
101, 1, 1636426926826, 1636426927102, 276, 0, 276, 0, 0, 0
102, 1, 1636426927022, 1636426927294, 272, 0, 272, 0, 0, 0
103, 1, 1636426927201, 1636426927474, 273, 1, 272, 1, 0, 1
105, 1, 1636426927514, 1636426927786, 272, 0, 272, 0, 0, 0
108, 1, 1636426927634, 1636426927906, 272, 0, 272, 0, 0, 0
106, 1, 1636426927966, 1636426928246, 280, 0, 280, 0, 0, 0
109, 1, 1636426928377, 1636426928650, 273, 1, 272, 0, 0, 0
111, 1, 1636426929050, 1636426929321, 271, 0, 271, 0, 0, 0
113, 1, 1636426929325, 1636426929594, 269, 0, 269, 0, 0, 0
114, 1, 1636426929750, 1636426930022, 272, 0, 272, 0, 0, 0
116, 1, 1636426929822, 1636426930094, 272, 0, 272, 0, 0, 0
117, 1, 1636426930210, 1636426930482, 272, 0, 272, 0, 0, 0
119, 1, 1636426930317, 1636426930590, 273, 1, 272, 0, 0, 0
121, 1, 1636426931078, 1636426931342, 264, 0, 264, 0, 0, 0
122, 1, 1636426931118, 1636426931389, 271, 0, 271, 0, 0, 0
123, 1, 1636426931138, 1636426931405, 267, 0, 267, 0, 0, 0
124, 1, 1636426931586, 1636426931862, 276, 0, 276, 0, 0, 0
125, 1, 1636426931690, 1636426931962, 272, 0, 272, 0, 0, 0
126, 1, 1636426932046, 1636426932318, 272, 0, 272, 0, 0, 0
127, 1, 1636426932658, 1636426932930, 272, 0, 272, 0, 0, 0
128, 1, 1636426933122, 1636426933394, 272, 0, 272, 0, 0, 0
129, 1, 1636426933397, 1636426933674, 277, 1, 276, 0, 0, 0
130, 1, 1636426933874, 1636426934146, 272, 0, 272, 0, 0, 0
131, 1, 1636426934062, 1636426934338, 276, 0, 276, 0, 0, 0
133, 1, 1636426934377, 1636426934650, 273, 1, 272, 0, 0, 0
132, 1, 1636426934521, 1636426934794, 273, 1, 272, 0, 0, 0
134, 1, 1636426935150, 1636426935418, 268, 0, 268, 0, 0, 0
135, 1, 1636426935177, 1636426935450, 273, 1, 272, 0, 0, 0
136, 1, 1636426935293, 1636426935566, 273, 1, 272, 1, 0, 1
137, 1, 1636426935633, 1636426935910, 277, 1, 276, 0, 0, 0
138, 1, 1636426935766, 1636426936042, 276, 0, 276, 0, 0, 0
139, 1, 1636426936094, 1636426936370, 276, 0, 276, 0, 0, 0
140, 1, 1636426936790, 1636426937062, 272, 0, 272, 0, 0, 0
141, 1, 1636426937273, 1636426937546, 273, 1, 272, 0, 0, 0
142, 1, 1636426937689, 1636426937958, 269, 1, 268, 1, 0, 1
143, 1, 1636426937946, 1636426938218, 272, 0, 272, 0, 0, 0
145, 1, 1636426938085, 1636426938358, 273, 1, 272, 1, 0, 1
146, 1, 1636426938346, 1636426938617, 271, 0, 271, 0, 0, 0
147, 1, 1636426938446, 1636426938718, 272, 0, 272, 0, 0, 0
144, 1, 1636426938546, 1636426938818, 272, 0, 272, 0, 0, 0
148, 1, 1636426938798, 1636426939074, 276, 0, 276, 0, 0, 0
149, 1, 1636426939005, 1636426939305, 300, 1, 299, 0, 1, 1
150, 1, 1636426939253, 1636426939521, 268, 1, 267, 1, 0, 1
151, 1, 1636426939257, 1636426939525, 268, 1, 267, 0, 0, 0
152, 1, 1636426939517, 1636426939826, 309, 1, 308, 1, 0, 1
153, 1, 1636426939565, 1636426939834, 269, 1, 268, 0, 1, 1
154, 1, 1636426939737, 1636426940010, 273, 1, 272, 0, 0, 0
155, 1, 1636426940061, 1636426940382, 321, 1, 320, 0, 0, 0
157, 1, 1636426940201, 1636426940473, 272, 1, 271, 0, 1, 1
156, 1, 1636426940201, 1636426940473, 272, 1, 271, 1, 0, 1
120, 1, 1636426940241, 1636426940514, 273, 0, 273, 0, 0, 0
158, 1, 1636426940657, 1636426940929, 272, 1, 271, 0, 1, 1
159, 1, 1636426940838, 1636426941110, 272, 0, 272, 0, 0, 0
160, 1, 1636426941113, 1636426941386, 273, 1, 272, 0, 0, 0
161, 1, 1636426941294, 1636426941562, 268, 0, 268, 0, 0, 0
162, 1, 1636426941362, 1636426941634, 272, 0, 272, 0, 0, 0
163, 1, 1636426941834, 1636426942110, 276, 0, 276, 0, 0, 0
165, 1, 1636426942173, 1636426942446, 273, 1, 272, 0, 0, 0
164, 1, 1636426942298, 1636426942570, 272, 0, 272, 0, 0, 0
166, 1, 1636426942417, 1636426942685, 268, 1, 267, 0, 0, 0
167, 1, 1636426942669, 1636426942942, 273, 1, 272, 0, 0, 0
168, 1, 1636426942773, 1636426943041, 268, 1, 267, 0, 0, 0
169, 1, 1636426942909, 1636426943182, 273, 1, 272, 0, 0, 0
170, 1, 1636426943217, 1636426943489, 272, 1, 271, 0, 1, 1
171, 1, 1636426943298, 1636426943566, 268, 0, 268, 0, 0, 0
172, 1, 1636426943321, 1636426943589, 268, 1, 267, 0, 1, 1
173, 1, 1636426943366, 1636426943634, 268, 0, 268, 0, 0, 0
174, 1, 1636426943885, 1636426944166, 281, 1, 280, 0, 0, 0
175, 1, 1636426943922, 1636426944189, 267, 0, 267, 0, 0, 0
176, 1, 1636426943966, 1636426944237, 271, 0, 271, 0, 0, 0
177, 1, 1636426944342, 1636426944614, 272, 0, 272, 0, 0, 0
178, 1, 1636426944389, 1636426944661, 272, 1, 271, 0, 0, 0
179, 1, 1636426944570, 1636426944846, 276, 0, 276, 0, 0, 0
180, 1, 1636426944858, 1636426945130, 272, 0, 272, 0, 0, 0
181, 1, 1636426945026, 1636426945298, 272, 0, 272, 0, 0, 0
182, 1, 1636426945153, 1636426945426, 273, 1, 272, 0, 0, 0
183, 1, 1636426945522, 1636426945794, 272, 0, 272, 0, 0, 0
185, 1, 1636426945909, 1636426946186, 277, 1, 276, 0, 0, 0
184, 1, 1636426945978, 1636426946254, 276, 0, 276, 0, 0, 0
186, 1, 1636426946406, 1636426946678, 272, 0, 272, 0, 0, 0
187, 1, 1636426946605, 1636426946874, 269, 1, 268, 0, 0, 0
188, 1, 1636426946641, 1636426946918, 277, 1, 276, 0, 1, 1
189, 1, 1636426946973, 1636426947241, 268, 1, 267, 0, 0, 0
191, 1, 1636426947013, 1636426947286, 273, 1, 272, 0, 0, 0
190, 1, 1636426947053, 1636426947325, 272, 1, 271, 0, 0, 0
192, 1, 1636426947130, 1636426947406, 276, 1, 275, 0, 0, 0
193, 1, 1636426947590, 1636426947862, 272, 0, 272, 0, 0, 0
194, 1, 1636426947625, 1636426947898, 273, 1, 272, 0, 0, 0
195, 1, 1636426947749, 1636426948026, 277, 1, 276, 0, 0, 0
196, 1, 1636426947754, 1636426948026, 272, 0, 272, 0, 0, 0
197, 1, 1636426948082, 1636426948354, 272, 0, 272, 0, 0, 0
198, 1, 1636426948209, 1636426948482, 273, 1, 272, 0, 0, 0
199, 1, 1636426948362, 1636426948638, 276, 0, 276, 0, 0, 0
200, 1, 1636426948662, 1636426948934, 272, 0, 272, 0, 0, 0
201, 1, 1636426948821, 1636426949093, 272, 1, 271, 0, 0, 0
202, 1, 1636426949002, 1636426949278, 276, 0, 276, 0, 0, 0
203, 1, 1636426949430, 1636426949698, 268, 0, 268, 0, 0, 0
205, 1, 1636426949698, 1636426949970, 272, 0, 272, 0, 0, 0
204, 1, 1636426949881, 1636426950154, 273, 1, 272, 0, 0, 0
206, 1, 1636426950194, 1636426950466, 272, 0, 272, 0, 0, 0
207, 1, 1636426950374, 1636426950645, 271, 0, 271, 0, 0, 0
208, 1, 1636426950474, 1636426950746, 272, 0, 272, 0, 0, 0
211, 1, 1636426950850, 1636426951117, 267, 0, 267, 0, 0, 0
210, 1, 1636426950857, 1636426951126, 269, 1, 268, 0, 0, 0
209, 1, 1636426950934, 1636426951206, 272, 0, 272, 0, 0, 0
214, 1, 1636426951414, 1636426951701, 287, 0, 287, 0, 0, 0
215, 1, 1636426951522, 1636426951794, 272, 0, 272, 0, 0, 0
217, 1, 1636426951885, 1636426952158, 273, 1, 272, 0, 0, 0
218, 1, 1636426952073, 1636426952350, 277, 1, 276, 1, 0, 1
220, 1, 1636426952534, 1636426952806, 272, 0, 272, 0, 0, 0
222, 1, 1636426953054, 1636426953326, 272, 0, 272, 0, 0, 0
223, 1, 1636426953130, 1636426953402, 272, 0, 272, 0, 0, 0
224, 1, 1636426953586, 1636426953862, 276, 0, 276, 0, 0, 0
227, 1, 1636426954166, 1636426954437, 271, 0, 271, 0, 0, 0
228, 1, 1636426954178, 1636426954449, 271, 0, 271, 0, 0, 0
229, 1, 1636426954633, 1636426954906, 273, 1, 272, 0, 0, 0
231, 1, 1636426954909, 1636426955182, 273, 1, 272, 0, 0, 0
232, 1, 1636426955222, 1636426955494, 272, 0, 272, 0, 0, 0
235, 1, 1636426955774, 1636426956050, 276, 0, 276, 0, 0, 0
236, 1, 1636426956234, 1636426956510, 276, 0, 276, 0, 0, 0
237, 1, 1636426956838, 1636426957109, 271, 0, 271, 0, 0, 0
238, 1, 1636426956942, 1636426957213, 271, 0, 271, 0, 0, 0
239, 1, 1636426957390, 1636426957662, 272, 0, 272, 0, 0, 0
240, 1, 1636426958002, 1636426958274, 272, 0, 272, 0, 0, 0
242, 1, 1636426958574, 1636426958845, 271, 0, 271, 0, 0, 0
243, 1, 1636426958694, 1636426958970, 276, 0, 276, 0, 0, 0
244, 1, 1636426959030, 1636426959294, 264, 0, 264, 0, 0, 0
245, 1, 1636426959582, 1636426959854, 272, 0, 272, 0, 0, 0
246, 1, 1636426960062, 1636426960338, 276, 0, 276, 0, 0, 0
247, 1, 1636426961046, 1636426961322, 276, 0, 276, 0, 0, 0
248, 1, 1636426961133, 1636426961402, 269, 0, 269, 0, 0, 0
249, 1, 1636426961581, 1636426961854, 273, 1, 272, 0, 1, 1
252, 1, 1636426962002, 1636426962278, 276, 0, 276, 0, 0, 0
254, 1, 1636426962614, 1636426962886, 272, 0, 272, 0, 0, 0
255, 1, 1636426962757, 1636426963030, 273, 1, 272, 0, 0, 0
257, 1, 1636426963193, 1636426963466, 273, 1, 272, 0, 0, 0
260, 1, 1636426964001, 1636426964274, 273, 1, 272, 0, 0, 0
262, 1, 1636426964457, 1636426964733, 276, 1, 275, 0, 0, 0
263, 1, 1636426964894, 1636426965170, 276, 0, 276, 0, 0, 0
264, 1, 1636426965074, 1636426965346, 272, 0, 272, 0, 0, 0
265, 1, 1636426965170, 1636426965454, 284, 0, 284, 0, 0, 0
241, 1, 1636426965626, 1636426965898, 272, 0, 272, 0, 0, 0
266, 1, 1636426965634, 1636426965906, 272, 0, 272, 0, 0, 0
267, 1, 1636426965842, 1636426966117, 275, 0, 275, 0, 0, 0
269, 1, 1636426966073, 1636426966346, 273, 1, 272, 1, 0, 1
268, 1, 1636426966301, 1636426966573, 272, 1, 271, 0, 0, 0
271, 1, 1636426966617, 1636426966894, 277, 1, 276, 0, 0, 0
272, 1, 1636426966686, 1636426966958, 272, 0, 272, 0, 0, 0
270, 1, 1636426966750, 1636426967022, 272, 0, 272, 0, 0, 0
273, 1, 1636426967430, 1636426967706, 276, 0, 276, 0, 0, 0
274, 1, 1636426968098, 1636426968374, 276, 0, 276, 0, 0, 0
275, 1, 1636426968626, 1636426968898, 272, 0, 272, 0, 0, 0
276, 1, 1636426968677, 1636426968950, 273, 1, 272, 0, 0, 0
277, 1, 1636426969306, 1636426969578, 272, 0, 272, 0, 0, 0
278, 1, 1636426969338, 1636426969610, 272, 0, 272, 0, 0, 0
279, 1, 1636426969794, 1636426970070, 276, 0, 276, 0, 0, 0
280, 1, 1636426969954, 1636426970229, 275, 1, 274, 1, 0, 1
281, 1, 1636426970034, 1636426970306, 272, 0, 272, 0, 0, 0
283, 1, 1636426970398, 1636426970670, 272, 0, 272, 0, 0, 0
282, 1, 1636426970413, 1636426970685, 272, 1, 271, 0, 0, 0
285, 1, 1636426970533, 1636426970806, 273, 1, 272, 0, 0, 0
284, 1, 1636426970862, 1636426971134, 272, 0, 272, 0, 0, 0
286, 1, 1636426971270, 1636426971542, 272, 0, 272, 0, 0, 0
287, 1, 1636426972061, 1636426972334, 273, 1, 272, 0, 0, 0
291, 1, 1636426972586, 1636426972862, 276, 0, 276, 0, 0, 0
292, 1, 1636426972970, 1636426973258, 288, 0, 288, 0, 0, 0
294, 1, 1636426973266, 1636426973542, 276, 0, 276, 0, 0, 0
296, 1, 1636426973549, 1636426973825, 276, 1, 275, 0, 0, 0
261, 1, 1636426973778, 1636426974049, 271, 0, 271, 0, 0, 0
298, 1, 1636426973913, 1636426974185, 272, 1, 271, 0, 0, 0
299, 1, 1636426973961, 1636426974237, 276, 1, 275, 0, 0, 0
297, 1, 1636426974001, 1636426974274, 273, 1, 272, 0, 1, 1
302, 1, 1636426974369, 1636426974649, 280, 1, 279, 0, 0, 0
303, 1, 1636426974413, 1636426974693, 280, 1, 279, 0, 0, 0
305, 1, 1636426974693, 1636426974965, 272, 1, 271, 0, 0, 0
301, 1, 1636426974825, 1636426975098, 273, 1, 272, 0, 0, 0
306, 1, 1636426975074, 1636426975346, 272, 0, 272, 0, 0, 0
307, 1, 1636426975906, 1636426976178, 272, 0, 272, 0, 0, 0
308, 1, 1636426976441, 1636426976714, 273, 1, 272, 0, 0, 0
309, 1, 1636426977085, 1636426977357, 272, 1, 271, 0, 0, 0
310, 1, 1636426977126, 1636426977398, 272, 0, 272, 0, 0, 0
311, 1, 1636426977257, 1636426977530, 273, 1, 272, 0, 0, 0
312, 1, 1636426977714, 1636426977994, 280, 0, 280, 0, 0, 0
313, 1, 1636426977837, 1636426978110, 273, 1, 272, 0, 0, 0
316, 1, 1636426978229, 1636426978506, 277, 1, 276, 0, 0, 0
315, 1, 1636426978294, 1636426978566, 272, 0, 272, 0, 0, 0
317, 1, 1636426978686, 1636426978958, 272, 0, 272, 0, 0, 0
318, 1, 1636426978733, 1636426979005, 272, 1, 271, 0, 1, 1
314, 1, 1636426978745, 1636426979017, 272, 1, 271, 0, 0, 0
319, 1, 1636426979342, 1636426979618, 276, 0, 276, 0, 0, 0
320, 1, 1636426980177, 1636426980450, 273, 1, 272, 1, 0, 1
321, 1, 1636426980710, 1636426980982, 272, 0, 272, 0, 0, 0
322, 1, 1636426980861, 1636426981133, 272, 1, 271, 0, 0, 0
323, 1, 1636426981185, 1636426981457, 272, 1, 271, 0, 1, 1
324, 1, 1636426981393, 1636426981669, 276, 1, 275, 0, 1, 1
325, 1, 1636426981642, 1636426981914, 272, 0, 272, 0, 0, 0
326, 1, 1636426982077, 1636426982350, 273, 1, 272, 0, 0, 0
329, 1, 1636426982517, 1636426982789, 272, 1, 271, 0, 1, 1
330, 1, 1636426982601, 1636426982873, 272, 1, 271, 1, 0, 1
331, 1, 1636426982777, 1636426983049, 272, 1, 271, 1, 0, 1
333, 1, 1636426982974, 1636426983269, 295, 0, 295, 0, 0, 0
336, 1, 1636426983606, 1636426983878, 272, 0, 272, 0, 0, 0
304, 1, 1636426984130, 1636426984402, 272, 0, 272, 0, 0, 0
338, 1, 1636426984433, 1636426984706, 273, 1, 272, 1, 0, 1
341, 1, 1636426984857, 1636426985134, 277, 1, 276, 0, 0, 0
342, 1, 1636426984970, 1636426985241, 271, 0, 271, 0, 0, 0
344, 1, 1636426985650, 1636426985926, 276, 0, 276, 0, 0, 0
346, 1, 1636426986242, 1636426986514, 272, 0, 272, 0, 0, 0
347, 1, 1636426986338, 1636426986605, 267, 0, 267, 0, 0, 0
348, 1, 1636426986514, 1636426986790, 276, 0, 276, 0, 0, 0
353, 1, 1636426988778, 1636426989050, 272, 0, 272, 0, 0, 0
356, 1, 1636426990166, 1636426990442, 276, 0, 276, 0, 0, 0
358, 1, 1636426990473, 1636426990750, 277, 1, 276, 0, 1, 1
359, 1, 1636426992737, 1636426993050, 313, 0, 313, 0, 0, 0
365, 1, 1636426994126, 1636426994398, 272, 0, 272, 0, 0, 0
367, 1, 1636426994466, 1636426994742, 276, 0, 276, 0, 0, 0
340, 1, 1636426994469, 1636426994742, 273, 1, 272, 0, 0, 0
345, 1, 1636426995450, 1636426995726, 276, 0, 276, 0, 0, 0
372, 1, 1636426996802, 1636426997078, 276, 0, 276, 0, 0, 0
374, 1, 1636426997325, 1636426997594, 269, 0, 269, 0, 0, 0
373, 1, 1636426997325, 1636426997594, 269, 0, 269, 0, 0, 0
375, 1, 1636426997982, 1636426998254, 272, 0, 272, 0, 0, 0
376, 1, 1636426998222, 1636426998494, 272, 0, 272, 0, 0, 0
377, 1, 1636426998469, 1636426998741, 272, 1, 271, 0, 1, 1
378, 1, 1636426998862, 1636426999138, 276, 0, 276, 0, 0, 0
379, 1, 1636426999406, 1636426999678, 272, 0, 272, 0, 0, 0
357, 1, 1636426999734, 1636427000005, 271, 0, 271, 0, 0, 0
380, 1, 1636427000078, 1636427000349, 271, 0, 271, 0, 0, 0
381, 1, 1636427000534, 1636427000806, 272, 0, 272, 0, 0, 0
382, 1, 1636427000938, 1636427001210, 272, 0, 272, 0, 0, 0
383, 1, 1636427001526, 1636427001798, 272, 0, 272, 0, 0, 0
384, 1, 1636427001558, 1636427001830, 272, 0, 272, 0, 0, 0
385, 1, 1636427001982, 1636427002254, 272, 0, 272, 0, 0, 0
386, 1, 1636427002389, 1636427002662, 273, 1, 272, 0, 0, 0
387, 1, 1636427002421, 1636427002693, 272, 1, 271, 0, 0, 0
388, 1, 1636427002781, 1636427003054, 273, 1, 272, 1, 0, 1
391, 1, 1636427003317, 1636427003674, 357, 0, 357, 0, 0, 0
393, 1, 1636427003970, 1636427004246, 276, 0, 276, 0, 0, 0
395, 1, 1636427004262, 1636427004533, 271, 0, 271, 0, 0, 0
394, 1, 1636427004429, 1636427004701, 272, 1, 271, 0, 0, 0
398, 1, 1636427004617, 1636427004890, 273, 1, 272, 0, 0, 0
396, 1, 1636427004717, 1636427004990, 273, 1, 272, 0, 0, 0
369, 1, 1636427004817, 1636427005090, 273, 1, 272, 0, 0, 0
400, 1, 1636427005430, 1636427005701, 271, 0, 271, 0, 0, 0
402, 1, 1636427005518, 1636427005790, 272, 0, 272, 0, 0, 0
371, 1, 1636427005801, 1636427006074, 273, 1, 272, 0, 0, 0
403, 1, 1636427005882, 1636427006154, 272, 0, 272, 0, 0, 0
404, 1, 1636427006110, 1636427006378, 268, 0, 268, 0, 0, 0
407, 1, 1636427006685, 1636427006958, 273, 1, 272, 0, 1, 1
408, 1, 1636427006705, 1636427006981, 276, 1, 275, 0, 0, 0
409, 1, 1636427007210, 1636427007482, 272, 0, 272, 0, 0, 0
410, 1, 1636427008082, 1636427008354, 272, 0, 272, 0, 0, 0
412, 1, 1636427008266, 1636427008549, 283, 0, 283, 0, 0, 0
414, 1, 1636427008374, 1636427008654, 280, 0, 280, 0, 0, 0
411, 1, 1636427008529, 1636427008797, 268, 0, 268, 0, 0, 0
413, 1, 1636427008733, 1636427009006, 273, 1, 272, 0, 0, 0
415, 1, 1636427009314, 1636427009586, 272, 0, 272, 0, 0, 0
417, 1, 1636427009442, 1636427009713, 271, 0, 271, 0, 0, 0
416, 1, 1636427009769, 1636427010041, 272, 1, 271, 0, 0, 0
418, 1, 1636427009858, 1636427010130, 272, 0, 272, 0, 0, 0
419, 1, 1636427010414, 1636427010686, 272, 0, 272, 0, 0, 0
420, 1, 1636427010569, 1636427010842, 273, 1, 272, 0, 0, 0
421, 1, 1636427011098, 1636427011370, 272, 0, 272, 0, 0, 0
422, 1, 1636427011894, 1636427012166, 272, 0, 272, 0, 0, 0
423, 1, 1636427011961, 1636427012238, 277, 1, 276, 1, 0, 1
424, 1, 1636427012346, 1636427012618, 272, 0, 272, 0, 0, 0
425, 1, 1636427012421, 1636427012693, 272, 1, 271, 1, 0, 1
426, 1, 1636427012586, 1636427012858, 272, 0, 272, 0, 0, 0
427, 1, 1636427013509, 1636427013782, 273, 1, 272, 0, 0, 0
428, 1, 1636427013566, 1636427013838, 272, 0, 272, 0, 0, 0
431, 1, 1636427013710, 1636427014029, 319, 0, 319, 0, 0, 0
430, 1, 1636427013966, 1636427014241, 275, 0, 275, 0, 0, 0
429, 1, 1636427014013, 1636427014290, 277, 1, 276, 0, 0, 0
432, 1, 1636427014073, 1636427014346, 273, 1, 272, 0, 0, 0
433, 1, 1636427014261, 1636427014538, 277, 1, 276, 0, 0, 0
434, 1, 1636427014865, 1636427015142, 277, 1, 276, 1, 0, 1
401, 1, 1636427015162, 1636427015430, 268, 0, 268, 0, 0, 0
435, 1, 1636427015317, 1636427015594, 277, 1, 276, 1, 0, 1
440, 1, 1636427015866, 1636427016142, 276, 0, 276, 0, 0, 0
406, 1, 1636427016157, 1636427016426, 269, 1, 268, 0, 0, 0
442, 1, 1636427016294, 1636427016566, 272, 0, 272, 0, 0, 0
441, 1, 1636427016321, 1636427016590, 269, 1, 268, 0, 0, 0
443, 1, 1636427016510, 1636427016781, 271, 0, 271, 0, 0, 0
445, 1, 1636427016657, 1636427016929, 272, 1, 271, 0, 0, 0
444, 1, 1636427016750, 1636427017022, 272, 0, 272, 0, 0, 0
446, 1, 1636427016966, 1636427017242, 276, 0, 276, 0, 0, 0
448, 1, 1636427017650, 1636427017922, 272, 0, 272, 0, 0, 0
450, 1, 1636427017750, 1636427018022, 272, 0, 272, 0, 0, 0
451, 1, 1636427018105, 1636427018377, 272, 1, 271, 0, 0, 0
452, 1, 1636427018105, 1636427018378, 273, 1, 272, 1, 0, 1
453, 1, 1636427018149, 1636427018418, 269, 1, 268, 0, 1, 1
454, 1, 1636427019006, 1636427019278, 272, 0, 272, 0, 0, 0
455, 1, 1636427019466, 1636427019742, 276, 0, 276, 0, 0, 0
456, 1, 1636427020185, 1636427020454, 269, 1, 268, 1, 0, 1
458, 1, 1636427020409, 1636427020681, 272, 1, 271, 0, 0, 0
460, 1, 1636427020501, 1636427020773, 272, 1, 271, 0, 0, 0
457, 1, 1636427020634, 1636427020905, 271, 0, 271, 0, 0, 0
461, 1, 1636427020861, 1636427021130, 269, 0, 269, 0, 0, 0
463, 1, 1636427021449, 1636427021726, 277, 1, 276, 0, 0, 0
466, 1, 1636427021838, 1636427022110, 272, 0, 272, 0, 0, 0
464, 1, 1636427021910, 1636427022182, 272, 0, 272, 0, 0, 0
467, 1, 1636427021985, 1636427022258, 273, 1, 272, 0, 0, 0
468, 1, 1636427022773, 1636427023046, 273, 1, 272, 0, 0, 0
469, 1, 1636427023237, 1636427023510, 273, 1, 272, 1, 0, 1
470, 1, 1636427024041, 1636427024314, 273, 1, 272, 0, 0, 0
472, 1, 1636427024210, 1636427024485, 275, 0, 275, 0, 0, 0
473, 1, 1636427024449, 1636427024721, 272, 0, 272, 0, 0, 0
471, 1, 1636427024493, 1636427024769, 276, 0, 276, 0, 0, 0
474, 1, 1636427024669, 1636427024942, 273, 1, 272, 0, 0, 0
478, 1, 1636427025650, 1636427025921, 271, 0, 271, 0, 0, 0
480, 1, 1636427025941, 1636427026217, 276, 1, 275, 1, 0, 1
481, 1, 1636427026010, 1636427026281, 271, 0, 271, 0, 0, 0
477, 1, 1636427026101, 1636427026373, 272, 1, 271, 0, 0, 0
483, 1, 1636427026970, 1636427027242, 272, 0, 272, 0, 0, 0
484, 1, 1636427027429, 1636427027734, 305, 0, 305, 0, 0, 0
485, 1, 1636427027862, 1636427028138, 276, 0, 276, 0, 0, 0
487, 1, 1636427027994, 1636427028266, 272, 0, 272, 0, 0, 0
489, 1, 1636427028237, 1636427028510, 273, 1, 272, 0, 1, 1
486, 1, 1636427028322, 1636427028594, 272, 0, 272, 0, 0, 0
490, 1, 1636427028401, 1636427028670, 269, 1, 268, 0, 0, 0
488, 1, 1636427028445, 1636427028714, 269, 1, 268, 0, 1, 1
491, 1, 1636427028850, 1636427029122, 272, 0, 272, 0, 0, 0
492, 1, 1636427029626, 1636427029898, 272, 0, 272, 0, 0, 0
493, 1, 1636427029910, 1636427030182, 272, 0, 272, 0, 0, 0
494, 1, 1636427029933, 1636427030206, 273, 1, 272, 0, 1, 1
495, 1, 1636427030409, 1636427030682, 273, 1, 272, 0, 1, 1
496, 1, 1636427030798, 1636427031082, 284, 0, 284, 0, 0, 0
465, 1, 1636427030945, 1636427031214, 269, 0, 269, 0, 0, 0
498, 1, 1636427031285, 1636427031557, 272, 1, 271, 0, 0, 0
497, 1, 1636427031298, 1636427031577, 279, 0, 279, 0, 0, 0
499, 1, 1636427031733, 1636427032006, 273, 1, 272, 1, 0, 1
500, 1, 1636427031749, 1636427032022, 273, 0, 273, 0, 0, 0
503, 1, 1636427032169, 1636427032442, 273, 1, 272, 1, 0, 1
502, 1, 1636427032206, 1636427032478, 272, 0, 272, 0, 0, 0
505, 1, 1636427032398, 1636427032669, 271, 0, 271, 0, 0, 0
504, 1, 1636427032621, 1636427032894, 273, 1, 272, 0, 0, 0
501, 1, 1636427032658, 1636427032930, 272, 0, 272, 0, 0, 0
506, 1, 1636427032734, 1636427033010, 276, 0, 276, 0, 0, 0
507, 1, 1636427033194, 1636427033470, 276, 0, 276, 0, 0, 0
508, 1, 1636427033781, 1636427034054, 273, 1, 272, 0, 0, 0
509, 1, 1636427033841, 1636427034114, 273, 1, 272, 0, 0, 0
510, 1, 1636427033849, 1636427034122, 273, 1, 272, 1, 0, 1
511, 1, 1636427034306, 1636427034578, 272, 0, 272, 0, 0, 0
512, 1, 1636427034717, 1636427034990, 273, 1, 272, 0, 0, 0
513, 1, 1636427035194, 1636427035465, 271, 0, 271, 0, 0, 0
514, 1, 1636427035205, 1636427035473, 268, 1, 267, 0, 0, 0
515, 1, 1636427035641, 1636427035917, 276, 1, 275, 0, 0, 0
516, 1, 1636427035685, 1636427036001, 316, 1, 315, 0, 0, 0
482, 1, 1636427035861, 1636427036137, 276, 1, 275, 1, 0, 1
519, 1, 1636427036074, 1636427036345, 271, 0, 271, 0, 0, 0
520, 1, 1636427036182, 1636427036453, 271, 0, 271, 0, 0, 0
523, 1, 1636427036197, 1636427036466, 269, 0, 269, 0, 0, 0
522, 1, 1636427036529, 1636427036802, 273, 1, 272, 0, 0, 0
524, 1, 1636427036634, 1636427036902, 268, 0, 268, 0, 0, 0
526, 1, 1636427036645, 1636427036918, 273, 1, 272, 0, 0, 0
527, 1, 1636427037097, 1636427037370, 273, 1, 272, 0, 0, 0
528, 1, 1636427037582, 1636427037858, 276, 0, 276, 0, 0, 0
529, 1, 1636427037698, 1636427037970, 272, 0, 272, 0, 0, 0
531, 1, 1636427038026, 1636427038294, 268, 0, 268, 0, 0, 0
530, 1, 1636427038154, 1636427038426, 272, 0, 272, 0, 0, 0
532, 1, 1636427038718, 1636427038990, 272, 0, 272, 0, 0, 0
533, 1, 1636427038970, 1636427039242, 272, 0, 272, 0, 0, 0
535, 1, 1636427039206, 1636427039478, 272, 0, 272, 0, 0, 0
534, 1, 1636427039422, 1636427039694, 272, 0, 272, 0, 0, 0
536, 1, 1636427039662, 1636427039934, 272, 0, 272, 0, 0, 0
538, 1, 1636427039949, 1636427040225, 276, 1, 275, 1, 0, 1
537, 1, 1636427040114, 1636427040385, 271, 0, 271, 0, 0, 0
540, 1, 1636427040233, 1636427040506, 273, 1, 272, 0, 0, 0
539, 1, 1636427040410, 1636427040682, 272, 0, 272, 0, 0, 0
542, 1, 1636427040493, 1636427040766, 273, 1, 272, 0, 0, 0
541, 1, 1636427040570, 1636427040838, 268, 0, 268, 0, 0, 0
543, 1, 1636427040950, 1636427041222, 272, 0, 272, 0, 0, 0
544, 1, 1636427041622, 1636427041893, 271, 0, 271, 0, 0, 0
545, 1, 1636427041750, 1636427042022, 272, 0, 272, 0, 0, 0
546, 1, 1636427041761, 1636427042030, 269, 0, 269, 0, 0, 0
547, 1, 1636427042218, 1636427042490, 272, 0, 272, 0, 0, 0
548, 1, 1636427042602, 1636427042874, 272, 0, 272, 0, 0, 0
549, 1, 1636427043026, 1636427043298, 272, 0, 272, 0, 0, 0
550, 1, 1636427043089, 1636427043362, 273, 1, 272, 0, 0, 0
552, 1, 1636427043481, 1636427043758, 277, 1, 276, 0, 0, 0
551, 1, 1636427043542, 1636427043814, 272, 0, 272, 0, 0, 0
553, 1, 1636427043986, 1636427044257, 271, 0, 271, 0, 0, 0
555, 1, 1636427044041, 1636427044314, 273, 1, 272, 0, 0, 0
556, 1, 1636427044158, 1636427044430, 272, 0, 272, 0, 0, 0
554, 1, 1636427044442, 1636427044714, 272, 0, 272, 0, 0, 0
557, 1, 1636427044614, 1636427044886, 272, 0, 272, 0, 0, 0
558, 1, 1636427044714, 1636427044986, 272, 0, 272, 0, 0, 0
559, 1, 1636427045166, 1636427045438, 272, 0, 272, 0, 0, 0
561, 1, 1636427045506, 1636427045777, 271, 0, 271, 0, 0, 0
560, 1, 1636427045509, 1636427045777, 268, 0, 268, 0, 0, 0
562, 1, 1636427045957, 1636427046261, 304, 1, 303, 0, 0, 0
525, 1, 1636427046214, 1636427046493, 279, 0, 279, 0, 0, 0
564, 1, 1636427046349, 1636427046617, 268, 0, 268, 0, 0, 0
565, 1, 1636427046437, 1636427046710, 273, 1, 272, 0, 0, 0
567, 1, 1636427046733, 1636427047006, 273, 1, 272, 1, 0, 1
569, 1, 1636427047186, 1636427047454, 268, 0, 268, 0, 0, 0
570, 1, 1636427047270, 1636427047542, 272, 0, 272, 0, 0, 0
572, 1, 1636427047637, 1636427047914, 277, 1, 276, 1, 0, 1
571, 1, 1636427047726, 1636427047998, 272, 0, 272, 0, 0, 0
573, 1, 1636427047890, 1636427048162, 272, 0, 272, 0, 0, 0
574, 1, 1636427048181, 1636427048470, 289, 1, 288, 0, 0, 0
575, 1, 1636427048209, 1636427048473, 264, 0, 264, 0, 0, 0
577, 1, 1636427048654, 1636427048926, 272, 0, 272, 0, 0, 0
576, 1, 1636427048654, 1636427048933, 279, 0, 279, 0, 0, 0
578, 1, 1636427048869, 1636427049142, 273, 1, 272, 0, 1, 1
579, 1, 1636427049326, 1636427049598, 272, 0, 272, 0, 0, 0
580, 1, 1636427049381, 1636427049654, 273, 1, 272, 0, 0, 0
581, 1, 1636427049650, 1636427049922, 272, 0, 272, 0, 0, 0
582, 1, 1636427049674, 1636427049946, 272, 0, 272, 0, 0, 0
583, 1, 1636427050026, 1636427050302, 276, 0, 276, 0, 0, 0
584, 1, 1636427050337, 1636427050610, 273, 1, 272, 1, 0, 1
585, 1, 1636427050754, 1636427051026, 272, 0, 272, 0, 0, 0
586, 1, 1636427050994, 1636427051266, 272, 0, 272, 0, 0, 0
587, 1, 1636427051409, 1636427051682, 273, 1, 272, 0, 0, 0
588, 1, 1636427051530, 1636427051801, 271, 0, 271, 0, 0, 0
589, 1, 1636427051861, 1636427052130, 269, 1, 268, 0, 0, 0
590, 1, 1636427051886, 1636427052158, 272, 0, 272, 0, 0, 0
591, 1, 1636427051906, 1636427052181, 275, 0, 275, 0, 0, 0
592, 1, 1636427052309, 1636427052578, 269, 0, 269, 0, 0, 0
593, 1, 1636427052342, 1636427052614, 272, 0, 272, 0, 0, 0
595, 1, 1636427052593, 1636427052874, 281, 1, 280, 0, 0, 0
594, 1, 1636427052762, 1636427053033, 271, 0, 271, 0, 0, 0
596, 1, 1636427053057, 1636427053330, 273, 1, 272, 0, 0, 0
597, 1, 1636427053394, 1636427053662, 268, 0, 268, 0, 0, 0
598, 1, 1636427053642, 1636427053918, 276, 0, 276, 0, 0, 0
599, 1, 1636427053818, 1636427054089, 271, 0, 271, 0, 0, 0
600, 1, 1636427054034, 1636427054306, 272, 0, 272, 0, 0, 0
601, 1, 1636427054117, 1636427054390, 273, 1, 272, 0, 1, 1
602, 1, 1636427054550, 1636427054821, 271, 0, 271, 0, 0, 0
603, 1, 1636427054774, 1636427055045, 271, 0, 271, 0, 0, 0
604, 1, 1636427055177, 1636427055449, 272, 1, 271, 1, 0, 1
605, 1, 1636427055310, 1636427055581, 271, 0, 271, 0, 0, 0
606, 1, 1636427055657, 1636427055929, 272, 1, 271, 0, 1, 1
607, 1, 1636427056081, 1636427056398, 317, 1, 316, 0, 0, 0
608, 1, 1636427056137, 1636427056409, 272, 0, 272, 0, 0, 0
609, 1, 1636427056185, 1636427056489, 304, 0, 304, 0, 0, 0
611, 1, 1636427056337, 1636427056614, 277, 1, 276, 0, 0, 0
568, 1, 1636427056562, 1636427056834, 272, 0, 272, 0, 0, 0
612, 1, 1636427056577, 1636427056854, 277, 1, 276, 0, 0, 0
610, 1, 1636427056590, 1636427056862, 272, 0, 272, 0, 0, 0
613, 1, 1636427056797, 1636427057066, 269, 1, 268, 0, 1, 1
614, 1, 1636427057150, 1636427057421, 271, 0, 271, 0, 0, 0
617, 1, 1636427057353, 1636427057621, 268, 0, 268, 0, 0, 0
618, 1, 1636427057406, 1636427057673, 267, 0, 267, 0, 0, 0
615, 1, 1636427057602, 1636427057877, 275, 0, 275, 0, 0, 0
619, 1, 1636427057829, 1636427058102, 273, 1, 272, 0, 0, 0
620, 1, 1636427057885, 1636427058157, 272, 1, 271, 1, 0, 1
621, 1, 1636427057994, 1636427058266, 272, 0, 272, 0, 0, 0
616, 1, 1636427058057, 1636427058330, 273, 1, 272, 0, 0, 0
622, 1, 1636427058494, 1636427058766, 272, 0, 272, 0, 0, 0
623, 1, 1636427058702, 1636427058974, 272, 0, 272, 0, 0, 0
624, 1, 1636427059026, 1636427059298, 272, 0, 272, 0, 0, 0
625, 1, 1636427059369, 1636427059642, 273, 1, 272, 1, 0, 1
626, 1, 1636427059854, 1636427060126, 272, 0, 272, 0, 0, 0
627, 1, 1636427060046, 1636427060318, 272, 0, 272, 0, 0, 0
628, 1, 1636427060262, 1636427060533, 271, 0, 271, 0, 0, 0
629, 1, 1636427060330, 1636427060601, 271, 0, 271, 0, 0, 0
630, 1, 1636427060341, 1636427060614, 273, 1, 272, 0, 0, 0
632, 1, 1636427060646, 1636427060917, 271, 0, 271, 0, 0, 0
631, 1, 1636427060782, 1636427061058, 276, 0, 276, 0, 0, 0
633, 1, 1636427060797, 1636427061070, 273, 1, 272, 0, 0, 0
634, 1, 1636427060957, 1636427061230, 273, 1, 272, 0, 0, 0
636, 1, 1636427061025, 1636427061298, 273, 1, 272, 0, 0, 0
638, 1, 1636427061421, 1636427061693, 272, 1, 271, 0, 0, 0
639, 1, 1636427061717, 1636427061989, 272, 1, 271, 0, 0, 0
640, 1, 1636427061826, 1636427062098, 272, 0, 272, 0, 0, 0
641, 1, 1636427061922, 1636427062194, 272, 0, 272, 0, 0, 0
642, 1, 1636427062490, 1636427062762, 272, 0, 272, 0, 0, 0
644, 1, 1636427063021, 1636427063286, 265, 0, 265, 0, 0, 0
643, 1, 1636427063017, 1636427063294, 277, 1, 276, 0, 0, 0
645, 1, 1636427063689, 1636427063961, 272, 1, 271, 0, 0, 0
646, 1, 1636427063718, 1636427063990, 272, 0, 272, 0, 0, 0
647, 1, 1636427064137, 1636427064409, 272, 1, 271, 0, 0, 0
648, 1, 1636427064141, 1636427064413, 272, 1, 271, 0, 0, 0
649, 1, 1636427064178, 1636427064449, 271, 0, 271, 0, 0, 0
650, 1, 1636427064317, 1636427064590, 273, 1, 272, 0, 0, 0
651, 1, 1636427064657, 1636427064930, 273, 1, 272, 0, 0, 0
652, 1, 1636427064709, 1636427064982, 273, 1, 272, 1, 0, 1
654, 1, 1636427064766, 1636427065033, 267, 0, 267, 0, 0, 0
655, 1, 1636427064801, 1636427065074, 273, 1, 272, 1, 0, 1
653, 1, 1636427065114, 1636427065386, 272, 0, 272, 0, 0, 0
656, 1, 1636427065305, 1636427065578, 273, 1, 272, 1, 0, 1
657, 1, 1636427065718, 1636427065990, 272, 0, 272, 0, 0, 0
658, 1, 1636427066014, 1636427066285, 271, 0, 271, 0, 0, 0
659, 1, 1636427066145, 1636427066418, 273, 1, 272, 0, 0, 0
660, 1, 1636427066373, 1636427066646, 273, 1, 272, 0, 1, 1
661, 1, 1636427066821, 1636427067094, 273, 1, 272, 0, 0, 0
662, 1, 1636427066910, 1636427067182, 272, 0, 272, 0, 0, 0
663, 1, 1636427067462, 1636427067737, 275, 0, 275, 0, 0, 0
664, 1, 1636427067602, 1636427067873, 271, 0, 271, 0, 0, 0
665, 1, 1636427067838, 1636427068114, 276, 0, 276, 0, 0, 0
666, 1, 1636427067994, 1636427068270, 276, 0, 276, 0, 0, 0
667, 1, 1636427068086, 1636427068357, 271, 0, 271, 0, 0, 0
668, 1, 1636427068209, 1636427068482, 273, 1, 272, 0, 0, 0
669, 1, 1636427068533, 1636427068806, 273, 1, 272, 0, 1, 1
670, 1, 1636427068553, 1636427068825, 272, 1, 271, 0, 0, 0
671, 1, 1636427068557, 1636427068833, 276, 0, 276, 0, 0, 0
673, 1, 1636427069001, 1636427069274, 273, 1, 272, 0, 1, 1
672, 1, 1636427069010, 1636427069281, 271, 0, 271, 0, 0, 0
674, 1, 1636427069070, 1636427069338, 268, 0, 268, 0, 0, 0
675, 1, 1636427069625, 1636427069898, 273, 1, 272, 1, 0, 1
676, 1, 1636427070058, 1636427070330, 272, 0, 272, 0, 0, 0
677, 1, 1636427070285, 1636427070558, 273, 1, 272, 1, 0, 1
678, 1, 1636427070314, 1636427070586, 272, 0, 272, 0, 0, 0
679, 1, 1636427070670, 1636427070942, 272, 0, 272, 0, 0, 0
680, 1, 1636427070742, 1636427071025, 283, 0, 283, 0, 0, 0
681, 1, 1636427071365, 1636427071637, 272, 1, 271, 0, 0, 0
683, 1, 1636427071458, 1636427071729, 271, 0, 271, 0, 0, 0
682, 1, 1636427071489, 1636427071762, 273, 1, 272, 0, 1, 1
685, 1, 1636427071942, 1636427072217, 275, 0, 275, 0, 0, 0
684, 1, 1636427071949, 1636427072225, 276, 1, 275, 1, 0, 1
686, 1, 1636427072049, 1636427072326, 277, 1, 276, 0, 0, 0
687, 1, 1636427072117, 1636427072390, 273, 1, 272, 0, 0, 0
688, 1, 1636427072133, 1636427072409, 276, 1, 275, 0, 1, 1
689, 1, 1636427072393, 1636427072666, 273, 1, 272, 0, 1, 1
691, 1, 1636427072614, 1636427072886, 272, 0, 272, 0, 0, 0
690, 1, 1636427072850, 1636427073125, 275, 0, 275, 0, 0, 0
692, 1, 1636427073069, 1636427073342, 273, 1, 272, 0, 0, 0
693, 1, 1636427073165, 1636427073437, 272, 1, 271, 0, 0, 0
694, 1, 1636427073221, 1636427073494, 273, 1, 272, 1, 0, 1
695, 1, 1636427073698, 1636427073970, 272, 0, 272, 0, 0, 0
696, 1, 1636427073833, 1636427074106, 273, 0, 273, 0, 0, 0
697, 1, 1636427074354, 1636427074625, 271, 0, 271, 0, 0, 0
698, 1, 1636427074546, 1636427074821, 275, 0, 275, 0, 0, 0
699, 1, 1636427074866, 1636427075138, 272, 0, 272, 0, 0, 0
700, 1, 1636427075318, 1636427075586, 268, 0, 268, 0, 0, 0
701, 1, 1636427075406, 1636427075678, 272, 0, 272, 0, 0, 0
704, 1, 1636427075862, 1636427076133, 271, 0, 271, 0, 0, 0
707, 1, 1636427076210, 1636427076481, 271, 0, 271, 0, 0, 0
708, 1, 1636427076281, 1636427076553, 272, 1, 271, 1, 0, 1
711, 1, 1636427076578, 1636427076849, 271, 0, 271, 0, 0, 0
712, 1, 1636427076730, 1636427077002, 272, 0, 272, 0, 0, 0
713, 1, 1636427077186, 1636427077457, 271, 0, 271, 0, 0, 0
714, 1, 1636427077306, 1636427077582, 276, 0, 276, 0, 0, 0
715, 1, 1636427077482, 1636427077753, 271, 0, 271, 0, 0, 0
716, 1, 1636427077830, 1636427078102, 272, 0, 272, 0, 0, 0
717, 1, 1636427078138, 1636427078409, 271, 0, 271, 0, 0, 0
718, 1, 1636427078646, 1636427078917, 271, 0, 271, 0, 0, 0
719, 1, 1636427078785, 1636427079058, 273, 1, 272, 1, 0, 1
720, 1, 1636427079173, 1636427079453, 280, 1, 279, 0, 0, 0
721, 1, 1636427079269, 1636427079546, 277, 1, 276, 1, 0, 1
722, 1, 1636427079729, 1636427080002, 273, 1, 272, 0, 1, 1
723, 1, 1636427079929, 1636427080202, 273, 1, 272, 0, 0, 0
724, 1, 1636427080254, 1636427080526, 272, 0, 272, 0, 0, 0
725, 1, 1636427080362, 1636427080638, 276, 0, 276, 0, 0, 0
726, 1, 1636427080541, 1636427080818, 277, 1, 276, 0, 0, 0
727, 1, 1636427081149, 1636427081417, 268, 1, 267, 1, 0, 1
728, 1, 1636427081270, 1636427081529, 259, 0, 259, 0, 0, 0
729, 1, 1636427081350, 1636427081626, 276, 0, 276, 0, 0, 0
730, 1, 1636427081749, 1636427082022, 273, 1, 272, 0, 0, 0
731, 1, 1636427082010, 1636427082286, 276, 0, 276, 0, 0, 0
732, 1, 1636427082470, 1636427082741, 271, 0, 271, 0, 0, 0
733, 1, 1636427082946, 1636427083217, 271, 0, 271, 0, 0, 0
734, 1, 1636427082982, 1636427083254, 272, 0, 272, 0, 0, 0
735, 1, 1636427082993, 1636427083273, 280, 1, 279, 0, 1, 1
736, 1, 1636427083398, 1636427083670, 272, 0, 272, 0, 0, 0
737, 1, 1636427083922, 1636427084194, 272, 0, 272, 0, 0, 0
738, 1, 1636427084286, 1636427084558, 272, 0, 272, 0, 0, 0
739, 1, 1636427084378, 1636427084649, 271, 0, 271, 0, 0, 0
740, 1, 1636427084410, 1636427084682, 272, 0, 272, 0, 0, 0
741, 1, 1636427085130, 1636427085401, 271, 0, 271, 0, 0, 0
742, 1, 1636427085217, 1636427085494, 277, 1, 276, 1, 0, 1
743, 1, 1636427085278, 1636427085610, 332, 0, 332, 0, 0, 0
744, 1, 1636427085741, 1636427086045, 304, 0, 304, 0, 0, 0
745, 1, 1636427085957, 1636427086238, 281, 1, 280, 1, 0, 1
746, 1, 1636427086145, 1636427086417, 272, 1, 271, 0, 0, 0
747, 1, 1636427086145, 1636427086417, 272, 1, 271, 0, 1, 1
749, 1, 1636427086421, 1636427086754, 333, 1, 332, 1, 0, 1
748, 1, 1636427086598, 1636427086865, 267, 0, 267, 0, 0, 0
750, 1, 1636427086662, 1636427086929, 267, 0, 267, 0, 0, 0
753, 1, 1636427086906, 1636427087177, 271, 0, 271, 0, 0, 0
754, 1, 1636427086977, 1636427087246, 269, 1, 268, 0, 0, 0
752, 1, 1636427087050, 1636427087321, 271, 0, 271, 0, 0, 0
755, 1, 1636427087142, 1636427087413, 271, 0, 271, 0, 0, 0
751, 1, 1636427087501, 1636427087773, 272, 1, 271, 0, 0, 0
756, 1, 1636427087589, 1636427087853, 264, 1, 263, 0, 0, 0
757, 1, 1636427087633, 1636427087897, 264, 1, 263, 0, 0, 0
758, 1, 1636427088269, 1636427088542, 273, 1, 272, 0, 0, 0
759, 1, 1636427088526, 1636427088798, 272, 0, 272, 0, 0, 0
760, 1, 1636427088717, 1636427088989, 272, 1, 271, 0, 0, 0
761, 1, 1636427089090, 1636427089366, 276, 0, 276, 0, 0, 0
762, 1, 1636427089382, 1636427089654, 272, 0, 272, 0, 0, 0
763, 1, 1636427089525, 1636427089797, 272, 1, 271, 1, 0, 1
764, 1, 1636427089793, 1636427090066, 273, 1, 272, 1, 0, 1
765, 1, 1636427089873, 1636427090146, 273, 1, 272, 0, 0, 0
767, 1, 1636427090065, 1636427090338, 273, 1, 272, 1, 0, 1
768, 1, 1636427090145, 1636427090417, 272, 1, 271, 0, 0, 0
766, 1, 1636427090249, 1636427090521, 272, 1, 271, 0, 0, 0
769, 1, 1636427090517, 1636427090790, 273, 1, 272, 1, 0, 1
770, 1, 1636427090601, 1636427090874, 273, 1, 272, 0, 0, 0
771, 1, 1636427090625, 1636427090898, 273, 1, 272, 0, 0, 0
773, 1, 1636427090693, 1636427090966, 273, 1, 272, 0, 0, 0
772, 1, 1636427090701, 1636427090974, 273, 1, 272, 0, 0, 0
774, 1, 1636427091158, 1636427091434, 276, 0, 276, 0, 0, 0
775, 1, 1636427091361, 1636427091634, 273, 1, 272, 0, 0, 0
776, 1, 1636427091597, 1636427091869, 272, 1, 271, 1, 0, 1
777, 1, 1636427091817, 1636427092090, 273, 1, 272, 0, 0, 0
778, 1, 1636427092049, 1636427092322, 273, 1, 272, 0, 1, 1
779, 1, 1636427092402, 1636427092678, 276, 0, 276, 0, 0, 0
780, 1, 1636427092558, 1636427092829, 271, 0, 271, 0, 0, 0
781, 1, 1636427092782, 1636427093054, 272, 0, 272, 0, 0, 0
782, 1, 1636427093214, 1636427093486, 272, 0, 272, 0, 0, 0
783, 1, 1636427093457, 1636427093730, 273, 1, 272, 0, 0, 0
784, 1, 1636427093586, 1636427093862, 276, 0, 276, 0, 0, 0
785, 1, 1636427094045, 1636427094318, 273, 1, 272, 0, 0, 0
786, 1, 1636427094114, 1636427094386, 272, 0, 272, 0, 0, 0
787, 1, 1636427094141, 1636427094414, 273, 1, 272, 1, 0, 1
788, 1, 1636427094165, 1636427094442, 277, 1, 276, 0, 0, 0
789, 1, 1636427094497, 1636427094769, 272, 1, 271, 0, 0, 0
790, 1, 1636427094534, 1636427094806, 272, 0, 272, 0, 0, 0
791, 1, 1636427094618, 1636427094890, 272, 0, 272, 0, 0, 0
793, 1, 1636427094654, 1636427094921, 267, 0, 267, 0, 0, 0
794, 1, 1636427094685, 1636427094961, 276, 1, 275, 0, 0, 0
792, 1, 1636427094954, 1636427095226, 272, 0, 272, 0, 0, 0
795, 1, 1636427095262, 1636427095537, 275, 0, 275, 0, 0, 0
796, 1, 1636427095338, 1636427095609, 271, 0, 271, 0, 0, 0
797, 1, 1636427095721, 1636427095993, 272, 1, 271, 1, 0, 1
798, 1, 1636427095785, 1636427096057, 272, 1, 271, 1, 0, 1
799, 1, 1636427096101, 1636427096370, 269, 1, 268, 0, 1, 1
800, 1, 1636427096570, 1636427096842, 272, 0, 272, 0, 0, 0
801, 1, 1636427096914, 1636427097186, 272, 0, 272, 0, 0, 0
802, 1, 1636427096946, 1636427097218, 272, 0, 272, 0, 0, 0
803, 1, 1636427097617, 1636427097889, 272, 1, 271, 0, 1, 1
804, 1, 1636427097746, 1636427098017, 271, 0, 271, 0, 0, 0
806, 1, 1636427098045, 1636427098313, 268, 0, 268, 0, 0, 0
807, 1, 1636427098042, 1636427098317, 275, 0, 275, 0, 0, 0
805, 1, 1636427098198, 1636427098474, 276, 0, 276, 0, 0, 0
808, 1, 1636427098358, 1636427098630, 272, 0, 272, 0, 0, 0
809, 1, 1636427098521, 1636427098794, 273, 0, 273, 0, 0, 0
810, 1, 1636427098569, 1636427098849, 280, 1, 279, 1, 0, 1
811, 1, 1636427098650, 1636427098921, 271, 0, 271, 0, 0, 0
813, 1, 1636427098793, 1636427099065, 272, 1, 271, 0, 0, 0
812, 1, 1636427098805, 1636427099077, 272, 1, 271, 0, 0, 0
814, 1, 1636427099097, 1636427099370, 273, 1, 272, 0, 0, 0
815, 1, 1636427099105, 1636427099373, 268, 1, 267, 0, 1, 1
816, 1, 1636427099129, 1636427099398, 269, 1, 268, 0, 0, 0
818, 1, 1636427099553, 1636427099826, 273, 1, 272, 0, 0, 0
817, 1, 1636427099578, 1636427099850, 272, 0, 272, 0, 0, 0
819, 1, 1636427100326, 1636427100598, 272, 0, 272, 0, 0, 0
820, 1, 1636427100410, 1636427100681, 271, 0, 271, 0, 0, 0
821, 1, 1636427100929, 1636427101202, 273, 0, 273, 0, 0, 0
822, 1, 1636427101009, 1636427101282, 273, 1, 272, 1, 0, 1
823, 1, 1636427101461, 1636427101738, 277, 1, 276, 0, 0, 0
824, 1, 1636427101545, 1636427101817, 272, 1, 271, 1, 0, 1
825, 1, 1636427101738, 1636427102010, 272, 0, 272, 0, 0, 0
827, 1, 1636427101985, 1636427102254, 269, 1, 268, 0, 0, 0
826, 1, 1636427101997, 1636427102269, 272, 1, 271, 0, 0, 0
828, 1, 1636427102217, 1636427102489, 272, 1, 271, 0, 1, 1
829, 1, 1636427102357, 1636427102625, 268, 1, 267, 0, 1, 1
830, 1, 1636427102453, 1636427102726, 273, 1, 272, 1, 0, 1
831, 1, 1636427102481, 1636427102754, 273, 1, 272, 0, 0, 0
833, 1, 1636427102670, 1636427102945, 275, 0, 275, 0, 0, 0
832, 1, 1636427102805, 1636427103078, 273, 1, 272, 0, 0, 0
834, 1, 1636427102906, 1636427103174, 268, 0, 268, 0, 0, 0
835, 1, 1636427103266, 1636427103538, 272, 0, 272, 0, 0, 0
836, 1, 1636427103266, 1636427103538, 272, 1, 271, 0, 0, 0
837, 1, 1636427103718, 1636427103986, 268, 0, 268, 0, 0, 0
838, 1, 1636427103718, 1636427103990, 272, 0, 272, 0, 0, 0
839, 1, 1636427104506, 1636427104782, 276, 0, 276, 0, 0, 0
840, 1, 1636427104585, 1636427104858, 273, 1, 272, 0, 0, 0
841, 1, 1636427104773, 1636427105050, 277, 1, 276, 1, 0, 1
842, 1, 1636427105190, 1636427105462, 272, 0, 272, 0, 0, 0
843, 1, 1636427105497, 1636427105769, 272, 0, 272, 0, 0, 0
844, 1, 1636427105585, 1636427105854, 269, 1, 268, 0, 0, 0
845, 1, 1636427105857, 1636427106130, 273, 0, 273, 0, 0, 0
846, 1, 1636427106034, 1636427106306, 272, 0, 272, 0, 0, 0
847, 1, 1636427106042, 1636427106313, 271, 0, 271, 0, 0, 0
848, 1, 1636427106382, 1636427106654, 272, 0, 272, 0, 0, 0
849, 1, 1636427106501, 1636427106774, 273, 1, 272, 0, 0, 0
850, 1, 1636427106533, 1636427106806, 273, 1, 272, 1, 0, 1
851, 1, 1636427106549, 1636427106822, 273, 1, 272, 0, 0, 0
854, 1, 1636427106893, 1636427107170, 277, 1, 276, 0, 0, 0
852, 1, 1636427106957, 1636427107234, 277, 1, 276, 0, 0, 0
853, 1, 1636427106985, 1636427107254, 269, 1, 268, 0, 1, 1
855, 1, 1636427107221, 1636427107494, 273, 1, 272, 0, 0, 0
856, 1, 1636427107289, 1636427107562, 273, 1, 272, 0, 0, 0
857, 1, 1636427107678, 1636427107950, 272, 0, 272, 0, 0, 0
858, 1, 1636427107742, 1636427108014, 272, 0, 272, 0, 0, 0
859, 1, 1636427108621, 1636427108894, 273, 0, 273, 0, 0, 0
860, 1, 1636427108646, 1636427108918, 272, 0, 272, 0, 0, 0
861, 1, 1636427108674, 1636427108946, 272, 0, 272, 0, 0, 0
862, 1, 1636427109333, 1636427109606, 273, 1, 272, 0, 0, 0
863, 1, 1636427109390, 1636427109665, 275, 0, 275, 0, 0, 0
864, 1, 1636427109586, 1636427109857, 271, 0, 271, 0, 0, 0
865, 1, 1636427109850, 1636427110121, 271, 0, 271, 0, 0, 0
866, 1, 1636427109945, 1636427110217, 272, 1, 271, 1, 0, 1
867, 1, 1636427110117, 1636427110394, 277, 1, 276, 1, 0, 1
868, 1, 1636427110409, 1636427110682, 273, 1, 272, 0, 0, 0
869, 1, 1636427110465, 1636427110741, 276, 1, 275, 0, 1, 1
870, 1, 1636427110505, 1636427110778, 273, 1, 272, 0, 0, 0
872, 1, 1636427110625, 1636427110898, 273, 1, 272, 0, 0, 0
871, 1, 1636427110865, 1636427111137, 272, 1, 271, 1, 0, 1
874, 1, 1636427111021, 1636427111290, 269, 1, 268, 0, 0, 0
875, 1, 1636427111065, 1636427111337, 272, 1, 271, 0, 0, 0
876, 1, 1636427111085, 1636427111358, 273, 1, 272, 0, 0, 0
873, 1, 1636427111085, 1636427111361, 276, 1, 275, 0, 1, 1
878, 1, 1636427111513, 1636427111790, 277, 0, 277, 0, 0, 0
877, 1, 1636427111537, 1636427111810, 273, 0, 273, 0, 0, 0
879, 1, 1636427112398, 1636427112669, 271, 0, 271, 0, 0, 0
880, 1, 1636427112553, 1636427112825, 272, 1, 271, 0, 0, 0
881, 1, 1636427112793, 1636427113061, 268, 0, 268, 0, 0, 0
882, 1, 1636427113238, 1636427113510, 272, 0, 272, 0, 0, 0
883, 1, 1636427113273, 1636427113541, 268, 0, 268, 0, 0, 0
884, 1, 1636427113705, 1636427113978, 273, 1, 272, 0, 0, 0
885, 1, 1636427113729, 1636427114001, 272, 1, 271, 1, 0, 1
886, 1, 1636427113850, 1636427114121, 271, 0, 271, 0, 0, 0
887, 1, 1636427113909, 1636427114181, 272, 1, 271, 0, 0, 0
889, 1, 1636427114294, 1636427114565, 271, 0, 271, 0, 0, 0
888, 1, 1636427114294, 1636427114565, 271, 0, 271, 0, 0, 0
890, 1, 1636427114433, 1636427114701, 268, 1, 267, 0, 1, 1
892, 1, 1636427114721, 1636427114994, 273, 1, 272, 1, 0, 1
891, 1, 1636427114745, 1636427115017, 272, 1, 271, 0, 0, 0
894, 1, 1636427114861, 1636427115138, 277, 1, 276, 0, 0, 0
893, 1, 1636427114861, 1636427115142, 281, 1, 280, 0, 1, 1
897, 1, 1636427115249, 1636427115522, 273, 1, 272, 0, 0, 0
895, 1, 1636427115317, 1636427115590, 273, 1, 272, 0, 0, 0
896, 1, 1636427115326, 1636427115598, 272, 0, 272, 0, 0, 0
898, 1, 1636427115706, 1636427115978, 272, 0, 272, 0, 0, 0
899, 1, 1636427116442, 1636427116718, 276, 0, 276, 0, 0, 0
900, 1, 1636427116717, 1636427116994, 277, 0, 277, 0, 0, 0
901, 1, 1636427116881, 1636427117146, 265, 0, 265, 0, 0, 0
902, 1, 1636427117286, 1636427117557, 271, 0, 271, 0, 0, 0
903, 1, 1636427117481, 1636427117757, 276, 1, 275, 0, 1, 1
904, 1, 1636427117557, 1636427117830, 273, 1, 272, 1, 0, 1
905, 1, 1636427117738, 1636427118010, 272, 0, 272, 0, 0, 0
906, 1, 1636427117797, 1636427118070, 273, 1, 272, 0, 0, 0
907, 1, 1636427117981, 1636427118253, 272, 1, 271, 0, 0, 0
908, 1, 1636427118209, 1636427118477, 268, 1, 267, 0, 1, 1
909, 1, 1636427118297, 1636427118569, 272, 1, 271, 1, 0, 1
910, 1, 1636427118497, 1636427118773, 276, 1, 275, 0, 1, 1
911, 1, 1636427118625, 1636427118898, 273, 1, 272, 1, 0, 1
912, 1, 1636427118753, 1636427119025, 272, 1, 271, 1, 0, 1
913, 1, 1636427118753, 1636427119025, 272, 1, 271, 0, 0, 0
915, 1, 1636427118977, 1636427119250, 273, 1, 272, 1, 0, 1
914, 1, 1636427119073, 1636427119346, 273, 1, 272, 0, 0, 0
916, 1, 1636427119433, 1636427119709, 276, 1, 275, 0, 0, 0
917, 1, 1636427119569, 1636427119842, 273, 1, 272, 1, 0, 1
918, 1, 1636427120026, 1636427120297, 271, 0, 271, 0, 0, 0
919, 1, 1636427120345, 1636427120617, 272, 0, 272, 0, 0, 0
920, 1, 1636427120810, 1636427121085, 275, 0, 275, 0, 0, 0
921, 1, 1636427121033, 1636427121309, 276, 1, 275, 0, 0, 0
922, 1, 1636427121306, 1636427121577, 271, 0, 271, 0, 0, 0
923, 1, 1636427121574, 1636427121845, 271, 0, 271, 0, 0, 0
924, 1, 1636427121589, 1636427121857, 268, 0, 268, 0, 0, 0
925, 1, 1636427121637, 1636427121909, 272, 1, 271, 0, 1, 1
926, 1, 1636427121758, 1636427122029, 271, 0, 271, 0, 0, 0
927, 1, 1636427122254, 1636427122526, 272, 0, 272, 0, 0, 0
928, 1, 1636427122310, 1636427122582, 272, 0, 272, 0, 0, 0
929, 1, 1636427122450, 1636427122722, 272, 0, 272, 0, 0, 0
930, 1, 1636427122722, 1636427122994, 272, 0, 272, 0, 0, 0
931, 1, 1636427122813, 1636427123085, 272, 1, 271, 0, 0, 0
932, 1, 1636427122846, 1636427123117, 271, 0, 271, 0, 0, 0
933, 1, 1636427122994, 1636427123262, 268, 0, 268, 0, 0, 0
934, 1, 1636427123053, 1636427123321, 268, 0, 268, 0, 0, 0
935, 1, 1636427123177, 1636427123449, 272, 1, 271, 0, 1, 1
937, 1, 1636427123490, 1636427123766, 276, 0, 276, 0, 0, 0
936, 1, 1636427123497, 1636427123770, 273, 1, 272, 0, 1, 1
938, 1, 1636427123950, 1636427124222, 272, 0, 272, 0, 0, 0
939, 1, 1636427124273, 1636427124546, 273, 1, 272, 0, 1, 1
940, 1, 1636427125130, 1636427125401, 271, 0, 271, 0, 0, 0
941, 1, 1636427125230, 1636427125502, 272, 0, 272, 0, 0, 0
942, 1, 1636427125326, 1636427125598, 272, 0, 272, 0, 0, 0
943, 1, 1636427125741, 1636427126010, 269, 1, 268, 1, 0, 1
944, 1, 1636427125829, 1636427126101, 272, 1, 271, 1, 0, 1
945, 1, 1636427125893, 1636427126162, 269, 0, 269, 0, 0, 0
947, 1, 1636427125941, 1636427126213, 272, 1, 271, 0, 0, 0
946, 1, 1636427125941, 1636427126214, 273, 1, 272, 1, 0, 1
948, 1, 1636427126477, 1636427126749, 272, 1, 271, 0, 1, 1
949, 1, 1636427126501, 1636427126773, 272, 1, 271, 0, 1, 1
950, 1, 1636427126509, 1636427126781, 272, 1, 271, 0, 0, 0
951, 1, 1636427126725, 1636427126994, 269, 1, 268, 0, 0, 0
952, 1, 1636427127006, 1636427127277, 271, 0, 271, 0, 0, 0
953, 1, 1636427127033, 1636427127305, 272, 1, 271, 0, 1, 1
954, 1, 1636427127061, 1636427127337, 276, 1, 275, 0, 1, 1
955, 1, 1636427127477, 1636427127749, 272, 0, 272, 0, 0, 0
957, 1, 1636427127493, 1636427127765, 272, 1, 271, 0, 0, 0
956, 1, 1636427127521, 1636427127794, 273, 1, 272, 0, 1, 1
958, 1, 1636427127929, 1636427128202, 273, 1, 272, 0, 0, 0
959, 1, 1636427128458, 1636427128730, 272, 0, 272, 0, 0, 0
960, 1, 1636427129090, 1636427129362, 272, 0, 272, 0, 0, 0
961, 1, 1636427129101, 1636427129374, 273, 1, 272, 0, 0, 0
962, 1, 1636427129206, 1636427129477, 271, 0, 271, 0, 0, 0
963, 1, 1636427129637, 1636427129914, 277, 1, 276, 0, 1, 1
965, 1, 1636427129657, 1636427129929, 272, 1, 271, 0, 1, 1
964, 1, 1636427129666, 1636427129937, 271, 0, 271, 0, 0, 0
966, 1, 1636427129698, 1636427129970, 272, 0, 272, 0, 0, 0
967, 1, 1636427129853, 1636427130126, 273, 0, 273, 0, 0, 0
968, 1, 1636427130198, 1636427130470, 272, 0, 272, 0, 0, 0
969, 1, 1636427130385, 1636427130658, 273, 1, 272, 0, 1, 1
970, 1, 1636427130494, 1636427130762, 268, 0, 268, 0, 0, 0
971, 1, 1636427130842, 1636427131113, 271, 0, 271, 0, 0, 0
972, 1, 1636427130905, 1636427131178, 273, 1, 272, 0, 1, 1
973, 1, 1636427130989, 1636427131258, 269, 0, 269, 0, 0, 0
974, 1, 1636427131033, 1636427131306, 273, 1, 272, 0, 1, 1
975, 1, 1636427131362, 1636427131634, 272, 0, 272, 0, 0, 0
976, 1, 1636427131458, 1636427131738, 280, 0, 280, 0, 0, 0
977, 1, 1636427131529, 1636427131797, 268, 0, 268, 0, 0, 0
978, 1, 1636427131982, 1636427132254, 272, 0, 272, 0, 0, 0
979, 1, 1636427132182, 1636427132454, 272, 0, 272, 0, 0, 0
980, 1, 1636427132961, 1636427133233, 272, 1, 271, 0, 0, 0
981, 1, 1636427133242, 1636427133514, 272, 0, 272, 0, 0, 0
982, 1, 1636427133258, 1636427133533, 275, 0, 275, 0, 0, 0
983, 1, 1636427133414, 1636427133686, 272, 0, 272, 0, 0, 0
984, 1, 1636427133705, 1636427133974, 269, 1, 268, 0, 0, 0
985, 1, 1636427133737, 1636427134010, 273, 1, 272, 1, 0, 1
986, 1, 1636427133858, 1636427134129, 271, 0, 271, 0, 0, 0
987, 1, 1636427133997, 1636427134269, 272, 1, 271, 0, 0, 0
988, 1, 1636427134141, 1636427134414, 273, 1, 272, 1, 0, 1
989, 1, 1636427134298, 1636427134570, 272, 0, 272, 0, 0, 0
990, 1, 1636427134490, 1636427134761, 271, 0, 271, 0, 0, 0
991, 1, 1636427134714, 1636427134986, 272, 0, 272, 0, 0, 0
992, 1, 1636427134866, 1636427135137, 271, 0, 271, 0, 0, 0
994, 1, 1636427135081, 1636427135346, 265, 1, 264, 0, 1, 1
993, 1, 1636427135077, 1636427135346, 269, 1, 268, 0, 1, 1
995, 1, 1636427135525, 1636427135806, 281, 1, 280, 0, 0, 0
996, 1, 1636427135570, 1636427135842, 272, 0, 272, 0, 0, 0
997, 1, 1636427135646, 1636427135918, 272, 0, 272, 0, 0, 0
999, 1, 1636427135941, 1636427136214, 273, 1, 272, 0, 0, 0
998, 1, 1636427136098, 1636427136370, 272, 0, 272, 0, 0, 0
1000, 1, 1636427137126, 1636427137401, 275, 0, 275, 0, 0, 0
1001, 1, 1636427137321, 1636427137594, 273, 1, 272, 0, 0, 0
1002, 1, 1636427137525, 1636427137798, 273, 1, 272, 0, 0, 0
1004, 1, 1636427137577, 1636427137845, 268, 1, 267, 0, 1, 1
1003, 1, 1636427137586, 1636427137854, 268, 0, 268, 0, 0, 0
1005, 1, 1636427137914, 1636427138186, 272, 0, 272, 0, 0, 0
1006, 1, 1636427138170, 1636427138441, 271, 0, 271, 0, 0, 0
1007, 1, 1636427138282, 1636427138553, 271, 0, 271, 0, 0, 0
1008, 1, 1636427138441, 1636427138717, 276, 1, 275, 0, 0, 0
1009, 1, 1636427138481, 1636427138754, 273, 1, 272, 0, 1, 1
1010, 1, 1636427138637, 1636427138914, 277, 1, 276, 0, 0, 0
1011, 1, 1636427138674, 1636427138945, 271, 0, 271, 0, 0, 0
1012, 1, 1636427138894, 1636427139166, 272, 0, 272, 0, 0, 0
1013, 1, 1636427139217, 1636427139490, 273, 1, 272, 1, 0, 1
1014, 1, 1636427139237, 1636427139510, 273, 1, 272, 0, 0, 0
1015, 1, 1636427139457, 1636427139730, 273, 1, 272, 0, 0, 0
1017, 1, 1636427139697, 1636427139973, 276, 1, 275, 0, 0, 0
1018, 1, 1636427139849, 1636427140122, 273, 1, 272, 0, 0, 0
1016, 1, 1636427139910, 1636427140182, 272, 0, 272, 0, 0, 0
1019, 1, 1636427140106, 1636427140378, 272, 0, 272, 0, 0, 0
1020, 1, 1636427141145, 1636427141417, 272, 1, 271, 1, 0, 1
1021, 1, 1636427141394, 1636427141670, 276, 0, 276, 0, 0, 0
1022, 1, 1636427141417, 1636427141690, 273, 1, 272, 0, 1, 1
1023, 1, 1636427141446, 1636427141717, 271, 0, 271, 0, 0, 0
1024, 1, 1636427141598, 1636427141870, 272, 0, 272, 0, 0, 0
1025, 1, 1636427142065, 1636427142342, 277, 0, 277, 0, 0, 0
1026, 1, 1636427142098, 1636427142369, 271, 0, 271, 0, 0, 0
1027, 1, 1636427142213, 1636427142485, 272, 1, 271, 0, 0, 0
1028, 1, 1636427142445, 1636427142717, 272, 1, 271, 0, 0, 0
1029, 1, 1636427142526, 1636427142798, 272, 0, 272, 0, 0, 0
1030, 1, 1636427142621, 1636427142893, 272, 1, 271, 1, 0, 1
1031, 1, 1636427142758, 1636427143029, 271, 0, 271, 0, 0, 0
1032, 1, 1636427143085, 1636427143358, 273, 1, 272, 0, 1, 1
1033, 1, 1636427143117, 1636427143386, 269, 1, 268, 0, 1, 1
1034, 1, 1636427143198, 1636427143474, 276, 0, 276, 0, 0, 0
1035, 1, 1636427143358, 1636427143630, 272, 0, 272, 0, 0, 0
1036, 1, 1636427143650, 1636427143926, 276, 0, 276, 0, 0, 0
1038, 1, 1636427143789, 1636427144061, 272, 1, 271, 0, 0, 0
1037, 1, 1636427143814, 1636427144082, 268, 0, 268, 0, 0, 0
1039, 1, 1636427144162, 1636427144434, 272, 0, 272, 0, 0, 0
1040, 1, 1636427145114, 1636427145386, 272, 0, 272, 0, 0, 0
1041, 1, 1636427145433, 1636427145706, 273, 1, 272, 0, 1, 1
1042, 1, 1636427145458, 1636427145729, 271, 0, 271, 0, 0, 0
1043, 1, 1636427145537, 1636427145810, 273, 1, 272, 1, 0, 1
1044, 1, 1636427145565, 1636427145842, 277, 1, 276, 1, 0, 1
1045, 1, 1636427145865, 1636427146138, 273, 1, 272, 0, 0, 0
1046, 1, 1636427146121, 1636427146393, 272, 1, 271, 0, 1, 1
1047, 1, 1636427146242, 1636427146513, 271, 0, 271, 0, 0, 0
1048, 1, 1636427146469, 1636427146741, 272, 1, 271, 0, 0, 0
1049, 1, 1636427146493, 1636427146765, 272, 1, 271, 0, 1, 1
1050, 1, 1636427146521, 1636427146794, 273, 1, 272, 0, 1, 1
1051, 1, 1636427146877, 1636427147149, 272, 1, 271, 0, 0, 0
1052, 1, 1636427146906, 1636427147178, 272, 0, 272, 0, 0, 0
1053, 1, 1636427147101, 1636427147373, 272, 1, 271, 1, 0, 1
1054, 1, 1636427147133, 1636427147406, 273, 1, 272, 1, 0, 1
1055, 1, 1636427147229, 1636427147501, 272, 1, 271, 1, 0, 1
1056, 1, 1636427147361, 1636427147637, 276, 1, 275, 0, 0, 0
1057, 1, 1636427147589, 1636427147870, 281, 1, 280, 0, 1, 1
1058, 1, 1636427147933, 1636427148206, 273, 1, 272, 1, 0, 1
1059, 1, 1636427148233, 1636427148506, 273, 0, 273, 0, 0, 0
1060, 1, 1636427149185, 1636427149454, 269, 1, 268, 0, 0, 0
1061, 1, 1636427149230, 1636427149501, 271, 0, 271, 0, 0, 0
1062, 1, 1636427149390, 1636427149662, 272, 0, 272, 0, 0, 0
1063, 1, 1636427149453, 1636427149726, 273, 1, 272, 0, 0, 0
1064, 1, 1636427149722, 1636427149994, 272, 0, 272, 0, 0, 0
1065, 1, 1636427149953, 1636427150226, 273, 1, 272, 0, 0, 0
1066, 1, 1636427150097, 1636427150370, 273, 1, 272, 0, 1, 1
1067, 1, 1636427150194, 1636427150466, 272, 0, 272, 0, 0, 0
1068, 1, 1636427150249, 1636427150522, 273, 1, 272, 0, 0, 0
1069, 1, 1636427150658, 1636427150933, 275, 0, 275, 0, 0, 0
1070, 1, 1636427150798, 1636427151069, 271, 0, 271, 0, 0, 0
1071, 1, 1636427150853, 1636427151125, 272, 1, 271, 0, 0, 0
1072, 1, 1636427150901, 1636427151177, 276, 1, 275, 0, 0, 0
1073, 1, 1636427151073, 1636427151349, 276, 0, 276, 0, 0, 0
1075, 1, 1636427151197, 1636427151469, 272, 1, 271, 1, 0, 1
1076, 1, 1636427151249, 1636427151521, 272, 1, 271, 0, 0, 0
1074, 1, 1636427151353, 1636427151630, 277, 1, 276, 0, 1, 1
1077, 1, 1636427151649, 1636427151918, 269, 1, 268, 0, 0, 0
1078, 1, 1636427151786, 1636427152058, 272, 0, 272, 0, 0, 0
1079, 1, 1636427152270, 1636427152542, 272, 0, 272, 0, 0, 0
1080, 1, 1636427153253, 1636427153526, 273, 0, 273, 0, 0, 0
1081, 1, 1636427153298, 1636427153570, 272, 0, 272, 0, 0, 0
1082, 1, 1636427153494, 1636427153762, 268, 0, 268, 0, 0, 0
1083, 1, 1636427153646, 1636427153921, 275, 0, 275, 0, 0, 0
1084, 1, 1636427153778, 1636427154049, 271, 0, 271, 0, 0, 0
1085, 1, 1636427153913, 1636427154182, 269, 1, 268, 0, 0, 0
1086, 1, 1636427154033, 1636427154301, 268, 0, 268, 0, 0, 0
1087, 1, 1636427154314, 1636427154585, 271, 0, 271, 0, 0, 0
1088, 1, 1636427154346, 1636427154617, 271, 0, 271, 0, 0, 0
1089, 1, 1636427154749, 1636427155026, 277, 1, 276, 0, 0, 0
1090, 1, 1636427154798, 1636427155070, 272, 0, 272, 0, 0, 0
1091, 1, 1636427154822, 1636427155089, 267, 0, 267, 0, 0, 0
1092, 1, 1636427154866, 1636427155134, 268, 0, 268, 0, 0, 0
1093, 1, 1636427155005, 1636427155278, 273, 0, 273, 0, 0, 0
1094, 1, 1636427155253, 1636427155525, 272, 1, 271, 1, 0, 1
1095, 1, 1636427155497, 1636427155770, 273, 1, 272, 1, 0, 1
1096, 1, 1636427155522, 1636427155794, 272, 0, 272, 0, 0, 0
1098, 1, 1636427155646, 1636427155918, 272, 0, 272, 0, 0, 0
1097, 1, 1636427155949, 1636427156222, 273, 1, 272, 1, 0, 1
1099, 1, 1636427156494, 1636427156770, 276, 0, 276, 0, 0, 0
1100, 1, 1636427157182, 1636427157454, 272, 0, 272, 0, 0, 0
1101, 1, 1636427157229, 1636427157501, 272, 1, 271, 0, 1, 1
1102, 1, 1636427157477, 1636427157750, 273, 1, 272, 0, 0, 0
1103, 1, 1636427157529, 1636427157801, 272, 1, 271, 0, 0, 0
1104, 1, 1636427157593, 1636427157874, 281, 1, 280, 0, 0, 0
1105, 1, 1636427157666, 1636427157938, 272, 0, 272, 0, 0, 0
1106, 1, 1636427157717, 1636427157989, 272, 1, 271, 0, 0, 0
1107, 1, 1636427158493, 1636427158766, 273, 1, 272, 0, 0, 0
1108, 1, 1636427158501, 1636427158769, 268, 0, 268, 0, 0, 0
1109, 1, 1636427158537, 1636427158810, 273, 1, 272, 0, 1, 1
1110, 1, 1636427158641, 1636427158914, 273, 1, 272, 0, 0, 0
1111, 1, 1636427158701, 1636427158974, 273, 1, 272, 0, 0, 0
1112, 1, 1636427159153, 1636427159422, 269, 0, 269, 0, 0, 0
1113, 1, 1636427159157, 1636427159422, 265, 0, 265, 0, 0, 0
1114, 1, 1636427159197, 1636427159473, 276, 1, 275, 0, 1, 1
1115, 1, 1636427159257, 1636427159533, 276, 1, 275, 0, 0, 0
1116, 1, 1636427159454, 1636427159725, 271, 0, 271, 0, 0, 0
1118, 1, 1636427159581, 1636427159854, 273, 1, 272, 0, 1, 1
1117, 1, 1636427159909, 1636427160186, 277, 1, 276, 0, 0, 0
1119, 1, 1636427160661, 1636427160938, 277, 1, 276, 0, 1, 1
1120, 1, 1636427160930, 1636427161202, 272, 0, 272, 0, 0, 0
1121, 1, 1636427161190, 1636427161457, 267, 0, 267, 0, 0, 0
1122, 1, 1636427161277, 1636427161545, 268, 1, 267, 0, 0, 0
1123, 1, 1636427161310, 1636427161585, 275, 0, 275, 0, 0, 0
1124, 1, 1636427161413, 1636427161677, 264, 1, 263, 0, 0, 0
1125, 1, 1636427161517, 1636427161786, 269, 1, 268, 0, 0, 0
1126, 1, 1636427161673, 1636427161950, 277, 0, 277, 0, 0, 0
1127, 1, 1636427162201, 1636427162474, 273, 1, 272, 0, 0, 0
1128, 1, 1636427162386, 1636427162658, 272, 0, 272, 0, 0, 0
1129, 1, 1636427162529, 1636427162801, 272, 1, 271, 1, 0, 1
1130, 1, 1636427162654, 1636427162926, 272, 0, 272, 0, 0, 0
1131, 1, 1636427162769, 1636427163046, 277, 1, 276, 1, 0, 1
1132, 1, 1636427162958, 1636427163234, 276, 0, 276, 0, 0, 0
1133, 1, 1636427163065, 1636427163337, 272, 1, 271, 0, 0, 0
1134, 1, 1636427163106, 1636427163378, 272, 0, 272, 0, 0, 0
1135, 1, 1636427163297, 1636427163570, 273, 1, 272, 0, 0, 0
1136, 1, 1636427163538, 1636427163810, 272, 0, 272, 0, 0, 0
1138, 1, 1636427163598, 1636427163869, 271, 0, 271, 0, 0, 0
1137, 1, 1636427163990, 1636427164262, 272, 0, 272, 0, 0, 0
1139, 1, 1636427164814, 1636427165085, 271, 0, 271, 0, 0, 0
1140, 1, 1636427164885, 1636427165157, 272, 1, 271, 0, 0, 0
1141, 1, 1636427165025, 1636427165293, 268, 0, 268, 0, 0, 0
1142, 1, 1636427165285, 1636427165558, 273, 1, 272, 0, 1, 1
1143, 1, 1636427165389, 1636427165662, 273, 1, 272, 0, 0, 0
1144, 1, 1636427165398, 1636427165669, 271, 0, 271, 0, 0, 0
1145, 1, 1636427165405, 1636427165677, 272, 1, 271, 0, 0, 0
1146, 1, 1636427165717, 1636427165990, 273, 1, 272, 0, 0, 0
1147, 1, 1636427166302, 1636427166569, 267, 0, 267, 0, 0, 0
1148, 1, 1636427166422, 1636427166693, 271, 0, 271, 0, 0, 0
1149, 1, 1636427166429, 1636427166701, 272, 1, 271, 0, 1, 1
1150, 1, 1636427166558, 1636427166833, 275, 0, 275, 0, 0, 0
1151, 1, 1636427166653, 1636427166926, 273, 1, 272, 0, 1, 1
1152, 1, 1636427167054, 1636427167330, 276, 0, 276, 0, 0, 0
1153, 1, 1636427167074, 1636427167350, 276, 0, 276, 0, 0, 0
1154, 1, 1636427167226, 1636427167498, 272, 0, 272, 0, 0, 0
1155, 1, 1636427167249, 1636427167521, 272, 1, 271, 1, 0, 1
1156, 1, 1636427167597, 1636427167870, 273, 1, 272, 0, 1, 1
1157, 1, 1636427167678, 1636427167950, 272, 0, 272, 0, 0, 0
1158, 1, 1636427168133, 1636427168406, 273, 0, 273, 0, 0, 0
1159, 1, 1636427168786, 1636427169058, 272, 0, 272, 0, 0, 0
1160, 1, 1636427169045, 1636427169330, 285, 1, 284, 0, 0, 0
1161, 1, 1636427169134, 1636427169413, 279, 0, 279, 0, 0, 0
1162, 1, 1636427169221, 1636427169498, 277, 0, 277, 0, 0, 0
1163, 1, 1636427169294, 1636427169566, 272, 0, 272, 0, 0, 0
1164, 1, 1636427169433, 1636427169705, 272, 1, 271, 0, 0, 0
1165, 1, 1636427169485, 1636427169753, 268, 1, 267, 1, 0, 1
1166, 1, 1636427169898, 1636427170170, 272, 0, 272, 0, 0, 0
1167, 1, 1636427170337, 1636427170609, 272, 1, 271, 0, 1, 1
1168, 1, 1636427170377, 1636427170650, 273, 1, 272, 0, 0, 0
1169, 1, 1636427170409, 1636427170681, 272, 1, 271, 1, 0, 1
1170, 1, 1636427170549, 1636427170817, 268, 0, 268, 0, 0, 0
1171, 1, 1636427170729, 1636427171006, 277, 1, 276, 0, 1, 1
1172, 1, 1636427170942, 1636427171214, 272, 0, 272, 0, 0, 0
1173, 1, 1636427171237, 1636427171521, 284, 0, 284, 0, 0, 0
1174, 1, 1636427171493, 1636427171770, 277, 0, 277, 0, 0, 0
1175, 1, 1636427171529, 1636427171802, 273, 1, 272, 0, 0, 0
1176, 1, 1636427171545, 1636427171819, 274, 1, 273, 0, 0, 0
1177, 1, 1636427171545, 1636427171819, 274, 1, 273, 0, 0, 0
1178, 1, 1636427172006, 1636427172278, 272, 0, 272, 0, 0, 0
1179, 1, 1636427173025, 1636427173294, 269, 0, 269, 0, 0, 0
1180, 1, 1636427173069, 1636427173337, 268, 0, 268, 0, 0, 0
1181, 1, 1636427173190, 1636427173461, 271, 0, 271, 0, 0, 0
1182, 1, 1636427173277, 1636427173550, 273, 1, 272, 0, 0, 0
1183, 1, 1636427173341, 1636427173614, 273, 1, 272, 1, 0, 1
1184, 1, 1636427173465, 1636427173738, 273, 1, 272, 1, 0, 1
1185, 1, 1636427173533, 1636427173814, 281, 1, 280, 1, 0, 1
1186, 1, 1636427174037, 1636427174310, 273, 1, 272, 0, 0, 0
1187, 1, 1636427174138, 1636427174410, 272, 0, 272, 0, 0, 0
1188, 1, 1636427174301, 1636427174573, 272, 1, 271, 0, 1, 1
1189, 1, 1636427174490, 1636427174762, 272, 0, 272, 0, 0, 0
1190, 1, 1636427174625, 1636427174897, 272, 0, 272, 0, 0, 0
1191, 1, 1636427174769, 1636427175042, 273, 1, 272, 0, 0, 0
1192, 1, 1636427174845, 1636427175118, 273, 1, 272, 0, 0, 0
1193, 1, 1636427175405, 1636427175677, 272, 1, 271, 0, 1, 1
1194, 1, 1636427175446, 1636427175717, 271, 0, 271, 0, 0, 0
1195, 1, 1636427175661, 1636427175934, 273, 1, 272, 1, 0, 1
1196, 1, 1636427175689, 1636427175962, 273, 1, 272, 1, 0, 1
1198, 1, 1636427175741, 1636427176014, 273, 1, 272, 1, 0, 1
1197, 1, 1636427176146, 1636427176417, 271, 0, 271, 0, 0, 0
1199, 1, 1636427176806, 1636427177078, 272, 0, 272, 0, 0, 0
1200, 1, 1636427176825, 1636427177094, 269, 0, 269, 0, 0, 0
1201, 1, 1636427177145, 1636427177417, 272, 1, 271, 1, 0, 1
1202, 1, 1636427177181, 1636427177449, 268, 0, 268, 0, 0, 0
1203, 1, 1636427177309, 1636427177582, 273, 1, 272, 1, 0, 1
1204, 1, 1636427177329, 1636427177601, 272, 1, 271, 0, 1, 1
1205, 1, 1636427177537, 1636427177810, 273, 1, 272, 0, 0, 0
1206, 1, 1636427177941, 1636427178213, 272, 1, 271, 1, 0, 1
1207, 1, 1636427178113, 1636427178385, 272, 1, 271, 0, 0, 0
1208, 1, 1636427178410, 1636427178682, 272, 0, 272, 0, 0, 0
1209, 1, 1636427178417, 1636427178689, 272, 1, 271, 1, 0, 1
1210, 1, 1636427178626, 1636427178898, 272, 0, 272, 0, 0, 0
1211, 1, 1636427179026, 1636427179297, 271, 0, 271, 0, 0, 0
1212, 1, 1636427179085, 1636427179358, 273, 1, 272, 0, 0, 0
1213, 1, 1636427179350, 1636427179621, 271, 0, 271, 0, 0, 0
1214, 1, 1636427179530, 1636427179802, 272, 0, 272, 0, 0, 0
1216, 1, 1636427179537, 1636427179810, 273, 1, 272, 1, 0, 1
1217, 1, 1636427179738, 1636427180010, 272, 0, 272, 0, 0, 0
1218, 1, 1636427179917, 1636427180193, 276, 1, 275, 0, 0, 0
1215, 1, 1636427179981, 1636427180253, 272, 1, 271, 0, 0, 0
1219, 1, 1636427180770, 1636427181042, 272, 0, 272, 0, 0, 0
1220, 1, 1636427180881, 1636427181157, 276, 1, 275, 0, 0, 0
1221, 1, 1636427181045, 1636427181322, 277, 1, 276, 0, 0, 0
1222, 1, 1636427181193, 1636427181461, 268, 0, 268, 0, 0, 0
1223, 1, 1636427181389, 1636427181662, 273, 1, 272, 0, 0, 0
1224, 1, 1636427181502, 1636427181773, 271, 0, 271, 0, 0, 0
1225, 1, 1636427181837, 1636427182114, 277, 1, 276, 1, 0, 1
1226, 1, 1636427182133, 1636427182406, 273, 1, 272, 0, 0, 0
1227, 1, 1636427182265, 1636427182538, 273, 1, 272, 0, 0, 0
1228, 1, 1636427182446, 1636427182717, 271, 0, 271, 0, 0, 0
1229, 1, 1636427182706, 1636427182978, 272, 0, 272, 0, 0, 0
1230, 1, 1636427182733, 1636427183006, 273, 1, 272, 0, 1, 1
1231, 1, 1636427182761, 1636427183037, 276, 1, 275, 0, 0, 0
1232, 1, 1636427183125, 1636427183397, 272, 1, 271, 1, 0, 1
1233, 1, 1636427183385, 1636427183657, 272, 1, 271, 0, 0, 0
1234, 1, 1636427183409, 1636427183686, 277, 1, 276, 0, 0, 0
1236, 1, 1636427183673, 1636427183946, 273, 1, 272, 0, 1, 1
1237, 1, 1636427183697, 1636427183969, 272, 1, 271, 1, 0, 1
1238, 1, 1636427183817, 1636427184086, 269, 1, 268, 0, 0, 0
1235, 1, 1636427183865, 1636427184141, 276, 0, 276, 0, 0, 0
1239, 1, 1636427184562, 1636427184834, 272, 0, 272, 0, 0, 0
1240, 1, 1636427184837, 1636427185109, 272, 1, 271, 1, 0, 1
1241, 1, 1636427184938, 1636427185214, 276, 0, 276, 0, 0, 0
1242, 1, 1636427185150, 1636427185426, 276, 0, 276, 0, 0, 0
1243, 1, 1636427185582, 1636427185858, 276, 0, 276, 0, 0, 0
1245, 1, 1636427185658, 1636427185930, 272, 0, 272, 0, 0, 0
1244, 1, 1636427185658, 1636427185930, 272, 0, 272, 0, 0, 0
1246, 1, 1636427185989, 1636427186266, 277, 1, 276, 1, 0, 1
1247, 1, 1636427186422, 1636427186694, 272, 0, 272, 0, 0, 0
1248, 1, 1636427186461, 1636427186734, 273, 1, 272, 0, 0, 0
1249, 1, 1636427186834, 1636427187106, 272, 0, 272, 0, 0, 0
1250, 1, 1636427186890, 1636427187170, 280, 0, 280, 0, 0, 0
1251, 1, 1636427186973, 1636427187245, 272, 1, 271, 1, 0, 1
1252, 1, 1636427187281, 1636427187554, 273, 1, 272, 0, 0, 0
1253, 1, 1636427187342, 1636427187613, 271, 0, 271, 0, 0, 0
1254, 1, 1636427187389, 1636427187653, 264, 1, 263, 1, 0, 1
1256, 1, 1636427187766, 1636427188038, 272, 0, 272, 0, 0, 0
1255, 1, 1636427187790, 1636427188066, 276, 0, 276, 0, 0, 0
1257, 1, 1636427187825, 1636427188097, 272, 1, 271, 1, 0, 1
1258, 1, 1636427187878, 1636427188149, 271, 0, 271, 0, 0, 0
1259, 1, 1636427188630, 1636427188898, 268, 0, 268, 0, 0, 0
1260, 1, 1636427188817, 1636427189090, 273, 1, 272, 0, 1, 1
1261, 1, 1636427188837, 1636427189109, 272, 1, 271, 0, 0, 0
1262, 1, 1636427189102, 1636427189374, 272, 0, 272, 0, 0, 0
1263, 1, 1636427189282, 1636427189557, 275, 0, 275, 0, 0, 0
1264, 1, 1636427189609, 1636427189882, 273, 1, 272, 0, 1, 1
1265, 1, 1636427189690, 1636427189962, 272, 0, 272, 0, 0, 0
1266, 1, 1636427189853, 1636427190122, 269, 1, 268, 0, 0, 0
1267, 1, 1636427190301, 1636427190573, 272, 0, 272, 0, 0, 0
1268, 1, 1636427190617, 1636427190893, 276, 1, 275, 0, 0, 0
1269, 1, 1636427190925, 1636427191194, 269, 1, 268, 0, 0, 0
1270, 1, 1636427191014, 1636427191285, 271, 0, 271, 0, 0, 0
1271, 1, 1636427191121, 1636427191398, 277, 0, 277, 0, 0, 0
1272, 1, 1636427191137, 1636427191409, 272, 1, 271, 1, 0, 1
1273, 1, 1636427191313, 1636427191585, 272, 1, 271, 0, 0, 0
1274, 1, 1636427191354, 1636427191626, 272, 0, 272, 0, 0, 0
1275, 1, 1636427191809, 1636427192082, 273, 1, 272, 0, 0, 0
1276, 1, 1636427191833, 1636427192106, 273, 1, 272, 1, 0, 1
1277, 1, 1636427191949, 1636427192226, 277, 1, 276, 0, 1, 1
1278, 1, 1636427192070, 1636427192342, 272, 0, 272, 0, 0, 0
1279, 1, 1636427192690, 1636427192962, 272, 0, 272, 0, 0, 0
1280, 1, 1636427192786, 1636427193057, 271, 0, 271, 0, 0, 0
1281, 1, 1636427192954, 1636427193222, 268, 0, 268, 0, 0, 0
1282, 1, 1636427193354, 1636427193626, 272, 0, 272, 0, 0, 0
1283, 1, 1636427193386, 1636427193658, 272, 0, 272, 0, 0, 0
1284, 1, 1636427193698, 1636427193973, 275, 0, 275, 0, 0, 0
1285, 1, 1636427193858, 1636427194130, 272, 0, 272, 0, 0, 0
1286, 1, 1636427193965, 1636427194237, 272, 1, 271, 0, 1, 1
1287, 1, 1636427194342, 1636427194614, 272, 0, 272, 0, 0, 0
1288, 1, 1636427194481, 1636427194754, 273, 1, 272, 1, 0, 1
1289, 1, 1636427195001, 1636427195278, 277, 1, 276, 0, 0, 0
1290, 1, 1636427195029, 1636427195301, 272, 1, 271, 0, 0, 0
1291, 1, 1636427195045, 1636427195325, 280, 1, 279, 0, 0, 0
1292, 1, 1636427195158, 1636427195434, 276, 0, 276, 0, 0, 0
1293, 1, 1636427195317, 1636427195589, 272, 1, 271, 0, 0, 0
1294, 1, 1636427195353, 1636427195630, 277, 1, 276, 0, 1, 1
1295, 1, 1636427195810, 1636427196082, 272, 0, 272, 0, 0, 0
1296, 1, 1636427195934, 1636427196206, 272, 0, 272, 0, 0, 0
1297, 1, 1636427196077, 1636427196346, 269, 1, 268, 0, 0, 0
1298, 1, 1636427196262, 1636427196533, 271, 0, 271, 0, 0, 0
1299, 1, 1636427196546, 1636427196818, 272, 0, 272, 0, 0, 0
1300, 1, 1636427196733, 1636427197006, 273, 1, 272, 1, 0, 1
1301, 1, 1636427196742, 1636427197014, 272, 0, 272, 0, 0, 0
1302, 1, 1636427197562, 1636427197834, 272, 0, 272, 0, 0, 0
1303, 1, 1636427197681, 1636427197954, 273, 0, 273, 0, 0, 0
1304, 1, 1636427197725, 1636427197997, 272, 0, 272, 0, 0, 0
1305, 1, 1636427197861, 1636427198130, 269, 1, 268, 0, 1, 1
1306, 1, 1636427198190, 1636427198462, 272, 0, 272, 0, 0, 0
1307, 1, 1636427198429, 1636427198701, 272, 1, 271, 1, 0, 1
1308, 1, 1636427198646, 1636427198917, 271, 0, 271, 0, 0, 0
1309, 1, 1636427198933, 1636427199205, 272, 1, 271, 0, 0, 0
1310, 1, 1636427199017, 1636427199290, 273, 0, 273, 0, 0, 0
1311, 1, 1636427199041, 1636427199317, 276, 1, 275, 0, 0, 0
1312, 1, 1636427199170, 1636427199442, 272, 0, 272, 0, 0, 0
1313, 1, 1636427199253, 1636427199529, 276, 1, 275, 0, 0, 0
1314, 1, 1636427199261, 1636427199530, 269, 0, 269, 0, 0, 0
1315, 1, 1636427199706, 1636427199978, 272, 0, 272, 0, 0, 0
1316, 1, 1636427199969, 1636427200238, 269, 1, 268, 0, 1, 1
1317, 1, 1636427200089, 1636427200362, 273, 1, 272, 1, 0, 1
1318, 1, 1636427200150, 1636427200422, 272, 0, 272, 0, 0, 0
1319, 1, 1636427200293, 1636427200566, 273, 1, 272, 0, 0, 0
1320, 1, 1636427200597, 1636427200874, 277, 0, 277, 0, 0, 0
1321, 1, 1636427200874, 1636427201150, 276, 0, 276, 0, 0, 0
1322, 1, 1636427201473, 1636427201750, 277, 1, 276, 0, 0, 0
1323, 1, 1636427201585, 1636427201854, 269, 0, 269, 0, 0, 0
1324, 1, 1636427201613, 1636427201885, 272, 1, 271, 0, 0, 0
1326, 1, 1636427202062, 1636427202333, 271, 0, 271, 0, 0, 0
1325, 1, 1636427202065, 1636427202338, 273, 1, 272, 0, 0, 0
1327, 1, 1636427202669, 1636427202941, 272, 1, 271, 1, 0, 1
1329, 1, 1636427202754, 1636427203026, 272, 0, 272, 0, 0, 0
1328, 1, 1636427202758, 1636427203033, 275, 0, 275, 0, 0, 0
1330, 1, 1636427202913, 1636427203186, 273, 0, 273, 0, 0, 0
1331, 1, 1636427202958, 1636427203233, 275, 0, 275, 0, 0, 0
1332, 1, 1636427203330, 1636427203601, 271, 0, 271, 0, 0, 0
1334, 1, 1636427203485, 1636427203750, 265, 1, 264, 1, 0, 1
1333, 1, 1636427203481, 1636427203750, 269, 1, 268, 0, 0, 0
1335, 1, 1636427203790, 1636427204062, 272, 0, 272, 0, 0, 0
1336, 1, 1636427203801, 1636427204073, 272, 1, 271, 0, 0, 0
1337, 1, 1636427203989, 1636427204261, 272, 1, 271, 0, 1, 1
1338, 1, 1636427204078, 1636427204349, 271, 0, 271, 0, 0, 0
1339, 1, 1636427204282, 1636427204554, 272, 0, 272, 0, 0, 0
1340, 1, 1636427204305, 1636427204578, 273, 0, 273, 0, 0, 0
1341, 1, 1636427204770, 1636427205042, 272, 0, 272, 0, 0, 0
1342, 1, 1636427205258, 1636427205530, 272, 0, 272, 0, 0, 0
1343, 1, 1636427205493, 1636427205766, 273, 1, 272, 0, 0, 0
1344, 1, 1636427205666, 1636427205938, 272, 0, 272, 0, 0, 0
1345, 1, 1636427206153, 1636427206426, 273, 1, 272, 0, 0, 0
1346, 1, 1636427206190, 1636427206461, 271, 0, 271, 0, 0, 0
1347, 1, 1636427206450, 1636427206722, 272, 0, 272, 0, 0, 0
1348, 1, 1636427206557, 1636427206830, 273, 1, 272, 1, 0, 1
1349, 1, 1636427206909, 1636427207178, 269, 1, 268, 0, 0, 0
1350, 1, 1636427206993, 1636427207265, 272, 1, 271, 0, 0, 0
1351, 1, 1636427207082, 1636427207350, 268, 0, 268, 0, 0, 0
1352, 1, 1636427207114, 1636427207386, 272, 0, 272, 0, 0, 0
1353, 1, 1636427207409, 1636427207681, 272, 1, 271, 0, 0, 0
1354, 1, 1636427207530, 1636427207806, 276, 0, 276, 0, 0, 0
1355, 1, 1636427207570, 1636427207842, 272, 0, 272, 0, 0, 0
1356, 1, 1636427207790, 1636427208061, 271, 0, 271, 0, 0, 0
1357, 1, 1636427207857, 1636427208130, 273, 1, 272, 0, 1, 1
1358, 1, 1636427208281, 1636427208554, 273, 1, 272, 1, 0, 1
1359, 1, 1636427208289, 1636427208557, 268, 0, 268, 0, 0, 0
1360, 1, 1636427208406, 1636427208678, 272, 0, 272, 0, 0, 0
1361, 1, 1636427208801, 1636427209078, 277, 1, 276, 0, 1, 1
1362, 1, 1636427209462, 1636427209734, 272, 0, 272, 0, 0, 0
1363, 1, 1636427209534, 1636427209810, 276, 0, 276, 0, 0, 0
1364, 1, 1636427209821, 1636427210094, 273, 1, 272, 1, 0, 1
1365, 1, 1636427209986, 1636427210257, 271, 0, 271, 0, 0, 0
1366, 1, 1636427210198, 1636427210470, 272, 0, 272, 0, 0, 0
1367, 1, 1636427210469, 1636427210742, 273, 1, 272, 0, 0, 0
1368, 1, 1636427210526, 1636427210794, 268, 0, 268, 0, 0, 0
1370, 1, 1636427210774, 1636427211045, 271, 0, 271, 0, 0, 0
1369, 1, 1636427210774, 1636427211046, 272, 0, 272, 0, 0, 0
1372, 1, 1636427211189, 1636427211462, 273, 1, 272, 0, 0, 0
1371, 1, 1636427211194, 1636427211470, 276, 0, 276, 0, 0, 0
1373, 1, 1636427211498, 1636427211773, 275, 0, 275, 0, 0, 0
1374, 1, 1636427211654, 1636427211926, 272, 0, 272, 0, 0, 0
1375, 1, 1636427211665, 1636427211938, 273, 1, 272, 1, 0, 1
1376, 1, 1636427211725, 1636427211997, 272, 1, 271, 0, 0, 0
1377, 1, 1636427211761, 1636427212038, 277, 1, 276, 0, 0, 0
1378, 1, 1636427212246, 1636427212517, 271, 0, 271, 0, 0, 0
1379, 1, 1636427212429, 1636427212702, 273, 1, 272, 0, 1, 1
1380, 1, 1636427212658, 1636427212930, 272, 0, 272, 0, 0, 0
1381, 1, 1636427213066, 1636427213342, 276, 0, 276, 0, 0, 0
1382, 1, 1636427213765, 1636427214033, 268, 1, 267, 0, 0, 0
1383, 1, 1636427213809, 1636427214086, 277, 1, 276, 0, 0, 0
1384, 1, 1636427213825, 1636427214093, 268, 0, 268, 0, 0, 0
1385, 1, 1636427213974, 1636427214250, 276, 0, 276, 0, 0, 0
1386, 1, 1636427214274, 1636427214546, 272, 0, 272, 0, 0, 0
1387, 1, 1636427214593, 1636427214870, 277, 0, 277, 0, 0, 0
1388, 1, 1636427214794, 1636427215070, 276, 0, 276, 0, 0, 0
1389, 1, 1636427214849, 1636427215121, 272, 1, 271, 0, 1, 1
1390, 1, 1636427214989, 1636427215254, 265, 1, 264, 0, 1, 1
1391, 1, 1636427215070, 1636427215341, 271, 0, 271, 0, 0, 0
1392, 1, 1636427215249, 1636427215522, 273, 1, 272, 0, 0, 0
1393, 1, 1636427215433, 1636427215706, 273, 1, 272, 1, 0, 1
1394, 1, 1636427215734, 1636427216009, 275, 0, 275, 0, 0, 0
1395, 1, 1636427215809, 1636427216081, 272, 1, 271, 1, 0, 1
1396, 1, 1636427215817, 1636427216086, 269, 0, 269, 0, 0, 0
1397, 1, 1636427216029, 1636427216298, 269, 1, 268, 1, 0, 1
1398, 1, 1636427216442, 1636427216713, 271, 0, 271, 0, 0, 0
1399, 1, 1636427216557, 1636427216829, 272, 1, 271, 0, 0, 0
1400, 1, 1636427216641, 1636427216913, 272, 1, 271, 1, 0, 1
1401, 1, 1636427216949, 1636427217222, 273, 1, 272, 0, 1, 1
1402, 1, 1636427217917, 1636427218189, 272, 0, 272, 0, 0, 0
1403, 1, 1636427218046, 1636427218314, 268, 0, 268, 0, 0, 0
1404, 1, 1636427218069, 1636427218342, 273, 1, 272, 0, 0, 0
1405, 1, 1636427218109, 1636427218378, 269, 1, 268, 1, 0, 1
1407, 1, 1636427218450, 1636427218721, 271, 0, 271, 0, 0, 0
1406, 1, 1636427218557, 1636427218830, 273, 1, 272, 0, 0, 0
1408, 1, 1636427218761, 1636427219034, 273, 1, 272, 0, 0, 0
1409, 1, 1636427218914, 1636427219186, 272, 0, 272, 0, 0, 0
1410, 1, 1636427219238, 1636427219510, 272, 0, 272, 0, 0, 0
1411, 1, 1636427219309, 1636427219582, 273, 1, 272, 0, 1, 1
1412, 1, 1636427219373, 1636427219645, 272, 1, 271, 0, 1, 1
1413, 1, 1636427219557, 1636427219830, 273, 0, 273, 0, 0, 0
1415, 1, 1636427219685, 1636427219962, 277, 1, 276, 0, 1, 1
1414, 1, 1636427219762, 1636427220033, 271, 0, 271, 0, 0, 0
1416, 1, 1636427219785, 1636427220054, 269, 1, 268, 1, 0, 1
1417, 1, 1636427220325, 1636427220602, 277, 1, 276, 0, 0, 0
1418, 1, 1636427220394, 1636427220666, 272, 0, 272, 0, 0, 0
1419, 1, 1636427220501, 1636427220778, 277, 1, 276, 0, 0, 0
1420, 1, 1636427220582, 1636427220854, 272, 0, 272, 0, 0, 0
1421, 1, 1636427221138, 1636427221410, 272, 0, 272, 0, 0, 0
1422, 1, 1636427221854, 1636427222129, 275, 0, 275, 0, 0, 0
1423, 1, 1636427221933, 1636427222210, 277, 1, 276, 0, 0, 0
1424, 1, 1636427221937, 1636427222214, 277, 1, 276, 0, 0, 0
1425, 1, 1636427222122, 1636427222393, 271, 0, 271, 0, 0, 0
1427, 1, 1636427222357, 1636427222626, 269, 0, 269, 0, 0, 0
1426, 1, 1636427222393, 1636427222666, 273, 1, 272, 0, 0, 0
1428, 1, 1636427222901, 1636427223177, 276, 1, 275, 1, 0, 1
1429, 1, 1636427222905, 1636427223182, 277, 1, 276, 0, 0, 0
1430, 1, 1636427223186, 1636427223458, 272, 0, 272, 0, 0, 0
1431, 1, 1636427223249, 1636427223521, 272, 1, 271, 0, 0, 0
1434, 1, 1636427223621, 1636427223894, 273, 1, 272, 0, 0, 0
1433, 1, 1636427223706, 1636427223977, 271, 0, 271, 0, 0, 0
1436, 1, 1636427223862, 1636427224134, 272, 0, 272, 0, 0, 0
1435, 1, 1636427224078, 1636427224349, 271, 0, 271, 0, 0, 0
1437, 1, 1636427224133, 1636427224394, 261, 1, 260, 0, 0, 0
1432, 1, 1636427224153, 1636427224422, 269, 1, 268, 0, 1, 1
1438, 1, 1636427224489, 1636427224762, 273, 1, 272, 0, 0, 0
1439, 1, 1636427224653, 1636427224925, 272, 1, 271, 0, 0, 0
1440, 1, 1636427224686, 1636427224958, 272, 0, 272, 0, 0, 0
1441, 1, 1636427224969, 1636427225242, 273, 1, 272, 0, 0, 0
1442, 1, 1636427225922, 1636427226193, 271, 0, 271, 0, 0, 0
1443, 1, 1636427226097, 1636427226369, 272, 1, 271, 0, 1, 1
1444, 1, 1636427226237, 1636427226510, 273, 1, 272, 1, 0, 1
1445, 1, 1636427226273, 1636427226546, 273, 1, 272, 0, 0, 0
1447, 1, 1636427226405, 1636427226678, 273, 0, 273, 0, 0, 0
1446, 1, 1636427226694, 1636427226965, 271, 0, 271, 0, 0, 0
1448, 1, 1636427227150, 1636427227421, 271, 0, 271, 0, 0, 0
1449, 1, 1636427227186, 1636427227457, 271, 0, 271, 0, 0, 0
1450, 1, 1636427227373, 1636427227646, 273, 1, 272, 1, 0, 1
1451, 1, 1636427227401, 1636427227670, 269, 1, 268, 0, 0, 0
1452, 1, 1636427227486, 1636427227758, 272, 0, 272, 0, 0, 0
1453, 1, 1636427227669, 1636427227942, 273, 1, 272, 0, 0, 0
1454, 1, 1636427227825, 1636427228098, 273, 1, 272, 1, 0, 1
1456, 1, 1636427228001, 1636427228273, 272, 1, 271, 0, 0, 0
1455, 1, 1636427228126, 1636427228401, 275, 0, 275, 0, 0, 0
1457, 1, 1636427228421, 1636427228697, 276, 0, 276, 0, 0, 0
1458, 1, 1636427228542, 1636427228814, 272, 0, 272, 0, 0, 0
1459, 1, 1636427228722, 1636427228994, 272, 0, 272, 0, 0, 0
1460, 1, 1636427228741, 1636427229014, 273, 1, 272, 0, 1, 1
1461, 1, 1636427228789, 1636427229061, 272, 1, 271, 0, 1, 1
1462, 1, 1636427229870, 1636427230142, 272, 0, 272, 0, 0, 0
1463, 1, 1636427230233, 1636427230498, 265, 0, 265, 0, 0, 0
1464, 1, 1636427230273, 1636427230545, 272, 1, 271, 0, 0, 0
1465, 1, 1636427230293, 1636427230565, 272, 1, 271, 1, 0, 1
1466, 1, 1636427230422, 1636427230694, 272, 0, 272, 0, 0, 0
1467, 1, 1636427230725, 1636427230997, 272, 1, 271, 1, 0, 1
1468, 1, 1636427231085, 1636427231361, 276, 0, 276, 0, 0, 0
1469, 1, 1636427231125, 1636427231401, 276, 0, 276, 0, 0, 0
1470, 1, 1636427231161, 1636427231434, 273, 1, 272, 0, 1, 1
1471, 1, 1636427231161, 1636427231434, 273, 1, 272, 1, 0, 1
1473, 1, 1636427231521, 1636427231793, 272, 1, 271, 1, 0, 1
1472, 1, 1636427231538, 1636427231810, 272, 0, 272, 0, 0, 0
1474, 1, 1636427231558, 1636427231830, 272, 0, 272, 0, 0, 0
1476, 1, 1636427231938, 1636427232210, 272, 0, 272, 0, 0, 0
1475, 1, 1636427232010, 1636427232281, 271, 0, 271, 0, 0, 0
1477, 1, 1636427232530, 1636427232801, 271, 0, 271, 0, 0, 0
1478, 1, 1636427232549, 1636427232821, 272, 1, 271, 0, 0, 0
1479, 1, 1636427232569, 1636427232841, 272, 1, 271, 0, 1, 1
1480, 1, 1636427232610, 1636427232878, 268, 0, 268, 0, 0, 0
1481, 1, 1636427232754, 1636427233022, 268, 0, 268, 0, 0, 0
1482, 1, 1636427234049, 1636427234329, 280, 1, 279, 0, 0, 0
1483, 1, 1636427234077, 1636427234345, 268, 0, 268, 0, 0, 0
1484, 1, 1636427234129, 1636427234397, 268, 0, 268, 0, 0, 0
1485, 1, 1636427234217, 1636427234489, 272, 1, 271, 0, 0, 0
1487, 1, 1636427234429, 1636427234698, 269, 0, 269, 0, 0, 0
1486, 1, 1636427234505, 1636427234778, 273, 1, 272, 0, 1, 1
1488, 1, 1636427234865, 1636427235134, 269, 0, 269, 0, 0, 0
1489, 1, 1636427234909, 1636427235181, 272, 1, 271, 1, 0, 1
1490, 1, 1636427235145, 1636427235418, 273, 1, 272, 0, 1, 1
1491, 1, 1636427235269, 1636427235542, 273, 1, 272, 0, 0, 0
1492, 1, 1636427235302, 1636427235574, 272, 0, 272, 0, 0, 0
1493, 1, 1636427235402, 1636427235674, 272, 0, 272, 0, 0, 0
1494, 1, 1636427235774, 1636427236050, 276, 0, 276, 0, 0, 0
1495, 1, 1636427235858, 1636427236129, 271, 0, 271, 0, 0, 0
1496, 1, 1636427236082, 1636427236354, 272, 0, 272, 0, 0, 0
1497, 1, 1636427236226, 1636427236494, 268, 0, 268, 0, 0, 0
1498, 1, 1636427236361, 1636427236630, 269, 1, 268, 0, 0, 0
1499, 1, 1636427236389, 1636427236658, 269, 0, 269, 0, 0, 0
1500, 1, 1636427236433, 1636427236702, 269, 0, 269, 0, 0, 0
1501, 1, 1636427236634, 1636427236906, 272, 0, 272, 0, 0, 0
1502, 1, 1636427237822, 1636427238093, 271, 0, 271, 0, 0, 0
1503, 1, 1636427237913, 1636427238185, 272, 1, 271, 1, 0, 1
1504, 1, 1636427238041, 1636427238309, 268, 0, 268, 0, 0, 0
1505, 1, 1636427238129, 1636427238398, 269, 1, 268, 0, 0, 0
1506, 1, 1636427238365, 1636427238638, 273, 1, 272, 0, 0, 0
1507, 1, 1636427238542, 1636427238813, 271, 0, 271, 0, 0, 0
1508, 1, 1636427238741, 1636427239017, 276, 1, 275, 1, 0, 1
1509, 1, 1636427238857, 1636427239133, 276, 1, 275, 0, 1, 1
1510, 1, 1636427238878, 1636427239149, 271, 0, 271, 0, 0, 0
1511, 1, 1636427239121, 1636427239394, 273, 1, 272, 0, 0, 0
1512, 1, 1636427239161, 1636427239438, 277, 1, 276, 0, 1, 1
1513, 1, 1636427239366, 1636427239641, 275, 0, 275, 0, 0, 0
1514, 1, 1636427239486, 1636427239758, 272, 0, 272, 0, 0, 0
1515, 1, 1636427239822, 1636427240094, 272, 0, 272, 0, 0, 0
1516, 1, 1636427239925, 1636427240197, 272, 1, 271, 0, 0, 0
1517, 1, 1636427240054, 1636427240321, 267, 0, 267, 0, 0, 0
1518, 1, 1636427240237, 1636427240510, 273, 1, 272, 0, 1, 1
1519, 1, 1636427240269, 1636427240546, 277, 1, 276, 0, 0, 0
1520, 1, 1636427240682, 1636427240953, 271, 0, 271, 0, 0, 0
1521, 1, 1636427240906, 1636427241178, 272, 0, 272, 0, 0, 0
1522, 1, 1636427241938, 1636427242210, 272, 0, 272, 0, 0, 0
1523, 1, 1636427241941, 1636427242214, 273, 1, 272, 0, 1, 1
1524, 1, 1636427242074, 1636427242349, 275, 0, 275, 0, 0, 0
1526, 1, 1636427242270, 1636427242542, 272, 0, 272, 0, 0, 0
1527, 1, 1636427242277, 1636427242545, 268, 1, 267, 1, 0, 1
1525, 1, 1636427242390, 1636427242662, 272, 0, 272, 0, 0, 0
1528, 1, 1636427242746, 1636427243017, 271, 0, 271, 0, 0, 0
1529, 1, 1636427242941, 1636427243217, 276, 1, 275, 1, 0, 1
1530, 1, 1636427242985, 1636427243258, 273, 1, 272, 1, 0, 1
1531, 1, 1636427243153, 1636427243425, 272, 1, 271, 0, 0, 0
1532, 1, 1636427243190, 1636427243462, 272, 0, 272, 0, 0, 0
1533, 1, 1636427243333, 1636427243597, 264, 1, 263, 1, 0, 1
1535, 1, 1636427243762, 1636427244033, 271, 0, 271, 0, 0, 0
1534, 1, 1636427243781, 1636427244058, 277, 1, 276, 0, 1, 1
1536, 1, 1636427243790, 1636427244058, 268, 0, 268, 0, 0, 0
1538, 1, 1636427244029, 1636427244301, 272, 0, 272, 0, 0, 0
1537, 1, 1636427244241, 1636427244509, 268, 1, 267, 0, 0, 0
1539, 1, 1636427244269, 1636427244542, 273, 0, 273, 0, 0, 0
1540, 1, 1636427244457, 1636427244730, 273, 1, 272, 0, 0, 0
1541, 1, 1636427245165, 1636427245438, 273, 0, 273, 0, 0, 0
1542, 1, 1636427245746, 1636427246021, 275, 0, 275, 0, 0, 0
1543, 1, 1636427245994, 1636427246266, 272, 0, 272, 0, 0, 0
1544, 1, 1636427246266, 1636427246538, 272, 0, 272, 0, 0, 0
1545, 1, 1636427246333, 1636427246606, 273, 1, 272, 0, 1, 1
1546, 1, 1636427246413, 1636427246686, 273, 0, 273, 0, 0, 0
1547, 1, 1636427246598, 1636427246870, 272, 0, 272, 0, 0, 0
1548, 1, 1636427246678, 1636427246950, 272, 0, 272, 0, 0, 0
1549, 1, 1636427247049, 1636427247317, 268, 1, 267, 1, 0, 1
1550, 1, 1636427247090, 1636427247362, 272, 0, 272, 0, 0, 0
1551, 1, 1636427247149, 1636427247426, 277, 0, 277, 0, 0, 0
1552, 1, 1636427247394, 1636427247666, 272, 0, 272, 0, 0, 0
1554, 1, 1636427247449, 1636427247717, 268, 1, 267, 0, 0, 0
1555, 1, 1636427247717, 1636427247990, 273, 1, 272, 0, 1, 1
1553, 1, 1636427247849, 1636427248129, 280, 0, 280, 0, 0, 0
1556, 1, 1636427247893, 1636427248165, 272, 1, 271, 0, 1, 1
1557, 1, 1636427248062, 1636427248333, 271, 0, 271, 0, 0, 0
1559, 1, 1636427248229, 1636427248501, 272, 1, 271, 1, 0, 1
1558, 1, 1636427248306, 1636427248578, 272, 0, 272, 0, 0, 0
1560, 1, 1636427248341, 1636427248614, 273, 1, 272, 0, 1, 1
1561, 1, 1636427248846, 1636427249118, 272, 0, 272, 0, 0, 0
1562, 1, 1636427249846, 1636427250126, 280, 0, 280, 0, 0, 0
1563, 1, 1636427250021, 1636427250289, 268, 0, 268, 0, 0, 0
1564, 1, 1636427250066, 1636427250337, 271, 0, 271, 0, 0, 0
1565, 1, 1636427250521, 1636427250790, 269, 0, 269, 0, 0, 0
1566, 1, 1636427250565, 1636427250837, 272, 1, 271, 0, 0, 0
1567, 1, 1636427250689, 1636427250962, 273, 1, 272, 0, 0, 0
1568, 1, 1636427250778, 1636427251049, 271, 0, 271, 0, 0, 0
1569, 1, 1636427251181, 1636427251454, 273, 0, 273, 0, 0, 0
1570, 1, 1636427251245, 1636427251522, 277, 1, 276, 0, 0, 0
1572, 1, 1636427251281, 1636427251554, 273, 1, 272, 0, 0, 0
1573, 1, 1636427251346, 1636427251617, 271, 0, 271, 0, 0, 0
1574, 1, 1636427251354, 1636427251622, 268, 0, 268, 0, 0, 0
1571, 1, 1636427251638, 1636427251910, 272, 0, 272, 0, 0, 0
1575, 1, 1636427251705, 1636427251973, 268, 1, 267, 1, 0, 1
1576, 1, 1636427251725, 1636427252001, 276, 1, 275, 0, 0, 0
1577, 1, 1636427251889, 1636427252158, 269, 1, 268, 1, 0, 1
1578, 1, 1636427252122, 1636427252394, 272, 0, 272, 0, 0, 0
1579, 1, 1636427252513, 1636427252786, 273, 0, 273, 0, 0, 0
1580, 1, 1636427252550, 1636427252822, 272, 0, 272, 0, 0, 0
1581, 1, 1636427252729, 1636427252998, 269, 1, 268, 0, 0, 0
1582, 1, 1636427253545, 1636427253817, 272, 1, 271, 1, 0, 1
1583, 1, 1636427253898, 1636427254169, 271, 0, 271, 0, 0, 0
1584, 1, 1636427254013, 1636427254286, 273, 1, 272, 1, 0, 1
1586, 1, 1636427254385, 1636427254657, 272, 1, 271, 0, 1, 1
1585, 1, 1636427254470, 1636427254742, 272, 0, 272, 0, 0, 0
1587, 1, 1636427254689, 1636427254961, 272, 1, 271, 1, 0, 1
1588, 1, 1636427254813, 1636427255086, 273, 1, 272, 0, 0, 0
1589, 1, 1636427254877, 1636427255149, 272, 1, 271, 0, 0, 0
1590, 1, 1636427255065, 1636427255338, 273, 1, 272, 1, 0, 1
1591, 1, 1636427255170, 1636427255445, 275, 0, 275, 0, 0, 0
1593, 1, 1636427255301, 1636427255573, 272, 1, 271, 1, 0, 1
1594, 1, 1636427255326, 1636427255598, 272, 0, 272, 0, 0, 0
1592, 1, 1636427255334, 1636427255606, 272, 0, 272, 0, 0, 0
1595, 1, 1636427255521, 1636427255802, 281, 1, 280, 0, 0, 0
1596, 1, 1636427255722, 1636427255994, 272, 0, 272, 0, 0, 0
1597, 1, 1636427255817, 1636427256090, 273, 1, 272, 1, 0, 1
1598, 1, 1636427256193, 1636427256461, 268, 1, 267, 0, 0, 0
1599, 1, 1636427256505, 1636427256782, 277, 1, 276, 0, 1, 1
1600, 1, 1636427256586, 1636427256858, 272, 0, 272, 0, 0, 0
1601, 1, 1636427256669, 1636427256942, 273, 1, 272, 0, 0, 0
1602, 1, 1636427257606, 1636427257878, 272, 0, 272, 0, 0, 0
1603, 1, 1636427257817, 1636427258090, 273, 1, 272, 0, 1, 1
1604, 1, 1636427258066, 1636427258338, 272, 0, 272, 0, 0, 0
1605, 1, 1636427258521, 1636427258793, 272, 0, 272, 0, 0, 0
1606, 1, 1636427258593, 1636427258866, 273, 1, 272, 0, 0, 0
1607, 1, 1636427258702, 1636427258974, 272, 0, 272, 0, 0, 0
1608, 1, 1636427258709, 1636427258981, 272, 1, 271, 0, 0, 0
1609, 1, 1636427259157, 1636427259426, 269, 1, 268, 1, 0, 1
1610, 1, 1636427259153, 1636427259426, 273, 1, 272, 1, 0, 1
1611, 1, 1636427259338, 1636427259609, 271, 0, 271, 0, 0, 0
1612, 1, 1636427259361, 1636427259637, 276, 1, 275, 1, 0, 1
1614, 1, 1636427259505, 1636427259778, 273, 1, 272, 0, 1, 1
1613, 1, 1636427259605, 1636427259885, 280, 1, 279, 0, 0, 0
1615, 1, 1636427259617, 1636427259889, 272, 1, 271, 0, 0, 0
1616, 1, 1636427259749, 1636427260017, 268, 1, 267, 0, 1, 1
1617, 1, 1636427260057, 1636427260333, 276, 1, 275, 0, 0, 0
1618, 1, 1636427260226, 1636427260502, 276, 0, 276, 0, 0, 0
1619, 1, 1636427260373, 1636427260650, 277, 1, 276, 0, 0, 0
1620, 1, 1636427260717, 1636427260990, 273, 0, 273, 0, 0, 0
1621, 1, 1636427260834, 1636427261106, 272, 0, 272, 0, 0, 0
1622, 1, 1636427261310, 1636427261582, 272, 0, 272, 0, 0, 0
1623, 1, 1636427261782, 1636427262054, 272, 0, 272, 0, 0, 0
1624, 1, 1636427262353, 1636427262626, 273, 1, 272, 1, 0, 1
1626, 1, 1636427262546, 1636427262817, 271, 0, 271, 0, 0, 0
1627, 1, 1636427262581, 1636427262857, 276, 0, 276, 0, 0, 0
1625, 1, 1636427262810, 1636427263082, 272, 0, 272, 0, 0, 0
1628, 1, 1636427262837, 1636427263110, 273, 1, 272, 0, 0, 0
1629, 1, 1636427262917, 1636427263189, 272, 1, 271, 0, 0, 0
1630, 1, 1636427263038, 1636427263306, 268, 0, 268, 0, 0, 0
1631, 1, 1636427263193, 1636427263462, 269, 0, 269, 0, 0, 0
1632, 1, 1636427263373, 1636427263645, 272, 1, 271, 0, 0, 0
1633, 1, 1636427263441, 1636427263709, 268, 1, 267, 0, 1, 1
1634, 1, 1636427263461, 1636427263733, 272, 1, 271, 0, 0, 0
1635, 1, 1636427263609, 1636427263877, 268, 1, 267, 0, 0, 0
1636, 1, 1636427263689, 1636427263958, 269, 1, 268, 0, 0, 0
1637, 1, 1636427263821, 1636427264086, 265, 0, 265, 0, 0, 0
1638, 1, 1636427264053, 1636427264330, 277, 1, 276, 1, 0, 1
1639, 1, 1636427264289, 1636427264562, 273, 1, 272, 0, 1, 1
1640, 1, 1636427264714, 1636427264986, 272, 0, 272, 0, 0, 0
1641, 1, 1636427264826, 1636427265102, 276, 0, 276, 0, 0, 0
1642, 1, 1636427265222, 1636427265494, 272, 0, 272, 0, 0, 0
1643, 1, 1636427265533, 1636427265806, 273, 1, 272, 1, 0, 1
1644, 1, 1636427266330, 1636427266598, 268, 0, 268, 0, 0, 0
1645, 1, 1636427266349, 1636427266626, 277, 1, 276, 1, 0, 1
1647, 1, 1636427266662, 1636427266933, 271, 0, 271, 0, 0, 0
1646, 1, 1636427266782, 1636427267053, 271, 0, 271, 0, 0, 0
1648, 1, 1636427266817, 1636427267089, 272, 0, 272, 0, 0, 0
1649, 1, 1636427266833, 1636427267109, 276, 1, 275, 0, 1, 1
1650, 1, 1636427267073, 1636427267341, 268, 1, 267, 0, 0, 0
1651, 1, 1636427267189, 1636427267457, 268, 1, 267, 0, 0, 0
1652, 1, 1636427267278, 1636427267549, 271, 0, 271, 0, 0, 0
1653, 1, 1636427267386, 1636427267653, 267, 0, 267, 0, 0, 0
1654, 1, 1636427267421, 1636427267693, 272, 1, 271, 1, 0, 1
1655, 1, 1636427267437, 1636427267709, 272, 1, 271, 0, 0, 0
1656, 1, 1636427267593, 1636427267862, 269, 1, 268, 0, 0, 0
1657, 1, 1636427267682, 1636427267953, 271, 0, 271, 0, 0, 0
1658, 1, 1636427267913, 1636427268186, 273, 1, 272, 0, 0, 0
1659, 1, 1636427268373, 1636427268646, 273, 1, 272, 0, 0, 0
1660, 1, 1636427268381, 1636427268650, 269, 1, 268, 0, 1, 1
1661, 1, 1636427268642, 1636427268914, 272, 0, 272, 0, 0, 0
1662, 1, 1636427269310, 1636427269582, 272, 0, 272, 0, 0, 0
1663, 1, 1636427269314, 1636427269585, 271, 0, 271, 0, 0, 0
1664, 1, 1636427270017, 1636427270290, 273, 1, 272, 1, 0, 1
1666, 1, 1636427270301, 1636427270569, 268, 1, 267, 1, 0, 1
1667, 1, 1636427270441, 1636427270714, 273, 0, 273, 0, 0, 0
1665, 1, 1636427270473, 1636427270746, 273, 1, 272, 0, 1, 1
1668, 1, 1636427270686, 1636427270958, 272, 0, 272, 0, 0, 0
1669, 1, 1636427270914, 1636427271189, 275, 0, 275, 0, 0, 0
1670, 1, 1636427271013, 1636427271285, 272, 1, 271, 0, 1, 1
1671, 1, 1636427271146, 1636427271417, 271, 0, 271, 0, 0, 0
1672, 1, 1636427271161, 1636427271437, 276, 1, 275, 0, 0, 0
1673, 1, 1636427271209, 1636427271477, 268, 1, 267, 0, 0, 0
1674, 1, 1636427271261, 1636427271533, 272, 1, 271, 1, 0, 1
1675, 1, 1636427271386, 1636427271657, 271, 0, 271, 0, 0, 0
1676, 1, 1636427271510, 1636427271782, 272, 0, 272, 0, 0, 0
1677, 1, 1636427271690, 1636427271958, 268, 0, 268, 0, 0, 0
1678, 1, 1636427272221, 1636427272493, 272, 1, 271, 0, 1, 1
1679, 1, 1636427272238, 1636427272509, 271, 0, 271, 0, 0, 0
1680, 1, 1636427272261, 1636427272533, 272, 1, 271, 0, 0, 0
1681, 1, 1636427272433, 1636427272706, 273, 1, 272, 0, 0, 0
1682, 1, 1636427273150, 1636427273422, 272, 0, 272, 0, 0, 0
1683, 1, 1636427273522, 1636427273794, 272, 0, 272, 0, 0, 0
1684, 1, 1636427274257, 1636427274530, 273, 1, 272, 0, 0, 0
1686, 1, 1636427274374, 1636427274650, 276, 0, 276, 0, 0, 0
1687, 1, 1636427274650, 1636427274922, 272, 0, 272, 0, 0, 0
1685, 1, 1636427274714, 1636427274986, 272, 0, 272, 0, 0, 0
1688, 1, 1636427274842, 1636427275113, 271, 0, 271, 0, 0, 0
1689, 1, 1636427274945, 1636427275222, 277, 1, 276, 0, 1, 1
1690, 1, 1636427275177, 1636427275450, 273, 0, 273, 0, 0, 0
1691, 1, 1636427275189, 1636427275461, 272, 1, 271, 0, 0, 0
1692, 1, 1636427275222, 1636427275493, 271, 0, 271, 0, 0, 0
1693, 1, 1636427275281, 1636427275553, 272, 1, 271, 0, 0, 0
1694, 1, 1636427275281, 1636427275553, 272, 1, 271, 0, 0, 0
1695, 1, 1636427275429, 1636427275705, 276, 1, 275, 0, 0, 0
1696, 1, 1636427275733, 1636427276005, 272, 1, 271, 0, 1, 1
1697, 1, 1636427275761, 1636427276033, 272, 1, 271, 0, 0, 0
1698, 1, 1636427276201, 1636427276474, 273, 0, 273, 0, 0, 0
1699, 1, 1636427276217, 1636427276490, 273, 0, 273, 0, 0, 0
1700, 1, 1636427276361, 1636427276633, 272, 0, 272, 0, 0, 0
1701, 1, 1636427276677, 1636427276949, 272, 1, 271, 0, 0, 0
1702, 1, 1636427277301, 1636427277573, 272, 1, 271, 0, 1, 1
1703, 1, 1636427277665, 1636427277937, 272, 1, 271, 0, 1, 1
1704, 1, 1636427278061, 1636427278337, 276, 1, 275, 0, 0, 0
1706, 1, 1636427278229, 1636427278501, 272, 1, 271, 0, 1, 1
1705, 1, 1636427278521, 1636427278789, 268, 1, 267, 0, 0, 0
1707, 1, 1636427278953, 1636427279221, 268, 1, 267, 0, 0, 0
1708, 1, 1636427278973, 1636427279246, 273, 1, 272, 0, 0, 0
1709, 1, 1636427279089, 1636427279361, 272, 1, 271, 0, 0, 0
1710, 1, 1636427279173, 1636427279446, 273, 1, 272, 0, 1, 1
1711, 1, 1636427279181, 1636427279449, 268, 1, 267, 0, 1, 1
1712, 1, 1636427279201, 1636427279477, 276, 0, 276, 0, 0, 0
1713, 1, 1636427279246, 1636427279518, 272, 0, 272, 0, 0, 0
1714, 1, 1636427279401, 1636427279677, 276, 1, 275, 0, 0, 0
1715, 1, 1636427279681, 1636427279954, 273, 0, 273, 0, 0, 0
1716, 1, 1636427279709, 1636427279978, 269, 1, 268, 1, 0, 1
1717, 1, 1636427279878, 1636427280146, 268, 0, 268, 0, 0, 0
1718, 1, 1636427279909, 1636427280186, 277, 1, 276, 1, 0, 1
1719, 1, 1636427280254, 1636427280526, 272, 0, 272, 0, 0, 0
1720, 1, 1636427280405, 1636427280674, 269, 1, 268, 0, 1, 1
1721, 1, 1636427280625, 1636427280902, 277, 0, 277, 0, 0, 0
1722, 1, 1636427281422, 1636427281694, 272, 0, 272, 0, 0, 0
1723, 1, 1636427281886, 1636427282157, 271, 0, 271, 0, 0, 0
1724, 1, 1636427281926, 1636427282198, 272, 0, 272, 0, 0, 0
1725, 1, 1636427282201, 1636427282474, 273, 1, 272, 0, 1, 1
1726, 1, 1636427282657, 1636427282930, 273, 0, 273, 0, 0, 0
1727, 1, 1636427282889, 1636427283161, 272, 1, 271, 0, 0, 0
1728, 1, 1636427282981, 1636427283253, 272, 1, 271, 0, 0, 0
1729, 1, 1636427283106, 1636427283386, 280, 0, 280, 0, 0, 0
1730, 1, 1636427283265, 1636427283538, 273, 1, 272, 0, 0, 0
1731, 1, 1636427283405, 1636427283678, 273, 1, 272, 0, 0, 0
1732, 1, 1636427283417, 1636427283689, 272, 1, 271, 0, 0, 0
1733, 1, 1636427283453, 1636427283722, 269, 0, 269, 0, 0, 0
1734, 1, 1636427283497, 1636427283765, 268, 1, 267, 0, 1, 1
1735, 1, 1636427283573, 1636427283846, 273, 1, 272, 1, 0, 1
1736, 1, 1636427283617, 1636427283890, 273, 1, 272, 1, 0, 1
1737, 1, 1636427283873, 1636427284145, 272, 1, 271, 1, 0, 1
1738, 1, 1636427283981, 1636427284253, 272, 0, 272, 0, 0, 0
1739, 1, 1636427284025, 1636427284294, 269, 0, 269, 0, 0, 0
1740, 1, 1636427284629, 1636427284902, 273, 1, 272, 0, 0, 0
1741, 1, 1636427284818, 1636427285090, 272, 0, 272, 0, 0, 0
1742, 1, 1636427285590, 1636427285862, 272, 0, 272, 0, 0, 0
1743, 1, 1636427285817, 1636427286094, 277, 0, 277, 0, 0, 0
1744, 1, 1636427286086, 1636427286358, 272, 0, 272, 0, 0, 0
1746, 1, 1636427286202, 1636427286474, 272, 0, 272, 0, 0, 0
1745, 1, 1636427286546, 1636427286817, 271, 0, 271, 0, 0, 0
1747, 1, 1636427286797, 1636427287069, 272, 1, 271, 0, 0, 0
1748, 1, 1636427286933, 1636427287206, 273, 1, 272, 0, 1, 1
1749, 1, 1636427287013, 1636427287285, 272, 1, 271, 1, 0, 1
1750, 1, 1636427287053, 1636427287326, 273, 1, 272, 0, 0, 0
1751, 1, 1636427287134, 1636427287406, 272, 0, 272, 0, 0, 0
1752, 1, 1636427287237, 1636427287509, 272, 1, 271, 0, 0, 0
1753, 1, 1636427287329, 1636427287605, 276, 1, 275, 1, 0, 1
1754, 1, 1636427287509, 1636427287782, 273, 1, 272, 0, 1, 1
1755, 1, 1636427287569, 1636427287841, 272, 1, 271, 0, 1, 1
1756, 1, 1636427287741, 1636427288014, 273, 1, 272, 0, 1, 1
1758, 1, 1636427287962, 1636427288234, 272, 0, 272, 0, 0, 0
1759, 1, 1636427288030, 1636427288301, 271, 0, 271, 0, 0, 0
1757, 1, 1636427288198, 1636427288470, 272, 0, 272, 0, 0, 0
1760, 1, 1636427288806, 1636427289078, 272, 0, 272, 0, 0, 0
1761, 1, 1636427288918, 1636427289190, 272, 0, 272, 0, 0, 0
1762, 1, 1636427289882, 1636427290154, 272, 0, 272, 0, 0, 0
1763, 1, 1636427289885, 1636427290154, 269, 1, 268, 0, 0, 0
1764, 1, 1636427289965, 1636427290234, 269, 1, 268, 0, 0, 0
1765, 1, 1636427290193, 1636427290470, 277, 0, 277, 0, 0, 0
1767, 1, 1636427290505, 1636427290773, 268, 1, 267, 0, 0, 0
1766, 1, 1636427290646, 1636427290917, 271, 0, 271, 0, 0, 0
1768, 1, 1636427290906, 1636427291178, 272, 0, 272, 0, 0, 0
1769, 1, 1636427290998, 1636427291269, 271, 0, 271, 0, 0, 0
1770, 1, 1636427291185, 1636427291462, 277, 0, 277, 0, 0, 0
1771, 1, 1636427291269, 1636427291546, 277, 1, 276, 0, 0, 0
1773, 1, 1636427291298, 1636427291570, 272, 0, 272, 0, 0, 0
1772, 1, 1636427291298, 1636427291570, 272, 0, 272, 0, 0, 0
1774, 1, 1636427291453, 1636427291726, 273, 1, 272, 0, 0, 0
1775, 1, 1636427291526, 1636427291797, 271, 0, 271, 0, 0, 0
1776, 1, 1636427291573, 1636427291842, 269, 0, 269, 0, 0, 0
1777, 1, 1636427291914, 1636427292185, 271, 0, 271, 0, 0, 0
1778, 1, 1636427292030, 1636427292306, 276, 0, 276, 0, 0, 0
1779, 1, 1636427292133, 1636427292406, 273, 1, 272, 0, 0, 0
1781, 1, 1636427293094, 1636427293362, 268, 0, 268, 0, 0, 0
1780, 1, 1636427293089, 1636427293362, 273, 1, 272, 1, 0, 1
1782, 1, 1636427293833, 1636427294106, 273, 1, 272, 1, 0, 1
1783, 1, 1636427293945, 1636427294214, 269, 1, 268, 0, 1, 1
1784, 1, 1636427294054, 1636427294330, 276, 0, 276, 0, 0, 0
1785, 1, 1636427294462, 1636427294733, 271, 0, 271, 0, 0, 0
1786, 1, 1636427294486, 1636427294754, 268, 0, 268, 0, 0, 0
1787, 1, 1636427294661, 1636427294934, 273, 1, 272, 0, 1, 1
1788, 1, 1636427294929, 1636427295202, 273, 1, 272, 0, 0, 0
1789, 1, 1636427294945, 1636427295217, 272, 1, 271, 0, 0, 0
1790, 1, 1636427294977, 1636427295249, 272, 0, 272, 0, 0, 0
1791, 1, 1636427295022, 1636427295297, 275, 0, 275, 0, 0, 0
1792, 1, 1636427295293, 1636427295570, 277, 1, 276, 0, 0, 0
1793, 1, 1636427295393, 1636427295666, 273, 1, 272, 1, 0, 1
1794, 1, 1636427295513, 1636427295785, 272, 1, 271, 0, 0, 0
1795, 1, 1636427295625, 1636427295898, 273, 1, 272, 0, 1, 1
1796, 1, 1636427295817, 1636427296090, 273, 1, 272, 0, 1, 1
1798, 1, 1636427295917, 1636427296185, 268, 1, 267, 0, 0, 0
1797, 1, 1636427295965, 1636427296238, 273, 1, 272, 1, 0, 1
1799, 1, 1636427296109, 1636427296382, 273, 1, 272, 0, 0, 0
1800, 1, 1636427297326, 1636427297598, 272, 0, 272, 0, 0, 0
1801, 1, 1636427297390, 1636427297662, 272, 0, 272, 0, 0, 0
1802, 1, 1636427297774, 1636427298046, 272, 0, 272, 0, 0, 0
1803, 1, 1636427298050, 1636427298317, 267, 0, 267, 0, 0, 0
1804, 1, 1636427298233, 1636427298501, 268, 1, 267, 1, 0, 1
1805, 1, 1636427298249, 1636427298525, 276, 0, 276, 0, 0, 0
1807, 1, 1636427298398, 1636427298665, 267, 0, 267, 0, 0, 0
1808, 1, 1636427298485, 1636427298761, 276, 1, 275, 0, 0, 0
1806, 1, 1636427298713, 1636427298981, 268, 0, 268, 0, 0, 0
1809, 1, 1636427298713, 1636427298981, 268, 0, 268, 0, 0, 0
1810, 1, 1636427298921, 1636427299193, 272, 1, 271, 0, 0, 0
1811, 1, 1636427299009, 1636427299281, 272, 0, 272, 0, 0, 0
1812, 1, 1636427299178, 1636427299450, 272, 0, 272, 0, 0, 0
1813, 1, 1636427299225, 1636427299497, 272, 1, 271, 1, 0, 1
1814, 1, 1636427299629, 1636427299902, 273, 0, 273, 0, 0, 0
1815, 1, 1636427299674, 1636427299945, 271, 0, 271, 0, 0, 0
1816, 1, 1636427299701, 1636427299973, 272, 1, 271, 1, 0, 1
1817, 1, 1636427299862, 1636427300134, 272, 0, 272, 0, 0, 0
1818, 1, 1636427299902, 1636427300170, 268, 0, 268, 0, 0, 0
1819, 1, 1636427300149, 1636427300422, 273, 1, 272, 0, 0, 0
1820, 1, 1636427301081, 1636427301354, 273, 1, 272, 1, 0, 1
1821, 1, 1636427301917, 1636427302190, 273, 1, 272, 0, 0, 0
1822, 1, 1636427301978, 1636427302249, 271, 0, 271, 0, 0, 0
1823, 1, 1636427302102, 1636427302374, 272, 0, 272, 0, 0, 0
1825, 1, 1636427302450, 1636427302717, 267, 0, 267, 0, 0, 0
1824, 1, 1636427302562, 1636427302833, 271, 0, 271, 0, 0, 0
1826, 1, 1636427302682, 1636427302953, 271, 0, 271, 0, 0, 0
1827, 1, 1636427302701, 1636427302974, 273, 1, 272, 0, 0, 0
1828, 1, 1636427302794, 1636427303065, 271, 0, 271, 0, 0, 0
1830, 1, 1636427303061, 1636427303334, 273, 1, 272, 1, 0, 1
1829, 1, 1636427303137, 1636427303410, 273, 1, 272, 0, 0, 0
1832, 1, 1636427303506, 1636427303778, 272, 0, 272, 0, 0, 0
1831, 1, 1636427303517, 1636427303789, 272, 1, 271, 0, 0, 0
1833, 1, 1636427303557, 1636427303833, 276, 0, 276, 0, 0, 0
1835, 1, 1636427303825, 1636427304098, 273, 1, 272, 0, 1, 1
1834, 1, 1636427303961, 1636427304230, 269, 1, 268, 1, 0, 1
1836, 1, 1636427303978, 1636427304250, 272, 0, 272, 0, 0, 0
1837, 1, 1636427304025, 1636427304297, 272, 1, 271, 0, 1, 1
1838, 1, 1636427304937, 1636427305210, 273, 1, 272, 1, 0, 1
1839, 1, 1636427305810, 1636427306081, 271, 0, 271, 0, 0, 0
1841, 1, 1636427306169, 1636427306441, 272, 0, 272, 0, 0, 0
1840, 1, 1636427306262, 1636427306533, 271, 0, 271, 0, 0, 0
1842, 1, 1636427306286, 1636427306557, 271, 0, 271, 0, 0, 0
1843, 1, 1636427306401, 1636427306677, 276, 0, 276, 0, 0, 0
1844, 1, 1636427306589, 1636427306853, 264, 1, 263, 0, 0, 0
1845, 1, 1636427306689, 1636427306962, 273, 0, 273, 0, 0, 0
1847, 1, 1636427306773, 1636427307041, 268, 0, 268, 0, 0, 0
1846, 1, 1636427306857, 1636427307129, 272, 1, 271, 0, 1, 1
1848, 1, 1636427307265, 1636427307537, 272, 1, 271, 0, 0, 0
1849, 1, 1636427307329, 1636427307605, 276, 1, 275, 0, 1, 1
1850, 1, 1636427307553, 1636427307826, 273, 1, 272, 0, 1, 1
1851, 1, 1636427307785, 1636427308058, 273, 1, 272, 0, 0, 0
1853, 1, 1636427307873, 1636427308145, 272, 1, 271, 0, 1, 1
1852, 1, 1636427308005, 1636427308277, 272, 1, 271, 0, 0, 0
1854, 1, 1636427308293, 1636427308566, 273, 1, 272, 0, 0, 0
1855, 1, 1636427308650, 1636427308922, 272, 0, 272, 0, 0, 0
1856, 1, 1636427309986, 1636427310253, 267, 0, 267, 0, 0, 0
1857, 1, 1636427310421, 1636427310697, 276, 1, 275, 0, 1, 1
1858, 1, 1636427310433, 1636427310706, 273, 0, 273, 0, 0, 0
1859, 1, 1636427310461, 1636427310729, 268, 1, 267, 1, 0, 1
1860, 1, 1636427310465, 1636427310737, 272, 1, 271, 1, 0, 1
1861, 1, 1636427310621, 1636427310889, 268, 1, 267, 1, 0, 1
1862, 1, 1636427310677, 1636427310949, 272, 1, 271, 0, 0, 0
1864, 1, 1636427310809, 1636427311081, 272, 1, 271, 0, 0, 0
1863, 1, 1636427311073, 1636427311346, 273, 1, 272, 0, 1, 1
1865, 1, 1636427311366, 1636427311641, 275, 0, 275, 0, 0, 0
1866, 1, 1636427311554, 1636427311821, 267, 0, 267, 0, 0, 0
1867, 1, 1636427311590, 1636427311862, 272, 0, 272, 0, 0, 0
1868, 1, 1636427311821, 1636427312094, 273, 1, 272, 1, 0, 1
1870, 1, 1636427311993, 1636427312270, 277, 1, 276, 0, 0, 0
1869, 1, 1636427312041, 1636427312314, 273, 1, 272, 0, 1, 1
1871, 1, 1636427312546, 1636427312817, 271, 0, 271, 0, 0, 0
1872, 1, 1636427312937, 1636427313210, 273, 1, 272, 1, 0, 1
1873, 1, 1636427313922, 1636427314194, 272, 0, 272, 0, 0, 0
1875, 1, 1636427314141, 1636427314414, 273, 1, 272, 1, 0, 1
1876, 1, 1636427314257, 1636427314530, 273, 1, 272, 0, 0, 0
1874, 1, 1636427314373, 1636427314646, 273, 1, 272, 0, 0, 0
1877, 1, 1636427314529, 1636427314801, 272, 1, 271, 0, 0, 0
1878, 1, 1636427314665, 1636427314937, 272, 1, 271, 1, 0, 1
1879, 1, 1636427314790, 1636427315061, 271, 0, 271, 0, 0, 0
1880, 1, 1636427314793, 1636427315061, 268, 1, 267, 1, 0, 1
1881, 1, 1636427315113, 1636427315389, 276, 1, 275, 1, 0, 1
1882, 1, 1636427315273, 1636427315546, 273, 1, 272, 0, 0, 0
1883, 1, 1636427315285, 1636427315557, 272, 1, 271, 0, 0, 0
1885, 1, 1636427315674, 1636427315945, 271, 0, 271, 0, 0, 0
1884, 1, 1636427315729, 1636427316002, 273, 1, 272, 0, 0, 0
1886, 1, 1636427315729, 1636427316002, 273, 1, 272, 0, 0, 0
1887, 1, 1636427316130, 1636427316402, 272, 0, 272, 0, 0, 0
1888, 1, 1636427316314, 1636427316586, 272, 0, 272, 0, 0, 0
1889, 1, 1636427316713, 1636427316986, 273, 1, 272, 0, 1, 1
1890, 1, 1636427318017, 1636427318290, 273, 0, 273, 0, 0, 0
1891, 1, 1636427318525, 1636427318801, 276, 0, 276, 0, 0, 0
1892, 1, 1636427318570, 1636427318838, 268, 0, 268, 0, 0, 0
1893, 1, 1636427318837, 1636427319106, 269, 1, 268, 0, 0, 0
1894, 1, 1636427318869, 1636427319137, 268, 1, 267, 0, 0, 0
1895, 1, 1636427318889, 1636427319157, 268, 1, 267, 0, 0, 0
1897, 1, 1636427319182, 1636427319454, 272, 0, 272, 0, 0, 0
1896, 1, 1636427319333, 1636427319606, 273, 1, 272, 0, 1, 1
1898, 1, 1636427319637, 1636427319909, 272, 1, 271, 0, 1, 1
1899, 1, 1636427319697, 1636427319969, 272, 1, 271, 1, 0, 1
1900, 1, 1636427319818, 1636427320090, 272, 0, 272, 0, 0, 0
1901, 1, 1636427320153, 1636427320426, 273, 1, 272, 1, 0, 1
1902, 1, 1636427320190, 1636427320462, 272, 0, 272, 0, 0, 0
1903, 1, 1636427321726, 1636427322002, 276, 0, 276, 0, 0, 0
1904, 1, 1636427322458, 1636427322726, 268, 0, 268, 0, 0, 0
1905, 1, 1636427322562, 1636427322833, 271, 0, 271, 0, 0, 0
1906, 1, 1636427322613, 1636427322890, 277, 1, 276, 0, 0, 0
1907, 1, 1636427323129, 1636427323401, 272, 1, 271, 0, 0, 0
1908, 1, 1636427323170, 1636427323441, 271, 0, 271, 0, 0, 0
1909, 1, 1636427323170, 1636427323441, 271, 0, 271, 0, 0, 0
1912, 1, 1636427323533, 1636427323806, 273, 1, 272, 0, 0, 0
1911, 1, 1636427323585, 1636427323857, 272, 1, 271, 1, 0, 1
1910, 1, 1636427323617, 1636427323890, 273, 1, 272, 0, 1, 1
1913, 1, 1636427323997, 1636427324278, 281, 1, 280, 0, 0, 0
1914, 1, 1636427324033, 1636427324305, 272, 1, 271, 1, 0, 1
1915, 1, 1636427324110, 1636427324385, 275, 0, 275, 0, 0, 0
1916, 1, 1636427325429, 1636427325701, 272, 1, 271, 0, 0, 0
1917, 1, 1636427326386, 1636427326657, 271, 0, 271, 0, 0, 0
1918, 1, 1636427326689, 1636427326957, 268, 1, 267, 0, 0, 0
1919, 1, 1636427326829, 1636427327101, 272, 1, 271, 0, 0, 0
1920, 1, 1636427326849, 1636427327122, 273, 0, 273, 0, 0, 0
1921, 1, 1636427327050, 1636427327322, 272, 0, 272, 0, 0, 0
1922, 1, 1636427327281, 1636427327554, 273, 0, 273, 0, 0, 0
1923, 1, 1636427327325, 1636427327598, 273, 1, 272, 0, 1, 1
1925, 1, 1636427327733, 1636427328006, 273, 0, 273, 0, 0, 0
1924, 1, 1636427327777, 1636427328050, 273, 1, 272, 0, 1, 1
1926, 1, 1636427327990, 1636427328262, 272, 0, 272, 0, 0, 0
1927, 1, 1636427329342, 1636427329614, 272, 0, 272, 0, 0, 0
1928, 1, 1636427330557, 1636427330833, 276, 1, 275, 0, 0, 0
1929, 1, 1636427330577, 1636427330849, 272, 1, 271, 1, 0, 1
1930, 1, 1636427330729, 1636427331001, 272, 1, 271, 1, 0, 1
1931, 1, 1636427330746, 1636427331017, 271, 0, 271, 0, 0, 0
1932, 1, 1636427330905, 1636427331177, 272, 0, 272, 0, 0, 0
1933, 1, 1636427331205, 1636427331478, 273, 1, 272, 1, 0, 1
1934, 1, 1636427331345, 1636427331617, 272, 0, 272, 0, 0, 0
1935, 1, 1636427331661, 1636427331934, 273, 1, 272, 0, 1, 1
1937, 1, 1636427331781, 1636427332054, 273, 1, 272, 0, 0, 0
1936, 1, 1636427331806, 1636427332077, 271, 0, 271, 0, 0, 0
1938, 1, 1636427333430, 1636427333702, 272, 0, 272, 0, 0, 0
1939, 1, 1636427334358, 1636427334626, 268, 0, 268, 0, 0, 0
1940, 1, 1636427334522, 1636427334793, 271, 0, 271, 0, 0, 0
1941, 1, 1636427334830, 1636427335102, 272, 0, 272, 0, 0, 0
1942, 1, 1636427334837, 1636427335105, 268, 0, 268, 0, 0, 0
1943, 1, 1636427334881, 1636427335153, 272, 0, 272, 0, 0, 0
1944, 1, 1636427335290, 1636427335562, 272, 0, 272, 0, 0, 0
1945, 1, 1636427335310, 1636427335586, 276, 0, 276, 0, 0, 0
1947, 1, 1636427335746, 1636427336018, 272, 0, 272, 0, 0, 0
1948, 1, 1636427335754, 1636427336026, 272, 0, 272, 0, 0, 0
1946, 1, 1636427335765, 1636427336038, 273, 1, 272, 1, 0, 1
1949, 1, 1636427337269, 1636427337542, 273, 1, 272, 1, 0, 1
1950, 1, 1636427338198, 1636427338469, 271, 0, 271, 0, 0, 0
1951, 1, 1636427338493, 1636427338766, 273, 1, 272, 0, 0, 0
1952, 1, 1636427338673, 1636427338946, 273, 1, 272, 1, 0, 1
1953, 1, 1636427339085, 1636427339358, 273, 0, 273, 0, 0, 0
1954, 1, 1636427339129, 1636427339402, 273, 1, 272, 0, 1, 1
1955, 1, 1636427339366, 1636427339637, 271, 0, 271, 0, 0, 0
1956, 1, 1636427339578, 1636427339850, 272, 0, 272, 0, 0, 0
1957, 1, 1636427339838, 1636427340106, 268, 0, 268, 0, 0, 0
1958, 1, 1636427341417, 1636427341690, 273, 1, 272, 0, 0, 0
1959, 1, 1636427342374, 1636427342646, 272, 0, 272, 0, 0, 0
1960, 1, 1636427342817, 1636427343089, 272, 1, 271, 0, 0, 0
1961, 1, 1636427342853, 1636427343126, 273, 1, 272, 0, 0, 0
1962, 1, 1636427343318, 1636427343590, 272, 0, 272, 0, 0, 0
1963, 1, 1636427343346, 1636427343618, 272, 0, 272, 0, 0, 0
1964, 1, 1636427343777, 1636427344050, 273, 1, 272, 1, 0, 1
1965, 1, 1636427343798, 1636427344070, 272, 0, 272, 0, 0, 0
1966, 1, 1636427345462, 1636427345738, 276, 0, 276, 0, 0, 0
1967, 1, 1636427346674, 1636427346945, 271, 0, 271, 0, 0, 0
1968, 1, 1636427346762, 1636427347033, 271, 0, 271, 0, 0, 0
1969, 1, 1636427346865, 1636427347142, 277, 1, 276, 0, 0, 0
1970, 1, 1636427347389, 1636427347662, 273, 0, 273, 0, 0, 0
1971, 1, 1636427347526, 1636427347806, 280, 0, 280, 0, 0, 0
1973, 1, 1636427347945, 1636427348217, 272, 0, 272, 0, 0, 0
1972, 1, 1636427347989, 1636427348261, 272, 1, 271, 0, 0, 0
1974, 1, 1636427350710, 1636427350981, 271, 0, 271, 0, 0, 0
1975, 1, 1636427350922, 1636427351193, 271, 0, 271, 0, 0, 0
1976, 1, 1636427351641, 1636427351918, 277, 1, 276, 1, 0, 1
1977, 1, 1636427352102, 1636427352374, 272, 0, 272, 0, 0, 0
1978, 1, 1636427354417, 1636427354690, 273, 0, 273, 0, 0, 0
1979, 1, 1636427354806, 1636427355078, 272, 0, 272, 0, 0, 0
1980, 1, 1636427355454, 1636427355726, 272, 0, 272, 0, 0, 0
1981, 1, 1636427355910, 1636427356182, 272, 0, 272, 0, 0, 0
1982, 1, 1636427358326, 1636427358598, 272, 0, 272, 0, 0, 0
1983, 1, 1636427358473, 1636427358746, 273, 1, 272, 0, 0, 0
1984, 1, 1636427359250, 1636427359522, 272, 0, 272, 0, 0, 0
1985, 1, 1636427359705, 1636427359978, 273, 1, 272, 0, 0, 0
1986, 1, 1636427362333, 1636427362610, 277, 1, 276, 0, 1, 1
1987, 1, 1636427362409, 1636427362682, 273, 1, 272, 0, 1, 1
1988, 1, 1636427363494, 1636427363762, 268, 0, 268, 0, 0, 0
1989, 1, 1636427363946, 1636427364218, 272, 0, 272, 0, 0, 0
1990, 1, 1636427366253, 1636427366525, 272, 1, 271, 0, 0, 0
1991, 1, 1636427366306, 1636427366577, 271, 0, 271, 0, 0, 0
1992, 1, 1636427367449, 1636427367726, 277, 1, 276, 0, 0, 0
1993, 1, 1636427367906, 1636427368178, 272, 0, 272, 0, 0, 0
1994, 1, 1636427370066, 1636427370338, 272, 0, 272, 0, 0, 0
1995, 1, 1636427371634, 1636427371906, 272, 0, 272, 0, 0, 0
1996, 1, 1636427372090, 1636427372362, 272, 0, 272, 0, 0, 0
1997, 1, 1636427375397, 1636427375674, 277, 1, 276, 0, 0, 0
1998, 1, 1636427375858, 1636427376130, 272, 0, 272, 0, 0, 0
1999, 1, 1636427379685, 1636427379958, 273, 1, 272, 1, 0, 1
2000, 1, 1636427380133, 1636427380410, 277, 1, 276, 1, 0, 1
2001, 1, 1636427507190, 1636427507462, 272, 0, 272, 0, 0, 0
2002, 1, 1636427511058, 1636427511330, 272, 0, 272, 0, 0, 0
2003, 1, 1636427514970, 1636427515242, 272, 0, 272, 0, 0, 0
2004, 1, 1636427519150, 1636427519422, 272, 0, 272, 0, 0, 0
2005, 1, 1636427523322, 1636427523594, 272, 0, 272, 0, 0, 0
2006, 1, 1636427527234, 1636427527506, 272, 0, 272, 0, 0, 0
2007, 1, 1636427531270, 1636427531542, 272, 0, 272, 0, 0, 0
2008, 1, 1636427535326, 1636427535598, 272, 0, 272, 0, 0, 0
2009, 1, 1636427539398, 1636427539670, 272, 0, 272, 0, 0, 0
2010, 1, 1636427543617, 1636427543893, 276, 1, 275, 0, 1, 1
2011, 1, 1636427547354, 1636427547626, 272, 0, 272, 0, 0, 0
2012, 1, 1636427551146, 1636427551417, 271, 0, 271, 0, 0, 0
2013, 1, 1636427554994, 1636427555270, 276, 0, 276, 0, 0, 0
2014, 1, 1636427559318, 1636427559590, 272, 0, 272, 0, 0, 0
2015, 1, 1636427563106, 1636427563378, 272, 0, 272, 0, 0, 0
2016, 1, 1636427567301, 1636427567574, 273, 1, 272, 0, 1, 1
2017, 1, 1636427571138, 1636427571410, 272, 0, 272, 0, 0, 0
2018, 1, 1636427575033, 1636427575306, 273, 1, 272, 0, 0, 0
2019, 1, 1636427579354, 1636427579626, 272, 0, 272, 0, 0, 0
2020, 1, 1636427583430, 1636427583702, 272, 0, 272, 0, 0, 0
2021, 1, 1636427587122, 1636427587394, 272, 0, 272, 0, 0, 0
2022, 1, 1636427590946, 1636427591222, 276, 0, 276, 0, 0, 0
2023, 1, 1636427605590, 1636427605861, 271, 0, 271, 0, 0, 0
2024, 1, 1636427606582, 1636427606854, 272, 0, 272, 0, 0, 0
2025, 1, 1636427607566, 1636427607838, 272, 0, 272, 0, 0, 0
2026, 1, 1636427608590, 1636427608862, 272, 0, 272, 0, 0, 0
2027, 1, 1636427609621, 1636427609894, 273, 1, 272, 0, 0, 0
2028, 1, 1636427610622, 1636427610890, 268, 0, 268, 0, 0, 0
2029, 1, 1636427611633, 1636427611906, 273, 0, 273, 0, 0, 0
2030, 1, 1636427612654, 1636427612926, 272, 0, 272, 0, 0, 0
2031, 1, 1636427613685, 1636427613958, 273, 1, 272, 1, 0, 1
2032, 1, 1636427614690, 1636427614966, 276, 0, 276, 0, 0, 0
2033, 1, 1636427615662, 1636427615938, 276, 0, 276, 0, 0, 0
2034, 1, 1636427616630, 1636427616902, 272, 0, 272, 0, 0, 0
2035, 1, 1636427617617, 1636427617890, 273, 1, 272, 0, 1, 1
2036, 1, 1636427618630, 1636427618902, 272, 0, 272, 0, 0, 0
2037, 1, 1636427619610, 1636427619882, 272, 0, 272, 0, 0, 0
2038, 1, 1636427620641, 1636427620913, 272, 1, 271, 0, 0, 0
2039, 1, 1636427621637, 1636427621910, 273, 1, 272, 0, 1, 1
2040, 1, 1636427622626, 1636427622898, 272, 0, 272, 0, 0, 0
2041, 1, 1636427623630, 1636427623901, 271, 0, 271, 0, 0, 0
2042, 1, 1636427624638, 1636427624910, 272, 0, 272, 0, 0, 0
2043, 1, 1636427625626, 1636427625898, 272, 0, 272, 0, 0, 0
2044, 1, 1636427626594, 1636427626870, 276, 0, 276, 0, 0, 0
2045, 1, 1636427627586, 1636427627857, 271, 0, 271, 0, 0, 0
2046, 1, 1636427628566, 1636427628838, 272, 0, 272, 0, 0, 0
2047, 1, 1636427629582, 1636427629854, 272, 0, 272, 0, 0, 0
2048, 1, 1636427630594, 1636427630870, 276, 0, 276, 0, 0, 0
2049, 1, 1636427631577, 1636427631849, 272, 0, 272, 0, 0, 0
2050, 1, 1636427632554, 1636427632826, 272, 0, 272, 0, 0, 0
2051, 1, 1636427633562, 1636427633833, 271, 0, 271, 0, 0, 0
2052, 1, 1636427634590, 1636427634862, 272, 0, 272, 0, 0, 0
2053, 1, 1636427635570, 1636427635846, 276, 0, 276, 0, 0, 0
2054, 1, 1636427636558, 1636427636830, 272, 0, 272, 0, 0, 0
2055, 1, 1636427637534, 1636427637806, 272, 0, 272, 0, 0, 0
2056, 1, 1636427638541, 1636427638814, 273, 1, 272, 1, 0, 1
2057, 1, 1636427639510, 1636427639786, 276, 0, 276, 0, 0, 0
2058, 1, 1636427640513, 1636427640786, 273, 1, 272, 0, 0, 0
2059, 1, 1636427641497, 1636427641770, 273, 1, 272, 0, 1, 1
2060, 1, 1636427642494, 1636427642766, 272, 0, 272, 0, 0, 0
2061, 1, 1636427643530, 1636427643802, 272, 0, 272, 0, 0, 0
2062, 1, 1636427644534, 1636427644810, 276, 0, 276, 0, 0, 0
2063, 1, 1636427645554, 1636427645826, 272, 0, 272, 0, 0, 0
2064, 1, 1636427646533, 1636427646806, 273, 1, 272, 0, 0, 0
2065, 1, 1636427647517, 1636427647790, 273, 1, 272, 1, 0, 1
2066, 1, 1636427648522, 1636427648794, 272, 0, 272, 0, 0, 0
2067, 1, 1636427649530, 1636427649802, 272, 0, 272, 0, 0, 0
2068, 1, 1636427650509, 1636427650782, 273, 0, 273, 0, 0, 0
2069, 1, 1636427651522, 1636427651798, 276, 0, 276, 0, 0, 0
2070, 1, 1636427652558, 1636427652830, 272, 0, 272, 0, 0, 0
2071, 1, 1636427653554, 1636427653826, 272, 0, 272, 0, 0, 0
2072, 1, 1636427654526, 1636427654798, 272, 0, 272, 0, 0, 0
2073, 1, 1636427655538, 1636427655810, 272, 0, 272, 0, 0, 0
2074, 1, 1636427656570, 1636427656842, 272, 0, 272, 0, 0, 0
2075, 1, 1636427657602, 1636427657874, 272, 0, 272, 0, 0, 0
2076, 1, 1636427658573, 1636427658846, 273, 1, 272, 0, 0, 0
2077, 1, 1636427659594, 1636427659866, 272, 0, 272, 0, 0, 0
2078, 1, 1636427660598, 1636427660870, 272, 0, 272, 0, 0, 0
2079, 1, 1636427661614, 1636427661886, 272, 0, 272, 0, 0, 0
2080, 1, 1636427662610, 1636427662886, 276, 0, 276, 0, 0, 0
2081, 1, 1636427663622, 1636427663894, 272, 0, 272, 0, 0, 0
2082, 1, 1636427664654, 1636427664926, 272, 0, 272, 0, 0, 0
2083, 1, 1636427665670, 1636427665946, 276, 0, 276, 0, 0, 0
2084, 1, 1636427666686, 1636427666958, 272, 0, 272, 0, 0, 0
2085, 1, 1636427667677, 1636427667950, 273, 1, 272, 0, 0, 0
2086, 1, 1636427668701, 1636427668974, 273, 1, 272, 1, 0, 1
2087, 1, 1636427669730, 1636427670002, 272, 0, 272, 0, 0, 0
2088, 1, 1636427670741, 1636427671014, 273, 1, 272, 0, 0, 0
2089, 1, 1636427671717, 1636427671990, 273, 0, 273, 0, 0, 0
2090, 1, 1636427672698, 1636427672974, 276, 0, 276, 0, 0, 0
2091, 1, 1636427673682, 1636427673954, 272, 0, 272, 0, 0, 0
2092, 1, 1636427674686, 1636427674958, 272, 0, 272, 0, 0, 0
2093, 1, 1636427675725, 1636427675998, 273, 1, 272, 1, 0, 1
2094, 1, 1636427676706, 1636427676978, 272, 0, 272, 0, 0, 0
2095, 1, 1636427677665, 1636427677938, 273, 1, 272, 1, 0, 1
2096, 1, 1636427678670, 1636427678942, 272, 0, 272, 0, 0, 0
2097, 1, 1636427679670, 1636427679942, 272, 0, 272, 0, 0, 0
2098, 1, 1636427680654, 1636427680926, 272, 0, 272, 0, 0, 0
2099, 1, 1636427681622, 1636427681894, 272, 0, 272, 0, 0, 0
2100, 1, 1636427682626, 1636427682898, 272, 0, 272, 0, 0, 0
2101, 1, 1636427683645, 1636427683918, 273, 1, 272, 1, 0, 1
2102, 1, 1636427684658, 1636427684930, 272, 0, 272, 0, 0, 0
2103, 1, 1636427685654, 1636427685926, 272, 0, 272, 0, 0, 0
2104, 1, 1636427686654, 1636427686926, 272, 0, 272, 0, 0, 0
2105, 1, 1636427687622, 1636427687894, 272, 0, 272, 0, 0, 0
2106, 1, 1636427688626, 1636427688898, 272, 0, 272, 0, 0, 0
2107, 1, 1636427689606, 1636427689878, 272, 0, 272, 0, 0, 0
2108, 1, 1636427690630, 1636427690902, 272, 0, 272, 0, 0, 0
2109, 1, 1636427691642, 1636427691918, 276, 0, 276, 0, 0, 0
2110, 1, 1636427692602, 1636427692873, 271, 0, 271, 0, 0, 0
2111, 1, 1636427693594, 1636427693865, 271, 0, 271, 0, 0, 0
2112, 1, 1636427694569, 1636427694842, 273, 0, 273, 0, 0, 0
2113, 1, 1636427695542, 1636427695814, 272, 0, 272, 0, 0, 0
2114, 1, 1636427696514, 1636427696786, 272, 0, 272, 0, 0, 0
2115, 1, 1636427697542, 1636427697814, 272, 0, 272, 0, 0, 0
2116, 1, 1636427698510, 1636427698781, 271, 0, 271, 0, 0, 0
2117, 1, 1636427699538, 1636427699810, 272, 0, 272, 0, 0, 0
2118, 1, 1636427700565, 1636427700838, 273, 1, 272, 0, 0, 0
2119, 1, 1636427701570, 1636427701842, 272, 0, 272, 0, 0, 0
2120, 1, 1636427702570, 1636427702842, 272, 0, 272, 0, 0, 0
2121, 1, 1636427703570, 1636427703842, 272, 0, 272, 0, 0, 0
2122, 1, 1636427704578, 1636427704850, 272, 0, 272, 0, 0, 0
2123, 1, 1636427742750, 1636427743022, 272, 0, 272, 0, 0, 0
2124, 1, 1636427743678, 1636427743950, 272, 0, 272, 0, 0, 0
2125, 1, 1636427744653, 1636427744926, 273, 1, 272, 1, 0, 1
2126, 1, 1636427745685, 1636427745957, 272, 1, 271, 0, 0, 0
2127, 1, 1636427746709, 1636427746981, 272, 1, 271, 0, 0, 0
2128, 1, 1636427747714, 1636427747986, 272, 0, 272, 0, 0, 0
2129, 1, 1636427748722, 1636427748994, 272, 0, 272, 0, 0, 0
2130, 1, 1636427749742, 1636427750013, 271, 0, 271, 0, 0, 0
2131, 1, 1636427750778, 1636427751050, 272, 0, 272, 0, 0, 0
2132, 1, 1636427751777, 1636427752046, 269, 0, 269, 0, 0, 0
2133, 1, 1636427752745, 1636427753010, 265, 0, 265, 0, 0, 0
2134, 1, 1636427753738, 1636427754010, 272, 0, 272, 0, 0, 0
2135, 1, 1636427754725, 1636427754998, 273, 1, 272, 1, 0, 1
2136, 1, 1636427755738, 1636427756010, 272, 0, 272, 0, 0, 0
2137, 1, 1636427756714, 1636427756986, 272, 0, 272, 0, 0, 0
2138, 1, 1636427757750, 1636427758022, 272, 0, 272, 0, 0, 0
2139, 1, 1636427758746, 1636427759018, 272, 0, 272, 0, 0, 0
2140, 1, 1636427759722, 1636427759994, 272, 0, 272, 0, 0, 0
2141, 1, 1636427760726, 1636427760994, 268, 0, 268, 0, 0, 0
2142, 1, 1636427761733, 1636427762006, 273, 1, 272, 1, 0, 1
2143, 1, 1636427762702, 1636427762974, 272, 0, 272, 0, 0, 0
2144, 1, 1636427763670, 1636427763942, 272, 0, 272, 0, 0, 0
2145, 1, 1636427764654, 1636427764926, 272, 0, 272, 0, 0, 0
2146, 1, 1636427765642, 1636427765918, 276, 0, 276, 0, 0, 0
2147, 1, 1636427766650, 1636427766922, 272, 0, 272, 0, 0, 0
2148, 1, 1636427767669, 1636427767942, 273, 1, 272, 1, 0, 1
2149, 1, 1636427768650, 1636427768922, 272, 0, 272, 0, 0, 0
2150, 1, 1636427769630, 1636427769906, 276, 0, 276, 0, 0, 0
2151, 1, 1636427770662, 1636427770934, 272, 0, 272, 0, 0, 0
2152, 1, 1636427771686, 1636427771958, 272, 0, 272, 0, 0, 0
2153, 1, 1636427772674, 1636427772950, 276, 0, 276, 0, 0, 0
2154, 1, 1636427773666, 1636427773938, 272, 0, 272, 0, 0, 0
2155, 1, 1636427774637, 1636427774910, 273, 0, 273, 0, 0, 0
2156, 1, 1636427775646, 1636427775917, 271, 0, 271, 0, 0, 0
2157, 1, 1636427776613, 1636427776886, 273, 1, 272, 0, 1, 1
2158, 1, 1636427777618, 1636427777893, 275, 0, 275, 0, 0, 0
2159, 1, 1636427778594, 1636427778862, 268, 0, 268, 0, 0, 0
2160, 1, 1636427779590, 1636427779862, 272, 0, 272, 0, 0, 0
2161, 1, 1636427780622, 1636427780894, 272, 0, 272, 0, 0, 0
2162, 1, 1636427781633, 1636427781906, 273, 0, 273, 0, 0, 0
2163, 1, 1636427782650, 1636427782922, 272, 0, 272, 0, 0, 0
2164, 1, 1636427783630, 1636427783902, 272, 0, 272, 0, 0, 0
2165, 1, 1636427784622, 1636427784894, 272, 0, 272, 0, 0, 0
2166, 1, 1636427785630, 1636427785906, 276, 0, 276, 0, 0, 0
2167, 1, 1636427786638, 1636427786909, 271, 0, 271, 0, 0, 0
2168, 1, 1636427787618, 1636427787890, 272, 0, 272, 0, 0, 0
2169, 1, 1636427788630, 1636427788902, 272, 0, 272, 0, 0, 0
2170, 1, 1636427789658, 1636427789930, 272, 0, 272, 0, 0, 0
2171, 1, 1636427790654, 1636427790925, 271, 0, 271, 0, 0, 0
2172, 1, 1636427791630, 1636427791906, 276, 0, 276, 0, 0, 0
2173, 1, 1636427792638, 1636427792910, 272, 0, 272, 0, 0, 0
2174, 1, 1636427793670, 1636427793942, 272, 0, 272, 0, 0, 0
2175, 1, 1636427794701, 1636427794974, 273, 1, 272, 0, 0, 0
2176, 1, 1636427795674, 1636427795950, 276, 0, 276, 0, 0, 0
2177, 1, 1636427796698, 1636427796970, 272, 0, 272, 0, 0, 0
2178, 1, 1636427797734, 1636427798010, 276, 0, 276, 0, 0, 0
2179, 1, 1636427798754, 1636427799026, 272, 0, 272, 0, 0, 0
2180, 1, 1636427799729, 1636427800002, 273, 1, 272, 0, 0, 0
2181, 1, 1636427800738, 1636427801010, 272, 0, 272, 0, 0, 0
2182, 1, 1636427801750, 1636427802022, 272, 0, 272, 0, 0, 0
2183, 1, 1636427802758, 1636427803034, 276, 0, 276, 0, 0, 0
2184, 1, 1636427803778, 1636427804050, 272, 0, 272, 0, 0, 0
2185, 1, 1636427804765, 1636427805038, 273, 1, 272, 0, 0, 0
2186, 1, 1636427805794, 1636427806066, 272, 0, 272, 0, 0, 0
2187, 1, 1636427806817, 1636427807089, 272, 1, 271, 1, 0, 1
2188, 1, 1636427807854, 1636427808126, 272, 0, 272, 0, 0, 0
2189, 1, 1636427808833, 1636427809106, 273, 1, 272, 0, 1, 1
2190, 1, 1636427809818, 1636427810090, 272, 0, 272, 0, 0, 0
2191, 1, 1636427810798, 1636427811069, 271, 0, 271, 0, 0, 0
2192, 1, 1636427811810, 1636427812082, 272, 0, 272, 0, 0, 0
2193, 1, 1636427812830, 1636427813102, 272, 0, 272, 0, 0, 0
2194, 1, 1636427813810, 1636427814082, 272, 0, 272, 0, 0, 0
2195, 1, 1636427814778, 1636427815050, 272, 0, 272, 0, 0, 0
2196, 1, 1636427815785, 1636427816058, 273, 1, 272, 0, 0, 0
2197, 1, 1636427816774, 1636427817045, 271, 0, 271, 0, 0, 0
2198, 1, 1636427817766, 1636427818038, 272, 0, 272, 0, 0, 0
2199, 1, 1636427818753, 1636427819025, 272, 1, 271, 0, 0, 0
2200, 1, 1636427819782, 1636427820054, 272, 0, 272, 0, 0, 0
2201, 1, 1636427820798, 1636427821069, 271, 0, 271, 0, 0, 0
2202, 1, 1636427821810, 1636427822082, 272, 0, 272, 0, 0, 0
2203, 1, 1636427822806, 1636427823078, 272, 0, 272, 0, 0, 0
2204, 1, 1636427823806, 1636427824074, 268, 0, 268, 0, 0, 0
2205, 1, 1636427824769, 1636427825042, 273, 1, 272, 0, 0, 0
2206, 1, 1636427825782, 1636427826054, 272, 0, 272, 0, 0, 0
2207, 1, 1636427826762, 1636427827034, 272, 0, 272, 0, 0, 0
2208, 1, 1636427827782, 1636427828054, 272, 0, 272, 0, 0, 0
2209, 1, 1636427828794, 1636427829066, 272, 0, 272, 0, 0, 0
2210, 1, 1636427829786, 1636427830058, 272, 0, 272, 0, 0, 0
2211, 1, 1636427830750, 1636427831026, 276, 0, 276, 0, 0, 0
2212, 1, 1636427831726, 1636427831998, 272, 0, 272, 0, 0, 0
2213, 1, 1636427832717, 1636427832990, 273, 0, 273, 0, 0, 0
2214, 1, 1636427833690, 1636427833962, 272, 0, 272, 0, 0, 0
2215, 1, 1636427834717, 1636427834990, 273, 1, 272, 0, 0, 0
2216, 1, 1636427835689, 1636427835962, 273, 1, 272, 0, 0, 0
2217, 1, 1636427836714, 1636427836986, 272, 0, 272, 0, 0, 0
2218, 1, 1636427837742, 1636427838014, 272, 0, 272, 0, 0, 0
2219, 1, 1636427838781, 1636427839054, 273, 1, 272, 1, 0, 1
2220, 1, 1636427839778, 1636427840049, 271, 0, 271, 0, 0, 0
2221, 1, 1636427840814, 1636427841086, 272, 0, 272, 0, 0, 0
2222, 1, 1636427841822, 1636427842090, 268, 0, 268, 0, 0, 0
