Xid, State, StartTime, EndTime, TransactionTime, ExecuteTime, CommunicationTime, ReadTime, WriteTime, DBTime
14, 1, 1636413939724, 1636413940211, 487, 69, 418, 27, 5, 32
16, 1, 1636413940554, 1636413940955, 401, 5, 396, 1, 1, 2
18, 1, 1636413941266, 1636413941675, 409, 4, 405, 1, 1, 2
20, 1, 1636413941986, 1636413942391, 405, 4, 401, 2, 0, 2
22, 1, 1636413942658, 1636413943059, 401, 4, 397, 2, 0, 2
24, 1, 1636413943326, 1636413943727, 401, 4, 397, 1, 0, 1
26, 1, 1636413943994, 1636413944394, 400, 3, 397, 0, 0, 0
29, 1, 1636413944658, 1636413945062, 404, 4, 400, 2, 0, 2
31, 1, 1636413945326, 1636413945735, 409, 4, 405, 2, 0, 2
33, 1, 1636413946002, 1636413946407, 405, 3, 402, 2, 0, 2
35, 1, 1636413946674, 1636413947070, 396, 3, 393, 2, 0, 2
37, 1, 1636413947334, 1636413947731, 397, 2, 395, 0, 1, 1
39, 1, 1636413947994, 1636413948394, 400, 3, 397, 2, 0, 2
41, 1, 1636413948658, 1636413949050, 392, 2, 390, 1, 0, 1
44, 1, 1636413949314, 1636413949706, 392, 3, 389, 1, 0, 1
46, 1, 1636413949974, 1636413950383, 409, 7, 402, 1, 1, 2
49, 1, 1636413950650, 1636413951010, 360, 3, 357, 1, 0, 1
52, 1, 1636413951278, 1636413951630, 352, 2, 350, 0, 1, 1
55, 1, 1636413951894, 1636413952246, 352, 2, 350, 1, 0, 1
58, 1, 1636413952510, 1636413952862, 352, 3, 349, 0, 1, 1
61, 1, 1636413953126, 1636413953478, 352, 2, 350, 0, 0, 0
64, 1, 1636413953742, 1636413954098, 356, 3, 353, 1, 1, 2
67, 1, 1636413954362, 1636413954714, 352, 2, 350, 0, 1, 1
70, 1, 1636413954982, 1636413955334, 352, 2, 350, 0, 1, 1
73, 1, 1636413955598, 1636413955954, 356, 2, 354, 1, 0, 1
76, 1, 1636413956214, 1636413956570, 356, 0, 356, 0, 0, 0
79, 1, 1636413956834, 1636413957186, 352, 2, 350, 1, 0, 1
82, 1, 1636413957450, 1636413957802, 352, 1, 351, 0, 0, 0
84, 1, 1636413958066, 1636413958422, 356, 2, 354, 0, 0, 0
87, 1, 1636413958694, 1636413959046, 352, 1, 351, 1, 0, 1
90, 1, 1636413959310, 1636413959662, 352, 1, 351, 0, 0, 0
93, 1, 1636413959926, 1636413960282, 356, 1, 355, 0, 1, 1
96, 1, 1636413960546, 1636413960902, 356, 1, 355, 0, 0, 0
99, 1, 1636413961166, 1636413961518, 352, 1, 351, 0, 0, 0
102, 1, 1636413961782, 1636413962134, 352, 1, 351, 0, 1, 1
105, 1, 1636413962398, 1636413962750, 352, 2, 350, 0, 1, 1
108, 1, 1636413963014, 1636413963366, 352, 1, 351, 0, 1, 1
111, 1, 1636413963630, 1636413963982, 352, 1, 351, 0, 0, 0
114, 1, 1636413964246, 1636413964602, 356, 1, 355, 0, 0, 0
117, 1, 1636413964866, 1636413965218, 352, 2, 350, 1, 0, 1
120, 1, 1636413965482, 1636413965834, 352, 2, 350, 1, 0, 1
123, 1, 1636413966098, 1636413966454, 356, 1, 355, 0, 0, 0
126, 1, 1636413966718, 1636413967070, 352, 1, 351, 0, 0, 0
129, 1, 1636413967334, 1636413967690, 356, 1, 355, 0, 1, 1
132, 1, 1636413967950, 1636413968302, 352, 1, 351, 0, 1, 1
135, 1, 1636413968566, 1636413968918, 352, 2, 350, 0, 0, 0
138, 1, 1636413969182, 1636413969534, 352, 1, 351, 0, 0, 0
141, 1, 1636413969794, 1636413970150, 356, 1, 355, 0, 0, 0
144, 1, 1636413970418, 1636413970770, 352, 0, 352, 0, 0, 0
147, 1, 1636413971034, 1636413971386, 352, 0, 352, 0, 0, 0
150, 1, 1636413971646, 1636413971998, 352, 1, 351, 0, 1, 1
153, 1, 1636413972262, 1636413972618, 356, 1, 355, 0, 0, 0
156, 1, 1636413972882, 1636413973234, 352, 2, 350, 0, 0, 0
159, 1, 1636413973498, 1636413973850, 352, 2, 350, 0, 1, 1
162, 1, 1636413974114, 1636413974466, 352, 1, 351, 0, 0, 0
165, 1, 1636413974725, 1636413975082, 357, 2, 355, 1, 0, 1
168, 1, 1636413975350, 1636413975702, 352, 1, 351, 0, 0, 0
171, 1, 1636413975966, 1636413976318, 352, 1, 351, 0, 0, 0
174, 1, 1636413976578, 1636413976930, 352, 1, 351, 0, 1, 1
177, 1, 1636413977193, 1636413977546, 353, 1, 352, 1, 0, 1
180, 1, 1636413977810, 1636413978162, 352, 1, 351, 0, 0, 0
183, 1, 1636413978426, 1636413978778, 352, 1, 351, 0, 0, 0
186, 1, 1636413979042, 1636413979394, 352, 2, 350, 0, 0, 0
189, 1, 1636413979657, 1636413980010, 353, 2, 351, 0, 0, 0
192, 1, 1636413980274, 1636413980634, 360, 6, 354, 4, 1, 5
195, 1, 1636413980902, 1636413981254, 352, 0, 352, 0, 0, 0
198, 1, 1636413981517, 1636413981870, 353, 1, 352, 0, 0, 0
201, 1, 1636413982129, 1636413982482, 353, 2, 351, 0, 0, 0
204, 1, 1636413982746, 1636413983098, 352, 0, 352, 0, 0, 0
207, 1, 1636413983362, 1636413983710, 348, 0, 348, 0, 0, 0
210, 1, 1636413983973, 1636413984322, 349, 0, 349, 0, 0, 0
213, 1, 1636413984586, 1636413984942, 356, 0, 356, 0, 0, 0
216, 1, 1636413985210, 1636413985562, 352, 0, 352, 0, 0, 0
219, 1, 1636413985822, 1636413986174, 352, 0, 352, 0, 0, 0
222, 1, 1636413986438, 1636413986790, 352, 1, 351, 0, 0, 0
225, 1, 1636413987050, 1636413987401, 351, 0, 351, 0, 0, 0
228, 1, 1636413987666, 1636413988017, 351, 0, 351, 0, 0, 0
231, 1, 1636413988282, 1636413988630, 348, 1, 347, 0, 0, 0
234, 1, 1636413988893, 1636413989241, 348, 1, 347, 1, 0, 1
237, 1, 1636413989505, 1636413989858, 353, 1, 352, 0, 0, 0
240, 1, 1636413990117, 1636413990474, 357, 1, 356, 1, 0, 1
243, 1, 1636413990734, 1636413991086, 352, 0, 352, 0, 0, 0
246, 1, 1636413991354, 1636413991714, 360, 0, 360, 0, 0, 0
249, 1, 1636413991973, 1636413992326, 353, 2, 351, 0, 0, 0
252, 1, 1636413992590, 1636413992938, 348, 0, 348, 0, 0, 0
255, 1, 1636413993198, 1636413993554, 356, 1, 355, 0, 0, 0
258, 1, 1636413993817, 1636413994170, 353, 0, 353, 0, 0, 0
260, 1, 1636413994434, 1636413994786, 352, 0, 352, 0, 0, 0
262, 1, 1636413995050, 1636413995401, 351, 1, 350, 0, 0, 0
264, 1, 1636413995666, 1636413996018, 352, 0, 352, 0, 0, 0
266, 1, 1636413996282, 1636413996634, 352, 0, 352, 0, 0, 0
268, 1, 1636413996898, 1636413997257, 359, 3, 356, 0, 0, 0
270, 1, 1636413997522, 1636413997878, 356, 0, 356, 0, 0, 0
272, 1, 1636413998142, 1636413998494, 352, 0, 352, 0, 0, 0
274, 1, 1636413998754, 1636413999110, 356, 1, 355, 0, 0, 0
276, 1, 1636413999374, 1636413999726, 352, 1, 351, 0, 0, 0
278, 1, 1636413999994, 1636414000346, 352, 0, 352, 0, 0, 0
280, 1, 1636414000610, 1636414000962, 352, 0, 352, 0, 0, 0
282, 1, 1636414001226, 1636414001578, 352, 1, 351, 0, 0, 0
284, 1, 1636414001842, 1636414002194, 352, 0, 352, 0, 0, 0
301, 1, 1636414579094, 1636414579477, 383, 11, 372, 0, 0, 0
302, 1, 1636414580394, 1636414580750, 356, 0, 356, 0, 0, 0
303, 1, 1636414580973, 1636414581338, 365, 1, 364, 0, 0, 0
304, 1, 1636414581378, 1636414581742, 364, 2, 362, 1, 1, 2
305, 1, 1636414582306, 1636414582658, 352, 0, 352, 0, 0, 0
306, 1, 1636414582338, 1636414582694, 356, 1, 355, 1, 0, 1
307, 1, 1636414582858, 1636414583218, 360, 0, 360, 0, 0, 0
308, 1, 1636414583234, 1636414583590, 356, 0, 356, 0, 0, 0
309, 1, 1636414584206, 1636414584558, 352, 0, 352, 0, 0, 0
310, 1, 1636414584238, 1636414584594, 356, 0, 356, 0, 0, 0
311, 1, 1636414584870, 1636414585222, 352, 0, 352, 0, 0, 0
312, 1, 1636414585134, 1636414585486, 352, 0, 352, 0, 0, 0
313, 1, 1636414586102, 1636414586454, 352, 0, 352, 0, 0, 0
314, 1, 1636414586254, 1636414586614, 360, 0, 360, 0, 0, 0
315, 1, 1636414586938, 1636414587293, 355, 0, 355, 0, 0, 0
316, 1, 1636414587238, 1636414587594, 356, 2, 354, 0, 1, 1
317, 1, 1636414588122, 1636414588390, 268, 0, 268, 0, 0, 0
318, 1, 1636414588214, 1636414588478, 264, 0, 264, 0, 0, 0
319, 1, 1636414588850, 1636414589122, 272, 0, 272, 0, 0, 0
320, 1, 1636414589194, 1636414589458, 264, 0, 264, 0, 0, 0
321, 1, 1636414590117, 1636414590382, 265, 1, 264, 1, 0, 1
323, 1, 1636414590966, 1636414591238, 272, 0, 272, 0, 0, 0
325, 1, 1636414592238, 1636414592502, 264, 0, 264, 0, 0, 0
326, 1, 1636414593026, 1636414593298, 272, 0, 272, 0, 0, 0
327, 1, 1636414594298, 1636414594566, 268, 0, 268, 0, 0, 0
328, 1, 1636414595094, 1636414595361, 267, 0, 267, 0, 0, 0
329, 1, 1636414596365, 1636414596630, 265, 1, 264, 0, 0, 0
330, 1, 1636414596398, 1636414596662, 264, 0, 264, 0, 0, 0
331, 1, 1636414597162, 1636414597430, 268, 0, 268, 0, 0, 0
332, 1, 1636414598398, 1636414598662, 264, 0, 264, 0, 0, 0
333, 1, 1636414598490, 1636414598754, 264, 0, 264, 0, 0, 0
334, 1, 1636414599150, 1636414599418, 268, 0, 268, 0, 0, 0
322, 2, 1636414590382, 1636414600439, 10057, 0, 10057, 0, 0, 0
336, 1, 1636414600357, 1636414600662, 305, 2, 303, 0, 1, 1
335, 1, 1636414600342, 1636414600662, 320, 0, 320, 0, 0, 0
324, 1, 1636414600486, 1636414600750, 264, 1, 263, 0, 0, 0
337, 1, 1636414600866, 1636414601134, 268, 0, 268, 0, 0, 0
338, 1, 1636414601137, 1636414601402, 265, 1, 264, 1, 0, 1
339, 1, 1636414601165, 1636414601430, 265, 1, 264, 0, 0, 0
340, 1, 1636414602337, 1636414602601, 264, 1, 263, 0, 1, 1
341, 1, 1636414602369, 1636414602634, 265, 1, 264, 0, 0, 0
342, 1, 1636414602750, 1636414603018, 268, 0, 268, 0, 0, 0
343, 1, 1636414602918, 1636414603185, 267, 0, 267, 0, 0, 0
344, 1, 1636414603018, 1636414603285, 267, 0, 267, 0, 0, 0
345, 1, 1636414604293, 1636414604562, 269, 0, 269, 0, 0, 0
346, 1, 1636414604438, 1636414604710, 272, 0, 272, 0, 0, 0
347, 1, 1636414604693, 1636414604958, 265, 1, 264, 0, 0, 0
348, 1, 1636414604957, 1636414605222, 265, 1, 264, 0, 0, 0
349, 1, 1636414604985, 1636414605250, 265, 1, 264, 0, 1, 1
350, 1, 1636414606305, 1636414606578, 273, 1, 272, 0, 0, 0
351, 1, 1636414606361, 1636414606626, 265, 1, 264, 1, 0, 1
352, 1, 1636414606658, 1636414606921, 263, 0, 263, 0, 0, 0
353, 1, 1636414606901, 1636414607170, 269, 1, 268, 1, 0, 1
354, 1, 1636414606917, 1636414607186, 269, 1, 268, 0, 1, 1
355, 1, 1636414608294, 1636414608562, 268, 1, 267, 1, 0, 1
356, 1, 1636414608421, 1636414608690, 269, 1, 268, 0, 0, 0
357, 1, 1636414608538, 1636414608806, 268, 0, 268, 0, 0, 0
358, 1, 1636414608785, 1636414609054, 269, 1, 268, 0, 0, 0
359, 1, 1636414609058, 1636414609322, 264, 0, 264, 0, 0, 0
360, 1, 1636414610425, 1636414610689, 264, 1, 263, 0, 0, 0
361, 1, 1636414610429, 1636414610694, 265, 1, 264, 0, 0, 0
363, 1, 1636414610842, 1636414611106, 264, 0, 264, 0, 0, 0
364, 1, 1636414611018, 1636414611282, 264, 0, 264, 0, 0, 0
365, 1, 1636414612341, 1636414612610, 269, 0, 269, 0, 0, 0
366, 1, 1636414612482, 1636414612750, 268, 0, 268, 0, 0, 0
367, 1, 1636414612898, 1636414613162, 264, 0, 264, 0, 0, 0
368, 1, 1636414612970, 1636414613234, 264, 0, 264, 0, 0, 0
369, 1, 1636414614294, 1636414614558, 264, 0, 264, 0, 0, 0
370, 1, 1636414614617, 1636414614885, 268, 0, 268, 0, 0, 0
371, 1, 1636414614898, 1636414615162, 264, 0, 264, 0, 0, 0
372, 1, 1636414615066, 1636414615334, 268, 0, 268, 0, 0, 0
373, 1, 1636414616390, 1636414616658, 268, 0, 268, 0, 0, 0
374, 1, 1636414616630, 1636414616894, 264, 0, 264, 0, 0, 0
375, 1, 1636414616897, 1636414617165, 268, 1, 267, 0, 0, 0
376, 1, 1636414617106, 1636414617378, 272, 0, 272, 0, 0, 0
377, 1, 1636414618438, 1636414618709, 271, 0, 271, 0, 0, 0
378, 1, 1636414618625, 1636414618890, 265, 1, 264, 0, 0, 0
379, 1, 1636414618890, 1636414619154, 264, 1, 263, 0, 0, 0
380, 1, 1636414619090, 1636414619354, 264, 0, 264, 0, 0, 0
381, 1, 1636414620393, 1636414620658, 265, 0, 265, 0, 0, 0
362, 2, 1636414610694, 1636414620831, 10137, 1, 10136, 1, 1, 2
382, 1, 1636414620609, 1636414621010, 401, 1, 400, 0, 1, 1
383, 1, 1636414620921, 1636414621194, 273, 1, 272, 0, 1, 1
384, 1, 1636414621062, 1636414621330, 268, 0, 268, 0, 0, 0
385, 1, 1636414621294, 1636414621558, 264, 0, 264, 0, 0, 0
386, 1, 1636414622374, 1636414622638, 264, 0, 264, 0, 0, 0
387, 1, 1636414622593, 1636414622858, 265, 1, 264, 0, 0, 0
388, 1, 1636414622842, 1636414623106, 264, 0, 264, 0, 0, 0
389, 1, 1636414622858, 1636414623122, 264, 0, 264, 0, 0, 0
390, 1, 1636414623138, 1636414623401, 263, 0, 263, 0, 0, 0
391, 1, 1636414624262, 1636414624534, 272, 0, 272, 0, 0, 0
392, 1, 1636414624686, 1636414624950, 264, 0, 264, 0, 0, 0
393, 1, 1636414624798, 1636414625065, 267, 0, 267, 0, 0, 0
394, 1, 1636414624845, 1636414625110, 265, 1, 264, 1, 0, 1
395, 1, 1636414625025, 1636414625290, 265, 1, 264, 0, 1, 1
396, 1, 1636414626206, 1636414626473, 267, 0, 267, 0, 0, 0
397, 1, 1636414626698, 1636414626966, 268, 0, 268, 0, 0, 0
398, 1, 1636414626797, 1636414627062, 265, 1, 264, 0, 0, 0
399, 1, 1636414626962, 1636414627226, 264, 0, 264, 0, 0, 0
400, 1, 1636414627074, 1636414627342, 268, 0, 268, 0, 0, 0
401, 1, 1636414628321, 1636414628586, 265, 1, 264, 0, 0, 0
402, 1, 1636414628714, 1636414628978, 264, 0, 264, 0, 0, 0
403, 1, 1636414628806, 1636414629070, 264, 0, 264, 0, 0, 0
404, 1, 1636414628893, 1636414629158, 265, 1, 264, 0, 0, 0
405, 1, 1636414629126, 1636414629390, 264, 0, 264, 0, 0, 0
406, 1, 1636414630334, 1636414630601, 267, 0, 267, 0, 0, 0
407, 1, 1636414630649, 1636414630917, 268, 1, 267, 0, 0, 0
408, 1, 1636414630758, 1636414631022, 264, 0, 264, 0, 0, 0
409, 1, 1636414630777, 1636414631046, 269, 1, 268, 0, 1, 1
410, 1, 1636414631250, 1636414631518, 268, 0, 268, 0, 0, 0
411, 1, 1636414632290, 1636414632562, 272, 0, 272, 0, 0, 0
412, 1, 1636414632625, 1636414632890, 265, 0, 265, 0, 0, 0
413, 1, 1636414632725, 1636414632989, 264, 1, 263, 0, 0, 0
414, 1, 1636414632761, 1636414633033, 272, 0, 272, 0, 0, 0
415, 1, 1636414633253, 1636414633522, 269, 1, 268, 0, 0, 0
416, 1, 1636414634266, 1636414634534, 268, 0, 268, 0, 0, 0
417, 1, 1636414634585, 1636414634849, 264, 1, 263, 0, 1, 1
418, 1, 1636414634701, 1636414634966, 265, 1, 264, 0, 0, 0
419, 1, 1636414634805, 1636414635070, 265, 1, 264, 0, 0, 0
420, 1, 1636414635246, 1636414635510, 264, 0, 264, 0, 0, 0
421, 1, 1636414636270, 1636414636538, 268, 0, 268, 0, 0, 0
422, 1, 1636414636557, 1636414636821, 264, 1, 263, 0, 0, 0
423, 1, 1636414636825, 1636414637094, 269, 0, 269, 0, 0, 0
424, 1, 1636414636934, 1636414637201, 267, 0, 267, 0, 0, 0
425, 1, 1636414637141, 1636414637406, 265, 1, 264, 0, 0, 0
426, 1, 1636414638382, 1636414638650, 268, 0, 268, 0, 0, 0
427, 1, 1636414638686, 1636414638950, 264, 0, 264, 0, 0, 0
428, 1, 1636414638778, 1636414639046, 268, 0, 268, 0, 0, 0
429, 1, 1636414638906, 1636414639174, 268, 0, 268, 0, 0, 0
430, 1, 1636414639230, 1636414639494, 264, 0, 264, 0, 0, 0
431, 1, 1636414640350, 1636414640617, 267, 0, 267, 0, 0, 0
432, 1, 1636414640638, 1636414640906, 268, 0, 268, 0, 0, 0
434, 1, 1636414640885, 1636414641150, 265, 1, 264, 0, 1, 1
433, 1, 1636414640906, 1636414641174, 268, 1, 267, 0, 0, 0
435, 1, 1636414641233, 1636414641498, 265, 1, 264, 0, 0, 0
436, 1, 1636414642338, 1636414642606, 268, 0, 268, 0, 0, 0
437, 1, 1636414642542, 1636414642806, 264, 0, 264, 0, 0, 0
438, 1, 1636414642606, 1636414642870, 264, 0, 264, 0, 0, 0
439, 1, 1636414642862, 1636414643130, 268, 0, 268, 0, 0, 0
440, 1, 1636414643354, 1636414643626, 272, 0, 272, 0, 0, 0
441, 1, 1636414644222, 1636414644489, 267, 0, 267, 0, 0, 0
442, 1, 1636414644421, 1636414644686, 265, 0, 265, 0, 0, 0
443, 1, 1636414644537, 1636414644802, 265, 1, 264, 0, 0, 0
444, 1, 1636414644894, 1636414645162, 268, 0, 268, 0, 0, 0
445, 1, 1636414645286, 1636414645558, 272, 0, 272, 0, 0, 0
446, 1, 1636414646261, 1636414646526, 265, 1, 264, 0, 0, 0
447, 1, 1636414646285, 1636414646550, 265, 1, 264, 0, 0, 0
448, 1, 1636414646617, 1636414646886, 269, 1, 268, 0, 0, 0
449, 1, 1636414646798, 1636414647061, 263, 0, 263, 0, 0, 0
450, 1, 1636414647258, 1636414647522, 264, 0, 264, 0, 0, 0
451, 1, 1636414648250, 1636414648514, 264, 0, 264, 0, 0, 0
452, 1, 1636414648370, 1636414648634, 264, 0, 264, 0, 0, 0
453, 1, 1636414648486, 1636414648754, 268, 0, 268, 0, 0, 0
454, 1, 1636414648913, 1636414649182, 269, 1, 268, 0, 0, 0
455, 1, 1636414649205, 1636414649474, 269, 1, 268, 0, 0, 0
456, 1, 1636414650330, 1636414650598, 268, 0, 268, 0, 0, 0
457, 1, 1636414650362, 1636414650626, 264, 0, 264, 0, 0, 0
458, 1, 1636414650369, 1636414650634, 265, 1, 264, 0, 0, 0
459, 1, 1636414650798, 1636414651062, 264, 0, 264, 0, 0, 0
460, 1, 1636414651194, 1636414651462, 268, 0, 268, 0, 0, 0
461, 1, 1636414652201, 1636414652466, 265, 1, 264, 0, 1, 1
462, 1, 1636414652253, 1636414652518, 265, 1, 264, 1, 0, 1
463, 1, 1636414652446, 1636414652710, 264, 0, 264, 0, 0, 0
464, 1, 1636414652746, 1636414653010, 264, 0, 264, 0, 0, 0
465, 1, 1636414653294, 1636414653558, 264, 0, 264, 0, 0, 0
466, 1, 1636414654205, 1636414654474, 269, 1, 268, 0, 0, 0
467, 1, 1636414654238, 1636414654501, 263, 0, 263, 0, 0, 0
468, 1, 1636414654341, 1636414654610, 269, 1, 268, 0, 0, 0
469, 1, 1636414654858, 1636414655122, 264, 0, 264, 0, 0, 0
470, 1, 1636414655246, 1636414655510, 264, 0, 264, 0, 0, 0
471, 1, 1636414656133, 1636414656398, 265, 1, 264, 0, 0, 0
472, 1, 1636414656282, 1636414656546, 264, 0, 264, 0, 0, 0
473, 1, 1636414656302, 1636414656569, 267, 0, 267, 0, 0, 0
474, 1, 1636414656858, 1636414657122, 264, 0, 264, 0, 0, 0
475, 1, 1636414657145, 1636414657411, 266, 0, 266, 0, 0, 0
476, 1, 1636414658070, 1636414658333, 263, 0, 263, 0, 0, 0
477, 1, 1636414658306, 1636414658570, 264, 0, 264, 0, 0, 0
478, 1, 1636414658321, 1636414658589, 268, 1, 267, 0, 0, 0
479, 1, 1636414658985, 1636414659254, 269, 1, 268, 0, 0, 0
480, 1, 1636414659030, 1636414659294, 264, 0, 264, 0, 0, 0
481, 1, 1636414660094, 1636414660362, 268, 0, 268, 0, 0, 0
482, 1, 1636414660389, 1636414660658, 269, 1, 268, 0, 0, 0
483, 1, 1636414660433, 1636414660701, 268, 1, 267, 1, 0, 1
484, 1, 1636414660890, 1636414661154, 264, 0, 264, 0, 0, 0
485, 1, 1636414660909, 1636414661174, 265, 1, 264, 0, 0, 0
486, 1, 1636414662157, 1636414662422, 265, 1, 264, 0, 0, 0
487, 1, 1636414662350, 1636414662621, 271, 0, 271, 0, 0, 0
488, 1, 1636414662386, 1636414662654, 268, 0, 268, 0, 0, 0
489, 1, 1636414662881, 1636414663150, 269, 1, 268, 0, 0, 0
490, 1, 1636414663010, 1636414663278, 268, 0, 268, 0, 0, 0
491, 1, 1636414664154, 1636414664417, 263, 0, 263, 0, 0, 0
492, 1, 1636414664289, 1636414664554, 265, 1, 264, 0, 0, 0
493, 1, 1636414664398, 1636414664666, 268, 0, 268, 0, 0, 0
494, 1, 1636414664882, 1636414665150, 268, 0, 268, 0, 0, 0
495, 1, 1636414665014, 1636414665282, 268, 0, 268, 0, 0, 0
496, 1, 1636414666166, 1636414666434, 268, 0, 268, 0, 0, 0
497, 1, 1636414666414, 1636414666677, 263, 0, 263, 0, 0, 0
498, 1, 1636414666521, 1636414666786, 265, 1, 264, 0, 0, 0
499, 1, 1636414666809, 1636414667074, 265, 1, 264, 0, 0, 0
500, 1, 1636414667110, 1636414667373, 263, 0, 263, 0, 0, 0
501, 1, 1636414668285, 1636414668550, 265, 1, 264, 0, 0, 0
502, 1, 1636414668465, 1636414668733, 268, 1, 267, 0, 0, 0
503, 1, 1636414668601, 1636414668870, 269, 1, 268, 0, 1, 1
504, 1, 1636414668850, 1636414669114, 264, 0, 264, 0, 0, 0
505, 1, 1636414669101, 1636414669370, 269, 1, 268, 0, 1, 1
506, 1, 1636414670366, 1636414670630, 264, 0, 264, 0, 0, 0
507, 1, 1636414670382, 1636414670650, 268, 0, 268, 0, 0, 0
508, 1, 1636414670638, 1636414670902, 264, 0, 264, 0, 0, 0
509, 1, 1636414670741, 1636414671006, 265, 1, 264, 0, 0, 0
510, 1, 1636414671214, 1636414671482, 268, 0, 268, 0, 0, 0
511, 1, 1636414672406, 1636414672669, 263, 0, 263, 0, 0, 0
512, 1, 1636414672494, 1636414672766, 272, 0, 272, 0, 0, 0
513, 1, 1636414672677, 1636414672942, 265, 1, 264, 0, 0, 0
514, 1, 1636414672746, 1636414673010, 264, 0, 264, 0, 0, 0
515, 1, 1636414673290, 1636414673558, 268, 0, 268, 0, 0, 0
516, 1, 1636414674513, 1636414674782, 269, 1, 268, 0, 0, 0
517, 1, 1636414674570, 1636414674833, 263, 0, 263, 0, 0, 0
518, 1, 1636414674717, 1636414674986, 269, 0, 269, 0, 0, 0
519, 1, 1636414674798, 1636414675062, 264, 0, 264, 0, 0, 0
520, 1, 1636414675182, 1636414675446, 264, 0, 264, 0, 0, 0
521, 1, 1636414676525, 1636414676793, 268, 1, 267, 0, 0, 0
522, 1, 1636414676562, 1636414676825, 263, 0, 263, 0, 0, 0
523, 1, 1636414676721, 1636414676986, 265, 0, 265, 0, 0, 0
524, 1, 1636414676778, 1636414677042, 264, 0, 264, 0, 0, 0
525, 1, 1636414677074, 1636414677342, 268, 0, 268, 0, 0, 0
526, 1, 1636414678454, 1636414678717, 263, 0, 263, 0, 0, 0
527, 1, 1636414678454, 1636414678717, 263, 0, 263, 0, 0, 0
528, 1, 1636414678626, 1636414678894, 268, 0, 268, 0, 0, 0
529, 1, 1636414678898, 1636414679162, 264, 0, 264, 0, 0, 0
530, 1, 1636414679138, 1636414679402, 264, 0, 264, 0, 0, 0
531, 1, 1636414680438, 1636414680705, 267, 0, 267, 0, 0, 0
532, 1, 1636414680493, 1636414680757, 264, 1, 263, 0, 0, 0
533, 1, 1636414680570, 1636414680838, 268, 0, 268, 0, 0, 0
534, 1, 1636414680910, 1636414681174, 264, 0, 264, 0, 0, 0
535, 1, 1636414681174, 1636414681438, 264, 0, 264, 0, 0, 0
536, 1, 1636414682382, 1636414682654, 272, 0, 272, 0, 0, 0
537, 1, 1636414682526, 1636414682798, 272, 0, 272, 0, 0, 0
538, 1, 1636414682665, 1636414682934, 269, 1, 268, 0, 0, 0
539, 1, 1636414683038, 1636414683310, 272, 0, 272, 0, 0, 0
540, 1, 1636414683194, 1636414683458, 264, 0, 264, 0, 0, 0
541, 1, 1636414684438, 1636414684706, 268, 0, 268, 0, 0, 0
542, 1, 1636414684542, 1636414684806, 264, 0, 264, 0, 0, 0
543, 1, 1636414684554, 1636414684818, 264, 0, 264, 0, 0, 0
544, 1, 1636414685066, 1636414685334, 268, 0, 268, 0, 0, 0
545, 1, 1636414685146, 1636414685414, 268, 0, 268, 0, 0, 0
546, 1, 1636414686345, 1636414686609, 264, 1, 263, 0, 0, 0
547, 1, 1636414686494, 1636414686761, 267, 0, 267, 0, 0, 0
548, 1, 1636414686650, 1636414686918, 268, 0, 268, 0, 0, 0
549, 1, 1636414687105, 1636414687374, 269, 1, 268, 0, 0, 0
550, 1, 1636414687237, 1636414687501, 264, 1, 263, 0, 0, 0
551, 1, 1636414688442, 1636414688706, 264, 0, 264, 0, 0, 0
552, 1, 1636414688590, 1636414688854, 264, 0, 264, 0, 0, 0
553, 1, 1636414688757, 1636414689022, 265, 1, 264, 0, 0, 0
554, 1, 1636414689206, 1636414689470, 264, 0, 264, 0, 0, 0
555, 1, 1636414689249, 1636414689513, 264, 1, 263, 0, 0, 0
556, 1, 1636414690505, 1636414690769, 264, 1, 263, 0, 0, 0
557, 1, 1636414690634, 1636414690901, 267, 1, 266, 0, 1, 1
558, 1, 1636414690685, 1636414690950, 265, 1, 264, 1, 0, 1
559, 1, 1636414691230, 1636414691494, 264, 0, 264, 0, 0, 0
560, 1, 1636414691294, 1636414691558, 264, 0, 264, 0, 0, 0
561, 1, 1636414692386, 1636414692650, 264, 0, 264, 0, 0, 0
562, 1, 1636414692682, 1636414692950, 268, 0, 268, 0, 0, 0
563, 1, 1636414692746, 1636414693009, 263, 0, 263, 0, 0, 0
564, 1, 1636414693141, 1636414693406, 265, 1, 264, 0, 0, 0
565, 1, 1636414693274, 1636414693538, 264, 0, 264, 0, 0, 0
566, 1, 1636414694474, 1636414694745, 271, 0, 271, 0, 0, 0
567, 1, 1636414694686, 1636414694954, 268, 0, 268, 0, 0, 0
568, 1, 1636414694878, 1636414695150, 272, 0, 272, 0, 0, 0
569, 1, 1636414695042, 1636414695310, 268, 0, 268, 0, 0, 0
570, 1, 1636414695333, 1636414695598, 265, 1, 264, 0, 0, 0
571, 1, 1636414696610, 1636414696874, 264, 0, 264, 0, 0, 0
572, 1, 1636414696717, 1636414696982, 265, 1, 264, 0, 0, 0
573, 1, 1636414696809, 1636414697074, 265, 1, 264, 0, 0, 0
574, 1, 1636414696989, 1636414697254, 265, 1, 264, 0, 0, 0
575, 1, 1636414697406, 1636414697674, 268, 0, 268, 0, 0, 0
576, 1, 1636414698490, 1636414698758, 268, 0, 268, 0, 0, 0
577, 1, 1636414698785, 1636414699054, 269, 0, 269, 0, 0, 0
578, 1, 1636414698906, 1636414699170, 264, 0, 264, 0, 0, 0
579, 1, 1636414699081, 1636414699346, 265, 1, 264, 0, 1, 1
580, 1, 1636414699446, 1636414699710, 264, 0, 264, 0, 0, 0
581, 1, 1636414700493, 1636414700762, 269, 1, 268, 0, 0, 0
582, 1, 1636414700809, 1636414701074, 265, 1, 264, 0, 0, 0
583, 1, 1636414700922, 1636414701190, 268, 0, 268, 0, 0, 0
584, 1, 1636414700990, 1636414701254, 264, 0, 264, 0, 0, 0
585, 1, 1636414701534, 1636414701801, 267, 0, 267, 0, 0, 0
586, 1, 1636414702398, 1636414702666, 268, 0, 268, 0, 0, 0
587, 1, 1636414702769, 1636414703037, 268, 1, 267, 0, 0, 0
588, 1, 1636414703006, 1636414703274, 268, 0, 268, 0, 0, 0
589, 1, 1636414703078, 1636414703342, 264, 0, 264, 0, 0, 0
590, 1, 1636414703442, 1636414703706, 264, 0, 264, 0, 0, 0
591, 1, 1636414704358, 1636414704626, 268, 0, 268, 0, 0, 0
592, 1, 1636414704681, 1636414704950, 269, 1, 268, 0, 0, 0
593, 1, 1636414704986, 1636414705250, 264, 0, 264, 0, 0, 0
594, 1, 1636414705193, 1636414705462, 269, 1, 268, 0, 0, 0
595, 1, 1636414705482, 1636414705750, 268, 0, 268, 0, 0, 0
596, 1, 1636414706269, 1636414706546, 277, 1, 276, 0, 0, 0
597, 1, 1636414706654, 1636414706922, 268, 0, 268, 0, 0, 0
598, 1, 1636414707017, 1636414707285, 268, 1, 267, 0, 0, 0
599, 1, 1636414707082, 1636414707346, 264, 0, 264, 0, 0, 0
600, 1, 1636414707494, 1636414707761, 267, 0, 267, 0, 0, 0
601, 1, 1636414708222, 1636414708485, 263, 0, 263, 0, 0, 0
602, 1, 1636414708578, 1636414708842, 264, 0, 264, 0, 0, 0
603, 1, 1636414709038, 1636414709301, 263, 0, 263, 0, 0, 0
604, 1, 1636414709142, 1636414709406, 264, 0, 264, 0, 0, 0
605, 1, 1636414709530, 1636414709798, 268, 0, 268, 0, 0, 0
606, 1, 1636414710205, 1636414710474, 269, 1, 268, 0, 0, 0
607, 1, 1636414710534, 1636414710798, 264, 0, 264, 0, 0, 0
608, 1, 1636414711070, 1636414711338, 268, 0, 268, 0, 0, 0
609, 1, 1636414711273, 1636414711538, 265, 1, 264, 0, 0, 0
610, 1, 1636414711426, 1636414711690, 264, 0, 264, 0, 0, 0
611, 1, 1636414712126, 1636414712390, 264, 0, 264, 0, 0, 0
612, 1, 1636414712474, 1636414712738, 264, 0, 264, 0, 0, 0
613, 1, 1636414712977, 1636414713245, 268, 1, 267, 0, 0, 0
614, 1, 1636414713153, 1636414713418, 265, 1, 264, 0, 0, 0
615, 1, 1636414713325, 1636414713590, 265, 1, 264, 0, 0, 0
616, 1, 1636414714054, 1636414714322, 268, 0, 268, 0, 0, 0
617, 1, 1636414714417, 1636414714685, 268, 1, 267, 0, 0, 0
618, 1, 1636414714858, 1636414715122, 264, 0, 264, 0, 0, 0
619, 1, 1636414715241, 1636414715506, 265, 1, 264, 0, 0, 0
620, 1, 1636414715241, 1636414715506, 265, 1, 264, 1, 0, 1
621, 1, 1636414716017, 1636414716286, 269, 1, 268, 0, 0, 0
622, 1, 1636414716310, 1636414716582, 272, 0, 272, 0, 0, 0
623, 1, 1636414716742, 1636414717005, 263, 0, 263, 0, 0, 0
624, 1, 1636414717121, 1636414717386, 265, 1, 264, 0, 0, 0
625, 1, 1636414717182, 1636414717454, 272, 0, 272, 0, 0, 0
626, 1, 1636414717917, 1636414718186, 269, 1, 268, 0, 0, 0
627, 1, 1636414718378, 1636414718650, 272, 0, 272, 0, 0, 0
628, 1, 1636414718734, 1636414719002, 268, 1, 267, 0, 0, 0
629, 1, 1636414719142, 1636414719410, 268, 0, 268, 0, 0, 0
630, 1, 1636414719233, 1636414719498, 265, 1, 264, 0, 0, 0
631, 1, 1636414719982, 1636414720246, 264, 0, 264, 0, 0, 0
632, 1, 1636414720362, 1636414720634, 272, 0, 272, 0, 0, 0
633, 1, 1636414720822, 1636414721086, 264, 0, 264, 0, 0, 0
634, 1, 1636414721077, 1636414721346, 269, 1, 268, 0, 0, 0
635, 1, 1636414721206, 1636414721478, 272, 0, 272, 0, 0, 0
636, 1, 1636414721906, 1636414722174, 268, 0, 268, 0, 0, 0
637, 1, 1636414722314, 1636414722578, 264, 0, 264, 0, 0, 0
638, 1, 1636414722794, 1636414723058, 264, 0, 264, 0, 0, 0
639, 1, 1636414723045, 1636414723310, 265, 1, 264, 0, 0, 0
640, 1, 1636414723126, 1636414723394, 268, 0, 268, 0, 0, 0
641, 1, 1636414723857, 1636414724125, 268, 1, 267, 0, 0, 0
642, 1, 1636414724250, 1636414724522, 272, 0, 272, 0, 0, 0
643, 1, 1636414724710, 1636414724978, 268, 0, 268, 0, 0, 0
644, 1, 1636414725026, 1636414725290, 264, 0, 264, 0, 0, 0
645, 1, 1636414725246, 1636414725514, 268, 0, 268, 0, 0, 0
646, 1, 1636414725850, 1636414726122, 272, 0, 272, 0, 0, 0
647, 1, 1636414726234, 1636414726501, 267, 0, 267, 0, 0, 0
648, 1, 1636414726774, 1636414727038, 264, 0, 264, 0, 0, 0
649, 1, 1636414726982, 1636414727245, 263, 0, 263, 0, 0, 0
650, 1, 1636414727178, 1636414727442, 264, 0, 264, 0, 0, 0
651, 1, 1636414727834, 1636414728106, 272, 0, 272, 0, 0, 0
652, 1, 1636414728274, 1636414728538, 264, 0, 264, 0, 0, 0
653, 1, 1636414728730, 1636414728994, 264, 0, 264, 0, 0, 0
654, 1, 1636414728905, 1636414729170, 265, 1, 264, 0, 0, 0
655, 1, 1636414729078, 1636414729346, 268, 0, 268, 0, 0, 0
656, 1, 1636414729838, 1636414730101, 263, 0, 263, 0, 0, 0
657, 1, 1636414730381, 1636414730650, 269, 1, 268, 0, 0, 0
658, 1, 1636414730626, 1636414730894, 268, 0, 268, 0, 0, 0
659, 1, 1636414730841, 1636414731110, 269, 1, 268, 0, 0, 0
660, 1, 1636414730981, 1636414731246, 265, 0, 265, 0, 0, 0
661, 1, 1636414731946, 1636414732214, 268, 0, 268, 0, 0, 0
662, 1, 1636414732246, 1636414732514, 268, 0, 268, 0, 0, 0
663, 1, 1636414732530, 1636414732794, 264, 0, 264, 0, 0, 0
664, 1, 1636414732789, 1636414733053, 264, 1, 263, 0, 1, 1
665, 1, 1636414733098, 1636414733366, 268, 0, 268, 0, 0, 0
666, 1, 1636414733810, 1636414734074, 264, 0, 264, 0, 0, 0
667, 1, 1636414734242, 1636414734506, 264, 0, 264, 0, 0, 0
668, 1, 1636414734669, 1636414734934, 265, 1, 264, 0, 0, 0
669, 1, 1636414734853, 1636414735117, 264, 1, 263, 0, 1, 1
670, 1, 1636414735169, 1636414735442, 273, 1, 272, 0, 0, 0
671, 1, 1636414735774, 1636414736042, 268, 0, 268, 0, 0, 0
672, 1, 1636414736190, 1636414736454, 264, 0, 264, 0, 0, 0
673, 1, 1636414736733, 1636414736998, 265, 1, 264, 0, 0, 0
674, 1, 1636414736774, 1636414737038, 264, 0, 264, 0, 0, 0
675, 1, 1636414737190, 1636414737462, 272, 0, 272, 0, 0, 0
676, 1, 1636414737722, 1636414737985, 263, 0, 263, 0, 0, 0
677, 1, 1636414738158, 1636414738430, 272, 0, 272, 0, 0, 0
678, 1, 1636414738729, 1636414738994, 265, 1, 264, 0, 0, 0
679, 1, 1636414738805, 1636414739069, 264, 1, 263, 1, 0, 1
680, 1, 1636414739138, 1636414739406, 268, 0, 268, 0, 0, 0
681, 1, 1636414739670, 1636414739938, 268, 0, 268, 0, 0, 0
682, 1, 1636414740057, 1636414740322, 265, 1, 264, 0, 1, 1
683, 1, 1636414740722, 1636414740986, 264, 0, 264, 0, 0, 0
684, 1, 1636414740790, 1636414741058, 268, 0, 268, 0, 0, 0
685, 1, 1636414741162, 1636414741433, 271, 0, 271, 0, 0, 0
686, 1, 1636414741573, 1636414741838, 265, 1, 264, 0, 0, 0
687, 1, 1636414742190, 1636414742462, 272, 0, 272, 0, 0, 0
688, 1, 1636414742702, 1636414742970, 268, 0, 268, 0, 0, 0
689, 1, 1636414742806, 1636414743073, 267, 0, 267, 0, 0, 0
690, 1, 1636414743030, 1636414743302, 272, 0, 272, 0, 0, 0
691, 1, 1636414743590, 1636414743854, 264, 0, 264, 0, 0, 0
692, 1, 1636414744106, 1636414744374, 268, 0, 268, 0, 0, 0
693, 1, 1636414744710, 1636414744974, 264, 0, 264, 0, 0, 0
694, 1, 1636414744742, 1636414745006, 264, 0, 264, 0, 0, 0
695, 1, 1636414745153, 1636414745417, 264, 1, 263, 0, 0, 0
696, 1, 1636414745530, 1636414745794, 264, 0, 264, 0, 0, 0
697, 1, 1636414746174, 1636414746446, 272, 0, 272, 0, 0, 0
698, 1, 1636414746833, 1636414747109, 276, 1, 275, 1, 0, 1
699, 1, 1636414746850, 1636414747117, 267, 0, 267, 0, 0, 0
700, 1, 1636414747057, 1636414747322, 265, 1, 264, 1, 0, 1
701, 1, 1636414747598, 1636414747866, 268, 0, 268, 0, 0, 0
702, 1, 1636414748285, 1636414748554, 269, 0, 269, 0, 0, 0
703, 1, 1636414748717, 1636414748982, 265, 1, 264, 0, 1, 1
704, 1, 1636414748742, 1636414749006, 264, 0, 264, 0, 0, 0
705, 1, 1636414749130, 1636414749401, 271, 0, 271, 0, 0, 0
706, 1, 1636414749701, 1636414749974, 273, 1, 272, 0, 0, 0
707, 1, 1636414750225, 1636414750490, 265, 1, 264, 0, 0, 0
708, 1, 1636414750710, 1636414750981, 271, 0, 271, 0, 0, 0
709, 1, 1636414750805, 1636414751069, 264, 1, 263, 1, 0, 1
710, 1, 1636414751230, 1636414751501, 271, 0, 271, 0, 0, 0
711, 1, 1636414751634, 1636414751898, 264, 0, 264, 0, 0, 0
712, 1, 1636414752117, 1636414752386, 269, 0, 269, 0, 0, 0
713, 1, 1636414752658, 1636414752926, 268, 0, 268, 0, 0, 0
714, 1, 1636414752890, 1636414753153, 263, 0, 263, 0, 0, 0
715, 1, 1636414753198, 1636414753465, 267, 0, 267, 0, 0, 0
716, 1, 1636414753562, 1636414753830, 268, 0, 268, 0, 0, 0
717, 1, 1636414754170, 1636414754437, 267, 0, 267, 0, 0, 0
718, 1, 1636414754606, 1636414754878, 272, 0, 272, 0, 0, 0
719, 1, 1636414754842, 1636414755109, 267, 0, 267, 0, 0, 0
720, 1, 1636414755121, 1636414755390, 269, 0, 269, 0, 0, 0
721, 1, 1636414755614, 1636414755882, 268, 0, 268, 0, 0, 0
722, 1, 1636414756117, 1636414756390, 273, 1, 272, 1, 0, 1
723, 1, 1636414756525, 1636414756794, 269, 1, 268, 0, 0, 0
724, 1, 1636414756770, 1636414757034, 264, 0, 264, 0, 0, 0
725, 1, 1636414757034, 1636414757302, 268, 0, 268, 0, 0, 0
726, 1, 1636414757562, 1636414757826, 264, 0, 264, 0, 0, 0
727, 1, 1636414757998, 1636414758270, 272, 0, 272, 0, 0, 0
728, 1, 1636414758546, 1636414758814, 268, 0, 268, 0, 0, 0
729, 1, 1636414758681, 1636414758950, 269, 1, 268, 0, 0, 0
730, 1, 1636414759006, 1636414759274, 268, 0, 268, 0, 0, 0
731, 1, 1636414759498, 1636414759766, 268, 0, 268, 0, 0, 0
732, 1, 1636414760058, 1636414760326, 268, 0, 268, 0, 0, 0
733, 1, 1636414760462, 1636414760726, 264, 0, 264, 0, 0, 0
734, 1, 1636414760662, 1636414760934, 272, 0, 272, 0, 0, 0
735, 1, 1636414760882, 1636414761153, 271, 0, 271, 0, 0, 0
736, 1, 1636414761554, 1636414761826, 272, 0, 272, 0, 0, 0
737, 1, 1636414762129, 1636414762398, 269, 1, 268, 0, 0, 0
738, 1, 1636414762533, 1636414762798, 265, 1, 264, 0, 0, 0
739, 1, 1636414762558, 1636414762822, 264, 0, 264, 0, 0, 0
740, 1, 1636414762894, 1636414763166, 272, 0, 272, 0, 0, 0
741, 1, 1636414763626, 1636414763890, 264, 0, 264, 0, 0, 0
742, 1, 1636414764170, 1636414764434, 264, 0, 264, 0, 0, 0
743, 1, 1636414764562, 1636414764826, 264, 0, 264, 0, 0, 0
744, 1, 1636414764642, 1636414764906, 264, 0, 264, 0, 0, 0
745, 1, 1636414764910, 1636414765178, 268, 0, 268, 0, 0, 0
746, 1, 1636414765666, 1636414765934, 268, 0, 268, 0, 0, 0
747, 1, 1636414766050, 1636414766322, 272, 0, 272, 0, 0, 0
748, 1, 1636414766533, 1636414766798, 265, 1, 264, 0, 0, 0
749, 1, 1636414766566, 1636414766830, 264, 0, 264, 0, 0, 0
750, 1, 1636414766954, 1636414767226, 272, 0, 272, 0, 0, 0
751, 1, 1636414767546, 1636414767817, 271, 0, 271, 0, 0, 0
752, 1, 1636414768025, 1636414768298, 273, 1, 272, 0, 0, 0
753, 1, 1636414768450, 1636414768714, 264, 0, 264, 0, 0, 0
754, 1, 1636414768538, 1636414768801, 263, 0, 263, 0, 0, 0
755, 1, 1636414769026, 1636414769298, 272, 0, 272, 0, 0, 0
756, 1, 1636414769522, 1636414769794, 272, 0, 272, 0, 0, 0
757, 1, 1636414769934, 1636414770206, 272, 0, 272, 0, 0, 0
758, 1, 1636414770505, 1636414770773, 268, 1, 267, 0, 0, 0
759, 1, 1636414770609, 1636414770877, 268, 0, 268, 0, 0, 0
760, 1, 1636414771162, 1636414771435, 273, 0, 273, 0, 0, 0
761, 1, 1636414771430, 1636414771698, 268, 0, 268, 0, 0, 0
762, 1, 1636414771822, 1636414772094, 272, 0, 272, 0, 0, 0
763, 1, 1636414772450, 1636414772717, 267, 0, 267, 0, 0, 0
764, 1, 1636414772750, 1636414773022, 272, 0, 272, 0, 0, 0
765, 1, 1636414773194, 1636414773462, 268, 0, 268, 0, 0, 0
766, 1, 1636414773321, 1636414773586, 265, 1, 264, 0, 0, 0
767, 1, 1636414773818, 1636414774086, 268, 0, 268, 0, 0, 0
768, 1, 1636414774386, 1636414774654, 268, 0, 268, 0, 0, 0
769, 1, 1636414774781, 1636414775046, 265, 1, 264, 1, 0, 1
770, 1, 1636414775314, 1636414775585, 271, 0, 271, 0, 0, 0
771, 1, 1636414775326, 1636414775590, 264, 0, 264, 0, 0, 0
772, 1, 1636414775802, 1636414776070, 268, 0, 268, 0, 0, 0
773, 1, 1636414776446, 1636414776714, 268, 0, 268, 0, 0, 0
774, 1, 1636414776914, 1636414777186, 272, 0, 272, 0, 0, 0
775, 1, 1636414777189, 1636414777458, 269, 1, 268, 0, 0, 0
776, 1, 1636414777402, 1636414777674, 272, 0, 272, 0, 0, 0
777, 1, 1636414777769, 1636414778034, 265, 1, 264, 0, 0, 0
778, 1, 1636414778514, 1636414778782, 268, 0, 268, 0, 0, 0
779, 1, 1636414778990, 1636414779258, 268, 0, 268, 0, 0, 0
780, 1, 1636414779158, 1636414779430, 272, 0, 272, 0, 0, 0
781, 1, 1636414779766, 1636414780030, 264, 0, 264, 0, 0, 0
782, 1, 1636414780557, 1636414780826, 269, 1, 268, 0, 0, 0
783, 1, 1636414781162, 1636414781429, 267, 0, 267, 0, 0, 0
784, 1, 1636414781821, 1636414782090, 269, 1, 268, 1, 0, 1
785, 1, 1636414782433, 1636414782701, 268, 1, 267, 0, 0, 0
786, 1, 1636414783214, 1636414783486, 272, 0, 272, 0, 0, 0
787, 1, 1636414783926, 1636414784198, 272, 0, 272, 0, 0, 0
788, 1, 1636414784378, 1636414784650, 272, 0, 272, 0, 0, 0
789, 1, 1636414785317, 1636414785586, 269, 0, 269, 0, 0, 0
790, 1, 1636414785842, 1636414786105, 263, 0, 263, 0, 0, 0
791, 1, 1636414786282, 1636414786549, 267, 0, 267, 0, 0, 0
792, 1, 1636414787233, 1636414787506, 273, 1, 272, 0, 0, 0
793, 1, 1636414788178, 1636414788450, 272, 0, 272, 0, 0, 0
794, 1, 1636414790166, 1636414790430, 264, 0, 264, 0, 0, 0
795, 1, 1636414792114, 1636414792385, 271, 0, 271, 0, 0, 0
796, 1, 1636414794081, 1636414794346, 265, 1, 264, 0, 0, 0
797, 1, 1636414795993, 1636414796262, 269, 1, 268, 0, 0, 0
798, 1, 1636414798050, 1636414798317, 267, 0, 267, 0, 0, 0
799, 1, 1636414800158, 1636414800422, 264, 0, 264, 0, 0, 0
800, 1, 1636414802074, 1636414802342, 268, 0, 268, 0, 0, 0
801, 1, 1636415774222, 1636415774494, 272, 0, 272, 0, 0, 0
802, 1, 1636415775117, 1636415775386, 269, 1, 268, 0, 1, 1
803, 1, 1636415775409, 1636415775682, 273, 1, 272, 1, 0, 1
804, 1, 1636415776169, 1636415776438, 269, 1, 268, 0, 0, 0
805, 1, 1636415776330, 1636415776602, 272, 0, 272, 0, 0, 0
806, 1, 1636415776654, 1636415776922, 268, 0, 268, 0, 0, 0
807, 1, 1636415776726, 1636415776998, 272, 0, 272, 0, 0, 0
808, 1, 1636415777225, 1636415777494, 269, 1, 268, 1, 0, 1
809, 1, 1636415777386, 1636415777658, 272, 0, 272, 0, 0, 0
810, 1, 1636415777574, 1636415777846, 272, 0, 272, 0, 0, 0
811, 1, 1636415777914, 1636415778182, 268, 0, 268, 0, 0, 0
812, 1, 1636415777921, 1636415778190, 269, 1, 268, 1, 0, 1
813, 1, 1636415778437, 1636415778706, 269, 0, 269, 0, 0, 0
814, 1, 1636415778629, 1636415778898, 269, 1, 268, 0, 1, 1
815, 1, 1636415778837, 1636415779114, 277, 1, 276, 0, 0, 0
816, 1, 1636415779161, 1636415779433, 272, 1, 271, 0, 0, 0
817, 1, 1636415779209, 1636415779481, 272, 1, 271, 0, 0, 0
818, 1, 1636415779681, 1636415779954, 273, 1, 272, 0, 0, 0
819, 1, 1636415779894, 1636415780166, 272, 0, 272, 0, 0, 0
820, 1, 1636415780121, 1636415780390, 269, 0, 269, 0, 0, 0
821, 1, 1636415780394, 1636415780658, 264, 0, 264, 0, 0, 0
822, 1, 1636415780422, 1636415780690, 268, 0, 268, 0, 0, 0
823, 1, 1636415780946, 1636415781218, 272, 0, 272, 0, 0, 0
824, 1, 1636415781177, 1636415781446, 269, 1, 268, 0, 0, 0
825, 1, 1636415781449, 1636415781717, 268, 1, 267, 1, 0, 1
826, 1, 1636415781661, 1636415781934, 273, 1, 272, 1, 0, 1
827, 1, 1636415781721, 1636415781990, 269, 1, 268, 1, 0, 1
828, 1, 1636415782230, 1636415782502, 272, 0, 272, 0, 0, 0
829, 1, 1636415782505, 1636415782782, 277, 1, 276, 0, 0, 0
830, 1, 1636415782650, 1636415782921, 271, 0, 271, 0, 0, 0
831, 1, 1636415782946, 1636415783218, 272, 0, 272, 0, 0, 0
832, 1, 1636415782953, 1636415783226, 273, 1, 272, 0, 0, 0
833, 1, 1636415783474, 1636415783746, 272, 0, 272, 0, 0, 0
834, 1, 1636415783705, 1636415783978, 273, 1, 272, 0, 1, 1
835, 1, 1636415783934, 1636415784206, 272, 0, 272, 0, 0, 0
836, 1, 1636415784201, 1636415784474, 273, 1, 272, 0, 1, 1
837, 1, 1636415784262, 1636415784538, 276, 0, 276, 0, 0, 0
838, 1, 1636415784730, 1636415785006, 276, 0, 276, 0, 0, 0
839, 1, 1636415785013, 1636415785285, 272, 1, 271, 0, 1, 1
840, 1, 1636415785190, 1636415785461, 271, 0, 271, 0, 0, 0
841, 1, 1636415785453, 1636415785726, 273, 0, 273, 0, 0, 0
842, 1, 1636415785550, 1636415785817, 267, 0, 267, 0, 0, 0
843, 1, 1636415786018, 1636415786289, 271, 0, 271, 0, 0, 0
844, 1, 1636415786265, 1636415786538, 273, 1, 272, 0, 1, 1
845, 1, 1636415786441, 1636415786714, 273, 1, 272, 1, 0, 1
846, 1, 1636415786645, 1636415786917, 272, 1, 271, 1, 0, 1
847, 1, 1636415786805, 1636415787078, 273, 1, 272, 0, 0, 0
848, 1, 1636415787274, 1636415787550, 276, 0, 276, 0, 0, 0
849, 1, 1636415787521, 1636415787793, 272, 1, 271, 0, 1, 1
850, 1, 1636415787633, 1636415787901, 268, 1, 267, 0, 0, 0
851, 1, 1636415787838, 1636415788106, 268, 0, 268, 0, 0, 0
852, 1, 1636415788126, 1636415788398, 272, 0, 272, 0, 0, 0
853, 1, 1636415788590, 1636415788857, 267, 0, 267, 0, 0, 0
854, 1, 1636415788713, 1636415788993, 280, 1, 279, 1, 0, 1
855, 1, 1636415788825, 1636415789093, 268, 1, 267, 0, 1, 1
856, 1, 1636415789057, 1636415789325, 268, 1, 267, 0, 0, 0
857, 1, 1636415789361, 1636415789634, 273, 1, 272, 0, 0, 0
858, 1, 1636415789778, 1636415790050, 272, 0, 272, 0, 0, 0
859, 1, 1636415789942, 1636415790205, 263, 0, 263, 0, 0, 0
860, 1, 1636415790077, 1636415790358, 281, 1, 280, 0, 1, 1
861, 1, 1636415790358, 1636415790630, 272, 0, 272, 0, 0, 0
862, 1, 1636415790554, 1636415790833, 279, 0, 279, 0, 0, 0
863, 1, 1636415790969, 1636415791241, 272, 0, 272, 0, 0, 0
864, 1, 1636415791153, 1636415791425, 272, 1, 271, 0, 0, 0
865, 1, 1636415791341, 1636415791613, 272, 1, 271, 0, 1, 1
866, 1, 1636415791581, 1636415791854, 273, 1, 272, 0, 0, 0
867, 1, 1636415791798, 1636415792069, 271, 0, 271, 0, 0, 0
868, 1, 1636415792185, 1636415792458, 273, 0, 273, 0, 0, 0
869, 1, 1636415792462, 1636415792738, 276, 0, 276, 0, 0, 0
870, 1, 1636415792566, 1636415792834, 268, 0, 268, 0, 0, 0
871, 1, 1636415792845, 1636415793117, 272, 1, 271, 1, 0, 1
872, 1, 1636415793106, 1636415793378, 272, 0, 272, 0, 0, 0
873, 1, 1636415793462, 1636415793729, 267, 0, 267, 0, 0, 0
874, 1, 1636415793694, 1636415793966, 272, 0, 272, 0, 0, 0
875, 1, 1636415793842, 1636415794114, 272, 0, 272, 0, 0, 0
876, 1, 1636415794058, 1636415794322, 264, 0, 264, 0, 0, 0
877, 1, 1636415794337, 1636415794610, 273, 1, 272, 0, 0, 0
878, 1, 1636415794682, 1636415794954, 272, 0, 272, 0, 0, 0
879, 1, 1636415794954, 1636415795222, 268, 0, 268, 0, 0, 0
880, 1, 1636415795066, 1636415795337, 271, 0, 271, 0, 0, 0
881, 1, 1636415795281, 1636415795550, 269, 0, 269, 0, 0, 0
882, 1, 1636415795605, 1636415795874, 269, 1, 268, 0, 0, 0
883, 1, 1636415795961, 1636415796233, 272, 1, 271, 0, 1, 1
884, 1, 1636415796178, 1636415796450, 272, 0, 272, 0, 0, 0
885, 1, 1636415796289, 1636415796566, 277, 1, 276, 0, 1, 1
886, 1, 1636415796577, 1636415796846, 269, 1, 268, 0, 1, 1
887, 1, 1636415796814, 1636415797081, 267, 0, 267, 0, 0, 0
888, 1, 1636415797169, 1636415797438, 269, 1, 268, 0, 0, 0
889, 1, 1636415797397, 1636415797666, 269, 1, 268, 0, 1, 1
890, 1, 1636415797582, 1636415797854, 272, 0, 272, 0, 0, 0
891, 1, 1636415797841, 1636415798114, 273, 1, 272, 0, 0, 0
892, 1, 1636415798041, 1636415798314, 273, 1, 272, 0, 0, 0
893, 1, 1636415798394, 1636415798666, 272, 0, 272, 0, 0, 0
894, 1, 1636415798698, 1636415798966, 268, 0, 268, 0, 0, 0
895, 1, 1636415798865, 1636415799137, 272, 1, 271, 0, 0, 0
896, 1, 1636415799042, 1636415799314, 272, 0, 272, 0, 0, 0
897, 1, 1636415799334, 1636415799606, 272, 0, 272, 0, 0, 0
898, 1, 1636415799694, 1636415799970, 276, 0, 276, 0, 0, 0
899, 1, 1636415799961, 1636415800233, 272, 1, 271, 0, 0, 0
900, 1, 1636415800066, 1636415800342, 276, 0, 276, 0, 0, 0
901, 1, 1636415800253, 1636415800526, 273, 1, 272, 0, 1, 1
902, 1, 1636415800617, 1636415800890, 273, 1, 272, 0, 0, 0
903, 1, 1636415800978, 1636415801249, 271, 0, 271, 0, 0, 0
904, 1, 1636415801162, 1636415801433, 271, 0, 271, 0, 0, 0
905, 1, 1636415801257, 1636415801526, 269, 1, 268, 0, 1, 1
906, 1, 1636415801478, 1636415801754, 276, 0, 276, 0, 0, 0
907, 1, 1636415801814, 1636415802086, 272, 0, 272, 0, 0, 0
908, 1, 1636415802178, 1636415802449, 271, 0, 271, 0, 0, 0
909, 1, 1636415802373, 1636415802646, 273, 1, 272, 0, 0, 0
910, 1, 1636415802481, 1636415802754, 273, 1, 272, 0, 0, 0
911, 1, 1636415802713, 1636415802986, 273, 1, 272, 0, 1, 1
912, 1, 1636415803026, 1636415803301, 275, 0, 275, 0, 0, 0
913, 1, 1636415803390, 1636415803662, 272, 0, 272, 0, 0, 0
914, 1, 1636415803594, 1636415803869, 275, 0, 275, 0, 0, 0
915, 1, 1636415803713, 1636415803985, 272, 1, 271, 0, 0, 0
916, 1, 1636415804009, 1636415804281, 272, 1, 271, 0, 0, 0
917, 1, 1636415804262, 1636415804534, 272, 0, 272, 0, 0, 0
918, 1, 1636415804614, 1636415804882, 268, 0, 268, 0, 0, 0
919, 1, 1636415804850, 1636415805125, 275, 0, 275, 0, 0, 0
920, 1, 1636415805013, 1636415805286, 273, 1, 272, 0, 1, 1
921, 1, 1636415805298, 1636415805574, 276, 0, 276, 0, 0, 0
922, 1, 1636415805490, 1636415805762, 272, 0, 272, 0, 0, 0
923, 1, 1636415805865, 1636415806138, 273, 1, 272, 0, 0, 0
924, 1, 1636415806145, 1636415806414, 269, 1, 268, 0, 0, 0
925, 1, 1636415806301, 1636415806574, 273, 0, 273, 0, 0, 0
926, 1, 1636415806490, 1636415806762, 272, 0, 272, 0, 0, 0
927, 1, 1636415806754, 1636415807026, 272, 0, 272, 0, 0, 0
928, 1, 1636415807161, 1636415807429, 268, 1, 267, 1, 0, 1
929, 1, 1636415807397, 1636415807670, 273, 1, 272, 0, 1, 1
930, 1, 1636415807489, 1636415807757, 268, 1, 267, 0, 1, 1
931, 1, 1636415807701, 1636415807978, 277, 1, 276, 1, 0, 1
932, 1, 1636415808050, 1636415808326, 276, 0, 276, 0, 0, 0
933, 1, 1636415808410, 1636415808682, 272, 0, 272, 0, 0, 0
934, 1, 1636415808593, 1636415808862, 269, 1, 268, 0, 0, 0
935, 1, 1636415808682, 1636415808946, 264, 0, 264, 0, 0, 0
936, 1, 1636415808958, 1636415809226, 268, 0, 268, 0, 0, 0
937, 1, 1636415809237, 1636415809506, 269, 1, 268, 0, 0, 0
938, 1, 1636415809614, 1636415809886, 272, 0, 272, 0, 0, 0
939, 1, 1636415809785, 1636415810050, 265, 1, 264, 0, 1, 1
940, 1, 1636415809962, 1636415810242, 280, 0, 280, 0, 0, 0
941, 1, 1636415810226, 1636415810498, 272, 0, 272, 0, 0, 0
942, 1, 1636415810430, 1636415810697, 267, 0, 267, 0, 0, 0
943, 1, 1636415810826, 1636415811098, 272, 0, 272, 0, 0, 0
944, 1, 1636415811070, 1636415811346, 276, 0, 276, 0, 0, 0
945, 1, 1636415811250, 1636415811522, 272, 0, 272, 0, 0, 0
946, 1, 1636415811462, 1636415811730, 268, 0, 268, 0, 0, 0
947, 1, 1636415811710, 1636415811978, 268, 0, 268, 0, 0, 0
948, 1, 1636415812078, 1636415812350, 272, 0, 272, 0, 0, 0
949, 1, 1636415812357, 1636415812626, 269, 1, 268, 0, 1, 1
950, 1, 1636415812489, 1636415812761, 272, 1, 271, 0, 0, 0
951, 1, 1636415812681, 1636415812945, 264, 1, 263, 0, 0, 0
952, 1, 1636415812973, 1636415813246, 273, 1, 272, 0, 0, 0
953, 1, 1636415813346, 1636415813618, 272, 0, 272, 0, 0, 0
954, 1, 1636415813598, 1636415813870, 272, 0, 272, 0, 0, 0
955, 1, 1636415813705, 1636415813973, 268, 1, 267, 1, 0, 1
956, 1, 1636415813870, 1636415814137, 267, 0, 267, 0, 0, 0
957, 1, 1636415814214, 1636415814478, 264, 0, 264, 0, 0, 0
958, 1, 1636415814581, 1636415814853, 272, 1, 271, 0, 0, 0
959, 1, 1636415814805, 1636415815070, 265, 1, 264, 0, 1, 1
960, 1, 1636415814893, 1636415815166, 273, 1, 272, 0, 0, 0
961, 1, 1636415815169, 1636415815442, 273, 1, 272, 0, 1, 1
962, 1, 1636415815465, 1636415815738, 273, 1, 272, 0, 0, 0
963, 1, 1636415815801, 1636415816074, 273, 1, 272, 0, 1, 1
964, 1, 1636415815990, 1636415816254, 264, 0, 264, 0, 0, 0
965, 1, 1636415816190, 1636415816466, 276, 0, 276, 0, 0, 0
966, 1, 1636415816378, 1636415816650, 272, 0, 272, 0, 0, 0
967, 1, 1636415816710, 1636415816982, 272, 0, 272, 0, 0, 0
968, 1, 1636415816989, 1636415817258, 269, 1, 268, 0, 0, 0
969, 1, 1636415817286, 1636415817558, 272, 0, 272, 0, 0, 0
970, 1, 1636415817410, 1636415817682, 272, 0, 272, 0, 0, 0
971, 1, 1636415817669, 1636415817942, 273, 1, 272, 0, 0, 0
972, 1, 1636415818001, 1636415818266, 265, 1, 264, 0, 1, 1
973, 1, 1636415818285, 1636415818553, 268, 1, 267, 1, 0, 1
974, 1, 1636415818505, 1636415818769, 264, 1, 263, 0, 0, 0
975, 1, 1636415818657, 1636415818930, 273, 1, 272, 0, 0, 0
976, 1, 1636415818910, 1636415819186, 276, 0, 276, 0, 0, 0
977, 1, 1636415819206, 1636415819478, 272, 0, 272, 0, 0, 0
978, 1, 1636415819486, 1636415819758, 272, 0, 272, 0, 0, 0
979, 1, 1636415819750, 1636415820021, 271, 0, 271, 0, 0, 0
980, 1, 1636415819893, 1636415820161, 268, 1, 267, 0, 0, 0
981, 1, 1636415820122, 1636415820386, 264, 0, 264, 0, 0, 0
982, 1, 1636415820498, 1636415820770, 272, 0, 272, 0, 0, 0
983, 1, 1636415820782, 1636415821054, 272, 0, 272, 0, 0, 0
984, 1, 1636415820985, 1636415821258, 273, 1, 272, 1, 0, 1
985, 1, 1636415821130, 1636415821401, 271, 0, 271, 0, 0, 0
986, 1, 1636415821405, 1636415821670, 265, 1, 264, 0, 1, 1
987, 1, 1636415821737, 1636415822010, 273, 1, 272, 0, 1, 1
988, 1, 1636415822017, 1636415822290, 273, 1, 272, 0, 0, 0
989, 1, 1636415822226, 1636415822497, 271, 0, 271, 0, 0, 0
990, 1, 1636415822417, 1636415822690, 273, 1, 272, 0, 1, 1
991, 1, 1636415822674, 1636415822942, 268, 0, 268, 0, 0, 0
992, 1, 1636415822950, 1636415823222, 272, 0, 272, 0, 0, 0
993, 1, 1636415823253, 1636415823526, 273, 1, 272, 0, 0, 0
994, 1, 1636415823505, 1636415823778, 273, 1, 272, 0, 0, 0
995, 1, 1636415823717, 1636415823990, 273, 1, 272, 0, 0, 0
996, 1, 1636415823925, 1636415824197, 272, 0, 272, 0, 0, 0
997, 1, 1636415824233, 1636415824501, 268, 1, 267, 0, 0, 0
998, 1, 1636415824538, 1636415824810, 272, 0, 272, 0, 0, 0
999, 1, 1636415824774, 1636415825041, 267, 0, 267, 0, 0, 0
1000, 1, 1636415824974, 1636415825241, 267, 0, 267, 0, 0, 0
1001, 1, 1636415825177, 1636415825449, 272, 1, 271, 1, 0, 1
1002, 1, 1636415825497, 1636415825778, 281, 1, 280, 0, 0, 0
1003, 1, 1636415825805, 1636415826074, 269, 1, 268, 0, 1, 1
1004, 1, 1636415826030, 1636415826305, 275, 0, 275, 0, 0, 0
1005, 1, 1636415826218, 1636415826489, 271, 0, 271, 0, 0, 0
1006, 1, 1636415826373, 1636415826641, 268, 1, 267, 0, 1, 1
1007, 1, 1636415826806, 1636415827077, 271, 0, 271, 0, 0, 0
1008, 1, 1636415827081, 1636415827349, 268, 1, 267, 0, 1, 1
1009, 1, 1636415827246, 1636415827514, 268, 0, 268, 0, 0, 0
1010, 1, 1636415827421, 1636415827689, 268, 1, 267, 1, 0, 1
1011, 1, 1636415827641, 1636415827910, 269, 0, 269, 0, 0, 0
1012, 1, 1636415828054, 1636415828322, 268, 0, 268, 0, 0, 0
1013, 1, 1636415828325, 1636415828594, 269, 0, 269, 0, 0, 0
1014, 1, 1636415828445, 1636415828710, 265, 1, 264, 0, 0, 0
1015, 1, 1636415828686, 1636415828950, 264, 0, 264, 0, 0, 0
1016, 1, 1636415828922, 1636415829194, 272, 0, 272, 0, 0, 0
1017, 1, 1636415829258, 1636415829526, 268, 0, 268, 0, 0, 0
1018, 1, 1636415829530, 1636415829797, 267, 0, 267, 0, 0, 0
1019, 1, 1636415829746, 1636415830017, 271, 0, 271, 0, 0, 0
1020, 1, 1636415829953, 1636415830221, 268, 1, 267, 1, 0, 1
1021, 1, 1636415830169, 1636415830441, 272, 1, 271, 0, 0, 0
1022, 1, 1636415830522, 1636415830789, 267, 0, 267, 0, 0, 0
1023, 1, 1636415830793, 1636415831066, 273, 0, 273, 0, 0, 0
1024, 1, 1636415831034, 1636415831301, 267, 0, 267, 0, 0, 0
1025, 1, 1636415831198, 1636415831470, 272, 0, 272, 0, 0, 0
1026, 1, 1636415831470, 1636415831738, 268, 0, 268, 0, 0, 0
1027, 1, 1636415831806, 1636415832078, 272, 0, 272, 0, 0, 0
1028, 1, 1636415832081, 1636415832353, 272, 1, 271, 0, 0, 0
1029, 1, 1636415832277, 1636415832545, 268, 1, 267, 1, 0, 1
1030, 1, 1636415832498, 1636415832770, 272, 0, 272, 0, 0, 0
1031, 1, 1636415832729, 1636415833001, 272, 1, 271, 0, 1, 1
1032, 1, 1636415833049, 1636415833322, 273, 1, 272, 0, 0, 0
1033, 1, 1636415833330, 1636415833601, 271, 0, 271, 0, 0, 0
1034, 1, 1636415833578, 1636415833846, 268, 0, 268, 0, 0, 0
1035, 1, 1636415833757, 1636415834030, 273, 1, 272, 0, 0, 0
1036, 1, 1636415833969, 1636415834242, 273, 1, 272, 0, 0, 0
1037, 1, 1636415834342, 1636415834614, 272, 0, 272, 0, 0, 0
1038, 1, 1636415834617, 1636415834890, 273, 1, 272, 0, 0, 0
1039, 1, 1636415834838, 1636415835101, 263, 0, 263, 0, 0, 0
1040, 1, 1636415834993, 1636415835258, 265, 1, 264, 0, 0, 0
1041, 1, 1636415835174, 1636415835446, 272, 0, 272, 0, 0, 0
1042, 1, 1636415835621, 1636415835894, 273, 1, 272, 0, 1, 1
1043, 1, 1636415835897, 1636415836166, 269, 1, 268, 0, 1, 1
1044, 1, 1636415836078, 1636415836350, 272, 0, 272, 0, 0, 0
1045, 1, 1636415836242, 1636415836510, 268, 0, 268, 0, 0, 0
1046, 1, 1636415836466, 1636415836733, 267, 0, 267, 0, 0, 0
1047, 1, 1636415836862, 1636415837134, 272, 0, 272, 0, 0, 0
1048, 1, 1636415837137, 1636415837410, 273, 1, 272, 0, 1, 1
1049, 1, 1636415837289, 1636415837558, 269, 1, 268, 0, 0, 0
1050, 1, 1636415837521, 1636415837794, 273, 0, 273, 0, 0, 0
1051, 1, 1636415837797, 1636415838066, 269, 1, 268, 0, 0, 0
1052, 1, 1636415838070, 1636415838342, 272, 0, 272, 0, 0, 0
1053, 1, 1636415838345, 1636415838621, 276, 1, 275, 0, 1, 1
1054, 1, 1636415838569, 1636415838842, 273, 1, 272, 1, 0, 1
1055, 1, 1636415838846, 1636415839114, 268, 0, 268, 0, 0, 0
1056, 1, 1636415839073, 1636415839346, 273, 1, 272, 0, 0, 0
1057, 1, 1636415839354, 1636415839626, 272, 0, 272, 0, 0, 0
1058, 1, 1636415839629, 1636415839898, 269, 0, 269, 0, 0, 0
1059, 1, 1636415839902, 1636415840170, 268, 0, 268, 0, 0, 0
1060, 1, 1636415840082, 1636415840350, 268, 0, 268, 0, 0, 0
1061, 1, 1636415840286, 1636415840558, 272, 0, 272, 0, 0, 0
1062, 1, 1636415840622, 1636415840894, 272, 0, 272, 0, 0, 0
1063, 1, 1636415840897, 1636415841170, 273, 1, 272, 0, 1, 1
1064, 1, 1636415841130, 1636415841402, 272, 0, 272, 0, 0, 0
1065, 1, 1636415841269, 1636415841542, 273, 1, 272, 0, 1, 1
1066, 1, 1636415841569, 1636415841841, 272, 1, 271, 1, 0, 1
1067, 1, 1636415841885, 1636415842158, 273, 1, 272, 0, 0, 0
1068, 1, 1636415842161, 1636415842441, 280, 1, 279, 0, 0, 0
1069, 1, 1636415842341, 1636415842613, 272, 1, 271, 0, 0, 0
1070, 1, 1636415842553, 1636415842821, 268, 1, 267, 1, 0, 1
1071, 1, 1636415842826, 1636415843094, 268, 0, 268, 0, 0, 0
1072, 1, 1636415843078, 1636415843354, 276, 0, 276, 0, 0, 0
1073, 1, 1636415843366, 1636415843638, 272, 0, 272, 0, 0, 0
1074, 1, 1636415843625, 1636415843894, 269, 1, 268, 1, 0, 1
1075, 1, 1636415843805, 1636415844074, 269, 1, 268, 1, 0, 1
1076, 1, 1636415844097, 1636415844369, 272, 1, 271, 0, 0, 0
1077, 1, 1636415844338, 1636415844609, 271, 0, 271, 0, 0, 0
1078, 1, 1636415844649, 1636415844922, 273, 1, 272, 1, 0, 1
1079, 1, 1636415844881, 1636415845150, 269, 1, 268, 0, 1, 1
1080, 1, 1636415845062, 1636415845330, 268, 0, 268, 0, 0, 0
1081, 1, 1636415845349, 1636415845622, 273, 1, 272, 1, 0, 1
1082, 1, 1636415845601, 1636415845874, 273, 1, 272, 0, 0, 0
1083, 1, 1636415845906, 1636415846182, 276, 0, 276, 0, 0, 0
1084, 1, 1636415846153, 1636415846429, 276, 1, 275, 0, 0, 0
1085, 1, 1636415846433, 1636415846701, 268, 1, 267, 1, 0, 1
1086, 1, 1636415846613, 1636415846890, 277, 1, 276, 0, 0, 0
1087, 1, 1636415846873, 1636415847138, 265, 1, 264, 0, 0, 0
1088, 1, 1636415847162, 1636415847434, 272, 0, 272, 0, 0, 0
1089, 1, 1636415847437, 1636415847706, 269, 1, 268, 0, 0, 0
1090, 1, 1636415847542, 1636415847810, 268, 0, 268, 0, 0, 0
1091, 1, 1636415847917, 1636415848182, 265, 1, 264, 0, 0, 0
1092, 1, 1636415848070, 1636415848337, 267, 0, 267, 0, 0, 0
1093, 1, 1636415848410, 1636415848682, 272, 0, 272, 0, 0, 0
1094, 1, 1636415848694, 1636415848966, 272, 0, 272, 0, 0, 0
1095, 1, 1636415848969, 1636415849246, 277, 1, 276, 1, 0, 1
1096, 1, 1636415849225, 1636415849494, 269, 1, 268, 0, 0, 0
1097, 1, 1636415849382, 1636415849654, 272, 0, 272, 0, 0, 0
1098, 1, 1636415849722, 1636415849994, 272, 0, 272, 0, 0, 0
1099, 1, 1636415849997, 1636415850262, 265, 1, 264, 0, 0, 0
1100, 1, 1636415850086, 1636415850350, 264, 0, 264, 0, 0, 0
1101, 1, 1636415850490, 1636415850758, 268, 0, 268, 0, 0, 0
1102, 1, 1636415850670, 1636415850942, 272, 0, 272, 0, 0, 0
1103, 1, 1636415851013, 1636415851281, 268, 1, 267, 1, 0, 1
1104, 1, 1636415851234, 1636415851506, 272, 0, 272, 0, 0, 0
1105, 1, 1636415851373, 1636415851642, 269, 1, 268, 0, 0, 0
1106, 1, 1636415851726, 1636415851993, 267, 0, 267, 0, 0, 0
1107, 1, 1636415851934, 1636415852206, 272, 0, 272, 0, 0, 0
1108, 1, 1636415852273, 1636415852545, 272, 1, 271, 1, 0, 1
1109, 1, 1636415852498, 1636415852769, 271, 0, 271, 0, 0, 0
1110, 1, 1636415852614, 1636415852885, 271, 0, 271, 0, 0, 0
1111, 1, 1636415852990, 1636415853261, 271, 0, 271, 0, 0, 0
1112, 1, 1636415853201, 1636415853474, 273, 1, 272, 0, 1, 1
1113, 1, 1636415853533, 1636415853805, 272, 1, 271, 0, 1, 1
1114, 1, 1636415853741, 1636415854022, 281, 1, 280, 0, 0, 0
1115, 1, 1636415853885, 1636415854158, 273, 1, 272, 1, 0, 1
1116, 1, 1636415854266, 1636415854533, 267, 0, 267, 0, 0, 0
1117, 1, 1636415854441, 1636415854710, 269, 1, 268, 0, 1, 1
1118, 1, 1636415854770, 1636415855038, 268, 0, 268, 0, 0, 0
1119, 1, 1636415855017, 1636415855294, 277, 1, 276, 1, 0, 1
1120, 1, 1636415855161, 1636415855429, 268, 1, 267, 0, 1, 1
1121, 1, 1636415855534, 1636415855805, 271, 0, 271, 0, 0, 0
1122, 1, 1636415855701, 1636415855978, 277, 1, 276, 0, 0, 0
1123, 1, 1636415856038, 1636415856310, 272, 0, 272, 0, 0, 0
1124, 1, 1636415856294, 1636415856566, 272, 0, 272, 0, 0, 0
1125, 1, 1636415856430, 1636415856698, 268, 0, 268, 0, 0, 0
1126, 1, 1636415856757, 1636415857026, 269, 1, 268, 1, 0, 1
1127, 1, 1636415856985, 1636415857262, 277, 1, 276, 0, 0, 0
1128, 1, 1636415857309, 1636415857574, 265, 0, 265, 0, 0, 0
1129, 1, 1636415857561, 1636415857838, 277, 1, 276, 0, 0, 0
1130, 1, 1636415857637, 1636415857910, 273, 1, 272, 1, 0, 1
1131, 1, 1636415857993, 1636415858266, 273, 1, 272, 0, 0, 0
1132, 1, 1636415858274, 1636415858545, 271, 0, 271, 0, 0, 0
1133, 1, 1636415858578, 1636415858850, 272, 0, 272, 0, 0, 0
1134, 1, 1636415858785, 1636415859050, 265, 1, 264, 1, 0, 1
1135, 1, 1636415858873, 1636415859145, 272, 1, 271, 1, 0, 1
1136, 1, 1636415859190, 1636415859458, 268, 0, 268, 0, 0, 0
1137, 1, 1636415859482, 1636415859753, 271, 0, 271, 0, 0, 0
1138, 1, 1636415859786, 1636415860053, 267, 0, 267, 0, 0, 0
1139, 1, 1636415860018, 1636415860286, 268, 0, 268, 0, 0, 0
1140, 1, 1636415860098, 1636415860366, 268, 0, 268, 0, 0, 0
1141, 1, 1636415860385, 1636415860658, 273, 1, 272, 0, 0, 0
1142, 1, 1636415860718, 1636415860990, 272, 0, 272, 0, 0, 0
1143, 1, 1636415861021, 1636415861290, 269, 1, 268, 1, 0, 1
1144, 1, 1636415861245, 1636415861522, 277, 0, 277, 0, 0, 0
1145, 1, 1636415861290, 1636415861558, 268, 0, 268, 0, 0, 0
1146, 1, 1636415861690, 1636415861961, 271, 0, 271, 0, 0, 0
1147, 1, 1636415861914, 1636415862186, 272, 0, 272, 0, 0, 0
1148, 1, 1636415862246, 1636415862517, 271, 0, 271, 0, 0, 0
1149, 1, 1636415862450, 1636415862722, 272, 0, 272, 0, 0, 0
1150, 1, 1636415862590, 1636415862873, 283, 0, 283, 0, 0, 0
1151, 1, 1636415862889, 1636415863161, 272, 1, 271, 1, 0, 1
1152, 1, 1636415863110, 1636415863390, 280, 0, 280, 0, 0, 0
1153, 1, 1636415863450, 1636415863722, 272, 0, 272, 0, 0, 0
1154, 1, 1636415863749, 1636415864017, 268, 1, 267, 1, 0, 1
1155, 1, 1636415863838, 1636415864106, 268, 0, 268, 0, 0, 0
1156, 1, 1636415864085, 1636415864361, 276, 1, 275, 1, 0, 1
1157, 1, 1636415864414, 1636415864682, 268, 0, 268, 0, 0, 0
1158, 1, 1636415864753, 1636415865026, 273, 1, 272, 0, 0, 0
1159, 1, 1636415864954, 1636415865226, 272, 0, 272, 0, 0, 0
1160, 1, 1636415865029, 1636415865302, 273, 1, 272, 0, 0, 0
1161, 1, 1636415865374, 1636415865642, 268, 0, 268, 0, 0, 0
1162, 1, 1636415865614, 1636415865890, 276, 0, 276, 0, 0, 0
1163, 1, 1636415865950, 1636415866222, 272, 0, 272, 0, 0, 0
1164, 1, 1636415866206, 1636415866477, 271, 0, 271, 0, 0, 0
1165, 1, 1636415866325, 1636415866594, 269, 1, 268, 0, 0, 0
1166, 1, 1636415866574, 1636415866846, 272, 0, 272, 0, 0, 0
1167, 1, 1636415866866, 1636415867133, 267, 0, 267, 0, 0, 0
1168, 1, 1636415867149, 1636415867414, 265, 1, 264, 0, 0, 0
1169, 1, 1636415867489, 1636415867757, 268, 1, 267, 0, 0, 0
1170, 1, 1636415867526, 1636415867798, 272, 0, 272, 0, 0, 0
1171, 1, 1636415867826, 1636415868102, 276, 0, 276, 0, 0, 0
1172, 1, 1636415868158, 1636415868430, 272, 0, 272, 0, 0, 0
1173, 1, 1636415868446, 1636415868717, 271, 0, 271, 0, 0, 0
1174, 1, 1636415868693, 1636415868966, 273, 1, 272, 1, 0, 1
1175, 1, 1636415868773, 1636415869041, 268, 0, 268, 0, 0, 0
1176, 1, 1636415869053, 1636415869322, 269, 1, 268, 0, 1, 1
1177, 1, 1636415869358, 1636415869630, 272, 0, 272, 0, 0, 0
1178, 1, 1636415869682, 1636415869954, 272, 0, 272, 0, 0, 0
1179, 1, 1636415869929, 1636415870201, 272, 1, 271, 0, 0, 0
1180, 1, 1636415869990, 1636415870262, 272, 0, 272, 0, 0, 0
1181, 1, 1636415870366, 1636415870634, 268, 0, 268, 0, 0, 0
1182, 1, 1636415870605, 1636415870878, 273, 1, 272, 1, 0, 1
1183, 1, 1636415870929, 1636415871201, 272, 1, 271, 0, 1, 1
1184, 1, 1636415871150, 1636415871422, 272, 0, 272, 0, 0, 0
1185, 1, 1636415871425, 1636415871697, 272, 1, 271, 0, 0, 0
1186, 1, 1636415871662, 1636415871926, 264, 0, 264, 0, 0, 0
1187, 1, 1636415871821, 1636415872094, 273, 1, 272, 0, 0, 0
1188, 1, 1636415872145, 1636415872414, 269, 1, 268, 0, 0, 0
1189, 1, 1636415872441, 1636415872714, 273, 1, 272, 0, 0, 0
1190, 1, 1636415872566, 1636415872841, 275, 0, 275, 0, 0, 0
1191, 1, 1636415872950, 1636415873222, 272, 0, 272, 0, 0, 0
1192, 1, 1636415873138, 1636415873410, 272, 0, 272, 0, 0, 0
1193, 1, 1636415873457, 1636415873734, 277, 1, 276, 0, 0, 0
1194, 1, 1636415873741, 1636415874014, 273, 1, 272, 0, 1, 1
1195, 1, 1636415873817, 1636415874090, 273, 1, 272, 0, 1, 1
1196, 1, 1636415874141, 1636415874414, 273, 1, 272, 1, 0, 1
1197, 1, 1636415874410, 1636415874682, 272, 0, 272, 0, 0, 0
1198, 1, 1636415874734, 1636415875006, 272, 0, 272, 0, 0, 0
1199, 1, 1636415874990, 1636415875254, 264, 0, 264, 0, 0, 0
1200, 1, 1636415875030, 1636415875301, 271, 0, 271, 0, 0, 0
1201, 1, 1636415875446, 1636415875718, 272, 0, 272, 0, 0, 0
1202, 1, 1636415875702, 1636415875974, 272, 0, 272, 0, 0, 0
1203, 1, 1636415876026, 1636415876298, 272, 0, 272, 0, 0, 0
1204, 1, 1636415876238, 1636415876510, 272, 0, 272, 0, 0, 0
1205, 1, 1636415876338, 1636415876610, 272, 0, 272, 0, 0, 0
1206, 1, 1636415876633, 1636415876910, 277, 0, 277, 0, 0, 0
1207, 1, 1636415876890, 1636415877162, 272, 0, 272, 0, 0, 0
1208, 1, 1636415877238, 1636415877510, 272, 0, 272, 0, 0, 0
1209, 1, 1636415877530, 1636415877802, 272, 0, 272, 0, 0, 0
1210, 1, 1636415877546, 1636415877810, 264, 0, 264, 0, 0, 0
1211, 1, 1636415877926, 1636415878194, 268, 0, 268, 0, 0, 0
1212, 1, 1636415878197, 1636415878462, 265, 1, 264, 1, 0, 1
1213, 1, 1636415878546, 1636415878817, 271, 0, 271, 0, 0, 0
1214, 1, 1636415878790, 1636415879058, 268, 0, 268, 0, 0, 0
1215, 1, 1636415878821, 1636415879090, 269, 1, 268, 0, 1, 1
1216, 1, 1636415879126, 1636415879397, 271, 0, 271, 0, 0, 0
1217, 1, 1636415879442, 1636415879710, 268, 0, 268, 0, 0, 0
1218, 1, 1636415879734, 1636415880005, 271, 0, 271, 0, 0, 0
1219, 1, 1636415880017, 1636415880282, 265, 0, 265, 0, 0, 0
1220, 1, 1636415880045, 1636415880317, 272, 1, 271, 0, 0, 0
1221, 1, 1636415880417, 1636415880690, 273, 1, 272, 0, 0, 0
1222, 1, 1636415880694, 1636415880966, 272, 0, 272, 0, 0, 0
1223, 1, 1636415880994, 1636415881266, 272, 0, 272, 0, 0, 0
1224, 1, 1636415881242, 1636415881513, 271, 0, 271, 0, 0, 0
1225, 1, 1636415881270, 1636415881542, 272, 0, 272, 0, 0, 0
1226, 1, 1636415881690, 1636415881958, 268, 0, 268, 0, 0, 0
1227, 1, 1636415881894, 1636415882166, 272, 0, 272, 0, 0, 0
1228, 1, 1636415882201, 1636415882478, 277, 1, 276, 0, 1, 1
1229, 1, 1636415882494, 1636415882766, 272, 0, 272, 0, 0, 0
1230, 1, 1636415882525, 1636415882797, 272, 1, 271, 1, 0, 1
1231, 1, 1636415882922, 1636415883193, 271, 0, 271, 0, 0, 0
1232, 1, 1636415883146, 1636415883422, 276, 0, 276, 0, 0, 0
1233, 1, 1636415883494, 1636415883765, 271, 0, 271, 0, 0, 0
1234, 1, 1636415883750, 1636415884021, 271, 0, 271, 0, 0, 0
1235, 1, 1636415883753, 1636415884021, 268, 1, 267, 0, 1, 1
1236, 1, 1636415884122, 1636415884394, 272, 0, 272, 0, 0, 0
1237, 1, 1636415884401, 1636415884673, 272, 1, 271, 0, 1, 1
1238, 1, 1636415884766, 1636415885037, 271, 0, 271, 0, 0, 0
1239, 1, 1636415884977, 1636415885250, 273, 1, 272, 1, 0, 1
1240, 1, 1636415884994, 1636415885266, 272, 0, 272, 0, 0, 0
1241, 1, 1636415885346, 1636415885618, 272, 0, 272, 0, 0, 0
1242, 1, 1636415885630, 1636415885898, 268, 0, 268, 0, 0, 0
1243, 1, 1636415885994, 1636415886266, 272, 0, 272, 0, 0, 0
1244, 1, 1636415886181, 1636415886450, 269, 1, 268, 0, 0, 0
1245, 1, 1636415886217, 1636415886485, 268, 1, 267, 1, 0, 1
1246, 1, 1636415886594, 1636415886866, 272, 0, 272, 0, 0, 0
1247, 1, 1636415886870, 1636415887142, 272, 0, 272, 0, 0, 0
1248, 1, 1636415887238, 1636415887510, 272, 0, 272, 0, 0, 0
1249, 1, 1636415887406, 1636415887678, 272, 0, 272, 0, 0, 0
1250, 1, 1636415887469, 1636415887741, 272, 1, 271, 0, 1, 1
1251, 1, 1636415887786, 1636415888053, 267, 0, 267, 0, 0, 0
1252, 1, 1636415888093, 1636415888366, 273, 1, 272, 1, 0, 1
1253, 1, 1636415888466, 1636415888738, 272, 0, 272, 0, 0, 0
1254, 1, 1636415888638, 1636415888910, 272, 0, 272, 0, 0, 0
1255, 1, 1636415888685, 1636415888957, 272, 0, 272, 0, 0, 0
1256, 1, 1636415889050, 1636415889318, 268, 0, 268, 0, 0, 0
1257, 1, 1636415889342, 1636415889614, 272, 0, 272, 0, 0, 0
1258, 1, 1636415889714, 1636415889985, 271, 0, 271, 0, 0, 0
1259, 1, 1636415889850, 1636415890122, 272, 0, 272, 0, 0, 0
1260, 1, 1636415889950, 1636415890218, 268, 0, 268, 0, 0, 0
1261, 1, 1636415890242, 1636415890514, 272, 0, 272, 0, 0, 0
1262, 1, 1636415890533, 1636415890806, 273, 0, 273, 0, 0, 0
1263, 1, 1636415890906, 1636415891178, 272, 0, 272, 0, 0, 0
1264, 1, 1636415891117, 1636415891390, 273, 1, 272, 0, 1, 1
1265, 1, 1636415891145, 1636415891417, 272, 1, 271, 0, 1, 1
1266, 1, 1636415891550, 1636415891822, 272, 0, 272, 0, 0, 0
1267, 1, 1636415891826, 1636415892098, 272, 0, 272, 0, 0, 0
1268, 1, 1636415892170, 1636415892442, 272, 0, 272, 0, 0, 0
1269, 1, 1636415892310, 1636415892582, 272, 0, 272, 0, 0, 0
1270, 1, 1636415892449, 1636415892722, 273, 1, 272, 0, 1, 1
1271, 1, 1636415892817, 1636415893090, 273, 1, 272, 1, 0, 1
1272, 1, 1636415893025, 1636415893298, 273, 1, 272, 0, 0, 0
1273, 1, 1636415893362, 1636415893638, 276, 0, 276, 0, 0, 0
1274, 1, 1636415893617, 1636415893885, 268, 1, 267, 1, 0, 1
1275, 1, 1636415893722, 1636415893993, 271, 0, 271, 0, 0, 0
1276, 1, 1636415894066, 1636415894334, 268, 0, 268, 0, 0, 0
1277, 1, 1636415894293, 1636415894570, 277, 1, 276, 1, 0, 1
1278, 1, 1636415894629, 1636415894901, 272, 1, 271, 0, 0, 0
1279, 1, 1636415894886, 1636415895158, 272, 0, 272, 0, 0, 0
1280, 1, 1636415894977, 1636415895242, 265, 1, 264, 1, 0, 1
1281, 1, 1636415895370, 1636415895638, 268, 0, 268, 0, 0, 0
1282, 1, 1636415895597, 1636415895866, 269, 1, 268, 0, 1, 1
1283, 1, 1636415895901, 1636415896170, 269, 1, 268, 0, 0, 0
1284, 1, 1636415896150, 1636415896422, 272, 0, 272, 0, 0, 0
1285, 1, 1636415896278, 1636415896550, 272, 0, 272, 0, 0, 0
1286, 1, 1636415896673, 1636415896938, 265, 1, 264, 0, 0, 0
1287, 1, 1636415896849, 1636415897122, 273, 1, 272, 0, 0, 0
1288, 1, 1636415897153, 1636415897430, 277, 1, 276, 1, 0, 1
1289, 1, 1636415897446, 1636415897714, 268, 0, 268, 0, 0, 0
1290, 1, 1636415897582, 1636415897854, 272, 0, 272, 0, 0, 0
1291, 1, 1636415897981, 1636415898249, 268, 1, 267, 0, 0, 0
1292, 1, 1636415898146, 1636415898417, 271, 0, 271, 0, 0, 0
1293, 1, 1636415898458, 1636415898729, 271, 0, 271, 0, 0, 0
1294, 1, 1636415898754, 1636415899026, 272, 0, 272, 0, 0, 0
1295, 1, 1636415898890, 1636415899162, 272, 0, 272, 0, 0, 0
1296, 1, 1636415899454, 1636415899726, 272, 0, 272, 0, 0, 0
1297, 1, 1636415899729, 1636415900009, 280, 1, 279, 1, 0, 1
1298, 1, 1636415900073, 1636415900345, 272, 1, 271, 0, 0, 0
1299, 1, 1636415900762, 1636415901034, 272, 0, 272, 0, 0, 0
1300, 1, 1636415901037, 1636415901305, 268, 1, 267, 0, 0, 0
1301, 1, 1636416134642, 1636416134914, 272, 0, 272, 0, 0, 0
1302, 1, 1636416135258, 1636416135525, 267, 0, 267, 0, 0, 0
1303, 1, 1636416135317, 1636416135585, 268, 0, 268, 0, 0, 0
1305, 1, 1636416135917, 1636416136190, 273, 0, 273, 0, 0, 0
1304, 1, 1636416135926, 1636416136193, 267, 0, 267, 0, 0, 0
1306, 1, 1636416135986, 1636416136254, 268, 0, 268, 0, 0, 0
1307, 1, 1636416136594, 1636416136865, 271, 0, 271, 0, 0, 0
1308, 1, 1636416136594, 1636416136865, 271, 0, 271, 0, 0, 0
1309, 1, 1636416136653, 1636416136917, 264, 1, 263, 1, 0, 1
1310, 1, 1636416136977, 1636416137250, 273, 1, 272, 0, 1, 1
1312, 1, 1636416137265, 1636416137534, 269, 1, 268, 0, 0, 0
1311, 1, 1636416137265, 1636416137538, 273, 1, 272, 1, 0, 1
1313, 1, 1636416137314, 1636416137581, 267, 0, 267, 0, 0, 0
1314, 1, 1636416137649, 1636416137917, 268, 0, 268, 0, 0, 0
1315, 1, 1636416137694, 1636416137965, 271, 0, 271, 0, 0, 0
1317, 1, 1636416137941, 1636416138205, 264, 1, 263, 0, 1, 1
1316, 1, 1636416137933, 1636416138205, 272, 1, 271, 0, 0, 0
1318, 1, 1636416137981, 1636416138250, 269, 1, 268, 0, 0, 0
1319, 1, 1636416138317, 1636416138582, 265, 1, 264, 0, 1, 1
1320, 1, 1636416138381, 1636416138650, 269, 0, 269, 0, 0, 0
1321, 1, 1636416138606, 1636416138878, 272, 0, 272, 0, 0, 0
1322, 1, 1636416138606, 1636416138878, 272, 0, 272, 0, 0, 0
1323, 1, 1636416138653, 1636416138922, 269, 1, 268, 0, 0, 0
1324, 1, 1636416138986, 1636416139257, 271, 0, 271, 0, 0, 0
1325, 1, 1636416139045, 1636416139317, 272, 1, 271, 1, 0, 1
1326, 1, 1636416139285, 1636416139558, 273, 1, 272, 1, 0, 1
1327, 1, 1636416139285, 1636416139558, 273, 1, 272, 0, 0, 0
1328, 1, 1636416139321, 1636416139585, 264, 0, 264, 0, 0, 0
1329, 1, 1636416139657, 1636416139925, 268, 1, 267, 0, 0, 0
1330, 1, 1636416139717, 1636416139985, 268, 1, 267, 0, 0, 0
1331, 1, 1636416139962, 1636416140230, 268, 0, 268, 0, 0, 0
1332, 1, 1636416139962, 1636416140233, 271, 0, 271, 0, 0, 0
1333, 1, 1636416139985, 1636416140257, 272, 0, 272, 0, 0, 0
1334, 1, 1636416140330, 1636416140598, 268, 0, 268, 0, 0, 0
1335, 1, 1636416140386, 1636416140658, 272, 0, 272, 0, 0, 0
1336, 1, 1636416140630, 1636416140902, 272, 0, 272, 0, 0, 0
1337, 1, 1636416140633, 1636416140902, 269, 1, 268, 0, 1, 1
1338, 1, 1636416140657, 1636416140921, 264, 1, 263, 0, 0, 0
1339, 1, 1636416140998, 1636416141274, 276, 0, 276, 0, 0, 0
1340, 1, 1636416141061, 1636416141338, 277, 1, 276, 0, 0, 0
1342, 1, 1636416141301, 1636416141574, 273, 1, 272, 0, 1, 1
1341, 1, 1636416141301, 1636416141574, 273, 1, 272, 1, 0, 1
1343, 1, 1636416141321, 1636416141585, 264, 1, 263, 0, 1, 1
1344, 1, 1636416141673, 1636416141949, 276, 1, 275, 0, 0, 0
1345, 1, 1636416141737, 1636416142010, 273, 1, 272, 0, 0, 0
1346, 1, 1636416141973, 1636416142246, 273, 1, 272, 0, 0, 0
1347, 1, 1636416141973, 1636416142246, 273, 1, 272, 0, 0, 0
1348, 1, 1636416141981, 1636416142246, 265, 0, 265, 0, 0, 0
1349, 1, 1636416142349, 1636416142621, 272, 1, 271, 0, 1, 1
1350, 1, 1636416142413, 1636416142681, 268, 1, 267, 0, 0, 0
1353, 1, 1636416142646, 1636416142917, 271, 1, 270, 0, 1, 1
1352, 1, 1636416142646, 1636416142917, 271, 1, 270, 0, 1, 1
1351, 1, 1636416142646, 1636416142921, 275, 0, 275, 0, 0, 0
1354, 1, 1636416143022, 1636416143298, 276, 0, 276, 0, 0, 0
1355, 1, 1636416143086, 1636416143357, 271, 0, 271, 0, 0, 0
1357, 1, 1636416143317, 1636416143582, 265, 1, 264, 1, 0, 1
1356, 1, 1636416143317, 1636416143586, 269, 1, 268, 0, 1, 1
1358, 1, 1636416143329, 1636416143598, 269, 0, 269, 0, 0, 0
1359, 1, 1636416143698, 1636416143970, 272, 0, 272, 0, 0, 0
1360, 1, 1636416143758, 1636416144029, 271, 0, 271, 0, 0, 0
1361, 1, 1636416143982, 1636416144258, 276, 0, 276, 0, 0, 0
1363, 1, 1636416143994, 1636416144266, 272, 0, 272, 0, 0, 0
1362, 1, 1636416143994, 1636416144266, 272, 0, 272, 0, 0, 0
1364, 1, 1636416144369, 1636416144641, 272, 1, 271, 0, 1, 1
1365, 1, 1636416144430, 1636416144701, 271, 0, 271, 0, 0, 0
1366, 1, 1636416144657, 1636416144929, 272, 1, 271, 1, 0, 1
1367, 1, 1636416144666, 1636416144938, 272, 0, 272, 0, 0, 0
1368, 1, 1636416144666, 1636416144938, 272, 0, 272, 0, 0, 0
1369, 1, 1636416145041, 1636416145309, 268, 1, 267, 0, 0, 0
1370, 1, 1636416145101, 1636416145370, 269, 1, 268, 0, 0, 0
1371, 1, 1636416145333, 1636416145605, 272, 1, 271, 0, 0, 0
1373, 1, 1636416145341, 1636416145613, 272, 1, 271, 0, 0, 0
1372, 1, 1636416145341, 1636416145613, 272, 1, 271, 0, 0, 0
1374, 1, 1636416145710, 1636416145977, 267, 0, 267, 0, 0, 0
1375, 1, 1636416145766, 1636416146037, 271, 0, 271, 0, 0, 0
1376, 1, 1636416146006, 1636416146278, 272, 0, 272, 0, 0, 0
1378, 1, 1636416146018, 1636416146285, 267, 0, 267, 0, 0, 0
1377, 1, 1636416146041, 1636416146313, 272, 1, 271, 0, 0, 0
1379, 1, 1636416146377, 1636416146654, 277, 1, 276, 0, 1, 1
1380, 1, 1636416146438, 1636416146710, 272, 0, 272, 0, 0, 0
1381, 1, 1636416146678, 1636416146945, 267, 0, 267, 0, 0, 0
1382, 1, 1636416146681, 1636416146954, 273, 1, 272, 0, 0, 0
1383, 1, 1636416146717, 1636416146985, 268, 1, 267, 0, 0, 0
1384, 1, 1636416147053, 1636416147321, 268, 1, 267, 1, 0, 1
1385, 1, 1636416147109, 1636416147382, 273, 1, 272, 0, 0, 0
1387, 1, 1636416147357, 1636416147625, 268, 1, 267, 0, 1, 1
1386, 1, 1636416147385, 1636416147658, 273, 1, 272, 0, 1, 1
1388, 1, 1636416147385, 1636416147662, 277, 1, 276, 0, 0, 0
1389, 1, 1636416147722, 1636416147994, 272, 0, 272, 0, 0, 0
1390, 1, 1636416147782, 1636416148054, 272, 0, 272, 0, 0, 0
1391, 1, 1636416148025, 1636416148297, 272, 1, 271, 0, 1, 1
1392, 1, 1636416148057, 1636416148330, 273, 1, 272, 0, 1, 1
1393, 1, 1636416148066, 1636416148338, 272, 0, 272, 0, 0, 0
1394, 1, 1636416148398, 1636416148666, 268, 0, 268, 0, 0, 0
1395, 1, 1636416148453, 1636416148730, 277, 1, 276, 0, 0, 0
1397, 1, 1636416148730, 1636416149001, 271, 1, 270, 0, 1, 1
1398, 1, 1636416148733, 1636416149001, 268, 0, 268, 0, 0, 0
1396, 1, 1636416148730, 1636416149005, 275, 1, 274, 1, 0, 1
1399, 1, 1636416149066, 1636416149338, 272, 0, 272, 0, 0, 0
1400, 1, 1636416149134, 1636416149405, 271, 0, 271, 0, 0, 0
1401, 1, 1636416149402, 1636416149674, 272, 1, 271, 0, 0, 0
1402, 1, 1636416149402, 1636416149677, 275, 0, 275, 0, 0, 0
1403, 1, 1636416149401, 1636416149678, 277, 1, 276, 0, 0, 0
1404, 1, 1636416149742, 1636416150010, 268, 0, 268, 0, 0, 0
1405, 1, 1636416149806, 1636416150078, 272, 0, 272, 0, 0, 0
1406, 1, 1636416150073, 1636416150346, 273, 1, 272, 0, 0, 0
1407, 1, 1636416150078, 1636416150346, 268, 0, 268, 0, 0, 0
1408, 1, 1636416150078, 1636416150349, 271, 1, 270, 0, 0, 0
1409, 1, 1636416150409, 1636416150682, 273, 1, 272, 0, 0, 0
1410, 1, 1636416150477, 1636416150749, 272, 1, 271, 1, 0, 1
1412, 1, 1636416150746, 1636416151022, 276, 0, 276, 0, 0, 0
1413, 1, 1636416150753, 1636416151022, 269, 0, 269, 0, 0, 0
1411, 1, 1636416150746, 1636416151022, 276, 0, 276, 0, 0, 0
1414, 1, 1636416151082, 1636416151358, 276, 0, 276, 0, 0, 0
1415, 1, 1636416151150, 1636416151421, 271, 0, 271, 0, 0, 0
1418, 1, 1636416151425, 1636416151690, 265, 1, 264, 0, 0, 0
1419, 1, 1636416151757, 1636416152033, 276, 1, 275, 0, 1, 1
1420, 1, 1636416151825, 1636416152098, 273, 1, 272, 0, 0, 0
1423, 1, 1636416152498, 1636416152774, 276, 0, 276, 0, 0, 0
1425, 1, 1636416161758, 1636416162030, 272, 0, 272, 0, 0, 0
1426, 1, 1636416161810, 1636416162081, 271, 0, 271, 0, 0, 0
1424, 1, 1636416162434, 1636416162698, 264, 0, 264, 0, 0, 0
1427, 1, 1636416162425, 1636416162698, 273, 1, 272, 0, 0, 0
1428, 1, 1636416162485, 1636416162758, 273, 1, 272, 1, 0, 1
1429, 1, 1636416162701, 1636416162969, 268, 0, 268, 0, 0, 0
1430, 1, 1636416162797, 1636416163069, 272, 1, 271, 1, 0, 1
1432, 1, 1636416163101, 1636416163373, 272, 1, 271, 0, 0, 0
1431, 1, 1636416163101, 1636416163377, 276, 1, 275, 0, 0, 0
1433, 1, 1636416163161, 1636416163434, 273, 1, 272, 0, 0, 0
1434, 1, 1636416163369, 1636416163641, 272, 0, 272, 0, 0, 0
1435, 1, 1636416163465, 1636416163733, 268, 1, 267, 0, 0, 0
1437, 1, 1636416163774, 1636416164050, 276, 0, 276, 0, 0, 0
1436, 1, 1636416163774, 1636416164050, 276, 0, 276, 0, 0, 0
1438, 1, 1636416163837, 1636416164105, 268, 1, 267, 1, 0, 1
1439, 1, 1636416164037, 1636416164305, 268, 0, 268, 0, 0, 0
1440, 1, 1636416164130, 1636416164401, 271, 0, 271, 0, 0, 0
1441, 1, 1636416164445, 1636416164714, 269, 1, 268, 0, 0, 0
1442, 1, 1636416164449, 1636416164714, 265, 1, 264, 1, 0, 1
1443, 1, 1636416164509, 1636416164774, 265, 1, 264, 1, 0, 1
1444, 1, 1636416164706, 1636416164982, 276, 0, 276, 0, 0, 0
1445, 1, 1636416164809, 1636416165082, 273, 1, 272, 0, 0, 0
1446, 1, 1636416165114, 1636416165390, 276, 0, 276, 0, 0, 0
1447, 1, 1636416165114, 1636416165390, 276, 0, 276, 0, 0, 0
1448, 1, 1636416165173, 1636416165441, 268, 1, 267, 0, 0, 0
1449, 1, 1636416165381, 1636416165650, 269, 0, 269, 0, 0, 0
1450, 1, 1636416165477, 1636416165749, 272, 0, 272, 0, 0, 0
1452, 1, 1636416165789, 1636416166061, 272, 1, 271, 0, 0, 0
1451, 1, 1636416165789, 1636416166061, 272, 1, 271, 0, 0, 0
1453, 1, 1636416165837, 1636416166109, 272, 1, 271, 0, 1, 1
1454, 1, 1636416166057, 1636416166334, 277, 0, 277, 0, 0, 0
1455, 1, 1636416166153, 1636416166417, 264, 1, 263, 0, 0, 0
1456, 1, 1636416166461, 1636416166737, 276, 1, 275, 0, 0, 0
1457, 1, 1636416166461, 1636416166737, 276, 1, 275, 0, 0, 0
1458, 1, 1636416166509, 1636416166778, 269, 1, 268, 0, 1, 1
1459, 1, 1636416166733, 1636416167010, 277, 1, 276, 1, 0, 1
1460, 1, 1636416166817, 1636416167089, 272, 1, 271, 0, 1, 1
1462, 1, 1636416167137, 1636416167409, 272, 1, 271, 0, 1, 1
1461, 1, 1636416167137, 1636416167410, 273, 1, 272, 0, 1, 1
1463, 1, 1636416167177, 1636416167445, 268, 0, 268, 0, 0, 0
1464, 1, 1636416167409, 1636416167678, 269, 1, 268, 1, 0, 1
1465, 1, 1636416167489, 1636416167762, 273, 1, 272, 0, 0, 0
1466, 1, 1636416167805, 1636416168074, 269, 1, 268, 0, 0, 0
1467, 1, 1636416167809, 1636416168078, 269, 0, 269, 0, 0, 0
1468, 1, 1636416167846, 1636416168121, 275, 0, 275, 0, 0, 0
1469, 1, 1636416168077, 1636416168345, 268, 1, 267, 0, 0, 0
1470, 1, 1636416168161, 1636416168429, 268, 1, 267, 0, 0, 0
1472, 1, 1636416168474, 1636416168746, 272, 0, 272, 0, 0, 0
1471, 1, 1636416168474, 1636416168746, 272, 0, 272, 0, 0, 0
1473, 1, 1636416168525, 1636416168789, 264, 1, 263, 1, 0, 1
1474, 1, 1636416168746, 1636416169010, 264, 0, 264, 0, 0, 0
1475, 1, 1636416168829, 1636416169097, 268, 1, 267, 0, 0, 0
1477, 1, 1636416169142, 1636416169418, 276, 0, 276, 0, 0, 0
1476, 1, 1636416169142, 1636416169418, 276, 0, 276, 0, 0, 0
1478, 1, 1636416169189, 1636416169453, 264, 0, 264, 0, 0, 0
1479, 1, 1636416169410, 1636416169674, 264, 0, 264, 0, 0, 0
1480, 1, 1636416169498, 1636416169766, 268, 0, 268, 0, 0, 0
1482, 1, 1636416169813, 1636416170085, 272, 0, 272, 0, 0, 0
1481, 1, 1636416169817, 1636416170085, 268, 0, 268, 0, 0, 0
1483, 1, 1636416169853, 1636416170121, 268, 0, 268, 0, 0, 0
1484, 1, 1636416170073, 1636416170342, 269, 1, 268, 0, 0, 0
1485, 1, 1636416170166, 1636416170434, 268, 0, 268, 0, 0, 0
1487, 1, 1636416170485, 1636416170750, 265, 1, 264, 1, 0, 1
1486, 1, 1636416170485, 1636416170753, 268, 1, 267, 1, 0, 1
1488, 1, 1636416170521, 1636416170793, 272, 1, 271, 0, 0, 0
1489, 1, 1636416170746, 1636416171017, 271, 0, 271, 0, 0, 0
1490, 1, 1636416170841, 1636416171105, 264, 1, 263, 0, 1, 1
1491, 1, 1636416171149, 1636416171414, 265, 1, 264, 0, 0, 0
1492, 1, 1636416171153, 1636416171426, 273, 1, 272, 1, 0, 1
1493, 1, 1636416171194, 1636416171461, 267, 0, 267, 0, 0, 0
1494, 1, 1636416171417, 1636416171685, 268, 1, 267, 0, 1, 1
1495, 1, 1636416171505, 1636416171773, 268, 1, 267, 1, 0, 1
1496, 1, 1636416171814, 1636416172082, 268, 0, 268, 0, 0, 0
1497, 1, 1636416171830, 1636416172106, 276, 0, 276, 0, 0, 0
1498, 1, 1636416171861, 1636416172133, 272, 1, 271, 1, 0, 1
1499, 1, 1636416172086, 1636416172358, 272, 0, 272, 0, 0, 0
1500, 1, 1636416172173, 1636416172442, 269, 1, 268, 0, 0, 0
1501, 1, 1636416172482, 1636416172750, 268, 0, 268, 0, 0, 0
1502, 1, 1636416172506, 1636416172778, 272, 0, 272, 0, 0, 0
1503, 1, 1636416172534, 1636416172801, 267, 0, 267, 0, 0, 0
1504, 1, 1636416172757, 1636416173022, 265, 1, 264, 1, 0, 1
1505, 1, 1636416172845, 1636416173110, 265, 1, 264, 1, 0, 1
1506, 1, 1636416173146, 1636416173417, 271, 0, 271, 0, 0, 0
1507, 1, 1636416173177, 1636416173446, 269, 1, 268, 0, 0, 0
1508, 1, 1636416173201, 1636416173470, 269, 0, 269, 0, 0, 0
1509, 1, 1636416173425, 1636416173689, 264, 1, 263, 0, 0, 0
1510, 1, 1636416173510, 1636416173777, 267, 0, 267, 0, 0, 0
1511, 1, 1636416173817, 1636416174094, 277, 1, 276, 0, 0, 0
1512, 1, 1636416173850, 1636416174122, 272, 0, 272, 0, 0, 0
1513, 1, 1636416173878, 1636416174149, 271, 0, 271, 0, 0, 0
1514, 1, 1636416174094, 1636416174361, 267, 0, 267, 0, 0, 0
1515, 1, 1636416174178, 1636416174449, 271, 0, 271, 0, 0, 0
1516, 1, 1636416174490, 1636416174758, 268, 0, 268, 0, 0, 0
1517, 1, 1636416174522, 1636416174790, 268, 0, 268, 0, 0, 0
1518, 1, 1636416174554, 1636416174826, 272, 0, 272, 0, 0, 0
1519, 1, 1636416174758, 1636416175026, 268, 0, 268, 0, 0, 0
1520, 1, 1636416174853, 1636416175122, 269, 1, 268, 0, 0, 0
1521, 1, 1636416175154, 1636416175421, 267, 0, 267, 0, 0, 0
1522, 1, 1636416175189, 1636416175461, 272, 1, 271, 0, 0, 0
1523, 1, 1636416175226, 1636416175498, 272, 0, 272, 0, 0, 0
1524, 1, 1636416175421, 1636416175686, 265, 1, 264, 1, 0, 1
1525, 1, 1636416175530, 1636416175801, 271, 0, 271, 0, 0, 0
1526, 1, 1636416175821, 1636416176089, 268, 1, 267, 0, 1, 1
1527, 1, 1636416175865, 1636416176134, 269, 1, 268, 0, 0, 0
1528, 1, 1636416175897, 1636416176170, 273, 1, 272, 0, 0, 0
1529, 1, 1636416176089, 1636416176353, 264, 1, 263, 0, 1, 1
1530, 1, 1636416176206, 1636416176474, 268, 0, 268, 0, 0, 0
1531, 1, 1636416176485, 1636416176754, 269, 1, 268, 0, 1, 1
1532, 1, 1636416176533, 1636416176805, 272, 1, 271, 0, 0, 0
1533, 1, 1636416176569, 1636416176842, 273, 1, 272, 0, 1, 1
1534, 1, 1636416176753, 1636416177021, 268, 1, 267, 0, 0, 0
1535, 1, 1636416176873, 1636416177142, 269, 1, 268, 1, 0, 1
1536, 1, 1636416177153, 1636416177422, 269, 1, 268, 1, 0, 1
1537, 1, 1636416177210, 1636416177473, 263, 0, 263, 0, 0, 0
1538, 1, 1636416177242, 1636416177510, 268, 0, 268, 0, 0, 0
1539, 1, 1636416177422, 1636416177689, 267, 0, 267, 0, 0, 0
1540, 1, 1636416177541, 1636416177814, 273, 1, 272, 1, 0, 1
1541, 1, 1636416177821, 1636416178089, 268, 1, 267, 1, 0, 1
1542, 1, 1636416177873, 1636416178137, 264, 1, 263, 1, 0, 1
1543, 1, 1636416177910, 1636416178177, 267, 0, 267, 0, 0, 0
1544, 1, 1636416178089, 1636416178357, 268, 0, 268, 0, 0, 0
1545, 1, 1636416178213, 1636416178486, 273, 1, 272, 0, 0, 0
1546, 1, 1636416178489, 1636416178761, 272, 0, 272, 0, 0, 0
1547, 1, 1636416178537, 1636416178801, 264, 0, 264, 0, 0, 0
1548, 1, 1636416178574, 1636416178841, 267, 0, 267, 0, 0, 0
1549, 1, 1636416178757, 1636416179025, 268, 1, 267, 0, 0, 0
1550, 1, 1636416178886, 1636416179158, 272, 0, 272, 0, 0, 0
1551, 1, 1636416179161, 1636416179425, 264, 0, 264, 0, 0, 0
1552, 1, 1636416179197, 1636416179465, 268, 0, 268, 0, 0, 0
1553, 1, 1636416179241, 1636416179513, 272, 0, 272, 0, 0, 0
1554, 1, 1636416179425, 1636416179689, 264, 1, 263, 1, 0, 1
1555, 1, 1636416179557, 1636416179833, 276, 1, 275, 0, 0, 0
1556, 1, 1636416179837, 1636416180106, 269, 1, 268, 0, 0, 0
1557, 1, 1636416179869, 1636416180133, 264, 1, 263, 0, 0, 0
1558, 1, 1636416179913, 1636416180178, 265, 1, 264, 0, 0, 0
1559, 1, 1636416180089, 1636416180362, 273, 1, 272, 0, 0, 0
1560, 1, 1636416180234, 1636416180510, 276, 0, 276, 0, 0, 0
1561, 1, 1636416180509, 1636416180778, 269, 1, 268, 0, 0, 0
1562, 1, 1636416180533, 1636416180801, 268, 0, 268, 0, 0, 0
1563, 1, 1636416180578, 1636416180846, 268, 0, 268, 0, 0, 0
1564, 1, 1636416180765, 1636416181034, 269, 1, 268, 1, 0, 1
1565, 1, 1636416180909, 1636416181178, 269, 1, 268, 0, 0, 0
1566, 1, 1636416181182, 1636416181453, 271, 0, 271, 0, 0, 0
1567, 1, 1636416181198, 1636416181469, 271, 0, 271, 0, 0, 0
1568, 1, 1636416181249, 1636416181522, 273, 1, 272, 1, 0, 1
1569, 1, 1636416181434, 1636416181706, 272, 0, 272, 0, 0, 0
1570, 1, 1636416181581, 1636416181854, 273, 1, 272, 0, 0, 0
1571, 1, 1636416181853, 1636416182121, 268, 1, 267, 0, 0, 0
1572, 1, 1636416181869, 1636416182141, 272, 0, 272, 0, 0, 0
1573, 1, 1636416181921, 1636416182189, 268, 1, 267, 0, 1, 1
1574, 1, 1636416182109, 1636416182374, 265, 0, 265, 0, 0, 0
1575, 1, 1636416182257, 1636416182530, 273, 1, 272, 1, 0, 1
1577, 1, 1636416182541, 1636416182806, 265, 1, 264, 0, 1, 1
1576, 1, 1636416182534, 1636416182806, 272, 0, 272, 0, 0, 0
1578, 1, 1636416182589, 1636416182853, 264, 1, 263, 0, 1, 1
1579, 1, 1636416182773, 1636416183046, 273, 1, 272, 0, 1, 1
1580, 1, 1636416182930, 1636416183198, 268, 0, 268, 0, 0, 0
1581, 1, 1636416183205, 1636416183474, 269, 1, 268, 0, 0, 0
1582, 1, 1636416183213, 1636416183485, 272, 1, 271, 0, 1, 1
1583, 1, 1636416183253, 1636416183521, 268, 1, 267, 0, 1, 1
1584, 1, 1636416183445, 1636416183717, 272, 1, 271, 0, 1, 1
1585, 1, 1636416183597, 1636416183870, 273, 1, 272, 1, 0, 1
1586, 1, 1636416183874, 1636416184141, 267, 0, 267, 0, 0, 0
1587, 1, 1636416183885, 1636416184153, 268, 1, 267, 1, 0, 1
1588, 1, 1636416183921, 1636416184193, 272, 1, 271, 0, 1, 1
1589, 1, 1636416184126, 1636416184394, 268, 0, 268, 0, 0, 0
1590, 1, 1636416184269, 1636416184537, 268, 1, 267, 1, 0, 1
1591, 1, 1636416184549, 1636416184817, 268, 1, 267, 1, 0, 1
1592, 1, 1636416184561, 1636416184829, 268, 1, 267, 1, 0, 1
1593, 1, 1636416184597, 1636416184861, 264, 1, 263, 1, 0, 1
1594, 1, 1636416184817, 1636416185085, 268, 1, 267, 1, 0, 1
1595, 1, 1636416184945, 1636416185217, 272, 1, 271, 0, 0, 0
1596, 1, 1636416185217, 1636416185482, 265, 0, 265, 0, 0, 0
1597, 1, 1636416185237, 1636416185510, 273, 0, 273, 0, 0, 0
1598, 1, 1636416185261, 1636416185533, 272, 1, 271, 0, 1, 1
1599, 1, 1636416185485, 1636416185757, 272, 1, 271, 1, 0, 1
1600, 1, 1636416185613, 1636416185882, 269, 1, 268, 0, 0, 0
1601, 1, 1636416185890, 1636416186154, 264, 0, 264, 0, 0, 0
1602, 1, 1636416185909, 1636416186182, 273, 1, 272, 0, 0, 0
1603, 1, 1636416185937, 1636416186205, 268, 1, 267, 0, 1, 1
1604, 1, 1636416186182, 1636416186450, 268, 1, 267, 0, 0, 0
1605, 1, 1636416186282, 1636416186554, 272, 0, 272, 0, 0, 0
1606, 1, 1636416186557, 1636416186825, 268, 1, 267, 0, 1, 1
1607, 1, 1636416186581, 1636416186850, 269, 1, 268, 0, 0, 0
1608, 1, 1636416186605, 1636416186882, 277, 1, 276, 0, 0, 0
1609, 1, 1636416186854, 1636416187122, 268, 0, 268, 0, 0, 0
1610, 1, 1636416186954, 1636416187226, 272, 0, 272, 0, 0, 0
1611, 1, 1636416187222, 1636416187494, 272, 0, 272, 0, 0, 0
1612, 1, 1636416187249, 1636416187526, 277, 1, 276, 0, 0, 0
1613, 1, 1636416187286, 1636416187557, 271, 0, 271, 0, 0, 0
1614, 1, 1636416187522, 1636416187790, 268, 0, 268, 0, 0, 0
1615, 1, 1636416187626, 1636416187902, 276, 0, 276, 0, 0, 0
1616, 1, 1636416187894, 1636416188166, 272, 0, 272, 0, 0, 0
1617, 1, 1636416187921, 1636416188189, 268, 1, 267, 0, 0, 0
1618, 1, 1636416187957, 1636416188230, 273, 1, 272, 0, 0, 0
1619, 1, 1636416188193, 1636416188457, 264, 1, 263, 0, 1, 1
1620, 1, 1636416188301, 1636416188578, 277, 0, 277, 0, 0, 0
1621, 1, 1636416188565, 1636416188834, 269, 1, 268, 0, 1, 1
1622, 1, 1636416188593, 1636416188861, 268, 1, 267, 0, 1, 1
1623, 1, 1636416188630, 1636416188898, 268, 0, 268, 0, 0, 0
1624, 1, 1636416188857, 1636416189122, 265, 1, 264, 0, 1, 1
1625, 1, 1636416188982, 1636416189257, 275, 0, 275, 0, 0, 0
1626, 1, 1636416189233, 1636416189506, 273, 1, 272, 0, 0, 0
1627, 1, 1636416189261, 1636416189529, 268, 1, 267, 0, 1, 1
1628, 1, 1636416189297, 1636416189570, 273, 1, 272, 0, 0, 0
1629, 1, 1636416189521, 1636416189789, 268, 1, 267, 0, 1, 1
1630, 1, 1636416189661, 1636416189930, 269, 1, 268, 0, 0, 0
1631, 1, 1636416189910, 1636416190182, 272, 0, 272, 0, 0, 0
1632, 1, 1636416189933, 1636416190201, 268, 1, 267, 1, 0, 1
1633, 1, 1636416189969, 1636416190242, 273, 1, 272, 0, 0, 0
1634, 1, 1636416190190, 1636416190458, 268, 0, 268, 0, 0, 0
1635, 1, 1636416190333, 1636416190597, 264, 0, 264, 0, 0, 0
1636, 1, 1636416190581, 1636416190854, 273, 1, 272, 0, 0, 0
1637, 1, 1636416190609, 1636416190874, 265, 1, 264, 0, 0, 0
1638, 1, 1636416190641, 1636416190909, 268, 1, 267, 0, 0, 0
1639, 1, 1636416190862, 1636416191133, 271, 0, 271, 0, 0, 0
1640, 1, 1636416191001, 1636416191270, 269, 1, 268, 0, 0, 0
1642, 1, 1636416191273, 1636416191546, 273, 1, 272, 0, 1, 1
1643, 1, 1636416191310, 1636416191581, 271, 0, 271, 0, 0, 0
1644, 1, 1636416191533, 1636416191801, 268, 0, 268, 0, 0, 0
1641, 1, 1636416191549, 1636416191817, 268, 1, 267, 1, 0, 1
1645, 1, 1636416191673, 1636416191941, 268, 0, 268, 0, 0, 0
1646, 1, 1636416191945, 1636416192209, 264, 0, 264, 0, 0, 0
1647, 1, 1636416191982, 1636416192253, 271, 0, 271, 0, 0, 0
1648, 1, 1636416192201, 1636416192474, 273, 0, 273, 0, 0, 0
1649, 1, 1636416192217, 1636416192490, 273, 1, 272, 0, 1, 1
1650, 1, 1636416192341, 1636416192609, 268, 1, 267, 0, 0, 0
1651, 1, 1636416192613, 1636416192878, 265, 1, 264, 0, 0, 0
1652, 1, 1636416192654, 1636416192929, 275, 0, 275, 0, 0, 0
1653, 1, 1636416192874, 1636416193142, 268, 0, 268, 0, 0, 0
1654, 1, 1636416192894, 1636416193162, 268, 0, 268, 0, 0, 0
1655, 1, 1636416193013, 1636416193285, 272, 1, 271, 0, 0, 0
1656, 1, 1636416193289, 1636416193553, 264, 0, 264, 0, 0, 0
1657, 1, 1636416193329, 1636416193594, 265, 1, 264, 0, 0, 0
1658, 1, 1636416193541, 1636416193814, 273, 0, 273, 0, 0, 0
1659, 1, 1636416193566, 1636416193834, 268, 0, 268, 0, 0, 0
1660, 1, 1636416193685, 1636416193957, 272, 1, 271, 0, 1, 1
1661, 1, 1636416193961, 1636416194233, 272, 0, 272, 0, 0, 0
1662, 1, 1636416193998, 1636416194269, 271, 0, 271, 0, 0, 0
1663, 1, 1636416194209, 1636416194482, 273, 0, 273, 0, 0, 0
1664, 1, 1636416194233, 1636416194501, 268, 1, 267, 0, 0, 0
1665, 1, 1636416194358, 1636416194634, 276, 0, 276, 0, 0, 0
1666, 1, 1636416194637, 1636416194906, 269, 1, 268, 0, 0, 0
1667, 1, 1636416194670, 1636416194941, 271, 0, 271, 0, 0, 0
1668, 1, 1636416194890, 1636416195162, 272, 0, 272, 0, 0, 0
1669, 1, 1636416194906, 1636416195169, 263, 0, 263, 0, 0, 0
1670, 1, 1636416195034, 1636416195297, 263, 0, 263, 0, 0, 0
1671, 1, 1636416195297, 1636416195566, 269, 1, 268, 1, 0, 1
1672, 1, 1636416195342, 1636416195609, 267, 0, 267, 0, 0, 0
1673, 1, 1636416195561, 1636416195834, 273, 1, 272, 0, 1, 1
1674, 1, 1636416195569, 1636416195837, 268, 1, 267, 0, 1, 1
1675, 1, 1636416195837, 1636416196110, 273, 1, 272, 1, 0, 1
1679, 1, 1636416196233, 1636416196501, 268, 1, 267, 0, 0, 0
1678, 1, 1636416196233, 1636416196506, 273, 1, 272, 0, 1, 1
1680, 1, 1636416196509, 1636416196777, 268, 1, 267, 0, 1, 1
1681, 1, 1636416196901, 1636416197174, 273, 1, 272, 0, 1, 1
1683, 1, 1636416197177, 1636416197450, 273, 0, 273, 0, 0, 0
1684, 1, 1636416197574, 1636416197846, 272, 0, 272, 0, 0, 0
1686, 1, 1636416198245, 1636416198521, 276, 0, 276, 0, 0, 0
1687, 1, 1636416198926, 1636416199198, 272, 0, 272, 0, 0, 0
1688, 1, 1636416199601, 1636416199874, 273, 1, 272, 0, 1, 1
1689, 1, 1636416200274, 1636416200546, 272, 0, 272, 0, 0, 0
1690, 1, 1636416200949, 1636416201222, 273, 1, 272, 0, 0, 0
1691, 1, 1636416201625, 1636416201898, 273, 1, 272, 0, 0, 0
1692, 1, 1636416202298, 1636416202570, 272, 0, 272, 0, 0, 0
1693, 1, 1636416202970, 1636416203242, 272, 0, 272, 0, 0, 0
1694, 1, 1636416203646, 1636416203918, 272, 0, 272, 0, 0, 0
1695, 1, 1636416204317, 1636416204594, 277, 1, 276, 0, 0, 0
1696, 1, 1636416204998, 1636416205270, 272, 0, 272, 0, 0, 0
1697, 1, 1636416205673, 1636416205946, 273, 1, 272, 0, 0, 0
1698, 1, 1636416206346, 1636416206622, 276, 0, 276, 0, 0, 0
1700, 1, 1636416206417, 1636416206686, 269, 1, 268, 0, 0, 0
1699, 1, 1636416206417, 1636416206694, 277, 1, 276, 1, 0, 1
1685, 1, 1636416206906, 1636416207173, 267, 0, 267, 0, 0, 0
1701, 1, 1636416207021, 1636416207294, 273, 1, 272, 0, 0, 0
1702, 1, 1636416207082, 1636416207353, 271, 0, 271, 0, 0, 0
1703, 1, 1636416207097, 1636416207366, 269, 1, 268, 0, 0, 0
1704, 1, 1636416207214, 1636416207486, 272, 0, 272, 0, 0, 0
1705, 1, 1636416207577, 1636416207845, 268, 1, 267, 0, 0, 0
1706, 1, 1636416207697, 1636416207970, 273, 1, 272, 0, 0, 0
1707, 1, 1636416207754, 1636416208025, 271, 0, 271, 0, 0, 0
1708, 1, 1636416207769, 1636416208042, 273, 1, 272, 1, 0, 1
1709, 1, 1636416207890, 1636416208158, 268, 0, 268, 0, 0, 0
1710, 1, 1636416208245, 1636416208514, 269, 1, 268, 0, 0, 0
1711, 1, 1636416208377, 1636416208649, 272, 1, 271, 0, 0, 0
1712, 1, 1636416208429, 1636416208701, 272, 1, 271, 0, 1, 1
1713, 1, 1636416208446, 1636416208710, 264, 0, 264, 0, 0, 0
1714, 1, 1636416208565, 1636416208834, 269, 1, 268, 1, 0, 1
1715, 1, 1636416208913, 1636416209182, 269, 1, 268, 0, 0, 0
1716, 1, 1636416209053, 1636416209326, 273, 1, 272, 0, 0, 0
1717, 1, 1636416209101, 1636416209370, 269, 0, 269, 0, 0, 0
1718, 1, 1636416209126, 1636416209398, 272, 0, 272, 0, 0, 0
1719, 1, 1636416209233, 1636416209502, 269, 1, 268, 1, 0, 1
1720, 1, 1636416209582, 1636416209849, 267, 0, 267, 0, 0, 0
1721, 1, 1636416209725, 1636416209998, 273, 1, 272, 0, 0, 0
1722, 1, 1636416209766, 1636416210033, 267, 0, 267, 0, 0, 0
1723, 1, 1636416209798, 1636416210070, 272, 0, 272, 0, 0, 0
1724, 1, 1636416209905, 1636416210178, 273, 1, 272, 1, 0, 1
1725, 1, 1636416210249, 1636416210517, 268, 0, 268, 0, 0, 0
1726, 1, 1636416210398, 1636416210674, 276, 0, 276, 0, 0, 0
1727, 1, 1636416210433, 1636416210701, 268, 1, 267, 0, 1, 1
1728, 1, 1636416210474, 1636416210738, 264, 0, 264, 0, 0, 0
1729, 1, 1636416210577, 1636416210854, 277, 1, 276, 0, 0, 0
1730, 1, 1636416210921, 1636416211194, 273, 1, 272, 0, 0, 0
1731, 1, 1636416211069, 1636416211341, 272, 1, 271, 1, 0, 1
1732, 1, 1636416211110, 1636416211382, 272, 0, 272, 0, 0, 0
1733, 1, 1636416211138, 1636416211410, 272, 0, 272, 0, 0, 0
1734, 1, 1636416211253, 1636416211526, 273, 1, 272, 1, 0, 1
1735, 1, 1636416211593, 1636416211862, 269, 1, 268, 0, 0, 0
1736, 1, 1636416211781, 1636416212050, 269, 1, 268, 1, 0, 1
1737, 1, 1636416211866, 1636416212138, 272, 0, 272, 0, 0, 0
1738, 1, 1636416211925, 1636416212197, 272, 1, 271, 0, 0, 0
1739, 1, 1636416212261, 1636416212534, 273, 0, 273, 0, 0, 0
1740, 1, 1636416212453, 1636416212726, 273, 1, 272, 1, 0, 1
1741, 1, 1636416212537, 1636416212810, 273, 1, 272, 0, 0, 0
1742, 1, 1636416212729, 1636416212998, 269, 1, 268, 0, 0, 0
1743, 1, 1636416213001, 1636416213265, 264, 1, 263, 0, 0, 0
1744, 1, 1636416213126, 1636416213398, 272, 0, 272, 0, 0, 0
1745, 1, 1636416213210, 1636416213482, 272, 0, 272, 0, 0, 0
1746, 1, 1636416213398, 1636416213669, 271, 0, 271, 0, 0, 0
1747, 1, 1636416213677, 1636416213950, 273, 0, 273, 0, 0, 0
1748, 1, 1636416213798, 1636416214066, 268, 0, 268, 0, 0, 0
1749, 1, 1636416213886, 1636416214158, 272, 0, 272, 0, 0, 0
1750, 1, 1636416214069, 1636416214342, 273, 1, 272, 0, 0, 0
1751, 1, 1636416214362, 1636416214630, 268, 0, 268, 0, 0, 0
1752, 1, 1636416214466, 1636416214734, 268, 0, 268, 0, 0, 0
1753, 1, 1636416214561, 1636416214826, 265, 1, 264, 0, 0, 0
1754, 1, 1636416214745, 1636416215014, 269, 1, 268, 0, 1, 1
1755, 1, 1636416215030, 1636416215301, 271, 0, 271, 0, 0, 0
1756, 1, 1636416215134, 1636416215406, 272, 0, 272, 0, 0, 0
1757, 1, 1636416215226, 1636416215494, 268, 0, 268, 0, 0, 0
1758, 1, 1636416215417, 1636416215689, 272, 1, 271, 1, 0, 1
1759, 1, 1636416215702, 1636416215973, 271, 0, 271, 0, 0, 0
1760, 1, 1636416215806, 1636416216073, 267, 0, 267, 0, 0, 0
1761, 1, 1636416215894, 1636416216166, 272, 0, 272, 0, 0, 0
1762, 1, 1636416216090, 1636416216362, 272, 0, 272, 0, 0, 0
1763, 1, 1636416216373, 1636416216641, 268, 1, 267, 0, 1, 1
1764, 1, 1636416216478, 1636416216750, 272, 0, 272, 0, 0, 0
1765, 1, 1636416216569, 1636416216838, 269, 1, 268, 0, 0, 0
1766, 1, 1636416216761, 1636416217034, 273, 1, 272, 0, 0, 0
1767, 1, 1636416217041, 1636416217314, 273, 1, 272, 0, 0, 0
1768, 1, 1636416217150, 1636416217426, 276, 0, 276, 0, 0, 0
1769, 1, 1636416217238, 1636416217510, 272, 0, 272, 0, 0, 0
1770, 1, 1636416217434, 1636416217706, 272, 0, 272, 0, 0, 0
1771, 1, 1636416217709, 1636416217978, 269, 1, 268, 1, 0, 1
1772, 1, 1636416217825, 1636416218090, 265, 1, 264, 1, 0, 1
1773, 1, 1636416217909, 1636416218181, 272, 1, 271, 0, 0, 0
1774, 1, 1636416218110, 1636416218381, 271, 0, 271, 0, 0, 0
1775, 1, 1636416218381, 1636416218650, 269, 1, 268, 1, 0, 1
1776, 1, 1636416218489, 1636416218762, 273, 1, 272, 0, 1, 1
1777, 1, 1636416218582, 1636416218854, 272, 0, 272, 0, 0, 0
1778, 1, 1636416218781, 1636416219054, 273, 1, 272, 0, 1, 1
1779, 1, 1636416219058, 1636416219333, 275, 0, 275, 0, 0, 0
1780, 1, 1636416219162, 1636416219430, 268, 0, 268, 0, 0, 0
1781, 1, 1636416219254, 1636416219522, 268, 0, 268, 0, 0, 0
1782, 1, 1636416219453, 1636416219721, 268, 1, 267, 0, 0, 0
1783, 1, 1636416219738, 1636416220009, 271, 0, 271, 0, 0, 0
1784, 1, 1636416219829, 1636416220101, 272, 0, 272, 0, 0, 0
1785, 1, 1636416219925, 1636416220190, 265, 0, 265, 0, 0, 0
1786, 1, 1636416220130, 1636416220397, 267, 0, 267, 0, 0, 0
1787, 1, 1636416220406, 1636416220673, 267, 0, 267, 0, 0, 0
1788, 1, 1636416220506, 1636416220774, 268, 0, 268, 0, 0, 0
1789, 1, 1636416220589, 1636416220858, 269, 0, 269, 0, 0, 0
1790, 1, 1636416220797, 1636416221066, 269, 1, 268, 0, 0, 0
1791, 1, 1636416221074, 1636416221342, 268, 0, 268, 0, 0, 0
1792, 1, 1636416221174, 1636416221438, 264, 0, 264, 0, 0, 0
1793, 1, 1636416221258, 1636416221530, 272, 0, 272, 0, 0, 0
1794, 1, 1636416221466, 1636416221738, 272, 0, 272, 0, 0, 0
1795, 1, 1636416221746, 1636416222014, 268, 0, 268, 0, 0, 0
1796, 1, 1636416221842, 1636416222106, 264, 0, 264, 0, 0, 0
1797, 1, 1636416222137, 1636416222410, 273, 1, 272, 0, 1, 1
1798, 1, 1636416222417, 1636416222686, 269, 0, 269, 0, 0, 0
1799, 1, 1636416222506, 1636416222774, 268, 0, 268, 0, 0, 0
1800, 1, 1636416223174, 1636416223446, 272, 0, 272, 0, 0, 0
1801, 1, 1636416476438, 1636416476710, 272, 0, 272, 0, 0, 0
1802, 1, 1636416477086, 1636416477362, 276, 0, 276, 0, 0, 0
1803, 1, 1636416477425, 1636416477697, 272, 1, 271, 0, 0, 0
1804, 1, 1636416477538, 1636416477810, 272, 0, 272, 0, 0, 0
1805, 1, 1636416478081, 1636416478354, 273, 1, 272, 0, 0, 0
1806, 1, 1636416478229, 1636416478501, 272, 1, 271, 0, 0, 0
1807, 1, 1636416478413, 1636416478682, 269, 1, 268, 0, 0, 0
1808, 1, 1636416478534, 1636416478810, 276, 0, 276, 0, 0, 0
1809, 1, 1636416478826, 1636416479094, 268, 0, 268, 0, 0, 0
1810, 1, 1636416479066, 1636416479338, 272, 0, 272, 0, 0, 0
1811, 1, 1636416479226, 1636416479493, 267, 0, 267, 0, 0, 0
1812, 1, 1636416479414, 1636416479686, 272, 0, 272, 0, 0, 0
1813, 1, 1636416479513, 1636416479778, 265, 1, 264, 0, 0, 0
1814, 1, 1636416479814, 1636416480086, 272, 0, 272, 0, 0, 0
1815, 1, 1636416480074, 1636416480341, 267, 0, 267, 0, 0, 0
1816, 1, 1636416480214, 1636416480485, 271, 0, 271, 0, 0, 0
1817, 1, 1636416480438, 1636416480706, 268, 0, 268, 0, 0, 0
1818, 1, 1636416480517, 1636416480789, 272, 1, 271, 0, 1, 1
1819, 1, 1636416480797, 1636416481066, 269, 1, 268, 0, 1, 1
1820, 1, 1636416481098, 1636416481370, 272, 0, 272, 0, 0, 0
1821, 1, 1636416481242, 1636416481517, 275, 0, 275, 0, 0, 0
1822, 1, 1636416481417, 1636416481686, 269, 1, 268, 1, 0, 1
1823, 1, 1636416481686, 1636416481958, 272, 0, 272, 0, 0, 0
1824, 1, 1636416481805, 1636416482074, 269, 1, 268, 0, 1, 1
1825, 1, 1636416482074, 1636416482338, 264, 0, 264, 0, 0, 0
1826, 1, 1636416482341, 1636416482614, 273, 1, 272, 0, 1, 1
1827, 1, 1636416482426, 1636416482697, 271, 0, 271, 0, 0, 0
1828, 1, 1636416482614, 1636416482881, 267, 0, 267, 0, 0, 0
1829, 1, 1636416482885, 1636416483162, 277, 0, 277, 0, 0, 0
1830, 1, 1636416483090, 1636416483366, 276, 0, 276, 0, 0, 0
1831, 1, 1636416483273, 1636416483537, 264, 1, 263, 0, 1, 1
1832, 1, 1636416483450, 1636416483714, 264, 0, 264, 0, 0, 0
1833, 1, 1636416483534, 1636416483801, 267, 0, 267, 0, 0, 0
1834, 1, 1636416483821, 1636416484089, 268, 1, 267, 1, 0, 1
1835, 1, 1636416484097, 1636416484369, 272, 1, 271, 0, 0, 0
1836, 1, 1636416484277, 1636416484546, 269, 1, 268, 0, 0, 0
1837, 1, 1636416484481, 1636416484754, 273, 1, 272, 1, 0, 1
1838, 1, 1636416484533, 1636416484801, 268, 1, 267, 0, 1, 1
1839, 1, 1636416484826, 1636416485098, 272, 0, 272, 0, 0, 0
1840, 1, 1636416485117, 1636416485393, 276, 0, 276, 0, 0, 0
1841, 1, 1636416485286, 1636416485558, 272, 0, 272, 0, 0, 0
1842, 1, 1636416485514, 1636416485785, 271, 0, 271, 0, 0, 0
1843, 1, 1636416485573, 1636416485842, 269, 0, 269, 0, 0, 0
1844, 1, 1636416485853, 1636416486122, 269, 1, 268, 1, 0, 1
1845, 1, 1636416486150, 1636416486422, 272, 0, 272, 0, 0, 0
1846, 1, 1636416486301, 1636416486565, 264, 1, 263, 0, 0, 0
1847, 1, 1636416486481, 1636416486754, 273, 0, 273, 0, 0, 0
1848, 1, 1636416486573, 1636416486846, 273, 1, 272, 0, 1, 1
1849, 1, 1636416486881, 1636416487154, 273, 1, 272, 0, 0, 0
1850, 1, 1636416487121, 1636416487394, 273, 1, 272, 0, 0, 0
1851, 1, 1636416487314, 1636416487586, 272, 0, 272, 0, 0, 0
1852, 1, 1636416487474, 1636416487749, 275, 0, 275, 0, 0, 0
1853, 1, 1636416487549, 1636416487817, 268, 1, 267, 0, 0, 0
1854, 1, 1636416487881, 1636416488153, 272, 1, 271, 0, 0, 0
1855, 1, 1636416488090, 1636416488358, 268, 0, 268, 0, 0, 0
1856, 1, 1636416488278, 1636416488554, 276, 0, 276, 0, 0, 0
1858, 1, 1636416488514, 1636416488786, 272, 0, 272, 0, 0, 0
1857, 1, 1636416488554, 1636416488826, 272, 1, 271, 0, 1, 1
1859, 1, 1636416488853, 1636416489125, 272, 1, 271, 0, 0, 0
1860, 1, 1636416489130, 1636416489410, 280, 0, 280, 0, 0, 0
1861, 1, 1636416489250, 1636416489521, 271, 0, 271, 0, 0, 0
1862, 1, 1636416489474, 1636416489742, 268, 0, 268, 0, 0, 0
1863, 1, 1636416489478, 1636416489750, 272, 0, 272, 0, 0, 0
1864, 1, 1636416489821, 1636416490094, 273, 1, 272, 0, 0, 0
1865, 1, 1636416490058, 1636416490329, 271, 0, 271, 0, 0, 0
1866, 1, 1636416490214, 1636416490486, 272, 0, 272, 0, 0, 0
1867, 1, 1636416490441, 1636416490714, 273, 1, 272, 0, 0, 0
1868, 1, 1636416490489, 1636416490758, 269, 1, 268, 0, 0, 0
1869, 1, 1636416490790, 1636416491062, 272, 0, 272, 0, 0, 0
1870, 1, 1636416491033, 1636416491298, 265, 1, 264, 1, 0, 1
1871, 1, 1636416491214, 1636416491486, 272, 0, 272, 0, 0, 0
1872, 1, 1636416491449, 1636416491721, 272, 1, 271, 1, 0, 1
1873, 1, 1636416491458, 1636416491730, 272, 0, 272, 0, 0, 0
1874, 1, 1636416491797, 1636416492066, 269, 1, 268, 0, 0, 0
1875, 1, 1636416492041, 1636416492313, 272, 1, 271, 0, 0, 0
1876, 1, 1636416492181, 1636416492453, 272, 1, 271, 1, 0, 1
1877, 1, 1636416492446, 1636416492718, 272, 0, 272, 0, 0, 0
1878, 1, 1636416492465, 1636416492737, 272, 1, 271, 0, 0, 0
1879, 1, 1636416492765, 1636416493037, 272, 1, 271, 0, 0, 0
1880, 1, 1636416493033, 1636416493301, 268, 1, 267, 1, 0, 1
1881, 1, 1636416493190, 1636416493462, 272, 0, 272, 0, 0, 0
1882, 1, 1636416493434, 1636416493706, 272, 0, 272, 0, 0, 0
1883, 1, 1636416493461, 1636416493733, 272, 1, 271, 0, 0, 0
1884, 1, 1636416493801, 1636416494073, 272, 1, 271, 1, 0, 1
1885, 1, 1636416494026, 1636416494298, 272, 0, 272, 0, 0, 0
1886, 1, 1636416494186, 1636416494458, 272, 0, 272, 0, 0, 0
1887, 1, 1636416494442, 1636416494718, 276, 0, 276, 0, 0, 0
1888, 1, 1636416494474, 1636416494749, 275, 0, 275, 0, 0, 0
1889, 1, 1636416494793, 1636416495062, 269, 1, 268, 0, 0, 0
1890, 1, 1636416495030, 1636416495294, 264, 0, 264, 0, 0, 0
1891, 1, 1636416495166, 1636416495438, 272, 0, 272, 0, 0, 0
1892, 1, 1636416495441, 1636416495709, 268, 1, 267, 0, 0, 0
1893, 1, 1636416495478, 1636416495750, 272, 0, 272, 0, 0, 0
1894, 1, 1636416495786, 1636416496061, 275, 0, 275, 0, 0, 0
1895, 1, 1636416496061, 1636416496333, 272, 0, 272, 0, 0, 0
1896, 1, 1636416496197, 1636416496470, 273, 1, 272, 0, 0, 0
1897, 1, 1636416496466, 1636416496741, 275, 0, 275, 0, 0, 0
1898, 1, 1636416496481, 1636416496745, 264, 1, 263, 0, 0, 0
1899, 1, 1636416496786, 1636416497058, 272, 0, 272, 0, 0, 0
1900, 1, 1636416497026, 1636416497294, 268, 0, 268, 0, 0, 0
1901, 1, 1636416497205, 1636416497481, 276, 1, 275, 0, 0, 0
1902, 1, 1636416497433, 1636416497706, 273, 1, 272, 0, 0, 0
1903, 1, 1636416497466, 1636416497733, 267, 0, 267, 0, 0, 0
1904, 1, 1636416497821, 1636416498094, 273, 0, 273, 0, 0, 0
1905, 1, 1636416497994, 1636416498266, 272, 0, 272, 0, 0, 0
1906, 1, 1636416498174, 1636416498442, 268, 0, 268, 0, 0, 0
1907, 1, 1636416498401, 1636416498674, 273, 1, 272, 0, 0, 0
1908, 1, 1636416498434, 1636416498701, 267, 0, 267, 0, 0, 0
1909, 1, 1636416498786, 1636416499054, 268, 0, 268, 0, 0, 0
1910, 1, 1636416498962, 1636416499229, 267, 0, 267, 0, 0, 0
1911, 1, 1636416499141, 1636416499409, 268, 1, 267, 0, 0, 0
1912, 1, 1636416499401, 1636416499673, 272, 1, 271, 1, 0, 1
1913, 1, 1636416499401, 1636416499673, 272, 1, 271, 1, 0, 1
1914, 1, 1636416499758, 1636416500029, 271, 0, 271, 0, 0, 0
1915, 1, 1636416499962, 1636416500234, 272, 0, 272, 0, 0, 0
1916, 1, 1636416500110, 1636416500377, 267, 0, 267, 0, 0, 0
1917, 1, 1636416500401, 1636416500670, 269, 1, 268, 1, 0, 1
1918, 1, 1636416500413, 1636416500682, 269, 1, 268, 0, 1, 1
1919, 1, 1636416500742, 1636416501010, 268, 0, 268, 0, 0, 0
1920, 1, 1636416500973, 1636416501246, 273, 1, 272, 0, 0, 0
1921, 1, 1636416501109, 1636416501382, 273, 1, 272, 0, 1, 1
1922, 1, 1636416501418, 1636416501685, 267, 0, 267, 0, 0, 0
1923, 1, 1636416501434, 1636416501714, 280, 0, 280, 0, 0, 0
1924, 1, 1636416501741, 1636416502014, 273, 0, 273, 0, 0, 0
1925, 1, 1636416501993, 1636416502265, 272, 1, 271, 0, 1, 1
1926, 1, 1636416502117, 1636416502389, 272, 1, 271, 0, 0, 0
1927, 1, 1636416502417, 1636416502689, 272, 1, 271, 0, 0, 0
1928, 1, 1636416502434, 1636416502697, 263, 0, 263, 0, 0, 0
1929, 1, 1636416502758, 1636416503030, 272, 0, 272, 0, 0, 0
1930, 1, 1636416502961, 1636416503230, 269, 1, 268, 1, 0, 1
1931, 1, 1636416503130, 1636416503397, 267, 0, 267, 0, 0, 0
1932, 1, 1636416503394, 1636416503662, 268, 0, 268, 0, 0, 0
1933, 1, 1636416503397, 1636416503665, 268, 0, 268, 0, 0, 0
1934, 1, 1636416503769, 1636416504042, 273, 1, 272, 1, 0, 1
1935, 1, 1636416503937, 1636416504210, 273, 1, 272, 0, 0, 0
1936, 1, 1636416504102, 1636416504374, 272, 0, 272, 0, 0, 0
1937, 1, 1636416504374, 1636416504645, 271, 0, 271, 0, 0, 0
1938, 1, 1636416504409, 1636416504673, 264, 1, 263, 1, 0, 1
1939, 1, 1636416504742, 1636416505010, 268, 0, 268, 0, 0, 0
1940, 1, 1636416504945, 1636416505217, 272, 1, 271, 1, 0, 1
1941, 1, 1636416505074, 1636416505346, 272, 0, 272, 0, 0, 0
1942, 1, 1636416505389, 1636416505661, 272, 1, 271, 0, 0, 0
1943, 1, 1636416505421, 1636416505694, 273, 1, 272, 0, 0, 0
1944, 1, 1636416505717, 1636416505990, 273, 1, 272, 1, 0, 1
1945, 1, 1636416505953, 1636416506221, 268, 1, 267, 0, 1, 1
1946, 1, 1636416506089, 1636416506366, 277, 1, 276, 0, 1, 1
1948, 1, 1636416506401, 1636416506674, 273, 1, 272, 0, 0, 0
1947, 1, 1636416506398, 1636416506674, 276, 0, 276, 0, 0, 0
1949, 1, 1636416506721, 1636416506989, 268, 1, 267, 0, 1, 1
1950, 1, 1636416506938, 1636416507206, 268, 0, 268, 0, 0, 0
1951, 1, 1636416507117, 1636416507394, 277, 1, 276, 0, 1, 1
1953, 1, 1636416507394, 1636416507662, 268, 0, 268, 0, 0, 0
1952, 1, 1636416507390, 1636416507662, 272, 0, 272, 0, 0, 0
1954, 1, 1636416507729, 1636416507998, 269, 0, 269, 0, 0, 0
1955, 1, 1636416507910, 1636416508178, 268, 0, 268, 0, 0, 0
1956, 1, 1636416508097, 1636416508366, 269, 1, 268, 0, 0, 0
1957, 1, 1636416508362, 1636416508634, 272, 0, 272, 0, 0, 0
1958, 1, 1636416508378, 1636416508649, 271, 0, 271, 0, 0, 0
1959, 1, 1636416508713, 1636416508985, 272, 1, 271, 0, 0, 0
1960, 1, 1636416508878, 1636416509150, 272, 0, 272, 0, 0, 0
1961, 1, 1636416509066, 1636416509334, 268, 0, 268, 0, 0, 0
1962, 1, 1636416509346, 1636416509618, 272, 0, 272, 0, 0, 0
1963, 1, 1636416509366, 1636416509641, 275, 0, 275, 0, 0, 0
1964, 1, 1636416509705, 1636416509974, 269, 1, 268, 0, 0, 0
1965, 1, 1636416509882, 1636416510154, 272, 0, 272, 0, 0, 0
1966, 1, 1636416510034, 1636416510305, 271, 0, 271, 0, 0, 0
1967, 1, 1636416510337, 1636416510610, 273, 1, 272, 1, 0, 1
1968, 1, 1636416510349, 1636416510613, 264, 1, 263, 1, 0, 1
1969, 1, 1636416510673, 1636416510942, 269, 1, 268, 0, 1, 1
1970, 1, 1636416510850, 1636416511122, 272, 0, 272, 0, 0, 0
1971, 1, 1636416511034, 1636416511297, 263, 0, 263, 0, 0, 0
1972, 1, 1636416511321, 1636416511598, 277, 1, 276, 0, 0, 0
1973, 1, 1636416511341, 1636416511614, 273, 1, 272, 0, 0, 0
1974, 1, 1636416511677, 1636416511950, 273, 1, 272, 0, 0, 0
1975, 1, 1636416511889, 1636416512162, 273, 1, 272, 1, 0, 1
1976, 1, 1636416512006, 1636416512277, 271, 0, 271, 0, 0, 0
1977, 1, 1636416512317, 1636416512590, 273, 1, 272, 1, 0, 1
1978, 1, 1636416512329, 1636416512605, 276, 1, 275, 0, 0, 0
1979, 1, 1636416512650, 1636416512917, 267, 0, 267, 0, 0, 0
1980, 1, 1636416512857, 1636416513133, 276, 1, 275, 0, 0, 0
1981, 1, 1636416513013, 1636416513285, 272, 1, 271, 0, 0, 0
1982, 1, 1636416513301, 1636416513574, 273, 0, 273, 0, 0, 0
1983, 1, 1636416513317, 1636416513586, 269, 0, 269, 0, 0, 0
1984, 1, 1636416513677, 1636416513949, 272, 1, 271, 0, 0, 0
1985, 1, 1636416513857, 1636416514130, 273, 1, 272, 1, 0, 1
1986, 1, 1636416513990, 1636416514253, 263, 0, 263, 0, 0, 0
1987, 1, 1636416514297, 1636416514565, 268, 1, 267, 0, 0, 0
1988, 1, 1636416514321, 1636416514598, 277, 1, 276, 0, 0, 0
1989, 1, 1636416514669, 1636416514937, 268, 1, 267, 0, 0, 0
1990, 1, 1636416514858, 1636416515126, 268, 0, 268, 0, 0, 0
1991, 1, 1636416514982, 1636416515246, 264, 0, 264, 0, 0, 0
1992, 1, 1636416515301, 1636416515573, 272, 1, 271, 0, 1, 1
1993, 1, 1636416515342, 1636416515614, 272, 0, 272, 0, 0, 0
1994, 1, 1636416515665, 1636416515934, 269, 1, 268, 0, 0, 0
1995, 1, 1636416515869, 1636416516141, 272, 1, 271, 0, 0, 0
1996, 1, 1636416515981, 1636416516254, 273, 1, 272, 0, 1, 1
1997, 1, 1636416516310, 1636416516574, 264, 0, 264, 0, 0, 0
1998, 1, 1636416516357, 1636416516625, 268, 1, 267, 0, 0, 0
1999, 1, 1636416516665, 1636416516941, 276, 1, 275, 1, 0, 1
2000, 1, 1636416516886, 1636416517158, 272, 0, 272, 0, 0, 0
2001, 1, 1636416516998, 1636416517266, 268, 0, 268, 0, 0, 0
2002, 1, 1636416517326, 1636416517598, 272, 0, 272, 0, 0, 0
2003, 1, 1636416517334, 1636416517601, 267, 0, 267, 0, 0, 0
2004, 1, 1636416517674, 1636416517942, 268, 0, 268, 0, 0, 0
2005, 1, 1636416517853, 1636416518126, 273, 1, 272, 0, 1, 1
2006, 1, 1636416518010, 1636416518277, 267, 0, 267, 0, 0, 0
2007, 1, 1636416518293, 1636416518566, 273, 1, 272, 0, 1, 1
2008, 1, 1636416518301, 1636416518574, 273, 0, 273, 0, 0, 0
2009, 1, 1636416518694, 1636416518958, 264, 0, 264, 0, 0, 0
2010, 1, 1636416518833, 1636416519102, 269, 1, 268, 0, 0, 0
2011, 1, 1636416518977, 1636416519250, 273, 1, 272, 0, 0, 0
2012, 1, 1636416519281, 1636416519549, 268, 1, 267, 0, 0, 0
2013, 1, 1636416519317, 1636416519590, 273, 1, 272, 0, 0, 0
2014, 1, 1636416519661, 1636416519930, 269, 0, 269, 0, 0, 0
2015, 1, 1636416519842, 1636416520110, 268, 0, 268, 0, 0, 0
2016, 1, 1636416519958, 1636416520222, 264, 0, 264, 0, 0, 0
2017, 1, 1636416520278, 1636416520550, 272, 0, 272, 0, 0, 0
2018, 1, 1636416520325, 1636416520597, 272, 1, 271, 0, 1, 1
2019, 1, 1636416520641, 1636416520910, 269, 1, 268, 0, 0, 0
2020, 1, 1636416520878, 1636416521150, 272, 0, 272, 0, 0, 0
2021, 1, 1636416520970, 1636416521242, 272, 0, 272, 0, 0, 0
2022, 1, 1636416521305, 1636416521574, 269, 1, 268, 0, 0, 0
2023, 1, 1636416521310, 1636416521574, 264, 0, 264, 0, 0, 0
2024, 1, 1636416521653, 1636416521922, 269, 1, 268, 1, 0, 1
2025, 1, 1636416521858, 1636416522130, 272, 0, 272, 0, 0, 0
2026, 1, 1636416522001, 1636416522270, 269, 1, 268, 0, 0, 0
2027, 1, 1636416522290, 1636416522557, 267, 0, 267, 0, 0, 0
2028, 1, 1636416522337, 1636416522610, 273, 1, 272, 0, 0, 0
2029, 1, 1636416522685, 1636416522958, 273, 1, 272, 0, 0, 0
2030, 1, 1636416522889, 1636416523162, 273, 1, 272, 0, 0, 0
2031, 1, 1636416522981, 1636416523249, 268, 1, 267, 0, 0, 0
2032, 1, 1636416523330, 1636416523606, 276, 0, 276, 0, 0, 0
2033, 1, 1636416523350, 1636416523621, 271, 0, 271, 0, 0, 0
2034, 1, 1636416523666, 1636416523941, 275, 0, 275, 0, 0, 0
2035, 1, 1636416523901, 1636416524174, 273, 1, 272, 0, 0, 0
2036, 1, 1636416524013, 1636416524285, 272, 1, 271, 0, 0, 0
2037, 1, 1636416524325, 1636416524594, 269, 1, 268, 1, 0, 1
2038, 1, 1636416524345, 1636416524617, 272, 1, 271, 0, 0, 0
2039, 1, 1636416524682, 1636416524950, 268, 0, 268, 0, 0, 0
2040, 1, 1636416524898, 1636416525169, 271, 0, 271, 0, 0, 0
2041, 1, 1636416525025, 1636416525305, 280, 1, 279, 0, 1, 1
2042, 1, 1636416525325, 1636416525598, 273, 1, 272, 0, 0, 0
2043, 1, 1636416525333, 1636416525601, 268, 1, 267, 1, 0, 1
2044, 1, 1636416525693, 1636416525966, 273, 1, 272, 0, 1, 1
2045, 1, 1636416525877, 1636416526154, 277, 1, 276, 1, 0, 1
2046, 1, 1636416526025, 1636416526298, 273, 1, 272, 1, 0, 1
2047, 1, 1636416526298, 1636416526566, 268, 0, 268, 0, 0, 0
2048, 1, 1636416526362, 1636416526630, 268, 0, 268, 0, 0, 0
2049, 1, 1636416526689, 1636416526958, 269, 1, 268, 1, 0, 1
2050, 1, 1636416526914, 1636416527190, 276, 0, 276, 0, 0, 0
2051, 1, 1636416527005, 1636416527274, 269, 1, 268, 1, 0, 1
2052, 1, 1636416527289, 1636416527562, 273, 1, 272, 0, 0, 0
2053, 1, 1636416527566, 1636416527829, 263, 0, 263, 0, 0, 0
2054, 1, 1636416527669, 1636416527942, 273, 0, 273, 0, 0, 0
2055, 1, 1636416527942, 1636416528210, 268, 0, 268, 0, 0, 0
2056, 1, 1636416528210, 1636416528478, 268, 0, 268, 0, 0, 0
2058, 1, 1636416528402, 1636416528673, 271, 0, 271, 0, 0, 0
2057, 1, 1636416528482, 1636416528753, 271, 0, 271, 0, 0, 0
2059, 1, 1636416528757, 1636416529030, 273, 1, 272, 0, 0, 0
2060, 1, 1636416528966, 1636416529238, 272, 0, 272, 0, 0, 0
2061, 1, 1636416529034, 1636416529306, 272, 0, 272, 0, 0, 0
2062, 1, 1636416529338, 1636416529617, 279, 0, 279, 0, 0, 0
2063, 1, 1636416529370, 1636416529642, 272, 0, 272, 0, 0, 0
2064, 1, 1636416529682, 1636416529954, 272, 0, 272, 0, 0, 0
2065, 1, 1636416529937, 1636416530210, 273, 1, 272, 0, 0, 0
2066, 1, 1636416530030, 1636416530298, 268, 0, 268, 0, 0, 0
2067, 1, 1636416530309, 1636416530581, 272, 1, 271, 0, 0, 0
2068, 1, 1636416530401, 1636416530673, 272, 1, 271, 0, 0, 0
2069, 1, 1636416530714, 1636416530985, 271, 0, 271, 0, 0, 0
2070, 1, 1636416530962, 1636416531234, 272, 0, 272, 0, 0, 0
2071, 1, 1636416531014, 1636416531285, 271, 0, 271, 0, 0, 0
2072, 1, 1636416531333, 1636416531606, 273, 1, 272, 0, 0, 0
2073, 1, 1636416531393, 1636416531665, 272, 1, 271, 1, 0, 1
2074, 1, 1636416531697, 1636416531969, 272, 0, 272, 0, 0, 0
2075, 1, 1636416532001, 1636416532273, 272, 1, 271, 0, 0, 0
2076, 1, 1636416532034, 1636416532301, 267, 0, 267, 0, 0, 0
2077, 1, 1636416532369, 1636416532646, 277, 1, 276, 0, 1, 1
2078, 1, 1636416532421, 1636416532693, 272, 1, 271, 1, 0, 1
2079, 1, 1636416532721, 1636416532994, 273, 1, 272, 0, 0, 0
2080, 1, 1636416533017, 1636416533290, 273, 1, 272, 0, 1, 1
2081, 1, 1636416533069, 1636416533337, 268, 1, 267, 0, 0, 0
2084, 1, 1636416533722, 1636416533993, 271, 0, 271, 0, 0, 0
2088, 1, 1636416543701, 1636416543974, 273, 1, 272, 1, 0, 1
2091, 1, 1636416544397, 1636416544674, 277, 1, 276, 0, 0, 0
2093, 1, 1636416545046, 1636416545318, 272, 0, 272, 0, 0, 0
2096, 1, 1636416554013, 1636416554281, 268, 1, 267, 0, 1, 1
2097, 1, 1636416554701, 1636416554969, 268, 1, 267, 1, 0, 1
2099, 1, 1636416554922, 1636416555193, 271, 0, 271, 0, 0, 0
2098, 1, 1636416554973, 1636416555238, 265, 1, 264, 0, 1, 1
2095, 1, 1636416555301, 1636416555573, 272, 1, 271, 0, 0, 0
2101, 1, 1636416555569, 1636416555846, 277, 1, 276, 1, 0, 1
2100, 1, 1636416555609, 1636416555882, 273, 0, 273, 0, 0, 0
2102, 1, 1636416555846, 1636416556110, 264, 1, 263, 0, 1, 1
2104, 1, 1636416555953, 1636416556222, 269, 0, 269, 0, 0, 0
2103, 1, 1636416555973, 1636416556242, 269, 0, 269, 0, 0, 0
2105, 1, 1636416556518, 1636416556790, 272, 0, 272, 0, 0, 0
2106, 1, 1636416556602, 1636416556873, 271, 0, 271, 0, 0, 0
2107, 1, 1636416556877, 1636416557146, 269, 1, 268, 0, 0, 0
2108, 1, 1636416556929, 1636416557193, 264, 1, 263, 0, 0, 0
2109, 1, 1636416556945, 1636416557214, 269, 1, 268, 0, 0, 0
2110, 1, 1636416557549, 1636416557813, 264, 1, 263, 0, 1, 1
2111, 1, 1636416557574, 1636416557841, 267, 0, 267, 0, 0, 0
2112, 1, 1636416557845, 1636416558114, 269, 0, 269, 0, 0, 0
2113, 1, 1636416557913, 1636416558178, 265, 1, 264, 0, 0, 0
2114, 1, 1636416557933, 1636416558201, 268, 1, 267, 0, 1, 1
2115, 1, 1636416558521, 1636416558793, 272, 1, 271, 0, 0, 0
2116, 1, 1636416558553, 1636416558821, 268, 1, 267, 1, 0, 1
2117, 1, 1636416558821, 1636416559086, 265, 1, 264, 1, 0, 1
2118, 1, 1636416558894, 1636416559162, 268, 0, 268, 0, 0, 0
2119, 1, 1636416558949, 1636416559222, 273, 1, 272, 1, 0, 1
2120, 1, 1636416559498, 1636416559770, 272, 0, 272, 0, 0, 0
2121, 1, 1636416559557, 1636416559830, 273, 1, 272, 0, 0, 0
2122, 1, 1636416559833, 1636416560106, 273, 1, 272, 0, 0, 0
2123, 1, 1636416559865, 1636416560133, 268, 0, 268, 0, 0, 0
2124, 1, 1636416559913, 1636416560178, 265, 1, 264, 0, 0, 0
2125, 1, 1636416560514, 1636416560786, 272, 0, 272, 0, 0, 0
2126, 1, 1636416560525, 1636416560793, 268, 1, 267, 0, 0, 0
2127, 1, 1636416560801, 1636416561070, 269, 1, 268, 0, 0, 0
2128, 1, 1636416560866, 1636416561137, 271, 0, 271, 0, 0, 0
2129, 1, 1636416560950, 1636416561222, 272, 0, 272, 0, 0, 0
2130, 1, 1636416561478, 1636416561746, 268, 0, 268, 0, 0, 0
2131, 1, 1636416561546, 1636416561817, 271, 0, 271, 0, 0, 0
2132, 1, 1636416561821, 1636416562093, 272, 1, 271, 0, 1, 1
2133, 1, 1636416561838, 1636416562109, 271, 0, 271, 0, 0, 0
2134, 1, 1636416561978, 1636416562246, 268, 0, 268, 0, 0, 0
2135, 1, 1636416562501, 1636416562778, 277, 1, 276, 0, 0, 0
2136, 1, 1636416562573, 1636416562842, 269, 1, 268, 1, 0, 1
2137, 1, 1636416562846, 1636416563117, 271, 0, 271, 0, 0, 0
2138, 1, 1636416562866, 1636416563138, 272, 0, 272, 0, 0, 0
2139, 1, 1636416562962, 1636416563238, 276, 0, 276, 0, 0, 0
2140, 1, 1636416563510, 1636416563773, 263, 0, 263, 0, 0, 0
2141, 1, 1636416563561, 1636416563830, 269, 1, 268, 0, 1, 1
2142, 1, 1636416563833, 1636416564098, 265, 1, 264, 1, 0, 1
2143, 1, 1636416563889, 1636416564161, 272, 1, 271, 0, 0, 0
2144, 1, 1636416563993, 1636416564262, 269, 0, 269, 0, 0, 0
2145, 1, 1636416564498, 1636416564773, 275, 0, 275, 0, 0, 0
2146, 1, 1636416564594, 1636416564862, 268, 0, 268, 0, 0, 0
2147, 1, 1636416564870, 1636416565142, 272, 0, 272, 0, 0, 0
2148, 1, 1636416564877, 1636416565153, 276, 0, 276, 0, 0, 0
2149, 1, 1636416564998, 1636416565274, 276, 0, 276, 0, 0, 0
2150, 1, 1636416565526, 1636416565797, 271, 0, 271, 0, 0, 0
2151, 1, 1636416565601, 1636416565874, 273, 1, 272, 0, 0, 0
2152, 1, 1636416565882, 1636416566150, 268, 0, 268, 0, 0, 0
2153, 1, 1636416565906, 1636416566178, 272, 0, 272, 0, 0, 0
2154, 1, 1636416565990, 1636416566258, 268, 0, 268, 0, 0, 0
2155, 1, 1636416566533, 1636416566806, 273, 1, 272, 1, 0, 1
2156, 1, 1636416566566, 1636416566833, 267, 0, 267, 0, 0, 0
2157, 1, 1636416566869, 1636416567134, 265, 1, 264, 0, 0, 0
2158, 1, 1636416566914, 1636416567186, 272, 0, 272, 0, 0, 0
2159, 1, 1636416567002, 1636416567274, 272, 0, 272, 0, 0, 0
2160, 1, 1636416567506, 1636416567778, 272, 0, 272, 0, 0, 0
2161, 1, 1636416567578, 1636416567849, 271, 0, 271, 0, 0, 0
2162, 1, 1636416567878, 1636416568149, 271, 0, 271, 0, 0, 0
2163, 1, 1636416567906, 1636416568177, 271, 0, 271, 0, 0, 0
2164, 1, 1636416567978, 1636416568250, 272, 0, 272, 0, 0, 0
2165, 1, 1636416568509, 1636416568778, 269, 1, 268, 1, 0, 1
2166, 1, 1636416568553, 1636416568825, 272, 0, 272, 0, 0, 0
2167, 1, 1636416568854, 1636416569122, 268, 0, 268, 0, 0, 0
2168, 1, 1636416568913, 1636416569186, 273, 1, 272, 0, 1, 1
2169, 1, 1636416568993, 1636416569266, 273, 1, 272, 0, 1, 1
2170, 1, 1636416569489, 1636416569762, 273, 1, 272, 0, 0, 0
2171, 1, 1636416569558, 1636416569829, 271, 0, 271, 0, 0, 0
2172, 1, 1636416569870, 1636416570137, 267, 0, 267, 0, 0, 0
2173, 1, 1636416569894, 1636416570162, 268, 0, 268, 0, 0, 0
2174, 1, 1636416569994, 1636416570266, 272, 0, 272, 0, 0, 0
2175, 1, 1636416570494, 1636416570766, 272, 0, 272, 0, 0, 0
2176, 1, 1636416570562, 1636416570834, 272, 0, 272, 0, 0, 0
2177, 1, 1636416570874, 1636416571146, 272, 0, 272, 0, 0, 0
2178, 1, 1636416570910, 1636416571182, 272, 0, 272, 0, 0, 0
2179, 1, 1636416571186, 1636416571462, 276, 0, 276, 0, 0, 0
2180, 1, 1636416571506, 1636416571774, 268, 0, 268, 0, 0, 0
2181, 1, 1636416571530, 1636416571801, 271, 0, 271, 0, 0, 0
2182, 1, 1636416571845, 1636416572114, 269, 1, 268, 0, 0, 0
2183, 1, 1636416571914, 1636416572185, 271, 0, 271, 0, 0, 0
2184, 1, 1636416571990, 1636416572261, 271, 0, 271, 0, 0, 0
2185, 1, 1636416572478, 1636416572750, 272, 0, 272, 0, 0, 0
2186, 1, 1636416572538, 1636416572809, 271, 0, 271, 0, 0, 0
2187, 1, 1636416572849, 1636416573117, 268, 1, 267, 0, 1, 1
2188, 1, 1636416572889, 1636416573158, 269, 1, 268, 0, 1, 1
2189, 1, 1636416572998, 1636416573270, 272, 0, 272, 0, 0, 0
2190, 1, 1636416573490, 1636416573766, 276, 0, 276, 0, 0, 0
2191, 1, 1636416573553, 1636416573826, 273, 1, 272, 1, 0, 1
2192, 1, 1636416573885, 1636416574158, 273, 1, 272, 0, 0, 0
2193, 1, 1636416573898, 1636416574170, 272, 0, 272, 0, 0, 0
2194, 1, 1636416574001, 1636416574274, 273, 1, 272, 0, 1, 1
2195, 1, 1636416574502, 1636416574770, 268, 0, 268, 0, 0, 0
2196, 1, 1636416574554, 1636416574822, 268, 0, 268, 0, 0, 0
2197, 1, 1636416574885, 1636416575161, 276, 1, 275, 1, 0, 1
2198, 1, 1636416574913, 1636416575185, 272, 1, 271, 1, 0, 1
2199, 1, 1636416574978, 1636416575245, 267, 0, 267, 0, 0, 0
2200, 1, 1636416575501, 1636416575769, 268, 1, 267, 0, 0, 0
2201, 1, 1636416575537, 1636416575805, 268, 1, 267, 0, 0, 0
2202, 1, 1636416575865, 1636416576138, 273, 1, 272, 0, 0, 0
2203, 1, 1636416575889, 1636416576162, 273, 1, 272, 0, 0, 0
2204, 1, 1636416576001, 1636416576274, 273, 0, 273, 0, 0, 0
2205, 1, 1636416576486, 1636416576757, 271, 0, 271, 0, 0, 0
2206, 1, 1636416576550, 1636416576822, 272, 0, 272, 0, 0, 0
2207, 1, 1636416576874, 1636416577141, 267, 0, 267, 0, 0, 0
2208, 1, 1636416576889, 1636416577162, 273, 1, 272, 0, 1, 1
2209, 1, 1636416576994, 1636416577266, 272, 0, 272, 0, 0, 0
2210, 1, 1636416577497, 1636416577762, 265, 1, 264, 0, 0, 0
2211, 1, 1636416577538, 1636416577806, 268, 0, 268, 0, 0, 0
2212, 1, 1636416577882, 1636416578153, 271, 0, 271, 0, 0, 0
2213, 1, 1636416577897, 1636416578161, 264, 0, 264, 0, 0, 0
2214, 1, 1636416578017, 1636416578285, 268, 1, 267, 0, 0, 0
2215, 1, 1636416578490, 1636416578762, 272, 0, 272, 0, 0, 0
2216, 1, 1636416578566, 1636416578837, 271, 0, 271, 0, 0, 0
2217, 1, 1636416578890, 1636416579158, 268, 0, 268, 0, 0, 0
2218, 1, 1636416578905, 1636416579178, 273, 1, 272, 0, 1, 1
2219, 1, 1636416579001, 1636416579273, 272, 1, 271, 0, 0, 0
2220, 1, 1636416579514, 1636416579781, 267, 0, 267, 0, 0, 0
2221, 1, 1636416579550, 1636416579822, 272, 0, 272, 0, 0, 0
2222, 1, 1636416579890, 1636416580162, 272, 0, 272, 0, 0, 0
2223, 1, 1636416579910, 1636416580186, 276, 0, 276, 0, 0, 0
2224, 1, 1636416580014, 1636416580286, 272, 0, 272, 0, 0, 0
2225, 1, 1636416580498, 1636416580769, 271, 0, 271, 0, 0, 0
2226, 1, 1636416580566, 1636416580833, 267, 0, 267, 0, 0, 0
2227, 1, 1636416580898, 1636416581170, 272, 0, 272, 0, 0, 0
2228, 1, 1636416580909, 1636416581178, 269, 1, 268, 1, 0, 1
2229, 1, 1636416581045, 1636416581317, 272, 0, 272, 0, 0, 0
2230, 1, 1636416581514, 1636416581785, 271, 0, 271, 0, 0, 0
2231, 1, 1636416581594, 1636416581866, 272, 0, 272, 0, 0, 0
2232, 1, 1636416581913, 1636416582185, 272, 1, 271, 1, 0, 1
2233, 1, 1636416581937, 1636416582210, 273, 1, 272, 0, 1, 1
2234, 1, 1636416582038, 1636416582302, 264, 0, 264, 0, 0, 0
2235, 1, 1636416582514, 1636416582786, 272, 0, 272, 0, 0, 0
2236, 1, 1636416582565, 1636416582833, 268, 0, 268, 0, 0, 0
2237, 1, 1636416582914, 1636416583185, 271, 0, 271, 0, 0, 0
2238, 1, 1636416582925, 1636416583190, 265, 1, 264, 0, 1, 1
2239, 1, 1636416583021, 1636416583289, 268, 1, 267, 0, 1, 1
2240, 1, 1636416583485, 1636416583758, 273, 1, 272, 0, 0, 0
2241, 1, 1636416583553, 1636416583822, 269, 1, 268, 1, 0, 1
2242, 1, 1636416583905, 1636416584181, 276, 1, 275, 0, 0, 0
2243, 1, 1636416583913, 1636416584185, 272, 1, 271, 1, 0, 1
2244, 1, 1636416584022, 1636416584290, 268, 0, 268, 0, 0, 0
2245, 1, 1636416584473, 1636416584742, 269, 1, 268, 1, 0, 1
2246, 1, 1636416584554, 1636416584817, 263, 0, 263, 0, 0, 0
2247, 1, 1636416584893, 1636416585166, 273, 1, 272, 0, 0, 0
2248, 1, 1636416584945, 1636416585214, 269, 1, 268, 0, 1, 1
2249, 1, 1636416585169, 1636416585442, 273, 1, 272, 0, 0, 0
2250, 1, 1636416585474, 1636416585746, 272, 0, 272, 0, 0, 0
2251, 1, 1636416585525, 1636416585793, 268, 1, 267, 0, 1, 1
2252, 1, 1636416585917, 1636416586190, 273, 1, 272, 0, 0, 0
2253, 1, 1636416585922, 1636416586193, 271, 0, 271, 0, 0, 0
2254, 1, 1636416586038, 1636416586310, 272, 0, 272, 0, 0, 0
2255, 1, 1636416586449, 1636416586722, 273, 1, 272, 0, 0, 0
2256, 1, 1636416586529, 1636416586801, 272, 0, 272, 0, 0, 0
2257, 1, 1636416586925, 1636416587194, 269, 1, 268, 0, 0, 0
2258, 1, 1636416586921, 1636416587194, 273, 1, 272, 0, 0, 0
2259, 1, 1636416587034, 1636416587310, 276, 0, 276, 0, 0, 0
2260, 1, 1636416587473, 1636416587746, 273, 1, 272, 0, 0, 0
2261, 1, 1636416587530, 1636416587801, 271, 0, 271, 0, 0, 0
2262, 1, 1636416587917, 1636416588190, 273, 1, 272, 0, 1, 1
2263, 1, 1636416587945, 1636416588214, 269, 1, 268, 0, 1, 1
2264, 1, 1636416588066, 1636416588337, 271, 0, 271, 0, 0, 0
2265, 1, 1636416588470, 1636416588746, 276, 0, 276, 0, 0, 0
2266, 1, 1636416588554, 1636416588826, 272, 0, 272, 0, 0, 0
2267, 1, 1636416588942, 1636416589214, 272, 0, 272, 0, 0, 0
2268, 1, 1636416588942, 1636416589217, 275, 0, 275, 0, 0, 0
2269, 1, 1636416589098, 1636416589370, 272, 0, 272, 0, 0, 0
2270, 1, 1636416589498, 1636416589765, 267, 0, 267, 0, 0, 0
2271, 1, 1636416589586, 1636416589858, 272, 0, 272, 0, 0, 0
2272, 1, 1636416589954, 1636416590222, 268, 0, 268, 0, 0, 0
2273, 1, 1636416589977, 1636416590246, 269, 1, 268, 1, 0, 1
2274, 1, 1636416590073, 1636416590338, 265, 1, 264, 1, 0, 1
2275, 1, 1636416590530, 1636416590802, 272, 0, 272, 0, 0, 0
2276, 1, 1636416590566, 1636416590838, 272, 0, 272, 0, 0, 0
2277, 1, 1636416590966, 1636416591237, 271, 0, 271, 0, 0, 0
2278, 1, 1636416590989, 1636416591262, 273, 1, 272, 0, 0, 0
2279, 1, 1636416591049, 1636416591321, 272, 1, 271, 0, 0, 0
2280, 1, 1636416591514, 1636416591778, 264, 0, 264, 0, 0, 0
2281, 1, 1636416591541, 1636416591810, 269, 1, 268, 0, 0, 0
2282, 1, 1636416591942, 1636416592213, 271, 0, 271, 0, 0, 0
2283, 1, 1636416591969, 1636416592242, 273, 1, 272, 1, 0, 1
2284, 1, 1636416592025, 1636416592297, 272, 1, 271, 0, 1, 1
2285, 1, 1636416592489, 1636416592757, 268, 1, 267, 1, 0, 1
2286, 1, 1636416592510, 1636416592778, 268, 0, 268, 0, 0, 0
2287, 1, 1636416592917, 1636416593185, 268, 1, 267, 0, 0, 0
2288, 1, 1636416592946, 1636416593214, 268, 0, 268, 0, 0, 0
2289, 1, 1636416593053, 1636416593321, 268, 1, 267, 1, 0, 1
2290, 1, 1636416593462, 1636416593734, 272, 0, 272, 0, 0, 0
2291, 1, 1636416593545, 1636416593817, 272, 1, 271, 0, 0, 0
2292, 1, 1636416593917, 1636416594185, 268, 0, 268, 0, 0, 0
2293, 1, 1636416593949, 1636416594213, 264, 0, 264, 0, 0, 0
2294, 1, 1636416594045, 1636416594314, 269, 0, 269, 0, 0, 0
2295, 1, 1636416594478, 1636416594745, 267, 0, 267, 0, 0, 0
2296, 1, 1636416594510, 1636416594782, 272, 0, 272, 0, 0, 0
2297, 1, 1636416594945, 1636416595217, 272, 0, 272, 0, 0, 0
2298, 1, 1636416594953, 1636416595226, 273, 1, 272, 0, 1, 1
2299, 1, 1636416595470, 1636416595741, 271, 0, 271, 0, 0, 0
2300, 1, 1636416595913, 1636416596185, 272, 1, 271, 0, 0, 0
2301, 1, 1636416740746, 1636416741017, 271, 0, 271, 0, 0, 0
2302, 1, 1636416741358, 1636416741629, 271, 0, 271, 0, 0, 0
2303, 1, 1636416741562, 1636416741834, 272, 0, 272, 0, 0, 0
2304, 1, 1636416741749, 1636416742022, 273, 0, 273, 0, 0, 0
2305, 1, 1636416742190, 1636416742454, 264, 0, 264, 0, 0, 0
2306, 1, 1636416742390, 1636416742666, 276, 0, 276, 0, 0, 0
2307, 1, 1636416742410, 1636416742674, 264, 0, 264, 0, 0, 0
2308, 1, 1636416742582, 1636416742853, 271, 0, 271, 0, 0, 0
2309, 1, 1636416742898, 1636416743166, 268, 0, 268, 0, 0, 0
2310, 1, 1636416743010, 1636416743277, 267, 0, 267, 0, 0, 0
2311, 1, 1636416743226, 1636416743494, 268, 0, 268, 0, 0, 0
2312, 1, 1636416743241, 1636416743517, 276, 1, 275, 0, 1, 1
2313, 1, 1636416743409, 1636416743681, 272, 1, 271, 1, 0, 1
2314, 1, 1636416743722, 1636416743994, 272, 0, 272, 0, 0, 0
2315, 1, 1636416743846, 1636416744113, 267, 0, 267, 0, 0, 0
2316, 1, 1636416744066, 1636416744334, 268, 0, 268, 0, 0, 0
2317, 1, 1636416744069, 1636416744337, 268, 1, 267, 0, 1, 1
2318, 1, 1636416744246, 1636416744518, 272, 0, 272, 0, 0, 0
2319, 1, 1636416744553, 1636416744826, 273, 1, 272, 0, 0, 0
2320, 1, 1636416744685, 1636416744958, 273, 1, 272, 1, 0, 1
2322, 1, 1636416744906, 1636416745173, 267, 0, 267, 0, 0, 0
2321, 1, 1636416744958, 1636416745221, 263, 1, 262, 0, 0, 0
2323, 1, 1636416745225, 1636416745489, 264, 1, 263, 0, 1, 1
2324, 1, 1636416745390, 1636416745658, 268, 0, 268, 0, 0, 0
2325, 1, 1636416745521, 1636416745789, 268, 1, 267, 0, 0, 0
2326, 1, 1636416745733, 1636416746001, 268, 1, 267, 0, 0, 0
2327, 1, 1636416745789, 1636416746053, 264, 1, 263, 1, 0, 1
2328, 1, 1636416746057, 1636416746326, 269, 1, 268, 1, 0, 1
2329, 1, 1636416746329, 1636416746602, 273, 0, 273, 0, 0, 0
2330, 1, 1636416746365, 1636416746637, 272, 0, 272, 0, 0, 0
2332, 1, 1636416746585, 1636416746865, 280, 1, 279, 1, 0, 1
2331, 1, 1636416746605, 1636416746869, 264, 1, 263, 0, 1, 1
2333, 1, 1636416746749, 1636416747014, 265, 1, 264, 0, 0, 0
2334, 1, 1636416747061, 1636416747330, 269, 1, 268, 1, 0, 1
2335, 1, 1636416747214, 1636416747490, 276, 0, 276, 0, 0, 0
2337, 1, 1636416747414, 1636416747682, 268, 0, 268, 0, 0, 0
2336, 1, 1636416747409, 1636416747682, 273, 1, 272, 1, 0, 1
2338, 1, 1636416747594, 1636416747857, 263, 0, 263, 0, 0, 0
2339, 1, 1636416747909, 1636416748177, 268, 1, 267, 0, 0, 0
2340, 1, 1636416748061, 1636416748333, 272, 1, 271, 0, 0, 0
2341, 1, 1636416748261, 1636416748526, 265, 1, 264, 0, 0, 0
2342, 1, 1636416748261, 1636416748534, 273, 1, 272, 0, 0, 0
2343, 1, 1636416748441, 1636416748713, 272, 0, 272, 0, 0, 0
2344, 1, 1636416748758, 1636416749026, 268, 0, 268, 0, 0, 0
2345, 1, 1636416748910, 1636416749178, 268, 0, 268, 0, 0, 0
2346, 1, 1636416749089, 1636416749354, 265, 0, 265, 0, 0, 0
2347, 1, 1636416749113, 1636416749378, 265, 1, 264, 0, 1, 1
2348, 1, 1636416749289, 1636416749561, 272, 1, 271, 0, 1, 1
2349, 1, 1636416749589, 1636416749862, 273, 1, 272, 0, 1, 1
2350, 1, 1636416749741, 1636416750017, 276, 1, 275, 1, 0, 1
2351, 1, 1636416749917, 1636416750190, 273, 0, 273, 0, 0, 0
2352, 1, 1636416749958, 1636416750222, 264, 0, 264, 0, 0, 0
2353, 1, 1636416750121, 1636416750390, 269, 1, 268, 0, 0, 0
2354, 1, 1636416750442, 1636416750713, 271, 0, 271, 0, 0, 0
2355, 1, 1636416750557, 1636416750821, 264, 1, 263, 1, 0, 1
2356, 1, 1636416750733, 1636416751010, 277, 1, 276, 0, 0, 0
2358, 1, 1636416750941, 1636416751214, 273, 1, 272, 1, 0, 1
2357, 1, 1636416751013, 1636416751282, 269, 1, 268, 0, 1, 1
2359, 1, 1636416751285, 1636416751553, 268, 1, 267, 0, 1, 1
2360, 1, 1636416751558, 1636416751829, 271, 0, 271, 0, 0, 0
2361, 1, 1636416751578, 1636416751850, 272, 0, 272, 0, 0, 0
2363, 1, 1636416751833, 1636416752106, 273, 1, 272, 0, 1, 1
2362, 1, 1636416751853, 1636416752122, 269, 1, 268, 1, 0, 1
2364, 1, 1636416752090, 1636416752366, 276, 0, 276, 0, 0, 0
2365, 1, 1636416752250, 1636416752518, 268, 0, 268, 0, 0, 0
2366, 1, 1636416752406, 1636416752674, 268, 0, 268, 0, 0, 0
2367, 1, 1636416752522, 1636416752790, 268, 0, 268, 0, 0, 0
2368, 1, 1636416752590, 1636416752858, 268, 0, 268, 0, 0, 0
2369, 1, 1636416752917, 1636416753194, 277, 1, 276, 0, 1, 1
2370, 1, 1636416753026, 1636416753297, 271, 0, 271, 0, 0, 0
2371, 1, 1636416753237, 1636416753501, 264, 1, 263, 0, 0, 0
2372, 1, 1636416753325, 1636416753598, 273, 1, 272, 0, 0, 0
2373, 1, 1636416753417, 1636416753685, 268, 1, 267, 0, 1, 1
2374, 1, 1636416753762, 1636416754029, 267, 0, 267, 0, 0, 0
2375, 1, 1636416753862, 1636416754134, 272, 0, 272, 0, 0, 0
2376, 1, 1636416754061, 1636416754338, 277, 1, 276, 1, 0, 1
2377, 1, 1636416754161, 1636416754426, 265, 1, 264, 0, 1, 1
2378, 1, 1636416754249, 1636416754517, 268, 1, 267, 0, 0, 0
2379, 1, 1636416754585, 1636416754858, 273, 1, 272, 1, 0, 1
2380, 1, 1636416754694, 1636416754961, 267, 0, 267, 0, 0, 0
2381, 1, 1636416754893, 1636416755162, 269, 0, 269, 0, 0, 0
2382, 1, 1636416754977, 1636416755242, 265, 1, 264, 1, 0, 1
2383, 1, 1636416755082, 1636416755349, 267, 0, 267, 0, 0, 0
2384, 1, 1636416755422, 1636416755689, 267, 0, 267, 0, 0, 0
2385, 1, 1636416755522, 1636416755794, 272, 0, 272, 0, 0, 0
2386, 1, 1636416755725, 1636416756002, 277, 1, 276, 1, 0, 1
2387, 1, 1636416755810, 1636416756078, 268, 0, 268, 0, 0, 0
2388, 1, 1636416755913, 1636416756186, 273, 1, 272, 0, 1, 1
2389, 1, 1636416756254, 1636416756522, 268, 0, 268, 0, 0, 0
2390, 1, 1636416756358, 1636416756629, 271, 0, 271, 0, 0, 0
2391, 1, 1636416756578, 1636416756846, 268, 0, 268, 0, 0, 0
2392, 1, 1636416756646, 1636416756917, 271, 0, 271, 0, 0, 0
2393, 1, 1636416756745, 1636416757014, 269, 1, 268, 0, 0, 0
2394, 1, 1636416757082, 1636416757353, 271, 0, 271, 0, 0, 0
2395, 1, 1636416757206, 1636416757478, 272, 0, 272, 0, 0, 0
2396, 1, 1636416757397, 1636416757666, 269, 1, 268, 0, 0, 0
2397, 1, 1636416757470, 1636416757738, 268, 0, 268, 0, 0, 0
2398, 1, 1636416757597, 1636416757870, 273, 1, 272, 0, 1, 1
2399, 1, 1636416757913, 1636416758185, 272, 1, 271, 0, 0, 0
2400, 1, 1636416758030, 1636416758306, 276, 0, 276, 0, 0, 0
2401, 1, 1636416758226, 1636416758497, 271, 0, 271, 0, 0, 0
2402, 1, 1636416758289, 1636416758561, 272, 1, 271, 0, 0, 0
2403, 1, 1636416758410, 1636416758678, 268, 0, 268, 0, 0, 0
2404, 1, 1636416758765, 1636416759037, 272, 1, 271, 0, 0, 0
2405, 1, 1636416758858, 1636416759126, 268, 0, 268, 0, 0, 0
2406, 1, 1636416759037, 1636416759306, 269, 0, 269, 0, 0, 0
2407, 1, 1636416759126, 1636416759389, 263, 0, 263, 0, 0, 0
2408, 1, 1636416759241, 1636416759518, 277, 1, 276, 0, 0, 0
2409, 1, 1636416759585, 1636416759862, 277, 1, 276, 1, 0, 1
2410, 1, 1636416759670, 1636416759942, 272, 0, 272, 0, 0, 0
2411, 1, 1636416759873, 1636416760146, 273, 1, 272, 1, 0, 1
2412, 1, 1636416759966, 1636416760233, 267, 0, 267, 0, 0, 0
2413, 1, 1636416760078, 1636416760354, 276, 0, 276, 0, 0, 0
2414, 1, 1636416760409, 1636416760678, 269, 1, 268, 1, 0, 1
2415, 1, 1636416760485, 1636416760757, 272, 1, 271, 0, 0, 0
2416, 1, 1636416760709, 1636416760985, 276, 1, 275, 0, 1, 1
2417, 1, 1636416760794, 1636416761061, 267, 0, 267, 0, 0, 0
2418, 1, 1636416760897, 1636416761170, 273, 1, 272, 0, 0, 0
2419, 1, 1636416761246, 1636416761522, 276, 0, 276, 0, 0, 0
2420, 1, 1636416761326, 1636416761598, 272, 0, 272, 0, 0, 0
2421, 1, 1636416761561, 1636416761826, 265, 0, 265, 0, 0, 0
2422, 1, 1636416761609, 1636416761873, 264, 1, 263, 0, 0, 0
2423, 1, 1636416761729, 1636416762001, 272, 1, 271, 0, 0, 0
2424, 1, 1636416762069, 1636416762345, 276, 1, 275, 0, 1, 1
2425, 1, 1636416762182, 1636416762450, 268, 0, 268, 0, 0, 0
2426, 1, 1636416762390, 1636416762658, 268, 0, 268, 0, 0, 0
2427, 1, 1636416762453, 1636416762721, 268, 1, 267, 0, 1, 1
2428, 1, 1636416762582, 1636416762854, 272, 0, 272, 0, 0, 0
2429, 1, 1636416762901, 1636416763169, 268, 0, 268, 0, 0, 0
2430, 1, 1636416763001, 1636416763265, 264, 1, 263, 0, 1, 1
2431, 1, 1636416763214, 1636416763486, 272, 0, 272, 0, 0, 0
2432, 1, 1636416763306, 1636416763577, 271, 0, 271, 0, 0, 0
2433, 1, 1636416763401, 1636416763666, 265, 0, 265, 0, 0, 0
2434, 1, 1636416763754, 1636416764030, 276, 0, 276, 0, 0, 0
2435, 1, 1636416763829, 1636416764094, 265, 1, 264, 1, 0, 1
2436, 1, 1636416764061, 1636416764326, 265, 0, 265, 0, 0, 0
2437, 1, 1636416764117, 1636416764386, 269, 0, 269, 0, 0, 0
2438, 1, 1636416764233, 1636416764502, 269, 0, 269, 0, 0, 0
2439, 1, 1636416764582, 1636416764850, 268, 0, 268, 0, 0, 0
2440, 1, 1636416764686, 1636416764957, 271, 0, 271, 0, 0, 0
2441, 1, 1636416764905, 1636416765181, 276, 1, 275, 0, 0, 0
2442, 1, 1636416764966, 1636416765230, 264, 0, 264, 0, 0, 0
2443, 1, 1636416765070, 1636416765342, 272, 0, 272, 0, 0, 0
2444, 1, 1636416765406, 1636416765674, 268, 0, 268, 0, 0, 0
2445, 1, 1636416765529, 1636416765797, 268, 1, 267, 0, 0, 0
2446, 1, 1636416765737, 1636416766010, 273, 1, 272, 1, 0, 1
2447, 1, 1636416765805, 1636416766073, 268, 1, 267, 1, 0, 1
2448, 1, 1636416765921, 1636416766189, 268, 1, 267, 0, 0, 0
2449, 1, 1636416766245, 1636416766517, 272, 1, 271, 0, 0, 0
2450, 1, 1636416766358, 1636416766634, 276, 0, 276, 0, 0, 0
2451, 1, 1636416766554, 1636416766826, 272, 0, 272, 0, 0, 0
2452, 1, 1636416766625, 1636416766898, 273, 1, 272, 0, 0, 0
2453, 1, 1636416766745, 1636416767018, 273, 1, 272, 0, 1, 1
2454, 1, 1636416767094, 1636416767362, 268, 0, 268, 0, 0, 0
2455, 1, 1636416767182, 1636416767454, 272, 0, 272, 0, 0, 0
2456, 1, 1636416767385, 1636416767658, 273, 1, 272, 0, 0, 0
2457, 1, 1636416767446, 1636416767709, 263, 0, 263, 0, 0, 0
2458, 1, 1636416767566, 1636416767842, 276, 0, 276, 0, 0, 0
2459, 1, 1636416767922, 1636416768194, 272, 0, 272, 0, 0, 0
2460, 1, 1636416768013, 1636416768285, 272, 1, 271, 0, 1, 1
2461, 1, 1636416768221, 1636416768493, 272, 1, 271, 0, 0, 0
2462, 1, 1636416768298, 1636416768566, 268, 0, 268, 0, 0, 0
2463, 1, 1636416768394, 1636416768665, 271, 0, 271, 0, 0, 0
2464, 1, 1636416768742, 1636416769009, 267, 0, 267, 0, 0, 0
2465, 1, 1636416768854, 1636416769126, 272, 0, 272, 0, 0, 0
2466, 1, 1636416769042, 1636416769314, 272, 0, 272, 0, 0, 0
2467, 1, 1636416769133, 1636416769405, 272, 1, 271, 0, 0, 0
2468, 1, 1636416769226, 1636416769497, 271, 0, 271, 0, 0, 0
2469, 1, 1636416769570, 1636416769841, 271, 0, 271, 0, 0, 0
2470, 1, 1636416769670, 1636416769937, 267, 0, 267, 0, 0, 0
2471, 1, 1636416769885, 1636416770158, 273, 1, 272, 1, 0, 1
2472, 1, 1636416769965, 1636416770234, 269, 1, 268, 1, 0, 1
2473, 1, 1636416770054, 1636416770326, 272, 0, 272, 0, 0, 0
2474, 1, 1636416770406, 1636416770678, 272, 0, 272, 0, 0, 0
2475, 1, 1636416770510, 1636416770786, 276, 0, 276, 0, 0, 0
2476, 1, 1636416770710, 1636416770981, 271, 0, 271, 0, 0, 0
2477, 1, 1636416770790, 1636416771062, 272, 0, 272, 0, 0, 0
2478, 1, 1636416770894, 1636416771158, 264, 0, 264, 0, 0, 0
2479, 1, 1636416771237, 1636416771510, 273, 1, 272, 0, 0, 0
2480, 1, 1636416771337, 1636416771609, 272, 0, 272, 0, 0, 0
2481, 1, 1636416771530, 1636416771797, 267, 0, 267, 0, 0, 0
2482, 1, 1636416771621, 1636416771889, 268, 1, 267, 0, 1, 1
2483, 1, 1636416771721, 1636416771993, 272, 1, 271, 1, 0, 1
2484, 1, 1636416772077, 1636416772350, 273, 1, 272, 1, 0, 1
2485, 1, 1636416772162, 1636416772434, 272, 0, 272, 0, 0, 0
2486, 1, 1636416772370, 1636416772642, 272, 0, 272, 0, 0, 0
2487, 1, 1636416772438, 1636416772706, 268, 0, 268, 0, 0, 0
2488, 1, 1636416772546, 1636416772817, 271, 0, 271, 0, 0, 0
2489, 1, 1636416772894, 1636416773165, 271, 0, 271, 0, 0, 0
2490, 1, 1636416773001, 1636416773273, 272, 0, 272, 0, 0, 0
2491, 1, 1636416773222, 1636416773489, 267, 0, 267, 0, 0, 0
2492, 1, 1636416773262, 1636416773530, 268, 0, 268, 0, 0, 0
2493, 1, 1636416773389, 1636416773653, 264, 1, 263, 0, 0, 0
2494, 1, 1636416773722, 1636416773993, 271, 0, 271, 0, 0, 0
2495, 1, 1636416773849, 1636416774122, 273, 1, 272, 0, 1, 1
2496, 1, 1636416774053, 1636416774330, 277, 1, 276, 0, 0, 0
2497, 1, 1636416774081, 1636416774354, 273, 1, 272, 0, 1, 1
2498, 1, 1636416774226, 1636416774493, 267, 0, 267, 0, 0, 0
2499, 1, 1636416774565, 1636416774833, 268, 1, 267, 1, 0, 1
2500, 1, 1636416774689, 1636416774958, 269, 1, 268, 0, 0, 0
2501, 1, 1636416774869, 1636416775138, 269, 1, 268, 1, 0, 1
2502, 1, 1636416774917, 1636416775189, 272, 1, 271, 0, 1, 1
2503, 1, 1636416775061, 1636416775330, 269, 1, 268, 0, 0, 0
2504, 1, 1636416775422, 1636416775689, 267, 0, 267, 0, 0, 0
2505, 1, 1636416775505, 1636416775769, 264, 1, 263, 1, 0, 1
2506, 1, 1636416775693, 1636416775957, 264, 1, 263, 0, 0, 0
2507, 1, 1636416775733, 1636416776001, 268, 1, 267, 0, 1, 1
2508, 1, 1636416775886, 1636416776158, 272, 0, 272, 0, 0, 0
2509, 1, 1636416776254, 1636416776525, 271, 0, 271, 0, 0, 0
2510, 1, 1636416776330, 1636416776601, 271, 0, 271, 0, 0, 0
2511, 1, 1636416776541, 1636416776813, 272, 1, 271, 1, 0, 1
2512, 1, 1636416776565, 1636416776834, 269, 1, 268, 0, 1, 1
2513, 1, 1636416776705, 1636416776981, 276, 1, 275, 1, 0, 1
2514, 1, 1636416777069, 1636416777341, 272, 1, 271, 1, 0, 1
2515, 1, 1636416777173, 1636416777442, 269, 1, 268, 0, 1, 1
2516, 1, 1636416777378, 1636416777646, 268, 0, 268, 0, 0, 0
2517, 1, 1636416777381, 1636416777650, 269, 1, 268, 1, 0, 1
2518, 1, 1636416777549, 1636416777822, 273, 1, 272, 1, 0, 1
2519, 1, 1636416777898, 1636416778170, 272, 0, 272, 0, 0, 0
2520, 1, 1636416778010, 1636416778273, 263, 0, 263, 0, 0, 0
2521, 1, 1636416778189, 1636416778457, 268, 1, 267, 0, 0, 0
2522, 1, 1636416778222, 1636416778498, 276, 0, 276, 0, 0, 0
2523, 1, 1636416778390, 1636416778654, 264, 0, 264, 0, 0, 0
2524, 1, 1636416778738, 1636416779010, 272, 0, 272, 0, 0, 0
2525, 1, 1636416778829, 1636416779098, 269, 1, 268, 1, 0, 1
2526, 1, 1636416779025, 1636416779289, 264, 0, 264, 0, 0, 0
2527, 1, 1636416779061, 1636416779330, 269, 0, 269, 0, 0, 0
2528, 1, 1636416779201, 1636416779470, 269, 0, 269, 0, 0, 0
2529, 1, 1636416779573, 1636416779846, 273, 1, 272, 0, 1, 1
2530, 1, 1636416779677, 1636416779946, 269, 1, 268, 0, 0, 0
2531, 1, 1636416779877, 1636416780150, 273, 1, 272, 0, 0, 0
2532, 1, 1636416779910, 1636416780178, 268, 0, 268, 0, 0, 0
2533, 1, 1636416780049, 1636416780314, 265, 1, 264, 0, 0, 0
2534, 1, 1636416780394, 1636416780661, 267, 0, 267, 0, 0, 0
2535, 1, 1636416780521, 1636416780794, 273, 1, 272, 0, 0, 0
2536, 1, 1636416780706, 1636416780978, 272, 0, 272, 0, 0, 0
2537, 1, 1636416780729, 1636416780997, 268, 1, 267, 1, 0, 1
2538, 1, 1636416780902, 1636416781174, 272, 0, 272, 0, 0, 0
2539, 1, 1636416781246, 1636416781522, 276, 0, 276, 0, 0, 0
2540, 1, 1636416781350, 1636416781617, 267, 0, 267, 0, 0, 0
2541, 1, 1636416781533, 1636416781802, 269, 1, 268, 1, 0, 1
2542, 1, 1636416781569, 1636416781838, 269, 1, 268, 0, 0, 0
2543, 1, 1636416781730, 1636416782001, 271, 0, 271, 0, 0, 0
2544, 1, 1636416782093, 1636416782362, 269, 1, 268, 0, 0, 0
2545, 1, 1636416782178, 1636416782450, 272, 0, 272, 0, 0, 0
2546, 1, 1636416782381, 1636416782654, 273, 1, 272, 1, 0, 1
2547, 1, 1636416782409, 1636416782677, 268, 0, 268, 0, 0, 0
2548, 1, 1636416782562, 1636416782834, 272, 0, 272, 0, 0, 0
2549, 1, 1636416782918, 1636416783190, 272, 0, 272, 0, 0, 0
2550, 1, 1636416783026, 1636416783294, 268, 0, 268, 0, 0, 0
2552, 1, 1636416783257, 1636416783521, 264, 1, 263, 1, 0, 1
2551, 1, 1636416783297, 1636416783562, 265, 1, 264, 0, 0, 0
2553, 1, 1636416783566, 1636416783830, 264, 0, 264, 0, 0, 0
2554, 1, 1636416783746, 1636416784017, 271, 0, 271, 0, 0, 0
2555, 1, 1636416783869, 1636416784142, 273, 1, 272, 1, 0, 1
2556, 1, 1636416784073, 1636416784342, 269, 1, 268, 0, 0, 0
2557, 1, 1636416784078, 1636416784342, 264, 0, 264, 0, 0, 0
2558, 1, 1636416784270, 1636416784534, 264, 0, 264, 0, 0, 0
2559, 1, 1636416784594, 1636416784861, 267, 0, 267, 0, 0, 0
2560, 1, 1636416784706, 1636416784974, 268, 0, 268, 0, 0, 0
2561, 1, 1636416784901, 1636416785170, 269, 1, 268, 0, 1, 1
2562, 1, 1636416784925, 1636416785194, 269, 1, 268, 0, 0, 0
2563, 1, 1636416785065, 1636416785338, 273, 0, 273, 0, 0, 0
2564, 1, 1636416785437, 1636416785705, 268, 1, 267, 0, 0, 0
2565, 1, 1636416785538, 1636416785801, 263, 0, 263, 0, 0, 0
2566, 1, 1636416785745, 1636416786014, 269, 1, 268, 0, 0, 0
2567, 1, 1636416785770, 1636416786042, 272, 0, 272, 0, 0, 0
2568, 1, 1636416785893, 1636416786166, 273, 1, 272, 0, 0, 0
2569, 1, 1636416786274, 1636416786541, 267, 0, 267, 0, 0, 0
2570, 1, 1636416786374, 1636416786638, 264, 0, 264, 0, 0, 0
2571, 1, 1636416786585, 1636416786849, 264, 1, 263, 1, 0, 1
2572, 1, 1636416786593, 1636416786858, 265, 1, 264, 0, 1, 1
2573, 1, 1636416786738, 1636416787009, 271, 0, 271, 0, 0, 0
2574, 1, 1636416787101, 1636416787373, 272, 1, 271, 0, 1, 1
2575, 1, 1636416787225, 1636416787493, 268, 1, 267, 1, 0, 1
2576, 1, 1636416787417, 1636416787686, 269, 1, 268, 0, 1, 1
2577, 1, 1636416787442, 1636416787710, 268, 0, 268, 0, 0, 0
2578, 1, 1636416787573, 1636416787845, 272, 1, 271, 0, 0, 0
2579, 1, 1636416787946, 1636416788217, 271, 0, 271, 0, 0, 0
2580, 1, 1636416788074, 1636416788342, 268, 0, 268, 0, 0, 0
2582, 1, 1636416788289, 1636416788557, 268, 1, 267, 1, 0, 1
2581, 1, 1636416788345, 1636416788618, 273, 0, 273, 0, 0, 0
2583, 1, 1636416788621, 1636416788885, 264, 0, 264, 0, 0, 0
2584, 1, 1636416788786, 1636416789053, 267, 0, 267, 0, 0, 0
2585, 1, 1636416788890, 1636416789158, 268, 0, 268, 0, 0, 0
2586, 1, 1636416789077, 1636416789345, 268, 0, 268, 0, 0, 0
2587, 1, 1636416789105, 1636416789377, 272, 1, 271, 0, 1, 1
2588, 1, 1636416789297, 1636416789570, 273, 1, 272, 0, 0, 0
2589, 1, 1636416789634, 1636416789906, 272, 0, 272, 0, 0, 0
2590, 1, 1636416789725, 1636416789997, 272, 1, 271, 0, 0, 0
2592, 1, 1636416789946, 1636416790217, 271, 0, 271, 0, 0, 0
2591, 1, 1636416790006, 1636416790282, 276, 0, 276, 0, 0, 0
2593, 1, 1636416790074, 1636416790345, 271, 0, 271, 0, 0, 0
2594, 1, 1636416790450, 1636416790717, 267, 0, 267, 0, 0, 0
2595, 1, 1636416790570, 1636416790838, 268, 0, 268, 0, 0, 0
2596, 1, 1636416790749, 1636416791022, 273, 1, 272, 0, 0, 0
2597, 1, 1636416790782, 1636416791049, 267, 0, 267, 0, 0, 0
2598, 1, 1636416790910, 1636416791182, 272, 0, 272, 0, 0, 0
2599, 1, 1636416791286, 1636416791553, 267, 0, 267, 0, 0, 0
2600, 1, 1636416791414, 1636416791682, 268, 0, 268, 0, 0, 0
2601, 1, 1636416791594, 1636416791862, 268, 0, 268, 0, 0, 0
2602, 1, 1636416791621, 1636416791890, 269, 1, 268, 0, 1, 1
2603, 1, 1636416791742, 1636416792010, 268, 0, 268, 0, 0, 0
2604, 1, 1636416792130, 1636416792401, 271, 0, 271, 0, 0, 0
2605, 1, 1636416792257, 1636416792538, 281, 1, 280, 1, 0, 1
2606, 1, 1636416792414, 1636416792694, 280, 0, 280, 0, 0, 0
2607, 1, 1636416792433, 1636416792706, 273, 1, 272, 0, 0, 0
2608, 1, 1636416792562, 1636416792826, 264, 0, 264, 0, 0, 0
2609, 1, 1636416792974, 1636416793246, 272, 0, 272, 0, 0, 0
2610, 1, 1636416793078, 1636416793345, 267, 0, 267, 0, 0, 0
2611, 1, 1636416793261, 1636416793525, 264, 1, 263, 0, 0, 0
2612, 1, 1636416793281, 1636416793550, 269, 1, 268, 0, 1, 1
2613, 1, 1636416793389, 1636416793658, 269, 1, 268, 0, 0, 0
2614, 1, 1636416793814, 1636416794085, 271, 0, 271, 0, 0, 0
2615, 1, 1636416793922, 1636416794190, 268, 0, 268, 0, 0, 0
2616, 1, 1636416794093, 1636416794362, 269, 1, 268, 0, 1, 1
2617, 1, 1636416794109, 1636416794382, 273, 1, 272, 1, 0, 1
2618, 1, 1636416794213, 1636416794482, 269, 1, 268, 1, 0, 1
2619, 1, 1636416794650, 1636416794921, 271, 0, 271, 0, 0, 0
2620, 1, 1636416794758, 1636416795030, 272, 0, 272, 0, 0, 0
2621, 1, 1636416794929, 1636416795202, 273, 1, 272, 1, 0, 1
2622, 1, 1636416794950, 1636416795217, 267, 0, 267, 0, 0, 0
2623, 1, 1636416795041, 1636416795310, 269, 1, 268, 0, 0, 0
2624, 1, 1636416795493, 1636416795762, 269, 1, 268, 0, 1, 1
2625, 1, 1636416795594, 1636416795858, 264, 0, 264, 0, 0, 0
2627, 1, 1636416795778, 1636416796049, 271, 0, 271, 0, 0, 0
2626, 1, 1636416795770, 1636416796049, 279, 0, 279, 0, 0, 0
2628, 1, 1636416795898, 1636416796166, 268, 0, 268, 0, 0, 0
2629, 1, 1636416796330, 1636416796597, 267, 0, 267, 0, 0, 0
2630, 1, 1636416796426, 1636416796694, 268, 0, 268, 0, 0, 0
2631, 1, 1636416796601, 1636416796870, 269, 1, 268, 0, 0, 0
2632, 1, 1636416796601, 1636416796873, 272, 1, 271, 0, 0, 0
2633, 1, 1636416796713, 1636416796985, 272, 1, 271, 1, 0, 1
2634, 1, 1636416797166, 1636416797437, 271, 0, 271, 0, 0, 0
2635, 1, 1636416797249, 1636416797526, 277, 1, 276, 0, 0, 0
2636, 1, 1636416797417, 1636416797689, 272, 1, 271, 0, 1, 1
2637, 1, 1636416797457, 1636416797730, 273, 1, 272, 0, 0, 0
2638, 1, 1636416797537, 1636416797814, 277, 1, 276, 0, 1, 1
2639, 1, 1636416797998, 1636416798265, 267, 0, 267, 0, 0, 0
2640, 1, 1636416798073, 1636416798341, 268, 1, 267, 1, 0, 1
2641, 1, 1636416798241, 1636416798517, 276, 1, 275, 0, 1, 1
2642, 1, 1636416798305, 1636416798569, 264, 1, 263, 1, 0, 1
2643, 1, 1636416798353, 1636416798617, 264, 1, 263, 0, 1, 1
2644, 1, 1636416798817, 1636416799081, 264, 1, 263, 0, 0, 0
2645, 1, 1636416798897, 1636416799166, 269, 1, 268, 0, 1, 1
2646, 1, 1636416799077, 1636416799342, 265, 0, 265, 0, 0, 0
2647, 1, 1636416799121, 1636416799386, 265, 0, 265, 0, 0, 0
2648, 1, 1636416799173, 1636416799445, 272, 1, 271, 0, 1, 1
2649, 1, 1636416799634, 1636416799901, 267, 0, 267, 0, 0, 0
2650, 1, 1636416799729, 1636416799993, 264, 1, 263, 0, 0, 0
2651, 1, 1636416799913, 1636416800186, 273, 1, 272, 0, 1, 1
2652, 1, 1636416799965, 1636416800233, 268, 1, 267, 1, 0, 1
2653, 1, 1636416800030, 1636416800298, 268, 0, 268, 0, 0, 0
2654, 1, 1636416800454, 1636416800725, 271, 0, 271, 0, 0, 0
2655, 1, 1636416800562, 1636416800833, 271, 0, 271, 0, 0, 0
2656, 1, 1636416800746, 1636416801017, 271, 0, 271, 0, 0, 0
2657, 1, 1636416800809, 1636416801082, 273, 1, 272, 0, 0, 0
2658, 1, 1636416800873, 1636416801146, 273, 1, 272, 1, 0, 1
2659, 1, 1636416801289, 1636416801562, 273, 1, 272, 0, 0, 0
2660, 1, 1636416801398, 1636416801670, 272, 0, 272, 0, 0, 0
2661, 1, 1636416801589, 1636416801862, 273, 1, 272, 0, 0, 0
2662, 1, 1636416801637, 1636416801905, 268, 1, 267, 0, 1, 1
2663, 1, 1636416801694, 1636416801966, 272, 0, 272, 0, 0, 0
2664, 1, 1636416802110, 1636416802381, 271, 0, 271, 0, 0, 0
2665, 1, 1636416802242, 1636416802513, 271, 0, 271, 0, 0, 0
2666, 1, 1636416802406, 1636416802678, 272, 0, 272, 0, 0, 0
2667, 1, 1636416802489, 1636416802761, 272, 1, 271, 1, 0, 1
2668, 1, 1636416802505, 1636416802778, 273, 1, 272, 1, 0, 1
2669, 1, 1636416802942, 1636416803213, 271, 0, 271, 0, 0, 0
2670, 1, 1636416803061, 1636416803329, 268, 1, 267, 1, 0, 1
2671, 1, 1636416803222, 1636416803489, 267, 0, 267, 0, 0, 0
2672, 1, 1636416803305, 1636416803569, 264, 0, 264, 0, 0, 0
2673, 1, 1636416803326, 1636416803594, 268, 0, 268, 0, 0, 0
2674, 1, 1636416803789, 1636416804054, 265, 1, 264, 1, 0, 1
2675, 1, 1636416803894, 1636416804166, 272, 0, 272, 0, 0, 0
2676, 1, 1636416804057, 1636416804326, 269, 1, 268, 0, 1, 1
2677, 1, 1636416804145, 1636416804410, 265, 1, 264, 0, 0, 0
2678, 1, 1636416804150, 1636416804413, 263, 0, 263, 0, 0, 0
2679, 1, 1636416804601, 1636416804874, 273, 1, 272, 0, 0, 0
2680, 1, 1636416804713, 1636416804982, 269, 1, 268, 1, 0, 1
2682, 1, 1636416804965, 1636416805233, 268, 1, 267, 0, 0, 0
2683, 1, 1636416804982, 1636416805254, 272, 0, 272, 0, 0, 0
2684, 1, 1636416805426, 1636416805697, 271, 0, 271, 0, 0, 0
2686, 1, 1636416805806, 1636416806077, 271, 0, 271, 0, 0, 0
2687, 1, 1636416805810, 1636416806085, 275, 0, 275, 0, 0, 0
2689, 1, 1636416806633, 1636416806902, 269, 1, 268, 1, 0, 1
2690, 1, 1636416806661, 1636416806929, 268, 1, 267, 0, 1, 1
2691, 1, 1636416807466, 1636416807733, 267, 0, 267, 0, 0, 0
2692, 1, 1636416807501, 1636416807774, 273, 1, 272, 1, 0, 1
2693, 1, 1636416808306, 1636416808570, 264, 0, 264, 0, 0, 0
2694, 1, 1636416808330, 1636416808593, 263, 0, 263, 0, 0, 0
2695, 1, 1636416809138, 1636416809410, 272, 0, 272, 0, 0, 0
2696, 1, 1636416809145, 1636416809413, 268, 0, 268, 0, 0, 0
2697, 1, 1636416809962, 1636416810234, 272, 0, 272, 0, 0, 0
2698, 1, 1636416809998, 1636416810270, 272, 0, 272, 0, 0, 0
2699, 1, 1636416810810, 1636416811082, 272, 0, 272, 0, 0, 0
2700, 1, 1636416810826, 1636416811093, 267, 0, 267, 0, 0, 0
2701, 1, 1636416811638, 1636416811909, 271, 0, 271, 0, 0, 0
2702, 1, 1636416811677, 1636416811950, 273, 1, 272, 1, 0, 1
2703, 1, 1636416812454, 1636416812730, 276, 0, 276, 0, 0, 0
2704, 1, 1636416812509, 1636416812774, 265, 1, 264, 1, 0, 1
2705, 1, 1636416813306, 1636416813574, 268, 0, 268, 0, 0, 0
2706, 1, 1636416813358, 1636416813626, 268, 0, 268, 0, 0, 0
2707, 1, 1636416814150, 1636416814430, 280, 0, 280, 0, 0, 0
2708, 1, 1636416814206, 1636416814477, 271, 0, 271, 0, 0, 0
2681, 2, 1636416804982, 1636416815034, 10052, 0, 10052, 0, 0, 0
2709, 1, 1636416815081, 1636416815349, 268, 1, 267, 0, 0, 0
2710, 1, 1636416815081, 1636416815358, 277, 1, 276, 0, 0, 0
2711, 1, 1636416815393, 1636416815690, 297, 0, 297, 0, 0, 0
2688, 1, 1636416815558, 1636416815830, 272, 0, 272, 0, 0, 0
2712, 1, 1636416815817, 1636416816081, 264, 1, 263, 0, 1, 1
2713, 1, 1636416815850, 1636416816122, 272, 0, 272, 0, 0, 0
2715, 1, 1636416816141, 1636416816405, 264, 1, 263, 1, 0, 1
2714, 1, 1636416816149, 1636416816417, 268, 1, 267, 0, 0, 0
2716, 1, 1636416816230, 1636416816502, 272, 0, 272, 0, 0, 0
2717, 1, 1636416816645, 1636416816917, 272, 1, 271, 0, 1, 1
2718, 1, 1636416816693, 1636416816965, 272, 1, 271, 0, 0, 0
2719, 1, 1636416816897, 1636416817165, 268, 1, 267, 1, 0, 1
2720, 1, 1636416816977, 1636416817242, 265, 1, 264, 0, 1, 1
2721, 1, 1636416817009, 1636416817273, 264, 1, 263, 0, 1, 1
2722, 1, 1636416817470, 1636416817745, 275, 0, 275, 0, 0, 0
2723, 1, 1636416817529, 1636416817793, 264, 1, 263, 1, 0, 1
2724, 1, 1636416817738, 1636416818010, 272, 0, 272, 0, 0, 0
2725, 1, 1636416817805, 1636416818074, 269, 1, 268, 0, 1, 1
2726, 1, 1636416817845, 1636416818110, 265, 1, 264, 0, 1, 1
2727, 1, 1636416818301, 1636416818570, 269, 1, 268, 1, 0, 1
2728, 1, 1636416818370, 1636416818641, 271, 0, 271, 0, 0, 0
2729, 1, 1636416818557, 1636416818829, 272, 1, 271, 1, 0, 1
2730, 1, 1636416818630, 1636416818897, 267, 0, 267, 0, 0, 0
2731, 1, 1636416818681, 1636416818950, 269, 1, 268, 0, 1, 1
2732, 1, 1636416819117, 1636416819389, 272, 1, 271, 0, 0, 0
2733, 1, 1636416819201, 1636416819469, 268, 0, 268, 0, 0, 0
2734, 1, 1636416819386, 1636416819654, 268, 0, 268, 0, 0, 0
2735, 1, 1636416819478, 1636416819746, 268, 0, 268, 0, 0, 0
2736, 1, 1636416819498, 1636416819766, 268, 0, 268, 0, 0, 0
2737, 1, 1636416819945, 1636416820213, 268, 1, 267, 0, 0, 0
2738, 1, 1636416820054, 1636416820321, 267, 0, 267, 0, 0, 0
2739, 1, 1636416820229, 1636416820497, 268, 1, 267, 1, 0, 1
2740, 1, 1636416820305, 1636416820574, 269, 1, 268, 1, 0, 1
2741, 1, 1636416820577, 1636416820845, 268, 1, 267, 0, 1, 1
2742, 1, 1636416820766, 1636416821033, 267, 0, 267, 0, 0, 0
2743, 1, 1636416820889, 1636416821162, 273, 0, 273, 0, 0, 0
2744, 1, 1636416821058, 1636416821334, 276, 0, 276, 0, 0, 0
2745, 1, 1636416821121, 1636416821393, 272, 0, 272, 0, 0, 0
2746, 1, 1636416821245, 1636416821526, 281, 0, 281, 0, 0, 0
2747, 1, 1636416821573, 1636416821842, 269, 0, 269, 0, 0, 0
2748, 1, 1636416821713, 1636416821977, 264, 1, 263, 0, 0, 0
2749, 1, 1636416821873, 1636416822146, 273, 1, 272, 0, 1, 1
2750, 1, 1636416821970, 1636416822233, 263, 0, 263, 0, 0, 0
2751, 1, 1636416822037, 1636416822306, 269, 1, 268, 0, 0, 0
2752, 1, 1636416822426, 1636416822701, 275, 0, 275, 0, 0, 0
2753, 1, 1636416822541, 1636416822814, 273, 1, 272, 0, 0, 0
2754, 1, 1636416822726, 1636416822989, 263, 0, 263, 0, 0, 0
2755, 1, 1636416822809, 1636416823077, 268, 1, 267, 0, 1, 1
2756, 1, 1636416822878, 1636416823150, 272, 0, 272, 0, 0, 0
2757, 1, 1636416823277, 1636416823541, 264, 1, 263, 0, 0, 0
2758, 1, 1636416823357, 1636416823621, 264, 1, 263, 1, 0, 1
2759, 1, 1636416823565, 1636416823834, 269, 0, 269, 0, 0, 0
2760, 1, 1636416823657, 1636416823934, 277, 1, 276, 1, 0, 1
2761, 1, 1636416823733, 1636416824006, 273, 1, 272, 0, 0, 0
2762, 1, 1636416824106, 1636416824378, 272, 0, 272, 0, 0, 0
2763, 1, 1636416824206, 1636416824474, 268, 0, 268, 0, 0, 0
2764, 1, 1636416824417, 1636416824685, 268, 0, 268, 0, 0, 0
2765, 1, 1636416824486, 1636416824766, 280, 0, 280, 0, 0, 0
2766, 1, 1636416824541, 1636416824810, 269, 1, 268, 0, 0, 0
2767, 1, 1636416825022, 1636416825298, 276, 0, 276, 0, 0, 0
2768, 1, 1636416825241, 1636416825510, 269, 0, 269, 0, 0, 0
2769, 1, 1636416825297, 1636416825569, 272, 1, 271, 0, 0, 0
2770, 1, 1636416825370, 1636416825638, 268, 0, 268, 0, 0, 0
2771, 1, 1636416826062, 1636416826330, 268, 0, 268, 0, 0, 0
2772, 1, 1636416826122, 1636416826390, 268, 0, 268, 0, 0, 0
2773, 1, 1636416826213, 1636416826482, 269, 1, 268, 1, 0, 1
2774, 1, 1636416826886, 1636416827154, 268, 0, 268, 0, 0, 0
2775, 1, 1636416826950, 1636416827225, 275, 0, 275, 0, 0, 0
2776, 1, 1636416827042, 1636416827314, 272, 0, 272, 0, 0, 0
2777, 1, 1636416827714, 1636416827981, 267, 0, 267, 0, 0, 0
2778, 1, 1636416827774, 1636416828037, 263, 0, 263, 0, 0, 0
2779, 1, 1636416827890, 1636416828158, 268, 0, 268, 0, 0, 0
2780, 1, 1636416828533, 1636416828801, 268, 1, 267, 0, 0, 0
2781, 1, 1636416828597, 1636416828870, 273, 1, 272, 0, 1, 1
2782, 1, 1636416828721, 1636416828989, 268, 1, 267, 0, 1, 1
2783, 1, 1636416829358, 1636416829625, 267, 0, 267, 0, 0, 0
2784, 1, 1636416829418, 1636416829685, 267, 0, 267, 0, 0, 0
2785, 1, 1636416829569, 1636416829842, 273, 1, 272, 0, 0, 0
2786, 1, 1636416830177, 1636416830449, 272, 1, 271, 0, 0, 0
2787, 1, 1636416830233, 1636416830510, 277, 1, 276, 0, 1, 1
2788, 1, 1636416830406, 1636416830678, 272, 0, 272, 0, 0, 0
2789, 1, 1636416830998, 1636416831270, 272, 0, 272, 0, 0, 0
2790, 1, 1636416831065, 1636416831334, 269, 1, 268, 0, 0, 0
2791, 1, 1636416831225, 1636416831489, 264, 0, 264, 0, 0, 0
2792, 1, 1636416831829, 1636416832098, 269, 1, 268, 1, 0, 1
2793, 1, 1636416831922, 1636416832185, 263, 0, 263, 0, 0, 0
2794, 1, 1636416832046, 1636416832317, 271, 0, 271, 0, 0, 0
2795, 1, 1636416832685, 1636416832950, 265, 1, 264, 0, 1, 1
2796, 1, 1636416832749, 1636416833021, 272, 1, 271, 0, 0, 0
2797, 1, 1636416832866, 1636416833138, 272, 0, 272, 0, 0, 0
2798, 1, 1636416833509, 1636416833777, 268, 1, 267, 0, 0, 0
2799, 1, 1636416833709, 1636416833978, 269, 1, 268, 0, 0, 0
2800, 1, 1636416834525, 1636416834798, 273, 1, 272, 0, 0, 0
2801, 1, 1636417030221, 1636417030498, 277, 0, 277, 0, 0, 0
2802, 1, 1636417030809, 1636417031081, 272, 1, 271, 1, 0, 1
2803, 1, 1636417030929, 1636417031201, 272, 1, 271, 1, 0, 1
2804, 1, 1636417031229, 1636417031497, 268, 1, 267, 0, 1, 1
2805, 1, 1636417031517, 1636417031781, 264, 0, 264, 0, 0, 0
2806, 1, 1636417031641, 1636417031909, 268, 0, 268, 0, 0, 0
2807, 1, 1636417031853, 1636417032121, 268, 0, 268, 0, 0, 0
2808, 1, 1636417031946, 1636417032210, 264, 0, 264, 0, 0, 0
2809, 1, 1636417032233, 1636417032501, 268, 0, 268, 0, 0, 0
2810, 1, 1636417032354, 1636417032630, 276, 0, 276, 0, 0, 0
2811, 1, 1636417032517, 1636417032790, 273, 0, 273, 0, 0, 0
2812, 1, 1636417032558, 1636417032834, 276, 0, 276, 0, 0, 0
2813, 1, 1636417032653, 1636417032922, 269, 1, 268, 0, 0, 0
2814, 1, 1636417032945, 1636417033217, 272, 1, 271, 1, 0, 1
2815, 1, 1636417033073, 1636417033345, 272, 1, 271, 0, 0, 0
2816, 1, 1636417033229, 1636417033506, 277, 1, 276, 1, 0, 1
2817, 1, 1636417033269, 1636417033533, 264, 1, 263, 1, 0, 1
2818, 1, 1636417033377, 1636417033645, 268, 1, 267, 1, 0, 1
2819, 1, 1636417033657, 1636417033929, 272, 1, 271, 0, 0, 0
2820, 1, 1636417033933, 1636417034205, 272, 1, 271, 1, 0, 1
2821, 1, 1636417033942, 1636417034217, 275, 0, 275, 0, 0, 0
2822, 1, 1636417033989, 1636417034257, 268, 1, 267, 1, 0, 1
2823, 1, 1636417034209, 1636417034482, 273, 0, 273, 0, 0, 0
2824, 1, 1636417034485, 1636417034758, 273, 1, 272, 0, 1, 1
2825, 1, 1636417034606, 1636417034877, 271, 0, 271, 0, 0, 0
2826, 1, 1636417034653, 1636417034921, 268, 1, 267, 1, 0, 1
2827, 1, 1636417034758, 1636417035030, 272, 0, 272, 0, 0, 0
2828, 1, 1636417034881, 1636417035150, 269, 1, 268, 0, 1, 1
2829, 1, 1636417035161, 1636417035425, 264, 1, 263, 0, 0, 0
2830, 1, 1636417035317, 1636417035586, 269, 1, 268, 1, 0, 1
2831, 1, 1636417035369, 1636417035642, 273, 1, 272, 1, 0, 1
2833, 1, 1636417035553, 1636417035822, 269, 1, 268, 1, 0, 1
2832, 1, 1636417035642, 1636417035910, 268, 0, 268, 0, 0, 0
2834, 1, 1636417035825, 1636417036101, 276, 1, 275, 0, 1, 1
2835, 1, 1636417036030, 1636417036298, 268, 0, 268, 0, 0, 0
2836, 1, 1636417036081, 1636417036345, 264, 1, 263, 1, 0, 1
2837, 1, 1636417036257, 1636417036529, 272, 0, 272, 0, 0, 0
2838, 1, 1636417036314, 1636417036577, 263, 0, 263, 0, 0, 0
2839, 1, 1636417036537, 1636417036801, 264, 1, 263, 0, 1, 1
2840, 1, 1636417036693, 1636417036957, 264, 3, 261, 2, 1, 3
2841, 1, 1636417036801, 1636417037069, 268, 1, 267, 0, 1, 1
2842, 1, 1636417036965, 1636417037229, 264, 1, 263, 0, 0, 0
2843, 1, 1636417036977, 1636417037245, 268, 1, 267, 0, 1, 1
2844, 1, 1636417037257, 1636417037530, 273, 1, 272, 0, 1, 1
2845, 1, 1636417037405, 1636417037681, 276, 1, 275, 0, 1, 1
2847, 1, 1636417037677, 1636417037945, 268, 0, 268, 0, 0, 0
2848, 1, 1636417037701, 1636417037969, 268, 0, 268, 0, 0, 0
2850, 1, 1636417038122, 1636417038394, 272, 0, 272, 0, 0, 0
2852, 1, 1636417038401, 1636417038670, 269, 1, 268, 0, 0, 0
2853, 1, 1636417038841, 1636417039110, 269, 1, 268, 0, 1, 1
2855, 1, 1636417039557, 1636417039826, 269, 1, 268, 0, 1, 1
2856, 1, 1636417040273, 1636417040546, 273, 1, 272, 0, 0, 0
2857, 1, 1636417040982, 1636417041254, 272, 0, 272, 0, 0, 0
2858, 1, 1636417041694, 1636417041962, 268, 0, 268, 0, 0, 0
2859, 1, 1636417042413, 1636417042686, 273, 1, 272, 0, 0, 0
2860, 1, 1636417043134, 1636417043410, 276, 0, 276, 0, 0, 0
2861, 1, 1636417043846, 1636417044122, 276, 0, 276, 0, 0, 0
2862, 1, 1636417044562, 1636417044834, 272, 0, 272, 0, 0, 0
2863, 1, 1636417045270, 1636417045537, 267, 0, 267, 0, 0, 0
2864, 1, 1636417045981, 1636417046253, 272, 1, 271, 1, 0, 1
2865, 1, 1636417046686, 1636417046958, 272, 0, 272, 0, 0, 0
2866, 1, 1636417047398, 1636417047670, 272, 0, 272, 0, 0, 0
2846, 2, 1636417037681, 1636417047730, 10049, 0, 10049, 0, 0, 0
2854, 1, 1636417047778, 1636417048046, 268, 0, 268, 0, 0, 0
2851, 1, 1636417048049, 1636417048313, 264, 1, 263, 0, 1, 1
2867, 1, 1636417048082, 1636417048345, 263, 0, 263, 0, 0, 0
2868, 1, 1636417048105, 1636417048374, 269, 1, 268, 0, 0, 0
2869, 1, 1636417048274, 1636417048542, 268, 0, 268, 0, 0, 0
2870, 1, 1636417048545, 1636417048813, 268, 1, 267, 0, 1, 1
2872, 1, 1636417048757, 1636417049030, 273, 0, 273, 0, 0, 0
2871, 1, 1636417048817, 1636417049081, 264, 1, 263, 0, 1, 1
2873, 1, 1636417048817, 1636417049085, 268, 1, 267, 0, 1, 1
2874, 1, 1636417048941, 1636417049214, 273, 1, 272, 0, 0, 0
2875, 1, 1636417049217, 1636417049486, 269, 1, 268, 1, 0, 1
2876, 1, 1636417049430, 1636417049698, 268, 0, 268, 0, 0, 0
2877, 1, 1636417049493, 1636417049765, 272, 1, 271, 0, 1, 1
2878, 1, 1636417049533, 1636417049806, 273, 1, 272, 0, 1, 1
2879, 1, 1636417049657, 1636417049930, 273, 1, 272, 0, 1, 1
2880, 1, 1636417049933, 1636417050201, 268, 1, 267, 0, 0, 0
2881, 1, 1636417050150, 1636417050417, 267, 0, 267, 0, 0, 0
2882, 1, 1636417050205, 1636417050478, 273, 0, 273, 0, 0, 0
2883, 1, 1636417050246, 1636417050514, 268, 0, 268, 0, 0, 0
2884, 1, 1636417050369, 1636417050641, 272, 1, 271, 0, 1, 1
2885, 1, 1636417050645, 1636417050922, 277, 1, 276, 1, 0, 1
2886, 1, 1636417050866, 1636417051130, 264, 0, 264, 0, 0, 0
2887, 1, 1636417050921, 1636417051194, 273, 1, 272, 0, 0, 0
2888, 1, 1636417050961, 1636417051230, 269, 1, 268, 1, 0, 1
2889, 1, 1636417051086, 1636417051350, 264, 0, 264, 0, 0, 0
2890, 1, 1636417051353, 1636417051622, 269, 0, 269, 0, 0, 0
2891, 1, 1636417051577, 1636417051846, 269, 1, 268, 1, 0, 1
2892, 1, 1636417051625, 1636417051889, 264, 0, 264, 0, 0, 0
2893, 1, 1636417051681, 1636417051950, 269, 1, 268, 1, 0, 1
2894, 1, 1636417051754, 1636417052025, 271, 0, 271, 0, 0, 0
2895, 1, 1636417052025, 1636417052294, 269, 1, 268, 0, 0, 0
2897, 1, 1636417052297, 1636417052562, 265, 1, 264, 0, 0, 0
2898, 1, 1636417052385, 1636417052653, 268, 1, 267, 0, 1, 1
2899, 1, 1636417052473, 1636417052742, 269, 1, 268, 0, 0, 0
2900, 1, 1636417052745, 1636417053014, 269, 1, 268, 0, 1, 1
2901, 1, 1636417053010, 1636417053278, 268, 0, 268, 0, 0, 0
2902, 1, 1636417053101, 1636417053366, 265, 1, 264, 0, 0, 0
2903, 1, 1636417053186, 1636417053454, 268, 0, 268, 0, 0, 0
2904, 1, 1636417053457, 1636417053725, 268, 1, 267, 0, 0, 0
2905, 1, 1636417053717, 1636417053985, 268, 1, 267, 0, 1, 1
2906, 1, 1636417053810, 1636417054074, 264, 0, 264, 0, 0, 0
2907, 1, 1636417053898, 1636417054166, 268, 0, 268, 0, 0, 0
2908, 1, 1636417054166, 1636417054430, 264, 0, 264, 0, 0, 0
2909, 1, 1636417054433, 1636417054702, 269, 1, 268, 1, 0, 1
2910, 1, 1636417054522, 1636417054794, 272, 0, 272, 0, 0, 0
2911, 1, 1636417054614, 1636417054882, 268, 0, 268, 0, 0, 0
2912, 1, 1636417054886, 1636417055150, 264, 0, 264, 0, 0, 0
2913, 1, 1636417055154, 1636417055417, 263, 0, 263, 0, 0, 0
2914, 1, 1636417055238, 1636417055501, 263, 0, 263, 0, 0, 0
2915, 1, 1636417055334, 1636417055610, 276, 0, 276, 0, 0, 0
2916, 1, 1636417055609, 1636417055874, 265, 1, 264, 0, 0, 0
2917, 1, 1636417055874, 1636417056146, 272, 0, 272, 0, 0, 0
2918, 1, 1636417055965, 1636417056237, 272, 1, 271, 0, 0, 0
2919, 1, 1636417056045, 1636417056318, 273, 1, 272, 0, 0, 0
2920, 1, 1636417056321, 1636417056590, 269, 1, 268, 0, 1, 1
2921, 1, 1636417056594, 1636417056866, 272, 0, 272, 0, 0, 0
2922, 1, 1636417056686, 1636417056950, 264, 0, 264, 0, 0, 0
2923, 1, 1636417056754, 1636417057025, 271, 0, 271, 0, 0, 0
2896, 1, 1636417056953, 1636417057226, 273, 1, 272, 1, 0, 1
2924, 1, 1636417057029, 1636417057298, 269, 1, 268, 0, 0, 0
2925, 1, 1636417057298, 1636417057566, 268, 0, 268, 0, 0, 0
2926, 1, 1636417057402, 1636417057670, 268, 0, 268, 0, 0, 0
2927, 1, 1636417057461, 1636417057733, 272, 1, 271, 0, 0, 0
2928, 1, 1636417057629, 1636417057893, 264, 1, 263, 0, 1, 1
2929, 1, 1636417057737, 1636417058005, 268, 1, 267, 0, 1, 1
2930, 1, 1636417058009, 1636417058281, 272, 1, 271, 1, 0, 1
2931, 1, 1636417058117, 1636417058390, 273, 1, 272, 0, 1, 1
2932, 1, 1636417058285, 1636417058554, 269, 0, 269, 0, 0, 0
2933, 1, 1636417058306, 1636417058578, 272, 0, 272, 0, 0, 0
2934, 1, 1636417058557, 1636417058829, 272, 0, 272, 0, 0, 0
2935, 1, 1636417058717, 1636417058981, 264, 0, 264, 0, 0, 0
2936, 1, 1636417058837, 1636417059101, 264, 1, 263, 0, 0, 0
2937, 1, 1636417058958, 1636417059229, 271, 0, 271, 0, 0, 0
2938, 1, 1636417059009, 1636417059277, 268, 1, 267, 0, 0, 0
2939, 1, 1636417059233, 1636417059501, 268, 1, 267, 0, 1, 1
2940, 1, 1636417059506, 1636417059774, 268, 0, 268, 0, 0, 0
2941, 1, 1636417059561, 1636417059838, 277, 1, 276, 1, 0, 1
2942, 1, 1636417059670, 1636417059937, 267, 0, 267, 0, 0, 0
2943, 1, 1636417059733, 1636417059997, 264, 1, 263, 0, 1, 1
2944, 1, 1636417059941, 1636417060214, 273, 1, 272, 0, 0, 0
2945, 1, 1636417060217, 1636417060481, 264, 1, 263, 0, 1, 1
2946, 1, 1636417060273, 1636417060542, 269, 1, 268, 0, 0, 0
2948, 1, 1636417060453, 1636417060726, 273, 1, 272, 0, 1, 1
2947, 1, 1636417060485, 1636417060750, 265, 1, 264, 0, 0, 0
2949, 1, 1636417060750, 1636417061022, 272, 0, 272, 0, 0, 0
2951, 1, 1636417060989, 1636417061257, 268, 1, 267, 1, 0, 1
2950, 1, 1636417061022, 1636417061289, 267, 0, 267, 0, 0, 0
2952, 1, 1636417061149, 1636417061417, 268, 1, 267, 1, 0, 1
2953, 1, 1636417061166, 1636417061429, 263, 0, 263, 0, 0, 0
2954, 1, 1636417061417, 1636417061686, 269, 1, 268, 1, 0, 1
2955, 1, 1636417061689, 1636417061954, 265, 1, 264, 1, 0, 1
2956, 1, 1636417061701, 1636417061965, 264, 0, 264, 0, 0, 0
2957, 1, 1636417061825, 1636417062090, 265, 1, 264, 0, 0, 0
2958, 1, 1636417061877, 1636417062145, 268, 1, 267, 1, 0, 1
2959, 1, 1636417062098, 1636417062369, 271, 0, 271, 0, 0, 0
2960, 1, 1636417062373, 1636417062646, 273, 0, 273, 0, 0, 0
2961, 1, 1636417062413, 1636417062677, 264, 0, 264, 0, 0, 0
2962, 1, 1636417062537, 1636417062806, 269, 1, 268, 1, 0, 1
2963, 1, 1636417062585, 1636417062853, 268, 0, 268, 0, 0, 0
2964, 1, 1636417062809, 1636417063082, 273, 1, 272, 0, 0, 0
2965, 1, 1636417063085, 1636417063349, 264, 0, 264, 0, 0, 0
2966, 1, 1636417063117, 1636417063386, 269, 0, 269, 0, 0, 0
2967, 1, 1636417063246, 1636417063518, 272, 0, 272, 0, 0, 0
2968, 1, 1636417063297, 1636417063565, 268, 1, 267, 0, 0, 0
2969, 1, 1636417063518, 1636417063786, 268, 1, 267, 0, 1, 1
2970, 1, 1636417063786, 1636417064054, 268, 0, 268, 0, 0, 0
2971, 1, 1636417063841, 1636417064106, 265, 1, 264, 0, 0, 0
2973, 1, 1636417064009, 1636417064274, 265, 1, 264, 1, 0, 1
2972, 1, 1636417064109, 1636417064382, 273, 1, 272, 0, 1, 1
2974, 1, 1636417064386, 1636417064662, 276, 0, 276, 0, 0, 0
2976, 1, 1636417064550, 1636417064817, 267, 0, 267, 0, 0, 0
2975, 1, 1636417064662, 1636417064938, 276, 0, 276, 0, 0, 0
2977, 1, 1636417064721, 1636417064994, 273, 0, 273, 0, 0, 0
2978, 1, 1636417064777, 1636417065045, 268, 0, 268, 0, 0, 0
2979, 1, 1636417065061, 1636417065334, 273, 1, 272, 0, 1, 1
2980, 1, 1636417065273, 1636417065542, 269, 1, 268, 0, 0, 0
2981, 1, 1636417065338, 1636417065610, 272, 0, 272, 0, 0, 0
2982, 1, 1636417065433, 1636417065706, 273, 1, 272, 0, 1, 1
2983, 1, 1636417065449, 1636417065722, 273, 1, 272, 0, 1, 1
2984, 1, 1636417065777, 1636417066050, 273, 1, 272, 1, 0, 1
2985, 1, 1636417065989, 1636417066261, 272, 1, 271, 0, 1, 1
2986, 1, 1636417066049, 1636417066313, 264, 1, 263, 0, 0, 0
2987, 1, 1636417066145, 1636417066413, 268, 1, 267, 0, 0, 0
2988, 1, 1636417066157, 1636417066425, 268, 1, 267, 0, 1, 1
2989, 1, 1636417066489, 1636417066766, 277, 1, 276, 1, 0, 1
2990, 1, 1636417066701, 1636417066969, 268, 1, 267, 0, 1, 1
2991, 1, 1636417066769, 1636417067034, 265, 1, 264, 0, 0, 0
2992, 1, 1636417066857, 1636417067130, 273, 1, 272, 1, 0, 1
2993, 1, 1636417066878, 1636417067145, 267, 0, 267, 0, 0, 0
2994, 1, 1636417067205, 1636417067474, 269, 1, 268, 0, 0, 0
2995, 1, 1636417067417, 1636417067685, 268, 0, 268, 0, 0, 0
2996, 1, 1636417067477, 1636417067746, 269, 1, 268, 0, 0, 0
2997, 1, 1636417067573, 1636417067837, 264, 1, 263, 0, 0, 0
2998, 1, 1636417067589, 1636417067862, 273, 0, 273, 0, 0, 0
2999, 1, 1636417067873, 1636417068142, 269, 1, 268, 0, 0, 0
3000, 1, 1636417068130, 1636417068398, 268, 0, 268, 0, 0, 0
3001, 1, 1636417068149, 1636417068414, 265, 1, 264, 1, 0, 1
3002, 1, 1636417068285, 1636417068549, 264, 1, 263, 1, 0, 1
3003, 1, 1636417068310, 1636417068574, 264, 0, 264, 0, 0, 0
3004, 1, 1636417068590, 1636417068853, 263, 0, 263, 0, 0, 0
3005, 1, 1636417068846, 1636417069113, 267, 0, 267, 0, 0, 0
3006, 1, 1636417068865, 1636417069138, 273, 1, 272, 0, 0, 0
3007, 1, 1636417068997, 1636417069265, 268, 1, 267, 0, 0, 0
3008, 1, 1636417069017, 1636417069290, 273, 0, 273, 0, 0, 0
3009, 1, 1636417069305, 1636417069578, 273, 1, 272, 0, 0, 0
3010, 1, 1636417069566, 1636417069838, 272, 0, 272, 0, 0, 0
3011, 1, 1636417069581, 1636417069846, 265, 1, 264, 0, 1, 1
3012, 1, 1636417069714, 1636417069989, 275, 0, 275, 0, 0, 0
3013, 1, 1636417069730, 1636417069998, 268, 0, 268, 0, 0, 0
3014, 1, 1636417070017, 1636417070290, 273, 1, 272, 0, 0, 0
3015, 1, 1636417070277, 1636417070549, 272, 1, 271, 0, 0, 0
3016, 1, 1636417070293, 1636417070558, 265, 1, 264, 0, 0, 0
3017, 1, 1636417070426, 1636417070689, 263, 0, 263, 0, 0, 0
3018, 1, 1636417070445, 1636417070717, 272, 1, 271, 0, 0, 0
3019, 1, 1636417070725, 1636417070998, 273, 1, 272, 0, 0, 0
3020, 1, 1636417070990, 1636417071266, 276, 0, 276, 0, 0, 0
3021, 1, 1636417071005, 1636417071273, 268, 1, 267, 0, 0, 0
3022, 1, 1636417071138, 1636417071405, 267, 0, 267, 0, 0, 0
3023, 1, 1636417071162, 1636417071434, 272, 0, 272, 0, 0, 0
3024, 1, 1636417071445, 1636417071713, 268, 1, 267, 0, 1, 1
3025, 1, 1636417071697, 1636417071970, 273, 0, 273, 0, 0, 0
3026, 1, 1636417071725, 1636417071993, 268, 1, 267, 0, 0, 0
3027, 1, 1636417071857, 1636417072129, 272, 1, 271, 0, 1, 1
3028, 1, 1636417071878, 1636417072145, 267, 0, 267, 0, 0, 0
3029, 1, 1636417072162, 1636417072429, 267, 0, 267, 0, 0, 0
3030, 1, 1636417072409, 1636417072678, 269, 0, 269, 0, 0, 0
3031, 1, 1636417072433, 1636417072705, 272, 1, 271, 0, 1, 1
3032, 1, 1636417072577, 1636417072845, 268, 1, 267, 0, 0, 0
3033, 1, 1636417072586, 1636417072854, 268, 0, 268, 0, 0, 0
3034, 1, 1636417072874, 1636417073142, 268, 0, 268, 0, 0, 0
3035, 1, 1636417073126, 1636417073389, 263, 0, 263, 0, 0, 0
3036, 1, 1636417073149, 1636417073414, 265, 1, 264, 0, 0, 0
3037, 1, 1636417073297, 1636417073566, 269, 1, 268, 0, 0, 0
3038, 1, 1636417073306, 1636417073578, 272, 0, 272, 0, 0, 0
3039, 1, 1636417073586, 1636417073862, 276, 0, 276, 0, 0, 0
3040, 1, 1636417073833, 1636417074101, 268, 1, 267, 0, 0, 0
3041, 1, 1636417073862, 1636417074130, 268, 1, 267, 0, 0, 0
3042, 1, 1636417074017, 1636417074289, 272, 1, 271, 1, 0, 1
3043, 1, 1636417074017, 1636417074289, 272, 1, 271, 1, 0, 1
3044, 1, 1636417074305, 1636417074578, 273, 1, 272, 1, 0, 1
3045, 1, 1636417074533, 1636417074801, 268, 0, 268, 0, 0, 0
3046, 1, 1636417074585, 1636417074853, 268, 1, 267, 0, 0, 0
3047, 1, 1636417074734, 1636417075001, 267, 0, 267, 0, 0, 0
3048, 1, 1636417074741, 1636417075009, 268, 1, 267, 0, 0, 0
3049, 1, 1636417075025, 1636417075298, 273, 1, 272, 0, 1, 1
3050, 1, 1636417075249, 1636417075517, 268, 1, 267, 0, 0, 0
3051, 1, 1636417075301, 1636417075570, 269, 0, 269, 0, 0, 0
3052, 1, 1636417075450, 1636417075726, 276, 0, 276, 0, 0, 0
3053, 1, 1636417075453, 1636417075726, 273, 1, 272, 1, 0, 1
3054, 1, 1636417075733, 1636417076005, 272, 0, 272, 0, 0, 0
3055, 1, 1636417075958, 1636417076221, 263, 0, 263, 0, 0, 0
3056, 1, 1636417076014, 1636417076285, 271, 0, 271, 0, 0, 0
3057, 1, 1636417076166, 1636417076438, 272, 0, 272, 0, 0, 0
3058, 1, 1636417076173, 1636417076438, 265, 1, 264, 0, 0, 0
3059, 1, 1636417076449, 1636417076725, 276, 0, 276, 0, 0, 0
3060, 1, 1636417076673, 1636417076942, 269, 1, 268, 0, 1, 1
3061, 1, 1636417076733, 1636417077009, 276, 1, 275, 1, 0, 1
3062, 1, 1636417076886, 1636417077158, 272, 0, 272, 0, 0, 0
3063, 1, 1636417076945, 1636417077214, 269, 0, 269, 0, 0, 0
3064, 1, 1636417077169, 1636417077433, 264, 1, 263, 0, 1, 1
3065, 1, 1636417077382, 1636417077654, 272, 0, 272, 0, 0, 0
3066, 1, 1636417077446, 1636417077717, 271, 0, 271, 0, 0, 0
3067, 1, 1636417077597, 1636417077870, 273, 1, 272, 0, 0, 0
3068, 1, 1636417077657, 1636417077926, 269, 0, 269, 0, 0, 0
3069, 1, 1636417077881, 1636417078150, 269, 1, 268, 0, 0, 0
3070, 1, 1636417078089, 1636417078357, 268, 1, 267, 1, 0, 1
3071, 1, 1636417078150, 1636417078417, 267, 1, 266, 0, 1, 1
3072, 1, 1636417078310, 1636417078581, 271, 0, 271, 0, 0, 0
3073, 1, 1636417078365, 1636417078638, 273, 1, 272, 1, 0, 1
3074, 1, 1636417078597, 1636417078865, 268, 1, 267, 0, 1, 1
3075, 1, 1636417078806, 1636417079078, 272, 0, 272, 0, 0, 0
3076, 1, 1636417078869, 1636417079146, 277, 1, 276, 1, 0, 1
3077, 1, 1636417079029, 1636417079298, 269, 1, 268, 0, 0, 0
3078, 1, 1636417079077, 1636417079349, 272, 1, 271, 0, 0, 0
3079, 1, 1636417079313, 1636417079577, 264, 1, 263, 1, 0, 1
3080, 1, 1636417079514, 1636417079786, 272, 0, 272, 0, 0, 0
3081, 1, 1636417079581, 1636417079858, 277, 1, 276, 1, 0, 1
3083, 1, 1636417079790, 1636417080065, 275, 0, 275, 0, 0, 0
3082, 1, 1636417079861, 1636417080138, 277, 1, 276, 0, 1, 1
3084, 1, 1636417080134, 1636417080405, 271, 4, 267, 4, 0, 4
3085, 1, 1636417080234, 1636417080501, 267, 0, 267, 0, 0, 0
3086, 1, 1636417080405, 1636417080674, 269, 1, 268, 1, 0, 1
3087, 1, 1636417080501, 1636417080766, 265, 1, 264, 0, 0, 0
3088, 1, 1636417080537, 1636417080813, 276, 1, 275, 0, 0, 0
3089, 1, 1636417080817, 1636417081085, 268, 0, 268, 0, 0, 0
3090, 1, 1636417080953, 1636417081222, 269, 1, 268, 0, 0, 0
3091, 1, 1636417081089, 1636417081358, 269, 0, 269, 0, 0, 0
3092, 1, 1636417081177, 1636417081442, 265, 0, 265, 0, 0, 0
3093, 1, 1636417081253, 1636417081526, 273, 1, 272, 0, 1, 1
3094, 1, 1636417081530, 1636417081794, 264, 0, 264, 0, 0, 0
3095, 1, 1636417081658, 1636417081926, 268, 0, 268, 0, 0, 0
3096, 1, 1636417081797, 1636417082061, 264, 1, 263, 1, 0, 1
3097, 1, 1636417081894, 1636417082162, 268, 0, 268, 0, 0, 0
3098, 1, 1636417081966, 1636417082230, 264, 0, 264, 0, 0, 0
3099, 1, 1636417082238, 1636417082514, 276, 0, 276, 0, 0, 0
3100, 1, 1636417082374, 1636417082642, 268, 0, 268, 0, 0, 0
3101, 1, 1636417082517, 1636417082790, 273, 0, 273, 0, 0, 0
3102, 1, 1636417082618, 1636417082889, 271, 0, 271, 0, 0, 0
3103, 1, 1636417082642, 1636417082914, 272, 0, 272, 0, 0, 0
3104, 1, 1636417082953, 1636417083222, 269, 1, 268, 0, 1, 1
3105, 1, 1636417083081, 1636417083345, 264, 1, 263, 1, 0, 1
3106, 1, 1636417083225, 1636417083497, 272, 1, 271, 1, 0, 1
3107, 1, 1636417083330, 1636417083597, 267, 0, 267, 0, 0, 0
3108, 1, 1636417083358, 1636417083630, 272, 0, 272, 0, 0, 0
3109, 1, 1636417083661, 1636417083930, 269, 1, 268, 1, 0, 1
3110, 1, 1636417083793, 1636417084069, 276, 1, 275, 0, 0, 0
3111, 1, 1636417083930, 1636417084201, 271, 1, 270, 0, 0, 0
3112, 1, 1636417084046, 1636417084314, 268, 0, 268, 0, 0, 0
3113, 1, 1636417084061, 1636417084330, 269, 1, 268, 1, 0, 1
3114, 1, 1636417084334, 1636417084602, 268, 0, 268, 0, 0, 0
3115, 1, 1636417084505, 1636417084773, 268, 1, 267, 0, 0, 0
3116, 1, 1636417084637, 1636417084905, 268, 1, 267, 1, 0, 1
3117, 1, 1636417084762, 1636417085030, 268, 0, 268, 0, 0, 0
3118, 1, 1636417084770, 1636417085034, 264, 0, 264, 0, 0, 0
3119, 1, 1636417085037, 1636417085306, 269, 1, 268, 0, 1, 1
3120, 1, 1636417085221, 1636417085494, 273, 0, 273, 0, 0, 0
3121, 1, 1636417085309, 1636417085582, 273, 1, 272, 1, 0, 1
3123, 1, 1636417085473, 1636417085745, 272, 1, 271, 1, 0, 1
3122, 1, 1636417085473, 1636417085745, 272, 1, 271, 0, 0, 0
3124, 1, 1636417085745, 1636417086014, 269, 1, 268, 1, 0, 1
3125, 1, 1636417085926, 1636417086197, 271, 0, 271, 0, 0, 0
3126, 1, 1636417086017, 1636417086281, 264, 0, 264, 0, 0, 0
3128, 1, 1636417086194, 1636417086462, 268, 0, 268, 0, 0, 0
3127, 1, 1636417086189, 1636417086462, 273, 1, 272, 0, 0, 0
3129, 1, 1636417086466, 1636417086729, 263, 0, 263, 0, 0, 0
3130, 1, 1636417086654, 1636417086917, 263, 0, 263, 0, 0, 0
3131, 1, 1636417086734, 1636417087002, 268, 0, 268, 0, 0, 0
3132, 1, 1636417086901, 1636417087166, 265, 1, 264, 1, 0, 1
3135, 1, 1636417087366, 1636417087638, 272, 0, 272, 0, 0, 0
3137, 1, 1636417087613, 1636417087886, 273, 1, 272, 0, 0, 0
3138, 1, 1636417088074, 1636417088345, 271, 0, 271, 0, 0, 0
3139, 1, 1636417088317, 1636417088589, 272, 1, 271, 0, 1, 1
3140, 1, 1636417088790, 1636417089062, 272, 0, 272, 0, 0, 0
3141, 1, 1636417089026, 1636417089298, 272, 0, 272, 0, 0, 0
3142, 1, 1636417089506, 1636417089778, 272, 0, 272, 0, 0, 0
3143, 1, 1636417089741, 1636417090014, 273, 1, 272, 0, 0, 0
3144, 1, 1636417090218, 1636417090490, 272, 0, 272, 0, 0, 0
3145, 1, 1636417090454, 1636417090722, 268, 0, 268, 0, 0, 0
3146, 1, 1636417090934, 1636417091206, 272, 0, 272, 0, 0, 0
3147, 1, 1636417091161, 1636417091434, 273, 1, 272, 0, 0, 0
3148, 1, 1636417091653, 1636417091926, 273, 1, 272, 0, 0, 0
3149, 1, 1636417091869, 1636417092142, 273, 1, 272, 0, 0, 0
3150, 1, 1636417092370, 1636417092642, 272, 0, 272, 0, 0, 0
3151, 1, 1636417092585, 1636417092858, 273, 0, 273, 0, 0, 0
3152, 1, 1636417093086, 1636417093357, 271, 0, 271, 0, 0, 0
3153, 1, 1636417093301, 1636417093574, 273, 1, 272, 0, 1, 1
3154, 1, 1636417093793, 1636417094065, 272, 0, 272, 0, 0, 0
3155, 1, 1636417094017, 1636417094290, 273, 1, 272, 0, 1, 1
3156, 1, 1636417094509, 1636417094777, 268, 1, 267, 1, 0, 1
3157, 1, 1636417094726, 1636417094994, 268, 0, 268, 0, 0, 0
3158, 1, 1636417095217, 1636417095486, 269, 1, 268, 0, 0, 0
3159, 1, 1636417095489, 1636417095758, 269, 1, 268, 0, 1, 1
3160, 1, 1636417095926, 1636417096198, 272, 0, 272, 0, 0, 0
3161, 1, 1636417096198, 1636417096466, 268, 0, 268, 0, 0, 0
3162, 1, 1636417096638, 1636417096954, 316, 0, 316, 0, 0, 0
3163, 1, 1636417096910, 1636417097213, 303, 0, 303, 0, 0, 0
3136, 1, 1636417097166, 1636417097433, 267, 0, 267, 0, 0, 0
3164, 1, 1636417097394, 1636417097658, 264, 0, 264, 0, 0, 0
3165, 1, 1636417097478, 1636417097746, 268, 0, 268, 0, 0, 0
3166, 1, 1636417097478, 1636417097746, 268, 0, 268, 0, 0, 0
3167, 1, 1636417097622, 1636417097890, 268, 0, 268, 0, 0, 0
3168, 1, 1636417097834, 1636417098101, 267, 0, 267, 0, 0, 0
3169, 1, 1636417098101, 1636417098366, 265, 1, 264, 1, 0, 1
3171, 1, 1636417098149, 1636417098413, 264, 1, 263, 0, 0, 0
3170, 1, 1636417098149, 1636417098414, 265, 0, 265, 0, 0, 0
3172, 1, 1636417098294, 1636417098565, 271, 0, 271, 0, 0, 0
3173, 1, 1636417098506, 1636417098773, 267, 0, 267, 0, 0, 0
3174, 1, 1636417098777, 1636417099046, 269, 0, 269, 0, 0, 0
3176, 1, 1636417098817, 1636417099090, 273, 1, 272, 1, 0, 1
3175, 1, 1636417098817, 1636417099090, 273, 1, 272, 1, 0, 1
3177, 1, 1636417099009, 1636417099282, 273, 1, 272, 1, 0, 1
3178, 1, 1636417099217, 1636417099489, 272, 1, 271, 0, 1, 1
3179, 1, 1636417099486, 1636417099757, 271, 0, 271, 0, 0, 0
3180, 1, 1636417099533, 1636417099797, 264, 1, 263, 1, 0, 1
3181, 1, 1636417099533, 1636417099801, 268, 1, 267, 0, 0, 0
3182, 1, 1636417099725, 1636417099998, 273, 1, 272, 0, 1, 1
3183, 1, 1636417099934, 1636417100201, 267, 0, 267, 0, 0, 0
3184, 1, 1636417100213, 1636417100481, 268, 1, 267, 1, 0, 1
3186, 1, 1636417100249, 1636417100517, 268, 1, 267, 0, 0, 0
3185, 1, 1636417100249, 1636417100518, 269, 1, 268, 0, 0, 0
3187, 1, 1636417100437, 1636417100706, 269, 1, 268, 0, 0, 0
3188, 1, 1636417100645, 1636417100917, 272, 0, 272, 0, 0, 0
3189, 1, 1636417100917, 1636417101189, 272, 1, 271, 0, 1, 1
3191, 1, 1636417100973, 1636417101237, 264, 1, 263, 1, 0, 1
3190, 1, 1636417100969, 1636417101246, 277, 1, 276, 0, 1, 1
3192, 1, 1636417101157, 1636417101426, 269, 1, 268, 1, 0, 1
3193, 1, 1636417101366, 1636417101633, 267, 0, 267, 0, 0, 0
3195, 1, 1636417101686, 1636417101958, 272, 0, 272, 0, 0, 0
3194, 1, 1636417101686, 1636417101958, 272, 0, 272, 0, 0, 0
3196, 1, 1636417101870, 1636417102137, 267, 0, 267, 0, 0, 0
3197, 1, 1636417102078, 1636417102346, 268, 0, 268, 0, 0, 0
3198, 1, 1636417102393, 1636417102658, 265, 1, 264, 0, 1, 1
3199, 1, 1636417102401, 1636417102674, 273, 1, 272, 0, 0, 0
3200, 1, 1636417102589, 1636417102862, 273, 1, 272, 0, 1, 1
3201, 1, 1636417102797, 1636417103065, 268, 1, 267, 0, 0, 0
3202, 1, 1636417103110, 1636417103378, 268, 0, 268, 0, 0, 0
3203, 1, 1636417103117, 1636417103381, 264, 1, 263, 0, 0, 0
3204, 1, 1636417103301, 1636417103574, 273, 1, 272, 0, 0, 0
3205, 1, 1636417103517, 1636417103789, 272, 1, 271, 0, 1, 1
3206, 1, 1636417103818, 1636417104086, 268, 0, 268, 0, 0, 0
3207, 1, 1636417103837, 1636417104109, 272, 1, 271, 0, 1, 1
3208, 1, 1636417104022, 1636417104294, 272, 0, 272, 0, 0, 0
3209, 1, 1636417104230, 1636417104498, 268, 0, 268, 0, 0, 0
3210, 1, 1636417104534, 1636417104801, 267, 0, 267, 0, 0, 0
3211, 1, 1636417104561, 1636417104834, 273, 1, 272, 0, 1, 1
3212, 1, 1636417104741, 1636417105009, 268, 1, 267, 0, 0, 0
3213, 1, 1636417104950, 1636417105225, 275, 0, 275, 0, 0, 0
3214, 1, 1636417105245, 1636417105513, 268, 1, 267, 0, 0, 0
3215, 1, 1636417105269, 1636417105538, 269, 1, 268, 0, 0, 0
3216, 1, 1636417105449, 1636417105726, 277, 1, 276, 1, 0, 1
3217, 1, 1636417105657, 1636417105929, 272, 1, 271, 1, 0, 1
3218, 1, 1636417105954, 1636417106225, 271, 0, 271, 0, 0, 0
3219, 1, 1636417105977, 1636417106249, 272, 1, 271, 1, 0, 1
3220, 1, 1636417106158, 1636417106425, 267, 0, 267, 0, 0, 0
3221, 1, 1636417106378, 1636417106642, 264, 0, 264, 0, 0, 0
3222, 1, 1636417106677, 1636417106949, 272, 0, 272, 0, 0, 0
3223, 1, 1636417106689, 1636417106962, 273, 0, 273, 0, 0, 0
3224, 1, 1636417106874, 1636417107138, 264, 0, 264, 0, 0, 0
3225, 1, 1636417107093, 1636417107366, 273, 1, 272, 1, 0, 1
3226, 1, 1636417107386, 1636417107653, 267, 0, 267, 0, 0, 0
3227, 1, 1636417107398, 1636417107670, 272, 0, 272, 0, 0, 0
3228, 1, 1636417107589, 1636417107866, 277, 1, 276, 0, 0, 0
3229, 1, 1636417107801, 1636417108073, 272, 0, 272, 0, 0, 0
3230, 1, 1636417108093, 1636417108365, 272, 1, 271, 0, 0, 0
3231, 1, 1636417108117, 1636417108385, 268, 1, 267, 1, 0, 1
3232, 1, 1636417108309, 1636417108577, 268, 1, 267, 1, 0, 1
3233, 1, 1636417108522, 1636417108793, 271, 0, 271, 0, 0, 0
3234, 1, 1636417108810, 1636417109073, 263, 0, 263, 0, 0, 0
3235, 1, 1636417108822, 1636417109094, 272, 0, 272, 0, 0, 0
3236, 1, 1636417109009, 1636417109281, 272, 1, 271, 0, 0, 0
3237, 1, 1636417109242, 1636417109510, 268, 0, 268, 0, 0, 0
3238, 1, 1636417109525, 1636417109801, 276, 1, 275, 1, 0, 1
3239, 1, 1636417109529, 1636417109805, 276, 1, 275, 1, 0, 1
3240, 1, 1636417109730, 1636417109998, 268, 0, 268, 0, 0, 0
3241, 1, 1636417109957, 1636417110234, 277, 1, 276, 0, 1, 1
3242, 1, 1636417110238, 1636417110505, 267, 0, 267, 0, 0, 0
3243, 1, 1636417110254, 1636417110526, 272, 0, 272, 0, 0, 0
3244, 1, 1636417110449, 1636417110725, 276, 1, 275, 0, 0, 0
3245, 1, 1636417110666, 1636417110938, 272, 0, 272, 0, 0, 0
3246, 1, 1636417110954, 1636417111226, 272, 0, 272, 0, 0, 0
3247, 1, 1636417110958, 1636417111233, 275, 0, 275, 0, 0, 0
3248, 1, 1636417111162, 1636417111437, 275, 0, 275, 0, 0, 0
3249, 1, 1636417111390, 1636417111658, 268, 0, 268, 0, 0, 0
3250, 1, 1636417111666, 1636417111938, 272, 0, 272, 0, 0, 0
3251, 1, 1636417111666, 1636417111938, 272, 0, 272, 0, 0, 0
3252, 1, 1636417112098, 1636417112369, 271, 0, 271, 0, 0, 0
3254, 1, 1636417112389, 1636417112653, 264, 1, 263, 0, 0, 0
3253, 1, 1636417112382, 1636417112654, 272, 0, 272, 0, 0, 0
3255, 1, 1636417112817, 1636417113094, 277, 1, 276, 0, 0, 0
3256, 1, 1636417113098, 1636417113370, 272, 0, 272, 0, 0, 0
3257, 1, 1636417113098, 1636417113370, 272, 0, 272, 0, 0, 0
3258, 1, 1636417113529, 1636417113802, 273, 1, 272, 1, 0, 1
3260, 1, 1636417113817, 1636417114082, 265, 0, 265, 0, 0, 0
3259, 1, 1636417113810, 1636417114085, 275, 0, 275, 0, 0, 0
3261, 1, 1636417114250, 1636417114525, 275, 0, 275, 0, 0, 0
3262, 1, 1636417114530, 1636417114797, 267, 0, 267, 0, 0, 0
3263, 1, 1636417114530, 1636417114797, 267, 0, 267, 0, 0, 0
3264, 1, 1636417114966, 1636417115234, 268, 0, 268, 0, 0, 0
3265, 1, 1636417115233, 1636417115498, 265, 1, 264, 0, 0, 0
3266, 1, 1636417115245, 1636417115514, 269, 1, 268, 0, 0, 0
3267, 1, 1636417115677, 1636417115950, 273, 1, 272, 0, 0, 0
3268, 1, 1636417115957, 1636417116230, 273, 1, 272, 0, 1, 1
3269, 1, 1636417115957, 1636417116230, 273, 1, 272, 1, 0, 1
3270, 1, 1636417116393, 1636417116662, 269, 0, 269, 0, 0, 0
3271, 1, 1636417116670, 1636417116938, 268, 0, 268, 0, 0, 0
3272, 1, 1636417116941, 1636417117214, 273, 0, 273, 0, 0, 0
3273, 1, 1636417117106, 1636417117377, 271, 0, 271, 0, 0, 0
3274, 1, 1636417117385, 1636417117657, 272, 1, 271, 0, 1, 1
3275, 1, 1636417117614, 1636417117882, 268, 0, 268, 0, 0, 0
3276, 1, 1636417117814, 1636417118086, 272, 0, 272, 0, 0, 0
3277, 1, 1636417118098, 1636417118365, 267, 0, 267, 0, 0, 0
3278, 1, 1636417118282, 1636417118558, 276, 0, 276, 0, 0, 0
3279, 1, 1636417118537, 1636417118809, 272, 1, 271, 0, 0, 0
3280, 1, 1636417118813, 1636417119085, 272, 0, 272, 0, 0, 0
3281, 1, 1636417118993, 1636417119266, 273, 1, 272, 1, 0, 1
3282, 1, 1636417119241, 1636417119510, 269, 1, 268, 1, 0, 1
3283, 1, 1636417119525, 1636417119801, 276, 1, 275, 1, 0, 1
3284, 1, 1636417119702, 1636417119970, 268, 0, 268, 0, 0, 0
3285, 1, 1636417119962, 1636417120234, 272, 0, 272, 0, 0, 0
3286, 1, 1636417120241, 1636417120522, 281, 0, 281, 0, 0, 0
3287, 1, 1636417120414, 1636417120686, 272, 0, 272, 0, 0, 0
3288, 1, 1636417120682, 1636417120953, 271, 0, 271, 0, 0, 0
3289, 1, 1636417120949, 1636417121217, 268, 1, 267, 0, 0, 0
3290, 1, 1636417121126, 1636417121393, 267, 0, 267, 0, 0, 0
3291, 1, 1636417121390, 1636417121658, 268, 0, 268, 0, 0, 0
3292, 1, 1636417121658, 1636417121930, 272, 0, 272, 0, 0, 0
3293, 1, 1636417122106, 1636417122378, 272, 0, 272, 0, 0, 0
3294, 1, 1636417122366, 1636417122638, 272, 0, 272, 0, 0, 0
3295, 1, 1636417122817, 1636417123090, 273, 1, 272, 0, 1, 1
3296, 1, 1636417123077, 1636417123350, 273, 1, 272, 0, 1, 1
3297, 1, 1636417123798, 1636417124074, 276, 0, 276, 0, 0, 0
3298, 1, 1636417124506, 1636417124774, 268, 0, 268, 0, 0, 0
3299, 1, 1636417125226, 1636417125494, 268, 0, 268, 0, 0, 0
3300, 1, 1636417125946, 1636417126218, 272, 0, 272, 0, 0, 0
