Xid, State, StartTime, EndTime, TransactionTime, ExecuteTime, CommunicationTime, ReadTime, WriteTime, DBTime
22, 1, 1636423673333, 1636423673852, 519, 97, 422, 45, 6, 51
25, 1, 1636423674222, 1636423674627, 405, 4, 401, 2, 1, 3
27, 1, 1636423674894, 1636423675302, 408, 4, 404, 2, 1, 3
29, 1, 1636423675570, 1636423675979, 409, 4, 405, 1, 1, 2
31, 1, 1636423676250, 1636423676659, 409, 4, 405, 2, 0, 2
33, 1, 1636423676930, 1636423677338, 408, 5, 403, 0, 0, 0
35, 1, 1636423677606, 1636423678014, 408, 4, 404, 2, 1, 3
37, 1, 1636423678282, 1636423678690, 408, 4, 404, 1, 0, 1
39, 1, 1636423678958, 1636423679374, 416, 3, 413, 2, 0, 2
41, 1, 1636423679642, 1636423680054, 412, 3, 409, 2, 0, 2
43, 1, 1636423680321, 1636423680730, 409, 3, 406, 2, 0, 2
46, 1, 1636423680998, 1636423681406, 408, 3, 405, 2, 0, 2
48, 1, 1636423681674, 1636423682086, 412, 3, 409, 3, 0, 3
50, 1, 1636423682357, 1636423682770, 413, 3, 410, 1, 0, 1
52, 1, 1636423683042, 1636423683450, 408, 3, 405, 2, 0, 2
54, 1, 1636423683722, 1636423684131, 409, 7, 402, 1, 1, 2
56, 1, 1636423684394, 1636423684758, 364, 2, 362, 1, 0, 1
58, 1, 1636423685026, 1636423685390, 364, 3, 361, 0, 1, 1
60, 1, 1636423685658, 1636423686022, 364, 3, 361, 0, 1, 1
62, 1, 1636423686289, 1636423686654, 365, 1, 364, 0, 0, 0
64, 1, 1636423686922, 1636423687286, 364, 2, 362, 0, 1, 1
66, 1, 1636423687558, 1636423687922, 364, 3, 361, 1, 0, 1
68, 1, 1636423688190, 1636423688554, 364, 2, 362, 1, 0, 1
70, 1, 1636423688822, 1636423689186, 364, 3, 361, 0, 1, 1
72, 1, 1636423689454, 1636423689814, 360, 1, 359, 0, 0, 0
74, 1, 1636423690082, 1636423690446, 364, 1, 363, 0, 1, 1
76, 1, 1636423690714, 1636423691074, 360, 2, 358, 0, 0, 0
79, 1, 1636423691342, 1636423691706, 364, 2, 362, 1, 0, 1
82, 1, 1636423691974, 1636423692338, 364, 0, 364, 0, 0, 0
85, 1, 1636423692602, 1636423692966, 364, 1, 363, 0, 1, 1
88, 1, 1636423693234, 1636423693602, 368, 1, 367, 0, 0, 0
91, 1, 1636423693870, 1636423694230, 360, 2, 358, 0, 0, 0
94, 1, 1636423694494, 1636423694858, 364, 1, 363, 0, 0, 0
97, 1, 1636423695126, 1636423695490, 364, 2, 362, 0, 1, 1
100, 1, 1636423695762, 1636423696126, 364, 2, 362, 0, 1, 1
102, 1, 1636423696390, 1636423696754, 364, 0, 364, 0, 0, 0
105, 1, 1636423697026, 1636423697390, 364, 2, 362, 0, 1, 1
108, 1, 1636423697654, 1636423698018, 364, 0, 364, 0, 0, 0
111, 1, 1636423698282, 1636423698646, 364, 3, 361, 1, 0, 1
114, 1, 1636423698910, 1636423699274, 364, 0, 364, 0, 0, 0
117, 1, 1636423699538, 1636423699901, 363, 0, 363, 0, 0, 0
120, 1, 1636423700170, 1636423700534, 364, 1, 363, 0, 0, 0
123, 1, 1636423700798, 1636423701162, 364, 1, 363, 0, 0, 0
126, 1, 1636423701430, 1636423701790, 360, 1, 359, 0, 1, 1
129, 1, 1636423702058, 1636423702422, 364, 1, 363, 0, 0, 0
132, 1, 1636423702690, 1636423703054, 364, 2, 362, 0, 0, 0
135, 1, 1636423703322, 1636423703682, 360, 1, 359, 0, 0, 0
138, 1, 1636423703950, 1636423704314, 364, 2, 362, 0, 1, 1
141, 1, 1636423704582, 1636423704950, 368, 2, 366, 0, 0, 0
144, 1, 1636423705217, 1636423705582, 365, 1, 364, 0, 0, 0
147, 1, 1636423705850, 1636423706214, 364, 1, 363, 0, 0, 0
150, 1, 1636423706481, 1636423706850, 369, 2, 367, 0, 0, 0
153, 1, 1636423707118, 1636423707482, 364, 0, 364, 0, 0, 0
156, 1, 1636423707746, 1636423708110, 364, 1, 363, 0, 0, 0
159, 1, 1636423708374, 1636423708738, 364, 1, 363, 1, 0, 1
162, 1, 1636423709006, 1636423709370, 364, 2, 362, 0, 0, 0
165, 1, 1636423709633, 1636423709993, 360, 1, 359, 0, 0, 0
168, 1, 1636423710258, 1636423710622, 364, 1, 363, 0, 0, 0
171, 1, 1636423710890, 1636423711254, 364, 1, 363, 0, 0, 0
174, 1, 1636423711522, 1636423711886, 364, 1, 363, 0, 0, 0
177, 1, 1636423712154, 1636423712513, 359, 0, 359, 0, 0, 0
180, 1, 1636423712782, 1636423713146, 364, 1, 363, 0, 0, 0
183, 1, 1636423713414, 1636423713778, 364, 1, 363, 0, 1, 1
186, 1, 1636423714046, 1636423714410, 364, 1, 363, 0, 0, 0
189, 1, 1636423714677, 1636423715042, 365, 6, 359, 2, 1, 3
192, 1, 1636423715310, 1636423715674, 364, 1, 363, 0, 0, 0
195, 1, 1636423715937, 1636423716298, 361, 1, 360, 0, 0, 0
198, 1, 1636423716561, 1636423716926, 365, 2, 363, 1, 0, 1
201, 1, 1636423717190, 1636423717550, 360, 0, 360, 0, 0, 0
204, 1, 1636423717814, 1636423718178, 364, 0, 364, 0, 0, 0
207, 1, 1636423718441, 1636423718801, 360, 3, 357, 0, 0, 0
210, 1, 1636423719066, 1636423719426, 360, 0, 360, 0, 0, 0
213, 1, 1636423719693, 1636423720058, 365, 1, 364, 0, 0, 0
216, 1, 1636423720322, 1636423720686, 364, 1, 363, 0, 0, 0
219, 1, 1636423720950, 1636423721314, 364, 0, 364, 0, 0, 0
222, 1, 1636423721578, 1636423721942, 364, 2, 362, 0, 0, 0
225, 1, 1636423722210, 1636423722573, 363, 2, 361, 1, 0, 1
228, 1, 1636423722842, 1636423723206, 364, 1, 363, 0, 0, 0
231, 1, 1636423723474, 1636423723838, 364, 1, 363, 0, 0, 0
234, 1, 1636423724106, 1636423724470, 364, 1, 363, 0, 0, 0
237, 1, 1636423724734, 1636423725098, 364, 0, 364, 0, 0, 0
240, 1, 1636423725362, 1636423725722, 360, 1, 359, 0, 0, 0
243, 1, 1636423725994, 1636423726362, 368, 1, 367, 0, 0, 0
246, 1, 1636423726626, 1636423726994, 368, 1, 367, 1, 0, 1
249, 1, 1636423727262, 1636423727626, 364, 0, 364, 0, 0, 0
252, 1, 1636423727890, 1636423728254, 364, 0, 364, 0, 0, 0
255, 1, 1636423728517, 1636423728882, 365, 2, 363, 0, 0, 0
258, 1, 1636423729145, 1636423729510, 365, 1, 364, 0, 0, 0
261, 1, 1636423729774, 1636423730138, 364, 1, 363, 1, 0, 1
264, 1, 1636423730406, 1636423730762, 356, 0, 356, 0, 0, 0
267, 1, 1636423731026, 1636423731390, 364, 1, 363, 0, 0, 0
270, 1, 1636423731653, 1636423732014, 361, 0, 361, 0, 0, 0
273, 1, 1636423732290, 1636423732650, 360, 1, 359, 0, 0, 0
276, 1, 1636423732917, 1636423733278, 361, 1, 360, 1, 0, 1
279, 1, 1636423733546, 1636423733910, 364, 1, 363, 0, 0, 0
282, 1, 1636423734174, 1636423734538, 364, 1, 363, 0, 0, 0
285, 1, 1636423734806, 1636423735170, 364, 1, 363, 0, 0, 0
288, 1, 1636423735442, 1636423735805, 363, 1, 362, 0, 0, 0
291, 1, 1636423736070, 1636423736433, 363, 1, 362, 0, 0, 0
294, 1, 1636423736698, 1636423737066, 368, 1, 367, 0, 0, 0
297, 1, 1636423737334, 1636423737698, 364, 0, 364, 0, 0, 0
300, 1, 1636423737966, 1636423738330, 364, 1, 363, 1, 0, 1
303, 1, 1636423738593, 1636423738958, 365, 2, 363, 2, 0, 2
306, 1, 1636423739226, 1636423739590, 364, 2, 362, 0, 0, 0
309, 1, 1636423739853, 1636423740214, 361, 3, 358, 1, 0, 1
312, 1, 1636423740477, 1636423740834, 357, 1, 356, 0, 0, 0
315, 1, 1636423741098, 1636423741466, 368, 1, 367, 0, 0, 0
318, 1, 1636423741738, 1636423742106, 368, 0, 368, 0, 0, 0
321, 1, 1636423742378, 1636423742742, 364, 2, 362, 1, 0, 1
324, 1, 1636423743010, 1636423743366, 356, 1, 355, 0, 0, 0
327, 1, 1636423743629, 1636423743990, 361, 3, 358, 1, 0, 1
330, 1, 1636423744254, 1636423744617, 363, 1, 362, 0, 0, 0
333, 1, 1636423744885, 1636423745242, 357, 2, 355, 0, 1, 1
336, 1, 1636423745510, 1636423745870, 360, 1, 359, 0, 0, 0
339, 1, 1636423746133, 1636423746497, 364, 2, 362, 0, 0, 0
342, 1, 1636423746770, 1636423747130, 360, 1, 359, 0, 0, 0
345, 1, 1636423747393, 1636423747753, 360, 1, 359, 0, 0, 0
348, 1, 1636423748021, 1636423748382, 361, 3, 358, 1, 0, 1
351, 1, 1636423748649, 1636423749018, 369, 2, 367, 0, 0, 0
355, 1, 1636423749282, 1636423749645, 363, 1, 362, 0, 0, 0
358, 1, 1636423749910, 1636423750274, 364, 2, 362, 1, 0, 1
361, 1, 1636423750537, 1636423750901, 364, 1, 363, 0, 0, 0
364, 1, 1636423751166, 1636423751530, 364, 1, 363, 0, 0, 0
367, 1, 1636423751794, 1636423752158, 364, 1, 363, 0, 0, 0
370, 1, 1636423752426, 1636423752790, 364, 2, 362, 0, 0, 0
373, 1, 1636423753053, 1636423753422, 369, 3, 366, 0, 0, 0
376, 1, 1636423753690, 1636423754050, 360, 1, 359, 1, 0, 1
379, 1, 1636423754313, 1636423754673, 360, 1, 359, 0, 0, 0
382, 1, 1636423754938, 1636423755301, 363, 1, 362, 0, 0, 0
385, 1, 1636423755569, 1636423755930, 361, 1, 360, 1, 0, 1
388, 1, 1636423756197, 1636423756562, 365, 3, 362, 1, 0, 1
391, 1, 1636423756826, 1636423757189, 363, 0, 363, 0, 0, 0
394, 1, 1636423757454, 1636423757814, 360, 2, 358, 0, 0, 0
397, 1, 1636423758082, 1636423758446, 364, 0, 364, 0, 0, 0
400, 1, 1636423758709, 1636423759066, 357, 1, 356, 0, 0, 0
403, 1, 1636423759333, 1636423759694, 361, 2, 359, 0, 0, 0
406, 1, 1636423759962, 1636423760326, 364, 1, 363, 0, 0, 0
409, 1, 1636423760594, 1636423760962, 368, 1, 367, 0, 0, 0
412, 1, 1636423761226, 1636423761590, 364, 1, 363, 1, 0, 1
415, 1, 1636423761853, 1636423762218, 365, 2, 363, 0, 0, 0
418, 1, 1636423762490, 1636423762850, 360, 1, 359, 0, 0, 0
421, 1, 1636423763117, 1636423763482, 365, 1, 364, 0, 1, 1
424, 1, 1636423763750, 1636423764114, 364, 0, 364, 0, 0, 0
427, 1, 1636423764382, 1636423764745, 363, 0, 363, 0, 0, 0
430, 1, 1636423765009, 1636423765378, 369, 1, 368, 0, 0, 0
433, 1, 1636423765646, 1636423766010, 364, 1, 363, 0, 0, 0
436, 1, 1636423766278, 1636423766638, 360, 1, 359, 0, 0, 0
439, 1, 1636423766905, 1636423767270, 365, 3, 362, 1, 0, 1
442, 1, 1636423767534, 1636423767898, 364, 0, 364, 0, 0, 0
445, 1, 1636423768166, 1636423768529, 363, 2, 361, 1, 0, 1
448, 1, 1636423768793, 1636423769158, 365, 2, 363, 1, 1, 2
451, 1, 1636423769422, 1636423769790, 368, 1, 367, 0, 0, 0
454, 1, 1636423770058, 1636423770422, 364, 0, 364, 0, 0, 0
457, 1, 1636423770686, 1636423771046, 360, 0, 360, 0, 0, 0
460, 1, 1636423771314, 1636423771678, 364, 2, 362, 1, 0, 1
463, 1, 1636423771946, 1636423772314, 368, 1, 367, 0, 0, 0
466, 1, 1636423772578, 1636423772934, 356, 1, 355, 0, 0, 0
469, 1, 1636423773198, 1636423773562, 364, 1, 363, 1, 0, 1
472, 1, 1636423773826, 1636423774189, 363, 2, 361, 2, 0, 2
475, 1, 1636423774462, 1636423774826, 364, 0, 364, 0, 0, 0
478, 1, 1636423775094, 1636423775458, 364, 0, 364, 0, 0, 0
481, 1, 1636423775721, 1636423776086, 365, 1, 364, 0, 0, 0
484, 1, 1636423776358, 1636423776722, 364, 0, 364, 0, 0, 0
487, 1, 1636423776990, 1636423777354, 364, 1, 363, 0, 0, 0
490, 1, 1636423777617, 1636423777982, 365, 1, 364, 0, 0, 0
493, 1, 1636423778246, 1636423778610, 364, 1, 363, 0, 0, 0
496, 1, 1636423778874, 1636423779238, 364, 0, 364, 0, 0, 0
499, 1, 1636423779501, 1636423779866, 365, 2, 363, 0, 1, 1
502, 1, 1636423780130, 1636423780494, 364, 0, 364, 0, 0, 0
505, 1, 1636423780762, 1636423781126, 364, 1, 363, 0, 0, 0
508, 1, 1636423781390, 1636423781754, 364, 2, 362, 0, 0, 0
511, 1, 1636423782022, 1636423782386, 364, 1, 363, 1, 0, 1
514, 1, 1636423782649, 1636423783014, 365, 2, 363, 0, 0, 0
517, 1, 1636423783286, 1636423783650, 364, 0, 364, 0, 0, 0
520, 1, 1636423783926, 1636423784290, 364, 0, 364, 0, 0, 0
523, 1, 1636423784558, 1636423784922, 364, 0, 364, 0, 0, 0
526, 1, 1636423785190, 1636423785554, 364, 1, 363, 0, 0, 0
528, 1, 1636423785818, 1636423786182, 364, 0, 364, 0, 0, 0
530, 1, 1636423786454, 1636423786817, 363, 1, 362, 0, 0, 0
532, 1, 1636423787086, 1636423787450, 364, 0, 364, 0, 0, 0
534, 1, 1636423787713, 1636423788074, 361, 1, 360, 0, 0, 0
536, 1, 1636423788346, 1636423788710, 364, 1, 363, 1, 0, 1
538, 1, 1636423788978, 1636423789342, 364, 0, 364, 0, 0, 0
540, 1, 1636423789610, 1636423789974, 364, 1, 363, 0, 0, 0
542, 1, 1636423790241, 1636423790606, 365, 2, 363, 0, 0, 0
544, 1, 1636423790878, 1636423791242, 364, 0, 364, 0, 0, 0
546, 1, 1636423791510, 1636423791874, 364, 0, 364, 0, 0, 0
548, 1, 1636423792142, 1636423792506, 364, 0, 364, 0, 0, 0
550, 1, 1636423792770, 1636423793134, 364, 0, 364, 0, 0, 0
552, 1, 1636423793402, 1636423793766, 364, 0, 364, 0, 0, 0
554, 1, 1636423794030, 1636423794398, 368, 0, 368, 0, 0, 0
556, 1, 1636423794662, 1636423795026, 364, 2, 362, 0, 0, 0
558, 1, 1636423795294, 1636423795658, 364, 0, 364, 0, 0, 0
560, 1, 1636423795922, 1636423796286, 364, 0, 364, 0, 0, 0
562, 1, 1636423796554, 1636423796917, 363, 0, 363, 0, 0, 0
564, 1, 1636423797185, 1636423797546, 361, 2, 359, 0, 0, 0
566, 1, 1636423797810, 1636423798174, 364, 1, 363, 0, 0, 0
568, 1, 1636423798446, 1636423798810, 364, 0, 364, 0, 0, 0
570, 1, 1636423799078, 1636423799438, 360, 1, 359, 1, 0, 1
572, 1, 1636423799705, 1636423800066, 361, 2, 359, 2, 0, 2
601, 1, 1636423994838, 1636423995222, 384, 10, 374, 0, 0, 0
602, 1, 1636423995450, 1636423995809, 359, 0, 359, 0, 0, 0
603, 1, 1636423996037, 1636423996398, 361, 1, 360, 0, 0, 0
604, 1, 1636423996122, 1636423996482, 360, 2, 358, 2, 0, 2
605, 1, 1636423996618, 1636423996978, 360, 0, 360, 0, 0, 0
606, 1, 1636423996706, 1636423997062, 356, 0, 356, 0, 0, 0
607, 1, 1636423997201, 1636423997562, 361, 1, 360, 0, 0, 0
608, 1, 1636423997290, 1636423997650, 360, 0, 360, 0, 0, 0
609, 1, 1636423997410, 1636423997770, 360, 0, 360, 0, 0, 0
610, 1, 1636423997789, 1636423998150, 361, 2, 359, 0, 0, 0
611, 1, 1636423997869, 1636423998230, 361, 1, 360, 1, 0, 1
612, 1, 1636423998006, 1636423998370, 364, 1, 363, 1, 0, 1
613, 1, 1636423998377, 1636423998737, 360, 1, 359, 0, 0, 0
614, 1, 1636423998454, 1636423998805, 351, 0, 351, 0, 0, 0
615, 1, 1636423998594, 1636423998953, 359, 0, 359, 0, 0, 0
616, 1, 1636423998781, 1636423999138, 357, 3, 354, 0, 1, 1
617, 1, 1636423998922, 1636423999194, 272, 0, 272, 0, 0, 0
618, 1, 1636423998985, 1636423999262, 277, 0, 277, 0, 0, 0
619, 1, 1636423999138, 1636423999410, 272, 0, 272, 0, 0, 0
620, 1, 1636423999317, 1636423999590, 273, 1, 272, 0, 0, 0
621, 1, 1636423999401, 1636423999674, 273, 1, 272, 0, 1, 1
622, 1, 1636423999446, 1636423999717, 271, 0, 271, 0, 0, 0
623, 1, 1636423999637, 1636423999910, 273, 1, 272, 0, 0, 0
624, 1, 1636423999877, 1636424000149, 272, 1, 271, 1, 0, 1
625, 1, 1636424000013, 1636424000290, 277, 1, 276, 1, 0, 1
627, 1, 1636424000041, 1636424000314, 273, 1, 272, 1, 0, 1
626, 1, 1636424000058, 1636424000333, 275, 0, 275, 0, 0, 0
628, 1, 1636424000153, 1636424000426, 273, 1, 272, 1, 0, 1
629, 1, 1636424000426, 1636424000702, 276, 0, 276, 0, 0, 0
630, 1, 1636424000634, 1636424000906, 272, 0, 272, 0, 0, 0
631, 1, 1636424000669, 1636424000946, 277, 1, 276, 0, 1, 1
632, 1, 1636424000714, 1636424000986, 272, 0, 272, 0, 0, 0
633, 1, 1636424001037, 1636424001309, 272, 1, 271, 0, 0, 0
634, 1, 1636424001274, 1636424001545, 271, 1, 270, 1, 0, 1
635, 1, 1636424001294, 1636424001566, 272, 0, 272, 0, 0, 0
636, 1, 1636424001313, 1636424001586, 273, 1, 272, 1, 0, 1
638, 1, 1636424001529, 1636424001801, 272, 1, 271, 0, 0, 0
637, 1, 1636424001729, 1636424002002, 273, 1, 272, 0, 1, 1
639, 1, 1636424001749, 1636424002022, 273, 1, 272, 0, 0, 0
641, 1, 1636424001937, 1636424002214, 277, 1, 276, 0, 0, 0
643, 1, 1636424002097, 1636424002370, 273, 1, 272, 0, 1, 1
644, 1, 1636424002310, 1636424002582, 272, 0, 272, 0, 0, 0
647, 1, 1636424002598, 1636424002874, 276, 0, 276, 0, 0, 0
648, 1, 1636424002694, 1636424002966, 272, 0, 272, 0, 0, 0
649, 1, 1636424002765, 1636424003033, 268, 1, 267, 0, 0, 0
651, 1, 1636424002930, 1636424003198, 268, 0, 268, 0, 0, 0
652, 1, 1636424003213, 1636424003486, 273, 1, 272, 0, 1, 1
653, 1, 1636424003333, 1636424003606, 273, 1, 272, 1, 0, 1
655, 1, 1636424003538, 1636424003809, 271, 0, 271, 0, 0, 0
656, 1, 1636424003690, 1636424003962, 272, 0, 272, 0, 0, 0
657, 1, 1636424003990, 1636424004266, 276, 0, 276, 0, 0, 0
659, 1, 1636424004130, 1636424004401, 271, 0, 271, 0, 0, 0
660, 1, 1636424004230, 1636424004506, 276, 0, 276, 0, 0, 0
662, 1, 1636424004262, 1636424004534, 272, 0, 272, 0, 0, 0
661, 1, 1636424004285, 1636424004558, 273, 1, 272, 1, 0, 1
664, 1, 1636424004838, 1636424005110, 272, 0, 272, 0, 0, 0
665, 1, 1636424004865, 1636424005138, 273, 1, 272, 0, 1, 1
666, 1, 1636424004917, 1636424005189, 272, 1, 271, 0, 1, 1
668, 1, 1636424005445, 1636424005722, 277, 0, 277, 0, 0, 0
669, 1, 1636424005517, 1636424005786, 269, 1, 268, 0, 1, 1
670, 1, 1636424005533, 1636424005814, 281, 1, 280, 0, 0, 0
671, 1, 1636424005562, 1636424005833, 271, 0, 271, 0, 0, 0
672, 1, 1636424005649, 1636424005922, 273, 1, 272, 0, 0, 0
673, 1, 1636424006046, 1636424006318, 272, 0, 272, 0, 0, 0
674, 1, 1636424006069, 1636424006342, 273, 1, 272, 0, 0, 0
675, 1, 1636424006238, 1636424006517, 279, 0, 279, 0, 0, 0
676, 1, 1636424006246, 1636424006521, 275, 0, 275, 0, 0, 0
677, 1, 1636424006590, 1636424006862, 272, 0, 272, 0, 0, 0
678, 1, 1636424006674, 1636424006950, 276, 0, 276, 0, 0, 0
679, 1, 1636424006817, 1636424007090, 273, 1, 272, 0, 0, 0
680, 1, 1636424006917, 1636424007190, 273, 1, 272, 0, 0, 0
681, 1, 1636424006938, 1636424007210, 272, 0, 272, 0, 0, 0
683, 1, 1636424007166, 1636424007439, 273, 0, 273, 0, 0, 0
684, 1, 1636424007277, 1636424007550, 273, 0, 273, 0, 0, 0
685, 1, 1636424007378, 1636424007650, 272, 0, 272, 0, 0, 0
687, 1, 1636424007637, 1636424007909, 272, 1, 271, 0, 0, 0
688, 1, 1636424007774, 1636424008046, 272, 0, 272, 0, 0, 0
689, 1, 1636424007978, 1636424008250, 272, 0, 272, 0, 0, 0
690, 1, 1636424008182, 1636424008454, 272, 0, 272, 0, 0, 0
691, 1, 1636424008194, 1636424008466, 272, 0, 272, 0, 0, 0
693, 1, 1636424008410, 1636424008682, 272, 0, 272, 0, 0, 0
694, 1, 1636424008605, 1636424008878, 273, 1, 272, 1, 0, 1
695, 1, 1636424008750, 1636424009026, 276, 0, 276, 0, 0, 0
697, 1, 1636424009094, 1636424009365, 271, 0, 271, 0, 0, 0
698, 1, 1636424009353, 1636424009626, 273, 1, 272, 0, 0, 0
699, 1, 1636424009490, 1636424009762, 272, 0, 272, 0, 0, 0
701, 1, 1636424009690, 1636424009962, 272, 0, 272, 0, 0, 0
702, 1, 1636424009986, 1636424010258, 272, 0, 272, 0, 0, 0
704, 1, 1636424010478, 1636424010750, 272, 0, 272, 0, 0, 0
706, 1, 1636424010774, 1636424011046, 272, 0, 272, 0, 0, 0
707, 1, 1636424011086, 1636424011358, 272, 0, 272, 0, 0, 0
710, 1, 1636424012165, 1636424012478, 313, 1, 312, 1, 0, 1
713, 1, 1636424012625, 1636424012914, 289, 0, 289, 0, 0, 0
712, 1, 1636424012629, 1636424012914, 285, 1, 284, 0, 0, 0
715, 1, 1636424013098, 1636424013369, 271, 0, 271, 0, 0, 0
714, 1, 1636424013098, 1636424013369, 271, 1, 270, 0, 0, 0
717, 1, 1636424013442, 1636424013714, 272, 0, 272, 0, 0, 0
716, 1, 1636424013553, 1636424013826, 273, 1, 272, 0, 0, 0
719, 1, 1636424013797, 1636424014082, 285, 1, 284, 0, 0, 0
718, 1, 1636424013794, 1636424014082, 288, 0, 288, 0, 0, 0
720, 1, 1636424014010, 1636424014281, 271, 0, 271, 0, 0, 0
722, 1, 1636424014266, 1636424014538, 272, 1, 271, 0, 0, 0
721, 1, 1636424014266, 1636424014538, 272, 1, 271, 0, 1, 1
723, 1, 1636424014461, 1636424014734, 273, 1, 272, 0, 0, 0
724, 1, 1636424014722, 1636424014994, 272, 0, 272, 0, 0, 0
725, 1, 1636424014850, 1636424015122, 272, 0, 272, 0, 0, 0
726, 1, 1636424015033, 1636424015310, 277, 1, 276, 0, 0, 0
728, 1, 1636424015078, 1636424015350, 272, 1, 271, 0, 0, 0
729, 1, 1636424015085, 1636424015361, 276, 1, 275, 0, 0, 0
727, 1, 1636424015169, 1636424015441, 272, 1, 271, 0, 0, 0
730, 1, 1636424015533, 1636424015806, 273, 1, 272, 0, 1, 1
731, 1, 1636424015545, 1636424015822, 277, 1, 276, 0, 0, 0
732, 1, 1636424015622, 1636424015894, 272, 0, 272, 0, 0, 0
733, 1, 1636424015758, 1636424016026, 268, 0, 268, 0, 0, 0
734, 1, 1636424015990, 1636424016262, 272, 0, 272, 0, 0, 0
735, 1, 1636424016149, 1636424016421, 272, 1, 271, 0, 0, 0
736, 1, 1636424016274, 1636424016545, 271, 0, 271, 0, 0, 0
737, 1, 1636424016362, 1636424016630, 268, 0, 268, 0, 0, 0
739, 1, 1636424016394, 1636424016666, 272, 0, 272, 0, 0, 0
738, 1, 1636424016450, 1636424016717, 267, 0, 267, 0, 0, 0
741, 1, 1636424016809, 1636424017130, 321, 1, 320, 0, 0, 0
740, 1, 1636424016850, 1636424017130, 280, 0, 280, 0, 0, 0
742, 1, 1636424016949, 1636424017226, 277, 1, 276, 0, 0, 0
743, 1, 1636424017037, 1636424017310, 273, 1, 272, 0, 0, 0
744, 1, 1636424017313, 1636424017585, 272, 0, 272, 0, 0, 0
745, 1, 1636424017353, 1636424017637, 284, 1, 283, 0, 0, 0
746, 1, 1636424017445, 1636424017730, 285, 1, 284, 0, 0, 0
747, 1, 1636424017577, 1636424017854, 277, 1, 276, 0, 0, 0
749, 1, 1636424017678, 1636424017953, 275, 0, 275, 0, 0, 0
748, 1, 1636424017685, 1636424017961, 276, 1, 275, 1, 0, 1
750, 1, 1636424017766, 1636424018037, 271, 0, 271, 0, 0, 0
751, 1, 1636424017965, 1636424018241, 276, 0, 276, 0, 0, 0
752, 1, 1636424018137, 1636424018410, 273, 1, 272, 0, 0, 0
753, 1, 1636424018141, 1636424018417, 276, 1, 275, 0, 0, 0
754, 1, 1636424018209, 1636424018482, 273, 1, 272, 0, 0, 0
755, 1, 1636424018289, 1636424018562, 273, 1, 272, 0, 0, 0
756, 1, 1636424018593, 1636424018870, 277, 1, 276, 0, 0, 0
757, 1, 1636424018601, 1636424018873, 272, 1, 271, 0, 0, 0
758, 1, 1636424018682, 1636424018958, 276, 0, 276, 0, 0, 0
759, 1, 1636424018801, 1636424019121, 320, 1, 319, 1, 0, 1
760, 1, 1636424018889, 1636424019162, 273, 1, 272, 1, 0, 1
763, 1, 1636424019029, 1636424019298, 269, 1, 268, 0, 0, 0
762, 1, 1636424019053, 1636424019326, 273, 1, 272, 0, 0, 0
761, 1, 1636424019053, 1636424019329, 276, 1, 275, 0, 0, 0
766, 1, 1636424019345, 1636424019638, 293, 0, 293, 0, 0, 0
767, 1, 1636424019481, 1636424019750, 269, 1, 268, 1, 0, 1
765, 1, 1636424019550, 1636424019817, 267, 1, 266, 0, 1, 1
768, 1, 1636424019550, 1636424019821, 271, 1, 270, 0, 1, 1
769, 1, 1636424019633, 1636424019906, 273, 1, 272, 0, 0, 0
771, 1, 1636424019869, 1636424020138, 269, 0, 269, 0, 0, 0
772, 1, 1636424019953, 1636424020222, 269, 0, 269, 0, 0, 0
774, 1, 1636424020141, 1636424020417, 276, 1, 275, 0, 0, 0
775, 1, 1636424020238, 1636424020514, 276, 0, 276, 0, 0, 0
777, 1, 1636424020285, 1636424020561, 276, 1, 275, 1, 0, 1
778, 1, 1636424020381, 1636424020649, 268, 1, 267, 0, 0, 0
779, 1, 1636424020517, 1636424020838, 321, 1, 320, 0, 0, 0
781, 1, 1636424020738, 1636424021014, 276, 0, 276, 0, 0, 0
783, 1, 1636424020830, 1636424021106, 276, 0, 276, 0, 0, 0
784, 1, 1636424020893, 1636424021162, 269, 1, 268, 0, 0, 0
785, 1, 1636424021045, 1636424021317, 272, 1, 271, 0, 0, 0
787, 1, 1636424021182, 1636424021454, 272, 0, 272, 0, 0, 0
788, 1, 1636424021466, 1636424021738, 272, 0, 272, 0, 0, 0
790, 1, 1636424021638, 1636424021922, 284, 0, 284, 0, 0, 0
791, 1, 1636424021738, 1636424022010, 272, 0, 272, 0, 0, 0
793, 1, 1636424021726, 1636424022017, 291, 0, 291, 0, 0, 0
711, 1, 1636424021877, 1636424022150, 273, 1, 272, 0, 0, 0
794, 1, 1636424022097, 1636424022370, 273, 1, 272, 0, 0, 0
797, 1, 1636424022194, 1636424022466, 272, 0, 272, 0, 0, 0
796, 1, 1636424022230, 1636424022502, 272, 0, 272, 0, 0, 0
799, 1, 1636424022505, 1636424022778, 273, 1, 272, 1, 0, 1
800, 1, 1636424022685, 1636424022958, 273, 1, 272, 0, 0, 0
801, 1, 1636424022778, 1636424023050, 272, 0, 272, 0, 0, 0
803, 1, 1636424023025, 1636424023294, 269, 0, 269, 0, 0, 0
804, 1, 1636424023069, 1636424023346, 277, 1, 276, 0, 0, 0
805, 1, 1636424023478, 1636424023750, 272, 0, 272, 0, 0, 0
807, 1, 1636424023585, 1636424023862, 277, 0, 277, 0, 0, 0
810, 1, 1636424024077, 1636424024350, 273, 1, 272, 1, 0, 1
811, 1, 1636424024373, 1636424024641, 268, 1, 267, 0, 1, 1
812, 1, 1636424024385, 1636424024650, 265, 1, 264, 1, 0, 1
813, 1, 1636424024826, 1636424025097, 271, 0, 271, 0, 0, 0
814, 1, 1636424024914, 1636424025186, 272, 0, 272, 0, 0, 0
815, 1, 1636424025354, 1636424025625, 271, 0, 271, 0, 0, 0
816, 1, 1636424025646, 1636424025918, 272, 0, 272, 0, 0, 0
817, 1, 1636424025713, 1636424025986, 273, 1, 272, 0, 0, 0
818, 1, 1636424026101, 1636424026378, 277, 1, 276, 0, 1, 1
819, 1, 1636424026218, 1636424026490, 272, 0, 272, 0, 0, 0
820, 1, 1636424026742, 1636424027017, 275, 0, 275, 0, 0, 0
821, 1, 1636424026953, 1636424027225, 272, 1, 271, 0, 0, 0
822, 1, 1636424027113, 1636424027386, 273, 1, 272, 0, 0, 0
823, 1, 1636424027405, 1636424027678, 273, 1, 272, 0, 0, 0
824, 1, 1636424027570, 1636424027842, 272, 0, 272, 0, 0, 0
825, 1, 1636424028125, 1636424028398, 273, 1, 272, 1, 0, 1
826, 1, 1636424028294, 1636424028566, 272, 0, 272, 0, 0, 0
827, 1, 1636424028462, 1636424028733, 271, 0, 271, 0, 0, 0
828, 1, 1636424028746, 1636424029014, 268, 0, 268, 0, 0, 0
829, 1, 1636424028917, 1636424029238, 321, 1, 320, 0, 1, 1
830, 1, 1636424029406, 1636424029677, 271, 0, 271, 0, 0, 0
831, 1, 1636424029685, 1636424029962, 277, 0, 277, 0, 0, 0
832, 1, 1636424029873, 1636424030146, 273, 1, 272, 0, 0, 0
833, 1, 1636424030145, 1636424030422, 277, 1, 276, 0, 0, 0
836, 1, 1636424030333, 1636424030626, 293, 1, 292, 0, 1, 1
835, 1, 1636424030330, 1636424030626, 296, 0, 296, 0, 0, 0
837, 1, 1636424030333, 1636424030626, 293, 1, 292, 1, 0, 1
839, 1, 1636424030746, 1636424031017, 271, 0, 271, 0, 0, 0
838, 1, 1636424030806, 1636424031086, 280, 0, 280, 0, 0, 0
834, 1, 1636424030805, 1636424031086, 281, 1, 280, 0, 0, 0
841, 1, 1636424031043, 1636424031317, 274, 0, 274, 0, 0, 0
843, 1, 1636424031145, 1636424031421, 276, 1, 275, 0, 0, 0
840, 1, 1636424031270, 1636424031557, 287, 0, 287, 0, 0, 0
842, 1, 1636424031270, 1636424031557, 287, 0, 287, 0, 0, 0
844, 1, 1636424031501, 1636424031777, 276, 1, 275, 1, 0, 1
849, 1, 1636424031605, 1636424031878, 273, 1, 272, 1, 0, 1
848, 1, 1636424031605, 1636424031878, 273, 1, 272, 1, 0, 1
845, 1, 1636424031737, 1636424032009, 272, 0, 272, 0, 0, 0
850, 1, 1636424031813, 1636424032086, 273, 1, 272, 0, 0, 0
851, 1, 1636424032057, 1636424032342, 285, 1, 284, 0, 0, 0
853, 1, 1636424032193, 1636424032461, 268, 1, 267, 0, 0, 0
855, 1, 1636424032342, 1636424032622, 280, 0, 280, 0, 0, 0
857, 1, 1636424032453, 1636424032726, 273, 1, 272, 1, 0, 1
858, 1, 1636424032489, 1636424032762, 273, 1, 272, 1, 0, 1
856, 1, 1636424032522, 1636424032794, 272, 0, 272, 0, 0, 0
859, 1, 1636424032641, 1636424032914, 273, 1, 272, 1, 0, 1
861, 1, 1636424032797, 1636424033106, 309, 1, 308, 1, 0, 1
862, 1, 1636424032925, 1636424033198, 273, 1, 272, 1, 0, 1
863, 1, 1636424032938, 1636424033210, 272, 0, 272, 0, 0, 0
852, 1, 1636424033090, 1636424033362, 272, 0, 272, 0, 0, 0
864, 1, 1636424033121, 1636424033394, 273, 1, 272, 1, 0, 1
865, 1, 1636424033425, 1636424033698, 273, 1, 272, 0, 1, 1
867, 1, 1636424033513, 1636424033789, 276, 1, 275, 1, 0, 1
866, 1, 1636424033546, 1636424033898, 352, 0, 352, 0, 0, 0
868, 1, 1636424033657, 1636424033942, 285, 1, 284, 0, 0, 0
873, 1, 1636424033810, 1636424034085, 275, 1, 274, 0, 1, 1
871, 1, 1636424033810, 1636424034085, 275, 1, 274, 0, 1, 1
872, 1, 1636424033810, 1636424034089, 279, 0, 279, 0, 0, 0
869, 1, 1636424033877, 1636424034150, 273, 1, 272, 0, 0, 0
870, 1, 1636424034073, 1636424034345, 272, 1, 271, 0, 0, 0
875, 1, 1636424034121, 1636424034389, 268, 1, 267, 0, 0, 0
876, 1, 1636424034117, 1636424034390, 273, 1, 272, 0, 0, 0
878, 1, 1636424034269, 1636424034542, 273, 1, 272, 0, 0, 0
879, 1, 1636424034305, 1636424034578, 273, 1, 272, 1, 0, 1
880, 1, 1636424034453, 1636424034725, 272, 1, 271, 0, 0, 0
877, 1, 1636424034525, 1636424034798, 273, 1, 272, 0, 0, 0
882, 1, 1636424034757, 1636424035026, 269, 1, 268, 1, 0, 1
883, 1, 1636424034785, 1636424035061, 276, 1, 275, 0, 0, 0
884, 1, 1636424034966, 1636424035238, 272, 0, 272, 0, 0, 0
888, 1, 1636424035126, 1636424035397, 271, 0, 271, 0, 0, 0
889, 1, 1636424035129, 1636424035406, 277, 1, 276, 1, 0, 1
886, 1, 1636424035201, 1636424035474, 273, 1, 272, 0, 0, 0
887, 1, 1636424035245, 1636424035517, 272, 1, 271, 0, 0, 0
892, 1, 1636424035393, 1636424035666, 273, 1, 272, 0, 0, 0
890, 1, 1636424035421, 1636424035694, 273, 0, 273, 0, 0, 0
894, 1, 1636424035569, 1636424035842, 273, 1, 272, 0, 0, 0
893, 1, 1636424035697, 1636424035970, 273, 1, 272, 1, 0, 1
896, 1, 1636424035850, 1636424036122, 272, 0, 272, 0, 0, 0
895, 1, 1636424036025, 1636424036294, 269, 0, 269, 0, 0, 0
897, 1, 1636424036057, 1636424036330, 273, 1, 272, 0, 0, 0
898, 1, 1636424036269, 1636424036541, 272, 1, 271, 0, 0, 0
900, 1, 1636424036449, 1636424036721, 272, 1, 271, 0, 0, 0
899, 1, 1636424036477, 1636424036750, 273, 1, 272, 1, 0, 1
901, 1, 1636424036513, 1636424036786, 273, 1, 272, 0, 0, 0
902, 1, 1636424036529, 1636424036801, 272, 0, 272, 0, 0, 0
903, 1, 1636424036721, 1636424036997, 276, 1, 275, 0, 0, 0
904, 1, 1636424036753, 1636424037025, 272, 1, 271, 1, 0, 1
906, 1, 1636424036889, 1636424037158, 269, 1, 268, 0, 0, 0
905, 1, 1636424036906, 1636424037178, 272, 0, 272, 0, 0, 0
907, 1, 1636424037146, 1636424037417, 271, 0, 271, 0, 0, 0
908, 1, 1636424037346, 1636424037617, 271, 0, 271, 0, 0, 0
909, 1, 1636424037357, 1636424037629, 272, 1, 271, 0, 0, 0
910, 1, 1636424037617, 1636424037890, 273, 1, 272, 1, 0, 1
911, 1, 1636424037801, 1636424038078, 277, 1, 276, 0, 0, 0
913, 1, 1636424037818, 1636424038090, 272, 0, 272, 0, 0, 0
914, 1, 1636424037890, 1636424038166, 276, 0, 276, 0, 0, 0
915, 1, 1636424038066, 1636424038338, 272, 1, 271, 0, 0, 0
917, 1, 1636424038141, 1636424038414, 273, 1, 272, 0, 0, 0
918, 1, 1636424038237, 1636424038510, 273, 1, 272, 0, 0, 0
919, 1, 1636424038469, 1636424038742, 273, 1, 272, 0, 1, 1
920, 1, 1636424038693, 1636424038973, 280, 1, 279, 0, 0, 0
921, 1, 1636424038741, 1636424039013, 272, 1, 271, 0, 0, 0
924, 1, 1636424039121, 1636424039394, 273, 1, 272, 0, 0, 0
923, 1, 1636424039154, 1636424039429, 275, 0, 275, 0, 0, 0
925, 1, 1636424039193, 1636424039466, 273, 1, 272, 0, 0, 0
927, 1, 1636424039410, 1636424039686, 276, 0, 276, 0, 0, 0
928, 1, 1636424039554, 1636424039826, 272, 0, 272, 0, 0, 0
930, 1, 1636424039858, 1636424040130, 272, 0, 272, 0, 0, 0
929, 1, 1636424040009, 1636424040278, 269, 0, 269, 0, 0, 0
931, 1, 1636424040069, 1636424040346, 277, 1, 276, 0, 1, 1
932, 1, 1636424040461, 1636424040734, 273, 1, 272, 0, 0, 0
933, 1, 1636424040465, 1636424040741, 276, 1, 275, 0, 1, 1
934, 1, 1636424040473, 1636424040745, 272, 0, 272, 0, 0, 0
935, 1, 1636424040686, 1636424040957, 271, 0, 271, 0, 0, 0
936, 1, 1636424040854, 1636424041126, 272, 0, 272, 0, 0, 0
938, 1, 1636424041182, 1636424041454, 272, 0, 272, 0, 0, 0
937, 1, 1636424041310, 1636424041646, 336, 0, 336, 0, 0, 0
939, 1, 1636424041454, 1636424041746, 292, 0, 292, 0, 0, 0
941, 1, 1636424041761, 1636424042033, 272, 1, 271, 0, 0, 0
942, 1, 1636424041789, 1636424042066, 277, 1, 276, 0, 0, 0
940, 1, 1636424041821, 1636424042089, 268, 1, 267, 0, 0, 0
944, 1, 1636424041866, 1636424042166, 300, 0, 300, 0, 0, 0
945, 1, 1636424042077, 1636424042353, 276, 0, 276, 0, 0, 0
946, 1, 1636424042206, 1636424042478, 272, 0, 272, 0, 0, 0
943, 1, 1636424042345, 1636424042622, 277, 1, 276, 0, 0, 0
948, 1, 1636424042481, 1636424042769, 288, 1, 287, 0, 0, 0
949, 1, 1636424042681, 1636424042958, 277, 1, 276, 0, 0, 0
950, 1, 1636424042769, 1636424043033, 264, 1, 263, 0, 0, 0
947, 1, 1636424042798, 1636424043069, 271, 0, 271, 0, 0, 0
953, 1, 1636424043089, 1636424043358, 269, 1, 268, 0, 1, 1
954, 1, 1636424043109, 1636424043381, 272, 1, 271, 1, 0, 1
955, 1, 1636424043121, 1636424043389, 268, 1, 267, 0, 0, 0
951, 1, 1636424043133, 1636424043405, 272, 1, 271, 0, 0, 0
952, 1, 1636424043257, 1636424043533, 276, 0, 276, 0, 0, 0
957, 1, 1636424043313, 1636424043589, 276, 0, 276, 0, 0, 0
958, 1, 1636424043537, 1636424043814, 277, 1, 276, 0, 0, 0
956, 1, 1636424043574, 1636424043889, 315, 0, 315, 0, 0, 0
960, 1, 1636424043889, 1636424044161, 272, 1, 271, 0, 0, 0
961, 1, 1636424043994, 1636424044265, 271, 0, 271, 0, 0, 0
962, 1, 1636424044058, 1636424044330, 272, 0, 272, 0, 0, 0
959, 1, 1636424044069, 1636424044341, 272, 1, 271, 0, 0, 0
963, 1, 1636424044154, 1636424044429, 275, 0, 275, 0, 0, 0
966, 1, 1636424044426, 1636424044697, 271, 0, 271, 0, 0, 0
968, 1, 1636424044481, 1636424044753, 272, 1, 271, 1, 0, 1
964, 1, 1636424044481, 1636424044754, 273, 1, 272, 0, 0, 0
967, 1, 1636424044481, 1636424044754, 273, 1, 272, 1, 0, 1
965, 1, 1636424044517, 1636424044789, 272, 0, 272, 0, 0, 0
970, 1, 1636424044657, 1636424044933, 276, 1, 275, 1, 0, 1
971, 1, 1636424044833, 1636424045153, 320, 1, 319, 0, 0, 0
972, 1, 1636424044837, 1636424045153, 316, 1, 315, 0, 0, 0
969, 1, 1636424044973, 1636424045245, 272, 1, 271, 0, 0, 0
975, 1, 1636424045198, 1636424045497, 299, 0, 299, 0, 0, 0
974, 1, 1636424045325, 1636424045589, 264, 1, 263, 1, 0, 1
976, 1, 1636424045333, 1636424045606, 273, 1, 272, 0, 0, 0
977, 1, 1636424045401, 1636424045666, 265, 1, 264, 0, 1, 1
973, 1, 1636424045433, 1636424045701, 268, 0, 268, 0, 0, 0
978, 1, 1636424045445, 1636424045709, 264, 1, 263, 0, 0, 0
979, 1, 1636424045765, 1636424046029, 264, 1, 263, 1, 0, 1
982, 1, 1636424045777, 1636424046042, 265, 1, 264, 0, 0, 0
980, 1, 1636424045785, 1636424046050, 265, 1, 264, 0, 0, 0
983, 1, 1636424045805, 1636424046077, 272, 1, 271, 0, 0, 0
984, 1, 1636424045817, 1636424046086, 269, 1, 268, 0, 0, 0
981, 1, 1636424045873, 1636424046145, 272, 0, 272, 0, 0, 0
986, 1, 1636424046021, 1636424046294, 273, 0, 273, 0, 0, 0
987, 1, 1636424046101, 1636424046378, 277, 1, 276, 0, 0, 0
988, 1, 1636424046117, 1636424046389, 272, 1, 271, 0, 0, 0
985, 1, 1636424046222, 1636424046494, 272, 0, 272, 0, 0, 0
991, 1, 1636424046521, 1636424046789, 268, 1, 267, 0, 0, 0
990, 1, 1636424046565, 1636424046833, 268, 1, 267, 0, 0, 0
992, 1, 1636424046609, 1636424046882, 273, 1, 272, 0, 1, 1
989, 1, 1636424046682, 1636424046953, 271, 0, 271, 0, 0, 0
993, 1, 1636424046753, 1636424047026, 273, 0, 273, 0, 0, 0
994, 1, 1636424046789, 1636424047057, 268, 1, 267, 1, 0, 1
995, 1, 1636424047009, 1636424047278, 269, 1, 268, 0, 0, 0
997, 1, 1636424047057, 1636424047317, 260, 0, 260, 0, 0, 0
998, 1, 1636424047057, 1636424047329, 272, 0, 272, 0, 0, 0
999, 1, 1636424047101, 1636424047362, 261, 0, 261, 0, 0, 0
996, 1, 1636424047129, 1636424047390, 261, 0, 261, 0, 0, 0
1000, 1, 1636424047125, 1636424047390, 265, 0, 265, 0, 0, 0
1002, 1, 1636424047406, 1636424047677, 271, 0, 271, 0, 0, 0
1003, 1, 1636424047473, 1636424047741, 268, 0, 268, 0, 0, 0
1004, 1, 1636424047489, 1636424047753, 264, 0, 264, 0, 0, 0
1001, 1, 1636424047501, 1636424047809, 308, 0, 308, 0, 0, 0
1006, 1, 1636424047809, 1636424048081, 272, 0, 272, 0, 0, 0
1007, 1, 1636424047938, 1636424048238, 300, 0, 300, 0, 0, 0
1005, 1, 1636424047986, 1636424048266, 280, 0, 280, 0, 0, 0
1008, 1, 1636424048057, 1636424048330, 273, 1, 272, 0, 0, 0
1010, 1, 1636424048061, 1636424048345, 284, 1, 283, 0, 1, 1
1009, 1, 1636424048081, 1636424048357, 276, 0, 276, 0, 0, 0
1011, 1, 1636424048141, 1636424048413, 272, 1, 271, 0, 0, 0
1017, 1, 1636424048385, 1636424048658, 273, 1, 272, 0, 1, 1
1018, 1, 1636424048397, 1636424048661, 264, 1, 263, 0, 1, 1
1013, 1, 1636424048413, 1636424048685, 272, 1, 271, 0, 0, 0
1012, 1, 1636424048445, 1636424048713, 268, 1, 267, 0, 1, 1
1015, 1, 1636424048513, 1636424048794, 281, 1, 280, 0, 1, 1
1016, 1, 1636424048533, 1636424048802, 269, 0, 269, 0, 0, 0
1020, 1, 1636424048713, 1636424048990, 277, 1, 276, 0, 1, 1
1022, 1, 1636424048869, 1636424049142, 273, 1, 272, 1, 0, 1
926, 1, 1636424048909, 1636424049189, 280, 1, 279, 0, 0, 0
1025, 1, 1636424049193, 1636424049465, 272, 1, 271, 1, 0, 1
1024, 1, 1636424049217, 1636424049490, 273, 1, 272, 1, 0, 1
1026, 1, 1636424049317, 1636424049590, 273, 1, 272, 0, 0, 0
1028, 1, 1636424049345, 1636424049617, 272, 1, 271, 0, 0, 0
1029, 1, 1636424049373, 1636424049645, 272, 1, 271, 1, 0, 1
1036, 1, 1636424049733, 1636424050001, 268, 1, 267, 0, 0, 0
1037, 1, 1636424049773, 1636424050042, 269, 0, 269, 0, 0, 0
1034, 1, 1636424049777, 1636424050045, 268, 0, 268, 0, 0, 0
1033, 1, 1636424049825, 1636424050093, 268, 1, 267, 0, 0, 0
1038, 1, 1636424050022, 1636424050294, 272, 0, 272, 0, 0, 0
1040, 1, 1636424050509, 1636424050777, 268, 0, 268, 0, 0, 0
1042, 1, 1636424050561, 1636424050834, 273, 1, 272, 0, 0, 0
1044, 1, 1636424050754, 1636424051026, 272, 0, 272, 0, 0, 0
1047, 1, 1636424051110, 1636424051378, 268, 0, 268, 0, 0, 0
1048, 1, 1636424051146, 1636424051417, 271, 0, 271, 0, 0, 0
1046, 1, 1636424051210, 1636424051482, 272, 0, 272, 0, 0, 0
1049, 1, 1636424051406, 1636424051678, 272, 0, 272, 0, 0, 0
1051, 1, 1636424051890, 1636424052162, 272, 0, 272, 0, 0, 0
1052, 1, 1636424052074, 1636424052346, 272, 0, 272, 0, 0, 0
1054, 1, 1636424052402, 1636424052673, 271, 0, 271, 0, 0, 0
1053, 1, 1636424052530, 1636424052801, 271, 0, 271, 0, 0, 0
1056, 1, 1636424052774, 1636424053049, 275, 0, 275, 0, 0, 0
1057, 1, 1636424053214, 1636424053485, 271, 0, 271, 0, 0, 0
1058, 1, 1636424053342, 1636424053617, 275, 0, 275, 0, 0, 0
1060, 1, 1636424053729, 1636424054002, 273, 1, 272, 0, 0, 0
1059, 1, 1636424053802, 1636424054074, 272, 0, 272, 0, 0, 0
1062, 1, 1636424054498, 1636424054770, 272, 0, 272, 0, 0, 0
1063, 1, 1636424054698, 1636424054974, 276, 0, 276, 0, 0, 0
1065, 1, 1636424055026, 1636424055298, 272, 0, 272, 0, 0, 0
1064, 1, 1636424055157, 1636424055430, 273, 0, 273, 0, 0, 0
1066, 1, 1636424055850, 1636424056121, 271, 0, 271, 0, 0, 0
1067, 1, 1636424056090, 1636424056357, 267, 0, 267, 0, 0, 0
1068, 1, 1636424056302, 1636424056574, 272, 0, 272, 0, 0, 0
1069, 1, 1636424056542, 1636424056814, 272, 0, 272, 0, 0, 0
1070, 1, 1636424057242, 1636424057514, 272, 0, 272, 0, 0, 0
1071, 1, 1636424057378, 1636424057654, 276, 0, 276, 0, 0, 0
1073, 1, 1636424057690, 1636424057962, 272, 0, 272, 0, 0, 0
1072, 1, 1636424057837, 1636424058105, 268, 0, 268, 0, 0, 0
1074, 1, 1636424058566, 1636424058866, 300, 0, 300, 0, 0, 0
1075, 1, 1636424058662, 1636424058950, 288, 0, 288, 0, 0, 0
1076, 1, 1636424058866, 1636424059141, 275, 0, 275, 0, 0, 0
1079, 1, 1636424059097, 1636424059369, 272, 0, 272, 0, 0, 0
1080, 1, 1636424059134, 1636424059450, 316, 0, 316, 0, 0, 0
1078, 1, 1636424059134, 1636424059457, 323, 0, 323, 0, 0, 0
1077, 1, 1636424059346, 1636424059742, 396, 0, 396, 0, 0, 0
1043, 1, 1636424059698, 1636424059969, 271, 0, 271, 0, 0, 0
1082, 1, 1636424059745, 1636424060014, 269, 0, 269, 0, 0, 0
1083, 1, 1636424059862, 1636424060129, 267, 0, 267, 0, 0, 0
1081, 1, 1636424059917, 1636424060209, 292, 0, 292, 0, 0, 0
1085, 1, 1636424059965, 1636424060230, 265, 0, 265, 0, 0, 0
1087, 1, 1636424059961, 1636424060233, 272, 0, 272, 0, 0, 0
1088, 1, 1636424060014, 1636424060301, 287, 0, 287, 0, 0, 0
1090, 1, 1636424060129, 1636424060405, 276, 1, 275, 0, 1, 1
1089, 1, 1636424060153, 1636424060425, 272, 0, 272, 0, 0, 0
1086, 1, 1636424060201, 1636424060469, 268, 0, 268, 0, 0, 0
1093, 1, 1636424060377, 1636424060649, 272, 1, 271, 0, 0, 0
1094, 1, 1636424060393, 1636424060665, 272, 1, 271, 0, 0, 0
1091, 1, 1636424060409, 1636424060681, 272, 1, 271, 0, 1, 1
1095, 1, 1636424060469, 1636424060741, 272, 1, 271, 0, 1, 1
1096, 1, 1636424060617, 1636424060889, 272, 1, 271, 0, 0, 0
1097, 1, 1636424060921, 1636424061194, 273, 1, 272, 1, 0, 1
1098, 1, 1636424060921, 1636424061197, 276, 1, 275, 0, 0, 0
1099, 1, 1636424061157, 1636424061425, 268, 1, 267, 1, 0, 1
1100, 1, 1636424061173, 1636424061445, 272, 1, 271, 0, 0, 0
1103, 1, 1636424061261, 1636424061538, 277, 1, 276, 0, 1, 1
1104, 1, 1636424061269, 1636424061538, 269, 1, 268, 0, 0, 0
1101, 1, 1636424061370, 1636424061641, 271, 0, 271, 0, 0, 0
1102, 1, 1636424061373, 1636424061645, 272, 0, 272, 0, 0, 0
1105, 1, 1636424061417, 1636424061689, 272, 1, 271, 0, 0, 0
1108, 1, 1636424061669, 1636424061941, 272, 0, 272, 0, 0, 0
1109, 1, 1636424061705, 1636424062002, 297, 1, 296, 0, 0, 0
1107, 1, 1636424061713, 1636424062002, 289, 1, 288, 0, 0, 0
1106, 1, 1636424061825, 1636424062090, 265, 1, 264, 0, 0, 0
1111, 1, 1636424061910, 1636424062182, 272, 0, 272, 0, 0, 0
1112, 1, 1636424062121, 1636424062398, 277, 1, 276, 0, 0, 0
1113, 1, 1636424062269, 1636424062582, 313, 1, 312, 0, 0, 0
1061, 1, 1636424062445, 1636424062717, 272, 1, 271, 0, 0, 0
1115, 1, 1636424062489, 1636424062757, 268, 1, 267, 1, 0, 1
1117, 1, 1636424062537, 1636424062809, 272, 1, 271, 0, 1, 1
1116, 1, 1636424062573, 1636424062853, 280, 1, 279, 0, 0, 0
1122, 1, 1636424062741, 1636424063014, 273, 1, 272, 0, 0, 0
1123, 1, 1636424062749, 1636424063025, 276, 1, 275, 1, 0, 1
1121, 1, 1636424062761, 1636424063033, 272, 1, 271, 0, 0, 0
1125, 1, 1636424062985, 1636424063257, 272, 1, 271, 0, 1, 1
1127, 1, 1636424063213, 1636424063486, 273, 1, 272, 1, 0, 1
1128, 1, 1636424063229, 1636424063510, 281, 1, 280, 0, 1, 1
1130, 1, 1636424063406, 1636424063682, 276, 0, 276, 0, 0, 0
1129, 1, 1636424063442, 1636424063714, 272, 0, 272, 0, 0, 0
1132, 1, 1636424063893, 1636424064166, 273, 1, 272, 0, 1, 1
1134, 1, 1636424063941, 1636424064210, 269, 1, 268, 0, 0, 0
1135, 1, 1636424064094, 1636424064366, 272, 0, 272, 0, 0, 0
1136, 1, 1636424064097, 1636424064370, 273, 1, 272, 0, 0, 0
1138, 1, 1636424064398, 1636424064669, 271, 0, 271, 0, 0, 0
1139, 1, 1636424064629, 1636424064910, 281, 1, 280, 0, 0, 0
1141, 1, 1636424064714, 1636424064986, 272, 0, 272, 0, 0, 0
1143, 1, 1636424065254, 1636424065526, 272, 0, 272, 0, 0, 0
1144, 1, 1636424065410, 1636424065678, 268, 0, 268, 0, 0, 0
1145, 1, 1636424065446, 1636424065714, 268, 0, 268, 0, 0, 0
1146, 1, 1636424065709, 1636424065982, 273, 1, 272, 1, 0, 1
1147, 1, 1636424065957, 1636424066226, 269, 1, 268, 0, 0, 0
1150, 1, 1636424066710, 1636424066985, 275, 0, 275, 0, 0, 0
1151, 1, 1636424066841, 1636424067114, 273, 0, 273, 0, 0, 0
1153, 1, 1636424067258, 1636424067530, 272, 0, 272, 0, 0, 0
1154, 1, 1636424068066, 1636424068337, 271, 0, 271, 0, 0, 0
1155, 1, 1636424068145, 1636424068417, 272, 1, 271, 0, 0, 0
1156, 1, 1636424068594, 1636424068866, 272, 0, 272, 0, 0, 0
1157, 1, 1636424069457, 1636424069729, 272, 1, 271, 0, 0, 0
1158, 1, 1636424069457, 1636424069729, 272, 1, 271, 0, 1, 1
1159, 1, 1636424070014, 1636424070290, 276, 0, 276, 0, 0, 0
1162, 1, 1636424070765, 1636424071037, 272, 1, 271, 0, 0, 0
1163, 1, 1636424070778, 1636424071049, 271, 0, 271, 0, 0, 0
1164, 1, 1636424071314, 1636424071586, 272, 0, 272, 0, 0, 0
1167, 1, 1636424072077, 1636424072350, 273, 1, 272, 0, 0, 0
1166, 1, 1636424072070, 1636424072353, 283, 0, 283, 0, 0, 0
1120, 1, 1636424072306, 1636424072574, 268, 0, 268, 0, 0, 0
1169, 1, 1636424072665, 1636424072938, 273, 1, 272, 0, 0, 0
1170, 1, 1636424072897, 1636424073170, 273, 1, 272, 1, 0, 1
1171, 1, 1636424072897, 1636424073170, 273, 1, 272, 0, 0, 0
1173, 1, 1636424073349, 1636424073622, 273, 0, 273, 0, 0, 0
1174, 1, 1636424073390, 1636424073657, 267, 0, 267, 0, 0, 0
1175, 1, 1636424073462, 1636424073734, 272, 0, 272, 0, 0, 0
1176, 1, 1636424073470, 1636424073737, 267, 0, 267, 0, 0, 0
1177, 1, 1636424074013, 1636424074281, 268, 1, 267, 0, 0, 0
1178, 1, 1636424074073, 1636424074382, 309, 0, 309, 0, 0, 0
1179, 1, 1636424074098, 1636424074382, 284, 0, 284, 0, 0, 0
1180, 1, 1636424074101, 1636424074382, 281, 0, 281, 0, 0, 0
1181, 1, 1636424074185, 1636424074469, 284, 1, 283, 0, 0, 0
1182, 1, 1636424074565, 1636424074837, 272, 1, 271, 1, 0, 1
1184, 1, 1636424074629, 1636424074901, 272, 1, 271, 1, 0, 1
1183, 1, 1636424074657, 1636424074933, 276, 1, 275, 0, 0, 0
1185, 1, 1636424074761, 1636424075033, 272, 1, 271, 0, 0, 0
1186, 1, 1636424074837, 1636424075106, 269, 1, 268, 1, 0, 1
1187, 1, 1636424075125, 1636424075402, 277, 1, 276, 1, 0, 1
1188, 1, 1636424075306, 1636424075586, 280, 0, 280, 0, 0, 0
1189, 1, 1636424075381, 1636424075653, 272, 0, 272, 0, 0, 0
1190, 1, 1636424075414, 1636424075682, 268, 0, 268, 0, 0, 0
1193, 1, 1636424075473, 1636424075746, 273, 1, 272, 1, 0, 1
1191, 1, 1636424075589, 1636424075862, 273, 1, 272, 1, 0, 1
1195, 1, 1636424075862, 1636424076126, 264, 0, 264, 0, 0, 0
1194, 1, 1636424075929, 1636424076197, 268, 1, 267, 0, 0, 0
1196, 1, 1636424075953, 1636424076213, 260, 0, 260, 0, 0, 0
1197, 1, 1636424076037, 1636424076301, 264, 1, 263, 0, 0, 0
1198, 1, 1636424076153, 1636424076426, 273, 1, 272, 1, 0, 1
1199, 1, 1636424076305, 1636424076578, 273, 1, 272, 1, 0, 1
1200, 1, 1636424076374, 1636424076649, 275, 0, 275, 0, 0, 0
1201, 1, 1636424076649, 1636424076917, 268, 1, 267, 0, 0, 0
1202, 1, 1636424076693, 1636424076965, 272, 1, 271, 0, 0, 0
1203, 1, 1636424076733, 1636424077005, 272, 1, 271, 1, 0, 1
1204, 1, 1636424076762, 1636424077037, 275, 0, 275, 0, 0, 0
1205, 1, 1636424076841, 1636424077117, 276, 1, 275, 0, 0, 0
1206, 1, 1636424076905, 1636424077209, 304, 1, 303, 0, 1, 1
1192, 1, 1636424077074, 1636424077341, 267, 0, 267, 0, 0, 0
1208, 1, 1636424077189, 1636424077462, 273, 1, 272, 0, 1, 1
1207, 1, 1636424077293, 1636424077562, 269, 0, 269, 0, 0, 0
1211, 1, 1636424077341, 1636424077609, 268, 1, 267, 0, 0, 0
1209, 1, 1636424077337, 1636424077610, 273, 0, 273, 0, 0, 0
1210, 1, 1636424077385, 1636424077661, 276, 1, 275, 0, 1, 1
1212, 1, 1636424077465, 1636424077746, 281, 1, 280, 0, 1, 1
1214, 1, 1636424077597, 1636424077873, 276, 1, 275, 0, 0, 0
1213, 1, 1636424077637, 1636424077910, 273, 1, 272, 0, 1, 1
1215, 1, 1636424077753, 1636424078025, 272, 1, 271, 0, 1, 1
1217, 1, 1636424078005, 1636424078281, 276, 1, 275, 0, 0, 0
1218, 1, 1636424078017, 1636424078294, 277, 0, 277, 0, 0, 0
1216, 1, 1636424078093, 1636424078365, 272, 1, 271, 0, 1, 1
1219, 1, 1636424078105, 1636424078377, 272, 0, 272, 0, 0, 0
1220, 1, 1636424078157, 1636424078425, 268, 1, 267, 0, 0, 0
1221, 1, 1636424078225, 1636424078497, 272, 0, 272, 0, 0, 0
1223, 1, 1636424078561, 1636424078833, 272, 1, 271, 0, 1, 1
1224, 1, 1636424078609, 1636424078882, 273, 1, 272, 1, 0, 1
1225, 1, 1636424078613, 1636424078890, 277, 1, 276, 1, 0, 1
1226, 1, 1636424078621, 1636424078890, 269, 1, 268, 0, 0, 0
1222, 1, 1636424078685, 1636424078957, 272, 1, 271, 1, 0, 1
1228, 1, 1636424078845, 1636424079118, 273, 1, 272, 0, 1, 1
1229, 1, 1636424078901, 1636424079173, 272, 1, 271, 0, 0, 0
1227, 1, 1636424079013, 1636424079285, 272, 1, 271, 0, 0, 0
1230, 1, 1636424079054, 1636424079326, 272, 0, 272, 0, 0, 0
1231, 1, 1636424079341, 1636424079610, 269, 0, 269, 0, 0, 0
1233, 1, 1636424079385, 1636424079657, 272, 1, 271, 0, 0, 0
1234, 1, 1636424079385, 1636424079657, 272, 1, 271, 0, 0, 0
1235, 1, 1636424079457, 1636424079726, 269, 0, 269, 0, 0, 0
1232, 1, 1636424079474, 1636424079745, 271, 0, 271, 0, 0, 0
1236, 1, 1636424079502, 1636424079770, 268, 0, 268, 0, 0, 0
1238, 1, 1636424079845, 1636424080117, 272, 1, 271, 0, 0, 0
1240, 1, 1636424079901, 1636424080165, 264, 1, 263, 0, 0, 0
1239, 1, 1636424079909, 1636424080177, 268, 1, 267, 0, 0, 0
1237, 1, 1636424079945, 1636424080217, 272, 1, 271, 1, 0, 1
1241, 1, 1636424080009, 1636424080282, 273, 1, 272, 0, 1, 1
1243, 1, 1636424080174, 1636424080445, 271, 0, 271, 0, 0, 0
1244, 1, 1636424080289, 1636424080561, 272, 1, 271, 0, 0, 0
1242, 1, 1636424080297, 1636424080569, 272, 1, 271, 1, 0, 1
1245, 1, 1636424080357, 1636424080629, 272, 1, 271, 0, 0, 0
1247, 1, 1636424080709, 1636424080985, 276, 1, 275, 0, 1, 1
1246, 1, 1636424080709, 1636424080985, 276, 1, 275, 0, 0, 0
1248, 1, 1636424080753, 1636424081022, 269, 0, 269, 0, 0, 0
1249, 1, 1636424080798, 1636424081066, 268, 0, 268, 0, 0, 0
1251, 1, 1636424080885, 1636424081153, 268, 1, 267, 0, 0, 0
1254, 1, 1636424081161, 1636424081426, 265, 1, 264, 1, 0, 1
1257, 1, 1636424081293, 1636424081565, 272, 0, 272, 0, 0, 0
1256, 1, 1636424081326, 1636424081598, 272, 0, 272, 0, 0, 0
1258, 1, 1636424081326, 1636424081598, 272, 0, 272, 0, 0, 0
1260, 1, 1636424081473, 1636424081746, 273, 1, 272, 1, 0, 1
1261, 1, 1636424081578, 1636424081849, 271, 0, 271, 0, 0, 0
1262, 1, 1636424081642, 1636424081917, 275, 0, 275, 0, 0, 0
1264, 1, 1636424082009, 1636424082282, 273, 1, 272, 0, 1, 1
1265, 1, 1636424082021, 1636424082293, 272, 1, 271, 0, 1, 1
1267, 1, 1636424082145, 1636424082422, 277, 1, 276, 0, 0, 0
1269, 1, 1636424082425, 1636424082693, 268, 1, 267, 1, 0, 1
1270, 1, 1636424082605, 1636424082878, 273, 1, 272, 0, 0, 0
1271, 1, 1636424082625, 1636424082901, 276, 1, 275, 0, 0, 0
1172, 1, 1636424082633, 1636424082905, 272, 1, 271, 0, 0, 0
1272, 1, 1636424082717, 1636424082990, 273, 1, 272, 0, 1, 1
1274, 1, 1636424082861, 1636424083133, 272, 1, 271, 0, 0, 0
1276, 1, 1636424082993, 1636424083262, 269, 1, 268, 0, 0, 0
1278, 1, 1636424083358, 1636424083626, 268, 0, 268, 0, 0, 0
1279, 1, 1636424083378, 1636424083650, 272, 0, 272, 0, 0, 0
1281, 1, 1636424083781, 1636424084054, 273, 1, 272, 0, 0, 0
1283, 1, 1636424083965, 1636424084233, 268, 1, 267, 0, 1, 1
1284, 1, 1636424084054, 1636424084325, 271, 0, 271, 0, 0, 0
1285, 1, 1636424084249, 1636424084526, 277, 0, 277, 0, 0, 0
1286, 1, 1636424084338, 1636424084610, 272, 0, 272, 0, 0, 0
1287, 1, 1636424084741, 1636424085014, 273, 1, 272, 0, 0, 0
1288, 1, 1636424084741, 1636424085017, 276, 1, 275, 1, 0, 1
1289, 1, 1636424085061, 1636424085333, 272, 1, 271, 1, 0, 1
1290, 1, 1636424085253, 1636424085526, 273, 1, 272, 0, 0, 0
1291, 1, 1636424085393, 1636424085666, 273, 1, 272, 1, 0, 1
1292, 1, 1636424085541, 1636424085817, 276, 0, 276, 0, 0, 0
1293, 1, 1636424085713, 1636424085986, 273, 1, 272, 0, 1, 1
1294, 1, 1636424086037, 1636424086310, 273, 1, 272, 0, 0, 0
1295, 1, 1636424086122, 1636424086394, 272, 0, 272, 0, 0, 0
1296, 1, 1636424086486, 1636424086758, 272, 0, 272, 0, 0, 0
1298, 1, 1636424086765, 1636424087038, 273, 1, 272, 0, 0, 0
1299, 1, 1636424086817, 1636424087085, 268, 1, 267, 0, 1, 1
1300, 1, 1636424086994, 1636424087262, 268, 0, 268, 0, 0, 0
1301, 1, 1636424087321, 1636424087594, 273, 1, 272, 0, 0, 0
1302, 1, 1636424087478, 1636424087750, 272, 0, 272, 0, 0, 0
1303, 1, 1636424087810, 1636424088082, 272, 0, 272, 0, 0, 0
1304, 1, 1636424088109, 1636424088382, 273, 1, 272, 0, 1, 1
1306, 1, 1636424088366, 1636424088637, 271, 0, 271, 0, 0, 0
1308, 1, 1636424088846, 1636424089117, 271, 0, 271, 0, 0, 0
1309, 1, 1636424089102, 1636424089374, 272, 0, 272, 0, 0, 0
1310, 1, 1636424089477, 1636424089750, 273, 1, 272, 0, 0, 0
1311, 1, 1636424089717, 1636424089990, 273, 1, 272, 1, 0, 1
1312, 1, 1636424090201, 1636424090474, 273, 1, 272, 0, 0, 0
1313, 1, 1636424090414, 1636424090686, 272, 0, 272, 0, 0, 0
1314, 1, 1636424090893, 1636424091194, 301, 0, 301, 0, 0, 0
1315, 1, 1636424091109, 1636424091386, 277, 1, 276, 0, 1, 1
1318, 1, 1636424091593, 1636424091866, 273, 1, 272, 0, 0, 0
1319, 1, 1636424091762, 1636424092078, 316, 0, 316, 0, 0, 0
1320, 1, 1636424091990, 1636424092266, 276, 0, 276, 0, 0, 0
1329, 1, 1636424093109, 1636424093382, 273, 1, 272, 0, 0, 0
1331, 1, 1636424093165, 1636424093478, 313, 1, 312, 0, 0, 0
1326, 1, 1636424093301, 1636424093574, 273, 1, 272, 0, 1, 1
1335, 1, 1636424093982, 1636424094254, 272, 0, 272, 0, 0, 0
1337, 1, 1636424094445, 1636424094713, 268, 0, 268, 0, 0, 0
1339, 1, 1636424095262, 1636424095534, 272, 0, 272, 0, 0, 0
1340, 1, 1636424095746, 1636424096017, 271, 0, 271, 0, 0, 0
1341, 1, 1636424096585, 1636424096858, 273, 1, 272, 0, 1, 1
1343, 1, 1636424097117, 1636424097394, 277, 1, 276, 0, 0, 0
1344, 1, 1636424097834, 1636424098109, 275, 0, 275, 0, 0, 0
1345, 1, 1636424098390, 1636424098689, 299, 0, 299, 0, 0, 0
1346, 1, 1636424098457, 1636424098730, 273, 1, 272, 0, 0, 0
1347, 1, 1636424098954, 1636424099233, 279, 0, 279, 0, 0, 0
1348, 1, 1636424099106, 1636424099378, 272, 0, 272, 0, 0, 0
1349, 1, 1636424099702, 1636424099974, 272, 0, 272, 0, 0, 0
1350, 1, 1636424099781, 1636424100054, 273, 1, 272, 0, 0, 0
1351, 1, 1636424100210, 1636424100481, 271, 0, 271, 0, 0, 0
1352, 1, 1636424100434, 1636424100705, 271, 0, 271, 0, 0, 0
1353, 1, 1636424101021, 1636424101294, 273, 1, 272, 0, 0, 0
1354, 1, 1636424101146, 1636424101422, 276, 0, 276, 0, 0, 0
1355, 1, 1636424101529, 1636424101797, 268, 1, 267, 0, 0, 0
1357, 1, 1636424101641, 1636424101914, 273, 1, 272, 0, 0, 0
1358, 1, 1636424101766, 1636424102110, 344, 0, 344, 0, 0, 0
1356, 1, 1636424102097, 1636424102390, 293, 1, 292, 1, 0, 1
1328, 1, 1636424102301, 1636424102578, 277, 1, 276, 0, 1, 1
1361, 1, 1636424102389, 1636424102661, 272, 1, 271, 0, 0, 0
1362, 1, 1636424102478, 1636424102749, 271, 0, 271, 0, 0, 0
1360, 1, 1636424102570, 1636424102837, 267, 0, 267, 0, 0, 0
1366, 1, 1636424102837, 1636424103110, 273, 1, 272, 0, 1, 1
1367, 1, 1636424102845, 1636424103113, 268, 1, 267, 1, 0, 1
1370, 1, 1636424103021, 1636424103326, 305, 1, 304, 0, 0, 0
1371, 1, 1636424103125, 1636424103417, 292, 1, 291, 0, 1, 1
1368, 1, 1636424103294, 1636424103562, 268, 0, 268, 0, 0, 0
1372, 1, 1636424103501, 1636424103782, 281, 1, 280, 0, 0, 0
1373, 1, 1636424103505, 1636424103782, 277, 1, 276, 0, 0, 0
1338, 1, 1636424103613, 1636424103881, 268, 1, 267, 0, 1, 1
1375, 1, 1636424103701, 1636424103973, 272, 1, 271, 0, 0, 0
1376, 1, 1636424103861, 1636424104161, 300, 1, 299, 0, 0, 0
1342, 1, 1636424104114, 1636424104385, 271, 0, 271, 0, 0, 0
1382, 1, 1636424104213, 1636424104486, 273, 1, 272, 0, 0, 0
1379, 1, 1636424104213, 1636424104486, 273, 1, 272, 0, 0, 0
1380, 1, 1636424104213, 1636424104486, 273, 1, 272, 0, 0, 0
1383, 1, 1636424104294, 1636424104566, 272, 0, 272, 0, 0, 0
1384, 1, 1636424104389, 1636424104662, 273, 1, 272, 0, 0, 0
1381, 1, 1636424104669, 1636424104945, 276, 1, 275, 0, 0, 0
1387, 1, 1636424104774, 1636424105053, 279, 0, 279, 0, 0, 0
1388, 1, 1636424104825, 1636424105094, 269, 1, 268, 0, 1, 1
1389, 1, 1636424105066, 1636424105334, 268, 0, 268, 0, 0, 0
1390, 1, 1636424105217, 1636424105490, 273, 1, 272, 1, 0, 1
1391, 1, 1636424105461, 1636424105733, 272, 1, 271, 0, 0, 0
1393, 1, 1636424105569, 1636424105841, 272, 1, 271, 0, 0, 0
1394, 1, 1636424105585, 1636424105849, 264, 1, 263, 0, 1, 1
1395, 1, 1636424105597, 1636424105866, 269, 1, 268, 0, 0, 0
1396, 1, 1636424105670, 1636424105933, 263, 0, 263, 0, 0, 0
1392, 1, 1636424105917, 1636424106189, 272, 1, 271, 0, 1, 1
1397, 1, 1636424106098, 1636424106369, 271, 0, 271, 0, 0, 0
1398, 1, 1636424106133, 1636424106414, 281, 1, 280, 0, 0, 0
1399, 1, 1636424106406, 1636424106678, 272, 0, 272, 0, 0, 0
1400, 1, 1636424106553, 1636424106825, 272, 1, 271, 0, 0, 0
1401, 1, 1636424106765, 1636424107038, 273, 1, 272, 0, 0, 0
1403, 1, 1636424106913, 1636424107185, 272, 1, 271, 0, 0, 0
1404, 1, 1636424106922, 1636424107197, 275, 0, 275, 0, 0, 0
1405, 1, 1636424106933, 1636424107205, 272, 1, 271, 0, 0, 0
1406, 1, 1636424106949, 1636424107221, 272, 1, 271, 0, 0, 0
1402, 1, 1636424107221, 1636424107494, 273, 0, 273, 0, 0, 0
1407, 1, 1636424107406, 1636424107682, 276, 0, 276, 0, 0, 0
1408, 1, 1636424107497, 1636424107774, 277, 1, 276, 0, 0, 0
1409, 1, 1636424107677, 1636424107950, 273, 1, 272, 0, 0, 0
1410, 1, 1636424107914, 1636424108190, 276, 0, 276, 0, 0, 0
1411, 1, 1636424108098, 1636424108369, 271, 0, 271, 0, 0, 0
1412, 1, 1636424108197, 1636424108469, 272, 1, 271, 1, 0, 1
1413, 1, 1636424108209, 1636424108481, 272, 1, 271, 0, 0, 0
1415, 1, 1636424108209, 1636424108482, 273, 1, 272, 0, 1, 1
1416, 1, 1636424108253, 1636424108526, 273, 1, 272, 1, 0, 1
1414, 1, 1636424108553, 1636424108825, 272, 1, 271, 1, 0, 1
1417, 1, 1636424108773, 1636424109046, 273, 1, 272, 0, 0, 0
1418, 1, 1636424108857, 1636424109129, 272, 1, 271, 0, 0, 0
1419, 1, 1636424108946, 1636424109217, 271, 0, 271, 0, 0, 0
1420, 1, 1636424109182, 1636424109453, 271, 0, 271, 0, 0, 0
1421, 1, 1636424109465, 1636424109737, 272, 1, 271, 1, 0, 1
1423, 1, 1636424109505, 1636424109769, 264, 0, 264, 0, 0, 0
1422, 1, 1636424109497, 1636424109770, 273, 1, 272, 0, 0, 0
1424, 1, 1636424109549, 1636424109817, 268, 1, 267, 0, 1, 1
1426, 1, 1636424109646, 1636424109913, 267, 0, 267, 0, 0, 0
1425, 1, 1636424109954, 1636424110226, 272, 0, 272, 0, 0, 0
1427, 1, 1636424110137, 1636424110410, 273, 1, 272, 0, 0, 0
1428, 1, 1636424110193, 1636424110457, 264, 1, 263, 1, 0, 1
1429, 1, 1636424110297, 1636424110565, 268, 1, 267, 1, 0, 1
1430, 1, 1636424110485, 1636424110758, 273, 1, 272, 1, 0, 1
1431, 1, 1636424110773, 1636424111046, 273, 1, 272, 0, 0, 0
1432, 1, 1636424110790, 1636424111058, 268, 0, 268, 0, 0, 0
1433, 1, 1636424110825, 1636424111093, 268, 1, 267, 1, 0, 1
1435, 1, 1636424110893, 1636424111161, 268, 0, 268, 0, 0, 0
1436, 1, 1636424111017, 1636424111290, 273, 1, 272, 0, 1, 1
1434, 1, 1636424111225, 1636424111502, 277, 1, 276, 0, 0, 0
1437, 1, 1636424111469, 1636424111741, 272, 1, 271, 0, 0, 0
1438, 1, 1636424111502, 1636424111769, 267, 0, 267, 0, 0, 0
1439, 1, 1636424111649, 1636424111921, 272, 1, 271, 0, 0, 0
1440, 1, 1636424111773, 1636424112045, 272, 0, 272, 0, 0, 0
1441, 1, 1636424112057, 1636424112325, 268, 0, 268, 0, 0, 0
1442, 1, 1636424112077, 1636424112353, 276, 1, 275, 0, 0, 0
1444, 1, 1636424112181, 1636424112449, 268, 0, 268, 0, 0, 0
1445, 1, 1636424112233, 1636424112505, 272, 1, 271, 0, 0, 0
1446, 1, 1636424112321, 1636424112597, 276, 0, 276, 0, 0, 0
1443, 1, 1636424112533, 1636424112857, 324, 1, 323, 0, 1, 1
1447, 1, 1636424112769, 1636424113041, 272, 0, 272, 0, 0, 0
1369, 1, 1636424112813, 1636424113082, 269, 0, 269, 0, 0, 0
1448, 1, 1636424112865, 1636424113141, 276, 1, 275, 0, 0, 0
1449, 1, 1636424112949, 1636424113217, 268, 1, 267, 0, 1, 1
1452, 1, 1636424113045, 1636424113317, 272, 1, 271, 1, 0, 1
1450, 1, 1636424113074, 1636424113349, 275, 0, 275, 0, 0, 0
1453, 1, 1636424113361, 1636424113633, 272, 1, 271, 0, 0, 0
1455, 1, 1636424113461, 1636424113733, 272, 1, 271, 0, 0, 0
1456, 1, 1636424113489, 1636424113762, 273, 1, 272, 0, 1, 1
1454, 1, 1636424113541, 1636424113813, 272, 1, 271, 0, 0, 0
1457, 1, 1636424113541, 1636424113817, 276, 1, 275, 0, 0, 0
1459, 1, 1636424113625, 1636424113902, 277, 1, 276, 0, 1, 1
1458, 1, 1636424113917, 1636424114194, 277, 1, 276, 0, 1, 1
1451, 1, 1636424113998, 1636424114278, 280, 0, 280, 0, 0, 0
1460, 1, 1636424114081, 1636424114353, 272, 1, 271, 0, 1, 1
1466, 1, 1636424114269, 1636424114573, 304, 1, 303, 0, 0, 0
1462, 1, 1636424114297, 1636424114573, 276, 0, 276, 0, 0, 0
1463, 1, 1636424114306, 1636424114573, 267, 0, 267, 0, 0, 0
1468, 1, 1636424114393, 1636424114669, 276, 1, 275, 1, 0, 1
1469, 1, 1636424114393, 1636424114669, 276, 1, 275, 0, 1, 1
1386, 1, 1636424114433, 1636424114709, 276, 1, 275, 1, 0, 1
1461, 1, 1636424114457, 1636424114733, 276, 1, 275, 1, 0, 1
1471, 1, 1636424114681, 1636424114961, 280, 0, 280, 0, 0, 0
1470, 1, 1636424114693, 1636424114965, 272, 1, 271, 0, 0, 0
1472, 1, 1636424114757, 1636424115026, 269, 1, 268, 0, 1, 1
1465, 1, 1636424114757, 1636424115033, 276, 1, 275, 0, 1, 1
1474, 1, 1636424114829, 1636424115098, 269, 1, 268, 0, 0, 0
1473, 1, 1636424114841, 1636424115114, 273, 0, 273, 0, 0, 0
1475, 1, 1636424114849, 1636424115114, 265, 0, 265, 0, 0, 0
1476, 1, 1636424114853, 1636424115130, 277, 0, 277, 0, 0, 0
1478, 1, 1636424114893, 1636424115161, 268, 1, 267, 1, 0, 1
1477, 1, 1636424115274, 1636424115546, 272, 0, 272, 0, 0, 0
1480, 1, 1636424115398, 1636424115673, 275, 0, 275, 0, 0, 0
1481, 1, 1636424115545, 1636424115809, 264, 1, 263, 0, 0, 0
1482, 1, 1636424115565, 1636424115837, 272, 0, 272, 0, 0, 0
1484, 1, 1636424115581, 1636424115854, 273, 1, 272, 0, 1, 1
1485, 1, 1636424115637, 1636424115905, 268, 0, 268, 0, 0, 0
1486, 1, 1636424115673, 1636424115945, 272, 0, 272, 0, 0, 0
1487, 1, 1636424115701, 1636424115969, 268, 0, 268, 0, 0, 0
1488, 1, 1636424115937, 1636424116202, 265, 1, 264, 1, 0, 1
1489, 1, 1636424115945, 1636424116214, 269, 1, 268, 1, 0, 1
1483, 1, 1636424116021, 1636424116294, 273, 1, 272, 0, 1, 1
1490, 1, 1636424116033, 1636424116309, 276, 1, 275, 0, 0, 0
1491, 1, 1636424116117, 1636424116393, 276, 1, 275, 0, 0, 0
1492, 1, 1636424116146, 1636424116417, 271, 0, 271, 0, 0, 0
1494, 1, 1636424116201, 1636424116473, 272, 1, 271, 0, 0, 0
1495, 1, 1636424116213, 1636424116489, 276, 1, 275, 0, 0, 0
1496, 1, 1636424116229, 1636424116502, 273, 0, 273, 0, 0, 0
1493, 1, 1636424116577, 1636424116846, 269, 1, 268, 0, 0, 0
1497, 1, 1636424116749, 1636424117017, 268, 1, 267, 0, 0, 0
1498, 1, 1636424116846, 1636424117121, 275, 0, 275, 0, 0, 0
1499, 1, 1636424116886, 1636424117165, 279, 0, 279, 0, 0, 0
1501, 1, 1636424116913, 1636424117182, 269, 1, 268, 1, 0, 1
1502, 1, 1636424116933, 1636424117210, 277, 0, 277, 0, 0, 0
1503, 1, 1636424116985, 1636424117253, 268, 1, 267, 0, 0, 0
1504, 1, 1636424117081, 1636424117341, 260, 0, 260, 0, 0, 0
1505, 1, 1636424117209, 1636424117477, 268, 1, 267, 0, 0, 0
1506, 1, 1636424117265, 1636424117533, 268, 1, 267, 0, 1, 1
1500, 1, 1636424117341, 1636424117614, 273, 0, 273, 0, 0, 0
1507, 1, 1636424117385, 1636424117658, 273, 0, 273, 0, 0, 0
1510, 1, 1636424117485, 1636424117753, 268, 1, 267, 0, 0, 0
1511, 1, 1636424117505, 1636424117778, 273, 1, 272, 1, 0, 1
1512, 1, 1636424117525, 1636424117798, 273, 1, 272, 0, 1, 1
1509, 1, 1636424117525, 1636424117806, 281, 1, 280, 0, 1, 1
1508, 1, 1636424117834, 1636424118102, 268, 0, 268, 0, 0, 0
1513, 1, 1636424117937, 1636424118209, 272, 1, 271, 0, 0, 0
1515, 1, 1636424118189, 1636424118449, 260, 0, 260, 0, 0, 0
1516, 1, 1636424118226, 1636424118498, 272, 0, 272, 0, 0, 0
1517, 1, 1636424118226, 1636424118498, 272, 0, 272, 0, 0, 0
1519, 1, 1636424118305, 1636424118585, 280, 1, 279, 0, 0, 0
1520, 1, 1636424118325, 1636424118589, 264, 1, 263, 0, 1, 1
1514, 1, 1636424118393, 1636424118665, 272, 1, 271, 0, 0, 0
1521, 1, 1636424118401, 1636424118677, 276, 1, 275, 0, 0, 0
1522, 1, 1636424118557, 1636424118826, 269, 1, 268, 0, 0, 0
1523, 1, 1636424118614, 1636424118885, 271, 0, 271, 0, 0, 0
1518, 1, 1636424118629, 1636424118897, 268, 1, 267, 1, 0, 1
1524, 1, 1636424118769, 1636424119041, 272, 1, 271, 0, 1, 1
1525, 1, 1636424118806, 1636424119073, 267, 0, 267, 0, 0, 0
1526, 1, 1636424118817, 1636424119085, 268, 1, 267, 0, 0, 0
1527, 1, 1636424118825, 1636424119093, 268, 1, 267, 0, 0, 0
1528, 1, 1636424118853, 1636424119117, 264, 0, 264, 0, 0, 0
1530, 1, 1636424118925, 1636424119197, 272, 1, 271, 0, 0, 0
1529, 1, 1636424119277, 1636424119549, 272, 1, 271, 0, 0, 0
1531, 1, 1636424119381, 1636424119649, 268, 1, 267, 1, 0, 1
1532, 1, 1636424119553, 1636424119822, 269, 0, 269, 0, 0, 0
1533, 1, 1636424119578, 1636424119845, 267, 0, 267, 0, 0, 0
1534, 1, 1636424119589, 1636424119858, 269, 0, 269, 0, 0, 0
1536, 1, 1636424119597, 1636424119865, 268, 0, 268, 0, 0, 0
1538, 1, 1636424119697, 1636424119961, 264, 1, 263, 1, 0, 1
1537, 1, 1636424119697, 1636424119961, 264, 1, 263, 1, 0, 1
1539, 1, 1636424119885, 1636424120157, 272, 0, 272, 0, 0, 0
1540, 1, 1636424119905, 1636424120181, 276, 1, 275, 0, 0, 0
1535, 1, 1636424119997, 1636424120273, 276, 1, 275, 0, 0, 0
1542, 1, 1636424120109, 1636424120382, 273, 0, 273, 0, 0, 0
1541, 1, 1636424120141, 1636424120413, 272, 0, 272, 0, 0, 0
1544, 1, 1636424120153, 1636424120425, 272, 1, 271, 1, 0, 1
1543, 1, 1636424120153, 1636424120433, 280, 1, 279, 0, 1, 1
1545, 1, 1636424120161, 1636424120433, 272, 0, 272, 0, 0, 0
1547, 1, 1636424120281, 1636424120558, 277, 1, 276, 0, 1, 1
1546, 1, 1636424120613, 1636424120890, 277, 1, 276, 0, 0, 0
1548, 1, 1636424120701, 1636424120973, 272, 1, 271, 0, 0, 0
1549, 1, 1636424120889, 1636424121154, 265, 1, 264, 0, 0, 0
1550, 1, 1636424120925, 1636424121197, 272, 1, 271, 0, 1, 1
1551, 1, 1636424120937, 1636424121201, 264, 0, 264, 0, 0, 0
1553, 1, 1636424120941, 1636424121205, 264, 1, 263, 0, 0, 0
1554, 1, 1636424121025, 1636424121297, 272, 1, 271, 1, 0, 1
1555, 1, 1636424121029, 1636424121310, 281, 1, 280, 0, 0, 0
1556, 1, 1636424121185, 1636424121457, 272, 1, 271, 0, 0, 0
1557, 1, 1636424121237, 1636424121509, 272, 1, 271, 0, 1, 1
1552, 1, 1636424121377, 1636424121650, 273, 1, 272, 1, 0, 1
1558, 1, 1636424121417, 1636424121690, 273, 0, 273, 0, 0, 0
1560, 1, 1636424121473, 1636424121738, 265, 1, 264, 0, 0, 0
1561, 1, 1636424121486, 1636424121757, 271, 0, 271, 0, 0, 0
1559, 1, 1636424121486, 1636424121757, 271, 0, 271, 0, 0, 0
1562, 1, 1636424121509, 1636424121782, 273, 1, 272, 0, 1, 1
1564, 1, 1636424121609, 1636424121877, 268, 0, 268, 0, 0, 0
1563, 1, 1636424121877, 1636424122150, 273, 1, 272, 1, 0, 1
1565, 1, 1636424122001, 1636424122273, 272, 0, 272, 0, 0, 0
1566, 1, 1636424122214, 1636424122485, 271, 0, 271, 0, 0, 0
1568, 1, 1636424122222, 1636424122497, 275, 0, 275, 0, 0, 0
1567, 1, 1636424122222, 1636424122498, 276, 0, 276, 0, 0, 0
1570, 1, 1636424122285, 1636424122558, 273, 1, 272, 0, 0, 0
1571, 1, 1636424122373, 1636424122649, 276, 1, 275, 0, 0, 0
1572, 1, 1636424122373, 1636424122650, 277, 1, 276, 0, 0, 0
1573, 1, 1636424122457, 1636424122726, 269, 0, 269, 0, 0, 0
1574, 1, 1636424122597, 1636424122869, 272, 1, 271, 0, 0, 0
1569, 1, 1636424122681, 1636424122954, 273, 1, 272, 1, 0, 1
1575, 1, 1636424122801, 1636424123065, 264, 0, 264, 0, 0, 0
1578, 1, 1636424122849, 1636424123118, 269, 1, 268, 0, 0, 0
1577, 1, 1636424122845, 1636424123118, 273, 0, 273, 0, 0, 0
1576, 1, 1636424122841, 1636424123121, 280, 1, 279, 0, 0, 0
1580, 1, 1636424122889, 1636424123162, 273, 1, 272, 1, 0, 1
1581, 1, 1636424122889, 1636424123162, 273, 1, 272, 1, 0, 1
1579, 1, 1636424123242, 1636424123509, 267, 0, 267, 0, 0, 0
1582, 1, 1636424123314, 1636424123585, 271, 0, 271, 0, 0, 0
1583, 1, 1636424123478, 1636424123750, 272, 0, 272, 0, 0, 0
1584, 1, 1636424123501, 1636424123778, 277, 1, 276, 0, 0, 0
1586, 1, 1636424123577, 1636424123854, 277, 1, 276, 0, 0, 0
1587, 1, 1636424123585, 1636424123862, 277, 1, 276, 1, 0, 1
1589, 1, 1636424123741, 1636424124013, 272, 1, 271, 1, 0, 1
1590, 1, 1636424123749, 1636424124017, 268, 1, 267, 0, 0, 0
1591, 1, 1636424123878, 1636424124145, 267, 0, 267, 0, 0, 0
1585, 1, 1636424123961, 1636424124229, 268, 1, 267, 0, 0, 0
1588, 1, 1636424124041, 1636424124398, 357, 1, 356, 0, 1, 1
1592, 1, 1636424124137, 1636424124490, 353, 1, 352, 0, 1, 1
1596, 1, 1636424124205, 1636424124490, 285, 1, 284, 1, 0, 1
1593, 1, 1636424124173, 1636424124490, 317, 1, 316, 0, 1, 1
1598, 1, 1636424124309, 1636424124582, 273, 1, 272, 0, 1, 1
1594, 1, 1636424124581, 1636424124853, 272, 1, 271, 0, 0, 0
1595, 1, 1636424124673, 1636424124941, 268, 1, 267, 0, 1, 1
1597, 1, 1636424124673, 1636424124945, 272, 1, 271, 0, 0, 0
1600, 1, 1636424124761, 1636424125033, 272, 0, 272, 0, 0, 0
1601, 1, 1636424124805, 1636424125081, 276, 1, 275, 0, 0, 0
1603, 1, 1636424124921, 1636424125197, 276, 1, 275, 1, 0, 1
1605, 1, 1636424125065, 1636424125329, 264, 0, 264, 0, 0, 0
1606, 1, 1636424125073, 1636424125333, 260, 0, 260, 0, 0, 0
1607, 1, 1636424125085, 1636424125353, 268, 0, 268, 0, 0, 0
1608, 1, 1636424125261, 1636424125533, 272, 1, 271, 0, 0, 0
1602, 1, 1636424125261, 1636424125534, 273, 1, 272, 0, 0, 0
1609, 1, 1636424125413, 1636424125685, 272, 0, 272, 0, 0, 0
1613, 1, 1636424125505, 1636424125777, 272, 1, 271, 0, 1, 1
1614, 1, 1636424125533, 1636424125805, 272, 1, 271, 1, 0, 1
1615, 1, 1636424125537, 1636424125806, 269, 0, 269, 0, 0, 0
1617, 1, 1636424125601, 1636424125869, 268, 1, 267, 1, 0, 1
1618, 1, 1636424125629, 1636424125897, 268, 1, 267, 0, 1, 1
1610, 1, 1636424125717, 1636424125994, 277, 1, 276, 0, 0, 0
1611, 1, 1636424125865, 1636424126137, 272, 1, 271, 0, 1, 1
1616, 1, 1636424125957, 1636424126225, 268, 1, 267, 0, 1, 1
1619, 1, 1636424126089, 1636424126365, 276, 1, 275, 0, 0, 0
1620, 1, 1636424126089, 1636424126365, 276, 1, 275, 1, 0, 1
1622, 1, 1636424126269, 1636424126542, 273, 0, 273, 0, 0, 0
1612, 1, 1636424126313, 1636424126593, 280, 1, 279, 0, 0, 0
1623, 1, 1636424126345, 1636424126617, 272, 1, 271, 0, 0, 0
1624, 1, 1636424126385, 1636424126657, 272, 1, 271, 0, 1, 1
1625, 1, 1636424126473, 1636424126742, 269, 0, 269, 0, 0, 0
1621, 1, 1636424126541, 1636424126814, 273, 1, 272, 0, 0, 0
1626, 1, 1636424126605, 1636424126873, 268, 0, 268, 0, 0, 0
1629, 1, 1636424126793, 1636424127070, 277, 1, 276, 0, 1, 1
1630, 1, 1636424126814, 1636424127082, 268, 0, 268, 0, 0, 0
1631, 1, 1636424126841, 1636424127110, 269, 1, 268, 1, 0, 1
1633, 1, 1636424126869, 1636424127133, 264, 0, 264, 0, 0, 0
1634, 1, 1636424126913, 1636424127181, 268, 1, 267, 0, 0, 0
1636, 1, 1636424127017, 1636424127297, 280, 0, 280, 0, 0, 0
1632, 1, 1636424127245, 1636424127517, 272, 0, 272, 0, 0, 0
1637, 1, 1636424127441, 1636424127710, 269, 0, 269, 0, 0, 0
1638, 1, 1636424127485, 1636424127754, 269, 1, 268, 1, 0, 1
1640, 1, 1636424127617, 1636424127889, 272, 1, 271, 0, 1, 1
1641, 1, 1636424127690, 1636424127966, 276, 0, 276, 0, 0, 0
1642, 1, 1636424127721, 1636424127998, 277, 1, 276, 0, 1, 1
1643, 1, 1636424127813, 1636424128085, 272, 1, 271, 0, 1, 1
1644, 1, 1636424127893, 1636424128169, 276, 0, 276, 0, 0, 0
1639, 1, 1636424127929, 1636424128193, 264, 1, 263, 1, 0, 1
1645, 1, 1636424128065, 1636424128337, 272, 1, 271, 0, 0, 0
1646, 1, 1636424128097, 1636424128374, 277, 1, 276, 0, 0, 0
1647, 1, 1636424128189, 1636424128461, 272, 1, 271, 1, 0, 1
1649, 1, 1636424128193, 1636424128473, 280, 0, 280, 0, 0, 0
1650, 1, 1636424128241, 1636424128513, 272, 0, 272, 0, 0, 0
1651, 1, 1636424128306, 1636424128578, 272, 0, 272, 0, 0, 0
1648, 1, 1636424128513, 1636424128785, 272, 1, 271, 0, 0, 0
1652, 1, 1636424128777, 1636424129045, 268, 1, 267, 1, 0, 1
1653, 1, 1636424128865, 1636424129137, 272, 0, 272, 0, 0, 0
1655, 1, 1636424128909, 1636424129177, 268, 1, 267, 0, 0, 0
1656, 1, 1636424129017, 1636424129286, 269, 0, 269, 0, 0, 0
1657, 1, 1636424129061, 1636424129330, 269, 0, 269, 0, 0, 0
1658, 1, 1636424129081, 1636424129349, 268, 0, 268, 0, 0, 0
1659, 1, 1636424129261, 1636424129533, 272, 1, 271, 0, 1, 1
1654, 1, 1636424129313, 1636424129581, 268, 1, 267, 0, 1, 1
1660, 1, 1636424129373, 1636424129650, 277, 0, 277, 0, 0, 0
1661, 1, 1636424129401, 1636424129665, 264, 0, 264, 0, 0, 0
1664, 1, 1636424129533, 1636424129814, 281, 1, 280, 1, 0, 1
1663, 1, 1636424129533, 1636424129814, 281, 1, 280, 0, 1, 1
1665, 1, 1636424129569, 1636424129837, 268, 0, 268, 0, 0, 0
1666, 1, 1636424129577, 1636424129845, 268, 0, 268, 0, 0, 0
1662, 1, 1636424129826, 1636424130105, 279, 0, 279, 0, 0, 0
1667, 1, 1636424130073, 1636424130349, 276, 1, 275, 0, 0, 0
1668, 1, 1636424130150, 1636424130429, 279, 0, 279, 0, 0, 0
1670, 1, 1636424130313, 1636424130590, 277, 1, 276, 1, 0, 1
1671, 1, 1636424130369, 1636424130633, 264, 1, 263, 0, 0, 0
1672, 1, 1636424130405, 1636424130681, 276, 1, 275, 0, 1, 1
1673, 1, 1636424130421, 1636424130694, 273, 1, 272, 0, 1, 1
1674, 1, 1636424130529, 1636424130801, 272, 0, 272, 0, 0, 0
1669, 1, 1636424130609, 1636424130881, 272, 1, 271, 0, 0, 0
1676, 1, 1636424130813, 1636424131085, 272, 1, 271, 0, 0, 0
1678, 1, 1636424130849, 1636424131121, 272, 0, 272, 0, 0, 0
1679, 1, 1636424130917, 1636424131182, 265, 0, 265, 0, 0, 0
1680, 1, 1636424130937, 1636424131210, 273, 1, 272, 0, 1, 1
1681, 1, 1636424130957, 1636424131233, 276, 1, 275, 0, 0, 0
1682, 1, 1636424131373, 1636424131646, 273, 1, 272, 0, 0, 0
1683, 1, 1636424131478, 1636424131749, 271, 0, 271, 0, 0, 0
1686, 1, 1636424131642, 1636424131914, 272, 0, 272, 0, 0, 0
1689, 1, 1636424131825, 1636424132098, 273, 1, 272, 0, 1, 1
1684, 1, 1636424131930, 1636424132202, 272, 0, 272, 0, 0, 0
1691, 1, 1636424132165, 1636424132437, 272, 1, 271, 1, 0, 1
1693, 1, 1636424132297, 1636424132570, 273, 1, 272, 1, 0, 1
1694, 1, 1636424132318, 1636424132589, 271, 0, 271, 0, 0, 0
1698, 1, 1636424132985, 1636424133257, 272, 1, 271, 0, 0, 0
1699, 1, 1636424133117, 1636424133390, 273, 1, 272, 1, 0, 1
1700, 1, 1636424133566, 1636424133837, 271, 0, 271, 0, 0, 0
1701, 1, 1636424133638, 1636424133910, 272, 0, 272, 0, 0, 0
1702, 1, 1636424133654, 1636424133925, 271, 0, 271, 0, 0, 0
1703, 1, 1636424134370, 1636424134642, 272, 0, 272, 0, 0, 0
1704, 1, 1636424134394, 1636424134706, 312, 0, 312, 0, 0, 0
1705, 1, 1636424134893, 1636424135165, 272, 0, 272, 0, 0, 0
1706, 1, 1636424134930, 1636424135201, 271, 0, 271, 0, 0, 0
1707, 1, 1636424135026, 1636424135297, 271, 0, 271, 0, 0, 0
1708, 1, 1636424135242, 1636424135510, 268, 0, 268, 0, 0, 0
1709, 1, 1636424135345, 1636424135617, 272, 1, 271, 0, 1, 1
1710, 1, 1636424135645, 1636424135917, 272, 1, 271, 0, 1, 1
1711, 1, 1636424135677, 1636424135950, 273, 1, 272, 1, 0, 1
1712, 1, 1636424136122, 1636424136402, 280, 0, 280, 0, 0, 0
1713, 1, 1636424136201, 1636424136470, 269, 1, 268, 0, 0, 0
1714, 1, 1636424136294, 1636424136565, 271, 0, 271, 0, 0, 0
1716, 1, 1636424136613, 1636424136902, 289, 1, 288, 0, 0, 0
1715, 1, 1636424136577, 1636424136902, 325, 1, 324, 1, 0, 1
1718, 1, 1636424137013, 1636424137281, 268, 1, 267, 0, 0, 0
1717, 1, 1636424137013, 1636424137286, 273, 1, 272, 0, 0, 0
1722, 1, 1636424137446, 1636424137718, 272, 0, 272, 0, 0, 0
1721, 1, 1636424137470, 1636424137737, 267, 0, 267, 0, 0, 0
1723, 1, 1636424137557, 1636424137830, 273, 1, 272, 0, 0, 0
1725, 1, 1636424137910, 1636424138186, 276, 0, 276, 0, 0, 0
1724, 1, 1636424137921, 1636424138202, 281, 1, 280, 0, 0, 0
1726, 1, 1636424137930, 1636424138209, 279, 0, 279, 0, 0, 0
1727, 1, 1636424138269, 1636424138538, 269, 1, 268, 0, 0, 0
1728, 1, 1636424138362, 1636424138630, 268, 0, 268, 0, 0, 0
1729, 1, 1636424138450, 1636424138721, 271, 0, 271, 0, 0, 0
1730, 1, 1636424138733, 1636424139001, 268, 1, 267, 0, 1, 1
1731, 1, 1636424138914, 1636424139186, 272, 0, 272, 0, 0, 0
1732, 1, 1636424139010, 1636424139278, 268, 0, 268, 0, 0, 0
1733, 1, 1636424139237, 1636424139510, 273, 1, 272, 0, 0, 0
1734, 1, 1636424139285, 1636424139558, 273, 1, 272, 0, 0, 0
1735, 1, 1636424139557, 1636424139830, 273, 1, 272, 0, 0, 0
1736, 1, 1636424139737, 1636424140014, 277, 1, 276, 0, 0, 0
1738, 1, 1636424140069, 1636424140341, 272, 1, 271, 0, 0, 0
1739, 1, 1636424140193, 1636424140466, 273, 1, 272, 0, 0, 0
1740, 1, 1636424140394, 1636424140670, 276, 0, 276, 0, 0, 0
1741, 1, 1636424140554, 1636424140826, 272, 0, 272, 0, 0, 0
1742, 1, 1636424140625, 1636424140897, 272, 1, 271, 0, 0, 0
1743, 1, 1636424140873, 1636424141146, 273, 1, 272, 1, 0, 1
1745, 1, 1636424141033, 1636424141310, 277, 1, 276, 0, 1, 1
1747, 1, 1636424141342, 1636424141614, 272, 0, 272, 0, 0, 0
1748, 1, 1636424141593, 1636424141893, 300, 0, 300, 0, 0, 0
1749, 1, 1636424141797, 1636424142066, 269, 1, 268, 0, 0, 0
1750, 1, 1636424141885, 1636424142189, 304, 1, 303, 0, 0, 0
1751, 1, 1636424141930, 1636424142205, 275, 0, 275, 0, 0, 0
1754, 1, 1636424142173, 1636424142445, 272, 1, 271, 1, 0, 1
1752, 1, 1636424142177, 1636424142449, 272, 0, 272, 0, 0, 0
1753, 1, 1636424142173, 1636424142450, 277, 1, 276, 1, 0, 1
1695, 1, 1636424142213, 1636424142485, 272, 0, 272, 0, 0, 0
1755, 1, 1636424142257, 1636424142530, 273, 1, 272, 0, 0, 0
1756, 1, 1636424142353, 1636424142625, 272, 1, 271, 0, 1, 1
1759, 1, 1636424142637, 1636424142941, 304, 1, 303, 0, 0, 0
1758, 1, 1636424142621, 1636424142942, 321, 1, 320, 0, 0, 0
1737, 1, 1636424142893, 1636424143161, 268, 1, 267, 0, 0, 0
1761, 1, 1636424142941, 1636424143209, 268, 1, 267, 1, 0, 1
1760, 1, 1636424142941, 1636424143213, 272, 1, 271, 1, 0, 1
1762, 1, 1636424143029, 1636424143301, 272, 1, 271, 0, 0, 0
1764, 1, 1636424143121, 1636424143393, 272, 1, 271, 0, 1, 1
1763, 1, 1636424143157, 1636424143430, 273, 1, 272, 1, 0, 1
1766, 1, 1636424143237, 1636424143509, 272, 1, 271, 0, 0, 0
1767, 1, 1636424143338, 1636424143606, 268, 1, 267, 0, 0, 0
1768, 1, 1636424143338, 1636424143609, 271, 0, 271, 0, 0, 0
1769, 1, 1636424143365, 1636424143630, 265, 1, 264, 0, 0, 0
1771, 1, 1636424143537, 1636424143809, 272, 1, 271, 0, 1, 1
1770, 1, 1636424143569, 1636424143837, 268, 1, 267, 0, 0, 0
1765, 1, 1636424143605, 1636424143877, 272, 1, 271, 0, 0, 0
1772, 1, 1636424143625, 1636424143897, 272, 1, 271, 0, 0, 0
1773, 1, 1636424143809, 1636424144082, 273, 1, 272, 0, 1, 1
1774, 1, 1636424143913, 1636424144185, 272, 1, 271, 0, 0, 0
1775, 1, 1636424144145, 1636424144417, 272, 1, 271, 0, 1, 1
1776, 1, 1636424144233, 1636424144505, 272, 1, 271, 0, 1, 1
1777, 1, 1636424144270, 1636424144541, 271, 0, 271, 0, 0, 0
1778, 1, 1636424144381, 1636424144654, 273, 1, 272, 0, 0, 0
1779, 1, 1636424144393, 1636424144662, 269, 1, 268, 0, 1, 1
1781, 1, 1636424144537, 1636424144813, 276, 1, 275, 1, 0, 1
1782, 1, 1636424144669, 1636424144942, 273, 1, 272, 1, 0, 1
1784, 1, 1636424144729, 1636424144998, 269, 0, 269, 0, 0, 0
1783, 1, 1636424144725, 1636424144998, 273, 1, 272, 1, 0, 1
1780, 1, 1636424144829, 1636424145101, 272, 1, 271, 1, 0, 1
1786, 1, 1636424144865, 1636424145142, 277, 1, 276, 0, 1, 1
1787, 1, 1636424144925, 1636424145198, 273, 1, 272, 1, 0, 1
1788, 1, 1636424145125, 1636424145398, 273, 1, 272, 0, 0, 0
1785, 1, 1636424145177, 1636424145441, 264, 1, 263, 0, 0, 0
1789, 1, 1636424145281, 1636424145553, 272, 1, 271, 0, 1, 1
1791, 1, 1636424145541, 1636424145817, 276, 1, 275, 1, 0, 1
1792, 1, 1636424145546, 1636424145817, 271, 0, 271, 0, 0, 0
1790, 1, 1636424145621, 1636424145893, 272, 1, 271, 0, 0, 0
1793, 1, 1636424145685, 1636424145957, 272, 1, 271, 0, 0, 0
1794, 1, 1636424145697, 1636424145969, 272, 1, 271, 0, 0, 0
1796, 1, 1636424145809, 1636424146081, 272, 1, 271, 0, 0, 0
1797, 1, 1636424145993, 1636424146269, 276, 1, 275, 1, 0, 1
1798, 1, 1636424146069, 1636424146338, 269, 0, 269, 0, 0, 0
1799, 1, 1636424146081, 1636424146353, 272, 1, 271, 0, 0, 0
1800, 1, 1636424146113, 1636424146382, 269, 1, 268, 0, 0, 0
1795, 1, 1636424146137, 1636424146406, 269, 1, 268, 0, 1, 1
1801, 1, 1636424146165, 1636424146434, 269, 1, 268, 1, 0, 1
1802, 1, 1636424146273, 1636424146545, 272, 0, 272, 0, 0, 0
1803, 1, 1636424146453, 1636424146726, 273, 1, 272, 0, 0, 0
1804, 1, 1636424146901, 1636424147234, 333, 0, 333, 0, 0, 0
1805, 1, 1636424146917, 1636424147237, 320, 1, 319, 0, 1, 1
1806, 1, 1636424146941, 1636424147237, 296, 1, 295, 0, 0, 0
1810, 1, 1636424147149, 1636424147421, 272, 1, 271, 0, 0, 0
1811, 1, 1636424147281, 1636424147553, 272, 1, 271, 0, 1, 1
1813, 1, 1636424147358, 1636424147629, 271, 0, 271, 0, 0, 0
1807, 1, 1636424147413, 1636424147677, 264, 1, 263, 1, 0, 1
1816, 1, 1636424147417, 1636424147689, 272, 0, 272, 0, 0, 0
1817, 1, 1636424147469, 1636424147734, 265, 0, 265, 0, 0, 0
1818, 1, 1636424147541, 1636424147813, 272, 1, 271, 0, 0, 0
1819, 1, 1636424147734, 1636424148009, 275, 0, 275, 0, 0, 0
1821, 1, 1636424148233, 1636424148506, 273, 1, 272, 0, 1, 1
1822, 1, 1636424148302, 1636424148573, 271, 0, 271, 0, 0, 0
1823, 1, 1636424148338, 1636424148609, 271, 0, 271, 0, 0, 0
1825, 1, 1636424148569, 1636424148841, 272, 0, 272, 0, 0, 0
1824, 1, 1636424148757, 1636424149030, 273, 1, 272, 0, 0, 0
1827, 1, 1636424148805, 1636424149077, 272, 1, 271, 0, 1, 1
1828, 1, 1636424148814, 1636424149085, 271, 0, 271, 0, 0, 0
1830, 1, 1636424149030, 1636424149301, 271, 0, 271, 0, 0, 0
1829, 1, 1636424149210, 1636424149478, 268, 0, 268, 0, 0, 0
1831, 1, 1636424149506, 1636424149781, 275, 0, 275, 0, 0, 0
1832, 1, 1636424149622, 1636424149898, 276, 0, 276, 0, 0, 0
1833, 1, 1636424149658, 1636424149930, 272, 0, 272, 0, 0, 0
1834, 1, 1636424149725, 1636424150002, 277, 1, 276, 0, 0, 0
1835, 1, 1636424149897, 1636424150174, 277, 1, 276, 0, 0, 0
1836, 1, 1636424150173, 1636424150441, 268, 1, 267, 0, 0, 0
1837, 1, 1636424150177, 1636424150450, 273, 0, 273, 0, 0, 0
1838, 1, 1636424150249, 1636424150522, 273, 0, 273, 0, 0, 0
1839, 1, 1636424150354, 1636424150625, 271, 0, 271, 0, 0, 0
1840, 1, 1636424150869, 1636424151185, 316, 1, 315, 0, 0, 0
1841, 1, 1636424150897, 1636424151190, 293, 1, 292, 0, 0, 0
1842, 1, 1636424150969, 1636424151277, 308, 1, 307, 0, 1, 1
1843, 1, 1636424151097, 1636424151370, 273, 1, 272, 0, 0, 0
1757, 1, 1636424151137, 1636424151405, 268, 1, 267, 1, 0, 1
1844, 1, 1636424151273, 1636424151542, 269, 1, 268, 0, 0, 0
1848, 1, 1636424151445, 1636424151717, 272, 0, 272, 0, 0, 0
1847, 1, 1636424151446, 1636424151721, 275, 0, 275, 0, 0, 0
1849, 1, 1636424151622, 1636424151901, 279, 0, 279, 0, 0, 0
1850, 1, 1636424151717, 1636424151994, 277, 1, 276, 0, 0, 0
1852, 1, 1636424152141, 1636424152413, 272, 1, 271, 1, 0, 1
1853, 1, 1636424152233, 1636424152501, 268, 1, 267, 0, 0, 0
1854, 1, 1636424152321, 1636424152589, 268, 0, 268, 0, 0, 0
1855, 1, 1636424152366, 1636424152637, 271, 0, 271, 0, 0, 0
1856, 1, 1636424152537, 1636424152810, 273, 1, 272, 0, 1, 1
1858, 1, 1636424152749, 1636424153021, 272, 1, 271, 1, 0, 1
1857, 1, 1636424152749, 1636424153026, 277, 1, 276, 0, 0, 0
1859, 1, 1636424152906, 1636424153174, 268, 0, 268, 0, 0, 0
1860, 1, 1636424152994, 1636424153265, 271, 0, 271, 0, 0, 0
1861, 1, 1636424153442, 1636424153714, 272, 0, 272, 0, 0, 0
1862, 1, 1636424153562, 1636424153833, 271, 0, 271, 0, 0, 0
1863, 1, 1636424153673, 1636424153949, 276, 0, 276, 0, 0, 0
1864, 1, 1636424153717, 1636424153990, 273, 0, 273, 0, 0, 0
1865, 1, 1636424153817, 1636424154085, 268, 0, 268, 0, 0, 0
1866, 1, 1636424154017, 1636424154286, 269, 0, 269, 0, 0, 0
1867, 1, 1636424154037, 1636424154314, 277, 1, 276, 0, 0, 0
1868, 1, 1636424154262, 1636424154534, 272, 0, 272, 0, 0, 0
1869, 1, 1636424154273, 1636424154546, 273, 1, 272, 0, 1, 1
1870, 1, 1636424154766, 1636424155037, 271, 0, 271, 0, 0, 0
1871, 1, 1636424154841, 1636424155109, 268, 1, 267, 0, 0, 0
1872, 1, 1636424155001, 1636424155273, 272, 0, 272, 0, 0, 0
1873, 1, 1636424155021, 1636424155293, 272, 1, 271, 0, 1, 1
1874, 1, 1636424155102, 1636424155378, 276, 0, 276, 0, 0, 0
1875, 1, 1636424155349, 1636424155622, 273, 1, 272, 0, 0, 0
1876, 1, 1636424155429, 1636424155701, 272, 1, 271, 0, 0, 0
1877, 1, 1636424155562, 1636424155834, 272, 0, 272, 0, 0, 0
1878, 1, 1636424155625, 1636424155898, 273, 1, 272, 0, 0, 0
1879, 1, 1636424156130, 1636424156406, 276, 0, 276, 0, 0, 0
1880, 1, 1636424156149, 1636424156426, 277, 1, 276, 0, 0, 0
1881, 1, 1636424156273, 1636424156546, 273, 1, 272, 1, 0, 1
1882, 1, 1636424156321, 1636424156589, 268, 1, 267, 1, 0, 1
1883, 1, 1636424156413, 1636424156682, 269, 1, 268, 0, 1, 1
1885, 1, 1636424156770, 1636424157041, 271, 0, 271, 0, 0, 0
1886, 1, 1636424156861, 1636424157165, 304, 1, 303, 0, 0, 0
1887, 1, 1636424156978, 1636424157257, 279, 0, 279, 0, 0, 0
1826, 1, 1636424157117, 1636424157394, 277, 1, 276, 1, 0, 1
1888, 1, 1636424157462, 1636424157741, 279, 0, 279, 0, 0, 0
1889, 1, 1636424157553, 1636424157829, 276, 0, 276, 0, 0, 0
1890, 1, 1636424157597, 1636424157870, 273, 1, 272, 0, 1, 1
1892, 1, 1636424157713, 1636424157981, 268, 0, 268, 0, 0, 0
1897, 1, 1636424157765, 1636424158037, 272, 1, 271, 1, 0, 1
1898, 1, 1636424157801, 1636424158074, 273, 0, 273, 0, 0, 0
1891, 1, 1636424158013, 1636424158285, 272, 1, 271, 0, 0, 0
1899, 1, 1636424158113, 1636424158398, 285, 1, 284, 0, 1, 1
1900, 1, 1636424158222, 1636424158501, 279, 0, 279, 0, 0, 0
1901, 1, 1636424158273, 1636424158546, 273, 1, 272, 0, 0, 0
1902, 1, 1636424158541, 1636424158814, 273, 1, 272, 0, 0, 0
1903, 1, 1636424158778, 1636424159049, 271, 0, 271, 0, 0, 0
1904, 1, 1636424158838, 1636424159113, 275, 0, 275, 0, 0, 0
1905, 1, 1636424158889, 1636424159158, 269, 1, 268, 0, 0, 0
1907, 1, 1636424159085, 1636424159362, 277, 1, 276, 1, 0, 1
1908, 1, 1636424159158, 1636424159426, 268, 0, 268, 0, 0, 0
1909, 1, 1636424159158, 1636424159426, 268, 1, 267, 0, 0, 0
1906, 1, 1636424159286, 1636424159554, 268, 0, 268, 0, 0, 0
1910, 1, 1636424159385, 1636424159654, 269, 0, 269, 0, 0, 0
1911, 1, 1636424159609, 1636424159881, 272, 1, 271, 0, 0, 0
1912, 1, 1636424159613, 1636424159885, 272, 1, 271, 0, 0, 0
1913, 1, 1636424159809, 1636424160090, 281, 1, 280, 0, 0, 0
1914, 1, 1636424160149, 1636424160421, 272, 1, 271, 0, 0, 0
1915, 1, 1636424160149, 1636424160421, 272, 1, 271, 0, 0, 0
1917, 1, 1636424160233, 1636424160506, 273, 1, 272, 0, 0, 0
1918, 1, 1636424160421, 1636424160698, 277, 1, 276, 0, 1, 1
1919, 1, 1636424160477, 1636424160746, 269, 1, 268, 0, 0, 0
1920, 1, 1636424160506, 1636424160777, 271, 0, 271, 0, 0, 0
1916, 1, 1636424160605, 1636424160862, 257, 0, 257, 0, 0, 0
1921, 1, 1636424160781, 1636424161054, 273, 0, 273, 0, 0, 0
1922, 1, 1636424160933, 1636424161206, 273, 1, 272, 0, 0, 0
1923, 1, 1636424160946, 1636424161221, 275, 0, 275, 0, 0, 0
1924, 1, 1636424161122, 1636424161398, 276, 0, 276, 0, 0, 0
1925, 1, 1636424161413, 1636424161686, 273, 1, 272, 0, 0, 0
1926, 1, 1636424161541, 1636424161814, 273, 1, 272, 1, 0, 1
1929, 1, 1636424161610, 1636424161881, 271, 0, 271, 0, 0, 0
1930, 1, 1636424161718, 1636424161990, 272, 0, 272, 0, 0, 0
1884, 1, 1636424161822, 1636424162093, 271, 0, 271, 0, 0, 0
1933, 1, 1636424161873, 1636424162141, 268, 1, 267, 0, 0, 0
1927, 1, 1636424161998, 1636424162270, 272, 0, 272, 0, 0, 0
1935, 1, 1636424162101, 1636424162374, 273, 1, 272, 0, 0, 0
1936, 1, 1636424162237, 1636424162510, 273, 1, 272, 0, 0, 0
1937, 1, 1636424162341, 1636424162614, 273, 1, 272, 0, 1, 1
1939, 1, 1636424162473, 1636424162741, 268, 1, 267, 0, 0, 0
1938, 1, 1636424162493, 1636424162769, 276, 1, 275, 0, 0, 0
1940, 1, 1636424162701, 1636424162973, 272, 1, 271, 0, 1, 1
1941, 1, 1636424162826, 1636424163098, 272, 0, 272, 0, 0, 0
1942, 1, 1636424162877, 1636424163150, 273, 1, 272, 0, 0, 0
1944, 1, 1636424163153, 1636424163421, 268, 0, 268, 0, 0, 0
1945, 1, 1636424163150, 1636424163422, 272, 0, 272, 0, 0, 0
1943, 1, 1636424163281, 1636424163553, 272, 1, 271, 0, 0, 0
1946, 1, 1636424163429, 1636424163701, 272, 1, 271, 1, 0, 1
1947, 1, 1636424163606, 1636424163878, 272, 0, 272, 0, 0, 0
1948, 1, 1636424163729, 1636424164005, 276, 1, 275, 1, 0, 1
1949, 1, 1636424163806, 1636424164078, 272, 0, 272, 0, 0, 0
1950, 1, 1636424163813, 1636424164085, 272, 1, 271, 0, 1, 1
1951, 1, 1636424164061, 1636424164333, 272, 1, 271, 1, 0, 1
1952, 1, 1636424164165, 1636424164438, 273, 1, 272, 0, 0, 0
1955, 1, 1636424164322, 1636424164594, 272, 0, 272, 0, 0, 0
1953, 1, 1636424164514, 1636424164782, 268, 0, 268, 0, 0, 0
1956, 1, 1636424164514, 1636424164785, 271, 0, 271, 0, 0, 0
1954, 1, 1636424164617, 1636424164889, 272, 0, 272, 0, 0, 0
1957, 1, 1636424164769, 1636424165042, 273, 1, 272, 1, 0, 1
1958, 1, 1636424164829, 1636424165097, 268, 1, 267, 1, 0, 1
1959, 1, 1636424165029, 1636424165306, 277, 1, 276, 0, 0, 0
1961, 1, 1636424165169, 1636424165446, 277, 1, 276, 0, 1, 1
1962, 1, 1636424165277, 1636424165549, 272, 1, 271, 0, 0, 0
1963, 1, 1636424165486, 1636424165758, 272, 0, 272, 0, 0, 0
1964, 1, 1636424165493, 1636424165765, 272, 0, 272, 0, 0, 0
1966, 1, 1636424165626, 1636424165897, 271, 0, 271, 0, 0, 0
1967, 1, 1636424165886, 1636424166158, 272, 0, 272, 0, 0, 0
1965, 1, 1636424165937, 1636424166209, 272, 1, 271, 0, 1, 1
1968, 1, 1636424166094, 1636424166366, 272, 0, 272, 0, 0, 0
1969, 1, 1636424166162, 1636424166434, 272, 0, 272, 0, 0, 0
1970, 1, 1636424166398, 1636424166669, 271, 0, 271, 0, 0, 0
1971, 1, 1636424166489, 1636424166762, 273, 1, 272, 0, 1, 1
1972, 1, 1636424166549, 1636424166826, 277, 1, 276, 1, 0, 1
1973, 1, 1636424166797, 1636424167069, 272, 1, 271, 1, 0, 1
1974, 1, 1636424166877, 1636424167149, 272, 1, 271, 0, 0, 0
1976, 1, 1636424166993, 1636424167261, 268, 1, 267, 1, 0, 1
1977, 1, 1636424167221, 1636424167494, 273, 0, 273, 0, 0, 0
1975, 1, 1636424167329, 1636424167605, 276, 1, 275, 0, 0, 0
1978, 1, 1636424167461, 1636424167733, 272, 1, 271, 0, 1, 1
1979, 1, 1636424167521, 1636424167957, 436, 1, 435, 0, 1, 1
1980, 1, 1636424167869, 1636424168145, 276, 0, 276, 0, 0, 0
1932, 1, 1636424167909, 1636424168177, 268, 0, 268, 0, 0, 0
1981, 1, 1636424167957, 1636424168225, 268, 0, 268, 0, 0, 0
1982, 1, 1636424168001, 1636424168269, 268, 1, 267, 0, 0, 0
1983, 1, 1636424168065, 1636424168333, 268, 1, 267, 0, 0, 0
1984, 1, 1636424168170, 1636424168437, 267, 0, 267, 0, 0, 0
1985, 1, 1636424168173, 1636424168453, 280, 0, 280, 0, 0, 0
1988, 1, 1636424168214, 1636424168485, 271, 0, 271, 0, 0, 0
1990, 1, 1636424168289, 1636424168561, 272, 0, 272, 0, 0, 0
1992, 1, 1636424168569, 1636424168833, 264, 0, 264, 0, 0, 0
1987, 1, 1636424168617, 1636424168894, 277, 0, 277, 0, 0, 0
1986, 1, 1636424168637, 1636424168909, 272, 0, 272, 0, 0, 0
1989, 1, 1636424168661, 1636424168937, 276, 0, 276, 0, 0, 0
1993, 1, 1636424168761, 1636424169037, 276, 0, 276, 0, 0, 0
1994, 1, 1636424168821, 1636424169101, 280, 0, 280, 0, 0, 0
1995, 1, 1636424169146, 1636424169417, 271, 0, 271, 0, 0, 0
1997, 1, 1636424169230, 1636424169501, 271, 0, 271, 0, 0, 0
1996, 1, 1636424169225, 1636424169501, 276, 1, 275, 0, 0, 0
1999, 1, 1636424169433, 1636424169705, 272, 1, 271, 0, 0, 0
1998, 1, 1636424169433, 1636424169706, 273, 1, 272, 0, 0, 0
2000, 1, 1636424169441, 1636424169717, 276, 0, 276, 0, 0, 0
2003, 1, 1636424169505, 1636424169773, 268, 0, 268, 0, 0, 0
2005, 1, 1636424169682, 1636424169953, 271, 0, 271, 0, 0, 0
2006, 1, 1636424169817, 1636424170085, 268, 0, 268, 0, 0, 0
2002, 1, 1636424169885, 1636424170154, 269, 1, 268, 0, 1, 1
2001, 1, 1636424169893, 1636424170161, 268, 0, 268, 0, 0, 0
2004, 1, 1636424169946, 1636424170217, 271, 0, 271, 0, 0, 0
2007, 1, 1636424170113, 1636424170378, 265, 1, 264, 0, 1, 1
2008, 1, 1636424170154, 1636424170425, 271, 0, 271, 0, 0, 0
2010, 1, 1636424170557, 1636424170829, 272, 0, 272, 0, 0, 0
2011, 1, 1636424170605, 1636424170874, 269, 0, 269, 0, 0, 0
2012, 1, 1636424170729, 1636424171001, 272, 0, 272, 0, 0, 0
2013, 1, 1636424170741, 1636424171014, 273, 1, 272, 0, 1, 1
2014, 1, 1636424170765, 1636424171033, 268, 1, 267, 0, 0, 0
2016, 1, 1636424170781, 1636424171058, 277, 1, 276, 1, 0, 1
2019, 1, 1636424171026, 1636424171297, 271, 0, 271, 0, 0, 0
2020, 1, 1636424171085, 1636424171358, 273, 1, 272, 0, 0, 0
2015, 1, 1636424171189, 1636424171457, 268, 1, 267, 0, 0, 0
2018, 1, 1636424171213, 1636424171485, 272, 1, 271, 0, 0, 0
2017, 1, 1636424171234, 1636424171505, 271, 0, 271, 0, 0, 0
2021, 1, 1636424171425, 1636424171690, 265, 1, 264, 1, 0, 1
2022, 1, 1636424171497, 1636424171806, 309, 1, 308, 0, 0, 0
2023, 1, 1636424171850, 1636424172126, 276, 0, 276, 0, 0, 0
2024, 1, 1636424171945, 1636424172217, 272, 1, 271, 0, 1, 1
2025, 1, 1636424171985, 1636424172269, 284, 1, 283, 0, 0, 0
2027, 1, 1636424172041, 1636424172306, 265, 1, 264, 1, 0, 1
2028, 1, 1636424172113, 1636424172382, 269, 1, 268, 0, 0, 0
2031, 1, 1636424172126, 1636424172389, 263, 0, 263, 0, 0, 0
2034, 1, 1636424172313, 1636424172585, 272, 0, 272, 0, 0, 0
2026, 1, 1636424172393, 1636424172669, 276, 0, 276, 0, 0, 0
2033, 1, 1636424172481, 1636424172754, 273, 1, 272, 0, 0, 0
2032, 1, 1636424172566, 1636424172842, 276, 0, 276, 0, 0, 0
2038, 1, 1636424172778, 1636424173049, 271, 0, 271, 0, 0, 0
2037, 1, 1636424172845, 1636424173122, 277, 1, 276, 0, 1, 1
2039, 1, 1636424173169, 1636424173445, 276, 1, 275, 0, 1, 1
2040, 1, 1636424173221, 1636424173489, 268, 1, 267, 0, 0, 0
2041, 1, 1636424173242, 1636424173513, 271, 0, 271, 0, 0, 0
2036, 1, 1636424173301, 1636424173569, 268, 0, 268, 0, 0, 0
2044, 1, 1636424173389, 1636424173662, 273, 1, 272, 0, 1, 1
2046, 1, 1636424173505, 1636424173778, 273, 1, 272, 0, 1, 1
2048, 1, 1636424173610, 1636424173881, 271, 0, 271, 0, 0, 0
2042, 1, 1636424173661, 1636424173938, 277, 0, 277, 0, 0, 0
2045, 1, 1636424173841, 1636424174113, 272, 1, 271, 0, 0, 0
2049, 1, 1636424173973, 1636424174246, 273, 1, 272, 0, 0, 0
2050, 1, 1636424174029, 1636424174306, 277, 1, 276, 0, 1, 1
2051, 1, 1636424174065, 1636424174337, 272, 1, 271, 0, 0, 0
2053, 1, 1636424174534, 1636424174802, 268, 0, 268, 0, 0, 0
2054, 1, 1636424174581, 1636424174853, 272, 1, 271, 1, 0, 1
2056, 1, 1636424174725, 1636424174997, 272, 1, 271, 0, 0, 0
2058, 1, 1636424174809, 1636424175130, 321, 1, 320, 0, 0, 0
2055, 1, 1636424175041, 1636424175317, 276, 1, 275, 0, 0, 0
2059, 1, 1636424175041, 1636424175321, 280, 1, 279, 0, 0, 0
2057, 1, 1636424175177, 1636424175449, 272, 1, 271, 1, 0, 1
2060, 1, 1636424175277, 1636424175553, 276, 0, 276, 0, 0, 0
2061, 1, 1636424175390, 1636424175662, 272, 0, 272, 0, 0, 0
2063, 1, 1636424175417, 1636424175686, 269, 0, 269, 0, 0, 0
2062, 1, 1636424175505, 1636424175778, 273, 1, 272, 0, 1, 1
2064, 1, 1636424175953, 1636424176230, 277, 1, 276, 1, 0, 1
2065, 1, 1636424175966, 1636424176237, 271, 0, 271, 0, 0, 0
2067, 1, 1636424176085, 1636424176357, 272, 1, 271, 0, 0, 0
2068, 1, 1636424176121, 1636424176397, 276, 1, 275, 0, 0, 0
2070, 1, 1636424176285, 1636424176562, 277, 1, 276, 1, 0, 1
2066, 1, 1636424176417, 1636424176689, 272, 1, 271, 0, 0, 0
2069, 1, 1636424176537, 1636424176810, 273, 1, 272, 1, 0, 1
2071, 1, 1636424176617, 1636424176889, 272, 1, 271, 0, 1, 1
2072, 1, 1636424176677, 1636424176946, 269, 0, 269, 0, 0, 0
2073, 1, 1636424176733, 1636424176997, 264, 0, 264, 0, 0, 0
2074, 1, 1636424176725, 1636424177002, 277, 0, 277, 0, 0, 0
2075, 1, 1636424177226, 1636424177498, 272, 0, 272, 0, 0, 0
2076, 1, 1636424177249, 1636424177521, 272, 1, 271, 0, 0, 0
2078, 1, 1636424177446, 1636424177722, 276, 0, 276, 0, 0, 0
2080, 1, 1636424177521, 1636424177794, 273, 1, 272, 0, 0, 0
2081, 1, 1636424177594, 1636424177866, 272, 0, 272, 0, 0, 0
2077, 1, 1636424177705, 1636424177978, 273, 1, 272, 0, 1, 1
2079, 1, 1636424177906, 1636424178173, 267, 0, 267, 0, 0, 0
2082, 1, 1636424177961, 1636424178234, 273, 1, 272, 0, 0, 0
2083, 1, 1636424177981, 1636424178258, 277, 1, 276, 0, 1, 1
2084, 1, 1636424178045, 1636424178313, 268, 1, 267, 1, 0, 1
2085, 1, 1636424178073, 1636424178345, 272, 1, 271, 0, 0, 0
2086, 1, 1636424178521, 1636424178794, 273, 0, 273, 0, 0, 0
2087, 1, 1636424178565, 1636424178838, 273, 1, 272, 0, 1, 1
2089, 1, 1636424178774, 1636424179049, 275, 0, 275, 0, 0, 0
2092, 1, 1636424178821, 1636424179093, 272, 1, 271, 1, 0, 1
2090, 1, 1636424178821, 1636424179093, 272, 1, 271, 0, 0, 0
2093, 1, 1636424178969, 1636424179242, 273, 1, 272, 0, 0, 0
2088, 1, 1636424178969, 1636424179242, 273, 1, 272, 0, 0, 0
2091, 1, 1636424179233, 1636424179498, 265, 0, 265, 0, 0, 0
2095, 1, 1636424179317, 1636424179586, 269, 0, 269, 0, 0, 0
2094, 1, 1636424179317, 1636424179586, 269, 0, 269, 0, 0, 0
2096, 1, 1636424179417, 1636424179698, 281, 0, 281, 0, 0, 0
2097, 1, 1636424179425, 1636424179702, 277, 1, 276, 0, 1, 1
2098, 1, 1636424179857, 1636424180121, 264, 1, 263, 0, 0, 0
2099, 1, 1636424179890, 1636424180153, 263, 0, 263, 0, 0, 0
2101, 1, 1636424180062, 1636424180333, 271, 0, 271, 0, 0, 0
2102, 1, 1636424180101, 1636424180374, 273, 1, 272, 0, 0, 0
2103, 1, 1636424180126, 1636424180398, 272, 0, 272, 0, 0, 0
2100, 1, 1636424180306, 1636424180593, 287, 0, 287, 0, 0, 0
2105, 1, 1636424180362, 1636424180634, 272, 0, 272, 0, 0, 0
2035, 1, 1636424180461, 1636424180737, 276, 1, 275, 0, 0, 0
2104, 1, 1636424180553, 1636424180830, 277, 1, 276, 0, 0, 0
2106, 1, 1636424180614, 1636424180885, 271, 0, 271, 0, 0, 0
2107, 1, 1636424180669, 1636424180942, 273, 1, 272, 0, 0, 0
2108, 1, 1636424180769, 1636424181041, 272, 0, 272, 0, 0, 0
2109, 1, 1636424180813, 1636424181086, 273, 1, 272, 0, 0, 0
2110, 1, 1636424181141, 1636424181417, 276, 1, 275, 0, 0, 0
2111, 1, 1636424181226, 1636424181494, 268, 0, 268, 0, 0, 0
2112, 1, 1636424181273, 1636424181549, 276, 1, 275, 1, 0, 1
2114, 1, 1636424181369, 1636424181641, 272, 0, 272, 0, 0, 0
2115, 1, 1636424181433, 1636424181706, 273, 1, 272, 0, 0, 0
2117, 1, 1636424181502, 1636424181774, 272, 0, 272, 0, 0, 0
2113, 1, 1636424181674, 1636424181946, 272, 0, 272, 0, 0, 0
2118, 1, 1636424181758, 1636424182030, 272, 0, 272, 0, 0, 0
2116, 1, 1636424181885, 1636424182213, 328, 1, 327, 0, 1, 1
2121, 1, 1636424182009, 1636424182305, 296, 1, 295, 0, 1, 1
2120, 1, 1636424181997, 1636424182306, 309, 1, 308, 0, 0, 0
2119, 1, 1636424181949, 1636424182306, 357, 1, 356, 0, 0, 0
2122, 1, 1636424182213, 1636424182490, 277, 1, 276, 1, 0, 1
2123, 1, 1636424182378, 1636424182650, 272, 0, 272, 0, 0, 0
2124, 1, 1636424182434, 1636424182709, 275, 0, 275, 0, 0, 0
2126, 1, 1636424182665, 1636424182942, 277, 1, 276, 0, 1, 1
2129, 1, 1636424182701, 1636424182977, 276, 1, 275, 0, 0, 0
2130, 1, 1636424182729, 1636424183010, 281, 1, 280, 0, 1, 1
2125, 1, 1636424182890, 1636424183158, 268, 0, 268, 0, 0, 0
2132, 1, 1636424182897, 1636424183161, 264, 1, 263, 0, 1, 1
2133, 1, 1636424183062, 1636424183330, 268, 0, 268, 0, 0, 0
2131, 1, 1636424183158, 1636424183422, 264, 0, 264, 0, 0, 0
2134, 1, 1636424183229, 1636424183498, 269, 1, 268, 0, 0, 0
2135, 1, 1636424183306, 1636424183573, 267, 0, 267, 0, 0, 0
2136, 1, 1636424183321, 1636424183598, 277, 0, 277, 0, 0, 0
2137, 1, 1636424183509, 1636424183782, 273, 1, 272, 0, 0, 0
2052, 1, 1636424183525, 1636424183801, 276, 1, 275, 0, 1, 1
2138, 1, 1636424183673, 1636424183946, 273, 1, 272, 0, 0, 0
2139, 1, 1636424183693, 1636424183966, 273, 1, 272, 0, 0, 0
2141, 1, 1636424183878, 1636424184150, 272, 0, 272, 0, 0, 0
2142, 1, 1636424184013, 1636424184281, 268, 1, 267, 1, 0, 1
2146, 1, 1636424184113, 1636424184381, 268, 1, 267, 0, 0, 0
2140, 1, 1636424184150, 1636424184422, 272, 0, 272, 0, 0, 0
2149, 1, 1636424184333, 1636424184606, 273, 1, 272, 0, 1, 1
2145, 1, 1636424184458, 1636424184733, 275, 0, 275, 0, 0, 0
2150, 1, 1636424184605, 1636424184878, 273, 1, 272, 0, 0, 0
2151, 1, 1636424184621, 1636424184894, 273, 1, 272, 0, 0, 0
2152, 1, 1636424184670, 1636424184938, 268, 0, 268, 0, 0, 0
2153, 1, 1636424184789, 1636424185062, 273, 0, 273, 0, 0, 0
2154, 1, 1636424185030, 1636424185306, 276, 0, 276, 0, 0, 0
2156, 1, 1636424185062, 1636424185337, 275, 0, 275, 0, 0, 0
2157, 1, 1636424185210, 1636424185470, 260, 0, 260, 0, 0, 0
2158, 1, 1636424185365, 1636424185638, 273, 1, 272, 0, 1, 1
2159, 1, 1636424185401, 1636424185673, 272, 1, 271, 1, 0, 1
2155, 1, 1636424185485, 1636424185758, 273, 1, 272, 0, 0, 0
2160, 1, 1636424185821, 1636424186093, 272, 1, 271, 0, 1, 1
2162, 1, 1636424185994, 1636424186265, 271, 0, 271, 0, 0, 0
2163, 1, 1636424186010, 1636424186282, 272, 0, 272, 0, 0, 0
2164, 1, 1636424186017, 1636424186294, 277, 0, 277, 0, 0, 0
2166, 1, 1636424186353, 1636424186625, 272, 1, 271, 0, 1, 1
2167, 1, 1636424186390, 1636424186665, 275, 0, 275, 0, 0, 0
2169, 1, 1636424186481, 1636424186753, 272, 1, 271, 0, 1, 1
2170, 1, 1636424186710, 1636424186982, 272, 0, 272, 0, 0, 0
2171, 1, 1636424186717, 1636424186990, 273, 0, 273, 0, 0, 0
2168, 1, 1636424186846, 1636424187118, 272, 0, 272, 0, 0, 0
2172, 1, 1636424187173, 1636424187446, 273, 1, 272, 1, 0, 1
2173, 1, 1636424187265, 1636424187537, 272, 1, 271, 0, 0, 0
2174, 1, 1636424187278, 1636424187557, 279, 0, 279, 0, 0, 0
2175, 1, 1636424187326, 1636424187597, 271, 0, 271, 0, 0, 0
2176, 1, 1636424187693, 1636424187965, 272, 1, 271, 1, 0, 1
2179, 1, 1636424187781, 1636424188053, 272, 1, 271, 1, 0, 1
2180, 1, 1636424187998, 1636424188269, 271, 0, 271, 0, 0, 0
2181, 1, 1636424188093, 1636424188361, 268, 1, 267, 0, 0, 0
2182, 1, 1636424188541, 1636424188813, 272, 1, 271, 0, 1, 1
2183, 1, 1636424188569, 1636424188846, 277, 0, 277, 0, 0, 0
2184, 1, 1636424188614, 1636424188890, 276, 0, 276, 0, 0, 0
2185, 1, 1636424188622, 1636424188890, 268, 0, 268, 0, 0, 0
2186, 1, 1636424189058, 1636424189330, 272, 0, 272, 0, 0, 0
2187, 1, 1636424189133, 1636424189413, 280, 1, 279, 0, 1, 1
2188, 1, 1636424189294, 1636424189566, 272, 0, 272, 0, 0, 0
2189, 1, 1636424189401, 1636424189674, 273, 1, 272, 0, 0, 0
2190, 1, 1636424189853, 1636424190126, 273, 1, 272, 1, 0, 1
2191, 1, 1636424189853, 1636424190126, 273, 1, 272, 0, 0, 0
2192, 1, 1636424189897, 1636424190169, 272, 1, 271, 0, 1, 1
2193, 1, 1636424189990, 1636424190258, 268, 0, 268, 0, 0, 0
2194, 1, 1636424190341, 1636424190613, 272, 1, 271, 0, 0, 0
2195, 1, 1636424190490, 1636424190761, 271, 0, 271, 0, 0, 0
2196, 1, 1636424190562, 1636424190834, 272, 0, 272, 0, 0, 0
2197, 1, 1636424190774, 1636424191045, 271, 0, 271, 0, 0, 0
2199, 1, 1636424191181, 1636424191450, 269, 1, 268, 0, 0, 0
2200, 1, 1636424191194, 1636424191465, 271, 0, 271, 0, 0, 0
2198, 1, 1636424191225, 1636424191493, 268, 1, 267, 0, 0, 0
2201, 1, 1636424191269, 1636424191537, 268, 1, 267, 1, 0, 1
2202, 1, 1636424191737, 1636424192009, 272, 1, 271, 0, 0, 0
2203, 1, 1636424191870, 1636424192146, 276, 0, 276, 0, 0, 0
2204, 1, 1636424191953, 1636424192222, 269, 1, 268, 0, 0, 0
2207, 1, 1636424192445, 1636424192726, 281, 1, 280, 1, 0, 1
2208, 1, 1636424192485, 1636424192814, 329, 1, 328, 0, 0, 0
2209, 1, 1636424192681, 1636424192954, 273, 1, 272, 0, 0, 0
2148, 1, 1636424192681, 1636424192954, 273, 1, 272, 0, 0, 0
2210, 1, 1636424193137, 1636424193410, 273, 1, 272, 0, 1, 1
2211, 1, 1636424193149, 1636424193421, 272, 1, 271, 1, 0, 1
2212, 1, 1636424193258, 1636424193530, 272, 0, 272, 0, 0, 0
2213, 1, 1636424193374, 1636424193645, 271, 0, 271, 0, 0, 0
2215, 1, 1636424193438, 1636424193709, 271, 0, 271, 0, 0, 0
2217, 1, 1636424193850, 1636424194154, 304, 0, 304, 0, 0, 0
2214, 1, 1636424193830, 1636424194154, 324, 0, 324, 0, 0, 0
2218, 1, 1636424194065, 1636424194350, 285, 1, 284, 0, 0, 0
2219, 1, 1636424194457, 1636424194730, 273, 1, 272, 0, 0, 0
2220, 1, 1636424194521, 1636424194793, 272, 1, 271, 0, 0, 0
2224, 1, 1636424194622, 1636424194893, 271, 0, 271, 0, 0, 0
2225, 1, 1636424194645, 1636424194918, 273, 1, 272, 1, 0, 1
2222, 1, 1636424194642, 1636424194918, 276, 0, 276, 0, 0, 0
2228, 1, 1636424195142, 1636424195414, 272, 0, 272, 0, 0, 0
2229, 1, 1636424195338, 1636424195654, 316, 0, 316, 0, 0, 0
2230, 1, 1636424195802, 1636424196113, 311, 0, 311, 0, 0, 0
2233, 1, 1636424195905, 1636424196210, 305, 1, 304, 0, 0, 0
2235, 1, 1636424196033, 1636424196297, 264, 0, 264, 0, 0, 0
2234, 1, 1636424196033, 1636424196301, 268, 0, 268, 0, 0, 0
2237, 1, 1636424196698, 1636424196970, 272, 0, 272, 0, 0, 0
2238, 1, 1636424197102, 1636424197378, 276, 0, 276, 0, 0, 0
2239, 1, 1636424197249, 1636424197522, 273, 1, 272, 1, 0, 1
2240, 1, 1636424197274, 1636424197545, 271, 0, 271, 0, 0, 0
2242, 1, 1636424197965, 1636424198238, 273, 1, 272, 0, 1, 1
2244, 1, 1636424198038, 1636424198310, 272, 0, 272, 0, 0, 0
2245, 1, 1636424198465, 1636424198738, 273, 1, 272, 0, 0, 0
2243, 1, 1636424198490, 1636424198757, 267, 0, 267, 0, 0, 0
2246, 1, 1636424198537, 1636424198810, 273, 1, 272, 0, 0, 0
2247, 1, 1636424198557, 1636424198833, 276, 1, 275, 0, 1, 1
2248, 1, 1636424199238, 1636424199510, 272, 0, 272, 0, 0, 0
2249, 1, 1636424199270, 1636424199542, 272, 0, 272, 0, 0, 0
2250, 1, 1636424199694, 1636424199966, 272, 0, 272, 0, 0, 0
2251, 1, 1636424199810, 1636424200082, 272, 0, 272, 0, 0, 0
2252, 1, 1636424199894, 1636424200166, 272, 0, 272, 0, 0, 0
2253, 1, 1636424200558, 1636424200830, 272, 0, 272, 0, 0, 0
2254, 1, 1636424200626, 1636424200898, 272, 0, 272, 0, 0, 0
2255, 1, 1636424201082, 1636424201353, 271, 0, 271, 0, 0, 0
2256, 1, 1636424201110, 1636424201382, 272, 0, 272, 0, 0, 0
2257, 1, 1636424201193, 1636424201466, 273, 1, 272, 0, 1, 1
2258, 1, 1636424201830, 1636424202102, 272, 0, 272, 0, 0, 0
2259, 1, 1636424201969, 1636424202314, 345, 1, 344, 0, 0, 0
2261, 1, 1636424202461, 1636424202734, 273, 1, 272, 0, 0, 0
2260, 1, 1636424202490, 1636424202762, 272, 0, 272, 0, 0, 0
2262, 1, 1636424202493, 1636424202770, 277, 1, 276, 1, 0, 1
2265, 1, 1636424203134, 1636424203406, 272, 0, 272, 0, 0, 0
2266, 1, 1636424203338, 1636424203609, 271, 0, 271, 0, 0, 0
2267, 1, 1636424203793, 1636424204062, 269, 1, 268, 0, 0, 0
2231, 1, 1636424203833, 1636424204106, 273, 1, 272, 0, 0, 0
2268, 1, 1636424203833, 1636424204106, 273, 1, 272, 0, 0, 0
2269, 1, 1636424203881, 1636424204153, 272, 1, 271, 0, 0, 0
2270, 1, 1636424204290, 1636424204562, 272, 0, 272, 0, 0, 0
2271, 1, 1636424204453, 1636424204837, 384, 0, 384, 0, 0, 0
2275, 1, 1636424205057, 1636424205330, 273, 1, 272, 0, 1, 1
2277, 1, 1636424205246, 1636424205522, 276, 0, 276, 0, 0, 0
2278, 1, 1636424205397, 1636424205670, 273, 1, 272, 0, 1, 1
2279, 1, 1636424205406, 1636424205682, 276, 0, 276, 0, 0, 0
2282, 1, 1636424205765, 1636424206066, 301, 1, 300, 0, 1, 1
2280, 1, 1636424205886, 1636424206162, 276, 0, 276, 0, 0, 0
2283, 1, 1636424206346, 1636424206617, 271, 0, 271, 0, 0, 0
2284, 1, 1636424206358, 1636424206621, 263, 0, 263, 0, 0, 0
2241, 1, 1636424206373, 1636424206649, 276, 1, 275, 0, 0, 0
2285, 1, 1636424206613, 1636424206885, 272, 1, 271, 1, 0, 1
2287, 1, 1636424206653, 1636424206926, 273, 1, 272, 0, 0, 0
2288, 1, 1636424206661, 1636424206926, 265, 1, 264, 0, 1, 1
2286, 1, 1636424206793, 1636424207066, 273, 1, 272, 0, 0, 0
2291, 1, 1636424207097, 1636424207370, 273, 1, 272, 0, 0, 0
2289, 1, 1636424207106, 1636424207378, 272, 0, 272, 0, 0, 0
2290, 1, 1636424207249, 1636424207522, 273, 1, 272, 0, 0, 0
2292, 1, 1636424207562, 1636424207830, 268, 0, 268, 0, 0, 0
2293, 1, 1636424207685, 1636424207958, 273, 1, 272, 1, 0, 1
2294, 1, 1636424207902, 1636424208174, 272, 0, 272, 0, 0, 0
2295, 1, 1636424207913, 1636424208185, 272, 0, 272, 0, 0, 0
2297, 1, 1636424207986, 1636424208254, 268, 0, 268, 0, 0, 0
2296, 1, 1636424208009, 1636424208285, 276, 1, 275, 0, 0, 0
2300, 1, 1636424208430, 1636424208702, 272, 0, 272, 0, 0, 0
2298, 1, 1636424208438, 1636424208709, 271, 0, 271, 0, 0, 0
2299, 1, 1636424208470, 1636424208737, 267, 0, 267, 0, 0, 0
2301, 1, 1636424208890, 1636424209161, 271, 0, 271, 0, 0, 0
2302, 1, 1636424209050, 1636424209322, 272, 0, 272, 0, 0, 0
2303, 1, 1636424209221, 1636424209494, 273, 1, 272, 0, 1, 1
2305, 1, 1636424209297, 1636424209570, 273, 1, 272, 1, 0, 1
2304, 1, 1636424209337, 1636424209606, 269, 1, 268, 0, 0, 0
2306, 1, 1636424209785, 1636424210054, 269, 1, 268, 1, 0, 1
2307, 1, 1636424209782, 1636424210054, 272, 0, 272, 0, 0, 0
2308, 1, 1636424210393, 1636424210666, 273, 1, 272, 0, 0, 0
2309, 1, 1636424210498, 1636424210770, 272, 0, 272, 0, 0, 0
2310, 1, 1636424210602, 1636424210873, 271, 0, 271, 0, 0, 0
2311, 1, 1636424211058, 1636424211330, 272, 0, 272, 0, 0, 0
2312, 1, 1636424211682, 1636424211954, 272, 0, 272, 0, 0, 0
2313, 1, 1636424211762, 1636424212034, 272, 0, 272, 0, 0, 0
2314, 1, 1636424212330, 1636424212602, 272, 0, 272, 0, 0, 0
2272, 1, 1636424212753, 1636424213025, 272, 1, 271, 0, 0, 0
2315, 1, 1636424213030, 1636424213301, 271, 0, 271, 0, 0, 0
2318, 1, 1636424213041, 1636424213310, 269, 0, 269, 0, 0, 0
2317, 1, 1636424213030, 1636424213310, 280, 0, 280, 0, 0, 0
2320, 1, 1636424213626, 1636424213898, 272, 0, 272, 0, 0, 0
2321, 1, 1636424214226, 1636424214501, 275, 0, 275, 0, 0, 0
2322, 1, 1636424214390, 1636424214662, 272, 0, 272, 0, 0, 0
2323, 1, 1636424214961, 1636424215238, 277, 1, 276, 1, 0, 1
2324, 1, 1636424215093, 1636424215366, 273, 1, 272, 0, 0, 0
2326, 1, 1636424215417, 1636424215694, 277, 0, 277, 0, 0, 0
2325, 1, 1636424215545, 1636424215818, 273, 1, 272, 1, 0, 1
2327, 1, 1636424215545, 1636424215818, 273, 1, 272, 0, 0, 0
2329, 1, 1636424215697, 1636424215970, 273, 1, 272, 1, 0, 1
2328, 1, 1636424215878, 1636424216154, 276, 0, 276, 0, 0, 0
2330, 1, 1636424216278, 1636424216550, 272, 0, 272, 0, 0, 0
2331, 1, 1636424216377, 1636424216650, 273, 1, 272, 0, 0, 0
2333, 1, 1636424216686, 1636424216957, 271, 0, 271, 0, 0, 0
2332, 1, 1636424216833, 1636424217105, 272, 1, 271, 0, 1, 1
2334, 1, 1636424216862, 1636424217133, 271, 0, 271, 0, 0, 0
2335, 1, 1636424217138, 1636424217410, 272, 0, 272, 0, 0, 0
2337, 1, 1636424217654, 1636424217921, 267, 0, 267, 0, 0, 0
2338, 1, 1636424217714, 1636424217990, 276, 0, 276, 0, 0, 0
2340, 1, 1636424217994, 1636424218274, 280, 0, 280, 0, 0, 0
2339, 1, 1636424218173, 1636424218454, 281, 1, 280, 0, 0, 0
2341, 1, 1636424218254, 1636424218522, 268, 0, 268, 0, 0, 0
2342, 1, 1636424218450, 1636424218722, 272, 0, 272, 0, 0, 0
2344, 1, 1636424219037, 1636424219310, 273, 1, 272, 0, 0, 0
2346, 1, 1636424219357, 1636424219630, 273, 1, 272, 0, 0, 0
2345, 1, 1636424219494, 1636424219765, 271, 0, 271, 0, 0, 0
2347, 1, 1636424219530, 1636424219801, 271, 0, 271, 0, 0, 0
2348, 1, 1636424219813, 1636424220086, 273, 1, 272, 1, 0, 1
2349, 1, 1636424220346, 1636424220617, 271, 0, 271, 0, 0, 0
2351, 1, 1636424220685, 1636424220958, 273, 0, 273, 0, 0, 0
2350, 1, 1636424220802, 1636424221074, 272, 0, 272, 0, 0, 0
2352, 1, 1636424220821, 1636424221097, 276, 1, 275, 0, 0, 0
2353, 1, 1636424221142, 1636424221414, 272, 0, 272, 0, 0, 0
2354, 1, 1636424221693, 1636424221966, 273, 1, 272, 0, 0, 0
2356, 1, 1636424222025, 1636424222298, 273, 1, 272, 0, 0, 0
2355, 1, 1636424222150, 1636424222422, 272, 0, 272, 0, 0, 0
2357, 1, 1636424222158, 1636424222430, 272, 0, 272, 0, 0, 0
2358, 1, 1636424222477, 1636424222754, 277, 1, 276, 0, 1, 1
2359, 1, 1636424223073, 1636424223346, 273, 1, 272, 1, 0, 1
2361, 1, 1636424223298, 1636424223569, 271, 0, 271, 0, 0, 0
2336, 1, 1636424223425, 1636424223694, 269, 1, 268, 0, 0, 0
2362, 1, 1636424223470, 1636424223741, 271, 0, 271, 0, 0, 0
2360, 1, 1636424223521, 1636424223797, 276, 1, 275, 0, 1, 1
2363, 1, 1636424223750, 1636424224026, 276, 0, 276, 0, 0, 0
2365, 1, 1636424223789, 1636424224062, 273, 1, 272, 0, 1, 1
2367, 1, 1636424224385, 1636424224658, 273, 1, 272, 0, 0, 0
2369, 1, 1636424224689, 1636424224961, 272, 0, 272, 0, 0, 0
2370, 1, 1636424224813, 1636424225085, 272, 1, 271, 0, 1, 1
2368, 1, 1636424224838, 1636424225110, 272, 0, 272, 0, 0, 0
2372, 1, 1636424225034, 1636424225306, 272, 0, 272, 0, 0, 0
2371, 1, 1636424225145, 1636424225422, 277, 1, 276, 0, 0, 0
2373, 1, 1636424225698, 1636424225970, 272, 0, 272, 0, 0, 0
2375, 1, 1636424226082, 1636424226354, 272, 0, 272, 0, 0, 0
2374, 1, 1636424226149, 1636424226421, 272, 1, 271, 1, 0, 1
2376, 1, 1636424226173, 1636424226446, 273, 1, 272, 0, 0, 0
2378, 1, 1636424226433, 1636424226705, 272, 1, 271, 0, 1, 1
2377, 1, 1636424226537, 1636424226810, 273, 1, 272, 1, 0, 1
2379, 1, 1636424227070, 1636424227342, 272, 0, 272, 0, 0, 0
2381, 1, 1636424227405, 1636424227677, 272, 0, 272, 0, 0, 0
2382, 1, 1636424227457, 1636424227729, 272, 1, 271, 1, 0, 1
2380, 1, 1636424227525, 1636424227797, 272, 1, 271, 1, 0, 1
2384, 1, 1636424227797, 1636424228073, 276, 1, 275, 0, 1, 1
2383, 1, 1636424227861, 1636424228134, 273, 1, 272, 1, 0, 1
2385, 1, 1636424228417, 1636424228690, 273, 0, 273, 0, 0, 0
2387, 1, 1636424228710, 1636424228981, 271, 0, 271, 0, 0, 0
2386, 1, 1636424228877, 1636424229149, 272, 1, 271, 1, 0, 1
2388, 1, 1636424228877, 1636424229149, 272, 1, 271, 0, 1, 1
2389, 1, 1636424229162, 1636424229430, 268, 0, 268, 0, 0, 0
2391, 1, 1636424229189, 1636424229458, 269, 1, 268, 0, 0, 0
2390, 1, 1636424229226, 1636424229498, 272, 0, 272, 0, 0, 0
2394, 1, 1636424229986, 1636424230257, 271, 0, 271, 0, 0, 0
2396, 1, 1636424230202, 1636424230474, 272, 0, 272, 0, 0, 0
2395, 1, 1636424230441, 1636424230710, 269, 1, 268, 0, 1, 1
2397, 1, 1636424230481, 1636424230754, 273, 1, 272, 0, 0, 0
2398, 1, 1636424230574, 1636424230850, 276, 0, 276, 0, 0, 0
2399, 1, 1636424231278, 1636424231549, 271, 0, 271, 0, 0, 0
2401, 1, 1636424231538, 1636424231810, 272, 0, 272, 0, 0, 0
2400, 1, 1636424231730, 1636424232002, 272, 0, 272, 0, 0, 0
2402, 1, 1636424231881, 1636424232154, 273, 1, 272, 0, 1, 1
2403, 1, 1636424231889, 1636424232162, 273, 1, 272, 1, 0, 1
2404, 1, 1636424232566, 1636424232838, 272, 0, 272, 0, 0, 0
2406, 1, 1636424232933, 1636424233214, 281, 1, 280, 1, 0, 1
2405, 1, 1636424233021, 1636424233301, 280, 1, 279, 0, 0, 0
2407, 1, 1636424233185, 1636424233458, 273, 1, 272, 1, 0, 1
2408, 1, 1636424233249, 1636424233518, 269, 1, 268, 0, 0, 0
2409, 1, 1636424234234, 1636424234506, 272, 0, 272, 0, 0, 0
2412, 1, 1636424234533, 1636424234806, 273, 1, 272, 0, 0, 0
2410, 1, 1636424234553, 1636424234826, 273, 1, 272, 0, 0, 0
2413, 1, 1636424234613, 1636424234886, 273, 1, 272, 1, 0, 1
2411, 1, 1636424235010, 1636424235286, 276, 0, 276, 0, 0, 0
2414, 1, 1636424235590, 1636424235862, 272, 0, 272, 0, 0, 0
2417, 1, 1636424235914, 1636424236186, 272, 0, 272, 0, 0, 0
2418, 1, 1636424235998, 1636424236266, 268, 0, 268, 0, 0, 0
2419, 1, 1636424236938, 1636424237209, 271, 0, 271, 0, 0, 0
2421, 1, 1636424237298, 1636424237570, 272, 0, 272, 0, 0, 0
2422, 1, 1636424238230, 1636424238506, 276, 0, 276, 0, 0, 0
2423, 1, 1636424238570, 1636424238842, 272, 0, 272, 0, 0, 0
2424, 1, 1636424239618, 1636424239902, 284, 0, 284, 0, 0, 0
2425, 1, 1636424239858, 1636424240130, 272, 0, 272, 0, 0, 0
2426, 1, 1636424240074, 1636424240346, 272, 0, 272, 0, 0, 0
2427, 1, 1636424240530, 1636424240806, 276, 0, 276, 0, 0, 0
2428, 1, 1636424240978, 1636424241250, 272, 0, 272, 0, 0, 0
2429, 1, 1636424241126, 1636424241398, 272, 0, 272, 0, 0, 0
2433, 1, 1636424242469, 1636424242746, 277, 1, 276, 1, 0, 1
2434, 1, 1636424243741, 1636424244014, 273, 1, 272, 1, 0, 1
2435, 1, 1636424245069, 1636424245342, 273, 0, 273, 0, 0, 0
2436, 1, 1636424246066, 1636424246338, 272, 0, 272, 0, 0, 0
2438, 1, 1636424246433, 1636424246706, 273, 1, 272, 0, 0, 0
2437, 1, 1636424246522, 1636424246793, 271, 0, 271, 0, 0, 0
2439, 1, 1636424247330, 1636424247601, 271, 0, 271, 0, 0, 0
2441, 1, 1636424247550, 1636424247822, 272, 0, 272, 0, 0, 0
2442, 1, 1636424247710, 1636424247981, 271, 0, 271, 0, 0, 0
2440, 1, 1636424247781, 1636424248054, 273, 1, 272, 0, 1, 1
2443, 1, 1636424248654, 1636424248926, 272, 0, 272, 0, 0, 0
2445, 1, 1636424248797, 1636424249069, 272, 1, 271, 0, 0, 0
2446, 1, 1636424249010, 1636424249282, 272, 0, 272, 0, 0, 0
2444, 1, 1636424249109, 1636424249382, 273, 1, 272, 0, 0, 0
2447, 1, 1636424249933, 1636424250205, 272, 1, 271, 0, 0, 0
2449, 1, 1636424250106, 1636424250378, 272, 0, 272, 0, 0, 0
2450, 1, 1636424250333, 1636424250606, 273, 1, 272, 0, 1, 1
2448, 1, 1636424250386, 1636424250658, 272, 0, 272, 0, 0, 0
2451, 1, 1636424251230, 1636424251501, 271, 0, 271, 0, 0, 0
2453, 1, 1636424251489, 1636424251761, 272, 1, 271, 0, 1, 1
2454, 1, 1636424251577, 1636424251850, 273, 1, 272, 0, 0, 0
2452, 1, 1636424251678, 1636424251957, 279, 0, 279, 0, 0, 0
2456, 1, 1636424251725, 1636424251998, 273, 1, 272, 1, 0, 1
2455, 1, 1636424252034, 1636424252310, 276, 0, 276, 0, 0, 0
2457, 1, 1636424252549, 1636424252821, 272, 1, 271, 0, 0, 0
2458, 1, 1636424252562, 1636424252834, 272, 0, 272, 0, 0, 0
2460, 1, 1636424252746, 1636424253017, 271, 0, 271, 0, 0, 0
2461, 1, 1636424252817, 1636424253089, 272, 1, 271, 0, 0, 0
2459, 1, 1636424253017, 1636424253293, 276, 1, 275, 0, 0, 0
2463, 1, 1636424253098, 1636424253370, 272, 0, 272, 0, 0, 0
2462, 1, 1636424253273, 1636424253546, 273, 1, 272, 1, 0, 1
2464, 1, 1636424253798, 1636424254078, 280, 0, 280, 0, 0, 0
2465, 1, 1636424253853, 1636424254125, 272, 0, 272, 0, 0, 0
2467, 1, 1636424254150, 1636424254422, 272, 0, 272, 0, 0, 0
2466, 1, 1636424254302, 1636424254574, 272, 0, 272, 0, 0, 0
2470, 1, 1636424254490, 1636424254762, 272, 0, 272, 0, 0, 0
2471, 1, 1636424255105, 1636424255381, 276, 0, 276, 0, 0, 0
2472, 1, 1636424255197, 1636424255469, 272, 1, 271, 0, 1, 1
2474, 1, 1636424255422, 1636424255694, 272, 0, 272, 0, 0, 0
2473, 1, 1636424255658, 1636424255930, 272, 0, 272, 0, 0, 0
2475, 1, 1636424255794, 1636424256066, 272, 0, 272, 0, 0, 0
2476, 1, 1636424256470, 1636424256745, 275, 0, 275, 0, 0, 0
2477, 1, 1636424256558, 1636424256829, 271, 0, 271, 0, 0, 0
2479, 1, 1636424256814, 1636424257089, 275, 0, 275, 0, 0, 0
2478, 1, 1636424257014, 1636424257286, 272, 0, 272, 0, 0, 0
2480, 1, 1636424257162, 1636424257433, 271, 0, 271, 0, 0, 0
2481, 1, 1636424257769, 1636424258046, 277, 1, 276, 1, 0, 1
2482, 1, 1636424257842, 1636424258114, 272, 0, 272, 0, 0, 0
2484, 1, 1636424258209, 1636424258482, 273, 1, 272, 0, 0, 0
2483, 1, 1636424258298, 1636424258569, 271, 0, 271, 0, 0, 0
2485, 1, 1636424258493, 1636424258765, 272, 1, 271, 0, 0, 0
2486, 1, 1636424259130, 1636424259402, 272, 0, 272, 0, 0, 0
2487, 1, 1636424259237, 1636424259505, 268, 1, 267, 0, 0, 0
2489, 1, 1636424259537, 1636424259810, 273, 1, 272, 1, 0, 1
2488, 1, 1636424259686, 1636424259957, 271, 0, 271, 0, 0, 0
2490, 1, 1636424259850, 1636424260126, 276, 0, 276, 0, 0, 0
2491, 1, 1636424260397, 1636424260670, 273, 1, 272, 0, 0, 0
2492, 1, 1636424260637, 1636424260910, 273, 1, 272, 0, 0, 0
2494, 1, 1636424260838, 1636424261110, 272, 0, 272, 0, 0, 0
2493, 1, 1636424261093, 1636424261366, 273, 1, 272, 1, 0, 1
2495, 1, 1636424261125, 1636424261398, 273, 1, 272, 1, 0, 1
2496, 1, 1636424261794, 1636424262066, 272, 0, 272, 0, 0, 0
2497, 1, 1636424261970, 1636424262242, 272, 0, 272, 0, 0, 0
2499, 1, 1636424262113, 1636424262385, 272, 1, 271, 0, 1, 1
2498, 1, 1636424262426, 1636424262698, 272, 0, 272, 0, 0, 0
2500, 1, 1636424262510, 1636424262782, 272, 0, 272, 0, 0, 0
2501, 1, 1636424263189, 1636424263462, 273, 1, 272, 1, 0, 1
2502, 1, 1636424263366, 1636424263642, 276, 0, 276, 0, 0, 0
2503, 1, 1636424263826, 1636424264093, 267, 0, 267, 0, 0, 0
2504, 1, 1636424263906, 1636424264177, 271, 0, 271, 0, 0, 0
2507, 1, 1636424264501, 1636424264774, 273, 1, 272, 1, 0, 1
2506, 1, 1636424264526, 1636424264798, 272, 0, 272, 0, 0, 0
2508, 1, 1636424264646, 1636424264917, 271, 0, 271, 0, 0, 0
2505, 1, 1636424264978, 1636424265250, 272, 0, 272, 0, 0, 0
2509, 1, 1636424265101, 1636424265378, 277, 1, 276, 0, 1, 1
2510, 1, 1636424265214, 1636424265485, 271, 0, 271, 0, 0, 0
2511, 1, 1636424265786, 1636424266058, 272, 0, 272, 0, 0, 0
2514, 1, 1636424266013, 1636424266289, 276, 1, 275, 0, 0, 0
2515, 1, 1636424266474, 1636424266746, 272, 0, 272, 0, 0, 0
2517, 1, 1636424267062, 1636424267334, 272, 0, 272, 0, 0, 0
2518, 1, 1636424267362, 1636424267634, 272, 0, 272, 0, 0, 0
2519, 1, 1636424267817, 1636424268090, 273, 1, 272, 0, 1, 1
2520, 1, 1636424268426, 1636424268694, 268, 0, 268, 0, 0, 0
2521, 1, 1636424268682, 1636424268954, 272, 0, 272, 0, 0, 0
2522, 1, 1636424269137, 1636424269410, 273, 1, 272, 0, 0, 0
2523, 1, 1636424269790, 1636424270066, 276, 0, 276, 0, 0, 0
2524, 1, 1636424270070, 1636424270342, 272, 0, 272, 0, 0, 0
2525, 1, 1636424270526, 1636424270798, 272, 0, 272, 0, 0, 0
2526, 1, 1636424271133, 1636424271406, 273, 1, 272, 0, 0, 0
2527, 1, 1636424271438, 1636424271710, 272, 0, 272, 0, 0, 0
2528, 1, 1636424271890, 1636424272166, 276, 0, 276, 0, 0, 0
2529, 1, 1636424272430, 1636424272706, 276, 0, 276, 0, 0, 0
2532, 1, 1636424273730, 1636424274002, 272, 0, 272, 0, 0, 0
2533, 1, 1636424274994, 1636424275270, 276, 0, 276, 0, 0, 0
2516, 1, 1636424275846, 1636424276117, 271, 0, 271, 0, 0, 0
2534, 1, 1636424276269, 1636424276542, 273, 1, 272, 1, 0, 1
2535, 1, 1636424276517, 1636424276790, 273, 1, 272, 0, 1, 1
2537, 1, 1636424276549, 1636424276822, 273, 1, 272, 0, 0, 0
2536, 1, 1636424276974, 1636424277242, 268, 0, 268, 0, 0, 0
2538, 1, 1636424277665, 1636424277937, 272, 1, 271, 1, 0, 1
2539, 1, 1636424277797, 1636424278070, 273, 1, 272, 0, 0, 0
2540, 1, 1636424278933, 1636424279206, 273, 1, 272, 0, 0, 0
2541, 1, 1636424279126, 1636424279398, 272, 0, 272, 0, 0, 0
2542, 1, 1636424280210, 1636424280482, 272, 0, 272, 0, 0, 0
2543, 1, 1636424280478, 1636424280754, 276, 0, 276, 0, 0, 0
2544, 1, 1636424281573, 1636424281846, 273, 1, 272, 0, 0, 0
2545, 1, 1636424281757, 1636424282033, 276, 1, 275, 0, 1, 1
2546, 1, 1636424282845, 1636424283117, 272, 0, 272, 0, 0, 0
2547, 1, 1636424283021, 1636424283293, 272, 1, 271, 0, 0, 0
2549, 1, 1636424283030, 1636424283301, 271, 0, 271, 0, 0, 0
2548, 1, 1636424283473, 1636424283746, 273, 0, 273, 0, 0, 0
2550, 1, 1636424284150, 1636424284422, 272, 0, 272, 0, 0, 0
2551, 1, 1636424284306, 1636424284578, 272, 0, 272, 0, 0, 0
2553, 1, 1636424284317, 1636424284589, 272, 1, 271, 1, 0, 1
2552, 1, 1636424284762, 1636424285034, 272, 0, 272, 0, 0, 0
2554, 1, 1636424285474, 1636424285746, 272, 0, 272, 0, 0, 0
2555, 1, 1636424285617, 1636424285890, 273, 0, 273, 0, 0, 0
2556, 1, 1636424285626, 1636424285898, 272, 0, 272, 0, 0, 0
2557, 1, 1636424286074, 1636424286346, 272, 0, 272, 0, 0, 0
2558, 1, 1636424286857, 1636424287130, 273, 1, 272, 0, 0, 0
2559, 1, 1636424286970, 1636424287241, 271, 0, 271, 0, 0, 0
2561, 1, 1636424286978, 1636424287249, 271, 0, 271, 0, 0, 0
2560, 1, 1636424287425, 1636424287698, 273, 1, 272, 0, 0, 0
2562, 1, 1636424288198, 1636424288469, 271, 0, 271, 0, 0, 0
2563, 1, 1636424288298, 1636424288570, 272, 0, 272, 0, 0, 0
2565, 1, 1636424288349, 1636424288614, 265, 0, 265, 0, 0, 0
2564, 1, 1636424288757, 1636424289034, 277, 1, 276, 0, 1, 1
2566, 1, 1636424289537, 1636424289810, 273, 1, 272, 0, 1, 1
2568, 1, 1636424289638, 1636424289910, 272, 0, 272, 0, 0, 0
2569, 1, 1636424290094, 1636424290366, 272, 0, 272, 0, 0, 0
2570, 1, 1636424290845, 1636424291118, 273, 1, 272, 1, 0, 1
2571, 1, 1636424290905, 1636424291177, 272, 1, 271, 0, 0, 0
2572, 1, 1636424291354, 1636424291626, 272, 0, 272, 0, 0, 0
2573, 1, 1636424292209, 1636424292478, 269, 1, 268, 0, 0, 0
2574, 1, 1636424292265, 1636424292538, 273, 1, 272, 1, 0, 1
2575, 1, 1636424292717, 1636424292990, 273, 1, 272, 0, 1, 1
2576, 1, 1636424293537, 1636424293810, 273, 0, 273, 0, 0, 0
2577, 1, 1636424293650, 1636424293926, 276, 0, 276, 0, 0, 0
2578, 1, 1636424294110, 1636424294382, 272, 0, 272, 0, 0, 0
2579, 1, 1636424294874, 1636424295142, 268, 0, 268, 0, 0, 0
2580, 1, 1636424294965, 1636424295222, 257, 0, 257, 0, 0, 0
2581, 1, 1636424295406, 1636424295678, 272, 0, 272, 0, 0, 0
2582, 1, 1636424296146, 1636424296417, 271, 0, 271, 0, 0, 0
2583, 1, 1636424297533, 1636424297806, 273, 1, 272, 0, 1, 1
2584, 1, 1636424298926, 1636424299202, 276, 0, 276, 0, 0, 0
2585, 1, 1636424299933, 1636424300206, 273, 1, 272, 0, 0, 0
2586, 1, 1636424300237, 1636424300510, 273, 1, 272, 0, 0, 0
2587, 1, 1636424301194, 1636424301470, 276, 0, 276, 0, 0, 0
2588, 1, 1636424302557, 1636424302830, 273, 1, 272, 0, 0, 0
2589, 1, 1636424303853, 1636424304126, 273, 1, 272, 0, 1, 1
2590, 1, 1636424305242, 1636424305514, 272, 0, 272, 0, 0, 0
2591, 1, 1636424306617, 1636424306890, 273, 1, 272, 0, 0, 0
2593, 1, 1636424318258, 1636424318530, 272, 0, 272, 0, 0, 0
2594, 1, 1636424319509, 1636424319782, 273, 1, 272, 0, 0, 0
2595, 1, 1636424320817, 1636424321090, 273, 0, 273, 0, 0, 0
2596, 1, 1636424322170, 1636424322442, 272, 0, 272, 0, 0, 0
2597, 1, 1636424323506, 1636424323777, 271, 0, 271, 0, 0, 0
2598, 1, 1636424324862, 1636424325134, 272, 0, 272, 0, 0, 0
2599, 1, 1636424326133, 1636424326406, 273, 0, 273, 0, 0, 0
2600, 1, 1636424327522, 1636424327793, 271, 0, 271, 0, 0, 0
2601, 1, 1636424485346, 1636424485617, 271, 0, 271, 0, 0, 0
2602, 1, 1636424485838, 1636424486110, 272, 0, 272, 0, 0, 0
2603, 1, 1636424486410, 1636424486682, 272, 0, 272, 0, 0, 0
2604, 1, 1636424487086, 1636424487358, 272, 0, 272, 0, 0, 0
2605, 1, 1636424487210, 1636424487481, 271, 0, 271, 0, 0, 0
2607, 1, 1636424487705, 1636424487973, 268, 1, 267, 0, 1, 1
2606, 1, 1636424487702, 1636424487973, 271, 0, 271, 0, 0, 0
2608, 1, 1636424488338, 1636424488610, 272, 0, 272, 0, 0, 0
2609, 1, 1636424488406, 1636424488678, 272, 0, 272, 0, 0, 0
2610, 1, 1636424488946, 1636424489217, 271, 0, 271, 0, 0, 0
2611, 1, 1636424488949, 1636424489226, 277, 1, 276, 1, 0, 1
2612, 1, 1636424489157, 1636424489430, 273, 1, 272, 1, 0, 1
2613, 1, 1636424489574, 1636424489846, 272, 0, 272, 0, 0, 0
2614, 1, 1636424489653, 1636424489921, 268, 0, 268, 0, 0, 0
2615, 1, 1636424489697, 1636424489974, 277, 3, 274, 0, 0, 0
2616, 1, 1636424490230, 1636424490501, 271, 0, 271, 0, 0, 0
2617, 1, 1636424490338, 1636424490610, 272, 0, 272, 0, 0, 0
2618, 1, 1636424490353, 1636424490626, 273, 1, 272, 0, 0, 0
2619, 1, 1636424490782, 1636424491053, 271, 0, 271, 0, 0, 0
2620, 1, 1636424490901, 1636424491173, 272, 1, 271, 0, 0, 0
2621, 1, 1636424490942, 1636424491213, 271, 0, 271, 0, 0, 0
2622, 1, 1636424491198, 1636424491473, 275, 0, 275, 0, 0, 0
2623, 1, 1636424491526, 1636424491798, 272, 0, 272, 0, 0, 0
2624, 1, 1636424491602, 1636424491873, 271, 0, 271, 0, 0, 0
2625, 1, 1636424491698, 1636424491969, 271, 0, 271, 0, 0, 0
2626, 1, 1636424492197, 1636424492469, 272, 1, 271, 0, 1, 1
2627, 1, 1636424492233, 1636424492501, 268, 0, 268, 0, 0, 0
2628, 1, 1636424492290, 1636424492557, 267, 0, 267, 0, 0, 0
2629, 1, 1636424492393, 1636424492661, 268, 1, 267, 0, 1, 1
2630, 1, 1636424492686, 1636424492958, 272, 0, 272, 0, 0, 0
2631, 1, 1636424492894, 1636424493165, 271, 0, 271, 0, 0, 0
2632, 1, 1636424492917, 1636424493197, 280, 0, 280, 0, 0, 0
2633, 1, 1636424493006, 1636424493282, 276, 0, 276, 0, 0, 0
2634, 1, 1636424493285, 1636424493562, 277, 0, 277, 0, 0, 0
2635, 1, 1636424493461, 1636424493733, 272, 1, 271, 1, 0, 1
2636, 1, 1636424493537, 1636424493810, 273, 1, 272, 1, 0, 1
2637, 1, 1636424493549, 1636424493821, 272, 1, 271, 0, 0, 0
2638, 1, 1636424493821, 1636424494094, 273, 1, 272, 0, 1, 1
2639, 1, 1636424494057, 1636424494330, 273, 1, 272, 0, 1, 1
2640, 1, 1636424494166, 1636424494438, 272, 0, 272, 0, 0, 0
2641, 1, 1636424494177, 1636424494450, 273, 1, 272, 0, 0, 0
2642, 1, 1636424494330, 1636424494602, 272, 0, 272, 0, 0, 0
2643, 1, 1636424494521, 1636424494794, 273, 1, 272, 0, 0, 0
2644, 1, 1636424494637, 1636424494909, 272, 1, 271, 1, 0, 1
2646, 1, 1636424494933, 1636424495209, 276, 1, 275, 1, 0, 1
2645, 1, 1636424494933, 1636424495209, 276, 1, 275, 0, 0, 0
2647, 1, 1636424494993, 1636424495269, 276, 1, 275, 1, 0, 1
2648, 1, 1636424495001, 1636424495281, 280, 1, 279, 0, 0, 0
2650, 1, 1636424495393, 1636424495666, 273, 0, 273, 0, 0, 0
2649, 1, 1636424495449, 1636424495722, 273, 1, 272, 0, 0, 0
2651, 1, 1636424495457, 1636424495730, 273, 1, 272, 1, 0, 1
2652, 1, 1636424495598, 1636424495870, 272, 0, 272, 0, 0, 0
2654, 1, 1636424495905, 1636424496178, 273, 1, 272, 0, 1, 1
2655, 1, 1636424495989, 1636424496257, 268, 1, 267, 1, 0, 1
2656, 1, 1636424496010, 1636424496274, 264, 0, 264, 0, 0, 0
2657, 1, 1636424496026, 1636424496297, 271, 0, 271, 0, 0, 0
2658, 1, 1636424496185, 1636424496457, 272, 1, 271, 1, 0, 1
2653, 1, 1636424496361, 1636424496637, 276, 1, 275, 0, 0, 0
2661, 1, 1636424496590, 1636424496862, 272, 0, 272, 0, 0, 0
2662, 1, 1636424496665, 1636424496938, 273, 1, 272, 0, 0, 0
2663, 1, 1636424496842, 1636424497113, 271, 0, 271, 0, 0, 0
2665, 1, 1636424496961, 1636424497230, 269, 0, 269, 0, 0, 0
2667, 1, 1636424497105, 1636424497378, 273, 1, 272, 0, 1, 1
2669, 1, 1636424497290, 1636424497561, 271, 0, 271, 0, 0, 0
2668, 1, 1636424497409, 1636424497682, 273, 1, 272, 0, 0, 0
2670, 1, 1636424497561, 1636424497834, 273, 1, 272, 1, 0, 1
2673, 1, 1636424497721, 1636424497994, 273, 1, 272, 1, 0, 1
2675, 1, 1636424497973, 1636424498238, 265, 1, 264, 1, 0, 1
2676, 1, 1636424497986, 1636424498253, 267, 0, 267, 0, 0, 0
2677, 1, 1636424498045, 1636424498318, 273, 1, 272, 0, 1, 1
2679, 1, 1636424498586, 1636424498858, 272, 0, 272, 0, 0, 0
2680, 1, 1636424498793, 1636424499061, 268, 1, 267, 0, 0, 0
2682, 1, 1636424498969, 1636424499238, 269, 1, 268, 0, 0, 0
2683, 1, 1636424499105, 1636424499369, 264, 0, 264, 0, 0, 0
2685, 1, 1636424499237, 1636424499513, 276, 1, 275, 0, 0, 0
2686, 1, 1636424499249, 1636424499525, 276, 1, 275, 0, 0, 0
2684, 1, 1636424499414, 1636424499682, 268, 0, 268, 0, 0, 0
2688, 1, 1636424499937, 1636424500210, 273, 1, 272, 0, 0, 0
2689, 1, 1636424500037, 1636424500309, 272, 1, 271, 0, 1, 1
2691, 1, 1636424500533, 1636424500809, 276, 1, 275, 0, 0, 0
2692, 1, 1636424500825, 1636424501093, 268, 1, 267, 1, 0, 1
2693, 1, 1636424501045, 1636424501317, 272, 1, 271, 1, 0, 1
2696, 1, 1636424501289, 1636424501561, 272, 0, 272, 0, 0, 0
2697, 1, 1636424501333, 1636424501609, 276, 1, 275, 0, 1, 1
2698, 1, 1636424501978, 1636424502250, 272, 0, 272, 0, 0, 0
2700, 1, 1636424502549, 1636424502822, 273, 1, 272, 0, 0, 0
2702, 1, 1636424503085, 1636424503357, 272, 1, 271, 0, 0, 0
2703, 1, 1636424503394, 1636424503661, 267, 0, 267, 0, 0, 0
2708, 1, 1636424505382, 1636424505653, 271, 0, 271, 0, 0, 0
2709, 1, 1636424507133, 1636424507397, 264, 1, 263, 0, 0, 0
2710, 1, 1636424507137, 1636424507409, 272, 1, 271, 0, 1, 1
2713, 1, 1636424507249, 1636424507517, 268, 1, 267, 0, 1, 1
2712, 1, 1636424507585, 1636424507858, 273, 1, 272, 0, 1, 1
2711, 1, 1636424507577, 1636424507858, 281, 1, 280, 1, 0, 1
2714, 1, 1636424508038, 1636424508313, 275, 0, 275, 0, 0, 0
2716, 1, 1636424508365, 1636424508641, 276, 1, 275, 1, 0, 1
2717, 1, 1636424508634, 1636424508929, 295, 0, 295, 0, 0, 0
2718, 1, 1636424508977, 1636424509245, 268, 1, 267, 0, 1, 1
2719, 1, 1636424509049, 1636424509313, 264, 1, 263, 0, 1, 1
2720, 1, 1636424509105, 1636424509377, 272, 1, 271, 0, 1, 1
2723, 1, 1636424509165, 1636424509433, 268, 1, 267, 1, 0, 1
2721, 1, 1636424509425, 1636424509698, 273, 1, 272, 0, 1, 1
2722, 1, 1636424509493, 1636424509774, 281, 1, 280, 0, 0, 0
2724, 1, 1636424509881, 1636424510157, 276, 1, 275, 0, 0, 0
2725, 1, 1636424509937, 1636424510217, 280, 0, 280, 0, 0, 0
2726, 1, 1636424510222, 1636424510501, 279, 0, 279, 0, 0, 0
2727, 1, 1636424510485, 1636424510757, 272, 1, 271, 0, 1, 1
2728, 1, 1636424510526, 1636424510798, 272, 0, 272, 0, 0, 0
2730, 1, 1636424510982, 1636424511281, 299, 0, 299, 0, 0, 0
2729, 1, 1636424510922, 1636424511285, 363, 0, 363, 0, 0, 0
2731, 1, 1636424511053, 1636424511377, 324, 1, 323, 0, 0, 0
2734, 1, 1636424511326, 1636424511597, 271, 0, 271, 0, 0, 0
2735, 1, 1636424511409, 1636424511681, 272, 1, 271, 0, 0, 0
2732, 1, 1636424511465, 1636424511737, 272, 1, 271, 1, 0, 1
2733, 1, 1636424511553, 1636424511821, 268, 0, 268, 0, 0, 0
2738, 1, 1636424511762, 1636424512033, 271, 0, 271, 0, 0, 0
2736, 1, 1636424511861, 1636424512133, 272, 1, 271, 1, 0, 1
2737, 1, 1636424511917, 1636424512210, 293, 0, 293, 0, 0, 0
2739, 1, 1636424512121, 1636424512394, 273, 1, 272, 0, 1, 1
2740, 1, 1636424512386, 1636424512658, 272, 0, 272, 0, 0, 0
2741, 1, 1636424512461, 1636424512729, 268, 1, 267, 0, 0, 0
2742, 1, 1636424512481, 1636424512757, 276, 1, 275, 0, 1, 1
2744, 1, 1636424512889, 1636424513157, 268, 0, 268, 0, 0, 0
2743, 1, 1636424512933, 1636424513205, 272, 0, 272, 0, 0, 0
2746, 1, 1636424512989, 1636424513257, 268, 1, 267, 1, 0, 1
2748, 1, 1636424513209, 1636424513481, 272, 1, 271, 0, 0, 0
2749, 1, 1636424513269, 1636424513557, 288, 0, 288, 0, 0, 0
2750, 1, 1636424513301, 1636424513573, 272, 1, 271, 0, 0, 0
2745, 1, 1636424513378, 1636424513645, 267, 0, 267, 0, 0, 0
2747, 1, 1636424513433, 1636424513709, 276, 1, 275, 0, 1, 1
2753, 1, 1636424513730, 1636424513993, 263, 0, 263, 0, 0, 0
2751, 1, 1636424513745, 1636424514014, 269, 1, 268, 0, 0, 0
2752, 1, 1636424513817, 1636424514089, 272, 1, 271, 0, 0, 0
2754, 1, 1636424513885, 1636424514157, 272, 1, 271, 1, 0, 1
2755, 1, 1636424514201, 1636424514473, 272, 1, 271, 0, 0, 0
2757, 1, 1636424514349, 1636424514617, 268, 0, 268, 0, 0, 0
2759, 1, 1636424514437, 1636424514722, 285, 1, 284, 0, 1, 1
2758, 1, 1636424514417, 1636424514722, 305, 0, 305, 0, 0, 0
2756, 1, 1636424514645, 1636424514913, 268, 1, 267, 0, 0, 0
2761, 1, 1636424514869, 1636424515133, 264, 1, 263, 0, 1, 1
2760, 1, 1636424514897, 1636424515201, 304, 1, 303, 0, 0, 0
2764, 1, 1636424514985, 1636424515290, 305, 1, 304, 1, 0, 1
2715, 1, 1636424515153, 1636424515425, 272, 1, 271, 1, 0, 1
2767, 1, 1636424515241, 1636424515513, 272, 1, 271, 0, 0, 0
2765, 1, 1636424515321, 1636424515594, 273, 1, 272, 0, 1, 1
2768, 1, 1636424515365, 1636424515638, 273, 1, 272, 0, 0, 0
2770, 1, 1636424515470, 1636424515745, 275, 0, 275, 0, 0, 0
2773, 1, 1636424515657, 1636424515929, 272, 1, 271, 1, 0, 1
2769, 1, 1636424515693, 1636424515969, 276, 1, 275, 0, 0, 0
2774, 1, 1636424515822, 1636424516094, 272, 0, 272, 0, 0, 0
2775, 1, 1636424516157, 1636424516430, 273, 1, 272, 0, 0, 0
2777, 1, 1636424516286, 1636424516558, 272, 0, 272, 0, 0, 0
2778, 1, 1636424516294, 1636424516561, 267, 0, 267, 0, 0, 0
2779, 1, 1636424516386, 1636424516649, 263, 0, 263, 0, 0, 0
2780, 1, 1636424516826, 1636424517097, 271, 0, 271, 0, 0, 0
2784, 1, 1636424517214, 1636424517486, 272, 0, 272, 0, 0, 0
2786, 1, 1636424517330, 1636424517601, 271, 0, 271, 0, 0, 0
2788, 1, 1636424517610, 1636424517882, 272, 0, 272, 0, 0, 0
2785, 1, 1636424517661, 1636424517929, 268, 1, 267, 0, 0, 0
2789, 1, 1636424517681, 1636424517953, 272, 1, 271, 0, 0, 0
2790, 1, 1636424518177, 1636424518454, 277, 1, 276, 0, 1, 1
2791, 1, 1636424518229, 1636424518498, 269, 1, 268, 0, 1, 1
2792, 1, 1636424518298, 1636424518570, 272, 0, 272, 0, 0, 0
2795, 1, 1636424519101, 1636424519369, 268, 1, 267, 0, 1, 1
2796, 1, 1636424519206, 1636424519478, 272, 0, 272, 0, 0, 0
2797, 1, 1636424519554, 1636424519826, 272, 0, 272, 0, 0, 0
2799, 1, 1636424519686, 1636424519958, 272, 0, 272, 0, 0, 0
2800, 1, 1636424520114, 1636424520386, 272, 0, 272, 0, 0, 0
2802, 1, 1636424520374, 1636424520646, 272, 0, 272, 0, 0, 0
2805, 1, 1636424521302, 1636424521574, 272, 0, 272, 0, 0, 0
2806, 1, 1636424521822, 1636424522094, 272, 0, 272, 0, 0, 0
2808, 1, 1636424522446, 1636424522722, 276, 0, 276, 0, 0, 0
2809, 1, 1636424523346, 1636424523622, 276, 0, 276, 0, 0, 0
2810, 1, 1636424523826, 1636424524098, 272, 0, 272, 0, 0, 0
2811, 1, 1636424524414, 1636424524686, 272, 0, 272, 0, 0, 0
2812, 1, 1636424525310, 1636424525646, 336, 0, 336, 0, 0, 0
2813, 1, 1636424525405, 1636424525737, 332, 1, 331, 0, 0, 0
2814, 1, 1636424525405, 1636424525741, 336, 1, 335, 0, 0, 0
2817, 1, 1636424525825, 1636424526098, 273, 1, 272, 1, 0, 1
2818, 1, 1636424525922, 1636424526194, 272, 0, 272, 0, 0, 0
2819, 1, 1636424526338, 1636424526614, 276, 0, 276, 0, 0, 0
2820, 1, 1636424526558, 1636424526830, 272, 0, 272, 0, 0, 0
2821, 1, 1636424527162, 1636424527429, 267, 0, 267, 0, 0, 0
2823, 1, 1636424527202, 1636424527514, 312, 0, 312, 0, 0, 0
2824, 1, 1636424527233, 1636424527514, 281, 0, 281, 0, 0, 0
2826, 1, 1636424527345, 1636424527617, 272, 1, 271, 1, 0, 1
2827, 1, 1636424527678, 1636424527949, 271, 0, 271, 0, 0, 0
2828, 1, 1636424527777, 1636424528054, 277, 1, 276, 1, 0, 1
2829, 1, 1636424527817, 1636424528089, 272, 1, 271, 0, 0, 0
2831, 1, 1636424528422, 1636424528694, 272, 0, 272, 0, 0, 0
2830, 1, 1636424528422, 1636424528698, 276, 0, 276, 0, 0, 0
2834, 1, 1636424529046, 1636424529317, 271, 0, 271, 0, 0, 0
2835, 1, 1636424529121, 1636424529394, 273, 1, 272, 0, 1, 1
2836, 1, 1636424529185, 1636424529453, 268, 1, 267, 1, 0, 1
2837, 1, 1636424529450, 1636424529730, 280, 0, 280, 0, 0, 0
2838, 1, 1636424529582, 1636424529854, 272, 0, 272, 0, 0, 0
2839, 1, 1636424529730, 1636424529993, 263, 0, 263, 0, 0, 0
2840, 1, 1636424529777, 1636424530038, 261, 0, 261, 0, 0, 0
2841, 1, 1636424529989, 1636424530266, 277, 1, 276, 1, 0, 1
2842, 1, 1636424530350, 1636424530622, 272, 0, 272, 0, 0, 0
2844, 1, 1636424530453, 1636424530725, 272, 0, 272, 0, 0, 0
2845, 1, 1636424530945, 1636424531261, 316, 0, 316, 0, 0, 0
2846, 1, 1636424531122, 1636424531397, 275, 0, 275, 0, 0, 0
2847, 1, 1636424531122, 1636424531397, 275, 0, 275, 0, 0, 0
2807, 1, 1636424531125, 1636424531397, 272, 0, 272, 0, 0, 0
2850, 1, 1636424531461, 1636424531733, 272, 1, 271, 0, 0, 0
2851, 1, 1636424531534, 1636424531802, 268, 0, 268, 0, 0, 0
2852, 1, 1636424531585, 1636424531850, 265, 0, 265, 0, 0, 0
2854, 1, 1636424531778, 1636424532049, 271, 0, 271, 0, 0, 0
2855, 1, 1636424532009, 1636424532282, 273, 1, 272, 1, 0, 1
2856, 1, 1636424532217, 1636424532490, 273, 1, 272, 0, 0, 0
2857, 1, 1636424532562, 1636424532837, 275, 0, 275, 0, 0, 0
2858, 1, 1636424532874, 1636424533149, 275, 0, 275, 0, 0, 0
2860, 1, 1636424533201, 1636424533473, 272, 1, 271, 0, 0, 0
2861, 1, 1636424533446, 1636424533717, 271, 0, 271, 0, 0, 0
2862, 1, 1636424533466, 1636424533738, 272, 0, 272, 0, 0, 0
2864, 1, 1636424533822, 1636424534094, 272, 0, 272, 0, 0, 0
2865, 1, 1636424533917, 1636424534194, 277, 1, 276, 0, 0, 0
2867, 1, 1636424534494, 1636424534770, 276, 0, 276, 0, 0, 0
2869, 1, 1636424535221, 1636424535493, 272, 1, 271, 0, 0, 0
2870, 1, 1636424535377, 1636424535650, 273, 1, 272, 0, 1, 1
2872, 1, 1636424535842, 1636424536114, 272, 0, 272, 0, 0, 0
2874, 1, 1636424536222, 1636424536494, 272, 0, 272, 0, 0, 0
2876, 1, 1636424536462, 1636424536738, 276, 0, 276, 0, 0, 0
2875, 1, 1636424536677, 1636424536950, 273, 0, 273, 0, 0, 0
2877, 1, 1636424537245, 1636424537517, 272, 1, 271, 0, 0, 0
2878, 1, 1636424537466, 1636424537738, 272, 0, 272, 0, 0, 0
2881, 1, 1636424537774, 1636424538046, 272, 0, 272, 0, 0, 0
2880, 1, 1636424537922, 1636424538198, 276, 0, 276, 0, 0, 0
2882, 1, 1636424538093, 1636424538366, 273, 1, 272, 0, 1, 1
2884, 1, 1636424538413, 1636424538726, 313, 1, 312, 1, 0, 1
2883, 1, 1636424538550, 1636424538826, 276, 0, 276, 0, 0, 0
2885, 1, 1636424538982, 1636424539254, 272, 0, 272, 0, 0, 0
2886, 1, 1636424539178, 1636424539450, 272, 0, 272, 0, 0, 0
2888, 1, 1636424539286, 1636424539558, 272, 0, 272, 0, 0, 0
2887, 1, 1636424539433, 1636424539705, 272, 1, 271, 0, 1, 1
2890, 1, 1636424539745, 1636424540018, 273, 0, 273, 0, 0, 0
2889, 1, 1636424539745, 1636424540018, 273, 0, 273, 0, 0, 0
2891, 1, 1636424540009, 1636424540286, 277, 1, 276, 0, 0, 0
2893, 1, 1636424540398, 1636424540670, 272, 0, 272, 0, 0, 0
2892, 1, 1636424540469, 1636424540738, 269, 0, 269, 0, 0, 0
2895, 1, 1636424540829, 1636424541101, 272, 1, 271, 0, 0, 0
2894, 1, 1636424540922, 1636424541193, 271, 0, 271, 0, 0, 0
2896, 1, 1636424541282, 1636424541574, 292, 0, 292, 0, 0, 0
2898, 1, 1636424541265, 1636424541577, 312, 1, 311, 0, 0, 0
2897, 1, 1636424541393, 1636424541670, 277, 1, 276, 0, 0, 0
2902, 1, 1636424541762, 1636424542034, 272, 0, 272, 0, 0, 0
2903, 1, 1636424542061, 1636424542338, 277, 1, 276, 0, 1, 1
2906, 1, 1636424542417, 1636424542690, 273, 1, 272, 0, 0, 0
2905, 1, 1636424542517, 1636424542789, 272, 0, 272, 0, 0, 0
2907, 1, 1636424542630, 1636424542902, 272, 0, 272, 0, 0, 0
2910, 1, 1636424543286, 1636424543558, 272, 0, 272, 0, 0, 0
2911, 1, 1636424543301, 1636424543573, 272, 1, 271, 1, 0, 1
2913, 1, 1636424543641, 1636424543913, 272, 1, 271, 0, 0, 0
2915, 1, 1636424543994, 1636424544266, 272, 0, 272, 0, 0, 0
2917, 1, 1636424544385, 1636424544658, 273, 1, 272, 0, 0, 0
2916, 1, 1636424544449, 1636424544722, 273, 1, 272, 0, 1, 1
2921, 1, 1636424545266, 1636424545538, 272, 0, 272, 0, 0, 0
2922, 1, 1636424545273, 1636424545545, 272, 1, 271, 0, 1, 1
2879, 1, 1636424545545, 1636424545825, 280, 1, 279, 1, 0, 1
2923, 1, 1636424545686, 1636424545958, 272, 0, 272, 0, 0, 0
2925, 1, 1636424546101, 1636424546377, 276, 1, 275, 0, 0, 0
2927, 1, 1636424546234, 1636424546510, 276, 0, 276, 0, 0, 0
2929, 1, 1636424546330, 1636424546601, 271, 0, 271, 0, 0, 0
2928, 1, 1636424546358, 1636424546626, 268, 0, 268, 0, 0, 0
2926, 1, 1636424546561, 1636424546834, 273, 0, 273, 0, 0, 0
2930, 1, 1636424547162, 1636424547433, 271, 0, 271, 0, 0, 0
2931, 1, 1636424547366, 1636424547642, 276, 0, 276, 0, 0, 0
2932, 1, 1636424547614, 1636424547886, 272, 0, 272, 0, 0, 0
2933, 1, 1636424548009, 1636424548282, 273, 1, 272, 0, 0, 0
2934, 1, 1636424548086, 1636424548357, 271, 0, 271, 0, 0, 0
2936, 1, 1636424548182, 1636424548454, 272, 0, 272, 0, 0, 0
2937, 1, 1636424548289, 1636424548561, 272, 1, 271, 0, 0, 0
2935, 1, 1636424548461, 1636424548734, 273, 1, 272, 0, 0, 0
2938, 1, 1636424549094, 1636424549366, 272, 0, 272, 0, 0, 0
2939, 1, 1636424549274, 1636424549546, 272, 0, 272, 0, 0, 0
2940, 1, 1636424549562, 1636424549833, 271, 0, 271, 0, 0, 0
2941, 1, 1636424549966, 1636424550237, 271, 0, 271, 0, 0, 0
2943, 1, 1636424550130, 1636424550401, 271, 0, 271, 0, 0, 0
2944, 1, 1636424550181, 1636424550454, 273, 1, 272, 1, 0, 1
2945, 1, 1636424550190, 1636424550457, 267, 0, 267, 0, 0, 0
2942, 1, 1636424550417, 1636424550690, 273, 0, 273, 0, 0, 0
2947, 1, 1636424551226, 1636424551530, 304, 0, 304, 0, 0, 0
2948, 1, 1636424551526, 1636424551798, 272, 0, 272, 0, 0, 0
2950, 1, 1636424552077, 1636424552341, 264, 1, 263, 0, 1, 1
2949, 1, 1636424552073, 1636424552341, 268, 1, 267, 1, 0, 1
2951, 1, 1636424552161, 1636424552434, 273, 1, 272, 0, 1, 1
2953, 1, 1636424552157, 1636424552434, 277, 1, 276, 1, 0, 1
2955, 1, 1636424552246, 1636424552521, 275, 0, 275, 0, 0, 0
2956, 1, 1636424552309, 1636424552581, 272, 1, 271, 0, 0, 0
2954, 1, 1636424552529, 1636424552798, 269, 0, 269, 0, 0, 0
2958, 1, 1636424553070, 1636424553341, 271, 0, 271, 0, 0, 0
2959, 1, 1636424553345, 1636424553618, 273, 0, 273, 0, 0, 0
2961, 1, 1636424553405, 1636424553678, 273, 1, 272, 0, 0, 0
2960, 1, 1636424553525, 1636424553798, 273, 1, 272, 0, 0, 0
2963, 1, 1636424554117, 1636424554382, 265, 1, 264, 0, 0, 0
2964, 1, 1636424554117, 1636424554390, 273, 1, 272, 0, 0, 0
2967, 1, 1636424554201, 1636424554473, 272, 1, 271, 0, 0, 0
2970, 1, 1636424554265, 1636424554538, 273, 1, 272, 1, 0, 1
2968, 1, 1636424554650, 1636424554925, 275, 0, 275, 0, 0, 0
2972, 1, 1636424554917, 1636424555190, 273, 1, 272, 0, 0, 0
2973, 1, 1636424555070, 1636424555337, 267, 0, 267, 0, 0, 0
2974, 1, 1636424555401, 1636424555674, 273, 1, 272, 0, 0, 0
2976, 1, 1636424555469, 1636424555742, 273, 0, 273, 0, 0, 0
2975, 1, 1636424555517, 1636424555786, 269, 0, 269, 0, 0, 0
2978, 1, 1636424556106, 1636424556378, 272, 0, 272, 0, 0, 0
2980, 1, 1636424556138, 1636424556414, 276, 0, 276, 0, 0, 0
2981, 1, 1636424556165, 1636424556437, 272, 1, 271, 0, 0, 0
2983, 1, 1636424556561, 1636424556833, 272, 0, 272, 0, 0, 0
2982, 1, 1636424556597, 1636424556869, 272, 0, 272, 0, 0, 0
2984, 1, 1636424556885, 1636424557153, 268, 1, 267, 0, 0, 0
2985, 1, 1636424557053, 1636424557321, 268, 1, 267, 0, 0, 0
2986, 1, 1636424557337, 1636424557597, 260, 1, 259, 0, 0, 0
2988, 1, 1636424557349, 1636424557613, 264, 1, 263, 0, 1, 1
2987, 1, 1636424557494, 1636424557763, 269, 0, 269, 0, 0, 0
2989, 1, 1636424558005, 1636424558278, 273, 1, 272, 1, 0, 1
2990, 1, 1636424558089, 1636424558362, 273, 1, 272, 1, 0, 1
2993, 1, 1636424558165, 1636424558438, 273, 1, 272, 0, 0, 0
2992, 1, 1636424558165, 1636424558438, 273, 1, 272, 0, 0, 0
2991, 1, 1636424558541, 1636424558814, 273, 0, 273, 0, 0, 0
2995, 1, 1636424558961, 1636424559234, 273, 1, 272, 1, 0, 1
2994, 1, 1636424558994, 1636424559266, 272, 0, 272, 0, 0, 0
2996, 1, 1636424559202, 1636424559478, 276, 0, 276, 0, 0, 0
2998, 1, 1636424559414, 1636424559690, 276, 0, 276, 0, 0, 0
2997, 1, 1636424559450, 1636424559722, 272, 0, 272, 0, 0, 0
2999, 1, 1636424559974, 1636424560245, 271, 0, 271, 0, 0, 0
3000, 1, 1636424560106, 1636424560378, 272, 0, 272, 0, 0, 0
3001, 1, 1636424560113, 1636424560390, 277, 1, 276, 0, 1, 1
3003, 1, 1636424560153, 1636424560421, 268, 1, 267, 0, 0, 0
3002, 1, 1636424560425, 1636424560694, 269, 0, 269, 0, 0, 0
3004, 1, 1636424560853, 1636424561129, 276, 1, 275, 1, 0, 1
3005, 1, 1636424561093, 1636424561365, 272, 0, 272, 0, 0, 0
2966, 1, 1636424561129, 1636424561397, 268, 1, 267, 1, 0, 1
3006, 1, 1636424561270, 1636424561538, 268, 0, 268, 0, 0, 0
3007, 1, 1636424561338, 1636424561610, 272, 0, 272, 0, 0, 0
3009, 1, 1636424561445, 1636424561722, 277, 0, 277, 0, 0, 0
3008, 1, 1636424561549, 1636424561830, 281, 1, 280, 1, 0, 1
3010, 1, 1636424561798, 1636424562069, 271, 0, 271, 0, 0, 0
3011, 1, 1636424561922, 1636424562205, 283, 0, 283, 0, 0, 0
3012, 1, 1636424562054, 1636424562325, 271, 0, 271, 0, 0, 0
3014, 1, 1636424562145, 1636424562462, 317, 1, 316, 0, 0, 0
3015, 1, 1636424562157, 1636424562466, 309, 1, 308, 1, 0, 1
3013, 1, 1636424562389, 1636424562665, 276, 1, 275, 0, 0, 0
3016, 1, 1636424562874, 1636424563146, 272, 0, 272, 0, 0, 0
3019, 1, 1636424563125, 1636424563402, 277, 1, 276, 1, 0, 1
3020, 1, 1636424563205, 1636424563478, 273, 1, 272, 0, 1, 1
3021, 1, 1636424563209, 1636424563486, 277, 1, 276, 1, 0, 1
3023, 1, 1636424563581, 1636424563898, 317, 1, 316, 0, 0, 0
3025, 1, 1636424563961, 1636424564269, 308, 1, 307, 0, 0, 0
3027, 1, 1636424564093, 1636424564357, 264, 1, 263, 0, 1, 1
3029, 1, 1636424564233, 1636424564505, 272, 1, 271, 1, 0, 1
3030, 1, 1636424564269, 1636424564546, 277, 1, 276, 0, 0, 0
3028, 1, 1636424564449, 1636424564722, 273, 1, 272, 1, 0, 1
3033, 1, 1636424564882, 1636424565157, 275, 0, 275, 0, 0, 0
3034, 1, 1636424565153, 1636424565430, 277, 1, 276, 0, 1, 1
3036, 1, 1636424565210, 1636424565482, 272, 0, 272, 0, 0, 0
3037, 1, 1636424565330, 1636424565625, 295, 0, 295, 0, 0, 0
2979, 1, 1636424565577, 1636424565850, 273, 1, 272, 0, 0, 0
3038, 1, 1636424565666, 1636424565945, 279, 0, 279, 0, 0, 0
3040, 1, 1636424566026, 1636424566298, 272, 0, 272, 0, 0, 0
3041, 1, 1636424566117, 1636424566389, 272, 1, 271, 0, 0, 0
3042, 1, 1636424566126, 1636424566397, 271, 0, 271, 0, 0, 0
3044, 1, 1636424566217, 1636424566489, 272, 1, 271, 1, 0, 1
3043, 1, 1636424566477, 1636424566750, 273, 1, 272, 0, 0, 0
3046, 1, 1636424566958, 1636424567230, 272, 0, 272, 0, 0, 0
3047, 1, 1636424567141, 1636424567414, 273, 1, 272, 0, 0, 0
3049, 1, 1636424567373, 1636424567645, 272, 1, 271, 0, 1, 1
3050, 1, 1636424567597, 1636424567874, 277, 1, 276, 1, 0, 1
3051, 1, 1636424567977, 1636424568250, 273, 1, 272, 0, 1, 1
3053, 1, 1636424568121, 1636424568394, 273, 1, 272, 1, 0, 1
3054, 1, 1636424568141, 1636424568410, 269, 0, 269, 0, 0, 0
3055, 1, 1636424568185, 1636424568453, 268, 1, 267, 1, 0, 1
3052, 1, 1636424568425, 1636424568697, 272, 1, 271, 1, 0, 1
3056, 1, 1636424568886, 1636424569157, 271, 0, 271, 0, 0, 0
3057, 1, 1636424569110, 1636424569385, 275, 0, 275, 0, 0, 0
3058, 1, 1636424569330, 1636424569601, 271, 0, 271, 0, 0, 0
3059, 1, 1636424569569, 1636424569842, 273, 1, 272, 0, 0, 0
3060, 1, 1636424569982, 1636424570253, 271, 0, 271, 0, 0, 0
3061, 1, 1636424570074, 1636424570342, 268, 0, 268, 0, 0, 0
3063, 1, 1636424570129, 1636424570401, 272, 1, 271, 0, 0, 0
3064, 1, 1636424570129, 1636424570402, 273, 1, 272, 0, 1, 1
3062, 1, 1636424570437, 1636424570710, 273, 1, 272, 0, 0, 0
3065, 1, 1636424570853, 1636424571126, 273, 1, 272, 0, 0, 0
3066, 1, 1636424571090, 1636424571362, 272, 0, 272, 0, 0, 0
3068, 1, 1636424571326, 1636424571598, 272, 0, 272, 0, 0, 0
3067, 1, 1636424571546, 1636424571822, 276, 0, 276, 0, 0, 0
3069, 1, 1636424572034, 1636424572306, 272, 0, 272, 0, 0, 0
3070, 1, 1636424572050, 1636424572322, 272, 0, 272, 0, 0, 0
3072, 1, 1636424572129, 1636424572402, 273, 1, 272, 0, 1, 1
3073, 1, 1636424572157, 1636424572430, 273, 1, 272, 0, 0, 0
3071, 1, 1636424572485, 1636424572757, 272, 1, 271, 1, 0, 1
3074, 1, 1636424572801, 1636424573101, 300, 1, 299, 1, 0, 1
3075, 1, 1636424573058, 1636424573330, 272, 0, 272, 0, 0, 0
3076, 1, 1636424573221, 1636424573494, 273, 1, 272, 0, 0, 0
3079, 1, 1636424573381, 1636424573650, 269, 0, 269, 0, 0, 0
3078, 1, 1636424573506, 1636424573778, 272, 0, 272, 0, 0, 0
3077, 1, 1636424573677, 1636424573990, 313, 1, 312, 0, 1, 1
3080, 1, 1636424573734, 1636424574005, 271, 0, 271, 0, 0, 0
3081, 1, 1636424574021, 1636424574289, 268, 1, 267, 0, 1, 1
3082, 1, 1636424574057, 1636424574325, 268, 1, 267, 0, 1, 1
3083, 1, 1636424574113, 1636424574377, 264, 0, 264, 0, 0, 0
3084, 1, 1636424574157, 1636424574425, 268, 0, 268, 0, 0, 0
3086, 1, 1636424574225, 1636424574501, 276, 1, 275, 0, 0, 0
3087, 1, 1636424574413, 1636424574722, 309, 1, 308, 0, 1, 1
3085, 1, 1636424574541, 1636424574813, 272, 1, 271, 0, 0, 0
3088, 1, 1636424574717, 1636424574990, 273, 1, 272, 0, 0, 0
3091, 1, 1636424575082, 1636424575366, 284, 0, 284, 0, 0, 0
3092, 1, 1636424575090, 1636424575366, 276, 0, 276, 0, 0, 0
3095, 1, 1636424575461, 1636424575730, 269, 1, 268, 1, 0, 1
3094, 1, 1636424575549, 1636424575821, 272, 1, 271, 0, 0, 0
3093, 1, 1636424575549, 1636424575822, 273, 1, 272, 0, 0, 0
3097, 1, 1636424575585, 1636424575854, 269, 0, 269, 0, 0, 0
3045, 1, 1636424575885, 1636424576161, 276, 1, 275, 1, 0, 1
3099, 1, 1636424576021, 1636424576293, 272, 0, 272, 0, 0, 0
3098, 1, 1636424576025, 1636424576293, 268, 0, 268, 0, 0, 0
3101, 1, 1636424576093, 1636424576366, 273, 1, 272, 0, 0, 0
3103, 1, 1636424576141, 1636424576409, 268, 0, 268, 0, 0, 0
3105, 1, 1636424576185, 1636424576457, 272, 1, 271, 0, 0, 0
3100, 1, 1636424576474, 1636424576750, 276, 0, 276, 0, 0, 0
3107, 1, 1636424576742, 1636424577013, 271, 0, 271, 0, 0, 0
3102, 1, 1636424576933, 1636424577213, 280, 1, 279, 0, 1, 1
3108, 1, 1636424577021, 1636424577306, 285, 0, 285, 0, 0, 0
3112, 1, 1636424577429, 1636424577698, 269, 0, 269, 0, 0, 0
3113, 1, 1636424577473, 1636424577749, 276, 1, 275, 0, 0, 0
3111, 1, 1636424577486, 1636424577757, 271, 0, 271, 0, 0, 0
3114, 1, 1636424577542, 1636424577805, 263, 0, 263, 0, 0, 0
3115, 1, 1636424577985, 1636424578258, 273, 1, 272, 0, 1, 1
3117, 1, 1636424578041, 1636424578309, 268, 1, 267, 1, 0, 1
3116, 1, 1636424578045, 1636424578321, 276, 1, 275, 1, 0, 1
3118, 1, 1636424578045, 1636424578325, 280, 1, 279, 0, 0, 0
3120, 1, 1636424578081, 1636424578353, 272, 0, 272, 0, 0, 0
3119, 1, 1636424578498, 1636424578766, 268, 0, 268, 0, 0, 0
3122, 1, 1636424578693, 1636424578966, 273, 0, 273, 0, 0, 0
3123, 1, 1636424579153, 1636424579430, 277, 1, 276, 0, 0, 0
3125, 1, 1636424579298, 1636424579569, 271, 0, 271, 0, 0, 0
3126, 1, 1636424579317, 1636424579590, 273, 0, 273, 0, 0, 0
3124, 1, 1636424579609, 1636424579881, 272, 1, 271, 1, 0, 1
3127, 1, 1636424579637, 1636424579910, 273, 1, 272, 0, 1, 1
3128, 1, 1636424579969, 1636424580242, 273, 0, 273, 0, 0, 0
3131, 1, 1636424580021, 1636424580274, 253, 0, 253, 0, 0, 0
3130, 1, 1636424580013, 1636424580274, 261, 0, 261, 0, 0, 0
3129, 1, 1636424580053, 1636424580321, 268, 0, 268, 0, 0, 0
3133, 1, 1636424580117, 1636424580385, 268, 0, 268, 0, 0, 0
3132, 1, 1636424580421, 1636424580693, 272, 1, 271, 1, 0, 1
3134, 1, 1636424580602, 1636424580874, 272, 0, 272, 0, 0, 0
3135, 1, 1636424580877, 1636424581157, 280, 1, 279, 0, 0, 0
3137, 1, 1636424581205, 1636424581477, 272, 1, 271, 1, 0, 1
3138, 1, 1636424581278, 1636424581550, 272, 0, 272, 0, 0, 0
3136, 1, 1636424581341, 1636424581614, 273, 1, 272, 1, 0, 1
3139, 1, 1636424581522, 1636424581798, 276, 0, 276, 0, 0, 0
3140, 1, 1636424581921, 1636424582193, 272, 1, 271, 0, 0, 0
3141, 1, 1636424581942, 1636424582213, 271, 0, 271, 0, 0, 0
3142, 1, 1636424582049, 1636424582322, 273, 1, 272, 0, 1, 1
3144, 1, 1636424582105, 1636424582369, 264, 0, 264, 0, 0, 0
3145, 1, 1636424582105, 1636424582370, 265, 0, 265, 0, 0, 0
3143, 1, 1636424582553, 1636424582826, 273, 1, 272, 0, 0, 0
3146, 1, 1636424582565, 1636424582842, 277, 1, 276, 0, 0, 0
3147, 1, 1636424582762, 1636424583034, 272, 0, 272, 0, 0, 0
3148, 1, 1636424583217, 1636424583490, 273, 0, 273, 0, 0, 0
3149, 1, 1636424583246, 1636424583517, 271, 0, 271, 0, 0, 0
3150, 1, 1636424583377, 1636424583646, 269, 0, 269, 0, 0, 0
3151, 1, 1636424583421, 1636424583698, 277, 1, 276, 0, 1, 1
3152, 1, 1636424583798, 1636424584070, 272, 0, 272, 0, 0, 0
3153, 1, 1636424583937, 1636424584206, 269, 1, 268, 0, 0, 0
3154, 1, 1636424583982, 1636424584250, 268, 0, 268, 0, 0, 0
3157, 1, 1636424584226, 1636424584497, 271, 0, 271, 0, 0, 0
3158, 1, 1636424584449, 1636424584721, 272, 1, 271, 0, 0, 0
3159, 1, 1636424584850, 1636424585122, 272, 0, 272, 0, 0, 0
3164, 1, 1636424585261, 1636424585578, 317, 1, 316, 1, 0, 1
3160, 1, 1636424585301, 1636424585581, 280, 1, 279, 0, 1, 1
3165, 1, 1636424585381, 1636424585673, 292, 1, 291, 1, 0, 1
3166, 1, 1636424585677, 1636424585949, 272, 1, 271, 0, 1, 1
3168, 1, 1636424585841, 1636424586109, 268, 0, 268, 0, 0, 0
3169, 1, 1636424585885, 1636424586161, 276, 1, 275, 0, 1, 1
3170, 1, 1636424586102, 1636424586373, 271, 0, 271, 0, 0, 0
3106, 1, 1636424586197, 1636424586470, 273, 1, 272, 1, 0, 1
3172, 1, 1636424586533, 1636424586810, 277, 1, 276, 0, 1, 1
3173, 1, 1636424586721, 1636424586998, 277, 0, 277, 0, 0, 0
3176, 1, 1636424587213, 1636424587481, 268, 0, 268, 0, 0, 0
3175, 1, 1636424587222, 1636424587493, 271, 0, 271, 0, 0, 0
3121, 1, 1636424587257, 1636424587525, 268, 1, 267, 0, 0, 0
3177, 1, 1636424587405, 1636424587677, 272, 1, 271, 1, 0, 1
3178, 1, 1636424587522, 1636424587789, 267, 0, 267, 0, 0, 0
3180, 1, 1636424587701, 1636424587973, 272, 1, 271, 1, 0, 1
3181, 1, 1636424587709, 1636424587982, 273, 1, 272, 0, 0, 0
3183, 1, 1636424587946, 1636424588217, 271, 0, 271, 0, 0, 0
3184, 1, 1636424588061, 1636424588334, 273, 1, 272, 1, 0, 1
3185, 1, 1636424588405, 1636424588682, 277, 1, 276, 1, 0, 1
3186, 1, 1636424588701, 1636424588978, 277, 1, 276, 0, 0, 0
3188, 1, 1636424589125, 1636424589397, 272, 1, 271, 0, 0, 0
3187, 1, 1636424589161, 1636424589433, 272, 1, 271, 0, 0, 0
3189, 1, 1636424589401, 1636424589661, 260, 0, 260, 0, 0, 0
3190, 1, 1636424589473, 1636424589733, 260, 0, 260, 0, 0, 0
3191, 1, 1636424589565, 1636424589833, 268, 1, 267, 1, 0, 1
3192, 1, 1636424589749, 1636424590025, 276, 1, 275, 1, 0, 1
3193, 1, 1636424590062, 1636424590329, 267, 0, 267, 0, 0, 0
3194, 1, 1636424590109, 1636424590382, 273, 1, 272, 0, 0, 0
3195, 1, 1636424590341, 1636424590614, 273, 1, 272, 1, 0, 1
3196, 1, 1636424590833, 1636424591106, 273, 1, 272, 0, 0, 0
3198, 1, 1636424591214, 1636424591485, 271, 0, 271, 0, 0, 0
3197, 1, 1636424591281, 1636424591554, 273, 1, 272, 0, 1, 1
3199, 1, 1636424591305, 1636424591573, 268, 1, 267, 0, 0, 0
3200, 1, 1636424591442, 1636424591702, 260, 0, 260, 0, 0, 0
3201, 1, 1636424591477, 1636424591750, 273, 1, 272, 1, 0, 1
3202, 1, 1636424591621, 1636424591898, 277, 1, 276, 0, 1, 1
3203, 1, 1636424592077, 1636424592349, 272, 1, 271, 1, 0, 1
3204, 1, 1636424592117, 1636424592390, 273, 1, 272, 0, 1, 1
3205, 1, 1636424592377, 1636424592650, 273, 1, 272, 1, 0, 1
3206, 1, 1636424592730, 1636424592997, 267, 0, 267, 0, 0, 0
3207, 1, 1636424593181, 1636424593454, 273, 1, 272, 1, 0, 1
3208, 1, 1636424593282, 1636424593554, 272, 0, 272, 0, 0, 0
3209, 1, 1636424593401, 1636424593669, 268, 1, 267, 0, 1, 1
3211, 1, 1636424593525, 1636424593797, 272, 1, 271, 1, 0, 1
3212, 1, 1636424593561, 1636424593833, 272, 1, 271, 0, 0, 0
3213, 1, 1636424593998, 1636424594289, 291, 0, 291, 0, 0, 0
3163, 1, 1636424594145, 1636424594413, 268, 1, 267, 1, 0, 1
3214, 1, 1636424594237, 1636424594502, 265, 0, 265, 0, 0, 0
3215, 1, 1636424594281, 1636424594549, 268, 1, 267, 0, 1, 1
3218, 1, 1636424594674, 1636424594950, 276, 0, 276, 0, 0, 0
3220, 1, 1636424595214, 1636424595485, 271, 0, 271, 0, 0, 0
3221, 1, 1636424595401, 1636424595674, 273, 1, 272, 0, 0, 0
3222, 1, 1636424595409, 1636424595682, 273, 1, 272, 1, 0, 1
3223, 1, 1636424595422, 1636424595698, 276, 0, 276, 0, 0, 0
3225, 1, 1636424595530, 1636424595797, 267, 0, 267, 0, 0, 0
3227, 1, 1636424595929, 1636424596202, 273, 0, 273, 0, 0, 0
3224, 1, 1636424595973, 1636424596245, 272, 1, 271, 0, 1, 1
3229, 1, 1636424596146, 1636424596417, 271, 0, 271, 0, 0, 0
3230, 1, 1636424596378, 1636424596653, 275, 0, 275, 0, 0, 0
3228, 1, 1636424596465, 1636424596741, 276, 1, 275, 1, 0, 1
3174, 1, 1636424596506, 1636424596773, 267, 0, 267, 0, 0, 0
3232, 1, 1636424596922, 1636424597193, 271, 0, 271, 0, 0, 0
3236, 1, 1636424597385, 1636424597658, 273, 1, 272, 0, 0, 0
3234, 1, 1636424597377, 1636424597666, 289, 0, 289, 0, 0, 0
3235, 1, 1636424597365, 1636424597666, 301, 1, 300, 0, 0, 0
3237, 1, 1636424597421, 1636424597689, 268, 1, 267, 0, 0, 0
3238, 1, 1636424597493, 1636424597754, 261, 1, 260, 1, 0, 1
3239, 1, 1636424597929, 1636424598202, 273, 1, 272, 0, 0, 0
3240, 1, 1636424598010, 1636424598282, 272, 0, 272, 0, 0, 0
3242, 1, 1636424598077, 1636424598350, 273, 1, 272, 1, 0, 1
3243, 1, 1636424598229, 1636424598501, 272, 1, 271, 1, 0, 1
3241, 1, 1636424598381, 1636424598649, 268, 0, 268, 0, 0, 0
3244, 1, 1636424598685, 1636424598957, 272, 0, 272, 0, 0, 0
3246, 1, 1636424598833, 1636424599106, 273, 0, 273, 0, 0, 0
3247, 1, 1636424599289, 1636424599562, 273, 1, 272, 0, 0, 0
3248, 1, 1636424599358, 1636424599626, 268, 0, 268, 0, 0, 0
3250, 1, 1636424599409, 1636424599682, 273, 0, 273, 0, 0, 0
3249, 1, 1636424599417, 1636424599682, 265, 1, 264, 0, 0, 0
3251, 1, 1636424599862, 1636424600137, 275, 0, 275, 0, 0, 0
3254, 1, 1636424600089, 1636424600362, 273, 1, 272, 0, 0, 0
3255, 1, 1636424600117, 1636424600386, 269, 0, 269, 0, 0, 0
3257, 1, 1636424600205, 1636424600477, 272, 1, 271, 0, 0, 0
3253, 1, 1636424600317, 1636424600598, 281, 1, 280, 0, 0, 0
3256, 1, 1636424600545, 1636424600821, 276, 1, 275, 1, 0, 1
3258, 1, 1636424600793, 1636424601066, 273, 1, 272, 0, 0, 0
3259, 1, 1636424601253, 1636424601525, 272, 1, 271, 1, 0, 1
3260, 1, 1636424601329, 1636424601590, 261, 0, 261, 0, 0, 0
3261, 1, 1636424601381, 1636424601654, 273, 1, 272, 0, 0, 0
3263, 1, 1636424601413, 1636424601682, 269, 0, 269, 0, 0, 0
3262, 1, 1636424601837, 1636424602110, 273, 1, 272, 0, 0, 0
3265, 1, 1636424602029, 1636424602301, 272, 1, 271, 0, 0, 0
3266, 1, 1636424602161, 1636424602434, 273, 1, 272, 0, 0, 0
3264, 1, 1636424602289, 1636424602562, 273, 1, 272, 0, 0, 0
3268, 1, 1636424602310, 1636424602581, 271, 0, 271, 0, 0, 0
3267, 1, 1636424602613, 1636424602890, 277, 1, 276, 1, 0, 1
3269, 1, 1636424602757, 1636424603026, 269, 0, 269, 0, 0, 0
3270, 1, 1636424603209, 1636424603485, 276, 0, 276, 0, 0, 0
3271, 1, 1636424603254, 1636424603569, 315, 0, 315, 0, 0, 0
3273, 1, 1636424603478, 1636424603749, 271, 0, 271, 0, 0, 0
3274, 1, 1636424603569, 1636424603841, 272, 1, 271, 0, 0, 0
3275, 1, 1636424603737, 1636424604009, 272, 1, 271, 0, 0, 0
3276, 1, 1636424603937, 1636424604209, 272, 1, 271, 1, 0, 1
3277, 1, 1636424604117, 1636424604394, 277, 0, 277, 0, 0, 0
3280, 1, 1636424604206, 1636424604498, 292, 0, 292, 0, 0, 0
3279, 1, 1636424604141, 1636424604501, 360, 1, 359, 0, 0, 0
3272, 1, 1636424604413, 1636424604690, 277, 1, 276, 0, 0, 0
3278, 1, 1636424604573, 1636424604878, 305, 1, 304, 0, 0, 0
3282, 1, 1636424604722, 1636424604994, 272, 0, 272, 0, 0, 0
3283, 1, 1636424604874, 1636424605137, 263, 0, 263, 0, 0, 0
3286, 1, 1636424605169, 1636424605442, 273, 1, 272, 0, 0, 0
3285, 1, 1636424605322, 1636424605598, 276, 0, 276, 0, 0, 0
3287, 1, 1636424605322, 1636424605598, 276, 0, 276, 0, 0, 0
3289, 1, 1636424605453, 1636424605769, 316, 1, 315, 1, 0, 1
3290, 1, 1636424605717, 1636424605990, 273, 0, 273, 0, 0, 0
3288, 1, 1636424605773, 1636424606049, 276, 1, 275, 0, 1, 1
3293, 1, 1636424606049, 1636424606325, 276, 1, 275, 1, 0, 1
3291, 1, 1636424606225, 1636424606485, 260, 0, 260, 0, 0, 0
3295, 1, 1636424606241, 1636424606505, 264, 0, 264, 0, 0, 0
3296, 1, 1636424606269, 1636424606538, 269, 0, 269, 0, 0, 0
3294, 1, 1636424606509, 1636424606805, 296, 0, 296, 0, 0, 0
3297, 1, 1636424606546, 1636424606821, 275, 0, 275, 0, 0, 0
3298, 1, 1636424606741, 1636424607046, 305, 1, 304, 0, 0, 0
3300, 1, 1636424607225, 1636424607490, 265, 0, 265, 0, 0, 0
3302, 1, 1636424607269, 1636424607542, 273, 0, 273, 0, 0, 0
3303, 1, 1636424607281, 1636424607545, 264, 0, 264, 0, 0, 0
3305, 1, 1636424607534, 1636424607801, 267, 0, 267, 0, 0, 0
3306, 1, 1636424607733, 1636424608005, 272, 1, 271, 0, 0, 0
3307, 1, 1636424607793, 1636424608065, 272, 1, 271, 0, 0, 0
3308, 1, 1636424608094, 1636424608374, 280, 0, 280, 0, 0, 0
3304, 1, 1636424608186, 1636424608465, 279, 0, 279, 0, 0, 0
3310, 1, 1636424608153, 1636424608465, 312, 1, 311, 1, 0, 1
3311, 1, 1636424608374, 1636424608646, 272, 0, 272, 0, 0, 0
3312, 1, 1636424608525, 1636424608797, 272, 0, 272, 0, 0, 0
3309, 1, 1636424608553, 1636424608825, 272, 1, 271, 0, 0, 0
3314, 1, 1636424608657, 1636424608930, 273, 1, 272, 0, 0, 0
3315, 1, 1636424609109, 1636424609381, 272, 1, 271, 0, 1, 1
3316, 1, 1636424609221, 1636424609490, 269, 1, 268, 0, 1, 1
3317, 1, 1636424609310, 1636424609585, 275, 0, 275, 0, 0, 0
3319, 1, 1636424609589, 1636424609858, 269, 1, 268, 0, 0, 0
3322, 1, 1636424609781, 1636424610053, 272, 1, 271, 0, 0, 0
3323, 1, 1636424610046, 1636424610317, 271, 0, 271, 0, 0, 0
3324, 1, 1636424610105, 1636424610378, 273, 1, 272, 0, 0, 0
3326, 1, 1636424610258, 1636424610530, 272, 0, 272, 0, 0, 0
3325, 1, 1636424610562, 1636424610838, 276, 0, 276, 0, 0, 0
3327, 1, 1636424610621, 1636424610894, 273, 0, 273, 0, 0, 0
3330, 1, 1636424611197, 1636424611466, 269, 1, 268, 0, 0, 0
3331, 1, 1636424611346, 1636424611625, 279, 0, 279, 0, 0, 0
3332, 1, 1636424611549, 1636424611817, 268, 1, 267, 0, 0, 0
3333, 1, 1636424611673, 1636424611945, 272, 0, 272, 0, 0, 0
3334, 1, 1636424612098, 1636424612369, 271, 0, 271, 0, 0, 0
3336, 1, 1636424612109, 1636424612382, 273, 1, 272, 0, 1, 1
3337, 1, 1636424612149, 1636424612413, 264, 1, 263, 0, 1, 1
3338, 1, 1636424612505, 1636424612774, 269, 0, 269, 0, 0, 0
3335, 1, 1636424612549, 1636424612818, 269, 0, 269, 0, 0, 0
3339, 1, 1636424613074, 1636424613346, 272, 0, 272, 0, 0, 0
3340, 1, 1636424613338, 1636424613610, 272, 0, 272, 0, 0, 0
3341, 1, 1636424613650, 1636424613922, 272, 0, 272, 0, 0, 0
3342, 1, 1636424613702, 1636424613973, 271, 0, 271, 0, 0, 0
3343, 1, 1636424613982, 1636424614254, 272, 0, 272, 0, 0, 0
3345, 1, 1636424614150, 1636424614422, 272, 0, 272, 0, 0, 0
3344, 1, 1636424614433, 1636424614706, 273, 1, 272, 0, 1, 1
3347, 1, 1636424614445, 1636424614722, 277, 1, 276, 0, 0, 0
3346, 1, 1636424614606, 1636424614878, 272, 0, 272, 0, 0, 0
3348, 1, 1636424614938, 1636424615210, 272, 0, 272, 0, 0, 0
3349, 1, 1636424615282, 1636424615558, 276, 0, 276, 0, 0, 0
3352, 1, 1636424615738, 1636424616009, 271, 0, 271, 0, 0, 0
3353, 1, 1636424615778, 1636424616069, 291, 0, 291, 0, 0, 0
3354, 1, 1636424616026, 1636424616306, 280, 0, 280, 0, 0, 0
3357, 1, 1636424616213, 1636424616490, 277, 1, 276, 0, 0, 0
3358, 1, 1636424616238, 1636424616509, 271, 0, 271, 0, 0, 0
3359, 1, 1636424616402, 1636424616670, 268, 0, 268, 0, 0, 0
3355, 1, 1636424616490, 1636424616761, 271, 0, 271, 0, 0, 0
3360, 1, 1636424617041, 1636424617354, 313, 1, 312, 0, 0, 0
3361, 1, 1636424617350, 1636424617622, 272, 0, 272, 0, 0, 0
3364, 1, 1636424617738, 1636424618010, 272, 0, 272, 0, 0, 0
3365, 1, 1636424617801, 1636424618069, 268, 0, 268, 0, 0, 0
3366, 1, 1636424618093, 1636424618370, 277, 1, 276, 0, 1, 1
3367, 1, 1636424618101, 1636424618377, 276, 1, 275, 0, 0, 0
3369, 1, 1636424618302, 1636424618573, 271, 0, 271, 0, 0, 0
3370, 1, 1636424618494, 1636424618773, 279, 0, 279, 0, 0, 0
3368, 1, 1636424618593, 1636424618858, 265, 0, 265, 0, 0, 0
3320, 1, 1636424618633, 1636424618901, 268, 1, 267, 0, 1, 1
3372, 1, 1636424619021, 1636424619298, 277, 1, 276, 0, 0, 0
3374, 1, 1636424619422, 1636424619694, 272, 0, 272, 0, 0, 0
3375, 1, 1636424619757, 1636424620030, 273, 1, 272, 0, 0, 0
3376, 1, 1636424619809, 1636424620081, 272, 0, 272, 0, 0, 0
3377, 1, 1636424620025, 1636424620298, 273, 1, 272, 0, 0, 0
3378, 1, 1636424620077, 1636424620353, 276, 0, 276, 0, 0, 0
3381, 1, 1636424620153, 1636424620426, 273, 0, 273, 0, 0, 0
3382, 1, 1636424620209, 1636424620482, 273, 0, 273, 0, 0, 0
3380, 1, 1636424620478, 1636424620753, 275, 0, 275, 0, 0, 0
3379, 1, 1636424620529, 1636424620825, 296, 0, 296, 0, 0, 0
3329, 1, 1636424620777, 1636424621045, 268, 1, 267, 0, 0, 0
3384, 1, 1636424620957, 1636424621225, 268, 0, 268, 0, 0, 0
3383, 1, 1636424621001, 1636424621266, 265, 0, 265, 0, 0, 0
3386, 1, 1636424621301, 1636424621574, 273, 1, 272, 1, 0, 1
3388, 1, 1636424621685, 1636424621958, 273, 1, 272, 0, 0, 0
3389, 1, 1636424621854, 1636424622126, 272, 0, 272, 0, 0, 0
3390, 1, 1636424621922, 1636424622194, 272, 0, 272, 0, 0, 0
3392, 1, 1636424622017, 1636424622293, 276, 1, 275, 0, 1, 1
3394, 1, 1636424622201, 1636424622473, 272, 1, 271, 0, 0, 0
3395, 1, 1636424622310, 1636424622586, 276, 0, 276, 0, 0, 0
3391, 1, 1636424622374, 1636424622646, 272, 0, 272, 0, 0, 0
3393, 1, 1636424622477, 1636424622746, 269, 0, 269, 0, 0, 0
3396, 1, 1636424622633, 1636424622905, 272, 1, 271, 1, 0, 1
3397, 1, 1636424622993, 1636424623270, 277, 1, 276, 0, 1, 1
3398, 1, 1636424623305, 1636424623577, 272, 1, 271, 0, 0, 0
3399, 1, 1636424623630, 1636424623898, 268, 0, 268, 0, 0, 0
3400, 1, 1636424623793, 1636424624058, 265, 1, 264, 0, 0, 0
3401, 1, 1636424623881, 1636424624149, 268, 0, 268, 0, 0, 0
3403, 1, 1636424624157, 1636424624429, 272, 0, 272, 0, 0, 0
3402, 1, 1636424624245, 1636424624518, 273, 0, 273, 0, 0, 0
3405, 1, 1636424624285, 1636424624550, 265, 1, 264, 0, 1, 1
3406, 1, 1636424624330, 1636424624593, 263, 0, 263, 0, 0, 0
3404, 1, 1636424624614, 1636424624885, 271, 0, 271, 0, 0, 0
3408, 1, 1636424624861, 1636424625138, 277, 1, 276, 0, 0, 0
3409, 1, 1636424625482, 1636424625753, 271, 0, 271, 0, 0, 0
3410, 1, 1636424625570, 1636424625838, 268, 0, 268, 0, 0, 0
3411, 1, 1636424625710, 1636424625981, 271, 0, 271, 0, 0, 0
3412, 1, 1636424625794, 1636424626070, 276, 0, 276, 0, 0, 0
3415, 1, 1636424625934, 1636424626205, 271, 0, 271, 0, 0, 0
3416, 1, 1636424626133, 1636424626406, 273, 1, 272, 0, 0, 0
3414, 1, 1636424626201, 1636424626473, 272, 0, 272, 0, 0, 0
3413, 1, 1636424626249, 1636424626514, 265, 1, 264, 0, 1, 1
3418, 1, 1636424626285, 1636424626557, 272, 0, 272, 0, 0, 0
3419, 1, 1636424626414, 1636424626689, 275, 0, 275, 0, 0, 0
3417, 1, 1636424626589, 1636424626861, 272, 1, 271, 0, 0, 0
3420, 1, 1636424626689, 1636424626962, 273, 1, 272, 0, 1, 1
3421, 1, 1636424626809, 1636424627082, 273, 1, 272, 1, 0, 1
3422, 1, 1636424627474, 1636424627745, 271, 0, 271, 0, 0, 0
3425, 1, 1636424627649, 1636424627917, 268, 1, 267, 0, 0, 0
3423, 1, 1636424627690, 1636424627965, 275, 0, 275, 0, 0, 0
3426, 1, 1636424627773, 1636424628046, 273, 1, 272, 0, 0, 0
3430, 1, 1636424627929, 1636424628201, 272, 1, 271, 1, 0, 1
3431, 1, 1636424628057, 1636424628333, 276, 0, 276, 0, 0, 0
3427, 1, 1636424628141, 1636424628413, 272, 1, 271, 0, 1, 1
3428, 1, 1636424628226, 1636424628498, 272, 0, 272, 0, 0, 0
3433, 1, 1636424628306, 1636424628582, 276, 0, 276, 0, 0, 0
3434, 1, 1636424628381, 1636424628654, 273, 1, 272, 0, 0, 0
3432, 1, 1636424628518, 1636424628790, 272, 0, 272, 0, 0, 0
3435, 1, 1636424628673, 1636424628993, 320, 1, 319, 1, 0, 1
3373, 1, 1636424628942, 1636424629214, 272, 0, 272, 0, 0, 0
3437, 1, 1636424629249, 1636424629521, 272, 1, 271, 0, 1, 1
3438, 1, 1636424629402, 1636424629673, 271, 0, 271, 0, 0, 0
3440, 1, 1636424629581, 1636424629853, 272, 1, 271, 0, 0, 0
3439, 1, 1636424629705, 1636424629973, 268, 0, 268, 0, 0, 0
3441, 1, 1636424629717, 1636424629989, 272, 0, 272, 0, 0, 0
3443, 1, 1636424629889, 1636424630162, 273, 1, 272, 0, 0, 0
3445, 1, 1636424629969, 1636424630250, 281, 1, 280, 0, 0, 0
3446, 1, 1636424630094, 1636424630370, 276, 0, 276, 0, 0, 0
3442, 1, 1636424630169, 1636424630442, 273, 1, 272, 0, 1, 1
3444, 1, 1636424630341, 1636424630613, 272, 1, 271, 0, 0, 0
3447, 1, 1636424630553, 1636424630825, 272, 0, 272, 0, 0, 0
3450, 1, 1636424630798, 1636424631070, 272, 0, 272, 0, 0, 0
3451, 1, 1636424631269, 1636424631585, 316, 1, 315, 0, 0, 0
3452, 1, 1636424631438, 1636424631709, 271, 0, 271, 0, 0, 0
3453, 1, 1636424631485, 1636424631757, 272, 0, 272, 0, 0, 0
3455, 1, 1636424631750, 1636424632022, 272, 0, 272, 0, 0, 0
3454, 1, 1636424631765, 1636424632042, 277, 1, 276, 0, 0, 0
3457, 1, 1636424631826, 1636424632097, 271, 0, 271, 0, 0, 0
3462, 1, 1636424632105, 1636424632378, 273, 1, 272, 0, 1, 1
3456, 1, 1636424632210, 1636424632482, 272, 0, 272, 0, 0, 0
3458, 1, 1636424632278, 1636424632550, 272, 0, 272, 0, 0, 0
3463, 1, 1636424632558, 1636424632829, 271, 0, 271, 0, 0, 0
3465, 1, 1636424633350, 1636424633622, 272, 0, 272, 0, 0, 0
3466, 1, 1636424633509, 1636424633778, 269, 1, 268, 1, 0, 1
3468, 1, 1636424633598, 1636424633865, 267, 0, 267, 0, 0, 0
3467, 1, 1636424633598, 1636424633865, 267, 0, 267, 0, 0, 0
3469, 1, 1636424633801, 1636424634074, 273, 1, 272, 0, 1, 1
3473, 1, 1636424633986, 1636424634258, 272, 0, 272, 0, 0, 0
3470, 1, 1636424634041, 1636424634302, 261, 0, 261, 0, 0, 0
3474, 1, 1636424634438, 1636424634722, 284, 0, 284, 0, 0, 0
3475, 1, 1636424634882, 1636424635154, 272, 0, 272, 0, 0, 0
3477, 1, 1636424635478, 1636424635754, 276, 0, 276, 0, 0, 0
3478, 1, 1636424635497, 1636424635773, 276, 1, 275, 0, 0, 0
3482, 1, 1636424635929, 1636424636202, 273, 1, 272, 0, 0, 0
3483, 1, 1636424636386, 1636424636658, 272, 0, 272, 0, 0, 0
3484, 1, 1636424636810, 1636424637082, 272, 0, 272, 0, 0, 0
3485, 1, 1636424637397, 1636424637693, 296, 1, 295, 0, 0, 0
3486, 1, 1636424637545, 1636424637817, 272, 1, 271, 0, 0, 0
3487, 1, 1636424637830, 1636424638101, 271, 0, 271, 0, 0, 0
3488, 1, 1636424637958, 1636424638230, 272, 0, 272, 0, 0, 0
3489, 1, 1636424638286, 1636424638553, 267, 0, 267, 0, 0, 0
3490, 1, 1636424638414, 1636424638686, 272, 0, 272, 0, 0, 0
3491, 1, 1636424638961, 1636424639226, 265, 0, 265, 0, 0, 0
3492, 1, 1636424639125, 1636424639397, 272, 1, 271, 0, 0, 0
3493, 1, 1636424639349, 1636424639622, 273, 1, 272, 1, 0, 1
3494, 1, 1636424639661, 1636424639925, 264, 1, 263, 1, 0, 1
3495, 1, 1636424639749, 1636424640017, 268, 1, 267, 0, 0, 0
3496, 1, 1636424639781, 1636424640061, 280, 1, 279, 1, 0, 1
3497, 1, 1636424640190, 1636424640546, 356, 0, 356, 0, 0, 0
3498, 1, 1636424640246, 1636424640546, 300, 0, 300, 0, 0, 0
3461, 1, 1636424640413, 1636424640686, 273, 1, 272, 1, 0, 1
3500, 1, 1636424640741, 1636424641010, 269, 1, 268, 0, 0, 0
3499, 1, 1636424640741, 1636424641010, 269, 1, 268, 1, 0, 1
3501, 1, 1636424640849, 1636424641117, 268, 1, 267, 0, 0, 0
3502, 1, 1636424640985, 1636424641257, 272, 1, 271, 0, 0, 0
3503, 1, 1636424641193, 1636424641466, 273, 1, 272, 0, 0, 0
3504, 1, 1636424641333, 1636424641606, 273, 1, 272, 0, 1, 1
3505, 1, 1636424641630, 1636424641901, 271, 0, 271, 0, 0, 0
3506, 1, 1636424641730, 1636424641998, 268, 0, 268, 0, 0, 0
3507, 1, 1636424641742, 1636424642009, 267, 0, 267, 0, 0, 0
3509, 1, 1636424642178, 1636424642449, 271, 0, 271, 0, 0, 0
3508, 1, 1636424642193, 1636424642466, 273, 0, 273, 0, 0, 0
3510, 1, 1636424642545, 1636424642813, 268, 0, 268, 0, 0, 0
3512, 1, 1636424642582, 1636424642853, 271, 0, 271, 0, 0, 0
3513, 1, 1636424642633, 1636424642917, 284, 0, 284, 0, 0, 0
3514, 1, 1636424642734, 1636424643005, 271, 0, 271, 0, 0, 0
3517, 1, 1636424643029, 1636424643306, 277, 0, 277, 0, 0, 0
3516, 1, 1636424643093, 1636424643365, 272, 1, 271, 1, 0, 1
3518, 1, 1636424643294, 1636424643566, 272, 0, 272, 0, 0, 0
3519, 1, 1636424643602, 1636424643877, 275, 0, 275, 0, 0, 0
3521, 1, 1636424643745, 1636424644037, 292, 1, 291, 1, 0, 1
3520, 1, 1636424643690, 1636424644041, 351, 0, 351, 0, 0, 0
3523, 1, 1636424644058, 1636424644329, 271, 0, 271, 0, 0, 0
3522, 1, 1636424644217, 1636424644490, 273, 1, 272, 1, 0, 1
3526, 1, 1636424644417, 1636424644686, 269, 0, 269, 0, 0, 0
3527, 1, 1636424644494, 1636424644770, 276, 0, 276, 0, 0, 0
3528, 1, 1636424644506, 1636424644774, 268, 0, 268, 0, 0, 0
3529, 1, 1636424644950, 1636424645221, 271, 0, 271, 0, 0, 0
3530, 1, 1636424644954, 1636424645225, 271, 0, 271, 0, 0, 0
3531, 1, 1636424645045, 1636424645309, 264, 1, 263, 0, 0, 0
3532, 1, 1636424645269, 1636424645541, 272, 1, 271, 0, 0, 0
3481, 1, 1636424645509, 1636424645777, 268, 1, 267, 1, 0, 1
3533, 1, 1636424645509, 1636424645781, 272, 1, 271, 0, 0, 0
3480, 1, 1636424645549, 1636424645817, 268, 1, 267, 0, 0, 0
3536, 1, 1636424645817, 1636424646090, 273, 0, 273, 0, 0, 0
3535, 1, 1636424645841, 1636424646114, 273, 1, 272, 1, 0, 1
3537, 1, 1636424645841, 1636424646122, 281, 1, 280, 1, 0, 1
3539, 1, 1636424646017, 1636424646289, 272, 1, 271, 0, 1, 1
3538, 1, 1636424646269, 1636424646542, 273, 1, 272, 1, 0, 1
3541, 1, 1636424646293, 1636424646569, 276, 1, 275, 0, 1, 1
3542, 1, 1636424646374, 1636424646641, 267, 0, 267, 0, 0, 0
3543, 1, 1636424646421, 1636424646689, 268, 0, 268, 0, 0, 0
3544, 1, 1636424646446, 1636424646718, 272, 0, 272, 0, 0, 0
3545, 1, 1636424646857, 1636424647126, 269, 1, 268, 0, 0, 0
3546, 1, 1636424646898, 1636424647169, 271, 0, 271, 0, 0, 0
3548, 1, 1636424647370, 1636424647642, 272, 0, 272, 0, 0, 0
3549, 1, 1636424647542, 1636424647814, 272, 0, 272, 0, 0, 0
3551, 1, 1636424647829, 1636424648101, 272, 1, 271, 1, 0, 1
3552, 1, 1636424647837, 1636424648117, 280, 1, 279, 1, 0, 1
3554, 1, 1636424648109, 1636424648385, 276, 1, 275, 0, 0, 0
3555, 1, 1636424648285, 1636424648557, 272, 1, 271, 0, 1, 1
3556, 1, 1636424648350, 1636424648617, 267, 0, 267, 0, 0, 0
3557, 1, 1636424648366, 1636424648629, 263, 0, 263, 0, 0, 0
3558, 1, 1636424648462, 1636424648734, 272, 0, 272, 0, 0, 0
3559, 1, 1636424648858, 1636424649130, 272, 0, 272, 0, 0, 0
3560, 1, 1636424648885, 1636424649157, 272, 1, 271, 0, 0, 0
3562, 1, 1636424649410, 1636424649682, 272, 0, 272, 0, 0, 0
3563, 1, 1636424649861, 1636424650133, 272, 1, 271, 0, 0, 0
3564, 1, 1636424649902, 1636424650174, 272, 0, 272, 0, 0, 0
3565, 1, 1636424649969, 1636424650242, 273, 1, 272, 1, 0, 1
3566, 1, 1636424650261, 1636424650529, 268, 1, 267, 1, 0, 1
3567, 1, 1636424650357, 1636424650626, 269, 1, 268, 0, 1, 1
3568, 1, 1636424650409, 1636424650682, 273, 1, 272, 0, 0, 0
3569, 1, 1636424650529, 1636424650797, 268, 0, 268, 0, 0, 0
3570, 1, 1636424650841, 1636424651114, 273, 1, 272, 0, 0, 0
3571, 1, 1636424650930, 1636424651202, 272, 0, 272, 0, 0, 0
3572, 1, 1636424651281, 1636424651554, 273, 1, 272, 0, 0, 0
3573, 1, 1636424651786, 1636424652058, 272, 0, 272, 0, 0, 0
3574, 1, 1636424651786, 1636424652058, 272, 0, 272, 0, 0, 0
3575, 1, 1636424651846, 1636424652121, 275, 0, 275, 0, 0, 0
3576, 1, 1636424652270, 1636424652586, 316, 0, 316, 0, 0, 0
3577, 1, 1636424652329, 1636424652602, 273, 1, 272, 0, 0, 0
3578, 1, 1636424652333, 1636424652609, 276, 1, 275, 1, 0, 1
3579, 1, 1636424652582, 1636424652854, 272, 0, 272, 0, 0, 0
3580, 1, 1636424652946, 1636424653214, 268, 0, 268, 0, 0, 0
3581, 1, 1636424652946, 1636424653214, 268, 0, 268, 0, 0, 0
3584, 1, 1636424653317, 1636424653593, 276, 1, 275, 0, 0, 0
3585, 1, 1636424653802, 1636424654074, 272, 0, 272, 0, 0, 0
3586, 1, 1636424653838, 1636424654105, 267, 0, 267, 0, 0, 0
3587, 1, 1636424653973, 1636424654246, 273, 0, 273, 0, 0, 0
3588, 1, 1636424654350, 1636424654621, 271, 0, 271, 0, 0, 0
3590, 1, 1636424654354, 1636424654630, 276, 0, 276, 0, 0, 0
3589, 1, 1636424654354, 1636424654630, 276, 0, 276, 0, 0, 0
3594, 1, 1636424654909, 1636424655178, 269, 1, 268, 0, 0, 0
3595, 1, 1636424654969, 1636424655241, 272, 1, 271, 0, 0, 0
3596, 1, 1636424655189, 1636424655462, 273, 1, 272, 0, 0, 0
3597, 1, 1636424655865, 1636424656129, 264, 0, 264, 0, 0, 0
3598, 1, 1636424655909, 1636424656173, 264, 0, 264, 0, 0, 0
3599, 1, 1636424655953, 1636424656225, 272, 0, 272, 0, 0, 0
3601, 1, 1636424656229, 1636424656502, 273, 0, 273, 0, 0, 0
3602, 1, 1636424656225, 1636424656502, 277, 1, 276, 0, 0, 0
3603, 1, 1636424656322, 1636424656594, 272, 0, 272, 0, 0, 0
3605, 1, 1636424656950, 1636424657218, 268, 0, 268, 0, 0, 0
3606, 1, 1636424657082, 1636424657354, 272, 0, 272, 0, 0, 0
3607, 1, 1636424657129, 1636424657401, 272, 1, 271, 1, 0, 1
3609, 1, 1636424657754, 1636424658046, 292, 0, 292, 0, 0, 0
3610, 1, 1636424657801, 1636424658074, 273, 0, 273, 0, 0, 0
3561, 1, 1636424657906, 1636424658181, 275, 0, 275, 0, 0, 0
3611, 1, 1636424657953, 1636424658221, 268, 1, 267, 0, 0, 0
3613, 1, 1636424658093, 1636424658366, 273, 1, 272, 1, 0, 1
3614, 1, 1636424658149, 1636424658421, 272, 1, 271, 1, 0, 1
3616, 1, 1636424658261, 1636424658533, 272, 1, 271, 0, 0, 0
3618, 1, 1636424658890, 1636424659162, 272, 0, 272, 0, 0, 0
3619, 1, 1636424658974, 1636424659246, 272, 0, 272, 0, 0, 0
3621, 1, 1636424659709, 1636424659982, 273, 1, 272, 0, 0, 0
3623, 1, 1636424659997, 1636424660270, 273, 1, 272, 0, 0, 0
3624, 1, 1636424660129, 1636424660398, 269, 1, 268, 0, 0, 0
3625, 1, 1636424660137, 1636424660409, 272, 0, 272, 0, 0, 0
3626, 1, 1636424660177, 1636424660445, 268, 1, 267, 0, 0, 0
3627, 1, 1636424660930, 1636424661201, 271, 0, 271, 0, 0, 0
3628, 1, 1636424661065, 1636424661333, 268, 0, 268, 0, 0, 0
3629, 1, 1636424661817, 1636424662086, 269, 0, 269, 0, 0, 0
3630, 1, 1636424662125, 1636424662390, 265, 1, 264, 0, 0, 0
3631, 1, 1636424662170, 1636424662437, 267, 0, 267, 0, 0, 0
3632, 1, 1636424662194, 1636424662462, 268, 0, 268, 0, 0, 0
3633, 1, 1636424662286, 1636424662558, 272, 0, 272, 0, 0, 0
3634, 1, 1636424662990, 1636424663261, 271, 0, 271, 0, 0, 0
3635, 1, 1636424663201, 1636424663486, 285, 1, 284, 0, 0, 0
3637, 1, 1636424663618, 1636424663890, 272, 0, 272, 0, 0, 0
3638, 1, 1636424663894, 1636424664165, 271, 0, 271, 0, 0, 0
3636, 1, 1636424664074, 1636424664346, 272, 0, 272, 0, 0, 0
3641, 1, 1636424664278, 1636424664550, 272, 0, 272, 0, 0, 0
3642, 1, 1636424664361, 1636424664697, 336, 1, 335, 0, 0, 0
3644, 1, 1636424664909, 1636424665182, 273, 1, 272, 1, 0, 1
3646, 1, 1636424664917, 1636424665190, 273, 1, 272, 0, 0, 0
3647, 1, 1636424665290, 1636424665562, 272, 0, 272, 0, 0, 0
3645, 1, 1636424665362, 1636424665641, 279, 0, 279, 0, 0, 0
3648, 1, 1636424665534, 1636424665809, 275, 0, 275, 0, 0, 0
3650, 1, 1636424665857, 1636424666178, 321, 1, 320, 1, 0, 1
3649, 1, 1636424665986, 1636424666266, 280, 0, 280, 0, 0, 0
3652, 1, 1636424666358, 1636424666633, 275, 0, 275, 0, 0, 0
3654, 1, 1636424666817, 1636424667085, 268, 0, 268, 0, 0, 0
3655, 1, 1636424666861, 1636424667133, 272, 0, 272, 0, 0, 0
3657, 1, 1636424667310, 1636424667582, 272, 0, 272, 0, 0, 0
3658, 1, 1636424667386, 1636424667658, 272, 0, 272, 0, 0, 0
3660, 1, 1636424667634, 1636424667910, 276, 0, 276, 0, 0, 0
3662, 1, 1636424667790, 1636424668061, 271, 0, 271, 0, 0, 0
3661, 1, 1636424668090, 1636424668362, 272, 0, 272, 0, 0, 0
3617, 1, 1636424668217, 1636424668489, 272, 1, 271, 0, 0, 0
3663, 1, 1636424668310, 1636424668582, 272, 0, 272, 0, 0, 0
3666, 1, 1636424668825, 1636424669097, 272, 1, 271, 0, 0, 0
3668, 1, 1636424668950, 1636424669225, 275, 0, 275, 0, 0, 0
3670, 1, 1636424669334, 1636424669609, 275, 0, 275, 0, 0, 0
3669, 1, 1636424669409, 1636424669682, 273, 1, 272, 0, 0, 0
3671, 1, 1636424669461, 1636424669733, 272, 1, 271, 1, 0, 1
3672, 1, 1636424669681, 1636424669954, 273, 1, 272, 0, 0, 0
3673, 1, 1636424669757, 1636424670030, 273, 1, 272, 0, 0, 0
3675, 1, 1636424670186, 1636424670458, 272, 0, 272, 0, 0, 0
3676, 1, 1636424670201, 1636424670478, 277, 0, 277, 0, 0, 0
3674, 1, 1636424670210, 1636424670485, 275, 0, 275, 0, 0, 0
3677, 1, 1636424670922, 1636424671197, 275, 0, 275, 0, 0, 0
3678, 1, 1636424670961, 1636424671234, 273, 0, 273, 0, 0, 0
3680, 1, 1636424671285, 1636424671557, 272, 0, 272, 0, 0, 0
3679, 1, 1636424671417, 1636424671690, 273, 1, 272, 0, 0, 0
3681, 1, 1636424671465, 1636424671733, 268, 0, 268, 0, 0, 0
3682, 1, 1636424671662, 1636424671933, 271, 0, 271, 0, 0, 0
3684, 1, 1636424671733, 1636424672010, 277, 1, 276, 0, 1, 1
3686, 1, 1636424672122, 1636424672394, 272, 0, 272, 0, 0, 0
3688, 1, 1636424672933, 1636424673206, 273, 1, 272, 0, 1, 1
3690, 1, 1636424673241, 1636424673517, 276, 1, 275, 0, 1, 1
3691, 1, 1636424673565, 1636424673838, 273, 1, 272, 1, 0, 1
3692, 1, 1636424673598, 1636424673870, 272, 0, 272, 0, 0, 0
3695, 1, 1636424674394, 1636424674668, 274, 0, 274, 0, 0, 0
3696, 1, 1636424674433, 1636424674713, 280, 1, 279, 0, 0, 0
3698, 1, 1636424675166, 1636424675441, 275, 0, 275, 0, 0, 0
3699, 1, 1636424675338, 1636424675609, 271, 0, 271, 0, 0, 0
3700, 1, 1636424675521, 1636424675793, 272, 1, 271, 0, 1, 1
3701, 1, 1636424675654, 1636424675926, 272, 0, 272, 0, 0, 0
3702, 1, 1636424676398, 1636424676666, 268, 0, 268, 0, 0, 0
3704, 1, 1636424676486, 1636424676758, 272, 0, 272, 0, 0, 0
3703, 1, 1636424676486, 1636424676758, 272, 0, 272, 0, 0, 0
3705, 1, 1636424677161, 1636424677434, 273, 0, 273, 0, 0, 0
3706, 1, 1636424677221, 1636424677493, 272, 1, 271, 0, 0, 0
3709, 1, 1636424677570, 1636424677841, 271, 0, 271, 0, 0, 0
3708, 1, 1636424677577, 1636424677849, 272, 1, 271, 0, 1, 1
3707, 1, 1636424677577, 1636424677849, 272, 1, 271, 0, 1, 1
3710, 1, 1636424678029, 1636424678302, 273, 1, 272, 0, 1, 1
3711, 1, 1636424678029, 1636424678302, 273, 1, 272, 0, 1, 1
3712, 1, 1636424678385, 1636424678661, 276, 1, 275, 0, 0, 0
3713, 1, 1636424678481, 1636424678749, 268, 0, 268, 0, 0, 0
3714, 1, 1636424678481, 1636424678749, 268, 0, 268, 0, 0, 0
3667, 1, 1636424678525, 1636424678790, 265, 1, 264, 1, 0, 1
3715, 1, 1636424678705, 1636424678977, 272, 1, 271, 0, 1, 1
3719, 1, 1636424679198, 1636424679473, 275, 0, 275, 0, 0, 0
3720, 1, 1636424679366, 1636424679634, 268, 0, 268, 0, 0, 0
3721, 1, 1636424679453, 1636424679726, 273, 1, 272, 1, 0, 1
3722, 1, 1636424679453, 1636424679726, 273, 1, 272, 1, 0, 1
3724, 1, 1636424679813, 1636424680082, 269, 0, 269, 0, 0, 0
3723, 1, 1636424679906, 1636424680170, 264, 0, 264, 0, 0, 0
3725, 1, 1636424680466, 1636424680738, 272, 0, 272, 0, 0, 0
3726, 1, 1636424680485, 1636424680765, 280, 1, 279, 0, 0, 0
3727, 1, 1636424680498, 1636424680769, 271, 0, 271, 0, 0, 0
3728, 1, 1636424680517, 1636424680790, 273, 0, 273, 0, 0, 0
3729, 1, 1636424681193, 1636424681461, 268, 0, 268, 0, 0, 0
3730, 1, 1636424681337, 1636424681605, 268, 0, 268, 0, 0, 0
3731, 1, 1636424681453, 1636424681729, 276, 0, 276, 0, 0, 0
3732, 1, 1636424681501, 1636424681769, 268, 0, 268, 0, 0, 0
3734, 1, 1636424681899, 1636424682170, 271, 0, 271, 0, 0, 0
3733, 1, 1636424681969, 1636424682233, 264, 0, 264, 0, 0, 0
3735, 1, 1636424682333, 1636424682605, 272, 1, 271, 1, 0, 1
3736, 1, 1636424682497, 1636424682766, 269, 1, 268, 1, 0, 1
3737, 1, 1636424682501, 1636424682766, 265, 0, 265, 0, 0, 0
3738, 1, 1636424682517, 1636424682790, 273, 1, 272, 0, 1, 1
3739, 1, 1636424682545, 1636424682817, 272, 1, 271, 0, 1, 1
3740, 1, 1636424682585, 1636424682853, 268, 1, 267, 1, 0, 1
3741, 1, 1636424683197, 1636424683466, 269, 0, 269, 0, 0, 0
3742, 1, 1636424683214, 1636424683485, 271, 0, 271, 0, 0, 0
3743, 1, 1636424683241, 1636424683509, 268, 1, 267, 0, 1, 1
3745, 1, 1636424683521, 1636424683794, 273, 1, 272, 1, 0, 1
3746, 1, 1636424683577, 1636424683850, 273, 1, 272, 0, 0, 0
3744, 1, 1636424683641, 1636424683913, 272, 1, 271, 0, 0, 0
3748, 1, 1636424683957, 1636424684225, 268, 0, 268, 0, 0, 0
3749, 1, 1636424683973, 1636424684249, 276, 1, 275, 0, 0, 0
3697, 1, 1636424684001, 1636424684266, 265, 0, 265, 0, 0, 0
3747, 1, 1636424684025, 1636424684294, 269, 1, 268, 0, 0, 0
3752, 1, 1636424684345, 1636424684621, 276, 1, 275, 0, 0, 0
3753, 1, 1636424684361, 1636424684637, 276, 0, 276, 0, 0, 0
3750, 1, 1636424684405, 1636424684678, 273, 1, 272, 0, 1, 1
3754, 1, 1636424684562, 1636424684833, 271, 0, 271, 0, 0, 0
3755, 1, 1636424684581, 1636424684854, 273, 0, 273, 0, 0, 0
3756, 1, 1636424684665, 1636424684938, 273, 1, 272, 0, 0, 0
3757, 1, 1636424684705, 1636424684978, 273, 1, 272, 0, 0, 0
3760, 1, 1636424685274, 1636424685545, 271, 0, 271, 0, 0, 0
3761, 1, 1636424685326, 1636424685597, 271, 0, 271, 0, 0, 0
3762, 1, 1636424685421, 1636424685698, 277, 1, 276, 0, 0, 0
3763, 1, 1636424685557, 1636424685830, 273, 0, 273, 0, 0, 0
3765, 1, 1636424685817, 1636424686090, 273, 1, 272, 0, 0, 0
3764, 1, 1636424685877, 1636424686150, 273, 1, 272, 0, 0, 0
3766, 1, 1636424686013, 1636424686286, 273, 1, 272, 0, 0, 0
3768, 1, 1636424686241, 1636424686517, 276, 1, 275, 0, 0, 0
3767, 1, 1636424686273, 1636424686546, 273, 1, 272, 0, 0, 0
3769, 1, 1636424686414, 1636424686686, 272, 0, 272, 0, 0, 0
3772, 1, 1636424686598, 1636424686869, 271, 0, 271, 0, 0, 0
3773, 1, 1636424686737, 1636424687010, 273, 1, 272, 0, 0, 0
3775, 1, 1636424687302, 1636424687566, 264, 0, 264, 0, 0, 0
3776, 1, 1636424687441, 1636424687710, 269, 1, 268, 0, 0, 0
3779, 1, 1636424687866, 1636424688138, 272, 0, 272, 0, 0, 0
3778, 1, 1636424687894, 1636424688158, 264, 0, 264, 0, 0, 0
3781, 1, 1636424688322, 1636424688598, 276, 0, 276, 0, 0, 0
3782, 1, 1636424688373, 1636424688645, 272, 1, 271, 0, 0, 0
3783, 1, 1636424688417, 1636424688690, 273, 0, 273, 0, 0, 0
3786, 1, 1636424689249, 1636424689522, 273, 0, 273, 0, 0, 0
3789, 1, 1636424689470, 1636424689742, 272, 0, 272, 0, 0, 0
3790, 1, 1636424689577, 1636424689850, 273, 1, 272, 0, 0, 0
3792, 1, 1636424689873, 1636424690146, 273, 1, 272, 0, 1, 1
3791, 1, 1636424690034, 1636424690305, 271, 0, 271, 0, 0, 0
3793, 1, 1636424690325, 1636424690598, 273, 0, 273, 0, 0, 0
3795, 1, 1636424690450, 1636424690722, 272, 0, 272, 0, 0, 0
3796, 1, 1636424691310, 1636424691582, 272, 0, 272, 0, 0, 0
3797, 1, 1636424691378, 1636424691650, 272, 0, 272, 0, 0, 0
3798, 1, 1636424691557, 1636424691830, 273, 1, 272, 0, 0, 0
3799, 1, 1636424692014, 1636424692285, 271, 0, 271, 0, 0, 0
3802, 1, 1636424692414, 1636424692686, 272, 0, 272, 0, 0, 0
3803, 1, 1636424693274, 1636424693545, 271, 0, 271, 0, 0, 0
3804, 1, 1636424693354, 1636424693625, 271, 0, 271, 0, 0, 0
3805, 1, 1636424693589, 1636424693862, 273, 0, 273, 0, 0, 0
3806, 1, 1636424694042, 1636424694314, 272, 0, 272, 0, 0, 0
3807, 1, 1636424694306, 1636424694581, 275, 0, 275, 0, 0, 0
3808, 1, 1636424694625, 1636424694898, 273, 1, 272, 0, 0, 0
3809, 1, 1636424695209, 1636424695481, 272, 0, 272, 0, 0, 0
3810, 1, 1636424695374, 1636424695649, 275, 0, 275, 0, 0, 0
3812, 1, 1636424695478, 1636424695746, 268, 0, 268, 0, 0, 0
3813, 1, 1636424695509, 1636424695781, 272, 0, 272, 0, 0, 0
3811, 1, 1636424695829, 1636424696102, 273, 1, 272, 0, 0, 0
3814, 1, 1636424695958, 1636424696230, 272, 0, 272, 0, 0, 0
3815, 1, 1636424696242, 1636424696513, 271, 0, 271, 0, 0, 0
3816, 1, 1636424696674, 1636424696945, 271, 0, 271, 0, 0, 0
3817, 1, 1636424696894, 1636424697165, 271, 0, 271, 0, 0, 0
3818, 1, 1636424696897, 1636424697177, 280, 1, 279, 0, 1, 1
3819, 1, 1636424697121, 1636424697413, 292, 1, 291, 0, 1, 1
3820, 1, 1636424697366, 1636424697686, 320, 0, 320, 0, 0, 0
3822, 1, 1636424697505, 1636424697777, 272, 1, 271, 1, 0, 1
3824, 1, 1636424697593, 1636424697869, 276, 1, 275, 0, 0, 0
3826, 1, 1636424697854, 1636424698126, 272, 0, 272, 0, 0, 0
3821, 1, 1636424697866, 1636424698138, 272, 0, 272, 0, 0, 0
3828, 1, 1636424698217, 1636424698526, 309, 1, 308, 0, 0, 0
3827, 1, 1636424698306, 1636424698614, 308, 0, 308, 0, 0, 0
3829, 1, 1636424698641, 1636424698913, 272, 1, 271, 0, 1, 1
3831, 1, 1636424698858, 1636424699121, 263, 0, 263, 0, 0, 0
3832, 1, 1636424698929, 1636424699206, 277, 1, 276, 1, 0, 1
3833, 1, 1636424698989, 1636424699257, 268, 1, 267, 0, 0, 0
3834, 1, 1636424699181, 1636424699453, 272, 1, 271, 0, 0, 0
3835, 1, 1636424699477, 1636424699750, 273, 1, 272, 0, 0, 0
3836, 1, 1636424699477, 1636424699750, 273, 1, 272, 0, 0, 0
3838, 1, 1636424699609, 1636424699881, 272, 0, 272, 0, 0, 0
3839, 1, 1636424699929, 1636424700197, 268, 1, 267, 1, 0, 1
3837, 1, 1636424699933, 1636424700198, 265, 0, 265, 0, 0, 0
3841, 1, 1636424700150, 1636424700422, 272, 0, 272, 0, 0, 0
3842, 1, 1636424700226, 1636424700498, 272, 0, 272, 0, 0, 0
3840, 1, 1636424700393, 1636424700674, 281, 1, 280, 0, 1, 1
3843, 1, 1636424700674, 1636424700945, 271, 0, 271, 0, 0, 0
3846, 1, 1636424700854, 1636424701122, 268, 0, 268, 0, 0, 0
3847, 1, 1636424700965, 1636424701241, 276, 1, 275, 0, 1, 1
3848, 1, 1636424700985, 1636424701257, 272, 1, 271, 1, 0, 1
3845, 1, 1636424701121, 1636424701390, 269, 1, 268, 0, 0, 0
3851, 1, 1636424701458, 1636424701730, 272, 0, 272, 0, 0, 0
3853, 1, 1636424701582, 1636424701849, 267, 0, 267, 0, 0, 0
3854, 1, 1636424701905, 1636424702174, 269, 0, 269, 0, 0, 0
3801, 1, 1636424701949, 1636424702221, 272, 1, 271, 0, 0, 0
3856, 1, 1636424702161, 1636424702433, 272, 0, 272, 0, 0, 0
3857, 1, 1636424702201, 1636424702474, 273, 1, 272, 0, 1, 1
3858, 1, 1636424702249, 1636424702517, 268, 1, 267, 0, 0, 0
3855, 1, 1636424702349, 1636424702622, 273, 1, 272, 0, 1, 1
3859, 1, 1636424702657, 1636424702929, 272, 1, 271, 0, 0, 0
3860, 1, 1636424702693, 1636424702966, 273, 1, 272, 0, 0, 0
3863, 1, 1636424702925, 1636424703197, 272, 1, 271, 0, 0, 0
3864, 1, 1636424703105, 1636424703374, 269, 0, 269, 0, 0, 0
3861, 1, 1636424703109, 1636424703378, 269, 1, 268, 1, 0, 1
3865, 1, 1636424703386, 1636424703658, 272, 0, 272, 0, 0, 0
3866, 1, 1636424703658, 1636424703930, 272, 0, 272, 0, 0, 0
3869, 1, 1636424704130, 1636424704402, 272, 0, 272, 0, 0, 0
3872, 1, 1636424704253, 1636424704526, 273, 1, 272, 1, 0, 1
3873, 1, 1636424704710, 1636424704986, 276, 0, 276, 0, 0, 0
3875, 1, 1636424704794, 1636424705066, 272, 0, 272, 0, 0, 0
3877, 1, 1636424705306, 1636424705578, 272, 0, 272, 0, 0, 0
3879, 1, 1636424706161, 1636424706438, 277, 1, 276, 0, 0, 0
3882, 1, 1636424706917, 1636424707190, 273, 1, 272, 0, 0, 0
3883, 1, 1636424707230, 1636424707501, 271, 0, 271, 0, 0, 0
3886, 1, 1636424708233, 1636424708498, 265, 0, 265, 0, 0, 0
3884, 1, 1636424708273, 1636424708542, 269, 1, 268, 0, 0, 0
3885, 1, 1636424708273, 1636424708545, 272, 1, 271, 0, 0, 0
3887, 1, 1636424708834, 1636424709106, 272, 0, 272, 0, 0, 0
3888, 1, 1636424709094, 1636424709365, 271, 0, 271, 0, 0, 0
3889, 1, 1636424709173, 1636424709446, 273, 1, 272, 1, 0, 1
3890, 1, 1636424710174, 1636424710441, 267, 0, 267, 0, 0, 0
3891, 1, 1636424710206, 1636424710477, 271, 0, 271, 0, 0, 0
3892, 1, 1636424710350, 1636424710617, 267, 0, 267, 0, 0, 0
3893, 1, 1636424710833, 1636424711105, 272, 1, 271, 0, 0, 0
3894, 1, 1636424710881, 1636424711150, 269, 1, 268, 0, 0, 0
3895, 1, 1636424711029, 1636424711297, 268, 0, 268, 0, 0, 0
3896, 1, 1636424711073, 1636424711389, 316, 1, 315, 0, 0, 0
3897, 1, 1636424711637, 1636424711909, 272, 1, 271, 0, 0, 0
3898, 1, 1636424711645, 1636424711913, 268, 1, 267, 0, 0, 0
3900, 1, 1636424712066, 1636424712337, 271, 0, 271, 0, 0, 0
3899, 1, 1636424712093, 1636424712365, 272, 1, 271, 0, 0, 0
3901, 1, 1636424712181, 1636424712454, 273, 1, 272, 0, 0, 0
3902, 1, 1636424712365, 1636424712638, 273, 1, 272, 0, 0, 0
3903, 1, 1636424712881, 1636424713149, 268, 1, 267, 1, 0, 1
3904, 1, 1636424712965, 1636424713237, 272, 1, 271, 1, 0, 1
3905, 1, 1636424712969, 1636424713242, 273, 1, 272, 0, 0, 0
3906, 1, 1636424713142, 1636424713414, 272, 0, 272, 0, 0, 0
3907, 1, 1636424713221, 1636424713494, 273, 1, 272, 1, 0, 1
3908, 1, 1636424713581, 1636424713854, 273, 1, 272, 1, 0, 1
3909, 1, 1636424713589, 1636424713862, 273, 1, 272, 0, 0, 0
3910, 1, 1636424714069, 1636424714394, 325, 1, 324, 1, 0, 1
3911, 1, 1636424714093, 1636424714397, 304, 1, 303, 0, 0, 0
3913, 1, 1636424714221, 1636424714490, 269, 1, 268, 1, 0, 1
3912, 1, 1636424714221, 1636424714490, 269, 1, 268, 1, 0, 1
3914, 1, 1636424714570, 1636424714841, 271, 0, 271, 0, 0, 0
3917, 1, 1636424714737, 1636424715049, 312, 1, 311, 0, 0, 0
3918, 1, 1636424714821, 1636424715145, 324, 1, 323, 1, 0, 1
3919, 1, 1636424714962, 1636424715233, 271, 0, 271, 0, 0, 0
3878, 1, 1636424715001, 1636424715274, 273, 1, 272, 0, 1, 1
3921, 1, 1636424715137, 1636424715409, 272, 1, 271, 1, 0, 1
3922, 1, 1636424715169, 1636424715441, 272, 0, 272, 0, 0, 0
3923, 1, 1636424715309, 1636424715577, 268, 0, 268, 0, 0, 0
3924, 1, 1636424715573, 1636424715846, 273, 1, 272, 0, 0, 0
3925, 1, 1636424715577, 1636424715853, 276, 1, 275, 0, 0, 0
3926, 1, 1636424715769, 1636424716042, 273, 1, 272, 0, 0, 0
3928, 1, 1636424716025, 1636424716298, 273, 1, 272, 0, 0, 0
3927, 1, 1636424716025, 1636424716298, 273, 1, 272, 1, 0, 1
3929, 1, 1636424716109, 1636424716425, 316, 1, 315, 0, 0, 0
3930, 1, 1636424716150, 1636424716425, 275, 0, 275, 0, 0, 0
3881, 1, 1636424716377, 1636424716654, 277, 1, 276, 1, 0, 1
3931, 1, 1636424716470, 1636424716746, 276, 0, 276, 0, 0, 0
3933, 1, 1636424716738, 1636424717009, 271, 0, 271, 0, 0, 0
3934, 1, 1636424716817, 1636424717093, 276, 0, 276, 0, 0, 0
3935, 1, 1636424716901, 1636424717173, 272, 1, 271, 1, 0, 1
3937, 1, 1636424717057, 1636424717326, 269, 0, 269, 0, 0, 0
3938, 1, 1636424717101, 1636424717373, 272, 1, 271, 0, 0, 0
3939, 1, 1636424717270, 1636424717541, 271, 0, 271, 0, 0, 0
3940, 1, 1636424717490, 1636424717761, 271, 0, 271, 0, 0, 0
3941, 1, 1636424717633, 1636424717906, 273, 1, 272, 0, 0, 0
3942, 1, 1636424717741, 1636424718014, 273, 1, 272, 0, 1, 1
3944, 1, 1636424717909, 1636424718181, 272, 1, 271, 0, 0, 0
3945, 1, 1636424718037, 1636424718302, 265, 0, 265, 0, 0, 0
3946, 1, 1636424718066, 1636424718338, 272, 0, 272, 0, 0, 0
3943, 1, 1636424718081, 1636424718354, 273, 0, 273, 0, 0, 0
3947, 1, 1636424718366, 1636424718638, 272, 0, 272, 0, 0, 0
3948, 1, 1636424718705, 1636424718977, 272, 1, 271, 1, 0, 1
3949, 1, 1636424718813, 1636424719090, 277, 1, 276, 1, 0, 1
3950, 1, 1636424718873, 1636424719145, 272, 1, 271, 0, 1, 1
3951, 1, 1636424719093, 1636424719357, 264, 1, 263, 0, 0, 0
3952, 1, 1636424719117, 1636424719386, 269, 1, 268, 0, 1, 1
3953, 1, 1636424719153, 1636424719426, 273, 1, 272, 0, 0, 0
3954, 1, 1636424719561, 1636424719834, 273, 1, 272, 0, 0, 0
3955, 1, 1636424719630, 1636424719901, 271, 0, 271, 0, 0, 0
3956, 1, 1636424719769, 1636424720042, 273, 1, 272, 0, 0, 0
3958, 1, 1636424719974, 1636424720242, 268, 0, 268, 0, 0, 0
3959, 1, 1636424719974, 1636424720242, 268, 0, 268, 0, 0, 0
3960, 1, 1636424720181, 1636424720454, 273, 1, 272, 0, 0, 0
3957, 1, 1636424720225, 1636424720497, 272, 1, 271, 0, 0, 0
3961, 1, 1636424720445, 1636424720717, 272, 1, 271, 0, 1, 1
3962, 1, 1636424720641, 1636424720914, 273, 1, 272, 0, 0, 0
3963, 1, 1636424720790, 1636424721062, 272, 0, 272, 0, 0, 0
3964, 1, 1636424720805, 1636424721078, 273, 0, 273, 0, 0, 0
3965, 1, 1636424721078, 1636424721353, 275, 0, 275, 0, 0, 0
3966, 1, 1636424721213, 1636424721485, 272, 1, 271, 0, 0, 0
3967, 1, 1636424721253, 1636424721526, 273, 0, 273, 0, 0, 0
3968, 1, 1636424721505, 1636424721778, 273, 1, 272, 0, 0, 0
3969, 1, 1636424721689, 1636424721961, 272, 1, 271, 1, 0, 1
3970, 1, 1636424721753, 1636424722017, 264, 0, 264, 0, 0, 0
3974, 1, 1636424722077, 1636424722341, 264, 0, 264, 0, 0, 0
3973, 1, 1636424722073, 1636424722341, 268, 1, 267, 0, 0, 0
3971, 1, 1636424722193, 1636424722466, 273, 1, 272, 0, 0, 0
3975, 1, 1636424722590, 1636424722861, 271, 0, 271, 0, 0, 0
3976, 1, 1636424722670, 1636424722942, 272, 0, 272, 0, 0, 0
3978, 1, 1636424722837, 1636424723110, 273, 1, 272, 0, 0, 0
3979, 1, 1636424723082, 1636424723358, 276, 0, 276, 0, 0, 0
3980, 1, 1636424723234, 1636424723506, 272, 0, 272, 0, 0, 0
3981, 1, 1636424723346, 1636424723617, 271, 0, 271, 0, 0, 0
3982, 1, 1636424723442, 1636424723717, 275, 0, 275, 0, 0, 0
3983, 1, 1636424723830, 1636424724105, 275, 0, 275, 0, 0, 0
3984, 1, 1636424723842, 1636424724113, 271, 0, 271, 0, 0, 0
3986, 1, 1636424724054, 1636424724329, 275, 0, 275, 0, 0, 0
3987, 1, 1636424724090, 1636424724361, 271, 0, 271, 0, 0, 0
3985, 1, 1636424724302, 1636424724617, 315, 0, 315, 0, 0, 0
3988, 1, 1636424724621, 1636424724889, 268, 0, 268, 0, 0, 0
3989, 1, 1636424724709, 1636424724982, 273, 1, 272, 1, 0, 1
3990, 1, 1636424724742, 1636424725013, 271, 0, 271, 0, 0, 0
3991, 1, 1636424724842, 1636424725138, 296, 0, 296, 0, 0, 0
3993, 1, 1636424725185, 1636424725457, 272, 0, 272, 0, 0, 0
3994, 1, 1636424725233, 1636424725498, 265, 0, 265, 0, 0, 0
3995, 1, 1636424725281, 1636424725545, 264, 0, 264, 0, 0, 0
3992, 1, 1636424725321, 1636424725590, 269, 0, 269, 0, 0, 0
3998, 1, 1636424725750, 1636424726017, 267, 0, 267, 0, 0, 0
3996, 1, 1636424725770, 1636424726042, 272, 0, 272, 0, 0, 0
3999, 1, 1636424725805, 1636424726073, 268, 1, 267, 0, 0, 0
4001, 1, 1636424726161, 1636424726426, 265, 0, 265, 0, 0, 0
4002, 1, 1636424726201, 1636424726473, 272, 1, 271, 1, 0, 1
4000, 1, 1636424726201, 1636424726473, 272, 1, 271, 1, 0, 1
4003, 1, 1636424726645, 1636424726917, 272, 1, 271, 0, 0, 0
4004, 1, 1636424726645, 1636424726917, 272, 1, 271, 0, 0, 0
4005, 1, 1636424726645, 1636424726917, 272, 1, 271, 0, 0, 0
4006, 1, 1636424726782, 1636424727050, 268, 0, 268, 0, 0, 0
4008, 1, 1636424727013, 1636424727289, 276, 1, 275, 0, 1, 1
4010, 1, 1636424727197, 1636424727466, 269, 0, 269, 0, 0, 0
4007, 1, 1636424727234, 1636424727506, 272, 0, 272, 0, 0, 0
4013, 1, 1636424727373, 1636424727641, 268, 0, 268, 0, 0, 0
4011, 1, 1636424727465, 1636424727737, 272, 1, 271, 0, 1, 1
4012, 1, 1636424727686, 1636424727954, 268, 0, 268, 0, 0, 0
4014, 1, 1636424727709, 1636424727982, 273, 1, 272, 1, 0, 1
4015, 1, 1636424727829, 1636424728098, 269, 0, 269, 0, 0, 0
4017, 1, 1636424728093, 1636424728366, 273, 1, 272, 0, 0, 0
4018, 1, 1636424728157, 1636424728426, 269, 1, 268, 0, 0, 0
4016, 1, 1636424728157, 1636424728426, 269, 1, 268, 0, 0, 0
4019, 1, 1636424728541, 1636424728814, 273, 0, 273, 0, 0, 0
4020, 1, 1636424728554, 1636424728826, 272, 0, 272, 0, 0, 0
4021, 1, 1636424728669, 1636424728938, 269, 1, 268, 0, 1, 1
4022, 1, 1636424728694, 1636424728961, 267, 0, 267, 0, 0, 0
4024, 1, 1636424728985, 1636424729258, 273, 1, 272, 0, 1, 1
4025, 1, 1636424729073, 1636424729345, 272, 1, 271, 0, 0, 0
4023, 1, 1636424729141, 1636424729414, 273, 1, 272, 1, 0, 1
4027, 1, 1636424729278, 1636424729550, 272, 0, 272, 0, 0, 0
4028, 1, 1636424729433, 1636424729706, 273, 1, 272, 1, 0, 1
4026, 1, 1636424729597, 1636424729870, 273, 1, 272, 1, 0, 1
4029, 1, 1636424729625, 1636424729898, 273, 1, 272, 0, 1, 1
4030, 1, 1636424729725, 1636424729998, 273, 1, 272, 1, 0, 1
4032, 1, 1636424730053, 1636424730325, 272, 1, 271, 0, 0, 0
4031, 1, 1636424730077, 1636424730346, 269, 1, 268, 0, 0, 0
4033, 1, 1636424730214, 1636424730485, 271, 0, 271, 0, 0, 0
4035, 1, 1636424730502, 1636424730778, 276, 0, 276, 0, 0, 0
4034, 1, 1636424730505, 1636424730778, 273, 1, 272, 1, 0, 1
4036, 1, 1636424730746, 1636424731022, 276, 0, 276, 0, 0, 0
4037, 1, 1636424730809, 1636424731081, 272, 1, 271, 0, 0, 0
4039, 1, 1636424730910, 1636424731181, 271, 0, 271, 0, 0, 0
4041, 1, 1636424731242, 1636424731513, 271, 0, 271, 0, 0, 0
4040, 1, 1636424731262, 1636424731533, 271, 0, 271, 0, 0, 0
4042, 1, 1636424731361, 1636424731638, 277, 1, 276, 1, 0, 1
4044, 1, 1636424731574, 1636424731846, 272, 0, 272, 0, 0, 0
4045, 1, 1636424731694, 1636424731965, 271, 0, 271, 0, 0, 0
4046, 1, 1636424732030, 1636424732297, 267, 0, 267, 0, 0, 0
4048, 1, 1636424732274, 1636424732550, 276, 0, 276, 0, 0, 0
4049, 1, 1636424732341, 1636424732610, 269, 0, 269, 0, 0, 0
4051, 1, 1636424732426, 1636424732697, 271, 0, 271, 0, 0, 0
3997, 1, 1636424732701, 1636424732977, 276, 0, 276, 0, 0, 0
4052, 1, 1636424732933, 1636424733205, 272, 1, 271, 0, 0, 0
4053, 1, 1636424732958, 1636424733226, 268, 0, 268, 0, 0, 0
4054, 1, 1636424733005, 1636424733273, 268, 1, 267, 0, 1, 1
4058, 1, 1636424733450, 1636424733722, 272, 0, 272, 0, 0, 0
4059, 1, 1636424733506, 1636424733778, 272, 0, 272, 0, 0, 0
4061, 1, 1636424733957, 1636424734229, 272, 1, 271, 0, 0, 0
4062, 1, 1636424734161, 1636424734430, 269, 1, 268, 0, 0, 0
4063, 1, 1636424734265, 1636424734537, 272, 1, 271, 0, 0, 0
4064, 1, 1636424734386, 1636424734658, 272, 0, 272, 0, 0, 0
4066, 1, 1636424734830, 1636424735102, 272, 0, 272, 0, 0, 0
4065, 1, 1636424734830, 1636424735102, 272, 0, 272, 0, 0, 0
4067, 1, 1636424734949, 1636424735222, 273, 1, 272, 0, 0, 0
4068, 1, 1636424735289, 1636424735561, 272, 1, 271, 0, 0, 0
4069, 1, 1636424735429, 1636424735698, 269, 0, 269, 0, 0, 0
4070, 1, 1636424735882, 1636424736153, 271, 0, 271, 0, 0, 0
4072, 1, 1636424736306, 1636424736578, 272, 0, 272, 0, 0, 0
4073, 1, 1636424736382, 1636424736654, 272, 0, 272, 0, 0, 0
4074, 1, 1636424736754, 1636424737025, 271, 0, 271, 0, 0, 0
4075, 1, 1636424736870, 1636424737142, 272, 0, 272, 0, 0, 0
4079, 1, 1636424737422, 1636424737689, 267, 0, 267, 0, 0, 0
4078, 1, 1636424737457, 1636424737730, 273, 0, 273, 0, 0, 0
4080, 1, 1636424737873, 1636424738146, 273, 1, 272, 0, 1, 1
4081, 1, 1636424738230, 1636424738502, 272, 0, 272, 0, 0, 0
4082, 1, 1636424738326, 1636424738594, 268, 0, 268, 0, 0, 0
4083, 1, 1636424738786, 1636424739054, 268, 0, 268, 0, 0, 0
4084, 1, 1636424738794, 1636424739069, 275, 0, 275, 0, 0, 0
4085, 1, 1636424739365, 1636424739638, 273, 1, 272, 0, 0, 0
4086, 1, 1636424739429, 1636424739702, 273, 1, 272, 0, 0, 0
4087, 1, 1636424739822, 1636424740094, 272, 0, 272, 0, 0, 0
4088, 1, 1636424740222, 1636424740494, 272, 0, 272, 0, 0, 0
4089, 1, 1636424740342, 1636424740614, 272, 0, 272, 0, 0, 0
4090, 1, 1636424740765, 1636424741038, 273, 1, 272, 1, 0, 1
4091, 1, 1636424740842, 1636424741114, 272, 0, 272, 0, 0, 0
4092, 1, 1636424741261, 1636424741534, 273, 1, 272, 1, 0, 1
4093, 1, 1636424741465, 1636424741738, 273, 0, 273, 0, 0, 0
4094, 1, 1636424741714, 1636424742017, 303, 0, 303, 0, 0, 0
4096, 1, 1636424742061, 1636424742333, 272, 1, 271, 1, 0, 1
4097, 1, 1636424742277, 1636424742553, 276, 1, 275, 0, 0, 0
4098, 1, 1636424742301, 1636424742577, 276, 1, 275, 0, 1, 1
4099, 1, 1636424742373, 1636424742645, 272, 1, 271, 0, 0, 0
4095, 1, 1636424742521, 1636424742789, 268, 1, 267, 0, 0, 0
4100, 1, 1636424742737, 1636424743025, 288, 0, 288, 0, 0, 0
4101, 1, 1636424742717, 1636424743025, 308, 1, 307, 0, 0, 0
4102, 1, 1636424742937, 1636424743214, 277, 1, 276, 1, 0, 1
4103, 1, 1636424743277, 1636424743549, 272, 0, 272, 0, 0, 0
4060, 1, 1636424743309, 1636424743589, 280, 0, 280, 0, 0, 0
4105, 1, 1636424743361, 1636424743618, 257, 0, 257, 0, 0, 0
4104, 1, 1636424743353, 1636424743621, 268, 0, 268, 0, 0, 0
4106, 1, 1636424743485, 1636424743753, 268, 0, 268, 0, 0, 0
4108, 1, 1636424743733, 1636424744006, 273, 1, 272, 0, 1, 1
4107, 1, 1636424743801, 1636424744065, 264, 0, 264, 0, 0, 0
4109, 1, 1636424743826, 1636424744097, 271, 0, 271, 0, 0, 0
4111, 1, 1636424743989, 1636424744262, 273, 1, 272, 0, 0, 0
4112, 1, 1636424744166, 1636424744437, 271, 0, 271, 0, 0, 0
4113, 1, 1636424744217, 1636424744494, 277, 0, 277, 0, 0, 0
4114, 1, 1636424744233, 1636424744501, 268, 0, 268, 0, 0, 0
4110, 1, 1636424744277, 1636424744546, 269, 1, 268, 0, 0, 0
4115, 1, 1636424744621, 1636424744898, 277, 1, 276, 0, 0, 0
4116, 1, 1636424744794, 1636424745066, 272, 0, 272, 0, 0, 0
4117, 1, 1636424744841, 1636424745109, 268, 1, 267, 0, 0, 0
4118, 1, 1636424745190, 1636424745465, 275, 0, 275, 0, 0, 0
4119, 1, 1636424745253, 1636424745526, 273, 1, 272, 0, 1, 1
4120, 1, 1636424745258, 1636424745533, 275, 0, 275, 0, 0, 0
4121, 1, 1636424745437, 1636424745706, 269, 0, 269, 0, 0, 0
4122, 1, 1636424745653, 1636424745929, 276, 1, 275, 0, 0, 0
4123, 1, 1636424745705, 1636424745973, 268, 1, 267, 0, 0, 0
4124, 1, 1636424745829, 1636424746101, 272, 1, 271, 1, 0, 1
4125, 1, 1636424745877, 1636424746150, 273, 0, 273, 0, 0, 0
4127, 1, 1636424746181, 1636424746454, 273, 1, 272, 0, 0, 0
4128, 1, 1636424746213, 1636424746485, 272, 1, 271, 1, 0, 1
4126, 1, 1636424746326, 1636424746597, 271, 0, 271, 0, 0, 0
4130, 1, 1636424746530, 1636424746801, 271, 0, 271, 0, 0, 0
4131, 1, 1636424746638, 1636424746957, 319, 0, 319, 0, 0, 0
4129, 1, 1636424746662, 1636424746958, 296, 0, 296, 0, 0, 0
4132, 1, 1636424746781, 1636424747045, 264, 1, 263, 0, 0, 0
4133, 1, 1636424746953, 1636424747221, 268, 1, 267, 1, 0, 1
4136, 1, 1636424747262, 1636424747530, 268, 1, 267, 0, 1, 1
4137, 1, 1636424747262, 1636424747533, 271, 1, 270, 0, 0, 0
4135, 1, 1636424747262, 1636424747533, 271, 0, 271, 0, 0, 0
4134, 1, 1636424747262, 1636424747537, 275, 0, 275, 0, 0, 0
4138, 1, 1636424747473, 1636424747746, 273, 0, 273, 0, 0, 0
4141, 1, 1636424747721, 1636424747985, 264, 0, 264, 0, 0, 0
4140, 1, 1636424747714, 1636424747989, 275, 0, 275, 0, 0, 0
4139, 1, 1636424747714, 1636424747989, 275, 0, 275, 0, 0, 0
4142, 1, 1636424747942, 1636424748217, 275, 0, 275, 0, 0, 0
4143, 1, 1636424747997, 1636424748270, 273, 1, 272, 1, 0, 1
4145, 1, 1636424748098, 1636424748374, 276, 0, 276, 0, 0, 0
4146, 1, 1636424748206, 1636424748482, 276, 0, 276, 0, 0, 0
4148, 1, 1636424748330, 1636424748601, 271, 0, 271, 0, 0, 0
4147, 1, 1636424748330, 1636424748601, 271, 0, 271, 0, 0, 0
4144, 1, 1636424748449, 1636424748722, 273, 1, 272, 0, 0, 0
4149, 1, 1636424748597, 1636424748866, 269, 0, 269, 0, 0, 0
4150, 1, 1636424748730, 1636424749009, 279, 0, 279, 0, 0, 0
4151, 1, 1636424748962, 1636424749229, 267, 0, 267, 0, 0, 0
4152, 1, 1636424749050, 1636424749318, 268, 0, 268, 0, 0, 0
4153, 1, 1636424749129, 1636424749402, 273, 1, 272, 1, 0, 1
4154, 1, 1636424749193, 1636424749465, 272, 1, 271, 1, 0, 1
4155, 1, 1636424749337, 1636424749610, 273, 1, 272, 0, 1, 1
4158, 1, 1636424749501, 1636424749777, 276, 1, 275, 0, 0, 0
4157, 1, 1636424749577, 1636424749849, 272, 1, 271, 0, 0, 0
4159, 1, 1636424749789, 1636424750061, 272, 1, 271, 0, 1, 1
4160, 1, 1636424749813, 1636424750085, 272, 1, 271, 0, 1, 1
4161, 1, 1636424749873, 1636424750150, 277, 1, 276, 0, 1, 1
4163, 1, 1636424750002, 1636424750277, 275, 0, 275, 0, 0, 0
4164, 1, 1636424750142, 1636424750405, 263, 0, 263, 0, 0, 0
4166, 1, 1636424750306, 1636424750577, 271, 0, 271, 0, 0, 0
4162, 1, 1636424750321, 1636424750593, 272, 1, 271, 0, 0, 0
4167, 1, 1636424750489, 1636424750754, 265, 1, 264, 0, 0, 0
4168, 1, 1636424750661, 1636424750934, 273, 1, 272, 0, 0, 0
4169, 1, 1636424751017, 1636424751289, 272, 1, 271, 0, 1, 1
4170, 1, 1636424751033, 1636424751305, 272, 0, 272, 0, 0, 0
4171, 1, 1636424751089, 1636424751361, 272, 1, 271, 0, 1, 1
4172, 1, 1636424751117, 1636424751389, 272, 0, 272, 0, 0, 0
4173, 1, 1636424751222, 1636424751497, 275, 0, 275, 0, 0, 0
4175, 1, 1636424751489, 1636424751757, 268, 0, 268, 0, 0, 0
4174, 1, 1636424751573, 1636424751838, 265, 0, 265, 0, 0, 0
4176, 1, 1636424751677, 1636424751941, 264, 0, 264, 0, 0, 0
4177, 1, 1636424751701, 1636424751973, 272, 0, 272, 0, 0, 0
4178, 1, 1636424751937, 1636424752209, 272, 0, 272, 0, 0, 0
4180, 1, 1636424752117, 1636424752385, 268, 0, 268, 0, 0, 0
4181, 1, 1636424752181, 1636424752453, 272, 0, 272, 0, 0, 0
4182, 1, 1636424752233, 1636424752501, 268, 0, 268, 0, 0, 0
4179, 1, 1636424752389, 1636424752657, 268, 0, 268, 0, 0, 0
4183, 1, 1636424752569, 1636424752845, 276, 0, 276, 0, 0, 0
4184, 1, 1636424752646, 1636424752917, 271, 0, 271, 0, 0, 0
4185, 1, 1636424752925, 1636424753197, 272, 1, 271, 0, 0, 0
4186, 1, 1636424753017, 1636424753285, 268, 0, 268, 0, 0, 0
4187, 1, 1636424753121, 1636424753389, 268, 1, 267, 0, 0, 0
4188, 1, 1636424753169, 1636424753433, 264, 0, 264, 0, 0, 0
4189, 1, 1636424753245, 1636424753517, 272, 1, 271, 0, 1, 1
4190, 1, 1636424753377, 1636424753645, 268, 0, 268, 0, 0, 0
4191, 1, 1636424753565, 1636424753838, 273, 1, 272, 0, 0, 0
4192, 1, 1636424753693, 1636424753962, 269, 0, 269, 0, 0, 0
4193, 1, 1636424753777, 1636424754045, 268, 0, 268, 0, 0, 0
4194, 1, 1636424753982, 1636424754257, 275, 0, 275, 0, 0, 0
4195, 1, 1636424754073, 1636424754345, 272, 1, 271, 0, 0, 0
4197, 1, 1636424754197, 1636424754469, 272, 1, 271, 1, 0, 1
4198, 1, 1636424754341, 1636424754614, 273, 1, 272, 0, 0, 0
4199, 1, 1636424754501, 1636424754774, 273, 1, 272, 0, 0, 0
4196, 1, 1636424754521, 1636424754794, 273, 1, 272, 1, 0, 1
4200, 1, 1636424754685, 1636424754958, 273, 1, 272, 0, 0, 0
4201, 1, 1636424754933, 1636424755206, 273, 0, 273, 0, 0, 0
4202, 1, 1636424755050, 1636424755326, 276, 0, 276, 0, 0, 0
4203, 1, 1636424755133, 1636424755402, 269, 1, 268, 0, 0, 0
4204, 1, 1636424755229, 1636424755501, 272, 1, 271, 0, 0, 0
4205, 1, 1636424755382, 1636424755658, 276, 0, 276, 0, 0, 0
4206, 1, 1636424755390, 1636424755662, 272, 0, 272, 0, 0, 0
4207, 1, 1636424755677, 1636424755950, 273, 1, 272, 0, 0, 0
4208, 1, 1636424755745, 1636424756017, 272, 1, 271, 0, 0, 0
4209, 1, 1636424755833, 1636424756105, 272, 0, 272, 0, 0, 0
4210, 1, 1636424756009, 1636424756282, 273, 1, 272, 0, 0, 0
4211, 1, 1636424756025, 1636424756297, 272, 1, 271, 0, 1, 1
4213, 1, 1636424756157, 1636424756429, 272, 1, 271, 0, 1, 1
4212, 1, 1636424756461, 1636424756730, 269, 0, 269, 0, 0, 0
4215, 1, 1636424756549, 1636424756821, 272, 1, 271, 0, 1, 1
4216, 1, 1636424756794, 1636424757062, 268, 0, 268, 0, 0, 0
4217, 1, 1636424756901, 1636424757178, 277, 0, 277, 0, 0, 0
4219, 1, 1636424757181, 1636424757453, 272, 1, 271, 0, 0, 0
4220, 1, 1636424757189, 1636424757453, 264, 0, 264, 0, 0, 0
4221, 1, 1636424757313, 1636424757585, 272, 0, 272, 0, 0, 0
4222, 1, 1636424757357, 1636424757630, 273, 1, 272, 0, 0, 0
4225, 1, 1636424757761, 1636424758030, 269, 1, 268, 1, 0, 1
4224, 1, 1636424757761, 1636424758030, 269, 1, 268, 1, 0, 1
4226, 1, 1636424758037, 1636424758310, 273, 1, 272, 0, 0, 0
4227, 1, 1636424758142, 1636424758413, 271, 0, 271, 0, 0, 0
4228, 1, 1636424758493, 1636424758766, 273, 1, 272, 1, 0, 1
4229, 1, 1636424758654, 1636424758926, 272, 0, 272, 0, 0, 0
4231, 1, 1636424759310, 1636424759582, 272, 0, 272, 0, 0, 0
4233, 1, 1636424759317, 1636424759582, 265, 0, 265, 0, 0, 0
4232, 1, 1636424759310, 1636424759582, 272, 0, 272, 0, 0, 0
4234, 1, 1636424759658, 1636424759929, 271, 0, 271, 0, 0, 0
4235, 1, 1636424759766, 1636424760037, 271, 0, 271, 0, 0, 0
4236, 1, 1636424759873, 1636424760142, 269, 1, 268, 0, 1, 1
4237, 1, 1636424759941, 1636424760253, 312, 1, 311, 0, 1, 1
4238, 1, 1636424760101, 1636424760374, 273, 0, 273, 0, 0, 0
4239, 1, 1636424760433, 1636424760706, 273, 1, 272, 0, 0, 0
4240, 1, 1636424760514, 1636424760786, 272, 0, 272, 0, 0, 0
4241, 1, 1636424760614, 1636424760886, 272, 0, 272, 0, 0, 0
4242, 1, 1636424761209, 1636424761482, 273, 1, 272, 0, 0, 0
4243, 1, 1636424761222, 1636424761493, 271, 0, 271, 0, 0, 0
4244, 1, 1636424761438, 1636424761710, 272, 0, 272, 0, 0, 0
4245, 1, 1636424761574, 1636424761846, 272, 0, 272, 0, 0, 0
4246, 1, 1636424761677, 1636424761945, 268, 1, 267, 0, 0, 0
4247, 1, 1636424761833, 1636424762105, 272, 1, 271, 0, 0, 0
4248, 1, 1636424761897, 1636424762170, 273, 1, 272, 1, 0, 1
4250, 1, 1636424762181, 1636424762449, 268, 1, 267, 0, 0, 0
4249, 1, 1636424762350, 1636424762622, 272, 0, 272, 0, 0, 0
4251, 1, 1636424762429, 1636424762705, 276, 1, 275, 0, 0, 0
4252, 1, 1636424762690, 1636424762965, 275, 0, 275, 0, 0, 0
4253, 1, 1636424763086, 1636424763362, 276, 0, 276, 0, 0, 0
4254, 1, 1636424763265, 1636424763537, 272, 1, 271, 0, 0, 0
4255, 1, 1636424763389, 1636424763665, 276, 1, 275, 1, 0, 1
4256, 1, 1636424763566, 1636424763838, 272, 0, 272, 0, 0, 0
4257, 1, 1636424763629, 1636424763902, 273, 1, 272, 1, 0, 1
4258, 1, 1636424763809, 1636424764082, 273, 1, 272, 0, 0, 0
4259, 1, 1636424763890, 1636424764162, 272, 0, 272, 0, 0, 0
4260, 1, 1636424764261, 1636424764533, 272, 1, 271, 1, 0, 1
4261, 1, 1636424764273, 1636424764546, 273, 1, 272, 0, 0, 0
4262, 1, 1636424764381, 1636424764658, 277, 1, 276, 0, 0, 0
4263, 1, 1636424764782, 1636424765057, 275, 0, 275, 0, 0, 0
4264, 1, 1636424764986, 1636424765257, 271, 0, 271, 0, 0, 0
4265, 1, 1636424765329, 1636424765598, 269, 1, 268, 0, 0, 0
4266, 1, 1636424765417, 1636424765690, 273, 1, 272, 0, 1, 1
4267, 1, 1636424765537, 1636424765810, 273, 0, 273, 0, 0, 0
4269, 1, 1636424765777, 1636424766050, 273, 0, 273, 0, 0, 0
4268, 1, 1636424765778, 1636424766053, 275, 0, 275, 0, 0, 0
4271, 1, 1636424766233, 1636424766510, 277, 1, 276, 1, 0, 1
4270, 1, 1636424766233, 1636424766510, 277, 1, 276, 0, 0, 0
4272, 1, 1636424766301, 1636424766569, 268, 1, 267, 0, 0, 0
4274, 1, 1636424766521, 1636424766794, 273, 1, 272, 0, 0, 0
4273, 1, 1636424766690, 1636424766962, 272, 0, 272, 0, 0, 0
4275, 1, 1636424766773, 1636424767046, 273, 1, 272, 0, 0, 0
4276, 1, 1636424766937, 1636424767233, 296, 1, 295, 1, 0, 1
4277, 1, 1636424767297, 1636424767605, 308, 1, 307, 0, 0, 0
4278, 1, 1636424767397, 1636424767698, 301, 1, 300, 0, 0, 0
4279, 1, 1636424767433, 1636424767698, 265, 0, 265, 0, 0, 0
4281, 1, 1636424767517, 1636424767793, 276, 1, 275, 0, 1, 1
4280, 1, 1636424767517, 1636424767794, 277, 1, 276, 0, 1, 1
4282, 1, 1636424767773, 1636424768046, 273, 1, 272, 0, 1, 1
4283, 1, 1636424767877, 1636424768154, 277, 1, 276, 0, 0, 0
4285, 1, 1636424767913, 1636424768185, 272, 1, 271, 0, 1, 1
4284, 1, 1636424768229, 1636424768497, 268, 1, 267, 0, 1, 1
4286, 1, 1636424768306, 1636424768577, 271, 0, 271, 0, 0, 0
4287, 1, 1636424768373, 1636424768641, 268, 1, 267, 0, 0, 0
4288, 1, 1636424768513, 1636424768801, 288, 1, 287, 0, 0, 0
4289, 1, 1636424768805, 1636424769077, 272, 1, 271, 0, 0, 0
4290, 1, 1636424768813, 1636424769089, 276, 0, 276, 0, 0, 0
4291, 1, 1636424768970, 1636424769242, 272, 0, 272, 0, 0, 0
4292, 1, 1636424769325, 1636424769597, 272, 1, 271, 1, 0, 1
4293, 1, 1636424769338, 1636424769609, 271, 0, 271, 0, 0, 0
4294, 1, 1636424769454, 1636424769725, 271, 0, 271, 0, 0, 0
4295, 1, 1636424769465, 1636424769737, 272, 1, 271, 0, 0, 0
4296, 1, 1636424769589, 1636424769862, 273, 0, 273, 0, 0, 0
4297, 1, 1636424769689, 1636424769962, 273, 1, 272, 0, 0, 0
4298, 1, 1636424769781, 1636424770054, 273, 0, 273, 0, 0, 0
4300, 1, 1636424769954, 1636424770225, 271, 0, 271, 0, 0, 0
4299, 1, 1636424770146, 1636424770417, 271, 0, 271, 0, 0, 0
4301, 1, 1636424770233, 1636424770505, 272, 1, 271, 0, 0, 0
4302, 1, 1636424770374, 1636424770641, 267, 0, 267, 0, 0, 0
4303, 1, 1636424770625, 1636424770897, 272, 1, 271, 1, 0, 1
4304, 1, 1636424770729, 1636424771002, 273, 1, 272, 0, 0, 0
4305, 1, 1636424770809, 1636424771077, 268, 1, 267, 0, 0, 0
4306, 1, 1636424770941, 1636424771217, 276, 1, 275, 0, 1, 1
4307, 1, 1636424771262, 1636424771530, 268, 0, 268, 0, 0, 0
4309, 1, 1636424771370, 1636424771641, 271, 0, 271, 0, 0, 0
4308, 1, 1636424771370, 1636424771641, 271, 0, 271, 0, 0, 0
4310, 1, 1636424771445, 1636424771709, 264, 0, 264, 0, 0, 0
4311, 1, 1636424771485, 1636424771749, 264, 1, 263, 1, 0, 1
4312, 1, 1636424771617, 1636424771894, 277, 0, 277, 0, 0, 0
4314, 1, 1636424771881, 1636424772154, 273, 1, 272, 0, 0, 0
4315, 1, 1636424771906, 1636424772182, 276, 0, 276, 0, 0, 0
4313, 1, 1636424772078, 1636424772346, 268, 0, 268, 0, 0, 0
4316, 1, 1636424772341, 1636424772610, 269, 0, 269, 0, 0, 0
4317, 1, 1636424772369, 1636424772641, 272, 1, 271, 0, 0, 0
4319, 1, 1636424772722, 1636424772994, 272, 0, 272, 0, 0, 0
4318, 1, 1636424772794, 1636424773066, 272, 0, 272, 0, 0, 0
4321, 1, 1636424772977, 1636424773250, 273, 1, 272, 0, 1, 1
4320, 1, 1636424773245, 1636424773510, 265, 0, 265, 0, 0, 0
4322, 1, 1636424773249, 1636424773517, 268, 1, 267, 0, 0, 0
4323, 1, 1636424773289, 1636424773553, 264, 0, 264, 0, 0, 0
4326, 1, 1636424773557, 1636424773825, 268, 0, 268, 0, 0, 0
4327, 1, 1636424773589, 1636424773862, 273, 0, 273, 0, 0, 0
4328, 1, 1636424774046, 1636424774317, 271, 0, 271, 0, 0, 0
4331, 1, 1636424774462, 1636424774733, 271, 0, 271, 0, 0, 0
4332, 1, 1636424774498, 1636424774765, 267, 0, 267, 0, 0, 0
4333, 1, 1636424774665, 1636424774938, 273, 1, 272, 0, 0, 0
4334, 1, 1636424774677, 1636424774949, 272, 1, 271, 0, 0, 0
4335, 1, 1636424774965, 1636424775238, 273, 1, 272, 0, 0, 0
4337, 1, 1636424775170, 1636424775442, 272, 0, 272, 0, 0, 0
4338, 1, 1636424775290, 1636424775561, 271, 0, 271, 0, 0, 0
4339, 1, 1636424775489, 1636424775766, 277, 1, 276, 0, 0, 0
4341, 1, 1636424775633, 1636424775906, 273, 0, 273, 0, 0, 0
4340, 1, 1636424775946, 1636424776217, 271, 0, 271, 0, 0, 0
4343, 1, 1636424776566, 1636424776838, 272, 0, 272, 0, 0, 0
4344, 1, 1636424776574, 1636424776846, 272, 0, 272, 0, 0, 0
4345, 1, 1636424776805, 1636424777078, 273, 0, 273, 0, 0, 0
4347, 1, 1636424777169, 1636424777442, 273, 1, 272, 1, 0, 1
4348, 1, 1636424777193, 1636424777466, 273, 1, 272, 0, 0, 0
4349, 1, 1636424777566, 1636424777837, 271, 0, 271, 0, 0, 0
4350, 1, 1636424777593, 1636424777866, 273, 1, 272, 0, 0, 0
4351, 1, 1636424778017, 1636424778294, 277, 1, 276, 0, 0, 0
4352, 1, 1636424778533, 1636424778809, 276, 1, 275, 0, 0, 0
4353, 1, 1636424778634, 1636424778906, 272, 0, 272, 0, 0, 0
4355, 1, 1636424779229, 1636424779506, 277, 1, 276, 0, 0, 0
4356, 1, 1636424779258, 1636424779529, 271, 0, 271, 0, 0, 0
4357, 1, 1636424779450, 1636424779722, 272, 0, 272, 0, 0, 0
4358, 1, 1636424779521, 1636424779790, 269, 0, 269, 0, 0, 0
4359, 1, 1636424779902, 1636424780174, 272, 0, 272, 0, 0, 0
4360, 1, 1636424780429, 1636424780693, 264, 1, 263, 0, 0, 0
4361, 1, 1636424780517, 1636424780785, 268, 0, 268, 0, 0, 0
4362, 1, 1636424781122, 1636424781394, 272, 0, 272, 0, 0, 0
4363, 1, 1636424781142, 1636424781414, 272, 0, 272, 0, 0, 0
4364, 1, 1636424781429, 1636424781701, 272, 1, 271, 0, 0, 0
4365, 1, 1636424781445, 1636424781713, 268, 0, 268, 0, 0, 0
4366, 1, 1636424781894, 1636424782165, 271, 0, 271, 0, 0, 0
4367, 1, 1636424782341, 1636424782609, 268, 0, 268, 0, 0, 0
4368, 1, 1636424782469, 1636424782741, 272, 0, 272, 0, 0, 0
4369, 1, 1636424783089, 1636424783362, 273, 1, 272, 0, 0, 0
4370, 1, 1636424783137, 1636424783422, 285, 0, 285, 0, 0, 0
4371, 1, 1636424783422, 1636424783689, 267, 0, 267, 0, 0, 0
4372, 1, 1636424783493, 1636424783765, 272, 1, 271, 0, 0, 0
4373, 1, 1636424783945, 1636424784214, 269, 0, 269, 0, 0, 0
4375, 1, 1636424784041, 1636424784317, 276, 1, 275, 0, 1, 1
4374, 1, 1636424784041, 1636424784317, 276, 1, 275, 0, 0, 0
4378, 1, 1636424784317, 1636424784589, 272, 1, 271, 0, 1, 1
4379, 1, 1636424784461, 1636424784733, 272, 1, 271, 0, 1, 1
4376, 1, 1636424784497, 1636424784765, 268, 1, 267, 0, 0, 0
4377, 1, 1636424784493, 1636424784770, 277, 1, 276, 1, 0, 1
4380, 1, 1636424785070, 1636424785345, 275, 0, 275, 0, 0, 0
4381, 1, 1636424785206, 1636424785473, 267, 0, 267, 0, 0, 0
4382, 1, 1636424785281, 1636424785549, 268, 0, 268, 0, 0, 0
4383, 1, 1636424785325, 1636424785594, 269, 1, 268, 0, 0, 0
4384, 1, 1636424785398, 1636424785670, 272, 0, 272, 0, 0, 0
4385, 1, 1636424785769, 1636424786041, 272, 1, 271, 1, 0, 1
4386, 1, 1636424785846, 1636424786117, 271, 0, 271, 0, 0, 0
4387, 1, 1636424785913, 1636424786182, 269, 0, 269, 0, 0, 0
4390, 1, 1636424786198, 1636424786469, 271, 0, 271, 0, 0, 0
4389, 1, 1636424786298, 1636424786570, 272, 0, 272, 0, 0, 0
4346, 1, 1636424786325, 1636424786602, 277, 1, 276, 0, 0, 0
4388, 1, 1636424786362, 1636424786634, 272, 0, 272, 0, 0, 0
4391, 1, 1636424786461, 1636424786726, 265, 0, 265, 0, 0, 0
4392, 1, 1636424786634, 1636424786902, 268, 0, 268, 0, 0, 0
4394, 1, 1636424787006, 1636424787278, 272, 0, 272, 0, 0, 0
4393, 1, 1636424787085, 1636424787358, 273, 1, 272, 0, 0, 0
4395, 1, 1636424787118, 1636424787386, 268, 0, 268, 0, 0, 0
4396, 1, 1636424787149, 1636424787422, 273, 1, 272, 0, 1, 1
4397, 1, 1636424787413, 1636424787685, 272, 1, 271, 1, 0, 1
4399, 1, 1636424787769, 1636424788041, 272, 1, 271, 0, 1, 1
4398, 1, 1636424787869, 1636424788146, 277, 1, 276, 0, 0, 0
4400, 1, 1636424787958, 1636424788226, 268, 0, 268, 0, 0, 0
4401, 1, 1636424788222, 1636424788498, 276, 0, 276, 0, 0, 0
4402, 1, 1636424788401, 1636424788670, 269, 0, 269, 0, 0, 0
4403, 1, 1636424788445, 1636424788729, 284, 1, 283, 0, 0, 0
4404, 1, 1636424788850, 1636424789121, 271, 0, 271, 0, 0, 0
4406, 1, 1636424788994, 1636424789266, 272, 0, 272, 0, 0, 0
4407, 1, 1636424789049, 1636424789322, 273, 1, 272, 1, 0, 1
4408, 1, 1636424789065, 1636424789338, 273, 1, 272, 0, 0, 0
4411, 1, 1636424789526, 1636424789802, 276, 0, 276, 0, 0, 0
4410, 1, 1636424789981, 1636424790250, 269, 1, 268, 0, 0, 0
4414, 1, 1636424790026, 1636424790297, 271, 0, 271, 0, 0, 0
4415, 1, 1636424790478, 1636424790750, 272, 0, 272, 0, 0, 0
4416, 1, 1636424790542, 1636424790814, 272, 0, 272, 0, 0, 0
4419, 1, 1636424791026, 1636424791298, 272, 0, 272, 0, 0, 0
4420, 1, 1636424791110, 1636424791382, 272, 0, 272, 0, 0, 0
4423, 1, 1636424792082, 1636424792357, 275, 0, 275, 0, 0, 0
4424, 1, 1636424792542, 1636424792814, 272, 0, 272, 0, 0, 0
4426, 1, 1636424792974, 1636424793246, 272, 0, 272, 0, 0, 0
4428, 1, 1636424794038, 1636424794310, 272, 0, 272, 0, 0, 0
4429, 1, 1636424794494, 1636424794770, 276, 0, 276, 0, 0, 0
4430, 1, 1636424795002, 1636424795273, 271, 0, 271, 0, 0, 0
4431, 1, 1636424796109, 1636424796382, 273, 1, 272, 0, 0, 0
4432, 1, 1636424796566, 1636424796838, 272, 0, 272, 0, 0, 0
4433, 1, 1636424796870, 1636424797142, 272, 0, 272, 0, 0, 0
4434, 1, 1636424798074, 1636424798350, 276, 0, 276, 0, 0, 0
4435, 1, 1636424798529, 1636424798802, 273, 1, 272, 0, 0, 0
4436, 1, 1636424798918, 1636424799190, 272, 0, 272, 0, 0, 0
4437, 1, 1636424799609, 1636424799878, 269, 1, 268, 0, 0, 0
4438, 1, 1636424799654, 1636424799921, 267, 0, 267, 0, 0, 0
4439, 1, 1636424800102, 1636424800374, 272, 0, 272, 0, 0, 0
4440, 1, 1636424800134, 1636424800406, 272, 0, 272, 0, 0, 0
4418, 1, 1636424800561, 1636424800825, 264, 1, 263, 0, 0, 0
4441, 1, 1636424800554, 1636424800825, 271, 0, 271, 0, 0, 0
4442, 1, 1636424800586, 1636424800862, 276, 0, 276, 0, 0, 0
4443, 1, 1636424800821, 1636424801094, 273, 1, 272, 0, 0, 0
4444, 1, 1636424800869, 1636424801138, 269, 1, 268, 0, 0, 0
4445, 1, 1636424801225, 1636424801501, 276, 1, 275, 0, 1, 1
4446, 1, 1636424801545, 1636424801817, 272, 1, 271, 0, 0, 0
4447, 1, 1636424801545, 1636424801817, 272, 1, 271, 1, 0, 1
4449, 1, 1636424801770, 1636424802042, 272, 0, 272, 0, 0, 0
4450, 1, 1636424802001, 1636424802269, 268, 0, 268, 0, 0, 0
4451, 1, 1636424802030, 1636424802302, 272, 0, 272, 0, 0, 0
4448, 1, 1636424802222, 1636424802525, 303, 0, 303, 0, 0, 0
4452, 1, 1636424802453, 1636424802725, 272, 1, 271, 0, 0, 0
4453, 1, 1636424802477, 1636424802749, 272, 1, 271, 0, 0, 0
4454, 1, 1636424802781, 1636424803054, 273, 1, 272, 1, 0, 1
4455, 1, 1636424802793, 1636424803066, 273, 1, 272, 0, 0, 0
4456, 1, 1636424802937, 1636424803205, 268, 0, 268, 0, 0, 0
4457, 1, 1636424803113, 1636424803385, 272, 1, 271, 0, 0, 0
4458, 1, 1636424803285, 1636424803558, 273, 1, 272, 0, 1, 1
4459, 1, 1636424803486, 1636424803758, 272, 0, 272, 0, 0, 0
4460, 1, 1636424803650, 1636424803922, 272, 0, 272, 0, 0, 0
4461, 1, 1636424803745, 1636424804017, 272, 1, 271, 0, 0, 0
4463, 1, 1636424803942, 1636424804213, 271, 0, 271, 0, 0, 0
4464, 1, 1636424804097, 1636424804370, 273, 1, 272, 1, 0, 1
4462, 1, 1636424804201, 1636424804473, 272, 1, 271, 0, 1, 1
4466, 1, 1636424804398, 1636424804674, 276, 0, 276, 0, 0, 0
4465, 1, 1636424804553, 1636424804825, 272, 1, 271, 0, 1, 1
4467, 1, 1636424804774, 1636424805045, 271, 0, 271, 0, 0, 0
4468, 1, 1636424804901, 1636424805174, 273, 1, 272, 0, 0, 0
4469, 1, 1636424805017, 1636424805290, 273, 1, 272, 0, 1, 1
4470, 1, 1636424805209, 1636424805474, 265, 0, 265, 0, 0, 0
4471, 1, 1636424805253, 1636424805521, 268, 0, 268, 0, 0, 0
4472, 1, 1636424805581, 1636424805853, 272, 1, 271, 1, 0, 1
4473, 1, 1636424805594, 1636424805866, 272, 0, 272, 0, 0, 0
4474, 1, 1636424805782, 1636424806058, 276, 0, 276, 0, 0, 0
4476, 1, 1636424806049, 1636424806322, 273, 1, 272, 0, 1, 1
4477, 1, 1636424806177, 1636424806450, 273, 1, 272, 0, 0, 0
4475, 1, 1636424806241, 1636424806509, 268, 1, 267, 0, 0, 0
4479, 1, 1636424806502, 1636424806769, 267, 0, 267, 0, 0, 0
4478, 1, 1636424806633, 1636424806906, 273, 0, 273, 0, 0, 0
4480, 1, 1636424806810, 1636424807082, 272, 0, 272, 0, 0, 0
4481, 1, 1636424806834, 1636424807106, 272, 0, 272, 0, 0, 0
4482, 1, 1636424806981, 1636424807254, 273, 1, 272, 0, 0, 0
4483, 1, 1636424807317, 1636424807589, 272, 0, 272, 0, 0, 0
4484, 1, 1636424807369, 1636424807646, 277, 1, 276, 0, 0, 0
4486, 1, 1636424807522, 1636424807789, 267, 0, 267, 0, 0, 0
4487, 1, 1636424807646, 1636424807913, 267, 0, 267, 0, 0, 0
4485, 1, 1636424807822, 1636424808097, 275, 0, 275, 0, 0, 0
4489, 1, 1636424807969, 1636424808246, 277, 1, 276, 0, 1, 1
4488, 1, 1636424808097, 1636424808370, 273, 1, 272, 0, 0, 0
4491, 1, 1636424808129, 1636424808398, 269, 1, 268, 0, 0, 0
4490, 1, 1636424808425, 1636424808698, 273, 1, 272, 0, 1, 1
4492, 1, 1636424808578, 1636424808850, 272, 0, 272, 0, 0, 0
4493, 1, 1636424808761, 1636424809033, 272, 1, 271, 1, 0, 1
4494, 1, 1636424808806, 1636424809074, 268, 0, 268, 0, 0, 0
4495, 1, 1636424808901, 1636424809169, 268, 0, 268, 0, 0, 0
4496, 1, 1636424809246, 1636424809517, 271, 0, 271, 0, 0, 0
4497, 1, 1636424809374, 1636424809645, 271, 0, 271, 0, 0, 0
4498, 1, 1636424809450, 1636424809722, 272, 0, 272, 0, 0, 0
4499, 1, 1636424809609, 1636424809885, 276, 1, 275, 0, 0, 0
4500, 1, 1636424809685, 1636424809957, 272, 1, 271, 0, 1, 1
4502, 1, 1636424809901, 1636424810165, 264, 1, 263, 1, 0, 1
4503, 1, 1636424810053, 1636424810322, 269, 1, 268, 0, 1, 1
4501, 1, 1636424810137, 1636424810409, 272, 1, 271, 0, 0, 0
4505, 1, 1636424810350, 1636424810622, 272, 0, 272, 0, 0, 0
4504, 1, 1636424810497, 1636424810762, 265, 0, 265, 0, 0, 0
4507, 1, 1636424810813, 1636424811085, 272, 1, 271, 0, 0, 0
4506, 1, 1636424810813, 1636424811089, 276, 1, 275, 0, 0, 0
4508, 1, 1636424810849, 1636424811122, 273, 1, 272, 0, 1, 1
4509, 1, 1636424811173, 1636424811446, 273, 1, 272, 0, 1, 1
4510, 1, 1636424811422, 1636424811690, 268, 0, 268, 0, 0, 0
4512, 1, 1636424811505, 1636424811777, 272, 1, 271, 0, 0, 0
4511, 1, 1636424811505, 1636424811777, 272, 1, 271, 0, 0, 0
4513, 1, 1636424811725, 1636424811997, 272, 1, 271, 0, 0, 0
4515, 1, 1636424811953, 1636424812225, 272, 1, 271, 0, 0, 0
4516, 1, 1636424811969, 1636424812241, 272, 1, 271, 0, 0, 0
4514, 1, 1636424812177, 1636424812450, 273, 1, 272, 1, 0, 1
4518, 1, 1636424812406, 1636424812678, 272, 0, 272, 0, 0, 0
4517, 1, 1636424812417, 1636424812694, 277, 1, 276, 0, 1, 1
4519, 1, 1636424812762, 1636424813030, 268, 0, 268, 0, 0, 0
4520, 1, 1636424812886, 1636424813158, 272, 0, 272, 0, 0, 0
4521, 1, 1636424813229, 1636424813505, 276, 1, 275, 0, 0, 0
4522, 1, 1636424813381, 1636424813654, 273, 1, 272, 0, 1, 1
4524, 1, 1636424813454, 1636424813726, 272, 0, 272, 0, 0, 0
4523, 1, 1636424813454, 1636424813726, 272, 0, 272, 0, 0, 0
4525, 1, 1636424813906, 1636424814178, 272, 0, 272, 0, 0, 0
4528, 1, 1636424814362, 1636424814634, 272, 0, 272, 0, 0, 0
4529, 1, 1636424814698, 1636424814970, 272, 0, 272, 0, 0, 0
4531, 1, 1636424815117, 1636424815394, 277, 1, 276, 0, 1, 1
4532, 1, 1636424815333, 1636424815606, 273, 1, 272, 0, 0, 0
4533, 1, 1636424815441, 1636424815714, 273, 0, 273, 0, 0, 0
4535, 1, 1636424815794, 1636424816070, 276, 0, 276, 0, 0, 0
4536, 1, 1636424816254, 1636424816526, 272, 0, 272, 0, 0, 0
4537, 1, 1636424816754, 1636424817026, 272, 0, 272, 0, 0, 0
4538, 1, 1636424817005, 1636424817278, 273, 0, 273, 0, 0, 0
4539, 1, 1636424817389, 1636424817661, 272, 1, 271, 0, 0, 0
4540, 1, 1636424817514, 1636424817785, 271, 0, 271, 0, 0, 0
4541, 1, 1636424817842, 1636424818114, 272, 0, 272, 0, 0, 0
4542, 1, 1636424818298, 1636424818573, 275, 0, 275, 0, 0, 0
4543, 1, 1636424818797, 1636424819070, 273, 1, 272, 0, 1, 1
4544, 1, 1636424819058, 1636424819330, 272, 0, 272, 0, 0, 0
4545, 1, 1636424819462, 1636424819734, 272, 0, 272, 0, 0, 0
4546, 1, 1636424819553, 1636424819826, 273, 1, 272, 0, 1, 1
4547, 1, 1636424819909, 1636424820174, 265, 1, 264, 1, 0, 1
4548, 1, 1636424820358, 1636424820630, 272, 0, 272, 0, 0, 0
4549, 1, 1636424820882, 1636424821154, 272, 0, 272, 0, 0, 0
4550, 1, 1636424821130, 1636424821401, 271, 0, 271, 0, 0, 0
4551, 1, 1636424821433, 1636424821710, 277, 1, 276, 0, 0, 0
4552, 1, 1636424821501, 1636424821773, 272, 0, 272, 0, 0, 0
4553, 1, 1636424821969, 1636424822242, 273, 1, 272, 0, 0, 0
4554, 1, 1636424822422, 1636424822694, 272, 0, 272, 0, 0, 0
4555, 1, 1636424822774, 1636424823050, 276, 0, 276, 0, 0, 0
4556, 1, 1636424823170, 1636424823442, 272, 0, 272, 0, 0, 0
4557, 1, 1636424823382, 1636424823654, 272, 0, 272, 0, 0, 0
4558, 1, 1636424823861, 1636424824133, 272, 0, 272, 0, 0, 0
4559, 1, 1636424824033, 1636424824305, 272, 1, 271, 0, 0, 0
4561, 1, 1636424824317, 1636424824594, 277, 0, 277, 0, 0, 0
4560, 1, 1636424824490, 1636424824762, 272, 0, 272, 0, 0, 0
4562, 1, 1636424825046, 1636424825317, 271, 0, 271, 0, 0, 0
4563, 1, 1636424825190, 1636424825502, 312, 0, 312, 0, 0, 0
4564, 1, 1636424825761, 1636424826033, 272, 1, 271, 1, 0, 1
4565, 1, 1636424825953, 1636424826225, 272, 0, 272, 0, 0, 0
4566, 1, 1636424826410, 1636424826681, 271, 0, 271, 0, 0, 0
4567, 1, 1636424827145, 1636424827422, 277, 1, 276, 0, 0, 0
4568, 1, 1636424827793, 1636424828065, 272, 1, 271, 0, 1, 1
4569, 1, 1636424827901, 1636424828174, 273, 1, 272, 0, 0, 0
4570, 1, 1636424828357, 1636424828630, 273, 1, 272, 1, 0, 1
4571, 1, 1636424829097, 1636424829370, 273, 1, 272, 0, 0, 0
4572, 1, 1636424829746, 1636424830017, 271, 0, 271, 0, 0, 0
4573, 1, 1636424829929, 1636424830198, 269, 0, 269, 0, 0, 0
4574, 1, 1636424830374, 1636424830646, 272, 0, 272, 0, 0, 0
4575, 1, 1636424831174, 1636424831445, 271, 0, 271, 0, 0, 0
4576, 1, 1636424831773, 1636424832041, 268, 0, 268, 0, 0, 0
4577, 1, 1636424831894, 1636424832166, 272, 0, 272, 0, 0, 0
4578, 1, 1636424832349, 1636424832621, 272, 1, 271, 0, 1, 1
4579, 1, 1636424833042, 1636424833314, 272, 0, 272, 0, 0, 0
4580, 1, 1636424833642, 1636424833913, 271, 0, 271, 0, 0, 0
4581, 1, 1636424833901, 1636424834170, 269, 0, 269, 0, 0, 0
4582, 1, 1636424834353, 1636424834626, 273, 1, 272, 0, 1, 1
4583, 1, 1636424835166, 1636424835438, 272, 0, 272, 0, 0, 0
4584, 1, 1636424835766, 1636424836037, 271, 0, 271, 0, 0, 0
4585, 1, 1636424835797, 1636424836069, 272, 1, 271, 0, 0, 0
4586, 1, 1636424836250, 1636424836522, 272, 0, 272, 0, 0, 0
4587, 1, 1636424837066, 1636424837334, 268, 0, 268, 0, 0, 0
4588, 1, 1636424837662, 1636424837933, 271, 0, 271, 0, 0, 0
4589, 1, 1636424837869, 1636424838141, 272, 1, 271, 0, 0, 0
4590, 1, 1636424838326, 1636424838602, 276, 0, 276, 0, 0, 0
4591, 1, 1636424839138, 1636424839410, 272, 0, 272, 0, 0, 0
4592, 1, 1636424839738, 1636424840010, 272, 0, 272, 0, 0, 0
4593, 1, 1636424839978, 1636424840250, 272, 0, 272, 0, 0, 0
4594, 1, 1636424840434, 1636424840705, 271, 0, 271, 0, 0, 0
4595, 1, 1636424841245, 1636424841522, 277, 0, 277, 0, 0, 0
4596, 1, 1636424841813, 1636424842085, 272, 1, 271, 0, 0, 0
4597, 1, 1636424841942, 1636424842214, 272, 0, 272, 0, 0, 0
4598, 1, 1636424842394, 1636424842666, 272, 0, 272, 0, 0, 0
4599, 1, 1636424843238, 1636424843510, 272, 0, 272, 0, 0, 0
4600, 1, 1636424843806, 1636424844078, 272, 0, 272, 0, 0, 0
4617, 1, 1636425044478, 1636425044754, 276, 0, 276, 0, 0, 0
4619, 1, 1636425045190, 1636425045462, 272, 0, 272, 0, 0, 0
4621, 1, 1636425045794, 1636425046078, 284, 0, 284, 0, 0, 0
4623, 1, 1636425046342, 1636425046638, 296, 0, 296, 0, 0, 0
4624, 1, 1636425046894, 1636425047190, 296, 0, 296, 0, 0, 0
4625, 1, 1636425047450, 1636425047770, 320, 0, 320, 0, 0, 0
4626, 1, 1636425048034, 1636425048310, 276, 0, 276, 0, 0, 0
4627, 1, 1636425048194, 1636425048466, 272, 0, 272, 0, 0, 0
4628, 1, 1636425048617, 1636425048885, 268, 0, 268, 0, 0, 0
4629, 1, 1636425049026, 1636425049294, 268, 0, 268, 0, 0, 0
4630, 1, 1636425049194, 1636425049501, 307, 0, 307, 0, 0, 0
4631, 1, 1636425049545, 1636425049817, 272, 1, 271, 0, 0, 0
4632, 1, 1636425049757, 1636425050030, 273, 1, 272, 1, 0, 1
4633, 1, 1636425049998, 1636425050270, 272, 0, 272, 0, 0, 0
4634, 1, 1636425050642, 1636425050914, 272, 0, 272, 0, 0, 0
4636, 1, 1636425051354, 1636425051638, 284, 0, 284, 0, 0, 0
4635, 1, 1636425051337, 1636425051638, 301, 1, 300, 1, 0, 1
4637, 1, 1636425051817, 1636425052078, 261, 0, 261, 0, 0, 0
4638, 1, 1636425051861, 1636425052125, 264, 0, 264, 0, 0, 0
4639, 1, 1636425052338, 1636425052638, 300, 0, 300, 0, 0, 0
4641, 1, 1636425052678, 1636425052950, 272, 0, 272, 0, 0, 0
4643, 1, 1636425052942, 1636425053214, 272, 0, 272, 0, 0, 0
4642, 1, 1636425053129, 1636425053421, 292, 1, 291, 1, 0, 1
4646, 1, 1636425053590, 1636425053874, 284, 0, 284, 0, 0, 0
4647, 1, 1636425053693, 1636425053962, 269, 1, 268, 0, 1, 1
4648, 1, 1636425054146, 1636425054417, 271, 0, 271, 0, 0, 0
4651, 1, 1636425054941, 1636425055214, 273, 1, 272, 0, 1, 1
4652, 1, 1636425055062, 1636425055333, 271, 0, 271, 0, 0, 0
4654, 1, 1636425055582, 1636425055854, 272, 0, 272, 0, 0, 0
4655, 1, 1636425055657, 1636425055930, 273, 1, 272, 0, 0, 0
4657, 1, 1636425056386, 1636425056662, 276, 0, 276, 0, 0, 0
4658, 1, 1636425056397, 1636425056670, 273, 1, 272, 0, 1, 1
4660, 1, 1636425056850, 1636425057122, 272, 0, 272, 0, 0, 0
4662, 1, 1636425057398, 1636425057673, 275, 0, 275, 0, 0, 0
4663, 1, 1636425057858, 1636425058130, 272, 0, 272, 0, 0, 0
4665, 1, 1636425058889, 1636425059166, 277, 1, 276, 0, 0, 0
4667, 1, 1636425059489, 1636425059766, 277, 1, 276, 1, 0, 1
4669, 1, 1636425060101, 1636425060373, 272, 1, 271, 0, 0, 0
4693, 1, 1636425072998, 1636425073273, 275, 0, 275, 0, 0, 0
4695, 1, 1636425073906, 1636425074178, 272, 0, 272, 0, 0, 0
4697, 1, 1636425074362, 1636425074681, 319, 0, 319, 0, 0, 0
4699, 1, 1636425074866, 1636425075141, 275, 0, 275, 0, 0, 0
4700, 1, 1636425075454, 1636425075725, 271, 0, 271, 0, 0, 0
4701, 1, 1636425076157, 1636425076426, 269, 0, 269, 0, 0, 0
4702, 1, 1636425076665, 1636425076937, 272, 1, 271, 0, 0, 0
4703, 1, 1636425076941, 1636425077201, 260, 1, 259, 1, 0, 1
4704, 1, 1636425077110, 1636425077381, 271, 0, 271, 0, 0, 0
4706, 1, 1636425077749, 1636425078017, 268, 1, 267, 1, 0, 1
4705, 1, 1636425077741, 1636425078017, 276, 0, 276, 0, 0, 0
4708, 1, 1636425078357, 1636425078629, 272, 1, 271, 0, 0, 0
4707, 1, 1636425078386, 1636425078661, 275, 0, 275, 0, 0, 0
4709, 1, 1636425078817, 1636425079082, 265, 1, 264, 0, 0, 0
4710, 1, 1636425079485, 1636425079758, 273, 0, 273, 0, 0, 0
4711, 1, 1636425079746, 1636425080018, 272, 0, 272, 0, 0, 0
4712, 1, 1636425080265, 1636425080538, 273, 1, 272, 0, 0, 0
4713, 1, 1636425080482, 1636425080754, 272, 0, 272, 0, 0, 0
4714, 1, 1636425080774, 1636425081045, 271, 0, 271, 0, 0, 0
4717, 1, 1636425081201, 1636425081478, 277, 1, 276, 0, 0, 0
4718, 1, 1636425081661, 1636425081933, 272, 1, 271, 0, 0, 0
4721, 1, 1636425082258, 1636425082530, 272, 0, 272, 0, 0, 0
4723, 1, 1636425082714, 1636425082986, 272, 0, 272, 0, 0, 0
4727, 1, 1636425083706, 1636425083978, 272, 0, 272, 0, 0, 0
4730, 1, 1636425084298, 1636425084574, 276, 0, 276, 0, 0, 0
4733, 1, 1636425084942, 1636425085214, 272, 0, 272, 0, 0, 0
4742, 1, 1636425091537, 1636425091845, 308, 1, 307, 0, 1, 1
4741, 1, 1636425091537, 1636425091849, 312, 1, 311, 0, 1, 1
4743, 1, 1636425092041, 1636425092314, 273, 1, 272, 0, 0, 0
4744, 1, 1636425092157, 1636425092425, 268, 0, 268, 0, 0, 0
4745, 1, 1636425092682, 1636425092957, 275, 0, 275, 0, 0, 0
4746, 1, 1636425092817, 1636425093089, 272, 1, 271, 0, 1, 1
4747, 1, 1636425093133, 1636425093406, 273, 1, 272, 1, 0, 1
4748, 1, 1636425093750, 1636425094022, 272, 0, 272, 0, 0, 0
4749, 1, 1636425094193, 1636425094461, 268, 0, 268, 0, 0, 0
4750, 1, 1636425094542, 1636425094818, 276, 0, 276, 0, 0, 0
4751, 1, 1636425095122, 1636425095393, 271, 0, 271, 0, 0, 0
4752, 1, 1636425095162, 1636425095473, 311, 0, 311, 0, 0, 0
4754, 1, 1636425095386, 1636425095661, 275, 0, 275, 0, 0, 0
4753, 1, 1636425095570, 1636425095846, 276, 0, 276, 0, 0, 0
4755, 1, 1636425095649, 1636425095922, 273, 1, 272, 0, 0, 0
4757, 1, 1636425095842, 1636425096114, 272, 0, 272, 0, 0, 0
4758, 1, 1636425096021, 1636425096294, 273, 1, 272, 1, 0, 1
4756, 1, 1636425096101, 1636425096414, 313, 1, 312, 0, 0, 0
4759, 1, 1636425096341, 1636425096610, 269, 1, 268, 0, 0, 0
4760, 1, 1636425096470, 1636425096773, 303, 0, 303, 0, 0, 0
4761, 1, 1636425096682, 1636425096954, 272, 0, 272, 0, 0, 0
4762, 1, 1636425096789, 1636425097061, 272, 1, 271, 0, 0, 0
4763, 1, 1636425097137, 1636425097410, 273, 1, 272, 0, 0, 0
4764, 1, 1636425097422, 1636425097693, 271, 0, 271, 0, 0, 0
4765, 1, 1636425097949, 1636425098221, 272, 1, 271, 1, 0, 1
4766, 1, 1636425098121, 1636425098393, 272, 1, 271, 1, 0, 1
4767, 1, 1636425098209, 1636425098478, 269, 0, 269, 0, 0, 0
4740, 1, 1636425098409, 1636425098682, 273, 1, 272, 0, 1, 1
4768, 1, 1636425098710, 1636425098981, 271, 0, 271, 0, 0, 0
4769, 1, 1636425098786, 1636425099057, 271, 0, 271, 0, 0, 0
4771, 1, 1636425099105, 1636425099374, 269, 0, 269, 0, 0, 0
4770, 1, 1636425099161, 1636425099433, 272, 1, 271, 0, 0, 0
4773, 1, 1636425099201, 1636425099469, 268, 1, 267, 0, 0, 0
4772, 1, 1636425099237, 1636425099517, 280, 1, 279, 1, 0, 1
4776, 1, 1636425099554, 1636425099826, 272, 0, 272, 0, 0, 0
4777, 1, 1636425099693, 1636425099966, 273, 1, 272, 1, 0, 1
4778, 1, 1636425100146, 1636425100417, 271, 0, 271, 0, 0, 0
4779, 1, 1636425100246, 1636425100517, 271, 0, 271, 0, 0, 0
4780, 1, 1636425100702, 1636425100974, 272, 0, 272, 0, 0, 0
4783, 1, 1636425101329, 1636425101601, 272, 1, 271, 0, 0, 0
4784, 1, 1636425101726, 1636425101993, 267, 0, 267, 0, 0, 0
4786, 1, 1636425102113, 1636425102390, 277, 1, 276, 1, 0, 1
4788, 1, 1636425102685, 1636425102954, 269, 0, 269, 0, 0, 0
4789, 1, 1636425102781, 1636425103050, 269, 1, 268, 0, 0, 0
4791, 1, 1636425103138, 1636425103410, 272, 0, 272, 0, 0, 0
4792, 1, 1636425103346, 1636425103617, 271, 0, 271, 0, 0, 0
4794, 1, 1636425103438, 1636425103713, 275, 0, 275, 0, 0, 0
4793, 1, 1636425103594, 1636425103870, 276, 0, 276, 0, 0, 0
4795, 1, 1636425103922, 1636425104190, 268, 0, 268, 0, 0, 0
4796, 1, 1636425104049, 1636425104317, 268, 0, 268, 0, 0, 0
4797, 1, 1636425104365, 1636425104638, 273, 0, 273, 0, 0, 0
4798, 1, 1636425105302, 1636425105574, 272, 0, 272, 0, 0, 0
4799, 1, 1636425105466, 1636425105738, 272, 0, 272, 0, 0, 0
4800, 1, 1636425105949, 1636425106221, 272, 1, 271, 0, 0, 0
4801, 1, 1636425106401, 1636425106673, 272, 1, 271, 0, 1, 1
4803, 1, 1636425106858, 1636425107134, 276, 0, 276, 0, 0, 0
4804, 1, 1636425107317, 1636425107590, 273, 0, 273, 0, 0, 0
4806, 1, 1636425107442, 1636425107713, 271, 0, 271, 0, 0, 0
4807, 1, 1636425107770, 1636425108042, 272, 0, 272, 0, 0, 0
4810, 1, 1636425109141, 1636425109466, 325, 1, 324, 1, 0, 1
4812, 1, 1636425109945, 1636425110217, 272, 1, 271, 0, 1, 1
4814, 1, 1636425110430, 1636425110737, 307, 0, 307, 0, 0, 0
4818, 1, 1636425110917, 1636425111190, 273, 1, 272, 0, 1, 1
4817, 1, 1636425111370, 1636425111642, 272, 0, 272, 0, 0, 0
4820, 1, 1636425111462, 1636425111733, 271, 0, 271, 0, 0, 0
4822, 1, 1636425112066, 1636425112373, 307, 0, 307, 0, 0, 0
4823, 1, 1636425112630, 1636425112917, 287, 0, 287, 0, 0, 0
4825, 1, 1636425113174, 1636425113446, 272, 0, 272, 0, 0, 0
4826, 1, 1636425113702, 1636425113978, 276, 0, 276, 0, 0, 0
4827, 1, 1636425114162, 1636425114433, 271, 0, 271, 0, 0, 0
4828, 1, 1636425114630, 1636425114906, 276, 0, 276, 0, 0, 0
4829, 1, 1636425115090, 1636425115362, 272, 0, 272, 0, 0, 0
4831, 1, 1636425115678, 1636425115950, 272, 0, 272, 0, 0, 0
4832, 1, 1636425116474, 1636425116785, 311, 0, 311, 0, 0, 0
4833, 1, 1636425116966, 1636425117237, 271, 0, 271, 0, 0, 0
4834, 1, 1636425117042, 1636425117310, 268, 0, 268, 0, 0, 0
4835, 1, 1636425117562, 1636425117834, 272, 0, 272, 0, 0, 0
4836, 1, 1636425117630, 1636425117925, 295, 0, 295, 0, 0, 0
4837, 1, 1636425118110, 1636425118378, 268, 0, 268, 0, 0, 0
4838, 1, 1636425118214, 1636425118485, 271, 0, 271, 0, 0, 0
4840, 1, 1636425118558, 1636425118830, 272, 0, 272, 0, 0, 0
4839, 1, 1636425118670, 1636425118942, 272, 0, 272, 0, 0, 0
4841, 1, 1636425119014, 1636425119310, 296, 0, 296, 0, 0, 0
4842, 1, 1636425119566, 1636425119838, 272, 0, 272, 0, 0, 0
4843, 1, 1636425119646, 1636425119957, 311, 0, 311, 0, 0, 0
4844, 1, 1636425120209, 1636425120486, 277, 1, 276, 1, 0, 1
4845, 1, 1636425120250, 1636425120522, 272, 0, 272, 0, 0, 0
4846, 1, 1636425120701, 1636425120973, 272, 1, 271, 0, 0, 0
4847, 1, 1636425120877, 1636425121153, 276, 1, 275, 0, 0, 0
4848, 1, 1636425121157, 1636425121430, 273, 1, 272, 0, 0, 0
4850, 1, 1636425121194, 1636425121466, 272, 0, 272, 0, 0, 0
4851, 1, 1636425121489, 1636425121757, 268, 1, 267, 0, 0, 0
4849, 1, 1636425121613, 1636425121886, 273, 1, 272, 1, 0, 1
4853, 1, 1636425121734, 1636425122002, 268, 0, 268, 0, 0, 0
4852, 1, 1636425121941, 1636425122214, 273, 1, 272, 0, 0, 0
4854, 1, 1636425122069, 1636425122342, 273, 1, 272, 0, 0, 0
4855, 1, 1636425122313, 1636425122590, 277, 1, 276, 0, 0, 0
4856, 1, 1636425122393, 1636425122666, 273, 1, 272, 0, 1, 1
4857, 1, 1636425122773, 1636425123049, 276, 1, 275, 1, 0, 1
4858, 1, 1636425122845, 1636425123142, 297, 1, 296, 1, 0, 1
4830, 1, 1636425123001, 1636425123270, 269, 0, 269, 0, 0, 0
4859, 1, 1636425123309, 1636425123586, 277, 1, 276, 0, 0, 0
4860, 1, 1636425123365, 1636425123638, 273, 1, 272, 1, 0, 1
4862, 1, 1636425123745, 1636425124017, 272, 1, 271, 0, 0, 0
4861, 1, 1636425123765, 1636425124041, 276, 1, 275, 0, 0, 0
4863, 1, 1636425123997, 1636425124270, 273, 0, 273, 0, 0, 0
4864, 1, 1636425124341, 1636425124610, 269, 0, 269, 0, 0, 0
4865, 1, 1636425124789, 1636425125061, 272, 1, 271, 0, 1, 1
4866, 1, 1636425124789, 1636425125065, 276, 0, 276, 0, 0, 0
4869, 1, 1636425125442, 1636425125713, 271, 0, 271, 0, 0, 0
4870, 1, 1636425125625, 1636425125894, 269, 1, 268, 0, 0, 0
4872, 1, 1636425125893, 1636425126173, 280, 1, 279, 0, 0, 0
4871, 1, 1636425126069, 1636425126326, 257, 0, 257, 0, 0, 0
4874, 1, 1636425126377, 1636425126645, 268, 0, 268, 0, 0, 0
4875, 1, 1636425126501, 1636425126774, 273, 1, 272, 0, 0, 0
4877, 1, 1636425126825, 1636425127098, 273, 1, 272, 1, 0, 1
4876, 1, 1636425126949, 1636425127222, 273, 1, 272, 1, 0, 1
4879, 1, 1636425127526, 1636425127798, 272, 0, 272, 0, 0, 0
4881, 1, 1636425127870, 1636425128142, 272, 0, 272, 0, 0, 0
4882, 1, 1636425128162, 1636425128433, 271, 0, 271, 0, 0, 0
4883, 1, 1636425128462, 1636425128733, 271, 0, 271, 0, 0, 0
4885, 1, 1636425128882, 1636425129154, 272, 0, 272, 0, 0, 0
4884, 1, 1636425128917, 1636425129186, 269, 0, 269, 0, 0, 0
4886, 1, 1636425129506, 1636425129778, 272, 0, 272, 0, 0, 0
4889, 1, 1636425130106, 1636425130382, 276, 0, 276, 0, 0, 0
4890, 1, 1636425130562, 1636425130838, 276, 0, 276, 0, 0, 0
4892, 1, 1636425131022, 1636425131298, 276, 0, 276, 0, 0, 0
4895, 1, 1636425131934, 1636425132205, 271, 0, 271, 0, 0, 0
4897, 1, 1636425132526, 1636425132802, 276, 0, 276, 0, 0, 0
4898, 1, 1636425132982, 1636425133254, 272, 0, 272, 0, 0, 0
4900, 1, 1636425133494, 1636425133766, 272, 0, 272, 0, 0, 0
4901, 1, 1636425134046, 1636425134317, 271, 0, 271, 0, 0, 0
4902, 1, 1636425134498, 1636425134770, 272, 0, 272, 0, 0, 0
4903, 1, 1636425134950, 1636425135274, 324, 0, 324, 0, 0, 0
4904, 1, 1636425135549, 1636425135821, 272, 1, 271, 0, 0, 0
4906, 1, 1636425135957, 1636425136218, 261, 0, 261, 0, 0, 0
4905, 1, 1636425136001, 1636425136265, 264, 1, 263, 0, 0, 0
4907, 1, 1636425136446, 1636425136717, 271, 0, 271, 0, 0, 0
4908, 1, 1636425136513, 1636425136781, 268, 1, 267, 0, 0, 0
4909, 1, 1636425136958, 1636425137234, 276, 0, 276, 0, 0, 0
4910, 1, 1636425137162, 1636425137466, 304, 0, 304, 0, 0, 0
4911, 1, 1636425137633, 1636425137906, 273, 1, 272, 0, 1, 1
4912, 1, 1636425137717, 1636425137986, 269, 0, 269, 0, 0, 0
4913, 1, 1636425138142, 1636425138413, 271, 0, 271, 0, 0, 0
4914, 1, 1636425138241, 1636425138514, 273, 1, 272, 0, 0, 0
4915, 1, 1636425138698, 1636425138970, 272, 0, 272, 0, 0, 0
4916, 1, 1636425139162, 1636425139437, 275, 0, 275, 0, 0, 0
4918, 1, 1636425139630, 1636425139917, 287, 0, 287, 0, 0, 0
4917, 1, 1636425139617, 1636425139917, 300, 0, 300, 0, 0, 0
4919, 1, 1636425140129, 1636425140402, 273, 1, 272, 0, 1, 1
4920, 1, 1636425140125, 1636425140402, 277, 1, 276, 1, 0, 1
4922, 1, 1636425140185, 1636425140449, 264, 0, 264, 0, 0, 0
4921, 1, 1636425140585, 1636425140850, 265, 1, 264, 0, 0, 0
4923, 1, 1636425140625, 1636425140897, 272, 1, 271, 0, 1, 1
4924, 1, 1636425141030, 1636425141302, 272, 0, 272, 0, 0, 0
4926, 1, 1636425141274, 1636425141545, 271, 0, 271, 0, 0, 0
4927, 1, 1636425141290, 1636425141562, 272, 0, 272, 0, 0, 0
4925, 1, 1636425141485, 1636425141769, 284, 0, 284, 0, 0, 0
4928, 1, 1636425141862, 1636425142130, 268, 0, 268, 0, 0, 0
4929, 1, 1636425142030, 1636425142298, 268, 0, 268, 0, 0, 0
4930, 1, 1636425142158, 1636425142433, 275, 0, 275, 0, 0, 0
4899, 1, 1636425142357, 1636425142630, 273, 1, 272, 0, 0, 0
4931, 1, 1636425142405, 1636425142673, 268, 1, 267, 0, 0, 0
4933, 1, 1636425142662, 1636425142934, 272, 0, 272, 0, 0, 0
4932, 1, 1636425142854, 1636425143126, 272, 0, 272, 0, 0, 0
4934, 1, 1636425143114, 1636425143385, 271, 0, 271, 0, 0, 0
4935, 1, 1636425143333, 1636425143605, 272, 1, 271, 0, 1, 1
4937, 1, 1636425143741, 1636425144005, 264, 1, 263, 0, 0, 0
4936, 1, 1636425143785, 1636425144057, 272, 1, 271, 0, 1, 1
4939, 1, 1636425143890, 1636425144158, 268, 0, 268, 0, 0, 0
4938, 1, 1636425144186, 1636425144457, 271, 0, 271, 0, 0, 0
4940, 1, 1636425144293, 1636425144566, 273, 1, 272, 0, 0, 0
4941, 1, 1636425144498, 1636425144770, 272, 0, 272, 0, 0, 0
4943, 1, 1636425144729, 1636425145001, 272, 1, 271, 0, 0, 0
4942, 1, 1636425144954, 1636425145225, 271, 0, 271, 0, 0, 0
4944, 1, 1636425145185, 1636425145454, 269, 0, 269, 0, 0, 0
4945, 1, 1636425145214, 1636425145486, 272, 0, 272, 0, 0, 0
4946, 1, 1636425145458, 1636425145733, 275, 0, 275, 0, 0, 0
4947, 1, 1636425145670, 1636425145942, 272, 0, 272, 0, 0, 0
4948, 1, 1636425145922, 1636425146194, 272, 0, 272, 0, 0, 0
4949, 1, 1636425146217, 1636425146494, 277, 1, 276, 0, 0, 0
4952, 1, 1636425146349, 1636425146622, 273, 1, 272, 0, 0, 0
4951, 1, 1636425146374, 1636425146645, 271, 0, 271, 0, 0, 0
4950, 1, 1636425146674, 1636425146946, 272, 0, 272, 0, 0, 0
4953, 1, 1636425146830, 1636425147101, 271, 0, 271, 0, 0, 0
4954, 1, 1636425147094, 1636425147366, 272, 0, 272, 0, 0, 0
4955, 1, 1636425147550, 1636425147822, 272, 0, 272, 0, 0, 0
4956, 1, 1636425147726, 1636425147993, 267, 0, 267, 0, 0, 0
4957, 1, 1636425147849, 1636425148122, 273, 1, 272, 0, 1, 1
4958, 1, 1636425148001, 1636425148278, 277, 1, 276, 0, 1, 1
4959, 1, 1636425148305, 1636425148577, 272, 1, 271, 1, 0, 1
4960, 1, 1636425148438, 1636425148714, 276, 0, 276, 0, 0, 0
4962, 1, 1636425148838, 1636425149110, 272, 0, 272, 0, 0, 0
4961, 1, 1636425148893, 1636425149170, 277, 1, 276, 0, 0, 0
4963, 1, 1636425149042, 1636425149321, 279, 0, 279, 0, 0, 0
4964, 1, 1636425149221, 1636425149494, 273, 1, 272, 0, 0, 0
4965, 1, 1636425149290, 1636425149562, 272, 0, 272, 0, 0, 0
4966, 1, 1636425149545, 1636425149818, 273, 1, 272, 1, 0, 1
4967, 1, 1636425150030, 1636425150302, 272, 0, 272, 0, 0, 0
4969, 1, 1636425150093, 1636425150366, 273, 1, 272, 0, 0, 0
4970, 1, 1636425150322, 1636425150601, 279, 0, 279, 0, 0, 0
4968, 1, 1636425150485, 1636425150754, 269, 0, 269, 0, 0, 0
4971, 1, 1636425150586, 1636425150857, 271, 0, 271, 0, 0, 0
4972, 1, 1636425151038, 1636425151310, 272, 0, 272, 0, 0, 0
4973, 1, 1636425151222, 1636425151498, 276, 0, 276, 0, 0, 0
4975, 1, 1636425151609, 1636425151873, 264, 0, 264, 0, 0, 0
4974, 1, 1636425151678, 1636425151946, 268, 0, 268, 0, 0, 0
4976, 1, 1636425151705, 1636425151974, 269, 0, 269, 0, 0, 0
4977, 1, 1636425152057, 1636425152325, 268, 1, 267, 0, 0, 0
4978, 1, 1636425152149, 1636425152417, 268, 0, 268, 0, 0, 0
4979, 1, 1636425152266, 1636425152533, 267, 0, 267, 0, 0, 0
4981, 1, 1636425152597, 1636425152865, 268, 1, 267, 0, 0, 0
4980, 1, 1636425152709, 1636425152982, 273, 1, 272, 0, 0, 0
4982, 1, 1636425153049, 1636425153317, 268, 0, 268, 0, 0, 0
4983, 1, 1636425153125, 1636425153394, 269, 1, 268, 0, 0, 0
4984, 1, 1636425153386, 1636425153658, 272, 0, 272, 0, 0, 0
4985, 1, 1636425153765, 1636425154038, 273, 1, 272, 0, 1, 1
4986, 1, 1636425153850, 1636425154121, 271, 0, 271, 0, 0, 0
4987, 1, 1636425154226, 1636425154506, 280, 0, 280, 0, 0, 0
4989, 1, 1636425154298, 1636425154570, 272, 0, 272, 0, 0, 0
4990, 1, 1636425154593, 1636425154862, 269, 1, 268, 0, 0, 0
4988, 1, 1636425154681, 1636425154953, 272, 1, 271, 0, 0, 0
4991, 1, 1636425154749, 1636425155021, 272, 1, 271, 0, 0, 0
4992, 1, 1636425155085, 1636425155358, 273, 1, 272, 1, 0, 1
4993, 1, 1636425155542, 1636425155814, 272, 0, 272, 0, 0, 0
4994, 1, 1636425155778, 1636425156049, 271, 0, 271, 0, 0, 0
4997, 1, 1636425155994, 1636425156266, 272, 0, 272, 0, 0, 0
4995, 1, 1636425155994, 1636425156269, 275, 0, 275, 0, 0, 0
4996, 1, 1636425156225, 1636425156493, 268, 0, 268, 0, 0, 0
4998, 1, 1636425156470, 1636425156741, 271, 0, 271, 0, 0, 0
5000, 1, 1636425156762, 1636425157034, 272, 0, 272, 0, 0, 0
4999, 1, 1636425156921, 1636425157198, 277, 1, 276, 0, 0, 0
5002, 1, 1636425157089, 1636425157361, 272, 1, 271, 1, 0, 1
5001, 1, 1636425157217, 1636425157489, 272, 1, 271, 1, 0, 1
5003, 1, 1636425157250, 1636425157526, 276, 0, 276, 0, 0, 0
5004, 1, 1636425157885, 1636425158157, 272, 1, 271, 0, 0, 0
5005, 1, 1636425158017, 1636425158290, 273, 1, 272, 0, 0, 0
5006, 1, 1636425158353, 1636425158621, 268, 1, 267, 0, 0, 0
5008, 1, 1636425158469, 1636425158741, 272, 1, 271, 0, 0, 0
5010, 1, 1636425158714, 1636425158990, 276, 0, 276, 0, 0, 0
5007, 1, 1636425158801, 1636425159073, 272, 1, 271, 0, 1, 1
5009, 1, 1636425158929, 1636425159202, 273, 1, 272, 0, 0, 0
5011, 1, 1636425159017, 1636425159289, 272, 1, 271, 0, 1, 1
5013, 1, 1636425159477, 1636425159742, 265, 0, 265, 0, 0, 0
5012, 1, 1636425159469, 1636425159742, 273, 1, 272, 0, 0, 0
5015, 1, 1636425159922, 1636425160190, 268, 0, 268, 0, 0, 0
5014, 1, 1636425159922, 1636425160190, 268, 0, 268, 0, 0, 0
5016, 1, 1636425160113, 1636425160390, 277, 1, 276, 0, 0, 0
5017, 1, 1636425160466, 1636425160738, 272, 0, 272, 0, 0, 0
5018, 1, 1636425160590, 1636425160862, 272, 0, 272, 0, 0, 0
5020, 1, 1636425160917, 1636425161181, 264, 0, 264, 0, 0, 0
5021, 1, 1636425161001, 1636425161269, 268, 0, 268, 0, 0, 0
5019, 1, 1636425161042, 1636425161314, 272, 0, 272, 0, 0, 0
5022, 1, 1636425161053, 1636425161326, 273, 1, 272, 1, 0, 1
5023, 1, 1636425161878, 1636425162150, 272, 0, 272, 0, 0, 0
5024, 1, 1636425161886, 1636425162154, 268, 0, 268, 0, 0, 0
5025, 1, 1636425162334, 1636425162602, 268, 0, 268, 0, 0, 0
5027, 1, 1636425162398, 1636425162669, 271, 0, 271, 0, 0, 0
5029, 1, 1636425162726, 1636425162998, 272, 0, 272, 0, 0, 0
5026, 1, 1636425162786, 1636425163058, 272, 0, 272, 0, 0, 0
5028, 1, 1636425162849, 1636425163121, 272, 1, 271, 0, 1, 1
5030, 1, 1636425163202, 1636425163474, 272, 0, 272, 0, 0, 0
5032, 1, 1636425163438, 1636425163709, 271, 0, 271, 0, 0, 0
5031, 1, 1636425163657, 1636425163930, 273, 1, 272, 1, 0, 1
5033, 1, 1636425163889, 1636425164169, 280, 1, 279, 0, 0, 0
5034, 1, 1636425164114, 1636425164385, 271, 0, 271, 0, 0, 0
5035, 1, 1636425164117, 1636425164393, 276, 1, 275, 1, 0, 1
5037, 1, 1636425164425, 1636425164698, 273, 1, 272, 1, 0, 1
5036, 1, 1636425164574, 1636425164850, 276, 0, 276, 0, 0, 0
5038, 1, 1636425164882, 1636425165153, 271, 0, 271, 0, 0, 0
5040, 1, 1636425164966, 1636425165238, 272, 0, 272, 0, 0, 0
5039, 1, 1636425165029, 1636425165298, 269, 1, 268, 0, 0, 0
5041, 1, 1636425165373, 1636425165646, 273, 0, 273, 0, 0, 0
5042, 1, 1636425165838, 1636425166110, 272, 0, 272, 0, 0, 0
5043, 1, 1636425165845, 1636425166117, 272, 1, 271, 0, 0, 0
5046, 1, 1636425166293, 1636425166565, 272, 1, 271, 0, 0, 0
5047, 1, 1636425166749, 1636425167025, 276, 1, 275, 0, 1, 1
5048, 1, 1636425167017, 1636425167290, 273, 1, 272, 0, 1, 1
5049, 1, 1636425167278, 1636425167550, 272, 0, 272, 0, 0, 0
5051, 1, 1636425167725, 1636425167998, 273, 1, 272, 0, 0, 0
5050, 1, 1636425167730, 1636425168005, 275, 0, 275, 0, 0, 0
5052, 1, 1636425168182, 1636425168458, 276, 0, 276, 0, 0, 0
5054, 1, 1636425168190, 1636425168462, 272, 0, 272, 0, 0, 0
5057, 1, 1636425168694, 1636425168970, 276, 0, 276, 0, 0, 0
5058, 1, 1636425169153, 1636425169426, 273, 1, 272, 0, 0, 0
5059, 1, 1636425169225, 1636425169497, 272, 1, 271, 1, 0, 1
5060, 1, 1636425169449, 1636425169722, 273, 1, 272, 0, 0, 0
5061, 1, 1636425170030, 1636425170301, 271, 0, 271, 0, 0, 0
5062, 1, 1636425170166, 1636425170434, 268, 0, 268, 0, 0, 0
5063, 1, 1636425170617, 1636425170894, 277, 1, 276, 0, 0, 0
5065, 1, 1636425171029, 1636425171290, 261, 0, 261, 0, 0, 0
5064, 1, 1636425171073, 1636425171337, 264, 0, 264, 0, 0, 0
5066, 1, 1636425171365, 1636425171638, 273, 1, 272, 0, 1, 1
5067, 1, 1636425171474, 1636425171750, 276, 0, 276, 0, 0, 0
5068, 1, 1636425171930, 1636425172202, 272, 0, 272, 0, 0, 0
5069, 1, 1636425171994, 1636425172262, 268, 0, 268, 0, 0, 0
5070, 1, 1636425172446, 1636425172722, 276, 0, 276, 0, 0, 0
5071, 1, 1636425172981, 1636425173249, 268, 1, 267, 0, 0, 0
5073, 1, 1636425173201, 1636425173473, 272, 1, 271, 0, 0, 0
5072, 1, 1636425173429, 1636425173701, 272, 1, 271, 0, 0, 0
5074, 1, 1636425173470, 1636425173742, 272, 0, 272, 0, 0, 0
5075, 1, 1636425174238, 1636425174509, 271, 0, 271, 0, 0, 0
5076, 1, 1636425174278, 1636425174545, 267, 0, 267, 0, 0, 0
5077, 1, 1636425174846, 1636425175117, 271, 0, 271, 0, 0, 0
5078, 1, 1636425174901, 1636425175174, 273, 1, 272, 0, 0, 0
5080, 1, 1636425175297, 1636425175570, 273, 1, 272, 0, 1, 1
5079, 1, 1636425175349, 1636425175614, 265, 1, 264, 0, 0, 0
5081, 1, 1636425175394, 1636425175661, 267, 0, 267, 0, 0, 0
5082, 1, 1636425175749, 1636425176021, 272, 1, 271, 0, 0, 0
5089, 1, 1636425176882, 1636425177158, 276, 0, 276, 0, 0, 0
5090, 1, 1636425177253, 1636425177526, 273, 1, 272, 0, 0, 0
5092, 1, 1636425178077, 1636425178350, 273, 1, 272, 0, 0, 0
5056, 1, 1636425178097, 1636425178366, 269, 1, 268, 1, 0, 1
5101, 1, 1636425179498, 1636425179769, 271, 0, 271, 0, 0, 0
5103, 1, 1636425181430, 1636425181702, 272, 0, 272, 0, 0, 0
5104, 1, 1636425182269, 1636425182542, 273, 1, 272, 0, 0, 0
5106, 1, 1636425185734, 1636425186006, 272, 0, 272, 0, 0, 0
5107, 1, 1636425186137, 1636425186410, 273, 1, 272, 0, 0, 0
5109, 1, 1636425186338, 1636425186701, 363, 0, 363, 0, 0, 0
5108, 1, 1636425186614, 1636425186886, 272, 0, 272, 0, 0, 0
5110, 1, 1636425186922, 1636425187198, 276, 0, 276, 0, 0, 0
5112, 1, 1636425187066, 1636425187337, 271, 0, 271, 0, 0, 0
5111, 1, 1636425187381, 1636425187657, 276, 1, 275, 0, 0, 0
5113, 1, 1636425187514, 1636425187786, 272, 0, 272, 0, 0, 0
5114, 1, 1636425188310, 1636425188586, 276, 0, 276, 0, 0, 0
5098, 1, 1636425188657, 1636425188926, 269, 0, 269, 0, 0, 0
5115, 1, 1636425188741, 1636425189017, 276, 1, 275, 0, 0, 0
5117, 1, 1636425188957, 1636425189261, 304, 1, 303, 0, 0, 0
5122, 1, 1636425189393, 1636425189669, 276, 0, 276, 0, 0, 0
5120, 1, 1636425189437, 1636425189701, 264, 1, 263, 0, 0, 0
5124, 1, 1636425189853, 1636425190126, 273, 0, 273, 0, 0, 0
5126, 1, 1636425190258, 1636425190526, 268, 0, 268, 0, 0, 0
5125, 1, 1636425190301, 1636425190570, 269, 1, 268, 0, 0, 0
5127, 1, 1636425190773, 1636425191046, 273, 0, 273, 0, 0, 0
5105, 1, 1636425190817, 1636425191086, 269, 0, 269, 0, 0, 0
5128, 1, 1636425190909, 1636425191182, 273, 1, 272, 0, 0, 0
5129, 1, 1636425191221, 1636425191486, 265, 0, 265, 0, 0, 0
5131, 1, 1636425191362, 1636425191630, 268, 0, 268, 0, 0, 0
5133, 1, 1636425192030, 1636425192302, 272, 0, 272, 0, 0, 0
5134, 1, 1636425192653, 1636425192918, 265, 0, 265, 0, 0, 0
5135, 1, 1636425192697, 1636425192961, 264, 0, 264, 0, 0, 0
5137, 1, 1636425193114, 1636425193386, 272, 0, 272, 0, 0, 0
5136, 1, 1636425193142, 1636425193414, 272, 0, 272, 0, 0, 0
5140, 1, 1636425193930, 1636425194206, 276, 0, 276, 0, 0, 0
5142, 1, 1636425194834, 1636425195105, 271, 0, 271, 0, 0, 0
5144, 1, 1636425195289, 1636425195566, 277, 0, 277, 0, 0, 0
5147, 1, 1636425196562, 1636425196834, 272, 0, 272, 0, 0, 0
5149, 1, 1636425197417, 1636425197686, 269, 0, 269, 0, 0, 0
5150, 1, 1636425198054, 1636425198326, 272, 0, 272, 0, 0, 0
5151, 1, 1636425198633, 1636425198901, 268, 0, 268, 0, 0, 0
5152, 1, 1636425199081, 1636425199350, 269, 1, 268, 0, 0, 0
5158, 1, 1636425200509, 1636425200782, 273, 1, 272, 0, 0, 0
5160, 1, 1636425201622, 1636425201898, 276, 0, 276, 0, 0, 0
5162, 1, 1636425202230, 1636425202506, 276, 0, 276, 0, 0, 0
5163, 1, 1636425202546, 1636425202817, 271, 0, 271, 0, 0, 0
5164, 1, 1636425202998, 1636425203274, 276, 0, 276, 0, 0, 0
5167, 1, 1636425204426, 1636425204698, 272, 0, 272, 0, 0, 0
5170, 1, 1636425205314, 1636425205586, 272, 0, 272, 0, 0, 0
5171, 1, 1636425206102, 1636425206373, 271, 0, 271, 0, 0, 0
5173, 1, 1636425206269, 1636425206542, 273, 1, 272, 0, 0, 0
5148, 1, 1636425206558, 1636425206830, 272, 0, 272, 0, 0, 0
5175, 1, 1636425206882, 1636425207157, 275, 0, 275, 0, 0, 0
5177, 1, 1636425208150, 1636425208422, 272, 0, 272, 0, 0, 0
5178, 1, 1636425209266, 1636425209665, 399, 0, 399, 0, 0, 0
5180, 1, 1636425209925, 1636425210202, 277, 1, 276, 0, 1, 1
5182, 1, 1636425209938, 1636425210210, 272, 0, 272, 0, 0, 0
5185, 1, 1636425210294, 1636425210570, 276, 0, 276, 0, 0, 0
5186, 1, 1636425210882, 1636425211154, 272, 0, 272, 0, 0, 0
5189, 1, 1636425212174, 1636425212450, 276, 0, 276, 0, 0, 0
5190, 1, 1636425213194, 1636425213466, 272, 0, 272, 0, 0, 0
5191, 1, 1636425213646, 1636425213918, 272, 0, 272, 0, 0, 0
5192, 1, 1636425213981, 1636425214257, 276, 1, 275, 0, 0, 0
5193, 1, 1636425214114, 1636425214386, 272, 0, 272, 0, 0, 0
5196, 1, 1636425214701, 1636425214966, 265, 0, 265, 0, 0, 0
5199, 1, 1636425215850, 1636425216122, 272, 0, 272, 0, 0, 0
5176, 1, 1636425216858, 1636425217130, 272, 0, 272, 0, 0, 0
5202, 1, 1636425217170, 1636425217446, 276, 0, 276, 0, 0, 0
5203, 1, 1636425217625, 1636425217898, 273, 1, 272, 0, 0, 0
5205, 1, 1636425217641, 1636425217917, 276, 1, 275, 0, 0, 0
5206, 1, 1636425218338, 1636425218610, 272, 0, 272, 0, 0, 0
5207, 1, 1636425218490, 1636425218762, 272, 0, 272, 0, 0, 0
5208, 1, 1636425219646, 1636425219917, 271, 0, 271, 0, 0, 0
5213, 1, 1636425220946, 1636425221217, 271, 0, 271, 0, 0, 0
5214, 1, 1636425221401, 1636425221674, 273, 1, 272, 0, 0, 0
5215, 1, 1636425221709, 1636425221986, 277, 1, 276, 0, 0, 0
5217, 1, 1636425222149, 1636425222421, 272, 1, 271, 0, 0, 0
5219, 1, 1636425222637, 1636425222909, 272, 1, 271, 1, 0, 1
5221, 1, 1636425223714, 1636425223986, 272, 0, 272, 0, 0, 0
5224, 1, 1636425224630, 1636425224897, 267, 0, 267, 0, 0, 0
5225, 1, 1636425225241, 1636425225545, 304, 1, 303, 0, 0, 0
5227, 1, 1636425225633, 1636425225902, 269, 0, 269, 0, 0, 0
5229, 1, 1636425226058, 1636425226334, 276, 0, 276, 0, 0, 0
5230, 1, 1636425226606, 1636425226878, 272, 0, 272, 0, 0, 0
5204, 1, 1636425227162, 1636425227438, 276, 0, 276, 0, 0, 0
5233, 1, 1636425227610, 1636425227882, 272, 0, 272, 0, 0, 0
5235, 1, 1636425228858, 1636425229129, 271, 0, 271, 0, 0, 0
5236, 1, 1636425229318, 1636425229590, 272, 0, 272, 0, 0, 0
5237, 1, 1636425229582, 1636425229854, 272, 0, 272, 0, 0, 0
5238, 1, 1636425230254, 1636425230525, 271, 0, 271, 0, 0, 0
5239, 1, 1636425230330, 1636425230602, 272, 0, 272, 0, 0, 0
5243, 1, 1636425231097, 1636425231370, 273, 1, 272, 1, 0, 1
5244, 1, 1636425231274, 1636425231545, 271, 0, 271, 0, 0, 0
5247, 1, 1636425232733, 1636425233010, 277, 1, 276, 1, 0, 1
5248, 1, 1636425233194, 1636425233465, 271, 0, 271, 0, 0, 0
5249, 1, 1636425233370, 1636425233642, 272, 0, 272, 0, 0, 0
5252, 1, 1636425234462, 1636425234774, 312, 0, 312, 0, 0, 0
5253, 1, 1636425234774, 1636425235046, 272, 0, 272, 0, 0, 0
5259, 1, 1636425236729, 1636425237005, 276, 1, 275, 1, 0, 1
5260, 1, 1636425237185, 1636425237454, 269, 1, 268, 0, 1, 1
5262, 1, 1636425237202, 1636425237506, 304, 0, 304, 0, 0, 0
5234, 1, 1636425237462, 1636425237722, 260, 0, 260, 0, 0, 0
5265, 1, 1636425238302, 1636425238578, 276, 0, 276, 0, 0, 0
5266, 1, 1636425238890, 1636425239162, 272, 0, 272, 0, 0, 0
5267, 1, 1636425240502, 1636425240778, 276, 0, 276, 0, 0, 0
5268, 1, 1636425240962, 1636425241333, 371, 0, 371, 0, 0, 0
5270, 1, 1636425241858, 1636425242133, 275, 0, 275, 0, 0, 0
5273, 1, 1636425242110, 1636425242406, 296, 0, 296, 0, 0, 0
5271, 1, 1636425242317, 1636425242586, 269, 0, 269, 0, 0, 0
5275, 1, 1636425242957, 1636425243222, 265, 0, 265, 0, 0, 0
5277, 1, 1636425244001, 1636425244274, 273, 1, 272, 0, 0, 0
5278, 1, 1636425244714, 1636425245074, 360, 0, 360, 0, 0, 0
5279, 1, 1636425244765, 1636425245077, 312, 1, 311, 0, 0, 0
5280, 1, 1636425245254, 1636425245526, 272, 0, 272, 0, 0, 0
5283, 1, 1636425245694, 1636425245966, 272, 0, 272, 0, 0, 0
5284, 1, 1636425245877, 1636425246161, 284, 1, 283, 0, 1, 1
5286, 1, 1636425246101, 1636425246374, 273, 1, 272, 1, 0, 1
5285, 1, 1636425246345, 1636425246621, 276, 1, 275, 0, 0, 0
5289, 1, 1636425246786, 1636425247058, 272, 0, 272, 0, 0, 0
5264, 1, 1636425247765, 1636425248038, 273, 1, 272, 0, 0, 0
5291, 1, 1636425247813, 1636425248082, 269, 1, 268, 0, 0, 0
5294, 1, 1636425248562, 1636425248834, 272, 0, 272, 0, 0, 0
5295, 1, 1636425248986, 1636425249262, 276, 0, 276, 0, 0, 0
5296, 1, 1636425249442, 1636425249713, 271, 0, 271, 0, 0, 0
5297, 1, 1636425249513, 1636425249785, 272, 1, 271, 1, 0, 1
5298, 1, 1636425249662, 1636425249929, 267, 0, 267, 0, 0, 0
5299, 1, 1636425250110, 1636425250390, 280, 0, 280, 0, 0, 0
5300, 1, 1636425250246, 1636425250513, 267, 0, 267, 0, 0, 0
5301, 1, 1636425250570, 1636425250842, 272, 0, 272, 0, 0, 0
5302, 1, 1636425251497, 1636425251770, 273, 1, 272, 1, 0, 1
5304, 1, 1636425252242, 1636425252514, 272, 0, 272, 0, 0, 0
5307, 1, 1636425253194, 1636425253465, 271, 0, 271, 0, 0, 0
5308, 1, 1636425253241, 1636425253513, 272, 1, 271, 1, 0, 1
5311, 1, 1636425253433, 1636425253701, 268, 1, 267, 0, 0, 0
5309, 1, 1636425253694, 1636425253966, 272, 0, 272, 0, 0, 0
5312, 1, 1636425253885, 1636425254157, 272, 0, 272, 0, 0, 0
5313, 1, 1636425254250, 1636425254517, 267, 0, 267, 0, 0, 0
5314, 1, 1636425254630, 1636425254905, 275, 0, 275, 0, 0, 0
5316, 1, 1636425255498, 1636425255770, 272, 0, 272, 0, 0, 0
5318, 1, 1636425256250, 1636425256562, 312, 0, 312, 0, 0, 0
5323, 1, 1636425257429, 1636425257702, 273, 1, 272, 0, 0, 0
5324, 1, 1636425257574, 1636425257846, 272, 0, 272, 0, 0, 0
5326, 1, 1636425258025, 1636425258301, 276, 1, 275, 1, 0, 1
5293, 1, 1636425258066, 1636425258341, 275, 0, 275, 0, 0, 0
5327, 1, 1636425258290, 1636425258565, 275, 0, 275, 0, 0, 0
5330, 1, 1636425258810, 1636425259082, 272, 0, 272, 0, 0, 0
5331, 1, 1636425259410, 1636425259682, 272, 0, 272, 0, 0, 0
5332, 1, 1636425260026, 1636425260294, 268, 0, 268, 0, 0, 0
5333, 1, 1636425261301, 1636425261574, 273, 1, 272, 0, 0, 0
5334, 1, 1636425261721, 1636425261997, 276, 1, 275, 0, 1, 1
5335, 1, 1636425261894, 1636425262166, 272, 0, 272, 0, 0, 0
5336, 1, 1636425262174, 1636425262450, 276, 0, 276, 0, 0, 0
5337, 1, 1636425262213, 1636425262482, 269, 1, 268, 0, 0, 0
5338, 1, 1636425262701, 1636425262974, 273, 0, 273, 0, 0, 0
5339, 1, 1636425263382, 1636425263658, 276, 0, 276, 0, 0, 0
5341, 1, 1636425263382, 1636425263658, 276, 0, 276, 0, 0, 0
5343, 1, 1636425263994, 1636425264266, 272, 0, 272, 0, 0, 0
5344, 1, 1636425265298, 1636425265605, 307, 0, 307, 0, 0, 0
5345, 1, 1636425265553, 1636425265825, 272, 1, 271, 0, 0, 0
5349, 1, 1636425265929, 1636425266198, 269, 0, 269, 0, 0, 0
5350, 1, 1636425265998, 1636425266270, 272, 0, 272, 0, 0, 0
5348, 1, 1636425266005, 1636425266278, 273, 1, 272, 0, 0, 0
5351, 1, 1636425266562, 1636425266869, 307, 0, 307, 0, 0, 0
5354, 1, 1636425267222, 1636425267493, 271, 0, 271, 0, 0, 0
5355, 1, 1636425267341, 1636425267622, 281, 1, 280, 1, 0, 1
5356, 1, 1636425267705, 1636425267977, 272, 1, 271, 0, 0, 0
5358, 1, 1636425267937, 1636425268209, 272, 1, 271, 0, 0, 0
5357, 1, 1636425268157, 1636425268430, 273, 1, 272, 0, 0, 0
5329, 1, 1636425268373, 1636425268646, 273, 1, 272, 0, 1, 1
5362, 1, 1636425269202, 1636425269474, 272, 0, 272, 0, 0, 0
5363, 1, 1636425269358, 1636425269634, 276, 0, 276, 0, 0, 0
5364, 1, 1636425269817, 1636425270090, 273, 1, 272, 1, 0, 1
5365, 1, 1636425269986, 1636425270258, 272, 0, 272, 0, 0, 0
5366, 1, 1636425270230, 1636425270506, 276, 0, 276, 0, 0, 0
5367, 1, 1636425270425, 1636425270698, 273, 1, 272, 0, 0, 0
5368, 1, 1636425271285, 1636425271558, 273, 1, 272, 0, 0, 0
5369, 1, 1636425271477, 1636425271757, 280, 1, 279, 0, 0, 0
5371, 1, 1636425271726, 1636425271997, 271, 0, 271, 0, 0, 0
5370, 1, 1636425271738, 1636425272010, 272, 0, 272, 0, 0, 0
5372, 1, 1636425272150, 1636425272422, 272, 0, 272, 0, 0, 0
5373, 1, 1636425273238, 1636425273510, 272, 0, 272, 0, 0, 0
5374, 1, 1636425273313, 1636425273585, 272, 1, 271, 0, 0, 0
5375, 1, 1636425273686, 1636425273958, 272, 0, 272, 0, 0, 0
5379, 1, 1636425274381, 1636425274654, 273, 1, 272, 1, 0, 1
5380, 1, 1636425274402, 1636425274674, 272, 0, 272, 0, 0, 0
5381, 1, 1636425275489, 1636425275753, 264, 0, 264, 0, 0, 0
5382, 1, 1636425275502, 1636425275769, 267, 0, 267, 0, 0, 0
5383, 1, 1636425275529, 1636425275801, 272, 1, 271, 0, 1, 1
5384, 1, 1636425275946, 1636425276217, 271, 0, 271, 0, 0, 0
5387, 1, 1636425276162, 1636425276434, 272, 0, 272, 0, 0, 0
5390, 1, 1636425277394, 1636425277669, 275, 0, 275, 0, 0, 0
5392, 1, 1636425277590, 1636425277862, 272, 0, 272, 0, 0, 0
5391, 1, 1636425277850, 1636425278122, 272, 0, 272, 0, 0, 0
5393, 1, 1636425278190, 1636425278462, 272, 0, 272, 0, 0, 0
5395, 1, 1636425278665, 1636425278942, 277, 1, 276, 0, 1, 1
5361, 1, 1636425278677, 1636425278953, 276, 0, 276, 0, 0, 0
5397, 1, 1636425279201, 1636425279474, 273, 1, 272, 0, 1, 1
5399, 1, 1636425279393, 1636425279666, 273, 1, 272, 1, 0, 1
5400, 1, 1636425279505, 1636425279778, 273, 1, 272, 1, 0, 1
5401, 1, 1636425279850, 1636425280122, 272, 0, 272, 0, 0, 0
5402, 1, 1636425280178, 1636425280454, 276, 0, 276, 0, 0, 0
5403, 1, 1636425281278, 1636425281550, 272, 0, 272, 0, 0, 0
5405, 1, 1636425281605, 1636425281873, 268, 0, 268, 0, 0, 0
5404, 1, 1636425281730, 1636425282002, 272, 0, 272, 0, 0, 0
5406, 1, 1636425282053, 1636425282326, 273, 1, 272, 0, 1, 1
5407, 1, 1636425282441, 1636425282710, 269, 0, 269, 0, 0, 0
5409, 1, 1636425283254, 1636425283526, 272, 0, 272, 0, 0, 0
5411, 1, 1636425283505, 1636425283778, 273, 1, 272, 1, 0, 1
5410, 1, 1636425283706, 1636425283982, 276, 0, 276, 0, 0, 0
5413, 1, 1636425284458, 1636425284730, 272, 0, 272, 0, 0, 0
5414, 1, 1636425284466, 1636425284738, 272, 0, 272, 0, 0, 0
5415, 1, 1636425284922, 1636425285194, 272, 0, 272, 0, 0, 0
5417, 1, 1636425285317, 1636425285590, 273, 1, 272, 0, 1, 1
5418, 1, 1636425285774, 1636425286046, 272, 0, 272, 0, 0, 0
5419, 1, 1636425286117, 1636425286386, 269, 0, 269, 0, 0, 0
5420, 1, 1636425286306, 1636425286578, 272, 0, 272, 0, 0, 0
5421, 1, 1636425286422, 1636425286693, 271, 0, 271, 0, 0, 0
5422, 1, 1636425286877, 1636425287173, 296, 1, 295, 1, 0, 1
5423, 1, 1636425287438, 1636425287710, 272, 0, 272, 0, 0, 0
5424, 1, 1636425287494, 1636425287766, 272, 0, 272, 0, 0, 0
5427, 1, 1636425287686, 1636425287957, 271, 0, 271, 0, 0, 0
5426, 1, 1636425287893, 1636425288161, 268, 0, 268, 0, 0, 0
5425, 1, 1636425287945, 1636425288214, 269, 0, 269, 0, 0, 0
5428, 1, 1636425288106, 1636425288410, 304, 0, 304, 0, 0, 0
5429, 1, 1636425288114, 1636425288410, 296, 0, 296, 0, 0, 0
5430, 1, 1636425288590, 1636425288866, 276, 0, 276, 0, 0, 0
5431, 1, 1636425288674, 1636425288945, 271, 0, 271, 0, 0, 0
5398, 1, 1636425288977, 1636425289245, 268, 0, 268, 0, 0, 0
5433, 1, 1636425289245, 1636425289517, 272, 1, 271, 0, 0, 0
5432, 1, 1636425289281, 1636425289554, 273, 1, 272, 0, 0, 0
5434, 1, 1636425289697, 1636425289970, 273, 1, 272, 1, 0, 1
5435, 1, 1636425289734, 1636425290002, 268, 0, 268, 0, 0, 0
5436, 1, 1636425289785, 1636425290049, 264, 1, 263, 0, 0, 0
5437, 1, 1636425290269, 1636425290537, 268, 0, 268, 0, 0, 0
5439, 1, 1636425290417, 1636425290685, 268, 0, 268, 0, 0, 0
5438, 1, 1636425290717, 1636425290986, 269, 0, 269, 0, 0, 0
5440, 1, 1636425291173, 1636425291441, 268, 1, 267, 0, 0, 0
5442, 1, 1636425291537, 1636425291809, 272, 1, 271, 0, 0, 0
5443, 1, 1636425291577, 1636425291842, 265, 0, 265, 0, 0, 0
5441, 1, 1636425291621, 1636425291889, 268, 1, 267, 0, 1, 1
5445, 1, 1636425291849, 1636425292118, 269, 1, 268, 0, 0, 0
5444, 1, 1636425291994, 1636425292266, 272, 0, 272, 0, 0, 0
5446, 1, 1636425291994, 1636425292266, 272, 0, 272, 0, 0, 0
5447, 1, 1636425292265, 1636425292538, 273, 1, 272, 0, 0, 0
5448, 1, 1636425292297, 1636425292570, 273, 1, 272, 0, 0, 0
5449, 1, 1636425292962, 1636425293233, 271, 0, 271, 0, 0, 0
5450, 1, 1636425293169, 1636425293438, 269, 1, 268, 1, 0, 1
5451, 1, 1636425293417, 1636425293690, 273, 0, 273, 0, 0, 0
5452, 1, 1636425293490, 1636425293761, 271, 0, 271, 0, 0, 0
5453, 1, 1636425293622, 1636425293889, 267, 0, 267, 0, 0, 0
5454, 1, 1636425293749, 1636425294022, 273, 1, 272, 0, 1, 1
5455, 1, 1636425293986, 1636425294258, 272, 0, 272, 0, 0, 0
5456, 1, 1636425294250, 1636425294522, 272, 0, 272, 0, 0, 0
5457, 1, 1636425294442, 1636425294714, 272, 0, 272, 0, 0, 0
5458, 1, 1636425294669, 1636425294941, 272, 1, 271, 1, 0, 1
5459, 1, 1636425294898, 1636425295169, 271, 0, 271, 0, 0, 0
5460, 1, 1636425295414, 1636425295686, 272, 0, 272, 0, 0, 0
5461, 1, 1636425295493, 1636425295765, 272, 1, 271, 0, 0, 0
5462, 1, 1636425295585, 1636425295858, 273, 1, 272, 0, 0, 0
5463, 1, 1636425295853, 1636425296126, 273, 1, 272, 1, 0, 1
5464, 1, 1636425295873, 1636425296150, 277, 1, 276, 1, 0, 1
5466, 1, 1636425295953, 1636425296221, 268, 1, 267, 0, 0, 0
5467, 1, 1636425295993, 1636425296262, 269, 0, 269, 0, 0, 0
5465, 1, 1636425296309, 1636425296582, 273, 0, 273, 0, 0, 0
5468, 1, 1636425296705, 1636425296978, 273, 0, 273, 0, 0, 0
5469, 1, 1636425296886, 1636425297158, 272, 0, 272, 0, 0, 0
5471, 1, 1636425297261, 1636425297533, 272, 1, 271, 0, 0, 0
5470, 1, 1636425297341, 1636425297618, 277, 1, 276, 0, 1, 1
5473, 1, 1636425297638, 1636425297917, 279, 0, 279, 0, 0, 0
5474, 1, 1636425297694, 1636425297965, 271, 0, 271, 0, 0, 0
5472, 1, 1636425297713, 1636425297981, 268, 1, 267, 0, 0, 0
5475, 1, 1636425298022, 1636425298294, 272, 0, 272, 0, 0, 0
5476, 1, 1636425298401, 1636425298674, 273, 1, 272, 1, 0, 1
5477, 1, 1636425298421, 1636425298693, 272, 1, 271, 0, 0, 0
5478, 1, 1636425298550, 1636425298826, 276, 0, 276, 0, 0, 0
5479, 1, 1636425299069, 1636425299338, 269, 1, 268, 0, 0, 0
5480, 1, 1636425299117, 1636425299382, 265, 0, 265, 0, 0, 0
5481, 1, 1636425299517, 1636425299785, 268, 0, 268, 0, 0, 0
5482, 1, 1636425299550, 1636425299822, 272, 0, 272, 0, 0, 0
5483, 1, 1636425299626, 1636425299897, 271, 0, 271, 0, 0, 0
5484, 1, 1636425299738, 1636425300009, 271, 0, 271, 0, 0, 0
5486, 1, 1636425300017, 1636425300285, 268, 0, 268, 0, 0, 0
5485, 1, 1636425300078, 1636425300345, 267, 0, 267, 0, 0, 0
5487, 1, 1636425300238, 1636425300509, 271, 0, 271, 0, 0, 0
5488, 1, 1636425300657, 1636425300929, 272, 1, 271, 0, 0, 0
5489, 1, 1636425300918, 1636425301189, 271, 0, 271, 0, 0, 0
5490, 1, 1636425301417, 1636425301694, 277, 1, 276, 0, 1, 1
5492, 1, 1636425301489, 1636425301758, 269, 0, 269, 0, 0, 0
5493, 1, 1636425301693, 1636425301969, 276, 1, 275, 0, 0, 0
5494, 1, 1636425301822, 1636425302089, 267, 0, 267, 0, 0, 0
5491, 1, 1636425301873, 1636425302133, 260, 1, 259, 0, 0, 0
5495, 1, 1636425301906, 1636425302170, 264, 0, 264, 0, 0, 0
5496, 1, 1636425302221, 1636425302493, 272, 1, 271, 0, 1, 1
5497, 1, 1636425302617, 1636425302890, 273, 1, 272, 0, 0, 0
5498, 1, 1636425302645, 1636425302917, 272, 1, 271, 0, 0, 0
5499, 1, 1636425302890, 1636425303166, 276, 0, 276, 0, 0, 0
5500, 1, 1636425302961, 1636425303233, 272, 1, 271, 0, 0, 0
5502, 1, 1636425303346, 1636425303617, 271, 0, 271, 0, 0, 0
5501, 1, 1636425303341, 1636425303618, 277, 1, 276, 0, 0, 0
5503, 1, 1636425303813, 1636425304085, 272, 1, 271, 0, 0, 0
5504, 1, 1636425303833, 1636425304106, 273, 1, 272, 0, 1, 1
5505, 1, 1636425303869, 1636425304142, 273, 1, 272, 0, 1, 1
5507, 1, 1636425304262, 1636425304534, 272, 0, 272, 0, 0, 0
5506, 1, 1636425304265, 1636425304538, 273, 1, 272, 0, 1, 1
5508, 1, 1636425304733, 1636425305006, 273, 1, 272, 0, 0, 0
5509, 1, 1636425304801, 1636425305070, 269, 1, 268, 0, 0, 0
5510, 1, 1636425305306, 1636425305578, 272, 0, 272, 0, 0, 0
5511, 1, 1636425305449, 1636425305717, 268, 0, 268, 0, 0, 0
5513, 1, 1636425305677, 1636425305942, 265, 0, 265, 0, 0, 0
5514, 1, 1636425305713, 1636425305989, 276, 1, 275, 0, 0, 0
5512, 1, 1636425305897, 1636425306173, 276, 1, 275, 0, 1, 1
5515, 1, 1636425306126, 1636425306397, 271, 0, 271, 0, 0, 0
5516, 1, 1636425306186, 1636425306457, 271, 0, 271, 0, 0, 0
5517, 1, 1636425306394, 1636425306666, 272, 0, 272, 0, 0, 0
5518, 1, 1636425306670, 1636425306941, 271, 0, 271, 0, 0, 0
5519, 1, 1636425306862, 1636425307133, 271, 0, 271, 0, 0, 0
5520, 1, 1636425306877, 1636425307149, 272, 1, 271, 0, 1, 1
5521, 1, 1636425307326, 1636425307598, 272, 0, 272, 0, 0, 0
5522, 1, 1636425307490, 1636425307762, 272, 0, 272, 0, 0, 0
5524, 1, 1636425307649, 1636425307921, 272, 1, 271, 0, 1, 1
5523, 1, 1636425307782, 1636425308054, 272, 0, 272, 0, 0, 0
5525, 1, 1636425307874, 1636425308145, 271, 0, 271, 0, 0, 0
5526, 1, 1636425308329, 1636425308602, 273, 1, 272, 0, 0, 0
5527, 1, 1636425308534, 1636425308806, 272, 0, 272, 0, 0, 0
5528, 1, 1636425308561, 1636425308833, 272, 1, 271, 0, 0, 0
5529, 1, 1636425309101, 1636425309374, 273, 1, 272, 0, 0, 0
5530, 1, 1636425309161, 1636425309437, 276, 1, 275, 0, 0, 0
5531, 1, 1636425309285, 1636425309554, 269, 0, 269, 0, 0, 0
5533, 1, 1636425309574, 1636425309850, 276, 0, 276, 0, 0, 0
5532, 1, 1636425309734, 1636425310006, 272, 0, 272, 0, 0, 0
5534, 1, 1636425309814, 1636425310086, 272, 0, 272, 0, 0, 0
5535, 1, 1636425310150, 1636425310422, 272, 0, 272, 0, 0, 0
5536, 1, 1636425310342, 1636425310614, 272, 0, 272, 0, 0, 0
5537, 1, 1636425310353, 1636425310626, 273, 1, 272, 0, 0, 0
5538, 1, 1636425310442, 1636425310717, 275, 0, 275, 0, 0, 0
5539, 1, 1636425310642, 1636425310921, 279, 0, 279, 0, 0, 0
5540, 1, 1636425310945, 1636425311222, 277, 1, 276, 1, 0, 1
5541, 1, 1636425311402, 1636425311669, 267, 0, 267, 0, 0, 0
5542, 1, 1636425311402, 1636425311674, 272, 0, 272, 0, 0, 0
5543, 1, 1636425311421, 1636425311693, 272, 0, 272, 0, 0, 0
5544, 1, 1636425311850, 1636425312122, 272, 0, 272, 0, 0, 0
5545, 1, 1636425311998, 1636425312270, 272, 0, 272, 0, 0, 0
5546, 1, 1636425312450, 1636425312726, 276, 0, 276, 0, 0, 0
5547, 1, 1636425312594, 1636425312870, 276, 0, 276, 0, 0, 0
5548, 1, 1636425312873, 1636425313146, 273, 1, 272, 0, 1, 1
5549, 1, 1636425313145, 1636425313422, 277, 1, 276, 0, 0, 0
5551, 1, 1636425313249, 1636425313517, 268, 0, 268, 0, 0, 0
5552, 1, 1636425313277, 1636425313545, 268, 0, 268, 0, 0, 0
5550, 1, 1636425313605, 1636425313882, 277, 1, 276, 1, 0, 1
5553, 1, 1636425313750, 1636425314026, 276, 0, 276, 0, 0, 0
5554, 1, 1636425313817, 1636425314090, 273, 1, 272, 0, 1, 1
5556, 1, 1636425314234, 1636425314501, 267, 0, 267, 0, 0, 0
5557, 1, 1636425314382, 1636425314654, 272, 0, 272, 0, 0, 0
5558, 1, 1636425314501, 1636425314769, 268, 1, 267, 0, 1, 1
5559, 1, 1636425314586, 1636425314857, 271, 0, 271, 0, 0, 0
5560, 1, 1636425314789, 1636425315058, 269, 0, 269, 0, 0, 0
5562, 1, 1636425315105, 1636425315369, 264, 1, 263, 0, 0, 0
5561, 1, 1636425315237, 1636425315501, 264, 1, 263, 0, 0, 0
5564, 1, 1636425315645, 1636425315913, 268, 1, 267, 1, 0, 1
5563, 1, 1636425315686, 1636425315958, 272, 0, 272, 0, 0, 0
5565, 1, 1636425315761, 1636425316033, 272, 1, 271, 0, 0, 0
5566, 1, 1636425316214, 1636425316485, 271, 0, 271, 0, 0, 0
5567, 1, 1636425316497, 1636425316765, 268, 0, 268, 0, 0, 0
5568, 1, 1636425316842, 1636425317102, 260, 0, 260, 0, 0, 0
5569, 1, 1636425317129, 1636425317398, 269, 1, 268, 0, 0, 0
5570, 1, 1636425317177, 1636425317454, 277, 1, 276, 0, 1, 1
5571, 1, 1636425317246, 1636425317517, 271, 0, 271, 0, 0, 0
5573, 1, 1636425317577, 1636425317850, 273, 1, 272, 0, 0, 0
5572, 1, 1636425317698, 1636425317970, 272, 0, 272, 0, 0, 0
5575, 1, 1636425317934, 1636425318206, 272, 0, 272, 0, 0, 0
5574, 1, 1636425318034, 1636425318306, 272, 0, 272, 0, 0, 0
5577, 1, 1636425318457, 1636425318726, 269, 1, 268, 0, 0, 0
5576, 1, 1636425318485, 1636425318758, 273, 0, 273, 0, 0, 0
5578, 1, 1636425318501, 1636425318773, 272, 1, 271, 0, 1, 1
5580, 1, 1636425318938, 1636425319210, 272, 0, 272, 0, 0, 0
5579, 1, 1636425318950, 1636425319222, 272, 0, 272, 0, 0, 0
5582, 1, 1636425319482, 1636425319754, 272, 0, 272, 0, 0, 0
5583, 1, 1636425319758, 1636425320030, 272, 0, 272, 0, 0, 0
5584, 1, 1636425319941, 1636425320213, 272, 1, 271, 0, 1, 1
5586, 1, 1636425320161, 1636425320433, 272, 1, 271, 0, 0, 0
5585, 1, 1636425320393, 1636425320666, 273, 1, 272, 0, 0, 0
5587, 1, 1636425320594, 1636425320866, 272, 0, 272, 0, 0, 0
5588, 1, 1636425320858, 1636425321130, 272, 0, 272, 0, 0, 0
5589, 1, 1636425321437, 1636425321710, 273, 0, 273, 0, 0, 0
5591, 1, 1636425321893, 1636425322166, 273, 1, 272, 1, 0, 1
5594, 1, 1636425322230, 1636425322501, 271, 0, 271, 0, 0, 0
5595, 1, 1636425322426, 1636425322698, 272, 0, 272, 0, 0, 0
5598, 1, 1636425322794, 1636425323066, 272, 0, 272, 0, 0, 0
5599, 1, 1636425322998, 1636425323270, 272, 0, 272, 0, 0, 0
5601, 1, 1636425324050, 1636425324322, 272, 0, 272, 0, 0, 0
5604, 1, 1636425324238, 1636425324509, 271, 0, 271, 0, 0, 0
5605, 1, 1636425324449, 1636425324722, 273, 0, 273, 0, 0, 0
5606, 1, 1636425324662, 1636425324933, 271, 0, 271, 0, 0, 0
5602, 1, 1636425324689, 1636425324966, 277, 1, 276, 0, 1, 1
5608, 1, 1636425325194, 1636425325466, 272, 0, 272, 0, 0, 0
5609, 1, 1636425325646, 1636425325921, 275, 0, 275, 0, 0, 0
5610, 1, 1636425326094, 1636425326365, 271, 0, 271, 0, 0, 0
5611, 1, 1636425326365, 1636425326638, 273, 1, 272, 0, 0, 0
5612, 1, 1636425326561, 1636425326834, 273, 1, 272, 1, 0, 1
5613, 1, 1636425327290, 1636425327561, 271, 0, 271, 0, 0, 0
5614, 1, 1636425327817, 1636425328094, 277, 1, 276, 0, 1, 1
5615, 1, 1636425328402, 1636425328677, 275, 0, 275, 0, 0, 0
5617, 1, 1636425328610, 1636425328886, 276, 0, 276, 0, 0, 0
5618, 1, 1636425328830, 1636425329101, 271, 0, 271, 0, 0, 0
5616, 1, 1636425328862, 1636425329134, 272, 0, 272, 0, 0, 0
5619, 1, 1636425329421, 1636425329694, 273, 1, 272, 0, 0, 0
5620, 1, 1636425329522, 1636425329794, 272, 0, 272, 0, 0, 0
5621, 1, 1636425329877, 1636425330150, 273, 1, 272, 1, 0, 1
5622, 1, 1636425330314, 1636425330590, 276, 0, 276, 0, 0, 0
5623, 1, 1636425330477, 1636425330749, 272, 1, 271, 0, 0, 0
5624, 1, 1636425330769, 1636425331041, 272, 1, 271, 1, 0, 1
5625, 1, 1636425331058, 1636425331334, 276, 0, 276, 0, 0, 0
5626, 1, 1636425331786, 1636425332057, 271, 0, 271, 0, 0, 0
5628, 1, 1636425332046, 1636425332318, 272, 0, 272, 0, 0, 0
5627, 1, 1636425332238, 1636425332509, 271, 0, 271, 0, 0, 0
5629, 1, 1636425332733, 1636425333006, 273, 1, 272, 0, 1, 1
5630, 1, 1636425332733, 1636425333006, 273, 1, 272, 0, 1, 1
5632, 1, 1636425332821, 1636425333093, 272, 1, 271, 1, 0, 1
5634, 1, 1636425332985, 1636425333258, 273, 1, 272, 0, 0, 0
5631, 1, 1636425333186, 1636425333457, 271, 0, 271, 0, 0, 0
5636, 1, 1636425333338, 1636425333610, 272, 0, 272, 0, 0, 0
5637, 1, 1636425333674, 1636425333950, 276, 0, 276, 0, 0, 0
5639, 1, 1636425334130, 1636425334402, 272, 0, 272, 0, 0, 0
5640, 1, 1636425334378, 1636425334650, 272, 0, 272, 0, 0, 0
5642, 1, 1636425334758, 1636425335034, 276, 0, 276, 0, 0, 0
5643, 1, 1636425335014, 1636425335285, 271, 0, 271, 0, 0, 0
5645, 1, 1636425335250, 1636425335522, 272, 0, 272, 0, 0, 0
5646, 1, 1636425335466, 1636425335742, 276, 0, 276, 0, 0, 0
5647, 1, 1636425335925, 1636425336206, 281, 1, 280, 0, 0, 0
5648, 1, 1636425336085, 1636425336362, 277, 1, 276, 1, 0, 1
5649, 1, 1636425336386, 1636425336658, 272, 0, 272, 0, 0, 0
5650, 1, 1636425336469, 1636425336737, 268, 1, 267, 0, 0, 0
5651, 1, 1636425336658, 1636425336934, 276, 0, 276, 0, 0, 0
5652, 1, 1636425336658, 1636425336934, 276, 1, 275, 0, 1, 1
5654, 1, 1636425337017, 1636425337293, 276, 1, 275, 0, 0, 0
5653, 1, 1636425337117, 1636425337389, 272, 1, 271, 0, 0, 0
5655, 1, 1636425337317, 1636425337589, 272, 1, 271, 1, 0, 1
5656, 1, 1636425337773, 1636425338046, 273, 1, 272, 0, 0, 0
5657, 1, 1636425338501, 1636425338778, 277, 1, 276, 0, 0, 0
5658, 1, 1636425339026, 1636425339301, 275, 0, 275, 0, 0, 0
5659, 1, 1636425339142, 1636425339410, 268, 0, 268, 0, 0, 0
5660, 1, 1636425339214, 1636425339485, 271, 0, 271, 0, 0, 0
5661, 1, 1636425339281, 1636425339549, 268, 0, 268, 0, 0, 0
5662, 1, 1636425339665, 1636425339938, 273, 1, 272, 0, 0, 0
5663, 1, 1636425340117, 1636425340390, 273, 1, 272, 0, 0, 0
5664, 1, 1636425340198, 1636425340470, 272, 0, 272, 0, 0, 0
5665, 1, 1636425340209, 1636425340486, 277, 1, 276, 0, 0, 0
5666, 1, 1636425340493, 1636425340765, 272, 1, 271, 0, 0, 0
5667, 1, 1636425340717, 1636425340989, 272, 1, 271, 0, 0, 0
5669, 1, 1636425341021, 1636425341290, 269, 0, 269, 0, 0, 0
5670, 1, 1636425341074, 1636425341346, 272, 0, 272, 0, 0, 0
5668, 1, 1636425341174, 1636425341446, 272, 0, 272, 0, 0, 0
5671, 1, 1636425341526, 1636425341798, 272, 0, 272, 0, 0, 0
5672, 1, 1636425342182, 1636425342454, 272, 0, 272, 0, 0, 0
5674, 1, 1636425342910, 1636425343222, 312, 0, 312, 0, 0, 0
5675, 1, 1636425343217, 1636425343486, 269, 1, 268, 1, 0, 1
5676, 1, 1636425343333, 1636425343602, 269, 0, 269, 0, 0, 0
5677, 1, 1636425343498, 1636425343769, 271, 0, 271, 0, 0, 0
5679, 1, 1636425343737, 1636425344009, 272, 1, 271, 0, 0, 0
5680, 1, 1636425343933, 1636425344202, 269, 0, 269, 0, 0, 0
5678, 1, 1636425343945, 1636425344226, 281, 1, 280, 0, 1, 1
5683, 1, 1636425344173, 1636425344446, 273, 1, 272, 1, 0, 1
5681, 1, 1636425344189, 1636425344457, 268, 1, 267, 0, 0, 0
5682, 1, 1636425344401, 1636425344681, 280, 0, 280, 0, 0, 0
5684, 1, 1636425344437, 1636425344710, 273, 1, 272, 0, 0, 0
5644, 1, 1636425344542, 1636425344813, 271, 0, 271, 0, 0, 0
5686, 1, 1636425344829, 1636425345102, 273, 1, 272, 0, 0, 0
5685, 1, 1636425344861, 1636425345129, 268, 1, 267, 1, 0, 1
5687, 1, 1636425344929, 1636425345201, 272, 1, 271, 0, 0, 0
5688, 1, 1636425345281, 1636425345549, 268, 1, 267, 0, 0, 0
5689, 1, 1636425345310, 1636425345582, 272, 0, 272, 0, 0, 0
5690, 1, 1636425345310, 1636425345582, 272, 0, 272, 0, 0, 0
5691, 1, 1636425345766, 1636425346042, 276, 0, 276, 0, 0, 0
5692, 1, 1636425346365, 1636425346638, 273, 1, 272, 1, 0, 1
5693, 1, 1636425347038, 1636425347309, 271, 0, 271, 0, 0, 0
5694, 1, 1636425347066, 1636425347338, 272, 0, 272, 0, 0, 0
5695, 1, 1636425347137, 1636425347410, 273, 1, 272, 1, 0, 1
5696, 1, 1636425347282, 1636425347554, 272, 0, 272, 0, 0, 0
5698, 1, 1636425347649, 1636425347922, 273, 1, 272, 0, 0, 0
5697, 1, 1636425347734, 1636425348006, 272, 0, 272, 0, 0, 0
5700, 1, 1636425348033, 1636425348302, 269, 1, 268, 0, 0, 0
5699, 1, 1636425348101, 1636425348373, 272, 1, 271, 0, 0, 0
5702, 1, 1636425348141, 1636425348417, 276, 1, 275, 0, 0, 0
5701, 1, 1636425348186, 1636425348457, 271, 0, 271, 0, 0, 0
5703, 1, 1636425348554, 1636425348825, 271, 0, 271, 0, 0, 0
5704, 1, 1636425348637, 1636425348910, 273, 1, 272, 0, 0, 0
5705, 1, 1636425348898, 1636425349174, 276, 0, 276, 0, 0, 0
5706, 1, 1636425349093, 1636425349366, 273, 1, 272, 0, 0, 0
5707, 1, 1636425349149, 1636425349422, 273, 1, 272, 1, 0, 1
5709, 1, 1636425349426, 1636425349702, 276, 0, 276, 0, 0, 0
5708, 1, 1636425349602, 1636425349878, 276, 0, 276, 0, 0, 0
5710, 1, 1636425349882, 1636425350154, 272, 0, 272, 0, 0, 0
5711, 1, 1636425350618, 1636425350890, 272, 0, 272, 0, 0, 0
5712, 1, 1636425350997, 1636425351266, 269, 1, 268, 0, 1, 1
5713, 1, 1636425351102, 1636425351378, 276, 0, 276, 0, 0, 0
5714, 1, 1636425351117, 1636425351386, 269, 0, 269, 0, 0, 0
5715, 1, 1636425351445, 1636425351714, 269, 1, 268, 0, 1, 1
5716, 1, 1636425351558, 1636425351834, 276, 0, 276, 0, 0, 0
5717, 1, 1636425351565, 1636425351834, 269, 0, 269, 0, 0, 0
5719, 1, 1636425351937, 1636425352210, 273, 1, 272, 0, 0, 0
5718, 1, 1636425352017, 1636425352286, 269, 0, 269, 0, 0, 0
5720, 1, 1636425352305, 1636425352578, 273, 1, 272, 0, 0, 0
5721, 1, 1636425352389, 1636425352661, 272, 1, 271, 0, 0, 0
5722, 1, 1636425352474, 1636425352746, 272, 0, 272, 0, 0, 0
5724, 1, 1636425352829, 1636425353098, 269, 1, 268, 0, 0, 0
5726, 1, 1636425352873, 1636425353141, 268, 1, 267, 0, 1, 1
5725, 1, 1636425352873, 1636425353141, 268, 1, 267, 0, 0, 0
5723, 1, 1636425352921, 1636425353185, 264, 0, 264, 0, 0, 0
5728, 1, 1636425353094, 1636425353366, 272, 0, 272, 0, 0, 0
5727, 1, 1636425353277, 1636425353549, 272, 1, 271, 0, 0, 0
5729, 1, 1636425353610, 1636425353882, 272, 0, 272, 0, 0, 0
5730, 1, 1636425354062, 1636425354333, 271, 0, 271, 0, 0, 0
5731, 1, 1636425354909, 1636425355185, 276, 1, 275, 1, 0, 1
5732, 1, 1636425355017, 1636425355289, 272, 1, 271, 0, 0, 0
5733, 1, 1636425355293, 1636425355558, 265, 1, 264, 1, 0, 1
5734, 1, 1636425355353, 1636425355626, 273, 1, 272, 0, 1, 1
5736, 1, 1636425355501, 1636425355774, 273, 1, 272, 0, 0, 0
5738, 1, 1636425355526, 1636425355797, 271, 0, 271, 0, 0, 0
5735, 1, 1636425355737, 1636425356010, 273, 1, 272, 1, 0, 1
5737, 1, 1636425355953, 1636425356222, 269, 0, 269, 0, 0, 0
5739, 1, 1636425356217, 1636425356489, 272, 1, 271, 0, 0, 0
5740, 1, 1636425356241, 1636425356514, 273, 1, 272, 0, 0, 0
5741, 1, 1636425356478, 1636425356749, 271, 0, 271, 0, 0, 0
5742, 1, 1636425356605, 1636425356882, 277, 1, 276, 0, 1, 1
5743, 1, 1636425356721, 1636425356998, 277, 1, 276, 1, 0, 1
5744, 1, 1636425356773, 1636425357042, 269, 1, 268, 0, 1, 1
5747, 1, 1636425356997, 1636425357274, 277, 1, 276, 0, 0, 0
5745, 1, 1636425357173, 1636425357438, 265, 0, 265, 0, 0, 0
5746, 1, 1636425357217, 1636425357485, 268, 1, 267, 0, 0, 0
5748, 1, 1636425357242, 1636425357509, 267, 0, 267, 0, 0, 0
5749, 1, 1636425357377, 1636425357650, 273, 1, 272, 0, 0, 0
5750, 1, 1636425357830, 1636425358102, 272, 0, 272, 0, 0, 0
5751, 1, 1636425359226, 1636425359493, 267, 0, 267, 0, 0, 0
5752, 1, 1636425359237, 1636425359509, 272, 1, 271, 0, 1, 1
5753, 1, 1636425359390, 1636425359661, 271, 0, 271, 0, 0, 0
5755, 1, 1636425359441, 1636425359713, 272, 1, 271, 0, 1, 1
5756, 1, 1636425359677, 1636425359945, 268, 1, 267, 0, 0, 0
5758, 1, 1636425359841, 1636425360109, 268, 1, 267, 0, 1, 1
5754, 1, 1636425359845, 1636425360109, 264, 1, 263, 0, 0, 0
5759, 1, 1636425360009, 1636425360286, 277, 0, 277, 0, 0, 0
5757, 1, 1636425360129, 1636425360398, 269, 0, 269, 0, 0, 0
5760, 1, 1636425360398, 1636425360673, 275, 0, 275, 0, 0, 0
5761, 1, 1636425360622, 1636425360894, 272, 0, 272, 0, 0, 0
5763, 1, 1636425360798, 1636425361070, 272, 0, 272, 0, 0, 0
5764, 1, 1636425360814, 1636425361085, 271, 0, 271, 0, 0, 0
5765, 1, 1636425360865, 1636425361133, 268, 1, 267, 0, 1, 1
5766, 1, 1636425361014, 1636425361290, 276, 0, 276, 0, 0, 0
5762, 1, 1636425361070, 1636425361342, 272, 0, 272, 0, 0, 0
5767, 1, 1636425361313, 1636425361582, 269, 0, 269, 0, 0, 0
5768, 1, 1636425361453, 1636425361722, 269, 1, 268, 0, 0, 0
5769, 1, 1636425361597, 1636425361869, 272, 1, 271, 0, 0, 0
5770, 1, 1636425362050, 1636425362322, 272, 0, 272, 0, 0, 0
5771, 1, 1636425363178, 1636425363450, 272, 0, 272, 0, 0, 0
5772, 1, 1636425363501, 1636425363770, 269, 0, 269, 0, 0, 0
5773, 1, 1636425363601, 1636425363874, 273, 1, 272, 0, 0, 0
5776, 1, 1636425363770, 1636425364042, 272, 0, 272, 0, 0, 0
5777, 1, 1636425363777, 1636425364058, 281, 1, 280, 0, 0, 0
5778, 1, 1636425363930, 1636425364201, 271, 0, 271, 0, 0, 0
5774, 1, 1636425363949, 1636425364226, 277, 1, 276, 1, 0, 1
5775, 1, 1636425364058, 1636425364326, 268, 0, 268, 0, 0, 0
5779, 1, 1636425364406, 1636425364682, 276, 0, 276, 0, 0, 0
5781, 1, 1636425364485, 1636425364753, 268, 1, 267, 0, 0, 0
5780, 1, 1636425364501, 1636425364773, 272, 0, 272, 0, 0, 0
5783, 1, 1636425364753, 1636425365026, 273, 1, 272, 0, 0, 0
5784, 1, 1636425364857, 1636425365129, 272, 1, 271, 0, 0, 0
5782, 1, 1636425364933, 1636425365210, 277, 1, 276, 1, 0, 1
5785, 1, 1636425365149, 1636425365421, 272, 1, 271, 1, 0, 1
5787, 1, 1636425365282, 1636425365557, 275, 0, 275, 0, 0, 0
5788, 1, 1636425365353, 1636425365626, 273, 1, 272, 0, 0, 0
5786, 1, 1636425365605, 1636425365878, 273, 1, 272, 0, 0, 0
5789, 1, 1636425365657, 1636425365925, 268, 1, 267, 0, 1, 1
5790, 1, 1636425366105, 1636425366378, 273, 1, 272, 1, 0, 1
5791, 1, 1636425367374, 1636425367646, 272, 0, 272, 0, 0, 0
5792, 1, 1636425367485, 1636425367757, 272, 1, 271, 0, 1, 1
5795, 1, 1636425367654, 1636425367930, 276, 0, 276, 0, 0, 0
5796, 1, 1636425367709, 1636425367977, 268, 1, 267, 1, 0, 1
5793, 1, 1636425367825, 1636425368094, 269, 0, 269, 0, 0, 0
5798, 1, 1636425367929, 1636425368201, 272, 1, 271, 0, 0, 0
5799, 1, 1636425368274, 1636425368546, 272, 0, 272, 0, 0, 0
5794, 1, 1636425368385, 1636425368658, 273, 1, 272, 0, 0, 0
5801, 1, 1636425368622, 1636425368893, 271, 0, 271, 0, 0, 0
5804, 1, 1636425368981, 1636425369254, 273, 1, 272, 1, 0, 1
5805, 1, 1636425368993, 1636425369266, 273, 1, 272, 0, 0, 0
5802, 1, 1636425369073, 1636425369346, 273, 1, 272, 0, 0, 0
5808, 1, 1636425369217, 1636425369485, 268, 0, 268, 0, 0, 0
5806, 1, 1636425369449, 1636425369725, 276, 1, 275, 1, 0, 1
5809, 1, 1636425369710, 1636425369982, 272, 0, 272, 0, 0, 0
5810, 1, 1636425370162, 1636425370434, 272, 0, 272, 0, 0, 0
5811, 1, 1636425371230, 1636425371502, 272, 0, 272, 0, 0, 0
5812, 1, 1636425371681, 1636425371946, 265, 0, 265, 0, 0, 0
5814, 1, 1636425371677, 1636425371949, 272, 1, 271, 1, 0, 1
5815, 1, 1636425371722, 1636425371989, 267, 0, 267, 0, 0, 0
5818, 1, 1636425372125, 1636425372401, 276, 1, 275, 1, 0, 1
5819, 1, 1636425372322, 1636425372593, 271, 0, 271, 0, 0, 0
5821, 1, 1636425372725, 1636425372998, 273, 1, 272, 0, 1, 1
5822, 1, 1636425372749, 1636425373022, 273, 0, 273, 0, 0, 0
5820, 1, 1636425372777, 1636425373050, 273, 1, 272, 0, 0, 0
5823, 1, 1636425373178, 1636425373450, 272, 0, 272, 0, 0, 0
5824, 1, 1636425373450, 1636425373722, 272, 0, 272, 0, 0, 0
5825, 1, 1636425373473, 1636425373742, 269, 0, 269, 0, 0, 0
5826, 1, 1636425373926, 1636425374202, 276, 0, 276, 0, 0, 0
5827, 1, 1636425375238, 1636425375510, 272, 0, 272, 0, 0, 0
5829, 1, 1636425375497, 1636425375770, 273, 1, 272, 0, 1, 1
5828, 1, 1636425375690, 1636425375962, 272, 0, 272, 0, 0, 0
5830, 1, 1636425376053, 1636425376330, 277, 1, 276, 1, 0, 1
5831, 1, 1636425376122, 1636425376394, 272, 0, 272, 0, 0, 0
5832, 1, 1636425376429, 1636425376701, 272, 1, 271, 1, 0, 1
5833, 1, 1636425376574, 1636425376846, 272, 0, 272, 0, 0, 0
5835, 1, 1636425376809, 1636425377085, 276, 1, 275, 1, 0, 1
5834, 1, 1636425376881, 1636425377158, 277, 1, 276, 1, 0, 1
5836, 1, 1636425377341, 1636425377614, 273, 1, 272, 1, 0, 1
5837, 1, 1636425377494, 1636425377766, 272, 0, 272, 0, 0, 0
5838, 1, 1636425377649, 1636425377926, 277, 1, 276, 0, 0, 0
5839, 1, 1636425378110, 1636425378386, 276, 0, 276, 0, 0, 0
5817, 1, 1636425378810, 1636425379085, 275, 0, 275, 0, 0, 0
5842, 1, 1636425379146, 1636425379417, 271, 0, 271, 0, 0, 0
5840, 1, 1636425379154, 1636425379426, 272, 0, 272, 0, 0, 0
5843, 1, 1636425379349, 1636425379617, 268, 1, 267, 0, 0, 0
5845, 1, 1636425379477, 1636425379754, 277, 1, 276, 0, 0, 0
5846, 1, 1636425379606, 1636425379878, 272, 0, 272, 0, 0, 0
5848, 1, 1636425380033, 1636425380306, 273, 1, 272, 0, 0, 0
5847, 1, 1636425380058, 1636425380333, 275, 0, 275, 0, 0, 0
5849, 1, 1636425380154, 1636425380425, 271, 0, 271, 0, 0, 0
5850, 1, 1636425380633, 1636425380901, 268, 1, 267, 0, 0, 0
5851, 1, 1636425380685, 1636425380949, 264, 1, 263, 0, 0, 0
5854, 1, 1636425381066, 1636425381382, 316, 0, 316, 0, 0, 0
5853, 1, 1636425381125, 1636425381402, 277, 1, 276, 0, 1, 1
5852, 1, 1636425381581, 1636425381865, 284, 1, 283, 1, 0, 1
5855, 1, 1636425381685, 1636425381950, 265, 0, 265, 0, 0, 0
5856, 1, 1636425381817, 1636425382085, 268, 0, 268, 0, 0, 0
5857, 1, 1636425381905, 1636425382177, 272, 1, 271, 0, 0, 0
5858, 1, 1636425382129, 1636425382398, 269, 1, 268, 0, 0, 0
5859, 1, 1636425382357, 1636425382626, 269, 1, 268, 0, 0, 0
5860, 1, 1636425383178, 1636425383454, 276, 0, 276, 0, 0, 0
5861, 1, 1636425383253, 1636425383526, 273, 1, 272, 0, 0, 0
5864, 1, 1636425383549, 1636425383821, 272, 1, 271, 1, 0, 1
5865, 1, 1636425383585, 1636425383857, 272, 1, 271, 0, 1, 1
5866, 1, 1636425383930, 1636425384202, 272, 0, 272, 0, 0, 0
5867, 1, 1636425383954, 1636425384230, 276, 0, 276, 0, 0, 0
5869, 1, 1636425384474, 1636425384746, 272, 0, 272, 0, 0, 0
5872, 1, 1636425385190, 1636425385458, 268, 0, 268, 0, 0, 0
5873, 1, 1636425385577, 1636425385846, 269, 1, 268, 1, 0, 1
5874, 1, 1636425385710, 1636425385986, 276, 0, 276, 0, 0, 0
5875, 1, 1636425385990, 1636425386258, 268, 0, 268, 0, 0, 0
5876, 1, 1636425386170, 1636425386442, 272, 0, 272, 0, 0, 0
5877, 1, 1636425386438, 1636425386710, 272, 0, 272, 0, 0, 0
5878, 1, 1636425386990, 1636425387261, 271, 0, 271, 0, 0, 0
5879, 1, 1636425387446, 1636425387717, 271, 0, 271, 0, 0, 0
5880, 1, 1636425387509, 1636425387781, 272, 1, 271, 0, 1, 1
5881, 1, 1636425387785, 1636425388058, 273, 1, 272, 0, 1, 1
5882, 1, 1636425387797, 1636425388070, 273, 1, 272, 0, 0, 0
5883, 1, 1636425387929, 1636425388193, 264, 0, 264, 0, 0, 0
5884, 1, 1636425388298, 1636425388574, 276, 0, 276, 0, 0, 0
5885, 1, 1636425389533, 1636425389805, 272, 1, 271, 1, 0, 1
5887, 1, 1636425389794, 1636425390066, 272, 0, 272, 0, 0, 0
5886, 1, 1636425389797, 1636425390070, 273, 1, 272, 0, 0, 0
5889, 1, 1636425389893, 1636425390166, 273, 1, 272, 0, 0, 0
5888, 1, 1636425390250, 1636425390521, 271, 0, 271, 0, 0, 0
5890, 1, 1636425390301, 1636425390569, 268, 1, 267, 0, 1, 1
5891, 1, 1636425390430, 1636425390701, 271, 0, 271, 0, 0, 0
5892, 1, 1636425390745, 1636425391017, 272, 1, 271, 0, 1, 1
5893, 1, 1636425390810, 1636425391086, 276, 0, 276, 0, 0, 0
5894, 1, 1636425391109, 1636425391386, 277, 1, 276, 0, 1, 1
5895, 1, 1636425391693, 1636425391962, 269, 0, 269, 0, 0, 0
5896, 1, 1636425391781, 1636425392062, 281, 1, 280, 0, 0, 0
5897, 1, 1636425391794, 1636425392065, 271, 0, 271, 0, 0, 0
5898, 1, 1636425391933, 1636425392197, 264, 1, 263, 0, 0, 0
5899, 1, 1636425392241, 1636425392510, 269, 1, 268, 0, 1, 1
5900, 1, 1636425393370, 1636425393641, 271, 0, 271, 0, 0, 0
5901, 1, 1636425393778, 1636425394049, 271, 0, 271, 0, 0, 0
5902, 1, 1636425393793, 1636425394062, 269, 1, 268, 1, 0, 1
5903, 1, 1636425393829, 1636425394094, 265, 0, 265, 0, 0, 0
5904, 1, 1636425393945, 1636425394217, 272, 1, 271, 1, 0, 1
5906, 1, 1636425394230, 1636425394509, 279, 0, 279, 0, 0, 0
5907, 1, 1636425394237, 1636425394509, 272, 0, 272, 0, 0, 0
5909, 1, 1636425394329, 1636425394601, 272, 1, 271, 0, 1, 1
5905, 1, 1636425394397, 1636425394670, 273, 1, 272, 0, 1, 1
5910, 1, 1636425394629, 1636425394898, 269, 0, 269, 0, 0, 0
5908, 1, 1636425394689, 1636425394970, 281, 1, 280, 0, 0, 0
5911, 1, 1636425394882, 1636425395158, 276, 0, 276, 0, 0, 0
5915, 1, 1636425395445, 1636425395713, 268, 1, 267, 0, 1, 1
5916, 1, 1636425395750, 1636425396026, 276, 0, 276, 0, 0, 0
5917, 1, 1636425395930, 1636425396202, 272, 0, 272, 0, 0, 0
5918, 1, 1636425395998, 1636425396270, 272, 0, 272, 0, 0, 0
5919, 1, 1636425396450, 1636425396726, 276, 0, 276, 0, 0, 0
5920, 1, 1636425397354, 1636425397626, 272, 0, 272, 0, 0, 0
5921, 1, 1636425397542, 1636425397810, 268, 0, 268, 0, 0, 0
5922, 1, 1636425397878, 1636425398149, 271, 0, 271, 0, 0, 0
5923, 1, 1636425398033, 1636425398306, 273, 1, 272, 0, 0, 0
5926, 1, 1636425398081, 1636425398353, 272, 1, 271, 0, 0, 0
5925, 1, 1636425398081, 1636425398357, 276, 1, 275, 1, 0, 1
5928, 1, 1636425398334, 1636425398601, 267, 0, 267, 0, 0, 0
5924, 1, 1636425398486, 1636425398753, 267, 0, 267, 0, 0, 0
5929, 1, 1636425398514, 1636425398785, 271, 0, 271, 0, 0, 0
5927, 1, 1636425398533, 1636425398797, 264, 1, 263, 0, 0, 0
5930, 1, 1636425398781, 1636425399054, 273, 0, 273, 0, 0, 0
5931, 1, 1636425398977, 1636425399250, 273, 1, 272, 0, 1, 1
5932, 1, 1636425399661, 1636425399934, 273, 0, 273, 0, 0, 0
5933, 1, 1636425399681, 1636425399949, 268, 1, 267, 0, 0, 0
5934, 1, 1636425399737, 1636425400006, 269, 1, 268, 0, 0, 0
5935, 1, 1636425400162, 1636425400433, 271, 0, 271, 0, 0, 0
5936, 1, 1636425400614, 1636425400890, 276, 0, 276, 0, 0, 0
5937, 1, 1636425401589, 1636425401857, 268, 1, 267, 0, 0, 0
5938, 1, 1636425401641, 1636425401917, 276, 1, 275, 0, 0, 0
5939, 1, 1636425401781, 1636425402053, 272, 1, 271, 0, 0, 0
5941, 1, 1636425401930, 1636425402202, 272, 0, 272, 0, 0, 0
5942, 1, 1636425402097, 1636425402370, 273, 1, 272, 0, 1, 1
5944, 1, 1636425402314, 1636425402585, 271, 0, 271, 0, 0, 0
5943, 1, 1636425402382, 1636425402649, 267, 0, 267, 0, 0, 0
5945, 1, 1636425402529, 1636425402794, 265, 1, 264, 1, 0, 1
5940, 1, 1636425402549, 1636425402814, 265, 1, 264, 1, 0, 1
5946, 1, 1636425402577, 1636425402841, 264, 1, 263, 0, 0, 0
5947, 1, 1636425402993, 1636425403266, 273, 1, 272, 0, 0, 0
5948, 1, 1636425403017, 1636425403286, 269, 0, 269, 0, 0, 0
5949, 1, 1636425403522, 1636425403794, 272, 0, 272, 0, 0, 0
5950, 1, 1636425403797, 1636425404070, 273, 1, 272, 0, 1, 1
5951, 1, 1636425404250, 1636425404526, 276, 0, 276, 0, 0, 0
5952, 1, 1636425404274, 1636425404545, 271, 0, 271, 0, 0, 0
5953, 1, 1636425404730, 1636425405002, 272, 0, 272, 0, 0, 0
5954, 1, 1636425405486, 1636425405757, 271, 0, 271, 0, 0, 0
5955, 1, 1636425405581, 1636425405857, 276, 1, 275, 0, 0, 0
5957, 1, 1636425405706, 1636425405977, 271, 0, 271, 0, 0, 0
5958, 1, 1636425405901, 1636425406169, 268, 0, 268, 0, 0, 0
5959, 1, 1636425405921, 1636425406194, 273, 1, 272, 0, 0, 0
5960, 1, 1636425406033, 1636425406306, 273, 1, 272, 0, 0, 0
5956, 1, 1636425406033, 1636425406309, 276, 1, 275, 0, 0, 0
5961, 1, 1636425406121, 1636425406393, 272, 1, 271, 0, 0, 0
5964, 1, 1636425406429, 1636425406706, 277, 1, 276, 1, 0, 1
5963, 1, 1636425406485, 1636425406757, 272, 1, 271, 0, 0, 0
5962, 1, 1636425406570, 1636425406842, 272, 0, 272, 0, 0, 0
5965, 1, 1636425406570, 1636425406845, 275, 0, 275, 0, 0, 0
5967, 1, 1636425406901, 1636425407166, 265, 1, 264, 0, 0, 0
5966, 1, 1636425406938, 1636425407210, 272, 0, 272, 0, 0, 0
5968, 1, 1636425407350, 1636425407626, 276, 0, 276, 0, 0, 0
5969, 1, 1636425407550, 1636425407825, 275, 0, 275, 0, 0, 0
5970, 1, 1636425407945, 1636425408222, 277, 1, 276, 1, 0, 1
5971, 1, 1636425408093, 1636425408365, 272, 1, 271, 0, 0, 0
5972, 1, 1636425408405, 1636425408678, 273, 1, 272, 0, 0, 0
5973, 1, 1636425408509, 1636425408782, 273, 1, 272, 0, 0, 0
5974, 1, 1636425409325, 1636425409597, 272, 1, 271, 0, 0, 0
5975, 1, 1636425409593, 1636425409862, 269, 1, 268, 1, 0, 1
5976, 1, 1636425409689, 1636425409958, 269, 1, 268, 0, 1, 1
5978, 1, 1636425409957, 1636425410233, 276, 0, 276, 0, 0, 0
5977, 1, 1636425410137, 1636425410409, 272, 1, 271, 0, 0, 0
5979, 1, 1636425410189, 1636425410457, 268, 1, 267, 0, 0, 0
5980, 1, 1636425410270, 1636425410541, 271, 0, 271, 0, 0, 0
5982, 1, 1636425410358, 1636425410630, 272, 0, 272, 0, 0, 0
5985, 1, 1636425410577, 1636425410850, 273, 1, 272, 0, 0, 0
5986, 1, 1636425410721, 1636425410994, 273, 1, 272, 1, 0, 1
5984, 1, 1636425410721, 1636425410994, 273, 1, 272, 1, 0, 1
5983, 1, 1636425410806, 1636425411074, 268, 0, 268, 0, 0, 0
5987, 1, 1636425411029, 1636425411301, 272, 1, 271, 0, 0, 0
5988, 1, 1636425411254, 1636425411526, 272, 0, 272, 0, 0, 0
5989, 1, 1636425411353, 1636425411626, 273, 1, 272, 0, 0, 0
5990, 1, 1636425411862, 1636425412133, 271, 0, 271, 0, 0, 0
5991, 1, 1636425411973, 1636425412249, 276, 1, 275, 0, 0, 0
5992, 1, 1636425412426, 1636425412702, 276, 0, 276, 0, 0, 0
5993, 1, 1636425412818, 1636425413094, 276, 0, 276, 0, 0, 0
5994, 1, 1636425413006, 1636425413277, 271, 0, 271, 0, 0, 0
5995, 1, 1636425413502, 1636425413774, 272, 0, 272, 0, 0, 0
5996, 1, 1636425413810, 1636425414081, 271, 0, 271, 0, 0, 0
5998, 1, 1636425413957, 1636425414233, 276, 1, 275, 0, 0, 0
5999, 1, 1636425414229, 1636425414506, 277, 1, 276, 0, 1, 1
6000, 1, 1636425414249, 1636425414522, 273, 0, 273, 0, 0, 0
5997, 1, 1636425414261, 1636425414533, 272, 1, 271, 0, 0, 0
6001, 1, 1636425414281, 1636425414550, 269, 0, 269, 0, 0, 0
6004, 1, 1636425414486, 1636425414758, 272, 0, 272, 0, 0, 0
6005, 1, 1636425414590, 1636425414861, 271, 0, 271, 0, 0, 0
6003, 1, 1636425414685, 1636425414949, 264, 0, 264, 0, 0, 0
6006, 1, 1636425414729, 1636425414997, 268, 0, 268, 0, 0, 0
6007, 1, 1636425414937, 1636425415205, 268, 0, 268, 0, 0, 0
6002, 1, 1636425415177, 1636425415450, 273, 1, 272, 0, 0, 0
6008, 1, 1636425415213, 1636425415486, 273, 1, 272, 0, 0, 0
6009, 1, 1636425415745, 1636425416013, 268, 0, 268, 0, 0, 0
6010, 1, 1636425416054, 1636425416326, 272, 0, 272, 0, 0, 0
6011, 1, 1636425416194, 1636425416466, 272, 0, 272, 0, 0, 0
6012, 1, 1636425416714, 1636425416990, 276, 0, 276, 0, 0, 0
6013, 1, 1636425417006, 1636425417282, 276, 0, 276, 0, 0, 0
6014, 1, 1636425417333, 1636425417606, 273, 0, 273, 0, 0, 0
6015, 1, 1636425417621, 1636425417890, 269, 0, 269, 0, 0, 0
6016, 1, 1636425418070, 1636425418346, 276, 0, 276, 0, 0, 0
6017, 1, 1636425418149, 1636425418422, 273, 1, 272, 1, 0, 1
6018, 1, 1636425418313, 1636425418586, 273, 1, 272, 0, 0, 0
6020, 1, 1636425418337, 1636425418610, 273, 1, 272, 0, 1, 1
6023, 1, 1636425418589, 1636425418857, 268, 1, 267, 0, 1, 1
6024, 1, 1636425418765, 1636425419037, 272, 1, 271, 1, 0, 1
6022, 1, 1636425418793, 1636425419065, 272, 1, 271, 0, 0, 0
6025, 1, 1636425418806, 1636425419077, 271, 0, 271, 0, 0, 0
6027, 1, 1636425419210, 1636425419486, 276, 0, 276, 0, 0, 0
6026, 1, 1636425419246, 1636425419517, 271, 0, 271, 0, 0, 0
6028, 1, 1636425419874, 1636425420141, 267, 0, 267, 0, 0, 0
6029, 1, 1636425420082, 1636425420390, 308, 0, 308, 0, 0, 0
6030, 1, 1636425420382, 1636425420654, 272, 0, 272, 0, 0, 0
6031, 1, 1636425420642, 1636425420917, 275, 0, 275, 0, 0, 0
6032, 1, 1636425420882, 1636425421153, 271, 0, 271, 0, 0, 0
6033, 1, 1636425420901, 1636425421170, 269, 0, 269, 0, 0, 0
6034, 1, 1636425421198, 1636425421470, 272, 0, 272, 0, 0, 0
6035, 1, 1636425421806, 1636425422078, 272, 0, 272, 0, 0, 0
6038, 1, 1636425422181, 1636425422450, 269, 1, 268, 0, 0, 0
6037, 1, 1636425422177, 1636425422450, 273, 1, 272, 0, 0, 0
6036, 1, 1636425422253, 1636425422526, 273, 1, 272, 0, 1, 1
6039, 1, 1636425422525, 1636425422790, 265, 1, 264, 0, 0, 0
6040, 1, 1636425422541, 1636425422805, 264, 0, 264, 0, 0, 0
6041, 1, 1636425422669, 1636425422937, 268, 1, 267, 1, 0, 1
6043, 1, 1636425422865, 1636425423142, 277, 1, 276, 0, 0, 0
6042, 1, 1636425422985, 1636425423254, 269, 1, 268, 0, 0, 0
6045, 1, 1636425423417, 1636425423685, 268, 0, 268, 0, 0, 0
6044, 1, 1636425423433, 1636425423702, 269, 0, 269, 0, 0, 0
6046, 1, 1636425423813, 1636425424081, 268, 0, 268, 0, 0, 0
6047, 1, 1636425424262, 1636425424534, 272, 0, 272, 0, 0, 0
6048, 1, 1636425424258, 1636425424534, 276, 0, 276, 0, 0, 0
6049, 1, 1636425424717, 1636425424989, 272, 1, 271, 0, 0, 0
6050, 1, 1636425424850, 1636425425121, 271, 0, 271, 0, 0, 0
6051, 1, 1636425425210, 1636425425482, 272, 0, 272, 0, 0, 0
6052, 1, 1636425425334, 1636425425610, 276, 0, 276, 0, 0, 0
6053, 1, 1636425425870, 1636425426145, 275, 0, 275, 0, 0, 0
6055, 1, 1636425426234, 1636425426509, 275, 0, 275, 0, 0, 0
6056, 1, 1636425426297, 1636425426566, 269, 1, 268, 1, 0, 1
6054, 1, 1636425426333, 1636425426602, 269, 0, 269, 0, 0, 0
6057, 1, 1636425426373, 1636425426633, 260, 0, 260, 0, 0, 0
6059, 1, 1636425426806, 1636425427078, 272, 0, 272, 0, 0, 0
6058, 1, 1636425426813, 1636425427085, 272, 1, 271, 0, 1, 1
6060, 1, 1636425426834, 1636425427105, 271, 0, 271, 0, 0, 0
6062, 1, 1636425426993, 1636425427266, 273, 1, 272, 0, 0, 0
6061, 1, 1636425427270, 1636425427546, 276, 0, 276, 0, 0, 0
6063, 1, 1636425427593, 1636425427861, 268, 1, 267, 0, 1, 1
6065, 1, 1636425427941, 1636425428210, 269, 1, 268, 0, 0, 0
6064, 1, 1636425427941, 1636425428214, 273, 1, 272, 0, 0, 0
6066, 1, 1636425428393, 1636425428661, 268, 1, 267, 0, 0, 0
6067, 1, 1636425428649, 1636425428918, 269, 1, 268, 0, 0, 0
6069, 1, 1636425428829, 1636425429098, 269, 1, 268, 0, 0, 0
6070, 1, 1636425428846, 1636425429121, 275, 0, 275, 0, 0, 0
6068, 1, 1636425429097, 1636425429370, 273, 1, 272, 0, 0, 0
6071, 1, 1636425429550, 1636425429821, 271, 0, 271, 0, 0, 0
6072, 1, 1636425429606, 1636425429878, 272, 0, 272, 0, 0, 0
6073, 1, 1636425429701, 1636425429974, 273, 0, 273, 0, 0, 0
6075, 1, 1636425429917, 1636425430185, 268, 0, 268, 0, 0, 0
6076, 1, 1636425430105, 1636425430374, 269, 1, 268, 0, 0, 0
6074, 1, 1636425430157, 1636425430430, 273, 1, 272, 1, 0, 1
6077, 1, 1636425430578, 1636425430845, 267, 0, 267, 0, 0, 0
6078, 1, 1636425430609, 1636425430882, 273, 0, 273, 0, 0, 0
6079, 1, 1636425430757, 1636425431022, 265, 1, 264, 0, 0, 0
6080, 1, 1636425431073, 1636425431346, 273, 1, 272, 0, 1, 1
6081, 1, 1636425431086, 1636425431357, 271, 0, 271, 0, 0, 0
6082, 1, 1636425431538, 1636425431809, 271, 0, 271, 0, 0, 0
6083, 1, 1636425431862, 1636425432138, 276, 0, 276, 0, 0, 0
6084, 1, 1636425432122, 1636425432394, 272, 0, 272, 0, 0, 0
6085, 1, 1636425432145, 1636425432414, 269, 1, 268, 0, 0, 0
6087, 1, 1636425432517, 1636425432785, 268, 0, 268, 0, 0, 0
6086, 1, 1636425432594, 1636425432866, 272, 0, 272, 0, 0, 0
6089, 1, 1636425432765, 1636425433038, 273, 1, 272, 0, 0, 0
6088, 1, 1636425432965, 1636425433237, 272, 1, 271, 0, 0, 0
6091, 1, 1636425433058, 1636425433322, 264, 0, 264, 0, 0, 0
6090, 1, 1636425433417, 1636425433681, 264, 1, 263, 0, 0, 0
6092, 1, 1636425433701, 1636425433965, 264, 0, 264, 0, 0, 0
6093, 1, 1636425433797, 1636425434065, 268, 1, 267, 0, 1, 1
6094, 1, 1636425433885, 1636425434157, 272, 1, 271, 0, 1, 1
6096, 1, 1636425434101, 1636425434369, 268, 0, 268, 0, 0, 0
6095, 1, 1636425434241, 1636425434509, 268, 1, 267, 0, 1, 1
6097, 1, 1636425434309, 1636425434566, 257, 0, 257, 0, 0, 0
6098, 1, 1636425434389, 1636425434653, 264, 1, 263, 0, 0, 0
6099, 1, 1636425434830, 1636425435101, 271, 0, 271, 0, 0, 0
6101, 1, 1636425434941, 1636425435210, 269, 0, 269, 0, 0, 0
6102, 1, 1636425435137, 1636425435413, 276, 1, 275, 0, 0, 0
6100, 1, 1636425435281, 1636425435545, 264, 1, 263, 0, 1, 1
6103, 1, 1636425435669, 1636425435938, 269, 1, 268, 0, 1, 1
6104, 1, 1636425435842, 1636425436110, 268, 0, 268, 0, 0, 0
6105, 1, 1636425436290, 1636425436561, 271, 0, 271, 0, 0, 0
6106, 1, 1636425436406, 1636425436670, 264, 0, 264, 0, 0, 0
6107, 1, 1636425436541, 1636425436802, 261, 1, 260, 0, 0, 0
6109, 1, 1636425436842, 1636425437122, 280, 0, 280, 0, 0, 0
6108, 1, 1636425436982, 1636425437250, 268, 0, 268, 0, 0, 0
6111, 1, 1636425437334, 1636425437610, 276, 0, 276, 0, 0, 0
6110, 1, 1636425437429, 1636425437714, 285, 1, 284, 0, 0, 0
6112, 1, 1636425437882, 1636425438154, 272, 0, 272, 0, 0, 0
6113, 1, 1636425437917, 1636425438190, 273, 0, 273, 0, 0, 0
6114, 1, 1636425437993, 1636425438261, 268, 0, 268, 0, 0, 0
6115, 1, 1636425438033, 1636425438301, 268, 0, 268, 0, 0, 0
6117, 1, 1636425438382, 1636425438658, 276, 0, 276, 0, 0, 0
6118, 1, 1636425438417, 1636425438686, 269, 0, 269, 0, 0, 0
6116, 1, 1636425438486, 1636425438758, 272, 0, 272, 0, 0, 0
6119, 1, 1636425438509, 1636425438782, 273, 1, 272, 1, 0, 1
6120, 1, 1636425438962, 1636425439234, 272, 0, 272, 0, 0, 0
6121, 1, 1636425439114, 1636425439390, 276, 0, 276, 0, 0, 0
6122, 1, 1636425439221, 1636425439493, 272, 1, 271, 0, 0, 0
6123, 1, 1636425439790, 1636425440062, 272, 0, 272, 0, 0, 0
6124, 1, 1636425439937, 1636425440214, 277, 1, 276, 0, 1, 1
6125, 1, 1636425440237, 1636425440509, 272, 1, 271, 0, 1, 1
6126, 1, 1636425440278, 1636425440550, 272, 0, 272, 0, 0, 0
6128, 1, 1636425440489, 1636425440762, 273, 1, 272, 0, 0, 0
6127, 1, 1636425440730, 1636425441002, 272, 0, 272, 0, 0, 0
6130, 1, 1636425441038, 1636425441310, 272, 0, 272, 0, 0, 0
6129, 1, 1636425441182, 1636425441454, 272, 0, 272, 0, 0, 0
6131, 1, 1636425441602, 1636425441873, 271, 0, 271, 0, 0, 0
6132, 1, 1636425441754, 1636425442026, 272, 0, 272, 0, 0, 0
6133, 1, 1636425441878, 1636425442150, 272, 0, 272, 0, 0, 0
6134, 1, 1636425441933, 1636425442210, 277, 1, 276, 0, 1, 1
6137, 1, 1636425442197, 1636425442470, 273, 1, 272, 0, 0, 0
6136, 1, 1636425442209, 1636425442482, 273, 1, 272, 0, 0, 0
6135, 1, 1636425442329, 1636425442597, 268, 1, 267, 0, 0, 0
6138, 1, 1636425442426, 1636425442698, 272, 0, 272, 0, 0, 0
6140, 1, 1636425442674, 1636425442950, 276, 0, 276, 0, 0, 0
6139, 1, 1636425442878, 1636425443145, 267, 0, 267, 0, 0, 0
6141, 1, 1636425443017, 1636425443286, 269, 0, 269, 0, 0, 0
6142, 1, 1636425443306, 1636425443574, 268, 0, 268, 0, 0, 0
6143, 1, 1636425443493, 1636425443762, 269, 1, 268, 0, 0, 0
6144, 1, 1636425443710, 1636425443986, 276, 0, 276, 0, 0, 0
6145, 1, 1636425444114, 1636425444386, 272, 0, 272, 0, 0, 0
6146, 1, 1636425444138, 1636425444414, 276, 0, 276, 0, 0, 0
6147, 1, 1636425444594, 1636425444866, 272, 0, 272, 0, 0, 0
6148, 1, 1636425444802, 1636425445074, 272, 0, 272, 0, 0, 0
6149, 1, 1636425445045, 1636425445322, 277, 1, 276, 0, 0, 0
6152, 1, 1636425445582, 1636425445858, 276, 0, 276, 0, 0, 0
6154, 1, 1636425445846, 1636425446117, 271, 0, 271, 0, 0, 0
6153, 1, 1636425446038, 1636425446310, 272, 0, 272, 0, 0, 0
6155, 1, 1636425446177, 1636425446446, 269, 1, 268, 0, 0, 0
6157, 1, 1636425446338, 1636425446610, 272, 0, 272, 0, 0, 0
6159, 1, 1636425446410, 1636425446681, 271, 0, 271, 0, 0, 0
6156, 1, 1636425446626, 1636425446898, 272, 0, 272, 0, 0, 0
6158, 1, 1636425446789, 1636425447062, 273, 1, 272, 0, 0, 0
6160, 1, 1636425447006, 1636425447274, 268, 0, 268, 0, 0, 0
6161, 1, 1636425447021, 1636425447290, 269, 1, 268, 0, 0, 0
6162, 1, 1636425447262, 1636425447538, 276, 0, 276, 0, 0, 0
6163, 1, 1636425447618, 1636425447894, 276, 0, 276, 0, 0, 0
6164, 1, 1636425447729, 1636425447994, 265, 0, 265, 0, 0, 0
6165, 1, 1636425447817, 1636425448085, 268, 1, 267, 0, 1, 1
6166, 1, 1636425448014, 1636425448289, 275, 0, 275, 0, 0, 0
6167, 1, 1636425448270, 1636425448546, 276, 0, 276, 0, 0, 0
6168, 1, 1636425448741, 1636425449018, 277, 1, 276, 0, 1, 1
6169, 1, 1636425448826, 1636425449102, 276, 0, 276, 0, 0, 0
6170, 1, 1636425449282, 1636425449557, 275, 0, 275, 0, 0, 0
6171, 1, 1636425449737, 1636425450013, 276, 1, 275, 0, 1, 1
6172, 1, 1636425449765, 1636425450037, 272, 1, 271, 1, 0, 1
6174, 1, 1636425450013, 1636425450285, 272, 1, 271, 0, 1, 1
6173, 1, 1636425450213, 1636425450482, 269, 0, 269, 0, 0, 0
6175, 1, 1636425450466, 1636425450738, 272, 0, 272, 0, 0, 0
6176, 1, 1636425450662, 1636425450938, 276, 0, 276, 0, 0, 0
6177, 1, 1636425450746, 1636425451021, 275, 0, 275, 0, 0, 0
6178, 1, 1636425450882, 1636425451158, 276, 0, 276, 0, 0, 0
6179, 1, 1636425450937, 1636425451210, 273, 1, 272, 0, 0, 0
6180, 1, 1636425451217, 1636425451490, 273, 1, 272, 0, 0, 0
6181, 1, 1636425451557, 1636425451830, 273, 1, 272, 1, 0, 1
6182, 1, 1636425451669, 1636425451941, 272, 0, 272, 0, 0, 0
6183, 1, 1636425451921, 1636425452194, 273, 0, 273, 0, 0, 0
6184, 1, 1636425451974, 1636425452246, 272, 0, 272, 0, 0, 0
6185, 1, 1636425452478, 1636425452754, 276, 0, 276, 0, 0, 0
6186, 1, 1636425452801, 1636425453073, 272, 0, 272, 0, 0, 0
6187, 1, 1636425453029, 1636425453298, 269, 0, 269, 0, 0, 0
6188, 1, 1636425453478, 1636425453745, 267, 0, 267, 0, 0, 0
6189, 1, 1636425453565, 1636425453838, 273, 1, 272, 0, 0, 0
6191, 1, 1636425453789, 1636425454061, 272, 1, 271, 0, 1, 1
6190, 1, 1636425453922, 1636425454194, 272, 0, 272, 0, 0, 0
6193, 1, 1636425454017, 1636425454289, 272, 0, 272, 0, 0, 0
6194, 1, 1636425454241, 1636425454514, 273, 1, 272, 0, 1, 1
6192, 1, 1636425454469, 1636425454742, 273, 0, 273, 0, 0, 0
6195, 1, 1636425454646, 1636425454918, 272, 0, 272, 0, 0, 0
6196, 1, 1636425455026, 1636425455321, 295, 0, 295, 0, 0, 0
6197, 1, 1636425455238, 1636425455510, 272, 0, 272, 0, 0, 0
6198, 1, 1636425455258, 1636425455530, 272, 0, 272, 0, 0, 0
6199, 1, 1636425455422, 1636425455694, 272, 0, 272, 0, 0, 0
6200, 1, 1636425455582, 1636425455858, 276, 0, 276, 0, 0, 0
6201, 1, 1636425455865, 1636425456142, 277, 1, 276, 0, 0, 0
6202, 1, 1636425455953, 1636425456222, 269, 0, 269, 0, 0, 0
6203, 1, 1636425455986, 1636425456258, 272, 0, 272, 0, 0, 0
6204, 1, 1636425456089, 1636425456358, 269, 1, 268, 0, 0, 0
6205, 1, 1636425456654, 1636425456926, 272, 0, 272, 0, 0, 0
6206, 1, 1636425456901, 1636425457174, 273, 1, 272, 0, 0, 0
6207, 1, 1636425457198, 1636425457469, 271, 0, 271, 0, 0, 0
6209, 1, 1636425457469, 1636425457738, 269, 1, 268, 0, 0, 0
6208, 1, 1636425457646, 1636425457917, 271, 0, 271, 0, 0, 0
6212, 1, 1636425457766, 1636425458038, 272, 0, 272, 0, 0, 0
6210, 1, 1636425458098, 1636425458369, 271, 0, 271, 0, 0, 0
6214, 1, 1636425458222, 1636425458493, 271, 0, 271, 0, 0, 0
6215, 1, 1636425458858, 1636425459130, 272, 0, 272, 0, 0, 0
6216, 1, 1636425459130, 1636425459401, 271, 0, 271, 0, 0, 0
6217, 1, 1636425459354, 1636425459626, 272, 0, 272, 0, 0, 0
6218, 1, 1636425459366, 1636425459638, 272, 0, 272, 0, 0, 0
6219, 1, 1636425459381, 1636425459653, 272, 1, 271, 1, 0, 1
6220, 1, 1636425459698, 1636425459969, 271, 0, 271, 0, 0, 0
6221, 1, 1636425459945, 1636425460213, 268, 1, 267, 1, 0, 1
6222, 1, 1636425459973, 1636425460242, 269, 0, 269, 0, 0, 0
6223, 1, 1636425460162, 1636425460438, 276, 0, 276, 0, 0, 0
6224, 1, 1636425460366, 1636425460641, 275, 0, 275, 0, 0, 0
6225, 1, 1636425460922, 1636425461194, 272, 0, 272, 0, 0, 0
6226, 1, 1636425461234, 1636425461510, 276, 0, 276, 0, 0, 0
6227, 1, 1636425461366, 1636425461642, 276, 0, 276, 0, 0, 0
6228, 1, 1636425461474, 1636425461746, 272, 0, 272, 0, 0, 0
6231, 1, 1636425461841, 1636425462114, 273, 1, 272, 1, 0, 1
6230, 1, 1636425461926, 1636425462202, 276, 0, 276, 0, 0, 0
6232, 1, 1636425462293, 1636425462569, 276, 1, 275, 1, 0, 1
6229, 1, 1636425462382, 1636425462654, 272, 0, 272, 0, 0, 0
6233, 1, 1636425462642, 1636425462918, 276, 0, 276, 0, 0, 0
6234, 1, 1636425463170, 1636425463442, 272, 0, 272, 0, 0, 0
6235, 1, 1636425463397, 1636425463670, 273, 1, 272, 1, 0, 1
6236, 1, 1636425463442, 1636425463710, 268, 0, 268, 0, 0, 0
6237, 1, 1636425463685, 1636425463957, 272, 1, 271, 0, 1, 1
6238, 1, 1636425463869, 1636425464142, 273, 1, 272, 0, 1, 1
6239, 1, 1636425463906, 1636425464174, 268, 0, 268, 0, 0, 0
6240, 1, 1636425463957, 1636425464221, 264, 1, 263, 0, 1, 1
6241, 1, 1636425464174, 1636425464446, 272, 0, 272, 0, 0, 0
6242, 1, 1636425464301, 1636425464574, 273, 1, 272, 1, 0, 1
6243, 1, 1636425464726, 1636425465002, 276, 0, 276, 0, 0, 0
6244, 1, 1636425465181, 1636425465454, 273, 1, 272, 1, 0, 1
6246, 1, 1636425465214, 1636425465490, 276, 0, 276, 0, 0, 0
6247, 1, 1636425465634, 1636425465910, 276, 0, 276, 0, 0, 0
6249, 1, 1636425465793, 1636425466062, 269, 0, 269, 0, 0, 0
6248, 1, 1636425466093, 1636425466370, 277, 1, 276, 0, 0, 0
6250, 1, 1636425466242, 1636425466517, 275, 0, 275, 0, 0, 0
6251, 1, 1636425466669, 1636425466950, 281, 1, 280, 1, 0, 1
6252, 1, 1636425467361, 1636425467633, 272, 1, 271, 1, 0, 1
6253, 1, 1636425467402, 1636425467673, 271, 0, 271, 0, 0, 0
6254, 1, 1636425467438, 1636425467749, 311, 0, 311, 0, 0, 0
6213, 1, 1636425467694, 1636425467966, 272, 0, 272, 0, 0, 0
6255, 1, 1636425467793, 1636425468061, 268, 1, 267, 0, 0, 0
6257, 1, 1636425467837, 1636425468106, 269, 1, 268, 0, 0, 0
6256, 1, 1636425467837, 1636425468106, 269, 1, 268, 0, 0, 0
6258, 1, 1636425468025, 1636425468298, 273, 0, 273, 0, 0, 0
6259, 1, 1636425468230, 1636425468498, 268, 0, 268, 0, 0, 0
6260, 1, 1636425468277, 1636425468545, 268, 1, 267, 1, 0, 1
6262, 1, 1636425468442, 1636425468714, 272, 0, 272, 0, 0, 0
6261, 1, 1636425468677, 1636425468950, 273, 1, 272, 1, 0, 1
6263, 1, 1636425468893, 1636425469170, 277, 1, 276, 1, 0, 1
6264, 1, 1636425469110, 1636425469386, 276, 0, 276, 0, 0, 0
6265, 1, 1636425469454, 1636425469730, 276, 0, 276, 0, 0, 0
6267, 1, 1636425469625, 1636425469902, 277, 1, 276, 0, 0, 0
6266, 1, 1636425469909, 1636425470186, 277, 1, 276, 0, 0, 0
6269, 1, 1636425470106, 1636425470378, 272, 0, 272, 0, 0, 0
6268, 1, 1636425470366, 1636425470638, 272, 0, 272, 0, 0, 0
6270, 1, 1636425470474, 1636425470750, 276, 0, 276, 0, 0, 0
6271, 1, 1636425471266, 1636425471537, 271, 0, 271, 0, 0, 0
6272, 1, 1636425471386, 1636425471658, 272, 0, 272, 0, 0, 0
6273, 1, 1636425471633, 1636425471902, 269, 1, 268, 0, 1, 1
6274, 1, 1636425471782, 1636425472054, 272, 0, 272, 0, 0, 0
6275, 1, 1636425471793, 1636425472062, 269, 0, 269, 0, 0, 0
6276, 1, 1636425472162, 1636425472434, 272, 0, 272, 0, 0, 0
6277, 1, 1636425472182, 1636425472457, 275, 0, 275, 0, 0, 0
6278, 1, 1636425472233, 1636425472498, 265, 0, 265, 0, 0, 0
6280, 1, 1636425472654, 1636425472926, 272, 0, 272, 0, 0, 0
6279, 1, 1636425472678, 1636425472950, 272, 2, 270, 1, 1, 2
6281, 1, 1636425472941, 1636425473217, 276, 1, 275, 0, 0, 0
6282, 1, 1636425473226, 1636425473502, 276, 0, 276, 0, 0, 0
6284, 1, 1636425473645, 1636425473917, 272, 1, 271, 1, 0, 1
6283, 1, 1636425473682, 1636425473954, 272, 0, 272, 0, 0, 0
6286, 1, 1636425474126, 1636425474398, 272, 0, 272, 0, 0, 0
6285, 1, 1636425474134, 1636425474406, 272, 0, 272, 0, 0, 0
6287, 1, 1636425474302, 1636425474573, 271, 0, 271, 0, 0, 0
6288, 1, 1636425475286, 1636425475561, 275, 0, 275, 0, 0, 0
6289, 1, 1636425475398, 1636425475669, 271, 0, 271, 0, 0, 0
6290, 1, 1636425475502, 1636425475769, 267, 0, 267, 0, 0, 0
6291, 1, 1636425475513, 1636425475782, 269, 1, 268, 0, 0, 0
6292, 1, 1636425475638, 1636425475906, 268, 0, 268, 0, 0, 0
6295, 1, 1636425476025, 1636425476290, 265, 0, 265, 0, 0, 0
6294, 1, 1636425476017, 1636425476290, 273, 1, 272, 0, 0, 0
6293, 1, 1636425476017, 1636425476290, 273, 1, 272, 1, 0, 1
6296, 1, 1636425476290, 1636425476561, 271, 1, 270, 0, 1, 1
6297, 1, 1636425476470, 1636425476737, 267, 0, 267, 0, 0, 0
6298, 1, 1636425476782, 1636425477054, 272, 0, 272, 0, 0, 0
6299, 1, 1636425476801, 1636425477074, 273, 1, 272, 0, 0, 0
6300, 1, 1636425477246, 1636425477522, 276, 0, 276, 0, 0, 0
6301, 1, 1636425477442, 1636425477714, 272, 0, 272, 0, 0, 0
6302, 1, 1636425477701, 1636425477973, 272, 1, 271, 1, 0, 1
6303, 1, 1636425477926, 1636425478198, 272, 0, 272, 0, 0, 0
6304, 1, 1636425478154, 1636425478426, 272, 0, 272, 0, 0, 0
6305, 1, 1636425478297, 1636425478578, 281, 1, 280, 0, 0, 0
6306, 1, 1636425479242, 1636425479513, 271, 0, 271, 0, 0, 0
6307, 1, 1636425479250, 1636425479522, 272, 0, 272, 0, 0, 0
6308, 1, 1636425479454, 1636425479722, 268, 0, 268, 0, 0, 0
6309, 1, 1636425479481, 1636425479750, 269, 1, 268, 0, 0, 0
6310, 1, 1636425479722, 1636425479994, 272, 0, 272, 0, 0, 0
6311, 1, 1636425479874, 1636425480142, 268, 0, 268, 0, 0, 0
6312, 1, 1636425480057, 1636425480326, 269, 0, 269, 0, 0, 0
6313, 1, 1636425480085, 1636425480357, 272, 1, 271, 0, 1, 1
6314, 1, 1636425480225, 1636425480489, 264, 1, 263, 1, 0, 1
6315, 1, 1636425480598, 1636425480870, 272, 0, 272, 0, 0, 0
6316, 1, 1636425480722, 1636425480998, 276, 0, 276, 0, 0, 0
6317, 1, 1636425480917, 1636425481194, 277, 1, 276, 1, 0, 1
6318, 1, 1636425481226, 1636425481498, 272, 0, 272, 0, 0, 0
6320, 1, 1636425481501, 1636425481774, 273, 1, 272, 0, 0, 0
6319, 1, 1636425481677, 1636425481954, 277, 1, 276, 1, 0, 1
6321, 1, 1636425482134, 1636425482406, 272, 0, 272, 0, 0, 0
6322, 1, 1636425482198, 1636425482470, 272, 0, 272, 0, 0, 0
6323, 1, 1636425482505, 1636425482782, 277, 1, 276, 0, 0, 0
6324, 1, 1636425483378, 1636425483653, 275, 0, 275, 0, 0, 0
6325, 1, 1636425483454, 1636425483726, 272, 0, 272, 0, 0, 0
6326, 1, 1636425483582, 1636425483853, 271, 0, 271, 0, 0, 0
6327, 1, 1636425483693, 1636425483961, 268, 1, 267, 0, 1, 1
6328, 1, 1636425483701, 1636425483974, 273, 1, 272, 1, 0, 1
6329, 1, 1636425484006, 1636425484278, 272, 0, 272, 0, 0, 0
6330, 1, 1636425484305, 1636425484570, 265, 0, 265, 0, 0, 0
6331, 1, 1636425484349, 1636425484614, 265, 1, 264, 0, 0, 0
6332, 1, 1636425484362, 1636425484634, 272, 0, 272, 0, 0, 0
6333, 1, 1636425484730, 1636425485001, 271, 0, 271, 0, 0, 0
6334, 1, 1636425484814, 1636425485090, 276, 0, 276, 0, 0, 0
6335, 1, 1636425485006, 1636425485278, 272, 0, 272, 0, 0, 0
6336, 1, 1636425485510, 1636425485785, 275, 0, 275, 0, 0, 0
6338, 1, 1636425485726, 1636425486002, 276, 0, 276, 0, 0, 0
6339, 1, 1636425485966, 1636425486242, 276, 0, 276, 0, 0, 0
6340, 1, 1636425486417, 1636425486694, 277, 1, 276, 0, 0, 0
6337, 1, 1636425486426, 1636425486698, 272, 0, 272, 0, 0, 0
6341, 1, 1636425486678, 1636425486954, 276, 0, 276, 0, 0, 0
6342, 1, 1636425487078, 1636425487354, 276, 0, 276, 0, 0, 0
6343, 1, 1636425487414, 1636425487685, 271, 0, 271, 0, 0, 0
6344, 1, 1636425487598, 1636425487866, 268, 0, 268, 0, 0, 0
6345, 1, 1636425487709, 1636425487977, 268, 1, 267, 0, 0, 0
6346, 1, 1636425487786, 1636425488057, 271, 0, 271, 0, 0, 0
6347, 1, 1636425487985, 1636425488249, 264, 0, 264, 0, 0, 0
6348, 1, 1636425488113, 1636425488382, 269, 0, 269, 0, 0, 0
6349, 1, 1636425488194, 1636425488466, 272, 0, 272, 0, 0, 0
6350, 1, 1636425488530, 1636425488798, 268, 0, 268, 0, 0, 0
6351, 1, 1636425488566, 1636425488834, 268, 0, 268, 0, 0, 0
6352, 1, 1636425488714, 1636425488990, 276, 0, 276, 0, 0, 0
6353, 1, 1636425489210, 1636425489481, 271, 0, 271, 0, 0, 0
6354, 1, 1636425489446, 1636425489718, 272, 0, 272, 0, 0, 0
6355, 1, 1636425489662, 1636425489933, 271, 0, 271, 0, 0, 0
6357, 1, 1636425490113, 1636425490382, 269, 1, 268, 0, 0, 0
6358, 1, 1636425490142, 1636425490406, 264, 0, 264, 0, 0, 0
6356, 1, 1636425490562, 1636425490830, 268, 0, 268, 0, 0, 0
6359, 1, 1636425490877, 1636425491150, 273, 1, 272, 1, 0, 1
6360, 1, 1636425490946, 1636425491222, 276, 0, 276, 0, 0, 0
6361, 1, 1636425491482, 1636425491754, 272, 0, 272, 0, 0, 0
6362, 1, 1636425491489, 1636425491766, 277, 1, 276, 0, 0, 0
6363, 1, 1636425491945, 1636425492217, 272, 1, 271, 0, 0, 0
6364, 1, 1636425491953, 1636425492225, 272, 1, 271, 0, 0, 0
6365, 1, 1636425492265, 1636425492538, 273, 1, 272, 0, 0, 0
6366, 1, 1636425492334, 1636425492606, 272, 0, 272, 0, 0, 0
6367, 1, 1636425492442, 1636425492714, 272, 0, 272, 0, 0, 0
6368, 1, 1636425492562, 1636425492833, 271, 0, 271, 0, 0, 0
6369, 1, 1636425492906, 1636425493178, 272, 0, 272, 0, 0, 0
6370, 1, 1636425492957, 1636425493230, 273, 1, 272, 0, 0, 0
6371, 1, 1636425493438, 1636425493710, 272, 0, 272, 0, 0, 0
6374, 1, 1636425493690, 1636425493962, 272, 0, 272, 0, 0, 0
6373, 1, 1636425493890, 1636425494162, 272, 0, 272, 0, 0, 0
6372, 1, 1636425494342, 1636425494614, 272, 0, 272, 0, 0, 0
6375, 1, 1636425494422, 1636425494694, 272, 0, 272, 0, 0, 0
6376, 1, 1636425494754, 1636425495026, 272, 0, 272, 0, 0, 0
6377, 1, 1636425494910, 1636425495186, 276, 0, 276, 0, 0, 0
6378, 1, 1636425495430, 1636425495702, 272, 0, 272, 0, 0, 0
6379, 1, 1636425495521, 1636425495794, 273, 1, 272, 1, 0, 1
6380, 1, 1636425495930, 1636425496201, 271, 0, 271, 0, 0, 0
6381, 1, 1636425495938, 1636425496209, 271, 0, 271, 0, 0, 0
6382, 1, 1636425496217, 1636425496494, 277, 1, 276, 0, 0, 0
6384, 1, 1636425496366, 1636425496638, 272, 1, 271, 0, 0, 0
6383, 1, 1636425496366, 1636425496638, 272, 1, 271, 0, 0, 0
6385, 1, 1636425496678, 1636425496950, 272, 0, 272, 0, 0, 0
6386, 1, 1636425496854, 1636425497126, 272, 0, 272, 0, 0, 0
6387, 1, 1636425497194, 1636425497466, 272, 0, 272, 0, 0, 0
6388, 1, 1636425497386, 1636425497658, 272, 0, 272, 0, 0, 0
6391, 1, 1636425497926, 1636425498202, 276, 0, 276, 0, 0, 0
6392, 1, 1636425498658, 1636425498930, 272, 0, 272, 0, 0, 0
6393, 1, 1636425498710, 1636425498982, 272, 0, 272, 0, 0, 0
6394, 1, 1636425499110, 1636425499382, 272, 0, 272, 0, 0, 0
6395, 1, 1636425499133, 1636425499402, 269, 0, 269, 0, 0, 0
6396, 1, 1636425499358, 1636425499630, 272, 0, 272, 0, 0, 0
6397, 1, 1636425499902, 1636425500173, 271, 0, 271, 0, 0, 0
6398, 1, 1636425499978, 1636425500245, 267, 0, 267, 0, 0, 0
6399, 1, 1636425500194, 1636425500465, 271, 0, 271, 0, 0, 0
6400, 1, 1636425500394, 1636425500670, 276, 0, 276, 0, 0, 0
6401, 1, 1636425500417, 1636425500693, 276, 1, 275, 0, 0, 0
6402, 1, 1636425500553, 1636425500826, 273, 1, 272, 0, 0, 0
6403, 1, 1636425500666, 1636425500938, 272, 0, 272, 0, 0, 0
6404, 1, 1636425501145, 1636425501418, 273, 1, 272, 0, 1, 1
6405, 1, 1636425501182, 1636425501450, 268, 0, 268, 0, 0, 0
6406, 1, 1636425501894, 1636425502170, 276, 0, 276, 0, 0, 0
6407, 1, 1636425502570, 1636425502842, 272, 0, 272, 0, 0, 0
6408, 1, 1636425502646, 1636425502917, 271, 0, 271, 0, 0, 0
6409, 1, 1636425502813, 1636425503082, 269, 1, 268, 0, 0, 0
6410, 1, 1636425502902, 1636425503173, 271, 0, 271, 0, 0, 0
6411, 1, 1636425503185, 1636425503462, 277, 1, 276, 0, 1, 1
6412, 1, 1636425503742, 1636425504017, 275, 0, 275, 0, 0, 0
6414, 1, 1636425504101, 1636425504370, 269, 1, 268, 0, 0, 0
6415, 1, 1636425504189, 1636425504457, 268, 1, 267, 0, 0, 0
6416, 1, 1636425504325, 1636425504598, 273, 1, 272, 1, 0, 1
6417, 1, 1636425504454, 1636425504726, 272, 0, 272, 0, 0, 0
6419, 1, 1636425504917, 1636425505190, 273, 1, 272, 1, 0, 1
6422, 1, 1636425506565, 1636425506834, 269, 0, 269, 0, 0, 0
6423, 1, 1636425506754, 1636425507026, 272, 0, 272, 0, 0, 0
6426, 1, 1636425506938, 1636425507210, 272, 0, 272, 0, 0, 0
6425, 1, 1636425507014, 1636425507290, 276, 0, 276, 0, 0, 0
6427, 1, 1636425507717, 1636425507990, 273, 1, 272, 0, 1, 1
6428, 1, 1636425507849, 1636425508122, 273, 1, 272, 0, 0, 0
6430, 1, 1636425508174, 1636425508446, 272, 0, 272, 0, 0, 0
6431, 1, 1636425508282, 1636425508554, 272, 0, 272, 0, 0, 0
6432, 1, 1636425508290, 1636425508562, 272, 0, 272, 0, 0, 0
6429, 1, 1636425508302, 1636425508570, 268, 0, 268, 0, 0, 0
6433, 1, 1636425508446, 1636425508718, 272, 0, 272, 0, 0, 0
6434, 1, 1636425508874, 1636425509150, 276, 0, 276, 0, 0, 0
6435, 1, 1636425510674, 1636425510946, 272, 0, 272, 0, 0, 0
6436, 1, 1636425510878, 1636425511150, 272, 0, 272, 0, 0, 0
6437, 1, 1636425511130, 1636425511406, 276, 0, 276, 0, 0, 0
6438, 1, 1636425511638, 1636425511910, 272, 0, 272, 0, 0, 0
6439, 1, 1636425512090, 1636425512362, 272, 0, 272, 0, 0, 0
6440, 1, 1636425512454, 1636425512726, 272, 0, 272, 0, 0, 0
6441, 1, 1636425512458, 1636425512730, 272, 0, 272, 0, 0, 0
6442, 1, 1636425512538, 1636425512810, 272, 0, 272, 0, 0, 0
6443, 1, 1636425514314, 1636425514586, 272, 0, 272, 0, 0, 0
6444, 1, 1636425514846, 1636425515117, 271, 0, 271, 0, 0, 0
6445, 1, 1636425515017, 1636425515290, 273, 1, 272, 1, 0, 1
6446, 1, 1636425515190, 1636425515465, 275, 0, 275, 0, 0, 0
6447, 1, 1636425515298, 1636425515569, 271, 0, 271, 0, 0, 0
6448, 1, 1636425515565, 1636425515838, 273, 1, 272, 1, 0, 1
6449, 1, 1636425515706, 1636425515978, 272, 0, 272, 0, 0, 0
6450, 1, 1636425516017, 1636425516290, 273, 1, 272, 1, 0, 1
6451, 1, 1636425516310, 1636425516585, 275, 0, 275, 0, 0, 0
6452, 1, 1636425516622, 1636425516906, 284, 0, 284, 0, 0, 0
6454, 1, 1636425516734, 1636425517006, 272, 0, 272, 0, 0, 0
6453, 1, 1636425516702, 1636425517009, 307, 0, 307, 0, 0, 0
6455, 1, 1636425517166, 1636425517438, 272, 0, 272, 0, 0, 0
6456, 1, 1636425518182, 1636425518453, 271, 0, 271, 0, 0, 0
6457, 1, 1636425519058, 1636425519326, 268, 0, 268, 0, 0, 0
6458, 1, 1636425519105, 1636425519373, 268, 1, 267, 0, 0, 0
6459, 1, 1636425519114, 1636425519386, 272, 0, 272, 0, 0, 0
6460, 1, 1636425519566, 1636425519838, 272, 0, 272, 0, 0, 0
6461, 1, 1636425519569, 1636425519842, 273, 1, 272, 0, 1, 1
6462, 1, 1636425520022, 1636425520294, 272, 0, 272, 0, 0, 0
6463, 1, 1636425520406, 1636425520677, 271, 0, 271, 0, 0, 0
6464, 1, 1636425520662, 1636425520934, 272, 0, 272, 0, 0, 0
6465, 1, 1636425520834, 1636425521106, 272, 0, 272, 0, 0, 0
6466, 1, 1636425520986, 1636425521262, 276, 0, 276, 0, 0, 0
6467, 1, 1636425522214, 1636425522486, 272, 0, 272, 0, 0, 0
6468, 1, 1636425522806, 1636425523078, 272, 0, 272, 0, 0, 0
6469, 1, 1636425522917, 1636425523190, 273, 1, 272, 1, 0, 1
6470, 1, 1636425523090, 1636425523366, 276, 0, 276, 0, 0, 0
6471, 1, 1636425523369, 1636425523642, 273, 1, 272, 0, 1, 1
6472, 1, 1636425523601, 1636425523878, 277, 1, 276, 0, 0, 0
6473, 1, 1636425524058, 1636425524330, 272, 0, 272, 0, 0, 0
6474, 1, 1636425524434, 1636425524706, 272, 0, 272, 0, 0, 0
6475, 1, 1636425524598, 1636425524874, 276, 0, 276, 0, 0, 0
6476, 1, 1636425524866, 1636425525142, 276, 0, 276, 0, 0, 0
6477, 1, 1636425525386, 1636425525658, 272, 0, 272, 0, 0, 0
6478, 1, 1636425526014, 1636425526290, 276, 0, 276, 0, 0, 0
6479, 1, 1636425526506, 1636425526782, 276, 0, 276, 0, 0, 0
6480, 1, 1636425526890, 1636425527162, 272, 0, 272, 0, 0, 0
6481, 1, 1636425527186, 1636425527458, 272, 0, 272, 0, 0, 0
6482, 1, 1636425527401, 1636425527674, 273, 1, 272, 0, 0, 0
6483, 1, 1636425527637, 1636425527909, 272, 1, 271, 1, 0, 1
6484, 1, 1636425527854, 1636425528130, 276, 0, 276, 0, 0, 0
6485, 1, 1636425528150, 1636425528422, 272, 0, 272, 0, 0, 0
6486, 1, 1636425528658, 1636425528934, 276, 0, 276, 0, 0, 0
6487, 1, 1636425528670, 1636425528945, 275, 0, 275, 0, 0, 0
6488, 1, 1636425529373, 1636425529650, 277, 1, 276, 1, 0, 1
6489, 1, 1636425529846, 1636425530117, 271, 0, 271, 0, 0, 0
6490, 1, 1636425530266, 1636425530538, 272, 0, 272, 0, 0, 0
6491, 1, 1636425530717, 1636425530994, 277, 1, 276, 1, 0, 1
6492, 1, 1636425530906, 1636425531178, 272, 0, 272, 0, 0, 0
6493, 1, 1636425531262, 1636425531537, 275, 0, 275, 0, 0, 0
6494, 1, 1636425531406, 1636425531678, 272, 0, 272, 0, 0, 0
6495, 1, 1636425531717, 1636425531989, 272, 1, 271, 0, 1, 1
6496, 1, 1636425532282, 1636425532553, 271, 0, 271, 0, 0, 0
6497, 1, 1636425532498, 1636425532774, 276, 0, 276, 0, 0, 0
6498, 1, 1636425532762, 1636425533038, 276, 0, 276, 0, 0, 0
6499, 1, 1636425533810, 1636425534082, 272, 0, 272, 0, 0, 0
6500, 1, 1636425533842, 1636425534117, 275, 0, 275, 0, 0, 0
6501, 1, 1636425534398, 1636425534670, 272, 0, 272, 0, 0, 0
6502, 1, 1636425534945, 1636425535214, 269, 0, 269, 0, 0, 0
6503, 1, 1636425535034, 1636425535310, 276, 0, 276, 0, 0, 0
6504, 1, 1636425535494, 1636425535770, 276, 0, 276, 0, 0, 0
6505, 1, 1636425535510, 1636425535781, 271, 0, 271, 0, 0, 0
6506, 1, 1636425536182, 1636425536454, 272, 0, 272, 0, 0, 0
6507, 1, 1636425536262, 1636425536538, 276, 0, 276, 0, 0, 0
6508, 1, 1636425536830, 1636425537106, 276, 0, 276, 0, 0, 0
6509, 1, 1636425537753, 1636425538026, 273, 1, 272, 1, 0, 1
6510, 1, 1636425538046, 1636425538318, 272, 0, 272, 0, 0, 0
6511, 1, 1636425538502, 1636425538778, 276, 0, 276, 0, 0, 0
6512, 1, 1636425539014, 1636425539286, 272, 0, 272, 0, 0, 0
6513, 1, 1636425539050, 1636425539326, 276, 0, 276, 0, 0, 0
6514, 1, 1636425539466, 1636425539738, 272, 0, 272, 0, 0, 0
6515, 1, 1636425539714, 1636425539986, 272, 0, 272, 0, 0, 0
6516, 1, 1636425540386, 1636425540658, 272, 0, 272, 0, 0, 0
6517, 1, 1636425540545, 1636425540822, 277, 1, 276, 0, 0, 0
6518, 1, 1636425540806, 1636425541078, 272, 0, 272, 0, 0, 0
6519, 1, 1636425542074, 1636425542349, 275, 0, 275, 0, 0, 0
6520, 1, 1636425542213, 1636425542482, 269, 1, 268, 0, 0, 0
6521, 1, 1636425542678, 1636425542950, 272, 0, 272, 0, 0, 0
6522, 1, 1636425543141, 1636425543413, 272, 1, 271, 0, 1, 1
6523, 1, 1636425543221, 1636425543490, 269, 0, 269, 0, 0, 0
6524, 1, 1636425543593, 1636425543866, 273, 1, 272, 0, 0, 0
6525, 1, 1636425543882, 1636425544158, 276, 0, 276, 0, 0, 0
6526, 1, 1636425544553, 1636425544818, 265, 1, 264, 1, 0, 1
6527, 1, 1636425544641, 1636425544910, 269, 1, 268, 0, 1, 1
6528, 1, 1636425544710, 1636425544977, 267, 0, 267, 0, 0, 0
6529, 1, 1636425546202, 1636425546470, 268, 0, 268, 0, 0, 0
6530, 1, 1636425546489, 1636425546761, 272, 1, 271, 1, 0, 1
6531, 1, 1636425546941, 1636425547213, 272, 1, 271, 0, 0, 0
6532, 1, 1636425547274, 1636425547545, 271, 0, 271, 0, 0, 0
6534, 1, 1636425547498, 1636425547770, 272, 0, 272, 0, 0, 0
6533, 1, 1636425547729, 1636425548005, 276, 1, 275, 0, 1, 1
6535, 1, 1636425548150, 1636425548422, 272, 0, 272, 0, 0, 0
6536, 1, 1636425548345, 1636425548614, 269, 0, 269, 0, 0, 0
6537, 1, 1636425548713, 1636425548974, 261, 1, 260, 0, 0, 0
6538, 1, 1636425548757, 1636425549021, 264, 0, 264, 0, 0, 0
6539, 1, 1636425550157, 1636425550421, 264, 0, 264, 0, 0, 0
6540, 1, 1636425550549, 1636425550822, 273, 1, 272, 1, 0, 1
6541, 1, 1636425550606, 1636425550869, 263, 0, 263, 0, 0, 0
6542, 1, 1636425550974, 1636425551237, 263, 0, 263, 0, 0, 0
6543, 1, 1636425551166, 1636425551433, 267, 0, 267, 0, 0, 0
6544, 1, 1636425551413, 1636425551682, 269, 1, 268, 0, 1, 1
6545, 1, 1636425551953, 1636425552226, 273, 1, 272, 0, 0, 0
6546, 1, 1636425552421, 1636425552690, 269, 1, 268, 0, 0, 0
6547, 1, 1636425552574, 1636425552850, 276, 0, 276, 0, 0, 0
6548, 1, 1636425554342, 1636425554614, 272, 0, 272, 0, 0, 0
6549, 1, 1636425554794, 1636425555070, 276, 0, 276, 0, 0, 0
6550, 1, 1636425555054, 1636425555326, 272, 0, 272, 0, 0, 0
6551, 1, 1636425555438, 1636425555710, 272, 0, 272, 0, 0, 0
6552, 1, 1636425556226, 1636425556497, 271, 0, 271, 0, 0, 0
6553, 1, 1636425556690, 1636425556966, 276, 0, 276, 0, 0, 0
6554, 1, 1636425556690, 1636425556966, 276, 0, 276, 0, 0, 0
6555, 1, 1636425558062, 1636425558338, 276, 0, 276, 0, 0, 0
6556, 1, 1636425558566, 1636425558842, 276, 0, 276, 0, 0, 0
6557, 1, 1636425559082, 1636425559358, 276, 0, 276, 0, 0, 0
6558, 1, 1636425559538, 1636425559810, 272, 0, 272, 0, 0, 0
6559, 1, 1636425559990, 1636425560262, 272, 0, 272, 0, 0, 0
6560, 1, 1636425560469, 1636425560738, 269, 0, 269, 0, 0, 0
6561, 1, 1636425560501, 1636425560769, 268, 1, 267, 0, 0, 0
6562, 1, 1636425562082, 1636425562354, 272, 0, 272, 0, 0, 0
6563, 1, 1636425562586, 1636425562858, 272, 0, 272, 0, 0, 0
6564, 1, 1636425563386, 1636425563662, 276, 0, 276, 0, 0, 0
6565, 1, 1636425564158, 1636425564430, 272, 0, 272, 0, 0, 0
6566, 1, 1636425564282, 1636425564550, 268, 0, 268, 0, 0, 0
6567, 1, 1636425564609, 1636425564882, 273, 1, 272, 0, 0, 0
6568, 1, 1636425566058, 1636425566334, 276, 0, 276, 0, 0, 0
6569, 1, 1636425566566, 1636425566838, 272, 0, 272, 0, 0, 0
6570, 1, 1636425567366, 1636425567638, 272, 0, 272, 0, 0, 0
6571, 1, 1636425568098, 1636425568369, 271, 0, 271, 0, 0, 0
6572, 1, 1636425568314, 1636425568581, 267, 0, 267, 0, 0, 0
6573, 1, 1636425568549, 1636425568822, 273, 1, 272, 1, 0, 1
6574, 1, 1636425570342, 1636425570613, 271, 0, 271, 0, 0, 0
6575, 1, 1636425570850, 1636425571122, 272, 0, 272, 0, 0, 0
6576, 1, 1636425571493, 1636425571770, 277, 1, 276, 0, 0, 0
6577, 1, 1636425572150, 1636425572421, 271, 0, 271, 0, 0, 0
6578, 1, 1636425572381, 1636425572653, 272, 1, 271, 0, 0, 0
6579, 1, 1636425572833, 1636425573106, 273, 0, 273, 0, 0, 0
6580, 1, 1636425575978, 1636425576254, 276, 0, 276, 0, 0, 0
6581, 1, 1636425579658, 1636425579934, 276, 0, 276, 0, 0, 0
6582, 1, 1636425583866, 1636425584142, 276, 0, 276, 0, 0, 0
6583, 1, 1636425588041, 1636425588314, 273, 1, 272, 1, 0, 1
6584, 1, 1636425592310, 1636425592586, 276, 0, 276, 0, 0, 0
6585, 1, 1636425596114, 1636425596390, 276, 0, 276, 0, 0, 0
6586, 1, 1636425600142, 1636425600410, 268, 0, 268, 0, 0, 0
6587, 1, 1636425603862, 1636425604134, 272, 0, 272, 0, 0, 0
6588, 1, 1636425607878, 1636425608150, 272, 0, 272, 0, 0, 0
6589, 1, 1636425611817, 1636425612090, 273, 1, 272, 0, 0, 0
6590, 1, 1636425616101, 1636425616374, 273, 1, 272, 0, 0, 0
6591, 1, 1636425620201, 1636425620474, 273, 1, 272, 0, 0, 0
6592, 1, 1636425623914, 1636425624189, 275, 0, 275, 0, 0, 0
6593, 1, 1636425627614, 1636425627890, 276, 0, 276, 0, 0, 0
6594, 1, 1636425631378, 1636425631654, 276, 0, 276, 0, 0, 0
6595, 1, 1636425635278, 1636425635550, 272, 0, 272, 0, 0, 0
6596, 1, 1636425639130, 1636425639406, 276, 0, 276, 0, 0, 0
6597, 1, 1636425643142, 1636425643414, 272, 0, 272, 0, 0, 0
6598, 1, 1636425647102, 1636425647378, 276, 0, 276, 0, 0, 0
6599, 1, 1636425651174, 1636425651446, 272, 0, 272, 0, 0, 0
6600, 1, 1636425655246, 1636425655518, 272, 0, 272, 0, 0, 0
