Xid, State, StartTime, EndTime, TransactionTime, ExecuteTime, CommunicationTime, ReadTime, WriteTime, DBTime
16, 1, 1636410884138, 1636410884656, 518, 97, 421, 44, 5, 49
18, 1, 1636410885006, 1636410885415, 409, 6, 403, 1, 0, 1
20, 1, 1636410885726, 1636410886135, 409, 4, 405, 2, 1, 3
22, 1, 1636410886402, 1636410886810, 408, 4, 404, 3, 1, 4
25, 1, 1636410887074, 1636410887482, 408, 4, 404, 2, 0, 2
27, 1, 1636410887746, 1636410888159, 413, 4, 409, 2, 0, 2
29, 1, 1636410888426, 1636410888831, 405, 4, 401, 2, 0, 2
31, 1, 1636410889098, 1636410889510, 412, 3, 409, 2, 0, 2
33, 1, 1636410889774, 1636410890190, 416, 3, 413, 2, 0, 2
35, 1, 1636410890454, 1636410890863, 409, 3, 406, 2, 0, 2
37, 1, 1636410891126, 1636410891534, 408, 4, 404, 2, 0, 2
39, 1, 1636410891798, 1636410892207, 409, 3, 406, 2, 0, 2
41, 1, 1636410892470, 1636410892878, 408, 3, 405, 2, 0, 2
43, 1, 1636410893146, 1636410893550, 404, 3, 401, 0, 1, 1
45, 1, 1636410893814, 1636410894218, 404, 3, 401, 0, 0, 0
47, 1, 1636410894486, 1636410894899, 413, 7, 406, 0, 1, 1
50, 1, 1636410895166, 1636410895530, 364, 2, 362, 0, 0, 0
52, 1, 1636410895794, 1636410896154, 360, 2, 358, 0, 1, 1
54, 1, 1636410896418, 1636410896782, 364, 3, 361, 0, 0, 0
56, 1, 1636410897046, 1636410897410, 364, 2, 362, 0, 1, 1
58, 1, 1636410897674, 1636410898038, 364, 1, 363, 0, 0, 0
60, 1, 1636410898302, 1636410898666, 364, 1, 363, 0, 0, 0
63, 1, 1636410898930, 1636410899298, 368, 2, 366, 0, 1, 1
66, 1, 1636410899562, 1636410899926, 364, 2, 362, 0, 1, 1
69, 1, 1636410900190, 1636410900558, 368, 2, 366, 1, 0, 1
72, 1, 1636410900822, 1636410901186, 364, 2, 362, 0, 0, 0
74, 1, 1636410901450, 1636410901810, 360, 3, 357, 2, 1, 3
77, 1, 1636410902074, 1636410902438, 364, 2, 362, 0, 0, 0
80, 1, 1636410902702, 1636410903066, 364, 1, 363, 0, 0, 0
83, 1, 1636410903330, 1636410903694, 364, 1, 363, 0, 0, 0
86, 1, 1636410903958, 1636410904318, 360, 2, 358, 0, 0, 0
89, 1, 1636410904582, 1636410904946, 364, 2, 362, 0, 0, 0
92, 1, 1636410905210, 1636410905570, 360, 1, 359, 0, 0, 0
95, 1, 1636410905838, 1636410906202, 364, 2, 362, 0, 0, 0
98, 1, 1636410906466, 1636410906830, 364, 1, 363, 0, 1, 1
101, 1, 1636410907094, 1636410907458, 364, 1, 363, 0, 0, 0
104, 1, 1636410907721, 1636410908082, 361, 1, 360, 0, 1, 1
107, 1, 1636410908346, 1636410908706, 360, 1, 359, 0, 1, 1
110, 1, 1636410908970, 1636410909334, 364, 1, 363, 0, 0, 0
113, 1, 1636410909598, 1636410909962, 364, 1, 363, 0, 0, 0
116, 1, 1636410910230, 1636410910590, 360, 3, 357, 1, 0, 1
119, 1, 1636410910854, 1636410911218, 364, 0, 364, 0, 0, 0
122, 1, 1636410911482, 1636410911846, 364, 0, 364, 0, 0, 0
125, 1, 1636410912110, 1636410912474, 364, 1, 363, 0, 0, 0
128, 1, 1636410912738, 1636410913102, 364, 0, 364, 0, 0, 0
131, 1, 1636410913365, 1636410913738, 373, 2, 371, 0, 0, 0
134, 1, 1636410914002, 1636410914366, 364, 0, 364, 0, 0, 0
137, 1, 1636410914630, 1636410914990, 360, 0, 360, 0, 0, 0
140, 1, 1636410915254, 1636410915622, 368, 0, 368, 0, 0, 0
143, 1, 1636410915886, 1636410916246, 360, 0, 360, 0, 0, 0
146, 1, 1636410916509, 1636410916870, 361, 2, 359, 0, 0, 0
149, 1, 1636410917138, 1636410917502, 364, 0, 364, 0, 0, 0
152, 1, 1636410917765, 1636410918130, 365, 1, 364, 0, 0, 0
155, 1, 1636410918394, 1636410918758, 364, 1, 363, 0, 0, 0
158, 1, 1636410919022, 1636410919386, 364, 0, 364, 0, 0, 0
161, 1, 1636410919650, 1636410920013, 363, 2, 361, 0, 0, 0
164, 1, 1636410920278, 1636410920638, 360, 1, 359, 1, 0, 1
167, 1, 1636410920901, 1636410921266, 365, 2, 363, 0, 0, 0
170, 1, 1636410921530, 1636410921894, 364, 0, 364, 0, 0, 0
173, 1, 1636410922158, 1636410922518, 360, 1, 359, 0, 0, 0
176, 1, 1636410922782, 1636410923150, 368, 2, 366, 0, 0, 0
179, 1, 1636410923414, 1636410923781, 367, 1, 366, 0, 0, 0
182, 1, 1636410924046, 1636410924406, 360, 2, 358, 0, 0, 0
185, 1, 1636410924670, 1636410925034, 364, 2, 362, 0, 0, 0
188, 1, 1636410925298, 1636410925665, 367, 5, 362, 3, 1, 4
191, 1, 1636410925930, 1636410926294, 364, 1, 363, 0, 0, 0
194, 1, 1636410926558, 1636410926914, 356, 0, 356, 0, 0, 0
197, 1, 1636410927178, 1636410927542, 364, 1, 363, 0, 0, 0
200, 1, 1636410927805, 1636410928162, 357, 2, 355, 0, 1, 1
203, 1, 1636410928426, 1636410928790, 364, 1, 363, 0, 0, 0
206, 1, 1636410929054, 1636410929418, 364, 1, 363, 0, 0, 0
209, 1, 1636410929681, 1636410930042, 361, 2, 359, 0, 0, 0
212, 1, 1636410930306, 1636410930670, 364, 0, 364, 0, 0, 0
215, 1, 1636410930938, 1636410931302, 364, 0, 364, 0, 0, 0
218, 1, 1636410931566, 1636410931926, 360, 1, 359, 0, 0, 0
221, 1, 1636410932190, 1636410932542, 352, 0, 352, 0, 0, 0
224, 1, 1636410932810, 1636410933174, 364, 1, 363, 0, 0, 0
227, 1, 1636410933442, 1636410933805, 363, 1, 362, 0, 0, 0
230, 1, 1636410934070, 1636410934430, 360, 0, 360, 0, 0, 0
233, 1, 1636410934694, 1636410935050, 356, 2, 354, 0, 0, 0
236, 1, 1636410935317, 1636410935678, 361, 1, 360, 0, 0, 0
239, 1, 1636410935946, 1636410936310, 364, 0, 364, 0, 0, 0
242, 1, 1636410936573, 1636410936942, 369, 2, 367, 0, 0, 0
245, 1, 1636410937206, 1636410937562, 356, 0, 356, 0, 0, 0
247, 1, 1636410937829, 1636410938186, 357, 3, 354, 0, 0, 0
249, 1, 1636410938450, 1636410938810, 360, 1, 359, 0, 0, 0
251, 1, 1636410939074, 1636410939430, 356, 1, 355, 0, 0, 0
253, 1, 1636410939698, 1636410940057, 359, 0, 359, 0, 0, 0
255, 1, 1636410940321, 1636410940682, 361, 1, 360, 0, 0, 0
257, 1, 1636410940945, 1636410941310, 365, 1, 364, 0, 0, 0
259, 1, 1636410941573, 1636410941934, 361, 1, 360, 0, 0, 0
261, 1, 1636410942198, 1636410942562, 364, 0, 364, 0, 0, 0
263, 1, 1636410942826, 1636410943186, 360, 1, 359, 0, 0, 0
265, 1, 1636410943450, 1636410943814, 364, 0, 364, 0, 0, 0
267, 1, 1636410944077, 1636410944442, 365, 2, 363, 0, 0, 0
269, 1, 1636410944706, 1636410945070, 364, 2, 362, 1, 0, 1
271, 1, 1636410945334, 1636410945694, 360, 2, 358, 0, 0, 0
273, 1, 1636410945958, 1636410946322, 364, 1, 363, 0, 0, 0
275, 1, 1636410946589, 1636410946950, 361, 2, 359, 1, 0, 1
277, 1, 1636410947214, 1636410947574, 360, 0, 360, 0, 0, 0
301, 1, 1636411077158, 1636411077546, 388, 12, 376, 0, 0, 0
302, 1, 1636411078098, 1636411078454, 356, 0, 356, 0, 0, 0
303, 1, 1636411078174, 1636411078534, 360, 2, 358, 2, 0, 2
304, 1, 1636411079094, 1636411079445, 351, 0, 351, 0, 0, 0
305, 1, 1636411079165, 1636411079529, 364, 1, 363, 1, 0, 1
306, 1, 1636411079502, 1636411079857, 355, 0, 355, 0, 0, 0
307, 1, 1636411080098, 1636411080453, 355, 0, 355, 0, 0, 0
308, 1, 1636411080165, 1636411080521, 356, 1, 355, 1, 0, 1
309, 1, 1636411080505, 1636411080870, 365, 1, 364, 1, 0, 1
310, 1, 1636411080577, 1636411080930, 353, 1, 352, 0, 1, 1
311, 1, 1636411081106, 1636411081457, 351, 0, 351, 0, 0, 0
312, 1, 1636411081186, 1636411081546, 360, 1, 359, 0, 0, 0
313, 1, 1636411081501, 1636411081854, 353, 2, 351, 1, 0, 1
314, 1, 1636411081501, 1636411081857, 356, 1, 355, 1, 0, 1
315, 1, 1636411081521, 1636411081877, 356, 1, 355, 0, 0, 0
316, 1, 1636411082110, 1636411082470, 360, 2, 358, 0, 0, 0
318, 1, 1636411082350, 1636411082626, 276, 0, 276, 0, 0, 0
320, 1, 1636411082433, 1636411082710, 277, 1, 276, 0, 0, 0
319, 1, 1636411082429, 1636411082710, 281, 1, 280, 1, 0, 1
322, 1, 1636411083330, 1636411083606, 276, 0, 276, 0, 0, 0
324, 1, 1636411083462, 1636411083734, 272, 0, 272, 0, 0, 0
325, 1, 1636411084366, 1636411084642, 276, 0, 276, 0, 0, 0
317, 2, 1636411082470, 1636411092524, 10054, 0, 10054, 0, 0, 0
328, 1, 1636411092994, 1636411093270, 276, 1, 275, 0, 0, 0
329, 1, 1636411093850, 1636411094126, 276, 0, 276, 0, 0, 0
330, 1, 1636411094837, 1636411095110, 273, 1, 272, 0, 0, 0
331, 1, 1636411095766, 1636411096034, 268, 0, 268, 0, 0, 0
332, 1, 1636411095830, 1636411096102, 272, 0, 272, 0, 0, 0
333, 1, 1636411096430, 1636411096706, 276, 1, 275, 0, 0, 0
334, 1, 1636411096678, 1636411096950, 272, 1, 271, 0, 0, 0
335, 1, 1636411096798, 1636411097070, 272, 0, 272, 0, 0, 0
336, 1, 1636411097334, 1636411097606, 272, 0, 272, 0, 0, 0
337, 1, 1636411097666, 1636411097942, 276, 0, 276, 0, 0, 0
338, 1, 1636411097761, 1636411098034, 273, 1, 272, 0, 0, 0
339, 1, 1636411098322, 1636411098598, 276, 0, 276, 0, 0, 0
341, 1, 1636411098798, 1636411099074, 276, 0, 276, 0, 0, 0
343, 1, 1636411099798, 1636411100074, 276, 0, 276, 0, 0, 0
344, 1, 1636411100814, 1636411101090, 276, 0, 276, 0, 0, 0
345, 1, 1636411101826, 1636411102102, 276, 0, 276, 0, 0, 0
348, 1, 1636411102938, 1636411103210, 272, 0, 272, 0, 0, 0
347, 1, 1636411102938, 1636411103214, 276, 0, 276, 0, 0, 0
349, 1, 1636411103838, 1636411104110, 272, 0, 272, 0, 0, 0
351, 1, 1636411104822, 1636411105098, 276, 0, 276, 0, 0, 0
353, 1, 1636411108950, 1636411109222, 272, 0, 272, 0, 0, 0
354, 1, 1636411109654, 1636411109930, 276, 1, 275, 0, 1, 1
355, 1, 1636411109930, 1636411110206, 276, 2, 274, 2, 0, 2
356, 1, 1636411110546, 1636411110822, 276, 0, 276, 0, 0, 0
357, 1, 1636411110874, 1636411111150, 276, 0, 276, 0, 0, 0
358, 1, 1636411111562, 1636411111838, 276, 0, 276, 0, 0, 0
359, 1, 1636411111874, 1636411112146, 272, 0, 272, 0, 0, 0
360, 1, 1636411112566, 1636411112854, 288, 0, 288, 0, 0, 0
361, 1, 1636411112901, 1636411113173, 272, 0, 272, 0, 0, 0
362, 1, 1636411113126, 1636411113401, 275, 0, 275, 0, 0, 0
363, 1, 1636411113586, 1636411113894, 308, 0, 308, 0, 0, 0
364, 1, 1636411113893, 1636411114170, 277, 1, 276, 1, 0, 1
365, 1, 1636411114033, 1636411114310, 277, 1, 276, 0, 0, 0
366, 1, 1636411114154, 1636411114429, 275, 0, 275, 0, 0, 0
367, 1, 1636411114594, 1636411114870, 276, 0, 276, 0, 0, 0
368, 1, 1636411114897, 1636411115174, 277, 1, 276, 0, 1, 1
369, 1, 1636411115041, 1636411115314, 273, 1, 272, 0, 0, 0
370, 1, 1636411115069, 1636411115350, 281, 1, 280, 0, 0, 0
371, 1, 1636411115558, 1636411115842, 284, 0, 284, 0, 0, 0
372, 1, 1636411115930, 1636411116201, 271, 0, 271, 0, 0, 0
373, 1, 1636411116030, 1636411116301, 271, 0, 271, 0, 0, 0
374, 1, 1636411116105, 1636411116382, 277, 1, 276, 0, 0, 0
375, 1, 1636411116206, 1636411116477, 271, 0, 271, 0, 0, 0
376, 1, 1636411116545, 1636411116818, 273, 1, 272, 0, 1, 1
377, 1, 1636411116901, 1636411117174, 273, 1, 272, 1, 0, 1
378, 1, 1636411117021, 1636411117294, 273, 1, 272, 1, 0, 1
379, 1, 1636411117049, 1636411117314, 265, 1, 264, 0, 1, 1
380, 1, 1636411117093, 1636411117361, 268, 1, 267, 1, 0, 1
381, 1, 1636411117550, 1636411117826, 276, 0, 276, 0, 0, 0
382, 1, 1636411117898, 1636411118174, 276, 0, 276, 0, 0, 0
383, 1, 1636411118038, 1636411118318, 280, 0, 280, 0, 0, 0
385, 1, 1636411118114, 1636411118393, 279, 0, 279, 0, 0, 0
384, 1, 1636411118173, 1636411118450, 277, 2, 275, 1, 0, 1
386, 1, 1636411118546, 1636411118822, 276, 0, 276, 0, 0, 0
387, 1, 1636411118897, 1636411119170, 273, 1, 272, 0, 0, 0
388, 1, 1636411119038, 1636411119310, 272, 0, 272, 0, 0, 0
389, 1, 1636411119069, 1636411119345, 276, 1, 275, 0, 0, 0
390, 1, 1636411119314, 1636411119590, 276, 0, 276, 0, 0, 0
391, 1, 1636411119550, 1636411119818, 268, 0, 268, 0, 0, 0
392, 1, 1636411119910, 1636411120182, 272, 0, 272, 0, 0, 0
393, 1, 1636411120058, 1636411120330, 272, 0, 272, 0, 0, 0
394, 1, 1636411120058, 1636411120330, 272, 1, 271, 0, 0, 0
395, 1, 1636411120117, 1636411120390, 273, 1, 272, 0, 0, 0
396, 1, 1636411120558, 1636411120838, 280, 0, 280, 0, 0, 0
397, 1, 1636411120941, 1636411121210, 269, 1, 268, 0, 1, 1
399, 1, 1636411121090, 1636411121366, 276, 0, 276, 0, 0, 0
400, 1, 1636411121114, 1636411121390, 276, 0, 276, 0, 0, 0
398, 1, 1636411121213, 1636411121482, 269, 1, 268, 1, 0, 1
401, 1, 1636411121573, 1636411121837, 264, 0, 264, 0, 0, 0
402, 1, 1636411121941, 1636411122217, 276, 1, 275, 0, 0, 0
405, 1, 1636411122126, 1636411122398, 272, 1, 271, 0, 1, 1
404, 1, 1636411122126, 1636411122401, 275, 1, 274, 0, 0, 0
403, 1, 1636411122221, 1636411122490, 269, 0, 269, 0, 0, 0
406, 1, 1636411122542, 1636411122817, 275, 0, 275, 0, 0, 0
407, 1, 1636411122934, 1636411123209, 275, 1, 274, 0, 1, 1
408, 1, 1636411123049, 1636411123321, 272, 1, 271, 0, 0, 0
409, 1, 1636411123097, 1636411123374, 277, 1, 276, 1, 0, 1
410, 1, 1636411123125, 1636411123398, 273, 1, 272, 1, 0, 1
411, 1, 1636411123529, 1636411123806, 277, 1, 276, 0, 0, 0
412, 1, 1636411123973, 1636411124246, 273, 1, 272, 0, 0, 0
413, 1, 1636411124050, 1636411124326, 276, 0, 276, 0, 0, 0
415, 1, 1636411124121, 1636411124394, 273, 0, 273, 0, 0, 0
414, 1, 1636411124326, 1636411124598, 272, 1, 271, 1, 0, 1
416, 1, 1636411124562, 1636411124838, 276, 0, 276, 0, 0, 0
417, 1, 1636411125001, 1636411125270, 269, 0, 269, 0, 0, 0
419, 1, 1636411125106, 1636411125378, 272, 0, 272, 0, 0, 0
420, 1, 1636411125134, 1636411125410, 276, 0, 276, 0, 0, 0
418, 1, 1636411125273, 1636411125550, 277, 1, 276, 1, 0, 1
421, 1, 1636411125601, 1636411125874, 273, 0, 273, 0, 0, 0
422, 1, 1636411125978, 1636411126254, 276, 1, 275, 0, 1, 1
423, 1, 1636411126049, 1636411126325, 276, 1, 275, 0, 0, 0
424, 1, 1636411126093, 1636411126362, 269, 1, 268, 0, 0, 0
425, 1, 1636411126365, 1636411126637, 272, 1, 271, 0, 1, 1
426, 1, 1636411126593, 1636411126869, 276, 1, 275, 0, 0, 0
427, 1, 1636411126981, 1636411127250, 269, 0, 269, 0, 0, 0
428, 1, 1636411127070, 1636411127346, 276, 0, 276, 0, 0, 0
430, 1, 1636411127165, 1636411127434, 269, 1, 268, 0, 0, 0
429, 1, 1636411127349, 1636411127622, 273, 0, 273, 0, 0, 0
431, 1, 1636411127601, 1636411127877, 276, 1, 275, 0, 0, 0
432, 1, 1636411128014, 1636411128290, 276, 0, 276, 0, 0, 0
433, 1, 1636411128094, 1636411128370, 276, 0, 276, 0, 0, 0
434, 1, 1636411128106, 1636411128378, 272, 0, 272, 0, 0, 0
435, 1, 1636411128290, 1636411128562, 272, 1, 271, 1, 0, 1
436, 1, 1636411128630, 1636411128906, 276, 0, 276, 0, 0, 0
437, 1, 1636411129005, 1636411129274, 269, 1, 268, 0, 1, 1
438, 1, 1636411129106, 1636411129378, 272, 0, 272, 0, 0, 0
439, 1, 1636411129277, 1636411129554, 277, 1, 276, 0, 0, 0
440, 1, 1636411129381, 1636411129654, 273, 0, 273, 0, 0, 0
441, 1, 1636411129613, 1636411129886, 273, 0, 273, 0, 0, 0
442, 1, 1636411129998, 1636411130266, 268, 0, 268, 0, 0, 0
443, 1, 1636411130085, 1636411130358, 273, 1, 272, 0, 0, 0
444, 1, 1636411130094, 1636411130366, 272, 0, 272, 0, 0, 0
445, 1, 1636411130170, 1636411130442, 272, 0, 272, 0, 0, 0
446, 1, 1636411130585, 1636411130862, 277, 1, 276, 0, 1, 1
447, 1, 1636411131049, 1636411131322, 273, 1, 272, 0, 0, 0
448, 1, 1636411131093, 1636411131366, 273, 1, 272, 0, 0, 0
449, 1, 1636411131105, 1636411131386, 281, 1, 280, 0, 0, 0
450, 1, 1636411131150, 1636411131422, 272, 0, 272, 0, 0, 0
451, 1, 1636411131605, 1636411131886, 281, 0, 281, 0, 0, 0
452, 1, 1636411132058, 1636411132330, 272, 0, 272, 0, 0, 0
453, 1, 1636411132074, 1636411132350, 276, 0, 276, 0, 0, 0
455, 1, 1636411132158, 1636411132430, 272, 0, 272, 0, 0, 0
454, 1, 1636411132333, 1636411132610, 277, 1, 276, 0, 0, 0
456, 1, 1636411132613, 1636411132886, 273, 1, 272, 0, 0, 0
457, 1, 1636411133045, 1636411133318, 273, 1, 272, 0, 0, 0
458, 1, 1636411133057, 1636411133334, 277, 1, 276, 0, 0, 0
459, 1, 1636411133122, 1636411133398, 276, 0, 276, 0, 0, 0
460, 1, 1636411133197, 1636411133474, 277, 1, 276, 0, 0, 0
461, 1, 1636411133597, 1636411133874, 277, 1, 276, 0, 0, 0
462, 1, 1636411134038, 1636411134310, 272, 0, 272, 0, 0, 0
463, 1, 1636411134049, 1636411134317, 268, 0, 268, 0, 0, 0
464, 1, 1636411134130, 1636411134397, 267, 0, 267, 0, 0, 0
465, 1, 1636411134181, 1636411134458, 277, 1, 276, 1, 0, 1
466, 1, 1636411134598, 1636411134870, 272, 0, 272, 0, 0, 0
467, 1, 1636411135001, 1636411135282, 281, 1, 280, 0, 0, 0
468, 1, 1636411135037, 1636411135310, 273, 1, 272, 0, 0, 0
469, 1, 1636411135158, 1636411135434, 276, 0, 276, 0, 0, 0
470, 1, 1636411135165, 1636411135437, 272, 1, 271, 0, 0, 0
471, 1, 1636411135570, 1636411135842, 272, 0, 272, 0, 0, 0
472, 1, 1636411135982, 1636411136258, 276, 0, 276, 0, 0, 0
473, 1, 1636411136054, 1636411136326, 272, 0, 272, 0, 0, 0
474, 1, 1636411136154, 1636411136426, 272, 0, 272, 0, 0, 0
475, 1, 1636411136329, 1636411136601, 272, 1, 271, 0, 1, 1
476, 1, 1636411136538, 1636411136810, 272, 0, 272, 0, 0, 0
477, 1, 1636411136974, 1636411137246, 272, 0, 272, 0, 0, 0
478, 1, 1636411137053, 1636411137322, 269, 1, 268, 0, 1, 1
479, 1, 1636411137150, 1636411137422, 272, 0, 272, 0, 0, 0
480, 1, 1636411137174, 1636411137446, 272, 0, 272, 0, 0, 0
481, 1, 1636411137538, 1636411137810, 272, 0, 272, 0, 0, 0
482, 1, 1636411137950, 1636411138226, 276, 0, 276, 0, 0, 0
484, 1, 1636411138174, 1636411138447, 273, 0, 273, 0, 0, 0
485, 1, 1636411138186, 1636411138458, 272, 0, 272, 0, 0, 0
486, 1, 1636411138533, 1636411138806, 273, 1, 272, 1, 0, 1
487, 1, 1636411138965, 1636411139238, 273, 1, 272, 0, 0, 0
488, 1, 1636411139170, 1636411139446, 276, 0, 276, 0, 0, 0
489, 1, 1636411139185, 1636411139458, 273, 1, 272, 0, 0, 0
490, 1, 1636411139546, 1636411139818, 272, 0, 272, 0, 0, 0
491, 1, 1636411139961, 1636411140226, 265, 1, 264, 0, 0, 0
492, 1, 1636411140138, 1636411140410, 272, 0, 272, 0, 0, 0
493, 1, 1636411140170, 1636411140446, 276, 0, 276, 0, 0, 0
494, 1, 1636411140542, 1636411140810, 268, 0, 268, 0, 0, 0
496, 1, 1636411141114, 1636411141390, 276, 0, 276, 0, 0, 0
497, 1, 1636411141170, 1636411141442, 272, 0, 272, 0, 0, 0
499, 1, 1636411142106, 1636411142378, 272, 0, 272, 0, 0, 0
500, 1, 1636411142381, 1636411142658, 277, 1, 276, 0, 1, 1
501, 1, 1636411143098, 1636411143370, 272, 0, 272, 0, 0, 0
502, 1, 1636411143126, 1636411143398, 272, 0, 272, 0, 0, 0
503, 1, 1636411144114, 1636411144386, 272, 0, 272, 0, 0, 0
504, 1, 1636411144122, 1636411144394, 272, 0, 272, 0, 0, 0
505, 1, 1636411145110, 1636411145386, 276, 0, 276, 0, 0, 0
506, 1, 1636411145117, 1636411145393, 276, 1, 275, 0, 0, 0
508, 1, 1636411146134, 1636411146410, 276, 0, 276, 0, 0, 0
509, 1, 1636411147126, 1636411147398, 272, 0, 272, 0, 0, 0
511, 1, 1636411148329, 1636411148601, 272, 1, 271, 0, 0, 0
512, 1, 1636411149222, 1636411149498, 276, 0, 276, 0, 0, 0
513, 1, 1636411150214, 1636411150490, 276, 0, 276, 0, 0, 0
515, 1, 1636411151218, 1636411151494, 276, 0, 276, 0, 0, 0
514, 1, 1636411151246, 1636411151562, 316, 0, 316, 0, 0, 0
516, 1, 1636411151814, 1636411152090, 276, 0, 276, 0, 0, 0
517, 1, 1636411152162, 1636411152438, 276, 0, 276, 0, 0, 0
518, 1, 1636411152226, 1636411152502, 276, 0, 276, 0, 0, 0
519, 1, 1636411152734, 1636411153010, 276, 0, 276, 0, 0, 0
520, 1, 1636411153150, 1636411153426, 276, 0, 276, 0, 0, 0
521, 1, 1636411153205, 1636411153478, 273, 1, 272, 0, 0, 0
522, 1, 1636411153722, 1636411153994, 272, 0, 272, 0, 0, 0
523, 1, 1636411154158, 1636411154438, 280, 0, 280, 0, 0, 0
524, 1, 1636411154242, 1636411154518, 276, 0, 276, 0, 0, 0
525, 1, 1636411154738, 1636411155010, 272, 0, 272, 0, 0, 0
526, 1, 1636411155182, 1636411155466, 284, 0, 284, 0, 0, 0
527, 1, 1636411155266, 1636411155542, 276, 0, 276, 0, 0, 0
528, 1, 1636411155742, 1636411156014, 272, 0, 272, 0, 0, 0
529, 1, 1636411156169, 1636411156445, 276, 1, 275, 0, 0, 0
530, 1, 1636411156270, 1636411156538, 268, 0, 268, 0, 0, 0
531, 1, 1636411156394, 1636411156665, 271, 0, 271, 0, 0, 0
532, 1, 1636411156722, 1636411156998, 276, 0, 276, 0, 0, 0
533, 1, 1636411157161, 1636411157430, 269, 1, 268, 0, 1, 1
534, 1, 1636411157250, 1636411157522, 272, 0, 272, 0, 0, 0
535, 1, 1636411157310, 1636411157582, 272, 0, 272, 0, 0, 0
536, 1, 1636411157738, 1636411158010, 272, 0, 272, 0, 0, 0
537, 1, 1636411158193, 1636411158466, 273, 1, 272, 0, 0, 0
538, 1, 1636411158281, 1636411158554, 273, 1, 272, 0, 0, 0
539, 1, 1636411158298, 1636411158570, 272, 0, 272, 0, 0, 0
540, 1, 1636411158577, 1636411158854, 277, 1, 276, 0, 0, 0
541, 1, 1636411158769, 1636411159046, 277, 1, 276, 0, 0, 0
542, 1, 1636411159162, 1636411159438, 276, 0, 276, 0, 0, 0
543, 1, 1636411159309, 1636411159582, 273, 1, 272, 0, 0, 0
544, 1, 1636411159309, 1636411159586, 277, 1, 276, 0, 0, 0
545, 1, 1636411159586, 1636411159858, 272, 1, 271, 0, 1, 1
546, 1, 1636411159770, 1636411160042, 272, 0, 272, 0, 0, 0
547, 1, 1636411160133, 1636411160406, 273, 1, 272, 0, 0, 0
548, 1, 1636411160314, 1636411160590, 276, 0, 276, 0, 0, 0
549, 1, 1636411160321, 1636411160590, 269, 1, 268, 0, 0, 0
550, 1, 1636411160409, 1636411160682, 273, 1, 272, 0, 0, 0
551, 1, 1636411160733, 1636411161010, 277, 1, 276, 0, 0, 0
552, 1, 1636411161141, 1636411161410, 269, 1, 268, 0, 0, 0
553, 1, 1636411161289, 1636411161562, 273, 1, 272, 0, 0, 0
554, 1, 1636411161329, 1636411161602, 273, 1, 272, 0, 0, 0
555, 1, 1636411161342, 1636411161614, 272, 0, 272, 0, 0, 0
556, 1, 1636411161770, 1636411162050, 280, 0, 280, 0, 0, 0
557, 1, 1636411162170, 1636411162442, 272, 0, 272, 0, 0, 0
558, 1, 1636411162326, 1636411162601, 275, 0, 275, 0, 0, 0
560, 1, 1636411162361, 1636411162641, 280, 1, 279, 0, 0, 0
561, 1, 1636411162801, 1636411163078, 277, 1, 276, 0, 0, 0
562, 1, 1636411163202, 1636411163473, 271, 0, 271, 0, 0, 0
563, 1, 1636411163353, 1636411163621, 268, 1, 267, 0, 1, 1
564, 1, 1636411163365, 1636411163638, 273, 1, 272, 0, 1, 1
565, 1, 1636411163834, 1636411164110, 276, 0, 276, 0, 0, 0
567, 1, 1636411164349, 1636411164626, 277, 1, 276, 0, 0, 0
570, 1, 1636411165326, 1636411165598, 272, 0, 272, 0, 0, 0
571, 1, 1636411166354, 1636411166630, 276, 0, 276, 0, 0, 0
572, 1, 1636411167386, 1636411167662, 276, 0, 276, 0, 0, 0
573, 1, 1636411168418, 1636411168694, 276, 0, 276, 0, 0, 0
559, 2, 1636411162605, 1636411172747, 10142, 1, 10141, 0, 1, 1
575, 1, 1636411173150, 1636411173425, 275, 1, 274, 0, 0, 0
576, 1, 1636411174054, 1636411174330, 276, 0, 276, 0, 0, 0
577, 1, 1636411175077, 1636411175350, 273, 1, 272, 0, 0, 0
578, 1, 1636411179394, 1636411179674, 280, 0, 280, 0, 0, 0
579, 1, 1636411179985, 1636411180258, 273, 1, 272, 0, 1, 1
580, 1, 1636411180093, 1636411180369, 276, 1, 275, 0, 0, 0
581, 1, 1636411180910, 1636411181186, 276, 0, 276, 0, 0, 0
582, 1, 1636411181030, 1636411181301, 271, 0, 271, 0, 0, 0
583, 1, 1636411181882, 1636411182158, 276, 0, 276, 0, 0, 0
584, 1, 1636411182029, 1636411182306, 277, 1, 276, 0, 0, 0
585, 1, 1636411182842, 1636411183122, 280, 0, 280, 0, 0, 0
588, 1, 1636411183122, 1636411183398, 276, 1, 275, 1, 0, 1
590, 1, 1636411183834, 1636411184106, 272, 0, 272, 0, 0, 0
591, 1, 1636411184109, 1636411184378, 269, 1, 268, 0, 1, 1
592, 1, 1636411184806, 1636411185082, 276, 0, 276, 0, 0, 0
593, 1, 1636411185082, 1636411185354, 272, 1, 271, 1, 0, 1
594, 1, 1636411185810, 1636411186086, 276, 1, 275, 0, 0, 0
595, 1, 1636411186090, 1636411186370, 280, 0, 280, 0, 0, 0
596, 1, 1636411186806, 1636411187077, 271, 0, 271, 0, 0, 0
597, 1, 1636411187081, 1636411187346, 265, 0, 265, 0, 0, 0
598, 1, 1636411187782, 1636411188058, 276, 0, 276, 0, 0, 0
599, 1, 1636411188057, 1636411188334, 277, 1, 276, 0, 0, 0
600, 1, 1636411188766, 1636411189042, 276, 0, 276, 0, 0, 0
601, 1, 1636411189042, 1636411189314, 272, 1, 271, 1, 0, 1
602, 1, 1636411189766, 1636411190042, 276, 0, 276, 0, 0, 0
603, 1, 1636411190042, 1636411190318, 276, 1, 275, 1, 0, 1
604, 1, 1636411190762, 1636411191038, 276, 0, 276, 0, 0, 0
605, 1, 1636411191038, 1636411191317, 279, 1, 278, 0, 0, 0
606, 1, 1636411191730, 1636411192006, 276, 0, 276, 0, 0, 0
607, 1, 1636411192006, 1636411192282, 276, 1, 275, 0, 1, 1
608, 1, 1636411192702, 1636411192978, 276, 1, 275, 0, 0, 0
609, 1, 1636411193001, 1636411193278, 277, 1, 276, 0, 1, 1
610, 1, 1636411193366, 1636411193642, 276, 0, 276, 0, 0, 0
611, 1, 1636411193413, 1636411193682, 269, 1, 268, 1, 0, 1
612, 1, 1636411193682, 1636411193954, 272, 1, 271, 0, 1, 1
615, 1, 1636411194317, 1636411194586, 269, 1, 268, 0, 1, 1
618, 1, 1636411195321, 1636411195594, 273, 0, 273, 0, 0, 0
619, 1, 1636411196298, 1636411196574, 276, 0, 276, 0, 0, 0
620, 1, 1636411197278, 1636411197554, 276, 0, 276, 0, 0, 0
622, 1, 1636411204001, 1636411204274, 273, 1, 272, 1, 0, 1
623, 1, 1636411204346, 1636411204622, 276, 0, 276, 0, 0, 0
624, 1, 1636411204645, 1636411204918, 273, 0, 273, 0, 0, 0
626, 1, 1636411204929, 1636411205198, 269, 1, 268, 0, 0, 0
627, 1, 1636411205202, 1636411205474, 272, 0, 272, 0, 0, 0
628, 1, 1636411205574, 1636411205854, 280, 0, 280, 0, 0, 0
629, 1, 1636411205894, 1636411206170, 276, 0, 276, 0, 0, 0
630, 1, 1636411206173, 1636411206445, 272, 0, 272, 0, 0, 0
631, 1, 1636411206546, 1636411206813, 267, 0, 267, 0, 0, 0
632, 1, 1636411206906, 1636411207182, 276, 0, 276, 0, 0, 0
633, 1, 1636411207182, 1636411207454, 272, 1, 271, 0, 0, 0
634, 1, 1636411207562, 1636411207842, 280, 0, 280, 0, 0, 0
635, 1, 1636411207877, 1636411208150, 273, 1, 272, 0, 0, 0
636, 1, 1636411208150, 1636411208426, 276, 1, 275, 1, 0, 1
637, 1, 1636411208577, 1636411208850, 273, 1, 272, 0, 0, 0
638, 1, 1636411208853, 1636411209118, 265, 1, 264, 0, 0, 0
639, 1, 1636411208897, 1636411209165, 268, 1, 267, 0, 1, 1
640, 1, 1636411209165, 1636411209438, 273, 1, 272, 1, 0, 1
643, 1, 1636411209898, 1636411210174, 276, 1, 275, 0, 0, 0
644, 1, 1636411210174, 1636411210450, 276, 1, 275, 1, 0, 1
645, 1, 1636411210870, 1636411211146, 276, 0, 276, 0, 0, 0
647, 1, 1636411211878, 1636411212154, 276, 0, 276, 0, 0, 0
648, 1, 1636411212894, 1636411213170, 276, 0, 276, 0, 0, 0
649, 1, 1636411213870, 1636411214146, 276, 0, 276, 0, 0, 0
650, 1, 1636411214850, 1636411215126, 276, 0, 276, 0, 0, 0
651, 1, 1636411215001, 1636411215274, 273, 1, 272, 0, 0, 0
652, 1, 1636411215862, 1636411216138, 276, 0, 276, 0, 0, 0
655, 1, 1636411219806, 1636411220082, 276, 0, 276, 0, 0, 0
656, 1, 1636411220082, 1636411220358, 276, 1, 275, 0, 1, 1
657, 1, 1636411220714, 1636411220990, 276, 0, 276, 0, 0, 0
646, 2, 1636411211146, 1636411221194, 10048, 0, 10048, 0, 0, 0
658, 1, 1636411220990, 1636411221334, 344, 1, 343, 1, 0, 1
659, 1, 1636411221550, 1636411221826, 276, 0, 276, 0, 0, 0
660, 1, 1636411221702, 1636411221978, 276, 0, 276, 0, 0, 0
661, 1, 1636411221978, 1636411222258, 280, 1, 279, 0, 1, 1
662, 1, 1636411222450, 1636411222726, 276, 0, 276, 0, 0, 0
663, 1, 1636411222690, 1636411222966, 276, 0, 276, 0, 0, 0
664, 1, 1636411222966, 1636411223242, 276, 1, 275, 0, 1, 1
665, 1, 1636411223461, 1636411223734, 273, 0, 273, 0, 0, 0
668, 1, 1636411224482, 1636411224758, 276, 0, 276, 0, 0, 0
669, 1, 1636411225498, 1636411225770, 272, 0, 272, 0, 0, 0
670, 1, 1636411226234, 1636411226506, 272, 0, 272, 0, 0, 0
671, 1, 1636411226478, 1636411226754, 276, 0, 276, 0, 0, 0
672, 1, 1636411227138, 1636411227418, 280, 0, 280, 0, 0, 0
673, 1, 1636411227154, 1636411227430, 276, 0, 276, 0, 0, 0
674, 1, 1636411227489, 1636411227762, 273, 0, 273, 0, 0, 0
675, 1, 1636411228050, 1636411228317, 267, 0, 267, 0, 0, 0
676, 1, 1636411228178, 1636411228454, 276, 0, 276, 0, 0, 0
677, 1, 1636411228453, 1636411228721, 268, 1, 267, 0, 0, 0
678, 1, 1636411229053, 1636411229325, 272, 1, 271, 0, 0, 0
679, 1, 1636411229146, 1636411229418, 272, 0, 272, 0, 0, 0
680, 1, 1636411229461, 1636411229730, 269, 1, 268, 0, 0, 0
681, 1, 1636411230042, 1636411230318, 276, 0, 276, 0, 0, 0
682, 1, 1636411230178, 1636411230453, 275, 0, 275, 0, 0, 0
683, 1, 1636411230442, 1636411230718, 276, 0, 276, 0, 0, 0
684, 1, 1636411231061, 1636411231334, 273, 1, 272, 0, 0, 0
685, 1, 1636411231190, 1636411231462, 272, 0, 272, 0, 0, 0
686, 1, 1636411231462, 1636411231730, 268, 0, 268, 0, 0, 0
687, 1, 1636411232073, 1636411232346, 273, 1, 272, 1, 0, 1
689, 1, 1636411232485, 1636411232749, 264, 1, 263, 0, 0, 0
690, 1, 1636411233042, 1636411233318, 276, 0, 276, 0, 0, 0
691, 1, 1636411233457, 1636411233742, 285, 1, 284, 1, 0, 1
692, 1, 1636411234022, 1636411234294, 272, 0, 272, 0, 0, 0
694, 1, 1636411234298, 1636411234570, 272, 0, 272, 0, 0, 0
696, 1, 1636411234942, 1636411235214, 272, 0, 272, 0, 0, 0
697, 1, 1636411235213, 1636411235486, 273, 1, 272, 0, 0, 0
698, 1, 1636411235922, 1636411236198, 276, 0, 276, 0, 0, 0
699, 1, 1636411236198, 1636411236474, 276, 1, 275, 1, 0, 1
700, 1, 1636411236950, 1636411237226, 276, 0, 276, 0, 0, 0
701, 1, 1636411237226, 1636411237501, 275, 1, 274, 1, 0, 1
702, 1, 1636411237982, 1636411238258, 276, 0, 276, 0, 0, 0
703, 1, 1636411238258, 1636411238529, 271, 1, 270, 1, 0, 1
704, 1, 1636411238974, 1636411239250, 276, 0, 276, 0, 0, 0
705, 1, 1636411239250, 1636411239522, 272, 1, 271, 0, 1, 1
706, 1, 1636411239982, 1636411240254, 272, 0, 272, 0, 0, 0
708, 1, 1636411240954, 1636411241230, 276, 0, 276, 0, 0, 0
709, 1, 1636411241970, 1636411242246, 276, 0, 276, 0, 0, 0
710, 1, 1636411242510, 1636411242785, 275, 0, 275, 0, 0, 0
711, 1, 1636411242978, 1636411243250, 272, 0, 272, 0, 0, 0
712, 1, 1636411243422, 1636411243698, 276, 0, 276, 0, 0, 0
713, 1, 1636411243966, 1636411244241, 275, 0, 275, 0, 0, 0
714, 1, 1636411244318, 1636411244594, 276, 0, 276, 0, 0, 0
715, 1, 1636411244594, 1636411244870, 276, 1, 275, 0, 1, 1
716, 1, 1636411244870, 1636411245146, 276, 1, 275, 0, 1, 1
717, 1, 1636411245146, 1636411245422, 276, 1, 275, 0, 1, 1
707, 2, 1636411240254, 1636411250302, 10048, 0, 10048, 0, 0, 0
722, 1, 1636411250658, 1636411250934, 276, 0, 276, 0, 0, 0
723, 1, 1636411251550, 1636411251822, 272, 0, 272, 0, 0, 0
724, 1, 1636411252558, 1636411252833, 275, 0, 275, 0, 0, 0
725, 1, 1636411253550, 1636411253822, 272, 0, 272, 0, 0, 0
726, 1, 1636411254538, 1636411254814, 276, 0, 276, 0, 0, 0
728, 1, 1636411255525, 1636411255798, 273, 1, 272, 1, 0, 1
727, 1, 1636411255601, 1636411255874, 273, 0, 273, 0, 0, 0
729, 1, 1636411255954, 1636411256230, 276, 0, 276, 0, 0, 0
730, 1, 1636411256273, 1636411256542, 269, 1, 268, 0, 0, 0
731, 1, 1636411256442, 1636411256713, 271, 0, 271, 0, 0, 0
732, 1, 1636411256713, 1636411256982, 269, 1, 268, 1, 0, 1
736, 1, 1636411257450, 1636411257726, 276, 0, 276, 0, 0, 0
737, 1, 1636411257566, 1636411257842, 276, 0, 276, 0, 0, 0
738, 1, 1636411258485, 1636411258758, 273, 1, 272, 1, 0, 1
739, 1, 1636411258758, 1636411259034, 276, 1, 275, 0, 1, 1
741, 1, 1636411267206, 1636411267477, 271, 0, 271, 0, 0, 0
742, 1, 1636411267294, 1636411267570, 276, 0, 276, 0, 0, 0
743, 1, 1636411267294, 1636411267570, 276, 0, 276, 0, 0, 0
746, 1, 1636411268214, 1636411268486, 272, 0, 272, 0, 0, 0
744, 2, 1636411267570, 1636411277617, 10047, 0, 10047, 0, 0, 0
749, 1, 1636411277969, 1636411278262, 293, 1, 292, 0, 0, 0
752, 1, 1636411278870, 1636411279146, 276, 0, 276, 0, 0, 0
753, 1, 1636411279526, 1636411279793, 267, 0, 267, 0, 0, 0
756, 1, 1636411288485, 1636411288758, 273, 1, 272, 0, 0, 0
757, 1, 1636411289406, 1636411289682, 276, 0, 276, 0, 0, 0
758, 1, 1636411290174, 1636411290478, 304, 0, 304, 0, 0, 0
759, 1, 1636411290410, 1636411290681, 271, 0, 271, 0, 0, 0
760, 1, 1636411290742, 1636411291014, 272, 0, 272, 0, 0, 0
761, 1, 1636411291110, 1636411291382, 272, 0, 272, 0, 0, 0
762, 1, 1636411291390, 1636411291665, 275, 0, 275, 0, 0, 0
763, 1, 1636411291649, 1636411291922, 273, 1, 272, 0, 0, 0
764, 1, 1636411292082, 1636411292354, 272, 0, 272, 0, 0, 0
765, 1, 1636411292410, 1636411292682, 272, 0, 272, 0, 0, 0
766, 1, 1636411292682, 1636411292953, 271, 1, 270, 0, 1, 1
769, 1, 1636411293626, 1636411293898, 272, 0, 272, 0, 0, 0
770, 1, 1636411294641, 1636411294914, 273, 1, 272, 0, 0, 0
772, 1, 1636411303402, 1636411303678, 276, 0, 276, 0, 0, 0
774, 1, 1636411304294, 1636411304566, 272, 0, 272, 0, 0, 0
775, 1, 1636411305301, 1636411305574, 273, 1, 272, 0, 1, 1
777, 1, 1636411306298, 1636411306569, 271, 0, 271, 0, 0, 0
778, 1, 1636411307277, 1636411307550, 273, 1, 272, 0, 0, 0
779, 1, 1636411308250, 1636411308526, 276, 0, 276, 0, 0, 0
780, 1, 1636411309278, 1636411309550, 272, 0, 272, 0, 0, 0
781, 1, 1636411310298, 1636411310570, 272, 0, 272, 0, 0, 0
782, 1, 1636411311314, 1636411311586, 272, 0, 272, 0, 0, 0
783, 1, 1636411312297, 1636411312570, 273, 1, 272, 0, 0, 0
784, 1, 1636411313306, 1636411313578, 272, 0, 272, 0, 0, 0
785, 1, 1636411314038, 1636411314310, 272, 0, 272, 0, 0, 0
786, 1, 1636411314269, 1636411314538, 269, 1, 268, 0, 0, 0
788, 1, 1636411315270, 1636411315546, 276, 0, 276, 0, 0, 0
790, 1, 1636411316254, 1636411316530, 276, 0, 276, 0, 0, 0
791, 1, 1636411317274, 1636411317546, 272, 0, 272, 0, 0, 0
789, 2, 1636411316530, 1636411326578, 10048, 0, 10048, 0, 0, 0
794, 1, 1636411326930, 1636411327206, 276, 0, 276, 0, 0, 0
797, 1, 1636411335582, 1636411335854, 272, 0, 272, 0, 0, 0
798, 1, 1636411338137, 1636411338410, 273, 1, 272, 0, 1, 1
799, 1, 1636411338906, 1636411339178, 272, 0, 272, 0, 0, 0
821, 1, 1636411691226, 1636411691494, 268, 0, 268, 0, 0, 0
822, 1, 1636411691885, 1636411692166, 281, 1, 280, 0, 0, 0
823, 1, 1636411691926, 1636411692194, 268, 0, 268, 0, 0, 0
824, 1, 1636411692337, 1636411692609, 272, 1, 271, 0, 0, 0
825, 1, 1636411692570, 1636411692837, 267, 0, 267, 0, 0, 0
826, 1, 1636411692593, 1636411692862, 269, 1, 268, 0, 0, 0
827, 1, 1636411693054, 1636411693318, 264, 0, 264, 0, 0, 0
828, 1, 1636411693242, 1636411693510, 268, 0, 268, 0, 0, 0
829, 1, 1636411693270, 1636411693537, 267, 0, 267, 0, 0, 0
830, 1, 1636411693318, 1636411693581, 263, 0, 263, 0, 0, 0
831, 1, 1636411693710, 1636411693989, 279, 0, 279, 0, 0, 0
833, 1, 1636411693945, 1636411694209, 264, 0, 264, 0, 0, 0
834, 1, 1636411693989, 1636411694253, 264, 1, 263, 0, 1, 1
835, 1, 1636411694161, 1636411694426, 265, 1, 264, 0, 1, 1
836, 1, 1636411694385, 1636411694653, 268, 1, 267, 0, 0, 0
838, 1, 1636411694650, 1636411694914, 264, 0, 264, 0, 0, 0
839, 1, 1636411694817, 1636411695086, 269, 1, 268, 0, 0, 0
841, 1, 1636411695314, 1636411695582, 268, 0, 268, 0, 0, 0
842, 1, 1636411695486, 1636411695750, 264, 0, 264, 0, 0, 0
844, 1, 1636411696150, 1636411696418, 268, 0, 268, 0, 0, 0
846, 1, 1636411704250, 1636411704517, 267, 0, 267, 0, 0, 0
847, 1, 1636411704902, 1636411705186, 284, 0, 284, 0, 0, 0
849, 1, 1636411705362, 1636411705634, 272, 0, 272, 0, 0, 0
852, 1, 1636411706294, 1636411706562, 268, 0, 268, 0, 0, 0
854, 1, 1636411707126, 1636411707394, 268, 0, 268, 0, 0, 0
866, 1, 1636411735841, 1636411736110, 269, 1, 268, 1, 0, 1
868, 1, 1636411736509, 1636411736773, 264, 1, 263, 0, 0, 0
869, 1, 1636411736945, 1636411737218, 273, 1, 272, 0, 1, 1
872, 1, 1636411737914, 1636411738182, 268, 0, 268, 0, 0, 0
874, 1, 1636411738730, 1636411738997, 267, 0, 267, 0, 0, 0
881, 1, 1636411757122, 1636411757390, 268, 0, 268, 0, 0, 0
882, 1, 1636411757786, 1636411758090, 304, 0, 304, 0, 0, 0
883, 1, 1636411757790, 1636411758093, 303, 0, 303, 0, 0, 0
884, 1, 1636411758265, 1636411758529, 264, 1, 263, 0, 0, 0
886, 1, 1636411758494, 1636411758758, 264, 0, 264, 0, 0, 0
887, 1, 1636411758950, 1636411759214, 264, 0, 264, 0, 0, 0
889, 1, 1636411759214, 1636411759482, 268, 0, 268, 0, 0, 0
891, 1, 1636411759890, 1636411760161, 271, 0, 271, 0, 0, 0
892, 1, 1636411760025, 1636411760294, 269, 1, 268, 1, 0, 1
894, 1, 1636411760694, 1636411760958, 264, 0, 264, 0, 0, 0
901, 1, 1636411779117, 1636411779382, 265, 1, 264, 1, 0, 1
903, 1, 1636411779778, 1636411780057, 279, 0, 279, 0, 0, 0
902, 1, 1636411779766, 1636411780057, 291, 0, 291, 0, 0, 0
904, 1, 1636411780226, 1636411780490, 264, 0, 264, 0, 0, 0
906, 1, 1636411780454, 1636411780718, 264, 0, 264, 0, 0, 0
907, 1, 1636411780921, 1636411781189, 268, 1, 267, 0, 0, 0
909, 1, 1636411781182, 1636411781450, 268, 0, 268, 0, 0, 0
911, 1, 1636411781854, 1636411782125, 271, 0, 271, 0, 0, 0
912, 1, 1636411781978, 1636411782246, 268, 0, 268, 0, 0, 0
914, 1, 1636411782650, 1636411782918, 268, 0, 268, 0, 0, 0
921, 1, 1636411801074, 1636411801346, 272, 0, 272, 0, 0, 0
922, 1, 1636411801726, 1636411802037, 311, 0, 311, 0, 0, 0
924, 1, 1636411802210, 1636411802474, 264, 0, 264, 0, 0, 0
927, 1, 1636411803138, 1636411803406, 268, 0, 268, 0, 0, 0
929, 1, 1636411803942, 1636411804210, 268, 0, 268, 0, 0, 0
941, 1, 1636411832674, 1636411832942, 268, 0, 268, 0, 0, 0
943, 1, 1636411833358, 1636411833625, 267, 0, 267, 0, 0, 0
942, 1, 1636411833342, 1636411833625, 283, 0, 283, 0, 0, 0
944, 1, 1636411833801, 1636411834066, 265, 1, 264, 1, 0, 1
945, 1, 1636411834030, 1636411834298, 268, 0, 268, 0, 0, 0
947, 1, 1636411834470, 1636411834734, 264, 0, 264, 0, 0, 0
949, 1, 1636411834730, 1636411834998, 268, 0, 268, 0, 0, 0
951, 1, 1636411835417, 1636411835682, 265, 1, 264, 0, 0, 0
952, 1, 1636411835554, 1636411835822, 268, 0, 268, 0, 0, 0
954, 1, 1636411836218, 1636411836482, 264, 0, 264, 0, 0, 0
961, 1, 1636411854646, 1636411854910, 264, 0, 264, 0, 0, 0
962, 1, 1636411855310, 1636411855578, 268, 0, 268, 0, 0, 0
963, 1, 1636411855322, 1636411855590, 268, 0, 268, 0, 0, 0
964, 1, 1636411855737, 1636411856001, 264, 1, 263, 1, 0, 1
965, 1, 1636411855977, 1636411856246, 269, 1, 268, 0, 0, 0
966, 1, 1636411855985, 1636411856249, 264, 1, 263, 1, 0, 1
967, 1, 1636411856437, 1636411856701, 264, 1, 263, 0, 0, 0
968, 1, 1636411856641, 1636411856906, 265, 0, 265, 0, 0, 0
969, 1, 1636411856641, 1636411856917, 276, 0, 276, 0, 0, 0
970, 1, 1636411856693, 1636411856958, 265, 1, 264, 1, 0, 1
971, 1, 1636411857098, 1636411857361, 263, 0, 263, 0, 0, 0
973, 1, 1636411857314, 1636411857578, 264, 0, 264, 0, 0, 0
974, 1, 1636411857369, 1636411857633, 264, 1, 263, 0, 1, 1
975, 1, 1636411857506, 1636411857774, 268, 0, 268, 0, 0, 0
976, 1, 1636411857762, 1636411858030, 268, 0, 268, 0, 0, 0
978, 1, 1636411858026, 1636411858293, 267, 0, 267, 0, 0, 0
979, 1, 1636411858174, 1636411858438, 264, 0, 264, 0, 0, 0
981, 1, 1636411858693, 1636411858958, 265, 0, 265, 0, 0, 0
982, 1, 1636411858842, 1636411859106, 264, 0, 264, 0, 0, 0
984, 1, 1636411859506, 1636411859774, 268, 0, 268, 0, 0, 0
986, 1, 1636411867617, 1636411867882, 265, 1, 264, 0, 0, 0
987, 1, 1636411868277, 1636411868566, 289, 1, 288, 0, 0, 0
988, 1, 1636411868282, 1636411868566, 284, 0, 284, 0, 0, 0
989, 1, 1636411868733, 1636411869001, 268, 0, 268, 0, 0, 0
990, 1, 1636411868962, 1636411869226, 264, 0, 264, 0, 0, 0
992, 1, 1636411869410, 1636411869678, 268, 0, 268, 0, 0, 0
994, 1, 1636411869669, 1636411869934, 265, 1, 264, 0, 0, 0
996, 1, 1636411870354, 1636411870617, 263, 0, 263, 0, 0, 0
997, 1, 1636411870481, 1636411870749, 268, 1, 267, 0, 0, 0
999, 1, 1636411871150, 1636411871422, 272, 0, 272, 0, 0, 0
1006, 1, 1636411889578, 1636411889846, 268, 0, 268, 0, 0, 0
1007, 1, 1636411890234, 1636411890521, 287, 0, 287, 0, 0, 0
1008, 1, 1636411890250, 1636411890521, 271, 0, 271, 0, 0, 0
1009, 1, 1636411890690, 1636411890954, 264, 0, 264, 0, 0, 0
1011, 1, 1636411890922, 1636411891186, 264, 0, 264, 0, 0, 0
1012, 1, 1636411891369, 1636411891638, 269, 1, 268, 0, 0, 0
1014, 1, 1636411891638, 1636411891906, 268, 0, 268, 0, 0, 0
1016, 1, 1636411892306, 1636411892574, 268, 0, 268, 0, 0, 0
1017, 1, 1636411892441, 1636411892710, 269, 1, 268, 1, 0, 1
1019, 1, 1636411893113, 1636411893382, 269, 1, 268, 1, 0, 1
1021, 1, 1636411901226, 1636411901498, 272, 0, 272, 0, 0, 0
1023, 1, 1636411901901, 1636411902178, 277, 1, 276, 0, 1, 1
1022, 1, 1636411901885, 1636411902182, 297, 1, 296, 0, 0, 0
1024, 1, 1636411902353, 1636411902618, 265, 1, 264, 0, 1, 1
1025, 1, 1636411902578, 1636411902846, 268, 0, 268, 0, 0, 0
1026, 1, 1636411902846, 1636411903118, 272, 1, 271, 0, 0, 0
1027, 1, 1636411903117, 1636411903386, 269, 1, 268, 0, 0, 0
1028, 1, 1636411903245, 1636411903514, 269, 1, 268, 0, 0, 0
1030, 1, 1636411903510, 1636411903774, 264, 0, 264, 0, 0, 0
1029, 1, 1636411903514, 1636411903830, 316, 1, 315, 0, 0, 0
1031, 1, 1636411903829, 1636411904093, 264, 1, 263, 0, 0, 0
1032, 1, 1636411903973, 1636411904238, 265, 0, 265, 0, 0, 0
1033, 1, 1636411904097, 1636411904366, 269, 0, 269, 0, 0, 0
1035, 1, 1636411904225, 1636411904494, 269, 1, 268, 0, 0, 0
1034, 1, 1636411904366, 1636411904634, 268, 1, 267, 0, 0, 0
1036, 1, 1636411904638, 1636411904917, 279, 0, 279, 0, 0, 0
1038, 1, 1636411904762, 1636411905030, 268, 0, 268, 0, 0, 0
1039, 1, 1636411905030, 1636411905289, 259, 0, 259, 0, 0, 0
1040, 1, 1636411905030, 1636411905293, 263, 0, 263, 0, 0, 0
1041, 1, 1636411905317, 1636411905590, 273, 0, 273, 0, 0, 0
1042, 1, 1636411905417, 1636411905685, 268, 0, 268, 0, 0, 0
1043, 1, 1636411905682, 1636411905950, 268, 0, 268, 0, 0, 0
1046, 1, 1636411906082, 1636411906350, 268, 0, 268, 0, 0, 0
1047, 1, 1636411906346, 1636411906618, 272, 0, 272, 0, 0, 0
1048, 1, 1636411906749, 1636411907014, 265, 0, 265, 0, 0, 0
1051, 1, 1636412139878, 1636412140150, 272, 0, 272, 0, 0, 0
1053, 1, 1636412140538, 1636412140802, 264, 0, 264, 0, 0, 0
1054, 1, 1636412141125, 1636412141398, 273, 1, 272, 1, 0, 1
1057, 1, 1636412141814, 1636412142086, 272, 0, 272, 0, 0, 0
1059, 1, 1636412142638, 1636412142906, 268, 0, 268, 0, 0, 0
1071, 1, 1636412171478, 1636412171750, 272, 0, 272, 0, 0, 0
1072, 1, 1636412172114, 1636412172381, 267, 0, 267, 0, 0, 0
1073, 1, 1636412172150, 1636412172461, 311, 0, 311, 0, 0, 0
1074, 1, 1636412172725, 1636412172994, 269, 1, 268, 1, 0, 1
1075, 1, 1636412172773, 1636412173046, 273, 1, 272, 1, 0, 1
1076, 1, 1636412172861, 1636412173142, 281, 1, 280, 0, 1, 1
1077, 1, 1636412173393, 1636412173657, 264, 1, 263, 0, 0, 0
1078, 1, 1636412173406, 1636412173674, 268, 0, 268, 0, 0, 0
1079, 1, 1636412173437, 1636412173701, 264, 1, 263, 0, 0, 0
1080, 1, 1636412173533, 1636412173801, 268, 1, 267, 0, 0, 0
1081, 1, 1636412174062, 1636412174326, 264, 0, 264, 0, 0, 0
1083, 1, 1636412174113, 1636412174378, 265, 1, 264, 0, 0, 0
1082, 1, 1636412174113, 1636412174378, 265, 1, 264, 0, 0, 0
1084, 1, 1636412174198, 1636412174465, 267, 0, 267, 0, 0, 0
1085, 1, 1636412174245, 1636412174509, 264, 1, 263, 1, 0, 1
1086, 1, 1636412174725, 1636412174994, 269, 1, 268, 0, 1, 1
1088, 1, 1636412174781, 1636412175050, 269, 1, 268, 0, 0, 0
1087, 1, 1636412174781, 1636412175050, 269, 1, 268, 0, 0, 0
1089, 1, 1636412174862, 1636412175126, 264, 0, 264, 0, 0, 0
1090, 1, 1636412174898, 1636412175162, 264, 0, 264, 0, 0, 0
1091, 1, 1636412175385, 1636412175650, 265, 1, 264, 0, 0, 0
1092, 1, 1636412175441, 1636412175706, 265, 1, 264, 0, 0, 0
1093, 1, 1636412175450, 1636412175714, 264, 0, 264, 0, 0, 0
1094, 1, 1636412175517, 1636412175781, 264, 1, 263, 0, 0, 0
1095, 1, 1636412175561, 1636412175825, 264, 1, 263, 0, 0, 0
1096, 1, 1636412176045, 1636412176318, 273, 1, 272, 0, 1, 1
1097, 1, 1636412176101, 1636412176370, 269, 0, 269, 0, 0, 0
1098, 1, 1636412176110, 1636412176373, 263, 0, 263, 0, 0, 0
1100, 1, 1636412176218, 1636412176482, 264, 0, 264, 0, 0, 0
1101, 1, 1636412176717, 1636412176986, 269, 1, 268, 0, 1, 1
1102, 1, 1636412176770, 1636412177033, 263, 0, 263, 0, 0, 0
1104, 1, 1636412176882, 1636412177149, 267, 0, 267, 0, 0, 0
1106, 1, 1636412177426, 1636412177690, 264, 0, 264, 0, 0, 0
1107, 1, 1636412177554, 1636412177818, 264, 0, 264, 0, 0, 0
1109, 1, 1636412178217, 1636412178482, 265, 1, 264, 0, 0, 0
1116, 1, 1636412196793, 1636412197062, 269, 1, 268, 0, 0, 0
1117, 1, 1636412197378, 1636412197654, 276, 0, 276, 0, 0, 0
1118, 1, 1636412197462, 1636412197734, 272, 0, 272, 0, 0, 0
1119, 1, 1636412197993, 1636412198266, 273, 1, 272, 0, 1, 1
1120, 1, 1636412198050, 1636412198317, 267, 0, 267, 0, 0, 0
1122, 1, 1636412198666, 1636412198934, 268, 0, 268, 0, 0, 0
1123, 1, 1636412198709, 1636412198973, 264, 1, 263, 0, 1, 1
1126, 1, 1636412199373, 1636412199638, 265, 1, 264, 0, 0, 0
1127, 1, 1636412199506, 1636412199769, 263, 0, 263, 0, 0, 0
1129, 1, 1636412200170, 1636412200438, 268, 0, 268, 0, 0, 0
1131, 1, 1636412208438, 1636412208706, 268, 0, 268, 0, 0, 0
1132, 1, 1636412209026, 1636412209298, 272, 0, 272, 0, 0, 0
1133, 1, 1636412209106, 1636412209374, 268, 0, 268, 0, 0, 0
1134, 1, 1636412209633, 1636412209901, 268, 1, 267, 1, 0, 1
1135, 1, 1636412209690, 1636412209958, 268, 0, 268, 0, 0, 0
1136, 1, 1636412209769, 1636412210082, 313, 1, 312, 0, 1, 1
1137, 1, 1636412210301, 1636412210569, 268, 1, 267, 0, 1, 1
1138, 1, 1636412210341, 1636412210609, 268, 1, 267, 0, 0, 0
1139, 1, 1636412210353, 1636412210617, 264, 1, 263, 0, 1, 1
1140, 1, 1636412210477, 1636412210741, 264, 1, 263, 0, 0, 0
1141, 1, 1636412210962, 1636412211229, 267, 0, 267, 0, 0, 0
1143, 1, 1636412211017, 1636412211277, 260, 1, 259, 0, 1, 1
1142, 1, 1636412211021, 1636412211285, 264, 1, 263, 0, 0, 0
1144, 1, 1636412211137, 1636412211406, 269, 1, 268, 0, 0, 0
1145, 1, 1636412211141, 1636412211406, 265, 1, 264, 0, 0, 0
1146, 1, 1636412211626, 1636412211894, 268, 0, 268, 0, 0, 0
1147, 1, 1636412211669, 1636412211933, 264, 1, 263, 0, 1, 1
1148, 1, 1636412211681, 1636412211954, 273, 1, 272, 1, 0, 1
1149, 1, 1636412211801, 1636412212066, 265, 1, 264, 0, 1, 1
1150, 1, 1636412211805, 1636412212070, 265, 1, 264, 0, 1, 1
1151, 1, 1636412212289, 1636412212558, 269, 1, 268, 0, 0, 0
1152, 1, 1636412212326, 1636412212589, 263, 0, 263, 0, 0, 0
1153, 1, 1636412212346, 1636412212609, 263, 0, 263, 0, 0, 0
1155, 1, 1636412212457, 1636412212722, 265, 1, 264, 1, 0, 1
1154, 1, 1636412212457, 1636412212722, 265, 1, 264, 1, 0, 1
1156, 1, 1636412212966, 1636412213238, 272, 0, 272, 0, 0, 0
1157, 1, 1636412212989, 1636412213253, 264, 1, 263, 0, 1, 1
1158, 1, 1636412213001, 1636412213266, 265, 1, 264, 0, 1, 1
1159, 1, 1636412213117, 1636412213390, 273, 1, 272, 0, 0, 0
1161, 1, 1636412213629, 1636412213898, 269, 1, 268, 0, 0, 0
1162, 1, 1636412213650, 1636412213914, 264, 0, 264, 0, 0, 0
1164, 1, 1636412213790, 1636412214058, 268, 0, 268, 0, 0, 0
1166, 1, 1636412214310, 1636412214582, 272, 0, 272, 0, 0, 0
1167, 1, 1636412214458, 1636412214726, 268, 0, 268, 0, 0, 0
1169, 1, 1636412215126, 1636412215398, 272, 0, 272, 0, 0, 0
1171, 1, 1636412223430, 1636412223717, 287, 0, 287, 0, 0, 0
1172, 1, 1636412223982, 1636412224254, 272, 0, 272, 0, 0, 0
1174, 1, 1636412224610, 1636412224881, 271, 0, 271, 0, 0, 0
1177, 1, 1636412225290, 1636412225558, 268, 0, 268, 0, 0, 0
1179, 1, 1636412226106, 1636412226370, 264, 0, 264, 0, 0, 0
1181, 1, 1636412234430, 1636412234701, 271, 0, 271, 0, 0, 0
1182, 1, 1636412234958, 1636412235226, 268, 0, 268, 0, 0, 0
1183, 1, 1636412235106, 1636412235414, 308, 0, 308, 0, 0, 0
1184, 1, 1636412235590, 1636412235854, 264, 0, 264, 0, 0, 0
1185, 1, 1636412235626, 1636412235894, 268, 0, 268, 0, 0, 0
1186, 1, 1636412235817, 1636412236110, 293, 1, 292, 0, 0, 0
1187, 1, 1636412236258, 1636412236526, 268, 0, 268, 0, 0, 0
1188, 1, 1636412236277, 1636412236542, 265, 1, 264, 0, 0, 0
1189, 1, 1636412236293, 1636412236562, 269, 1, 268, 0, 0, 0
1190, 1, 1636412236510, 1636412236813, 303, 0, 303, 0, 0, 0
1192, 1, 1636412236945, 1636412237210, 265, 1, 264, 1, 0, 1
1191, 1, 1636412236941, 1636412237210, 269, 1, 268, 0, 0, 0
1193, 1, 1636412236962, 1636412237230, 268, 0, 268, 0, 0, 0
1194, 1, 1636412237077, 1636412237342, 265, 1, 264, 0, 1, 1
1195, 1, 1636412237213, 1636412237481, 268, 0, 268, 0, 0, 0
1196, 1, 1636412237609, 1636412237878, 269, 1, 268, 0, 0, 0
1197, 1, 1636412237609, 1636412237886, 277, 1, 276, 1, 0, 1
1198, 1, 1636412237629, 1636412237902, 273, 1, 272, 0, 0, 0
1199, 1, 1636412237742, 1636412238009, 267, 0, 267, 0, 0, 0
1200, 1, 1636412237894, 1636412238162, 268, 0, 268, 0, 0, 0
1201, 1, 1636412238273, 1636412238538, 265, 1, 264, 0, 0, 0
1202, 1, 1636412238281, 1636412238546, 265, 1, 264, 0, 0, 0
1203, 1, 1636412238306, 1636412238569, 263, 0, 263, 0, 0, 0
1204, 1, 1636412238413, 1636412238689, 276, 1, 275, 0, 0, 0
1205, 1, 1636412238562, 1636412238829, 267, 0, 267, 0, 0, 0
1206, 1, 1636412238933, 1636412239201, 268, 1, 267, 0, 1, 1
1207, 1, 1636412238941, 1636412239205, 264, 0, 264, 0, 0, 0
1208, 1, 1636412238961, 1636412239226, 265, 1, 264, 1, 0, 1
1209, 1, 1636412239085, 1636412239349, 264, 1, 263, 0, 1, 1
1210, 1, 1636412239226, 1636412239493, 267, 0, 267, 0, 0, 0
1211, 1, 1636412239593, 1636412239857, 264, 0, 264, 0, 0, 0
1212, 1, 1636412239598, 1636412239869, 271, 0, 271, 0, 0, 0
1213, 1, 1636412239617, 1636412239885, 268, 1, 267, 1, 0, 1
1214, 1, 1636412239741, 1636412240009, 268, 1, 267, 0, 1, 1
1215, 1, 1636412239893, 1636412240162, 269, 0, 269, 0, 0, 0
1216, 1, 1636412240257, 1636412240521, 264, 0, 264, 0, 0, 0
1217, 1, 1636412240266, 1636412240529, 263, 0, 263, 0, 0, 0
1218, 1, 1636412240289, 1636412240566, 277, 1, 276, 0, 0, 0
1219, 1, 1636412240401, 1636412240674, 273, 1, 272, 0, 0, 0
1220, 1, 1636412240565, 1636412240830, 265, 1, 264, 0, 1, 1
1221, 1, 1636412240917, 1636412241188, 271, 0, 271, 0, 0, 0
1222, 1, 1636412240929, 1636412241197, 268, 1, 267, 0, 0, 0
1223, 1, 1636412240961, 1636412241230, 269, 1, 268, 1, 0, 1
1224, 1, 1636412241066, 1636412241325, 259, 0, 259, 0, 0, 0
1225, 1, 1636412241230, 1636412241494, 264, 0, 264, 0, 0, 0
1226, 1, 1636412241589, 1636412241853, 264, 1, 263, 0, 0, 0
1227, 1, 1636412241585, 1636412241854, 269, 1, 268, 0, 0, 0
1228, 1, 1636412241622, 1636412241889, 267, 0, 267, 0, 0, 0
1229, 1, 1636412241725, 1636412241993, 268, 1, 267, 1, 0, 1
1230, 1, 1636412241893, 1636412242158, 265, 1, 264, 0, 0, 0
1231, 1, 1636412242245, 1636412242514, 269, 1, 268, 0, 1, 1
1232, 1, 1636412242258, 1636412242530, 272, 0, 272, 0, 0, 0
1233, 1, 1636412242285, 1636412242550, 265, 1, 264, 0, 0, 0
1234, 1, 1636412242385, 1636412242650, 265, 1, 264, 0, 1, 1
1235, 1, 1636412242550, 1636412242817, 267, 0, 267, 0, 0, 0
1236, 1, 1636412242909, 1636412243181, 272, 1, 271, 0, 0, 0
1237, 1, 1636412242933, 1636412243197, 264, 1, 263, 0, 0, 0
1238, 1, 1636412242957, 1636412243225, 268, 1, 267, 0, 1, 1
1239, 1, 1636412243045, 1636412243309, 264, 1, 263, 0, 0, 0
1240, 1, 1636412243217, 1636412243485, 268, 1, 267, 0, 1, 1
1241, 1, 1636412243573, 1636412243837, 264, 1, 263, 0, 1, 1
1242, 1, 1636412243590, 1636412243858, 268, 0, 268, 0, 0, 0
1243, 1, 1636412243617, 1636412243881, 264, 0, 264, 0, 0, 0
1244, 1, 1636412243706, 1636412243969, 263, 0, 263, 0, 0, 0
1245, 1, 1636412243889, 1636412244158, 269, 1, 268, 1, 0, 1
1246, 1, 1636412244237, 1636412244502, 265, 1, 264, 1, 0, 1
1247, 1, 1636412244257, 1636412244522, 265, 1, 264, 1, 0, 1
1248, 1, 1636412244285, 1636412244554, 269, 1, 268, 0, 0, 0
1249, 1, 1636412244369, 1636412244633, 264, 1, 263, 0, 0, 0
1250, 1, 1636412244549, 1636412244810, 261, 1, 260, 1, 0, 1
1251, 1, 1636412244897, 1636412245162, 265, 1, 264, 0, 0, 0
1252, 1, 1636412244922, 1636412245186, 264, 0, 264, 0, 0, 0
1253, 1, 1636412244941, 1636412245209, 268, 1, 267, 0, 0, 0
1254, 1, 1636412245042, 1636412245306, 264, 0, 264, 0, 0, 0
1255, 1, 1636412245205, 1636412245473, 268, 0, 268, 0, 0, 0
1256, 1, 1636412245554, 1636412245822, 268, 0, 268, 0, 0, 0
1257, 1, 1636412245581, 1636412245850, 269, 1, 268, 0, 0, 0
1258, 1, 1636412245606, 1636412245869, 263, 0, 263, 0, 0, 0
1259, 1, 1636412245705, 1636412245974, 269, 1, 268, 0, 0, 0
1261, 1, 1636412246217, 1636412246490, 273, 1, 272, 0, 0, 0
1262, 1, 1636412246254, 1636412246522, 268, 0, 268, 0, 0, 0
1264, 1, 1636412246378, 1636412246646, 268, 0, 268, 0, 0, 0
1266, 1, 1636412246922, 1636412247185, 263, 0, 263, 0, 0, 0
1267, 1, 1636412247050, 1636412247318, 268, 0, 268, 0, 0, 0
1269, 1, 1636412247722, 1636412247986, 264, 0, 264, 0, 0, 0
1271, 1, 1636412256221, 1636412256494, 273, 1, 272, 0, 1, 1
1272, 1, 1636412256570, 1636412256837, 267, 0, 267, 0, 0, 0
1273, 1, 1636412256937, 1636412257205, 268, 1, 267, 1, 0, 1
1274, 1, 1636412257201, 1636412257465, 264, 0, 264, 0, 0, 0
1275, 1, 1636412257238, 1636412257509, 271, 0, 271, 0, 0, 0
1276, 1, 1636412257621, 1636412257885, 264, 1, 263, 1, 0, 1
1277, 1, 1636412257862, 1636412258125, 263, 0, 263, 0, 0, 0
1278, 1, 1636412257885, 1636412258149, 264, 1, 263, 1, 0, 1
1279, 1, 1636412257905, 1636412258169, 264, 1, 263, 1, 0, 1
1280, 1, 1636412258278, 1636412258542, 264, 0, 264, 0, 0, 0
1281, 1, 1636412258557, 1636412258825, 268, 1, 267, 1, 0, 1
1283, 1, 1636412258557, 1636412258829, 272, 1, 271, 1, 0, 1
1282, 1, 1636412258561, 1636412258833, 272, 0, 272, 0, 0, 0
1284, 1, 1636412258689, 1636412258961, 272, 1, 271, 0, 1, 1
1285, 1, 1636412258941, 1636412259205, 264, 1, 263, 0, 0, 0
1286, 1, 1636412259217, 1636412259485, 268, 1, 267, 0, 1, 1
1288, 1, 1636412259229, 1636412259502, 273, 1, 272, 0, 0, 0
1287, 1, 1636412259229, 1636412259502, 273, 1, 272, 1, 0, 1
1289, 1, 1636412259362, 1636412259630, 268, 0, 268, 0, 0, 0
1290, 1, 1636412259605, 1636412259874, 269, 1, 268, 1, 0, 1
1291, 1, 1636412259882, 1636412260146, 264, 0, 264, 0, 0, 0
1292, 1, 1636412259897, 1636412260165, 268, 1, 267, 0, 0, 0
1293, 1, 1636412259897, 1636412260169, 272, 1, 271, 0, 0, 0
1294, 1, 1636412260030, 1636412260298, 268, 0, 268, 0, 0, 0
1295, 1, 1636412260546, 1636412260813, 267, 0, 267, 0, 0, 0
1296, 1, 1636412260577, 1636412260841, 264, 1, 263, 0, 0, 0
1297, 1, 1636412260706, 1636412260973, 267, 0, 267, 0, 0, 0
1298, 1, 1636412261238, 1636412261506, 268, 0, 268, 0, 0, 0
1299, 1, 1636412261378, 1636412261650, 272, 0, 272, 0, 0, 0
1300, 1, 1636412262053, 1636412262326, 273, 1, 272, 0, 0, 0
1301, 1, 1636412824645, 1636412824910, 265, 1, 264, 0, 0, 0
1302, 1, 1636412825226, 1636412825490, 264, 0, 264, 0, 0, 0
1303, 1, 1636412825306, 1636412825570, 264, 0, 264, 0, 0, 0
1304, 1, 1636412825886, 1636412826150, 264, 0, 264, 0, 0, 0
1305, 1, 1636412825894, 1636412826162, 268, 0, 268, 0, 0, 0
1308, 1, 1636412826566, 1636412826830, 264, 0, 264, 0, 0, 0
1309, 1, 1636412826598, 1636412826862, 264, 0, 264, 0, 0, 0
1311, 1, 1636412827257, 1636412827522, 265, 1, 264, 0, 0, 0
1312, 1, 1636412827301, 1636412827565, 264, 0, 264, 0, 0, 0
1314, 1, 1636412827961, 1636412828225, 264, 1, 263, 0, 0, 0
1316, 1, 1636412836274, 1636412836538, 264, 0, 264, 0, 0, 0
1317, 1, 1636412836854, 1636412837117, 263, 0, 263, 0, 0, 0
1318, 1, 1636412836938, 1636412837201, 263, 0, 263, 0, 0, 0
1319, 1, 1636412837513, 1636412837777, 264, 1, 263, 1, 0, 1
1320, 1, 1636412837533, 1636412837798, 265, 0, 265, 0, 0, 0
1321, 1, 1636412837598, 1636412837862, 264, 0, 264, 0, 0, 0
1322, 1, 1636412838174, 1636412838437, 263, 0, 263, 0, 0, 0
1323, 1, 1636412838194, 1636412838457, 263, 0, 263, 0, 0, 0
1324, 1, 1636412838221, 1636412838490, 269, 1, 268, 0, 0, 0
1325, 1, 1636412838257, 1636412838522, 265, 1, 264, 0, 0, 0
1326, 1, 1636412838841, 1636412839105, 264, 1, 263, 0, 0, 0
1327, 1, 1636412838857, 1636412839121, 264, 1, 263, 0, 0, 0
1328, 1, 1636412838885, 1636412839149, 264, 1, 263, 0, 0, 0
1329, 1, 1636412838922, 1636412839186, 264, 0, 264, 0, 0, 0
1330, 1, 1636412838941, 1636412839205, 264, 1, 263, 0, 0, 0
1331, 1, 1636412839501, 1636412839770, 269, 1, 268, 0, 0, 0
1332, 1, 1636412839522, 1636412839790, 268, 0, 268, 0, 0, 0
1333, 1, 1636412839545, 1636412839810, 265, 0, 265, 0, 0, 0
1334, 1, 1636412839581, 1636412839846, 265, 1, 264, 1, 0, 1
1335, 1, 1636412839601, 1636412839866, 265, 1, 264, 0, 1, 1
1336, 1, 1636412840165, 1636412840429, 264, 1, 263, 0, 0, 0
1337, 1, 1636412840185, 1636412840450, 265, 1, 264, 0, 0, 0
1338, 1, 1636412840205, 1636412840478, 273, 1, 272, 0, 1, 1
1339, 1, 1636412840245, 1636412840510, 265, 1, 264, 1, 0, 1
1340, 1, 1636412840262, 1636412840526, 264, 0, 264, 0, 0, 0
1341, 1, 1636412840829, 1636412841094, 265, 1, 264, 0, 1, 1
1342, 1, 1636412840846, 1636412841113, 267, 0, 267, 0, 0, 0
1343, 1, 1636412840873, 1636412841141, 268, 1, 267, 0, 0, 0
1344, 1, 1636412840906, 1636412841169, 263, 0, 263, 0, 0, 0
1345, 1, 1636412840925, 1636412841189, 264, 1, 263, 0, 0, 0
1346, 1, 1636412841493, 1636412841758, 265, 1, 264, 0, 0, 0
1347, 1, 1636412841514, 1636412841777, 263, 0, 263, 0, 0, 0
1348, 1, 1636412841537, 1636412841801, 264, 0, 264, 0, 0, 0
1350, 1, 1636412841589, 1636412841854, 265, 1, 264, 0, 1, 1
1352, 1, 1636412842174, 1636412842438, 264, 0, 264, 0, 0, 0
1353, 1, 1636412842201, 1636412842466, 265, 0, 265, 0, 0, 0
1354, 1, 1636412842249, 1636412842514, 265, 1, 264, 1, 0, 1
1356, 1, 1636412842862, 1636412843126, 264, 0, 264, 0, 0, 0
1357, 1, 1636412842909, 1636412843174, 265, 1, 264, 0, 1, 1
1359, 1, 1636412843570, 1636412843834, 264, 0, 264, 0, 0, 0
1361, 1, 1636412851874, 1636412852137, 263, 0, 263, 0, 0, 0
1362, 1, 1636412852462, 1636412852726, 264, 0, 264, 0, 0, 0
1363, 1, 1636412852533, 1636412852798, 265, 1, 264, 0, 0, 0
1364, 1, 1636412853130, 1636412853394, 264, 0, 264, 0, 0, 0
1365, 1, 1636412853142, 1636412853405, 263, 0, 263, 0, 0, 0
1366, 1, 1636412853194, 1636412853458, 264, 0, 264, 0, 0, 0
1367, 1, 1636412853789, 1636412854054, 265, 1, 264, 0, 0, 0
1368, 1, 1636412853806, 1636412854070, 264, 0, 264, 0, 0, 0
1369, 1, 1636412853826, 1636412854090, 264, 0, 264, 0, 0, 0
1370, 1, 1636412854090, 1636412854366, 276, 1, 275, 0, 0, 0
1371, 1, 1636412854450, 1636412854713, 263, 0, 263, 0, 0, 0
1372, 1, 1636412854461, 1636412854726, 265, 1, 264, 0, 1, 1
1373, 1, 1636412854489, 1636412854753, 264, 1, 263, 0, 0, 0
1374, 1, 1636412854713, 1636412854977, 264, 1, 263, 1, 0, 1
1375, 1, 1636412854761, 1636412855033, 272, 1, 271, 0, 0, 0
1376, 1, 1636412855109, 1636412855374, 265, 1, 264, 0, 1, 1
1377, 1, 1636412855122, 1636412855389, 267, 0, 267, 0, 0, 0
1378, 1, 1636412855157, 1636412855422, 265, 1, 264, 1, 0, 1
1379, 1, 1636412855373, 1636412855637, 264, 1, 263, 0, 0, 0
1380, 1, 1636412855429, 1636412855693, 264, 1, 263, 1, 0, 1
1381, 1, 1636412855769, 1636412856034, 265, 0, 265, 0, 0, 0
1382, 1, 1636412855790, 1636412856053, 263, 0, 263, 0, 0, 0
1383, 1, 1636412855822, 1636412856085, 263, 0, 263, 0, 0, 0
1384, 1, 1636412856034, 1636412856298, 264, 0, 264, 0, 0, 0
1385, 1, 1636412856298, 1636412856561, 263, 0, 263, 0, 0, 0
1387, 1, 1636412856449, 1636412856714, 265, 1, 264, 0, 0, 0
1388, 1, 1636412856486, 1636412856749, 263, 0, 263, 0, 0, 0
1386, 1, 1636412856569, 1636412856834, 265, 0, 265, 0, 0, 0
1389, 1, 1636412856694, 1636412856958, 264, 0, 264, 0, 0, 0
1390, 1, 1636412856961, 1636412857225, 264, 1, 263, 0, 0, 0
1391, 1, 1636412857118, 1636412857382, 264, 0, 264, 0, 0, 0
1392, 1, 1636412857145, 1636412857417, 272, 1, 271, 0, 0, 0
1393, 1, 1636412857233, 1636412857498, 265, 1, 264, 0, 1, 1
1394, 1, 1636412857357, 1636412857622, 265, 1, 264, 0, 0, 0
1395, 1, 1636412857622, 1636412857885, 263, 0, 263, 0, 0, 0
1396, 1, 1636412857777, 1636412858041, 264, 0, 264, 0, 0, 0
1397, 1, 1636412857817, 1636412858082, 265, 1, 264, 0, 1, 1
1398, 1, 1636412857894, 1636412858158, 264, 0, 264, 0, 0, 0
1399, 1, 1636412858017, 1636412858285, 268, 1, 267, 0, 0, 0
1400, 1, 1636412858285, 1636412858549, 264, 1, 263, 0, 0, 0
1401, 1, 1636412858441, 1636412858706, 265, 0, 265, 0, 0, 0
1402, 1, 1636412858477, 1636412858742, 265, 0, 265, 0, 0, 0
1403, 1, 1636412858549, 1636412858813, 264, 1, 263, 1, 0, 1
1404, 1, 1636412858681, 1636412858946, 265, 1, 264, 0, 0, 0
1405, 1, 1636412858946, 1636412859210, 264, 0, 264, 0, 0, 0
1406, 1, 1636412859102, 1636412859366, 264, 0, 264, 0, 0, 0
1407, 1, 1636412859137, 1636412859401, 264, 1, 263, 0, 0, 0
1408, 1, 1636412859209, 1636412859482, 273, 1, 272, 1, 0, 1
1409, 1, 1636412859342, 1636412859606, 264, 0, 264, 0, 0, 0
1411, 1, 1636412859761, 1636412860025, 264, 0, 264, 0, 0, 0
1412, 1, 1636412859798, 1636412860061, 263, 0, 263, 0, 0, 0
1414, 1, 1636412860006, 1636412860270, 264, 0, 264, 0, 0, 0
1416, 1, 1636412860457, 1636412860722, 265, 1, 264, 0, 0, 0
1417, 1, 1636412860666, 1636412860930, 264, 0, 264, 0, 0, 0
1419, 1, 1636412861330, 1636412861594, 264, 0, 264, 0, 0, 0
1421, 1, 1636412869926, 1636412870190, 264, 0, 264, 0, 0, 0
1422, 1, 1636412870190, 1636412870474, 284, 0, 284, 0, 0, 0
1424, 1, 1636412870730, 1636412870993, 263, 0, 263, 0, 0, 0
1427, 1, 1636412871421, 1636412871686, 265, 1, 264, 0, 0, 0
1429, 1, 1636412872302, 1636412872566, 264, 0, 264, 0, 0, 0
1431, 1, 1636412880918, 1636412881182, 264, 0, 264, 0, 0, 0
1432, 1, 1636412881182, 1636412881445, 263, 1, 262, 0, 1, 1
1433, 1, 1636412881577, 1636412881841, 264, 1, 263, 0, 0, 0
1434, 1, 1636412881693, 1636412881958, 265, 1, 264, 0, 0, 0
1435, 1, 1636412881841, 1636412882130, 289, 1, 288, 1, 0, 1
1436, 1, 1636412882261, 1636412882526, 265, 1, 264, 1, 0, 1
1437, 1, 1636412882358, 1636412882626, 268, 0, 268, 0, 0, 0
1438, 1, 1636412882390, 1636412882654, 264, 0, 264, 0, 0, 0
1439, 1, 1636412882525, 1636412882789, 264, 1, 263, 0, 0, 0
1440, 1, 1636412882921, 1636412883185, 264, 1, 263, 0, 1, 1
1441, 1, 1636412883053, 1636412883317, 264, 1, 263, 1, 0, 1
1442, 1, 1636412883053, 1636412883317, 264, 1, 263, 1, 0, 1
1443, 1, 1636412883185, 1636412883462, 277, 1, 276, 1, 0, 1
1444, 1, 1636412883270, 1636412883534, 264, 0, 264, 0, 0, 0
1445, 1, 1636412883585, 1636412883850, 265, 1, 264, 0, 0, 0
1447, 1, 1636412883714, 1636412883981, 267, 0, 267, 0, 0, 0
1446, 1, 1636412883714, 1636412883982, 268, 0, 268, 0, 0, 0
1448, 1, 1636412883857, 1636412884121, 264, 0, 264, 0, 0, 0
1449, 1, 1636412883930, 1636412884194, 264, 0, 264, 0, 0, 0
1450, 1, 1636412884245, 1636412884513, 268, 1, 267, 0, 1, 1
1452, 1, 1636412884377, 1636412884642, 265, 1, 264, 0, 1, 1
1451, 1, 1636412884377, 1636412884642, 265, 1, 264, 0, 1, 1
1453, 1, 1636412884526, 1636412884790, 264, 0, 264, 0, 0, 0
1454, 1, 1636412884594, 1636412884857, 263, 0, 263, 0, 0, 0
1455, 1, 1636412884909, 1636412885173, 264, 1, 263, 0, 1, 1
1456, 1, 1636412885038, 1636412885301, 263, 0, 263, 0, 0, 0
1457, 1, 1636412885038, 1636412885301, 263, 0, 263, 0, 0, 0
1458, 1, 1636412885185, 1636412885454, 269, 1, 268, 0, 0, 0
1459, 1, 1636412885254, 1636412885517, 263, 0, 263, 0, 0, 0
1460, 1, 1636412885577, 1636412885841, 264, 0, 264, 0, 0, 0
1461, 1, 1636412885697, 1636412885962, 265, 1, 264, 0, 0, 0
1462, 1, 1636412885702, 1636412885969, 267, 0, 267, 0, 0, 0
1463, 1, 1636412885853, 1636412886122, 269, 1, 268, 0, 0, 0
1464, 1, 1636412885914, 1636412886177, 263, 0, 263, 0, 0, 0
1465, 1, 1636412886241, 1636412886505, 264, 1, 263, 0, 0, 0
1466, 1, 1636412886361, 1636412886625, 264, 1, 263, 1, 0, 1
1467, 1, 1636412886365, 1636412886629, 264, 1, 263, 0, 1, 1
1468, 1, 1636412886522, 1636412886790, 268, 0, 268, 0, 0, 0
1469, 1, 1636412886577, 1636412886841, 264, 1, 263, 0, 1, 1
1470, 1, 1636412886901, 1636412887165, 264, 0, 264, 0, 0, 0
1471, 1, 1636412887025, 1636412887290, 265, 0, 265, 0, 0, 0
1472, 1, 1636412887025, 1636412887290, 265, 0, 265, 0, 0, 0
1473, 1, 1636412887190, 1636412887454, 264, 0, 264, 0, 0, 0
1474, 1, 1636412887237, 1636412887501, 264, 1, 263, 0, 0, 0
1475, 1, 1636412887565, 1636412887829, 264, 1, 263, 0, 0, 0
1476, 1, 1636412887685, 1636412887949, 264, 1, 263, 0, 1, 1
1477, 1, 1636412887685, 1636412887950, 265, 1, 264, 0, 0, 0
1478, 1, 1636412887849, 1636412888114, 265, 1, 264, 0, 0, 0
1479, 1, 1636412887897, 1636412888161, 264, 1, 263, 0, 0, 0
1480, 1, 1636412888225, 1636412888490, 265, 1, 264, 0, 0, 0
1482, 1, 1636412888345, 1636412888609, 264, 1, 263, 0, 0, 0
1481, 1, 1636412888345, 1636412888609, 264, 0, 264, 0, 0, 0
1483, 1, 1636412888509, 1636412888773, 264, 1, 263, 0, 0, 0
1484, 1, 1636412888561, 1636412888826, 265, 1, 264, 1, 0, 1
1485, 1, 1636412888885, 1636412889154, 269, 1, 268, 0, 0, 0
1487, 1, 1636412889006, 1636412889274, 268, 0, 268, 0, 0, 0
1486, 1, 1636412889006, 1636412889274, 268, 0, 268, 0, 0, 0
1488, 1, 1636412889169, 1636412889438, 269, 1, 268, 0, 0, 0
1489, 1, 1636412889221, 1636412889490, 269, 1, 268, 0, 0, 0
1490, 1, 1636412889553, 1636412889817, 264, 1, 263, 1, 0, 1
1492, 1, 1636412889674, 1636412889938, 264, 0, 264, 0, 0, 0
1491, 1, 1636412889678, 1636412889950, 272, 0, 272, 0, 0, 0
1493, 1, 1636412889833, 1636412890098, 265, 1, 264, 0, 0, 0
1494, 1, 1636412889889, 1636412890157, 268, 0, 268, 0, 0, 0
1495, 1, 1636412890217, 1636412890481, 264, 0, 264, 0, 0, 0
1496, 1, 1636412890333, 1636412890597, 264, 1, 263, 0, 1, 1
1497, 1, 1636412890350, 1636412890614, 264, 0, 264, 0, 0, 0
1498, 1, 1636412890493, 1636412890762, 269, 1, 268, 0, 1, 1
1499, 1, 1636412890553, 1636412890817, 264, 0, 264, 0, 0, 0
1500, 1, 1636412890877, 1636412891142, 265, 1, 264, 0, 0, 0
1501, 1, 1636412890993, 1636412891257, 264, 1, 263, 0, 0, 0
1502, 1, 1636412891017, 1636412891285, 268, 1, 267, 0, 1, 1
1503, 1, 1636412891158, 1636412891421, 263, 0, 263, 0, 0, 0
1504, 1, 1636412891213, 1636412891477, 264, 1, 263, 1, 0, 1
1505, 1, 1636412891538, 1636412891801, 263, 0, 263, 0, 0, 0
1506, 1, 1636412891653, 1636412891921, 268, 1, 267, 1, 0, 1
1507, 1, 1636412891686, 1636412891949, 263, 0, 263, 0, 0, 0
1508, 1, 1636412891822, 1636412892089, 267, 0, 267, 0, 0, 0
1509, 1, 1636412891874, 1636412892138, 264, 0, 264, 0, 0, 0
1511, 1, 1636412892321, 1636412892585, 264, 1, 263, 0, 0, 0
1512, 1, 1636412892350, 1636412892617, 267, 0, 267, 0, 0, 0
1514, 1, 1636412892534, 1636412892802, 268, 0, 268, 0, 0, 0
1515, 1, 1636412892982, 1636412893246, 264, 0, 264, 0, 0, 0
1517, 1, 1636412893198, 1636412893461, 263, 0, 263, 0, 0, 0
1519, 1, 1636412893858, 1636412894122, 264, 0, 264, 0, 0, 0
1521, 1, 1636412902537, 1636412902806, 269, 1, 268, 0, 1, 1
1522, 1, 1636412902806, 1636412903069, 263, 1, 262, 0, 0, 0
1523, 1, 1636412903201, 1636412903466, 265, 0, 265, 0, 0, 0
1524, 1, 1636412903318, 1636412903582, 264, 0, 264, 0, 0, 0
1525, 1, 1636412903466, 1636412903778, 312, 1, 311, 0, 0, 0
1526, 1, 1636412903866, 1636412904130, 264, 0, 264, 0, 0, 0
1527, 1, 1636412903945, 1636412904214, 269, 1, 268, 0, 0, 0
1528, 1, 1636412903977, 1636412904242, 265, 0, 265, 0, 0, 0
1529, 1, 1636412904178, 1636412904442, 264, 0, 264, 0, 0, 0
1530, 1, 1636412904561, 1636412904826, 265, 1, 264, 0, 1, 1
1531, 1, 1636412904609, 1636412904874, 265, 1, 264, 0, 0, 0
1532, 1, 1636412904638, 1636412904901, 263, 0, 263, 0, 0, 0
1533, 1, 1636412904826, 1636412905089, 263, 0, 263, 0, 0, 0
1534, 1, 1636412904841, 1636412905109, 268, 1, 267, 0, 1, 1
1535, 1, 1636412905222, 1636412905486, 264, 0, 264, 0, 0, 0
1536, 1, 1636412905269, 1636412905533, 264, 1, 263, 0, 1, 1
1537, 1, 1636412905298, 1636412905566, 268, 0, 268, 0, 0, 0
1538, 1, 1636412905486, 1636412905749, 263, 0, 263, 0, 0, 0
1539, 1, 1636412905509, 1636412905778, 269, 1, 268, 0, 0, 0
1540, 1, 1636412905881, 1636412906149, 268, 1, 267, 0, 1, 1
1541, 1, 1636412905934, 1636412906197, 263, 0, 263, 0, 0, 0
1542, 1, 1636412905965, 1636412906233, 268, 0, 268, 0, 0, 0
1543, 1, 1636412906149, 1636412906414, 265, 1, 264, 1, 0, 1
1544, 1, 1636412906174, 1636412906442, 268, 0, 268, 0, 0, 0
1545, 1, 1636412906549, 1636412906818, 269, 1, 268, 0, 0, 0
1546, 1, 1636412906597, 1636412906865, 268, 1, 267, 1, 0, 1
1547, 1, 1636412906629, 1636412906893, 264, 1, 263, 1, 0, 1
1548, 1, 1636412906810, 1636412907082, 272, 0, 272, 0, 0, 0
1549, 1, 1636412906837, 1636412907101, 264, 1, 263, 0, 0, 0
1550, 1, 1636412907217, 1636412907481, 264, 1, 263, 0, 0, 0
1551, 1, 1636412907261, 1636412907525, 264, 0, 264, 0, 0, 0
1552, 1, 1636412907290, 1636412907554, 264, 0, 264, 0, 0, 0
1553, 1, 1636412907474, 1636412907738, 264, 0, 264, 0, 0, 0
1554, 1, 1636412907497, 1636412907761, 264, 1, 263, 1, 0, 1
1555, 1, 1636412907877, 1636412908141, 264, 1, 263, 0, 0, 0
1556, 1, 1636412907921, 1636412908185, 264, 0, 264, 0, 0, 0
1557, 1, 1636412907949, 1636412908214, 265, 1, 264, 1, 0, 1
1558, 1, 1636412908138, 1636412908401, 263, 0, 263, 0, 0, 0
1559, 1, 1636412908158, 1636412908422, 264, 0, 264, 0, 0, 0
1560, 1, 1636412908538, 1636412908801, 263, 0, 263, 0, 0, 0
1561, 1, 1636412908581, 1636412908845, 264, 0, 264, 0, 0, 0
1562, 1, 1636412908610, 1636412908874, 264, 0, 264, 0, 0, 0
1563, 1, 1636412908797, 1636412909065, 268, 1, 267, 0, 0, 0
1564, 1, 1636412908817, 1636412909082, 265, 1, 264, 0, 0, 0
1565, 1, 1636412909197, 1636412909462, 265, 1, 264, 1, 0, 1
1566, 1, 1636412909245, 1636412909509, 264, 1, 263, 0, 0, 0
1567, 1, 1636412909274, 1636412909538, 264, 0, 264, 0, 0, 0
1568, 1, 1636412909465, 1636412909729, 264, 1, 263, 0, 0, 0
1569, 1, 1636412909477, 1636412909741, 264, 0, 264, 0, 0, 0
1570, 1, 1636412909858, 1636412910121, 263, 0, 263, 0, 0, 0
1571, 1, 1636412909905, 1636412910169, 264, 1, 263, 0, 0, 0
1572, 1, 1636412909934, 1636412910198, 264, 0, 264, 0, 0, 0
1573, 1, 1636412910129, 1636412910398, 269, 1, 268, 0, 1, 1
1574, 1, 1636412910138, 1636412910406, 268, 0, 268, 0, 0, 0
1575, 1, 1636412910517, 1636412910785, 268, 1, 267, 0, 1, 1
1576, 1, 1636412910565, 1636412910829, 264, 1, 263, 1, 0, 1
1577, 1, 1636412910594, 1636412910857, 263, 0, 263, 0, 0, 0
1578, 1, 1636412910798, 1636412911065, 267, 0, 267, 0, 0, 0
1579, 1, 1636412910805, 1636412911074, 269, 1, 268, 0, 0, 0
1580, 1, 1636412911181, 1636412911446, 265, 1, 264, 0, 0, 0
1581, 1, 1636412911229, 1636412911498, 269, 1, 268, 0, 0, 0
1582, 1, 1636412911257, 1636412911522, 265, 1, 264, 0, 1, 1
1583, 1, 1636412911466, 1636412911729, 263, 0, 263, 0, 0, 0
1584, 1, 1636412911469, 1636412911733, 264, 1, 263, 0, 0, 0
1585, 1, 1636412911849, 1636412912114, 265, 1, 264, 1, 0, 1
1586, 1, 1636412911893, 1636412912157, 264, 0, 264, 0, 0, 0
1587, 1, 1636412911918, 1636412912185, 267, 0, 267, 0, 0, 0
1589, 1, 1636412912129, 1636412912393, 264, 1, 263, 0, 0, 0
1588, 1, 1636412912129, 1636412912398, 269, 1, 268, 0, 0, 0
1590, 1, 1636412912510, 1636412912777, 267, 0, 267, 0, 0, 0
1591, 1, 1636412912557, 1636412912821, 264, 1, 263, 0, 1, 1
1592, 1, 1636412912581, 1636412912845, 264, 1, 263, 0, 0, 0
1593, 1, 1636412912798, 1636412913061, 263, 0, 263, 0, 0, 0
1594, 1, 1636412912798, 1636412913061, 263, 0, 263, 0, 0, 0
1595, 1, 1636412913174, 1636412913438, 264, 0, 264, 0, 0, 0
1597, 1, 1636412913250, 1636412913513, 263, 0, 263, 0, 0, 0
1596, 1, 1636412913438, 1636412913701, 263, 0, 263, 0, 0, 0
1599, 1, 1636412913458, 1636412913721, 263, 0, 263, 0, 0, 0
1598, 1, 1636412913701, 1636412913966, 265, 1, 264, 1, 0, 1
1600, 1, 1636412913833, 1636412914097, 264, 1, 263, 0, 0, 0
1601, 1, 1636412913965, 1636412914229, 264, 1, 263, 0, 0, 0
1602, 1, 1636412914097, 1636412914362, 265, 1, 264, 0, 1, 1
1603, 1, 1636412914229, 1636412914494, 265, 1, 264, 1, 0, 1
1604, 1, 1636412914369, 1636412914637, 268, 1, 267, 0, 0, 0
1605, 1, 1636412914494, 1636412914757, 263, 0, 263, 0, 0, 0
1606, 1, 1636412914637, 1636412914901, 264, 1, 263, 0, 0, 0
1607, 1, 1636412914757, 1636412915021, 264, 1, 263, 0, 1, 1
1608, 1, 1636412914889, 1636412915158, 269, 1, 268, 0, 0, 0
1609, 1, 1636412915033, 1636412915298, 265, 1, 264, 0, 1, 1
1611, 1, 1636412915298, 1636412915561, 263, 1, 262, 0, 0, 0
1612, 1, 1636412915417, 1636412915682, 265, 1, 264, 0, 1, 1
1613, 1, 1636412915553, 1636412915817, 264, 1, 263, 0, 0, 0
1616, 1, 1636412916078, 1636412916341, 263, 0, 263, 0, 0, 0
1617, 1, 1636412916217, 1636412916482, 265, 1, 264, 0, 1, 1
1619, 1, 1636412916878, 1636412917142, 264, 0, 264, 0, 0, 0
1621, 1, 1636412925461, 1636412925742, 281, 1, 280, 0, 0, 0
1622, 1, 1636412926005, 1636412926269, 264, 1, 263, 0, 1, 1
1623, 1, 1636412926137, 1636412926401, 264, 1, 263, 0, 1, 1
1624, 1, 1636412926269, 1636412926534, 265, 1, 264, 0, 0, 0
1625, 1, 1636412926698, 1636412926965, 267, 0, 267, 0, 0, 0
1626, 1, 1636412926830, 1636412927093, 263, 0, 263, 0, 0, 0
1627, 1, 1636412926965, 1636412927230, 265, 1, 264, 1, 0, 1
1628, 1, 1636412927041, 1636412927306, 265, 1, 264, 0, 0, 0
1629, 1, 1636412927366, 1636412927673, 307, 0, 307, 0, 0, 0
1630, 1, 1636412927498, 1636412927761, 263, 0, 263, 0, 0, 0
1631, 1, 1636412927673, 1636412927937, 264, 1, 263, 1, 0, 1
1632, 1, 1636412927717, 1636412927981, 264, 0, 264, 0, 0, 0
1633, 1, 1636412927846, 1636412928110, 264, 0, 264, 0, 0, 0
1634, 1, 1636412928073, 1636412928338, 265, 0, 265, 0, 0, 0
1635, 1, 1636412928157, 1636412928421, 264, 1, 263, 1, 0, 1
1636, 1, 1636412928338, 1636412928601, 263, 0, 263, 0, 0, 0
1637, 1, 1636412928377, 1636412928641, 264, 1, 263, 0, 0, 0
1638, 1, 1636412928506, 1636412928769, 263, 0, 263, 0, 0, 0
1639, 1, 1636412928733, 1636412928998, 265, 1, 264, 0, 0, 0
1640, 1, 1636412928821, 1636412929085, 264, 0, 264, 0, 0, 0
1641, 1, 1636412928997, 1636412929266, 269, 1, 268, 0, 0, 0
1642, 1, 1636412929037, 1636412929301, 264, 1, 263, 0, 0, 0
1643, 1, 1636412929166, 1636412929430, 264, 0, 264, 0, 0, 0
1644, 1, 1636412929394, 1636412929657, 263, 0, 263, 0, 0, 0
1645, 1, 1636412929482, 1636412929746, 264, 0, 264, 0, 0, 0
1646, 1, 1636412929673, 1636412929938, 265, 1, 264, 1, 0, 1
1647, 1, 1636412929698, 1636412929966, 268, 0, 268, 0, 0, 0
1648, 1, 1636412929825, 1636412930090, 265, 1, 264, 0, 1, 1
1649, 1, 1636412930054, 1636412930317, 263, 0, 263, 0, 0, 0
1650, 1, 1636412930142, 1636412930406, 264, 0, 264, 0, 0, 0
1651, 1, 1636412930333, 1636412930606, 273, 1, 272, 0, 0, 0
1652, 1, 1636412930366, 1636412930633, 267, 0, 267, 0, 0, 0
1653, 1, 1636412930486, 1636412930750, 264, 0, 264, 0, 0, 0
1654, 1, 1636412930713, 1636412930982, 269, 1, 268, 0, 0, 0
1655, 1, 1636412930802, 1636412931073, 271, 0, 271, 0, 0, 0
1656, 1, 1636412931002, 1636412931269, 267, 0, 267, 0, 0, 0
1657, 1, 1636412931029, 1636412931293, 264, 1, 263, 1, 0, 1
1658, 1, 1636412931146, 1636412931410, 264, 0, 264, 0, 0, 0
1659, 1, 1636412931378, 1636412931645, 267, 0, 267, 0, 0, 0
1660, 1, 1636412931473, 1636412931741, 268, 0, 268, 0, 0, 0
1661, 1, 1636412931665, 1636412931929, 264, 0, 264, 0, 0, 0
1662, 1, 1636412931693, 1636412931958, 265, 1, 264, 0, 1, 1
1663, 1, 1636412931805, 1636412932069, 264, 1, 263, 0, 0, 0
1664, 1, 1636412932042, 1636412932306, 264, 0, 264, 0, 0, 0
1665, 1, 1636412932142, 1636412932406, 264, 0, 264, 0, 0, 0
1666, 1, 1636412932326, 1636412932590, 264, 0, 264, 0, 0, 0
1667, 1, 1636412932358, 1636412932622, 264, 0, 264, 0, 0, 0
1668, 1, 1636412932469, 1636412932734, 265, 1, 264, 1, 0, 1
1669, 1, 1636412932701, 1636412932966, 265, 1, 264, 0, 1, 1
1671, 1, 1636412932989, 1636412933254, 265, 1, 264, 1, 0, 1
1672, 1, 1636412933021, 1636412933286, 265, 1, 264, 0, 0, 0
1673, 1, 1636412933130, 1636412933398, 268, 0, 268, 0, 0, 0
1676, 1, 1636412933681, 1636412933946, 265, 1, 264, 0, 0, 0
1677, 1, 1636412933794, 1636412934058, 264, 0, 264, 0, 0, 0
1679, 1, 1636412934454, 1636412934717, 263, 0, 263, 0, 0, 0
1681, 1, 1636412943118, 1636412943410, 292, 0, 292, 0, 0, 0
1682, 1, 1636412943693, 1636412943958, 265, 1, 264, 0, 0, 0
1683, 1, 1636412943829, 1636412944093, 264, 0, 264, 0, 0, 0
1684, 1, 1636412943957, 1636412944222, 265, 1, 264, 0, 0, 0
1685, 1, 1636412944389, 1636412944654, 265, 1, 264, 1, 0, 1
1686, 1, 1636412944522, 1636412944785, 263, 0, 263, 0, 0, 0
1688, 1, 1636412944649, 1636412944914, 265, 1, 264, 0, 0, 0
1687, 1, 1636412944654, 1636412944917, 263, 0, 263, 0, 0, 0
1689, 1, 1636412945073, 1636412945337, 264, 1, 263, 1, 0, 1
1690, 1, 1636412945206, 1636412945469, 263, 0, 263, 0, 0, 0
1691, 1, 1636412945310, 1636412945573, 263, 0, 263, 0, 0, 0
1692, 1, 1636412945337, 1636412945601, 264, 1, 263, 1, 0, 1
1693, 1, 1636412945421, 1636412945686, 265, 1, 264, 0, 0, 0
1694, 1, 1636412945733, 1636412945998, 265, 1, 264, 1, 0, 1
1695, 1, 1636412945869, 1636412946133, 264, 1, 263, 0, 1, 1
1696, 1, 1636412945969, 1636412946233, 264, 1, 263, 1, 0, 1
1697, 1, 1636412946001, 1636412946265, 264, 0, 264, 0, 0, 0
1698, 1, 1636412946082, 1636412946346, 264, 0, 264, 0, 0, 0
1699, 1, 1636412946397, 1636412946661, 264, 1, 263, 0, 1, 1
1700, 1, 1636412946529, 1636412946797, 268, 1, 267, 0, 1, 1
1701, 1, 1636412946633, 1636412946898, 265, 1, 264, 0, 1, 1
1703, 1, 1636412946741, 1636412947006, 265, 1, 264, 0, 0, 0
1704, 1, 1636412947061, 1636412947325, 264, 1, 263, 0, 1, 1
1705, 1, 1636412947193, 1636412947457, 264, 1, 263, 0, 1, 1
1707, 1, 1636412947401, 1636412947670, 269, 1, 268, 1, 0, 1
1708, 1, 1636412947729, 1636412947998, 269, 1, 268, 0, 0, 0
1709, 1, 1636412947853, 1636412948117, 264, 1, 263, 1, 0, 1
1711, 1, 1636412948393, 1636412948658, 265, 0, 265, 0, 0, 0
1712, 1, 1636412948514, 1636412948778, 264, 0, 264, 0, 0, 0
1713, 1, 1636412949053, 1636412949326, 273, 1, 272, 0, 0, 0
1714, 1, 1636412949173, 1636412949438, 265, 1, 264, 0, 0, 0
1715, 1, 1636412949725, 1636412949990, 265, 1, 264, 0, 0, 0
1716, 1, 1636412949833, 1636412950098, 265, 0, 265, 0, 0, 0
1717, 1, 1636412950386, 1636412950650, 264, 0, 264, 0, 0, 0
1718, 1, 1636412950497, 1636412950766, 269, 1, 268, 0, 0, 0
1719, 1, 1636412951050, 1636412951314, 264, 0, 264, 0, 0, 0
1720, 1, 1636412951165, 1636412951430, 265, 1, 264, 0, 0, 0
1721, 1, 1636412951710, 1636412951974, 264, 0, 264, 0, 0, 0
1722, 1, 1636412951830, 1636412952094, 264, 0, 264, 0, 0, 0
1723, 1, 1636412952369, 1636412952633, 264, 1, 263, 0, 0, 0
1724, 1, 1636412952498, 1636412952762, 264, 0, 264, 0, 0, 0
1725, 1, 1636412953029, 1636412953294, 265, 1, 264, 1, 0, 1
1726, 1, 1636412953158, 1636412953422, 264, 0, 264, 0, 0, 0
1727, 1, 1636412953694, 1636412953958, 264, 0, 264, 0, 0, 0
1728, 1, 1636412953818, 1636412954082, 264, 0, 264, 0, 0, 0
1729, 1, 1636412954353, 1636412954617, 264, 1, 263, 0, 0, 0
1730, 1, 1636412954477, 1636412954742, 265, 1, 264, 0, 0, 0
1731, 1, 1636412955018, 1636412955282, 264, 0, 264, 0, 0, 0
1732, 1, 1636412955138, 1636412955402, 264, 0, 264, 0, 0, 0
1733, 1, 1636412955677, 1636412955942, 265, 1, 264, 0, 0, 0
1734, 1, 1636412955798, 1636412956066, 268, 1, 267, 0, 0, 0
1735, 1, 1636412956338, 1636412956601, 263, 0, 263, 0, 0, 0
1736, 1, 1636412956462, 1636412956726, 264, 0, 264, 0, 0, 0
1702, 2, 1636412946661, 1636412956798, 10137, 1, 10136, 1, 0, 1
1706, 1, 1636412956890, 1636412957158, 268, 0, 268, 0, 0, 0
1737, 1, 1636412957106, 1636412957370, 264, 0, 264, 0, 0, 0
1738, 1, 1636412957129, 1636412957397, 268, 1, 267, 0, 0, 0
1710, 1, 1636412957158, 1636412957421, 263, 1, 262, 0, 1, 1
1739, 1, 1636412957194, 1636412957465, 271, 0, 271, 0, 0, 0
1740, 1, 1636412957553, 1636412957817, 264, 1, 263, 0, 0, 0
1741, 1, 1636412957770, 1636412958034, 264, 0, 264, 0, 0, 0
1742, 1, 1636412957793, 1636412958058, 265, 1, 264, 1, 0, 1
1743, 1, 1636412957821, 1636412958085, 264, 1, 263, 1, 0, 1
1744, 1, 1636412957861, 1636412958125, 264, 0, 264, 0, 0, 0
1745, 1, 1636412958213, 1636412958477, 264, 1, 263, 0, 0, 0
1746, 1, 1636412958429, 1636412958698, 269, 0, 269, 0, 0, 0
1747, 1, 1636412958457, 1636412958722, 265, 1, 264, 0, 1, 1
1748, 1, 1636412958493, 1636412958757, 264, 1, 263, 0, 1, 1
1749, 1, 1636412958529, 1636412958794, 265, 1, 264, 1, 0, 1
1750, 1, 1636412958874, 1636412959137, 263, 0, 263, 0, 0, 0
1751, 1, 1636412959097, 1636412959361, 264, 1, 263, 1, 0, 1
1752, 1, 1636412959154, 1636412959422, 268, 0, 268, 0, 0, 0
1753, 1, 1636412959190, 1636412959454, 264, 0, 264, 0, 0, 0
1754, 1, 1636412959533, 1636412959798, 265, 1, 264, 1, 0, 1
1755, 1, 1636412959817, 1636412960086, 269, 0, 269, 0, 0, 0
1756, 1, 1636412959854, 1636412960117, 263, 0, 263, 0, 0, 0
1757, 1, 1636412960198, 1636412960462, 264, 0, 264, 0, 0, 0
1758, 1, 1636412960486, 1636412960750, 264, 0, 264, 0, 0, 0
1759, 1, 1636412960514, 1636412960782, 268, 0, 268, 0, 0, 0
1760, 1, 1636412960858, 1636412961121, 263, 0, 263, 0, 0, 0
1761, 1, 1636412961146, 1636412961409, 263, 0, 263, 0, 0, 0
1762, 1, 1636412961178, 1636412961442, 264, 0, 264, 0, 0, 0
1763, 1, 1636412961517, 1636412961782, 265, 1, 264, 0, 1, 1
1764, 1, 1636412961806, 1636412962070, 264, 0, 264, 0, 0, 0
1765, 1, 1636412961838, 1636412962101, 263, 0, 263, 0, 0, 0
1766, 1, 1636412962177, 1636412962442, 265, 1, 264, 0, 1, 1
1767, 1, 1636412962465, 1636412962730, 265, 1, 264, 1, 0, 1
1768, 1, 1636412962497, 1636412962762, 265, 1, 264, 0, 0, 0
1769, 1, 1636412962837, 1636412963101, 264, 1, 263, 1, 0, 1
1770, 1, 1636412963133, 1636412963398, 265, 1, 264, 1, 0, 1
1771, 1, 1636412963157, 1636412963422, 265, 0, 265, 0, 0, 0
1772, 1, 1636412963498, 1636412963762, 264, 0, 264, 0, 0, 0
1773, 1, 1636412963794, 1636412964058, 264, 0, 264, 0, 0, 0
1774, 1, 1636412963817, 1636412964082, 265, 1, 264, 0, 1, 1
1775, 1, 1636412964158, 1636412964422, 264, 0, 264, 0, 0, 0
1776, 1, 1636412964453, 1636412964718, 265, 1, 264, 0, 0, 0
1777, 1, 1636412964477, 1636412964742, 265, 1, 264, 0, 1, 1
1778, 1, 1636412964817, 1636412965081, 264, 0, 264, 0, 0, 0
1779, 1, 1636412965114, 1636412965382, 268, 0, 268, 0, 0, 0
1780, 1, 1636412965141, 1636412965410, 269, 1, 268, 1, 0, 1
1781, 1, 1636412965477, 1636412965746, 269, 1, 268, 0, 1, 1
1782, 1, 1636412965777, 1636412966042, 265, 1, 264, 0, 0, 0
1783, 1, 1636412965806, 1636412966070, 264, 0, 264, 0, 0, 0
1784, 1, 1636412966142, 1636412966406, 264, 0, 264, 0, 0, 0
1785, 1, 1636412966442, 1636412966706, 264, 0, 264, 0, 0, 0
1786, 1, 1636412966469, 1636412966734, 265, 1, 264, 0, 0, 0
1787, 1, 1636412966806, 1636412967070, 264, 0, 264, 0, 0, 0
1788, 1, 1636412967102, 1636412967366, 264, 0, 264, 0, 0, 0
1789, 1, 1636412967130, 1636412967394, 264, 0, 264, 0, 0, 0
1790, 1, 1636412967466, 1636412967734, 268, 0, 268, 0, 0, 0
1791, 1, 1636412967761, 1636412968026, 265, 1, 264, 0, 0, 0
1792, 1, 1636412967794, 1636412968058, 264, 0, 264, 0, 0, 0
1793, 1, 1636412968130, 1636412968394, 264, 0, 264, 0, 0, 0
1794, 1, 1636412968421, 1636412968685, 264, 1, 263, 0, 1, 1
1795, 1, 1636412968453, 1636412968717, 264, 1, 263, 0, 0, 0
1796, 1, 1636412968793, 1636412969058, 265, 0, 265, 0, 0, 0
1797, 1, 1636412969082, 1636412969346, 264, 0, 264, 0, 0, 0
1798, 1, 1636412969117, 1636412969382, 265, 1, 264, 0, 0, 0
1799, 1, 1636412969458, 1636412969726, 268, 0, 268, 0, 0, 0
1800, 1, 1636412969745, 1636412970010, 265, 1, 264, 0, 0, 0
