Xid, State, StartTime, EndTime, TransactionTime, ExecuteTime, CommunicationTime, ReadTime, WriteTime, DBTime
1, 1, 1636413930188, 1636413930994, 806, 445, 361, 0, 15, 15
2, 1, 1636413931076, 1636413931767, 691, 286, 405, 0, 1, 1
3, 1, 1636413931813, 1636413932503, 690, 287, 403, 0, 1, 1
4, 1, 1636413932549, 1636413933231, 682, 282, 400, 0, 1, 1
5, 1, 1636413933277, 1636413933955, 678, 275, 403, 0, 1, 1
6, 1, 1636413934001, 1636413934679, 678, 279, 399, 0, 0, 0
7, 1, 1636413934725, 1636413935415, 690, 286, 404, 0, 0, 0
8, 1, 1636413935461, 1636413936138, 677, 274, 403, 0, 1, 1
9, 1, 1636413936185, 1636413936867, 682, 268, 414, 0, 1, 1
10, 1, 1636413936912, 1636413937594, 682, 277, 405, 0, 1, 1
11, 1, 1636413937641, 1636413938314, 673, 274, 399, 0, 1, 1
12, 1, 1636413938361, 1636413939043, 682, 278, 404, 0, 0, 0
13, 1, 1636413939089, 1636413939767, 678, 272, 406, 0, 1, 1
14, 1, 1636413939516, 1636413940270, 754, 369, 385, 0, 2, 2
15, 1, 1636413939813, 1636413940467, 654, 264, 390, 0, 0, 0
16, 1, 1636413940338, 1636413941002, 664, 272, 392, 0, 0, 0
17, 1, 1636413940513, 1636413941191, 678, 273, 405, 0, 0, 0
18, 1, 1636413941050, 1636413941723, 673, 272, 401, 0, 0, 0
19, 1, 1636413941237, 1636413941923, 686, 282, 404, 0, 0, 0
20, 1, 1636413941770, 1636413942438, 668, 272, 396, 0, 0, 0
21, 1, 1636413941925, 1636413942547, 622, 260, 362, 0, 0, 0
22, 1, 1636413942441, 1636413943106, 665, 266, 399, 0, 0, 0
23, 1, 1636413942549, 1636413943175, 626, 269, 357, 0, 0, 0
24, 1, 1636413943109, 1636413943774, 665, 271, 394, 0, 0, 0
25, 1, 1636413943177, 1636413943795, 618, 260, 358, 0, 0, 0
27, 1, 1636413943797, 1636413944410, 613, 260, 353, 0, 0, 0
26, 1, 1636413943777, 1636413944438, 661, 269, 392, 0, 0, 0
28, 1, 1636413944413, 1636413945039, 626, 271, 355, 0, 0, 0
29, 1, 1636413944441, 1636413945106, 665, 272, 393, 0, 0, 0
30, 1, 1636413945041, 1636413945663, 622, 269, 353, 0, 0, 0
31, 1, 1636413945109, 1636413945782, 673, 266, 407, 0, 0, 0
32, 1, 1636413945665, 1636413946286, 621, 266, 355, 0, 0, 0
33, 1, 1636413945784, 1636413946454, 670, 269, 401, 0, 0, 0
34, 1, 1636413946289, 1636413946907, 618, 259, 359, 0, 0, 0
35, 1, 1636413946457, 1636413947114, 657, 266, 391, 0, 0, 0
36, 1, 1636413946909, 1636413947534, 625, 267, 358, 0, 0, 0
37, 1, 1636413947117, 1636413947774, 657, 265, 392, 0, 0, 0
38, 1, 1636413947537, 1636413948155, 618, 259, 359, 0, 0, 0
39, 1, 1636413947776, 1636413948438, 662, 275, 387, 0, 0, 0
40, 1, 1636413948157, 1636413948766, 609, 261, 348, 0, 0, 0
41, 1, 1636413948440, 1636413949094, 654, 266, 388, 0, 0, 0
42, 1, 1636413948769, 1636413949386, 617, 260, 357, 0, 0, 0
44, 1, 1636413949097, 1636413949750, 653, 266, 387, 0, 0, 0
43, 1, 1636413948986, 1636413949798, 812, 394, 418, 0, 0, 0
45, 1, 1636413949389, 1636413950010, 621, 265, 356, 0, 0, 0
46, 1, 1636413949753, 1636413950430, 677, 283, 394, 0, 0, 0
47, 1, 1636413949854, 1636413950526, 672, 279, 393, 0, 0, 0
48, 1, 1636413950013, 1636413950627, 614, 262, 352, 0, 0, 0
49, 1, 1636413950432, 1636413951054, 622, 269, 353, 0, 0, 0
50, 1, 1636413950528, 1636413951202, 674, 277, 397, 0, 0, 0
51, 1, 1636413950629, 1636413951246, 617, 260, 357, 0, 0, 0
52, 1, 1636413951056, 1636413951674, 618, 263, 355, 0, 0, 0
54, 1, 1636413951249, 1636413951859, 610, 260, 350, 0, 0, 0
53, 1, 1636413951205, 1636413951870, 665, 273, 392, 0, 0, 0
55, 1, 1636413951676, 1636413952290, 614, 262, 352, 0, 0, 0
56, 1, 1636413951861, 1636413952474, 613, 262, 351, 0, 1, 1
57, 1, 1636413951872, 1636413952534, 662, 267, 395, 0, 0, 0
58, 1, 1636413952291, 1636413952906, 615, 263, 352, 0, 0, 0
59, 1, 1636413952476, 1636413953102, 626, 267, 359, 0, 0, 0
60, 1, 1636413952536, 1636413953190, 654, 267, 387, 0, 0, 0
61, 1, 1636413952908, 1636413953522, 614, 264, 350, 0, 0, 0
62, 1, 1636413953103, 1636413953723, 620, 265, 355, 0, 0, 0
63, 1, 1636413953193, 1636413953858, 665, 274, 391, 0, 1, 1
64, 1, 1636413953524, 1636413954142, 618, 267, 351, 0, 0, 0
65, 1, 1636413953725, 1636413954342, 617, 263, 354, 0, 0, 0
66, 1, 1636413953861, 1636413954530, 669, 278, 391, 0, 0, 0
67, 1, 1636413954145, 1636413954762, 617, 264, 353, 0, 0, 0
68, 1, 1636413954345, 1636413954967, 622, 266, 356, 0, 0, 0
69, 1, 1636413954532, 1636413955210, 678, 275, 403, 0, 0, 0
70, 1, 1636413954765, 1636413955378, 613, 263, 350, 0, 0, 0
71, 1, 1636413954969, 1636413955590, 621, 265, 356, 0, 0, 0
72, 1, 1636413955212, 1636413955878, 666, 270, 396, 0, 0, 0
73, 1, 1636413955381, 1636413955998, 617, 268, 349, 0, 0, 0
74, 1, 1636413955593, 1636413956210, 617, 264, 353, 0, 0, 0
75, 1, 1636413955881, 1636413956538, 657, 267, 390, 0, 0, 0
76, 1, 1636413956000, 1636413956614, 614, 265, 349, 0, 0, 0
77, 1, 1636413956213, 1636413956831, 618, 266, 352, 0, 0, 0
78, 1, 1636413956540, 1636413957202, 662, 269, 393, 0, 1, 1
79, 1, 1636413956617, 1636413957230, 613, 265, 348, 0, 0, 0
80, 1, 1636413956833, 1636413957446, 613, 262, 351, 0, 0, 0
82, 1, 1636413957232, 1636413957846, 614, 264, 350, 0, 1, 1
81, 1, 1636413957204, 1636413957862, 658, 266, 392, 0, 1, 1
83, 1, 1636413957449, 1636413958066, 617, 262, 355, 0, 0, 0
84, 1, 1636413957848, 1636413958470, 622, 268, 354, 0, 0, 0
85, 1, 1636413957864, 1636413958542, 678, 285, 393, 0, 0, 0
86, 1, 1636413958069, 1636413958687, 618, 266, 352, 0, 0, 0
87, 1, 1636413958472, 1636413959090, 618, 263, 355, 0, 0, 0
88, 1, 1636413958544, 1636413959198, 654, 269, 385, 0, 1, 1
89, 1, 1636413958689, 1636413959310, 621, 266, 355, 0, 1, 1
90, 1, 1636413959092, 1636413959706, 614, 265, 349, 0, 0, 0
91, 1, 1636413959201, 1636413959870, 669, 276, 393, 0, 0, 0
92, 1, 1636413959311, 1636413959930, 619, 261, 358, 0, 1, 1
93, 1, 1636413959708, 1636413960326, 618, 268, 350, 0, 0, 0
94, 1, 1636413959873, 1636413960490, 617, 268, 349, 0, 0, 0
95, 1, 1636413959933, 1636413960550, 617, 263, 354, 0, 0, 0
96, 1, 1636413960328, 1636413960946, 618, 268, 350, 0, 0, 0
97, 1, 1636413960493, 1636413961118, 625, 272, 353, 0, 1, 1
98, 1, 1636413960552, 1636413961170, 618, 266, 352, 0, 0, 0
99, 1, 1636413960948, 1636413961562, 614, 265, 349, 0, 0, 0
100, 1, 1636413961121, 1636413961742, 621, 269, 352, 0, 1, 1
101, 1, 1636413961173, 1636413961790, 617, 265, 352, 0, 1, 1
102, 1, 1636413961564, 1636413962178, 614, 265, 349, 0, 1, 1
103, 1, 1636413961744, 1636413962370, 626, 267, 359, 0, 0, 0
104, 1, 1636413961792, 1636413962414, 622, 263, 359, 0, 0, 0
105, 1, 1636413962181, 1636413962794, 613, 265, 348, 0, 0, 0
106, 1, 1636413962372, 1636413962982, 610, 265, 345, 0, 1, 1
107, 1, 1636413962415, 1636413963030, 615, 261, 354, 0, 1, 1
108, 1, 1636413962797, 1636413963410, 613, 265, 348, 0, 0, 0
109, 1, 1636413962984, 1636413963598, 614, 267, 347, 0, 0, 0
110, 1, 1636413963032, 1636413963650, 618, 261, 357, 0, 1, 1
111, 1, 1636413963413, 1636413964026, 613, 265, 348, 0, 0, 0
112, 1, 1636413963600, 1636413964210, 610, 264, 346, 0, 0, 0
113, 1, 1636413963652, 1636413964278, 626, 268, 358, 0, 0, 0
114, 1, 1636413964029, 1636413964646, 617, 270, 347, 0, 1, 1
115, 1, 1636413964213, 1636413964834, 621, 265, 356, 0, 0, 0
116, 1, 1636413964280, 1636413964898, 618, 261, 357, 0, 0, 0
117, 1, 1636413964648, 1636413965266, 618, 264, 354, 0, 0, 0
118, 1, 1636413964836, 1636413965438, 602, 261, 341, 0, 0, 0
119, 1, 1636413964901, 1636413965510, 609, 261, 348, 0, 0, 0
120, 1, 1636413965269, 1636413965878, 609, 266, 343, 0, 0, 0
121, 1, 1636413965441, 1636413966054, 613, 260, 353, 0, 1, 1
122, 1, 1636413965512, 1636413966126, 614, 265, 349, 0, 0, 0
123, 1, 1636413965880, 1636413966498, 618, 269, 349, 0, 0, 0
124, 1, 1636413966057, 1636413966674, 617, 261, 356, 0, 0, 0
125, 1, 1636413966128, 1636413966742, 614, 260, 354, 0, 0, 0
126, 1, 1636413966500, 1636413967114, 614, 265, 349, 0, 1, 1
127, 1, 1636413966676, 1636413967286, 610, 263, 347, 0, 0, 0
128, 1, 1636413966745, 1636413967359, 614, 261, 353, 0, 1, 1
129, 1, 1636413967117, 1636413967734, 617, 270, 347, 0, 1, 1
130, 1, 1636413967288, 1636413967906, 618, 267, 351, 0, 0, 0
131, 1, 1636413967361, 1636413967967, 606, 261, 345, 0, 0, 0
132, 1, 1636413967736, 1636413968346, 610, 262, 348, 0, 0, 0
133, 1, 1636413967909, 1636413968522, 613, 269, 344, 0, 0, 0
134, 1, 1636413967969, 1636413968586, 617, 265, 352, 0, 1, 1
135, 1, 1636413968349, 1636413968962, 613, 264, 349, 0, 0, 0
136, 1, 1636413968525, 1636413969138, 613, 266, 347, 0, 1, 1
137, 1, 1636413968589, 1636413969206, 617, 267, 350, 0, 0, 0
138, 1, 1636413968964, 1636413969578, 614, 264, 350, 0, 1, 1
139, 1, 1636413969140, 1636413969754, 614, 265, 349, 0, 1, 1
140, 1, 1636413969209, 1636413969818, 609, 259, 350, 0, 0, 0
141, 1, 1636413969581, 1636413970194, 613, 265, 348, 0, 1, 1
142, 1, 1636413969755, 1636413970366, 611, 264, 347, 0, 0, 0
143, 1, 1636413969820, 1636413970438, 618, 265, 353, 0, 0, 0
144, 1, 1636413970196, 1636413970814, 618, 265, 353, 0, 0, 0
145, 1, 1636413970368, 1636413970978, 610, 261, 349, 0, 1, 1
146, 1, 1636413970441, 1636413971063, 622, 267, 355, 0, 0, 0
147, 1, 1636413970817, 1636413971430, 613, 265, 348, 0, 0, 0
148, 1, 1636413970980, 1636413971594, 614, 260, 354, 0, 0, 0
149, 1, 1636413971065, 1636413971674, 609, 261, 348, 0, 0, 0
150, 1, 1636413971433, 1636413972042, 609, 265, 344, 0, 1, 1
151, 1, 1636413971596, 1636413972210, 614, 266, 348, 0, 0, 0
152, 1, 1636413971677, 1636413972298, 621, 267, 354, 0, 0, 0
153, 1, 1636413972044, 1636413972662, 618, 269, 349, 0, 0, 0
154, 1, 1636413972212, 1636413972826, 614, 264, 350, 0, 0, 0
155, 1, 1636413972301, 1636413972914, 613, 260, 353, 0, 0, 0
156, 1, 1636413972664, 1636413973278, 614, 264, 350, 0, 0, 0
157, 1, 1636413972828, 1636413973442, 614, 263, 351, 0, 0, 0
158, 1, 1636413972916, 1636413973530, 614, 265, 349, 0, 0, 0
159, 1, 1636413973280, 1636413973894, 614, 264, 350, 0, 0, 0
160, 1, 1636413973444, 1636413974058, 614, 264, 350, 0, 0, 0
161, 1, 1636413973532, 1636413974142, 610, 261, 349, 0, 0, 0
162, 1, 1636413973896, 1636413974510, 614, 263, 351, 0, 0, 0
163, 1, 1636413974061, 1636413974670, 609, 267, 342, 0, 0, 0
164, 1, 1636413974145, 1636413974754, 609, 260, 349, 0, 0, 0
165, 1, 1636413974511, 1636413975130, 619, 268, 351, 0, 0, 0
166, 1, 1636413974672, 1636413975294, 622, 268, 354, 0, 0, 0
167, 1, 1636413974755, 1636413975370, 615, 261, 354, 0, 0, 0
168, 1, 1636413975133, 1636413975746, 613, 263, 350, 0, 0, 0
169, 1, 1636413975297, 1636413975910, 613, 262, 351, 0, 0, 0
170, 1, 1636413975372, 1636413975978, 606, 262, 344, 0, 0, 0
171, 1, 1636413975748, 1636413976362, 614, 264, 350, 0, 1, 1
172, 1, 1636413975912, 1636413976522, 610, 264, 346, 0, 0, 0
173, 1, 1636413975980, 1636413976590, 610, 261, 349, 0, 0, 0
174, 1, 1636413976365, 1636413976974, 609, 264, 345, 0, 0, 0
175, 1, 1636413976524, 1636413977130, 606, 261, 345, 0, 0, 0
176, 1, 1636413976592, 1636413977210, 618, 263, 355, 0, 0, 0
177, 1, 1636413976976, 1636413977590, 614, 264, 350, 0, 0, 0
178, 1, 1636413977133, 1636413977746, 613, 263, 350, 0, 1, 1
179, 1, 1636413977213, 1636413977830, 617, 261, 356, 0, 1, 1
180, 1, 1636413977593, 1636413978206, 613, 264, 349, 0, 0, 0
181, 1, 1636413977748, 1636413978354, 606, 260, 346, 0, 1, 1
182, 1, 1636413977832, 1636413978442, 610, 261, 349, 0, 0, 0
183, 1, 1636413978208, 1636413978822, 614, 265, 349, 0, 1, 1
184, 1, 1636413978356, 1636413978966, 610, 258, 352, 0, 0, 0
185, 1, 1636413978445, 1636413979050, 605, 262, 343, 0, 0, 0
186, 1, 1636413978824, 1636413979438, 614, 264, 350, 0, 0, 0
187, 1, 1636413978968, 1636413979574, 606, 260, 346, 0, 0, 0
188, 1, 1636413979051, 1636413979659, 608, 261, 347, 0, 1, 1
189, 1, 1636413979441, 1636413980054, 613, 266, 347, 0, 0, 0
190, 1, 1636413979576, 1636413980186, 610, 265, 345, 0, 0, 0
191, 1, 1636413979661, 1636413980274, 613, 262, 351, 0, 0, 0
192, 1, 1636413980056, 1636413980682, 626, 273, 353, 0, 0, 0
193, 1, 1636413980189, 1636413980794, 605, 259, 346, 0, 0, 0
194, 1, 1636413980277, 1636413980890, 613, 262, 351, 0, 1, 1
195, 1, 1636413980684, 1636413981298, 614, 264, 350, 0, 0, 0
196, 1, 1636413980796, 1636413981406, 610, 262, 348, 0, 0, 0
197, 1, 1636413980893, 1636413981502, 609, 261, 348, 0, 0, 0
198, 1, 1636413981300, 1636413981914, 614, 266, 348, 0, 0, 0
199, 1, 1636413981409, 1636413982010, 601, 260, 341, 0, 0, 0
200, 1, 1636413981505, 1636413982110, 605, 261, 344, 0, 1, 1
201, 1, 1636413981915, 1636413982526, 611, 266, 345, 0, 0, 0
202, 1, 1636413982011, 1636413982618, 607, 264, 343, 0, 0, 0
203, 1, 1636413982112, 1636413982734, 622, 266, 356, 0, 0, 0
204, 1, 1636413982527, 1636413983142, 615, 264, 351, 0, 1, 1
205, 1, 1636413982621, 1636413983230, 609, 261, 348, 0, 0, 0
206, 1, 1636413982737, 1636413983358, 621, 273, 348, 0, 0, 0
207, 1, 1636413983144, 1636413983754, 610, 262, 348, 0, 0, 0
208, 1, 1636413983232, 1636413983838, 606, 262, 344, 0, 0, 0
209, 1, 1636413983359, 1636413983970, 611, 260, 351, 0, 0, 0
210, 1, 1636413983756, 1636413984366, 610, 262, 348, 0, 0, 0
211, 1, 1636413983840, 1636413984450, 610, 261, 349, 0, 0, 0
212, 1, 1636413983973, 1636413984583, 610, 262, 348, 0, 0, 0
213, 1, 1636413984368, 1636413984990, 622, 269, 353, 0, 0, 0
214, 1, 1636413984452, 1636413985058, 606, 260, 346, 0, 0, 0
215, 1, 1636413984585, 1636413985202, 617, 262, 355, 0, 0, 0
216, 1, 1636413984993, 1636413985606, 613, 265, 348, 0, 0, 0
217, 1, 1636413985060, 1636413985674, 614, 264, 350, 0, 1, 1
218, 1, 1636413985204, 1636413985822, 618, 266, 352, 0, 0, 0
219, 1, 1636413985608, 1636413986218, 610, 265, 345, 0, 0, 0
220, 1, 1636413985676, 1636413986282, 606, 265, 341, 0, 0, 0
221, 1, 1636413985825, 1636413986438, 613, 261, 352, 0, 0, 0
222, 1, 1636413986220, 1636413986834, 614, 265, 349, 0, 0, 0
223, 1, 1636413986285, 1636413986890, 605, 261, 344, 0, 0, 0
224, 1, 1636413986440, 1636413987050, 610, 263, 347, 0, 0, 0
225, 1, 1636413986836, 1636413987446, 610, 263, 347, 0, 0, 0
226, 1, 1636413986891, 1636413987510, 619, 265, 354, 0, 1, 1
227, 1, 1636413987052, 1636413987667, 615, 260, 355, 0, 0, 0
228, 1, 1636413987448, 1636413988062, 614, 266, 348, 0, 0, 0
229, 1, 1636413987512, 1636413988122, 610, 262, 348, 0, 0, 0
230, 1, 1636413987669, 1636413988282, 613, 262, 351, 0, 0, 0
231, 1, 1636413988064, 1636413988674, 610, 264, 346, 0, 0, 0
232, 1, 1636413988124, 1636413988742, 618, 268, 350, 0, 1, 1
233, 1, 1636413988285, 1636413988894, 609, 261, 348, 0, 0, 0
234, 1, 1636413988677, 1636413989286, 609, 261, 348, 0, 0, 0
235, 1, 1636413988745, 1636413989354, 609, 262, 347, 0, 1, 1
236, 1, 1636413988896, 1636413989506, 610, 260, 350, 0, 0, 0
237, 1, 1636413989288, 1636413989902, 614, 264, 350, 0, 0, 0
238, 1, 1636413989356, 1636413989974, 618, 265, 353, 0, 0, 0
239, 1, 1636413989509, 1636413990130, 621, 265, 356, 0, 0, 0
240, 1, 1636413989904, 1636413990518, 614, 264, 350, 0, 0, 0
241, 1, 1636413989976, 1636413990594, 618, 267, 351, 0, 0, 0
242, 1, 1636413990132, 1636413990746, 614, 266, 348, 0, 1, 1
243, 1, 1636413990520, 1636413991130, 610, 264, 346, 0, 0, 0
244, 1, 1636413990596, 1636413991206, 610, 261, 349, 0, 0, 0
245, 1, 1636413990749, 1636413991362, 613, 262, 351, 0, 0, 0
246, 1, 1636413991132, 1636413991758, 626, 274, 352, 0, 0, 0
247, 1, 1636413991209, 1636413991818, 609, 266, 343, 0, 0, 0
248, 1, 1636413991364, 1636413991974, 610, 260, 350, 0, 0, 0
249, 1, 1636413991760, 1636413992370, 610, 264, 346, 0, 1, 1
250, 1, 1636413991820, 1636413992430, 610, 266, 344, 0, 0, 0
251, 1, 1636413991976, 1636413992586, 610, 261, 349, 0, 0, 0
252, 1, 1636413992372, 1636413992982, 610, 262, 348, 0, 0, 0
253, 1, 1636413992433, 1636413993046, 613, 265, 348, 0, 0, 0
254, 1, 1636413992588, 1636413993198, 610, 262, 348, 0, 1, 1
255, 1, 1636413992984, 1636413993598, 614, 264, 350, 0, 0, 0
256, 1, 1636413993049, 1636413993658, 609, 264, 345, 0, 1, 1
257, 1, 1636413993200, 1636413993819, 619, 263, 356, 0, 0, 0
258, 1, 1636413993600, 1636413994214, 614, 264, 350, 0, 0, 0
259, 1, 1636413993660, 1636413994270, 610, 259, 351, 0, 0, 0
260, 1, 1636413994217, 1636413994830, 613, 264, 349, 0, 0, 0
261, 1, 1636413994272, 1636413994890, 618, 267, 351, 0, 0, 0
262, 1, 1636413994832, 1636413995446, 614, 265, 349, 0, 0, 0
263, 1, 1636413994892, 1636413995498, 606, 260, 346, 0, 0, 0
264, 1, 1636413995448, 1636413996062, 614, 263, 351, 0, 0, 0
265, 1, 1636413995500, 1636413996114, 614, 265, 349, 0, 0, 0
266, 1, 1636413996065, 1636413996678, 613, 264, 349, 0, 0, 0
267, 1, 1636413996117, 1636413996730, 613, 264, 349, 0, 0, 0
268, 1, 1636413996680, 1636413997302, 622, 264, 358, 0, 0, 0
269, 1, 1636413996733, 1636413997350, 617, 266, 351, 0, 1, 1
270, 1, 1636413997305, 1636413997922, 617, 267, 350, 0, 0, 0
271, 1, 1636413997352, 1636413997970, 618, 268, 350, 0, 0, 0
272, 1, 1636413997924, 1636413998538, 614, 265, 349, 0, 1, 1
273, 1, 1636413997972, 1636413998582, 610, 266, 344, 0, 0, 0
274, 1, 1636413998541, 1636413999154, 613, 268, 345, 0, 0, 0
275, 1, 1636413998585, 1636413999198, 613, 264, 349, 0, 0, 0
276, 1, 1636413999156, 1636413999770, 614, 265, 349, 0, 0, 0
277, 1, 1636413999200, 1636413999806, 606, 264, 342, 0, 0, 0
278, 1, 1636413999772, 1636414000390, 618, 269, 349, 0, 0, 0
279, 1, 1636413999808, 1636414000422, 614, 264, 350, 0, 0, 0
280, 1, 1636414000393, 1636414001006, 613, 267, 346, 0, 0, 0
281, 1, 1636414000425, 1636414001042, 617, 268, 349, 0, 1, 1
282, 1, 1636414001008, 1636414001622, 614, 264, 350, 0, 0, 0
283, 1, 1636414001044, 1636414001658, 614, 263, 351, 0, 1, 1
284, 1, 1636414001624, 1636414002238, 614, 265, 349, 0, 0, 0
285, 1, 1636414001661, 1636414002266, 605, 259, 346, 0, 0, 0
286, 1, 1636414002268, 1636414002878, 610, 260, 350, 0, 0, 0
287, 1, 1636414002881, 1636414003490, 609, 265, 344, 0, 0, 0
288, 1, 1636414003492, 1636414004106, 614, 267, 347, 0, 0, 0
289, 1, 1636414004108, 1636414004718, 610, 264, 346, 0, 0, 0
290, 1, 1636414004720, 1636414005334, 614, 264, 350, 0, 0, 0
291, 1, 1636414005337, 1636414005946, 609, 262, 347, 0, 1, 1
292, 1, 1636414005947, 1636414006558, 611, 259, 352, 0, 0, 0
293, 1, 1636414006560, 1636414007166, 606, 260, 346, 0, 0, 0
294, 1, 1636414007168, 1636414007782, 614, 263, 351, 0, 0, 0
295, 1, 1636414007784, 1636414008394, 610, 263, 347, 0, 0, 0
296, 1, 1636414008397, 1636414009006, 609, 265, 344, 0, 0, 0
297, 1, 1636414009009, 1636414009614, 605, 263, 342, 0, 1, 1
298, 1, 1636414009617, 1636414010226, 609, 260, 349, 0, 0, 0
299, 1, 1636414010228, 1636414010842, 614, 264, 350, 0, 0, 0
300, 1, 1636414010845, 1636414011454, 609, 261, 348, 0, 0, 0
301, 1, 1636414578736, 1636414579610, 874, 350, 524, 5, 1, 6
302, 1, 1636414580083, 1636414580882, 799, 271, 528, 2, 2, 4
303, 1, 1636414580663, 1636414581470, 807, 270, 537, 1, 2, 3
304, 1, 1636414581062, 1636414581874, 812, 274, 538, 1, 1, 2
305, 1, 1636414581990, 1636414582790, 800, 262, 538, 2, 0, 2
306, 1, 1636414582032, 1636414582826, 794, 272, 522, 0, 0, 0
307, 1, 1636414582545, 1636414583350, 805, 271, 534, 1, 1, 2
308, 1, 1636414582926, 1636414583722, 796, 266, 530, 1, 1, 2
309, 1, 1636414583898, 1636414584690, 792, 264, 528, 1, 0, 1
310, 1, 1636414583926, 1636414584726, 800, 270, 530, 3, 1, 4
311, 1, 1636414584560, 1636414585354, 794, 265, 529, 2, 1, 3
312, 1, 1636414584821, 1636414585618, 797, 265, 532, 1, 1, 2
313, 1, 1636414585793, 1636414586586, 793, 264, 529, 0, 2, 2
314, 1, 1636414585941, 1636414586746, 805, 270, 535, 1, 1, 2
315, 1, 1636414586628, 1636414587426, 798, 270, 528, 0, 2, 2
316, 1, 1636414586923, 1636414587726, 803, 278, 525, 1, 0, 1
317, 1, 1636414587894, 1636414588522, 628, 270, 358, 1, 2, 3
318, 1, 1636414587991, 1636414588610, 619, 267, 352, 2, 1, 3
319, 1, 1636414588626, 1636414589254, 628, 274, 354, 0, 2, 2
320, 1, 1636414588972, 1636414589590, 618, 267, 351, 0, 1, 1
321, 1, 1636414589898, 1636414590518, 620, 263, 357, 1, 1, 2
323, 1, 1636414590744, 1636414591370, 626, 270, 356, 0, 1, 1
325, 1, 1636414592014, 1636414592634, 620, 266, 354, 2, 1, 3
326, 1, 1636414592803, 1636414593430, 627, 268, 359, 1, 3, 4
327, 1, 1636414594074, 1636414594698, 624, 270, 354, 1, 1, 2
328, 1, 1636414594875, 1636414595494, 619, 262, 357, 0, 1, 1
329, 1, 1636414596147, 1636414596762, 615, 262, 353, 1, 0, 1
330, 1, 1636414596178, 1636414596794, 616, 264, 352, 1, 1, 2
331, 1, 1636414596937, 1636414597562, 625, 271, 354, 0, 4, 4
332, 1, 1636414598173, 1636414598794, 621, 267, 354, 0, 1, 1
333, 1, 1636414598270, 1636414598886, 616, 263, 353, 0, 1, 1
334, 1, 1636414598926, 1636414599550, 624, 272, 352, 2, 2, 4
322, 2, 1636414590021, 1636414600441, 10420, 228, 10192, 1, 1, 2
336, 1, 1636414600139, 1636414600794, 655, 303, 352, 0, 40, 40
335, 1, 1636414600121, 1636414600794, 673, 320, 353, 0, 56, 56
324, 1, 1636414590839, 1636414600882, 10043, 9692, 351, 2, 4, 6
337, 1, 1636414600598, 1636414601266, 668, 269, 399, 1, 0, 1
338, 1, 1636414600798, 1636414601534, 736, 384, 352, 1, 1, 2
339, 1, 1636414600906, 1636414601570, 664, 263, 401, 0, 0, 0
340, 1, 1636414602118, 1636414602734, 616, 264, 352, 1, 0, 1
341, 1, 1636414602151, 1636414602766, 615, 262, 353, 2, 0, 2
342, 1, 1636414602523, 1636414603154, 631, 271, 360, 2, 1, 3
343, 1, 1636414602696, 1636414603318, 622, 266, 356, 0, 1, 1
344, 1, 1636414602797, 1636414603418, 621, 263, 358, 1, 1, 2
345, 1, 1636414604070, 1636414604694, 624, 272, 352, 0, 3, 3
346, 1, 1636414604213, 1636414604842, 629, 276, 353, 1, 2, 3
347, 1, 1636414604476, 1636414605090, 614, 260, 354, 0, 1, 1
348, 1, 1636414604739, 1636414605354, 615, 261, 354, 0, 0, 0
349, 1, 1636414604767, 1636414605382, 615, 263, 352, 0, 0, 0
350, 1, 1636414606083, 1636414606710, 627, 271, 356, 0, 3, 3
351, 1, 1636414606141, 1636414606758, 617, 263, 354, 1, 3, 4
352, 1, 1636414606434, 1636414607058, 624, 262, 362, 1, 0, 1
353, 1, 1636414606678, 1636414607302, 624, 270, 354, 0, 1, 1
354, 1, 1636414606697, 1636414607318, 621, 266, 355, 2, 1, 3
355, 1, 1636414608071, 1636414608698, 627, 268, 359, 2, 3, 5
356, 1, 1636414608201, 1636414608822, 621, 266, 355, 0, 1, 1
357, 1, 1636414608319, 1636414608938, 619, 266, 353, 0, 1, 1
358, 1, 1636414608568, 1636414609186, 618, 264, 354, 1, 2, 3
359, 1, 1636414608833, 1636414609454, 621, 261, 360, 1, 0, 1
360, 1, 1636414610208, 1636414610822, 614, 262, 352, 0, 0, 0
361, 1, 1636414610210, 1636414610826, 616, 262, 354, 0, 0, 0
363, 1, 1636414610620, 1636414611238, 618, 266, 352, 1, 0, 1
364, 1, 1636414610794, 1636414611414, 620, 267, 353, 2, 1, 3
365, 1, 1636414612119, 1636414612742, 623, 266, 357, 0, 0, 0
366, 1, 1636414612262, 1636414612882, 620, 265, 355, 0, 0, 0
367, 1, 1636414612671, 1636414613294, 623, 263, 360, 0, 0, 0
368, 1, 1636414612746, 1636414613366, 620, 265, 355, 2, 0, 2
369, 1, 1636414614072, 1636414614690, 618, 265, 353, 0, 1, 1
370, 1, 1636414614398, 1636414615018, 620, 261, 359, 0, 1, 1
371, 1, 1636414614676, 1636414615294, 618, 265, 353, 0, 0, 0
372, 1, 1636414614844, 1636414615466, 622, 265, 357, 0, 1, 1
373, 1, 1636414616169, 1636414616790, 621, 268, 353, 1, 2, 3
374, 1, 1636414616402, 1636414617026, 624, 267, 357, 0, 3, 3
375, 1, 1636414616675, 1636414617298, 623, 271, 352, 1, 1, 2
376, 1, 1636414616888, 1636414617510, 622, 267, 355, 1, 1, 2
377, 1, 1636414618213, 1636414618842, 629, 274, 355, 0, 1, 1
378, 1, 1636414618403, 1636414619022, 619, 262, 357, 1, 0, 1
379, 1, 1636414618666, 1636414619286, 620, 266, 354, 0, 3, 3
380, 1, 1636414618867, 1636414619486, 619, 266, 353, 1, 1, 2
381, 1, 1636414620175, 1636414620794, 619, 260, 359, 0, 0, 0
362, 2, 1636414610260, 1636414620878, 10618, 392, 10226, 2, 1, 3
382, 1, 1636414620392, 1636414621142, 750, 399, 351, 1, 138, 139
383, 1, 1636414620566, 1636414621326, 760, 400, 360, 0, 137, 137
384, 1, 1636414620879, 1636414621462, 583, 268, 315, 0, 0, 0
385, 1, 1636414621026, 1636414621690, 664, 267, 397, 1, 1, 2
386, 1, 1636414622150, 1636414622770, 620, 266, 354, 1, 1, 2
387, 1, 1636414622369, 1636414622990, 621, 267, 354, 1, 2, 3
388, 1, 1636414622619, 1636414623238, 619, 266, 353, 1, 1, 2
389, 1, 1636414622634, 1636414623254, 620, 266, 354, 0, 0, 0
390, 1, 1636414622912, 1636414623534, 622, 265, 357, 1, 1, 2
391, 1, 1636414624038, 1636414624666, 628, 271, 357, 0, 3, 3
392, 1, 1636414624464, 1636414625086, 622, 263, 359, 1, 0, 1
393, 1, 1636414624576, 1636414625198, 622, 266, 356, 0, 1, 1
394, 1, 1636414624627, 1636414625242, 615, 262, 353, 0, 1, 1
395, 1, 1636414624803, 1636414625422, 619, 265, 354, 0, 0, 0
396, 1, 1636414625981, 1636414626610, 629, 269, 360, 0, 1, 1
397, 1, 1636414626473, 1636414627098, 625, 266, 359, 1, 2, 3
398, 1, 1636414626579, 1636414627194, 615, 263, 352, 1, 1, 2
399, 1, 1636414626743, 1636414627358, 615, 263, 352, 0, 0, 0
400, 1, 1636414626856, 1636414627474, 618, 263, 355, 0, 2, 2
401, 1, 1636414628102, 1636414628718, 616, 261, 355, 0, 0, 0
402, 1, 1636414628490, 1636414629110, 620, 266, 354, 0, 2, 2
403, 1, 1636414628588, 1636414629202, 614, 263, 351, 0, 0, 0
404, 1, 1636414628674, 1636414629290, 616, 262, 354, 1, 1, 2
405, 1, 1636414628907, 1636414629522, 615, 261, 354, 0, 0, 0
406, 1, 1636414630110, 1636414630734, 624, 267, 357, 1, 1, 2
407, 1, 1636414630418, 1636414631050, 632, 272, 360, 1, 2, 3
408, 1, 1636414630537, 1636414631158, 621, 262, 359, 0, 0, 0
409, 1, 1636414630556, 1636414631178, 622, 262, 360, 1, 0, 1
410, 1, 1636414631031, 1636414631654, 623, 267, 356, 2, 2, 4
411, 1, 1636414632066, 1636414632694, 628, 271, 357, 1, 1, 2
412, 1, 1636414632388, 1636414633022, 634, 279, 355, 1, 0, 1
413, 1, 1636414632505, 1636414633122, 617, 263, 354, 0, 1, 1
414, 1, 1636414632537, 1636414633166, 629, 274, 355, 0, 0, 0
415, 1, 1636414633031, 1636414633654, 623, 270, 353, 0, 0, 0
416, 1, 1636414634044, 1636414634666, 622, 272, 350, 2, 3, 5
417, 1, 1636414634365, 1636414634982, 617, 263, 354, 0, 1, 1
418, 1, 1636414634479, 1636414635098, 619, 267, 352, 1, 1, 2
419, 1, 1636414634585, 1636414635202, 617, 262, 355, 0, 0, 0
420, 1, 1636414635022, 1636414635642, 620, 264, 356, 0, 0, 0
421, 1, 1636414636048, 1636414636670, 622, 270, 352, 1, 1, 2
422, 1, 1636414636338, 1636414636954, 616, 262, 354, 1, 0, 1
423, 1, 1636414636604, 1636414637226, 622, 266, 356, 2, 0, 2
424, 1, 1636414636714, 1636414637334, 620, 266, 354, 0, 0, 0
425, 1, 1636414636923, 1636414637538, 615, 262, 353, 1, 0, 1
426, 1, 1636414638158, 1636414638782, 624, 268, 356, 0, 0, 0
427, 1, 1636414638463, 1636414639082, 619, 266, 353, 2, 0, 2
428, 1, 1636414638556, 1636414639178, 622, 267, 355, 2, 1, 3
429, 1, 1636414638682, 1636414639306, 624, 267, 357, 0, 2, 2
430, 1, 1636414639006, 1636414639626, 620, 267, 353, 0, 2, 2
431, 1, 1636414640127, 1636414640750, 623, 271, 352, 0, 2, 2
432, 1, 1636414640416, 1636414641038, 622, 270, 352, 0, 1, 1
434, 1, 1636414640668, 1636414641282, 614, 260, 354, 1, 0, 1
433, 1, 1636414640464, 1636414641306, 842, 485, 357, 0, 1, 1
435, 1, 1636414641014, 1636414641630, 616, 262, 354, 1, 0, 1
436, 1, 1636414642113, 1636414642738, 625, 270, 355, 1, 2, 3
437, 1, 1636414642322, 1636414642938, 616, 262, 354, 0, 0, 0
438, 1, 1636414642386, 1636414643002, 616, 262, 354, 0, 1, 1
439, 1, 1636414642636, 1636414643262, 626, 268, 358, 0, 2, 2
440, 1, 1636414643129, 1636414643758, 629, 271, 358, 1, 2, 3
441, 1, 1636414644000, 1636414644622, 622, 267, 355, 2, 2, 4
442, 1, 1636414644198, 1636414644818, 620, 267, 353, 0, 0, 0
443, 1, 1636414644311, 1636414644934, 623, 270, 353, 0, 1, 1
444, 1, 1636414644676, 1636414645294, 618, 262, 356, 0, 1, 1
445, 1, 1636414645065, 1636414645690, 625, 266, 359, 0, 0, 0
446, 1, 1636414646039, 1636414646658, 619, 266, 353, 0, 0, 0
447, 1, 1636414646063, 1636414646682, 619, 261, 358, 0, 0, 0
448, 1, 1636414646398, 1636414647018, 620, 262, 358, 1, 2, 3
449, 1, 1636414646574, 1636414647194, 620, 267, 353, 1, 3, 4
450, 1, 1636414647035, 1636414647654, 619, 266, 353, 0, 1, 1
451, 1, 1636414648027, 1636414648646, 619, 266, 353, 1, 0, 1
452, 1, 1636414648150, 1636414648766, 616, 262, 354, 1, 1, 2
453, 1, 1636414648266, 1636414648886, 620, 261, 359, 1, 0, 1
454, 1, 1636414648692, 1636414649314, 622, 269, 353, 0, 0, 0
455, 1, 1636414648983, 1636414649606, 623, 267, 356, 1, 1, 2
456, 1, 1636414650106, 1636414650730, 624, 265, 359, 1, 0, 1
457, 1, 1636414650139, 1636414650758, 619, 266, 353, 1, 1, 2
458, 1, 1636414650146, 1636414650770, 624, 267, 357, 0, 1, 1
459, 1, 1636414650575, 1636414651194, 619, 266, 353, 0, 1, 1
460, 1, 1636414650973, 1636414651594, 621, 264, 357, 0, 1, 1
461, 1, 1636414651979, 1636414652602, 623, 267, 356, 1, 3, 4
462, 1, 1636414652029, 1636414652650, 621, 265, 356, 0, 0, 0
463, 1, 1636414652225, 1636414652842, 617, 264, 353, 0, 0, 0
464, 1, 1636414652527, 1636414653142, 615, 261, 354, 0, 0, 0
465, 1, 1636414653072, 1636414653690, 618, 266, 352, 1, 0, 1
466, 1, 1636414653981, 1636414654606, 625, 270, 355, 1, 1, 2
467, 1, 1636414654016, 1636414654634, 618, 266, 352, 1, 1, 2
468, 1, 1636414654119, 1636414654742, 623, 270, 353, 1, 1, 2
469, 1, 1636414654635, 1636414655254, 619, 266, 353, 1, 0, 1
470, 1, 1636414655022, 1636414655642, 620, 265, 355, 1, 0, 1
471, 1, 1636414655913, 1636414656530, 617, 262, 355, 1, 0, 1
472, 1, 1636414656062, 1636414656678, 616, 263, 353, 1, 1, 2
473, 1, 1636414656080, 1636414656702, 622, 266, 356, 2, 0, 2
474, 1, 1636414656639, 1636414657254, 615, 261, 354, 1, 0, 1
475, 1, 1636414656928, 1636414657542, 614, 263, 351, 0, 1, 1
476, 1, 1636414657847, 1636414658466, 619, 265, 354, 0, 0, 0
477, 1, 1636414658085, 1636414658702, 617, 262, 355, 0, 0, 0
478, 1, 1636414658102, 1636414658722, 620, 263, 357, 0, 0, 0
479, 1, 1636414658765, 1636414659386, 621, 267, 354, 1, 1, 2
480, 1, 1636414658804, 1636414659426, 622, 266, 356, 1, 1, 2
481, 1, 1636414659871, 1636414660498, 627, 265, 362, 1, 0, 1
482, 1, 1636414660164, 1636414660790, 626, 269, 357, 0, 0, 0
483, 1, 1636414660211, 1636414660834, 623, 267, 356, 2, 1, 3
484, 1, 1636414660670, 1636414661286, 616, 264, 352, 2, 2, 4
485, 1, 1636414660685, 1636414661314, 629, 266, 363, 1, 1, 2
486, 1, 1636414661932, 1636414662554, 622, 264, 358, 0, 0, 0
487, 1, 1636414662130, 1636414662754, 624, 272, 352, 1, 1, 2
488, 1, 1636414662167, 1636414662786, 619, 263, 356, 1, 1, 2
489, 1, 1636414662663, 1636414663282, 619, 264, 355, 0, 0, 0
490, 1, 1636414662784, 1636414663410, 626, 267, 359, 1, 1, 2
491, 1, 1636414663934, 1636414664550, 616, 263, 353, 2, 1, 3
492, 1, 1636414664067, 1636414664686, 619, 266, 353, 0, 0, 0
493, 1, 1636414664176, 1636414664798, 622, 265, 357, 0, 0, 0
494, 1, 1636414664652, 1636414665282, 630, 271, 359, 1, 2, 3
495, 1, 1636414664789, 1636414665414, 625, 267, 358, 0, 2, 2
496, 1, 1636414665943, 1636414666566, 623, 269, 354, 0, 0, 0
497, 1, 1636414666192, 1636414666810, 618, 266, 352, 1, 0, 1
498, 1, 1636414666298, 1636414666918, 620, 266, 354, 0, 1, 1
499, 1, 1636414666588, 1636414667206, 618, 265, 353, 1, 0, 1
500, 1, 1636414666891, 1636414667506, 615, 261, 354, 1, 0, 1
501, 1, 1636414668063, 1636414668682, 619, 268, 351, 1, 3, 4
502, 1, 1636414668241, 1636414668866, 625, 266, 359, 1, 1, 2
503, 1, 1636414668377, 1636414669002, 625, 264, 361, 1, 0, 1
504, 1, 1636414668625, 1636414669246, 621, 266, 355, 1, 0, 1
505, 1, 1636414668877, 1636414669502, 625, 267, 358, 0, 1, 1
506, 1, 1636414670142, 1636414670762, 620, 267, 353, 1, 1, 2
507, 1, 1636414670160, 1636414670782, 622, 268, 354, 0, 1, 1
508, 1, 1636414670419, 1636414671034, 615, 262, 353, 0, 0, 0
509, 1, 1636414670523, 1636414671138, 615, 261, 354, 1, 0, 1
510, 1, 1636414670990, 1636414671614, 624, 271, 353, 2, 2, 4
511, 1, 1636414672185, 1636414672802, 617, 263, 354, 0, 1, 1
512, 1, 1636414672272, 1636414672898, 626, 269, 357, 1, 1, 2
513, 1, 1636414672458, 1636414673074, 616, 263, 353, 2, 1, 3
514, 1, 1636414672526, 1636414673142, 616, 261, 355, 1, 0, 1
515, 1, 1636414673066, 1636414673690, 624, 270, 354, 0, 0, 0
516, 1, 1636414674292, 1636414674914, 622, 270, 352, 0, 0, 0
517, 1, 1636414674348, 1636414674966, 618, 267, 351, 0, 1, 1
518, 1, 1636414674497, 1636414675118, 621, 267, 354, 0, 2, 2
519, 1, 1636414674575, 1636414675194, 619, 264, 355, 0, 0, 0
520, 1, 1636414674958, 1636414675578, 620, 266, 354, 1, 2, 3
521, 1, 1636414676305, 1636414676926, 621, 267, 354, 0, 0, 0
522, 1, 1636414676340, 1636414676958, 618, 265, 353, 1, 0, 1
523, 1, 1636414676500, 1636414677118, 618, 267, 351, 0, 1, 1
524, 1, 1636414676558, 1636414677174, 616, 262, 354, 0, 0, 0
525, 1, 1636414676845, 1636414677474, 629, 266, 363, 1, 1, 2
527, 1, 1636414678233, 1636414678850, 617, 264, 353, 3, 0, 3
526, 1, 1636414678229, 1636414678850, 621, 266, 355, 0, 1, 1
528, 1, 1636414678401, 1636414679026, 625, 265, 360, 0, 0, 0
529, 1, 1636414678679, 1636414679294, 615, 263, 352, 2, 0, 2
530, 1, 1636414678916, 1636414679534, 618, 266, 352, 0, 0, 0
531, 1, 1636414680213, 1636414680838, 625, 268, 357, 1, 3, 4
532, 1, 1636414680274, 1636414680890, 616, 262, 354, 1, 0, 1
533, 1, 1636414680347, 1636414680970, 623, 270, 353, 0, 1, 1
534, 1, 1636414680688, 1636414681306, 618, 261, 357, 0, 0, 0
535, 1, 1636414680952, 1636414681570, 618, 266, 352, 2, 0, 2
536, 1, 1636414682158, 1636414682786, 628, 269, 359, 0, 0, 0
537, 1, 1636414682303, 1636414682930, 627, 270, 357, 0, 0, 0
538, 1, 1636414682442, 1636414683070, 628, 266, 362, 0, 0, 0
539, 1, 1636414682808, 1636414683442, 634, 273, 361, 2, 0, 2
540, 1, 1636414682972, 1636414683590, 618, 266, 352, 1, 2, 3
541, 1, 1636414684220, 1636414684838, 618, 262, 356, 1, 1, 2
542, 1, 1636414684324, 1636414684938, 614, 262, 352, 0, 1, 1
543, 1, 1636414684325, 1636414684950, 625, 270, 355, 1, 0, 1
544, 1, 1636414684843, 1636414685466, 623, 270, 353, 0, 0, 0
545, 1, 1636414684921, 1636414685546, 625, 270, 355, 0, 1, 1
546, 1, 1636414686123, 1636414686746, 623, 265, 358, 1, 0, 1
547, 1, 1636414686272, 1636414686894, 622, 266, 356, 0, 0, 0
548, 1, 1636414686418, 1636414687050, 632, 269, 363, 1, 1, 2
549, 1, 1636414686886, 1636414687506, 620, 261, 359, 0, 0, 0
550, 1, 1636414687016, 1636414687634, 618, 266, 352, 1, 0, 1
551, 1, 1636414688216, 1636414688838, 622, 267, 355, 2, 2, 4
552, 1, 1636414688367, 1636414688986, 619, 265, 354, 1, 0, 1
553, 1, 1636414688539, 1636414689154, 615, 261, 354, 1, 0, 1
554, 1, 1636414688983, 1636414689602, 619, 266, 353, 0, 0, 0
555, 1, 1636414689022, 1636414689646, 624, 269, 355, 0, 1, 1
556, 1, 1636414690281, 1636414690902, 621, 264, 357, 0, 0, 0
557, 1, 1636414690410, 1636414691034, 624, 269, 355, 0, 1, 1
558, 1, 1636414690461, 1636414691082, 621, 264, 357, 0, 0, 0
559, 1, 1636414690996, 1636414691634, 638, 278, 360, 1, 1, 2
560, 1, 1636414691075, 1636414691690, 615, 263, 352, 1, 0, 1
561, 1, 1636414692168, 1636414692782, 614, 262, 352, 0, 0, 0
562, 1, 1636414692463, 1636414693082, 619, 262, 357, 0, 2, 2
563, 1, 1636414692522, 1636414693142, 620, 266, 354, 0, 2, 2
564, 1, 1636414692921, 1636414693538, 617, 264, 353, 2, 1, 3
565, 1, 1636414693052, 1636414693670, 618, 265, 353, 1, 0, 1
566, 1, 1636414694255, 1636414694878, 623, 269, 354, 0, 0, 0
567, 1, 1636414694462, 1636414695086, 624, 270, 354, 0, 1, 1
568, 1, 1636414694657, 1636414695282, 625, 268, 357, 1, 0, 1
569, 1, 1636414694822, 1636414695442, 620, 264, 356, 1, 2, 3
570, 1, 1636414695113, 1636414695730, 617, 262, 355, 1, 0, 1
571, 1, 1636414696390, 1636414697006, 616, 262, 354, 1, 0, 1
572, 1, 1636414696498, 1636414697114, 616, 263, 353, 1, 1, 2
573, 1, 1636414696590, 1636414697206, 616, 262, 354, 0, 1, 1
574, 1, 1636414696767, 1636414697386, 619, 267, 352, 1, 0, 1
575, 1, 1636414697183, 1636414697806, 623, 269, 354, 1, 1, 2
576, 1, 1636414698268, 1636414698890, 622, 270, 352, 0, 1, 1
577, 1, 1636414698567, 1636414699186, 619, 265, 354, 2, 0, 2
578, 1, 1636414698681, 1636414699302, 621, 266, 355, 0, 2, 2
579, 1, 1636414698863, 1636414699478, 615, 262, 353, 1, 1, 2
580, 1, 1636414699222, 1636414699842, 620, 265, 355, 1, 0, 1
581, 1, 1636414700270, 1636414700898, 628, 269, 359, 1, 0, 1
582, 1, 1636414700586, 1636414701206, 620, 266, 354, 0, 2, 2
583, 1, 1636414700697, 1636414701322, 625, 269, 356, 1, 0, 1
584, 1, 1636414700766, 1636414701386, 620, 266, 354, 1, 1, 2
585, 1, 1636414701311, 1636414701938, 627, 269, 358, 0, 1, 1
586, 1, 1636414702174, 1636414702798, 624, 269, 355, 1, 0, 1
587, 1, 1636414702547, 1636414703170, 623, 267, 356, 1, 2, 3
588, 1, 1636414702787, 1636414703406, 619, 263, 356, 1, 0, 1
589, 1, 1636414702860, 1636414703474, 614, 263, 351, 2, 0, 2
590, 1, 1636414703224, 1636414703838, 614, 260, 354, 1, 0, 1
591, 1, 1636414704136, 1636414704758, 622, 265, 357, 0, 0, 0
592, 1, 1636414704459, 1636414705082, 623, 268, 355, 0, 2, 2
593, 1, 1636414704764, 1636414705382, 618, 266, 352, 2, 0, 2
594, 1, 1636414704971, 1636414705594, 623, 269, 354, 1, 0, 1
595, 1, 1636414705259, 1636414705882, 623, 267, 356, 1, 0, 1
596, 1, 1636414706048, 1636414706678, 630, 270, 360, 0, 1, 1
597, 1, 1636414706429, 1636414707058, 629, 267, 362, 0, 2, 2
598, 1, 1636414706799, 1636414707418, 619, 263, 356, 2, 1, 3
599, 1, 1636414706857, 1636414707478, 621, 265, 356, 0, 0, 0
600, 1, 1636414707272, 1636414707894, 622, 269, 353, 1, 1, 2
601, 1, 1636414708000, 1636414708618, 618, 263, 355, 0, 0, 0
602, 1, 1636414708360, 1636414708974, 614, 263, 351, 3, 0, 3
603, 1, 1636414708811, 1636414709434, 623, 266, 357, 1, 0, 1
604, 1, 1636414708918, 1636414709538, 620, 266, 354, 1, 0, 1
605, 1, 1636414709306, 1636414709930, 624, 264, 360, 0, 0, 0
606, 1, 1636414709982, 1636414710606, 624, 266, 358, 0, 0, 0
607, 1, 1636414710312, 1636414710930, 618, 265, 353, 2, 0, 2
608, 1, 1636414710846, 1636414711470, 624, 271, 353, 1, 1, 2
609, 1, 1636414711053, 1636414711670, 617, 263, 354, 1, 0, 1
610, 1, 1636414711208, 1636414711822, 614, 262, 352, 1, 0, 1
611, 1, 1636414711902, 1636414712522, 620, 266, 354, 2, 0, 2
612, 1, 1636414712250, 1636414712870, 620, 265, 355, 0, 0, 0
613, 1, 1636414712750, 1636414713378, 628, 270, 358, 2, 1, 3
614, 1, 1636414712933, 1636414713550, 617, 261, 356, 1, 0, 1
615, 1, 1636414713106, 1636414713722, 616, 262, 354, 0, 0, 0
616, 1, 1636414713825, 1636414714454, 629, 265, 364, 1, 0, 1
617, 1, 1636414714193, 1636414714818, 625, 265, 360, 0, 1, 1
618, 1, 1636414714634, 1636414715254, 620, 266, 354, 1, 2, 3
620, 1, 1636414715024, 1636414715638, 614, 263, 351, 2, 0, 2
619, 1, 1636414715024, 1636414715638, 614, 263, 351, 1, 1, 2
621, 1, 1636414715798, 1636414716418, 620, 262, 358, 3, 0, 3
622, 1, 1636414716090, 1636414716714, 624, 266, 358, 1, 1, 2
623, 1, 1636414716517, 1636414717138, 621, 266, 355, 1, 1, 2
624, 1, 1636414716898, 1636414717518, 620, 265, 355, 0, 0, 0
625, 1, 1636414716962, 1636414717586, 624, 265, 359, 1, 1, 2
626, 1, 1636414717696, 1636414718318, 622, 265, 357, 1, 0, 1
627, 1, 1636414718157, 1636414718782, 625, 266, 359, 0, 0, 0
628, 1, 1636414718516, 1636414719134, 618, 267, 351, 3, 1, 4
629, 1, 1636414718924, 1636414719542, 618, 265, 353, 2, 1, 3
630, 1, 1636414719010, 1636414719630, 620, 266, 354, 2, 1, 3
631, 1, 1636414719764, 1636414720378, 614, 262, 352, 1, 0, 1
632, 1, 1636414720141, 1636414720766, 625, 266, 359, 0, 0, 0
633, 1, 1636414720597, 1636414721218, 621, 266, 355, 0, 0, 0
634, 1, 1636414720855, 1636414721478, 623, 270, 353, 1, 1, 2
635, 1, 1636414720984, 1636414721610, 626, 269, 357, 0, 0, 0
636, 1, 1636414721681, 1636414722306, 625, 266, 359, 1, 0, 1
637, 1, 1636414722096, 1636414722710, 614, 263, 351, 1, 0, 1
638, 1, 1636414722571, 1636414723190, 619, 267, 352, 0, 2, 2
639, 1, 1636414722824, 1636414723442, 618, 262, 356, 1, 0, 1
640, 1, 1636414722904, 1636414723526, 622, 262, 360, 0, 0, 0
641, 1, 1636414723635, 1636414724258, 623, 265, 358, 0, 0, 0
642, 1, 1636414724027, 1636414724654, 627, 270, 357, 1, 1, 2
643, 1, 1636414724492, 1636414725110, 618, 266, 352, 1, 0, 1
644, 1, 1636414724807, 1636414725422, 615, 260, 355, 1, 0, 1
645, 1, 1636414725022, 1636414725646, 624, 269, 355, 1, 1, 2
646, 1, 1636414725626, 1636414726254, 628, 271, 357, 0, 1, 1
647, 1, 1636414726010, 1636414726634, 624, 270, 354, 1, 2, 3
648, 1, 1636414726553, 1636414727170, 617, 264, 353, 1, 1, 2
649, 1, 1636414726759, 1636414727378, 619, 267, 352, 1, 1, 2
650, 1, 1636414726955, 1636414727574, 619, 266, 353, 2, 0, 2
651, 1, 1636414727608, 1636414728238, 630, 270, 360, 0, 1, 1
652, 1, 1636414728049, 1636414728670, 621, 267, 354, 1, 0, 1
653, 1, 1636414728507, 1636414729126, 619, 267, 352, 1, 1, 2
654, 1, 1636414728683, 1636414729302, 619, 267, 352, 0, 0, 0
655, 1, 1636414728855, 1636414729478, 623, 267, 356, 1, 0, 1
656, 1, 1636414729615, 1636414730234, 619, 265, 354, 0, 0, 0
657, 1, 1636414730158, 1636414730782, 624, 269, 355, 1, 0, 1
658, 1, 1636414730407, 1636414731030, 623, 266, 357, 0, 1, 1
659, 1, 1636414730624, 1636414731242, 618, 261, 357, 0, 0, 0
660, 1, 1636414730757, 1636414731378, 621, 266, 355, 0, 0, 0
661, 1, 1636414731723, 1636414732346, 623, 268, 355, 0, 0, 0
662, 1, 1636414732026, 1636414732646, 620, 262, 358, 1, 0, 1
663, 1, 1636414732309, 1636414732926, 617, 261, 356, 0, 0, 0
664, 1, 1636414732568, 1636414733186, 618, 268, 350, 1, 1, 2
665, 1, 1636414732877, 1636414733498, 621, 262, 359, 1, 0, 1
666, 1, 1636414733592, 1636414734206, 614, 262, 352, 1, 1, 2
667, 1, 1636414734017, 1636414734638, 621, 265, 356, 2, 0, 2
668, 1, 1636414734445, 1636414735066, 621, 265, 356, 0, 1, 1
669, 1, 1636414734635, 1636414735250, 615, 262, 353, 3, 0, 3
670, 1, 1636414734944, 1636414735574, 630, 268, 362, 0, 0, 0
671, 1, 1636414735548, 1636414736174, 626, 265, 361, 1, 1, 2
672, 1, 1636414735967, 1636414736586, 619, 266, 353, 1, 0, 1
673, 1, 1636414736513, 1636414737130, 617, 262, 355, 0, 0, 0
674, 1, 1636414736551, 1636414737170, 619, 264, 355, 0, 0, 0
675, 1, 1636414736963, 1636414737594, 631, 271, 360, 1, 2, 3
676, 1, 1636414737498, 1636414738118, 620, 267, 353, 3, 1, 4
677, 1, 1636414737933, 1636414738562, 629, 268, 361, 0, 0, 0
678, 1, 1636414738505, 1636414739126, 621, 266, 355, 0, 0, 0
679, 1, 1636414738588, 1636414739202, 614, 262, 352, 1, 0, 1
680, 1, 1636414738915, 1636414739538, 623, 264, 359, 0, 0, 0
681, 1, 1636414739444, 1636414740070, 626, 270, 356, 0, 1, 1
682, 1, 1636414739839, 1636414740454, 615, 263, 352, 0, 0, 0
683, 1, 1636414740497, 1636414741122, 625, 266, 359, 1, 0, 1
684, 1, 1636414740564, 1636414741190, 626, 269, 357, 0, 0, 0
685, 1, 1636414740939, 1636414741570, 631, 269, 362, 0, 1, 1
686, 1, 1636414741349, 1636414741970, 621, 266, 355, 0, 0, 0
687, 1, 1636414741966, 1636414742594, 628, 270, 358, 0, 0, 0
688, 1, 1636414742478, 1636414743102, 624, 270, 354, 1, 1, 2
689, 1, 1636414742588, 1636414743206, 618, 262, 356, 1, 1, 2
690, 1, 1636414742808, 1636414743434, 626, 270, 356, 0, 2, 2
691, 1, 1636414743372, 1636414743986, 614, 262, 352, 1, 1, 2
692, 1, 1636414743880, 1636414744506, 626, 267, 359, 2, 0, 2
693, 1, 1636414744488, 1636414745106, 618, 268, 350, 2, 0, 2
694, 1, 1636414744518, 1636414745142, 624, 267, 357, 0, 0, 0
695, 1, 1636414744933, 1636414745554, 621, 262, 359, 0, 0, 0
696, 1, 1636414745302, 1636414745926, 624, 265, 359, 1, 0, 1
697, 1, 1636414745950, 1636414746578, 628, 270, 358, 0, 1, 1
698, 1, 1636414746612, 1636414747246, 634, 275, 359, 0, 0, 0
699, 1, 1636414746626, 1636414747254, 628, 266, 362, 2, 0, 2
700, 1, 1636414746830, 1636414747454, 624, 265, 359, 0, 1, 1
701, 1, 1636414747373, 1636414747998, 625, 266, 359, 1, 0, 1
702, 1, 1636414748058, 1636414748686, 628, 273, 355, 1, 0, 1
703, 1, 1636414748494, 1636414749114, 620, 266, 354, 1, 1, 2
704, 1, 1636414748512, 1636414749138, 626, 265, 361, 1, 0, 1
705, 1, 1636414748906, 1636414749538, 632, 269, 363, 1, 0, 1
706, 1, 1636414749480, 1636414750106, 626, 267, 359, 1, 1, 2
707, 1, 1636414749988, 1636414750626, 638, 279, 359, 0, 0, 0
708, 1, 1636414750485, 1636414751118, 633, 274, 359, 0, 0, 0
709, 1, 1636414750587, 1636414751206, 619, 262, 357, 2, 0, 2
710, 1, 1636414751012, 1636414751634, 622, 265, 357, 1, 0, 1
711, 1, 1636414751410, 1636414752030, 620, 267, 353, 1, 2, 3
712, 1, 1636414751894, 1636414752518, 624, 267, 357, 1, 2, 3
713, 1, 1636414752434, 1636414753058, 624, 266, 358, 0, 1, 1
714, 1, 1636414752662, 1636414753286, 624, 266, 358, 0, 0, 0
715, 1, 1636414752972, 1636414753598, 626, 266, 360, 1, 1, 2
716, 1, 1636414753339, 1636414753962, 623, 270, 353, 0, 2, 2
717, 1, 1636414753948, 1636414754574, 626, 269, 357, 1, 0, 1
718, 1, 1636414754380, 1636414755010, 630, 271, 359, 2, 1, 3
719, 1, 1636414754623, 1636414755242, 619, 266, 353, 3, 0, 3
720, 1, 1636414754896, 1636414755522, 626, 269, 357, 0, 0, 0
721, 1, 1636414755392, 1636414756014, 622, 269, 353, 0, 1, 1
722, 1, 1636414755894, 1636414756522, 628, 271, 357, 2, 2, 4
723, 1, 1636414756302, 1636414756926, 624, 270, 354, 0, 0, 0
724, 1, 1636414756546, 1636414757166, 620, 266, 354, 0, 0, 0
725, 1, 1636414756809, 1636414757434, 625, 267, 358, 0, 3, 3
726, 1, 1636414757338, 1636414757958, 620, 266, 354, 1, 1, 2
727, 1, 1636414757776, 1636414758402, 626, 271, 355, 0, 3, 3
728, 1, 1636414758324, 1636414758946, 622, 269, 353, 0, 0, 0
729, 1, 1636414758458, 1636414759082, 624, 266, 358, 1, 1, 2
730, 1, 1636414758784, 1636414759406, 622, 266, 356, 2, 1, 3
731, 1, 1636414759273, 1636414759898, 625, 269, 356, 0, 2, 2
732, 1, 1636414759836, 1636414760458, 622, 266, 356, 0, 1, 1
733, 1, 1636414760239, 1636414760862, 623, 265, 358, 2, 0, 2
734, 1, 1636414760434, 1636414761066, 632, 270, 362, 0, 1, 1
735, 1, 1636414760663, 1636414761286, 623, 267, 356, 1, 0, 1
736, 1, 1636414761331, 1636414761958, 627, 271, 356, 0, 2, 2
737, 1, 1636414761905, 1636414762530, 625, 266, 359, 0, 1, 1
738, 1, 1636414762309, 1636414762934, 625, 267, 358, 2, 1, 3
739, 1, 1636414762335, 1636414762958, 623, 266, 357, 1, 1, 2
740, 1, 1636414762670, 1636414763298, 628, 262, 366, 1, 0, 1
741, 1, 1636414763402, 1636414764022, 620, 266, 354, 0, 1, 1
742, 1, 1636414763946, 1636414764566, 620, 265, 355, 0, 0, 0
743, 1, 1636414764341, 1636414764958, 617, 263, 354, 2, 0, 2
744, 1, 1636414764417, 1636414765038, 621, 267, 354, 1, 1, 2
745, 1, 1636414764622, 1636414765310, 688, 329, 359, 0, 1, 1
746, 1, 1636414765442, 1636414766066, 624, 269, 355, 0, 1, 1
747, 1, 1636414765825, 1636414766454, 629, 272, 357, 2, 2, 4
748, 1, 1636414766313, 1636414766930, 617, 264, 353, 2, 1, 3
749, 1, 1636414766347, 1636414766962, 615, 261, 354, 0, 0, 0
750, 1, 1636414766729, 1636414767358, 629, 269, 360, 1, 0, 1
751, 1, 1636414767321, 1636414767950, 629, 270, 359, 0, 1, 1
752, 1, 1636414767803, 1636414768430, 627, 270, 357, 0, 2, 2
753, 1, 1636414768227, 1636414768846, 619, 266, 353, 0, 1, 1
754, 1, 1636414768315, 1636414768934, 619, 267, 352, 1, 1, 2
755, 1, 1636414768801, 1636414769430, 629, 269, 360, 0, 1, 1
756, 1, 1636414769299, 1636414769926, 627, 270, 357, 1, 1, 2
757, 1, 1636414769710, 1636414770338, 628, 270, 358, 0, 1, 1
758, 1, 1636414770282, 1636414770910, 628, 267, 361, 1, 1, 2
759, 1, 1636414770389, 1636414771010, 621, 262, 359, 0, 0, 0
760, 1, 1636414770937, 1636414771566, 629, 270, 359, 0, 0, 0
761, 1, 1636414771205, 1636414771830, 625, 270, 355, 2, 0, 2
762, 1, 1636414771603, 1636414772226, 623, 268, 355, 2, 2, 4
763, 1, 1636414772228, 1636414772850, 622, 269, 353, 1, 0, 1
764, 1, 1636414772524, 1636414773154, 630, 269, 361, 0, 1, 1
765, 1, 1636414772971, 1636414773594, 623, 269, 354, 0, 0, 0
766, 1, 1636414773097, 1636414773718, 621, 266, 355, 0, 1, 1
767, 1, 1636414773595, 1636414774218, 623, 269, 354, 0, 0, 0
768, 1, 1636414774162, 1636414774786, 624, 270, 354, 1, 1, 2
769, 1, 1636414774557, 1636414775178, 621, 267, 354, 0, 1, 1
770, 1, 1636414775089, 1636414775718, 629, 268, 361, 1, 0, 1
771, 1, 1636414775104, 1636414775722, 618, 261, 357, 1, 0, 1
772, 1, 1636414775577, 1636414776202, 625, 267, 358, 0, 1, 1
773, 1, 1636414776221, 1636414776846, 625, 271, 354, 1, 1, 2
774, 1, 1636414776693, 1636414777318, 625, 272, 353, 0, 2, 2
775, 1, 1636414776969, 1636414777590, 621, 262, 359, 1, 1, 2
776, 1, 1636414777178, 1636414777806, 628, 270, 358, 0, 1, 1
777, 1, 1636414777546, 1636414778166, 620, 267, 353, 0, 1, 1
778, 1, 1636414778291, 1636414778914, 623, 266, 357, 2, 0, 2
779, 1, 1636414778761, 1636414779390, 629, 275, 354, 1, 3, 4
780, 1, 1636414778937, 1636414779562, 625, 267, 358, 2, 1, 3
781, 1, 1636414779542, 1636414780162, 620, 266, 354, 1, 0, 1
782, 1, 1636414780332, 1636414780958, 626, 267, 359, 0, 1, 1
783, 1, 1636414780935, 1636414781562, 627, 269, 358, 0, 0, 0
784, 1, 1636414781599, 1636414782222, 623, 267, 356, 2, 0, 2
785, 1, 1636414782210, 1636414782834, 624, 266, 358, 2, 1, 3
786, 1, 1636414782991, 1636414783618, 627, 271, 356, 1, 1, 2
787, 1, 1636414783705, 1636414784330, 625, 267, 358, 1, 0, 1
788, 1, 1636414784156, 1636414784782, 626, 269, 357, 0, 1, 1
789, 1, 1636414785097, 1636414785722, 625, 265, 360, 0, 0, 0
790, 1, 1636414785622, 1636414786238, 616, 263, 353, 1, 0, 1
791, 1, 1636414786062, 1636414786682, 620, 266, 354, 2, 0, 2
792, 1, 1636414787015, 1636414787638, 623, 265, 358, 2, 0, 2
793, 1, 1636414787954, 1636414788582, 628, 272, 356, 0, 2, 2
794, 1, 1636414789947, 1636414790562, 615, 262, 353, 1, 0, 1
795, 1, 1636414791893, 1636414792518, 625, 265, 360, 1, 0, 1
796, 1, 1636414793861, 1636414794478, 617, 263, 354, 1, 0, 1
797, 1, 1636414795769, 1636414796394, 625, 270, 355, 0, 0, 0
798, 1, 1636414797826, 1636414798450, 624, 271, 353, 0, 1, 1
799, 1, 1636414799933, 1636414800554, 621, 267, 354, 0, 0, 0
800, 1, 1636414801849, 1636414802474, 625, 269, 356, 1, 0, 1
801, 1, 1636415773995, 1636415774626, 631, 275, 356, 1, 2, 3
802, 1, 1636415774893, 1636415775518, 625, 266, 359, 0, 0, 0
803, 1, 1636415775186, 1636415775814, 628, 269, 359, 0, 0, 0
804, 1, 1636415775949, 1636415776570, 621, 270, 351, 1, 0, 1
805, 1, 1636415776106, 1636415776734, 628, 271, 357, 1, 1, 2
806, 1, 1636415776431, 1636415777054, 623, 267, 356, 2, 0, 2
807, 1, 1636415776501, 1636415777130, 629, 270, 359, 1, 0, 1
808, 1, 1636415777000, 1636415777626, 626, 274, 352, 1, 1, 2
809, 1, 1636415777162, 1636415777790, 628, 270, 358, 0, 0, 0
810, 1, 1636415777351, 1636415777978, 627, 270, 357, 0, 0, 0
811, 1, 1636415777692, 1636415778314, 622, 268, 354, 0, 0, 0
812, 1, 1636415777696, 1636415778322, 626, 270, 356, 0, 0, 0
813, 1, 1636415778213, 1636415778838, 625, 270, 355, 0, 1, 1
814, 1, 1636415778407, 1636415779030, 623, 269, 354, 1, 0, 1
815, 1, 1636415778616, 1636415779246, 630, 270, 360, 0, 0, 0
816, 1, 1636415778938, 1636415779566, 628, 270, 358, 2, 0, 2
817, 1, 1636415778981, 1636415779614, 633, 269, 364, 1, 0, 1
818, 1, 1636415779459, 1636415780086, 627, 269, 358, 0, 0, 0
819, 1, 1636415779671, 1636415780298, 627, 270, 357, 0, 1, 1
820, 1, 1636415779897, 1636415780522, 625, 268, 357, 1, 0, 1
821, 1, 1636415780172, 1636415780790, 618, 265, 353, 0, 0, 0
822, 1, 1636415780196, 1636415780822, 626, 265, 361, 0, 0, 0
823, 1, 1636415780723, 1636415781350, 627, 270, 357, 0, 0, 0
824, 1, 1636415780956, 1636415781578, 622, 266, 356, 1, 1, 2
825, 1, 1636415781139, 1636415781850, 711, 358, 353, 0, 0, 0
826, 1, 1636415781434, 1636415782066, 632, 272, 360, 0, 0, 0
827, 1, 1636415781480, 1636415782122, 642, 287, 355, 1, 1, 2
828, 1, 1636415782008, 1636415782634, 626, 270, 356, 1, 0, 1
829, 1, 1636415782199, 1636415782918, 719, 357, 362, 1, 0, 1
830, 1, 1636415782425, 1636415783058, 633, 270, 363, 0, 0, 0
831, 1, 1636415782721, 1636415783350, 629, 270, 359, 1, 0, 1
832, 1, 1636415782729, 1636415783358, 629, 270, 359, 0, 1, 1
833, 1, 1636415783250, 1636415783878, 628, 271, 357, 1, 1, 2
834, 1, 1636415783484, 1636415784110, 626, 270, 356, 2, 0, 2
835, 1, 1636415783711, 1636415784338, 627, 269, 358, 1, 0, 1
836, 1, 1636415783979, 1636415784606, 627, 271, 356, 1, 1, 2
837, 1, 1636415784039, 1636415784670, 631, 270, 361, 1, 0, 1
838, 1, 1636415784508, 1636415785138, 630, 269, 361, 0, 1, 1
839, 1, 1636415784791, 1636415785418, 627, 270, 357, 0, 0, 0
840, 1, 1636415784968, 1636415785594, 626, 269, 357, 0, 1, 1
841, 1, 1636415785230, 1636415785858, 628, 269, 359, 1, 0, 1
842, 1, 1636415785326, 1636415785950, 624, 267, 357, 1, 1, 2
843, 1, 1636415785795, 1636415786422, 627, 270, 357, 2, 0, 2
844, 1, 1636415786048, 1636415786674, 626, 268, 358, 2, 0, 2
845, 1, 1636415786220, 1636415786846, 626, 269, 357, 0, 0, 0
846, 1, 1636415786421, 1636415787050, 629, 270, 359, 1, 0, 1
847, 1, 1636415786583, 1636415787214, 631, 268, 363, 0, 0, 0
848, 1, 1636415787052, 1636415787682, 630, 272, 358, 1, 1, 2
849, 1, 1636415787299, 1636415787926, 627, 271, 356, 0, 0, 0
850, 1, 1636415787411, 1636415788034, 623, 266, 357, 0, 0, 0
851, 1, 1636415787614, 1636415788238, 624, 266, 358, 1, 0, 1
852, 1, 1636415787893, 1636415788530, 637, 273, 364, 1, 0, 1
853, 1, 1636415788363, 1636415788990, 627, 273, 354, 1, 0, 1
854, 1, 1636415788491, 1636415789130, 639, 267, 372, 2, 0, 2
855, 1, 1636415788603, 1636415789238, 635, 266, 369, 0, 0, 0
856, 1, 1636415788830, 1636415789458, 628, 274, 354, 0, 0, 0
857, 1, 1636415789139, 1636415789766, 627, 270, 357, 1, 1, 2
858, 1, 1636415789554, 1636415790182, 628, 269, 359, 1, 0, 1
859, 1, 1636415789720, 1636415790338, 618, 267, 351, 0, 1, 1
860, 1, 1636415789846, 1636415790490, 644, 277, 367, 0, 0, 0
861, 1, 1636415790134, 1636415790762, 628, 270, 358, 1, 0, 1
862, 1, 1636415790331, 1636415790966, 635, 274, 361, 0, 0, 0
863, 1, 1636415790746, 1636415791374, 628, 270, 358, 1, 0, 1
864, 1, 1636415790930, 1636415791558, 628, 270, 358, 1, 1, 2
865, 1, 1636415791120, 1636415791746, 626, 267, 359, 1, 0, 1
866, 1, 1636415791356, 1636415791986, 630, 270, 360, 1, 0, 1
867, 1, 1636415791575, 1636415792202, 627, 269, 358, 0, 1, 1
868, 1, 1636415791961, 1636415792590, 629, 269, 360, 0, 1, 1
869, 1, 1636415792234, 1636415792870, 636, 277, 359, 0, 1, 1
870, 1, 1636415792342, 1636415792966, 624, 268, 356, 0, 0, 0
871, 1, 1636415792621, 1636415793250, 629, 269, 360, 0, 1, 1
872, 1, 1636415792879, 1636415793510, 631, 273, 358, 0, 1, 1
873, 1, 1636415793237, 1636415793862, 625, 266, 359, 1, 0, 1
874, 1, 1636415793467, 1636415794098, 631, 269, 362, 0, 0, 0
875, 1, 1636415793620, 1636415794246, 626, 272, 354, 1, 0, 1
876, 1, 1636415793833, 1636415794454, 621, 267, 354, 3, 0, 3
877, 1, 1636415794113, 1636415794742, 629, 268, 361, 0, 0, 0
878, 1, 1636415794459, 1636415795086, 627, 270, 357, 2, 0, 2
879, 1, 1636415794732, 1636415795354, 622, 267, 355, 0, 0, 0
880, 1, 1636415794840, 1636415795470, 630, 273, 357, 0, 0, 0
881, 1, 1636415795055, 1636415795682, 627, 266, 361, 0, 0, 0
882, 1, 1636415795378, 1636415796010, 632, 269, 363, 0, 0, 0
883, 1, 1636415795737, 1636415796370, 633, 270, 363, 0, 0, 0
884, 1, 1636415795953, 1636415796582, 629, 269, 360, 0, 0, 0
885, 1, 1636415796061, 1636415796698, 637, 272, 365, 0, 0, 0
886, 1, 1636415796355, 1636415796978, 623, 270, 353, 0, 0, 0
887, 1, 1636415796590, 1636415797214, 624, 268, 356, 1, 0, 1
888, 1, 1636415796949, 1636415797570, 621, 262, 359, 0, 0, 0
889, 1, 1636415797175, 1636415797798, 623, 270, 353, 0, 0, 0
890, 1, 1636415797358, 1636415797990, 632, 269, 363, 1, 0, 1
891, 1, 1636415797619, 1636415798246, 627, 269, 358, 0, 0, 0
892, 1, 1636415797812, 1636415798446, 634, 273, 361, 0, 1, 1
893, 1, 1636415798171, 1636415798798, 627, 270, 357, 1, 1, 2
894, 1, 1636415798476, 1636415799102, 626, 270, 356, 1, 0, 1
895, 1, 1636415798642, 1636415799270, 628, 270, 358, 2, 0, 2
896, 1, 1636415798820, 1636415799446, 626, 270, 356, 0, 1, 1
897, 1, 1636415799109, 1636415799738, 629, 270, 359, 0, 0, 0
898, 1, 1636415799471, 1636415800102, 631, 269, 362, 0, 1, 1
899, 1, 1636415799740, 1636415800366, 626, 270, 356, 1, 0, 1
900, 1, 1636415799842, 1636415800474, 632, 278, 354, 0, 0, 0
901, 1, 1636415800030, 1636415800658, 628, 265, 363, 0, 0, 0
902, 1, 1636415800393, 1636415801022, 629, 270, 359, 1, 0, 1
903, 1, 1636415800756, 1636415801382, 626, 271, 355, 0, 1, 1
904, 1, 1636415800940, 1636415801566, 626, 270, 356, 1, 1, 2
905, 1, 1636415801033, 1636415801658, 625, 268, 357, 1, 1, 2
906, 1, 1636415801255, 1636415801886, 631, 270, 361, 1, 0, 1
907, 1, 1636415801592, 1636415802218, 626, 270, 356, 1, 0, 1
908, 1, 1636415801956, 1636415802582, 626, 269, 357, 2, 0, 2
909, 1, 1636415802151, 1636415802778, 627, 271, 356, 1, 0, 1
910, 1, 1636415802257, 1636415802886, 629, 269, 360, 1, 0, 1
911, 1, 1636415802488, 1636415803122, 634, 268, 366, 0, 0, 0
912, 1, 1636415802801, 1636415803434, 633, 270, 363, 1, 1, 2
913, 1, 1636415803166, 1636415803794, 628, 269, 359, 0, 0, 0
914, 1, 1636415803376, 1636415804002, 626, 267, 359, 2, 0, 2
915, 1, 1636415803490, 1636415804122, 632, 269, 363, 0, 0, 0
916, 1, 1636415803784, 1636415804414, 630, 273, 357, 0, 0, 0
917, 1, 1636415804032, 1636415804666, 634, 277, 357, 1, 1, 2
918, 1, 1636415804392, 1636415805014, 622, 269, 353, 1, 0, 1
919, 1, 1636415804626, 1636415805258, 632, 273, 359, 1, 0, 1
920, 1, 1636415804786, 1636415805418, 632, 272, 360, 0, 0, 0
921, 1, 1636415805075, 1636415805710, 635, 274, 361, 1, 1, 2
922, 1, 1636415805265, 1636415805894, 629, 269, 360, 0, 0, 0
923, 1, 1636415805641, 1636415806274, 633, 270, 363, 0, 0, 0
924, 1, 1636415805923, 1636415806550, 627, 270, 357, 1, 0, 1
925, 1, 1636415806077, 1636415806706, 629, 271, 358, 0, 1, 1
926, 1, 1636415806265, 1636415806894, 629, 270, 359, 0, 0, 0
927, 1, 1636415806532, 1636415807162, 630, 270, 360, 1, 0, 1
928, 1, 1636415806937, 1636415807565, 628, 266, 362, 0, 0, 0
929, 1, 1636415807174, 1636415807802, 628, 270, 358, 0, 0, 0
930, 1, 1636415807267, 1636415807890, 623, 268, 355, 0, 0, 0
931, 1, 1636415807477, 1636415808114, 637, 269, 368, 0, 0, 0
932, 1, 1636415807823, 1636415808458, 635, 273, 362, 1, 1, 2
933, 1, 1636415808188, 1636415808814, 626, 269, 357, 1, 0, 1
934, 1, 1636415808372, 1636415808994, 622, 268, 354, 1, 3, 4
935, 1, 1636415808456, 1636415809078, 622, 266, 356, 2, 0, 2
936, 1, 1636415808734, 1636415809358, 624, 271, 353, 2, 0, 2
937, 1, 1636415809013, 1636415809638, 625, 266, 359, 0, 0, 0
938, 1, 1636415809386, 1636415810022, 636, 270, 366, 0, 0, 0
939, 1, 1636415809562, 1636415810182, 620, 265, 355, 1, 0, 1
940, 1, 1636415809740, 1636415810374, 634, 274, 360, 0, 2, 2
941, 1, 1636415810003, 1636415810630, 627, 271, 356, 2, 0, 2
942, 1, 1636415810202, 1636415810830, 628, 274, 354, 1, 0, 1
943, 1, 1636415810598, 1636415811230, 632, 275, 357, 1, 0, 1
944, 1, 1636415810847, 1636415811478, 631, 270, 361, 0, 1, 1
945, 1, 1636415811029, 1636415811654, 625, 270, 355, 1, 1, 2
946, 1, 1636415811239, 1636415811862, 623, 267, 356, 1, 1, 2
947, 1, 1636415811486, 1636415812110, 624, 267, 357, 0, 0, 0
948, 1, 1636415811855, 1636415812482, 627, 271, 356, 0, 2, 2
949, 1, 1636415812133, 1636415812757, 624, 267, 357, 0, 1, 1
950, 1, 1636415812266, 1636415812894, 628, 271, 357, 1, 1, 2
951, 1, 1636415812458, 1636415813078, 620, 266, 354, 1, 0, 1
952, 1, 1636415812755, 1636415813378, 623, 266, 357, 0, 0, 0
953, 1, 1636415813123, 1636415813750, 627, 270, 357, 0, 1, 1
954, 1, 1636415813371, 1636415814002, 631, 272, 359, 1, 1, 2
955, 1, 1636415813484, 1636415814106, 622, 267, 355, 3, 0, 3
956, 1, 1636415813647, 1636415814270, 623, 267, 356, 0, 1, 1
957, 1, 1636415813992, 1636415814610, 618, 265, 353, 0, 0, 0
958, 1, 1636415814360, 1636415814986, 626, 270, 356, 1, 2, 3
959, 1, 1636415814577, 1636415815202, 625, 270, 355, 0, 0, 0
960, 1, 1636415814673, 1636415815298, 625, 267, 358, 2, 0, 2
961, 1, 1636415814940, 1636415815574, 634, 275, 359, 1, 0, 1
962, 1, 1636415815241, 1636415815870, 629, 269, 360, 0, 0, 0
963, 1, 1636415815578, 1636415816206, 628, 270, 358, 0, 1, 1
964, 1, 1636415815766, 1636415816386, 620, 266, 354, 0, 0, 0
965, 1, 1636415815966, 1636415816598, 632, 275, 357, 0, 1, 1
966, 1, 1636415816154, 1636415816782, 628, 269, 359, 1, 1, 2
967, 1, 1636415816487, 1636415817114, 627, 270, 357, 1, 0, 1
968, 1, 1636415816768, 1636415817390, 622, 270, 352, 3, 0, 3
969, 1, 1636415817060, 1636415817690, 630, 273, 357, 1, 0, 1
970, 1, 1636415817181, 1636415817814, 633, 275, 358, 2, 0, 2
971, 1, 1636415817448, 1636415818074, 626, 270, 356, 0, 0, 0
972, 1, 1636415817780, 1636415818398, 618, 266, 352, 0, 1, 1
973, 1, 1636415818060, 1636415818686, 626, 271, 355, 2, 1, 3
974, 1, 1636415818273, 1636415818902, 629, 270, 359, 0, 0, 0
975, 1, 1636415818435, 1636415819062, 627, 269, 358, 0, 0, 0
976, 1, 1636415818685, 1636415819318, 633, 271, 362, 1, 1, 2
977, 1, 1636415818982, 1636415819610, 628, 270, 358, 0, 0, 0
978, 1, 1636415819264, 1636415819890, 626, 271, 355, 2, 0, 2
979, 1, 1636415819527, 1636415820154, 627, 270, 357, 1, 1, 2
980, 1, 1636415819671, 1636415820294, 623, 269, 354, 1, 0, 1
981, 1, 1636415819899, 1636415820518, 619, 266, 353, 0, 0, 0
982, 1, 1636415820276, 1636415820902, 626, 270, 356, 1, 0, 1
983, 1, 1636415820558, 1636415821186, 628, 269, 359, 1, 0, 1
984, 1, 1636415820763, 1636415821390, 627, 269, 358, 1, 0, 1
985, 1, 1636415820908, 1636415821534, 626, 270, 356, 0, 1, 1
986, 1, 1636415821182, 1636415821802, 620, 267, 353, 0, 2, 2
987, 1, 1636415821513, 1636415822142, 629, 271, 358, 1, 0, 1
988, 1, 1636415821794, 1636415822422, 628, 270, 358, 1, 0, 1
989, 1, 1636415822001, 1636415822630, 629, 271, 358, 1, 1, 2
990, 1, 1636415822191, 1636415822822, 631, 275, 356, 1, 1, 2
991, 1, 1636415822449, 1636415823074, 625, 269, 356, 0, 0, 0
992, 1, 1636415822726, 1636415823354, 628, 270, 358, 0, 0, 0
993, 1, 1636415823031, 1636415823658, 627, 271, 356, 0, 0, 0
994, 1, 1636415823284, 1636415823910, 626, 271, 355, 1, 0, 1
995, 1, 1636415823496, 1636415824122, 626, 269, 357, 1, 0, 1
996, 1, 1636415823703, 1636415824330, 627, 269, 358, 0, 0, 0
997, 1, 1636415824009, 1636415824634, 625, 265, 360, 0, 0, 0
998, 1, 1636415824314, 1636415824942, 628, 268, 360, 0, 0, 0
999, 1, 1636415824551, 1636415825174, 623, 266, 357, 0, 1, 1
1000, 1, 1636415824750, 1636415825374, 624, 269, 355, 1, 0, 1
1001, 1, 1636415824950, 1636415825582, 632, 275, 357, 1, 0, 1
1002, 1, 1636415825276, 1636415825910, 634, 265, 369, 1, 0, 1
1003, 1, 1636415825582, 1636415826206, 624, 267, 357, 0, 1, 1
1004, 1, 1636415825806, 1636415826438, 632, 272, 360, 0, 0, 0
1005, 1, 1636415825996, 1636415826622, 626, 268, 358, 0, 0, 0
1006, 1, 1636415826151, 1636415826778, 627, 266, 361, 0, 1, 1
1007, 1, 1636415826583, 1636415827210, 627, 270, 357, 1, 0, 1
1008, 1, 1636415826835, 1636415827486, 651, 295, 356, 0, 0, 0
1009, 1, 1636415827024, 1636415827646, 622, 269, 353, 1, 0, 1
1010, 1, 1636415827198, 1636415827822, 624, 270, 354, 0, 0, 0
1011, 1, 1636415827418, 1636415828042, 624, 266, 358, 0, 0, 0
1012, 1, 1636415827830, 1636415828454, 624, 270, 354, 0, 1, 1
1013, 1, 1636415828056, 1636415828726, 670, 317, 353, 0, 0, 0
1014, 1, 1636415828225, 1636415828842, 617, 262, 355, 0, 0, 0
1015, 1, 1636415828464, 1636415829082, 618, 267, 351, 0, 0, 0
1016, 1, 1636415828703, 1636415829326, 623, 265, 358, 0, 0, 0
1017, 1, 1636415829033, 1636415829658, 625, 269, 356, 0, 1, 1
1018, 1, 1636415829264, 1636415829930, 666, 314, 352, 1, 0, 1
1019, 1, 1636415829526, 1636415830150, 624, 267, 357, 0, 0, 0
1020, 1, 1636415829732, 1636415830354, 622, 270, 352, 0, 1, 1
1021, 1, 1636415829946, 1636415830574, 628, 270, 358, 0, 0, 0
1022, 1, 1636415830299, 1636415830922, 623, 268, 355, 0, 0, 0
1023, 1, 1636415830528, 1636415831198, 670, 312, 358, 0, 0, 0
1024, 1, 1636415830811, 1636415831434, 623, 266, 357, 0, 0, 0
1025, 1, 1636415830976, 1636415831602, 626, 271, 355, 1, 1, 2
1026, 1, 1636415831246, 1636415831870, 624, 265, 359, 0, 0, 0
1027, 1, 1636415831584, 1636415832210, 626, 269, 357, 0, 0, 0
1028, 1, 1636415831830, 1636415832486, 656, 298, 358, 1, 1, 2
1029, 1, 1636415832054, 1636415832678, 624, 270, 354, 0, 0, 0
1030, 1, 1636415832276, 1636415832902, 626, 269, 357, 0, 1, 1
1031, 1, 1636415832506, 1636415833134, 628, 269, 359, 1, 0, 1
1032, 1, 1636415832827, 1636415833458, 631, 269, 362, 1, 0, 1
1033, 1, 1636415833046, 1636415833734, 688, 329, 359, 2, 0, 2
1034, 1, 1636415833354, 1636415833978, 624, 270, 354, 0, 2, 2
1035, 1, 1636415833536, 1636415834162, 626, 270, 356, 1, 0, 1
1036, 1, 1636415833746, 1636415834374, 628, 267, 361, 1, 2, 3
1037, 1, 1636415834113, 1636415834746, 633, 275, 358, 1, 0, 1
1038, 1, 1636415834304, 1636415835026, 722, 357, 365, 2, 0, 2
1039, 1, 1636415834615, 1636415835234, 619, 267, 352, 0, 2, 2
1040, 1, 1636415834776, 1636415835390, 614, 263, 351, 0, 0, 0
1041, 1, 1636415834952, 1636415835578, 626, 270, 356, 0, 1, 1
1042, 1, 1636415835399, 1636415836026, 627, 274, 353, 0, 0, 0
1043, 1, 1636415835603, 1636415836302, 699, 342, 357, 0, 1, 1
1044, 1, 1636415835854, 1636415836482, 628, 269, 359, 1, 0, 1
1045, 1, 1636415836015, 1636415836642, 627, 271, 356, 0, 0, 0
1046, 1, 1636415836237, 1636415836866, 629, 267, 362, 1, 0, 1
1047, 1, 1636415836639, 1636415837266, 627, 269, 358, 1, 0, 1
1048, 1, 1636415836832, 1636415837542, 710, 350, 360, 1, 0, 1
1049, 1, 1636415837061, 1636415837690, 629, 269, 360, 0, 1, 1
1050, 1, 1636415837299, 1636415837926, 627, 271, 356, 0, 0, 0
1051, 1, 1636415837542, 1636415838198, 656, 297, 359, 0, 0, 0
1052, 1, 1636415837846, 1636415838474, 628, 270, 358, 2, 0, 2
1053, 1, 1636415838077, 1636415838754, 677, 318, 359, 0, 2, 2
1054, 1, 1636415838346, 1636415838974, 628, 271, 357, 2, 0, 2
1055, 1, 1636415838567, 1636415839246, 679, 325, 354, 1, 0, 1
1056, 1, 1636415838849, 1636415839478, 629, 268, 361, 1, 0, 1
1057, 1, 1636415839131, 1636415839758, 627, 269, 358, 0, 0, 0
1058, 1, 1636415839346, 1636415840030, 684, 331, 353, 2, 0, 2
1059, 1, 1636415839614, 1636415840302, 688, 333, 355, 1, 1, 2
1060, 1, 1636415839858, 1636415840482, 624, 269, 355, 1, 0, 1
1061, 1, 1636415840062, 1636415840690, 628, 270, 358, 0, 0, 0
1062, 1, 1636415840399, 1636415841026, 627, 270, 357, 0, 2, 2
1063, 1, 1636415840636, 1636415841302, 666, 309, 357, 0, 1, 1
1064, 1, 1636415840906, 1636415841534, 628, 270, 358, 1, 1, 2
1065, 1, 1636415841047, 1636415841674, 627, 270, 357, 1, 1, 2
1066, 1, 1636415841346, 1636415841974, 628, 269, 359, 0, 0, 0
1067, 1, 1636415841664, 1636415842290, 626, 269, 357, 0, 1, 1
1068, 1, 1636415841912, 1636415842574, 662, 302, 360, 1, 1, 2
1069, 1, 1636415842119, 1636415842746, 627, 270, 357, 1, 0, 1
1070, 1, 1636415842331, 1636415842955, 624, 266, 358, 1, 0, 1
1071, 1, 1636415842602, 1636415843226, 624, 265, 359, 1, 0, 1
1072, 1, 1636415842854, 1636415843486, 632, 273, 359, 0, 0, 0
1073, 1, 1636415843141, 1636415843770, 629, 270, 359, 1, 0, 1
1074, 1, 1636415843404, 1636415844026, 622, 270, 352, 0, 2, 2
1075, 1, 1636415843588, 1636415844205, 617, 266, 351, 0, 0, 0
1076, 1, 1636415843871, 1636415844502, 631, 273, 358, 0, 0, 0
1077, 1, 1636415844114, 1636415844742, 628, 271, 357, 2, 0, 2
1078, 1, 1636415844425, 1636415845054, 629, 268, 361, 0, 0, 0
1079, 1, 1636415844660, 1636415845282, 622, 269, 353, 1, 0, 1
1080, 1, 1636415844840, 1636415845462, 622, 271, 351, 2, 0, 2
1081, 1, 1636415845122, 1636415845754, 632, 274, 358, 0, 1, 1
1082, 1, 1636415845380, 1636415846006, 626, 270, 356, 1, 0, 1
1083, 1, 1636415845682, 1636415846314, 632, 270, 362, 0, 0, 0
1084, 1, 1636415845930, 1636415846562, 632, 279, 353, 0, 1, 1
1085, 1, 1636415846038, 1636415846834, 796, 442, 354, 1, 1, 2
1086, 1, 1636415846389, 1636415847022, 633, 273, 360, 0, 0, 0
1087, 1, 1636415846650, 1636415847270, 620, 266, 354, 2, 0, 2
1088, 1, 1636415846937, 1636415847566, 629, 270, 359, 0, 1, 1
1089, 1, 1636415847179, 1636415847838, 659, 303, 356, 1, 0, 1
1090, 1, 1636415847318, 1636415847942, 624, 266, 358, 1, 1, 2
1091, 1, 1636415847696, 1636415848314, 618, 267, 351, 1, 0, 1
1092, 1, 1636415847848, 1636415848470, 622, 268, 354, 0, 0, 0
1093, 1, 1636415848187, 1636415848814, 627, 270, 357, 3, 0, 3
1094, 1, 1636415848471, 1636415849098, 627, 270, 357, 3, 0, 3
1095, 1, 1636415848609, 1636415849378, 769, 410, 359, 1, 0, 1
1096, 1, 1636415849007, 1636415849626, 619, 262, 357, 0, 0, 0
1097, 1, 1636415849158, 1636415849786, 628, 270, 358, 1, 0, 1
1098, 1, 1636415849498, 1636415850126, 628, 271, 357, 0, 1, 1
1099, 1, 1636415849761, 1636415850394, 633, 278, 355, 1, 1, 2
1100, 1, 1636415849864, 1636415850482, 618, 265, 353, 1, 0, 1
1101, 1, 1636415850268, 1636415850890, 622, 269, 353, 0, 0, 0
1102, 1, 1636415850448, 1636415851074, 626, 269, 357, 0, 0, 0
1103, 1, 1636415850789, 1636415851414, 625, 270, 355, 2, 0, 2
1104, 1, 1636415851011, 1636415851638, 627, 270, 357, 0, 0, 0
1105, 1, 1636415851152, 1636415851774, 622, 266, 356, 2, 0, 2
1106, 1, 1636415851503, 1636415852126, 623, 266, 357, 1, 0, 1
1107, 1, 1636415851710, 1636415852338, 628, 269, 359, 0, 0, 0
1108, 1, 1636415852050, 1636415852678, 628, 270, 358, 1, 1, 2
1109, 1, 1636415852273, 1636415852902, 629, 271, 358, 0, 0, 0
1110, 1, 1636415852387, 1636415853018, 631, 267, 364, 2, 0, 2
1111, 1, 1636415852764, 1636415853394, 630, 269, 361, 0, 1, 1
1112, 1, 1636415852973, 1636415853606, 633, 276, 357, 0, 0, 0
1113, 1, 1636415853312, 1636415853938, 626, 269, 357, 0, 0, 0
1114, 1, 1636415853520, 1636415854154, 634, 270, 364, 1, 1, 2
1115, 1, 1636415853661, 1636415854290, 629, 270, 359, 1, 0, 1
1116, 1, 1636415854041, 1636415854666, 625, 271, 354, 0, 0, 0
1117, 1, 1636415854219, 1636415854842, 623, 267, 356, 1, 1, 2
1118, 1, 1636415854547, 1636415855170, 623, 268, 355, 0, 0, 0
1119, 1, 1636415854794, 1636415855426, 632, 270, 362, 1, 0, 1
1120, 1, 1636415854938, 1636415855562, 624, 267, 357, 1, 1, 2
1121, 1, 1636415855308, 1636415855938, 630, 268, 362, 0, 0, 0
1122, 1, 1636415855480, 1636415856110, 630, 274, 356, 0, 1, 1
1123, 1, 1636415855809, 1636415856446, 637, 268, 369, 0, 0, 0
1124, 1, 1636415856071, 1636415856698, 627, 269, 358, 0, 0, 0
1125, 1, 1636415856206, 1636415856830, 624, 268, 356, 0, 0, 0
1126, 1, 1636415856535, 1636415857158, 623, 266, 357, 0, 0, 0
1127, 1, 1636415856757, 1636415857398, 641, 269, 372, 0, 0, 0
1128, 1, 1636415857087, 1636415857706, 619, 266, 353, 0, 0, 0
1129, 1, 1636415857338, 1636415857970, 632, 269, 363, 0, 0, 0
1130, 1, 1636415857412, 1636415858042, 630, 271, 359, 0, 2, 2
1131, 1, 1636415857769, 1636415858398, 629, 271, 358, 0, 2, 2
1132, 1, 1636415858052, 1636415858678, 626, 267, 359, 0, 1, 1
1133, 1, 1636415858355, 1636415858982, 627, 269, 358, 0, 0, 0
1134, 1, 1636415858564, 1636415859182, 618, 266, 352, 0, 1, 1
1135, 1, 1636415858650, 1636415859278, 628, 272, 356, 2, 2, 4
1136, 1, 1636415858967, 1636415859590, 623, 266, 357, 2, 0, 2
1137, 1, 1636415859258, 1636415859886, 628, 269, 359, 0, 0, 0
1138, 1, 1636415859561, 1636415860186, 625, 267, 358, 0, 1, 1
1139, 1, 1636415859796, 1636415860418, 622, 266, 356, 0, 0, 0
1140, 1, 1636415859875, 1636415860498, 623, 267, 356, 0, 1, 1
1141, 1, 1636415860160, 1636415860790, 630, 269, 361, 0, 0, 0
1142, 1, 1636415860493, 1636415861126, 633, 267, 366, 0, 2, 2
1143, 1, 1636415860795, 1636415861422, 627, 274, 353, 0, 1, 1
1144, 1, 1636415861021, 1636415861654, 633, 273, 360, 1, 0, 1
1145, 1, 1636415861068, 1636415861694, 626, 265, 361, 0, 0, 0
1146, 1, 1636415861467, 1636415862094, 627, 270, 357, 0, 1, 1
1147, 1, 1636415861691, 1636415862318, 627, 270, 357, 2, 0, 2
1148, 1, 1636415862020, 1636415862650, 630, 268, 362, 1, 0, 1
1149, 1, 1636415862226, 1636415862854, 628, 267, 361, 0, 2, 2
1150, 1, 1636415862369, 1636415863006, 637, 270, 367, 0, 0, 0
1151, 1, 1636415862667, 1636415863294, 627, 269, 358, 2, 0, 2
1152, 1, 1636415862885, 1636415863522, 637, 273, 364, 1, 0, 1
1153, 1, 1636415863225, 1636415863854, 629, 269, 360, 0, 0, 0
1154, 1, 1636415863527, 1636415864150, 623, 267, 356, 1, 0, 1
1155, 1, 1636415863614, 1636415864238, 624, 266, 358, 0, 0, 0
1156, 1, 1636415863861, 1636415864494, 633, 270, 363, 1, 0, 1
1157, 1, 1636415864190, 1636415864814, 624, 266, 358, 1, 0, 1
1158, 1, 1636415864531, 1636415865158, 627, 268, 359, 0, 0, 0
1159, 1, 1636415864728, 1636415865358, 630, 273, 357, 0, 0, 0
1160, 1, 1636415864808, 1636415865434, 626, 269, 357, 0, 0, 0
1161, 1, 1636415865151, 1636415865774, 623, 266, 357, 1, 0, 1
1162, 1, 1636415865391, 1636415866026, 635, 269, 366, 0, 0, 0
1163, 1, 1636415865732, 1636415866354, 622, 265, 357, 0, 0, 0
1164, 1, 1636415865978, 1636415866610, 632, 269, 363, 0, 1, 1
1165, 1, 1636415866102, 1636415866726, 624, 269, 355, 1, 0, 1
1166, 1, 1636415866351, 1636415866978, 627, 271, 356, 2, 0, 2
1167, 1, 1636415866641, 1636415867265, 624, 268, 356, 1, 0, 1
1168, 1, 1636415866927, 1636415867546, 619, 266, 353, 0, 0, 0
1169, 1, 1636415867266, 1636415867894, 628, 266, 362, 0, 0, 0
1170, 1, 1636415867302, 1636415867930, 628, 270, 358, 0, 1, 1
1171, 1, 1636415867600, 1636415868234, 634, 269, 365, 0, 0, 0
1172, 1, 1636415867934, 1636415868562, 628, 270, 358, 0, 1, 1
1173, 1, 1636415868220, 1636415868854, 634, 269, 365, 1, 1, 2
1174, 1, 1636415868468, 1636415869098, 630, 270, 360, 0, 1, 1
1175, 1, 1636415868551, 1636415869174, 623, 266, 357, 1, 0, 1
1176, 1, 1636415868830, 1636415869454, 624, 270, 354, 0, 0, 0
1177, 1, 1636415869136, 1636415869762, 626, 269, 357, 1, 0, 1
1178, 1, 1636415869458, 1636415870086, 628, 270, 358, 2, 0, 2
1179, 1, 1636415869707, 1636415870334, 627, 270, 357, 0, 0, 0
1180, 1, 1636415869767, 1636415870398, 631, 269, 362, 0, 1, 1
1181, 1, 1636415870140, 1636415870766, 626, 265, 361, 0, 1, 1
1182, 1, 1636415870384, 1636415871010, 626, 269, 357, 1, 0, 1
1183, 1, 1636415870707, 1636415871334, 627, 269, 358, 0, 1, 1
1184, 1, 1636415870924, 1636415871554, 630, 275, 355, 0, 2, 2
1185, 1, 1636415871062, 1636415871830, 768, 406, 362, 1, 1, 2
1186, 1, 1636415871438, 1636415872062, 624, 267, 357, 2, 0, 2
1187, 1, 1636415871600, 1636415872226, 626, 269, 357, 1, 0, 1
1188, 1, 1636415871923, 1636415872546, 623, 264, 359, 0, 0, 0
1189, 1, 1636415872219, 1636415872846, 627, 270, 357, 1, 1, 2
1190, 1, 1636415872342, 1636415872974, 632, 268, 364, 0, 0, 0
1191, 1, 1636415872727, 1636415873354, 627, 269, 358, 0, 0, 0
1192, 1, 1636415872911, 1636415873542, 631, 271, 360, 1, 0, 1
1193, 1, 1636415873234, 1636415873866, 632, 269, 363, 0, 0, 0
1194, 1, 1636415873517, 1636415874146, 629, 271, 358, 0, 1, 1
1195, 1, 1636415873593, 1636415874222, 629, 269, 360, 2, 0, 2
1196, 1, 1636415873917, 1636415874546, 629, 269, 360, 0, 1, 1
1197, 1, 1636415874188, 1636415874814, 626, 270, 356, 1, 1, 2
1198, 1, 1636415874512, 1636415875138, 626, 270, 356, 0, 2, 2
1199, 1, 1636415874768, 1636415875386, 618, 266, 352, 0, 0, 0
1200, 1, 1636415874807, 1636415875434, 627, 269, 358, 0, 0, 0
1201, 1, 1636415875217, 1636415875850, 633, 274, 359, 0, 0, 0
1202, 1, 1636415875478, 1636415876106, 628, 269, 359, 0, 1, 1
1203, 1, 1636415875802, 1636415876430, 628, 271, 357, 0, 0, 0
1204, 1, 1636415876015, 1636415876642, 627, 271, 356, 1, 1, 2
1205, 1, 1636415876113, 1636415876742, 629, 274, 355, 0, 2, 2
1206, 1, 1636415876409, 1636415877042, 633, 269, 364, 0, 0, 0
1207, 1, 1636415876668, 1636415877294, 626, 269, 357, 1, 0, 1
1208, 1, 1636415877015, 1636415877642, 627, 268, 359, 0, 0, 0
1209, 1, 1636415877304, 1636415877934, 630, 269, 361, 0, 1, 1
1210, 1, 1636415877322, 1636415877942, 620, 266, 354, 1, 0, 1
1211, 1, 1636415877702, 1636415878326, 624, 271, 353, 1, 1, 2
1212, 1, 1636415877973, 1636415878594, 621, 267, 354, 2, 0, 2
1213, 1, 1636415878321, 1636415878950, 629, 270, 359, 0, 0, 0
1214, 1, 1636415878565, 1636415879190, 625, 266, 359, 0, 0, 0
1215, 1, 1636415878597, 1636415879222, 625, 265, 360, 0, 0, 0
1216, 1, 1636415878901, 1636415879530, 629, 271, 358, 0, 2, 2
1217, 1, 1636415879217, 1636415879842, 625, 269, 356, 0, 1, 1
1218, 1, 1636415879512, 1636415880138, 626, 269, 357, 0, 1, 1
1219, 1, 1636415879795, 1636415880414, 619, 266, 353, 0, 0, 0
1220, 1, 1636415879821, 1636415880450, 629, 271, 358, 0, 1, 1
1221, 1, 1636415880194, 1636415880822, 628, 271, 357, 0, 0, 0
1222, 1, 1636415880473, 1636415881098, 625, 267, 358, 2, 0, 2
1223, 1, 1636415880769, 1636415881398, 629, 269, 360, 0, 1, 1
1224, 1, 1636415881020, 1636415881646, 626, 269, 357, 1, 0, 1
1225, 1, 1636415881045, 1636415881674, 629, 269, 360, 0, 0, 0
1226, 1, 1636415881467, 1636415882090, 623, 269, 354, 1, 0, 1
1227, 1, 1636415881672, 1636415882298, 626, 271, 355, 1, 1, 2
1228, 1, 1636415881977, 1636415882610, 633, 273, 360, 1, 1, 2
1229, 1, 1636415882269, 1636415882898, 629, 270, 359, 1, 0, 1
1230, 1, 1636415882301, 1636415882930, 629, 268, 361, 0, 0, 0
1231, 1, 1636415882694, 1636415883326, 632, 274, 358, 1, 2, 3
1232, 1, 1636415882922, 1636415883554, 632, 269, 363, 0, 0, 0
1233, 1, 1636415883270, 1636415883898, 628, 270, 358, 0, 0, 0
1234, 1, 1636415883525, 1636415884154, 629, 270, 359, 0, 2, 2
1235, 1, 1636415883528, 1636415884154, 626, 271, 355, 3, 0, 3
1236, 1, 1636415883899, 1636415884526, 627, 270, 357, 0, 1, 1
1237, 1, 1636415884178, 1636415884806, 628, 270, 358, 2, 1, 3
1238, 1, 1636415884543, 1636415885170, 627, 275, 352, 0, 2, 2
1239, 1, 1636415884753, 1636415885382, 629, 270, 359, 2, 0, 2
1240, 1, 1636415884771, 1636415885398, 627, 270, 357, 1, 0, 1
1241, 1, 1636415885122, 1636415885750, 628, 271, 357, 3, 1, 4
1242, 1, 1636415885406, 1636415886030, 624, 267, 357, 2, 0, 2
1243, 1, 1636415885771, 1636415886398, 627, 270, 357, 2, 0, 2
1244, 1, 1636415885958, 1636415886582, 624, 266, 358, 1, 0, 1
1245, 1, 1636415885994, 1636415886618, 624, 268, 356, 1, 0, 1
1246, 1, 1636415886371, 1636415886998, 627, 269, 358, 0, 0, 0
1247, 1, 1636415886647, 1636415887274, 627, 273, 354, 0, 0, 0
1248, 1, 1636415887014, 1636415887642, 628, 268, 360, 0, 0, 0
1249, 1, 1636415887181, 1636415887810, 629, 269, 360, 1, 0, 1
1250, 1, 1636415887245, 1636415887874, 629, 269, 360, 0, 1, 1
1251, 1, 1636415887563, 1636415888186, 623, 266, 357, 0, 1, 1
1252, 1, 1636415887871, 1636415888498, 627, 270, 357, 1, 0, 1
1253, 1, 1636415888242, 1636415888870, 628, 270, 358, 0, 1, 1
1254, 1, 1636415888411, 1636415889042, 631, 272, 359, 0, 0, 0
1255, 1, 1636415888463, 1636415889090, 627, 270, 357, 0, 0, 0
1256, 1, 1636415888827, 1636415889450, 623, 266, 357, 0, 0, 0
1257, 1, 1636415889120, 1636415889746, 626, 270, 356, 2, 0, 2
1258, 1, 1636415889491, 1636415890118, 627, 270, 357, 1, 0, 1
1259, 1, 1636415889630, 1636415890254, 624, 265, 359, 0, 0, 0
1260, 1, 1636415889728, 1636415890350, 622, 270, 352, 0, 0, 0
1261, 1, 1636415890020, 1636415890646, 626, 269, 357, 0, 0, 0
1262, 1, 1636415890310, 1636415890938, 628, 269, 359, 0, 0, 0
1263, 1, 1636415890683, 1636415891310, 627, 270, 357, 2, 0, 2
1264, 1, 1636415890894, 1636415891522, 628, 269, 359, 0, 0, 0
1265, 1, 1636415890922, 1636415891550, 628, 269, 359, 1, 0, 1
1266, 1, 1636415891327, 1636415891954, 627, 270, 357, 1, 1, 2
1267, 1, 1636415891576, 1636415892230, 654, 296, 358, 0, 0, 0
1268, 1, 1636415891947, 1636415892574, 627, 269, 358, 1, 0, 1
1269, 1, 1636415892088, 1636415892714, 626, 270, 356, 1, 0, 1
1270, 1, 1636415892228, 1636415892854, 626, 269, 357, 0, 0, 0
1271, 1, 1636415892596, 1636415893222, 626, 270, 356, 0, 0, 0
1272, 1, 1636415892801, 1636415893430, 629, 270, 359, 0, 2, 2
1273, 1, 1636415893140, 1636415893774, 634, 275, 359, 2, 2, 4
1274, 1, 1636415893394, 1636415894018, 624, 267, 357, 2, 0, 2
1275, 1, 1636415893498, 1636415894126, 628, 270, 358, 1, 0, 1
1276, 1, 1636415893848, 1636415894466, 618, 264, 354, 1, 0, 1
1277, 1, 1636415894067, 1636415894706, 639, 269, 370, 0, 0, 0
1278, 1, 1636415894407, 1636415895034, 627, 267, 360, 1, 0, 1
1279, 1, 1636415894664, 1636415895294, 630, 271, 359, 2, 2, 4
1280, 1, 1636415894751, 1636415895374, 623, 265, 358, 1, 0, 1
1281, 1, 1636415895145, 1636415895770, 625, 267, 358, 0, 1, 1
1282, 1, 1636415895374, 1636415895998, 624, 266, 358, 1, 0, 1
1283, 1, 1636415895678, 1636415896306, 628, 269, 359, 1, 0, 1
1284, 1, 1636415895925, 1636415896554, 629, 270, 359, 0, 0, 0
1285, 1, 1636415896053, 1636415896682, 629, 269, 360, 1, 1, 2
1286, 1, 1636415896451, 1636415897074, 623, 266, 357, 1, 0, 1
1287, 1, 1636415896625, 1636415897254, 629, 271, 358, 2, 1, 3
1288, 1, 1636415896931, 1636415897562, 631, 275, 356, 2, 1, 3
1289, 1, 1636415897223, 1636415897846, 623, 269, 354, 0, 0, 0
1290, 1, 1636415897360, 1636415897986, 626, 269, 357, 0, 0, 0
1291, 1, 1636415897757, 1636415898382, 625, 269, 356, 0, 1, 1
1292, 1, 1636415897923, 1636415898550, 627, 269, 358, 0, 0, 0
1293, 1, 1636415898228, 1636415898862, 634, 274, 360, 0, 0, 0
1294, 1, 1636415898529, 1636415899158, 629, 271, 358, 1, 1, 2
1295, 1, 1636415898667, 1636415899294, 627, 269, 358, 0, 0, 0
1296, 1, 1636415899230, 1636415899858, 628, 269, 359, 1, 0, 1
1297, 1, 1636415899507, 1636415900142, 635, 274, 361, 1, 1, 2
1298, 1, 1636415899837, 1636415900478, 641, 278, 363, 1, 0, 1
1299, 1, 1636415900537, 1636415901166, 629, 274, 355, 2, 0, 2
1300, 1, 1636415900799, 1636415901438, 639, 286, 353, 2, 0, 2
1301, 1, 1636416134416, 1636416135046, 630, 273, 357, 1, 1, 2
1302, 1, 1636416135034, 1636416135658, 624, 269, 355, 0, 0, 0
1303, 1, 1636416135049, 1636416135718, 669, 267, 402, 0, 0, 0
1304, 1, 1636416135661, 1636416136326, 665, 270, 395, 1, 0, 1
1305, 1, 1636416135694, 1636416136326, 632, 270, 362, 2, 0, 2
1306, 1, 1636416135720, 1636416136390, 670, 267, 403, 0, 0, 0
1308, 1, 1636416136328, 1636416136998, 670, 270, 400, 0, 2, 2
1307, 1, 1636416136328, 1636416136998, 670, 270, 400, 1, 1, 2
1309, 1, 1636416136392, 1636416137050, 658, 266, 392, 1, 0, 1
1310, 1, 1636416136755, 1636416137382, 627, 270, 357, 0, 0, 0
1312, 1, 1636416137000, 1636416137666, 666, 270, 396, 2, 0, 2
1311, 1, 1636416137000, 1636416137670, 670, 271, 399, 2, 0, 2
1313, 1, 1636416137052, 1636416137714, 662, 266, 396, 1, 0, 1
1314, 1, 1636416137384, 1636416138050, 666, 267, 399, 2, 0, 2
1315, 1, 1636416137471, 1636416138098, 627, 270, 357, 1, 0, 1
1316, 1, 1636416137668, 1636416138338, 670, 269, 401, 1, 0, 1
1317, 1, 1636416137671, 1636416138338, 667, 270, 397, 1, 0, 1
1318, 1, 1636416137716, 1636416138386, 670, 271, 399, 2, 0, 2
1319, 1, 1636416138052, 1636416138714, 662, 266, 396, 0, 1, 1
1320, 1, 1636416138116, 1636416138782, 666, 266, 400, 0, 1, 1
1321, 1, 1636416138339, 1636416139010, 671, 269, 402, 2, 0, 2
1322, 1, 1636416138339, 1636416139014, 675, 270, 405, 0, 1, 1
1323, 1, 1636416138387, 1636416139054, 667, 265, 402, 0, 0, 0
1324, 1, 1636416138716, 1636416139390, 674, 270, 404, 0, 1, 1
1325, 1, 1636416138783, 1636416139450, 667, 272, 395, 1, 0, 1
1327, 1, 1636416139015, 1636416139690, 675, 269, 406, 1, 0, 1
1326, 1, 1636416139012, 1636416139690, 678, 275, 403, 1, 0, 1
1328, 1, 1636416139056, 1636416139718, 662, 266, 396, 0, 1, 1
1329, 1, 1636416139391, 1636416140058, 667, 266, 401, 1, 0, 1
1330, 1, 1636416139452, 1636416140118, 666, 270, 396, 1, 0, 1
1331, 1, 1636416139692, 1636416140362, 670, 269, 401, 1, 0, 1
1332, 1, 1636416139692, 1636416140366, 674, 272, 402, 0, 0, 0
1333, 1, 1636416139720, 1636416140390, 670, 269, 401, 0, 0, 0
1334, 1, 1636416140060, 1636416140730, 670, 266, 404, 1, 0, 1
1335, 1, 1636416140119, 1636416140790, 671, 271, 400, 0, 2, 2
1336, 1, 1636416140364, 1636416141034, 670, 270, 400, 1, 0, 1
1337, 1, 1636416140368, 1636416141034, 666, 270, 396, 0, 0, 0
1338, 1, 1636416140392, 1636416141054, 662, 266, 396, 1, 0, 1
1339, 1, 1636416140732, 1636416141406, 674, 274, 400, 2, 0, 2
1340, 1, 1636416140792, 1636416141470, 678, 271, 407, 2, 0, 2
1342, 1, 1636416141036, 1636416141706, 670, 268, 402, 2, 0, 2
1341, 1, 1636416141036, 1636416141710, 674, 269, 405, 2, 1, 3
1343, 1, 1636416141056, 1636416141718, 662, 265, 397, 1, 0, 1
1344, 1, 1636416141408, 1636416142082, 674, 269, 405, 0, 0, 0
1345, 1, 1636416141472, 1636416142142, 670, 269, 401, 1, 0, 1
1346, 1, 1636416141708, 1636416142378, 670, 271, 399, 2, 2, 4
1347, 1, 1636416141712, 1636416142378, 666, 266, 400, 0, 1, 1
1348, 1, 1636416141720, 1636416142382, 662, 263, 399, 1, 0, 1
1349, 1, 1636416142083, 1636416142754, 671, 268, 403, 0, 0, 0
1350, 1, 1636416142145, 1636416142818, 673, 267, 406, 1, 1, 2
1353, 1, 1636416142383, 1636416143050, 667, 266, 401, 0, 2, 2
1352, 1, 1636416142380, 1636416143050, 670, 270, 400, 2, 1, 3
1351, 1, 1636416142379, 1636416143054, 675, 271, 404, 2, 2, 4
1354, 1, 1636416142756, 1636416143430, 674, 270, 404, 0, 0, 0
1355, 1, 1636416142820, 1636416143490, 670, 268, 402, 0, 0, 0
1357, 1, 1636416143052, 1636416143714, 662, 267, 395, 2, 0, 2
1356, 1, 1636416143052, 1636416143722, 670, 270, 400, 2, 0, 2
1358, 1, 1636416143055, 1636416143730, 675, 274, 401, 1, 0, 1
1359, 1, 1636416143432, 1636416144102, 670, 272, 398, 1, 0, 1
1360, 1, 1636416143492, 1636416144162, 670, 270, 400, 1, 0, 1
1361, 1, 1636416143716, 1636416144390, 674, 273, 401, 1, 0, 1
1363, 1, 1636416143732, 1636416144398, 666, 267, 399, 2, 0, 2
1362, 1, 1636416143724, 1636416144398, 674, 275, 399, 0, 1, 1
1364, 1, 1636416144103, 1636416144774, 671, 270, 401, 0, 1, 1
1365, 1, 1636416144164, 1636416144834, 670, 271, 399, 0, 1, 1
1366, 1, 1636416144392, 1636416145066, 674, 266, 408, 0, 0, 0
1368, 1, 1636416144400, 1636416145074, 674, 270, 404, 2, 0, 2
1367, 1, 1636416144400, 1636416145074, 674, 270, 404, 2, 0, 2
1369, 1, 1636416144776, 1636416145442, 666, 265, 401, 0, 0, 0
1370, 1, 1636416144836, 1636416145502, 666, 270, 396, 1, 0, 1
1371, 1, 1636416145068, 1636416145738, 670, 269, 401, 1, 0, 1
1373, 1, 1636416145076, 1636416145746, 670, 268, 402, 1, 0, 1
1372, 1, 1636416145076, 1636416145746, 670, 270, 400, 2, 0, 2
1374, 1, 1636416145444, 1636416146110, 666, 267, 399, 0, 1, 1
1375, 1, 1636416145504, 1636416146174, 670, 269, 401, 0, 0, 0
1376, 1, 1636416145740, 1636416146410, 670, 270, 400, 1, 0, 1
1378, 1, 1636416145748, 1636416146418, 670, 274, 396, 1, 1, 2
1377, 1, 1636416145747, 1636416146446, 699, 296, 403, 0, 0, 0
1379, 1, 1636416146111, 1636416146786, 675, 271, 404, 0, 0, 0
1380, 1, 1636416146175, 1636416146842, 667, 269, 398, 1, 0, 1
1381, 1, 1636416146412, 1636416147078, 666, 269, 397, 0, 0, 0
1382, 1, 1636416146420, 1636416147086, 666, 270, 396, 0, 0, 0
1383, 1, 1636416146448, 1636416147118, 670, 270, 400, 0, 1, 1
1384, 1, 1636416146788, 1636416147454, 666, 266, 400, 0, 0, 0
1385, 1, 1636416146844, 1636416147514, 670, 270, 400, 1, 0, 1
1387, 1, 1636416147088, 1636416147758, 670, 266, 404, 1, 0, 1
1386, 1, 1636416147079, 1636416147790, 711, 307, 404, 1, 1, 2
1388, 1, 1636416147120, 1636416147798, 678, 266, 412, 0, 1, 1
1389, 1, 1636416147456, 1636416148126, 670, 266, 404, 1, 0, 1
1390, 1, 1636416147516, 1636416148186, 670, 269, 401, 1, 0, 1
1391, 1, 1636416147760, 1636416148430, 670, 269, 401, 0, 0, 0
1392, 1, 1636416147792, 1636416148462, 670, 270, 400, 0, 0, 0
1393, 1, 1636416147800, 1636416148470, 670, 269, 401, 0, 0, 0
1394, 1, 1636416148127, 1636416148798, 671, 270, 401, 1, 0, 1
1395, 1, 1636416148188, 1636416148866, 678, 271, 407, 0, 1, 1
1397, 1, 1636416148464, 1636416149134, 670, 269, 401, 0, 1, 1
1398, 1, 1636416148472, 1636416149134, 662, 262, 400, 0, 0, 0
1396, 1, 1636416148432, 1636416149138, 706, 302, 404, 1, 1, 2
1399, 1, 1636416148800, 1636416149470, 670, 269, 401, 0, 1, 1
1400, 1, 1636416148869, 1636416149538, 669, 268, 401, 0, 0, 0
1401, 1, 1636416149136, 1636416149806, 670, 271, 399, 4, 1, 5
1403, 1, 1636416149139, 1636416149810, 671, 266, 405, 0, 1, 1
1402, 1, 1636416149136, 1636416149810, 674, 269, 405, 1, 0, 1
1404, 1, 1636416149472, 1636416150142, 670, 266, 404, 1, 0, 1
1405, 1, 1636416149541, 1636416150210, 669, 269, 400, 1, 1, 2
1406, 1, 1636416149808, 1636416150478, 670, 269, 401, 1, 0, 1
1407, 1, 1636416149812, 1636416150478, 666, 271, 395, 2, 0, 2
1408, 1, 1636416149812, 1636416150486, 674, 275, 399, 1, 0, 1
1409, 1, 1636416150143, 1636416150814, 671, 270, 401, 0, 0, 0
1410, 1, 1636416150212, 1636416150882, 670, 276, 394, 1, 0, 1
1412, 1, 1636416150480, 1636416151154, 674, 271, 403, 2, 0, 2
1413, 1, 1636416150488, 1636416151154, 666, 266, 400, 1, 0, 1
1411, 1, 1636416150479, 1636416151154, 675, 268, 407, 2, 0, 2
1414, 1, 1636416150816, 1636416151490, 674, 273, 401, 0, 1, 1
1415, 1, 1636416150884, 1636416151554, 670, 274, 396, 3, 0, 3
1418, 1, 1636416151157, 1636416151822, 665, 270, 395, 0, 1, 1
1419, 1, 1636416151492, 1636416152166, 674, 273, 401, 1, 0, 1
1420, 1, 1636416151556, 1636416152230, 674, 271, 403, 1, 2, 3
1423, 1, 1636416152232, 1636416152906, 674, 270, 404, 0, 0, 0
1416, 2, 1636416151156, 1636416161336, 10180, 1, 10179, 0, 0, 0
1417, 2, 1636416151156, 1636416161383, 10227, 1, 10226, 1, 0, 1
1421, 2, 1636416151824, 1636416161999, 10175, 0, 10175, 0, 0, 0
1425, 1, 1636416161490, 1636416162162, 672, 270, 402, 1, 1, 2
1426, 1, 1636416161542, 1636416162214, 672, 270, 402, 1, 1, 2
1422, 2, 1636416152168, 1636416162343, 10175, 1, 10174, 0, 1, 1
1427, 1, 1636416162164, 1636416162830, 666, 266, 400, 0, 0, 0
1424, 1, 1636416152909, 1636416162830, 9921, 9526, 395, 0, 0, 0
1428, 1, 1636416162182, 1636416162894, 712, 277, 435, 1, 2, 3
1429, 1, 1636416162216, 1636416163102, 886, 486, 400, 0, 0, 0
1430, 1, 1636416162530, 1636416163202, 672, 270, 402, 2, 0, 2
1432, 1, 1636416162832, 1636416163506, 674, 273, 401, 1, 0, 1
1431, 1, 1636416162832, 1636416163510, 678, 274, 404, 1, 1, 2
1433, 1, 1636416162896, 1636416163566, 670, 274, 396, 0, 0, 0
1434, 1, 1636416163104, 1636416163774, 670, 270, 400, 1, 0, 1
1435, 1, 1636416163204, 1636416163866, 662, 267, 395, 0, 0, 0
1437, 1, 1636416163512, 1636416164182, 670, 267, 403, 1, 1, 2
1436, 1, 1636416163509, 1636416164182, 673, 268, 405, 0, 0, 0
1438, 1, 1636416163568, 1636416164238, 670, 272, 398, 0, 0, 0
1439, 1, 1636416163776, 1636416164438, 662, 262, 400, 1, 0, 1
1440, 1, 1636416163868, 1636416164542, 674, 266, 408, 0, 1, 1
1442, 1, 1636416164184, 1636416164846, 662, 266, 396, 1, 0, 1
1441, 1, 1636416164184, 1636416164846, 662, 269, 393, 1, 0, 1
1443, 1, 1636416164240, 1636416164906, 666, 266, 400, 1, 1, 2
1444, 1, 1636416164440, 1636416165114, 674, 275, 399, 0, 0, 0
1445, 1, 1636416164544, 1636416165214, 670, 274, 396, 0, 0, 0
1447, 1, 1636416164848, 1636416165522, 674, 274, 400, 2, 0, 2
1446, 1, 1636416164848, 1636416165522, 674, 275, 399, 2, 1, 3
1448, 1, 1636416164908, 1636416165574, 666, 266, 400, 0, 0, 0
1449, 1, 1636416165116, 1636416165790, 674, 266, 408, 1, 0, 1
1450, 1, 1636416165215, 1636416165886, 671, 266, 405, 1, 0, 1
1451, 1, 1636416165524, 1636416166194, 670, 270, 400, 3, 1, 4
1452, 1, 1636416165524, 1636416166194, 670, 271, 399, 1, 2, 3
1453, 1, 1636416165575, 1636416166242, 667, 266, 401, 0, 1, 1
1454, 1, 1636416165792, 1636416166466, 674, 269, 405, 1, 0, 1
1455, 1, 1636416165888, 1636416166550, 662, 267, 395, 0, 0, 0
1456, 1, 1636416166196, 1636416166870, 674, 271, 403, 2, 1, 3
1457, 1, 1636416166196, 1636416166870, 674, 269, 405, 0, 1, 1
1458, 1, 1636416166243, 1636416166910, 667, 266, 401, 0, 0, 0
1459, 1, 1636416166468, 1636416167142, 674, 270, 404, 1, 1, 2
1460, 1, 1636416166552, 1636416167222, 670, 269, 401, 0, 0, 0
1462, 1, 1636416166872, 1636416167542, 670, 272, 398, 3, 1, 4
1461, 1, 1636416166872, 1636416167542, 670, 271, 399, 2, 1, 3
1463, 1, 1636416166912, 1636416167578, 666, 268, 398, 1, 1, 2
1464, 1, 1636416167144, 1636416167810, 666, 266, 400, 0, 0, 0
1465, 1, 1636416167224, 1636416167894, 670, 271, 399, 2, 1, 3
1466, 1, 1636416167543, 1636416168206, 663, 269, 394, 0, 0, 0
1467, 1, 1636416167544, 1636416168210, 666, 270, 396, 0, 0, 0
1468, 1, 1636416167580, 1636416168254, 674, 274, 400, 0, 0, 0
1469, 1, 1636416167811, 1636416168478, 667, 266, 401, 0, 1, 1
1470, 1, 1636416167896, 1636416168562, 666, 271, 395, 0, 0, 0
1471, 1, 1636416168208, 1636416168878, 670, 270, 400, 0, 1, 1
1472, 1, 1636416168212, 1636416168878, 666, 270, 396, 0, 1, 1
1473, 1, 1636416168256, 1636416168922, 666, 267, 399, 1, 1, 2
1474, 1, 1636416168480, 1636416169142, 662, 264, 398, 0, 0, 0
1475, 1, 1636416168564, 1636416169230, 666, 268, 398, 1, 3, 4
1477, 1, 1636416168879, 1636416169550, 671, 271, 400, 1, 1, 2
1476, 1, 1636416168879, 1636416169550, 671, 266, 405, 2, 0, 2
1478, 1, 1636416168923, 1636416169586, 663, 265, 398, 0, 0, 0
1479, 1, 1636416169143, 1636416169806, 663, 266, 397, 1, 0, 1
1480, 1, 1636416169232, 1636416169898, 666, 267, 399, 0, 2, 2
1481, 1, 1636416169551, 1636416170218, 667, 268, 399, 0, 1, 1
1482, 1, 1636416169551, 1636416170222, 671, 271, 400, 1, 1, 2
1483, 1, 1636416169587, 1636416170254, 667, 267, 400, 1, 1, 2
1484, 1, 1636416169808, 1636416170474, 666, 267, 399, 0, 0, 0
1485, 1, 1636416169900, 1636416170574, 674, 268, 406, 0, 2, 2
1487, 1, 1636416170224, 1636416170882, 658, 266, 392, 2, 0, 2
1486, 1, 1636416170219, 1636416170886, 667, 270, 397, 1, 0, 1
1488, 1, 1636416170255, 1636416170926, 671, 269, 402, 1, 0, 1
1489, 1, 1636416170476, 1636416171150, 674, 272, 402, 0, 1, 1
1490, 1, 1636416170576, 1636416171238, 662, 267, 395, 0, 0, 0
1491, 1, 1636416170884, 1636416171546, 662, 266, 396, 2, 0, 2
1492, 1, 1636416170887, 1636416171558, 671, 271, 400, 1, 0, 1
1493, 1, 1636416170928, 1636416171594, 666, 270, 396, 1, 1, 2
1494, 1, 1636416171151, 1636416171818, 667, 266, 401, 0, 1, 1
1495, 1, 1636416171240, 1636416171906, 666, 265, 401, 0, 0, 0
1496, 1, 1636416171548, 1636416172214, 666, 265, 401, 0, 0, 0
1497, 1, 1636416171560, 1636416172238, 678, 274, 404, 1, 0, 1
1498, 1, 1636416171595, 1636416172266, 671, 270, 401, 0, 1, 1
1499, 1, 1636416171819, 1636416172490, 671, 274, 397, 0, 1, 1
1500, 1, 1636416171908, 1636416172578, 670, 265, 405, 1, 0, 1
1501, 1, 1636416172216, 1636416172882, 666, 265, 401, 0, 0, 0
1502, 1, 1636416172239, 1636416172910, 671, 270, 401, 0, 0, 0
1503, 1, 1636416172268, 1636416172934, 666, 271, 395, 2, 1, 3
1504, 1, 1636416172492, 1636416173154, 662, 267, 395, 0, 0, 0
1505, 1, 1636416172581, 1636416173242, 661, 267, 394, 1, 1, 2
1506, 1, 1636416172884, 1636416173550, 666, 270, 396, 1, 1, 2
1507, 1, 1636416172912, 1636416173578, 666, 270, 396, 0, 1, 1
1508, 1, 1636416172935, 1636416173602, 667, 268, 399, 0, 0, 0
1509, 1, 1636416173156, 1636416173822, 666, 266, 400, 0, 0, 0
1510, 1, 1636416173245, 1636416173910, 665, 266, 399, 0, 0, 0
1511, 1, 1636416173552, 1636416174226, 674, 269, 405, 0, 1, 1
1512, 1, 1636416173580, 1636416174254, 674, 274, 400, 0, 0, 0
1513, 1, 1636416173604, 1636416174286, 682, 269, 413, 0, 1, 1
1514, 1, 1636416173823, 1636416174494, 671, 270, 401, 3, 0, 3
1515, 1, 1636416173912, 1636416174586, 674, 268, 406, 0, 0, 0
1516, 1, 1636416174227, 1636416174890, 663, 265, 398, 1, 0, 1
1517, 1, 1636416174256, 1636416174922, 666, 267, 399, 1, 0, 1
1518, 1, 1636416174288, 1636416174958, 670, 271, 399, 0, 1, 1
1519, 1, 1636416174496, 1636416175158, 662, 262, 400, 1, 0, 1
1520, 1, 1636416174588, 1636416175254, 666, 271, 395, 1, 0, 1
1521, 1, 1636416174891, 1636416175554, 663, 269, 394, 1, 1, 2
1522, 1, 1636416174924, 1636416175598, 674, 269, 405, 1, 0, 1
1523, 1, 1636416174960, 1636416175630, 670, 270, 400, 1, 2, 3
1524, 1, 1636416175159, 1636416175818, 659, 263, 396, 1, 0, 1
1525, 1, 1636416175256, 1636416175934, 678, 274, 404, 1, 1, 2
1526, 1, 1636416175556, 1636416176222, 666, 265, 401, 0, 0, 0
1527, 1, 1636416175599, 1636416176266, 667, 270, 397, 1, 1, 2
1528, 1, 1636416175632, 1636416176302, 670, 269, 401, 0, 0, 0
1529, 1, 1636416175820, 1636416176486, 666, 271, 395, 0, 1, 1
1530, 1, 1636416175936, 1636416176606, 670, 267, 403, 0, 1, 1
1531, 1, 1636416176223, 1636416176886, 663, 272, 391, 0, 0, 0
1532, 1, 1636416176267, 1636416176942, 675, 270, 405, 2, 0, 2
1533, 1, 1636416176304, 1636416176974, 670, 270, 400, 0, 0, 0
1534, 1, 1636416176487, 1636416177154, 667, 262, 405, 0, 0, 0
1535, 1, 1636416176608, 1636416177274, 666, 269, 397, 2, 0, 2
1536, 1, 1636416176888, 1636416177554, 666, 267, 399, 0, 1, 1
1537, 1, 1636416176944, 1636416177606, 662, 266, 396, 1, 0, 1
1538, 1, 1636416176976, 1636416177642, 666, 269, 397, 1, 0, 1
1539, 1, 1636416177155, 1636416177822, 667, 267, 400, 1, 0, 1
1540, 1, 1636416177276, 1636416177946, 670, 269, 401, 0, 0, 0
1541, 1, 1636416177556, 1636416178222, 666, 271, 395, 2, 1, 3
1542, 1, 1636416177607, 1636416178274, 667, 266, 401, 0, 0, 0
1543, 1, 1636416177644, 1636416178310, 666, 270, 396, 1, 0, 1
1544, 1, 1636416177823, 1636416178490, 667, 266, 401, 0, 0, 0
1545, 1, 1636416177948, 1636416178618, 670, 270, 400, 0, 0, 0
1546, 1, 1636416178224, 1636416178894, 670, 270, 400, 0, 1, 1
1547, 1, 1636416178276, 1636416178934, 658, 262, 396, 0, 0, 0
1548, 1, 1636416178312, 1636416178974, 662, 263, 399, 0, 2, 2
1549, 1, 1636416178491, 1636416179158, 667, 270, 397, 0, 0, 0
1550, 1, 1636416178620, 1636416179290, 670, 269, 401, 0, 0, 0
1551, 1, 1636416178895, 1636416179558, 663, 266, 397, 0, 0, 0
1552, 1, 1636416178936, 1636416179598, 662, 265, 397, 0, 0, 0
1553, 1, 1636416178976, 1636416179646, 670, 272, 398, 1, 1, 2
1554, 1, 1636416179160, 1636416179822, 662, 262, 400, 0, 0, 0
1555, 1, 1636416179292, 1636416179966, 674, 269, 405, 1, 0, 1
1556, 1, 1636416179560, 1636416180242, 682, 283, 399, 1, 0, 1
1557, 1, 1636416179600, 1636416180266, 666, 265, 401, 1, 0, 1
1558, 1, 1636416179648, 1636416180310, 662, 267, 395, 2, 0, 2
1559, 1, 1636416179823, 1636416180498, 675, 267, 408, 1, 0, 1
1560, 1, 1636416179968, 1636416180642, 674, 273, 401, 1, 0, 1
1561, 1, 1636416180244, 1636416180910, 666, 270, 396, 0, 0, 0
1562, 1, 1636416180267, 1636416180934, 667, 269, 398, 1, 0, 1
1563, 1, 1636416180312, 1636416180978, 666, 266, 400, 1, 1, 2
1564, 1, 1636416180499, 1636416181166, 667, 271, 396, 2, 0, 2
1565, 1, 1636416180644, 1636416181310, 666, 265, 401, 0, 0, 0
1566, 1, 1636416180911, 1636416181586, 675, 278, 397, 0, 0, 0
1567, 1, 1636416180935, 1636416181602, 667, 275, 392, 0, 1, 1
1568, 1, 1636416180980, 1636416181654, 674, 270, 404, 1, 0, 1
1569, 1, 1636416181168, 1636416181842, 674, 269, 405, 0, 1, 1
1570, 1, 1636416181312, 1636416181986, 674, 265, 409, 1, 0, 1
1571, 1, 1636416181588, 1636416182254, 666, 270, 396, 0, 0, 0
1572, 1, 1636416181604, 1636416182274, 670, 270, 400, 0, 0, 0
1573, 1, 1636416181656, 1636416182322, 666, 270, 396, 1, 0, 1
1574, 1, 1636416181844, 1636416182506, 662, 267, 395, 0, 0, 0
1575, 1, 1636416181988, 1636416182662, 674, 270, 404, 0, 0, 0
1577, 1, 1636416182276, 1636416182938, 662, 267, 395, 1, 0, 1
1576, 1, 1636416182255, 1636416182938, 683, 283, 400, 0, 1, 1
1578, 1, 1636416182324, 1636416182986, 662, 265, 397, 0, 0, 0
1579, 1, 1636416182508, 1636416183178, 670, 269, 401, 0, 0, 0
1580, 1, 1636416182664, 1636416183330, 666, 269, 397, 0, 0, 0
1581, 1, 1636416182940, 1636416183606, 666, 269, 397, 2, 0, 2
1582, 1, 1636416182940, 1636416183618, 678, 279, 399, 1, 0, 1
1583, 1, 1636416182987, 1636416183654, 667, 269, 398, 1, 0, 1
1584, 1, 1636416183180, 1636416183850, 670, 270, 400, 2, 0, 2
1585, 1, 1636416183332, 1636416184002, 670, 276, 394, 0, 1, 1
1586, 1, 1636416183608, 1636416184278, 670, 271, 399, 3, 0, 3
1587, 1, 1636416183620, 1636416184286, 666, 269, 397, 1, 0, 1
1588, 1, 1636416183655, 1636416184326, 671, 270, 401, 0, 0, 0
1589, 1, 1636416183851, 1636416184526, 675, 274, 401, 0, 0, 0
1590, 1, 1636416184005, 1636416184674, 669, 270, 399, 0, 0, 0
1591, 1, 1636416184280, 1636416184950, 670, 265, 405, 1, 0, 1
1592, 1, 1636416184288, 1636416184966, 678, 278, 400, 0, 0, 0
1593, 1, 1636416184328, 1636416184994, 666, 270, 396, 0, 0, 0
1594, 1, 1636416184528, 1636416185218, 690, 290, 400, 0, 0, 0
1595, 1, 1636416184676, 1636416185346, 670, 274, 396, 2, 1, 3
1596, 1, 1636416184952, 1636416185622, 670, 262, 408, 1, 1, 2
1597, 1, 1636416184968, 1636416185646, 678, 273, 405, 1, 0, 1
1598, 1, 1636416184995, 1636416185670, 675, 270, 405, 1, 0, 1
1599, 1, 1636416185219, 1636416185890, 671, 271, 400, 1, 1, 2
1600, 1, 1636416185348, 1636416186014, 666, 267, 399, 0, 1, 1
1601, 1, 1636416185624, 1636416186290, 666, 266, 400, 1, 0, 1
1602, 1, 1636416185648, 1636416186314, 666, 270, 396, 0, 0, 0
1603, 1, 1636416185671, 1636416186338, 667, 266, 401, 0, 0, 0
1604, 1, 1636416185891, 1636416186582, 691, 290, 401, 1, 0, 1
1605, 1, 1636416186016, 1636416186686, 670, 270, 400, 1, 0, 1
1606, 1, 1636416186292, 1636416186958, 666, 266, 400, 0, 0, 0
1607, 1, 1636416186316, 1636416186982, 666, 268, 398, 0, 1, 1
1608, 1, 1636416186339, 1636416187018, 679, 273, 406, 0, 0, 0
1609, 1, 1636416186584, 1636416187254, 670, 270, 400, 1, 0, 1
1610, 1, 1636416186688, 1636416187358, 670, 274, 396, 1, 0, 1
1611, 1, 1636416186959, 1636416187626, 667, 269, 398, 1, 0, 1
1612, 1, 1636416186984, 1636416187658, 674, 271, 403, 1, 1, 2
1613, 1, 1636416187020, 1636416187690, 670, 269, 401, 1, 0, 1
1614, 1, 1636416187256, 1636416187922, 666, 265, 401, 0, 0, 0
1615, 1, 1636416187360, 1636416188034, 674, 275, 399, 1, 0, 1
1616, 1, 1636416187628, 1636416188298, 670, 268, 402, 0, 0, 0
1617, 1, 1636416187659, 1636416188322, 663, 271, 392, 1, 0, 1
1618, 1, 1636416187692, 1636416188362, 670, 266, 404, 0, 0, 0
1619, 1, 1636416187924, 1636416188590, 666, 269, 397, 0, 0, 0
1620, 1, 1636416188036, 1636416188714, 678, 270, 408, 0, 0, 0
1621, 1, 1636416188300, 1636416188966, 666, 266, 400, 1, 0, 1
1622, 1, 1636416188324, 1636416188994, 670, 270, 400, 2, 0, 2
1623, 1, 1636416188364, 1636416189030, 666, 265, 401, 0, 0, 0
1624, 1, 1636416188592, 1636416189254, 662, 266, 396, 0, 0, 0
1625, 1, 1636416188716, 1636416189394, 678, 273, 405, 0, 0, 0
1626, 1, 1636416188968, 1636416189638, 670, 268, 402, 0, 0, 0
1627, 1, 1636416188996, 1636416189662, 666, 266, 400, 0, 0, 0
1628, 1, 1636416189032, 1636416189702, 670, 269, 401, 0, 0, 0
1629, 1, 1636416189255, 1636416189922, 667, 267, 400, 1, 0, 1
1630, 1, 1636416189396, 1636416190066, 670, 270, 400, 0, 0, 0
1631, 1, 1636416189640, 1636416190313, 673, 269, 404, 0, 1, 1
1632, 1, 1636416189664, 1636416190342, 678, 270, 408, 0, 0, 0
1633, 1, 1636416189704, 1636416190374, 670, 269, 401, 1, 0, 1
1634, 1, 1636416189924, 1636416190594, 670, 269, 401, 1, 0, 1
1635, 1, 1636416190068, 1636416190734, 666, 267, 399, 0, 0, 0
1636, 1, 1636416190315, 1636416190986, 671, 271, 400, 0, 0, 0
1637, 1, 1636416190343, 1636416191006, 663, 269, 394, 1, 0, 1
1638, 1, 1636416190376, 1636416191042, 666, 270, 396, 0, 0, 0
1639, 1, 1636416190596, 1636416191266, 670, 270, 400, 0, 1, 1
1640, 1, 1636416190736, 1636416191402, 666, 271, 395, 1, 0, 1
1642, 1, 1636416191008, 1636416191678, 670, 273, 397, 0, 0, 0
1643, 1, 1636416191044, 1636416191714, 670, 269, 401, 0, 1, 1
1644, 1, 1636416191268, 1636416191934, 666, 267, 399, 0, 0, 0
1641, 1, 1636416190988, 1636416191949, 961, 562, 399, 0, 0, 0
1645, 1, 1636416191404, 1636416192074, 670, 266, 404, 0, 0, 0
1646, 1, 1636416191680, 1636416192342, 662, 266, 396, 0, 1, 1
1647, 1, 1636416191716, 1636416192386, 670, 270, 400, 0, 0, 0
1648, 1, 1636416191935, 1636416192606, 671, 269, 402, 0, 0, 0
1649, 1, 1636416191951, 1636416192622, 671, 270, 401, 0, 0, 0
1650, 1, 1636416192076, 1636416192742, 666, 267, 399, 0, 1, 1
1651, 1, 1636416192343, 1636416193010, 667, 274, 393, 2, 0, 2
1652, 1, 1636416192388, 1636416193062, 674, 275, 399, 1, 0, 1
1653, 1, 1636416192608, 1636416193274, 666, 271, 395, 0, 0, 0
1654, 1, 1636416192624, 1636416193298, 674, 270, 404, 0, 0, 0
1655, 1, 1636416192744, 1636416193418, 674, 270, 404, 0, 1, 1
1656, 1, 1636416193011, 1636416193686, 675, 281, 394, 0, 0, 0
1657, 1, 1636416193063, 1636416193730, 667, 266, 401, 0, 0, 0
1658, 1, 1636416193276, 1636416193946, 670, 270, 400, 1, 0, 1
1659, 1, 1636416193300, 1636416193966, 666, 268, 398, 0, 0, 0
1660, 1, 1636416193420, 1636416194090, 670, 269, 401, 0, 0, 0
1661, 1, 1636416193688, 1636416194366, 678, 278, 400, 0, 2, 2
1662, 1, 1636416193732, 1636416194402, 670, 270, 400, 1, 0, 1
1663, 1, 1636416193948, 1636416194618, 670, 265, 405, 1, 0, 1
1664, 1, 1636416193968, 1636416194638, 670, 265, 405, 0, 0, 0
1665, 1, 1636416194092, 1636416194766, 674, 271, 403, 1, 0, 1
1666, 1, 1636416194368, 1636416195038, 670, 266, 404, 0, 0, 0
1667, 1, 1636416194404, 1636416195074, 670, 270, 400, 0, 1, 1
1668, 1, 1636416194620, 1636416195294, 674, 275, 399, 1, 0, 1
1669, 1, 1636416194640, 1636416195302, 662, 267, 395, 1, 0, 1
1670, 1, 1636416194768, 1636416195434, 666, 267, 399, 1, 0, 1
1671, 1, 1636416195040, 1636416195702, 662, 267, 395, 1, 0, 1
1672, 1, 1636416195076, 1636416195742, 666, 266, 400, 0, 1, 1
1673, 1, 1636416195296, 1636416195966, 670, 268, 402, 0, 0, 0
1674, 1, 1636416195303, 1636416195970, 667, 266, 401, 1, 0, 1
1675, 1, 1636416195436, 1636416196242, 806, 410, 396, 0, 0, 0
1679, 1, 1636416195971, 1636416196634, 663, 267, 396, 1, 2, 3
1678, 1, 1636416195968, 1636416196638, 670, 271, 399, 0, 1, 1
1680, 1, 1636416196244, 1636416196910, 666, 266, 400, 0, 0, 0
1681, 1, 1636416196636, 1636416197306, 670, 271, 399, 1, 1, 2
1683, 1, 1636416196912, 1636416197582, 670, 270, 400, 1, 0, 1
1684, 1, 1636416197308, 1636416197978, 670, 270, 400, 2, 0, 2
1686, 1, 1636416197980, 1636416198654, 674, 270, 404, 0, 1, 1
1687, 1, 1636416198656, 1636416199330, 674, 269, 405, 0, 0, 0
1688, 1, 1636416199333, 1636416200006, 673, 270, 403, 1, 0, 1
1689, 1, 1636416200008, 1636416200678, 670, 269, 401, 0, 1, 1
1690, 1, 1636416200681, 1636416201354, 673, 270, 403, 1, 0, 1
1691, 1, 1636416201356, 1636416202030, 674, 274, 400, 0, 0, 0
1692, 1, 1636416202032, 1636416202702, 670, 270, 400, 0, 2, 2
1693, 1, 1636416202704, 1636416203374, 670, 270, 400, 1, 0, 1
1694, 1, 1636416203377, 1636416204050, 673, 270, 403, 2, 0, 2
1695, 1, 1636416204052, 1636416204726, 674, 268, 406, 1, 0, 1
1696, 1, 1636416204729, 1636416205402, 673, 268, 405, 1, 0, 1
1676, 2, 1636416195703, 1636416205875, 10172, 0, 10172, 1, 0, 1
1677, 2, 1636416195744, 1636416205923, 10179, 0, 10179, 0, 0, 0
1697, 1, 1636416205405, 1636416206078, 673, 269, 404, 1, 1, 2
1698, 1, 1636416206080, 1636416206754, 674, 269, 405, 2, 0, 2
1682, 2, 1636416196639, 1636416206815, 10176, 0, 10176, 0, 0, 0
1700, 1, 1636416206155, 1636416206818, 663, 267, 396, 1, 0, 1
1699, 1, 1636416206154, 1636416206830, 676, 267, 409, 0, 0, 0
1685, 1, 1636416197584, 1636416207310, 9726, 9328, 398, 0, 2, 2
1701, 1, 1636416206756, 1636416207426, 670, 271, 399, 2, 0, 2
1702, 1, 1636416206820, 1636416207486, 666, 270, 396, 0, 0, 0
1703, 1, 1636416206832, 1636416207498, 666, 266, 400, 1, 0, 1
1704, 1, 1636416206950, 1636416207622, 672, 265, 407, 0, 0, 0
1705, 1, 1636416207312, 1636416207978, 666, 270, 396, 1, 0, 1
1706, 1, 1636416207428, 1636416208106, 678, 275, 403, 0, 2, 2
1707, 1, 1636416207487, 1636416208158, 671, 270, 401, 0, 1, 1
1708, 1, 1636416207500, 1636416208174, 674, 274, 400, 0, 0, 0
1709, 1, 1636416207624, 1636416208294, 670, 265, 405, 1, 0, 1
1710, 1, 1636416207979, 1636416208646, 667, 272, 395, 2, 1, 3
1711, 1, 1636416208108, 1636416208782, 674, 277, 397, 0, 0, 0
1712, 1, 1636416208160, 1636416208834, 674, 271, 403, 1, 1, 2
1713, 1, 1636416208176, 1636416208850, 674, 266, 408, 0, 0, 0
1714, 1, 1636416208296, 1636416208966, 670, 267, 403, 1, 0, 1
1715, 1, 1636416208647, 1636416209314, 667, 270, 397, 1, 0, 1
1716, 1, 1636416208784, 1636416209458, 674, 271, 403, 0, 1, 1
1717, 1, 1636416208836, 1636416209502, 666, 269, 397, 0, 0, 0
1718, 1, 1636416208851, 1636416209530, 679, 273, 406, 2, 0, 2
1719, 1, 1636416208968, 1636416209634, 666, 269, 397, 0, 0, 0
1720, 1, 1636416209316, 1636416209982, 666, 271, 395, 2, 0, 2
1721, 1, 1636416209460, 1636416210130, 670, 270, 400, 1, 0, 1
1722, 1, 1636416209503, 1636416210166, 663, 270, 393, 1, 0, 1
1723, 1, 1636416209532, 1636416210202, 670, 269, 401, 0, 1, 1
1724, 1, 1636416209635, 1636416210310, 675, 269, 406, 1, 0, 1
1725, 1, 1636416209984, 1636416210654, 670, 265, 405, 2, 0, 2
1726, 1, 1636416210131, 1636416210806, 675, 274, 401, 1, 1, 2
1727, 1, 1636416210168, 1636416210838, 670, 271, 399, 0, 0, 0
1728, 1, 1636416210205, 1636416210870, 665, 266, 399, 0, 0, 0
1729, 1, 1636416210312, 1636416210986, 674, 269, 405, 0, 0, 0
1730, 1, 1636416210656, 1636416211326, 670, 270, 400, 1, 0, 1
1731, 1, 1636416210808, 1636416211474, 666, 271, 395, 1, 0, 1
1732, 1, 1636416210840, 1636416211518, 678, 270, 408, 0, 1, 1
1733, 1, 1636416210872, 1636416211542, 670, 269, 401, 0, 0, 0
1734, 1, 1636416210988, 1636416211658, 670, 271, 399, 1, 1, 2
1735, 1, 1636416211328, 1636416211994, 666, 266, 400, 0, 0, 0
1736, 1, 1636416211520, 1636416212182, 662, 270, 392, 1, 0, 1
1737, 1, 1636416211544, 1636416212270, 726, 322, 404, 1, 0, 1
1738, 1, 1636416211660, 1636416212330, 670, 271, 399, 1, 1, 2
1739, 1, 1636416211997, 1636416212666, 669, 269, 400, 0, 1, 1
1740, 1, 1636416212183, 1636416212858, 675, 278, 397, 0, 0, 0
1741, 1, 1636416212272, 1636416212942, 670, 269, 401, 0, 0, 0
1742, 1, 1636416212332, 1636416213130, 798, 397, 401, 0, 0, 0
1743, 1, 1636416212668, 1636416213398, 730, 335, 395, 0, 2, 2
1744, 1, 1636416212860, 1636416213530, 670, 269, 401, 0, 1, 1
1745, 1, 1636416212944, 1636416213618, 674, 270, 404, 1, 1, 2
1746, 1, 1636416213132, 1636416213802, 670, 267, 403, 2, 1, 3
1747, 1, 1636416213399, 1636416214090, 691, 279, 412, 0, 0, 0
1748, 1, 1636416213532, 1636416214198, 666, 266, 400, 0, 1, 1
1749, 1, 1636416213620, 1636416214294, 674, 270, 404, 0, 1, 1
1750, 1, 1636416213803, 1636416214474, 671, 271, 400, 0, 1, 1
1751, 1, 1636416214092, 1636416214762, 670, 275, 395, 0, 1, 1
1752, 1, 1636416214200, 1636416214866, 666, 266, 400, 1, 1, 2
1753, 1, 1636416214296, 1636416214958, 662, 267, 395, 0, 0, 0
1754, 1, 1636416214475, 1636416215146, 671, 266, 405, 0, 0, 0
1755, 1, 1636416214764, 1636416215434, 670, 270, 400, 2, 0, 2
1756, 1, 1636416214868, 1636416215538, 670, 271, 399, 1, 1, 2
1757, 1, 1636416214960, 1636416215626, 666, 271, 395, 2, 0, 2
1758, 1, 1636416215148, 1636416215822, 674, 271, 403, 2, 0, 2
1759, 1, 1636416215436, 1636416216106, 670, 269, 401, 1, 0, 1
1760, 1, 1636416215540, 1636416216206, 666, 266, 400, 0, 1, 1
1761, 1, 1636416215629, 1636416216298, 669, 270, 399, 1, 0, 1
1762, 1, 1636416215824, 1636416216494, 670, 267, 403, 0, 1, 1
1763, 1, 1636416216109, 1636416216774, 665, 265, 400, 1, 0, 1
1764, 1, 1636416216208, 1636416216882, 674, 276, 398, 2, 2, 4
1765, 1, 1636416216300, 1636416216970, 670, 274, 396, 1, 1, 2
1766, 1, 1636416216496, 1636416217166, 670, 270, 400, 0, 1, 1
1767, 1, 1636416216775, 1636416217446, 671, 270, 401, 0, 0, 0
1768, 1, 1636416216884, 1636416217558, 674, 274, 400, 1, 1, 2
1769, 1, 1636416216972, 1636416217642, 670, 272, 398, 1, 2, 3
1770, 1, 1636416217168, 1636416217838, 670, 271, 399, 1, 0, 1
1771, 1, 1636416217448, 1636416218110, 662, 267, 395, 0, 1, 1
1772, 1, 1636416217560, 1636416218222, 662, 267, 395, 0, 0, 0
1773, 1, 1636416217644, 1636416218314, 670, 271, 399, 1, 2, 3
1774, 1, 1636416217840, 1636416218514, 674, 273, 401, 0, 0, 0
1775, 1, 1636416218112, 1636416218782, 670, 274, 396, 1, 1, 2
1776, 1, 1636416218224, 1636416218894, 670, 269, 401, 0, 0, 0
1777, 1, 1636416218315, 1636416218986, 671, 272, 399, 0, 3, 3
1778, 1, 1636416218516, 1636416219186, 670, 272, 398, 1, 1, 2
1779, 1, 1636416218783, 1636416219466, 683, 277, 406, 0, 0, 0
1780, 1, 1636416218896, 1636416219562, 666, 270, 396, 0, 1, 1
1781, 1, 1636416218988, 1636416219658, 670, 267, 403, 0, 1, 1
1782, 1, 1636416219188, 1636416219854, 666, 266, 400, 2, 0, 2
1783, 1, 1636416219468, 1636416220142, 674, 274, 400, 1, 0, 1
1784, 1, 1636416219564, 1636416220234, 670, 270, 400, 1, 1, 2
1785, 1, 1636416219660, 1636416220322, 662, 267, 395, 0, 0, 0
1786, 1, 1636416219856, 1636416220530, 674, 270, 404, 2, 0, 2
1787, 1, 1636416220144, 1636416220806, 662, 267, 395, 0, 0, 0
1788, 1, 1636416220236, 1636416220906, 670, 270, 400, 0, 0, 0
1789, 1, 1636416220324, 1636416220990, 666, 267, 399, 0, 1, 1
1790, 1, 1636416220532, 1636416221198, 666, 270, 396, 0, 0, 0
1791, 1, 1636416220808, 1636416221474, 666, 267, 399, 1, 0, 1
1792, 1, 1636416220908, 1636416221574, 666, 267, 399, 0, 0, 0
1793, 1, 1636416220992, 1636416221662, 670, 271, 399, 1, 0, 1
1794, 1, 1636416221200, 1636416221870, 670, 270, 400, 1, 0, 1
1795, 1, 1636416221476, 1636416222146, 670, 273, 397, 1, 0, 1
1796, 1, 1636416221576, 1636416222238, 662, 267, 395, 0, 0, 0
1797, 1, 1636416221872, 1636416222542, 670, 269, 401, 1, 0, 1
1798, 1, 1636416222148, 1636416222818, 670, 267, 403, 1, 1, 2
1799, 1, 1636416222240, 1636416222906, 666, 270, 396, 0, 0, 0
1800, 1, 1636416222908, 1636416223578, 670, 270, 400, 1, 0, 1
1801, 1, 1636416476206, 1636416476842, 636, 277, 359, 0, 0, 0
1802, 1, 1636416476863, 1636416477494, 631, 271, 360, 1, 1, 2
1803, 1, 1636416477202, 1636416477830, 628, 269, 359, 0, 1, 1
1804, 1, 1636416477313, 1636416477942, 629, 270, 359, 1, 1, 2
1805, 1, 1636416477860, 1636416478486, 626, 271, 355, 2, 1, 3
1806, 1, 1636416478005, 1636416478634, 629, 269, 360, 1, 0, 1
1807, 1, 1636416478188, 1636416478814, 626, 265, 361, 0, 0, 0
1808, 1, 1636416478310, 1636416478946, 636, 270, 366, 1, 0, 1
1809, 1, 1636416478606, 1636416479226, 620, 265, 355, 1, 0, 1
1810, 1, 1636416478846, 1636416479470, 624, 265, 359, 0, 0, 0
1811, 1, 1636416479002, 1636416479626, 624, 269, 355, 0, 0, 0
1812, 1, 1636416479192, 1636416479818, 626, 270, 356, 0, 0, 0
1813, 1, 1636416479289, 1636416479910, 621, 267, 354, 0, 1, 1
1814, 1, 1636416479590, 1636416480218, 628, 269, 359, 0, 0, 0
1815, 1, 1636416479850, 1636416480474, 624, 267, 357, 1, 0, 1
1816, 1, 1636416479988, 1636416480618, 630, 270, 360, 0, 1, 1
1817, 1, 1636416480216, 1636416480838, 622, 270, 352, 0, 0, 0
1818, 1, 1636416480293, 1636416480922, 629, 269, 360, 1, 0, 1
1819, 1, 1636416480576, 1636416481198, 622, 266, 356, 0, 0, 0
1820, 1, 1636416480874, 1636416481502, 628, 268, 360, 0, 0, 0
1821, 1, 1636416481018, 1636416481650, 632, 274, 358, 1, 0, 1
1822, 1, 1636416481194, 1636416481818, 624, 265, 359, 1, 0, 1
1823, 1, 1636416481325, 1636416482090, 765, 404, 361, 1, 1, 2
1824, 1, 1636416481582, 1636416482206, 624, 267, 357, 1, 2, 3
1825, 1, 1636416481852, 1636416482470, 618, 265, 353, 0, 0, 0
1826, 1, 1636416482050, 1636416482746, 696, 339, 357, 1, 1, 2
1827, 1, 1636416482201, 1636416482830, 629, 268, 361, 0, 0, 0
1828, 1, 1636416482306, 1636416483014, 708, 351, 357, 0, 0, 0
1829, 1, 1636416482606, 1636416483294, 688, 330, 358, 1, 0, 1
1830, 1, 1636416482866, 1636416483506, 640, 272, 368, 0, 0, 0
1831, 1, 1636416483049, 1636416483670, 621, 266, 355, 0, 0, 0
1832, 1, 1636416483224, 1636416483846, 622, 266, 356, 1, 0, 1
1833, 1, 1636416483311, 1636416483938, 627, 266, 361, 1, 0, 1
1834, 1, 1636416483598, 1636416484222, 624, 269, 355, 0, 1, 1
1835, 1, 1636416483872, 1636416484510, 638, 275, 363, 1, 0, 1
1836, 1, 1636416484055, 1636416484682, 627, 269, 358, 0, 0, 0
1837, 1, 1636416484256, 1636416484886, 630, 270, 360, 1, 1, 2
1838, 1, 1636416484315, 1636416484934, 619, 266, 353, 0, 0, 0
1839, 1, 1636416484604, 1636416485234, 630, 269, 361, 0, 0, 0
1840, 1, 1636416484894, 1636416485526, 632, 275, 357, 0, 0, 0
1841, 1, 1636416485060, 1636416485690, 630, 270, 360, 2, 0, 2
1842, 1, 1636416485289, 1636416485918, 629, 269, 360, 0, 0, 0
1843, 1, 1636416485351, 1636416485973, 622, 267, 355, 0, 0, 0
1844, 1, 1636416485627, 1636416486254, 627, 274, 353, 1, 0, 1
1845, 1, 1636416485927, 1636416486554, 627, 268, 359, 0, 0, 0
1846, 1, 1636416486080, 1636416486698, 618, 267, 351, 0, 0, 0
1847, 1, 1636416486260, 1636416486886, 626, 266, 360, 1, 0, 1
1848, 1, 1636416486351, 1636416486978, 627, 270, 357, 0, 0, 0
1849, 1, 1636416486659, 1636416487286, 627, 270, 357, 2, 1, 3
1850, 1, 1636416486897, 1636416487526, 629, 269, 360, 1, 0, 1
1851, 1, 1636416487085, 1636416487718, 633, 272, 361, 1, 0, 1
1852, 1, 1636416487251, 1636416487882, 631, 272, 359, 0, 0, 0
1853, 1, 1636416487322, 1636416487950, 628, 266, 362, 0, 0, 0
1854, 1, 1636416487659, 1636416488286, 627, 269, 358, 1, 0, 1
1855, 1, 1636416487868, 1636416488490, 622, 266, 356, 0, 1, 1
1856, 1, 1636416488056, 1636416488686, 630, 270, 360, 2, 0, 2
1858, 1, 1636416488291, 1636416488918, 627, 269, 358, 0, 0, 0
1857, 1, 1636416488239, 1636416488958, 719, 362, 357, 1, 1, 2
1859, 1, 1636416488630, 1636416489258, 628, 270, 358, 0, 0, 0
1860, 1, 1636416488832, 1636416489546, 714, 350, 364, 2, 0, 2
1861, 1, 1636416489026, 1636416489654, 628, 271, 357, 1, 1, 2
1862, 1, 1636416489251, 1636416489874, 623, 267, 356, 0, 0, 0
1863, 1, 1636416489255, 1636416489886, 631, 271, 360, 0, 0, 0
1864, 1, 1636416489599, 1636416490226, 627, 270, 357, 1, 1, 2
1865, 1, 1636416489831, 1636416490462, 631, 274, 357, 1, 0, 1
1866, 1, 1636416489990, 1636416490618, 628, 272, 356, 1, 2, 3
1867, 1, 1636416490220, 1636416490846, 626, 273, 353, 1, 1, 2
1868, 1, 1636416490268, 1636416490890, 622, 268, 354, 0, 0, 0
1869, 1, 1636416490563, 1636416491194, 631, 270, 361, 1, 0, 1
1870, 1, 1636416490809, 1636416491430, 621, 267, 354, 1, 0, 1
1871, 1, 1636416490991, 1636416491618, 627, 270, 357, 2, 0, 2
1872, 1, 1636416491228, 1636416491854, 626, 268, 358, 0, 0, 0
1873, 1, 1636416491236, 1636416491862, 626, 270, 356, 0, 0, 0
1874, 1, 1636416491576, 1636416492198, 622, 266, 356, 0, 0, 0
1875, 1, 1636416491817, 1636416492446, 629, 268, 361, 0, 0, 0
1876, 1, 1636416491960, 1636416492586, 626, 270, 356, 2, 1, 3
1877, 1, 1636416492223, 1636416492850, 627, 270, 357, 1, 0, 1
1878, 1, 1636416492244, 1636416492870, 626, 270, 356, 2, 0, 2
1879, 1, 1636416492544, 1636416493174, 630, 269, 361, 0, 0, 0
1880, 1, 1636416492812, 1636416493434, 622, 266, 356, 1, 0, 1
1881, 1, 1636416492967, 1636416493594, 627, 271, 356, 1, 1, 2
1882, 1, 1636416493212, 1636416493838, 626, 270, 356, 0, 0, 0
1883, 1, 1636416493240, 1636416493870, 630, 266, 364, 1, 0, 1
1884, 1, 1636416493577, 1636416494206, 629, 270, 359, 1, 0, 1
1885, 1, 1636416493801, 1636416494430, 629, 271, 358, 3, 0, 3
1886, 1, 1636416493964, 1636416494598, 634, 269, 365, 1, 0, 1
1887, 1, 1636416494220, 1636416494850, 630, 271, 359, 0, 0, 0
1888, 1, 1636416494241, 1636416494882, 641, 280, 361, 0, 0, 0
1889, 1, 1636416494572, 1636416495194, 622, 266, 356, 0, 0, 0
1890, 1, 1636416494801, 1636416495426, 625, 265, 360, 0, 0, 0
1891, 1, 1636416494944, 1636416495570, 626, 270, 356, 0, 1, 1
1892, 1, 1636416495220, 1636416495842, 622, 270, 352, 1, 0, 1
1893, 1, 1636416495254, 1636416495882, 628, 270, 358, 0, 0, 0
1894, 1, 1636416495561, 1636416496194, 633, 271, 362, 3, 0, 3
1895, 1, 1636416495836, 1636416496466, 630, 273, 357, 0, 1, 1
1896, 1, 1636416495973, 1636416496606, 633, 271, 362, 2, 1, 3
1897, 1, 1636416496241, 1636416496874, 633, 274, 359, 1, 0, 1
1898, 1, 1636416496255, 1636416496878, 623, 266, 357, 0, 1, 1
1899, 1, 1636416496561, 1636416497190, 629, 266, 363, 0, 0, 0
1900, 1, 1636416496802, 1636416497426, 624, 271, 353, 1, 1, 2
1901, 1, 1636416496982, 1636416497614, 632, 273, 359, 0, 0, 0
1902, 1, 1636416497211, 1636416497838, 627, 269, 358, 0, 0, 0
1903, 1, 1636416497243, 1636416497866, 623, 265, 358, 0, 0, 0
1904, 1, 1636416497597, 1636416498230, 633, 269, 364, 0, 1, 1
1905, 1, 1636416497771, 1636416498398, 627, 269, 358, 1, 1, 2
1906, 1, 1636416497949, 1636416498574, 625, 270, 355, 2, 0, 2
1907, 1, 1636416498178, 1636416498806, 628, 271, 357, 2, 1, 3
1908, 1, 1636416498212, 1636416498838, 626, 267, 359, 2, 0, 2
1909, 1, 1636416498564, 1636416499186, 622, 271, 351, 2, 1, 3
1910, 1, 1636416498738, 1636416499366, 628, 268, 360, 0, 0, 0
1911, 1, 1636416498917, 1636416499542, 625, 266, 359, 0, 0, 0
1912, 1, 1636416499178, 1636416499806, 628, 269, 359, 2, 0, 2
1913, 1, 1636416499178, 1636416499806, 628, 271, 357, 3, 0, 3
1914, 1, 1636416499533, 1636416500166, 633, 269, 364, 1, 0, 1
1915, 1, 1636416499738, 1636416500366, 628, 272, 356, 0, 2, 2
1916, 1, 1636416499885, 1636416500510, 625, 266, 359, 1, 0, 1
1917, 1, 1636416500179, 1636416500802, 623, 266, 357, 0, 0, 0
1918, 1, 1636416500192, 1636416500814, 622, 266, 356, 0, 0, 0
1919, 1, 1636416500518, 1636416501146, 628, 267, 361, 2, 0, 2
1920, 1, 1636416500752, 1636416501378, 626, 269, 357, 0, 0, 0
1921, 1, 1636416500885, 1636416501514, 629, 268, 361, 1, 0, 1
1922, 1, 1636416501194, 1636416501818, 624, 267, 357, 1, 1, 2
1923, 1, 1636416501210, 1636416501850, 640, 269, 371, 0, 0, 0
1924, 1, 1636416501518, 1636416502146, 628, 269, 359, 1, 1, 2
1925, 1, 1636416501770, 1636416502398, 628, 266, 362, 0, 1, 1
1926, 1, 1636416501893, 1636416502522, 629, 271, 358, 1, 2, 3
1927, 1, 1636416502194, 1636416502822, 628, 269, 359, 0, 0, 0
1928, 1, 1636416502211, 1636416502830, 619, 265, 354, 1, 0, 1
1929, 1, 1636416502532, 1636416503162, 630, 270, 360, 1, 2, 3
1930, 1, 1636416502738, 1636416503362, 624, 269, 355, 1, 0, 1
1931, 1, 1636416502908, 1636416503534, 626, 267, 359, 0, 1, 1
1932, 1, 1636416503170, 1636416503794, 624, 270, 354, 1, 0, 1
1933, 1, 1636416503179, 1636416503798, 619, 266, 353, 0, 0, 0
1934, 1, 1636416503547, 1636416504174, 627, 271, 356, 1, 1, 2
1935, 1, 1636416503714, 1636416504346, 632, 271, 361, 0, 2, 2
1936, 1, 1636416503876, 1636416504506, 630, 275, 355, 1, 0, 1
1937, 1, 1636416504155, 1636416504778, 623, 266, 357, 0, 0, 0
1938, 1, 1636416504186, 1636416504806, 620, 266, 354, 0, 0, 0
1939, 1, 1636416504515, 1636416505142, 627, 265, 362, 1, 0, 1
1940, 1, 1636416504722, 1636416505350, 628, 269, 359, 0, 0, 0
1941, 1, 1636416504851, 1636416505478, 627, 269, 358, 0, 1, 1
1942, 1, 1636416505171, 1636416505794, 623, 265, 358, 0, 0, 0
1943, 1, 1636416505194, 1636416505826, 632, 274, 358, 1, 0, 1
1944, 1, 1636416505491, 1636416506122, 631, 274, 357, 1, 0, 1
1945, 1, 1636416505729, 1636416506354, 625, 271, 354, 1, 0, 1
1946, 1, 1636416505867, 1636416506498, 631, 270, 361, 2, 0, 2
1948, 1, 1636416506179, 1636416506806, 627, 266, 361, 1, 0, 1
1947, 1, 1636416506176, 1636416506806, 630, 269, 361, 0, 0, 0
1949, 1, 1636416506499, 1636416507122, 623, 265, 358, 0, 1, 1
1950, 1, 1636416506714, 1636416507338, 624, 270, 354, 1, 1, 2
1951, 1, 1636416506893, 1636416507526, 633, 270, 363, 2, 0, 2
1952, 1, 1636416507164, 1636416507794, 630, 269, 361, 2, 0, 2
1953, 1, 1636416507165, 1636416507794, 629, 270, 359, 1, 0, 1
1954, 1, 1636416507506, 1636416508130, 624, 266, 358, 0, 2, 2
1955, 1, 1636416507682, 1636416508310, 628, 273, 355, 0, 1, 1
1956, 1, 1636416507874, 1636416508498, 624, 267, 357, 2, 0, 2
1957, 1, 1636416508138, 1636416508766, 628, 271, 357, 0, 1, 1
1958, 1, 1636416508154, 1636416508782, 628, 270, 358, 0, 0, 0
1959, 1, 1636416508491, 1636416509122, 631, 270, 361, 0, 1, 1
1960, 1, 1636416508651, 1636416509282, 631, 269, 362, 1, 0, 1
1961, 1, 1636416508842, 1636416509466, 624, 271, 353, 2, 0, 2
1962, 1, 1636416509122, 1636416509750, 628, 268, 360, 0, 0, 0
1963, 1, 1636416509143, 1636416509774, 631, 272, 359, 1, 0, 1
1964, 1, 1636416509481, 1636416510106, 625, 266, 359, 2, 0, 2
1965, 1, 1636416509658, 1636416510290, 632, 269, 363, 1, 1, 2
1966, 1, 1636416509810, 1636416510438, 628, 271, 357, 2, 1, 3
1967, 1, 1636416510113, 1636416510742, 629, 271, 358, 1, 1, 2
1968, 1, 1636416510128, 1636416510746, 618, 266, 352, 1, 0, 1
1969, 1, 1636416510449, 1636416511074, 625, 266, 359, 0, 1, 1
1970, 1, 1636416510628, 1636416511254, 626, 270, 356, 0, 2, 2
1971, 1, 1636416510815, 1636416511430, 615, 263, 352, 0, 1, 1
1972, 1, 1636416511096, 1636416511730, 634, 274, 360, 1, 0, 1
1973, 1, 1636416511119, 1636416511750, 631, 268, 363, 0, 0, 0
1974, 1, 1636416511454, 1636416512086, 632, 270, 362, 1, 1, 2
1975, 1, 1636416511660, 1636416512294, 634, 273, 361, 0, 1, 1
1976, 1, 1636416511783, 1636416512414, 631, 268, 363, 0, 0, 0
1977, 1, 1636416512096, 1636416512722, 626, 271, 355, 0, 1, 1
1978, 1, 1636416512102, 1636416512738, 636, 277, 359, 0, 0, 0
1979, 1, 1636416512424, 1636416513050, 626, 271, 355, 0, 2, 2
1980, 1, 1636416512636, 1636416513270, 634, 273, 361, 0, 2, 2
1981, 1, 1636416512789, 1636416513418, 629, 270, 359, 0, 1, 1
1982, 1, 1636416513079, 1636416513706, 627, 269, 358, 1, 0, 1
1983, 1, 1636416513091, 1636416513718, 627, 269, 358, 0, 1, 1
1984, 1, 1636416513456, 1636416514082, 626, 269, 357, 0, 0, 0
1985, 1, 1636416513635, 1636416514262, 627, 271, 356, 0, 1, 1
1986, 1, 1636416513765, 1636416514386, 621, 266, 355, 0, 0, 0
1987, 1, 1636416514073, 1636416514698, 625, 266, 359, 0, 2, 2
1988, 1, 1636416514091, 1636416514730, 639, 277, 362, 0, 0, 0
1989, 1, 1636416514446, 1636416515070, 624, 269, 355, 1, 0, 1
1990, 1, 1636416514636, 1636416515262, 626, 270, 356, 1, 0, 1
1991, 1, 1636416514759, 1636416515378, 619, 267, 352, 1, 0, 1
1992, 1, 1636416515074, 1636416515706, 632, 275, 357, 3, 0, 3
1993, 1, 1636416515119, 1636416515746, 627, 271, 356, 1, 0, 1
1994, 1, 1636416515440, 1636416516066, 626, 264, 362, 0, 0, 0
1995, 1, 1636416515645, 1636416516274, 629, 269, 360, 0, 1, 1
1996, 1, 1636416515760, 1636416516386, 626, 269, 357, 0, 0, 0
1997, 1, 1636416516083, 1636416516706, 623, 269, 354, 0, 0, 0
1998, 1, 1636416516136, 1636416516758, 622, 265, 357, 0, 0, 0
1999, 1, 1636416516442, 1636416517074, 632, 271, 361, 1, 0, 1
2000, 1, 1636416516663, 1636416517290, 627, 270, 357, 1, 0, 1
2001, 1, 1636416516769, 1636416517398, 629, 272, 357, 1, 0, 1
2002, 1, 1636416517101, 1636416517730, 629, 265, 364, 0, 0, 0
2003, 1, 1636416517105, 1636416517734, 629, 270, 359, 0, 0, 0
2004, 1, 1636416517451, 1636416518074, 623, 268, 355, 0, 1, 1
2005, 1, 1636416517632, 1636416518257, 625, 270, 355, 0, 2, 2
2006, 1, 1636416517787, 1636416518410, 623, 267, 356, 1, 1, 2
2007, 1, 1636416518071, 1636416518698, 627, 270, 357, 0, 0, 0
2008, 1, 1636416518084, 1636416518710, 626, 267, 359, 1, 0, 1
2009, 1, 1636416518470, 1636416519090, 620, 266, 354, 0, 1, 1
2010, 1, 1636416518611, 1636416519234, 623, 267, 356, 1, 0, 1
2011, 1, 1636416518756, 1636416519382, 626, 270, 356, 0, 0, 0
2012, 1, 1636416519050, 1636416519682, 632, 273, 359, 1, 0, 1
2013, 1, 1636416519095, 1636416519726, 631, 269, 362, 1, 0, 1
2014, 1, 1636416519439, 1636416520062, 623, 265, 358, 0, 0, 0
2015, 1, 1636416519622, 1636416520246, 624, 262, 362, 1, 0, 1
2016, 1, 1636416519736, 1636416520354, 618, 265, 353, 0, 0, 0
2017, 1, 1636416520055, 1636416520682, 627, 267, 360, 1, 1, 2
2018, 1, 1636416520102, 1636416520730, 628, 269, 359, 1, 0, 1
2019, 1, 1636416520418, 1636416521042, 624, 267, 357, 0, 1, 1
2020, 1, 1636416520653, 1636416521282, 629, 271, 358, 2, 0, 2
2021, 1, 1636416520746, 1636416521374, 628, 272, 356, 0, 2, 2
2022, 1, 1636416521083, 1636416521706, 623, 265, 358, 0, 0, 0
2023, 1, 1636416521087, 1636416521706, 619, 267, 352, 1, 1, 2
2024, 1, 1636416521429, 1636416522054, 625, 264, 361, 1, 0, 1
2025, 1, 1636416521634, 1636416522262, 628, 266, 362, 0, 0, 0
2026, 1, 1636416521777, 1636416522402, 625, 268, 357, 0, 0, 0
2027, 1, 1636416522068, 1636416522690, 622, 270, 352, 1, 0, 1
2028, 1, 1636416522116, 1636416522742, 626, 269, 357, 1, 0, 1
2029, 1, 1636416522461, 1636416523090, 629, 270, 359, 1, 0, 1
2030, 1, 1636416522667, 1636416523294, 627, 271, 356, 1, 1, 2
2031, 1, 1636416522758, 1636416523382, 624, 270, 354, 1, 2, 3
2032, 1, 1636416523101, 1636416523742, 641, 274, 367, 3, 0, 3
2033, 1, 1636416523128, 1636416523754, 626, 269, 357, 0, 1, 1
2034, 1, 1636416523442, 1636416524074, 632, 270, 362, 0, 0, 0
2035, 1, 1636416523679, 1636416524306, 627, 270, 357, 1, 0, 1
2036, 1, 1636416523791, 1636416524418, 627, 269, 358, 1, 1, 2
2037, 1, 1636416524104, 1636416524730, 626, 267, 359, 1, 2, 3
2038, 1, 1636416524124, 1636416524750, 626, 269, 357, 1, 0, 1
2039, 1, 1636416524458, 1636416525082, 624, 266, 358, 0, 0, 0
2040, 1, 1636416524675, 1636416525302, 627, 271, 356, 2, 1, 3
2041, 1, 1636416524803, 1636416525438, 635, 269, 366, 1, 0, 1
2042, 1, 1636416525101, 1636416525730, 629, 269, 360, 2, 0, 2
2043, 1, 1636416525104, 1636416525734, 630, 277, 353, 1, 0, 1
2044, 1, 1636416525470, 1636416526098, 628, 270, 358, 1, 0, 1
2045, 1, 1636416525656, 1636416526286, 630, 269, 361, 1, 0, 1
2046, 1, 1636416525801, 1636416526430, 629, 271, 358, 1, 2, 3
2047, 1, 1636416526071, 1636416526698, 627, 267, 360, 2, 0, 2
2048, 1, 1636416526138, 1636416526762, 624, 266, 358, 1, 0, 1
2049, 1, 1636416526467, 1636416527090, 623, 267, 356, 2, 2, 4
2050, 1, 1636416526689, 1636416527322, 633, 270, 363, 1, 1, 2
2051, 1, 1636416526782, 1636416527406, 624, 266, 358, 1, 0, 1
2052, 1, 1636416527072, 1636416527694, 622, 266, 356, 0, 0, 0
2053, 1, 1636416527173, 1636416527962, 789, 435, 354, 1, 1, 2
2054, 1, 1636416527446, 1636416528074, 628, 270, 358, 1, 1, 2
2055, 1, 1636416527717, 1636416528342, 625, 266, 359, 1, 0, 1
2056, 1, 1636416527784, 1636416528610, 826, 470, 356, 1, 0, 1
2058, 1, 1636416528174, 1636416528810, 636, 273, 363, 0, 0, 0
2057, 1, 1636416528107, 1636416528886, 779, 421, 358, 2, 0, 2
2059, 1, 1636416528447, 1636416529162, 715, 359, 356, 1, 1, 2
2060, 1, 1636416528741, 1636416529370, 629, 269, 360, 0, 0, 0
2061, 1, 1636416528799, 1636416529438, 639, 280, 359, 0, 1, 1
2062, 1, 1636416529113, 1636416529750, 637, 269, 368, 0, 0, 0
2063, 1, 1636416529147, 1636416529774, 627, 269, 358, 0, 1, 1
2064, 1, 1636416529458, 1636416530094, 636, 269, 367, 0, 0, 0
2065, 1, 1636416529714, 1636416530342, 628, 268, 360, 0, 0, 0
2066, 1, 1636416529805, 1636416530430, 625, 265, 360, 1, 0, 1
2067, 1, 1636416530086, 1636416530714, 628, 269, 359, 1, 0, 1
2068, 1, 1636416530172, 1636416530806, 634, 273, 361, 0, 1, 1
2069, 1, 1636416530492, 1636416531118, 626, 269, 357, 1, 0, 1
2070, 1, 1636416530739, 1636416531366, 627, 269, 358, 1, 0, 1
2071, 1, 1636416530786, 1636416531418, 632, 270, 362, 2, 0, 2
2072, 1, 1636416531111, 1636416531738, 627, 269, 358, 2, 0, 2
2073, 1, 1636416531172, 1636416531798, 626, 270, 356, 0, 0, 0
2074, 1, 1636416531473, 1636416532102, 629, 268, 361, 0, 0, 0
2075, 1, 1636416531775, 1636416532406, 631, 271, 360, 1, 0, 1
2076, 1, 1636416531810, 1636416532434, 624, 267, 357, 2, 1, 3
2077, 1, 1636416532146, 1636416532778, 632, 271, 361, 2, 0, 2
2078, 1, 1636416532194, 1636416532826, 632, 269, 363, 1, 0, 1
2079, 1, 1636416532497, 1636416533126, 629, 268, 361, 0, 0, 0
2080, 1, 1636416532795, 1636416533422, 627, 268, 359, 0, 0, 0
2081, 1, 1636416532845, 1636416533470, 625, 269, 356, 0, 0, 0
2084, 1, 1636416533497, 1636416534126, 629, 270, 359, 1, 1, 2
2082, 2, 1636416533165, 1636416543303, 10138, 1, 10137, 1, 0, 1
2083, 2, 1636416533166, 1636416543347, 10181, 0, 10181, 0, 1, 1
2085, 2, 1636416533788, 1636416543919, 10131, 0, 10131, 0, 0, 0
2086, 2, 1636416533868, 1636416543999, 10131, 0, 10131, 0, 0, 0
2088, 1, 1636416543434, 1636416544106, 672, 271, 401, 0, 0, 0
2087, 2, 1636416534517, 1636416544651, 10134, 1, 10133, 1, 1, 2
2091, 1, 1636416544130, 1636416544806, 676, 273, 403, 0, 0, 0
2093, 1, 1636416544782, 1636416545450, 668, 269, 399, 0, 0, 0
2089, 2, 1636416543438, 1636416553615, 10177, 1, 10176, 1, 0, 1
2090, 2, 1636416544090, 1636416554267, 10177, 0, 10177, 0, 0, 0
2096, 1, 1636416553746, 1636416554414, 668, 269, 399, 0, 0, 0
2092, 2, 1636416544390, 1636416554523, 10133, 1, 10132, 1, 0, 1
2097, 1, 1636416554402, 1636416555102, 700, 266, 434, 1, 1, 2
2094, 2, 1636416545079, 1636416555211, 10132, 0, 10132, 0, 0, 0
2099, 1, 1636416554698, 1636416555330, 632, 269, 363, 1, 0, 1
2098, 1, 1636416554654, 1636416555374, 720, 318, 402, 1, 0, 1
2095, 1, 1636416545720, 1636416555706, 9986, 9634, 352, 2, 0, 2
2101, 1, 1636416555346, 1636416555978, 632, 270, 362, 0, 0, 0
2100, 1, 1636416555342, 1636416556014, 672, 271, 401, 0, 1, 1
2102, 1, 1636416555610, 1636416556242, 632, 278, 354, 1, 0, 1
2104, 1, 1636416555732, 1636416556354, 622, 267, 355, 1, 1, 2
2103, 1, 1636416555708, 1636416556378, 670, 266, 404, 0, 0, 0
2105, 1, 1636416556296, 1636416556930, 634, 270, 364, 3, 0, 3
2106, 1, 1636416556380, 1636416557010, 630, 269, 361, 1, 0, 1
2107, 1, 1636416556644, 1636416557278, 634, 282, 352, 0, 0, 0
2108, 1, 1636416556698, 1636416557326, 628, 266, 362, 1, 0, 1
2109, 1, 1636416556725, 1636416557346, 621, 266, 355, 0, 0, 0
2110, 1, 1636416557329, 1636416557945, 616, 267, 349, 0, 0, 0
2111, 1, 1636416557346, 1636416557982, 636, 266, 370, 0, 0, 0
2112, 1, 1636416557610, 1636416558246, 636, 283, 353, 0, 0, 0
2113, 1, 1636416557695, 1636416558310, 615, 262, 353, 0, 0, 0
2114, 1, 1636416557703, 1636416558334, 631, 274, 357, 1, 0, 1
2115, 1, 1636416558298, 1636416558926, 628, 271, 357, 0, 1, 1
2116, 1, 1636416558332, 1636416558954, 622, 271, 351, 1, 1, 2
2117, 1, 1636416558597, 1636416559218, 621, 266, 355, 1, 0, 1
2118, 1, 1636416558671, 1636416559294, 623, 266, 357, 0, 1, 1
2119, 1, 1636416558727, 1636416559354, 627, 268, 359, 0, 0, 0
2120, 1, 1636416559269, 1636416559902, 633, 270, 363, 0, 0, 0
2121, 1, 1636416559335, 1636416559962, 627, 270, 357, 1, 1, 2
2122, 1, 1636416559598, 1636416560238, 640, 283, 357, 0, 0, 0
2123, 1, 1636416559641, 1636416560266, 625, 269, 356, 1, 0, 1
2124, 1, 1636416559692, 1636416560310, 618, 266, 352, 0, 0, 0
2125, 1, 1636416560291, 1636416560918, 627, 270, 357, 0, 1, 1
2126, 1, 1636416560301, 1636416560926, 625, 269, 356, 1, 0, 1
2127, 1, 1636416560575, 1636416561202, 627, 275, 352, 2, 1, 3
2128, 1, 1636416560643, 1636416561270, 627, 270, 357, 2, 0, 2
2129, 1, 1636416560728, 1636416561354, 626, 271, 355, 1, 1, 2
2130, 1, 1636416561255, 1636416561878, 623, 267, 356, 1, 0, 1
2131, 1, 1636416561324, 1636416561950, 626, 268, 358, 0, 0, 0
2132, 1, 1636416561599, 1636416562226, 627, 271, 356, 1, 0, 1
2133, 1, 1636416561608, 1636416562242, 634, 278, 356, 2, 0, 2
2134, 1, 1636416561753, 1636416562378, 625, 270, 355, 0, 1, 1
2135, 1, 1636416562279, 1636416562910, 631, 269, 362, 0, 1, 1
2136, 1, 1636416562350, 1636416562974, 624, 266, 358, 0, 0, 0
2137, 1, 1636416562623, 1636416563250, 627, 270, 357, 1, 0, 1
2138, 1, 1636416562642, 1636416563270, 628, 269, 359, 0, 0, 0
2139, 1, 1636416562740, 1636416563370, 630, 269, 361, 1, 0, 1
2140, 1, 1636416563287, 1636416563906, 619, 265, 354, 1, 0, 1
2141, 1, 1636416563336, 1636416563962, 626, 269, 357, 0, 1, 1
2142, 1, 1636416563611, 1636416564230, 619, 267, 352, 0, 0, 0
2143, 1, 1636416563667, 1636416564294, 627, 269, 358, 1, 0, 1
2144, 1, 1636416563769, 1636416564398, 629, 266, 363, 0, 0, 0
2145, 1, 1636416564274, 1636416564906, 632, 269, 363, 1, 0, 1
2146, 1, 1636416564372, 1636416564994, 622, 267, 355, 1, 1, 2
2147, 1, 1636416564646, 1636416565274, 628, 270, 358, 1, 0, 1
2148, 1, 1636416564655, 1636416565286, 631, 274, 357, 0, 0, 0
2149, 1, 1636416564776, 1636416565406, 630, 274, 356, 1, 1, 2
2150, 1, 1636416565302, 1636416565930, 628, 269, 359, 0, 0, 0
2151, 1, 1636416565378, 1636416566006, 628, 270, 358, 1, 0, 1
2152, 1, 1636416565653, 1636416566282, 629, 269, 360, 1, 0, 1
2153, 1, 1636416565682, 1636416566310, 628, 274, 354, 1, 0, 1
2154, 1, 1636416565768, 1636416566390, 622, 268, 354, 0, 0, 0
2155, 1, 1636416566310, 1636416566938, 628, 271, 357, 0, 0, 0
2156, 1, 1636416566344, 1636416566966, 622, 270, 352, 1, 2, 3
2157, 1, 1636416566645, 1636416567266, 621, 266, 355, 0, 1, 1
2158, 1, 1636416566689, 1636416567318, 629, 273, 356, 0, 1, 1
2159, 1, 1636416566778, 1636416567406, 628, 271, 357, 0, 2, 2
2160, 1, 1636416567277, 1636416567914, 637, 270, 367, 0, 0, 0
2161, 1, 1636416567354, 1636416567982, 628, 269, 359, 0, 0, 0
2162, 1, 1636416567656, 1636416568282, 626, 270, 356, 1, 1, 2
2163, 1, 1636416567681, 1636416568314, 633, 270, 363, 1, 0, 1
2164, 1, 1636416567754, 1636416568382, 628, 270, 358, 2, 0, 2
2165, 1, 1636416568287, 1636416568910, 623, 265, 358, 1, 0, 1
2166, 1, 1636416568330, 1636416568966, 636, 269, 367, 1, 0, 1
2167, 1, 1636416568631, 1636416569254, 623, 271, 352, 1, 1, 2
2168, 1, 1636416568691, 1636416569318, 627, 270, 357, 2, 0, 2
2169, 1, 1636416568770, 1636416569398, 628, 270, 358, 2, 0, 2
2170, 1, 1636416569263, 1636416569894, 631, 270, 361, 0, 0, 0
2171, 1, 1636416569335, 1636416569962, 627, 270, 357, 0, 0, 0
2172, 1, 1636416569648, 1636416570270, 622, 269, 353, 2, 0, 2
2173, 1, 1636416569667, 1636416570294, 627, 272, 355, 1, 3, 4
2174, 1, 1636416569771, 1636416570398, 627, 269, 358, 1, 0, 1
2175, 1, 1636416570268, 1636416570898, 630, 269, 361, 1, 0, 1
2176, 1, 1636416570336, 1636416570966, 630, 273, 357, 1, 0, 1
2177, 1, 1636416570650, 1636416571282, 632, 270, 362, 1, 0, 1
2178, 1, 1636416570683, 1636416571314, 631, 270, 361, 2, 1, 3
2179, 1, 1636416570746, 1636416571594, 848, 491, 357, 2, 0, 2
2180, 1, 1636416571278, 1636416571906, 628, 271, 357, 1, 1, 2
2181, 1, 1636416571307, 1636416571934, 627, 271, 356, 1, 1, 2
2182, 1, 1636416571621, 1636416572246, 625, 265, 360, 1, 0, 1
2183, 1, 1636416571692, 1636416572318, 626, 270, 356, 1, 0, 1
2184, 1, 1636416571756, 1636416572394, 638, 276, 362, 0, 0, 0
2185, 1, 1636416572253, 1636416572882, 629, 270, 359, 1, 0, 1
2186, 1, 1636416572313, 1636416572946, 633, 270, 363, 1, 1, 2
2187, 1, 1636416572627, 1636416573250, 623, 269, 354, 1, 0, 1
2188, 1, 1636416572667, 1636416573290, 623, 270, 353, 1, 0, 1
2189, 1, 1636416572774, 1636416573402, 628, 271, 357, 0, 2, 2
2190, 1, 1636416573261, 1636416573898, 637, 274, 363, 0, 0, 0
2191, 1, 1636416573331, 1636416573958, 627, 270, 357, 1, 0, 1
2192, 1, 1636416573663, 1636416574290, 627, 271, 356, 3, 0, 3
2193, 1, 1636416573673, 1636416574302, 629, 270, 359, 2, 0, 2
2194, 1, 1636416573773, 1636416574406, 633, 272, 361, 0, 2, 2
2195, 1, 1636416574278, 1636416574902, 624, 267, 357, 0, 0, 0
2196, 1, 1636416574330, 1636416574954, 624, 269, 355, 0, 0, 0
2197, 1, 1636416574662, 1636416575294, 632, 269, 363, 2, 1, 3
2198, 1, 1636416574691, 1636416575322, 631, 270, 361, 0, 1, 1
2199, 1, 1636416574753, 1636416575378, 625, 266, 359, 3, 1, 4
2200, 1, 1636416575277, 1636416575906, 629, 266, 363, 0, 0, 0
2201, 1, 1636416575313, 1636416575950, 637, 269, 368, 1, 1, 2
2202, 1, 1636416575643, 1636416576270, 627, 270, 357, 0, 1, 1
2203, 1, 1636416575666, 1636416576294, 628, 271, 357, 1, 2, 3
2204, 1, 1636416575778, 1636416576406, 628, 269, 359, 0, 1, 1
2205, 1, 1636416576261, 1636416576894, 633, 269, 364, 2, 0, 2
2206, 1, 1636416576328, 1636416576954, 626, 271, 355, 1, 2, 3
2207, 1, 1636416576649, 1636416577274, 625, 266, 359, 2, 0, 2
2208, 1, 1636416576667, 1636416577294, 627, 268, 359, 0, 0, 0
2209, 1, 1636416576770, 1636416577398, 628, 270, 358, 1, 0, 1
2210, 1, 1636416577275, 1636416577894, 619, 266, 353, 1, 0, 1
2211, 1, 1636416577319, 1636416577942, 623, 263, 360, 2, 0, 2
2212, 1, 1636416577659, 1636416578286, 627, 270, 357, 1, 1, 2
2213, 1, 1636416577673, 1636416578294, 621, 267, 354, 2, 0, 2
2214, 1, 1636416577793, 1636416578418, 625, 266, 359, 0, 0, 0
2215, 1, 1636416578267, 1636416578894, 627, 270, 357, 0, 0, 0
2216, 1, 1636416578341, 1636416578970, 629, 268, 361, 0, 0, 0
2217, 1, 1636416578665, 1636416579290, 625, 267, 358, 1, 1, 2
2218, 1, 1636416578682, 1636416579310, 628, 270, 358, 0, 0, 0
2219, 1, 1636416578777, 1636416579406, 629, 271, 358, 1, 0, 1
2220, 1, 1636416579289, 1636416579914, 625, 266, 359, 0, 1, 1
2221, 1, 1636416579328, 1636416579954, 626, 270, 356, 1, 1, 2
2222, 1, 1636416579667, 1636416580294, 627, 270, 357, 2, 1, 3
2223, 1, 1636416579687, 1636416580318, 631, 270, 361, 1, 0, 1
2224, 1, 1636416579792, 1636416580418, 626, 269, 357, 0, 0, 0
2225, 1, 1636416580275, 1636416580902, 627, 271, 356, 2, 0, 2
2226, 1, 1636416580341, 1636416580966, 625, 266, 359, 2, 0, 2
2227, 1, 1636416580674, 1636416581306, 632, 270, 362, 1, 0, 1
2228, 1, 1636416580682, 1636416581310, 628, 271, 357, 2, 0, 2
2229, 1, 1636416580821, 1636416581450, 629, 269, 360, 1, 0, 1
2230, 1, 1636416581289, 1636416581918, 629, 269, 360, 0, 0, 0
2231, 1, 1636416581371, 1636416581998, 627, 270, 357, 0, 1, 1
2232, 1, 1636416581689, 1636416582318, 629, 270, 359, 0, 1, 1
2233, 1, 1636416581711, 1636416582342, 631, 271, 360, 2, 1, 3
2234, 1, 1636416581812, 1636416582438, 626, 267, 359, 1, 0, 1
2235, 1, 1636416582289, 1636416582918, 629, 270, 359, 0, 0, 0
2236, 1, 1636416582344, 1636416582966, 622, 269, 353, 0, 1, 1
2237, 1, 1636416582689, 1636416583318, 629, 274, 355, 2, 0, 2
2238, 1, 1636416582702, 1636416583322, 620, 265, 355, 1, 0, 1
2239, 1, 1636416582797, 1636416583422, 625, 267, 358, 1, 0, 1
2240, 1, 1636416583263, 1636416583890, 627, 270, 357, 0, 0, 0
2241, 1, 1636416583329, 1636416583954, 625, 269, 356, 0, 0, 0
2242, 1, 1636416583680, 1636416584314, 634, 271, 363, 0, 0, 0
2243, 1, 1636416583687, 1636416584318, 631, 271, 360, 0, 0, 0
2244, 1, 1636416583800, 1636416584430, 630, 270, 360, 0, 0, 0
2245, 1, 1636416584248, 1636416584874, 626, 269, 357, 1, 0, 1
2246, 1, 1636416584332, 1636416584950, 618, 265, 353, 0, 0, 0
2247, 1, 1636416584666, 1636416585298, 632, 274, 358, 0, 0, 0
2248, 1, 1636416584720, 1636416585346, 626, 275, 351, 2, 1, 3
2249, 1, 1636416584800, 1636416585574, 774, 418, 356, 1, 1, 2
2250, 1, 1636416585250, 1636416585878, 628, 271, 357, 1, 0, 1
2251, 1, 1636416585302, 1636416585926, 624, 267, 357, 0, 1, 1
2252, 1, 1636416585696, 1636416586322, 626, 270, 356, 1, 1, 2
2253, 1, 1636416585697, 1636416586326, 629, 271, 358, 2, 0, 2
2254, 1, 1636416585814, 1636416586442, 628, 268, 360, 0, 0, 0
2255, 1, 1636416586225, 1636416586854, 629, 271, 358, 2, 1, 3
2256, 1, 1636416586305, 1636416586934, 629, 270, 359, 2, 0, 2
2257, 1, 1636416586697, 1636416587326, 629, 271, 358, 2, 0, 2
2258, 1, 1636416586698, 1636416587326, 628, 270, 358, 1, 0, 1
2259, 1, 1636416586810, 1636416587446, 636, 269, 367, 1, 0, 1
2260, 1, 1636416587249, 1636416587878, 629, 269, 360, 0, 0, 0
2261, 1, 1636416587302, 1636416587934, 632, 270, 362, 0, 1, 1
2262, 1, 1636416587694, 1636416588322, 628, 269, 359, 0, 0, 0
2263, 1, 1636416587721, 1636416588350, 629, 270, 359, 1, 0, 1
2264, 1, 1636416587839, 1636416588470, 631, 270, 361, 1, 0, 1
2265, 1, 1636416588246, 1636416588878, 632, 271, 361, 1, 1, 2
2266, 1, 1636416588331, 1636416588958, 627, 270, 357, 1, 0, 1
2267, 1, 1636416588718, 1636416589346, 628, 269, 359, 1, 0, 1
2268, 1, 1636416588722, 1636416589350, 628, 267, 361, 1, 1, 2
2269, 1, 1636416588869, 1636416589502, 633, 274, 359, 1, 1, 2
2270, 1, 1636416589275, 1636416589898, 623, 266, 357, 0, 1, 1
2271, 1, 1636416589364, 1636416589990, 626, 271, 355, 1, 1, 2
2272, 1, 1636416589727, 1636416590354, 627, 271, 356, 0, 1, 1
2273, 1, 1636416589755, 1636416590382, 627, 265, 362, 0, 0, 0
2274, 1, 1636416589852, 1636416590470, 618, 267, 351, 1, 1, 2
2275, 1, 1636416590308, 1636416590934, 626, 270, 356, 0, 1, 1
2276, 1, 1636416590344, 1636416590970, 626, 270, 356, 0, 1, 1
2277, 1, 1636416590735, 1636416591370, 635, 271, 364, 1, 2, 3
2278, 1, 1636416590760, 1636416591394, 634, 269, 365, 0, 0, 0
2279, 1, 1636416590823, 1636416591454, 631, 275, 356, 1, 0, 1
2280, 1, 1636416591289, 1636416591910, 621, 266, 355, 2, 0, 2
2281, 1, 1636416591320, 1636416591942, 622, 265, 357, 0, 0, 0
2282, 1, 1636416591715, 1636416592346, 631, 269, 362, 1, 0, 1
2283, 1, 1636416591743, 1636416592378, 635, 275, 360, 1, 1, 2
2284, 1, 1636416591802, 1636416592430, 628, 269, 359, 0, 1, 1
2285, 1, 1636416592266, 1636416592890, 624, 266, 358, 3, 0, 3
2286, 1, 1636416592291, 1636416592914, 623, 261, 362, 1, 0, 1
2287, 1, 1636416592696, 1636416593318, 622, 269, 353, 0, 0, 0
2288, 1, 1636416592724, 1636416593346, 622, 270, 352, 0, 2, 2
2289, 1, 1636416592832, 1636416593454, 622, 265, 357, 0, 0, 0
2290, 1, 1636416593237, 1636416593866, 629, 275, 354, 1, 0, 1
2291, 1, 1636416593321, 1636416593950, 629, 268, 361, 0, 0, 0
2292, 1, 1636416593695, 1636416594318, 623, 270, 353, 1, 0, 1
2293, 1, 1636416593726, 1636416594346, 620, 266, 354, 1, 0, 1
2294, 1, 1636416593823, 1636416594446, 623, 269, 354, 1, 0, 1
2295, 1, 1636416594254, 1636416594878, 624, 267, 357, 1, 1, 2
2296, 1, 1636416594288, 1636416594914, 626, 269, 357, 0, 1, 1
2297, 1, 1636416594718, 1636416595350, 632, 275, 357, 0, 2, 2
2298, 1, 1636416594725, 1636416595358, 633, 273, 360, 2, 0, 2
2299, 1, 1636416595244, 1636416595874, 630, 274, 356, 0, 2, 2
2300, 1, 1636416595692, 1636416596318, 626, 269, 357, 0, 1, 1
2301, 1, 1636416740518, 1636416741150, 632, 274, 358, 0, 1, 1
2302, 1, 1636416741135, 1636416741762, 627, 270, 357, 1, 1, 2
2303, 1, 1636416741340, 1636416741966, 626, 269, 357, 1, 0, 1
2304, 1, 1636416741528, 1636416742154, 626, 269, 357, 0, 0, 0
2305, 1, 1636416741965, 1636416742586, 621, 265, 356, 0, 0, 0
2306, 1, 1636416742168, 1636416742798, 630, 274, 356, 0, 0, 0
2307, 1, 1636416742186, 1636416742810, 624, 267, 357, 0, 0, 0
2308, 1, 1636416742358, 1636416742986, 628, 269, 359, 0, 0, 0
2309, 1, 1636416742678, 1636416743298, 620, 266, 354, 1, 0, 1
2310, 1, 1636416742786, 1636416743410, 624, 267, 357, 1, 0, 1
2311, 1, 1636416743003, 1636416743626, 623, 269, 354, 0, 0, 0
2312, 1, 1636416743015, 1636416743650, 635, 275, 360, 1, 0, 1
2313, 1, 1636416743186, 1636416743814, 628, 270, 358, 0, 0, 0
2314, 1, 1636416743497, 1636416744130, 633, 269, 364, 0, 0, 0
2315, 1, 1636416743621, 1636416744250, 629, 268, 361, 0, 0, 0
2316, 1, 1636416743844, 1636416744466, 622, 270, 352, 1, 0, 1
2317, 1, 1636416743848, 1636416744470, 622, 271, 351, 0, 1, 1
2318, 1, 1636416744021, 1636416744650, 629, 269, 360, 1, 0, 1
2319, 1, 1636416744330, 1636416744962, 632, 269, 363, 0, 0, 0
2320, 1, 1636416744463, 1636416745090, 627, 271, 356, 2, 0, 2
2322, 1, 1636416744682, 1636416745306, 624, 266, 358, 0, 1, 1
2321, 1, 1636416744676, 1636416745354, 678, 326, 352, 1, 0, 1
2323, 1, 1636416744862, 1636416745622, 760, 405, 355, 1, 0, 1
2324, 1, 1636416745165, 1636416745794, 629, 266, 363, 1, 1, 2
2325, 1, 1636416745294, 1636416745922, 628, 269, 359, 0, 0, 0
2326, 1, 1636416745515, 1636416746134, 619, 262, 357, 0, 0, 0
2327, 1, 1636416745523, 1636416746186, 663, 307, 356, 1, 0, 1
2328, 1, 1636416745693, 1636416746462, 769, 405, 364, 0, 0, 0
2329, 1, 1636416746007, 1636416746734, 727, 368, 359, 0, 0, 0
2330, 1, 1636416746143, 1636416746770, 627, 270, 357, 1, 0, 1
2332, 1, 1636416746353, 1636416746998, 645, 285, 360, 0, 1, 1
2331, 1, 1636416746344, 1636416747002, 658, 306, 352, 0, 0, 0
2333, 1, 1636416746527, 1636416747150, 623, 267, 356, 0, 1, 1
2334, 1, 1636416746839, 1636416747462, 623, 270, 353, 1, 0, 1
2335, 1, 1636416746991, 1636416747626, 635, 269, 366, 1, 0, 1
2336, 1, 1636416747188, 1636416747814, 626, 270, 356, 1, 1, 2
2337, 1, 1636416747190, 1636416747814, 624, 267, 357, 0, 0, 0
2338, 1, 1636416747375, 1636416747994, 619, 263, 356, 1, 1, 2
2339, 1, 1636416747687, 1636416748310, 623, 265, 358, 0, 0, 0
2340, 1, 1636416747840, 1636416748466, 626, 271, 355, 2, 0, 2
2341, 1, 1636416748034, 1636416748662, 628, 268, 360, 1, 0, 1
2342, 1, 1636416748038, 1636416748670, 632, 273, 359, 1, 1, 2
2343, 1, 1636416748224, 1636416748846, 622, 268, 354, 1, 1, 2
2344, 1, 1636416748535, 1636416749158, 623, 267, 356, 1, 0, 1
2345, 1, 1636416748687, 1636416749310, 623, 271, 352, 0, 3, 3
2346, 1, 1636416748866, 1636416749485, 619, 266, 353, 0, 1, 1
2347, 1, 1636416748887, 1636416749510, 623, 270, 353, 0, 0, 0
2348, 1, 1636416749067, 1636416749694, 627, 268, 359, 0, 0, 0
2349, 1, 1636416749371, 1636416749994, 623, 267, 356, 1, 1, 2
2350, 1, 1636416749518, 1636416750150, 632, 274, 358, 1, 0, 1
2351, 1, 1636416749693, 1636416750322, 629, 270, 359, 2, 1, 3
2352, 1, 1636416749733, 1636416750354, 621, 266, 355, 0, 0, 0
2353, 1, 1636416749899, 1636416750522, 623, 267, 356, 1, 0, 1
2354, 1, 1636416750217, 1636416750846, 629, 270, 359, 0, 1, 1
2355, 1, 1636416750335, 1636416750954, 619, 265, 354, 0, 0, 0
2356, 1, 1636416750509, 1636416751142, 633, 274, 359, 0, 0, 0
2358, 1, 1636416750718, 1636416751346, 628, 268, 360, 0, 0, 0
2357, 1, 1636416750561, 1636416751418, 857, 494, 363, 0, 1, 1
2359, 1, 1636416751049, 1636416751686, 637, 279, 358, 2, 0, 2
2360, 1, 1636416751149, 1636416751962, 813, 453, 360, 1, 0, 1
2361, 1, 1636416751350, 1636416751986, 636, 271, 365, 0, 1, 1
2363, 1, 1636416751534, 1636416752238, 704, 344, 360, 0, 0, 0
2362, 1, 1636416751420, 1636416752254, 834, 439, 395, 0, 0, 0
2364, 1, 1636416751866, 1636416752502, 636, 272, 364, 2, 1, 3
2365, 1, 1636416751982, 1636416752650, 668, 270, 398, 0, 0, 0
2366, 1, 1636416752183, 1636416752806, 623, 270, 353, 2, 0, 2
2367, 1, 1636416752256, 1636416752926, 670, 270, 400, 1, 0, 1
2368, 1, 1636416752367, 1636416752990, 623, 270, 353, 1, 0, 1
2369, 1, 1636416752694, 1636416753326, 632, 274, 358, 1, 2, 3
2370, 1, 1636416752804, 1636416753430, 626, 271, 355, 0, 1, 1
2371, 1, 1636416753017, 1636416753634, 617, 262, 355, 0, 0, 0
2372, 1, 1636416753101, 1636416753730, 629, 270, 359, 2, 0, 2
2373, 1, 1636416753194, 1636416753818, 624, 270, 354, 1, 0, 1
2374, 1, 1636416753536, 1636416754162, 626, 266, 360, 0, 0, 0
2375, 1, 1636416753638, 1636416754266, 628, 272, 356, 0, 0, 0
2376, 1, 1636416753839, 1636416754470, 631, 274, 357, 0, 1, 1
2377, 1, 1636416753939, 1636416754558, 619, 266, 353, 1, 0, 1
2378, 1, 1636416754028, 1636416754650, 622, 267, 355, 1, 0, 1
2379, 1, 1636416754364, 1636416754990, 626, 269, 357, 1, 0, 1
2380, 1, 1636416754470, 1636416755094, 624, 269, 355, 1, 0, 1
2381, 1, 1636416754669, 1636416755294, 625, 271, 354, 0, 1, 1
2382, 1, 1636416754760, 1636416755374, 614, 262, 352, 0, 1, 1
2383, 1, 1636416754860, 1636416755482, 622, 266, 356, 0, 0, 0
2384, 1, 1636416755198, 1636416755822, 624, 267, 357, 2, 0, 2
2385, 1, 1636416755300, 1636416755926, 626, 270, 356, 0, 0, 0
2386, 1, 1636416755502, 1636416756134, 632, 274, 358, 0, 0, 0
2387, 1, 1636416755582, 1636416756210, 628, 270, 358, 1, 0, 1
2388, 1, 1636416755689, 1636416756318, 629, 270, 359, 1, 0, 1
2389, 1, 1636416756030, 1636416756654, 624, 270, 354, 0, 0, 0
2390, 1, 1636416756133, 1636416756762, 629, 273, 356, 0, 0, 0
2391, 1, 1636416756354, 1636416756982, 628, 270, 358, 1, 0, 1
2392, 1, 1636416756422, 1636416757050, 628, 271, 357, 2, 0, 2
2393, 1, 1636416756522, 1636416757146, 624, 268, 356, 1, 1, 2
2394, 1, 1636416756860, 1636416757486, 626, 271, 355, 1, 1, 2
2395, 1, 1636416756984, 1636416757610, 626, 270, 356, 1, 0, 1
2396, 1, 1636416757173, 1636416757798, 625, 266, 359, 1, 0, 1
2397, 1, 1636416757246, 1636416757874, 628, 271, 357, 2, 0, 2
2398, 1, 1636416757373, 1636416758002, 629, 271, 358, 1, 0, 1
2399, 1, 1636416757692, 1636416758318, 626, 271, 355, 1, 0, 1
2400, 1, 1636416757804, 1636416758438, 634, 273, 361, 0, 0, 0
2401, 1, 1636416758000, 1636416758630, 630, 275, 355, 1, 1, 2
2402, 1, 1636416758066, 1636416758694, 628, 270, 358, 1, 0, 1
2403, 1, 1636416758192, 1636416758810, 618, 266, 352, 0, 1, 1
2404, 1, 1636416758543, 1636416759174, 631, 268, 363, 0, 1, 1
2405, 1, 1636416758629, 1636416759258, 629, 271, 358, 2, 1, 3
2406, 1, 1636416758818, 1636416759438, 620, 267, 353, 0, 1, 1
2407, 1, 1636416758901, 1636416759522, 621, 267, 354, 1, 0, 1
2408, 1, 1636416759019, 1636416759654, 635, 271, 364, 0, 1, 1
2409, 1, 1636416759362, 1636416759994, 632, 273, 359, 0, 0, 0
2410, 1, 1636416759447, 1636416760074, 627, 271, 356, 1, 0, 1
2411, 1, 1636416759651, 1636416760278, 627, 270, 357, 1, 0, 1
2412, 1, 1636416759741, 1636416760366, 625, 269, 356, 0, 1, 1
2413, 1, 1636416759850, 1636416760486, 636, 276, 360, 0, 0, 0
2414, 1, 1636416760188, 1636416760810, 622, 265, 357, 1, 0, 1
2415, 1, 1636416760264, 1636416760890, 626, 270, 356, 0, 0, 0
2416, 1, 1636416760488, 1636416761118, 630, 270, 360, 2, 0, 2
2417, 1, 1636416760567, 1636416761194, 627, 267, 360, 1, 1, 2
2418, 1, 1636416760670, 1636416761302, 632, 270, 362, 0, 1, 1
2419, 1, 1636416761022, 1636416761654, 632, 270, 362, 1, 0, 1
2420, 1, 1636416761101, 1636416761730, 629, 270, 359, 1, 0, 1
2421, 1, 1636416761340, 1636416761958, 618, 266, 352, 1, 0, 1
2422, 1, 1636416761390, 1636416762006, 616, 262, 354, 0, 0, 0
2423, 1, 1636416761506, 1636416762134, 628, 269, 359, 1, 1, 2
2424, 1, 1636416761842, 1636416762478, 636, 268, 368, 0, 0, 0
2425, 1, 1636416761953, 1636416762586, 633, 275, 358, 2, 1, 3
2426, 1, 1636416762164, 1636416762790, 626, 271, 355, 0, 0, 0
2427, 1, 1636416762232, 1636416762854, 622, 269, 353, 0, 1, 1
2428, 1, 1636416762358, 1636416762986, 628, 270, 358, 2, 0, 2
2429, 1, 1636416762678, 1636416763302, 624, 271, 353, 3, 0, 3
2430, 1, 1636416762779, 1636416763398, 619, 267, 352, 1, 0, 1
2431, 1, 1636416762992, 1636416763618, 626, 269, 357, 0, 0, 0
2432, 1, 1636416763082, 1636416763710, 628, 269, 359, 1, 0, 1
2433, 1, 1636416763180, 1636416763798, 618, 267, 351, 0, 0, 0
2434, 1, 1636416763531, 1636416764162, 631, 271, 360, 2, 0, 2
2435, 1, 1636416763608, 1636416764226, 618, 266, 352, 0, 0, 0
2436, 1, 1636416763830, 1636416764458, 628, 274, 354, 0, 0, 0
2437, 1, 1636416763900, 1636416764518, 618, 262, 356, 1, 0, 1
2438, 1, 1636416764009, 1636416764634, 625, 267, 358, 2, 0, 2
2439, 1, 1636416764356, 1636416764982, 626, 269, 357, 0, 0, 0
2440, 1, 1636416764461, 1636416765094, 633, 266, 367, 0, 0, 0
2441, 1, 1636416764681, 1636416765314, 633, 270, 363, 2, 0, 2
2442, 1, 1636416764740, 1636416765362, 622, 271, 351, 0, 1, 1
2443, 1, 1636416764846, 1636416765474, 628, 270, 358, 0, 0, 0
2444, 1, 1636416765184, 1636416765806, 622, 265, 357, 1, 0, 1
2445, 1, 1636416765307, 1636416765930, 623, 269, 354, 1, 1, 2
2446, 1, 1636416765513, 1636416766142, 629, 271, 358, 1, 1, 2
2447, 1, 1636416765581, 1636416766206, 625, 270, 355, 0, 0, 0
2448, 1, 1636416765697, 1636416766322, 625, 269, 356, 1, 0, 1
2449, 1, 1636416766021, 1636416766650, 629, 269, 360, 1, 0, 1
2450, 1, 1636416766133, 1636416766770, 637, 274, 363, 1, 1, 2
2451, 1, 1636416766332, 1636416766962, 630, 269, 361, 2, 0, 2
2452, 1, 1636416766404, 1636416767030, 626, 270, 356, 1, 0, 1
2453, 1, 1636416766523, 1636416767150, 627, 266, 361, 1, 1, 2
2454, 1, 1636416766872, 1636416767498, 626, 266, 360, 1, 0, 1
2455, 1, 1636416766958, 1636416767586, 628, 271, 357, 0, 1, 1
2456, 1, 1636416767161, 1636416767790, 629, 269, 360, 0, 1, 1
2457, 1, 1636416767224, 1636416767842, 618, 266, 352, 0, 0, 0
2458, 1, 1636416767342, 1636416767974, 632, 275, 357, 1, 2, 3
2459, 1, 1636416767698, 1636416768326, 628, 270, 358, 2, 0, 2
2460, 1, 1636416767789, 1636416768418, 629, 267, 362, 1, 1, 2
2461, 1, 1636416767997, 1636416768630, 633, 269, 364, 2, 0, 2
2462, 1, 1636416768073, 1636416768698, 625, 266, 359, 1, 0, 1
2463, 1, 1636416768169, 1636416768798, 629, 270, 359, 1, 0, 1
2464, 1, 1636416768517, 1636416769142, 625, 270, 355, 1, 2, 3
2465, 1, 1636416768625, 1636416769258, 633, 276, 357, 1, 2, 3
2466, 1, 1636416768817, 1636416769446, 629, 270, 359, 2, 0, 2
2467, 1, 1636416768912, 1636416769542, 630, 272, 358, 2, 2, 4
2468, 1, 1636416769005, 1636416769630, 625, 267, 358, 0, 0, 0
2469, 1, 1636416769347, 1636416769974, 627, 271, 356, 1, 1, 2
2470, 1, 1636416769445, 1636416770070, 625, 268, 357, 1, 0, 1
2471, 1, 1636416769661, 1636416770290, 629, 269, 360, 1, 0, 1
2472, 1, 1636416769742, 1636416770366, 624, 266, 358, 1, 0, 1
2473, 1, 1636416769832, 1636416770458, 626, 270, 356, 0, 1, 1
2474, 1, 1636416770184, 1636416770810, 626, 269, 357, 0, 0, 0
2475, 1, 1636416770288, 1636416770922, 634, 272, 362, 2, 1, 3
2476, 1, 1636416770478, 1636416771114, 636, 274, 362, 0, 0, 0
2477, 1, 1636416770565, 1636416771194, 629, 270, 359, 0, 0, 0
2478, 1, 1636416770675, 1636416771290, 615, 263, 352, 0, 0, 0
2479, 1, 1636416771010, 1636416771642, 632, 273, 359, 0, 0, 0
2480, 1, 1636416771114, 1636416771742, 628, 269, 359, 0, 1, 1
2481, 1, 1636416771306, 1636416771930, 624, 266, 358, 0, 0, 0
2482, 1, 1636416771392, 1636416772022, 630, 275, 355, 0, 0, 0
2483, 1, 1636416771499, 1636416772126, 627, 274, 353, 1, 0, 1
2484, 1, 1636416771853, 1636416772482, 629, 271, 358, 1, 0, 1
2485, 1, 1636416771938, 1636416772566, 628, 273, 355, 0, 0, 0
2486, 1, 1636416772146, 1636416772774, 628, 270, 358, 1, 0, 1
2487, 1, 1636416772219, 1636416772838, 619, 263, 356, 0, 1, 1
2488, 1, 1636416772324, 1636416772954, 630, 273, 357, 0, 1, 1
2489, 1, 1636416772670, 1636416773298, 628, 270, 358, 1, 0, 1
2490, 1, 1636416772778, 1636416773406, 628, 270, 358, 1, 0, 1
2491, 1, 1636416772997, 1636416773622, 625, 267, 358, 2, 0, 2
2492, 1, 1636416773037, 1636416773662, 625, 266, 359, 0, 0, 0
2493, 1, 1636416773165, 1636416773786, 621, 266, 355, 0, 0, 0
2494, 1, 1636416773493, 1636416774130, 637, 270, 367, 1, 0, 1
2495, 1, 1636416773628, 1636416774254, 626, 269, 357, 0, 1, 1
2496, 1, 1636416773831, 1636416774462, 631, 270, 361, 1, 0, 1
2497, 1, 1636416773855, 1636416774490, 635, 272, 363, 0, 0, 0
2498, 1, 1636416774004, 1636416774626, 622, 267, 355, 1, 0, 1
2499, 1, 1636416774343, 1636416774966, 623, 266, 357, 0, 0, 0
2500, 1, 1636416774462, 1636416775090, 628, 269, 359, 0, 1, 1
2501, 1, 1636416774648, 1636416775270, 622, 266, 356, 1, 0, 1
2502, 1, 1636416774693, 1636416775322, 629, 269, 360, 0, 0, 0
2503, 1, 1636416774839, 1636416775462, 623, 266, 357, 1, 0, 1
2504, 1, 1636416775193, 1636416775822, 629, 271, 358, 0, 0, 0
2505, 1, 1636416775280, 1636416775902, 622, 270, 352, 1, 0, 1
2506, 1, 1636416775475, 1636416776090, 615, 262, 353, 0, 0, 0
2507, 1, 1636416775511, 1636416776134, 623, 266, 357, 0, 0, 0
2508, 1, 1636416775656, 1636416776294, 638, 272, 366, 0, 0, 0
2509, 1, 1636416776029, 1636416776658, 629, 271, 358, 2, 0, 2
2510, 1, 1636416776107, 1636416776734, 627, 270, 357, 1, 0, 1
2511, 1, 1636416776317, 1636416776946, 629, 270, 359, 0, 0, 0
2512, 1, 1636416776342, 1636416776966, 624, 266, 358, 0, 0, 0
2513, 1, 1636416776484, 1636416777114, 630, 275, 355, 1, 1, 2
2514, 1, 1636416776846, 1636416777474, 628, 269, 359, 0, 0, 0
2515, 1, 1636416776949, 1636416777574, 625, 269, 356, 0, 0, 0
2516, 1, 1636416777153, 1636416777778, 625, 270, 355, 1, 0, 1
2517, 1, 1636416777158, 1636416777782, 624, 266, 358, 0, 0, 0
2518, 1, 1636416777326, 1636416777954, 628, 269, 359, 0, 0, 0
2519, 1, 1636416777673, 1636416778302, 629, 271, 358, 1, 1, 2
2520, 1, 1636416777785, 1636416778406, 621, 265, 356, 1, 0, 1
2521, 1, 1636416777971, 1636416778590, 619, 268, 351, 1, 0, 1
2522, 1, 1636416777999, 1636416778630, 631, 273, 358, 1, 0, 1
2523, 1, 1636416778161, 1636416778786, 625, 271, 354, 1, 0, 1
2524, 1, 1636416778515, 1636416779142, 627, 268, 359, 0, 0, 0
2525, 1, 1636416778605, 1636416779230, 625, 267, 358, 2, 1, 3
2526, 1, 1636416778805, 1636416779422, 617, 263, 354, 1, 0, 1
2527, 1, 1636416778838, 1636416779466, 628, 270, 358, 0, 0, 0
2528, 1, 1636416778980, 1636416779602, 622, 270, 352, 1, 0, 1
2529, 1, 1636416779351, 1636416779978, 627, 270, 357, 2, 0, 2
2530, 1, 1636416779455, 1636416780078, 623, 265, 358, 0, 0, 0
2531, 1, 1636416779655, 1636416780282, 627, 270, 357, 0, 0, 0
2532, 1, 1636416779687, 1636416780310, 623, 270, 353, 1, 0, 1
2533, 1, 1636416779829, 1636416780450, 621, 264, 357, 2, 0, 2
2534, 1, 1636416780169, 1636416780794, 625, 270, 355, 0, 0, 0
2535, 1, 1636416780300, 1636416780926, 626, 269, 357, 0, 0, 0
2536, 1, 1636416780482, 1636416781110, 628, 269, 359, 0, 0, 0
2537, 1, 1636416780505, 1636416781130, 625, 269, 356, 1, 0, 1
2538, 1, 1636416780678, 1636416781306, 628, 269, 359, 0, 1, 1
2539, 1, 1636416781018, 1636416781654, 636, 274, 362, 1, 0, 1
2540, 1, 1636416781127, 1636416781754, 627, 270, 357, 1, 0, 1
2541, 1, 1636416781311, 1636416781934, 623, 271, 352, 1, 1, 2
2542, 1, 1636416781347, 1636416781970, 623, 266, 357, 0, 0, 0
2543, 1, 1636416781505, 1636416782134, 629, 269, 360, 1, 0, 1
2544, 1, 1636416781869, 1636416782494, 625, 266, 359, 0, 0, 0
2545, 1, 1636416781955, 1636416782582, 627, 274, 353, 0, 0, 0
2546, 1, 1636416782158, 1636416782786, 628, 274, 354, 1, 0, 1
2547, 1, 1636416782187, 1636416782810, 623, 270, 353, 0, 0, 0
2548, 1, 1636416782334, 1636416782966, 632, 273, 359, 1, 0, 1
2549, 1, 1636416782696, 1636416783322, 626, 268, 358, 0, 0, 0
2550, 1, 1636416782803, 1636416783426, 623, 266, 357, 2, 0, 2
2552, 1, 1636416783034, 1636416783654, 620, 266, 354, 2, 0, 2
2551, 1, 1636416783004, 1636416783694, 690, 338, 352, 0, 0, 0
2553, 1, 1636416783167, 1636416783962, 795, 441, 354, 0, 0, 0
2554, 1, 1636416783524, 1636416784150, 626, 269, 357, 1, 0, 1
2555, 1, 1636416783647, 1636416784274, 627, 270, 357, 0, 1, 1
2556, 1, 1636416783850, 1636416784474, 624, 267, 357, 1, 0, 1
2557, 1, 1636416783859, 1636416784474, 615, 263, 352, 0, 1, 1
2558, 1, 1636416784002, 1636416784666, 664, 267, 397, 0, 1, 1
2559, 1, 1636416784371, 1636416784998, 627, 265, 362, 2, 0, 2
2560, 1, 1636416784481, 1636416785106, 625, 267, 358, 2, 0, 2
2561, 1, 1636416784680, 1636416785302, 622, 271, 351, 2, 0, 2
2562, 1, 1636416784701, 1636416785326, 625, 269, 356, 1, 0, 1
2563, 1, 1636416784838, 1636416785470, 632, 270, 362, 1, 0, 1
2564, 1, 1636416785216, 1636416785838, 622, 271, 351, 1, 0, 1
2565, 1, 1636416785311, 1636416785934, 623, 270, 353, 0, 0, 0
2566, 1, 1636416785521, 1636416786146, 625, 265, 360, 0, 0, 0
2567, 1, 1636416785547, 1636416786174, 627, 270, 357, 1, 0, 1
2568, 1, 1636416785670, 1636416786298, 628, 271, 357, 2, 0, 2
2569, 1, 1636416786050, 1636416786674, 624, 269, 355, 0, 0, 0
2570, 1, 1636416786152, 1636416786770, 618, 265, 353, 0, 0, 0
2571, 1, 1636416786361, 1636416786982, 621, 266, 355, 0, 0, 0
2572, 1, 1636416786374, 1636416786990, 616, 262, 354, 0, 0, 0
2573, 1, 1636416786511, 1636416787142, 631, 271, 360, 0, 1, 1
2574, 1, 1636416786880, 1636416787506, 626, 271, 355, 0, 2, 2
2575, 1, 1636416787003, 1636416787626, 623, 269, 354, 1, 0, 1
2576, 1, 1636416787195, 1636416787818, 623, 267, 356, 1, 0, 1
2577, 1, 1636416787215, 1636416787842, 627, 270, 357, 1, 0, 1
2578, 1, 1636416787352, 1636416787978, 626, 269, 357, 1, 0, 1
2579, 1, 1636416787721, 1636416788350, 629, 269, 360, 1, 0, 1
2580, 1, 1636416787851, 1636416788474, 623, 269, 354, 0, 0, 0
2582, 1, 1636416788065, 1636416788690, 625, 266, 359, 0, 0, 0
2581, 1, 1636416788013, 1636416788750, 737, 379, 358, 1, 1, 2
2583, 1, 1636416788200, 1636416789022, 822, 467, 355, 2, 0, 2
2584, 1, 1636416788562, 1636416789186, 624, 269, 355, 0, 0, 0
2585, 1, 1636416788668, 1636416789298, 630, 269, 361, 0, 0, 0
2586, 1, 1636416788849, 1636416789478, 629, 275, 354, 1, 0, 1
2587, 1, 1636416788881, 1636416789514, 633, 270, 363, 0, 1, 1
2588, 1, 1636416789033, 1636416789702, 669, 269, 400, 0, 0, 0
2589, 1, 1636416789410, 1636416790038, 628, 269, 359, 0, 0, 0
2590, 1, 1636416789502, 1636416790130, 628, 271, 357, 1, 1, 2
2592, 1, 1636416789724, 1636416790350, 626, 270, 356, 0, 1, 1
2591, 1, 1636416789694, 1636416790418, 724, 361, 363, 0, 1, 1
2593, 1, 1636416789852, 1636416790478, 626, 269, 357, 0, 1, 1
2594, 1, 1636416790227, 1636416790850, 623, 268, 355, 0, 0, 0
2595, 1, 1636416790346, 1636416790970, 624, 269, 355, 0, 1, 1
2596, 1, 1636416790528, 1636416791154, 626, 269, 357, 0, 1, 1
2597, 1, 1636416790558, 1636416791182, 624, 266, 358, 1, 0, 1
2598, 1, 1636416790686, 1636416791314, 628, 269, 359, 0, 0, 0
2599, 1, 1636416791061, 1636416791690, 629, 271, 358, 3, 0, 3
2600, 1, 1636416791191, 1636416791814, 623, 266, 357, 1, 0, 1
2601, 1, 1636416791374, 1636416791994, 620, 263, 357, 1, 0, 1
2602, 1, 1636416791388, 1636416792022, 634, 270, 364, 2, 1, 3
2603, 1, 1636416791519, 1636416792142, 623, 267, 356, 0, 1, 1
2604, 1, 1636416791906, 1636416792534, 628, 268, 360, 0, 0, 0
2605, 1, 1636416792036, 1636416792670, 634, 275, 359, 1, 2, 3
2606, 1, 1636416792189, 1636416792826, 637, 266, 371, 1, 0, 1
2607, 1, 1636416792210, 1636416792838, 628, 270, 358, 2, 0, 2
2608, 1, 1636416792340, 1636416792958, 618, 266, 352, 0, 0, 0
2609, 1, 1636416792750, 1636416793382, 632, 271, 361, 1, 0, 1
2610, 1, 1636416792856, 1636416793478, 622, 271, 351, 0, 1, 1
2611, 1, 1636416793039, 1636416793658, 619, 266, 353, 1, 0, 1
2612, 1, 1636416793052, 1636416793686, 634, 275, 359, 3, 0, 3
2613, 1, 1636416793165, 1636416793794, 629, 266, 363, 0, 1, 1
2614, 1, 1636416793591, 1636416794218, 627, 268, 359, 0, 0, 0
2615, 1, 1636416793699, 1636416794322, 623, 271, 352, 1, 0, 1
2616, 1, 1636416793873, 1636416794494, 621, 264, 357, 1, 0, 1
2617, 1, 1636416793891, 1636416794514, 623, 267, 356, 1, 0, 1
2618, 1, 1636416793991, 1636416794614, 623, 266, 357, 0, 0, 0
2619, 1, 1636416794424, 1636416795054, 630, 270, 360, 1, 1, 2
2620, 1, 1636416794535, 1636416795162, 627, 270, 357, 0, 0, 0
2621, 1, 1636416794701, 1636416795334, 633, 270, 363, 0, 0, 0
2622, 1, 1636416794728, 1636416795350, 622, 266, 356, 1, 0, 1
2623, 1, 1636416794821, 1636416795442, 621, 262, 359, 1, 0, 1
2624, 1, 1636416795269, 1636416795894, 625, 268, 357, 1, 0, 1
2625, 1, 1636416795372, 1636416795990, 618, 266, 352, 1, 0, 1
2627, 1, 1636416795555, 1636416796182, 627, 273, 354, 0, 0, 0
2626, 1, 1636416795547, 1636416796182, 635, 275, 360, 1, 0, 1
2628, 1, 1636416795673, 1636416796298, 625, 266, 359, 0, 1, 1
2629, 1, 1636416796105, 1636416796730, 625, 270, 355, 0, 0, 0
2630, 1, 1636416796204, 1636416796826, 622, 266, 356, 0, 0, 0
2631, 1, 1636416796377, 1636416797002, 625, 270, 355, 1, 0, 1
2632, 1, 1636416796378, 1636416797010, 632, 269, 363, 0, 0, 0
2633, 1, 1636416796491, 1636416797118, 627, 271, 356, 1, 0, 1
2634, 1, 1636416796942, 1636416797574, 632, 270, 362, 0, 0, 0
2635, 1, 1636416797027, 1636416797662, 635, 272, 363, 1, 0, 1
2636, 1, 1636416797193, 1636416797822, 629, 269, 360, 0, 0, 0
2637, 1, 1636416797228, 1636416797862, 634, 275, 359, 0, 1, 1
2638, 1, 1636416797315, 1636416797946, 631, 272, 359, 0, 0, 0
2639, 1, 1636416797773, 1636416798397, 624, 270, 354, 1, 0, 1
2640, 1, 1636416797851, 1636416798474, 623, 271, 352, 1, 1, 2
2641, 1, 1636416798015, 1636416798650, 635, 270, 365, 1, 0, 1
2642, 1, 1636416798073, 1636416798702, 629, 274, 355, 1, 0, 1
2643, 1, 1636416798133, 1636416798754, 621, 263, 358, 0, 0, 0
2644, 1, 1636416798596, 1636416799210, 614, 266, 348, 0, 0, 0
2645, 1, 1636416798673, 1636416799298, 625, 269, 356, 0, 1, 1
2646, 1, 1636416798856, 1636416799474, 618, 266, 352, 1, 0, 1
2647, 1, 1636416798897, 1636416799522, 625, 265, 360, 0, 0, 0
2648, 1, 1636416798955, 1636416799578, 623, 270, 353, 0, 0, 0
2649, 1, 1636416799409, 1636416800034, 625, 267, 358, 1, 0, 1
2650, 1, 1636416799507, 1636416800126, 619, 267, 352, 0, 0, 0
2651, 1, 1636416799689, 1636416800318, 629, 270, 359, 1, 0, 1
2652, 1, 1636416799741, 1636416800366, 625, 270, 355, 0, 0, 0
2653, 1, 1636416799806, 1636416800430, 624, 265, 359, 0, 0, 0
2654, 1, 1636416800231, 1636416800858, 627, 268, 359, 0, 0, 0
2655, 1, 1636416800340, 1636416800966, 626, 270, 356, 0, 0, 0
2656, 1, 1636416800522, 1636416801150, 628, 270, 358, 1, 0, 1
2657, 1, 1636416800581, 1636416801214, 633, 274, 359, 1, 0, 1
2658, 1, 1636416800651, 1636416801278, 627, 270, 357, 2, 0, 2
2659, 1, 1636416801065, 1636416801702, 637, 271, 366, 2, 1, 3
2660, 1, 1636416801173, 1636416801802, 629, 271, 358, 1, 2, 3
2661, 1, 1636416801366, 1636416801994, 628, 270, 358, 1, 1, 2
2662, 1, 1636416801414, 1636416802038, 624, 269, 355, 0, 0, 0
2663, 1, 1636416801470, 1636416802102, 632, 270, 362, 1, 0, 1
2664, 1, 1636416801886, 1636416802514, 628, 271, 357, 2, 0, 2
2665, 1, 1636416802017, 1636416802650, 633, 268, 365, 0, 0, 0
2666, 1, 1636416802182, 1636416802810, 628, 270, 358, 0, 0, 0
2667, 1, 1636416802265, 1636416802894, 629, 271, 358, 0, 0, 0
2668, 1, 1636416802284, 1636416802910, 626, 271, 355, 1, 0, 1
2669, 1, 1636416802719, 1636416803346, 627, 271, 356, 2, 0, 2
2670, 1, 1636416802840, 1636416803462, 622, 267, 355, 0, 0, 0
2671, 1, 1636416803004, 1636416803622, 618, 262, 356, 0, 0, 0
2672, 1, 1636416803082, 1636416803702, 620, 266, 354, 0, 0, 0
2673, 1, 1636416803102, 1636416803726, 624, 266, 358, 0, 0, 0
2674, 1, 1636416803564, 1636416804186, 622, 271, 351, 1, 0, 1
2675, 1, 1636416803671, 1636416804298, 627, 269, 358, 0, 0, 0
2676, 1, 1636416803834, 1636416804458, 624, 266, 358, 0, 1, 1
2677, 1, 1636416803921, 1636416804542, 621, 265, 356, 1, 0, 1
2678, 1, 1636416803929, 1636416804546, 617, 263, 354, 0, 0, 0
2679, 1, 1636416804379, 1636416805006, 627, 271, 356, 2, 0, 2
2680, 1, 1636416804495, 1636416805118, 623, 268, 355, 1, 1, 2
2682, 1, 1636416804744, 1636416805366, 622, 267, 355, 1, 0, 1
2683, 1, 1636416804760, 1636416805386, 626, 269, 357, 0, 0, 0
2684, 1, 1636416805201, 1636416805830, 629, 272, 357, 1, 2, 3
2686, 1, 1636416805581, 1636416806210, 629, 270, 359, 1, 0, 1
2687, 1, 1636416805585, 1636416806218, 633, 274, 359, 0, 0, 0
2689, 1, 1636416806410, 1636416807034, 624, 266, 358, 0, 1, 1
2690, 1, 1636416806434, 1636416807062, 628, 272, 356, 1, 2, 3
2691, 1, 1636416807243, 1636416807866, 623, 265, 358, 1, 0, 1
2692, 1, 1636416807281, 1636416807906, 625, 269, 356, 1, 0, 1
2693, 1, 1636416808084, 1636416808702, 618, 267, 351, 0, 0, 0
2694, 1, 1636416808105, 1636416808726, 621, 266, 355, 0, 1, 1
2695, 1, 1636416808916, 1636416809542, 626, 269, 357, 1, 0, 1
2696, 1, 1636416808922, 1636416809546, 624, 271, 353, 0, 1, 1
2697, 1, 1636416809739, 1636416810366, 627, 269, 358, 0, 0, 0
2698, 1, 1636416809772, 1636416810402, 630, 271, 359, 1, 1, 2
2699, 1, 1636416810588, 1636416811214, 626, 268, 358, 0, 0, 0
2700, 1, 1636416810603, 1636416811226, 623, 266, 357, 1, 0, 1
2701, 1, 1636416811414, 1636416812042, 628, 269, 359, 1, 0, 1
2702, 1, 1636416811453, 1636416812082, 629, 269, 360, 0, 1, 1
2703, 1, 1636416812231, 1636416812862, 631, 270, 361, 1, 2, 3
2704, 1, 1636416812285, 1636416812906, 621, 267, 354, 0, 0, 0
2705, 1, 1636416813081, 1636416813706, 625, 270, 355, 0, 1, 1
2706, 1, 1636416813136, 1636416813758, 622, 270, 352, 1, 1, 2
2707, 1, 1636416813927, 1636416814562, 635, 274, 361, 1, 0, 1
2708, 1, 1636416813981, 1636416814610, 629, 275, 354, 1, 0, 1
2681, 2, 1636416804670, 1636416815035, 10365, 180, 10185, 1, 0, 1
2685, 2, 1636416805330, 1636416815467, 10137, 0, 10137, 0, 0, 0
2709, 1, 1636416814766, 1636416815482, 716, 361, 355, 0, 94, 94
2710, 1, 1636416814805, 1636416815490, 685, 322, 363, 3, 54, 57
2711, 1, 1636416815127, 1636416815822, 695, 297, 398, 0, 29, 29
2688, 1, 1636416806025, 1636416815962, 9937, 9577, 360, 0, 0, 0
2712, 1, 1636416815593, 1636416816214, 621, 266, 355, 1, 0, 1
2713, 1, 1636416815626, 1636416816254, 628, 270, 358, 0, 0, 0
2715, 1, 1636416815920, 1636416816538, 618, 266, 352, 1, 0, 1
2714, 1, 1636416815882, 1636416816550, 668, 269, 399, 0, 0, 0
2716, 1, 1636416815964, 1636416816634, 670, 268, 402, 0, 0, 0
2717, 1, 1636416816423, 1636416817054, 631, 269, 362, 0, 0, 0
2718, 1, 1636416816469, 1636416817098, 629, 269, 360, 0, 0, 0
2719, 1, 1636416816676, 1636416817298, 622, 270, 352, 2, 0, 2
2720, 1, 1636416816753, 1636416817374, 621, 267, 354, 1, 0, 1
2721, 1, 1636416816787, 1636416817406, 619, 265, 354, 0, 0, 0
2722, 1, 1636416817248, 1636416817878, 630, 273, 357, 0, 0, 0
2723, 1, 1636416817303, 1636416817926, 623, 266, 357, 3, 0, 3
2724, 1, 1636416817516, 1636416818142, 626, 270, 356, 0, 0, 0
2725, 1, 1636416817584, 1636416818206, 622, 270, 352, 1, 0, 1
2726, 1, 1636416817624, 1636416818242, 618, 266, 352, 0, 0, 0
2727, 1, 1636416818077, 1636416818702, 625, 270, 355, 1, 0, 1
2728, 1, 1636416818148, 1636416818774, 626, 274, 352, 2, 0, 2
2729, 1, 1636416818335, 1636416818962, 627, 270, 357, 1, 0, 1
2730, 1, 1636416818406, 1636416819030, 624, 266, 358, 0, 0, 0
2731, 1, 1636416818457, 1636416819082, 625, 266, 359, 0, 0, 0
2732, 1, 1636416818896, 1636416819522, 626, 271, 355, 2, 0, 2
2733, 1, 1636416818979, 1636416819602, 623, 266, 357, 0, 1, 1
2734, 1, 1636416819157, 1636416819786, 629, 270, 359, 0, 0, 0
2735, 1, 1636416819255, 1636416819878, 623, 270, 353, 1, 0, 1
2736, 1, 1636416819276, 1636416819898, 622, 270, 352, 0, 0, 0
2737, 1, 1636416819721, 1636416820346, 625, 269, 356, 1, 0, 1
2738, 1, 1636416819830, 1636416820458, 628, 271, 357, 0, 1, 1
2739, 1, 1636416820006, 1636416820630, 624, 267, 357, 2, 0, 2
2740, 1, 1636416820082, 1636416820706, 624, 266, 358, 0, 0, 0
2741, 1, 1636416820098, 1636416820982, 884, 519, 365, 0, 0, 0
2742, 1, 1636416820541, 1636416821170, 629, 271, 358, 0, 1, 1
2743, 1, 1636416820665, 1636416821294, 629, 269, 360, 1, 0, 1
2744, 1, 1636416820834, 1636416821466, 632, 273, 359, 1, 0, 1
2745, 1, 1636416820898, 1636416821526, 628, 270, 358, 1, 0, 1
2746, 1, 1636416820984, 1636416821658, 674, 271, 403, 0, 1, 1
2747, 1, 1636416821356, 1636416821974, 618, 262, 356, 0, 0, 0
2748, 1, 1636416821489, 1636416822114, 625, 266, 359, 2, 0, 2
2749, 1, 1636416821651, 1636416822278, 627, 270, 357, 1, 0, 1
2750, 1, 1636416821747, 1636416822366, 619, 267, 352, 1, 0, 1
2751, 1, 1636416821816, 1636416822438, 622, 266, 356, 2, 0, 2
2752, 1, 1636416822204, 1636416822834, 630, 274, 356, 0, 2, 2
2753, 1, 1636416822318, 1636416822946, 628, 273, 355, 1, 1, 2
2754, 1, 1636416822500, 1636416823122, 622, 267, 355, 1, 1, 2
2755, 1, 1636416822585, 1636416823210, 625, 266, 359, 0, 0, 0
2756, 1, 1636416822656, 1636416823282, 626, 270, 356, 0, 2, 2
2757, 1, 1636416823056, 1636416823674, 618, 266, 352, 0, 0, 0
2758, 1, 1636416823140, 1636416823754, 614, 264, 350, 1, 1, 2
2759, 1, 1636416823346, 1636416823966, 620, 267, 353, 1, 0, 1
2760, 1, 1636416823434, 1636416824070, 636, 274, 362, 2, 0, 2
2761, 1, 1636416823501, 1636416824138, 637, 269, 368, 0, 0, 0
2762, 1, 1636416823882, 1636416824510, 628, 269, 359, 1, 0, 1
2763, 1, 1636416823983, 1636416824606, 623, 268, 355, 0, 0, 0
2764, 1, 1636416824196, 1636416824818, 622, 267, 355, 0, 0, 0
2765, 1, 1636416824259, 1636416824898, 639, 274, 365, 1, 0, 1
2766, 1, 1636416824317, 1636416824942, 625, 270, 355, 3, 0, 3
2767, 1, 1636416824798, 1636416825434, 636, 269, 367, 0, 1, 1
2768, 1, 1636416825017, 1636416825646, 629, 270, 359, 1, 0, 1
2769, 1, 1636416825075, 1636416825702, 627, 266, 361, 2, 0, 2
2770, 1, 1636416825148, 1636416825770, 622, 270, 352, 2, 0, 2
2771, 1, 1636416825836, 1636416826462, 626, 270, 356, 1, 1, 2
2772, 1, 1636416825900, 1636416826522, 622, 271, 351, 0, 0, 0
2773, 1, 1636416825988, 1636416826614, 626, 269, 357, 1, 0, 1
2774, 1, 1636416826662, 1636416827290, 628, 272, 356, 2, 2, 4
2775, 1, 1636416826728, 1636416827358, 630, 269, 361, 0, 0, 0
2776, 1, 1636416826822, 1636416827446, 624, 266, 358, 2, 0, 2
2777, 1, 1636416827490, 1636416828114, 624, 271, 353, 0, 1, 1
2778, 1, 1636416827548, 1636416828170, 622, 270, 352, 0, 0, 0
2779, 1, 1636416827667, 1636416828290, 623, 267, 356, 0, 1, 1
2780, 1, 1636416828310, 1636416828934, 624, 269, 355, 0, 1, 1
2781, 1, 1636416828373, 1636416829002, 629, 270, 359, 1, 1, 2
2782, 1, 1636416828497, 1636416829126, 629, 271, 358, 1, 0, 1
2783, 1, 1636416829135, 1636416829758, 623, 270, 353, 1, 1, 2
2784, 1, 1636416829193, 1636416829818, 625, 265, 360, 0, 0, 0
2785, 1, 1636416829347, 1636416829974, 627, 270, 357, 0, 0, 0
2786, 1, 1636416829955, 1636416830582, 627, 270, 357, 0, 1, 1
2787, 1, 1636416830009, 1636416830646, 637, 269, 368, 1, 0, 1
2788, 1, 1636416830183, 1636416830810, 627, 270, 357, 2, 0, 2
2789, 1, 1636416830770, 1636416831402, 632, 273, 359, 0, 1, 1
2790, 1, 1636416830844, 1636416831470, 626, 271, 355, 0, 1, 1
2791, 1, 1636416831008, 1636416831622, 614, 262, 352, 0, 0, 0
2792, 1, 1636416831606, 1636416832234, 628, 265, 363, 0, 0, 0
2793, 1, 1636416831695, 1636416832322, 627, 269, 358, 1, 0, 1
2794, 1, 1636416831821, 1636416832450, 629, 270, 359, 0, 0, 0
2795, 1, 1636416832457, 1636416833082, 625, 269, 356, 2, 0, 2
2796, 1, 1636416832527, 1636416833158, 631, 269, 362, 0, 0, 0
2797, 1, 1636416832642, 1636416833270, 628, 270, 358, 0, 1, 1
2798, 1, 1636416833288, 1636416833910, 622, 270, 352, 1, 0, 1
2799, 1, 1636416833487, 1636416834110, 623, 269, 354, 1, 0, 1
2800, 1, 1636416834302, 1636416834930, 628, 269, 359, 1, 0, 1
2801, 1, 1636417029993, 1636417030630, 637, 277, 360, 1, 0, 1
2802, 1, 1636417030586, 1636417031214, 628, 269, 359, 0, 1, 1
2803, 1, 1636417030705, 1636417031334, 629, 268, 361, 0, 0, 0
2804, 1, 1636417031010, 1636417031630, 620, 262, 358, 1, 0, 1
2805, 1, 1636417031293, 1636417031910, 617, 265, 352, 0, 0, 0
2806, 1, 1636417031418, 1636417032046, 628, 266, 362, 1, 0, 1
2807, 1, 1636417031629, 1636417032254, 625, 264, 361, 0, 0, 0
2808, 1, 1636417031721, 1636417032342, 621, 266, 355, 0, 0, 0
2809, 1, 1636417032004, 1636417032634, 630, 269, 361, 1, 0, 1
2810, 1, 1636417032132, 1636417032762, 630, 272, 358, 0, 1, 1
2811, 1, 1636417032292, 1636417032926, 634, 273, 361, 1, 0, 1
2812, 1, 1636417032336, 1636417032970, 634, 273, 361, 1, 0, 1
2813, 1, 1636417032432, 1636417033054, 622, 269, 353, 1, 0, 1
2814, 1, 1636417032718, 1636417033354, 636, 270, 366, 0, 0, 0
2815, 1, 1636417032852, 1636417033478, 626, 270, 356, 1, 1, 2
2816, 1, 1636417033005, 1636417033638, 633, 273, 360, 0, 0, 0
2817, 1, 1636417033046, 1636417033666, 620, 267, 353, 0, 0, 0
2818, 1, 1636417033150, 1636417033778, 628, 269, 359, 0, 0, 0
2819, 1, 1636417033433, 1636417034062, 629, 270, 359, 0, 1, 1
2820, 1, 1636417033560, 1636417034338, 778, 417, 361, 1, 0, 1
2821, 1, 1636417033714, 1636417034346, 632, 274, 358, 1, 0, 1
2822, 1, 1636417033763, 1636417034390, 627, 269, 358, 0, 0, 0
2823, 1, 1636417033870, 1636417034614, 744, 383, 361, 0, 0, 0
2824, 1, 1636417034141, 1636417034894, 753, 390, 363, 1, 0, 1
2825, 1, 1636417034340, 1636417035010, 670, 269, 401, 1, 0, 1
2826, 1, 1636417034428, 1636417035054, 626, 268, 358, 0, 0, 0
2827, 1, 1636417034483, 1636417035162, 679, 321, 358, 0, 0, 0
2828, 1, 1636417034616, 1636417035282, 666, 266, 400, 1, 0, 1
2829, 1, 1636417034896, 1636417035562, 666, 267, 399, 3, 0, 3
2830, 1, 1636417035051, 1636417035722, 671, 270, 401, 1, 0, 1
2831, 1, 1636417035148, 1636417035774, 626, 270, 356, 2, 1, 3
2833, 1, 1636417035329, 1636417035954, 625, 267, 358, 0, 1, 1
2832, 1, 1636417035195, 1636417036042, 847, 446, 401, 0, 1, 1
2834, 1, 1636417035607, 1636417036234, 627, 269, 358, 0, 0, 0
2835, 1, 1636417035763, 1636417036430, 667, 270, 397, 1, 0, 1
2836, 1, 1636417035856, 1636417036478, 622, 267, 355, 2, 0, 2
2837, 1, 1636417036036, 1636417036662, 626, 269, 357, 1, 0, 1
2838, 1, 1636417036044, 1636417036710, 666, 266, 400, 0, 0, 0
2839, 1, 1636417036316, 1636417036934, 618, 265, 353, 0, 0, 0
2840, 1, 1636417036476, 1636417037090, 614, 262, 352, 0, 0, 0
2841, 1, 1636417036573, 1636417037206, 633, 271, 362, 0, 0, 0
2842, 1, 1636417036745, 1636417037366, 621, 262, 359, 0, 0, 0
2843, 1, 1636417036755, 1636417037378, 623, 270, 353, 0, 0, 0
2844, 1, 1636417037026, 1636417037662, 636, 270, 366, 0, 0, 0
2845, 1, 1636417037183, 1636417037818, 635, 271, 364, 0, 1, 1
2847, 1, 1636417037455, 1636417038078, 623, 270, 353, 1, 1, 2
2848, 1, 1636417037469, 1636417038102, 633, 275, 358, 2, 0, 2
2850, 1, 1636417037900, 1636417038526, 626, 268, 358, 0, 0, 0
2852, 1, 1636417038180, 1636417038802, 622, 270, 352, 0, 1, 1
2853, 1, 1636417038617, 1636417039242, 625, 266, 359, 0, 0, 0
2855, 1, 1636417039334, 1636417039958, 624, 266, 358, 0, 0, 0
2856, 1, 1636417040051, 1636417040678, 627, 270, 357, 1, 1, 2
2857, 1, 1636417040760, 1636417041386, 626, 272, 354, 0, 2, 2
2858, 1, 1636417041471, 1636417042094, 623, 269, 354, 1, 1, 2
2859, 1, 1636417042189, 1636417042818, 629, 269, 360, 0, 0, 0
2860, 1, 1636417042909, 1636417043542, 633, 272, 361, 0, 1, 1
2861, 1, 1636417043623, 1636417044254, 631, 271, 360, 0, 2, 2
2862, 1, 1636417044336, 1636417044966, 630, 271, 359, 1, 3, 4
2863, 1, 1636417045047, 1636417045670, 623, 270, 353, 2, 1, 3
2864, 1, 1636417045753, 1636417046386, 633, 270, 363, 0, 1, 1
2865, 1, 1636417046462, 1636417047090, 628, 269, 359, 0, 0, 0
2846, 2, 1636417037292, 1636417047730, 10438, 256, 10182, 1, 1, 2
2866, 1, 1636417047176, 1636417047802, 626, 269, 357, 0, 1, 1
2849, 2, 1636417037739, 1636417047876, 10137, 0, 10137, 0, 1, 1
2854, 1, 1636417038888, 1636417048178, 9290, 8930, 360, 1, 6, 7
2851, 1, 1636417038164, 1636417048446, 10282, 9925, 357, 0, 0, 0
2867, 1, 1636417047818, 1636417048478, 660, 266, 394, 0, 0, 0
2868, 1, 1636417047885, 1636417048506, 621, 265, 356, 0, 0, 0
2869, 1, 1636417048006, 1636417048673, 667, 266, 401, 0, 0, 0
2870, 1, 1636417048180, 1636417048946, 766, 370, 396, 0, 0, 0
2872, 1, 1636417048493, 1636417049162, 669, 269, 400, 2, 0, 2
2871, 1, 1636417048448, 1636417049214, 766, 370, 396, 1, 2, 3
2873, 1, 1636417048597, 1636417049218, 621, 262, 359, 1, 0, 1
2874, 1, 1636417048677, 1636417049346, 669, 270, 399, 2, 0, 2
2875, 1, 1636417048948, 1636417049618, 670, 271, 399, 1, 0, 1
2876, 1, 1636417049206, 1636417049830, 624, 265, 359, 0, 0, 0
2877, 1, 1636417049216, 1636417049898, 682, 283, 399, 2, 1, 3
2878, 1, 1636417049309, 1636417049938, 629, 270, 359, 1, 0, 1
2879, 1, 1636417049390, 1636417050062, 672, 270, 402, 0, 1, 1
2880, 1, 1636417049661, 1636417050334, 673, 274, 399, 0, 1, 1
2881, 1, 1636417049921, 1636417050550, 629, 270, 359, 0, 0, 0
2882, 1, 1636417049930, 1636417050610, 680, 281, 399, 1, 0, 1
2883, 1, 1636417050020, 1636417050646, 626, 266, 360, 0, 0, 0
2884, 1, 1636417050104, 1636417050774, 670, 271, 399, 0, 1, 1
2885, 1, 1636417050374, 1636417051062, 688, 274, 414, 0, 2, 2
2886, 1, 1636417050638, 1636417051262, 624, 271, 353, 0, 0, 0
2887, 1, 1636417050643, 1636417051330, 687, 286, 401, 1, 0, 1
2888, 1, 1636417050739, 1636417051366, 627, 270, 357, 1, 0, 1
2889, 1, 1636417050818, 1636417051482, 664, 267, 397, 1, 0, 1
2890, 1, 1636417051088, 1636417051754, 666, 270, 396, 0, 2, 2
2891, 1, 1636417051354, 1636417051982, 628, 271, 357, 2, 0, 2
2892, 1, 1636417051357, 1636417052022, 665, 269, 396, 0, 0, 0
2893, 1, 1636417051453, 1636417052086, 633, 267, 366, 0, 1, 1
2894, 1, 1636417051531, 1636417052158, 627, 273, 354, 0, 0, 0
2895, 1, 1636417051800, 1636417052426, 626, 272, 354, 0, 2, 2
2897, 1, 1636417052072, 1636417052694, 622, 266, 356, 0, 1, 1
2898, 1, 1636417052164, 1636417052786, 622, 267, 355, 3, 0, 3
2899, 1, 1636417052251, 1636417052874, 623, 271, 352, 1, 1, 2
2900, 1, 1636417052520, 1636417053146, 626, 271, 355, 1, 1, 2
2901, 1, 1636417052785, 1636417053410, 625, 270, 355, 0, 0, 0
2902, 1, 1636417052879, 1636417053498, 619, 266, 353, 2, 0, 2
2903, 1, 1636417052961, 1636417053586, 625, 269, 356, 1, 0, 1
2904, 1, 1636417053231, 1636417053862, 631, 270, 361, 1, 0, 1
2905, 1, 1636417053496, 1636417054118, 622, 270, 352, 0, 0, 0
2906, 1, 1636417053586, 1636417054206, 620, 268, 352, 1, 1, 2
2907, 1, 1636417053675, 1636417054298, 623, 269, 354, 0, 0, 0
2908, 1, 1636417053944, 1636417054562, 618, 266, 352, 0, 0, 0
2909, 1, 1636417054211, 1636417054834, 623, 268, 355, 0, 3, 3
2910, 1, 1636417054300, 1636417054926, 626, 268, 358, 1, 0, 1
2911, 1, 1636417054389, 1636417055014, 625, 270, 355, 1, 1, 2
2912, 1, 1636417054659, 1636417055282, 623, 271, 352, 0, 0, 0
2913, 1, 1636417054931, 1636417055550, 619, 265, 354, 2, 0, 2
2914, 1, 1636417055019, 1636417055634, 615, 263, 352, 0, 0, 0
2915, 1, 1636417055110, 1636417055742, 632, 270, 362, 2, 0, 2
2916, 1, 1636417055380, 1636417056010, 630, 274, 356, 1, 0, 1
2917, 1, 1636417055652, 1636417056282, 630, 270, 360, 1, 0, 1
2918, 1, 1636417055741, 1636417056370, 629, 270, 359, 0, 0, 0
2919, 1, 1636417055821, 1636417056450, 629, 269, 360, 0, 0, 0
2920, 1, 1636417056090, 1636417056722, 632, 278, 354, 0, 0, 0
2921, 1, 1636417056365, 1636417056998, 633, 274, 359, 2, 0, 2
2922, 1, 1636417056461, 1636417057082, 621, 266, 355, 0, 1, 1
2923, 1, 1636417056530, 1636417057158, 628, 271, 357, 0, 2, 2
2896, 1, 1636417052070, 1636417057358, 5288, 4930, 358, 0, 0, 0
2924, 1, 1636417056801, 1636417057430, 629, 272, 357, 0, 2, 2
2925, 1, 1636417057073, 1636417057698, 625, 269, 356, 1, 0, 1
2926, 1, 1636417057177, 1636417057802, 625, 266, 359, 0, 0, 0
2927, 1, 1636417057240, 1636417057866, 626, 271, 355, 1, 1, 2
2928, 1, 1636417057360, 1636417058026, 666, 266, 400, 0, 0, 0
2929, 1, 1636417057511, 1636417058138, 627, 270, 357, 1, 0, 1
2930, 1, 1636417057781, 1636417058414, 633, 274, 359, 2, 0, 2
2931, 1, 1636417057895, 1636417058522, 627, 270, 357, 1, 1, 2
2932, 1, 1636417057953, 1636417058686, 733, 374, 359, 1, 0, 1
2933, 1, 1636417058073, 1636417058710, 637, 277, 360, 1, 0, 1
2934, 1, 1636417058224, 1636417058962, 738, 382, 356, 1, 1, 2
2935, 1, 1636417058489, 1636417059118, 629, 266, 363, 1, 0, 1
2936, 1, 1636417058615, 1636417059234, 619, 266, 353, 0, 0, 0
2937, 1, 1636417058687, 1636417059362, 675, 272, 403, 0, 1, 1
2938, 1, 1636417058788, 1636417059410, 622, 269, 353, 0, 0, 0
2939, 1, 1636417058964, 1636417059634, 670, 270, 400, 2, 0, 2
2940, 1, 1636417059204, 1636417059906, 702, 346, 356, 1, 0, 1
2941, 1, 1636417059335, 1636417059970, 635, 273, 362, 0, 0, 0
2942, 1, 1636417059402, 1636417060070, 668, 267, 401, 0, 1, 1
2943, 1, 1636417059510, 1636417060130, 620, 266, 354, 1, 0, 1
2944, 1, 1636417059676, 1636417060346, 670, 275, 395, 0, 1, 1
2945, 1, 1636417059919, 1636417060614, 695, 301, 394, 0, 0, 0
2946, 1, 1636417060050, 1636417060678, 628, 270, 358, 1, 0, 1
2948, 1, 1636417060231, 1636417060858, 627, 266, 361, 0, 0, 0
2947, 1, 1636417060116, 1636417060882, 766, 414, 352, 2, 0, 2
2949, 1, 1636417060389, 1636417061154, 765, 363, 402, 0, 2, 2
2951, 1, 1636417060767, 1636417061390, 623, 271, 352, 2, 0, 2
2950, 1, 1636417060633, 1636417061422, 789, 386, 403, 0, 1, 1
2952, 1, 1636417060884, 1636417061550, 666, 270, 396, 0, 0, 0
2953, 1, 1636417060943, 1636417061562, 619, 265, 354, 1, 0, 1
2954, 1, 1636417061156, 1636417061818, 662, 263, 399, 2, 0, 2
2955, 1, 1636417061424, 1636417062086, 662, 265, 397, 0, 0, 0
2956, 1, 1636417061482, 1636417062098, 616, 263, 353, 1, 0, 1
2957, 1, 1636417061601, 1636417062222, 621, 266, 355, 0, 0, 0
2958, 1, 1636417061654, 1636417062278, 624, 271, 353, 0, 0, 0
2959, 1, 1636417061873, 1636417062502, 629, 270, 359, 0, 0, 0
2960, 1, 1636417062141, 1636417062782, 641, 276, 365, 1, 0, 1
2961, 1, 1636417062192, 1636417062810, 618, 265, 353, 1, 0, 1
2962, 1, 1636417062314, 1636417062942, 628, 270, 358, 0, 0, 0
2963, 1, 1636417062361, 1636417062986, 625, 267, 358, 2, 1, 3
2964, 1, 1636417062585, 1636417063214, 629, 274, 355, 0, 1, 1
2965, 1, 1636417062851, 1636417063486, 635, 278, 357, 0, 1, 1
2966, 1, 1636417062900, 1636417063518, 618, 265, 353, 0, 0, 0
2967, 1, 1636417063024, 1636417063650, 626, 268, 358, 0, 0, 0
2968, 1, 1636417063074, 1636417063698, 624, 270, 354, 1, 1, 2
2969, 1, 1636417063296, 1636417063918, 622, 263, 359, 0, 0, 0
2970, 1, 1636417063560, 1636417064186, 626, 271, 355, 0, 1, 1
2971, 1, 1636417063621, 1636417064238, 617, 262, 355, 0, 0, 0
2973, 1, 1636417063789, 1636417064406, 617, 262, 355, 0, 0, 0
2972, 1, 1636417063743, 1636417064514, 771, 415, 356, 0, 2, 2
2974, 1, 1636417064012, 1636417064794, 782, 421, 361, 0, 0, 0
2976, 1, 1636417064328, 1636417064950, 622, 269, 353, 1, 0, 1
2975, 1, 1636417064280, 1636417065070, 790, 434, 356, 0, 1, 1
2977, 1, 1636417064500, 1636417065126, 626, 269, 357, 1, 1, 2
2978, 1, 1636417064516, 1636417065178, 662, 266, 396, 0, 0, 0
2979, 1, 1636417064796, 1636417065466, 670, 270, 400, 1, 0, 1
2980, 1, 1636417065049, 1636417065674, 625, 269, 356, 1, 0, 1
2981, 1, 1636417065072, 1636417065742, 670, 270, 400, 0, 1, 1
2982, 1, 1636417065211, 1636417065838, 627, 271, 356, 0, 0, 0
2983, 1, 1636417065226, 1636417065854, 628, 274, 354, 0, 1, 1
2984, 1, 1636417065509, 1636417066182, 673, 270, 403, 3, 0, 3
2985, 1, 1636417065765, 1636417066394, 629, 270, 359, 0, 0, 0
2986, 1, 1636417065785, 1636417066446, 661, 306, 355, 0, 0, 0
2987, 1, 1636417065923, 1636417066546, 623, 266, 357, 0, 0, 0
2988, 1, 1636417065936, 1636417066558, 622, 266, 356, 2, 0, 2
2989, 1, 1636417066222, 1636417066898, 676, 273, 403, 0, 1, 1
2990, 1, 1636417066480, 1636417067102, 622, 272, 350, 0, 2, 2
2991, 1, 1636417066497, 1636417067170, 673, 315, 358, 2, 0, 2
2992, 1, 1636417066633, 1636417067262, 629, 267, 362, 3, 0, 3
2993, 1, 1636417066657, 1636417067278, 621, 266, 355, 0, 0, 0
2994, 1, 1636417066937, 1636417067606, 669, 271, 398, 1, 0, 1
2995, 1, 1636417067194, 1636417067818, 624, 270, 354, 2, 0, 2
2996, 1, 1636417067212, 1636417067878, 666, 268, 398, 0, 0, 0
2997, 1, 1636417067352, 1636417067970, 618, 266, 352, 0, 0, 0
2998, 1, 1636417067368, 1636417067998, 630, 271, 359, 1, 0, 1
2999, 1, 1636417067650, 1636417068274, 624, 267, 357, 1, 0, 1
3000, 1, 1636417067908, 1636417068534, 626, 270, 356, 0, 0, 0
3001, 1, 1636417067925, 1636417068550, 625, 265, 360, 0, 0, 0
3002, 1, 1636417068058, 1636417068682, 624, 266, 358, 1, 0, 1
3003, 1, 1636417068085, 1636417068706, 621, 267, 354, 0, 0, 0
3004, 1, 1636417068368, 1636417068986, 618, 266, 352, 0, 0, 0
3005, 1, 1636417068621, 1636417069246, 625, 270, 355, 0, 0, 0
3006, 1, 1636417068642, 1636417069274, 632, 274, 358, 0, 0, 0
3007, 1, 1636417068773, 1636417069398, 625, 266, 359, 1, 0, 1
3008, 1, 1636417068795, 1636417069422, 627, 271, 356, 1, 1, 2
3009, 1, 1636417069076, 1636417069710, 634, 275, 359, 1, 0, 1
3010, 1, 1636417069342, 1636417069974, 632, 268, 364, 1, 0, 1
3011, 1, 1636417069354, 1636417069978, 624, 271, 353, 0, 1, 1
3012, 1, 1636417069491, 1636417070122, 631, 274, 357, 1, 0, 1
3013, 1, 1636417069506, 1636417070130, 624, 269, 355, 0, 0, 0
3014, 1, 1636417069789, 1636417070426, 637, 278, 359, 0, 0, 0
3015, 1, 1636417070056, 1636417070682, 626, 267, 359, 1, 0, 1
3016, 1, 1636417070065, 1636417070690, 625, 269, 356, 0, 0, 0
3017, 1, 1636417070201, 1636417070822, 621, 267, 354, 0, 0, 0
3018, 1, 1636417070222, 1636417070850, 628, 269, 359, 0, 0, 0
3019, 1, 1636417070504, 1636417071130, 626, 271, 355, 2, 0, 2
3020, 1, 1636417070765, 1636417071398, 633, 273, 360, 0, 0, 0
3021, 1, 1636417070781, 1636417071406, 625, 266, 359, 0, 1, 1
3022, 1, 1636417070916, 1636417071538, 622, 267, 355, 0, 0, 0
3023, 1, 1636417070939, 1636417071566, 627, 269, 358, 0, 0, 0
3024, 1, 1636417071221, 1636417071846, 625, 266, 359, 1, 0, 1
3025, 1, 1636417071473, 1636417072106, 633, 271, 362, 2, 0, 2
3026, 1, 1636417071498, 1636417072126, 628, 271, 357, 0, 2, 2
3027, 1, 1636417071634, 1636417072262, 628, 273, 355, 0, 0, 0
3028, 1, 1636417071653, 1636417072278, 625, 268, 357, 1, 0, 1
3029, 1, 1636417071935, 1636417072562, 627, 267, 360, 2, 0, 2
3030, 1, 1636417072184, 1636417072810, 626, 271, 355, 0, 1, 1
3031, 1, 1636417072212, 1636417072842, 630, 270, 360, 0, 1, 1
3032, 1, 1636417072354, 1636417072978, 624, 269, 355, 0, 0, 0
3033, 1, 1636417072367, 1636417072990, 623, 267, 356, 0, 1, 1
3034, 1, 1636417072650, 1636417073278, 628, 270, 358, 2, 0, 2
3035, 1, 1636417072897, 1636417073522, 625, 265, 360, 1, 0, 1
3036, 1, 1636417072926, 1636417073546, 620, 266, 354, 0, 0, 0
3037, 1, 1636417073074, 1636417073698, 624, 271, 353, 2, 0, 2
3038, 1, 1636417073081, 1636417073710, 629, 270, 359, 0, 0, 0
3039, 1, 1636417073364, 1636417073994, 630, 275, 355, 0, 1, 1
3040, 1, 1636417073607, 1636417074234, 627, 266, 361, 0, 0, 0
3041, 1, 1636417073640, 1636417074266, 626, 269, 357, 0, 1, 1
3042, 1, 1636417073791, 1636417074422, 631, 269, 362, 0, 0, 0
3043, 1, 1636417073799, 1636417074422, 623, 266, 357, 0, 0, 0
3044, 1, 1636417074082, 1636417074710, 628, 270, 358, 2, 0, 2
3045, 1, 1636417074316, 1636417074934, 618, 266, 352, 1, 1, 2
3046, 1, 1636417074359, 1636417074986, 627, 266, 361, 1, 0, 1
3047, 1, 1636417074510, 1636417075134, 624, 270, 354, 1, 1, 2
3048, 1, 1636417074518, 1636417075142, 624, 266, 358, 0, 0, 0
3049, 1, 1636417074801, 1636417075430, 629, 270, 359, 0, 1, 1
3050, 1, 1636417075025, 1636417075650, 625, 269, 356, 1, 0, 1
3051, 1, 1636417075078, 1636417075702, 624, 270, 354, 1, 0, 1
3053, 1, 1636417075229, 1636417075858, 629, 262, 367, 0, 0, 0
3052, 1, 1636417075228, 1636417075862, 634, 270, 364, 0, 0, 0
3054, 1, 1636417075510, 1636417076138, 628, 271, 357, 1, 0, 1
3055, 1, 1636417075733, 1636417076354, 621, 265, 356, 0, 0, 0
3056, 1, 1636417075787, 1636417076418, 631, 267, 364, 0, 0, 0
3058, 1, 1636417075949, 1636417076570, 621, 266, 355, 0, 0, 0
3057, 1, 1636417075943, 1636417076570, 627, 268, 359, 0, 0, 0
3059, 1, 1636417076226, 1636417076858, 632, 275, 357, 0, 2, 2
3060, 1, 1636417076449, 1636417077078, 629, 269, 360, 0, 0, 0
3061, 1, 1636417076503, 1636417077142, 639, 282, 357, 1, 0, 1
3062, 1, 1636417076662, 1636417077290, 628, 270, 358, 3, 0, 3
3063, 1, 1636417076671, 1636417077346, 675, 317, 358, 0, 1, 1
3064, 1, 1636417076945, 1636417077566, 621, 267, 354, 1, 1, 2
3065, 1, 1636417077159, 1636417077790, 631, 271, 360, 1, 1, 2
3066, 1, 1636417077219, 1636417077850, 631, 270, 361, 0, 0, 0
3067, 1, 1636417077373, 1636417078002, 629, 269, 360, 1, 0, 1
3068, 1, 1636417077385, 1636417078058, 673, 272, 401, 0, 0, 0
3069, 1, 1636417077657, 1636417078282, 625, 271, 354, 2, 0, 2
3070, 1, 1636417077868, 1636417078490, 622, 265, 357, 1, 0, 1
3071, 1, 1636417077930, 1636417078550, 620, 262, 358, 0, 0, 0
3072, 1, 1636417078087, 1636417078714, 627, 266, 361, 1, 0, 1
3073, 1, 1636417078099, 1636417078770, 671, 275, 396, 2, 0, 2
3074, 1, 1636417078371, 1636417078998, 627, 269, 358, 0, 0, 0
3075, 1, 1636417078579, 1636417079210, 631, 275, 356, 1, 2, 3
3076, 1, 1636417078642, 1636417079278, 636, 273, 363, 0, 0, 0
3077, 1, 1636417078807, 1636417079430, 623, 266, 357, 1, 0, 1
3078, 1, 1636417078811, 1636417079482, 671, 273, 398, 0, 0, 0
3079, 1, 1636417079091, 1636417079710, 619, 266, 353, 2, 0, 2
3080, 1, 1636417079291, 1636417079918, 627, 270, 357, 1, 0, 1
3081, 1, 1636417079356, 1636417079990, 634, 278, 356, 0, 1, 1
3083, 1, 1636417079525, 1636417080198, 673, 270, 403, 0, 0, 0
3082, 1, 1636417079523, 1636417080270, 747, 387, 360, 1, 1, 2
3084, 1, 1636417079807, 1636417080538, 731, 375, 356, 1, 0, 1
3085, 1, 1636417080009, 1636417080638, 629, 270, 359, 0, 0, 0
3086, 1, 1636417080075, 1636417080806, 731, 375, 356, 1, 0, 1
3087, 1, 1636417080239, 1636417080898, 659, 262, 397, 0, 0, 0
3088, 1, 1636417080272, 1636417080946, 674, 274, 400, 0, 0, 0
3089, 1, 1636417080540, 1636417081218, 678, 278, 400, 0, 0, 0
3090, 1, 1636417080727, 1636417081354, 627, 266, 361, 1, 0, 1
3091, 1, 1636417080808, 1636417081490, 682, 286, 396, 2, 0, 2
3092, 1, 1636417080952, 1636417081578, 626, 270, 356, 0, 0, 0
3093, 1, 1636417080986, 1636417081658, 672, 273, 399, 1, 0, 1
3094, 1, 1636417081254, 1636417081934, 680, 274, 406, 1, 0, 1
3095, 1, 1636417081436, 1636417082062, 626, 270, 356, 3, 0, 3
3096, 1, 1636417081523, 1636417082198, 675, 278, 397, 2, 0, 2
3097, 1, 1636417081673, 1636417082294, 621, 270, 351, 0, 0, 0
3098, 1, 1636417081699, 1636417082362, 663, 265, 398, 1, 0, 1
3099, 1, 1636417081967, 1636417082646, 679, 278, 401, 0, 1, 1
3100, 1, 1636417082147, 1636417082774, 627, 269, 358, 0, 0, 0
3101, 1, 1636417082235, 1636417082926, 691, 291, 400, 0, 1, 1
3102, 1, 1636417082394, 1636417083022, 628, 271, 357, 0, 1, 1
3103, 1, 1636417082416, 1636417083046, 630, 270, 360, 0, 0, 0
3104, 1, 1636417082682, 1636417083354, 672, 266, 406, 1, 0, 1
3105, 1, 1636417082860, 1636417083478, 618, 264, 354, 0, 0, 0
3106, 1, 1636417082950, 1636417083634, 684, 283, 401, 1, 0, 1
3107, 1, 1636417083108, 1636417083730, 622, 271, 351, 1, 1, 2
3108, 1, 1636417083130, 1636417083762, 632, 270, 362, 0, 0, 0
3109, 1, 1636417083396, 1636417084062, 666, 264, 402, 1, 1, 2
3110, 1, 1636417083570, 1636417084202, 632, 275, 357, 0, 1, 1
3111, 1, 1636417083664, 1636417084334, 670, 270, 400, 2, 1, 3
3112, 1, 1636417083822, 1636417084446, 624, 267, 357, 0, 1, 1
3113, 1, 1636417083838, 1636417084462, 624, 270, 354, 0, 1, 1
3114, 1, 1636417084107, 1636417084734, 627, 274, 353, 2, 0, 2
3115, 1, 1636417084281, 1636417084906, 625, 270, 355, 0, 1, 1
3116, 1, 1636417084375, 1636417085038, 663, 266, 397, 0, 0, 0
3117, 1, 1636417084537, 1636417085162, 625, 265, 360, 1, 0, 1
3118, 1, 1636417084545, 1636417085170, 625, 267, 358, 1, 1, 2
3119, 1, 1636417084814, 1636417085438, 624, 271, 353, 2, 0, 2
3120, 1, 1636417084999, 1636417085626, 627, 265, 362, 0, 0, 0
3121, 1, 1636417085086, 1636417085714, 628, 275, 353, 0, 0, 0
3122, 1, 1636417085249, 1636417085878, 629, 270, 359, 1, 1, 2
3123, 1, 1636417085252, 1636417085878, 626, 270, 356, 2, 1, 3
3124, 1, 1636417085522, 1636417086146, 624, 266, 358, 0, 1, 1
3125, 1, 1636417085708, 1636417086330, 622, 267, 355, 0, 2, 2
3126, 1, 1636417085794, 1636417086414, 620, 266, 354, 1, 1, 2
3127, 1, 1636417085966, 1636417086594, 628, 269, 359, 0, 0, 0
3128, 1, 1636417085970, 1636417086594, 624, 267, 357, 0, 1, 1
3129, 1, 1636417086235, 1636417086862, 627, 275, 352, 1, 0, 1
3130, 1, 1636417086427, 1636417087050, 623, 266, 357, 1, 0, 1
3131, 1, 1636417086508, 1636417087138, 630, 270, 360, 1, 0, 1
3132, 1, 1636417086677, 1636417087298, 621, 268, 353, 1, 1, 2
3135, 1, 1636417087142, 1636417087770, 628, 269, 359, 0, 0, 0
3137, 1, 1636417087385, 1636417088018, 633, 275, 358, 0, 1, 1
3138, 1, 1636417087851, 1636417088478, 627, 269, 358, 2, 0, 2
3139, 1, 1636417088094, 1636417088722, 628, 270, 358, 0, 0, 0
3140, 1, 1636417088563, 1636417089194, 631, 269, 362, 0, 1, 1
3141, 1, 1636417088803, 1636417089430, 627, 270, 357, 1, 1, 2
3142, 1, 1636417089281, 1636417089910, 629, 269, 360, 0, 0, 0
3143, 1, 1636417089517, 1636417090150, 633, 269, 364, 2, 0, 2
3144, 1, 1636417089995, 1636417090622, 627, 269, 358, 0, 0, 0
3145, 1, 1636417090229, 1636417090854, 625, 271, 354, 0, 1, 1
3146, 1, 1636417090709, 1636417091338, 629, 272, 357, 0, 2, 2
3147, 1, 1636417090937, 1636417091566, 629, 268, 361, 0, 0, 0
3148, 1, 1636417091429, 1636417092058, 629, 269, 360, 1, 0, 1
3149, 1, 1636417091648, 1636417092274, 626, 270, 356, 1, 2, 3
3150, 1, 1636417092148, 1636417092774, 626, 271, 355, 0, 2, 2
3151, 1, 1636417092360, 1636417092990, 630, 275, 355, 1, 1, 2
3152, 1, 1636417092862, 1636417093490, 628, 269, 359, 0, 0, 0
3153, 1, 1636417093080, 1636417093706, 626, 268, 358, 0, 0, 0
3154, 1, 1636417093570, 1636417094198, 628, 270, 358, 1, 1, 2
3155, 1, 1636417093795, 1636417094422, 627, 269, 358, 1, 0, 1
3156, 1, 1636417094282, 1636417094910, 628, 267, 361, 0, 0, 0
3157, 1, 1636417094503, 1636417095126, 623, 269, 354, 0, 1, 1
3158, 1, 1636417094991, 1636417095618, 627, 271, 356, 0, 2, 2
3159, 1, 1636417095216, 1636417095890, 674, 318, 356, 1, 0, 1
3160, 1, 1636417095703, 1636417096330, 627, 272, 355, 1, 1, 2
3161, 1, 1636417095929, 1636417096598, 669, 265, 404, 2, 0, 2
3133, 2, 1636417086684, 1636417096820, 10136, 0, 10136, 0, 0, 0
3134, 2, 1636417086945, 1636417097079, 10134, 1, 10133, 1, 0, 1
3162, 1, 1636417096414, 1636417097086, 672, 271, 401, 2, 2, 4
3163, 1, 1636417096641, 1636417097346, 705, 303, 402, 0, 34, 34
3136, 1, 1636417087218, 1636417097566, 10348, 9993, 355, 1, 0, 1
3164, 1, 1636417097126, 1636417097794, 668, 266, 402, 1, 1, 2
3166, 1, 1636417097211, 1636417097878, 667, 264, 403, 0, 0, 0
3165, 1, 1636417097210, 1636417097878, 668, 265, 403, 2, 0, 2
3167, 1, 1636417097355, 1636417098022, 667, 266, 401, 0, 0, 0
3168, 1, 1636417097568, 1636417098234, 666, 271, 395, 0, 1, 1
3169, 1, 1636417097838, 1636417098498, 660, 263, 397, 1, 0, 1
3171, 1, 1636417097881, 1636417098546, 665, 267, 398, 3, 0, 3
3170, 1, 1636417097881, 1636417098546, 665, 265, 400, 1, 0, 1
3172, 1, 1636417098072, 1636417098698, 626, 269, 357, 0, 0, 0
3173, 1, 1636417098279, 1636417098906, 627, 265, 362, 0, 0, 0
3174, 1, 1636417098549, 1636417099178, 629, 273, 356, 0, 0, 0
3175, 1, 1636417098593, 1636417099222, 629, 269, 360, 2, 1, 3
3176, 1, 1636417098593, 1636417099222, 629, 272, 357, 3, 1, 4
3177, 1, 1636417098789, 1636417099414, 625, 266, 359, 0, 0, 0
3178, 1, 1636417098996, 1636417099622, 626, 270, 356, 1, 0, 1
3179, 1, 1636417099264, 1636417099890, 626, 270, 356, 0, 0, 0
3180, 1, 1636417099312, 1636417099930, 618, 265, 353, 0, 0, 0
3181, 1, 1636417099312, 1636417099934, 622, 270, 352, 2, 0, 2
3182, 1, 1636417099502, 1636417100130, 628, 269, 359, 0, 0, 0
3183, 1, 1636417099708, 1636417100334, 626, 270, 356, 1, 0, 1
3184, 1, 1636417099986, 1636417100614, 628, 270, 358, 0, 0, 0
3186, 1, 1636417100030, 1636417100654, 624, 263, 361, 0, 0, 0
3185, 1, 1636417100027, 1636417100654, 627, 266, 361, 0, 0, 0
3187, 1, 1636417100215, 1636417100838, 623, 266, 357, 0, 0, 0
3188, 1, 1636417100423, 1636417101050, 627, 271, 356, 0, 2, 2
3189, 1, 1636417100694, 1636417101322, 628, 270, 358, 0, 0, 0
3191, 1, 1636417100751, 1636417101370, 619, 267, 352, 0, 1, 1
3190, 1, 1636417100748, 1636417101378, 630, 266, 364, 1, 0, 1
3192, 1, 1636417100935, 1636417101558, 623, 266, 357, 0, 0, 0
3193, 1, 1636417101144, 1636417101766, 622, 269, 353, 1, 0, 1
3195, 1, 1636417101467, 1636417102090, 623, 265, 358, 0, 0, 0
3194, 1, 1636417101462, 1636417102090, 628, 271, 357, 3, 1, 4
3196, 1, 1636417101647, 1636417102270, 623, 267, 356, 1, 1, 2
3197, 1, 1636417101854, 1636417102478, 624, 266, 358, 0, 1, 1
3198, 1, 1636417102172, 1636417102794, 622, 266, 356, 0, 0, 0
3199, 1, 1636417102177, 1636417102806, 629, 266, 363, 0, 0, 0
3200, 1, 1636417102364, 1636417102998, 634, 271, 363, 1, 0, 1
3201, 1, 1636417102573, 1636417103198, 625, 269, 356, 0, 1, 1
3202, 1, 1636417102884, 1636417103510, 626, 266, 360, 0, 0, 0
3203, 1, 1636417102896, 1636417103514, 618, 266, 352, 1, 0, 1
3204, 1, 1636417103079, 1636417103706, 627, 270, 357, 0, 0, 0
3205, 1, 1636417103295, 1636417103922, 627, 271, 356, 0, 2, 2
3206, 1, 1636417103596, 1636417104218, 622, 269, 353, 0, 1, 1
3207, 1, 1636417103614, 1636417104242, 628, 269, 359, 0, 0, 0
3208, 1, 1636417103798, 1636417104426, 628, 270, 358, 2, 0, 2
3209, 1, 1636417104006, 1636417104630, 624, 266, 358, 0, 1, 1
3210, 1, 1636417104312, 1636417104934, 622, 267, 355, 0, 1, 1
3211, 1, 1636417104335, 1636417104966, 631, 273, 358, 0, 1, 1
3212, 1, 1636417104513, 1636417105142, 629, 268, 361, 0, 1, 1
3213, 1, 1636417104725, 1636417105358, 633, 275, 358, 0, 1, 1
3214, 1, 1636417105023, 1636417105646, 623, 271, 352, 2, 0, 2
3215, 1, 1636417105046, 1636417105670, 624, 270, 354, 1, 1, 2
3216, 1, 1636417105226, 1636417105858, 632, 266, 366, 0, 0, 0
3217, 1, 1636417105434, 1636417106062, 628, 270, 358, 1, 0, 1
3218, 1, 1636417105731, 1636417106358, 627, 270, 357, 2, 0, 2
3219, 1, 1636417105756, 1636417106382, 626, 269, 357, 0, 0, 0
3220, 1, 1636417105934, 1636417106558, 624, 269, 355, 0, 1, 1
3221, 1, 1636417106151, 1636417106774, 623, 270, 353, 1, 0, 1
3222, 1, 1636417106449, 1636417107082, 633, 270, 363, 1, 0, 1
3223, 1, 1636417106464, 1636417107094, 630, 271, 359, 0, 1, 1
3224, 1, 1636417106652, 1636417107274, 622, 265, 357, 0, 0, 0
3225, 1, 1636417106871, 1636417107498, 627, 273, 354, 0, 0, 0
3226, 1, 1636417107162, 1636417107786, 624, 270, 354, 2, 0, 2
3227, 1, 1636417107175, 1636417107802, 627, 270, 357, 1, 0, 1
3228, 1, 1636417107366, 1636417108002, 636, 270, 366, 2, 0, 2
3229, 1, 1636417107580, 1636417108206, 626, 270, 356, 0, 2, 2
3230, 1, 1636417107869, 1636417108498, 629, 268, 361, 0, 0, 0
3231, 1, 1636417107893, 1636417108518, 625, 271, 354, 1, 2, 3
3232, 1, 1636417108085, 1636417108710, 625, 271, 354, 0, 1, 1
3233, 1, 1636417108300, 1636417108926, 626, 269, 357, 0, 0, 0
3234, 1, 1636417108582, 1636417109206, 624, 265, 359, 0, 0, 0
3235, 1, 1636417108600, 1636417109230, 630, 268, 362, 0, 0, 0
3236, 1, 1636417108792, 1636417109414, 622, 264, 358, 1, 0, 1
3237, 1, 1636417109017, 1636417109642, 625, 266, 359, 0, 0, 0
3238, 1, 1636417109302, 1636417109934, 632, 273, 359, 1, 0, 1
3239, 1, 1636417109308, 1636417109938, 630, 270, 360, 0, 0, 0
3240, 1, 1636417109508, 1636417110130, 622, 266, 356, 1, 0, 1
3241, 1, 1636417109732, 1636417110366, 634, 270, 364, 0, 0, 0
3242, 1, 1636417110017, 1636417110642, 625, 264, 361, 0, 1, 1
3243, 1, 1636417110026, 1636417110658, 632, 270, 362, 0, 0, 0
3244, 1, 1636417110226, 1636417110858, 632, 269, 363, 0, 0, 0
3245, 1, 1636417110443, 1636417111070, 627, 270, 357, 1, 1, 2
3246, 1, 1636417110731, 1636417111362, 631, 268, 363, 0, 0, 0
3247, 1, 1636417110733, 1636417111366, 633, 278, 355, 0, 1, 1
3248, 1, 1636417110939, 1636417111570, 631, 270, 361, 1, 0, 1
3249, 1, 1636417111165, 1636417111790, 625, 270, 355, 2, 0, 2
3250, 1, 1636417111441, 1636417112070, 629, 268, 361, 1, 0, 1
3251, 1, 1636417111444, 1636417112074, 630, 269, 361, 1, 0, 1
3252, 1, 1636417111876, 1636417112502, 626, 270, 356, 1, 0, 1
3254, 1, 1636417112161, 1636417112786, 625, 271, 354, 0, 1, 1
3253, 1, 1636417112157, 1636417112786, 629, 270, 359, 0, 0, 0
3255, 1, 1636417112595, 1636417113226, 631, 270, 361, 0, 1, 1
3256, 1, 1636417112875, 1636417113502, 627, 270, 357, 0, 0, 0
3257, 1, 1636417112878, 1636417113502, 624, 267, 357, 1, 1, 2
3258, 1, 1636417113307, 1636417113934, 627, 269, 358, 0, 1, 1
3260, 1, 1636417113594, 1636417114214, 620, 267, 353, 0, 0, 0
3259, 1, 1636417113592, 1636417114218, 626, 270, 356, 0, 0, 0
3261, 1, 1636417114027, 1636417114658, 631, 269, 362, 0, 0, 0
3263, 1, 1636417114307, 1636417114930, 623, 268, 355, 1, 0, 1
3262, 1, 1636417114305, 1636417114930, 625, 270, 355, 3, 0, 3
3264, 1, 1636417114741, 1636417115366, 625, 270, 355, 3, 0, 3
3265, 1, 1636417115016, 1636417115630, 614, 262, 352, 2, 0, 2
3266, 1, 1636417115021, 1636417115650, 629, 266, 363, 1, 0, 1
3267, 1, 1636417115455, 1636417116082, 627, 270, 357, 1, 1, 2
3269, 1, 1636417115738, 1636417116362, 624, 265, 359, 0, 0, 0
3268, 1, 1636417115734, 1636417116362, 628, 271, 357, 1, 0, 1
3270, 1, 1636417116164, 1636417116794, 630, 271, 359, 1, 0, 1
3271, 1, 1636417116448, 1636417117074, 626, 266, 360, 2, 0, 2
3272, 1, 1636417116450, 1636417117346, 896, 535, 361, 1, 1, 2
3273, 1, 1636417116882, 1636417117510, 628, 271, 357, 1, 1, 2
3274, 1, 1636417117167, 1636417117790, 623, 267, 356, 1, 0, 1
3275, 1, 1636417117348, 1636417118014, 666, 266, 400, 0, 1, 1
3276, 1, 1636417117592, 1636417118218, 626, 269, 357, 1, 1, 2
3277, 1, 1636417117875, 1636417118498, 623, 270, 353, 1, 0, 1
3278, 1, 1636417118059, 1636417118690, 631, 275, 356, 3, 0, 3
3279, 1, 1636417118313, 1636417118942, 629, 273, 356, 0, 0, 0
3280, 1, 1636417118589, 1636417119218, 629, 274, 355, 1, 2, 3
3281, 1, 1636417118770, 1636417119398, 628, 269, 359, 1, 0, 1
3282, 1, 1636417119020, 1636417119642, 622, 266, 356, 0, 1, 1
3283, 1, 1636417119305, 1636417119934, 629, 269, 360, 1, 0, 1
3284, 1, 1636417119480, 1636417120106, 626, 268, 358, 1, 1, 2
3285, 1, 1636417119737, 1636417120366, 629, 268, 361, 1, 0, 1
3286, 1, 1636417120017, 1636417120654, 637, 274, 363, 1, 0, 1
3287, 1, 1636417120191, 1636417120818, 627, 270, 357, 1, 0, 1
3288, 1, 1636417120455, 1636417121086, 631, 273, 358, 0, 0, 0
3289, 1, 1636417120728, 1636417121350, 622, 270, 352, 1, 1, 2
3290, 1, 1636417120904, 1636417121530, 626, 269, 357, 1, 0, 1
3291, 1, 1636417121168, 1636417121790, 622, 268, 354, 1, 1, 2
3292, 1, 1636417121435, 1636417122062, 627, 269, 358, 0, 1, 1
3293, 1, 1636417121881, 1636417122510, 629, 270, 359, 2, 0, 2
3294, 1, 1636417122143, 1636417122770, 627, 270, 357, 1, 0, 1
3295, 1, 1636417122594, 1636417123226, 632, 268, 364, 0, 0, 0
3296, 1, 1636417122853, 1636417123482, 629, 270, 359, 0, 0, 0
3297, 1, 1636417123574, 1636417124206, 632, 271, 361, 1, 1, 2
3298, 1, 1636417124284, 1636417124906, 622, 266, 356, 0, 0, 0
3299, 1, 1636417125003, 1636417125626, 623, 269, 354, 1, 0, 1
3300, 1, 1636417125723, 1636417126350, 627, 270, 357, 1, 1, 2
