Xid, State, StartTime, EndTime, TransactionTime, ExecuteTime, CommunicationTime, ReadTime, WriteTime, DBTime
1, 1, 1636410873009, 1636410874034, 1025, 589, 436, 0, 140, 140
2, 1, 1636410874124, 1636410874807, 683, 281, 402, 0, 1, 1
3, 1, 1636410874853, 1636410875539, 686, 285, 401, 0, 1, 1
4, 1, 1636410875584, 1636410876259, 675, 280, 395, 0, 1, 1
5, 1, 1636410876304, 1636410876983, 679, 277, 402, 0, 1, 1
6, 1, 1636410877028, 1636410877699, 671, 273, 398, 0, 0, 0
7, 1, 1636410877745, 1636410878427, 682, 279, 403, 0, 0, 0
8, 1, 1636410878472, 1636410879147, 675, 271, 404, 0, 1, 1
9, 1, 1636410879192, 1636410879871, 679, 272, 407, 0, 1, 1
10, 1, 1636410879916, 1636410880595, 679, 274, 405, 0, 1, 1
11, 1, 1636410880640, 1636410881307, 667, 265, 402, 0, 0, 0
12, 1, 1636410881352, 1636410882023, 671, 271, 400, 0, 0, 0
13, 1, 1636410882068, 1636410882731, 663, 262, 401, 0, 1, 1
14, 1, 1636410882776, 1636410883438, 662, 266, 396, 0, 0, 0
15, 1, 1636410883484, 1636410884151, 667, 267, 400, 0, 0, 0
16, 1, 1636410883925, 1636410884718, 793, 407, 386, 0, 2, 2
17, 1, 1636410884196, 1636410884887, 691, 286, 405, 0, 0, 0
18, 1, 1636410884787, 1636410885462, 675, 274, 401, 0, 0, 0
19, 1, 1636410884932, 1636410885558, 626, 270, 356, 0, 0, 0
20, 1, 1636410885508, 1636410886182, 674, 275, 399, 0, 0, 0
21, 1, 1636410885561, 1636410886182, 621, 266, 355, 0, 0, 0
23, 1, 1636410886184, 1636410886811, 627, 270, 357, 0, 0, 0
22, 1, 1636410886183, 1636410886858, 675, 271, 404, 0, 0, 0
24, 1, 1636410886813, 1636410887439, 626, 271, 355, 0, 0, 0
25, 1, 1636410886861, 1636410887530, 669, 270, 399, 0, 0, 0
26, 1, 1636410887441, 1636410888062, 621, 266, 355, 0, 0, 0
27, 1, 1636410887533, 1636410888206, 673, 269, 404, 0, 1, 1
28, 1, 1636410888064, 1636410888683, 619, 266, 353, 0, 0, 0
29, 1, 1636410888209, 1636410888883, 674, 270, 404, 0, 0, 0
30, 1, 1636410888685, 1636410889306, 621, 266, 355, 0, 0, 0
31, 1, 1636410888885, 1636410889558, 673, 273, 400, 0, 0, 0
32, 1, 1636410889309, 1636410889930, 621, 265, 356, 0, 0, 0
33, 1, 1636410889560, 1636410890238, 678, 271, 407, 0, 0, 0
34, 1, 1636410889933, 1636410890563, 630, 271, 359, 0, 0, 0
35, 1, 1636410890240, 1636410890910, 670, 271, 399, 0, 0, 0
36, 1, 1636410890565, 1636410891195, 630, 270, 360, 0, 1, 1
37, 1, 1636410890913, 1636410891582, 669, 269, 400, 0, 0, 0
38, 1, 1636410891197, 1636410891819, 622, 267, 355, 0, 0, 0
39, 1, 1636410891585, 1636410892254, 669, 271, 398, 0, 0, 0
40, 1, 1636410891821, 1636410892447, 626, 271, 355, 0, 0, 0
41, 1, 1636410892256, 1636410892926, 670, 269, 401, 0, 0, 0
42, 1, 1636410892449, 1636410893071, 622, 270, 352, 0, 0, 0
43, 1, 1636410892928, 1636410893598, 670, 270, 400, 0, 0, 0
44, 1, 1636410893073, 1636410893695, 622, 265, 357, 0, 0, 0
45, 1, 1636410893601, 1636410894266, 665, 264, 401, 0, 0, 0
46, 1, 1636410893697, 1636410894315, 618, 262, 356, 0, 0, 0
48, 1, 1636410894317, 1636410894934, 617, 260, 357, 0, 0, 0
47, 1, 1636410894268, 1636410894950, 682, 277, 405, 0, 0, 0
49, 1, 1636410894937, 1636410895555, 618, 261, 357, 0, 0, 0
50, 1, 1636410894952, 1636410895578, 626, 270, 356, 0, 0, 0
51, 1, 1636410895557, 1636410896178, 621, 269, 352, 0, 0, 0
52, 1, 1636410895580, 1636410896202, 622, 264, 358, 0, 0, 0
53, 1, 1636410896181, 1636410896803, 622, 271, 351, 0, 0, 0
54, 1, 1636410896204, 1636410896830, 626, 269, 357, 0, 0, 0
55, 1, 1636410896805, 1636410897423, 618, 267, 351, 0, 0, 0
56, 1, 1636410896833, 1636410897458, 625, 270, 355, 0, 1, 1
57, 1, 1636410897425, 1636410898043, 618, 267, 351, 0, 0, 0
58, 1, 1636410897460, 1636410898086, 626, 269, 357, 0, 0, 0
59, 1, 1636410898045, 1636410898659, 614, 263, 351, 0, 0, 0
60, 1, 1636410898088, 1636410898714, 626, 269, 357, 0, 0, 0
61, 1, 1636410898434, 1636410899174, 740, 357, 383, 0, 1, 1
62, 1, 1636410898661, 1636410899278, 617, 261, 356, 0, 0, 0
63, 1, 1636410898717, 1636410899346, 629, 275, 354, 0, 1, 1
65, 1, 1636410899280, 1636410899902, 622, 267, 355, 0, 0, 0
64, 1, 1636410899238, 1636410899918, 680, 274, 406, 0, 0, 0
66, 1, 1636410899349, 1636410899974, 625, 269, 356, 0, 0, 0
67, 1, 1636410899904, 1636410900522, 618, 262, 356, 0, 0, 0
68, 1, 1636410899921, 1636410900594, 673, 272, 401, 0, 0, 0
69, 1, 1636410899977, 1636410900606, 629, 271, 358, 0, 0, 0
70, 1, 1636410900524, 1636410901142, 618, 263, 355, 0, 1, 1
72, 1, 1636410900608, 1636410901234, 626, 270, 356, 0, 0, 0
71, 1, 1636410900596, 1636410901262, 666, 266, 400, 0, 0, 0
73, 1, 1636410901144, 1636410901758, 614, 262, 352, 0, 0, 0
74, 1, 1636410901236, 1636410901858, 622, 267, 355, 0, 0, 0
75, 1, 1636410901265, 1636410901934, 669, 270, 399, 0, 0, 0
76, 1, 1636410901761, 1636410902374, 613, 263, 350, 0, 1, 1
77, 1, 1636410901860, 1636410902486, 626, 272, 354, 0, 0, 0
78, 1, 1636410901937, 1636410902606, 669, 269, 400, 0, 1, 1
79, 1, 1636410902377, 1636410902994, 617, 265, 352, 0, 0, 0
80, 1, 1636410902488, 1636410903114, 626, 270, 356, 0, 0, 0
81, 1, 1636410902608, 1636410903274, 666, 267, 399, 0, 1, 1
82, 1, 1636410902997, 1636410903619, 622, 266, 356, 0, 0, 0
83, 1, 1636410903116, 1636410903742, 626, 268, 358, 0, 0, 0
84, 1, 1636410903277, 1636410903946, 669, 270, 399, 0, 0, 0
85, 1, 1636410903621, 1636410904234, 613, 264, 349, 0, 0, 0
86, 1, 1636410903745, 1636410904366, 621, 265, 356, 0, 0, 0
87, 1, 1636410903949, 1636410904626, 677, 271, 406, 0, 1, 1
88, 1, 1636410904237, 1636410904859, 622, 267, 355, 0, 0, 0
89, 1, 1636410904368, 1636410904994, 626, 271, 355, 0, 0, 0
90, 1, 1636410904628, 1636410905298, 670, 271, 399, 0, 0, 0
91, 1, 1636410904861, 1636410905474, 613, 264, 349, 0, 0, 0
92, 1, 1636410904997, 1636410905622, 625, 266, 359, 0, 1, 1
93, 1, 1636410905301, 1636410905962, 661, 266, 395, 0, 0, 0
94, 1, 1636410905476, 1636410906090, 614, 263, 351, 0, 0, 0
95, 1, 1636410905624, 1636410906250, 626, 269, 357, 0, 0, 0
96, 1, 1636410905964, 1636410906626, 662, 263, 399, 0, 1, 1
97, 1, 1636410906092, 1636410906711, 619, 263, 356, 0, 0, 0
98, 1, 1636410906253, 1636410906878, 625, 269, 356, 0, 0, 0
99, 1, 1636410906628, 1636410907298, 670, 269, 401, 0, 0, 0
100, 1, 1636410906712, 1636410907330, 618, 265, 353, 0, 0, 0
101, 1, 1636410906880, 1636410907506, 626, 269, 357, 0, 0, 0
103, 1, 1636410907332, 1636410907946, 614, 263, 351, 0, 1, 1
102, 1, 1636410907301, 1636410907962, 661, 266, 395, 0, 0, 0
104, 1, 1636410907509, 1636410908130, 621, 269, 352, 0, 0, 0
105, 1, 1636410907948, 1636410908566, 618, 263, 355, 0, 0, 0
106, 1, 1636410907964, 1636410908634, 670, 265, 405, 0, 0, 0
107, 1, 1636410908133, 1636410908754, 621, 265, 356, 0, 0, 0
108, 1, 1636410908568, 1636410909191, 623, 266, 357, 0, 0, 0
109, 1, 1636410908637, 1636410909318, 681, 280, 401, 0, 0, 0
110, 1, 1636410908756, 1636410909382, 626, 270, 356, 0, 0, 0
111, 1, 1636410909193, 1636410909806, 613, 263, 350, 0, 1, 1
112, 1, 1636410909320, 1636410909946, 626, 270, 356, 0, 0, 0
113, 1, 1636410909383, 1636410910010, 627, 270, 357, 0, 0, 0
114, 1, 1636410909809, 1636410910426, 617, 267, 350, 0, 0, 0
115, 1, 1636410909948, 1636410910566, 618, 267, 351, 0, 0, 0
116, 1, 1636410910013, 1636410910638, 625, 270, 355, 0, 0, 0
117, 1, 1636410910429, 1636410911046, 617, 262, 355, 0, 0, 0
118, 1, 1636410910568, 1636410911186, 618, 266, 352, 0, 0, 0
119, 1, 1636410910639, 1636410911266, 627, 269, 358, 0, 0, 0
120, 1, 1636410911048, 1636410911662, 614, 263, 351, 0, 1, 1
121, 1, 1636410911188, 1636410911806, 618, 262, 356, 0, 0, 0
122, 1, 1636410911268, 1636410911894, 626, 269, 357, 0, 0, 0
123, 1, 1636410911665, 1636410912278, 613, 263, 350, 0, 0, 0
124, 1, 1636410911808, 1636410912430, 622, 265, 357, 0, 0, 0
125, 1, 1636410911896, 1636410912522, 626, 270, 356, 0, 0, 0
126, 1, 1636410912281, 1636410912898, 617, 266, 351, 0, 1, 1
127, 1, 1636410912432, 1636410913050, 618, 261, 357, 0, 0, 0
128, 1, 1636410912524, 1636410913150, 626, 271, 355, 0, 0, 0
129, 1, 1636410912900, 1636410913515, 615, 263, 352, 0, 0, 0
130, 1, 1636410913053, 1636410913674, 621, 265, 356, 0, 1, 1
131, 1, 1636410913152, 1636410913786, 634, 270, 364, 0, 0, 0
132, 1, 1636410913517, 1636410914131, 614, 265, 349, 0, 0, 0
133, 1, 1636410913675, 1636410914302, 627, 265, 362, 0, 0, 0
134, 1, 1636410913789, 1636410914414, 625, 270, 355, 0, 0, 0
135, 1, 1636410914133, 1636410914750, 617, 263, 354, 0, 0, 0
136, 1, 1636410914304, 1636410914926, 622, 265, 357, 0, 0, 0
137, 1, 1636410914417, 1636410915038, 621, 266, 355, 0, 0, 0
138, 1, 1636410914752, 1636410915370, 618, 264, 354, 0, 0, 0
139, 1, 1636410914928, 1636410915554, 626, 269, 357, 0, 0, 0
140, 1, 1636410915041, 1636410915670, 629, 273, 356, 0, 0, 0
141, 1, 1636410915372, 1636410915990, 618, 267, 351, 0, 1, 1
142, 1, 1636410915555, 1636410916174, 619, 265, 354, 0, 0, 0
143, 1, 1636410915671, 1636410916294, 623, 265, 358, 0, 1, 1
144, 1, 1636410915993, 1636410916606, 613, 262, 351, 0, 0, 0
145, 1, 1636410916177, 1636410916802, 625, 270, 355, 0, 1, 1
146, 1, 1636410916297, 1636410916922, 625, 267, 358, 0, 0, 0
147, 1, 1636410916608, 1636410917222, 614, 261, 353, 0, 0, 0
148, 1, 1636410916805, 1636410917426, 621, 268, 353, 0, 0, 0
149, 1, 1636410916923, 1636410917550, 627, 269, 358, 0, 0, 0
150, 1, 1636410917225, 1636410917838, 613, 262, 351, 0, 1, 1
151, 1, 1636410917428, 1636410918050, 622, 265, 357, 0, 0, 0
152, 1, 1636410917552, 1636410918178, 626, 270, 356, 0, 0, 0
153, 1, 1636410917840, 1636410918454, 614, 262, 352, 0, 0, 0
154, 1, 1636410918052, 1636410918670, 618, 268, 350, 0, 1, 1
155, 1, 1636410918180, 1636410918806, 626, 269, 357, 0, 0, 0
156, 1, 1636410918456, 1636410919074, 618, 267, 351, 0, 0, 0
157, 1, 1636410918671, 1636410919294, 623, 266, 357, 0, 0, 0
158, 1, 1636410918808, 1636410919434, 626, 269, 357, 0, 0, 0
159, 1, 1636410919076, 1636410919691, 615, 261, 354, 0, 0, 0
160, 1, 1636410919296, 1636410919914, 618, 261, 357, 0, 0, 0
161, 1, 1636410919436, 1636410920062, 626, 269, 357, 0, 0, 0
162, 1, 1636410919693, 1636410920310, 617, 266, 351, 0, 1, 1
163, 1, 1636410919916, 1636410920546, 630, 272, 358, 0, 0, 0
164, 1, 1636410920064, 1636410920686, 622, 266, 356, 0, 1, 1
165, 1, 1636410920313, 1636410920930, 617, 263, 354, 0, 0, 0
166, 1, 1636410920548, 1636410921170, 622, 266, 356, 0, 0, 0
167, 1, 1636410920687, 1636410921314, 627, 269, 358, 0, 0, 0
168, 1, 1636410920932, 1636410921550, 618, 265, 353, 0, 0, 0
169, 1, 1636410921172, 1636410921798, 626, 268, 358, 0, 0, 0
170, 1, 1636410921316, 1636410921942, 626, 269, 357, 0, 1, 1
171, 1, 1636410921553, 1636410922166, 613, 262, 351, 0, 0, 0
172, 1, 1636410921800, 1636410922422, 622, 266, 356, 0, 0, 0
173, 1, 1636410921945, 1636410922566, 621, 266, 355, 0, 0, 0
174, 1, 1636410922168, 1636410922790, 622, 264, 358, 0, 2, 2
175, 1, 1636410922424, 1636410923046, 622, 263, 359, 0, 0, 0
176, 1, 1636410922568, 1636410923198, 630, 273, 357, 0, 0, 0
177, 1, 1636410922792, 1636410923406, 614, 263, 351, 0, 1, 1
178, 1, 1636410923048, 1636410923674, 626, 270, 356, 0, 1, 1
179, 1, 1636410923201, 1636410923830, 629, 275, 354, 0, 0, 0
180, 1, 1636410923408, 1636410924026, 618, 263, 355, 0, 0, 0
181, 1, 1636410923676, 1636410924294, 618, 262, 356, 0, 0, 0
182, 1, 1636410923833, 1636410924454, 621, 264, 357, 0, 0, 0
183, 1, 1636410924028, 1636410924646, 618, 263, 355, 0, 0, 0
184, 1, 1636410924297, 1636410924910, 613, 261, 352, 0, 0, 0
185, 1, 1636410924456, 1636410925082, 626, 266, 360, 0, 0, 0
186, 1, 1636410924648, 1636410925262, 614, 261, 353, 0, 1, 1
187, 1, 1636410924912, 1636410925534, 622, 271, 351, 0, 0, 0
188, 1, 1636410925084, 1636410925714, 630, 271, 359, 0, 0, 0
189, 1, 1636410925264, 1636410925882, 618, 264, 354, 0, 0, 0
190, 1, 1636410925536, 1636410926154, 618, 262, 356, 0, 0, 0
191, 1, 1636410925716, 1636410926342, 626, 270, 356, 0, 0, 0
192, 1, 1636410925884, 1636410926510, 626, 270, 356, 0, 0, 0
193, 1, 1636410926156, 1636410926770, 614, 263, 351, 0, 0, 0
194, 1, 1636410926344, 1636410926962, 618, 267, 351, 0, 0, 0
195, 1, 1636410926512, 1636410927130, 618, 264, 354, 0, 0, 0
196, 1, 1636410926772, 1636410927390, 618, 263, 355, 0, 0, 0
197, 1, 1636410926963, 1636410927590, 627, 269, 358, 0, 0, 0
198, 1, 1636410927132, 1636410927746, 614, 263, 351, 0, 1, 1
199, 1, 1636410927392, 1636410928010, 618, 265, 353, 0, 0, 0
200, 1, 1636410927592, 1636410928210, 618, 262, 356, 0, 0, 0
201, 1, 1636410927748, 1636410928363, 615, 262, 353, 0, 0, 0
202, 1, 1636410928012, 1636410928630, 618, 262, 356, 0, 0, 0
203, 1, 1636410928212, 1636410928838, 626, 270, 356, 0, 0, 0
204, 1, 1636410928365, 1636410928978, 613, 261, 352, 0, 0, 0
205, 1, 1636410928632, 1636410929258, 626, 269, 357, 0, 0, 0
206, 1, 1636410928840, 1636410929466, 626, 269, 357, 0, 1, 1
207, 1, 1636410928980, 1636410929594, 614, 262, 352, 0, 0, 0
208, 1, 1636410929260, 1636410929882, 622, 266, 356, 0, 1, 1
209, 1, 1636410929467, 1636410930090, 623, 265, 358, 0, 0, 0
210, 1, 1636410929596, 1636410930210, 614, 263, 351, 0, 0, 0
211, 1, 1636410929884, 1636410930510, 626, 271, 355, 0, 0, 0
212, 1, 1636410930092, 1636410930718, 626, 269, 357, 0, 0, 0
213, 1, 1636410930213, 1636410930826, 613, 264, 349, 0, 0, 0
214, 1, 1636410930512, 1636410931134, 622, 267, 355, 0, 0, 0
215, 1, 1636410930719, 1636410931350, 631, 269, 362, 0, 0, 0
216, 1, 1636410930828, 1636410931454, 626, 267, 359, 0, 1, 1
217, 1, 1636410931136, 1636410931754, 618, 261, 357, 0, 1, 1
218, 1, 1636410931352, 1636410931974, 622, 267, 355, 0, 0, 0
219, 1, 1636410931456, 1636410932070, 614, 262, 352, 0, 1, 1
220, 1, 1636410931756, 1636410932382, 626, 271, 355, 0, 0, 0
221, 1, 1636410931976, 1636410932590, 614, 263, 351, 0, 1, 1
222, 1, 1636410932072, 1636410932690, 618, 263, 355, 0, 0, 0
223, 1, 1636410932384, 1636410933002, 618, 263, 355, 0, 1, 1
224, 1, 1636410932592, 1636410933226, 634, 268, 366, 0, 0, 0
225, 1, 1636410932692, 1636410933306, 614, 261, 353, 0, 0, 0
226, 1, 1636410933004, 1636410933626, 622, 266, 356, 0, 1, 1
227, 1, 1636410933228, 1636410933854, 626, 270, 356, 0, 0, 0
228, 1, 1636410933308, 1636410933926, 618, 262, 356, 0, 0, 0
229, 1, 1636410933629, 1636410934246, 617, 267, 350, 0, 1, 1
230, 1, 1636410933856, 1636410934478, 622, 266, 356, 0, 0, 0
231, 1, 1636410933928, 1636410934547, 619, 267, 352, 0, 1, 1
232, 1, 1636410934248, 1636410934874, 626, 269, 357, 0, 1, 1
233, 1, 1636410934480, 1636410935098, 618, 267, 351, 0, 1, 1
234, 1, 1636410934549, 1636410935162, 613, 262, 351, 0, 1, 1
235, 1, 1636410934877, 1636410935498, 621, 266, 355, 0, 0, 0
236, 1, 1636410935100, 1636410935726, 626, 267, 359, 0, 0, 0
237, 1, 1636410935165, 1636410935778, 613, 263, 350, 0, 1, 1
238, 1, 1636410935501, 1636410936122, 621, 267, 354, 0, 1, 1
239, 1, 1636410935728, 1636410936358, 630, 271, 359, 0, 1, 1
240, 1, 1636410935780, 1636410936402, 622, 272, 350, 0, 0, 0
241, 1, 1636410936124, 1636410936742, 618, 262, 356, 0, 1, 1
242, 1, 1636410936360, 1636410936990, 630, 274, 356, 0, 0, 0
243, 1, 1636410936405, 1636410937019, 614, 263, 351, 0, 0, 0
244, 1, 1636410936744, 1636410937362, 618, 267, 351, 0, 0, 0
245, 1, 1636410936991, 1636410937610, 619, 267, 352, 0, 0, 0
246, 1, 1636410937364, 1636410937986, 622, 266, 356, 0, 0, 0
247, 1, 1636410937612, 1636410938234, 622, 267, 355, 0, 0, 0
248, 1, 1636410937987, 1636410938606, 619, 262, 357, 0, 1, 1
249, 1, 1636410938236, 1636410938858, 622, 271, 351, 0, 1, 1
250, 1, 1636410938608, 1636410939226, 618, 263, 355, 0, 0, 0
251, 1, 1636410938860, 1636410939478, 618, 264, 354, 0, 1, 1
252, 1, 1636410939228, 1636410939854, 626, 270, 356, 0, 0, 0
253, 1, 1636410939479, 1636410940106, 627, 267, 360, 0, 1, 1
254, 1, 1636410939856, 1636410940478, 622, 266, 356, 0, 1, 1
255, 1, 1636410940108, 1636410940730, 622, 267, 355, 0, 0, 0
256, 1, 1636410940481, 1636410941102, 621, 262, 359, 0, 0, 0
257, 1, 1636410940733, 1636410941358, 625, 269, 356, 0, 0, 0
258, 1, 1636410941104, 1636410941726, 622, 266, 356, 0, 1, 1
259, 1, 1636410941360, 1636410941982, 622, 268, 354, 0, 0, 0
260, 1, 1636410941740, 1636410942358, 618, 264, 354, 0, 0, 0
261, 1, 1636410941984, 1636410942610, 626, 271, 355, 0, 0, 0
262, 1, 1636410942360, 1636410942978, 618, 265, 353, 0, 1, 1
263, 1, 1636410942612, 1636410943234, 622, 266, 356, 0, 0, 0
264, 1, 1636410942981, 1636410943602, 621, 267, 354, 0, 1, 1
265, 1, 1636410943237, 1636410943862, 625, 272, 353, 0, 0, 0
266, 1, 1636410943604, 1636410944226, 622, 268, 354, 0, 0, 0
267, 1, 1636410943864, 1636410944490, 626, 269, 357, 0, 0, 0
268, 1, 1636410944228, 1636410944846, 618, 266, 352, 0, 0, 0
269, 1, 1636410944492, 1636410945118, 626, 269, 357, 0, 0, 0
270, 1, 1636410944847, 1636410945470, 623, 269, 354, 0, 1, 1
271, 1, 1636410945120, 1636410945742, 622, 266, 356, 0, 0, 0
272, 1, 1636410945472, 1636410946098, 626, 274, 352, 0, 0, 0
273, 1, 1636410945745, 1636410946374, 629, 269, 360, 0, 0, 0
274, 1, 1636410946099, 1636410946726, 627, 268, 359, 0, 0, 0
275, 1, 1636410946376, 1636410946998, 622, 268, 354, 0, 0, 0
276, 1, 1636410946729, 1636410947342, 613, 262, 351, 0, 0, 0
277, 1, 1636410947000, 1636410947626, 626, 265, 361, 0, 0, 0
278, 1, 1636410947344, 1636410947966, 622, 266, 356, 0, 0, 0
279, 1, 1636410947969, 1636410948590, 621, 263, 358, 0, 0, 0
280, 1, 1636410948593, 1636410949210, 617, 263, 354, 0, 1, 1
281, 1, 1636410949212, 1636410949834, 622, 264, 358, 0, 0, 0
282, 1, 1636410949836, 1636410950458, 622, 266, 356, 0, 0, 0
283, 1, 1636410950460, 1636410951086, 626, 270, 356, 0, 0, 0
284, 1, 1636410951088, 1636410951710, 622, 266, 356, 0, 0, 0
285, 1, 1636410951713, 1636410952334, 621, 267, 354, 0, 0, 0
286, 1, 1636410952337, 1636410952950, 613, 261, 352, 0, 0, 0
287, 1, 1636410952952, 1636410953574, 622, 265, 357, 0, 0, 0
288, 1, 1636410953577, 1636410954198, 621, 267, 354, 0, 0, 0
289, 1, 1636410954200, 1636410954818, 618, 261, 357, 0, 0, 0
290, 1, 1636410954821, 1636410955438, 617, 262, 355, 0, 1, 1
291, 1, 1636410955441, 1636410956062, 621, 265, 356, 0, 0, 0
292, 1, 1636410956064, 1636410956682, 618, 265, 353, 0, 0, 0
293, 1, 1636410956684, 1636410957302, 618, 267, 351, 0, 1, 1
294, 1, 1636410957304, 1636410957930, 626, 269, 357, 0, 0, 0
295, 1, 1636410957932, 1636410958550, 618, 263, 355, 0, 1, 1
296, 1, 1636410958553, 1636410959170, 617, 265, 352, 0, 0, 0
297, 1, 1636410959172, 1636410959794, 622, 266, 356, 0, 0, 0
298, 1, 1636410959797, 1636410960418, 621, 265, 356, 0, 0, 0
299, 1, 1636410960420, 1636410961042, 622, 265, 357, 0, 0, 0
300, 1, 1636410961045, 1636410961666, 621, 266, 355, 0, 0, 0
301, 1, 1636411076805, 1636411077682, 877, 352, 525, 6, 0, 6
302, 1, 1636411077789, 1636411078590, 801, 274, 527, 3, 2, 5
303, 1, 1636411077863, 1636411078670, 807, 276, 531, 0, 1, 1
304, 1, 1636411078790, 1636411079582, 792, 266, 526, 0, 1, 1
305, 1, 1636411078859, 1636411079666, 807, 274, 533, 0, 0, 0
306, 1, 1636411079199, 1636411079994, 795, 263, 532, 1, 0, 1
307, 1, 1636411079791, 1636411080590, 799, 273, 526, 2, 0, 2
308, 1, 1636411079859, 1636411080658, 799, 273, 526, 0, 1, 1
309, 1, 1636411080196, 1636411081006, 810, 273, 537, 1, 0, 1
310, 1, 1636411080274, 1636411081066, 792, 266, 526, 1, 1, 2
311, 1, 1636411080801, 1636411081594, 793, 264, 529, 0, 0, 0
312, 1, 1636411080873, 1636411081686, 813, 272, 541, 2, 0, 2
313, 1, 1636411081182, 1636411081990, 808, 276, 532, 2, 0, 2
314, 1, 1636411081193, 1636411081998, 805, 267, 538, 0, 1, 1
315, 1, 1636411081214, 1636411082022, 808, 273, 535, 2, 1, 3
316, 1, 1636411081801, 1636411082606, 805, 279, 526, 0, 2, 2
318, 1, 1636411082130, 1636411082762, 632, 275, 357, 0, 1, 1
320, 1, 1636411082214, 1636411082846, 632, 270, 362, 0, 0, 0
319, 1, 1636411082208, 1636411082846, 638, 279, 359, 0, 2, 2
322, 1, 1636411083109, 1636411083742, 633, 271, 362, 0, 2, 2
324, 1, 1636411083244, 1636411083870, 626, 269, 357, 0, 0, 0
325, 1, 1636411084140, 1636411084778, 638, 274, 364, 0, 1, 1
317, 2, 1636411081888, 1636411092529, 10641, 453, 10188, 0, 1, 1
321, 2, 1636411082815, 1636411092949, 10134, 1, 10133, 1, 0, 1
323, 2, 1636411083241, 1636411093372, 10131, 0, 10131, 0, 0, 0
328, 1, 1636411092687, 1636411093406, 719, 315, 404, 2, 41, 43
329, 1, 1636411093628, 1636411094262, 634, 274, 360, 0, 1, 1
326, 2, 1636411084268, 1636411094406, 10138, 1, 10137, 1, 2, 3
330, 1, 1636411094617, 1636411095246, 629, 268, 361, 0, 0, 0
327, 2, 1636411085172, 1636411095312, 10140, 0, 10140, 1, 0, 1
331, 1, 1636411095502, 1636411096170, 668, 270, 398, 0, 1, 1
332, 1, 1636411095609, 1636411096238, 629, 270, 359, 0, 1, 1
333, 1, 1636411096162, 1636411096842, 680, 279, 401, 1, 1, 2
334, 1, 1636411096456, 1636411097086, 630, 270, 360, 0, 0, 0
335, 1, 1636411096578, 1636411097206, 628, 268, 360, 0, 0, 0
336, 1, 1636411097113, 1636411097742, 629, 270, 359, 1, 3, 4
337, 1, 1636411097446, 1636411098078, 632, 270, 362, 1, 0, 1
338, 1, 1636411097544, 1636411098170, 626, 269, 357, 0, 0, 0
339, 1, 1636411098103, 1636411098734, 631, 272, 359, 0, 3, 3
341, 1, 1636411098578, 1636411099210, 632, 272, 360, 1, 4, 5
343, 1, 1636411099580, 1636411100211, 631, 270, 361, 1, 0, 1
344, 1, 1636411100590, 1636411101230, 640, 276, 364, 1, 3, 4
345, 1, 1636411101602, 1636411102238, 636, 274, 362, 1, 1, 2
348, 1, 1636411102678, 1636411103350, 672, 269, 403, 1, 1, 2
347, 1, 1636411102674, 1636411103350, 676, 274, 402, 3, 1, 4
349, 1, 1636411103614, 1636411104246, 632, 273, 359, 0, 1, 1
351, 1, 1636411104604, 1636411105234, 630, 271, 359, 0, 2, 2
340, 2, 1636411098417, 1636411108556, 10139, 1, 10138, 0, 2, 2
342, 2, 1636411099073, 1636411109208, 10135, 1, 10134, 1, 2, 3
353, 1, 1636411108686, 1636411109358, 672, 270, 402, 1, 2, 3
354, 1, 1636411109390, 1636411110066, 676, 271, 405, 0, 1, 1
355, 1, 1636411109640, 1636411110342, 702, 340, 362, 0, 0, 0
356, 1, 1636411110323, 1636411110958, 635, 274, 361, 0, 2, 2
357, 1, 1636411110651, 1636411111290, 639, 275, 364, 1, 1, 2
358, 1, 1636411111340, 1636411111974, 634, 274, 360, 0, 1, 1
359, 1, 1636411111654, 1636411112282, 628, 269, 359, 0, 1, 1
346, 2, 1636411102591, 1636411112724, 10133, 0, 10133, 0, 0, 0
360, 1, 1636411112343, 1636411112990, 647, 293, 354, 1, 21, 22
361, 1, 1636411112671, 1636411113310, 639, 266, 373, 0, 2, 2
362, 1, 1636411112858, 1636411113538, 680, 275, 405, 2, 3, 5
350, 2, 1636411103628, 1636411113764, 10136, 1, 10135, 0, 1, 1
363, 1, 1636411113368, 1636411114030, 662, 309, 353, 1, 39, 40
364, 1, 1636411113677, 1636411114310, 633, 266, 367, 0, 1, 1
365, 1, 1636411113816, 1636411114450, 634, 270, 364, 1, 1, 2
366, 1, 1636411113894, 1636411114566, 672, 270, 402, 1, 1, 2
367, 1, 1636411114370, 1636411115010, 640, 274, 366, 0, 0, 0
368, 1, 1636411114677, 1636411115310, 633, 270, 363, 0, 1, 1
369, 1, 1636411114817, 1636411115450, 633, 273, 360, 0, 0, 0
370, 1, 1636411114851, 1636411115486, 635, 269, 366, 1, 1, 2
352, 2, 1636411105575, 1636411115708, 10133, 0, 10133, 0, 0, 0
371, 1, 1636411115337, 1636411115978, 641, 280, 361, 0, 12, 12
372, 1, 1636411115708, 1636411116338, 630, 275, 355, 0, 0, 0
373, 1, 1636411115811, 1636411116438, 627, 270, 357, 1, 1, 2
374, 1, 1636411115846, 1636411116518, 672, 272, 400, 1, 1, 2
375, 1, 1636411115868, 1636411116610, 742, 389, 353, 1, 0, 1
376, 1, 1636411116325, 1636411116958, 633, 270, 363, 1, 0, 1
377, 1, 1636411116681, 1636411117310, 629, 269, 360, 0, 2, 2
378, 1, 1636411116799, 1636411117430, 631, 273, 358, 0, 1, 1
379, 1, 1636411116828, 1636411117450, 622, 268, 354, 2, 1, 3
380, 1, 1636411116876, 1636411117498, 622, 267, 355, 1, 0, 1
381, 1, 1636411117327, 1636411117962, 635, 275, 360, 1, 2, 3
382, 1, 1636411117680, 1636411118310, 630, 271, 359, 0, 1, 1
383, 1, 1636411117817, 1636411118454, 637, 273, 364, 1, 0, 1
385, 1, 1636411117894, 1636411118530, 636, 273, 363, 0, 1, 1
384, 1, 1636411117857, 1636411118586, 729, 370, 359, 0, 1, 1
386, 1, 1636411118327, 1636411118962, 635, 269, 366, 0, 1, 1
387, 1, 1636411118675, 1636411119306, 631, 274, 357, 0, 0, 0
388, 1, 1636411118820, 1636411119446, 626, 270, 356, 0, 0, 0
389, 1, 1636411118850, 1636411119482, 632, 269, 363, 0, 0, 0
390, 1, 1636411118900, 1636411119726, 826, 465, 361, 0, 0, 0
391, 1, 1636411119322, 1636411119954, 632, 278, 354, 1, 1, 2
392, 1, 1636411119689, 1636411120322, 633, 273, 360, 0, 0, 0
394, 1, 1636411119837, 1636411120466, 629, 269, 360, 0, 1, 1
393, 1, 1636411119837, 1636411120466, 629, 270, 359, 1, 1, 2
395, 1, 1636411119900, 1636411120526, 626, 271, 355, 1, 1, 2
396, 1, 1636411120336, 1636411120978, 642, 279, 363, 1, 0, 1
397, 1, 1636411120724, 1636411121346, 622, 265, 357, 1, 0, 1
399, 1, 1636411120871, 1636411121502, 631, 271, 360, 0, 0, 0
400, 1, 1636411120888, 1636411121530, 642, 272, 370, 0, 0, 0
398, 1, 1636411120841, 1636411121618, 777, 419, 358, 1, 1, 2
401, 1, 1636411121356, 1636411121974, 618, 261, 357, 0, 1, 1
402, 1, 1636411121724, 1636411122354, 630, 274, 356, 0, 0, 0
405, 1, 1636411121904, 1636411122534, 630, 273, 357, 2, 1, 3
404, 1, 1636411121902, 1636411122538, 636, 273, 363, 1, 1, 2
403, 1, 1636411121841, 1636411122626, 785, 427, 358, 0, 2, 2
406, 1, 1636411122323, 1636411122954, 631, 270, 361, 0, 0, 0
407, 1, 1636411122712, 1636411123346, 634, 278, 356, 0, 1, 1
408, 1, 1636411122829, 1636411123458, 629, 270, 359, 1, 0, 1
409, 1, 1636411122879, 1636411123510, 631, 269, 362, 0, 0, 0
410, 1, 1636411122904, 1636411123538, 634, 275, 359, 0, 0, 0
411, 1, 1636411123311, 1636411123942, 631, 270, 361, 1, 0, 1
412, 1, 1636411123745, 1636411124382, 637, 279, 358, 0, 1, 1
413, 1, 1636411123830, 1636411124462, 632, 272, 360, 0, 1, 1
415, 1, 1636411123900, 1636411124534, 634, 270, 364, 2, 1, 3
414, 1, 1636411123886, 1636411124738, 852, 490, 362, 0, 1, 1
416, 1, 1636411124344, 1636411124974, 630, 270, 360, 0, 1, 1
417, 1, 1636411124777, 1636411125406, 629, 271, 358, 1, 2, 3
419, 1, 1636411124887, 1636411125514, 627, 269, 358, 2, 0, 2
420, 1, 1636411124914, 1636411125546, 632, 269, 363, 1, 0, 1
418, 1, 1636411124831, 1636411125690, 859, 494, 365, 1, 1, 2
421, 1, 1636411125375, 1636411126014, 639, 272, 367, 0, 0, 0
422, 1, 1636411125754, 1636411126390, 636, 280, 356, 0, 1, 1
423, 1, 1636411125830, 1636411126462, 632, 271, 361, 1, 0, 1
424, 1, 1636411125873, 1636411126498, 625, 262, 363, 1, 0, 1
425, 1, 1636411125949, 1636411126774, 825, 465, 360, 0, 0, 0
426, 1, 1636411126375, 1636411127006, 631, 269, 362, 0, 0, 0
427, 1, 1636411126760, 1636411127386, 626, 269, 357, 0, 1, 1
428, 1, 1636411126844, 1636411127482, 638, 278, 360, 1, 2, 3
430, 1, 1636411126941, 1636411127570, 629, 266, 363, 1, 0, 1
429, 1, 1636411126870, 1636411127758, 888, 531, 357, 2, 0, 2
431, 1, 1636411127382, 1636411128018, 636, 270, 366, 0, 1, 1
432, 1, 1636411127795, 1636411128426, 631, 274, 357, 1, 1, 2
433, 1, 1636411127871, 1636411128506, 635, 270, 365, 0, 0, 0
434, 1, 1636411127879, 1636411128514, 635, 274, 361, 1, 1, 2
435, 1, 1636411127928, 1636411128702, 774, 413, 361, 0, 1, 1
436, 1, 1636411128405, 1636411129042, 637, 275, 362, 1, 0, 1
437, 1, 1636411128784, 1636411129410, 626, 271, 355, 0, 2, 2
438, 1, 1636411128878, 1636411129514, 636, 274, 362, 1, 1, 2
439, 1, 1636411128884, 1636411129690, 806, 445, 361, 2, 1, 3
440, 1, 1636411128942, 1636411129790, 848, 491, 357, 2, 2, 4
441, 1, 1636411129394, 1636411130022, 628, 266, 362, 0, 0, 0
442, 1, 1636411129779, 1636411130402, 623, 270, 353, 1, 0, 1
443, 1, 1636411129866, 1636411130494, 628, 272, 356, 1, 1, 2
444, 1, 1636411129873, 1636411130502, 629, 270, 359, 0, 0, 0
445, 1, 1636411129951, 1636411130578, 627, 271, 356, 1, 1, 2
446, 1, 1636411130367, 1636411131010, 643, 270, 373, 1, 1, 2
447, 1, 1636411130813, 1636411131458, 645, 282, 363, 1, 0, 1
448, 1, 1636411130863, 1636411131502, 639, 267, 372, 2, 1, 3
449, 1, 1636411130887, 1636411131526, 639, 274, 365, 1, 0, 1
450, 1, 1636411130932, 1636411131562, 630, 265, 365, 0, 0, 0
451, 1, 1636411131385, 1636411132022, 637, 274, 363, 0, 0, 0
452, 1, 1636411131833, 1636411132466, 633, 274, 359, 1, 1, 2
453, 1, 1636411131856, 1636411132486, 630, 270, 360, 1, 0, 1
455, 1, 1636411131940, 1636411132566, 626, 270, 356, 1, 0, 1
454, 1, 1636411131919, 1636411132746, 827, 466, 361, 0, 0, 0
456, 1, 1636411132398, 1636411133022, 624, 263, 361, 0, 1, 1
457, 1, 1636411132826, 1636411133454, 628, 270, 358, 0, 1, 1
458, 1, 1636411132835, 1636411133470, 635, 273, 362, 0, 1, 1
459, 1, 1636411132903, 1636411133534, 631, 270, 361, 0, 1, 1
460, 1, 1636411132974, 1636411133610, 636, 269, 367, 0, 0, 0
461, 1, 1636411133380, 1636411134010, 630, 270, 360, 2, 0, 2
462, 1, 1636411133815, 1636411134446, 631, 273, 358, 1, 0, 1
463, 1, 1636411133827, 1636411134454, 627, 266, 361, 2, 0, 2
464, 1, 1636411133911, 1636411134534, 623, 271, 352, 4, 2, 6
465, 1, 1636411133962, 1636411134594, 632, 270, 362, 2, 0, 2
466, 1, 1636411134379, 1636411135006, 627, 272, 355, 2, 1, 3
467, 1, 1636411134781, 1636411135418, 637, 274, 363, 0, 0, 0
468, 1, 1636411134819, 1636411135446, 627, 271, 356, 2, 0, 2
469, 1, 1636411134937, 1636411135570, 633, 270, 363, 0, 1, 1
470, 1, 1636411134945, 1636411135574, 629, 270, 359, 2, 0, 2
471, 1, 1636411135352, 1636411135978, 626, 269, 357, 2, 0, 2
472, 1, 1636411135760, 1636411136394, 634, 273, 361, 0, 0, 0
473, 1, 1636411135829, 1636411136462, 633, 273, 360, 0, 0, 0
474, 1, 1636411135934, 1636411136562, 628, 271, 357, 1, 1, 2
475, 1, 1636411135939, 1636411136738, 799, 437, 362, 1, 0, 1
476, 1, 1636411136320, 1636411136946, 626, 270, 356, 1, 0, 1
477, 1, 1636411136752, 1636411137382, 630, 274, 356, 0, 0, 0
478, 1, 1636411136826, 1636411137462, 636, 274, 362, 1, 0, 1
479, 1, 1636411136931, 1636411137558, 627, 269, 358, 0, 0, 0
480, 1, 1636411136956, 1636411137586, 630, 270, 360, 0, 0, 0
481, 1, 1636411137318, 1636411137946, 628, 270, 358, 0, 1, 1
482, 1, 1636411137729, 1636411138362, 633, 270, 363, 0, 1, 1
484, 1, 1636411137950, 1636411138582, 632, 273, 359, 0, 1, 1
485, 1, 1636411137965, 1636411138594, 629, 271, 358, 2, 0, 2
486, 1, 1636411138311, 1636411138942, 631, 273, 358, 2, 0, 2
487, 1, 1636411138743, 1636411139374, 631, 274, 357, 0, 2, 2
488, 1, 1636411138949, 1636411139582, 633, 271, 362, 0, 1, 1
489, 1, 1636411138968, 1636411139594, 626, 270, 356, 0, 0, 0
490, 1, 1636411139325, 1636411139954, 629, 271, 358, 0, 1, 1
491, 1, 1636411139740, 1636411140362, 622, 268, 354, 0, 1, 1
492, 1, 1636411139916, 1636411140546, 630, 270, 360, 1, 0, 1
493, 1, 1636411139950, 1636411140582, 632, 271, 361, 0, 0, 0
494, 1, 1636411140322, 1636411140946, 624, 267, 357, 0, 1, 1
496, 1, 1636411140895, 1636411141526, 631, 271, 360, 1, 2, 3
497, 1, 1636411140947, 1636411141578, 631, 275, 356, 1, 2, 3
499, 1, 1636411141886, 1636411142514, 628, 270, 358, 1, 1, 2
500, 1, 1636411141914, 1636411142794, 880, 518, 362, 1, 0, 1
501, 1, 1636411142878, 1636411143506, 628, 270, 358, 0, 0, 0
502, 1, 1636411142905, 1636411143534, 629, 269, 360, 1, 1, 2
503, 1, 1636411143889, 1636411144522, 633, 274, 359, 0, 0, 0
504, 1, 1636411143904, 1636411144530, 626, 270, 356, 1, 1, 2
505, 1, 1636411144887, 1636411145522, 635, 273, 362, 0, 0, 0
506, 1, 1636411144896, 1636411145530, 634, 274, 360, 0, 1, 1
508, 1, 1636411145910, 1636411146546, 636, 274, 362, 0, 0, 0
509, 1, 1636411146907, 1636411147534, 627, 272, 355, 0, 3, 3
483, 2, 1636411137799, 1636411147931, 10132, 1, 10131, 1, 0, 1
511, 1, 1636411148066, 1636411148742, 676, 267, 409, 0, 1, 1
512, 1, 1636411149004, 1636411149638, 634, 271, 363, 2, 0, 2
513, 1, 1636411149994, 1636411150626, 632, 268, 364, 0, 0, 0
495, 2, 1636411140710, 1636411150847, 10137, 2, 10135, 0, 0, 0
498, 2, 1636411141291, 1636411151427, 10136, 1, 10135, 1, 1, 2
515, 1, 1636411150998, 1636411151630, 632, 271, 361, 1, 1, 2
514, 1, 1636411150982, 1636411151702, 720, 309, 411, 0, 41, 41
516, 1, 1636411151554, 1636411152226, 672, 270, 402, 0, 0, 0
517, 1, 1636411151939, 1636411152574, 635, 274, 361, 0, 0, 0
518, 1, 1636411152006, 1636411152638, 632, 269, 363, 0, 1, 1
519, 1, 1636411152511, 1636411153146, 635, 275, 360, 0, 1, 1
520, 1, 1636411152930, 1636411153566, 636, 271, 365, 0, 2, 2
521, 1, 1636411152986, 1636411153614, 628, 268, 360, 0, 0, 0
522, 1, 1636411153501, 1636411154130, 629, 270, 359, 1, 1, 2
523, 1, 1636411153935, 1636411154578, 643, 277, 366, 1, 0, 1
524, 1, 1636411154019, 1636411154654, 635, 274, 361, 0, 0, 0
525, 1, 1636411154513, 1636411155150, 637, 271, 366, 0, 3, 3
526, 1, 1636411154958, 1636411155602, 644, 272, 372, 0, 0, 0
527, 1, 1636411155047, 1636411155678, 631, 270, 361, 0, 1, 1
507, 2, 1636411145859, 1636411155992, 10133, 1, 10132, 1, 0, 1
528, 1, 1636411155520, 1636411156150, 630, 274, 356, 0, 1, 1
529, 1, 1636411155938, 1636411156582, 644, 269, 375, 1, 1, 2
530, 1, 1636411156046, 1636411156674, 628, 272, 356, 0, 0, 0
531, 1, 1636411156130, 1636411156802, 672, 269, 403, 0, 0, 0
532, 1, 1636411156501, 1636411157138, 637, 271, 366, 1, 0, 1
533, 1, 1636411156939, 1636411157566, 627, 270, 357, 1, 1, 2
534, 1, 1636411157026, 1636411157658, 632, 275, 357, 2, 1, 3
535, 1, 1636411157087, 1636411157718, 631, 274, 357, 0, 1, 1
510, 2, 1636411147875, 1636411158020, 10145, 0, 10145, 0, 0, 0
536, 1, 1636411157518, 1636411158146, 628, 270, 358, 1, 1, 2
537, 1, 1636411157950, 1636411158602, 652, 270, 382, 0, 0, 0
538, 1, 1636411158060, 1636411158690, 630, 273, 357, 0, 2, 2
539, 1, 1636411158078, 1636411158710, 632, 269, 363, 0, 1, 1
540, 1, 1636411158150, 1636411158990, 840, 440, 400, 0, 0, 0
541, 1, 1636411158545, 1636411159186, 641, 274, 367, 1, 0, 1
542, 1, 1636411158944, 1636411159574, 630, 270, 360, 1, 1, 2
543, 1, 1636411159084, 1636411159718, 634, 273, 361, 0, 0, 0
544, 1, 1636411159089, 1636411159722, 633, 270, 363, 2, 1, 3
545, 1, 1636411159104, 1636411159994, 890, 534, 356, 0, 0, 0
546, 1, 1636411159545, 1636411160178, 633, 270, 363, 0, 1, 1
547, 1, 1636411159915, 1636411160542, 627, 270, 357, 2, 1, 3
549, 1, 1636411160099, 1636411160726, 627, 270, 357, 0, 0, 0
548, 1, 1636411160093, 1636411160726, 633, 269, 364, 0, 1, 1
550, 1, 1636411160123, 1636411160818, 695, 338, 357, 1, 0, 1
551, 1, 1636411160516, 1636411161146, 630, 269, 361, 1, 0, 1
552, 1, 1636411160917, 1636411161546, 629, 269, 360, 1, 0, 1
553, 1, 1636411161072, 1636411161698, 626, 271, 355, 1, 1, 2
554, 1, 1636411161111, 1636411161738, 627, 270, 357, 0, 1, 1
555, 1, 1636411161119, 1636411161750, 631, 270, 361, 1, 0, 1
556, 1, 1636411161551, 1636411162186, 635, 268, 367, 0, 1, 1
557, 1, 1636411161946, 1636411162582, 636, 275, 361, 0, 1, 1
558, 1, 1636411162105, 1636411162742, 637, 271, 366, 0, 1, 1
560, 1, 1636411162143, 1636411162774, 631, 277, 354, 1, 1, 2
561, 1, 1636411162579, 1636411163214, 635, 275, 360, 1, 0, 1
562, 1, 1636411162978, 1636411163606, 628, 272, 356, 0, 0, 0
563, 1, 1636411163134, 1636411163754, 620, 266, 354, 1, 0, 1
564, 1, 1636411163144, 1636411163778, 634, 273, 361, 0, 0, 0
565, 1, 1636411163612, 1636411164246, 634, 273, 361, 2, 0, 2
567, 1, 1636411164131, 1636411164762, 631, 272, 359, 0, 3, 3
570, 1, 1636411165102, 1636411165738, 636, 276, 360, 0, 2, 2
571, 1, 1636411166136, 1636411166766, 630, 269, 361, 0, 1, 1
572, 1, 1636411167164, 1636411167798, 634, 275, 359, 1, 1, 2
573, 1, 1636411168198, 1636411168834, 636, 270, 366, 1, 1, 2
559, 2, 1636411162141, 1636411172800, 10659, 420, 10239, 2, 1, 3
575, 1, 1636411172890, 1636411173566, 676, 271, 405, 2, 2, 4
566, 2, 1636411163960, 1636411174092, 10132, 0, 10132, 1, 0, 1
568, 2, 1636411164162, 1636411174299, 10137, 1, 10136, 1, 2, 3
576, 1, 1636411173831, 1636411174470, 639, 274, 365, 1, 0, 1
569, 2, 1636411164585, 1636411174724, 10139, 0, 10139, 0, 0, 0
577, 1, 1636411174850, 1636411175490, 640, 273, 367, 0, 0, 0
574, 2, 1636411169172, 1636411179308, 10136, 1, 10135, 0, 0, 0
578, 1, 1636411175824, 1636411179814, 3990, 3631, 359, 0, 2, 2
579, 1, 1636411179726, 1636411180398, 672, 267, 405, 1, 0, 1
580, 1, 1636411179832, 1636411180506, 674, 270, 404, 0, 1, 1
581, 1, 1636411180686, 1636411181326, 640, 274, 366, 0, 1, 1
582, 1, 1636411180807, 1636411181442, 635, 274, 361, 0, 1, 1
583, 1, 1636411181657, 1636411182294, 637, 275, 362, 2, 1, 3
584, 1, 1636411181808, 1636411182442, 634, 274, 360, 2, 1, 3
585, 1, 1636411182623, 1636411183258, 635, 272, 363, 0, 0, 0
588, 1, 1636411182838, 1636411183534, 696, 294, 402, 0, 1, 1
590, 1, 1636411183614, 1636411184242, 628, 272, 356, 0, 1, 1
591, 1, 1636411183786, 1636411184514, 728, 367, 361, 1, 0, 1
592, 1, 1636411184586, 1636411185218, 632, 272, 360, 1, 2, 3
593, 1, 1636411184776, 1636411185494, 718, 359, 359, 1, 2, 3
594, 1, 1636411185585, 1636411186222, 637, 275, 362, 2, 0, 2
595, 1, 1636411185761, 1636411186510, 749, 382, 367, 0, 0, 0
596, 1, 1636411186586, 1636411187210, 624, 269, 355, 1, 0, 1
597, 1, 1636411186749, 1636411187486, 737, 376, 361, 2, 0, 2
598, 1, 1636411187558, 1636411188194, 636, 274, 362, 0, 1, 1
599, 1, 1636411187729, 1636411188474, 745, 378, 367, 3, 0, 3
600, 1, 1636411188544, 1636411189178, 634, 273, 361, 0, 1, 1
601, 1, 1636411188706, 1636411189450, 744, 384, 360, 0, 0, 0
602, 1, 1636411189541, 1636411190178, 637, 274, 363, 1, 1, 2
603, 1, 1636411189684, 1636411190458, 774, 410, 364, 1, 0, 1
604, 1, 1636411190542, 1636411191174, 632, 271, 361, 1, 2, 3
605, 1, 1636411190705, 1636411191454, 749, 381, 368, 1, 1, 2
606, 1, 1636411191507, 1636411192142, 635, 276, 359, 1, 3, 4
607, 1, 1636411191693, 1636411192422, 729, 363, 366, 0, 1, 1
586, 2, 1636411182828, 1636411192959, 10131, 0, 10131, 1, 0, 1
589, 2, 1636411182839, 1636411193010, 10171, 2, 10169, 3, 0, 3
587, 2, 1636411182838, 1636411193055, 10217, 2, 10215, 1, 0, 1
608, 1, 1636411192478, 1636411193114, 636, 274, 362, 0, 0, 0
609, 1, 1636411192672, 1636411193414, 742, 387, 355, 0, 35, 35
610, 1, 1636411193101, 1636411193782, 681, 268, 413, 1, 0, 1
611, 1, 1636411193146, 1636411193818, 672, 272, 400, 1, 0, 1
612, 1, 1636411193147, 1636411194090, 943, 542, 401, 1, 0, 1
615, 1, 1636411194089, 1636411194722, 633, 271, 362, 1, 0, 1
618, 1, 1636411195097, 1636411195734, 637, 270, 367, 1, 1, 2
619, 1, 1636411196073, 1636411196710, 637, 274, 363, 0, 1, 1
620, 1, 1636411197055, 1636411197694, 639, 273, 366, 1, 0, 1
613, 2, 1636411193474, 1636411203611, 10137, 1, 10136, 1, 1, 2
614, 2, 1636411193663, 1636411203799, 10136, 0, 10136, 0, 0, 0
617, 2, 1636411194117, 1636411204251, 10134, 1, 10133, 2, 0, 2
616, 2, 1636411194107, 1636411204300, 10193, 1, 10192, 1, 0, 1
622, 1, 1636411203742, 1636411204410, 668, 267, 401, 1, 1, 2
623, 1, 1636411203926, 1636411204758, 832, 430, 402, 1, 71, 72
624, 1, 1636411204386, 1636411205054, 668, 265, 403, 1, 0, 1
626, 1, 1636411204709, 1636411205334, 625, 266, 359, 1, 0, 1
627, 1, 1636411204889, 1636411205610, 721, 362, 359, 1, 0, 1
628, 1, 1636411205355, 1636411205994, 639, 275, 364, 1, 1, 2
629, 1, 1636411205675, 1636411206306, 631, 274, 357, 3, 0, 3
630, 1, 1636411205873, 1636411206578, 705, 347, 358, 1, 1, 2
631, 1, 1636411206328, 1636411206958, 630, 266, 364, 0, 0, 0
632, 1, 1636411206685, 1636411207322, 637, 271, 366, 0, 1, 1
633, 1, 1636411206889, 1636411207590, 701, 342, 359, 1, 0, 1
634, 1, 1636411207342, 1636411207982, 640, 270, 370, 1, 1, 2
621, 2, 1636411198037, 1636411208178, 10141, 0, 10141, 0, 0, 0
635, 1, 1636411207659, 1636411208286, 627, 268, 359, 0, 0, 0
636, 1, 1636411207873, 1636411208562, 689, 330, 359, 2, 1, 3
637, 1, 1636411208314, 1636411208986, 672, 270, 402, 1, 1, 2
638, 1, 1636411208374, 1636411209254, 880, 526, 354, 1, 0, 1
639, 1, 1636411208675, 1636411209302, 627, 270, 357, 0, 1, 1
640, 1, 1636411208895, 1636411209574, 679, 316, 363, 0, 1, 1
643, 1, 1636411209676, 1636411210310, 634, 274, 360, 2, 0, 2
644, 1, 1636411209925, 1636411210586, 661, 297, 364, 0, 0, 0
645, 1, 1636411210646, 1636411211282, 636, 275, 361, 2, 1, 3
647, 1, 1636411211655, 1636411212290, 635, 274, 361, 0, 2, 2
648, 1, 1636411212673, 1636411213306, 633, 269, 364, 1, 0, 1
649, 1, 1636411213648, 1636411214282, 634, 274, 360, 2, 2, 4
625, 2, 1636411204434, 1636411214611, 10177, 1, 10176, 0, 0, 0
650, 1, 1636411214627, 1636411215262, 635, 276, 359, 2, 2, 4
651, 1, 1636411214738, 1636411215410, 672, 270, 402, 2, 1, 3
652, 1, 1636411215641, 1636411216274, 633, 270, 363, 1, 1, 2
641, 2, 1636411209282, 1636411219418, 10136, 0, 10136, 0, 0, 0
642, 2, 1636411209381, 1636411219514, 10133, 0, 10133, 0, 0, 0
655, 1, 1636411219546, 1636411220218, 672, 270, 402, 1, 0, 1
656, 1, 1636411219650, 1636411220498, 848, 440, 408, 0, 0, 0
657, 1, 1636411220495, 1636411221126, 631, 270, 361, 1, 0, 1
646, 2, 1636411210911, 1636411221198, 10287, 104, 10183, 0, 0, 0
658, 1, 1636411220610, 1636411221470, 860, 498, 362, 1, 69, 70
659, 1, 1636411221286, 1636411221966, 680, 274, 406, 1, 1, 2
660, 1, 1636411221475, 1636411222114, 639, 278, 361, 0, 2, 2
661, 1, 1636411221607, 1636411222394, 787, 426, 361, 0, 1, 1
662, 1, 1636411222221, 1636411222866, 645, 274, 371, 1, 0, 1
663, 1, 1636411222472, 1636411223102, 630, 270, 360, 0, 0, 0
664, 1, 1636411222605, 1636411223382, 777, 410, 367, 1, 1, 2
665, 1, 1636411223240, 1636411223870, 630, 270, 360, 0, 1, 1
668, 1, 1636411224258, 1636411224894, 636, 274, 362, 0, 0, 0
653, 2, 1636411215702, 1636411225834, 10132, 1, 10131, 1, 1, 2
669, 1, 1636411225273, 1636411225906, 633, 269, 364, 0, 0, 0
670, 1, 1636411225970, 1636411226642, 672, 275, 397, 0, 1, 1
654, 2, 1636411216611, 1636411226748, 10137, 1, 10136, 0, 1, 1
671, 1, 1636411226260, 1636411226894, 634, 270, 364, 1, 0, 1
672, 1, 1636411226874, 1636411227554, 680, 275, 405, 0, 0, 0
673, 1, 1636411226933, 1636411227566, 633, 269, 364, 0, 0, 0
674, 1, 1636411227264, 1636411227898, 634, 271, 363, 1, 1, 2
675, 1, 1636411227827, 1636411228450, 623, 264, 359, 1, 0, 1
676, 1, 1636411227953, 1636411228590, 637, 276, 361, 0, 2, 2
677, 1, 1636411228229, 1636411228854, 625, 270, 355, 1, 1, 2
678, 1, 1636411228834, 1636411229462, 628, 267, 361, 0, 1, 1
679, 1, 1636411228926, 1636411229554, 628, 271, 357, 0, 0, 0
680, 1, 1636411229238, 1636411229866, 628, 271, 357, 1, 1, 2
681, 1, 1636411229818, 1636411230454, 636, 276, 360, 0, 0, 0
682, 1, 1636411229958, 1636411230586, 628, 270, 358, 0, 0, 0
683, 1, 1636411230217, 1636411230854, 637, 274, 363, 1, 0, 1
684, 1, 1636411230837, 1636411231474, 637, 271, 366, 2, 0, 2
685, 1, 1636411230972, 1636411231598, 626, 267, 359, 0, 2, 2
686, 1, 1636411231238, 1636411231866, 628, 269, 359, 1, 0, 1
687, 1, 1636411231853, 1636411232486, 633, 266, 367, 0, 1, 1
689, 1, 1636411232264, 1636411232882, 618, 268, 350, 0, 0, 0
690, 1, 1636411232817, 1636411233458, 641, 275, 366, 1, 1, 2
666, 2, 1636411223473, 1636411233611, 10138, 1, 10137, 2, 1, 3
667, 2, 1636411223626, 1636411233762, 10136, 0, 10136, 0, 0, 0
691, 1, 1636411233233, 1636411233878, 645, 288, 357, 0, 20, 20
692, 1, 1636411233763, 1636411234430, 667, 266, 401, 1, 0, 1
694, 1, 1636411233898, 1636411234706, 808, 405, 403, 0, 0, 0
696, 1, 1636411234719, 1636411235350, 631, 274, 357, 3, 0, 3
697, 1, 1636411234864, 1636411235622, 758, 398, 360, 1, 0, 1
698, 1, 1636411235697, 1636411236334, 637, 274, 363, 0, 1, 1
699, 1, 1636411235854, 1636411236610, 756, 396, 360, 0, 2, 2
700, 1, 1636411236726, 1636411237366, 640, 275, 365, 0, 2, 2
701, 1, 1636411236858, 1636411237638, 780, 420, 360, 1, 3, 4
702, 1, 1636411237758, 1636411238394, 636, 275, 361, 1, 1, 2
703, 1, 1636411237862, 1636411238666, 804, 447, 357, 1, 1, 2
704, 1, 1636411238749, 1636411239386, 637, 274, 363, 1, 1, 2
705, 1, 1636411238862, 1636411239658, 796, 434, 362, 1, 0, 1
706, 1, 1636411239760, 1636411240386, 626, 271, 355, 2, 1, 3
708, 1, 1636411240736, 1636411241370, 634, 271, 363, 0, 2, 2
688, 2, 1636411231977, 1636411242114, 10137, 1, 10136, 1, 0, 1
709, 1, 1636411241741, 1636411242382, 641, 282, 359, 2, 9, 11
710, 1, 1636411242246, 1636411242922, 676, 274, 402, 1, 0, 1
711, 1, 1636411242755, 1636411243390, 635, 270, 365, 0, 1, 1
712, 1, 1636411243198, 1636411243834, 636, 274, 362, 0, 1, 1
693, 2, 1636411233785, 1636411243922, 10137, 1, 10136, 1, 0, 1
695, 2, 1636411234201, 1636411244338, 10137, 0, 10137, 0, 0, 0
713, 1, 1636411243726, 1636411244374, 648, 289, 359, 1, 21, 22
714, 1, 1636411244054, 1636411244730, 676, 274, 402, 1, 0, 1
715, 1, 1636411244183, 1636411245006, 823, 462, 361, 0, 1, 1
716, 1, 1636411244470, 1636411245286, 816, 409, 407, 0, 1, 1
717, 1, 1636411244746, 1636411245562, 816, 450, 366, 0, 2, 2
707, 2, 1636411239881, 1636411250305, 10424, 241, 10183, 2, 0, 2
722, 1, 1636411250394, 1636411251074, 680, 275, 405, 1, 2, 3
723, 1, 1636411251327, 1636411251962, 635, 270, 365, 0, 1, 1
724, 1, 1636411252334, 1636411252970, 636, 272, 364, 0, 0, 0
725, 1, 1636411253330, 1636411253962, 632, 268, 364, 1, 1, 2
726, 1, 1636411254315, 1636411254954, 639, 274, 365, 0, 1, 1
718, 2, 1636411244993, 1636411255131, 10138, 1, 10137, 1, 0, 1
719, 2, 1636411245169, 1636411255302, 10133, 0, 10133, 0, 0, 0
720, 2, 1636411245421, 1636411255559, 10138, 1, 10137, 1, 0, 1
721, 2, 1636411245746, 1636411255878, 10132, 1, 10131, 1, 1, 2
728, 1, 1636411255305, 1636411255938, 633, 266, 367, 0, 1, 1
727, 1, 1636411255303, 1636411256010, 707, 305, 402, 0, 41, 41
729, 1, 1636411255694, 1636411256370, 676, 270, 406, 1, 0, 1
730, 1, 1636411256010, 1636411256674, 664, 265, 399, 0, 0, 0
731, 1, 1636411256222, 1636411256846, 624, 266, 358, 1, 0, 1
732, 1, 1636411256332, 1636411257122, 790, 426, 364, 0, 1, 1
736, 1, 1636411257232, 1636411257862, 630, 269, 361, 2, 0, 2
737, 1, 1636411257338, 1636411257982, 644, 274, 370, 1, 1, 2
738, 1, 1636411258263, 1636411258898, 635, 270, 365, 1, 0, 1
739, 1, 1636411258360, 1636411259170, 810, 445, 365, 1, 1, 2
734, 2, 1636411256629, 1636411266766, 10137, 1, 10136, 2, 0, 2
733, 2, 1636411256590, 1636411266811, 10221, 0, 10221, 1, 0, 1
735, 2, 1636411256985, 1636411267118, 10133, 0, 10133, 0, 0, 0
741, 1, 1636411259348, 1636411267610, 8262, 7907, 355, 1, 1, 2
743, 1, 1636411267026, 1636411267706, 680, 268, 412, 1, 0, 1
742, 1, 1636411267022, 1636411267710, 688, 270, 418, 2, 1, 3
746, 1, 1636411267991, 1636411268626, 635, 271, 364, 0, 0, 0
740, 2, 1636411259246, 1636411269382, 10136, 1, 10135, 1, 0, 1
744, 2, 1636411267254, 1636411277621, 10367, 145, 10222, 1, 0, 1
745, 2, 1636411267613, 1636411277791, 10178, 1, 10177, 1, 1, 2
747, 2, 1636411267991, 1636411278126, 10135, 0, 10135, 0, 0, 0
749, 1, 1636411277710, 1636411278398, 688, 287, 401, 0, 13, 13
748, 2, 1636411268994, 1636411279126, 10132, 1, 10131, 0, 0, 0
752, 1, 1636411278649, 1636411279282, 633, 270, 363, 0, 0, 0
753, 1, 1636411279262, 1636411279930, 668, 270, 398, 1, 0, 1
750, 2, 1636411277922, 1636411288099, 10177, 0, 10177, 0, 0, 0
751, 2, 1636411278258, 1636411288430, 10172, 1, 10171, 1, 1, 2
756, 1, 1636411288226, 1636411288898, 672, 266, 406, 2, 0, 2
754, 2, 1636411279645, 1636411289782, 10137, 0, 10137, 0, 0, 0
757, 1, 1636411289184, 1636411289822, 638, 269, 369, 0, 1, 1
755, 2, 1636411280207, 1636411290342, 10135, 1, 10134, 0, 1, 1
758, 1, 1636411289910, 1636411290614, 704, 303, 401, 1, 34, 35
759, 1, 1636411290187, 1636411290818, 631, 271, 360, 2, 0, 2
760, 1, 1636411290478, 1636411291154, 676, 270, 406, 1, 1, 2
761, 1, 1636411290891, 1636411291514, 623, 265, 358, 1, 0, 1
762, 1, 1636411291167, 1636411291802, 635, 273, 362, 0, 0, 0
763, 1, 1636411291427, 1636411292058, 631, 270, 361, 1, 0, 1
764, 1, 1636411291857, 1636411292490, 633, 271, 362, 1, 0, 1
765, 1, 1636411292186, 1636411292818, 632, 270, 362, 0, 0, 0
766, 1, 1636411292432, 1636411293090, 658, 298, 360, 1, 0, 1
769, 1, 1636411293401, 1636411294034, 633, 271, 362, 1, 1, 2
770, 1, 1636411294421, 1636411295054, 633, 266, 367, 0, 1, 1
767, 2, 1636411292868, 1636411303002, 10134, 1, 10133, 0, 0, 0
768, 2, 1636411293201, 1636411303334, 10133, 1, 10132, 0, 0, 0
772, 1, 1636411303135, 1636411303814, 679, 269, 410, 0, 0, 0
774, 1, 1636411304071, 1636411304702, 631, 270, 361, 0, 0, 0
771, 2, 1636411295435, 1636411305570, 10135, 0, 10135, 0, 0, 0
775, 1, 1636411305078, 1636411305710, 632, 268, 364, 0, 0, 0
777, 1, 1636411306073, 1636411306702, 629, 270, 359, 0, 2, 2
778, 1, 1636411307058, 1636411307690, 632, 267, 365, 0, 2, 2
779, 1, 1636411308028, 1636411308662, 634, 274, 360, 0, 1, 1
780, 1, 1636411309055, 1636411309686, 631, 270, 361, 2, 1, 3
781, 1, 1636411310074, 1636411310710, 636, 271, 365, 2, 2, 4
782, 1, 1636411311089, 1636411311718, 629, 269, 360, 0, 0, 0
783, 1, 1636411312076, 1636411312710, 634, 269, 365, 0, 1, 1
773, 2, 1636411303466, 1636411313642, 10176, 0, 10176, 1, 0, 1
784, 1, 1636411313080, 1636411313718, 638, 270, 368, 0, 1, 1
785, 1, 1636411313774, 1636411314450, 676, 269, 407, 1, 0, 1
786, 1, 1636411314045, 1636411314674, 629, 267, 362, 1, 1, 2
788, 1, 1636411315050, 1636411315686, 636, 272, 364, 1, 2, 3
776, 2, 1636411305706, 1636411315882, 10176, 0, 10176, 0, 0, 0
790, 1, 1636411316030, 1636411316661, 631, 274, 357, 1, 0, 1
791, 1, 1636411317051, 1636411317682, 631, 270, 361, 1, 1, 2
787, 2, 1636411314741, 1636411324878, 10137, 0, 10137, 0, 0, 0
789, 2, 1636411316011, 1636411326581, 10570, 349, 10221, 0, 0, 0
794, 1, 1636411326666, 1636411327342, 676, 274, 402, 1, 1, 2
792, 2, 1636411318066, 1636411328202, 10136, 0, 10136, 0, 0, 0
793, 2, 1636411325010, 1636411335186, 10176, 0, 10176, 0, 0, 0
797, 1, 1636411335318, 1636411335990, 672, 270, 402, 0, 1, 1
795, 2, 1636411327609, 1636411337746, 10137, 0, 10137, 0, 0, 0
796, 2, 1636411328334, 1636411338510, 10176, 0, 10176, 0, 0, 0
798, 1, 1636411337882, 1636411338550, 668, 262, 406, 0, 1, 1
799, 1, 1636411338643, 1636411339318, 675, 265, 410, 0, 1, 1
800, 2, 1636411339608, 1636411349746, 10138, 1, 10137, 1, 0, 1
801, 2, 1636411649769, 1636411659906, 10137, 1, 10136, 0, 0, 0
802, 2, 1636411650466, 1636411660601, 10135, 0, 10135, 0, 0, 0
803, 2, 1636411650890, 1636411661026, 10136, 0, 10136, 0, 0, 0
804, 2, 1636411651869, 1636411662006, 10137, 1, 10136, 0, 0, 0
805, 2, 1636411652702, 1636411662838, 10136, 0, 10136, 1, 0, 1
806, 2, 1636411660038, 1636411670214, 10176, 0, 10176, 1, 0, 1
807, 2, 1636411660735, 1636411670910, 10175, 1, 10174, 1, 0, 1
808, 2, 1636411661158, 1636411671334, 10176, 1, 10175, 1, 0, 1
809, 2, 1636411662138, 1636411672314, 10176, 0, 10176, 1, 0, 1
810, 2, 1636411662970, 1636411673150, 10180, 1, 10179, 0, 1, 1
811, 2, 1636411670346, 1636411680522, 10176, 0, 10176, 0, 1, 1
812, 2, 1636411671042, 1636411681217, 10175, 1, 10174, 0, 0, 0
813, 2, 1636411671466, 1636411681642, 10176, 0, 10176, 1, 1, 2
814, 2, 1636411672446, 1636411682622, 10176, 1, 10175, 0, 1, 1
815, 2, 1636411673282, 1636411683462, 10180, 1, 10179, 0, 0, 0
816, 2, 1636411680654, 1636411690829, 10175, 0, 10175, 0, 0, 0
817, 2, 1636411681354, 1636411691529, 10175, 1, 10174, 0, 0, 0
821, 1, 1636411690959, 1636411691622, 663, 271, 392, 0, 0, 0
818, 2, 1636411681766, 1636411691942, 10176, 1, 10175, 1, 1, 2
822, 1, 1636411691624, 1636411692294, 670, 275, 395, 1, 12, 13
823, 1, 1636411691662, 1636411692330, 668, 266, 402, 1, 1, 2
824, 1, 1636411692074, 1636411692746, 672, 271, 401, 2, 1, 3
819, 2, 1636411682750, 1636411692926, 10176, 1, 10175, 1, 0, 1
825, 1, 1636411692296, 1636411692970, 674, 269, 405, 0, 0, 0
826, 1, 1636411692332, 1636411693002, 670, 262, 408, 0, 0, 0
827, 1, 1636411692748, 1636411693450, 702, 306, 396, 48, 1, 49
828, 1, 1636411692972, 1636411693646, 674, 265, 409, 1, 0, 1
829, 1, 1636411693004, 1636411693670, 666, 262, 404, 1, 0, 1
830, 1, 1636411693059, 1636411693710, 651, 263, 388, 2, 1, 3
820, 2, 1636411683590, 1636411693770, 10180, 1, 10179, 0, 1, 1
831, 1, 1636411693451, 1636411694122, 671, 278, 393, 1, 17, 18
833, 1, 1636411693671, 1636411694338, 667, 260, 407, 0, 0, 0
834, 1, 1636411693771, 1636411694386, 615, 260, 355, 0, 0, 0
835, 1, 1636411693902, 1636411694554, 652, 264, 388, 0, 2, 2
836, 1, 1636411694123, 1636411694786, 663, 266, 397, 1, 0, 1
838, 1, 1636411694388, 1636411695050, 662, 262, 400, 1, 0, 1
839, 1, 1636411694556, 1636411695222, 666, 262, 404, 2, 1, 3
841, 1, 1636411695052, 1636411695718, 666, 262, 404, 0, 0, 0
842, 1, 1636411695225, 1636411695886, 661, 263, 398, 2, 0, 2
844, 1, 1636411695888, 1636411696550, 662, 262, 400, 2, 2, 4
832, 2, 1636411693649, 1636411703862, 10213, 1, 10212, 1, 1, 2
837, 2, 1636411694340, 1636411704518, 10178, 1, 10177, 1, 0, 1
846, 1, 1636411703990, 1636411704654, 664, 262, 402, 0, 2, 2
840, 2, 1636411694788, 1636411704966, 10178, 1, 10177, 0, 1, 1
847, 1, 1636411704642, 1636411705322, 680, 281, 399, 0, 21, 21
849, 1, 1636411705098, 1636411705770, 672, 271, 401, 1, 2, 3
843, 2, 1636411695720, 1636411705898, 10178, 1, 10177, 2, 0, 2
852, 1, 1636411706030, 1636411706698, 668, 267, 401, 0, 1, 1
845, 2, 1636411696552, 1636411706729, 10177, 0, 10177, 0, 0, 0
854, 1, 1636411706862, 1636411707530, 668, 268, 400, 2, 1, 3
848, 2, 1636411704657, 1636411714835, 10178, 0, 10178, 0, 1, 1
850, 2, 1636411705324, 1636411715505, 10181, 0, 10181, 0, 0, 0
851, 2, 1636411705772, 1636411715945, 10173, 0, 10173, 0, 0, 0
853, 2, 1636411706731, 1636411716906, 10175, 1, 10174, 0, 1, 1
855, 2, 1636411707532, 1636411717710, 10178, 0, 10178, 0, 0, 0
856, 2, 1636411714966, 1636411725142, 10176, 0, 10176, 0, 0, 0
857, 2, 1636411715634, 1636411725810, 10176, 0, 10176, 0, 0, 0
858, 2, 1636411716074, 1636411726249, 10175, 0, 10175, 0, 0, 0
859, 2, 1636411717034, 1636411727210, 10176, 1, 10175, 1, 0, 1
860, 2, 1636411717843, 1636411728022, 10179, 1, 10178, 1, 0, 1
861, 2, 1636411725274, 1636411735450, 10176, 1, 10175, 0, 0, 0
862, 2, 1636411725942, 1636411736118, 10176, 1, 10175, 0, 1, 1
866, 1, 1636411735582, 1636411736242, 660, 262, 398, 2, 0, 2
863, 2, 1636411726378, 1636411736554, 10176, 1, 10175, 1, 0, 1
868, 1, 1636411736250, 1636411736910, 660, 262, 398, 1, 1, 2
869, 1, 1636411736686, 1636411737354, 668, 265, 403, 1, 1, 2
864, 2, 1636411727342, 1636411737518, 10176, 1, 10175, 0, 1, 1
872, 1, 1636411737650, 1636411738314, 664, 264, 400, 0, 1, 1
865, 2, 1636411728155, 1636411738334, 10179, 1, 10178, 0, 2, 2
874, 1, 1636411738466, 1636411739134, 668, 263, 405, 0, 0, 0
867, 2, 1636411736244, 1636411746422, 10178, 0, 10178, 0, 0, 0
870, 2, 1636411736912, 1636411747089, 10177, 1, 10176, 0, 1, 1
871, 2, 1636411737357, 1636411747566, 10209, 1, 10208, 0, 0, 0
873, 2, 1636411738336, 1636411748514, 10178, 1, 10177, 0, 0, 0
875, 2, 1636411739137, 1636411749314, 10177, 0, 10177, 0, 0, 0
876, 2, 1636411746554, 1636411756730, 10176, 0, 10176, 0, 1, 1
877, 2, 1636411747218, 1636411757390, 10172, 1, 10171, 1, 0, 1
881, 1, 1636411756862, 1636411757522, 660, 262, 398, 1, 0, 1
878, 2, 1636411747694, 1636411757869, 10175, 1, 10174, 1, 0, 1
883, 1, 1636411757524, 1636411758226, 702, 306, 396, 2, 36, 38
882, 1, 1636411757523, 1636411758226, 703, 307, 396, 0, 41, 41
884, 1, 1636411758002, 1636411758662, 660, 266, 394, 1, 1, 2
879, 2, 1636411748646, 1636411758821, 10175, 1, 10174, 0, 0, 0
886, 1, 1636411758228, 1636411758886, 658, 265, 393, 2, 0, 2
887, 1, 1636411758664, 1636411759350, 686, 258, 428, 0, 1, 1
889, 1, 1636411758950, 1636411759618, 668, 272, 396, 1, 1, 2
880, 2, 1636411749442, 1636411759622, 10180, 0, 10180, 0, 1, 1
891, 1, 1636411759623, 1636411760294, 671, 272, 399, 1, 1, 2
892, 1, 1636411759754, 1636411760426, 672, 267, 405, 2, 1, 3
894, 1, 1636411760428, 1636411761094, 666, 265, 401, 0, 1, 1
885, 2, 1636411758228, 1636411768406, 10178, 1, 10177, 0, 1, 1
888, 2, 1636411758889, 1636411769070, 10181, 1, 10180, 1, 0, 1
890, 2, 1636411759352, 1636411769530, 10178, 1, 10177, 1, 0, 1
893, 2, 1636411760296, 1636411770478, 10182, 0, 10182, 0, 0, 0
895, 2, 1636411761097, 1636411771273, 10176, 1, 10175, 0, 0, 0
896, 2, 1636411768539, 1636411778714, 10175, 1, 10174, 1, 0, 1
897, 2, 1636411769198, 1636411779374, 10176, 1, 10175, 1, 0, 1
901, 1, 1636411778846, 1636411779514, 668, 270, 398, 0, 2, 2
898, 2, 1636411769658, 1636411779833, 10175, 0, 10175, 1, 0, 1
903, 1, 1636411779516, 1636411780190, 674, 274, 400, 0, 12, 12
902, 1, 1636411779506, 1636411780190, 684, 287, 397, 2, 24, 26
904, 1, 1636411779966, 1636411780622, 656, 261, 395, 0, 0, 0
899, 2, 1636411770614, 1636411780790, 10176, 1, 10175, 0, 0, 0
906, 1, 1636411780192, 1636411780850, 658, 262, 396, 1, 0, 1
907, 1, 1636411780624, 1636411781326, 702, 262, 440, 0, 0, 0
900, 2, 1636411771406, 1636411781582, 10176, 0, 10176, 0, 0, 0
909, 1, 1636411780923, 1636411781586, 663, 262, 401, 0, 1, 1
911, 1, 1636411781588, 1636411782262, 674, 269, 405, 1, 0, 1
912, 1, 1636411781714, 1636411782382, 668, 261, 407, 0, 1, 1
914, 1, 1636411782384, 1636411783054, 670, 270, 400, 2, 1, 3
905, 2, 1636411780192, 1636411790370, 10178, 0, 10178, 0, 0, 0
908, 2, 1636411780852, 1636411791033, 10181, 0, 10181, 0, 0, 0
910, 2, 1636411781328, 1636411791505, 10177, 1, 10176, 1, 0, 1
913, 2, 1636411782265, 1636411792442, 10177, 0, 10177, 0, 0, 0
915, 2, 1636411783056, 1636411793235, 10179, 1, 10178, 0, 0, 0
916, 2, 1636411790506, 1636411800681, 10175, 0, 10175, 1, 0, 1
917, 2, 1636411791162, 1636411801338, 10176, 1, 10175, 0, 1, 1
921, 1, 1636411800815, 1636411801482, 667, 266, 401, 0, 0, 0
918, 2, 1636411791638, 1636411801814, 10176, 1, 10175, 0, 1, 1
922, 1, 1636411801466, 1636411802170, 704, 307, 397, 1, 44, 45
924, 1, 1636411801950, 1636411802610, 660, 262, 398, 0, 2, 2
919, 2, 1636411792575, 1636411802749, 10174, 0, 10174, 0, 0, 0
927, 1, 1636411802879, 1636411803542, 663, 261, 402, 1, 1, 2
920, 2, 1636411793366, 1636411803546, 10180, 1, 10179, 0, 0, 0
929, 1, 1636411803678, 1636411804346, 668, 266, 402, 0, 1, 1
923, 2, 1636411801484, 1636411811662, 10178, 0, 10178, 0, 0, 0
925, 2, 1636411802172, 1636411812350, 10178, 0, 10178, 0, 0, 0
926, 2, 1636411802612, 1636411812798, 10186, 1, 10185, 0, 1, 1
928, 2, 1636411803548, 1636411813726, 10178, 1, 10177, 0, 0, 0
930, 2, 1636411804349, 1636411814526, 10177, 0, 10177, 0, 0, 0
931, 2, 1636411811794, 1636411821970, 10176, 1, 10175, 0, 0, 0
932, 2, 1636411812479, 1636411822654, 10175, 0, 10175, 0, 0, 0
933, 2, 1636411812926, 1636411823102, 10176, 1, 10175, 0, 0, 0
934, 2, 1636411813855, 1636411824030, 10175, 1, 10174, 0, 1, 1
935, 2, 1636411814659, 1636411824838, 10179, 1, 10178, 0, 0, 0
936, 2, 1636411822103, 1636411832278, 10175, 0, 10175, 0, 0, 0
937, 2, 1636411822786, 1636411832961, 10175, 0, 10175, 0, 0, 0
941, 1, 1636411832410, 1636411833078, 668, 268, 400, 1, 3, 4
938, 2, 1636411823230, 1636411833406, 10176, 1, 10175, 0, 1, 1
942, 1, 1636411833080, 1636411833762, 682, 283, 399, 1, 20, 21
943, 1, 1636411833094, 1636411833762, 668, 269, 399, 0, 4, 4
944, 1, 1636411833538, 1636411834202, 664, 262, 402, 1, 2, 3
939, 2, 1636411824162, 1636411834338, 10176, 1, 10175, 0, 1, 1
945, 1, 1636411833763, 1636411834434, 671, 266, 405, 1, 0, 1
947, 1, 1636411834204, 1636411834866, 662, 259, 403, 0, 1, 1
949, 1, 1636411834470, 1636411835134, 664, 267, 397, 2, 1, 3
940, 2, 1636411824970, 1636411835150, 10180, 1, 10179, 1, 1, 2
951, 1, 1636411835152, 1636411835814, 662, 266, 396, 1, 1, 2
952, 1, 1636411835286, 1636411835950, 664, 266, 398, 0, 0, 0
954, 1, 1636411835952, 1636411836618, 666, 267, 399, 0, 2, 2
946, 2, 1636411833764, 1636411843942, 10178, 1, 10177, 2, 0, 2
948, 2, 1636411834436, 1636411844614, 10178, 1, 10177, 2, 0, 2
950, 2, 1636411834868, 1636411845045, 10177, 0, 10177, 0, 0, 0
953, 2, 1636411835816, 1636411845994, 10178, 0, 10178, 0, 0, 0
955, 2, 1636411836621, 1636411846797, 10176, 1, 10175, 0, 0, 0
956, 2, 1636411844074, 1636411854250, 10176, 1, 10175, 1, 0, 1
957, 2, 1636411844746, 1636411854922, 10176, 1, 10175, 1, 1, 2
961, 1, 1636411854383, 1636411855046, 663, 265, 398, 0, 0, 0
958, 2, 1636411845178, 1636411855353, 10175, 0, 10175, 0, 0, 0
962, 1, 1636411855049, 1636411855718, 669, 262, 407, 2, 0, 2
963, 1, 1636411855058, 1636411855722, 664, 263, 401, 1, 0, 1
964, 1, 1636411855478, 1636411856134, 656, 262, 394, 0, 1, 1
959, 2, 1636411846126, 1636411856306, 10180, 0, 10180, 0, 0, 0
965, 1, 1636411855721, 1636411856378, 657, 258, 399, 1, 0, 1
966, 1, 1636411855724, 1636411856382, 658, 262, 396, 1, 0, 1
967, 1, 1636411856136, 1636411856834, 698, 262, 436, 0, 1, 1
968, 1, 1636411856380, 1636411857038, 658, 262, 396, 0, 0, 0
969, 1, 1636411856384, 1636411857050, 666, 266, 400, 0, 0, 0
970, 1, 1636411856438, 1636411857090, 652, 258, 394, 1, 0, 1
960, 2, 1636411846930, 1636411857106, 10176, 1, 10175, 1, 0, 1
971, 1, 1636411856836, 1636411857498, 662, 263, 399, 1, 1, 2
973, 1, 1636411857051, 1636411857710, 659, 261, 398, 0, 0, 0
974, 1, 1636411857108, 1636411857766, 658, 262, 396, 0, 0, 0
975, 1, 1636411857246, 1636411857906, 660, 258, 402, 0, 0, 0
976, 1, 1636411857499, 1636411858162, 663, 262, 401, 0, 0, 0
978, 1, 1636411857768, 1636411858430, 662, 259, 403, 1, 0, 1
979, 1, 1636411857907, 1636411858574, 667, 266, 401, 0, 0, 0
981, 1, 1636411858432, 1636411859094, 662, 263, 399, 1, 1, 2
982, 1, 1636411858576, 1636411859242, 666, 264, 402, 1, 0, 1
984, 1, 1636411859243, 1636411859910, 667, 266, 401, 1, 1, 2
972, 2, 1636411857040, 1636411867218, 10178, 0, 10178, 0, 1, 1
977, 2, 1636411857712, 1636411867890, 10178, 0, 10178, 0, 0, 0
986, 1, 1636411867350, 1636411868018, 668, 268, 400, 0, 0, 0
980, 2, 1636411858164, 1636411868342, 10178, 1, 10177, 0, 0, 0
987, 1, 1636411868018, 1636411868698, 680, 287, 393, 2, 20, 22
988, 1, 1636411868022, 1636411868698, 676, 282, 394, 0, 16, 16
989, 1, 1636411868470, 1636411869134, 664, 269, 395, 0, 0, 0
983, 2, 1636411859096, 1636411869278, 10182, 0, 10182, 0, 1, 1
990, 1, 1636411868700, 1636411869362, 662, 261, 401, 2, 0, 2
992, 1, 1636411869137, 1636411869814, 677, 263, 414, 2, 0, 2
994, 1, 1636411869410, 1636411870066, 656, 263, 393, 1, 1, 2
985, 2, 1636411859912, 1636411870090, 10178, 1, 10177, 1, 1, 2
996, 1, 1636411870091, 1636411870750, 659, 267, 392, 1, 0, 1
997, 1, 1636411870222, 1636411870886, 664, 261, 403, 0, 0, 0
999, 1, 1636411870887, 1636411871554, 667, 267, 400, 1, 2, 3
991, 2, 1636411868700, 1636411878878, 10178, 1, 10177, 2, 1, 3
993, 2, 1636411869364, 1636411879542, 10178, 1, 10177, 0, 0, 0
995, 2, 1636411869816, 1636411879994, 10178, 1, 10177, 0, 1, 1
998, 2, 1636411870753, 1636411880930, 10177, 1, 10176, 0, 0, 0
1000, 2, 1636411871556, 1636411881733, 10177, 1, 10176, 0, 1, 1
1001, 2, 1636411879010, 1636411889185, 10175, 0, 10175, 0, 0, 0
1002, 2, 1636411879670, 1636411889846, 10176, 0, 10176, 0, 0, 0
1006, 1, 1636411889318, 1636411889982, 664, 262, 402, 0, 0, 0
1003, 2, 1636411880126, 1636411890301, 10175, 0, 10175, 0, 0, 0
1008, 1, 1636411889984, 1636411890654, 670, 269, 401, 1, 8, 9
1007, 1, 1636411889974, 1636411890654, 680, 285, 395, 0, 24, 24
1009, 1, 1636411890430, 1636411891090, 660, 264, 396, 1, 2, 3
1004, 2, 1636411881062, 1636411891238, 10176, 1, 10175, 1, 0, 1
1011, 1, 1636411890656, 1636411891318, 662, 265, 397, 2, 0, 2
1012, 1, 1636411891092, 1636411891774, 682, 260, 422, 0, 0, 0
1014, 1, 1636411891374, 1636411892042, 668, 269, 399, 0, 1, 1
1005, 2, 1636411881866, 1636411892045, 10179, 0, 10179, 0, 0, 0
1016, 1, 1636411892047, 1636411892706, 659, 263, 396, 2, 0, 2
1017, 1, 1636411892178, 1636411892846, 668, 261, 407, 0, 1, 1
1019, 1, 1636411892849, 1636411893518, 669, 267, 402, 2, 1, 3
1010, 2, 1636411890655, 1636411900834, 10179, 0, 10179, 1, 0, 1
1013, 2, 1636411891320, 1636411901497, 10177, 1, 10176, 2, 0, 2
1021, 1, 1636411900966, 1636411901638, 672, 268, 404, 2, 1, 3
1015, 2, 1636411891776, 1636411901958, 10182, 1, 10181, 0, 2, 2
1023, 1, 1636411901640, 1636411902310, 670, 273, 397, 0, 13, 13
1022, 1, 1636411901626, 1636411902314, 688, 291, 397, 1, 28, 29
1024, 1, 1636411902094, 1636411902754, 660, 262, 398, 1, 1, 2
1018, 2, 1636411892708, 1636411902886, 10178, 1, 10177, 1, 0, 1
1025, 1, 1636411902312, 1636411902982, 670, 265, 405, 0, 0, 0
1026, 1, 1636411902316, 1636411903246, 930, 530, 400, 1, 0, 1
1027, 1, 1636411902756, 1636411903522, 766, 360, 406, 0, 0, 0
1028, 1, 1636411902984, 1636411903654, 670, 264, 406, 0, 2, 2
1020, 2, 1636411893519, 1636411903698, 10179, 1, 10178, 0, 2, 2
1030, 1, 1636411903248, 1636411903910, 662, 261, 401, 0, 0, 0
1029, 1, 1636411903018, 1636411903962, 944, 549, 395, 0, 44, 44
1031, 1, 1636411903524, 1636411904226, 702, 262, 440, 0, 3, 3
1032, 1, 1636411903700, 1636411904366, 666, 276, 390, 1, 0, 1
1033, 1, 1636411903831, 1636411904498, 667, 265, 402, 0, 0, 0
1035, 1, 1636411903964, 1636411904630, 666, 263, 403, 0, 1, 1
1034, 1, 1636411903912, 1636411904766, 854, 457, 397, 0, 0, 0
1036, 1, 1636411904228, 1636411905054, 826, 419, 407, 1, 0, 1
1038, 1, 1636411904500, 1636411905158, 658, 261, 397, 0, 1, 1
1039, 1, 1636411904632, 1636411905418, 786, 398, 388, 1, 1, 2
1040, 1, 1636411904767, 1636411905422, 655, 261, 394, 2, 0, 2
1041, 1, 1636411905056, 1636411905722, 666, 267, 399, 2, 0, 2
1042, 1, 1636411905160, 1636411905818, 658, 259, 399, 0, 1, 1
1043, 1, 1636411905419, 1636411906082, 663, 266, 397, 0, 0, 0
1046, 1, 1636411905820, 1636411906482, 662, 262, 400, 0, 1, 1
1047, 1, 1636411906084, 1636411906750, 666, 265, 401, 0, 0, 0
1048, 1, 1636411906484, 1636411907150, 666, 266, 400, 0, 1, 1
1037, 2, 1636411904368, 1636411914546, 10178, 0, 10178, 0, 0, 0
1044, 2, 1636411905423, 1636411915598, 10175, 1, 10174, 1, 0, 1
1045, 2, 1636411905724, 1636411915902, 10178, 0, 10178, 0, 0, 0
1049, 2, 1636411906753, 1636411916930, 10177, 1, 10176, 1, 0, 1
1050, 2, 1636411907152, 1636411917330, 10178, 1, 10177, 0, 1, 1
1051, 1, 1636412139655, 1636412140286, 631, 268, 363, 0, 0, 0
1053, 1, 1636412140314, 1636412140938, 624, 265, 359, 0, 1, 1
1054, 1, 1636412140906, 1636412141534, 628, 268, 360, 0, 0, 0
1057, 1, 1636412141590, 1636412142222, 632, 271, 361, 2, 0, 2
1059, 1, 1636412142414, 1636412143042, 628, 265, 363, 1, 1, 2
1052, 2, 1636412140288, 1636412150466, 10178, 0, 10178, 0, 0, 0
1055, 2, 1636412140940, 1636412151117, 10177, 0, 10177, 0, 0, 0
1056, 2, 1636412141536, 1636412151714, 10178, 1, 10177, 1, 1, 2
1058, 2, 1636412142225, 1636412152402, 10177, 0, 10177, 1, 0, 1
1060, 2, 1636412143044, 1636412153222, 10178, 1, 10177, 0, 0, 0
1061, 2, 1636412150598, 1636412160774, 10176, 1, 10175, 1, 1, 2
1062, 2, 1636412151247, 1636412161422, 10175, 0, 10175, 0, 0, 0
1063, 2, 1636412151846, 1636412162022, 10176, 1, 10175, 0, 1, 1
1064, 2, 1636412152534, 1636412162710, 10176, 1, 10175, 2, 1, 3
1065, 2, 1636412153359, 1636412163537, 10178, 0, 10178, 0, 0, 0
1066, 2, 1636412160906, 1636412171082, 10176, 1, 10175, 2, 0, 2
1067, 2, 1636412161550, 1636412171726, 10176, 0, 10176, 0, 1, 1
1071, 1, 1636412171214, 1636412171886, 672, 270, 402, 2, 1, 3
1068, 2, 1636412162155, 1636412172330, 10175, 0, 10175, 0, 0, 0
1072, 1, 1636412171854, 1636412172510, 656, 263, 393, 0, 0, 0
1073, 1, 1636412171889, 1636412172598, 709, 261, 448, 0, 1, 1
1069, 2, 1636412162834, 1636412173009, 10175, 1, 10174, 1, 0, 1
1074, 1, 1636412172462, 1636412173130, 668, 271, 397, 1, 1, 2
1075, 1, 1636412172512, 1636412173174, 662, 265, 397, 0, 0, 0
1076, 1, 1636412172600, 1636412173274, 674, 277, 397, 0, 16, 16
1077, 1, 1636412173132, 1636412173794, 662, 262, 400, 2, 0, 2
1078, 1, 1636412173142, 1636412173810, 668, 266, 402, 0, 0, 0
1079, 1, 1636412173176, 1636412173834, 658, 261, 397, 2, 0, 2
1070, 2, 1636412163670, 1636412173850, 10180, 1, 10179, 0, 0, 0
1080, 1, 1636412173276, 1636412173934, 658, 259, 399, 1, 0, 1
1081, 1, 1636412173795, 1636412174458, 663, 266, 397, 0, 0, 0
1083, 1, 1636412173852, 1636412174510, 658, 263, 395, 1, 1, 2
1082, 1, 1636412173851, 1636412174510, 659, 268, 391, 1, 1, 2
1084, 1, 1636412173936, 1636412174594, 658, 266, 392, 0, 2, 2
1085, 1, 1636412173986, 1636412174638, 652, 262, 390, 1, 1, 2
1086, 1, 1636412174460, 1636412175126, 666, 262, 404, 1, 0, 1
1088, 1, 1636412174512, 1636412175178, 666, 267, 399, 1, 1, 2
1087, 1, 1636412174512, 1636412175186, 674, 267, 407, 2, 0, 2
1089, 1, 1636412174596, 1636412175254, 658, 262, 396, 0, 0, 0
1090, 1, 1636412174640, 1636412175298, 658, 258, 400, 0, 0, 0
1091, 1, 1636412175127, 1636412175782, 655, 264, 391, 2, 2, 4
1092, 1, 1636412175180, 1636412175838, 658, 262, 396, 0, 0, 0
1093, 1, 1636412175188, 1636412175846, 658, 262, 396, 1, 0, 1
1094, 1, 1636412175256, 1636412175914, 658, 260, 398, 0, 0, 0
1095, 1, 1636412175300, 1636412175954, 654, 263, 391, 2, 1, 3
1096, 1, 1636412175784, 1636412176454, 670, 270, 400, 0, 0, 0
1097, 1, 1636412175839, 1636412176502, 663, 261, 402, 0, 1, 1
1098, 1, 1636412175847, 1636412176506, 659, 266, 393, 0, 1, 1
1100, 1, 1636412175956, 1636412176618, 662, 262, 400, 1, 0, 1
1101, 1, 1636412176456, 1636412177118, 662, 262, 400, 0, 1, 1
1102, 1, 1636412176504, 1636412177162, 658, 262, 396, 0, 1, 1
1104, 1, 1636412176619, 1636412177286, 667, 262, 405, 1, 0, 1
1106, 1, 1636412177164, 1636412177826, 662, 263, 399, 2, 1, 3
1107, 1, 1636412177288, 1636412177954, 666, 264, 402, 0, 0, 0
1109, 1, 1636412177955, 1636412178618, 663, 264, 399, 2, 1, 3
1099, 2, 1636412175916, 1636412186094, 10178, 1, 10177, 0, 0, 0
1103, 2, 1636412176508, 1636412186690, 10182, 1, 10181, 1, 0, 1
1105, 2, 1636412177120, 1636412187297, 10177, 1, 10176, 1, 0, 1
1108, 2, 1636412177828, 1636412188006, 10178, 1, 10177, 0, 1, 1
1110, 2, 1636412178621, 1636412188798, 10177, 1, 10176, 0, 1, 1
1111, 2, 1636412186222, 1636412196398, 10176, 0, 10176, 1, 0, 1
1112, 2, 1636412186819, 1636412196994, 10175, 1, 10174, 0, 0, 0
1116, 1, 1636412196530, 1636412197198, 668, 271, 397, 0, 2, 2
1113, 2, 1636412187426, 1636412197601, 10175, 1, 10174, 0, 0, 0
1117, 1, 1636412197118, 1636412197786, 668, 271, 397, 0, 1, 1
1118, 1, 1636412197200, 1636412197862, 662, 270, 392, 0, 6, 6
1114, 2, 1636412188139, 1636412198313, 10174, 0, 10174, 0, 0, 0
1119, 1, 1636412197734, 1636412198402, 668, 265, 403, 0, 1, 1
1120, 1, 1636412197788, 1636412198454, 666, 263, 403, 0, 0, 0
1122, 1, 1636412198405, 1636412199062, 657, 263, 394, 0, 1, 1
1123, 1, 1636412198446, 1636412199106, 660, 266, 394, 1, 0, 1
1115, 2, 1636412188934, 1636412199113, 10179, 1, 10178, 1, 0, 1
1126, 1, 1636412199115, 1636412199770, 655, 261, 394, 0, 1, 1
1127, 1, 1636412199246, 1636412199902, 656, 261, 395, 0, 0, 0
1129, 1, 1636412199904, 1636412200574, 670, 266, 404, 2, 1, 3
1121, 2, 1636412197864, 1636412208042, 10178, 0, 10178, 0, 0, 0
1124, 2, 1636412198456, 1636412208629, 10173, 0, 10173, 1, 0, 1
1131, 1, 1636412208175, 1636412208842, 667, 272, 395, 0, 0, 0
1125, 2, 1636412199064, 1636412209242, 10178, 1, 10177, 0, 1, 1
1132, 1, 1636412208766, 1636412209426, 660, 265, 395, 0, 0, 0
1133, 1, 1636412208844, 1636412209502, 658, 265, 393, 0, 4, 4
1128, 2, 1636412199772, 1636412209950, 10178, 1, 10177, 0, 2, 2
1134, 1, 1636412209374, 1636412210038, 664, 266, 398, 1, 1, 2
1135, 1, 1636412209428, 1636412210090, 662, 262, 400, 0, 0, 0
1136, 1, 1636412209504, 1636412210214, 710, 264, 446, 0, 0, 0
1137, 1, 1636412210040, 1636412210698, 658, 263, 395, 0, 1, 1
1138, 1, 1636412210082, 1636412210742, 660, 262, 398, 1, 0, 1
1139, 1, 1636412210092, 1636412210750, 658, 267, 391, 0, 0, 0
1130, 2, 1636412200577, 1636412210753, 10176, 1, 10175, 1, 0, 1
1140, 1, 1636412210215, 1636412210874, 659, 263, 396, 1, 0, 1
1141, 1, 1636412210700, 1636412211362, 662, 263, 399, 0, 1, 1
1143, 1, 1636412210755, 1636412211406, 651, 267, 384, 3, 0, 3
1142, 1, 1636412210754, 1636412211422, 668, 270, 398, 0, 0, 0
1144, 1, 1636412210876, 1636412211538, 662, 263, 399, 2, 1, 3
1145, 1, 1636412210886, 1636412211538, 652, 257, 395, 0, 0, 0
1146, 1, 1636412211364, 1636412212022, 658, 267, 391, 1, 1, 2
1147, 1, 1636412211408, 1636412212062, 654, 262, 392, 0, 2, 2
1148, 1, 1636412211424, 1636412212082, 658, 257, 401, 0, 0, 0
1149, 1, 1636412211540, 1636412212194, 654, 261, 393, 1, 0, 1
1150, 1, 1636412211541, 1636412212198, 657, 267, 390, 1, 0, 1
1151, 1, 1636412212024, 1636412212698, 674, 266, 408, 1, 0, 1
1152, 1, 1636412212064, 1636412212726, 662, 262, 400, 1, 2, 3
1153, 1, 1636412212084, 1636412212738, 654, 263, 391, 1, 0, 1
1155, 1, 1636412212199, 1636412212854, 655, 257, 398, 0, 1, 1
1154, 1, 1636412212196, 1636412212858, 662, 263, 399, 2, 1, 3
1156, 1, 1636412212699, 1636412213370, 671, 270, 401, 1, 0, 1
1157, 1, 1636412212728, 1636412213386, 658, 262, 396, 1, 0, 1
1158, 1, 1636412212740, 1636412213402, 662, 263, 399, 0, 1, 1
1159, 1, 1636412212856, 1636412213526, 670, 267, 403, 0, 1, 1
1161, 1, 1636412213372, 1636412214038, 666, 259, 407, 0, 0, 0
1162, 1, 1636412213388, 1636412214046, 658, 261, 397, 0, 0, 0
1164, 1, 1636412213527, 1636412214190, 663, 262, 401, 0, 1, 1
1166, 1, 1636412214048, 1636412214718, 670, 266, 404, 1, 1, 2
1167, 1, 1636412214192, 1636412214858, 666, 266, 400, 0, 0, 0
1169, 1, 1636412214860, 1636412215530, 670, 271, 399, 3, 0, 3
1160, 2, 1636412212860, 1636412223038, 10178, 0, 10178, 0, 1, 1
1163, 2, 1636412213404, 1636412223585, 10181, 0, 10181, 0, 0, 0
1171, 1, 1636412223166, 1636412223854, 688, 288, 400, 0, 20, 20
1165, 2, 1636412214040, 1636412224218, 10178, 1, 10177, 1, 1, 2
1172, 1, 1636412223718, 1636412224390, 672, 271, 401, 2, 1, 3
1168, 2, 1636412214720, 1636412224897, 10177, 1, 10176, 1, 0, 1
1174, 1, 1636412224350, 1636412225018, 668, 270, 398, 1, 0, 1
1177, 1, 1636412225030, 1636412225690, 660, 261, 399, 0, 1, 1
1170, 2, 1636412215533, 1636412225709, 10176, 0, 10176, 0, 0, 0
1179, 1, 1636412225842, 1636412226502, 660, 261, 399, 1, 0, 1
1173, 2, 1636412223856, 1636412234042, 10186, 1, 10185, 0, 1, 1
1175, 2, 1636412224392, 1636412234570, 10178, 1, 10177, 1, 1, 2
1181, 1, 1636412234166, 1636412234838, 672, 274, 398, 0, 9, 9
1176, 2, 1636412225020, 1636412235197, 10177, 0, 10177, 0, 0, 0
1182, 1, 1636412234698, 1636412235358, 660, 265, 395, 1, 0, 1
1183, 1, 1636412234840, 1636412235550, 710, 264, 446, 0, 0, 0
1178, 2, 1636412225711, 1636412235885, 10174, 1, 10173, 0, 0, 0
1184, 1, 1636412235330, 1636412235994, 664, 263, 401, 1, 0, 1
1185, 1, 1636412235360, 1636412236026, 666, 261, 405, 0, 0, 0
1186, 1, 1636412235552, 1636412236246, 694, 290, 404, 0, 24, 24
1187, 1, 1636412235996, 1636412236658, 662, 262, 400, 1, 0, 1
1188, 1, 1636412236014, 1636412236678, 664, 262, 402, 0, 0, 0
1180, 2, 1636412226503, 1636412236681, 10178, 1, 10177, 0, 0, 0
1189, 1, 1636412236028, 1636412236694, 666, 266, 400, 0, 0, 0
1190, 1, 1636412236248, 1636412236946, 698, 302, 396, 0, 40, 40
1192, 1, 1636412236683, 1636412237346, 663, 263, 400, 0, 0, 0
1191, 1, 1636412236683, 1636412237346, 663, 263, 400, 0, 1, 1
1193, 1, 1636412236696, 1636412237366, 670, 262, 408, 0, 0, 0
1194, 1, 1636412236818, 1636412237478, 660, 261, 399, 0, 0, 0
1195, 1, 1636412236948, 1636412237622, 674, 266, 408, 0, 0, 0
1196, 1, 1636412237348, 1636412238010, 662, 262, 400, 1, 1, 2
1197, 1, 1636412237348, 1636412238018, 670, 271, 399, 0, 1, 1
1198, 1, 1636412237368, 1636412238038, 670, 262, 408, 1, 0, 1
1199, 1, 1636412237480, 1636412238150, 670, 263, 407, 0, 0, 0
1200, 1, 1636412237624, 1636412238298, 674, 265, 409, 1, 0, 1
1201, 1, 1636412238012, 1636412238670, 658, 261, 397, 0, 0, 0
1202, 1, 1636412238020, 1636412238678, 658, 262, 396, 0, 0, 0
1203, 1, 1636412238040, 1636412238698, 658, 265, 393, 0, 0, 0
1204, 1, 1636412238152, 1636412238822, 670, 267, 403, 0, 1, 1
1205, 1, 1636412238300, 1636412238962, 662, 267, 395, 2, 0, 2
1206, 1, 1636412238672, 1636412239330, 658, 267, 391, 0, 0, 0
1207, 1, 1636412238680, 1636412239334, 654, 266, 388, 2, 0, 2
1208, 1, 1636412238700, 1636412239362, 662, 262, 400, 0, 1, 1
1209, 1, 1636412238824, 1636412239478, 654, 263, 391, 0, 0, 0
1210, 1, 1636412238964, 1636412239630, 666, 262, 404, 1, 0, 1
1211, 1, 1636412239332, 1636412239990, 658, 261, 397, 0, 0, 0
1212, 1, 1636412239336, 1636412240002, 666, 266, 400, 0, 0, 0
1213, 1, 1636412239363, 1636412240022, 659, 257, 402, 0, 0, 0
1214, 1, 1636412239480, 1636412240138, 658, 262, 396, 0, 1, 1
1215, 1, 1636412239631, 1636412240298, 667, 262, 405, 1, 0, 1
1216, 1, 1636412239992, 1636412240658, 666, 262, 404, 0, 0, 0
1217, 1, 1636412240004, 1636412240666, 662, 262, 400, 0, 0, 0
1218, 1, 1636412240023, 1636412240698, 675, 276, 399, 2, 1, 3
1219, 1, 1636412240140, 1636412240806, 666, 266, 400, 0, 0, 0
1220, 1, 1636412240300, 1636412240962, 662, 265, 397, 2, 0, 2
1221, 1, 1636412240659, 1636412241318, 659, 263, 396, 0, 1, 1
1222, 1, 1636412240668, 1636412241326, 658, 267, 391, 0, 1, 1
1223, 1, 1636412240700, 1636412241358, 658, 264, 394, 1, 1, 2
1224, 1, 1636412240808, 1636412241458, 650, 258, 392, 1, 0, 1
1225, 1, 1636412240964, 1636412241630, 666, 267, 399, 1, 0, 1
1226, 1, 1636412241320, 1636412241982, 662, 261, 401, 0, 0, 0
1227, 1, 1636412241327, 1636412241994, 667, 258, 409, 1, 0, 1
1228, 1, 1636412241360, 1636412242022, 662, 262, 400, 1, 0, 1
1229, 1, 1636412241460, 1636412242126, 666, 266, 400, 1, 0, 1
1230, 1, 1636412241632, 1636412242290, 658, 263, 395, 0, 0, 0
1231, 1, 1636412241984, 1636412242646, 662, 262, 400, 1, 0, 1
1232, 1, 1636412241996, 1636412242666, 670, 270, 400, 1, 1, 2
1233, 1, 1636412242024, 1636412242690, 666, 261, 405, 0, 0, 0
1234, 1, 1636412242128, 1636412242782, 654, 259, 395, 1, 0, 1
1235, 1, 1636412242291, 1636412242954, 663, 258, 405, 0, 0, 0
1236, 1, 1636412242648, 1636412243310, 662, 266, 396, 0, 1, 1
1237, 1, 1636412242668, 1636412243326, 658, 262, 396, 2, 0, 2
1238, 1, 1636412242692, 1636412243354, 662, 262, 400, 1, 0, 1
1239, 1, 1636412242784, 1636412243446, 662, 262, 400, 1, 1, 2
1240, 1, 1636412242956, 1636412243622, 666, 262, 404, 1, 0, 1
1241, 1, 1636412243312, 1636412243970, 658, 261, 397, 0, 0, 0
1242, 1, 1636412243328, 1636412243994, 666, 261, 405, 1, 0, 1
1243, 1, 1636412243356, 1636412244018, 662, 262, 400, 1, 1, 2
1244, 1, 1636412243448, 1636412244106, 658, 258, 400, 0, 1, 1
1245, 1, 1636412243623, 1636412244286, 663, 261, 402, 0, 0, 0
1246, 1, 1636412243972, 1636412244634, 662, 266, 396, 0, 0, 0
1247, 1, 1636412243995, 1636412244654, 659, 262, 397, 0, 0, 0
1248, 1, 1636412244020, 1636412244682, 662, 262, 400, 0, 0, 0
1249, 1, 1636412244108, 1636412244770, 662, 261, 401, 0, 0, 0
1250, 1, 1636412244287, 1636412244942, 655, 262, 393, 0, 0, 0
1251, 1, 1636412244636, 1636412245290, 654, 261, 393, 1, 0, 1
1252, 1, 1636412244656, 1636412245318, 662, 261, 401, 1, 0, 1
1253, 1, 1636412244683, 1636412245338, 655, 261, 394, 0, 0, 0
1254, 1, 1636412244772, 1636412245442, 670, 267, 403, 0, 1, 1
1255, 1, 1636412244944, 1636412245610, 666, 261, 405, 1, 0, 1
1256, 1, 1636412245292, 1636412245954, 662, 261, 401, 1, 0, 1
1257, 1, 1636412245320, 1636412245986, 666, 261, 405, 0, 0, 0
1258, 1, 1636412245340, 1636412245998, 658, 261, 397, 1, 0, 1
1259, 1, 1636412245444, 1636412246110, 666, 262, 404, 0, 0, 0
1261, 1, 1636412245956, 1636412246626, 670, 262, 408, 2, 0, 2
1262, 1, 1636412245988, 1636412246658, 670, 266, 404, 2, 0, 2
1264, 1, 1636412246112, 1636412246782, 670, 266, 404, 0, 0, 0
1266, 1, 1636412246660, 1636412247314, 654, 261, 393, 0, 0, 0
1267, 1, 1636412246783, 1636412247454, 671, 267, 404, 0, 1, 1
1269, 1, 1636412247456, 1636412248118, 662, 264, 398, 0, 0, 0
1260, 2, 1636412245612, 1636412255790, 10178, 0, 10178, 0, 1, 1
1263, 2, 1636412246000, 1636412256177, 10177, 0, 10177, 0, 0, 0
1271, 1, 1636412255918, 1636412256630, 712, 307, 405, 1, 41, 42
1265, 2, 1636412246628, 1636412256806, 10178, 0, 10178, 0, 1, 1
1272, 1, 1636412256306, 1636412256970, 664, 267, 397, 0, 0, 0
1273, 1, 1636412256632, 1636412257338, 706, 265, 441, 1, 0, 1
1268, 2, 1636412247316, 1636412257494, 10178, 1, 10177, 0, 1, 1
1274, 1, 1636412256938, 1636412257598, 660, 266, 394, 0, 0, 0
1275, 1, 1636412256972, 1636412257642, 670, 271, 399, 1, 1, 2
1276, 1, 1636412257340, 1636412258018, 678, 257, 421, 0, 0, 0
1277, 1, 1636412257600, 1636412258254, 654, 260, 394, 0, 0, 0
1278, 1, 1636412257626, 1636412258278, 652, 263, 389, 0, 1, 1
1270, 2, 1636412248121, 1636412258297, 10176, 1, 10175, 0, 1, 1
1279, 1, 1636412257644, 1636412258298, 654, 262, 392, 2, 0, 2
1280, 1, 1636412258020, 1636412258678, 658, 258, 400, 1, 0, 1
1281, 1, 1636412258299, 1636412258954, 655, 262, 393, 0, 2, 2
1282, 1, 1636412258299, 1636412258962, 663, 271, 392, 1, 0, 1
1283, 1, 1636412258299, 1636412258962, 663, 264, 399, 2, 2, 4
1284, 1, 1636412258430, 1636412259098, 668, 266, 402, 2, 0, 2
1285, 1, 1636412258680, 1636412259334, 654, 263, 391, 0, 0, 0
1286, 1, 1636412258956, 1636412259618, 662, 260, 402, 0, 0, 0
1288, 1, 1636412258964, 1636412259634, 670, 269, 401, 0, 0, 0
1287, 1, 1636412258963, 1636412259634, 671, 274, 397, 0, 2, 2
1289, 1, 1636412259100, 1636412259766, 666, 263, 403, 2, 0, 2
1290, 1, 1636412259336, 1636412260006, 670, 270, 400, 0, 1, 1
1291, 1, 1636412259620, 1636412260282, 662, 262, 400, 0, 0, 0
1292, 1, 1636412259636, 1636412260294, 658, 266, 392, 1, 2, 3
1293, 1, 1636412259636, 1636412260306, 670, 270, 400, 2, 1, 3
1294, 1, 1636412259768, 1636412260434, 666, 263, 403, 1, 2, 3
1295, 1, 1636412260284, 1636412260950, 666, 261, 405, 0, 0, 0
1296, 1, 1636412260308, 1636412260974, 666, 267, 399, 1, 0, 1
1297, 1, 1636412260436, 1636412261110, 674, 274, 400, 0, 0, 0
1298, 1, 1636412260976, 1636412261642, 666, 261, 405, 1, 0, 1
1299, 1, 1636412261112, 1636412261786, 674, 269, 405, 0, 0, 0
1300, 1, 1636412261788, 1636412262462, 674, 271, 403, 0, 2, 2
1301, 1, 1636412824421, 1636412825042, 621, 265, 356, 0, 0, 0
1302, 1, 1636412825006, 1636412825622, 616, 262, 354, 0, 0, 0
1303, 1, 1636412825043, 1636412825702, 659, 260, 399, 0, 0, 0
1304, 1, 1636412825624, 1636412826282, 658, 262, 396, 0, 1, 1
1305, 1, 1636412825671, 1636412826302, 631, 262, 369, 0, 0, 0
1308, 1, 1636412826304, 1636412826962, 658, 262, 396, 0, 1, 1
1309, 1, 1636412826378, 1636412826994, 616, 263, 353, 0, 1, 1
1311, 1, 1636412826996, 1636412827654, 658, 263, 395, 1, 1, 2
1312, 1, 1636412827083, 1636412827698, 615, 263, 352, 1, 1, 2
1314, 1, 1636412827700, 1636412828358, 658, 262, 396, 0, 0, 0
1306, 2, 1636412825704, 1636412835881, 10177, 0, 10177, 0, 0, 0
1307, 2, 1636412826284, 1636412836465, 10181, 0, 10181, 1, 0, 1
1316, 1, 1636412836010, 1636412836674, 664, 262, 402, 0, 0, 0
1310, 2, 1636412826964, 1636412837140, 10176, 0, 10176, 0, 0, 0
1317, 1, 1636412836590, 1636412837250, 660, 266, 394, 2, 1, 3
1318, 1, 1636412836676, 1636412837334, 658, 262, 396, 0, 1, 1
1313, 2, 1636412827656, 1636412837833, 10177, 0, 10177, 0, 0, 0
1319, 1, 1636412837252, 1636412837910, 658, 262, 396, 0, 0, 0
1320, 1, 1636412837270, 1636412837930, 660, 261, 399, 0, 0, 0
1321, 1, 1636412837336, 1636412837994, 658, 261, 397, 2, 0, 2
1315, 2, 1636412828360, 1636412838536, 10176, 0, 10176, 1, 0, 1
1322, 1, 1636412837912, 1636412838574, 662, 262, 400, 0, 0, 0
1323, 1, 1636412837932, 1636412838590, 658, 262, 396, 0, 0, 0
1324, 1, 1636412837962, 1636412838622, 660, 265, 395, 0, 0, 0
1325, 1, 1636412837996, 1636412838654, 658, 262, 396, 0, 0, 0
1326, 1, 1636412838576, 1636412839238, 662, 266, 396, 0, 0, 0
1327, 1, 1636412838592, 1636412839254, 662, 266, 396, 0, 0, 0
1328, 1, 1636412838624, 1636412839282, 658, 261, 397, 0, 0, 0
1329, 1, 1636412838655, 1636412839318, 663, 262, 401, 1, 0, 1
1330, 1, 1636412838674, 1636412839338, 664, 265, 399, 0, 0, 0
1331, 1, 1636412839240, 1636412839902, 662, 260, 402, 0, 0, 0
1332, 1, 1636412839256, 1636412839922, 666, 263, 403, 0, 1, 1
1333, 1, 1636412839284, 1636412839942, 658, 263, 395, 1, 0, 1
1334, 1, 1636412839320, 1636412839978, 658, 262, 396, 1, 0, 1
1335, 1, 1636412839340, 1636412839998, 658, 263, 395, 0, 0, 0
1336, 1, 1636412839904, 1636412840566, 662, 262, 400, 0, 0, 0
1337, 1, 1636412839924, 1636412840582, 658, 261, 397, 0, 0, 0
1338, 1, 1636412839944, 1636412840610, 666, 266, 400, 0, 0, 0
1339, 1, 1636412839980, 1636412840642, 662, 263, 399, 1, 1, 2
1340, 1, 1636412840000, 1636412840658, 658, 262, 396, 0, 0, 0
1341, 1, 1636412840568, 1636412841226, 658, 262, 396, 0, 0, 0
1342, 1, 1636412840584, 1636412841246, 662, 261, 401, 0, 0, 0
1343, 1, 1636412840612, 1636412841274, 662, 263, 399, 2, 1, 3
1344, 1, 1636412840644, 1636412841302, 658, 262, 396, 0, 0, 0
1345, 1, 1636412840659, 1636412841326, 667, 263, 404, 1, 0, 1
1346, 1, 1636412841227, 1636412841890, 663, 261, 402, 1, 0, 1
1347, 1, 1636412841248, 1636412841910, 662, 261, 401, 0, 0, 0
1348, 1, 1636412841276, 1636412841934, 658, 262, 396, 0, 0, 0
1350, 1, 1636412841328, 1636412841986, 658, 262, 396, 0, 1, 1
1352, 1, 1636412841912, 1636412842574, 662, 263, 399, 1, 0, 1
1353, 1, 1636412841936, 1636412842598, 662, 260, 402, 0, 0, 0
1354, 1, 1636412841988, 1636412842646, 658, 261, 397, 0, 0, 0
1356, 1, 1636412842600, 1636412843258, 658, 262, 396, 1, 0, 1
1357, 1, 1636412842648, 1636412843306, 658, 261, 397, 0, 0, 0
1359, 1, 1636412843308, 1636412843967, 659, 261, 398, 0, 0, 0
1349, 2, 1636412841304, 1636412851481, 10177, 0, 10177, 0, 0, 0
1351, 2, 1636412841892, 1636412852068, 10176, 0, 10176, 0, 0, 0
1361, 1, 1636412851611, 1636412852270, 659, 262, 397, 0, 0, 0
1355, 2, 1636412842576, 1636412852753, 10177, 1, 10176, 1, 0, 1
1362, 1, 1636412852202, 1636412852862, 660, 261, 399, 2, 0, 2
1363, 1, 1636412852272, 1636412852930, 658, 262, 396, 1, 0, 1
1358, 2, 1636412843260, 1636412853437, 10177, 0, 10177, 1, 0, 1
1364, 1, 1636412852864, 1636412853526, 662, 262, 400, 0, 0, 0
1365, 1, 1636412852882, 1636412853542, 660, 262, 398, 0, 0, 0
1366, 1, 1636412852932, 1636412853594, 662, 261, 401, 0, 0, 0
1360, 2, 1636412843969, 1636412854144, 10175, 0, 10175, 1, 0, 1
1367, 1, 1636412853528, 1636412854186, 658, 262, 396, 0, 0, 0
1368, 1, 1636412853544, 1636412854201, 657, 262, 395, 0, 0, 0
1369, 1, 1636412853566, 1636412854226, 660, 260, 400, 0, 0, 0
1370, 1, 1636412853596, 1636412854498, 902, 507, 395, 1, 11, 12
1371, 1, 1636412854187, 1636412854846, 659, 262, 397, 1, 1, 2
1372, 1, 1636412854203, 1636412854858, 655, 262, 393, 1, 0, 1
1373, 1, 1636412854228, 1636412854890, 662, 262, 400, 0, 0, 0
1374, 1, 1636412854274, 1636412855110, 836, 437, 399, 1, 0, 1
1375, 1, 1636412854500, 1636412855166, 666, 266, 400, 0, 0, 0
1376, 1, 1636412854848, 1636412855506, 658, 263, 395, 0, 1, 1
1377, 1, 1636412854860, 1636412855522, 662, 261, 401, 0, 0, 0
1378, 1, 1636412854892, 1636412855554, 662, 266, 396, 1, 0, 1
1379, 1, 1636412855112, 1636412855770, 658, 262, 396, 2, 0, 2
1380, 1, 1636412855167, 1636412855826, 659, 260, 399, 0, 0, 0
1381, 1, 1636412855508, 1636412856166, 658, 263, 395, 1, 1, 2
1382, 1, 1636412855524, 1636412856186, 662, 262, 400, 0, 0, 0
1383, 1, 1636412855556, 1636412856222, 666, 262, 404, 1, 0, 1
1384, 1, 1636412855772, 1636412856430, 658, 263, 395, 1, 0, 1
1385, 1, 1636412855828, 1636412856694, 866, 470, 396, 0, 1, 1
1387, 1, 1636412856188, 1636412856850, 662, 262, 400, 1, 0, 1
1388, 1, 1636412856224, 1636412856882, 658, 261, 397, 1, 0, 1
1386, 1, 1636412856168, 1636412856966, 798, 403, 395, 0, 1, 1
1389, 1, 1636412856432, 1636412857094, 662, 261, 401, 1, 0, 1
1390, 1, 1636412856695, 1636412857358, 663, 262, 401, 0, 0, 0
1391, 1, 1636412856851, 1636412857514, 663, 267, 396, 0, 0, 0
1392, 1, 1636412856884, 1636412857550, 666, 270, 396, 0, 0, 0
1393, 1, 1636412856968, 1636412857630, 662, 262, 400, 0, 1, 1
1394, 1, 1636412857096, 1636412857754, 658, 261, 397, 1, 1, 2
1395, 1, 1636412857360, 1636412858018, 658, 262, 396, 1, 0, 1
1396, 1, 1636412857515, 1636412858174, 659, 262, 397, 0, 0, 0
1397, 1, 1636412857552, 1636412858214, 662, 263, 399, 0, 0, 0
1398, 1, 1636412857632, 1636412858286, 654, 262, 392, 0, 0, 0
1399, 1, 1636412857755, 1636412858418, 663, 263, 400, 2, 1, 3
1400, 1, 1636412858020, 1636412858682, 662, 267, 395, 1, 1, 2
1401, 1, 1636412858176, 1636412858838, 662, 262, 400, 0, 1, 1
1402, 1, 1636412858215, 1636412858874, 659, 262, 397, 0, 0, 0
1403, 1, 1636412858287, 1636412858946, 659, 261, 398, 0, 0, 0
1404, 1, 1636412858421, 1636412859078, 657, 262, 395, 0, 1, 1
1405, 1, 1636412858684, 1636412859346, 662, 264, 398, 2, 1, 3
1406, 1, 1636412858840, 1636412859498, 658, 262, 396, 0, 0, 0
1407, 1, 1636412858876, 1636412859534, 658, 261, 397, 1, 0, 1
1408, 1, 1636412858947, 1636412859614, 667, 266, 401, 1, 0, 1
1409, 1, 1636412859080, 1636412859738, 658, 261, 397, 1, 0, 1
1411, 1, 1636412859500, 1636412860158, 658, 261, 397, 0, 0, 0
1412, 1, 1636412859536, 1636412860194, 658, 261, 397, 0, 0, 0
1414, 1, 1636412859740, 1636412860402, 662, 265, 397, 0, 0, 0
1416, 1, 1636412860196, 1636412860854, 658, 263, 395, 2, 0, 2
1417, 1, 1636412860404, 1636412861062, 658, 262, 396, 1, 0, 1
1419, 1, 1636412861064, 1636412861726, 662, 266, 396, 0, 1, 1
1410, 2, 1636412859348, 1636412869529, 10181, 0, 10181, 0, 1, 1
1413, 2, 1636412859616, 1636412869792, 10176, 0, 10176, 0, 0, 0
1421, 1, 1636412869658, 1636412870322, 664, 308, 356, 47, 0, 47
1415, 2, 1636412860160, 1636412870341, 10181, 0, 10181, 1, 0, 1
1422, 1, 1636412869922, 1636412870606, 684, 288, 396, 0, 20, 20
1418, 2, 1636412860857, 1636412871033, 10176, 1, 10175, 1, 0, 1
1424, 1, 1636412870470, 1636412871126, 656, 262, 394, 2, 1, 3
1427, 1, 1636412871162, 1636412871818, 656, 260, 396, 0, 0, 0
1420, 2, 1636412861728, 1636412871904, 10176, 1, 10175, 1, 0, 1
1429, 1, 1636412872034, 1636412872698, 664, 265, 399, 0, 0, 0
1423, 2, 1636412870343, 1636412880521, 10178, 0, 10178, 0, 0, 0
1425, 2, 1636412870608, 1636412880784, 10176, 0, 10176, 1, 0, 1
1426, 2, 1636412871128, 1636412881305, 10177, 1, 10176, 0, 0, 0
1431, 1, 1636412880651, 1636412881314, 663, 262, 401, 0, 0, 0
1432, 1, 1636412880914, 1636412881578, 664, 269, 395, 0, 0, 0
1433, 1, 1636412881315, 1636412881974, 659, 261, 398, 0, 0, 0
1428, 2, 1636412871820, 1636412881997, 10177, 0, 10177, 0, 0, 0
1434, 1, 1636412881434, 1636412882094, 660, 262, 398, 0, 0, 0
1435, 1, 1636412881580, 1636412882262, 682, 286, 396, 0, 25, 25
1436, 1, 1636412881999, 1636412882658, 659, 262, 397, 0, 1, 1
1437, 1, 1636412882096, 1636412882758, 662, 266, 396, 0, 1, 1
1438, 1, 1636412882126, 1636412882786, 660, 264, 396, 0, 0, 0
1430, 2, 1636412872700, 1636412882877, 10177, 0, 10177, 0, 0, 0
1439, 1, 1636412882264, 1636412882922, 658, 262, 396, 1, 0, 1
1440, 1, 1636412882660, 1636412883322, 662, 263, 399, 1, 0, 1
1441, 1, 1636412882760, 1636412883450, 690, 262, 428, 1, 0, 1
1442, 1, 1636412882788, 1636412883450, 662, 263, 399, 1, 0, 1
1443, 1, 1636412882923, 1636412883594, 671, 266, 405, 0, 1, 1
1444, 1, 1636412883006, 1636412883666, 660, 260, 400, 0, 0, 0
1445, 1, 1636412883323, 1636412883982, 659, 262, 397, 0, 0, 0
1447, 1, 1636412883452, 1636412884114, 662, 259, 403, 0, 0, 0
1446, 1, 1636412883452, 1636412884114, 662, 262, 400, 3, 0, 3
1448, 1, 1636412883596, 1636412884254, 658, 262, 396, 0, 0, 0
1449, 1, 1636412883668, 1636412884330, 662, 263, 399, 0, 1, 1
1450, 1, 1636412883984, 1636412884646, 662, 266, 396, 1, 0, 1
1451, 1, 1636412884116, 1636412884774, 658, 262, 396, 1, 0, 1
1452, 1, 1636412884116, 1636412884774, 658, 262, 396, 2, 1, 3
1453, 1, 1636412884256, 1636412884922, 666, 265, 401, 0, 0, 0
1454, 1, 1636412884332, 1636412884990, 658, 261, 397, 1, 0, 1
1455, 1, 1636412884648, 1636412885310, 662, 262, 400, 0, 0, 0
1456, 1, 1636412884776, 1636412885434, 658, 263, 395, 3, 1, 4
1457, 1, 1636412884776, 1636412885438, 662, 262, 400, 2, 0, 2
1458, 1, 1636412884923, 1636412885590, 667, 263, 404, 1, 0, 1
1459, 1, 1636412884992, 1636412885650, 658, 261, 397, 0, 0, 0
1460, 1, 1636412885312, 1636412885978, 666, 262, 404, 0, 0, 0
1461, 1, 1636412885435, 1636412886094, 659, 261, 398, 1, 0, 1
1462, 1, 1636412885440, 1636412886102, 662, 262, 400, 0, 0, 0
1463, 1, 1636412885592, 1636412886258, 666, 266, 400, 1, 1, 2
1464, 1, 1636412885652, 1636412886310, 658, 262, 396, 2, 0, 2
1465, 1, 1636412885980, 1636412886638, 658, 263, 395, 3, 0, 3
1466, 1, 1636412886096, 1636412886762, 666, 267, 399, 0, 0, 0
1467, 1, 1636412886104, 1636412886762, 658, 263, 395, 0, 1, 1
1468, 1, 1636412886260, 1636412886926, 666, 263, 403, 0, 0, 0
1469, 1, 1636412886312, 1636412886974, 662, 266, 396, 1, 1, 2
1470, 1, 1636412886640, 1636412887298, 658, 262, 396, 1, 0, 1
1472, 1, 1636412886764, 1636412887422, 658, 260, 398, 1, 0, 1
1471, 1, 1636412886764, 1636412887422, 658, 262, 396, 3, 0, 3
1473, 1, 1636412886928, 1636412887586, 658, 262, 396, 1, 1, 2
1474, 1, 1636412886977, 1636412887634, 657, 260, 397, 1, 0, 1
1475, 1, 1636412887300, 1636412887962, 662, 266, 396, 1, 1, 2
1477, 1, 1636412887424, 1636412888082, 658, 262, 396, 2, 0, 2
1476, 1, 1636412887424, 1636412888082, 658, 261, 397, 2, 0, 2
1478, 1, 1636412887589, 1636412888246, 657, 262, 395, 0, 0, 0
1479, 1, 1636412887636, 1636412888298, 662, 262, 400, 0, 0, 0
1480, 1, 1636412887964, 1636412888622, 658, 262, 396, 2, 0, 2
1481, 1, 1636412888083, 1636412888742, 659, 263, 396, 3, 0, 3
1482, 1, 1636412888084, 1636412888742, 658, 262, 396, 0, 0, 0
1483, 1, 1636412888248, 1636412888906, 658, 261, 397, 1, 0, 1
1484, 1, 1636412888300, 1636412888958, 658, 260, 398, 0, 0, 0
1485, 1, 1636412888624, 1636412889286, 662, 261, 401, 0, 0, 0
1486, 1, 1636412888744, 1636412889406, 662, 269, 393, 2, 2, 4
1487, 1, 1636412888744, 1636412889406, 662, 268, 394, 2, 2, 4
1488, 1, 1636412888908, 1636412889570, 662, 266, 396, 1, 0, 1
1489, 1, 1636412888959, 1636412889622, 663, 262, 401, 2, 0, 2
1490, 1, 1636412889288, 1636412889950, 662, 261, 401, 1, 0, 1
1492, 1, 1636412889408, 1636412890070, 662, 265, 397, 2, 0, 2
1491, 1, 1636412889408, 1636412890082, 674, 274, 400, 2, 0, 2
1493, 1, 1636412889572, 1636412890230, 658, 261, 397, 0, 0, 0
1494, 1, 1636412889624, 1636412890290, 666, 269, 397, 0, 0, 0
1495, 1, 1636412889952, 1636412890614, 662, 264, 398, 0, 0, 0
1496, 1, 1636412890072, 1636412890730, 658, 262, 396, 0, 1, 1
1497, 1, 1636412890084, 1636412890750, 666, 267, 399, 0, 1, 1
1498, 1, 1636412890232, 1636412890894, 662, 261, 401, 1, 0, 1
1499, 1, 1636412890292, 1636412890950, 658, 263, 395, 2, 0, 2
1500, 1, 1636412890616, 1636412891274, 658, 262, 396, 0, 0, 0
1501, 1, 1636412890732, 1636412891390, 658, 263, 395, 1, 2, 3
1502, 1, 1636412890751, 1636412891422, 671, 267, 404, 0, 1, 1
1503, 1, 1636412890895, 1636412891554, 659, 262, 397, 1, 1, 2
1504, 1, 1636412890952, 1636412891610, 658, 264, 394, 1, 1, 2
1505, 1, 1636412891275, 1636412891938, 663, 262, 401, 0, 0, 0
1506, 1, 1636412891392, 1636412892054, 662, 262, 400, 0, 0, 0
1507, 1, 1636412891423, 1636412892082, 659, 263, 396, 1, 1, 2
1508, 1, 1636412891556, 1636412892222, 666, 271, 395, 1, 0, 1
1509, 1, 1636412891612, 1636412892270, 658, 262, 396, 2, 0, 2
1511, 1, 1636412892056, 1636412892718, 662, 262, 400, 0, 0, 0
1512, 1, 1636412892083, 1636412892750, 667, 266, 401, 0, 1, 1
1514, 1, 1636412892272, 1636412892934, 662, 267, 395, 0, 0, 0
1515, 1, 1636412892720, 1636412893378, 658, 263, 395, 1, 0, 1
1517, 1, 1636412892937, 1636412893594, 657, 262, 395, 1, 1, 2
1519, 1, 1636412893596, 1636412894254, 658, 261, 397, 1, 1, 2
1510, 2, 1636412891940, 1636412902117, 10177, 0, 10177, 0, 1, 1
1513, 2, 1636412892224, 1636412902401, 10177, 0, 10177, 0, 0, 0
1516, 2, 1636412892752, 1636412902929, 10177, 0, 10177, 0, 0, 0
1521, 1, 1636412902246, 1636412902938, 692, 268, 424, 0, 0, 0
1522, 1, 1636412902530, 1636412903202, 672, 278, 394, 1, 1, 2
1518, 2, 1636412893380, 1636412903558, 10178, 1, 10177, 1, 0, 1
1523, 1, 1636412902939, 1636412903602, 663, 260, 403, 0, 0, 0
1524, 1, 1636412903058, 1636412903714, 656, 262, 394, 0, 0, 0
1525, 1, 1636412903204, 1636412903910, 706, 262, 444, 1, 0, 1
1526, 1, 1636412903603, 1636412904262, 659, 261, 398, 1, 0, 1
1527, 1, 1636412903686, 1636412904346, 660, 266, 394, 0, 0, 0
1528, 1, 1636412903716, 1636412904374, 658, 262, 396, 0, 0, 0
1520, 2, 1636412894257, 1636412904432, 10175, 0, 10175, 0, 0, 0
1529, 1, 1636412903912, 1636412904574, 662, 266, 396, 1, 0, 1
1530, 1, 1636412904264, 1636412904958, 694, 259, 435, 0, 1, 1
1531, 1, 1636412904348, 1636412905006, 658, 262, 396, 0, 0, 0
1532, 1, 1636412904376, 1636412905034, 658, 262, 396, 2, 0, 2
1533, 1, 1636412904562, 1636412905222, 660, 261, 399, 0, 0, 0
1534, 1, 1636412904576, 1636412905246, 670, 265, 405, 0, 0, 0
1535, 1, 1636412904960, 1636412905618, 658, 261, 397, 0, 1, 1
1536, 1, 1636412905008, 1636412905670, 662, 262, 400, 0, 0, 0
1537, 1, 1636412905036, 1636412905698, 662, 262, 400, 1, 0, 1
1538, 1, 1636412905224, 1636412905882, 658, 263, 395, 3, 0, 3
1539, 1, 1636412905248, 1636412905910, 662, 266, 396, 0, 0, 0
1540, 1, 1636412905620, 1636412906282, 662, 264, 398, 0, 0, 0
1541, 1, 1636412905672, 1636412906334, 662, 262, 400, 0, 0, 0
1542, 1, 1636412905700, 1636412906366, 666, 266, 400, 0, 0, 0
1543, 1, 1636412905884, 1636412906546, 662, 261, 401, 0, 0, 0
1544, 1, 1636412905912, 1636412906574, 662, 265, 397, 1, 1, 2
1545, 1, 1636412906284, 1636412906954, 670, 261, 409, 1, 0, 1
1546, 1, 1636412906336, 1636412906998, 662, 262, 400, 2, 0, 2
1547, 1, 1636412906368, 1636412907026, 658, 262, 396, 0, 1, 1
1548, 1, 1636412906548, 1636412907210, 662, 261, 401, 0, 0, 0
1549, 1, 1636412906576, 1636412907234, 658, 262, 396, 1, 0, 1
1550, 1, 1636412906956, 1636412907614, 658, 262, 396, 2, 0, 2
1551, 1, 1636412907000, 1636412907658, 658, 262, 396, 1, 0, 1
1552, 1, 1636412907028, 1636412907686, 658, 264, 394, 3, 1, 4
1553, 1, 1636412907211, 1636412907874, 663, 262, 401, 1, 0, 1
1554, 1, 1636412907236, 1636412907894, 658, 261, 397, 0, 0, 0
1555, 1, 1636412907616, 1636412908274, 658, 261, 397, 1, 0, 1
1556, 1, 1636412907660, 1636412908318, 658, 263, 395, 1, 0, 1
1557, 1, 1636412907688, 1636412908346, 658, 262, 396, 1, 0, 1
1558, 1, 1636412907876, 1636412908534, 658, 261, 397, 1, 0, 1
1559, 1, 1636412907896, 1636412908554, 658, 263, 395, 1, 0, 1
1560, 1, 1636412908276, 1636412908934, 658, 263, 395, 1, 1, 2
1561, 1, 1636412908320, 1636412908982, 662, 261, 401, 0, 0, 0
1562, 1, 1636412908347, 1636412909010, 663, 261, 402, 0, 0, 0
1563, 1, 1636412908536, 1636412909198, 662, 265, 397, 1, 1, 2
1564, 1, 1636412908556, 1636412909214, 658, 261, 397, 0, 0, 0
1565, 1, 1636412908936, 1636412909594, 658, 263, 395, 0, 1, 1
1566, 1, 1636412908984, 1636412909642, 658, 262, 396, 1, 0, 1
1567, 1, 1636412909012, 1636412909670, 658, 262, 396, 0, 0, 0
1568, 1, 1636412909200, 1636412909862, 662, 262, 400, 0, 0, 0
1569, 1, 1636412909216, 1636412909874, 658, 262, 396, 2, 0, 2
1570, 1, 1636412909596, 1636412910254, 658, 263, 395, 0, 0, 0
1571, 1, 1636412909644, 1636412910302, 658, 262, 396, 0, 1, 1
1572, 1, 1636412909671, 1636412910330, 659, 263, 396, 0, 2, 2
1573, 1, 1636412909864, 1636412910530, 666, 266, 400, 1, 0, 1
1574, 1, 1636412909876, 1636412910538, 662, 262, 400, 0, 0, 0
1575, 1, 1636412910256, 1636412910918, 662, 262, 400, 0, 1, 1
1576, 1, 1636412910304, 1636412910966, 662, 262, 400, 1, 0, 1
1577, 1, 1636412910332, 1636412910990, 658, 262, 396, 1, 0, 1
1578, 1, 1636412910532, 1636412911198, 666, 268, 398, 0, 0, 0
1579, 1, 1636412910540, 1636412911206, 666, 269, 397, 0, 1, 1
1580, 1, 1636412910920, 1636412911586, 666, 261, 405, 1, 0, 1
1581, 1, 1636412910967, 1636412911630, 663, 262, 401, 1, 0, 1
1582, 1, 1636412910992, 1636412911654, 662, 266, 396, 0, 1, 1
1584, 1, 1636412911208, 1636412911866, 658, 261, 397, 0, 0, 0
1583, 1, 1636412911200, 1636412911866, 666, 266, 400, 2, 0, 2
1585, 1, 1636412911588, 1636412912246, 658, 262, 396, 1, 0, 1
1586, 1, 1636412911632, 1636412912294, 662, 263, 399, 1, 1, 2
1587, 1, 1636412911656, 1636412912318, 662, 261, 401, 0, 0, 0
1589, 1, 1636412911869, 1636412912526, 657, 261, 396, 1, 1, 2
1588, 1, 1636412911868, 1636412912530, 662, 267, 395, 2, 1, 3
1590, 1, 1636412912248, 1636412912910, 662, 260, 402, 0, 0, 0
1591, 1, 1636412912296, 1636412912954, 658, 261, 397, 0, 0, 0
1592, 1, 1636412912320, 1636412912982, 662, 261, 401, 0, 0, 0
1594, 1, 1636412912532, 1636412913194, 662, 265, 397, 0, 0, 0
1593, 1, 1636412912528, 1636412913194, 666, 269, 397, 0, 0, 0
1595, 1, 1636412912912, 1636412913570, 658, 263, 395, 0, 1, 1
1597, 1, 1636412912984, 1636412913646, 662, 267, 395, 1, 1, 2
1596, 1, 1636412912956, 1636412913834, 878, 482, 396, 0, 1, 1
1599, 1, 1636412913196, 1636412913854, 658, 261, 397, 1, 0, 1
1598, 1, 1636412913196, 1636412914098, 902, 506, 396, 1, 1, 2
1600, 1, 1636412913572, 1636412914230, 658, 261, 397, 0, 0, 0
1601, 1, 1636412913648, 1636412914362, 714, 318, 396, 0, 0, 0
1602, 1, 1636412913836, 1636412914494, 658, 260, 398, 0, 0, 0
1603, 1, 1636412913856, 1636412914626, 770, 370, 400, 0, 1, 1
1604, 1, 1636412914100, 1636412914770, 670, 269, 401, 0, 0, 0
1605, 1, 1636412914232, 1636412914890, 658, 263, 395, 0, 1, 1
1606, 1, 1636412914364, 1636412915034, 670, 275, 395, 1, 1, 2
1607, 1, 1636412914496, 1636412915154, 658, 262, 396, 0, 2, 2
1608, 1, 1636412914628, 1636412915290, 662, 266, 396, 2, 0, 2
1609, 1, 1636412914772, 1636412915430, 658, 263, 395, 0, 1, 1
1611, 1, 1636412915036, 1636412915694, 658, 262, 396, 0, 1, 1
1612, 1, 1636412915156, 1636412915814, 658, 260, 398, 0, 0, 0
1613, 1, 1636412915292, 1636412915950, 658, 261, 397, 0, 0, 0
1616, 1, 1636412915816, 1636412916474, 658, 261, 397, 0, 0, 0
1617, 1, 1636412915952, 1636412916614, 662, 265, 397, 0, 1, 1
1619, 1, 1636412916616, 1636412917274, 658, 262, 396, 0, 0, 0
1610, 2, 1636412914892, 1636412925069, 10177, 0, 10177, 0, 0, 0
1614, 2, 1636412915432, 1636412925609, 10177, 1, 10176, 1, 0, 1
1615, 2, 1636412915695, 1636412925873, 10178, 1, 10177, 0, 2, 2
1621, 1, 1636412925198, 1636412925874, 676, 278, 398, 2, 16, 18
1622, 1, 1636412925738, 1636412926402, 664, 262, 402, 0, 0, 0
1623, 1, 1636412925875, 1636412926534, 659, 262, 397, 0, 2, 2
1618, 2, 1636412916476, 1636412926653, 10177, 1, 10176, 0, 1, 1
1624, 1, 1636412926002, 1636412926666, 664, 269, 395, 0, 0, 0
1625, 1, 1636412926404, 1636412927098, 694, 296, 398, 0, 31, 31
1626, 1, 1636412926536, 1636412927226, 690, 260, 430, 0, 0, 0
1627, 1, 1636412926668, 1636412927362, 694, 294, 400, 0, 0, 0
1628, 1, 1636412926782, 1636412927438, 656, 261, 395, 0, 0, 0
1620, 2, 1636412917276, 1636412927453, 10177, 1, 10176, 1, 0, 1
1629, 1, 1636412927100, 1636412927806, 706, 308, 398, 1, 45, 46
1630, 1, 1636412927228, 1636412927894, 666, 270, 396, 1, 9, 10
1631, 1, 1636412927364, 1636412928070, 706, 308, 398, 3, 0, 3
1632, 1, 1636412927455, 1636412928114, 659, 262, 397, 1, 0, 1
1633, 1, 1636412927582, 1636412928242, 660, 261, 399, 1, 0, 1
1634, 1, 1636412927808, 1636412928470, 662, 267, 395, 0, 2, 2
1635, 1, 1636412927896, 1636412928554, 658, 262, 396, 0, 0, 0
1636, 1, 1636412928071, 1636412928734, 663, 266, 397, 0, 0, 0
1637, 1, 1636412928116, 1636412928774, 658, 262, 396, 0, 0, 0
1638, 1, 1636412928244, 1636412928902, 658, 261, 397, 1, 0, 1
1639, 1, 1636412928471, 1636412929130, 659, 262, 397, 0, 0, 0
1640, 1, 1636412928556, 1636412929214, 658, 266, 392, 0, 1, 1
1641, 1, 1636412928736, 1636412929406, 670, 262, 408, 0, 0, 0
1642, 1, 1636412928776, 1636412929434, 658, 262, 396, 0, 0, 0
1643, 1, 1636412928904, 1636412929562, 658, 262, 396, 0, 1, 1
1644, 1, 1636412929131, 1636412929790, 659, 261, 398, 0, 0, 0
1645, 1, 1636412929215, 1636412929878, 663, 261, 402, 1, 0, 1
1646, 1, 1636412929408, 1636412930070, 662, 262, 400, 1, 0, 1
1647, 1, 1636412929436, 1636412930098, 662, 260, 402, 0, 0, 0
1648, 1, 1636412929564, 1636412930222, 658, 262, 396, 0, 0, 0
1649, 1, 1636412929792, 1636412930450, 658, 262, 396, 1, 1, 2
1650, 1, 1636412929880, 1636412930538, 658, 262, 396, 1, 2, 3
1651, 1, 1636412930071, 1636412930738, 667, 270, 397, 0, 0, 0
1652, 1, 1636412930100, 1636412930766, 666, 270, 396, 0, 0, 0
1653, 1, 1636412930224, 1636412930882, 658, 263, 395, 0, 0, 0
1654, 1, 1636412930451, 1636412931114, 663, 265, 398, 0, 1, 1
1655, 1, 1636412930540, 1636412931210, 670, 264, 406, 0, 0, 0
1656, 1, 1636412930739, 1636412931402, 663, 265, 398, 2, 0, 2
1657, 1, 1636412930768, 1636412931426, 658, 262, 396, 0, 0, 0
1658, 1, 1636412930884, 1636412931542, 658, 264, 394, 0, 2, 2
1659, 1, 1636412931116, 1636412931778, 662, 267, 395, 2, 1, 3
1660, 1, 1636412931211, 1636412931874, 663, 266, 397, 0, 0, 0
1661, 1, 1636412931404, 1636412932062, 658, 262, 396, 1, 0, 1
1662, 1, 1636412931428, 1636412932090, 662, 266, 396, 0, 0, 0
1663, 1, 1636412931544, 1636412932206, 662, 261, 401, 2, 0, 2
1664, 1, 1636412931780, 1636412932438, 658, 262, 396, 1, 0, 1
1665, 1, 1636412931876, 1636412932538, 662, 266, 396, 0, 1, 1
1666, 1, 1636412932064, 1636412932722, 658, 262, 396, 0, 0, 0
1667, 1, 1636412932091, 1636412932758, 667, 262, 405, 2, 0, 2
1668, 1, 1636412932208, 1636412932866, 658, 262, 396, 0, 1, 1
1669, 1, 1636412932439, 1636412933098, 659, 261, 398, 0, 0, 0
1671, 1, 1636412932724, 1636412933386, 662, 262, 400, 0, 2, 2
1672, 1, 1636412932760, 1636412933418, 658, 262, 396, 1, 0, 1
1673, 1, 1636412932868, 1636412933530, 662, 267, 395, 0, 1, 1
1676, 1, 1636412933420, 1636412934078, 658, 261, 397, 0, 0, 0
1677, 1, 1636412933531, 1636412934190, 659, 260, 399, 0, 0, 0
1679, 1, 1636412934192, 1636412934850, 658, 263, 395, 1, 0, 1
1670, 2, 1636412932539, 1636412942721, 10182, 0, 10182, 1, 0, 1
1674, 2, 1636412933100, 1636412943277, 10177, 0, 10177, 0, 0, 0
1681, 1, 1636412942850, 1636412943542, 692, 292, 400, 1, 28, 29
1675, 2, 1636412933388, 1636412943564, 10176, 1, 10175, 1, 0, 1
1682, 1, 1636412943406, 1636412944090, 684, 259, 425, 2, 0, 2
1683, 1, 1636412943566, 1636412944226, 660, 262, 398, 0, 0, 0
1678, 2, 1636412934080, 1636412944256, 10176, 1, 10175, 1, 0, 1
1684, 1, 1636412943694, 1636412944354, 660, 266, 394, 1, 0, 1
1685, 1, 1636412944092, 1636412944786, 694, 261, 433, 0, 0, 0
1686, 1, 1636412944258, 1636412944918, 660, 261, 399, 1, 0, 1
1680, 2, 1636412934852, 1636412945029, 10177, 1, 10176, 1, 0, 1
1688, 1, 1636412944386, 1636412945046, 660, 262, 398, 2, 0, 2
1687, 1, 1636412944356, 1636412945050, 694, 294, 400, 0, 0, 0
1689, 1, 1636412944787, 1636412945470, 683, 286, 397, 1, 24, 25
1690, 1, 1636412944920, 1636412945602, 682, 261, 421, 1, 0, 1
1691, 1, 1636412945048, 1636412945706, 658, 263, 395, 0, 1, 1
1692, 1, 1636412945052, 1636412945738, 686, 282, 404, 1, 0, 1
1693, 1, 1636412945158, 1636412945818, 660, 260, 400, 1, 0, 1
1694, 1, 1636412945471, 1636412946130, 659, 262, 397, 2, 0, 2
1695, 1, 1636412945604, 1636412946266, 662, 262, 400, 0, 0, 0
1696, 1, 1636412945708, 1636412946370, 662, 262, 400, 0, 0, 0
1697, 1, 1636412945740, 1636412946398, 658, 262, 396, 0, 0, 0
1698, 1, 1636412945820, 1636412946478, 658, 263, 395, 1, 1, 2
1699, 1, 1636412946131, 1636412946798, 667, 265, 402, 0, 0, 0
1700, 1, 1636412946268, 1636412946930, 662, 261, 401, 0, 0, 0
1701, 1, 1636412946372, 1636412947030, 658, 261, 397, 0, 0, 0
1703, 1, 1636412946479, 1636412947138, 659, 263, 396, 0, 1, 1
1704, 1, 1636412946800, 1636412947458, 658, 263, 395, 2, 1, 3
1705, 1, 1636412946932, 1636412947590, 658, 262, 396, 0, 1, 1
1707, 1, 1636412947140, 1636412947806, 666, 264, 402, 0, 0, 0
1708, 1, 1636412947460, 1636412948130, 670, 273, 397, 0, 0, 0
1709, 1, 1636412947592, 1636412948250, 658, 261, 397, 0, 0, 0
1711, 1, 1636412948132, 1636412948790, 658, 263, 395, 1, 1, 2
1712, 1, 1636412948252, 1636412948910, 658, 262, 396, 2, 0, 2
1713, 1, 1636412948792, 1636412949462, 670, 267, 403, 1, 1, 2
1714, 1, 1636412948912, 1636412949570, 658, 263, 395, 0, 1, 1
1715, 1, 1636412949464, 1636412950122, 658, 262, 396, 1, 0, 1
1716, 1, 1636412949572, 1636412950234, 662, 263, 399, 1, 1, 2
1717, 1, 1636412950124, 1636412950782, 658, 262, 396, 0, 1, 1
1718, 1, 1636412950236, 1636412950902, 666, 260, 406, 0, 0, 0
1719, 1, 1636412950784, 1636412951446, 662, 264, 398, 0, 0, 0
1720, 1, 1636412950904, 1636412951562, 658, 263, 395, 1, 0, 1
1721, 1, 1636412951448, 1636412952106, 658, 263, 395, 1, 2, 3
1722, 1, 1636412951564, 1636412952226, 662, 263, 399, 1, 2, 3
1723, 1, 1636412952108, 1636412952766, 658, 261, 397, 0, 1, 1
1724, 1, 1636412952228, 1636412952894, 666, 265, 401, 1, 1, 2
1725, 1, 1636412952768, 1636412953426, 658, 261, 397, 0, 0, 0
1726, 1, 1636412952896, 1636412953554, 658, 263, 395, 1, 1, 2
1727, 1, 1636412953428, 1636412954090, 662, 265, 397, 0, 0, 0
1728, 1, 1636412953556, 1636412954213, 657, 262, 395, 0, 1, 1
1729, 1, 1636412954092, 1636412954750, 658, 262, 396, 1, 0, 1
1730, 1, 1636412954215, 1636412954874, 659, 262, 397, 0, 0, 0
1731, 1, 1636412954752, 1636412955414, 662, 266, 396, 1, 0, 1
1732, 1, 1636412954875, 1636412955534, 659, 263, 396, 0, 1, 1
1733, 1, 1636412955416, 1636412956074, 658, 263, 395, 1, 1, 2
1734, 1, 1636412955536, 1636412956198, 662, 267, 395, 0, 0, 0
1735, 1, 1636412956076, 1636412956734, 658, 262, 396, 0, 0, 0
1702, 2, 1636412946400, 1636412956844, 10444, 175, 10269, 1, 0, 1
1736, 1, 1636412956200, 1636412956862, 662, 261, 401, 1, 0, 1
1706, 1, 1636412947032, 1636412957290, 10258, 9862, 396, 1, 51, 52
1737, 1, 1636412956847, 1636412957502, 655, 262, 393, 1, 1, 2
1738, 1, 1636412956864, 1636412957530, 666, 263, 403, 0, 0, 0
1710, 1, 1636412947807, 1636412957554, 9747, 9349, 398, 0, 0, 0
1739, 1, 1636412956934, 1636412957598, 664, 263, 401, 1, 0, 1
1740, 1, 1636412957292, 1636412957950, 658, 262, 396, 1, 0, 1
1741, 1, 1636412957504, 1636412958166, 662, 261, 401, 0, 0, 0
1742, 1, 1636412957532, 1636412958190, 658, 262, 396, 1, 0, 1
1743, 1, 1636412957556, 1636412958218, 662, 261, 401, 0, 0, 0
1744, 1, 1636412957600, 1636412958258, 658, 261, 397, 0, 1, 1
1745, 1, 1636412957951, 1636412958610, 659, 263, 396, 0, 0, 0
1746, 1, 1636412958168, 1636412958834, 666, 262, 404, 1, 0, 1
1747, 1, 1636412958192, 1636412958858, 666, 262, 404, 1, 1, 2
1748, 1, 1636412958220, 1636412958890, 670, 266, 404, 1, 0, 1
1749, 1, 1636412958260, 1636412958926, 666, 265, 401, 0, 0, 0
1750, 1, 1636412958612, 1636412959270, 658, 262, 396, 0, 1, 1
1751, 1, 1636412958836, 1636412959494, 658, 262, 396, 1, 0, 1
1752, 1, 1636412958892, 1636412959554, 662, 265, 397, 0, 0, 0
1753, 1, 1636412958928, 1636412959590, 662, 262, 400, 0, 0, 0
1754, 1, 1636412959271, 1636412959934, 663, 263, 400, 0, 0, 0
1755, 1, 1636412959556, 1636412960218, 662, 265, 397, 1, 0, 1
1756, 1, 1636412959592, 1636412960250, 658, 260, 398, 0, 0, 0
1757, 1, 1636412959936, 1636412960594, 658, 263, 395, 0, 1, 1
1758, 1, 1636412960220, 1636412960882, 662, 266, 396, 0, 1, 1
1759, 1, 1636412960252, 1636412960914, 662, 261, 401, 0, 1, 1
1760, 1, 1636412960596, 1636412961254, 658, 261, 397, 0, 1, 1
1761, 1, 1636412960884, 1636412961542, 658, 261, 397, 2, 0, 2
1762, 1, 1636412960916, 1636412961574, 658, 262, 396, 1, 0, 1
1763, 1, 1636412961256, 1636412961914, 658, 263, 395, 2, 1, 3
1764, 1, 1636412961544, 1636412962202, 658, 261, 397, 0, 0, 0
1765, 1, 1636412961576, 1636412962234, 658, 260, 398, 1, 0, 1
1766, 1, 1636412961916, 1636412962574, 658, 260, 398, 1, 0, 1
1767, 1, 1636412962204, 1636412962862, 658, 260, 398, 0, 0, 0
1768, 1, 1636412962236, 1636412962894, 658, 261, 397, 0, 0, 0
1769, 1, 1636412962575, 1636412963234, 659, 262, 397, 0, 0, 0
1770, 1, 1636412962863, 1636412963530, 667, 267, 400, 0, 1, 1
1771, 1, 1636412962895, 1636412963554, 659, 261, 398, 1, 0, 1
1772, 1, 1636412963236, 1636412963894, 658, 262, 396, 1, 0, 1
1773, 1, 1636412963532, 1636412964190, 658, 262, 396, 0, 0, 0
1774, 1, 1636412963556, 1636412964214, 658, 262, 396, 0, 0, 0
1775, 1, 1636412963896, 1636412964554, 658, 262, 396, 0, 1, 1
1776, 1, 1636412964192, 1636412964850, 658, 263, 395, 1, 0, 1
1777, 1, 1636412964216, 1636412964878, 662, 263, 399, 1, 0, 1
1778, 1, 1636412964555, 1636412965214, 659, 261, 398, 0, 0, 0
1779, 1, 1636412964851, 1636412965514, 663, 265, 398, 0, 0, 0
1780, 1, 1636412964880, 1636412965542, 662, 262, 400, 1, 0, 1
1781, 1, 1636412965216, 1636412965878, 662, 266, 396, 0, 1, 1
1782, 1, 1636412965516, 1636412966174, 658, 261, 397, 0, 0, 0
1783, 1, 1636412965544, 1636412966206, 662, 261, 401, 0, 0, 0
1784, 1, 1636412965880, 1636412966542, 662, 263, 399, 2, 0, 2
1785, 1, 1636412966175, 1636412966838, 663, 266, 397, 1, 1, 2
1786, 1, 1636412966208, 1636412966866, 658, 262, 396, 0, 1, 1
1787, 1, 1636412966544, 1636412967202, 658, 263, 395, 2, 0, 2
1788, 1, 1636412966839, 1636412967498, 659, 263, 396, 2, 0, 2
1789, 1, 1636412966868, 1636412967530, 662, 262, 400, 1, 0, 1
1790, 1, 1636412967204, 1636412967866, 662, 266, 396, 1, 0, 1
1791, 1, 1636412967500, 1636412968158, 658, 262, 396, 1, 0, 1
1792, 1, 1636412967532, 1636412968190, 658, 262, 396, 0, 2, 2
1793, 1, 1636412967868, 1636412968530, 662, 263, 399, 1, 0, 1
1794, 1, 1636412968159, 1636412968818, 659, 261, 398, 0, 0, 0
1795, 1, 1636412968192, 1636412968850, 658, 262, 396, 1, 0, 1
1796, 1, 1636412968532, 1636412969190, 658, 260, 398, 1, 0, 1
1797, 1, 1636412968820, 1636412969478, 658, 261, 397, 0, 0, 0
1798, 1, 1636412968851, 1636412969514, 663, 267, 396, 1, 1, 2
1799, 1, 1636412969192, 1636412969858, 666, 270, 396, 0, 0, 0
1800, 1, 1636412969480, 1636412970142, 662, 262, 400, 0, 0, 0
