Xid, State, StartTime, EndTime, TransactionTime, ExecuteTime, CommunicationTime, ReadTime, WriteTime, DBTime
1, 1, 1636429417548, 1636429418330, 782, 415, 367, 0, 12, 12
2, 1, 1636429418414, 1636429419086, 672, 274, 398, 0, 0, 0
3, 1, 1636429419132, 1636429419814, 682, 278, 404, 0, 1, 1
4, 1, 1636429419859, 1636429420538, 679, 278, 401, 0, 1, 1
5, 1, 1636429420584, 1636429421262, 678, 276, 402, 0, 0, 0
6, 1, 1636429421308, 1636429421982, 674, 276, 398, 0, 0, 0
7, 1, 1636429422027, 1636429422702, 675, 274, 401, 0, 0, 0
8, 1, 1636429422748, 1636429423422, 674, 275, 399, 0, 1, 1
9, 1, 1636429423468, 1636429424154, 686, 278, 408, 0, 0, 0
10, 1, 1636429424199, 1636429424874, 675, 276, 399, 0, 1, 1
11, 1, 1636429424919, 1636429425594, 675, 276, 399, 0, 0, 0
12, 1, 1636429425639, 1636429426314, 675, 277, 398, 0, 1, 1
13, 1, 1636429426359, 1636429427034, 675, 275, 400, 0, 1, 1
14, 1, 1636429427079, 1636429427755, 676, 276, 400, 0, 0, 0
15, 1, 1636429427800, 1636429428474, 674, 276, 398, 0, 0, 0
16, 1, 1636429428205, 1636429428970, 765, 380, 385, 0, 2, 2
17, 1, 1636429428519, 1636429429195, 676, 277, 399, 0, 0, 0
18, 1, 1636429429036, 1636429429710, 674, 273, 401, 0, 0, 0
19, 1, 1636429429239, 1636429429870, 631, 275, 356, 0, 0, 0
20, 1, 1636429429756, 1636429430430, 674, 272, 402, 0, 0, 0
21, 1, 1636429429872, 1636429430502, 630, 276, 354, 0, 0, 0
22, 1, 1636429430432, 1636429431106, 674, 272, 402, 0, 0, 0
23, 1, 1636429430505, 1636429431143, 638, 276, 362, 0, 0, 0
25, 1, 1636429431145, 1636429431770, 625, 268, 357, 0, 0, 0
24, 1, 1636429431108, 1636429431778, 670, 272, 398, 0, 1, 1
26, 1, 1636429431772, 1636429432394, 622, 272, 350, 0, 0, 0
27, 1, 1636429431781, 1636429432454, 673, 272, 401, 0, 0, 0
28, 1, 1636429432397, 1636429433030, 633, 274, 359, 0, 0, 0
29, 1, 1636429432457, 1636429433130, 673, 273, 400, 0, 0, 0
30, 1, 1636429433033, 1636429433662, 629, 275, 354, 0, 0, 0
31, 1, 1636429433133, 1636429433806, 673, 273, 400, 0, 0, 0
32, 1, 1636429433665, 1636429434298, 633, 274, 359, 0, 0, 0
33, 1, 1636429433809, 1636429434486, 677, 272, 405, 0, 0, 0
34, 1, 1636429434300, 1636429434930, 630, 274, 356, 0, 0, 0
35, 1, 1636429434489, 1636429435162, 673, 273, 400, 0, 0, 0
36, 1, 1636429434932, 1636429435550, 618, 264, 354, 0, 0, 0
37, 1, 1636429435164, 1636429435838, 674, 273, 401, 0, 0, 0
38, 1, 1636429435553, 1636429436186, 633, 276, 357, 0, 0, 0
39, 1, 1636429435841, 1636429436510, 669, 273, 396, 0, 0, 0
40, 1, 1636429436188, 1636429436810, 622, 267, 355, 0, 0, 0
41, 1, 1636429436513, 1636429437186, 673, 270, 403, 0, 0, 0
42, 1, 1636429436813, 1636429437446, 633, 275, 358, 0, 0, 0
43, 1, 1636429437188, 1636429437854, 666, 268, 398, 0, 0, 0
44, 1, 1636429437448, 1636429438074, 626, 267, 359, 0, 0, 0
45, 1, 1636429437857, 1636429438530, 673, 274, 399, 0, 0, 0
46, 1, 1636429438076, 1636429438702, 626, 271, 355, 0, 0, 0
47, 1, 1636429438533, 1636429439206, 673, 273, 400, 0, 0, 0
48, 1, 1636429438704, 1636429439334, 630, 274, 356, 0, 0, 0
49, 1, 1636429439209, 1636429439830, 621, 268, 353, 0, 0, 0
50, 1, 1636429439336, 1636429439966, 630, 269, 361, 0, 0, 0
51, 1, 1636429439832, 1636429440458, 626, 270, 356, 0, 0, 0
52, 1, 1636429439969, 1636429440598, 629, 271, 358, 0, 0, 0
53, 1, 1636429440461, 1636429441090, 629, 273, 356, 0, 0, 0
54, 1, 1636429440601, 1636429441226, 625, 266, 359, 0, 0, 0
55, 1, 1636429441091, 1636429441722, 631, 273, 358, 0, 0, 0
56, 1, 1636429441228, 1636429441858, 630, 273, 357, 0, 0, 0
57, 1, 1636429441724, 1636429442354, 630, 274, 356, 0, 0, 0
58, 1, 1636429441860, 1636429442486, 626, 276, 350, 0, 0, 0
59, 1, 1636429442357, 1636429442986, 629, 273, 356, 0, 0, 0
60, 1, 1636429442489, 1636429443114, 625, 272, 353, 0, 0, 0
61, 1, 1636429442989, 1636429443618, 629, 275, 354, 0, 0, 0
62, 1, 1636429443116, 1636429443750, 634, 275, 359, 0, 0, 0
63, 1, 1636429443266, 1636429444014, 748, 366, 382, 0, 0, 0
64, 1, 1636429443620, 1636429444246, 626, 270, 356, 0, 0, 0
65, 1, 1636429443752, 1636429444382, 630, 276, 354, 0, 0, 0
66, 1, 1636429444080, 1636429444758, 678, 275, 403, 0, 0, 0
67, 1, 1636429444249, 1636429444874, 625, 270, 355, 0, 0, 0
68, 1, 1636429444384, 1636429445014, 630, 275, 355, 0, 0, 0
69, 1, 1636429444760, 1636429445434, 674, 275, 399, 0, 1, 1
70, 1, 1636429444876, 1636429445498, 622, 265, 357, 0, 0, 0
71, 1, 1636429445017, 1636429445646, 629, 275, 354, 0, 0, 0
72, 1, 1636429445437, 1636429446110, 673, 276, 397, 0, 0, 0
73, 1, 1636429445501, 1636429446126, 625, 269, 356, 0, 0, 0
74, 1, 1636429445649, 1636429446278, 629, 276, 353, 0, 0, 0
76, 1, 1636429446128, 1636429446750, 622, 270, 352, 0, 0, 0
75, 1, 1636429446112, 1636429446786, 674, 275, 399, 0, 1, 1
77, 1, 1636429446280, 1636429446906, 626, 270, 356, 0, 0, 0
78, 1, 1636429446752, 1636429447374, 622, 269, 353, 0, 0, 0
79, 1, 1636429446789, 1636429447462, 673, 275, 398, 0, 0, 0
80, 1, 1636429446908, 1636429447538, 630, 274, 356, 0, 0, 0
81, 1, 1636429447375, 1636429448010, 635, 277, 358, 0, 0, 0
82, 1, 1636429447465, 1636429448138, 673, 274, 399, 0, 0, 0
83, 1, 1636429447541, 1636429448174, 633, 275, 358, 0, 0, 0
84, 1, 1636429448012, 1636429448630, 618, 269, 349, 0, 0, 0
86, 1, 1636429448176, 1636429448806, 630, 274, 356, 0, 0, 0
85, 1, 1636429448140, 1636429448814, 674, 275, 399, 0, 0, 0
87, 1, 1636429448633, 1636429449258, 625, 273, 352, 0, 1, 1
88, 1, 1636429448809, 1636429449442, 633, 272, 361, 0, 0, 0
89, 1, 1636429448817, 1636429449498, 681, 275, 406, 0, 0, 0
90, 1, 1636429449260, 1636429449894, 634, 277, 357, 0, 1, 1
91, 1, 1636429449444, 1636429450074, 630, 274, 356, 0, 0, 0
92, 1, 1636429449500, 1636429450174, 674, 275, 399, 0, 1, 1
93, 1, 1636429449896, 1636429450526, 630, 272, 358, 0, 0, 0
94, 1, 1636429450076, 1636429450706, 630, 276, 354, 0, 1, 1
95, 1, 1636429450177, 1636429450846, 669, 271, 398, 0, 0, 0
96, 1, 1636429450528, 1636429451154, 626, 273, 353, 0, 0, 0
97, 1, 1636429450707, 1636429451334, 627, 271, 356, 0, 0, 0
98, 1, 1636429450848, 1636429451518, 670, 271, 399, 0, 0, 0
99, 1, 1636429451156, 1636429451782, 626, 269, 357, 0, 0, 0
100, 1, 1636429451337, 1636429451958, 621, 266, 355, 0, 0, 0
101, 1, 1636429451520, 1636429452194, 674, 275, 399, 0, 0, 0
102, 1, 1636429451784, 1636429452414, 630, 273, 357, 0, 0, 0
103, 1, 1636429451961, 1636429452590, 629, 275, 354, 0, 0, 0
104, 1, 1636429452197, 1636429452866, 669, 271, 398, 0, 0, 0
105, 1, 1636429452417, 1636429453046, 629, 273, 356, 0, 0, 0
106, 1, 1636429452593, 1636429453226, 633, 275, 358, 0, 0, 0
107, 1, 1636429452868, 1636429453538, 670, 272, 398, 0, 0, 0
108, 1, 1636429453048, 1636429453674, 626, 270, 356, 0, 1, 1
109, 1, 1636429453228, 1636429453850, 622, 266, 356, 0, 0, 0
110, 1, 1636429453540, 1636429454214, 674, 275, 399, 0, 0, 0
111, 1, 1636429453676, 1636429454302, 626, 272, 354, 0, 0, 0
112, 1, 1636429453854, 1636429454482, 628, 273, 355, 0, 1, 1
113, 1, 1636429454216, 1636429454846, 630, 276, 354, 0, 1, 1
114, 1, 1636429454305, 1636429454934, 629, 275, 354, 0, 0, 0
115, 1, 1636429454484, 1636429455106, 622, 262, 360, 0, 0, 0
116, 1, 1636429454848, 1636429455482, 634, 276, 358, 0, 1, 1
117, 1, 1636429454937, 1636429455558, 621, 266, 355, 0, 0, 0
118, 1, 1636429455108, 1636429455738, 630, 275, 355, 0, 1, 1
119, 1, 1636429455484, 1636429456114, 630, 276, 354, 0, 1, 1
120, 1, 1636429455560, 1636429456182, 622, 270, 352, 0, 0, 0
121, 1, 1636429455740, 1636429456370, 630, 274, 356, 0, 1, 1
122, 1, 1636429456117, 1636429456746, 629, 275, 354, 0, 0, 0
123, 1, 1636429456184, 1636429456806, 622, 271, 351, 0, 0, 0
124, 1, 1636429456372, 1636429456994, 622, 267, 355, 0, 0, 0
125, 1, 1636429456748, 1636429457382, 634, 275, 359, 0, 0, 0
126, 1, 1636429456807, 1636429457434, 627, 273, 354, 0, 1, 1
127, 1, 1636429456996, 1636429457622, 626, 271, 355, 0, 0, 0
128, 1, 1636429457385, 1636429458014, 629, 270, 359, 0, 0, 0
129, 1, 1636429457436, 1636429458062, 626, 269, 357, 0, 0, 0
130, 1, 1636429457625, 1636429458254, 629, 274, 355, 0, 1, 1
131, 1, 1636429458016, 1636429458646, 630, 274, 356, 0, 0, 0
132, 1, 1636429458065, 1636429458698, 633, 272, 361, 0, 0, 0
133, 1, 1636429458256, 1636429458886, 630, 276, 354, 0, 0, 0
134, 1, 1636429458648, 1636429459278, 630, 274, 356, 0, 0, 0
135, 1, 1636429458701, 1636429459334, 633, 272, 361, 0, 0, 0
136, 1, 1636429458888, 1636429459510, 622, 267, 355, 0, 1, 1
137, 1, 1636429459281, 1636429459910, 629, 272, 357, 0, 0, 0
138, 1, 1636429459335, 1636429459966, 631, 273, 358, 0, 0, 0
139, 1, 1636429459512, 1636429460138, 626, 271, 355, 0, 1, 1
140, 1, 1636429459912, 1636429460542, 630, 274, 356, 0, 0, 0
141, 1, 1636429459968, 1636429460598, 630, 273, 357, 0, 0, 0
142, 1, 1636429460140, 1636429460766, 626, 275, 351, 0, 0, 0
143, 1, 1636429460545, 1636429461170, 625, 270, 355, 0, 0, 0
144, 1, 1636429460600, 1636429461230, 630, 273, 357, 0, 0, 0
145, 1, 1636429460769, 1636429461398, 629, 273, 356, 0, 1, 1
146, 1, 1636429461171, 1636429461802, 631, 276, 355, 0, 0, 0
147, 1, 1636429461232, 1636429461854, 622, 272, 350, 0, 0, 0
148, 1, 1636429461400, 1636429462022, 622, 267, 355, 0, 0, 0
149, 1, 1636429461805, 1636429462434, 629, 276, 353, 0, 0, 0
150, 1, 1636429461857, 1636429462486, 629, 270, 359, 0, 0, 0
151, 1, 1636429462025, 1636429462654, 629, 275, 354, 0, 0, 0
152, 1, 1636429462436, 1636429463066, 630, 274, 356, 0, 0, 0
153, 1, 1636429462489, 1636429463122, 633, 275, 358, 0, 1, 1
154, 1, 1636429462657, 1636429463286, 629, 273, 356, 0, 0, 0
155, 1, 1636429463068, 1636429463698, 630, 274, 356, 0, 0, 0
156, 1, 1636429463125, 1636429463738, 613, 265, 348, 0, 0, 0
157, 1, 1636429463289, 1636429463918, 629, 271, 358, 0, 0, 0
158, 1, 1636429463700, 1636429464326, 626, 271, 355, 0, 0, 0
159, 1, 1636429463741, 1636429464366, 625, 274, 351, 0, 0, 0
160, 1, 1636429463920, 1636429464546, 626, 274, 352, 0, 0, 0
161, 1, 1636429464328, 1636429464962, 634, 279, 355, 0, 0, 0
162, 1, 1636429464369, 1636429464998, 629, 272, 357, 0, 0, 0
163, 1, 1636429464548, 1636429465178, 630, 276, 354, 0, 0, 0
164, 1, 1636429464965, 1636429465586, 621, 267, 354, 0, 1, 1
165, 1, 1636429465001, 1636429465622, 621, 266, 355, 0, 0, 0
166, 1, 1636429465180, 1636429465810, 630, 273, 357, 0, 0, 0
167, 1, 1636429465588, 1636429466218, 630, 273, 357, 0, 0, 0
168, 1, 1636429465625, 1636429466258, 633, 273, 360, 0, 0, 0
169, 1, 1636429465812, 1636429466438, 626, 270, 356, 0, 0, 0
170, 1, 1636429466220, 1636429466846, 626, 270, 356, 0, 1, 1
171, 1, 1636429466260, 1636429466886, 626, 270, 356, 0, 0, 0
172, 1, 1636429466440, 1636429467066, 626, 270, 356, 0, 1, 1
173, 1, 1636429466848, 1636429467474, 626, 271, 355, 0, 0, 0
174, 1, 1636429466888, 1636429467510, 622, 269, 353, 0, 0, 0
175, 1, 1636429467068, 1636429467698, 630, 274, 356, 0, 1, 1
176, 1, 1636429467476, 1636429468102, 626, 269, 357, 0, 0, 0
177, 1, 1636429467513, 1636429468142, 629, 274, 355, 0, 1, 1
178, 1, 1636429467700, 1636429468314, 614, 263, 351, 0, 0, 0
179, 1, 1636429468104, 1636429468742, 638, 275, 363, 0, 0, 0
180, 1, 1636429468144, 1636429468774, 630, 270, 360, 0, 1, 1
181, 1, 1636429468315, 1636429468946, 631, 269, 362, 0, 0, 0
182, 1, 1636429468744, 1636429469374, 630, 274, 356, 0, 0, 0
183, 1, 1636429468776, 1636429469406, 630, 273, 357, 0, 0, 0
184, 1, 1636429468949, 1636429469574, 625, 271, 354, 0, 0, 0
185, 1, 1636429469376, 1636429470006, 630, 275, 355, 0, 0, 0
186, 1, 1636429469408, 1636429470034, 626, 269, 357, 0, 1, 1
187, 1, 1636429469576, 1636429470206, 630, 274, 356, 0, 0, 0
188, 1, 1636429470009, 1636429470638, 629, 275, 354, 0, 0, 0
189, 1, 1636429470036, 1636429470662, 626, 266, 360, 0, 0, 0
190, 1, 1636429470208, 1636429470834, 626, 270, 356, 0, 0, 0
191, 1, 1636429470640, 1636429471274, 634, 275, 359, 0, 0, 0
192, 1, 1636429470664, 1636429471294, 630, 270, 360, 0, 0, 0
193, 1, 1636429470837, 1636429471470, 633, 280, 353, 0, 0, 0
194, 1, 1636429471275, 1636429471898, 623, 271, 352, 0, 1, 1
195, 1, 1636429471296, 1636429471918, 622, 269, 353, 0, 1, 1
196, 1, 1636429471472, 1636429472098, 626, 272, 354, 0, 0, 0
197, 1, 1636429471899, 1636429472530, 631, 274, 357, 0, 0, 0
198, 1, 1636429471920, 1636429472546, 626, 268, 358, 0, 0, 0
199, 1, 1636429472100, 1636429472726, 626, 271, 355, 0, 0, 0
200, 1, 1636429472533, 1636429473158, 625, 271, 354, 0, 0, 0
201, 1, 1636429472548, 1636429473174, 626, 269, 357, 0, 0, 0
202, 1, 1636429472727, 1636429473358, 631, 269, 362, 0, 0, 0
203, 1, 1636429473161, 1636429473790, 629, 271, 358, 0, 0, 0
204, 1, 1636429473176, 1636429473794, 618, 269, 349, 0, 0, 0
205, 1, 1636429473360, 1636429473986, 626, 270, 356, 0, 0, 0
206, 1, 1636429473792, 1636429474422, 630, 271, 359, 0, 1, 1
207, 1, 1636429473796, 1636429474422, 626, 271, 355, 0, 0, 0
208, 1, 1636429473988, 1636429474606, 618, 265, 353, 0, 0, 0
210, 1, 1636429474425, 1636429475046, 621, 269, 352, 0, 0, 0
209, 1, 1636429474424, 1636429475046, 622, 269, 353, 0, 0, 0
211, 1, 1636429474608, 1636429475238, 630, 274, 356, 0, 0, 0
213, 1, 1636429475048, 1636429475674, 626, 269, 357, 0, 0, 0
212, 1, 1636429475048, 1636429475678, 630, 275, 355, 0, 0, 0
214, 1, 1636429475240, 1636429475874, 634, 275, 359, 0, 0, 0
215, 1, 1636429475676, 1636429476306, 630, 272, 358, 0, 0, 0
216, 1, 1636429475680, 1636429476314, 634, 275, 359, 0, 0, 0
217, 1, 1636429475876, 1636429476506, 630, 272, 358, 0, 0, 0
218, 1, 1636429476307, 1636429476934, 627, 269, 358, 0, 0, 0
219, 1, 1636429476316, 1636429476938, 622, 267, 355, 0, 0, 0
220, 1, 1636429476508, 1636429477138, 630, 276, 354, 0, 0, 0
221, 1, 1636429476936, 1636429477558, 622, 270, 352, 0, 0, 0
222, 1, 1636429476940, 1636429477566, 626, 271, 355, 0, 0, 0
223, 1, 1636429477140, 1636429477758, 618, 262, 356, 0, 0, 0
224, 1, 1636429477560, 1636429478186, 626, 274, 352, 0, 0, 0
225, 1, 1636429477568, 1636429478194, 626, 272, 354, 0, 0, 0
226, 1, 1636429477760, 1636429478382, 622, 266, 356, 0, 1, 1
227, 1, 1636429478188, 1636429478810, 622, 266, 356, 0, 0, 0
228, 1, 1636429478196, 1636429478818, 622, 267, 355, 0, 1, 1
229, 1, 1636429478384, 1636429479014, 630, 269, 361, 0, 0, 0
230, 1, 1636429478812, 1636429479438, 626, 273, 353, 0, 1, 1
231, 1, 1636429478821, 1636429479442, 621, 270, 351, 0, 0, 0
232, 1, 1636429479016, 1636429479638, 622, 266, 356, 0, 0, 0
233, 1, 1636429479440, 1636429480066, 626, 269, 357, 0, 0, 0
234, 1, 1636429479444, 1636429480070, 626, 271, 355, 0, 0, 0
235, 1, 1636429479640, 1636429480270, 630, 273, 357, 0, 0, 0
236, 1, 1636429480068, 1636429480694, 626, 269, 357, 0, 1, 1
237, 1, 1636429480071, 1636429480694, 623, 267, 356, 0, 1, 1
238, 1, 1636429480273, 1636429480898, 625, 271, 354, 0, 0, 0
240, 1, 1636429480696, 1636429481322, 626, 268, 358, 0, 0, 0
239, 1, 1636429480696, 1636429481322, 626, 274, 352, 0, 1, 1
241, 1, 1636429480900, 1636429481530, 630, 276, 354, 0, 0, 0
243, 1, 1636429481324, 1636429481946, 622, 269, 353, 0, 0, 0
242, 1, 1636429481323, 1636429481954, 631, 269, 362, 0, 0, 0
244, 1, 1636429481532, 1636429482162, 630, 276, 354, 0, 0, 0
245, 1, 1636429481949, 1636429482566, 617, 270, 347, 0, 0, 0
246, 1, 1636429481957, 1636429482590, 633, 274, 359, 0, 0, 0
247, 1, 1636429482163, 1636429482790, 627, 271, 356, 0, 1, 1
248, 1, 1636429482568, 1636429483190, 622, 269, 353, 0, 0, 0
249, 1, 1636429482592, 1636429483218, 626, 270, 356, 0, 1, 1
250, 1, 1636429482792, 1636429483422, 630, 276, 354, 0, 0, 0
251, 1, 1636429483192, 1636429483818, 626, 268, 358, 0, 0, 0
252, 1, 1636429483221, 1636429483850, 629, 273, 356, 0, 0, 0
253, 1, 1636429483424, 1636429484054, 630, 277, 353, 0, 1, 1
254, 1, 1636429483820, 1636429484446, 626, 272, 354, 0, 0, 0
255, 1, 1636429483853, 1636429484478, 625, 271, 354, 0, 0, 0
256, 1, 1636429484056, 1636429484682, 626, 274, 352, 0, 0, 0
257, 1, 1636429484449, 1636429485070, 621, 270, 351, 0, 0, 0
258, 1, 1636429484480, 1636429485114, 634, 274, 360, 0, 0, 0
259, 1, 1636429484684, 1636429485318, 634, 275, 359, 0, 1, 1
260, 1, 1636429485073, 1636429485694, 621, 266, 355, 0, 1, 1
261, 1, 1636429485117, 1636429485738, 621, 268, 353, 0, 0, 0
262, 1, 1636429485320, 1636429485950, 630, 275, 355, 0, 1, 1
263, 1, 1636429485696, 1636429486322, 626, 273, 353, 0, 1, 1
264, 1, 1636429485740, 1636429486366, 626, 270, 356, 0, 1, 1
265, 1, 1636429485952, 1636429486582, 630, 275, 355, 0, 0, 0
266, 1, 1636429486324, 1636429486954, 630, 273, 357, 0, 1, 1
267, 1, 1636429486368, 1636429487002, 634, 279, 355, 0, 1, 1
268, 1, 1636429486584, 1636429487214, 630, 274, 356, 0, 1, 1
269, 1, 1636429486957, 1636429487574, 617, 267, 350, 0, 1, 1
270, 1, 1636429487004, 1636429487630, 626, 270, 356, 0, 1, 1
271, 1, 1636429487216, 1636429487846, 630, 274, 356, 0, 0, 0
272, 1, 1636429487576, 1636429488202, 626, 274, 352, 0, 1, 1
273, 1, 1636429487632, 1636429488258, 626, 270, 356, 0, 1, 1
274, 1, 1636429487848, 1636429488474, 626, 271, 355, 0, 1, 1
275, 1, 1636429488204, 1636429488830, 626, 273, 353, 0, 1, 1
276, 1, 1636429488260, 1636429488886, 626, 270, 356, 0, 1, 1
277, 1, 1636429488476, 1636429489106, 630, 276, 354, 0, 0, 0
278, 1, 1636429488833, 1636429489462, 629, 273, 356, 0, 0, 0
279, 1, 1636429488888, 1636429489510, 622, 272, 350, 0, 1, 1
280, 1, 1636429489108, 1636429489734, 626, 275, 351, 0, 0, 0
281, 1, 1636429489464, 1636429490094, 630, 270, 360, 0, 0, 0
282, 1, 1636429489512, 1636429490146, 634, 274, 360, 0, 0, 0
283, 1, 1636429489736, 1636429490362, 626, 270, 356, 0, 0, 0
284, 1, 1636429490096, 1636429490726, 630, 272, 358, 0, 0, 0
285, 1, 1636429490148, 1636429490778, 630, 274, 356, 0, 0, 0
286, 1, 1636429490364, 1636429490986, 622, 267, 355, 0, 0, 0
287, 1, 1636429490728, 1636429491354, 626, 274, 352, 0, 0, 0
288, 1, 1636429490781, 1636429491406, 625, 271, 354, 0, 1, 1
289, 1, 1636429490988, 1636429491618, 630, 274, 356, 0, 0, 0
290, 1, 1636429491356, 1636429491982, 626, 270, 356, 0, 0, 0
291, 1, 1636429491408, 1636429492046, 638, 270, 368, 0, 0, 0
292, 1, 1636429491620, 1636429492250, 630, 276, 354, 0, 1, 1
293, 1, 1636429491985, 1636429492606, 621, 270, 351, 0, 0, 0
294, 1, 1636429492049, 1636429492674, 625, 270, 355, 0, 1, 1
295, 1, 1636429492251, 1636429492878, 627, 271, 356, 0, 0, 0
296, 1, 1636429492608, 1636429493230, 622, 269, 353, 0, 1, 1
297, 1, 1636429492676, 1636429493302, 626, 270, 356, 0, 0, 0
298, 1, 1636429492880, 1636429493510, 630, 274, 356, 0, 0, 0
299, 1, 1636429493233, 1636429493858, 625, 269, 356, 0, 1, 1
300, 1, 1636429493305, 1636429493930, 625, 269, 356, 0, 0, 0
301, 1, 1636429493513, 1636429494138, 625, 272, 353, 0, 0, 0
302, 1, 1636429493861, 1636429494482, 621, 269, 352, 0, 0, 0
303, 1, 1636429493933, 1636429494562, 629, 272, 357, 0, 0, 0
304, 1, 1636429494140, 1636429494774, 634, 275, 359, 0, 0, 0
305, 1, 1636429494485, 1636429495114, 629, 273, 356, 0, 0, 0
306, 1, 1636429494565, 1636429495194, 629, 273, 356, 0, 1, 1
307, 1, 1636429494777, 1636429495406, 629, 274, 355, 0, 0, 0
308, 1, 1636429495115, 1636429495734, 619, 266, 353, 0, 0, 0
309, 1, 1636429495196, 1636429495826, 630, 267, 363, 0, 0, 0
310, 1, 1636429495408, 1636429496038, 630, 273, 357, 0, 0, 0
311, 1, 1636429495736, 1636429496362, 626, 271, 355, 0, 0, 0
312, 1, 1636429495828, 1636429496462, 634, 273, 361, 0, 0, 0
313, 1, 1636429496040, 1636429496662, 622, 272, 350, 0, 0, 0
314, 1, 1636429496364, 1636429496990, 626, 269, 357, 0, 1, 1
315, 1, 1636429496464, 1636429497090, 626, 270, 356, 0, 1, 1
316, 1, 1636429496664, 1636429497290, 626, 271, 355, 0, 1, 1
317, 1, 1636429496993, 1636429497622, 629, 269, 360, 0, 1, 1
318, 1, 1636429497092, 1636429497718, 626, 271, 355, 0, 1, 1
319, 1, 1636429497292, 1636429497922, 630, 274, 356, 0, 0, 0
320, 1, 1636429497624, 1636429498250, 626, 270, 356, 0, 1, 1
321, 1, 1636429497720, 1636429498346, 626, 270, 356, 0, 0, 0
322, 1, 1636429497924, 1636429498546, 622, 268, 354, 0, 1, 1
323, 1, 1636429498252, 1636429498882, 630, 275, 355, 0, 1, 1
324, 1, 1636429498348, 1636429498974, 626, 269, 357, 0, 0, 0
325, 1, 1636429498548, 1636429499174, 626, 270, 356, 0, 0, 0
326, 1, 1636429498885, 1636429499510, 625, 271, 354, 0, 1, 1
327, 1, 1636429498976, 1636429499602, 626, 268, 358, 0, 0, 0
328, 1, 1636429499176, 1636429499806, 630, 275, 355, 0, 0, 0
329, 1, 1636429499512, 1636429500134, 622, 270, 352, 0, 1, 1
330, 1, 1636429499604, 1636429500230, 626, 270, 356, 0, 0, 0
331, 1, 1636429499808, 1636429500438, 630, 274, 356, 0, 0, 0
332, 1, 1636429500136, 1636429500758, 622, 266, 356, 0, 0, 0
333, 1, 1636429500232, 1636429500854, 622, 267, 355, 0, 0, 0
334, 1, 1636429500440, 1636429501070, 630, 275, 355, 0, 0, 0
335, 1, 1636429500761, 1636429501390, 629, 277, 352, 0, 0, 0
336, 1, 1636429500856, 1636429501478, 622, 268, 354, 0, 0, 0
337, 1, 1636429501072, 1636429501702, 630, 272, 358, 0, 0, 0
338, 1, 1636429501392, 1636429502014, 622, 269, 353, 0, 0, 0
339, 1, 1636429501480, 1636429502110, 630, 276, 354, 0, 0, 0
340, 1, 1636429501704, 1636429502330, 626, 270, 356, 0, 0, 0
341, 1, 1636429502016, 1636429502638, 622, 271, 351, 0, 1, 1
342, 1, 1636429502112, 1636429502738, 626, 271, 355, 0, 1, 1
343, 1, 1636429502332, 1636429502962, 630, 275, 355, 0, 0, 0
344, 1, 1636429502640, 1636429503270, 630, 274, 356, 0, 0, 0
345, 1, 1636429502740, 1636429503366, 626, 270, 356, 0, 1, 1
346, 1, 1636429502964, 1636429503586, 622, 266, 356, 0, 0, 0
347, 1, 1636429503272, 1636429503898, 626, 269, 357, 0, 1, 1
348, 1, 1636429503368, 1636429503998, 630, 274, 356, 0, 0, 0
349, 1, 1636429503588, 1636429504214, 626, 266, 360, 0, 1, 1
350, 1, 1636429503900, 1636429504526, 626, 269, 357, 0, 0, 0
351, 1, 1636429504001, 1636429504626, 625, 270, 355, 0, 0, 0
352, 1, 1636429504216, 1636429504834, 618, 266, 352, 0, 0, 0
353, 1, 1636429504528, 1636429505154, 626, 268, 358, 0, 1, 1
354, 1, 1636429504629, 1636429505258, 629, 275, 354, 0, 0, 0
355, 1, 1636429504836, 1636429505470, 634, 275, 359, 0, 0, 0
356, 1, 1636429505157, 1636429505774, 617, 270, 347, 0, 1, 1
357, 1, 1636429505260, 1636429505886, 626, 267, 359, 0, 0, 0
358, 1, 1636429505472, 1636429506102, 630, 274, 356, 0, 1, 1
359, 1, 1636429505776, 1636429506402, 626, 273, 353, 0, 0, 0
360, 1, 1636429505888, 1636429506514, 626, 270, 356, 0, 1, 1
361, 1, 1636429506104, 1636429506730, 626, 271, 355, 0, 0, 0
362, 1, 1636429506404, 1636429507034, 630, 273, 357, 0, 0, 0
363, 1, 1636429506516, 1636429507150, 634, 274, 360, 0, 0, 0
364, 1, 1636429506732, 1636429507358, 626, 272, 354, 0, 0, 0
365, 1, 1636429507036, 1636429507658, 622, 266, 356, 0, 1, 1
366, 1, 1636429507152, 1636429507778, 626, 271, 355, 0, 0, 0
367, 1, 1636429507359, 1636429507994, 635, 275, 360, 0, 1, 1
368, 1, 1636429507660, 1636429508282, 622, 273, 349, 0, 0, 0
369, 1, 1636429507780, 1636429508406, 626, 274, 352, 0, 1, 1
370, 1, 1636429507996, 1636429508626, 630, 275, 355, 0, 0, 0
371, 1, 1636429508284, 1636429508906, 622, 270, 352, 0, 0, 0
372, 1, 1636429508408, 1636429509030, 622, 267, 355, 0, 0, 0
373, 1, 1636429508628, 1636429509254, 626, 270, 356, 0, 0, 0
374, 1, 1636429508908, 1636429509530, 622, 269, 353, 0, 0, 0
375, 1, 1636429509032, 1636429509658, 626, 271, 355, 0, 0, 0
376, 1, 1636429509256, 1636429509890, 634, 275, 359, 0, 0, 0
377, 1, 1636429509532, 1636429510154, 622, 266, 356, 0, 0, 0
378, 1, 1636429509660, 1636429510290, 630, 275, 355, 0, 0, 0
379, 1, 1636429509892, 1636429510518, 626, 272, 354, 0, 0, 0
380, 1, 1636429510156, 1636429510778, 622, 268, 354, 0, 0, 0
381, 1, 1636429510293, 1636429510918, 625, 271, 354, 0, 1, 1
382, 1, 1636429510520, 1636429511150, 630, 275, 355, 0, 1, 1
383, 1, 1636429510780, 1636429511410, 630, 273, 357, 0, 0, 0
384, 1, 1636429510921, 1636429511546, 625, 270, 355, 0, 0, 0
385, 1, 1636429511152, 1636429511770, 618, 266, 352, 0, 3, 3
386, 1, 1636429511412, 1636429512034, 622, 269, 353, 0, 0, 0
387, 1, 1636429511548, 1636429512174, 626, 265, 361, 0, 0, 0
388, 1, 1636429511773, 1636429512398, 625, 270, 355, 0, 1, 1
389, 1, 1636429512036, 1636429512658, 622, 269, 353, 0, 1, 1
390, 1, 1636429512176, 1636429512806, 630, 274, 356, 0, 0, 0
391, 1, 1636429512400, 1636429513030, 630, 274, 356, 0, 0, 0
392, 1, 1636429512661, 1636429513282, 621, 269, 352, 0, 0, 0
393, 1, 1636429512808, 1636429513438, 630, 276, 354, 0, 0, 0
394, 1, 1636429513032, 1636429513658, 626, 270, 356, 0, 1, 1
395, 1, 1636429513284, 1636429513906, 622, 269, 353, 0, 0, 0
396, 1, 1636429513440, 1636429514066, 626, 270, 356, 0, 0, 0
397, 1, 1636429513660, 1636429514286, 626, 271, 355, 0, 1, 1
398, 1, 1636429513908, 1636429514534, 626, 269, 357, 0, 0, 0
399, 1, 1636429514067, 1636429514698, 631, 273, 358, 0, 0, 0
400, 1, 1636429514288, 1636429514918, 630, 275, 355, 0, 0, 0
401, 1, 1636429514536, 1636429515166, 630, 273, 357, 0, 0, 0
402, 1, 1636429514700, 1636429515326, 626, 271, 355, 0, 1, 1
403, 1, 1636429514919, 1636429515546, 627, 270, 357, 0, 1, 1
404, 1, 1636429515168, 1636429515794, 626, 269, 357, 0, 0, 0
405, 1, 1636429515328, 1636429515958, 630, 270, 360, 0, 0, 0
406, 1, 1636429515547, 1636429516174, 627, 270, 357, 0, 0, 0
407, 1, 1636429515796, 1636429516426, 630, 269, 361, 0, 0, 0
408, 1, 1636429515960, 1636429516590, 630, 274, 356, 0, 0, 0
409, 1, 1636429516176, 1636429516802, 626, 274, 352, 0, 0, 0
410, 1, 1636429516428, 1636429517054, 626, 273, 353, 0, 0, 0
411, 1, 1636429516592, 1636429517222, 630, 275, 355, 0, 0, 0
412, 1, 1636429516804, 1636429517434, 630, 273, 357, 0, 0, 0
413, 1, 1636429517056, 1636429517690, 634, 272, 362, 0, 1, 1
414, 1, 1636429517224, 1636429517854, 630, 275, 355, 0, 0, 0
415, 1, 1636429517436, 1636429518066, 630, 274, 356, 0, 1, 1
416, 1, 1636429517692, 1636429518318, 626, 270, 356, 0, 1, 1
417, 1, 1636429517856, 1636429518482, 626, 274, 352, 0, 0, 0
418, 1, 1636429518068, 1636429518698, 630, 274, 356, 0, 0, 0
419, 1, 1636429518320, 1636429518942, 622, 273, 349, 0, 1, 1
420, 1, 1636429518484, 1636429519114, 630, 275, 355, 0, 1, 1
421, 1, 1636429518700, 1636429519330, 630, 272, 358, 0, 0, 0
422, 1, 1636429518945, 1636429519566, 621, 269, 352, 0, 1, 1
423, 1, 1636429519116, 1636429519754, 638, 283, 355, 0, 1, 1
424, 1, 1636429519332, 1636429519950, 618, 267, 351, 0, 0, 0
425, 1, 1636429519568, 1636429520194, 626, 269, 357, 0, 0, 0
426, 1, 1636429519755, 1636429520382, 627, 269, 358, 0, 0, 0
427, 1, 1636429519953, 1636429520586, 633, 275, 358, 0, 1, 1
428, 1, 1636429520196, 1636429520826, 630, 273, 357, 0, 0, 0
429, 1, 1636429520384, 1636429521018, 634, 280, 354, 0, 1, 1
430, 1, 1636429520588, 1636429521214, 626, 271, 355, 0, 0, 0
431, 1, 1636429520829, 1636429521450, 621, 274, 347, 0, 0, 0
432, 1, 1636429521020, 1636429521646, 626, 274, 352, 0, 0, 0
433, 1, 1636429521216, 1636429521846, 630, 271, 359, 0, 0, 0
434, 1, 1636429521452, 1636429522078, 626, 272, 354, 0, 0, 0
435, 1, 1636429521648, 1636429522282, 634, 274, 360, 0, 1, 1
436, 1, 1636429521849, 1636429522482, 633, 276, 357, 0, 0, 0
437, 1, 1636429522080, 1636429522702, 622, 269, 353, 0, 1, 1
438, 1, 1636429522284, 1636429522910, 626, 269, 357, 0, 0, 0
439, 1, 1636429522484, 1636429523102, 618, 264, 354, 0, 0, 0
440, 1, 1636429522704, 1636429523330, 626, 270, 356, 0, 0, 0
441, 1, 1636429522912, 1636429523542, 630, 274, 356, 0, 0, 0
442, 1, 1636429523104, 1636429523734, 630, 275, 355, 0, 0, 0
443, 1, 1636429523332, 1636429523954, 622, 268, 354, 0, 0, 0
444, 1, 1636429523544, 1636429524174, 630, 275, 355, 0, 0, 0
445, 1, 1636429523736, 1636429524354, 618, 263, 355, 0, 0, 0
446, 1, 1636429523955, 1636429524586, 631, 273, 358, 0, 1, 1
447, 1, 1636429524176, 1636429524806, 630, 275, 355, 0, 1, 1
448, 1, 1636429524356, 1636429524982, 626, 270, 356, 0, 1, 1
449, 1, 1636429524588, 1636429525218, 630, 274, 356, 0, 0, 0
450, 1, 1636429524809, 1636429525438, 629, 273, 356, 0, 0, 0
451, 1, 1636429524984, 1636429525614, 630, 273, 357, 0, 0, 0
452, 1, 1636429525220, 1636429525838, 618, 269, 349, 0, 1, 1
453, 1, 1636429525441, 1636429526062, 621, 262, 359, 0, 0, 0
454, 1, 1636429525616, 1636429526246, 630, 274, 356, 0, 1, 1
455, 1, 1636429525840, 1636429526466, 626, 272, 354, 0, 0, 0
456, 1, 1636429526064, 1636429526690, 626, 270, 356, 0, 1, 1
457, 1, 1636429526248, 1636429526870, 622, 266, 356, 0, 0, 0
458, 1, 1636429526468, 1636429527094, 626, 269, 357, 0, 0, 0
459, 1, 1636429526692, 1636429527322, 630, 274, 356, 0, 0, 0
460, 1, 1636429526872, 1636429527498, 626, 271, 355, 0, 0, 0
461, 1, 1636429527096, 1636429527730, 634, 281, 353, 0, 0, 0
462, 1, 1636429527324, 1636429527950, 626, 271, 355, 0, 0, 0
463, 1, 1636429527499, 1636429528130, 631, 274, 357, 0, 1, 1
464, 1, 1636429527733, 1636429528366, 633, 278, 355, 0, 1, 1
465, 1, 1636429527952, 1636429528594, 642, 291, 351, 0, 1, 1
466, 1, 1636429528132, 1636429528774, 642, 269, 373, 0, 0, 0
467, 1, 1636429528369, 1636429528994, 625, 270, 355, 0, 0, 0
468, 1, 1636429528595, 1636429529222, 627, 270, 357, 0, 1, 1
469, 1, 1636429528776, 1636429529402, 626, 270, 356, 0, 0, 0
470, 1, 1636429528996, 1636429529618, 622, 272, 350, 0, 0, 0
471, 1, 1636429529224, 1636429529850, 626, 272, 354, 0, 1, 1
472, 1, 1636429529404, 1636429530034, 630, 275, 355, 0, 1, 1
473, 1, 1636429529620, 1636429530246, 626, 270, 356, 0, 0, 0
474, 1, 1636429529852, 1636429530482, 630, 271, 359, 0, 0, 0
475, 1, 1636429530036, 1636429530662, 626, 270, 356, 0, 0, 0
476, 1, 1636429530249, 1636429530874, 625, 274, 351, 0, 0, 0
477, 1, 1636429530484, 1636429531114, 630, 275, 355, 0, 0, 0
478, 1, 1636429530664, 1636429531286, 622, 265, 357, 0, 0, 0
479, 1, 1636429530877, 1636429531498, 621, 269, 352, 0, 1, 1
480, 1, 1636429531116, 1636429531746, 630, 274, 356, 0, 0, 0
481, 1, 1636429531288, 1636429531922, 634, 274, 360, 0, 0, 0
482, 1, 1636429531500, 1636429532122, 622, 269, 353, 0, 0, 0
483, 1, 1636429531748, 1636429532374, 626, 270, 356, 0, 0, 0
484, 1, 1636429531924, 1636429532554, 630, 274, 356, 0, 0, 0
485, 1, 1636429532124, 1636429532750, 626, 270, 356, 0, 0, 0
486, 1, 1636429532375, 1636429533002, 627, 266, 361, 0, 1, 1
487, 1, 1636429532556, 1636429533182, 626, 271, 355, 0, 0, 0
488, 1, 1636429532752, 1636429533374, 622, 269, 353, 0, 0, 0
489, 1, 1636429533004, 1636429533638, 634, 270, 364, 0, 0, 0
490, 1, 1636429533184, 1636429533814, 630, 274, 356, 0, 0, 0
491, 1, 1636429533376, 1636429533990, 614, 266, 348, 0, 1, 1
492, 1, 1636429533640, 1636429534266, 626, 271, 355, 0, 1, 1
493, 1, 1636429533816, 1636429534438, 622, 265, 357, 0, 0, 0
494, 1, 1636429533992, 1636429534618, 626, 269, 357, 0, 0, 0
495, 1, 1636429534268, 1636429534898, 630, 275, 355, 0, 0, 0
496, 1, 1636429534440, 1636429535066, 626, 272, 354, 0, 0, 0
497, 1, 1636429534620, 1636429535242, 622, 269, 353, 0, 1, 1
498, 1, 1636429534900, 1636429535526, 626, 271, 355, 0, 1, 1
499, 1, 1636429535068, 1636429535694, 626, 271, 355, 0, 1, 1
500, 1, 1636429535244, 1636429535862, 618, 269, 349, 0, 0, 0
501, 1, 1636429535528, 1636429536154, 626, 271, 355, 0, 0, 0
502, 1, 1636429535696, 1636429536326, 630, 275, 355, 0, 0, 0
503, 1, 1636429535864, 1636429536494, 630, 273, 357, 0, 0, 0
504, 1, 1636429536156, 1636429536786, 630, 275, 355, 0, 1, 1
505, 1, 1636429536328, 1636429536954, 626, 274, 352, 0, 0, 0
506, 1, 1636429536496, 1636429537118, 622, 269, 353, 0, 0, 0
507, 1, 1636429536788, 1636429537414, 626, 270, 356, 0, 0, 0
508, 1, 1636429536956, 1636429537582, 626, 270, 356, 0, 0, 0
509, 1, 1636429537121, 1636429537738, 617, 266, 351, 0, 1, 1
510, 1, 1636429537416, 1636429538042, 626, 271, 355, 0, 1, 1
511, 1, 1636429537584, 1636429538214, 630, 274, 356, 0, 0, 0
512, 1, 1636429537740, 1636429538366, 626, 269, 357, 0, 1, 1
513, 1, 1636429538044, 1636429538670, 626, 267, 359, 0, 0, 0
514, 1, 1636429538216, 1636429538846, 630, 275, 355, 0, 1, 1
515, 1, 1636429538368, 1636429538994, 626, 269, 357, 0, 0, 0
516, 1, 1636429538672, 1636429539298, 626, 271, 355, 0, 0, 0
517, 1, 1636429538848, 1636429539470, 622, 266, 356, 0, 1, 1
518, 1, 1636429538995, 1636429539622, 627, 269, 358, 0, 0, 0
519, 1, 1636429539300, 1636429539926, 626, 271, 355, 0, 1, 1
520, 1, 1636429539472, 1636429540098, 626, 271, 355, 0, 0, 0
521, 1, 1636429539624, 1636429540246, 622, 269, 353, 0, 1, 1
522, 1, 1636429539928, 1636429540554, 626, 270, 356, 0, 0, 0
523, 1, 1636429540100, 1636429540730, 630, 274, 356, 0, 0, 0
524, 1, 1636429540248, 1636429540878, 630, 274, 356, 0, 0, 0
525, 1, 1636429540557, 1636429541182, 625, 270, 355, 0, 0, 0
526, 1, 1636429540732, 1636429541358, 626, 271, 355, 0, 0, 0
527, 1, 1636429540880, 1636429541506, 626, 270, 356, 0, 1, 1
528, 1, 1636429541184, 1636429541810, 626, 269, 357, 0, 0, 0
529, 1, 1636429541359, 1636429541990, 631, 273, 358, 0, 0, 0
530, 1, 1636429541508, 1636429542126, 618, 269, 349, 0, 0, 0
531, 1, 1636429541812, 1636429542438, 626, 270, 356, 0, 1, 1
532, 1, 1636429541992, 1636429542622, 630, 276, 354, 0, 1, 1
533, 1, 1636429542128, 1636429542754, 626, 270, 356, 0, 0, 0
534, 1, 1636429542440, 1636429543074, 634, 279, 355, 0, 0, 0
535, 1, 1636429542624, 1636429543250, 626, 270, 356, 0, 1, 1
536, 1, 1636429542756, 1636429543386, 630, 269, 361, 0, 0, 0
537, 1, 1636429543076, 1636429543706, 630, 270, 360, 0, 1, 1
538, 1, 1636429543252, 1636429543870, 618, 264, 354, 0, 0, 0
539, 1, 1636429543388, 1636429544010, 622, 267, 355, 0, 1, 1
540, 1, 1636429543708, 1636429544334, 626, 270, 356, 0, 0, 0
541, 1, 1636429543872, 1636429544498, 626, 274, 352, 0, 1, 1
542, 1, 1636429544012, 1636429544630, 618, 270, 348, 0, 1, 1
543, 1, 1636429544336, 1636429544966, 630, 270, 360, 0, 0, 0
544, 1, 1636429544500, 1636429545126, 626, 271, 355, 0, 1, 1
545, 1, 1636429544632, 1636429545250, 618, 269, 349, 0, 0, 0
546, 1, 1636429544968, 1636429545594, 626, 269, 357, 0, 0, 0
547, 1, 1636429545252, 1636429545874, 622, 266, 356, 0, 1, 1
548, 1, 1636429545596, 1636429546226, 630, 270, 360, 0, 0, 0
549, 1, 1636429545876, 1636429546502, 626, 270, 356, 0, 0, 0
550, 1, 1636429546228, 1636429546854, 626, 270, 356, 0, 0, 0
551, 1, 1636429546504, 1636429547130, 626, 270, 356, 0, 0, 0
552, 1, 1636429546856, 1636429547478, 622, 267, 355, 0, 1, 1
553, 1, 1636429547132, 1636429547758, 626, 269, 357, 0, 0, 0
554, 1, 1636429547480, 1636429548110, 630, 275, 355, 0, 1, 1
555, 1, 1636429547760, 1636429548382, 622, 265, 357, 0, 0, 0
556, 1, 1636429548113, 1636429548742, 629, 275, 354, 0, 0, 0
557, 1, 1636429548384, 1636429549010, 626, 268, 358, 0, 0, 0
558, 1, 1636429548744, 1636429549370, 626, 270, 356, 0, 0, 0
559, 1, 1636429549012, 1636429549642, 630, 273, 357, 0, 1, 1
560, 1, 1636429549372, 1636429549998, 626, 270, 356, 0, 1, 1
561, 1, 1636429549644, 1636429550266, 622, 273, 349, 0, 1, 1
562, 1, 1636429550001, 1636429550630, 629, 275, 354, 0, 0, 0
563, 1, 1636429550267, 1636429550894, 627, 274, 353, 0, 1, 1
564, 1, 1636429550632, 1636429551262, 630, 275, 355, 0, 0, 0
565, 1, 1636429550896, 1636429551522, 626, 270, 356, 0, 0, 0
566, 1, 1636429551265, 1636429551894, 629, 276, 353, 0, 0, 0
567, 1, 1636429551524, 1636429552146, 622, 268, 354, 0, 0, 0
568, 1, 1636429551896, 1636429552526, 630, 273, 357, 0, 0, 0
569, 1, 1636429552149, 1636429552774, 625, 274, 351, 0, 0, 0
570, 1, 1636429552527, 1636429553158, 631, 273, 358, 0, 0, 0
571, 1, 1636429552777, 1636429553402, 625, 273, 352, 0, 0, 0
572, 1, 1636429553160, 1636429553790, 630, 274, 356, 0, 0, 0
573, 1, 1636429553404, 1636429554022, 618, 265, 353, 0, 0, 0
574, 1, 1636429553792, 1636429554422, 630, 273, 357, 0, 0, 0
575, 1, 1636429554024, 1636429554646, 622, 269, 353, 0, 1, 1
576, 1, 1636429554424, 1636429555050, 626, 269, 357, 0, 0, 0
577, 1, 1636429555052, 1636429555682, 630, 273, 357, 0, 0, 0
578, 1, 1636429555684, 1636429556314, 630, 274, 356, 0, 0, 0
579, 1, 1636429556316, 1636429556946, 630, 273, 357, 0, 0, 0
580, 1, 1636429556948, 1636429557578, 630, 275, 355, 0, 1, 1
581, 1, 1636429557580, 1636429558206, 626, 272, 354, 0, 0, 0
582, 1, 1636429558208, 1636429558834, 626, 271, 355, 0, 1, 1
583, 1, 1636429558836, 1636429559466, 630, 273, 357, 0, 1, 1
584, 1, 1636429559468, 1636429560094, 626, 274, 352, 0, 1, 1
585, 1, 1636429560096, 1636429560726, 630, 274, 356, 0, 0, 0
586, 1, 1636429560728, 1636429561354, 626, 270, 356, 0, 1, 1
587, 1, 1636429561357, 1636429561982, 625, 269, 356, 0, 0, 0
588, 1, 1636429561985, 1636429562610, 625, 274, 351, 0, 0, 0
589, 1, 1636429562613, 1636429563238, 625, 270, 355, 0, 0, 0
590, 1, 1636429563240, 1636429563866, 626, 274, 352, 0, 0, 0
591, 1, 1636429563868, 1636429564498, 630, 274, 356, 0, 1, 1
592, 1, 1636429564501, 1636429565126, 625, 269, 356, 0, 0, 0
593, 1, 1636429565128, 1636429565758, 630, 275, 355, 0, 0, 0
594, 1, 1636429565760, 1636429566390, 630, 274, 356, 0, 0, 0
595, 1, 1636429566392, 1636429567022, 630, 274, 356, 0, 0, 0
596, 1, 1636429567025, 1636429567654, 629, 274, 355, 0, 1, 1
597, 1, 1636429567656, 1636429568282, 626, 270, 356, 0, 0, 0
598, 1, 1636429568284, 1636429568914, 630, 274, 356, 0, 0, 0
599, 1, 1636429568916, 1636429569546, 630, 274, 356, 0, 0, 0
600, 1, 1636429569549, 1636429570174, 625, 270, 355, 0, 0, 0
601, 1, 1636429578257, 1636429579142, 885, 349, 536, 6, 1, 7
602, 1, 1636429578623, 1636429579726, 1103, 561, 542, 2, 2, 4
603, 1, 1636429579145, 1636429579994, 849, 276, 573, 0, 1, 1
604, 1, 1636429579181, 1636429580310, 1129, 591, 538, 2, 1, 3
605, 1, 1636429579729, 1636429580578, 849, 271, 578, 1, 1, 2
607, 1, 1636429579996, 1636429580842, 846, 273, 573, 1, 1, 2
606, 1, 1636429579826, 1636429580894, 1068, 525, 543, 1, 1, 2
608, 1, 1636429580313, 1636429581166, 853, 278, 575, 1, 0, 1
610, 1, 1636429580579, 1636429581426, 847, 268, 579, 1, 0, 1
609, 1, 1636429580350, 1636429581470, 1120, 570, 550, 0, 1, 1
612, 1, 1636429580844, 1636429581694, 850, 273, 577, 1, 1, 2
613, 1, 1636429580953, 1636429581814, 861, 277, 584, 0, 0, 0
614, 1, 1636429581168, 1636429582018, 850, 270, 580, 0, 0, 0
611, 1, 1636429580838, 1636429582058, 1220, 665, 555, 0, 0, 0
616, 1, 1636429581428, 1636429582274, 846, 271, 575, 2, 1, 3
617, 1, 1636429581535, 1636429582350, 815, 328, 487, 0, 1, 1
618, 1, 1636429581695, 1636429582370, 675, 274, 401, 1, 0, 1
619, 1, 1636429581816, 1636429582494, 678, 275, 403, 2, 1, 3
615, 1, 1636429581370, 1636429582602, 1232, 730, 502, 1, 0, 1
621, 1, 1636429582019, 1636429582734, 715, 306, 409, 1, 1, 2
622, 1, 1636429582120, 1636429582806, 686, 287, 399, 0, 2, 2
623, 1, 1636429582276, 1636429582954, 678, 276, 402, 1, 0, 1
624, 1, 1636429582352, 1636429583025, 673, 270, 403, 1, 0, 1
626, 1, 1636429582371, 1636429583038, 667, 265, 402, 0, 0, 0
625, 1, 1636429582358, 1636429583054, 696, 288, 408, 0, 0, 0
627, 1, 1636429582497, 1636429583182, 685, 289, 396, 1, 0, 1
628, 1, 1636429582621, 1636429583282, 661, 270, 391, 0, 1, 1
629, 1, 1636429582736, 1636429583410, 674, 275, 399, 1, 3, 4
631, 1, 1636429582808, 1636429583470, 662, 267, 395, 2, 0, 2
632, 1, 1636429582956, 1636429583626, 670, 265, 405, 0, 1, 1
633, 1, 1636429583027, 1636429583706, 679, 278, 401, 0, 2, 2
634, 1, 1636429583039, 1636429583710, 671, 270, 401, 2, 0, 2
635, 1, 1636429583071, 1636429583746, 675, 270, 405, 0, 1, 1
636, 1, 1636429583184, 1636429583866, 682, 278, 404, 2, 0, 2
637, 1, 1636429583284, 1636429583954, 670, 269, 401, 0, 0, 0
638, 1, 1636429583412, 1636429584086, 674, 271, 403, 1, 1, 2
639, 1, 1636429583471, 1636429584162, 691, 285, 406, 0, 0, 0
640, 1, 1636429583628, 1636429584294, 666, 267, 399, 1, 0, 1
641, 1, 1636429583708, 1636429584366, 658, 267, 391, 0, 1, 1
642, 1, 1636429583712, 1636429584386, 674, 274, 400, 0, 1, 1
643, 1, 1636429583749, 1636429584414, 665, 269, 396, 0, 0, 0
644, 1, 1636429583867, 1636429584546, 679, 277, 402, 1, 0, 1
645, 1, 1636429583956, 1636429584634, 678, 271, 407, 1, 1, 2
646, 1, 1636429584088, 1636429584762, 674, 273, 401, 0, 1, 1
647, 1, 1636429584164, 1636429584842, 678, 275, 403, 0, 0, 0
648, 1, 1636429584297, 1636429584978, 681, 275, 406, 2, 1, 3
649, 1, 1636429584368, 1636429585042, 674, 269, 405, 1, 1, 2
652, 1, 1636429584416, 1636429585086, 670, 271, 399, 0, 0, 0
653, 1, 1636429584549, 1636429585230, 681, 281, 400, 0, 0, 0
654, 1, 1636429584636, 1636429585306, 670, 274, 396, 1, 0, 1
655, 1, 1636429584764, 1636429585434, 670, 271, 399, 2, 0, 2
656, 1, 1636429584844, 1636429585522, 678, 274, 404, 1, 0, 1
659, 1, 1636429585044, 1636429585718, 674, 274, 400, 1, 0, 1
660, 1, 1636429585087, 1636429585758, 671, 273, 398, 1, 1, 2
661, 1, 1636429585232, 1636429585918, 686, 274, 412, 1, 0, 1
662, 1, 1636429585308, 1636429585986, 678, 274, 404, 0, 0, 0
664, 1, 1636429585525, 1636429586198, 673, 274, 399, 1, 0, 1
666, 1, 1636429585720, 1636429586390, 670, 266, 404, 0, 1, 1
667, 1, 1636429585760, 1636429586446, 686, 277, 409, 0, 1, 1
669, 1, 1636429585988, 1636429586670, 682, 279, 403, 1, 1, 2
671, 1, 1636429586201, 1636429586878, 677, 269, 408, 1, 1, 2
673, 1, 1636429586448, 1636429587126, 678, 273, 405, 0, 1, 1
675, 1, 1636429586672, 1636429587346, 674, 271, 403, 1, 2, 3
678, 1, 1636429587128, 1636429587802, 674, 268, 406, 0, 1, 1
620, 2, 1636429581838, 1636429592038, 10200, 0, 10200, 0, 0, 0
630, 2, 1636429582798, 1636429592985, 10187, 1, 10186, 0, 1, 1
685, 1, 1636429593234, 1636429593910, 676, 271, 405, 1, 0, 1
686, 1, 1636429593238, 1636429594362, 1124, 724, 400, 1, 1, 2
650, 2, 1636429584388, 1636429594569, 10181, 1, 10180, 0, 0, 0
687, 1, 1636429593931, 1636429594606, 675, 274, 401, 0, 0, 0
651, 2, 1636429584394, 1636429594618, 10224, 1, 10223, 2, 0, 2
688, 1, 1636429594380, 1636429595066, 686, 289, 397, 1, 13, 14
657, 2, 1636429584980, 1636429595157, 10177, 1, 10176, 0, 1, 1
658, 2, 1636429585014, 1636429595205, 10191, 0, 10191, 1, 0, 1
689, 1, 1636429594620, 1636429595294, 674, 273, 401, 0, 1, 1
691, 1, 1636429594770, 1636429595478, 708, 299, 409, 2, 32, 34
690, 1, 1636429594758, 1636429595482, 724, 313, 411, 1, 37, 38
663, 2, 1636429585436, 1636429595613, 10177, 1, 10176, 0, 1, 1
665, 2, 1636429585542, 1636429595733, 10191, 1, 10190, 1, 0, 1
692, 1, 1636429595068, 1636429595746, 678, 272, 406, 1, 1, 2
693, 1, 1636429595296, 1636429596002, 706, 306, 400, 0, 37, 37
694, 1, 1636429595346, 1636429596090, 744, 340, 404, 1, 72, 73
668, 2, 1636429585920, 1636429596093, 10173, 0, 10173, 0, 0, 0
695, 1, 1636429595386, 1636429596102, 716, 309, 407, 1, 39, 40
696, 1, 1636429595484, 1636429596174, 690, 294, 396, 0, 33, 33
697, 1, 1636429595497, 1636429596198, 701, 270, 431, 0, 1, 1
670, 2, 1636429586030, 1636429596225, 10195, 1, 10194, 1, 0, 1
698, 1, 1636429595748, 1636429596490, 742, 350, 392, 1, 44, 45
672, 2, 1636429586392, 1636429596569, 10177, 1, 10176, 0, 0, 0
700, 1, 1636429595910, 1636429596578, 668, 274, 394, 0, 7, 7
699, 1, 1636429595826, 1636429596586, 760, 355, 405, 0, 44, 44
701, 1, 1636429596004, 1636429596674, 670, 267, 403, 2, 0, 2
674, 2, 1636429586546, 1636429596738, 10192, 1, 10191, 1, 0, 1
702, 1, 1636429596095, 1636429596761, 666, 261, 405, 0, 0, 0
704, 1, 1636429596176, 1636429596830, 654, 262, 392, 0, 0, 0
703, 1, 1636429596120, 1636429596830, 710, 298, 412, 0, 40, 40
705, 1, 1636429596227, 1636429596934, 707, 302, 405, 0, 40, 40
706, 1, 1636429596279, 1636429597038, 759, 361, 398, 1, 0, 1
676, 2, 1636429586881, 1636429597057, 10176, 1, 10175, 0, 0, 0
707, 1, 1636429596410, 1636429597114, 704, 268, 436, 1, 0, 1
708, 1, 1636429596492, 1636429597186, 694, 297, 397, 0, 33, 33
677, 2, 1636429587018, 1636429597209, 10191, 0, 10191, 0, 0, 0
710, 1, 1636429596590, 1636429597330, 740, 270, 470, 1, 0, 1
709, 1, 1636429596587, 1636429597330, 743, 320, 423, 2, 45, 47
711, 1, 1636429596675, 1636429597342, 667, 273, 394, 0, 0, 0
713, 1, 1636429596763, 1636429597422, 659, 261, 398, 0, 0, 0
715, 1, 1636429596831, 1636429597510, 679, 277, 402, 1, 4, 5
712, 1, 1636429596758, 1636429597510, 752, 351, 401, 1, 16, 17
714, 1, 1636429596831, 1636429597510, 679, 275, 404, 1, 4, 5
679, 2, 1636429587348, 1636429597525, 10177, 1, 10176, 0, 0, 0
716, 1, 1636429596922, 1636429597598, 676, 272, 404, 3, 1, 4
717, 1, 1636429596935, 1636429597662, 727, 293, 434, 0, 20, 20
680, 2, 1636429587526, 1636429597713, 10187, 1, 10186, 1, 0, 1
718, 1, 1636429597060, 1636429597794, 734, 313, 421, 1, 12, 13
719, 1, 1636429597135, 1636429597794, 659, 269, 390, 0, 0, 0
720, 1, 1636429597211, 1636429597890, 679, 277, 402, 2, 0, 2
721, 1, 1636429597246, 1636429597978, 732, 333, 399, 4, 22, 26
681, 2, 1636429587804, 1636429597981, 10177, 0, 10177, 0, 0, 0
722, 1, 1636429597335, 1636429598002, 667, 266, 401, 1, 0, 1
723, 1, 1636429597335, 1636429598006, 671, 276, 395, 4, 0, 4
724, 1, 1636429597344, 1636429598014, 670, 268, 402, 0, 0, 0
725, 1, 1636429597398, 1636429598070, 672, 273, 399, 1, 4, 5
726, 1, 1636429597425, 1636429598106, 681, 270, 411, 1, 0, 1
728, 1, 1636429597528, 1636429598242, 714, 273, 441, 3, 0, 3
727, 1, 1636429597528, 1636429598254, 726, 321, 405, 2, 4, 6
729, 1, 1636429597528, 1636429598254, 726, 275, 451, 4, 0, 4
682, 2, 1636429588066, 1636429598261, 10195, 0, 10195, 1, 0, 1
731, 1, 1636429597663, 1636429598346, 683, 280, 403, 2, 4, 6
730, 1, 1636429597619, 1636429598346, 727, 315, 412, 0, 45, 45
732, 1, 1636429597714, 1636429598434, 720, 317, 403, 2, 0, 2
733, 1, 1636429597796, 1636429598466, 670, 270, 400, 0, 1, 1
734, 1, 1636429597796, 1636429598466, 670, 269, 401, 0, 0, 0
736, 1, 1636429597894, 1636429598622, 728, 278, 450, 1, 2, 3
735, 1, 1636429597891, 1636429598626, 735, 279, 456, 5, 1, 6
683, 2, 1636429588483, 1636429598679, 10196, 0, 10196, 0, 0, 0
738, 1, 1636429598004, 1636429598722, 718, 311, 407, 0, 8, 8
739, 1, 1636429598007, 1636429598722, 715, 311, 404, 3, 38, 41
737, 1, 1636429597985, 1636429598722, 737, 333, 404, 2, 9, 11
742, 1, 1636429598107, 1636429598802, 695, 274, 421, 4, 0, 4
741, 1, 1636429598089, 1636429598806, 717, 277, 440, 1, 0, 1
743, 1, 1636429598170, 1636429598894, 724, 317, 407, 4, 1, 5
745, 1, 1636429598265, 1636429598946, 681, 278, 403, 1, 16, 17
746, 1, 1636429598266, 1636429598946, 680, 285, 395, 1, 14, 15
744, 1, 1636429598263, 1636429598954, 691, 288, 403, 1, 14, 15
748, 1, 1636429598348, 1636429599038, 690, 289, 401, 1, 18, 19
747, 1, 1636429598348, 1636429599038, 690, 295, 395, 2, 23, 25
750, 1, 1636429598450, 1636429599138, 688, 275, 413, 0, 6, 6
684, 2, 1636429588955, 1636429599141, 10186, 1, 10185, 1, 0, 1
751, 1, 1636429598467, 1636429599170, 703, 302, 401, 1, 0, 1
752, 1, 1636429598467, 1636429599182, 715, 306, 409, 0, 1, 1
749, 1, 1636429598437, 1636429599182, 745, 337, 408, 1, 0, 1
754, 1, 1636429598680, 1636429599314, 634, 271, 363, 3, 2, 5
757, 1, 1636429598726, 1636429599406, 680, 287, 393, 1, 6, 7
756, 1, 1636429598725, 1636429599410, 685, 286, 399, 3, 11, 14
755, 1, 1636429598723, 1636429599414, 691, 287, 404, 2, 13, 15
759, 1, 1636429598808, 1636429599506, 698, 292, 406, 2, 10, 12
758, 1, 1636429598804, 1636429599506, 702, 301, 401, 2, 25, 27
760, 1, 1636429598862, 1636429599598, 736, 328, 408, 1, 1, 2
762, 1, 1636429598949, 1636429599622, 673, 274, 399, 0, 1, 1
764, 1, 1636429598956, 1636429599630, 674, 276, 398, 1, 0, 1
761, 1, 1636429598896, 1636429599638, 742, 342, 400, 2, 1, 3
766, 1, 1636429599041, 1636429599738, 697, 282, 415, 2, 1, 3
765, 1, 1636429599041, 1636429599738, 697, 281, 416, 4, 1, 5
767, 1, 1636429599158, 1636429599810, 652, 258, 394, 0, 0, 0
770, 1, 1636429599185, 1636429599850, 665, 269, 396, 1, 0, 1
769, 1, 1636429599185, 1636429599866, 681, 283, 398, 0, 0, 0
768, 1, 1636429599172, 1636429599878, 706, 299, 407, 0, 1, 1
771, 1, 1636429599316, 1636429599986, 670, 274, 396, 1, 1, 2
774, 1, 1636429599411, 1636429600074, 663, 270, 393, 1, 0, 1
775, 1, 1636429599416, 1636429600074, 658, 262, 396, 0, 1, 1
773, 1, 1636429599408, 1636429600082, 674, 274, 400, 0, 0, 0
776, 1, 1636429599507, 1636429600194, 687, 291, 396, 2, 0, 2
779, 1, 1636429599623, 1636429600286, 663, 263, 400, 1, 1, 2
778, 1, 1636429599613, 1636429600286, 673, 266, 407, 1, 2, 3
781, 1, 1636429599639, 1636429600306, 667, 266, 401, 0, 1, 1
780, 1, 1636429599632, 1636429600314, 682, 290, 392, 1, 0, 1
782, 1, 1636429599740, 1636429600410, 670, 271, 399, 2, 0, 2
784, 1, 1636429599811, 1636429600466, 655, 258, 397, 0, 0, 0
785, 1, 1636429599852, 1636429600526, 674, 278, 396, 0, 1, 1
787, 1, 1636429599880, 1636429600542, 662, 270, 392, 1, 0, 1
786, 1, 1636429599867, 1636429600546, 679, 276, 403, 0, 0, 0
788, 1, 1636429599987, 1636429600654, 667, 266, 401, 2, 0, 2
789, 1, 1636429600076, 1636429600742, 666, 267, 399, 2, 1, 3
791, 1, 1636429600084, 1636429600766, 682, 278, 404, 0, 0, 0
792, 1, 1636429600195, 1636429600866, 671, 271, 400, 0, 1, 1
794, 1, 1636429600287, 1636429600962, 675, 275, 400, 0, 1, 1
795, 1, 1636429600308, 1636429600986, 678, 272, 406, 0, 0, 0
796, 1, 1636429600316, 1636429601006, 690, 281, 409, 0, 0, 0
797, 1, 1636429600412, 1636429601089, 677, 273, 404, 1, 0, 1
798, 1, 1636429600468, 1636429601142, 674, 270, 404, 1, 0, 1
800, 1, 1636429600544, 1636429601210, 666, 273, 393, 0, 0, 0
799, 1, 1636429600527, 1636429601218, 691, 295, 396, 1, 0, 1
802, 1, 1636429600656, 1636429601322, 666, 273, 393, 1, 0, 1
804, 1, 1636429600768, 1636429601462, 694, 294, 400, 0, 1, 1
805, 1, 1636429600867, 1636429601534, 667, 268, 399, 1, 0, 1
806, 1, 1636429600963, 1636429601626, 663, 266, 397, 0, 0, 0
807, 1, 1636429600988, 1636429601666, 678, 281, 397, 0, 0, 0
809, 1, 1636429601091, 1636429601762, 671, 267, 404, 0, 1, 1
810, 1, 1636429601143, 1636429601798, 655, 263, 392, 1, 0, 1
812, 1, 1636429601220, 1636429601914, 694, 290, 404, 0, 0, 0
813, 1, 1636429601324, 1636429601994, 670, 265, 405, 0, 0, 0
815, 1, 1636429601536, 1636429602210, 674, 273, 401, 0, 0, 0
816, 1, 1636429601628, 1636429602298, 670, 271, 399, 2, 1, 3
817, 1, 1636429601668, 1636429602366, 698, 298, 400, 1, 2, 3
819, 1, 1636429601800, 1636429602470, 670, 274, 396, 0, 1, 1
821, 1, 1636429601995, 1636429602674, 679, 269, 410, 0, 1, 1
823, 1, 1636429602300, 1636429602970, 670, 270, 400, 1, 1, 2
825, 1, 1636429602472, 1636429603150, 678, 275, 403, 2, 1, 3
827, 1, 1636429602972, 1636429603646, 674, 273, 401, 0, 1, 1
740, 2, 1636429598016, 1636429608193, 10177, 1, 10176, 0, 0, 0
753, 2, 1636429598628, 1636429608813, 10185, 1, 10184, 2, 0, 2
830, 1, 1636429608330, 1636429609006, 676, 273, 403, 0, 1, 1
763, 2, 1636429598949, 1636429609130, 10181, 2, 10179, 2, 0, 2
772, 2, 1636429599330, 1636429609510, 10180, 0, 10180, 0, 0, 0
831, 1, 1636429608946, 1636429609622, 676, 273, 403, 0, 2, 2
777, 2, 1636429599508, 1636429609689, 10181, 1, 10180, 0, 0, 0
832, 1, 1636429609009, 1636429609722, 713, 269, 444, 0, 2, 2
783, 2, 1636429599740, 1636429609925, 10185, 1, 10184, 1, 0, 1
790, 2, 1636429600076, 1636429610258, 10182, 1, 10181, 1, 0, 1
833, 1, 1636429609624, 1636429610302, 678, 272, 406, 1, 1, 2
834, 1, 1636429609690, 1636429610374, 684, 283, 401, 0, 12, 12
835, 1, 1636429609690, 1636429610374, 684, 285, 399, 0, 12, 12
836, 1, 1636429609725, 1636429610390, 665, 271, 394, 1, 1, 2
793, 2, 1636429600287, 1636429610465, 10178, 0, 10178, 0, 0, 0
801, 2, 1636429600548, 1636429610725, 10177, 0, 10177, 0, 0, 0
838, 1, 1636429610058, 1636429610726, 668, 274, 394, 2, 4, 6
837, 1, 1636429609814, 1636429610830, 1016, 587, 429, 1, 0, 1
803, 2, 1636429600744, 1636429610921, 10177, 0, 10177, 0, 0, 0
839, 1, 1636429610304, 1636429610998, 694, 265, 429, 0, 0, 0
842, 1, 1636429610392, 1636429611082, 690, 293, 397, 2, 22, 24
840, 1, 1636429610376, 1636429611086, 710, 307, 403, 2, 42, 44
843, 1, 1636429610393, 1636429611086, 693, 293, 400, 2, 21, 23
808, 2, 1636429601007, 1636429611181, 10174, 0, 10174, 0, 1, 1
841, 1, 1636429610391, 1636429611282, 891, 491, 400, 2, 2, 4
844, 1, 1636429610590, 1636429611282, 692, 291, 401, 1, 19, 20
811, 2, 1636429601211, 1636429611385, 10174, 0, 10174, 0, 0, 0
845, 1, 1636429610729, 1636429611450, 721, 321, 400, 1, 48, 49
846, 1, 1636429610832, 1636429611538, 706, 307, 399, 3, 4, 7
814, 2, 1636429601463, 1636429611641, 10178, 0, 10178, 0, 0, 0
848, 1, 1636429610999, 1636429611674, 675, 273, 402, 0, 0, 0
847, 1, 1636429610854, 1636429611746, 892, 495, 397, 0, 9, 9
849, 1, 1636429611050, 1636429611746, 696, 341, 355, 51, 12, 63
850, 1, 1636429611084, 1636429611774, 690, 273, 417, 1, 0, 1
852, 1, 1636429611088, 1636429611774, 686, 269, 417, 0, 0, 0
818, 2, 1636429601763, 1636429611941, 10178, 0, 10178, 0, 1, 1
854, 1, 1636429611284, 1636429612002, 718, 303, 415, 1, 29, 30
853, 1, 1636429611284, 1636429612002, 718, 302, 416, 1, 7, 8
820, 2, 1636429601916, 1636429612093, 10177, 1, 10176, 2, 0, 2
856, 1, 1636429611452, 1636429612126, 674, 274, 400, 0, 0, 0
857, 1, 1636429611518, 1636429612209, 691, 296, 395, 0, 14, 14
855, 1, 1636429611310, 1636429612209, 899, 500, 399, 1, 8, 9
822, 2, 1636429602212, 1636429612389, 10177, 0, 10177, 1, 0, 1
859, 1, 1636429611676, 1636429612390, 714, 271, 443, 4, 0, 4
860, 1, 1636429611748, 1636429612454, 706, 313, 393, 1, 1, 2
861, 1, 1636429611748, 1636429612458, 710, 315, 395, 3, 1, 4
862, 1, 1636429611776, 1636429612482, 706, 269, 437, 3, 0, 3
863, 1, 1636429611776, 1636429612482, 706, 271, 435, 2, 2, 4
824, 1, 1636429602368, 1636429612586, 10218, 9823, 395, 2, 1, 3
864, 1, 1636429611778, 1636429612658, 880, 447, 433, 3, 3, 6
865, 1, 1636429612003, 1636429612686, 683, 283, 400, 2, 0, 2
867, 1, 1636429612095, 1636429612762, 667, 270, 397, 1, 0, 1
868, 1, 1636429612128, 1636429612842, 714, 309, 405, 0, 41, 41
826, 2, 1636429602677, 1636429612854, 10177, 1, 10176, 1, 0, 1
870, 1, 1636429612211, 1636429612906, 695, 300, 395, 0, 0, 0
869, 1, 1636429612211, 1636429612914, 703, 303, 400, 3, 0, 3
872, 1, 1636429612392, 1636429613062, 670, 266, 404, 2, 0, 2
871, 1, 1636429612226, 1636429613122, 896, 461, 435, 1, 9, 10
874, 1, 1636429612460, 1636429613138, 678, 278, 400, 1, 0, 1
875, 1, 1636429612484, 1636429613154, 670, 265, 405, 1, 0, 1
876, 1, 1636429612484, 1636429613214, 730, 282, 448, 1, 0, 1
877, 1, 1636429612518, 1636429613214, 696, 298, 398, 0, 5, 5
828, 2, 1636429603152, 1636429613325, 10173, 1, 10172, 2, 0, 2
879, 1, 1636429612661, 1636429613358, 697, 302, 395, 0, 0, 0
880, 1, 1636429612688, 1636429613402, 714, 273, 441, 1, 1, 2
881, 1, 1636429612763, 1636429613442, 679, 269, 410, 2, 2, 4
882, 1, 1636429612856, 1636429613550, 694, 274, 420, 1, 1, 2
878, 1, 1636429612588, 1636429613594, 1006, 606, 400, 0, 21, 21
884, 1, 1636429612915, 1636429613594, 679, 282, 397, 2, 8, 10
885, 1, 1636429612990, 1636429613690, 700, 289, 411, 1, 20, 21
886, 1, 1636429613063, 1636429613782, 719, 269, 450, 3, 0, 3
887, 1, 1636429613124, 1636429613806, 682, 287, 395, 0, 1, 1
829, 2, 1636429603649, 1636429613826, 10177, 0, 10177, 0, 0, 0
888, 1, 1636429613140, 1636429613849, 709, 310, 399, 0, 1, 1
890, 1, 1636429613216, 1636429613930, 714, 282, 432, 5, 0, 5
891, 1, 1636429613216, 1636429613930, 714, 279, 435, 4, 0, 4
893, 1, 1636429613403, 1636429614094, 691, 292, 399, 2, 26, 28
889, 1, 1636429613156, 1636429614094, 938, 498, 440, 2, 47, 49
894, 1, 1636429613443, 1636429614114, 671, 263, 408, 0, 1, 1
895, 1, 1636429613466, 1636429614194, 728, 320, 408, 1, 46, 47
896, 1, 1636429613552, 1636429614222, 670, 274, 396, 1, 1, 2
897, 1, 1636429613596, 1636429614278, 682, 282, 400, 2, 17, 19
898, 1, 1636429613596, 1636429614294, 698, 304, 394, 0, 1, 1
899, 1, 1636429613692, 1636429614370, 678, 277, 401, 0, 0, 0
902, 1, 1636429613851, 1636429614538, 687, 294, 393, 0, 0, 0
901, 1, 1636429613830, 1636429614542, 712, 313, 399, 0, 0, 0
903, 1, 1636429613931, 1636429614602, 671, 266, 405, 1, 0, 1
905, 1, 1636429613962, 1636429614646, 684, 287, 397, 3, 0, 3
906, 1, 1636429614095, 1636429614766, 671, 272, 399, 0, 1, 1
907, 1, 1636429614095, 1636429614770, 675, 269, 406, 0, 1, 1
908, 1, 1636429614115, 1636429614786, 671, 266, 405, 0, 0, 0
909, 1, 1636429614196, 1636429614854, 658, 263, 395, 0, 0, 0
910, 1, 1636429614225, 1636429614894, 669, 272, 397, 1, 2, 3
912, 1, 1636429614295, 1636429614994, 699, 298, 401, 2, 0, 2
913, 1, 1636429614372, 1636429615054, 682, 281, 401, 0, 0, 0
914, 1, 1636429614539, 1636429615230, 691, 283, 408, 0, 1, 1
915, 1, 1636429614544, 1636429615233, 689, 277, 412, 0, 0, 0
916, 1, 1636429614604, 1636429615274, 670, 275, 395, 1, 0, 1
917, 1, 1636429614648, 1636429615318, 670, 267, 403, 2, 0, 2
918, 1, 1636429614767, 1636429615450, 683, 275, 408, 2, 1, 3
920, 1, 1636429614787, 1636429615454, 667, 266, 401, 0, 0, 0
921, 1, 1636429614856, 1636429615522, 666, 261, 405, 0, 0, 0
922, 1, 1636429614896, 1636429615566, 670, 268, 402, 0, 0, 0
923, 1, 1636429614996, 1636429615682, 686, 286, 400, 1, 0, 1
924, 1, 1636429615055, 1636429615730, 675, 266, 409, 1, 0, 1
925, 1, 1636429615231, 1636429615910, 679, 274, 405, 1, 1, 2
927, 1, 1636429615275, 1636429615934, 659, 267, 392, 1, 0, 1
928, 1, 1636429615319, 1636429615978, 659, 266, 393, 0, 1, 1
929, 1, 1636429615451, 1636429616110, 659, 266, 393, 0, 0, 0
930, 1, 1636429615455, 1636429616130, 675, 274, 401, 1, 0, 1
931, 1, 1636429615524, 1636429616186, 662, 265, 397, 0, 0, 0
932, 1, 1636429615568, 1636429616242, 674, 273, 401, 0, 0, 0
933, 1, 1636429615683, 1636429616358, 675, 282, 393, 1, 0, 1
934, 1, 1636429615732, 1636429616414, 682, 273, 409, 1, 1, 2
935, 1, 1636429615912, 1636429616590, 678, 279, 399, 1, 0, 1
936, 1, 1636429615936, 1636429616606, 670, 273, 397, 0, 0, 0
937, 1, 1636429615980, 1636429616638, 658, 267, 391, 2, 0, 2
938, 1, 1636429616111, 1636429616782, 671, 269, 402, 1, 0, 1
939, 1, 1636429616132, 1636429616810, 678, 283, 395, 1, 1, 2
940, 1, 1636429616187, 1636429616858, 671, 278, 393, 0, 0, 0
942, 1, 1636429616359, 1636429617037, 678, 286, 392, 1, 0, 1
943, 1, 1636429616416, 1636429617078, 662, 266, 396, 0, 1, 1
944, 1, 1636429616592, 1636429617262, 670, 269, 401, 1, 0, 1
945, 1, 1636429616607, 1636429617286, 679, 274, 405, 0, 0, 0
946, 1, 1636429616640, 1636429617314, 674, 278, 396, 0, 0, 0
948, 1, 1636429616811, 1636429617486, 675, 279, 396, 0, 0, 0
949, 1, 1636429616859, 1636429617530, 671, 271, 400, 0, 0, 0
950, 1, 1636429617038, 1636429617714, 676, 277, 399, 1, 1, 2
951, 1, 1636429617079, 1636429617746, 667, 270, 397, 2, 0, 2
953, 1, 1636429617288, 1636429617966, 678, 275, 403, 0, 1, 1
954, 1, 1636429617316, 1636429617986, 670, 269, 401, 0, 0, 0
955, 1, 1636429617488, 1636429618162, 674, 278, 396, 1, 1, 2
956, 1, 1636429617532, 1636429618202, 670, 270, 400, 1, 0, 1
958, 1, 1636429617748, 1636429618418, 670, 276, 394, 0, 1, 1
959, 1, 1636429617968, 1636429618642, 674, 270, 404, 1, 1, 2
960, 1, 1636429617988, 1636429618654, 666, 271, 395, 1, 0, 1
962, 1, 1636429618204, 1636429618870, 666, 269, 397, 1, 0, 1
963, 1, 1636429618419, 1636429619098, 679, 274, 405, 2, 0, 2
965, 1, 1636429618655, 1636429619326, 671, 273, 398, 0, 0, 0
966, 1, 1636429618872, 1636429619550, 678, 278, 400, 0, 0, 0
968, 1, 1636429619329, 1636429620002, 673, 274, 399, 1, 1, 2
851, 2, 1636429611088, 1636429621274, 10186, 1, 10185, 2, 0, 2
858, 2, 1636429611540, 1636429621734, 10194, 1, 10193, 0, 0, 0
971, 1, 1636429621410, 1636429622098, 688, 283, 405, 0, 10, 10
866, 2, 1636429612004, 1636429622186, 10182, 1, 10181, 1, 0, 1
972, 1, 1636429621862, 1636429622546, 684, 282, 402, 0, 1, 1
873, 2, 1636429612456, 1636429622634, 10178, 1, 10177, 1, 0, 1
973, 1, 1636429622099, 1636429622770, 671, 270, 401, 0, 0, 0
974, 1, 1636429622318, 1636429623010, 692, 279, 413, 2, 0, 2
883, 2, 1636429612908, 1636429623082, 10174, 1, 10173, 0, 1, 1
975, 1, 1636429622548, 1636429623218, 670, 274, 396, 2, 0, 2
977, 1, 1636429622772, 1636429623442, 670, 270, 400, 1, 2, 3
976, 1, 1636429622766, 1636429623454, 688, 290, 398, 0, 1, 1
892, 2, 1636429613359, 1636429623542, 10183, 1, 10182, 1, 0, 1
978, 1, 1636429623012, 1636429623682, 670, 266, 404, 0, 1, 1
979, 1, 1636429623220, 1636429623906, 686, 278, 408, 0, 6, 6
980, 1, 1636429623226, 1636429623906, 680, 283, 397, 0, 0, 0
900, 2, 1636429613828, 1636429624005, 10177, 0, 10177, 0, 1, 1
904, 2, 1636429613932, 1636429624109, 10177, 0, 10177, 0, 0, 0
981, 1, 1636429623444, 1636429624130, 686, 274, 412, 2, 0, 2
982, 1, 1636429623456, 1636429624142, 686, 284, 402, 0, 0, 0
983, 1, 1636429623674, 1636429624370, 696, 300, 396, 1, 22, 23
984, 1, 1636429623684, 1636429624374, 690, 292, 398, 0, 18, 18
911, 2, 1636429614280, 1636429624453, 10173, 1, 10172, 0, 1, 1
985, 1, 1636429623908, 1636429624578, 670, 263, 407, 0, 0, 0
986, 1, 1636429623909, 1636429624578, 669, 266, 403, 0, 0, 0
987, 1, 1636429624131, 1636429624806, 675, 278, 397, 0, 15, 15
989, 1, 1636429624143, 1636429624822, 679, 278, 401, 1, 1, 2
988, 1, 1636429624133, 1636429624826, 693, 291, 402, 2, 1, 3
990, 1, 1636429624242, 1636429624918, 676, 269, 407, 0, 1, 1
919, 2, 1636429614772, 1636429624950, 10178, 0, 10178, 0, 0, 0
991, 1, 1636429624372, 1636429625034, 662, 265, 397, 0, 0, 0
992, 1, 1636429624376, 1636429625046, 670, 277, 393, 1, 0, 1
993, 1, 1636429624580, 1636429625258, 678, 277, 401, 0, 0, 0
995, 1, 1636429624586, 1636429625310, 724, 321, 403, 1, 33, 34
994, 1, 1636429624580, 1636429625314, 734, 329, 405, 1, 37, 38
926, 2, 1636429615236, 1636429625405, 10169, 1, 10168, 1, 1, 2
996, 1, 1636429624808, 1636429625494, 686, 273, 413, 0, 1, 1
997, 1, 1636429624824, 1636429625501, 677, 284, 393, 1, 0, 1
998, 1, 1636429624827, 1636429625534, 707, 267, 440, 1, 1, 2
999, 1, 1636429624952, 1636429625618, 666, 274, 392, 0, 0, 0
1002, 1, 1636429625086, 1636429625754, 668, 278, 390, 0, 4, 4
1001, 1, 1636429625048, 1636429625758, 710, 309, 401, 0, 37, 37
1000, 1, 1636429625036, 1636429625762, 726, 329, 397, 0, 1, 1
1003, 1, 1636429625259, 1636429625941, 682, 265, 417, 0, 0, 0
1004, 1, 1636429625312, 1636429625986, 674, 274, 400, 1, 0, 1
1005, 1, 1636429625316, 1636429625986, 670, 274, 396, 2, 0, 2
1006, 1, 1636429625495, 1636429626154, 659, 264, 395, 0, 1, 1
1007, 1, 1636429625503, 1636429626210, 707, 309, 398, 1, 1, 2
1009, 1, 1636429625546, 1636429626214, 668, 266, 402, 1, 0, 1
1008, 1, 1636429625535, 1636429626214, 679, 278, 401, 1, 0, 1
1010, 1, 1636429625620, 1636429626290, 670, 270, 400, 0, 1, 1
941, 2, 1636429616244, 1636429626421, 10177, 1, 10176, 0, 2, 2
1012, 1, 1636429625760, 1636429626422, 662, 262, 400, 0, 0, 0
1011, 1, 1636429625756, 1636429626425, 669, 279, 390, 1, 0, 1
1013, 1, 1636429625764, 1636429626430, 666, 270, 396, 0, 1, 1
1014, 1, 1636429625943, 1636429626614, 671, 271, 400, 0, 1, 1
1016, 1, 1636429625988, 1636429626690, 702, 301, 401, 1, 24, 25
1017, 1, 1636429626155, 1636429626878, 723, 322, 401, 2, 44, 46
1019, 1, 1636429626216, 1636429626878, 662, 270, 392, 2, 0, 2
1018, 1, 1636429626212, 1636429626886, 674, 270, 404, 2, 0, 2
1020, 1, 1636429626216, 1636429626894, 678, 275, 403, 2, 0, 2
1021, 1, 1636429626292, 1636429626958, 666, 272, 394, 1, 1, 2
947, 2, 1636429616784, 1636429626961, 10177, 0, 10177, 0, 0, 0
1023, 1, 1636429626427, 1636429627086, 659, 266, 393, 1, 1, 2
1022, 1, 1636429626424, 1636429627086, 662, 267, 395, 2, 1, 3
1024, 1, 1636429626432, 1636429627137, 705, 302, 403, 0, 0, 0
1025, 1, 1636429626546, 1636429627230, 684, 281, 403, 1, 12, 13
1026, 1, 1636429626615, 1636429627326, 711, 315, 396, 0, 1, 1
1027, 1, 1636429626692, 1636429627358, 666, 268, 398, 0, 0, 0
952, 2, 1636429617265, 1636429627441, 10176, 0, 10176, 0, 1, 1
1015, 1, 1636429625987, 1636429627534, 1547, 1148, 399, 0, 1, 1
1028, 1, 1636429626880, 1636429627550, 670, 271, 399, 3, 0, 3
1030, 1, 1636429626888, 1636429627554, 666, 266, 400, 0, 0, 0
1029, 1, 1636429626880, 1636429627582, 702, 303, 399, 1, 0, 1
1032, 1, 1636429626963, 1636429627626, 663, 266, 397, 1, 2, 3
1033, 1, 1636429627088, 1636429627794, 706, 310, 396, 1, 25, 26
1035, 1, 1636429627090, 1636429627802, 712, 310, 402, 2, 41, 43
1034, 1, 1636429627088, 1636429627806, 718, 310, 408, 2, 42, 44
1036, 1, 1636429627139, 1636429627806, 667, 262, 405, 0, 1, 1
957, 2, 1636429617716, 1636429627889, 10173, 0, 10173, 0, 0, 0
1037, 1, 1636429627232, 1636429627902, 670, 274, 396, 0, 1, 1
1031, 1, 1636429626896, 1636429627982, 1086, 689, 397, 1, 1, 2
1038, 1, 1636429627328, 1636429628030, 702, 276, 426, 0, 1, 1
1039, 1, 1636429627359, 1636429628038, 679, 278, 401, 2, 1, 3
1042, 1, 1636429627556, 1636429628246, 690, 290, 400, 0, 5, 5
1044, 1, 1636429627583, 1636429628250, 667, 273, 394, 2, 0, 2
1043, 1, 1636429627574, 1636429628258, 684, 289, 395, 0, 1, 1
1040, 1, 1636429627536, 1636429628258, 722, 330, 392, 1, 0, 1
961, 2, 1636429618163, 1636429628337, 10174, 0, 10174, 0, 0, 0
1045, 1, 1636429627630, 1636429628338, 708, 310, 398, 1, 44, 45
1041, 1, 1636429627551, 1636429628430, 879, 479, 400, 2, 1, 3
1048, 1, 1636429627808, 1636429628474, 666, 271, 395, 2, 1, 3
1047, 1, 1636429627804, 1636429628478, 674, 273, 401, 1, 1, 2
1049, 1, 1636429627808, 1636429628482, 674, 274, 400, 2, 0, 2
1046, 1, 1636429627796, 1636429628482, 686, 279, 407, 3, 1, 4
1054, 1, 1636429628040, 1636429628698, 658, 263, 395, 0, 0, 0
1051, 1, 1636429627984, 1636429628702, 718, 326, 392, 1, 0, 1
1052, 1, 1636429628026, 1636429628710, 684, 290, 394, 0, 0, 0
964, 2, 1636429618643, 1636429628822, 10179, 1, 10178, 1, 0, 1
1053, 1, 1636429628032, 1636429628874, 842, 448, 394, 0, 1, 1
1058, 1, 1636429628260, 1636429628930, 670, 274, 396, 2, 1, 3
1055, 1, 1636429628248, 1636429628934, 686, 282, 404, 2, 0, 2
1057, 1, 1636429628259, 1636429628934, 675, 274, 401, 3, 0, 3
1056, 1, 1636429628252, 1636429628938, 686, 280, 406, 2, 0, 2
1059, 1, 1636429628341, 1636429629014, 673, 269, 404, 1, 1, 2
1060, 1, 1636429628431, 1636429629102, 671, 271, 400, 2, 0, 2
1061, 1, 1636429628470, 1636429629182, 712, 310, 402, 2, 20, 22
1064, 1, 1636429628484, 1636429629186, 702, 297, 405, 2, 28, 30
1062, 1, 1636429628476, 1636429629186, 710, 305, 405, 1, 37, 38
967, 2, 1636429619100, 1636429629274, 10174, 1, 10173, 0, 1, 1
1066, 1, 1636429628700, 1636429629390, 690, 293, 397, 1, 1, 2
1068, 1, 1636429628711, 1636429629406, 695, 272, 423, 2, 0, 2
1067, 1, 1636429628704, 1636429629414, 710, 275, 435, 1, 1, 2
1069, 1, 1636429628876, 1636429629550, 674, 274, 400, 1, 2, 3
1074, 1, 1636429628954, 1636429629626, 672, 281, 391, 3, 0, 3
1070, 1, 1636429628932, 1636429629634, 702, 306, 396, 0, 1, 1
1073, 1, 1636429628939, 1636429629650, 711, 299, 412, 2, 1, 3
1075, 1, 1636429629016, 1636429629726, 710, 309, 401, 1, 46, 47
969, 2, 1636429619552, 1636429629729, 10177, 1, 10176, 2, 0, 2
1076, 1, 1636429629104, 1636429629810, 706, 268, 438, 2, 0, 2
1078, 1, 1636429629188, 1636429629854, 666, 267, 399, 3, 0, 3
1077, 1, 1636429629184, 1636429629858, 674, 275, 399, 2, 1, 3
1079, 1, 1636429629188, 1636429629878, 690, 283, 407, 1, 1, 2
1083, 1, 1636429629416, 1636429630090, 674, 277, 397, 2, 0, 2
1082, 1, 1636429629410, 1636429630090, 680, 277, 403, 0, 9, 9
970, 1, 1636429620004, 1636429630222, 10218, 9815, 403, 1, 1, 2
1084, 1, 1636429629552, 1636429630262, 710, 313, 397, 49, 0, 49
1087, 1, 1636429629651, 1636429630314, 663, 262, 401, 0, 0, 0
1085, 1, 1636429629628, 1636429630314, 686, 269, 417, 1, 0, 1
1086, 1, 1636429629636, 1636429630338, 702, 288, 414, 1, 1, 2
1088, 1, 1636429629732, 1636429630394, 662, 262, 400, 0, 1, 1
1089, 1, 1636429629812, 1636429630482, 670, 271, 399, 2, 0, 2
1091, 1, 1636429629858, 1636429630538, 680, 279, 401, 1, 1, 2
1093, 1, 1636429629880, 1636429630546, 666, 266, 400, 1, 0, 1
1094, 1, 1636429630092, 1636429630762, 670, 274, 396, 2, 0, 2
1095, 1, 1636429630092, 1636429630786, 694, 297, 397, 1, 0, 1
1097, 1, 1636429630264, 1636429630938, 674, 269, 405, 1, 1, 2
1096, 1, 1636429630223, 1636429630982, 759, 364, 395, 1, 0, 1
1100, 1, 1636429630340, 1636429631010, 670, 268, 402, 0, 0, 0
1101, 1, 1636429630397, 1636429631057, 660, 270, 390, 0, 0, 0
1102, 1, 1636429630484, 1636429631150, 666, 272, 394, 0, 1, 1
1104, 1, 1636429630548, 1636429631214, 666, 265, 401, 0, 0, 0
1103, 1, 1636429630540, 1636429631214, 674, 269, 405, 1, 0, 1
1106, 1, 1636429630787, 1636429631458, 671, 274, 397, 2, 0, 2
1107, 1, 1636429630939, 1636429631606, 667, 262, 405, 0, 0, 0
1108, 1, 1636429630983, 1636429631678, 695, 294, 401, 2, 0, 2
1109, 1, 1636429631011, 1636429631678, 667, 270, 397, 0, 0, 0
1110, 1, 1636429631058, 1636429631734, 676, 271, 405, 0, 1, 1
1111, 1, 1636429631152, 1636429631818, 666, 265, 401, 1, 0, 1
1114, 1, 1636429631460, 1636429632126, 666, 269, 397, 2, 0, 2
1115, 1, 1636429631607, 1636429632274, 667, 271, 396, 0, 1, 1
1118, 1, 1636429631736, 1636429632414, 678, 277, 401, 0, 0, 0
1119, 1, 1636429631819, 1636429632490, 671, 270, 401, 0, 1, 1
1121, 1, 1636429632276, 1636429632962, 686, 283, 403, 1, 1, 2
1123, 1, 1636429632492, 1636429633166, 674, 270, 404, 1, 1, 2
1124, 1, 1636429632964, 1636429633638, 674, 272, 402, 2, 2, 4
1125, 1, 1636429633168, 1636429633838, 670, 270, 400, 0, 2, 2
1126, 1, 1636429633640, 1636429634318, 678, 275, 403, 2, 0, 2
1127, 1, 1636429633840, 1636429634518, 678, 273, 405, 1, 0, 1
1128, 1, 1636429634320, 1636429634998, 678, 274, 404, 0, 2, 2
1129, 1, 1636429634521, 1636429635198, 677, 274, 403, 0, 1, 1
1130, 1, 1636429635000, 1636429635674, 674, 270, 404, 0, 1, 1
1131, 1, 1636429635200, 1636429635874, 674, 271, 403, 1, 2, 3
1132, 1, 1636429635677, 1636429636354, 677, 274, 403, 0, 1, 1
1133, 1, 1636429635876, 1636429636554, 678, 275, 403, 0, 2, 2
1134, 1, 1636429636356, 1636429637026, 670, 270, 400, 1, 1, 2
1135, 1, 1636429636556, 1636429637226, 670, 274, 396, 1, 1, 2
1136, 1, 1636429637028, 1636429637710, 682, 273, 409, 1, 0, 1
1137, 1, 1636429637228, 1636429637898, 670, 266, 404, 1, 0, 1
1050, 2, 1636429627904, 1636429638085, 10181, 0, 10181, 0, 0, 0
1138, 1, 1636429637713, 1636429638390, 677, 273, 404, 2, 0, 2
1139, 1, 1636429637900, 1636429638578, 678, 274, 404, 0, 1, 1
1063, 2, 1636429628479, 1636429638658, 10179, 0, 10179, 0, 0, 0
1065, 2, 1636429628485, 1636429638706, 10221, 1, 10220, 1, 0, 1
1071, 2, 1636429628935, 1636429639114, 10179, 0, 10179, 1, 0, 1
1140, 1, 1636429638392, 1636429639154, 762, 366, 396, 0, 92, 92
1072, 2, 1636429628936, 1636429639161, 10225, 0, 10225, 1, 1, 2
1141, 1, 1636429638580, 1636429639246, 666, 267, 399, 0, 0, 0
1080, 2, 1636429629391, 1636429639565, 10174, 0, 10174, 0, 0, 0
1081, 2, 1636429629408, 1636429639609, 10201, 1, 10200, 2, 0, 2
1142, 1, 1636429638966, 1636429639702, 736, 317, 419, 49, 2, 51
1143, 1, 1636429638967, 1636429639702, 735, 318, 417, 49, 1, 50
1145, 1, 1636429639163, 1636429639882, 719, 315, 404, 0, 41, 41
1146, 1, 1636429639248, 1636429639966, 718, 275, 443, 0, 13, 13
1090, 2, 1636429629856, 1636429640034, 10178, 0, 10178, 0, 0, 0
1092, 2, 1636429629859, 1636429640081, 10222, 0, 10222, 0, 0, 0
1147, 1, 1636429639250, 1636429640166, 916, 506, 410, 1, 0, 1
1151, 1, 1636429639704, 1636429640434, 730, 291, 439, 0, 22, 22
1150, 1, 1636429639704, 1636429640438, 734, 292, 442, 1, 22, 23
1099, 2, 1636429630316, 1636429640498, 10182, 1, 10181, 2, 0, 2
1098, 2, 1636429630316, 1636429640545, 10229, 1, 10228, 1, 0, 1
1153, 1, 1636429639883, 1636429640614, 731, 310, 421, 48, 0, 48
1149, 1, 1636429639698, 1636429640618, 920, 521, 399, 2, 0, 2
1154, 1, 1636429639968, 1636429640658, 690, 271, 419, 1, 0, 1
1155, 1, 1636429640168, 1636429640906, 738, 337, 401, 1, 16, 17
1105, 2, 1636429630763, 1636429640941, 10178, 0, 10178, 0, 1, 1
1156, 1, 1636429640170, 1636429641070, 900, 504, 396, 0, 0, 0
1158, 1, 1636429640436, 1636429641138, 702, 270, 432, 2, 0, 2
1159, 1, 1636429640440, 1636429641138, 698, 273, 425, 1, 0, 1
1160, 1, 1636429640616, 1636429641294, 678, 286, 392, 3, 17, 20
1161, 1, 1636429640620, 1636429641390, 770, 378, 392, 2, 36, 38
1113, 2, 1636429631216, 1636429641393, 10177, 0, 10177, 0, 0, 0
1112, 2, 1636429631216, 1636429641437, 10221, 1, 10220, 1, 1, 2
1164, 1, 1636429640659, 1636429641526, 867, 468, 399, 3, 1, 4
1165, 1, 1636429640943, 1636429641710, 767, 317, 450, 0, 44, 44
1116, 2, 1636429631680, 1636429641849, 10169, 0, 10169, 0, 0, 0
1167, 1, 1636429641072, 1636429641886, 814, 372, 442, 1, 4, 5
1169, 1, 1636429641140, 1636429641890, 750, 310, 440, 2, 37, 39
1168, 1, 1636429641140, 1636429641890, 750, 311, 439, 3, 37, 40
1117, 2, 1636429631681, 1636429641893, 10212, 1, 10211, 1, 0, 1
1162, 1, 1636429640634, 1636429641978, 1344, 943, 401, 3, 1, 4
1171, 1, 1636429641440, 1636429642158, 718, 367, 351, 2, 6, 8
1173, 1, 1636429641528, 1636429642246, 718, 275, 443, 2, 5, 7
1120, 2, 1636429632128, 1636429642306, 10178, 0, 10178, 1, 0, 1
1175, 1, 1636429641712, 1636429642434, 722, 314, 408, 47, 1, 48
1177, 1, 1636429641896, 1636429642570, 674, 279, 395, 2, 5, 7
1176, 1, 1636429641895, 1636429642582, 687, 276, 411, 2, 5, 7
1178, 1, 1636429641896, 1636429642610, 714, 310, 404, 1, 2, 3
1179, 1, 1636429641979, 1636429642658, 679, 287, 392, 1, 14, 15
1122, 1, 1636429632416, 1636429642798, 10382, 9985, 397, 1, 0, 1
1182, 1, 1636429642159, 1636429642882, 723, 310, 413, 1, 1, 2
1183, 1, 1636429642247, 1636429642918, 671, 270, 401, 1, 0, 1
1184, 1, 1636429642436, 1636429643110, 674, 269, 405, 0, 1, 1
1186, 1, 1636429642572, 1636429643230, 658, 261, 397, 0, 0, 0
1187, 1, 1636429642583, 1636429643258, 675, 262, 413, 0, 0, 0
1189, 1, 1636429642659, 1636429643318, 659, 262, 397, 1, 0, 1
1188, 1, 1636429642612, 1636429643338, 726, 325, 401, 1, 0, 1
1191, 1, 1636429642884, 1636429643562, 678, 285, 393, 0, 1, 1
1192, 1, 1636429642920, 1636429643598, 678, 275, 403, 2, 1, 3
1193, 1, 1636429643113, 1636429643786, 673, 270, 403, 0, 1, 1
1194, 1, 1636429643232, 1636429643906, 674, 276, 398, 0, 0, 0
1195, 1, 1636429643260, 1636429643934, 674, 266, 408, 3, 0, 3
1196, 1, 1636429643319, 1636429643994, 675, 273, 402, 0, 1, 1
1197, 1, 1636429643340, 1636429644022, 682, 277, 405, 0, 0, 0
1198, 1, 1636429643564, 1636429644238, 674, 275, 399, 1, 1, 2
1199, 1, 1636429643600, 1636429644266, 666, 271, 395, 0, 1, 1
1200, 1, 1636429643788, 1636429644466, 678, 273, 405, 1, 0, 1
1202, 1, 1636429643935, 1636429644598, 663, 263, 400, 0, 0, 0
1203, 1, 1636429643996, 1636429644670, 674, 272, 402, 0, 1, 1
1204, 1, 1636429644024, 1636429644694, 670, 265, 405, 1, 0, 1
1205, 1, 1636429644240, 1636429644918, 678, 277, 401, 2, 0, 2
1206, 1, 1636429644268, 1636429644934, 666, 271, 395, 0, 2, 2
1207, 1, 1636429644469, 1636429645130, 661, 265, 396, 0, 0, 0
1208, 1, 1636429644599, 1636429645274, 675, 269, 406, 0, 1, 1
1209, 1, 1636429644672, 1636429645342, 670, 271, 399, 2, 0, 2
1210, 1, 1636429644696, 1636429645366, 670, 274, 396, 2, 0, 2
1211, 1, 1636429644920, 1636429645582, 662, 269, 393, 0, 0, 0
1212, 1, 1636429644936, 1636429645610, 674, 274, 400, 0, 0, 0
1213, 1, 1636429645133, 1636429645810, 677, 270, 407, 2, 0, 2
1214, 1, 1636429645276, 1636429645950, 674, 271, 403, 2, 0, 2
1215, 1, 1636429645344, 1636429646022, 678, 271, 407, 2, 0, 2
1216, 1, 1636429645368, 1636429646034, 666, 265, 401, 0, 1, 1
1217, 1, 1636429645584, 1636429646258, 674, 282, 392, 1, 2, 3
1218, 1, 1636429645611, 1636429646278, 667, 270, 397, 1, 0, 1
1219, 1, 1636429645813, 1636429646482, 669, 269, 400, 1, 1, 2
1220, 1, 1636429645952, 1636429646626, 674, 266, 408, 0, 0, 0
1221, 1, 1636429646024, 1636429646690, 666, 266, 400, 0, 0, 0
1222, 1, 1636429646036, 1636429646702, 666, 271, 395, 1, 0, 1
1223, 1, 1636429646259, 1636429646930, 671, 278, 393, 2, 0, 2
1224, 1, 1636429646281, 1636429647142, 861, 458, 403, 0, 0, 0
1225, 1, 1636429646484, 1636429647158, 674, 274, 400, 1, 1, 2
1226, 1, 1636429646628, 1636429647294, 666, 271, 395, 1, 1, 2
1227, 1, 1636429646692, 1636429647362, 670, 271, 399, 2, 0, 2
1228, 1, 1636429646704, 1636429647382, 678, 277, 401, 1, 0, 1
1229, 1, 1636429646932, 1636429647610, 678, 283, 395, 1, 0, 1
1230, 1, 1636429647144, 1636429647822, 678, 270, 408, 1, 1, 2
1231, 1, 1636429647160, 1636429647838, 678, 274, 404, 0, 1, 1
1232, 1, 1636429647296, 1636429647966, 670, 266, 404, 0, 1, 1
1233, 1, 1636429647363, 1636429648034, 671, 270, 401, 1, 0, 1
1234, 1, 1636429647385, 1636429648062, 677, 278, 399, 1, 0, 1
1235, 1, 1636429647612, 1636429648290, 678, 282, 396, 1, 1, 2
1236, 1, 1636429647824, 1636429648489, 665, 270, 395, 0, 1, 1
1237, 1, 1636429647840, 1636429648513, 673, 269, 404, 1, 0, 1
1238, 1, 1636429647968, 1636429648634, 666, 272, 394, 1, 0, 1
1239, 1, 1636429648036, 1636429648706, 670, 270, 400, 1, 0, 1
1240, 1, 1636429648064, 1636429648750, 686, 278, 408, 0, 1, 1
1241, 1, 1636429648292, 1636429648958, 666, 267, 399, 1, 1, 2
1144, 2, 1636429638967, 1636429649161, 10194, 0, 10194, 47, 0, 47
1242, 1, 1636429648490, 1636429649170, 680, 271, 409, 0, 1, 1
1243, 1, 1636429648515, 1636429649190, 675, 269, 406, 0, 0, 0
1244, 1, 1636429648635, 1636429649314, 679, 274, 405, 2, 1, 3
1246, 1, 1636429648752, 1636429649422, 670, 277, 393, 2, 7, 9
1148, 2, 1636429639251, 1636429649425, 10174, 1, 10173, 1, 1, 2
1245, 1, 1636429648707, 1636429649426, 719, 273, 446, 0, 0, 0
1247, 1, 1636429648960, 1636429649646, 686, 285, 401, 0, 0, 0
1248, 1, 1636429649172, 1636429649878, 706, 305, 401, 1, 36, 37
1249, 1, 1636429649192, 1636429649878, 686, 285, 401, 2, 12, 14
1152, 2, 1636429639718, 1636429649889, 10171, 0, 10171, 0, 0, 0
1250, 1, 1636429649316, 1636429650018, 702, 270, 432, 0, 1, 1
1252, 1, 1636429649428, 1636429650094, 666, 271, 395, 2, 2, 4
1251, 1, 1636429649427, 1636429650102, 675, 272, 403, 0, 0, 0
1253, 1, 1636429649648, 1636429650338, 690, 294, 396, 0, 12, 12
1157, 2, 1636429640170, 1636429650345, 10175, 0, 10175, 0, 0, 0
1256, 1, 1636429649891, 1636429650558, 667, 269, 398, 0, 0, 0
1257, 1, 1636429649892, 1636429650558, 666, 270, 396, 2, 0, 2
1258, 1, 1636429650020, 1636429650701, 681, 286, 395, 1, 24, 25
1261, 1, 1636429650104, 1636429650790, 686, 292, 394, 0, 8, 8
1260, 1, 1636429650095, 1636429650794, 699, 298, 401, 1, 33, 34
1163, 2, 1636429640634, 1636429650810, 10176, 1, 10175, 2, 0, 2
1166, 2, 1636429641070, 1636429651249, 10179, 0, 10179, 1, 0, 1
1264, 1, 1636429650559, 1636429651262, 703, 302, 401, 0, 33, 33
1265, 1, 1636429650559, 1636429651266, 707, 302, 405, 0, 37, 37
1266, 1, 1636429650702, 1636429651398, 696, 271, 425, 1, 2, 3
1170, 2, 1636429641297, 1636429651485, 10188, 0, 10188, 3, 0, 3
1267, 1, 1636429650812, 1636429651518, 706, 305, 401, 1, 33, 34
1268, 1, 1636429650812, 1636429651518, 706, 304, 402, 0, 33, 33
1174, 2, 1636429641530, 1636429651709, 10179, 0, 10179, 0, 0, 0
1172, 2, 1636429641527, 1636429651754, 10227, 2, 10225, 1, 1, 2
1262, 1, 1636429650347, 1636429652018, 1671, 1235, 436, 1, 13, 14
1270, 1, 1636429651263, 1636429652022, 759, 314, 445, 0, 44, 44
1271, 1, 1636429651268, 1636429652022, 754, 309, 445, 1, 41, 42
1180, 2, 1636429641982, 1636429652158, 10176, 0, 10176, 1, 0, 1
1181, 2, 1636429641990, 1636429652205, 10215, 0, 10215, 0, 0, 0
1275, 1, 1636429651519, 1636429652206, 687, 289, 398, 0, 13, 13
1274, 1, 1636429651519, 1636429652470, 951, 556, 395, 2, 9, 11
1185, 2, 1636429642442, 1636429652613, 10171, 1, 10170, 0, 0, 0
1190, 1, 1636429642799, 1636429652654, 9855, 9457, 398, 2, 6, 8
1278, 1, 1636429652023, 1636429652750, 727, 320, 407, 49, 1, 50
1277, 1, 1636429652019, 1636429652750, 731, 321, 410, 48, 1, 49
1281, 1, 1636429652070, 1636429652750, 680, 319, 361, 50, 2, 52
1280, 1, 1636429652066, 1636429652750, 684, 318, 366, 49, 1, 50
1282, 1, 1636429652210, 1636429652878, 668, 269, 399, 0, 4, 4
1285, 1, 1636429652472, 1636429653198, 726, 319, 407, 2, 2, 4
1284, 1, 1636429652299, 1636429653202, 903, 510, 393, 3, 2, 5
1288, 1, 1636429652751, 1636429653422, 671, 274, 397, 4, 1, 5
1290, 1, 1636429652752, 1636429653430, 678, 273, 405, 4, 1, 5
1291, 1, 1636429652753, 1636429653430, 677, 274, 403, 3, 0, 3
1289, 1, 1636429652752, 1636429653430, 678, 274, 404, 3, 1, 4
1287, 1, 1636429652746, 1636429653662, 916, 517, 399, 0, 0, 0
1293, 1, 1636429653200, 1636429653886, 686, 283, 403, 3, 1, 4
1294, 1, 1636429653204, 1636429653890, 686, 273, 413, 1, 1, 2
1201, 2, 1636429643909, 1636429654089, 10180, 1, 10179, 0, 0, 0
1295, 1, 1636429653424, 1636429654098, 674, 270, 404, 0, 1, 1
1298, 1, 1636429653433, 1636429654106, 673, 279, 394, 1, 0, 1
1296, 1, 1636429653432, 1636429654110, 678, 269, 409, 0, 1, 1
1299, 1, 1636429653664, 1636429654354, 690, 297, 393, 0, 12, 12
1301, 1, 1636429653892, 1636429654558, 666, 270, 396, 1, 0, 1
1302, 1, 1636429654099, 1636429654778, 679, 274, 405, 0, 2, 2
1304, 1, 1636429654112, 1636429654778, 666, 263, 403, 1, 1, 2
1303, 1, 1636429654108, 1636429654778, 670, 266, 404, 1, 0, 1
1305, 1, 1636429654222, 1636429654898, 676, 268, 408, 1, 0, 1
1306, 1, 1636429654357, 1636429655030, 673, 273, 400, 2, 0, 2
1307, 1, 1636429654560, 1636429655230, 670, 270, 400, 1, 1, 2
1308, 1, 1636429654780, 1636429655450, 670, 273, 397, 1, 1, 2
1309, 1, 1636429654781, 1636429655454, 673, 266, 407, 2, 0, 2
1310, 1, 1636429654781, 1636429655458, 677, 274, 403, 2, 1, 3
1311, 1, 1636429654900, 1636429655570, 670, 269, 401, 0, 1, 1
1312, 1, 1636429655032, 1636429655702, 670, 268, 402, 1, 0, 1
1313, 1, 1636429655232, 1636429655906, 674, 275, 399, 2, 1, 3
1316, 1, 1636429655460, 1636429656118, 658, 267, 391, 0, 0, 0
1315, 1, 1636429655456, 1636429656122, 666, 267, 399, 1, 1, 2
1314, 1, 1636429655452, 1636429656126, 674, 270, 404, 1, 0, 1
1317, 1, 1636429655572, 1636429656250, 678, 272, 406, 0, 1, 1
1318, 1, 1636429655704, 1636429656374, 670, 272, 398, 1, 0, 1
1319, 1, 1636429655908, 1636429656590, 682, 278, 404, 0, 0, 0
1320, 1, 1636429656120, 1636429656794, 674, 274, 400, 0, 1, 1
1321, 1, 1636429656124, 1636429656802, 678, 277, 401, 0, 0, 0
1322, 1, 1636429656128, 1636429656802, 674, 274, 400, 1, 0, 1
1323, 1, 1636429656252, 1636429656926, 674, 269, 405, 1, 0, 1
1324, 1, 1636429656376, 1636429657046, 670, 270, 400, 0, 1, 1
1325, 1, 1636429656592, 1636429657266, 674, 274, 400, 0, 1, 1
1327, 1, 1636429656804, 1636429657474, 670, 275, 395, 3, 2, 5
1328, 1, 1636429656805, 1636429657478, 673, 273, 400, 0, 2, 2
1329, 1, 1636429656928, 1636429657606, 678, 274, 404, 0, 2, 2
1330, 1, 1636429657048, 1636429657718, 670, 269, 401, 0, 0, 0
1331, 1, 1636429657268, 1636429657946, 678, 274, 404, 0, 0, 0
1333, 1, 1636429657480, 1636429658150, 670, 270, 400, 1, 0, 1
1332, 1, 1636429657476, 1636429658150, 674, 269, 405, 1, 1, 2
1326, 1, 1636429656796, 1636429658182, 1386, 982, 404, 1, 0, 1
1334, 1, 1636429657608, 1636429658274, 666, 269, 397, 1, 0, 1
1335, 1, 1636429657720, 1636429658398, 678, 277, 401, 0, 0, 0
1336, 1, 1636429657948, 1636429658618, 670, 271, 399, 0, 1, 1
1338, 1, 1636429658152, 1636429658822, 670, 274, 396, 0, 0, 0
1337, 1, 1636429658152, 1636429658822, 670, 271, 399, 1, 0, 1
1339, 1, 1636429658184, 1636429658854, 670, 271, 399, 0, 0, 0
1340, 1, 1636429658276, 1636429658938, 662, 266, 396, 1, 0, 1
1341, 1, 1636429658400, 1636429659074, 674, 266, 408, 0, 0, 0
1342, 1, 1636429658620, 1636429659286, 666, 270, 396, 1, 0, 1
1343, 1, 1636429658824, 1636429659494, 670, 269, 401, 0, 1, 1
1344, 1, 1636429658824, 1636429659502, 678, 271, 407, 1, 1, 2
1345, 1, 1636429658856, 1636429659526, 670, 270, 400, 0, 0, 0
1346, 1, 1636429658940, 1636429659614, 674, 271, 403, 0, 2, 2
1347, 1, 1636429659076, 1636429659738, 662, 269, 393, 2, 0, 2
1348, 1, 1636429659288, 1636429659962, 674, 275, 399, 1, 0, 1
1255, 2, 1636429649794, 1636429659977, 10183, 1, 10182, 1, 0, 1
1254, 2, 1636429649794, 1636429660021, 10227, 1, 10226, 1, 0, 1
1349, 1, 1636429659496, 1636429660158, 662, 270, 392, 2, 0, 2
1350, 1, 1636429659504, 1636429660190, 686, 273, 413, 1, 0, 1
1259, 2, 1636429650022, 1636429660201, 10179, 1, 10178, 1, 0, 1
1352, 1, 1636429659616, 1636429660286, 670, 275, 395, 0, 5, 5
1351, 1, 1636429659528, 1636429660286, 758, 362, 396, 1, 88, 89
1353, 1, 1636429659740, 1636429660469, 729, 288, 441, 0, 13, 13
1263, 2, 1636429650478, 1636429660653, 10175, 0, 10175, 0, 0, 0
1354, 1, 1636429660022, 1636429660654, 632, 282, 350, 2, 4, 6
1356, 1, 1636429660114, 1636429660774, 660, 268, 392, 2, 1, 3
1358, 1, 1636429660204, 1636429660870, 666, 268, 398, 1, 1, 2
1357, 1, 1636429660204, 1636429660878, 674, 271, 403, 0, 1, 1
1360, 1, 1636429660288, 1636429660958, 670, 271, 399, 1, 1, 2
1359, 1, 1636429660288, 1636429660958, 670, 271, 399, 0, 1, 1
1269, 2, 1636429650942, 1636429661118, 10176, 1, 10175, 1, 0, 1
1362, 1, 1636429660471, 1636429661138, 667, 269, 398, 1, 0, 1
1363, 1, 1636429660655, 1636429661378, 723, 278, 445, 0, 0, 0
1364, 1, 1636429660775, 1636429661470, 695, 298, 397, 1, 36, 37
1367, 1, 1636429660884, 1636429661558, 674, 282, 392, 1, 16, 17
1366, 1, 1636429660872, 1636429661562, 690, 294, 396, 1, 28, 29
1273, 2, 1636429651400, 1636429661577, 10177, 0, 10177, 0, 0, 0
1272, 2, 1636429651382, 1636429661625, 10243, 0, 10243, 0, 1, 1
1369, 1, 1636429660960, 1636429661654, 694, 271, 423, 3, 0, 3
1368, 1, 1636429660960, 1636429661658, 698, 265, 433, 1, 0, 1
1370, 1, 1636429661140, 1636429661886, 746, 302, 444, 1, 12, 13
1276, 2, 1636429651842, 1636429662018, 10176, 1, 10175, 0, 1, 1
1372, 1, 1636429661379, 1636429662082, 703, 302, 401, 1, 32, 33
1373, 1, 1636429661472, 1636429662158, 686, 313, 373, 49, 1, 50
1279, 2, 1636429652024, 1636429662209, 10185, 0, 10185, 47, 0, 47
1375, 1, 1636429661627, 1636429662282, 655, 304, 351, 2, 32, 34
1374, 1, 1636429661626, 1636429662286, 660, 302, 358, 1, 33, 34
1376, 1, 1636429661656, 1636429662322, 666, 265, 401, 0, 0, 0
1377, 1, 1636429661660, 1636429662374, 714, 313, 401, 0, 49, 49
1378, 1, 1636429661715, 1636429662378, 663, 261, 402, 1, 1, 2
1283, 2, 1636429652294, 1636429662473, 10179, 1, 10178, 2, 0, 2
1380, 1, 1636429661888, 1636429662569, 681, 283, 398, 0, 12, 12
1381, 1, 1636429662084, 1636429662754, 670, 272, 398, 0, 1, 1
1383, 1, 1636429662210, 1636429662830, 620, 269, 351, 0, 5, 5
1384, 1, 1636429662284, 1636429662946, 662, 266, 396, 1, 1, 2
1385, 1, 1636429662288, 1636429662950, 662, 266, 396, 0, 0, 0
1286, 1, 1636429652656, 1636429662958, 10302, 9910, 392, 0, 0, 0
1386, 1, 1636429662324, 1636429663010, 686, 273, 413, 1, 1, 2
1389, 1, 1636429662382, 1636429663034, 652, 257, 395, 3, 0, 3
1388, 1, 1636429662380, 1636429663038, 658, 264, 394, 2, 0, 2
1387, 1, 1636429662378, 1636429663042, 664, 265, 399, 1, 1, 2
1292, 2, 1636429652880, 1636429663057, 10177, 1, 10176, 0, 0, 0
1390, 1, 1636429662571, 1636429663238, 667, 266, 401, 1, 0, 1
1392, 1, 1636429662756, 1636429663430, 674, 278, 396, 1, 0, 1
1393, 1, 1636429662831, 1636429663510, 679, 277, 402, 1, 12, 13
1297, 2, 1636429653433, 1636429663609, 10176, 1, 10175, 0, 0, 0
1395, 1, 1636429662952, 1636429663642, 690, 275, 415, 2, 1, 3
1394, 1, 1636429662948, 1636429663646, 698, 278, 420, 1, 1, 2
1397, 1, 1636429663059, 1636429663686, 627, 269, 358, 1, 0, 1
1399, 1, 1636429663060, 1636429663730, 670, 278, 392, 1, 1, 2
1400, 1, 1636429663061, 1636429663730, 669, 274, 395, 1, 0, 1
1401, 1, 1636429663182, 1636429663878, 696, 293, 403, 0, 24, 24
1402, 1, 1636429663239, 1636429663902, 663, 266, 397, 0, 1, 1
1300, 1, 1636429653887, 1636429664102, 10215, 9815, 400, 1, 0, 1
1398, 1, 1636429663060, 1636429664130, 1070, 674, 396, 2, 0, 2
1403, 1, 1636429663432, 1636429664154, 722, 322, 400, 49, 0, 49
1406, 1, 1636429663647, 1636429664306, 659, 262, 397, 0, 0, 0
1407, 1, 1636429663687, 1636429664346, 659, 265, 394, 0, 1, 1
1408, 1, 1636429663732, 1636429664398, 666, 272, 394, 2, 1, 3
1409, 1, 1636429663732, 1636429664402, 670, 273, 397, 0, 0, 0
1410, 1, 1636429663746, 1636429664406, 660, 262, 398, 0, 0, 0
1411, 1, 1636429663880, 1636429664554, 674, 270, 404, 1, 1, 2
1405, 1, 1636429663643, 1636429664558, 915, 518, 397, 0, 0, 0
1412, 1, 1636429663904, 1636429664602, 698, 302, 396, 0, 0, 0
1414, 1, 1636429664131, 1636429664798, 667, 272, 395, 0, 1, 1
1413, 1, 1636429664103, 1636429664866, 763, 363, 400, 1, 0, 1
1416, 1, 1636429664307, 1636429664986, 679, 278, 401, 0, 1, 1
1415, 1, 1636429664156, 1636429665006, 850, 458, 392, 1, 0, 1
1417, 1, 1636429664348, 1636429665026, 678, 278, 400, 1, 0, 1
1418, 1, 1636429664400, 1636429665066, 666, 266, 400, 1, 0, 1
1419, 1, 1636429664404, 1636429665066, 662, 271, 391, 2, 0, 2
1420, 1, 1636429664408, 1636429665070, 662, 270, 392, 0, 1, 1
1421, 1, 1636429664556, 1636429665230, 674, 273, 401, 1, 0, 1
1422, 1, 1636429664560, 1636429665314, 754, 361, 393, 0, 0, 0
1423, 1, 1636429664604, 1636429665458, 854, 458, 396, 0, 0, 0
1424, 1, 1636429664800, 1636429665470, 670, 272, 398, 0, 1, 1
1425, 1, 1636429664868, 1636429665526, 658, 265, 393, 0, 0, 0
1426, 1, 1636429664987, 1636429665654, 667, 267, 400, 0, 1, 1
1428, 1, 1636429665027, 1636429665701, 674, 279, 395, 1, 1, 2
1430, 1, 1636429665068, 1636429665734, 666, 267, 399, 2, 0, 2
1429, 1, 1636429665068, 1636429665738, 670, 270, 400, 0, 0, 0
1431, 1, 1636429665072, 1636429665742, 670, 275, 395, 1, 0, 1
1427, 1, 1636429665008, 1636429665766, 758, 362, 396, 1, 0, 1
1404, 1, 1636429663512, 1636429665898, 2386, 1979, 407, 0, 1, 1
1432, 1, 1636429665232, 1636429665906, 674, 261, 413, 0, 0, 0
1433, 1, 1636429665315, 1636429665974, 659, 266, 393, 0, 0, 0
1435, 1, 1636429665471, 1636429666138, 667, 271, 396, 0, 1, 1
1436, 1, 1636429665528, 1636429666190, 662, 266, 396, 0, 0, 0
1434, 1, 1636429665460, 1636429666222, 762, 362, 400, 1, 0, 1
1437, 1, 1636429665656, 1636429666322, 666, 265, 401, 1, 0, 1
1438, 1, 1636429665703, 1636429666366, 663, 270, 393, 0, 0, 0
1440, 1, 1636429665740, 1636429666410, 670, 274, 396, 2, 1, 3
1439, 1, 1636429665736, 1636429666410, 674, 270, 404, 1, 0, 1
1441, 1, 1636429665744, 1636429666414, 670, 273, 397, 3, 1, 4
1442, 1, 1636429665768, 1636429666442, 674, 269, 405, 0, 0, 0
1443, 1, 1636429665900, 1636429666566, 666, 266, 400, 0, 0, 0
1444, 1, 1636429665908, 1636429666574, 666, 266, 400, 1, 0, 1
1445, 1, 1636429665976, 1636429666638, 662, 262, 400, 0, 0, 0
1446, 1, 1636429666139, 1636429666806, 667, 270, 397, 0, 0, 0
1447, 1, 1636429666191, 1636429666866, 675, 274, 401, 1, 0, 1
1448, 1, 1636429666224, 1636429666890, 666, 274, 392, 0, 0, 0
1449, 1, 1636429666324, 1636429666998, 674, 275, 399, 0, 0, 0
1450, 1, 1636429666368, 1636429667042, 674, 270, 404, 0, 0, 0
1452, 1, 1636429666412, 1636429667086, 674, 271, 403, 2, 1, 3
1451, 1, 1636429666412, 1636429667086, 674, 274, 400, 2, 0, 2
1453, 1, 1636429666416, 1636429667086, 670, 274, 396, 4, 0, 4
1454, 1, 1636429666444, 1636429667110, 666, 268, 398, 0, 0, 0
1455, 1, 1636429666568, 1636429667234, 666, 270, 396, 0, 0, 0
1456, 1, 1636429666576, 1636429667246, 670, 275, 395, 1, 0, 1
1457, 1, 1636429666639, 1636429667318, 679, 285, 394, 1, 0, 1
1458, 1, 1636429666808, 1636429667466, 658, 262, 396, 0, 0, 0
1459, 1, 1636429666868, 1636429667542, 674, 274, 400, 0, 0, 0
1460, 1, 1636429666892, 1636429667562, 670, 275, 395, 0, 0, 0
1461, 1, 1636429667000, 1636429667662, 662, 265, 397, 0, 0, 0
1462, 1, 1636429667043, 1636429667713, 670, 270, 400, 1, 0, 1
1463, 1, 1636429667088, 1636429667758, 670, 265, 405, 0, 0, 0
1464, 1, 1636429667088, 1636429667758, 670, 267, 403, 2, 0, 2
1465, 1, 1636429667088, 1636429667758, 670, 268, 402, 0, 0, 0
1466, 1, 1636429667111, 1636429667774, 663, 270, 393, 2, 0, 2
1467, 1, 1636429667236, 1636429667910, 674, 267, 407, 0, 1, 1
1468, 1, 1636429667248, 1636429667914, 666, 270, 396, 1, 0, 1
1469, 1, 1636429667320, 1636429667998, 678, 278, 400, 1, 0, 1
1470, 1, 1636429667468, 1636429668130, 662, 265, 397, 1, 0, 1
1471, 1, 1636429667544, 1636429668210, 666, 270, 396, 0, 0, 0
1472, 1, 1636429667564, 1636429668226, 662, 266, 396, 0, 1, 1
1473, 1, 1636429667664, 1636429668338, 674, 266, 408, 0, 0, 0
1474, 1, 1636429667715, 1636429668382, 667, 268, 399, 0, 0, 0
1475, 1, 1636429667759, 1636429668426, 667, 269, 398, 1, 0, 1
1477, 1, 1636429667760, 1636429668430, 670, 277, 393, 2, 0, 2
1476, 1, 1636429667760, 1636429668434, 674, 285, 389, 2, 0, 2
1478, 1, 1636429667776, 1636429668450, 674, 277, 397, 0, 0, 0
1479, 1, 1636429667912, 1636429668578, 666, 270, 396, 1, 0, 1
1480, 1, 1636429667916, 1636429668582, 666, 270, 396, 0, 1, 1
1481, 1, 1636429668000, 1636429668666, 666, 266, 400, 1, 0, 1
1482, 1, 1636429668132, 1636429668802, 670, 271, 399, 0, 0, 0
1483, 1, 1636429668212, 1636429668886, 674, 279, 395, 0, 0, 0
1484, 1, 1636429668228, 1636429668902, 674, 278, 396, 0, 0, 0
1485, 1, 1636429668340, 1636429669006, 666, 269, 397, 0, 0, 0
1486, 1, 1636429668384, 1636429669054, 670, 277, 393, 0, 0, 0
1489, 1, 1636429668436, 1636429669094, 658, 267, 391, 1, 1, 2
1488, 1, 1636429668432, 1636429669098, 666, 266, 400, 1, 0, 1
1487, 1, 1636429668428, 1636429669098, 670, 271, 399, 2, 0, 2
1490, 1, 1636429668452, 1636429669114, 662, 269, 393, 0, 0, 0
1492, 1, 1636429668584, 1636429669242, 658, 262, 396, 0, 1, 1
1491, 1, 1636429668580, 1636429669250, 670, 271, 399, 1, 0, 1
1493, 1, 1636429668668, 1636429669334, 666, 270, 396, 0, 0, 0
1494, 1, 1636429668803, 1636429669474, 671, 275, 396, 0, 1, 1
1495, 1, 1636429668888, 1636429669558, 670, 274, 396, 1, 0, 1
1496, 1, 1636429668904, 1636429669566, 662, 265, 397, 0, 0, 0
1497, 1, 1636429669008, 1636429669678, 670, 270, 400, 1, 2, 3
1498, 1, 1636429669056, 1636429669722, 666, 273, 393, 1, 1, 2
1500, 1, 1636429669100, 1636429669766, 666, 272, 394, 3, 3, 6
1501, 1, 1636429669100, 1636429669770, 670, 271, 399, 3, 2, 5
1499, 1, 1636429669096, 1636429669770, 674, 275, 399, 2, 1, 3
1502, 1, 1636429669116, 1636429669782, 666, 274, 392, 2, 0, 2
1503, 1, 1636429669244, 1636429669906, 662, 258, 404, 0, 0, 0
1504, 1, 1636429669251, 1636429669922, 671, 263, 408, 0, 1, 1
1505, 1, 1636429669336, 1636429670006, 670, 274, 396, 1, 0, 1
1506, 1, 1636429669475, 1636429670138, 663, 266, 397, 1, 0, 1
1507, 1, 1636429669560, 1636429670230, 670, 275, 395, 0, 0, 0
1508, 1, 1636429669568, 1636429670230, 662, 270, 392, 0, 0, 0
1355, 2, 1636429660114, 1636429670298, 10184, 2, 10182, 1, 2, 3
1509, 1, 1636429669680, 1636429670342, 662, 269, 393, 0, 0, 0
1510, 1, 1636429669724, 1636429670386, 662, 269, 393, 2, 0, 2
1512, 1, 1636429669772, 1636429670430, 658, 266, 392, 1, 0, 1
1513, 1, 1636429669772, 1636429670434, 662, 267, 395, 2, 1, 3
1511, 1, 1636429669768, 1636429670434, 666, 267, 399, 0, 1, 1
1514, 1, 1636429669784, 1636429670454, 670, 269, 401, 0, 0, 0
1361, 2, 1636429660322, 1636429670493, 10171, 0, 10171, 0, 0, 0
1515, 1, 1636429669907, 1636429670566, 659, 263, 396, 0, 0, 0
1517, 1, 1636429670008, 1636429670678, 670, 270, 400, 1, 0, 1
1518, 1, 1636429670140, 1636429670850, 710, 286, 424, 0, 17, 17
1519, 1, 1636429670232, 1636429670946, 714, 270, 444, 2, 2, 4
1520, 1, 1636429670232, 1636429670946, 714, 315, 399, 3, 39, 42
1365, 2, 1636429660794, 1636429670970, 10176, 1, 10175, 0, 1, 1
1521, 1, 1636429670344, 1636429671034, 690, 273, 417, 0, 2, 2
1522, 1, 1636429670388, 1636429671066, 678, 268, 410, 2, 0, 2
1524, 1, 1636429670437, 1636429671110, 673, 275, 398, 4, 2, 6
1523, 1, 1636429670431, 1636429671110, 679, 274, 405, 1, 2, 3
1525, 1, 1636429670437, 1636429671114, 677, 275, 402, 1, 1, 2
1526, 1, 1636429670497, 1636429671146, 649, 258, 391, 0, 0, 0
1527, 1, 1636429670569, 1636429671242, 673, 272, 401, 0, 10, 10
1528, 1, 1636429670680, 1636429671418, 738, 342, 396, 0, 21, 21
1516, 1, 1636429669923, 1636429671422, 1499, 1098, 401, 2, 21, 23
1371, 2, 1636429661254, 1636429671429, 10175, 0, 10175, 0, 0, 0
1529, 1, 1636429670852, 1636429671554, 702, 272, 430, 2, 2, 4
1533, 1, 1636429670973, 1636429671638, 665, 269, 396, 1, 1, 2
1532, 1, 1636429670973, 1636429671646, 673, 271, 402, 2, 2, 4
1534, 1, 1636429671036, 1636429671706, 670, 271, 399, 0, 0, 0
1538, 1, 1636429671112, 1636429671786, 674, 277, 397, 0, 10, 10
1539, 1, 1636429671115, 1636429671786, 671, 280, 391, 7, 10, 17
1537, 1, 1636429671112, 1636429671790, 678, 281, 397, 4, 9, 13
1540, 1, 1636429671148, 1636429671878, 730, 335, 395, 3, 13, 16
1535, 1, 1636429671067, 1636429671886, 819, 417, 402, 2, 8, 10
1379, 2, 1636429661715, 1636429671893, 10178, 0, 10178, 1, 0, 1
1541, 1, 1636429671245, 1636429671914, 669, 270, 399, 3, 0, 3
1543, 1, 1636429671431, 1636429672098, 667, 271, 396, 1, 0, 1
1542, 1, 1636429671431, 1636429672102, 671, 270, 401, 2, 0, 2
1544, 1, 1636429671556, 1636429672250, 694, 297, 397, 2, 34, 36
1382, 2, 1636429662150, 1636429672325, 10175, 0, 10175, 0, 0, 0
1547, 1, 1636429671648, 1636429672342, 694, 297, 397, 0, 12, 12
1546, 1, 1636429671639, 1636429672342, 703, 306, 397, 1, 38, 39
1550, 1, 1636429671788, 1636429672478, 690, 272, 418, 4, 0, 4
1551, 1, 1636429671792, 1636429672482, 690, 271, 419, 3, 0, 3
1553, 1, 1636429671897, 1636429672594, 697, 299, 398, 0, 33, 33
1554, 1, 1636429671915, 1636429672598, 683, 270, 413, 0, 1, 1
1552, 1, 1636429671896, 1636429672598, 702, 297, 405, 1, 32, 33
1549, 1, 1636429671787, 1636429672698, 911, 495, 416, 1, 0, 1
1557, 1, 1636429672103, 1636429672774, 671, 271, 400, 0, 4, 4
1391, 2, 1636429662602, 1636429672777, 10175, 0, 10175, 0, 0, 0
1558, 1, 1636429672251, 1636429672918, 667, 271, 396, 1, 1, 2
1559, 1, 1636429672344, 1636429673038, 694, 302, 392, 1, 33, 34
1560, 1, 1636429672344, 1636429673050, 706, 307, 399, 2, 0, 2
1562, 1, 1636429672480, 1636429673150, 670, 280, 390, 0, 2, 2
1563, 1, 1636429672484, 1636429673154, 670, 271, 399, 2, 1, 3
1566, 1, 1636429672599, 1636429673270, 671, 270, 401, 0, 1, 1
1565, 1, 1636429672599, 1636429673278, 679, 270, 409, 2, 0, 2
1396, 1, 1636429662960, 1636429673278, 10318, 9897, 421, 5, 0, 5
1567, 1, 1636429672700, 1636429673366, 666, 266, 400, 0, 0, 0
1568, 1, 1636429672779, 1636429673450, 671, 275, 396, 1, 2, 3
1570, 1, 1636429672920, 1636429673586, 666, 266, 400, 0, 0, 0
1571, 1, 1636429673040, 1636429673714, 674, 274, 400, 1, 0, 1
1573, 1, 1636429673152, 1636429673826, 674, 271, 403, 0, 2, 2
1574, 1, 1636429673156, 1636429673826, 670, 262, 408, 0, 0, 0
1576, 1, 1636429673280, 1636429673942, 662, 268, 394, 2, 1, 3
1575, 1, 1636429673272, 1636429673946, 674, 271, 403, 1, 1, 2
1578, 1, 1636429673368, 1636429674030, 662, 265, 397, 0, 0, 0
1579, 1, 1636429673452, 1636429674114, 662, 265, 397, 0, 0, 0
1580, 1, 1636429673587, 1636429674258, 671, 266, 405, 0, 2, 2
1581, 1, 1636429673715, 1636429674394, 679, 275, 404, 4, 1, 5
1582, 1, 1636429673828, 1636429674506, 678, 272, 406, 1, 0, 1
1583, 1, 1636429673829, 1636429674506, 677, 274, 403, 2, 1, 3
1584, 1, 1636429673944, 1636429674626, 682, 278, 404, 1, 0, 1
1586, 1, 1636429674033, 1636429674690, 657, 266, 391, 1, 0, 1
1587, 1, 1636429674115, 1636429674786, 671, 271, 400, 0, 1, 1
1588, 1, 1636429674259, 1636429674922, 663, 261, 402, 0, 0, 0
1589, 1, 1636429674395, 1636429675074, 679, 270, 409, 0, 0, 0
1591, 1, 1636429674509, 1636429675182, 673, 269, 404, 2, 0, 2
1590, 1, 1636429674508, 1636429675182, 674, 270, 404, 0, 0, 0
1592, 1, 1636429674628, 1636429675298, 670, 269, 401, 0, 0, 0
1593, 1, 1636429674692, 1636429675358, 666, 268, 398, 0, 0, 0
1594, 1, 1636429674788, 1636429675454, 666, 266, 400, 0, 0, 0
1595, 1, 1636429674923, 1636429675586, 663, 265, 398, 0, 0, 0
1596, 1, 1636429675076, 1636429675750, 674, 275, 399, 1, 1, 2
1597, 1, 1636429675184, 1636429675850, 666, 270, 396, 3, 0, 3
1598, 1, 1636429675185, 1636429675858, 673, 267, 406, 0, 0, 0
1599, 1, 1636429675300, 1636429675966, 666, 266, 400, 1, 0, 1
1600, 1, 1636429675360, 1636429676026, 666, 263, 403, 0, 1, 1
1601, 1, 1636429675456, 1636429676122, 666, 271, 395, 0, 1, 1
1602, 1, 1636429675588, 1636429676250, 662, 269, 393, 1, 0, 1
1603, 1, 1636429675751, 1636429676418, 667, 267, 400, 1, 1, 2
1604, 1, 1636429675852, 1636429676526, 674, 267, 407, 0, 0, 0
1605, 1, 1636429675860, 1636429676526, 666, 267, 399, 1, 0, 1
1606, 1, 1636429675968, 1636429676634, 666, 267, 399, 1, 1, 2
1607, 1, 1636429676028, 1636429676702, 674, 271, 403, 1, 1, 2
1608, 1, 1636429676124, 1636429676790, 666, 270, 396, 2, 1, 3
1609, 1, 1636429676251, 1636429676926, 675, 279, 396, 2, 1, 3
1610, 1, 1636429676420, 1636429677094, 674, 277, 397, 0, 1, 1
1611, 1, 1636429676528, 1636429677186, 658, 263, 395, 1, 0, 1
1612, 1, 1636429676529, 1636429677206, 677, 266, 411, 0, 0, 0
1613, 1, 1636429676636, 1636429677302, 666, 266, 400, 0, 0, 0
1614, 1, 1636429676703, 1636429677366, 663, 262, 401, 0, 1, 1
1615, 1, 1636429676791, 1636429677450, 659, 266, 393, 1, 0, 1
1616, 1, 1636429676928, 1636429677602, 674, 269, 405, 1, 0, 1
1617, 1, 1636429677096, 1636429677766, 670, 275, 395, 2, 0, 2
1618, 1, 1636429677188, 1636429677850, 662, 265, 397, 0, 0, 0
1619, 1, 1636429677208, 1636429677882, 674, 274, 400, 0, 0, 0
1620, 1, 1636429677304, 1636429677970, 666, 267, 399, 0, 0, 0
1621, 1, 1636429677367, 1636429678022, 655, 259, 396, 1, 0, 1
1622, 1, 1636429677452, 1636429678114, 662, 262, 400, 0, 0, 0
1623, 1, 1636429677604, 1636429678278, 674, 269, 405, 1, 0, 1
1624, 1, 1636429677768, 1636429678442, 674, 274, 400, 0, 0, 0
1625, 1, 1636429677852, 1636429678534, 682, 274, 408, 0, 0, 0
1626, 1, 1636429677884, 1636429678562, 678, 275, 403, 1, 2, 3
1627, 1, 1636429677972, 1636429678646, 674, 277, 397, 1, 1, 2
1628, 1, 1636429678024, 1636429678682, 658, 262, 396, 0, 0, 0
1629, 1, 1636429678116, 1636429678794, 678, 263, 415, 1, 0, 1
1630, 1, 1636429678280, 1636429678946, 666, 267, 399, 2, 0, 2
1631, 1, 1636429678443, 1636429679114, 671, 269, 402, 1, 0, 1
1632, 1, 1636429678536, 1636429679194, 658, 261, 397, 0, 0, 0
1633, 1, 1636429678564, 1636429679238, 674, 274, 400, 2, 0, 2
1634, 1, 1636429678648, 1636429679322, 674, 270, 404, 0, 0, 0
1635, 1, 1636429678684, 1636429679354, 670, 271, 399, 1, 1, 2
1636, 1, 1636429678795, 1636429679474, 679, 274, 405, 0, 0, 0
1637, 1, 1636429678948, 1636429679618, 670, 270, 400, 2, 0, 2
1638, 1, 1636429679115, 1636429679790, 675, 274, 401, 1, 0, 1
1639, 1, 1636429679196, 1636429679874, 678, 279, 399, 0, 1, 1
1640, 1, 1636429679240, 1636429679898, 658, 267, 391, 1, 0, 1
1641, 1, 1636429679324, 1636429679994, 670, 265, 405, 0, 0, 0
1642, 1, 1636429679356, 1636429680042, 686, 273, 413, 0, 0, 0
1643, 1, 1636429679475, 1636429680150, 675, 274, 401, 2, 0, 2
1644, 1, 1636429679620, 1636429680286, 666, 271, 395, 1, 1, 2
1645, 1, 1636429679791, 1636429680474, 683, 279, 404, 1, 0, 1
1646, 1, 1636429679876, 1636429680538, 662, 262, 400, 0, 0, 0
1647, 1, 1636429679900, 1636429680566, 666, 266, 400, 1, 0, 1
1648, 1, 1636429679996, 1636429680666, 670, 270, 400, 0, 0, 0
1649, 1, 1636429680043, 1636429680706, 663, 265, 398, 1, 0, 1
1650, 1, 1636429680152, 1636429680918, 766, 366, 400, 0, 0, 0
1651, 1, 1636429680288, 1636429680962, 674, 277, 397, 0, 0, 0
1531, 2, 1636429670866, 1636429681066, 10200, 3, 10197, 3, 1, 4
1530, 2, 1636429670866, 1636429681117, 10251, 3, 10248, 3, 0, 3
1652, 1, 1636429680475, 1636429681146, 671, 270, 401, 0, 0, 0
1653, 1, 1636429680539, 1636429681206, 667, 266, 401, 0, 1, 1
1654, 1, 1636429680568, 1636429681230, 662, 273, 389, 0, 0, 0
1536, 2, 1636429671103, 1636429681282, 10179, 1, 10178, 1, 0, 1
1655, 1, 1636429680667, 1636429681382, 715, 321, 394, 0, 44, 44
1657, 1, 1636429680919, 1636429681658, 739, 326, 413, 52, 1, 53
1658, 1, 1636429680964, 1636429681662, 698, 324, 374, 53, 1, 54
1545, 2, 1636429671563, 1636429681737, 10174, 0, 10174, 0, 0, 0
1656, 1, 1636429680708, 1636429681738, 1030, 575, 455, 0, 0, 0
1661, 1, 1636429681207, 1636429681870, 663, 267, 396, 2, 0, 2
1548, 2, 1636429671708, 1636429681881, 10173, 1, 10172, 0, 1, 1
1663, 1, 1636429681232, 1636429681902, 670, 268, 402, 0, 0, 0
1664, 1, 1636429681383, 1636429682098, 715, 307, 408, 0, 37, 37
1662, 1, 1636429681208, 1636429682194, 986, 577, 409, 0, 0, 0
1555, 2, 1636429672022, 1636429682205, 10183, 0, 10183, 0, 0, 0
1556, 2, 1636429672099, 1636429682273, 10174, 1, 10173, 2, 0, 2
1666, 1, 1636429681659, 1636429682338, 679, 275, 404, 2, 4, 6
1667, 1, 1636429681664, 1636429682338, 674, 268, 406, 0, 5, 5
1665, 1, 1636429681410, 1636429682338, 928, 522, 406, 2, 9, 11
1668, 1, 1636429681739, 1636429682418, 679, 266, 413, 1, 0, 1
1670, 1, 1636429681883, 1636429682574, 691, 287, 404, 0, 13, 13
1671, 1, 1636429681903, 1636429682574, 671, 274, 397, 0, 1, 1
1561, 2, 1636429672458, 1636429682633, 10175, 1, 10174, 1, 0, 1
1659, 1, 1636429681147, 1636429682658, 1511, 1110, 401, 3, 4, 7
1564, 2, 1636429672596, 1636429682778, 10182, 1, 10181, 1, 0, 1
1673, 1, 1636429682207, 1636429682902, 695, 294, 401, 1, 20, 21
1674, 1, 1636429682340, 1636429683046, 706, 305, 401, 0, 33, 33
1675, 1, 1636429682340, 1636429683046, 706, 307, 399, 1, 35, 36
1676, 1, 1636429682341, 1636429683046, 705, 307, 398, 0, 21, 21
1569, 2, 1636429672906, 1636429683085, 10179, 1, 10178, 0, 1, 1
1680, 1, 1636429682442, 1636429683130, 688, 294, 394, 4, 27, 31
1679, 1, 1636429682434, 1636429683134, 700, 293, 407, 1, 27, 28
1672, 1, 1636429682099, 1636429683134, 1035, 597, 438, 2, 21, 23
1678, 1, 1636429682419, 1636429683138, 719, 269, 450, 1, 0, 1
1572, 2, 1636429673052, 1636429683233, 10181, 0, 10181, 0, 0, 0
1681, 1, 1636429682576, 1636429683254, 678, 270, 408, 0, 0, 0
1683, 1, 1636429682659, 1636429683350, 691, 261, 430, 1, 1, 2
1682, 1, 1636429682577, 1636429683590, 1013, 615, 398, 2, 4, 6
1686, 1, 1636429682910, 1636429683590, 680, 290, 390, 1, 14, 15
1685, 1, 1636429682904, 1636429683594, 690, 289, 401, 3, 4, 7
1577, 1, 1636429673281, 1636429683594, 10313, 9912, 401, 0, 15, 15
1585, 1, 1636429673948, 1636429683721, 9773, 9379, 394, 0, 1, 1
1687, 1, 1636429683087, 1636429683765, 678, 270, 408, 4, 0, 4
1688, 1, 1636429683087, 1636429683770, 683, 269, 414, 3, 0, 3
1693, 1, 1636429683139, 1636429683810, 671, 270, 401, 4, 2, 6
1692, 1, 1636429683136, 1636429683814, 678, 270, 408, 4, 0, 4
1691, 1, 1636429683135, 1636429683834, 699, 281, 418, 4, 1, 5
1690, 1, 1636429683131, 1636429683838, 707, 279, 428, 2, 0, 2
1695, 1, 1636429683256, 1636429683930, 674, 265, 409, 1, 0, 1
1696, 1, 1636429683351, 1636429684021, 670, 266, 404, 1, 0, 1
1697, 1, 1636429683366, 1636429684029, 663, 275, 388, 0, 1, 1
1689, 1, 1636429683088, 1636429684170, 1082, 674, 408, 2, 2, 4
1698, 1, 1636429683591, 1636429684258, 667, 275, 392, 1, 0, 1
1700, 1, 1636429683595, 1636429684262, 667, 276, 391, 0, 0, 0
1699, 1, 1636429683591, 1636429684282, 691, 303, 388, 0, 2, 2
1704, 1, 1636429683770, 1636429684434, 664, 270, 394, 1, 0, 1
1703, 1, 1636429683767, 1636429684434, 667, 270, 397, 2, 0, 2
1705, 1, 1636429683812, 1636429684469, 657, 262, 395, 1, 1, 2
1702, 1, 1636429683722, 1636429684478, 756, 355, 401, 1, 0, 1
1706, 1, 1636429683816, 1636429684485, 669, 266, 403, 0, 0, 0
1707, 1, 1636429683836, 1636429684526, 690, 274, 416, 3, 0, 3
1708, 1, 1636429683839, 1636429684526, 687, 273, 414, 1, 0, 1
1710, 1, 1636429684023, 1636429684698, 675, 279, 396, 2, 0, 2
1711, 1, 1636429684031, 1636429684730, 699, 306, 393, 0, 0, 0
1712, 1, 1636429684171, 1636429684858, 687, 278, 409, 0, 0, 0
1709, 1, 1636429683931, 1636429684886, 955, 559, 396, 0, 0, 0
1714, 1, 1636429684264, 1636429684918, 654, 262, 392, 0, 1, 1
1713, 1, 1636429684259, 1636429684922, 663, 270, 393, 0, 0, 0
1715, 1, 1636429684284, 1636429684982, 698, 294, 404, 1, 2, 3
1716, 1, 1636429684435, 1636429685102, 667, 266, 401, 2, 0, 2
1718, 1, 1636429684471, 1636429685138, 667, 263, 404, 0, 0, 0
1720, 1, 1636429684487, 1636429685158, 671, 266, 405, 0, 0, 0
1719, 1, 1636429684479, 1636429685186, 707, 303, 404, 0, 0, 0
1722, 1, 1636429684529, 1636429685198, 669, 270, 399, 1, 0, 1
1721, 1, 1636429684528, 1636429685198, 670, 271, 399, 4, 0, 4
1717, 1, 1636429684435, 1636429685342, 907, 503, 404, 4, 0, 4
1723, 1, 1636429684700, 1636429685370, 670, 270, 400, 1, 0, 1
1724, 1, 1636429684732, 1636429685438, 706, 309, 397, 1, 0, 1
1725, 1, 1636429684860, 1636429685534, 674, 269, 405, 0, 0, 0
1726, 1, 1636429684887, 1636429685594, 707, 301, 406, 0, 0, 0
1728, 1, 1636429684923, 1636429685618, 695, 290, 405, 1, 0, 1
1729, 1, 1636429684984, 1636429685666, 682, 279, 403, 1, 0, 1
1730, 1, 1636429685104, 1636429685774, 670, 270, 400, 1, 0, 1
1731, 1, 1636429685140, 1636429685810, 670, 271, 399, 0, 0, 0
1732, 1, 1636429685160, 1636429685830, 670, 274, 396, 0, 0, 0
1734, 1, 1636429685200, 1636429685866, 666, 274, 392, 2, 0, 2
1735, 1, 1636429685200, 1636429685874, 674, 268, 406, 0, 0, 0
1733, 1, 1636429685188, 1636429685890, 702, 301, 401, 0, 1, 1
1737, 1, 1636429685372, 1636429686046, 674, 274, 400, 0, 0, 0
1738, 1, 1636429685440, 1636429686118, 678, 270, 408, 1, 0, 1
1740, 1, 1636429685596, 1636429686262, 666, 270, 396, 0, 0, 0
1741, 1, 1636429685620, 1636429686294, 674, 271, 403, 2, 1, 3
1742, 1, 1636429685668, 1636429686338, 670, 269, 401, 0, 0, 0
1743, 1, 1636429685775, 1636429686446, 671, 270, 401, 1, 0, 1
1744, 1, 1636429685812, 1636429686486, 674, 271, 403, 0, 1, 1
1747, 1, 1636429685876, 1636429686534, 658, 264, 394, 0, 0, 0
1746, 1, 1636429685868, 1636429686534, 666, 266, 400, 1, 0, 1
1748, 1, 1636429685892, 1636429686574, 682, 274, 408, 1, 0, 1
1750, 1, 1636429686120, 1636429686790, 670, 274, 396, 1, 0, 1
1751, 1, 1636429686264, 1636429686934, 670, 271, 399, 1, 2, 3
1749, 1, 1636429686047, 1636429686998, 951, 538, 413, 0, 0, 0
1753, 1, 1636429686340, 1636429687002, 662, 266, 396, 1, 0, 1
1754, 1, 1636429686447, 1636429687126, 679, 270, 409, 0, 1, 1
1755, 1, 1636429686488, 1636429687158, 670, 266, 404, 0, 0, 0
1757, 1, 1636429686536, 1636429687214, 678, 274, 404, 1, 0, 1
1756, 1, 1636429686536, 1636429687214, 678, 275, 403, 2, 1, 3
1758, 1, 1636429686576, 1636429687250, 674, 278, 396, 1, 1, 2
1759, 1, 1636429686792, 1636429687466, 674, 274, 400, 1, 0, 1
1760, 1, 1636429686935, 1636429687606, 671, 266, 405, 0, 0, 0
1762, 1, 1636429687004, 1636429687662, 658, 269, 389, 1, 0, 1
1761, 1, 1636429686999, 1636429687670, 671, 275, 396, 3, 0, 3
1763, 1, 1636429687127, 1636429687802, 675, 273, 402, 1, 0, 1
1764, 1, 1636429687159, 1636429687830, 671, 275, 396, 0, 0, 0
1765, 1, 1636429687216, 1636429687890, 674, 268, 406, 0, 0, 0
1766, 1, 1636429687252, 1636429687918, 666, 264, 402, 0, 0, 0
1767, 1, 1636429687468, 1636429688142, 674, 272, 402, 0, 1, 1
1768, 1, 1636429687608, 1636429688274, 666, 269, 397, 0, 0, 0
1769, 1, 1636429687664, 1636429688342, 678, 273, 405, 0, 2, 2
1771, 1, 1636429687804, 1636429688470, 666, 266, 400, 1, 0, 1
1772, 1, 1636429687832, 1636429688498, 666, 269, 397, 1, 0, 1
1773, 1, 1636429687892, 1636429688574, 682, 279, 403, 2, 0, 2
1774, 1, 1636429687920, 1636429688594, 674, 269, 405, 1, 0, 1
1775, 1, 1636429688144, 1636429688814, 670, 269, 401, 1, 0, 1
1776, 1, 1636429688276, 1636429688934, 658, 264, 394, 2, 0, 2
1777, 1, 1636429688344, 1636429689022, 678, 287, 391, 0, 1, 1
1778, 1, 1636429688472, 1636429689142, 670, 267, 403, 0, 0, 0
1779, 1, 1636429688499, 1636429689174, 675, 271, 404, 0, 1, 1
1780, 1, 1636429688576, 1636429689234, 658, 267, 391, 3, 0, 3
1781, 1, 1636429688595, 1636429689262, 667, 271, 396, 1, 2, 3
1782, 1, 1636429688816, 1636429689490, 674, 269, 405, 1, 0, 1
1783, 1, 1636429688936, 1636429689614, 678, 275, 403, 0, 1, 1
1784, 1, 1636429689024, 1636429689694, 670, 270, 400, 0, 1, 1
1785, 1, 1636429689143, 1636429689818, 675, 276, 399, 1, 6, 7
1786, 1, 1636429689175, 1636429689854, 679, 270, 409, 1, 1, 2
1787, 1, 1636429689237, 1636429689914, 677, 269, 408, 1, 0, 1
1788, 1, 1636429689264, 1636429689946, 682, 276, 406, 1, 0, 1
1789, 1, 1636429689491, 1636429690162, 671, 270, 401, 1, 0, 1
1790, 1, 1636429689615, 1636429690290, 675, 270, 405, 1, 1, 2
1791, 1, 1636429689696, 1636429690366, 670, 274, 396, 1, 0, 1
1793, 1, 1636429689856, 1636429690522, 666, 269, 397, 0, 0, 0
1794, 1, 1636429689916, 1636429690586, 670, 270, 400, 0, 0, 0
1792, 1, 1636429689820, 1636429690614, 794, 394, 400, 1, 0, 1
1796, 1, 1636429690163, 1636429690822, 659, 266, 393, 0, 1, 1
1798, 1, 1636429690368, 1636429691042, 674, 272, 402, 0, 0, 0
1795, 1, 1636429689948, 1636429691066, 1118, 717, 401, 0, 0, 0
1799, 1, 1636429690524, 1636429691198, 674, 267, 407, 1, 0, 1
1800, 1, 1636429690588, 1636429691266, 678, 271, 407, 0, 0, 0
1801, 1, 1636429690616, 1636429691278, 662, 265, 397, 1, 0, 1
1660, 2, 1636429681206, 1636429691382, 10176, 0, 10176, 1, 0, 1
1802, 1, 1636429690824, 1636429691502, 678, 277, 401, 1, 0, 1
1803, 1, 1636429691044, 1636429691738, 694, 298, 396, 0, 25, 25
1804, 1, 1636429691068, 1636429691738, 670, 274, 396, 0, 12, 12
1805, 1, 1636429691199, 1636429691874, 675, 273, 402, 0, 0, 0
1806, 1, 1636429691267, 1636429691974, 707, 279, 428, 1, 1, 2
1807, 1, 1636429691279, 1636429691974, 695, 278, 417, 1, 0, 1
1669, 2, 1636429681883, 1636429692066, 10183, 1, 10182, 1, 0, 1
1808, 1, 1636429691504, 1636429692198, 694, 290, 404, 0, 0, 0
1810, 1, 1636429691740, 1636429692426, 686, 286, 400, 1, 17, 18
1809, 1, 1636429691740, 1636429692426, 686, 290, 396, 1, 0, 1
1811, 1, 1636429691876, 1636429692542, 666, 269, 397, 1, 0, 1
1677, 2, 1636429682362, 1636429692542, 10180, 0, 10180, 0, 0, 0
1813, 1, 1636429691976, 1636429692654, 678, 272, 406, 2, 1, 3
1812, 1, 1636429691975, 1636429692654, 679, 269, 410, 1, 0, 1
1814, 1, 1636429692200, 1636429692902, 702, 302, 400, 2, 25, 27
1684, 2, 1636429682778, 1636429692961, 10183, 0, 10183, 0, 0, 0
1815, 1, 1636429692426, 1636429693126, 700, 273, 427, 1, 1, 2
1817, 1, 1636429692428, 1636429693130, 702, 273, 429, 1, 0, 1
1818, 1, 1636429692428, 1636429693130, 702, 275, 427, 3, 0, 3
1819, 1, 1636429692543, 1636429693238, 695, 287, 408, 2, 17, 19
1821, 1, 1636429692656, 1636429693326, 670, 279, 391, 3, 0, 3
1820, 1, 1636429692655, 1636429693334, 679, 273, 406, 1, 0, 1
1694, 2, 1636429683237, 1636429693413, 10176, 0, 10176, 1, 1, 2
1822, 1, 1636429692666, 1636429693586, 920, 512, 408, 1, 0, 1
1823, 1, 1636429692904, 1636429693590, 686, 277, 409, 3, 0, 3
1701, 2, 1636429683595, 1636429693769, 10174, 1, 10173, 0, 1, 1
1825, 1, 1636429693128, 1636429693806, 678, 273, 405, 1, 0, 1
1826, 1, 1636429693132, 1636429693810, 678, 278, 400, 2, 0, 2
1827, 1, 1636429693132, 1636429693814, 682, 274, 408, 3, 0, 3
1828, 1, 1636429693240, 1636429693942, 702, 261, 441, 0, 0, 0
1830, 1, 1636429693335, 1636429694034, 699, 259, 440, 1, 0, 1
1832, 1, 1636429693588, 1636429694254, 666, 270, 396, 0, 1, 1
1829, 1, 1636429693328, 1636429694266, 938, 536, 402, 0, 1, 1
1797, 1, 1636429690291, 1636429694266, 3975, 3575, 400, 0, 2, 2
1833, 1, 1636429693592, 1636429694270, 678, 278, 400, 2, 1, 3
1834, 1, 1636429693807, 1636429694482, 675, 275, 400, 2, 0, 2
1835, 1, 1636429693812, 1636429694486, 674, 278, 396, 1, 1, 2
1839, 1, 1636429694036, 1636429694698, 662, 266, 396, 1, 0, 1
1836, 1, 1636429693815, 1636429694722, 907, 514, 393, 0, 0, 0
1840, 1, 1636429694256, 1636429694938, 682, 280, 402, 3, 0, 3
1841, 1, 1636429694268, 1636429694942, 674, 270, 404, 0, 2, 2
1842, 1, 1636429694268, 1636429694942, 674, 275, 399, 4, 0, 4
1727, 2, 1636429684920, 1636429695102, 10182, 1, 10181, 0, 1, 1
1844, 1, 1636429694484, 1636429695146, 662, 266, 396, 1, 0, 1
1845, 1, 1636429694492, 1636429695150, 658, 262, 396, 0, 0, 0
1843, 1, 1636429694271, 1636429695182, 911, 509, 402, 0, 0, 0
1846, 1, 1636429694699, 1636429695370, 671, 275, 396, 0, 1, 1
1847, 1, 1636429694723, 1636429695398, 675, 283, 392, 2, 0, 2
1736, 2, 1636429685343, 1636429695526, 10183, 0, 10183, 0, 0, 0
1849, 1, 1636429694944, 1636429695638, 694, 274, 420, 4, 1, 5
1850, 1, 1636429694944, 1636429695642, 698, 273, 425, 4, 0, 4
1848, 1, 1636429694940, 1636429695646, 706, 275, 431, 2, 0, 2
1739, 2, 1636429685536, 1636429695713, 10177, 1, 10176, 1, 1, 2
1852, 1, 1636429695151, 1636429695814, 663, 266, 397, 0, 2, 2
1853, 1, 1636429695183, 1636429695882, 699, 305, 394, 1, 33, 34
1745, 2, 1636429685831, 1636429696009, 10178, 0, 10178, 1, 0, 1
1854, 1, 1636429695371, 1636429696070, 699, 274, 425, 1, 8, 9
1855, 1, 1636429695400, 1636429696094, 694, 300, 394, 0, 0, 0
1856, 1, 1636429695639, 1636429696310, 671, 275, 396, 1, 1, 2
1859, 1, 1636429695714, 1636429696394, 680, 273, 407, 0, 1, 1
1860, 1, 1636429695714, 1636429696394, 680, 275, 405, 3, 0, 3
1752, 2, 1636429686295, 1636429696474, 10179, 0, 10179, 0, 0, 0
1861, 1, 1636429695816, 1636429696478, 662, 266, 396, 1, 1, 2
1863, 1, 1636429695884, 1636429696550, 666, 268, 398, 2, 0, 2
1862, 1, 1636429695842, 1636429696550, 708, 269, 439, 2, 0, 2
1864, 1, 1636429696071, 1636429696742, 671, 274, 397, 0, 0, 0
1866, 1, 1636429696138, 1636429696842, 704, 306, 398, 0, 0, 0
1867, 1, 1636429696311, 1636429697014, 703, 269, 434, 0, 0, 0
1868, 1, 1636429696396, 1636429697058, 662, 267, 395, 0, 0, 0
1869, 1, 1636429696396, 1636429697062, 666, 266, 400, 0, 0, 0
1870, 1, 1636429696479, 1636429697146, 667, 265, 402, 0, 0, 0
1872, 1, 1636429696552, 1636429697230, 678, 274, 404, 1, 1, 2
1873, 1, 1636429696602, 1636429697294, 692, 295, 397, 1, 0, 1
1874, 1, 1636429696743, 1636429697414, 671, 275, 396, 0, 0, 0
1875, 1, 1636429696843, 1636429697502, 659, 265, 394, 0, 0, 0
1876, 1, 1636429697015, 1636429697682, 667, 274, 393, 1, 1, 2
1877, 1, 1636429697059, 1636429697726, 667, 271, 396, 1, 2, 3
1878, 1, 1636429697063, 1636429697726, 663, 265, 398, 0, 0, 0
1770, 2, 1636429687672, 1636429697850, 10178, 0, 10178, 0, 0, 0
1881, 1, 1636429697296, 1636429697958, 662, 263, 399, 0, 1, 1
1882, 1, 1636429697416, 1636429698118, 702, 304, 398, 3, 29, 32
1883, 1, 1636429697504, 1636429698210, 706, 310, 396, 4, 33, 37
1884, 1, 1636429697684, 1636429698382, 698, 266, 432, 3, 0, 3
1885, 1, 1636429697728, 1636429698426, 698, 268, 430, 1, 1, 2
1886, 1, 1636429697728, 1636429698430, 702, 267, 435, 0, 1, 1
1888, 1, 1636429697978, 1636429698650, 672, 269, 403, 1, 1, 2
1887, 1, 1636429697960, 1636429698662, 702, 302, 400, 0, 0, 0
1889, 1, 1636429698120, 1636429698790, 670, 279, 391, 2, 0, 2
1890, 1, 1636429698211, 1636429698882, 671, 275, 396, 1, 1, 2
1891, 1, 1636429698384, 1636429699058, 674, 274, 400, 1, 1, 2
1892, 1, 1636429698428, 1636429699102, 674, 273, 401, 0, 0, 0
1893, 1, 1636429698432, 1636429699102, 670, 274, 396, 1, 0, 1
1894, 1, 1636429698652, 1636429699322, 670, 271, 399, 1, 1, 2
1895, 1, 1636429698663, 1636429699330, 667, 272, 395, 0, 0, 0
1896, 1, 1636429698792, 1636429699454, 662, 270, 392, 0, 1, 1
1897, 1, 1636429698883, 1636429699542, 659, 266, 393, 1, 1, 2
1898, 1, 1636429699059, 1636429699722, 663, 265, 398, 0, 0, 0
1900, 1, 1636429699103, 1636429699770, 667, 271, 396, 2, 1, 3
1899, 1, 1636429699103, 1636429699774, 671, 271, 400, 2, 1, 3
1901, 1, 1636429699323, 1636429699986, 663, 268, 395, 0, 1, 1
1902, 1, 1636429699332, 1636429699998, 666, 274, 392, 0, 0, 0
1903, 1, 1636429699456, 1636429700122, 666, 267, 399, 3, 0, 3
1904, 1, 1636429699544, 1636429700222, 678, 279, 399, 0, 1, 1
1905, 1, 1636429699723, 1636429700386, 663, 271, 392, 0, 2, 2
1906, 1, 1636429699771, 1636429700446, 675, 273, 402, 0, 1, 1
1907, 1, 1636429699775, 1636429700450, 675, 274, 401, 0, 1, 1
1908, 1, 1636429699988, 1636429700658, 670, 266, 404, 1, 0, 1
1909, 1, 1636429700000, 1636429700662, 662, 266, 396, 1, 0, 1
1911, 1, 1636429700223, 1636429700890, 667, 272, 395, 0, 0, 0
1912, 1, 1636429700388, 1636429701058, 670, 274, 396, 0, 1, 1
1914, 1, 1636429700451, 1636429701114, 663, 269, 394, 1, 0, 1
1913, 1, 1636429700448, 1636429701118, 670, 273, 397, 1, 0, 1
1915, 1, 1636429700659, 1636429701326, 667, 269, 398, 0, 0, 0
1916, 1, 1636429700664, 1636429701350, 686, 291, 395, 1, 0, 1
1917, 1, 1636429700891, 1636429701574, 683, 282, 401, 3, 1, 4
1918, 1, 1636429701059, 1636429701722, 663, 269, 394, 0, 1, 1
1919, 1, 1636429701116, 1636429701774, 658, 267, 391, 0, 1, 1
1920, 1, 1636429701120, 1636429701778, 658, 266, 392, 1, 1, 2
1921, 1, 1636429701327, 1636429701994, 667, 270, 397, 1, 0, 1
1922, 1, 1636429701352, 1636429702022, 670, 274, 396, 0, 0, 0
1923, 1, 1636429701576, 1636429702246, 670, 269, 401, 2, 0, 2
1924, 1, 1636429701723, 1636429702394, 671, 270, 401, 0, 1, 1
1925, 1, 1636429701776, 1636429702454, 678, 275, 403, 1, 1, 2
1926, 1, 1636429701779, 1636429702466, 687, 282, 405, 3, 0, 3
1816, 2, 1636429692427, 1636429702634, 10207, 1, 10206, 0, 1, 1
1927, 1, 1636429701996, 1636429702670, 674, 271, 403, 2, 1, 3
1928, 1, 1636429702024, 1636429702698, 674, 275, 399, 1, 1, 2
1929, 1, 1636429702248, 1636429702930, 682, 282, 400, 0, 0, 0
1930, 1, 1636429702396, 1636429703078, 682, 286, 396, 1, 20, 21
1931, 1, 1636429702456, 1636429703122, 666, 270, 396, 1, 0, 1
1932, 1, 1636429702468, 1636429703174, 706, 270, 436, 1, 0, 1
1824, 2, 1636429693086, 1636429703262, 10176, 0, 10176, 1, 0, 1
1933, 1, 1636429702671, 1636429703342, 671, 274, 397, 0, 0, 0
1934, 1, 1636429702701, 1636429703382, 681, 278, 403, 0, 1, 1
1935, 1, 1636429702932, 1636429703626, 694, 294, 400, 1, 0, 1
1831, 2, 1636429693538, 1636429703709, 10171, 0, 10171, 0, 0, 0
1936, 1, 1636429703080, 1636429703746, 666, 266, 400, 0, 0, 0
1937, 1, 1636429703124, 1636429703798, 674, 268, 406, 0, 0, 0
1938, 1, 1636429703176, 1636429703838, 662, 268, 394, 1, 1, 2
1939, 1, 1636429703344, 1636429704014, 670, 275, 395, 1, 1, 2
1940, 1, 1636429703384, 1636429704078, 694, 295, 399, 2, 0, 2
1837, 2, 1636429693906, 1636429704086, 10180, 0, 10180, 0, 1, 1
1838, 2, 1636429693944, 1636429704133, 10189, 0, 10189, 0, 1, 1
1941, 1, 1636429703628, 1636429704298, 670, 270, 400, 1, 0, 1
1945, 1, 1636429703799, 1636429704494, 695, 289, 406, 0, 24, 24
1944, 1, 1636429703747, 1636429704498, 751, 347, 404, 1, 80, 81
1947, 1, 1636429703839, 1636429704586, 747, 346, 401, 2, 80, 82
1948, 1, 1636429704015, 1636429704730, 715, 273, 442, 2, 1, 3
1949, 1, 1636429704135, 1636429704758, 623, 271, 352, 1, 2, 3
1951, 1, 1636429704250, 1636429704922, 672, 274, 398, 1, 0, 1
1952, 1, 1636429704300, 1636429705038, 738, 330, 408, 1, 0, 1
1954, 1, 1636429704499, 1636429705170, 671, 274, 397, 0, 0, 0
1953, 1, 1636429704495, 1636429705170, 675, 269, 406, 1, 0, 1
1851, 2, 1636429695148, 1636429705321, 10173, 0, 10173, 0, 0, 0
1956, 1, 1636429704732, 1636429705398, 666, 265, 401, 1, 0, 1
1957, 1, 1636429704759, 1636429705486, 727, 334, 393, 1, 0, 1
1958, 1, 1636429704924, 1636429705594, 670, 273, 397, 1, 0, 1
1857, 2, 1636429695644, 1636429705821, 10177, 0, 10177, 0, 0, 0
1960, 1, 1636429705172, 1636429705858, 686, 274, 412, 2, 0, 2
1961, 1, 1636429705172, 1636429705862, 690, 272, 418, 0, 0, 0
1858, 2, 1636429695648, 1636429705865, 10217, 0, 10217, 0, 0, 0
1962, 1, 1636429705400, 1636429706126, 726, 287, 439, 1, 17, 18
1963, 1, 1636429705450, 1636429706134, 684, 286, 398, 1, 20, 21
1865, 2, 1636429696096, 1636429706278, 10182, 0, 10182, 1, 0, 1
1966, 1, 1636429705867, 1636429706542, 675, 281, 394, 3, 17, 20
1967, 1, 1636429705868, 1636429706542, 674, 280, 394, 1, 18, 19
1969, 1, 1636429705962, 1636429706634, 672, 278, 394, 1, 16, 17
1968, 1, 1636429705955, 1636429706634, 679, 280, 399, 1, 16, 17
1871, 2, 1636429696552, 1636429706729, 10177, 1, 10176, 0, 0, 0
1970, 1, 1636429706127, 1636429706814, 687, 269, 418, 2, 0, 2
1971, 1, 1636429706135, 1636429706822, 687, 272, 415, 1, 0, 1
1972, 1, 1636429706414, 1636429707086, 672, 279, 393, 2, 5, 7
1973, 1, 1636429706544, 1636429707214, 670, 267, 403, 2, 0, 2
1974, 1, 1636429706544, 1636429707218, 674, 267, 407, 0, 0, 0
1975, 1, 1636429706636, 1636429707318, 682, 279, 403, 3, 0, 3
1879, 2, 1636429697148, 1636429707322, 10174, 1, 10173, 0, 0, 0
1880, 2, 1636429697232, 1636429707410, 10178, 0, 10178, 0, 0, 0
1978, 1, 1636429706823, 1636429707494, 671, 278, 393, 2, 0, 2
1979, 1, 1636429706866, 1636429707538, 672, 278, 394, 0, 0, 0
1982, 1, 1636429707219, 1636429707942, 723, 269, 454, 0, 0, 0
1981, 1, 1636429707215, 1636429707950, 735, 273, 462, 1, 0, 1
1983, 1, 1636429707324, 1636429707990, 666, 267, 399, 2, 0, 2
1984, 1, 1636429707496, 1636429708158, 662, 266, 396, 0, 1, 1
1985, 1, 1636429707498, 1636429708174, 676, 266, 410, 0, 0, 0
1987, 1, 1636429707542, 1636429708206, 664, 266, 398, 0, 0, 0
1989, 1, 1636429707951, 1636429708626, 675, 271, 404, 0, 0, 0
1988, 1, 1636429707943, 1636429708626, 683, 278, 405, 1, 1, 2
1990, 1, 1636429707992, 1636429708670, 678, 277, 401, 0, 0, 0
1991, 1, 1636429708159, 1636429708826, 667, 274, 393, 2, 0, 2
1993, 1, 1636429708627, 1636429709298, 671, 269, 402, 1, 0, 1
1994, 1, 1636429708628, 1636429709310, 682, 274, 408, 1, 0, 1
1995, 1, 1636429708672, 1636429709338, 666, 269, 397, 3, 0, 3
1996, 1, 1636429708827, 1636429709494, 667, 267, 400, 1, 0, 1
1997, 1, 1636429709300, 1636429709970, 670, 269, 401, 0, 0, 0
1998, 1, 1636429709312, 1636429709990, 678, 270, 408, 1, 0, 1
1999, 1, 1636429709340, 1636429710014, 674, 273, 401, 1, 0, 1
2000, 1, 1636429709496, 1636429710166, 670, 270, 400, 1, 1, 2
1910, 2, 1636429700124, 1636429710302, 10178, 0, 10178, 0, 0, 0
2002, 1, 1636429709991, 1636429710658, 667, 275, 392, 1, 1, 2
2001, 1, 1636429709972, 1636429710658, 686, 290, 396, 0, 18, 18
2003, 1, 1636429710016, 1636429710682, 666, 271, 395, 1, 1, 2
1965, 1, 1636429705596, 1636429710794, 5198, 4802, 396, 1, 0, 1
2004, 1, 1636429710168, 1636429710842, 674, 269, 405, 1, 0, 1
2005, 1, 1636429710430, 1636429711093, 663, 270, 393, 1, 0, 1
2007, 1, 1636429710660, 1636429711330, 670, 275, 395, 2, 1, 3
2006, 1, 1636429710660, 1636429711334, 674, 273, 401, 1, 1, 2
2008, 1, 1636429710684, 1636429711362, 678, 275, 403, 4, 0, 4
2009, 1, 1636429710796, 1636429711470, 674, 271, 403, 1, 0, 1
2010, 1, 1636429710843, 1636429711506, 663, 267, 396, 0, 1, 1
2012, 1, 1636429711332, 1636429712002, 670, 267, 403, 0, 1, 1
2013, 1, 1636429711335, 1636429712014, 679, 270, 409, 0, 0, 0
2014, 1, 1636429711364, 1636429712046, 682, 278, 404, 0, 0, 0
2015, 1, 1636429711508, 1636429712178, 670, 275, 395, 1, 1, 2
2016, 1, 1636429712003, 1636429712682, 679, 271, 408, 2, 0, 2
2017, 1, 1636429712015, 1636429712694, 679, 269, 410, 0, 0, 0
2018, 1, 1636429712047, 1636429712726, 679, 277, 402, 1, 0, 1
2019, 1, 1636429712179, 1636429712850, 671, 263, 408, 2, 1, 3
2020, 1, 1636429712684, 1636429713350, 666, 268, 398, 0, 0, 0
2021, 1, 1636429712696, 1636429713374, 678, 274, 404, 0, 0, 0
2022, 1, 1636429712728, 1636429713394, 666, 267, 399, 2, 0, 2
2023, 1, 1636429712852, 1636429713518, 666, 267, 399, 2, 0, 2
1943, 2, 1636429703710, 1636429713886, 10176, 1, 10175, 2, 0, 2
1942, 2, 1636429703710, 1636429713929, 10219, 0, 10219, 0, 1, 1
1946, 2, 1636429703839, 1636429714017, 10178, 0, 10178, 0, 1, 1
2024, 1, 1636429713351, 1636429714018, 667, 269, 398, 1, 0, 1
2025, 1, 1636429713376, 1636429714042, 666, 270, 396, 0, 0, 0
2026, 1, 1636429713396, 1636429714074, 678, 273, 405, 1, 0, 1
2027, 1, 1636429713519, 1636429714202, 683, 282, 401, 2, 8, 10
1950, 1, 1636429704223, 1636429714506, 10283, 9887, 396, 0, 2, 2
2030, 1, 1636429714019, 1636429714678, 659, 266, 393, 2, 0, 2
2028, 1, 1636429714018, 1636429714678, 660, 265, 395, 0, 0, 0
2031, 1, 1636429714043, 1636429714714, 671, 274, 397, 0, 1, 1
2032, 1, 1636429714076, 1636429714738, 662, 262, 400, 1, 0, 1
1955, 2, 1636429704587, 1636429714766, 10179, 1, 10178, 0, 1, 1
2034, 1, 1636429714203, 1636429714866, 663, 271, 392, 1, 0, 1
1959, 2, 1636429705040, 1636429715217, 10177, 0, 10177, 0, 0, 0
2037, 1, 1636429714680, 1636429715354, 674, 275, 399, 1, 2, 3
2036, 1, 1636429714680, 1636429715354, 674, 274, 400, 1, 2, 3
2038, 1, 1636429714716, 1636429715378, 662, 267, 395, 0, 1, 1
2039, 1, 1636429714768, 1636429715434, 666, 266, 400, 2, 0, 2
2041, 1, 1636429714894, 1636429715578, 684, 282, 402, 0, 9, 9
2040, 1, 1636429714867, 1636429715578, 711, 314, 397, 3, 40, 43
1964, 2, 1636429705488, 1636429715657, 10169, 1, 10168, 0, 0, 0
2044, 1, 1636429715356, 1636429716034, 678, 273, 405, 3, 0, 3
2042, 1, 1636429715346, 1636429716034, 688, 282, 406, 0, 0, 0
2045, 1, 1636429715380, 1636429716042, 662, 265, 397, 0, 0, 0
2046, 1, 1636429715436, 1636429716106, 670, 271, 399, 0, 5, 5
2048, 1, 1636429715581, 1636429716250, 669, 270, 399, 2, 1, 3
2049, 1, 1636429715799, 1636429716494, 695, 295, 400, 2, 1, 3
2050, 1, 1636429716036, 1636429716702, 666, 271, 395, 4, 0, 4
2051, 1, 1636429716036, 1636429716706, 670, 268, 402, 0, 0, 0
2052, 1, 1636429716043, 1636429716718, 675, 270, 405, 1, 0, 1
1976, 2, 1636429706637, 1636429716822, 10185, 1, 10184, 1, 0, 1
2054, 1, 1636429716252, 1636429716922, 670, 274, 396, 2, 0, 2
1977, 2, 1636429706816, 1636429716993, 10177, 1, 10176, 0, 0, 0
2055, 1, 1636429716496, 1636429717182, 686, 286, 400, 1, 21, 22
1980, 2, 1636429707088, 1636429717265, 10177, 0, 10177, 0, 0, 0
2058, 1, 1636429716719, 1636429717450, 731, 313, 418, 2, 37, 39
2056, 1, 1636429716704, 1636429717450, 746, 314, 432, 3, 37, 40
2057, 1, 1636429716708, 1636429717450, 742, 313, 429, 2, 40, 42
2059, 1, 1636429716923, 1636429717630, 707, 302, 405, 0, 36, 36
2060, 1, 1636429716994, 1636429717630, 636, 275, 361, 2, 4, 6
1986, 2, 1636429707540, 1636429717717, 10177, 0, 10177, 0, 0, 0
2061, 1, 1636429717122, 1636429717802, 680, 264, 416, 0, 0, 0
2062, 1, 1636429717184, 1636429717898, 714, 314, 400, 1, 0, 1
2063, 1, 1636429717398, 1636429718094, 696, 294, 402, 0, 0, 0
2064, 1, 1636429717452, 1636429718114, 662, 263, 399, 0, 0, 0
2066, 1, 1636429717452, 1636429718158, 706, 306, 400, 47, 0, 47
2065, 1, 1636429717452, 1636429718162, 710, 307, 403, 0, 44, 44
2067, 1, 1636429717631, 1636429718298, 667, 266, 401, 1, 1, 2
1992, 2, 1636429708176, 1636429718353, 10177, 1, 10176, 2, 0, 2
2068, 1, 1636429717803, 1636429718474, 671, 274, 397, 2, 1, 3
2069, 1, 1636429717850, 1636429718550, 700, 297, 403, 1, 0, 1
2070, 1, 1636429717899, 1636429718618, 719, 325, 394, 1, 8, 9
2071, 1, 1636429718096, 1636429718806, 710, 309, 401, 2, 40, 42
2072, 1, 1636429718115, 1636429718806, 691, 291, 400, 3, 20, 23
2073, 1, 1636429718164, 1636429718838, 674, 273, 401, 0, 0, 0
2074, 1, 1636429718300, 1636429718966, 666, 265, 401, 0, 1, 1
2075, 1, 1636429718475, 1636429719150, 675, 269, 406, 1, 0, 1
2076, 1, 1636429718486, 1636429719154, 668, 266, 402, 1, 0, 1
2077, 1, 1636429718551, 1636429719258, 707, 310, 397, 0, 0, 0
2078, 1, 1636429718808, 1636429719474, 666, 271, 395, 2, 1, 3
2079, 1, 1636429718808, 1636429719482, 674, 275, 399, 1, 1, 2
2080, 1, 1636429718839, 1636429719510, 671, 274, 397, 1, 0, 1
2081, 1, 1636429718968, 1636429719638, 670, 270, 400, 1, 1, 2
2083, 1, 1636429719156, 1636429719826, 670, 270, 400, 3, 0, 3
2082, 1, 1636429719152, 1636429719830, 678, 269, 409, 2, 0, 2
2084, 1, 1636429719260, 1636429719934, 674, 278, 396, 1, 0, 1
2085, 1, 1636429719475, 1636429720142, 667, 269, 398, 1, 0, 1
2086, 1, 1636429719484, 1636429720146, 662, 266, 396, 0, 0, 0
2087, 1, 1636429719511, 1636429720186, 675, 275, 400, 2, 0, 2
2088, 1, 1636429719640, 1636429720318, 678, 273, 405, 1, 0, 1
2089, 1, 1636429719828, 1636429720498, 670, 274, 396, 0, 0, 0
2090, 1, 1636429719936, 1636429720614, 678, 278, 400, 0, 0, 0
2092, 1, 1636429720148, 1636429720806, 658, 270, 388, 1, 1, 2
2091, 1, 1636429720143, 1636429720810, 667, 271, 396, 3, 1, 4
2093, 1, 1636429720188, 1636429720850, 662, 262, 400, 1, 0, 1
2094, 1, 1636429720320, 1636429720994, 674, 273, 401, 0, 0, 0
2095, 1, 1636429720499, 1636429721170, 671, 270, 401, 0, 0, 0
2011, 2, 1636429711094, 1636429721270, 10176, 0, 10176, 0, 0, 0
2096, 1, 1636429720616, 1636429721282, 666, 265, 401, 1, 0, 1
2098, 1, 1636429720811, 1636429721474, 663, 267, 396, 1, 1, 2
2097, 1, 1636429720808, 1636429721474, 666, 270, 396, 1, 1, 2
2099, 1, 1636429720851, 1636429721538, 687, 288, 399, 1, 19, 20
2100, 1, 1636429720996, 1636429721658, 662, 267, 395, 2, 0, 2
2043, 1, 1636429715356, 1636429721762, 6406, 6010, 396, 1, 1, 2
2101, 1, 1636429721172, 1636429721850, 678, 266, 412, 0, 0, 0
2102, 1, 1636429721284, 1636429721942, 658, 261, 397, 0, 0, 0
2103, 1, 1636429721402, 1636429722070, 668, 274, 394, 0, 0, 0
2105, 1, 1636429721476, 1636429722134, 658, 267, 391, 0, 1, 1
2104, 1, 1636429721476, 1636429722138, 662, 263, 399, 0, 1, 1
2106, 1, 1636429721539, 1636429722202, 663, 266, 397, 0, 0, 0
2107, 1, 1636429721659, 1636429722326, 667, 266, 401, 0, 0, 0
2108, 1, 1636429721763, 1636429722426, 663, 265, 398, 0, 1, 1
2109, 1, 1636429721852, 1636429722514, 662, 266, 396, 1, 1, 2
2110, 1, 1636429721944, 1636429722614, 670, 273, 397, 0, 0, 0
2111, 1, 1636429722072, 1636429722734, 662, 266, 396, 1, 1, 2
2112, 1, 1636429722136, 1636429722802, 666, 266, 400, 1, 0, 1
2113, 1, 1636429722139, 1636429722802, 663, 262, 401, 1, 0, 1
2114, 1, 1636429722203, 1636429722866, 663, 263, 400, 0, 0, 0
2115, 1, 1636429722328, 1636429722990, 662, 263, 399, 0, 1, 1
2116, 1, 1636429722427, 1636429723094, 667, 268, 399, 1, 0, 1
2117, 1, 1636429722516, 1636429723186, 670, 265, 405, 1, 0, 1
2118, 1, 1636429722615, 1636429723298, 683, 282, 401, 1, 1, 2
2119, 1, 1636429722736, 1636429723406, 670, 268, 402, 0, 2, 2
2120, 1, 1636429722804, 1636429723478, 674, 275, 399, 1, 1, 2
2121, 1, 1636429722804, 1636429723478, 674, 274, 400, 2, 0, 2
2122, 1, 1636429722867, 1636429723534, 667, 266, 401, 0, 0, 0
2123, 1, 1636429722992, 1636429723666, 674, 270, 404, 2, 0, 2
2124, 1, 1636429723096, 1636429723770, 674, 270, 404, 2, 0, 2
2125, 1, 1636429723188, 1636429723858, 670, 274, 396, 0, 0, 0
2126, 1, 1636429723300, 1636429723970, 670, 274, 396, 0, 1, 1
2127, 1, 1636429723408, 1636429724086, 678, 278, 400, 0, 0, 0
2128, 1, 1636429723479, 1636429724138, 659, 262, 397, 1, 0, 1
2129, 1, 1636429723480, 1636429724150, 670, 272, 398, 3, 1, 4
2029, 2, 1636429714018, 1636429724194, 10176, 1, 10175, 1, 0, 1
2130, 1, 1636429723535, 1636429724194, 659, 258, 401, 0, 0, 0
2131, 1, 1636429723668, 1636429724330, 662, 263, 399, 2, 0, 2
2033, 2, 1636429714151, 1636429724330, 10179, 1, 10178, 1, 1, 2
2132, 1, 1636429723771, 1636429724462, 691, 290, 401, 0, 17, 17
2133, 1, 1636429723860, 1636429724594, 734, 338, 396, 2, 65, 67
2134, 1, 1636429723971, 1636429724686, 715, 321, 394, 2, 57, 59
2035, 2, 1636429714508, 1636429724689, 10181, 1, 10180, 0, 0, 0
2135, 1, 1636429724087, 1636429724774, 687, 274, 413, 1, 9, 10
2136, 1, 1636429724140, 1636429724814, 674, 273, 401, 1, 0, 1
2137, 1, 1636429724196, 1636429724858, 662, 312, 350, 50, 1, 51
2138, 1, 1636429724197, 1636429724862, 665, 263, 402, 1, 0, 1
2139, 1, 1636429724332, 1636429725050, 718, 267, 451, 1, 0, 1
2140, 1, 1636429724463, 1636429725150, 687, 282, 405, 0, 8, 8
2141, 1, 1636429724595, 1636429725266, 671, 267, 404, 1, 1, 2
2142, 1, 1636429724691, 1636429725358, 667, 267, 400, 1, 1, 2
2144, 1, 1636429724775, 1636429725450, 675, 275, 400, 0, 1, 1
2146, 1, 1636429724816, 1636429725482, 666, 266, 400, 1, 0, 1
2148, 1, 1636429724860, 1636429725526, 666, 266, 400, 1, 0, 1
2149, 1, 1636429724864, 1636429725530, 666, 263, 403, 2, 0, 2
2150, 1, 1636429725052, 1636429725730, 678, 274, 404, 0, 0, 0
2047, 2, 1636429715580, 1636429725757, 10177, 1, 10176, 2, 0, 2
2151, 1, 1636429725152, 1636429725818, 666, 270, 396, 1, 0, 1
2152, 1, 1636429725268, 1636429725942, 674, 266, 408, 1, 0, 1
2153, 1, 1636429725360, 1636429726026, 666, 266, 400, 1, 0, 1
2154, 1, 1636429725452, 1636429726114, 662, 266, 396, 1, 1, 2
2155, 1, 1636429725484, 1636429726154, 670, 270, 400, 2, 0, 2
2157, 1, 1636429725532, 1636429726210, 678, 278, 400, 1, 8, 9
2156, 1, 1636429725528, 1636429726214, 686, 288, 398, 3, 12, 15
2053, 1, 1636429716108, 1636429726254, 10146, 9742, 404, 1, 0, 1
2158, 1, 1636429725760, 1636429726430, 670, 268, 402, 0, 0, 0
2159, 1, 1636429725819, 1636429726486, 667, 266, 401, 0, 0, 0
2160, 1, 1636429725886, 1636429726562, 676, 274, 402, 1, 0, 1
2161, 1, 1636429725944, 1636429726634, 690, 283, 407, 2, 0, 2
2162, 1, 1636429726028, 1636429726698, 670, 274, 396, 0, 0, 0
2163, 1, 1636429726115, 1636429726782, 667, 270, 397, 0, 0, 0
2164, 1, 1636429726156, 1636429726822, 666, 271, 395, 0, 0, 0
2165, 1, 1636429726212, 1636429726882, 670, 274, 396, 0, 0, 0
2166, 1, 1636429726215, 1636429726886, 671, 267, 404, 0, 1, 1
2167, 1, 1636429726256, 1636429727006, 750, 355, 395, 1, 1, 2
2168, 1, 1636429726432, 1636429727090, 658, 270, 388, 2, 1, 3
2169, 1, 1636429726487, 1636429727146, 659, 266, 393, 1, 0, 1
2170, 1, 1636429726563, 1636429727222, 659, 266, 393, 1, 0, 1
2171, 1, 1636429726635, 1636429727314, 679, 274, 405, 0, 0, 0
2172, 1, 1636429726700, 1636429727362, 662, 266, 396, 0, 0, 0
2173, 1, 1636429726783, 1636429727442, 659, 262, 397, 0, 1, 1
2174, 1, 1636429726824, 1636429727486, 662, 269, 393, 0, 0, 0
2176, 1, 1636429726887, 1636429727542, 655, 263, 392, 0, 0, 0
2175, 1, 1636429726883, 1636429727546, 663, 267, 396, 1, 1, 2
2177, 1, 1636429727007, 1636429727666, 659, 265, 394, 0, 0, 0
2178, 1, 1636429727092, 1636429727766, 674, 273, 401, 1, 0, 1
2179, 1, 1636429727147, 1636429727814, 667, 270, 397, 1, 0, 1
2180, 1, 1636429727224, 1636429727886, 662, 271, 391, 2, 1, 3
2181, 1, 1636429727316, 1636429727974, 658, 262, 396, 1, 1, 2
2182, 1, 1636429727364, 1636429728022, 658, 266, 392, 0, 1, 1
2183, 1, 1636429727443, 1636429728118, 675, 271, 404, 1, 1, 2
2184, 1, 1636429727488, 1636429728154, 666, 270, 396, 1, 1, 2
2185, 1, 1636429727544, 1636429728214, 670, 274, 396, 3, 0, 3
2186, 1, 1636429727548, 1636429728218, 670, 274, 396, 1, 0, 1
2187, 1, 1636429727667, 1636429728338, 671, 271, 400, 1, 2, 3
2189, 1, 1636429727815, 1636429728482, 667, 270, 397, 0, 0, 0
2190, 1, 1636429727888, 1636429728554, 666, 270, 396, 0, 0, 0
2188, 1, 1636429727768, 1636429728606, 838, 441, 397, 2, 0, 2
2191, 1, 1636429727976, 1636429728650, 674, 269, 405, 0, 1, 1
2192, 1, 1636429728024, 1636429728690, 666, 266, 400, 0, 0, 0
2193, 1, 1636429728119, 1636429728774, 655, 260, 395, 0, 1, 1
2194, 1, 1636429728156, 1636429728834, 678, 278, 400, 1, 0, 1
2195, 1, 1636429728215, 1636429728878, 663, 266, 397, 0, 0, 0
2197, 1, 1636429728339, 1636429729018, 679, 278, 401, 0, 0, 0
2196, 1, 1636429728220, 1636429729062, 842, 447, 395, 1, 0, 1
2198, 1, 1636429728483, 1636429729154, 671, 270, 401, 1, 0, 1
2199, 1, 1636429728556, 1636429729222, 666, 269, 397, 1, 0, 1
2201, 1, 1636429728652, 1636429729326, 674, 274, 400, 2, 0, 2
2203, 1, 1636429728775, 1636429729450, 675, 270, 405, 1, 0, 1
2204, 1, 1636429728835, 1636429729502, 667, 270, 397, 1, 0, 1
2202, 1, 1636429728691, 1636429729514, 823, 431, 392, 1, 0, 1
2205, 1, 1636429728880, 1636429729550, 670, 270, 400, 0, 1, 1
2206, 1, 1636429729019, 1636429729682, 663, 266, 397, 1, 0, 1
2208, 1, 1636429729156, 1636429729822, 666, 270, 396, 0, 0, 0
2209, 1, 1636429729224, 1636429729886, 662, 270, 392, 0, 1, 1
2210, 1, 1636429729328, 1636429729998, 670, 270, 400, 3, 0, 3
2211, 1, 1636429729451, 1636429730126, 675, 279, 396, 0, 1, 1
2212, 1, 1636429729504, 1636429730178, 674, 271, 403, 0, 0, 0
2214, 1, 1636429729551, 1636429730218, 667, 266, 401, 1, 1, 2
2215, 1, 1636429729684, 1636429730346, 662, 265, 397, 0, 1, 1
2216, 1, 1636429729823, 1636429730490, 667, 266, 401, 1, 0, 1
2217, 1, 1636429729888, 1636429730546, 658, 266, 392, 0, 1, 1
2219, 1, 1636429730128, 1636429730794, 666, 271, 395, 0, 0, 0
2220, 1, 1636429730179, 1636429730850, 671, 270, 401, 2, 0, 2
2221, 1, 1636429730219, 1636429730882, 663, 266, 397, 0, 1, 1
2222, 1, 1636429730348, 1636429731010, 662, 265, 397, 1, 0, 1
2223, 1, 1636429730492, 1636429731154, 662, 266, 396, 0, 0, 0
2225, 1, 1636429730796, 1636429731462, 666, 271, 395, 1, 1, 2
2226, 1, 1636429730852, 1636429731518, 666, 266, 400, 0, 0, 0
2227, 1, 1636429730884, 1636429731550, 666, 266, 400, 1, 0, 1
2229, 1, 1636429731156, 1636429731818, 662, 265, 397, 0, 0, 0
2230, 1, 1636429731464, 1636429732134, 670, 270, 400, 1, 0, 1
2231, 1, 1636429731519, 1636429732182, 663, 267, 396, 0, 0, 0
2232, 1, 1636429731552, 1636429732226, 674, 270, 404, 2, 0, 2
2233, 1, 1636429731820, 1636429732490, 670, 274, 396, 1, 0, 1
2234, 1, 1636429732136, 1636429732806, 670, 271, 399, 1, 1, 2
2235, 1, 1636429732183, 1636429732850, 667, 270, 397, 0, 0, 0
2236, 1, 1636429732227, 1636429732894, 667, 270, 397, 1, 0, 1
2237, 1, 1636429732492, 1636429733162, 670, 275, 395, 1, 0, 1
2239, 1, 1636429732851, 1636429733522, 671, 270, 401, 3, 0, 3
2240, 1, 1636429732896, 1636429733562, 666, 270, 396, 2, 0, 2
2241, 1, 1636429733164, 1636429733834, 670, 270, 400, 0, 0, 0
2242, 1, 1636429733523, 1636429734190, 667, 270, 397, 1, 0, 1
2243, 1, 1636429733564, 1636429734234, 670, 274, 396, 2, 0, 2
2244, 1, 1636429733835, 1636429734514, 679, 274, 405, 1, 0, 1
2245, 1, 1636429734192, 1636429734862, 670, 269, 401, 0, 0, 0
2143, 2, 1636429724775, 1636429734950, 10175, 0, 10175, 1, 0, 1
2145, 2, 1636429724778, 1636429734998, 10220, 1, 10219, 1, 0, 1
2147, 2, 1636429724818, 1636429735046, 10228, 0, 10228, 1, 0, 1
2247, 1, 1636429734515, 1636429735306, 791, 303, 488, 0, 30, 30
2248, 1, 1636429734864, 1636429735586, 722, 367, 355, 96, 0, 96
2249, 1, 1636429735242, 1636429735910, 668, 270, 398, 0, 0, 0
2252, 1, 1636429735308, 1636429735974, 666, 265, 401, 0, 0, 0
2253, 1, 1636429735588, 1636429736266, 678, 273, 405, 1, 0, 1
2254, 1, 1636429735911, 1636429736582, 671, 273, 398, 1, 0, 1
2255, 1, 1636429735976, 1636429736650, 674, 271, 403, 2, 0, 2
2256, 1, 1636429736268, 1636429736946, 678, 273, 405, 1, 0, 1
2257, 1, 1636429736584, 1636429737250, 666, 271, 395, 2, 1, 3
2258, 1, 1636429736652, 1636429737326, 674, 273, 401, 1, 1, 2
2259, 1, 1636429736947, 1636429737618, 671, 272, 399, 2, 1, 3
2260, 1, 1636429737252, 1636429737922, 670, 275, 395, 2, 2, 4
2262, 1, 1636429737620, 1636429738298, 678, 276, 402, 3, 1, 4
2263, 1, 1636429737923, 1636429738602, 679, 274, 405, 0, 2, 2
2200, 2, 1636429728608, 1636429738786, 10178, 0, 10178, 0, 0, 0
2207, 2, 1636429729064, 1636429739238, 10174, 0, 10174, 1, 0, 1
2213, 2, 1636429729516, 1636429739690, 10174, 0, 10174, 0, 0, 0
2218, 2, 1636429730000, 1636429740181, 10181, 0, 10181, 0, 0, 0
2224, 2, 1636429730547, 1636429740721, 10174, 0, 10174, 0, 0, 0
2228, 2, 1636429731012, 1636429741190, 10178, 0, 10178, 0, 0, 0
2266, 1, 1636429740855, 1636429741554, 699, 297, 402, 0, 25, 25
2267, 1, 1636429741322, 1636429742010, 688, 281, 407, 0, 1, 1
2268, 1, 1636429741556, 1636429742230, 674, 273, 401, 1, 1, 2
2269, 1, 1636429742012, 1636429742686, 674, 271, 403, 0, 0, 0
2270, 1, 1636429742232, 1636429742902, 670, 270, 400, 0, 1, 1
2238, 2, 1636429732808, 1636429742986, 10178, 1, 10177, 0, 1, 1
2271, 1, 1636429742688, 1636429743358, 670, 272, 398, 0, 0, 0
2272, 1, 1636429742904, 1636429743570, 666, 261, 405, 1, 0, 1
2273, 1, 1636429743360, 1636429744026, 666, 269, 397, 0, 1, 1
2274, 1, 1636429743571, 1636429744242, 671, 270, 401, 1, 1, 2
2246, 2, 1636429734236, 1636429744414, 10178, 1, 10177, 2, 0, 2
2275, 1, 1636429744028, 1636429744706, 678, 272, 406, 0, 0, 0
2276, 1, 1636429744244, 1636429744958, 714, 273, 441, 0, 1, 1
2277, 1, 1636429744707, 1636429745414, 707, 303, 404, 2, 0, 2
2251, 2, 1636429735246, 1636429745422, 10176, 1, 10175, 2, 0, 2
2250, 2, 1636429735242, 1636429745470, 10228, 1, 10227, 1, 1, 2
2278, 1, 1636429744959, 1636429745634, 675, 274, 401, 2, 0, 2
2264, 1, 1636429738300, 1636429745962, 7662, 7266, 396, 0, 2, 2
2279, 1, 1636429745471, 1636429746106, 635, 273, 362, 2, 0, 2
2280, 1, 1636429745636, 1636429746310, 674, 271, 403, 1, 1, 2
2281, 1, 1636429745964, 1636429746626, 662, 265, 397, 0, 0, 0
2284, 1, 1636429746108, 1636429746778, 670, 266, 404, 1, 0, 1
2285, 1, 1636429746312, 1636429746986, 674, 276, 398, 1, 2, 3
2286, 1, 1636429746627, 1636429747294, 667, 274, 393, 0, 0, 0
2287, 1, 1636429746779, 1636429747458, 679, 272, 407, 0, 0, 0
2261, 2, 1636429737328, 1636429747501, 10173, 0, 10173, 1, 0, 1
2288, 1, 1636429746988, 1636429747670, 682, 272, 410, 0, 0, 0
2289, 1, 1636429747296, 1636429747966, 670, 275, 395, 1, 0, 1
2265, 1, 1636429738604, 1636429747990, 9386, 8991, 395, 1, 1, 2
2290, 1, 1636429747503, 1636429748174, 671, 270, 401, 1, 1, 2
2291, 1, 1636429747638, 1636429748302, 664, 271, 393, 1, 0, 1
2292, 1, 1636429747672, 1636429748342, 670, 270, 400, 0, 0, 0
2293, 1, 1636429747967, 1636429748638, 671, 270, 401, 2, 0, 2
2294, 1, 1636429747992, 1636429748670, 678, 274, 404, 1, 0, 1
2295, 1, 1636429748176, 1636429748842, 666, 269, 397, 0, 0, 0
2296, 1, 1636429748304, 1636429748974, 670, 268, 402, 0, 0, 0
2297, 1, 1636429748344, 1636429749018, 674, 271, 403, 1, 0, 1
2298, 1, 1636429748672, 1636429749338, 666, 272, 394, 1, 0, 1
2299, 1, 1636429748844, 1636429749510, 666, 270, 396, 2, 0, 2
2300, 1, 1636429748975, 1636429749642, 667, 265, 402, 0, 0, 0
2301, 1, 1636429749019, 1636429749686, 667, 271, 396, 2, 0, 2
2302, 1, 1636429749340, 1636429750002, 662, 271, 391, 1, 0, 1
2303, 1, 1636429749511, 1636429750170, 659, 262, 397, 0, 0, 0
2304, 1, 1636429749644, 1636429750309, 665, 270, 395, 0, 0, 0
2305, 1, 1636429749687, 1636429750350, 663, 271, 392, 2, 1, 3
2306, 1, 1636429750003, 1636429750658, 655, 259, 396, 0, 1, 1
2307, 1, 1636429750172, 1636429750850, 678, 273, 405, 1, 0, 1
2308, 1, 1636429750310, 1636429750978, 668, 265, 403, 0, 0, 0
2309, 1, 1636429750351, 1636429751018, 667, 268, 399, 1, 2, 3
2310, 1, 1636429750659, 1636429751334, 675, 273, 402, 2, 0, 2
2311, 1, 1636429750852, 1636429751514, 662, 267, 395, 2, 1, 3
2312, 1, 1636429750979, 1636429751654, 675, 271, 404, 1, 1, 2
2313, 1, 1636429751020, 1636429751686, 666, 275, 391, 1, 1, 2
2314, 1, 1636429751336, 1636429752002, 666, 269, 397, 0, 0, 0
2315, 1, 1636429751516, 1636429752186, 670, 270, 400, 0, 0, 0
2316, 1, 1636429751656, 1636429752330, 674, 269, 405, 0, 0, 0
2317, 1, 1636429751688, 1636429752366, 678, 273, 405, 0, 0, 0
2318, 1, 1636429752004, 1636429752674, 670, 269, 401, 1, 0, 1
2319, 1, 1636429752188, 1636429752858, 670, 268, 402, 0, 2, 2
2321, 1, 1636429752367, 1636429753046, 679, 278, 401, 2, 0, 2
2320, 1, 1636429752331, 1636429753122, 791, 394, 397, 0, 1, 1
2322, 1, 1636429752675, 1636429753354, 679, 274, 405, 0, 2, 2
2323, 1, 1636429752859, 1636429753526, 667, 270, 397, 2, 0, 2
2324, 1, 1636429753048, 1636429753722, 674, 275, 399, 0, 1, 1
2325, 1, 1636429753124, 1636429753794, 670, 274, 396, 1, 0, 1
2326, 1, 1636429753356, 1636429754022, 666, 270, 396, 0, 0, 0
2327, 1, 1636429753528, 1636429754194, 666, 274, 392, 1, 0, 1
2328, 1, 1636429753724, 1636429754394, 670, 270, 400, 1, 0, 1
2329, 1, 1636429753796, 1636429754462, 666, 266, 400, 1, 0, 1
2330, 1, 1636429754024, 1636429754694, 670, 270, 400, 2, 0, 2
2331, 1, 1636429754196, 1636429754878, 682, 278, 404, 0, 1, 1
2332, 1, 1636429754396, 1636429755062, 666, 270, 396, 0, 0, 0
2333, 1, 1636429754464, 1636429755134, 670, 269, 401, 1, 0, 1
2334, 1, 1636429754696, 1636429755366, 670, 274, 396, 0, 1, 1
2335, 1, 1636429754879, 1636429755562, 683, 274, 409, 1, 1, 2
2336, 1, 1636429755064, 1636429755734, 670, 271, 399, 0, 1, 1
2337, 1, 1636429755136, 1636429755810, 674, 270, 404, 1, 0, 1
2338, 1, 1636429755368, 1636429756038, 670, 275, 395, 0, 2, 2
2283, 2, 1636429746003, 1636429756182, 10179, 1, 10178, 1, 0, 1
2339, 1, 1636429755564, 1636429756226, 662, 263, 399, 2, 0, 2
2282, 2, 1636429746002, 1636429756229, 10227, 0, 10227, 1, 0, 1
2340, 1, 1636429755736, 1636429756398, 662, 267, 395, 0, 0, 0
2341, 1, 1636429755812, 1636429756494, 682, 285, 397, 0, 20, 20
2342, 1, 1636429756039, 1636429756770, 731, 313, 418, 47, 1, 48
2343, 1, 1636429756231, 1636429756902, 671, 268, 403, 0, 0, 0
2346, 1, 1636429756399, 1636429757070, 671, 274, 397, 0, 1, 1
2347, 1, 1636429756495, 1636429757162, 667, 271, 396, 0, 0, 0
2348, 1, 1636429756772, 1636429757438, 666, 274, 392, 0, 1, 1
2349, 1, 1636429756904, 1636429757578, 674, 267, 407, 0, 0, 0
2350, 1, 1636429757072, 1636429757738, 666, 274, 392, 1, 0, 1
2351, 1, 1636429757164, 1636429757834, 670, 271, 399, 1, 0, 1
2352, 1, 1636429757441, 1636429758126, 685, 277, 408, 0, 1, 1
2353, 1, 1636429757580, 1636429758254, 674, 269, 405, 0, 0, 0
2354, 1, 1636429757740, 1636429758414, 674, 274, 400, 2, 0, 2
2355, 1, 1636429757835, 1636429758506, 671, 266, 405, 1, 1, 2
2356, 1, 1636429758127, 1636429758806, 679, 275, 404, 1, 0, 1
2357, 1, 1636429758256, 1636429758934, 678, 270, 408, 2, 0, 2
2358, 1, 1636429758416, 1636429759086, 670, 271, 399, 1, 1, 2
2359, 1, 1636429758508, 1636429759182, 674, 275, 399, 1, 0, 1
2360, 1, 1636429758808, 1636429759486, 678, 273, 405, 0, 0, 0
2361, 1, 1636429758936, 1636429759606, 670, 269, 401, 1, 0, 1
2362, 1, 1636429759088, 1636429759758, 670, 275, 395, 2, 1, 3
2363, 1, 1636429759184, 1636429759866, 682, 277, 405, 0, 0, 0
2364, 1, 1636429759488, 1636429760158, 670, 274, 396, 0, 0, 0
2365, 1, 1636429759608, 1636429760290, 682, 270, 412, 0, 0, 0
2366, 1, 1636429759759, 1636429760430, 671, 270, 401, 1, 0, 1
2367, 1, 1636429759867, 1636429760538, 671, 269, 402, 1, 0, 1
2368, 1, 1636429760160, 1636429760834, 674, 282, 392, 2, 1, 3
2369, 1, 1636429760292, 1636429760966, 674, 274, 400, 0, 1, 1
2370, 1, 1636429760432, 1636429761098, 666, 275, 391, 1, 1, 2
2371, 1, 1636429760540, 1636429761214, 674, 275, 399, 2, 0, 2
2372, 1, 1636429760836, 1636429761502, 666, 270, 396, 1, 0, 1
2373, 1, 1636429760968, 1636429761646, 678, 274, 404, 1, 0, 1
2374, 1, 1636429761100, 1636429761770, 670, 274, 396, 0, 1, 1
2375, 1, 1636429761216, 1636429761894, 678, 275, 403, 0, 1, 1
2376, 1, 1636429761504, 1636429762178, 674, 273, 401, 0, 0, 0
2377, 1, 1636429761648, 1636429762318, 670, 269, 401, 0, 0, 0
2378, 1, 1636429761772, 1636429762438, 666, 270, 396, 0, 0, 0
2379, 1, 1636429761896, 1636429762570, 674, 269, 405, 0, 0, 0
2380, 1, 1636429762179, 1636429762842, 663, 266, 397, 0, 0, 0
2381, 1, 1636429762319, 1636429762994, 675, 268, 407, 0, 0, 0
2382, 1, 1636429762440, 1636429763110, 670, 276, 394, 1, 0, 1
2383, 1, 1636429762572, 1636429763250, 678, 271, 407, 1, 1, 2
2384, 1, 1636429762844, 1636429763518, 674, 274, 400, 0, 1, 1
2385, 1, 1636429762997, 1636429763674, 677, 268, 409, 1, 0, 1
2386, 1, 1636429763112, 1636429763778, 666, 270, 396, 2, 0, 2
2387, 1, 1636429763252, 1636429763926, 674, 276, 398, 0, 0, 0
2388, 1, 1636429763519, 1636429764190, 671, 271, 400, 0, 1, 1
2389, 1, 1636429763676, 1636429764354, 678, 273, 405, 1, 0, 1
2390, 1, 1636429763780, 1636429764442, 662, 271, 391, 1, 0, 1
2391, 1, 1636429763927, 1636429764614, 687, 275, 412, 2, 0, 2
2392, 1, 1636429764192, 1636429764858, 666, 270, 396, 0, 1, 1
2393, 1, 1636429764356, 1636429765034, 678, 275, 403, 1, 0, 1
2394, 1, 1636429764444, 1636429765114, 670, 271, 399, 2, 0, 2
2395, 1, 1636429764616, 1636429765290, 674, 274, 400, 1, 1, 2
2396, 1, 1636429764860, 1636429765530, 670, 270, 400, 1, 0, 1
2397, 1, 1636429765036, 1636429765714, 678, 277, 401, 0, 1, 1
2398, 1, 1636429765116, 1636429765790, 674, 271, 403, 0, 1, 1
2399, 1, 1636429765292, 1636429765962, 670, 270, 400, 1, 1, 2
2400, 1, 1636429765532, 1636429766210, 678, 271, 407, 1, 0, 1
2401, 1, 1636429765716, 1636429766398, 682, 275, 407, 0, 2, 2
2402, 1, 1636429765792, 1636429766446, 654, 265, 389, 1, 0, 1
2344, 2, 1636429756318, 1636429766493, 10175, 0, 10175, 0, 0, 0
2345, 2, 1636429756318, 1636429766541, 10223, 1, 10222, 1, 1, 2
2403, 1, 1636429765963, 1636429766626, 663, 266, 397, 0, 0, 0
2404, 1, 1636429766211, 1636429766898, 687, 290, 397, 3, 16, 19
2405, 1, 1636429766399, 1636429767078, 679, 317, 362, 49, 1, 50
2406, 1, 1636429766542, 1636429767162, 620, 266, 354, 1, 0, 1
2407, 1, 1636429766628, 1636429767294, 666, 271, 395, 1, 0, 1
2410, 1, 1636429766899, 1636429767562, 663, 269, 394, 0, 0, 0
2411, 1, 1636429767079, 1636429767758, 679, 274, 405, 1, 0, 1
2412, 1, 1636429767164, 1636429767830, 666, 270, 396, 1, 1, 2
2413, 1, 1636429767295, 1636429767970, 675, 274, 401, 1, 0, 1
2414, 1, 1636429767564, 1636429768234, 670, 273, 397, 0, 0, 0
2415, 1, 1636429767760, 1636429768434, 674, 270, 404, 0, 0, 0
2416, 1, 1636429767832, 1636429768498, 666, 270, 396, 1, 0, 1
2417, 1, 1636429767971, 1636429768646, 675, 272, 403, 0, 0, 0
2418, 1, 1636429768236, 1636429768902, 666, 271, 395, 0, 2, 2
2419, 1, 1636429768436, 1636429769102, 666, 270, 396, 0, 0, 0
2420, 1, 1636429768500, 1636429769166, 666, 266, 400, 0, 0, 0
2421, 1, 1636429768648, 1636429769306, 658, 259, 399, 0, 0, 0
2422, 1, 1636429768904, 1636429769574, 670, 269, 401, 0, 0, 0
2423, 1, 1636429769104, 1636429769778, 674, 271, 403, 0, 1, 1
2424, 1, 1636429769168, 1636429769826, 658, 266, 392, 2, 0, 2
2425, 1, 1636429769308, 1636429769978, 670, 269, 401, 0, 0, 0
2426, 1, 1636429769575, 1636429770242, 667, 266, 401, 0, 0, 0
2427, 1, 1636429769780, 1636429770454, 674, 269, 405, 2, 0, 2
2428, 1, 1636429769828, 1636429770494, 666, 273, 393, 1, 1, 2
2429, 1, 1636429769979, 1636429770650, 671, 270, 401, 0, 0, 0
2430, 1, 1636429770243, 1636429770910, 667, 270, 397, 1, 0, 1
2431, 1, 1636429770455, 1636429771138, 683, 277, 406, 0, 0, 0
2432, 1, 1636429770651, 1636429771330, 679, 271, 408, 0, 0, 0
2433, 1, 1636429770912, 1636429771582, 670, 269, 401, 1, 0, 1
2434, 1, 1636429771332, 1636429772010, 678, 275, 403, 2, 0, 2
2435, 1, 1636429771584, 1636429772246, 662, 267, 395, 0, 0, 0
2436, 1, 1636429772011, 1636429772690, 679, 273, 406, 0, 1, 1
2437, 1, 1636429772248, 1636429772926, 678, 274, 404, 1, 2, 3
2438, 1, 1636429772692, 1636429773362, 670, 274, 396, 0, 0, 0
2439, 1, 1636429772930, 1636429773610, 680, 276, 404, 2, 1, 3
2440, 1, 1636429773364, 1636429774046, 682, 274, 408, 0, 1, 1
2441, 1, 1636429773612, 1636429774290, 678, 274, 404, 2, 0, 2
2442, 1, 1636429774048, 1636429774722, 674, 269, 405, 1, 0, 1
2443, 1, 1636429774292, 1636429774966, 674, 273, 401, 0, 1, 1
2444, 1, 1636429774724, 1636429775398, 674, 270, 404, 1, 0, 1
2445, 1, 1636429774967, 1636429775642, 675, 274, 401, 1, 1, 2
2446, 1, 1636429775400, 1636429776070, 670, 270, 400, 1, 0, 1
2447, 1, 1636429775644, 1636429776318, 674, 275, 399, 1, 0, 1
2448, 1, 1636429776072, 1636429776746, 674, 270, 404, 1, 0, 1
2409, 2, 1636429766631, 1636429776810, 10179, 1, 10178, 2, 0, 2
2408, 2, 1636429766630, 1636429776854, 10224, 1, 10223, 1, 0, 1
2449, 1, 1636429776320, 1636429777210, 890, 498, 392, 1, 16, 17
2450, 1, 1636429776747, 1636429777442, 695, 274, 421, 0, 0, 0
2453, 1, 1636429777211, 1636429777886, 675, 274, 401, 1, 1, 2
2454, 1, 1636429777888, 1636429778558, 670, 266, 404, 1, 0, 1
2455, 1, 1636429778560, 1636429779238, 678, 277, 401, 1, 1, 2
2456, 1, 1636429779240, 1636429779914, 674, 269, 405, 0, 1, 1
2457, 1, 1636429779916, 1636429780594, 678, 271, 407, 2, 1, 3
2458, 1, 1636429780596, 1636429781278, 682, 277, 405, 1, 1, 2
2459, 1, 1636429781280, 1636429781954, 674, 269, 405, 1, 0, 1
2460, 1, 1636429781956, 1636429782634, 678, 274, 404, 1, 2, 3
2461, 1, 1636429782636, 1636429783318, 682, 275, 407, 1, 0, 1
2462, 1, 1636429783320, 1636429783990, 670, 271, 399, 2, 0, 2
2463, 1, 1636429783992, 1636429784666, 674, 274, 400, 1, 0, 1
2464, 1, 1636429784668, 1636429785354, 686, 278, 408, 1, 0, 1
2465, 1, 1636429785356, 1636429786030, 674, 269, 405, 1, 1, 2
2466, 1, 1636429786032, 1636429786710, 678, 274, 404, 2, 0, 2
2451, 2, 1636429776942, 1636429787122, 10180, 1, 10179, 2, 0, 2
2452, 2, 1636429776943, 1636429787169, 10226, 0, 10226, 0, 0, 0
2467, 1, 1636429786712, 1636429787434, 722, 278, 444, 1, 4, 5
2470, 1, 1636429787436, 1636429788106, 670, 265, 405, 0, 0, 0
2471, 1, 1636429788108, 1636429788786, 678, 275, 403, 2, 0, 2
2472, 1, 1636429788788, 1636429789458, 670, 270, 400, 0, 0, 0
2473, 1, 1636429789460, 1636429790126, 666, 271, 395, 1, 2, 3
2468, 2, 1636429787258, 1636429797437, 10179, 1, 10178, 2, 0, 2
2469, 2, 1636429787259, 1636429797481, 10222, 0, 10222, 1, 0, 1
2474, 1, 1636429790128, 1636429797974, 7846, 7446, 400, 1, 0, 1
2475, 2, 1636429797574, 1636429807754, 10180, 0, 10180, 1, 0, 1
2476, 2, 1636429797575, 1636429807801, 10226, 1, 10225, 1, 0, 1
2477, 1, 1636429807890, 1636429808558, 668, 265, 403, 0, 0, 0
2478, 1, 1636429807890, 1636429809014, 1124, 717, 407, 1, 0, 1
2479, 1, 1636429808560, 1636429809230, 670, 275, 395, 2, 0, 2
2480, 1, 1636429809016, 1636429809690, 674, 270, 404, 0, 0, 0
2481, 1, 1636429809232, 1636429809906, 674, 269, 405, 0, 1, 1
2482, 1, 1636429809692, 1636429810370, 678, 273, 405, 1, 0, 1
2483, 1, 1636429809908, 1636429810586, 678, 272, 406, 1, 0, 1
2484, 1, 1636429810372, 1636429811050, 678, 273, 405, 0, 1, 1
2485, 1, 1636429810588, 1636429811262, 674, 271, 403, 2, 1, 3
2486, 1, 1636429811052, 1636429811730, 678, 273, 405, 0, 0, 0
2487, 1, 1636429811264, 1636429811942, 678, 275, 403, 1, 0, 1
2488, 1, 1636429811732, 1636429812406, 674, 269, 405, 1, 0, 1
2489, 1, 1636429811944, 1636429812622, 678, 272, 406, 0, 0, 0
2490, 1, 1636429812408, 1636429813086, 678, 277, 401, 0, 0, 0
2491, 1, 1636429812624, 1636429813302, 678, 273, 405, 0, 1, 1
2492, 1, 1636429813089, 1636429813766, 677, 272, 405, 0, 0, 0
2493, 1, 1636429813304, 1636429813974, 670, 266, 404, 0, 2, 2
2494, 1, 1636429813768, 1636429814434, 666, 266, 400, 0, 1, 1
2495, 1, 1636429813975, 1636429814654, 679, 274, 405, 0, 2, 2
2496, 1, 1636429814437, 1636429815118, 681, 277, 404, 0, 0, 0
2497, 1, 1636429814657, 1636429815334, 677, 269, 408, 1, 0, 1
2498, 1, 1636429815120, 1636429815794, 674, 269, 405, 1, 0, 1
2499, 1, 1636429815335, 1636429816010, 675, 269, 406, 0, 0, 0
2500, 1, 1636429815796, 1636429816474, 678, 273, 405, 1, 1, 2
2501, 1, 1636429816012, 1636429816690, 678, 275, 403, 1, 0, 1
2502, 1, 1636429816477, 1636429817150, 673, 270, 403, 1, 1, 2
2503, 1, 1636429816692, 1636429817366, 674, 273, 401, 0, 1, 1
2504, 1, 1636429817151, 1636429817818, 667, 266, 401, 1, 0, 1
2505, 1, 1636429817367, 1636429818046, 679, 273, 406, 1, 1, 2
2506, 1, 1636429817820, 1636429818498, 678, 277, 401, 1, 1, 2
2507, 1, 1636429818048, 1636429818718, 670, 266, 404, 1, 0, 1
2508, 1, 1636429818501, 1636429819178, 677, 275, 402, 1, 1, 2
2509, 1, 1636429818720, 1636429819394, 674, 269, 405, 0, 0, 0
2510, 1, 1636429819180, 1636429819858, 678, 273, 405, 2, 0, 2
2511, 1, 1636429819396, 1636429820078, 682, 272, 410, 0, 0, 0
2512, 1, 1636429819860, 1636429820534, 674, 271, 403, 1, 1, 2
2513, 1, 1636429820080, 1636429820754, 674, 268, 406, 0, 1, 1
2514, 1, 1636429820536, 1636429821218, 682, 274, 408, 0, 1, 1
2515, 1, 1636429820756, 1636429821434, 678, 274, 404, 2, 1, 3
2516, 1, 1636429821220, 1636429821886, 666, 269, 397, 0, 0, 0
2517, 1, 1636429821436, 1636429822118, 682, 275, 407, 0, 0, 0
2518, 1, 1636429821887, 1636429822574, 687, 282, 405, 3, 0, 3
2519, 1, 1636429822120, 1636429822790, 670, 267, 403, 0, 2, 2
2520, 1, 1636429822576, 1636429823242, 666, 266, 400, 0, 0, 0
2521, 1, 1636429822792, 1636429823466, 674, 274, 400, 0, 0, 0
2522, 1, 1636429823244, 1636429823914, 670, 273, 397, 1, 0, 1
2523, 1, 1636429823468, 1636429824146, 678, 275, 403, 2, 1, 3
2524, 1, 1636429823916, 1636429824602, 686, 282, 404, 0, 0, 0
2525, 1, 1636429824148, 1636429824822, 674, 269, 405, 0, 0, 0
2526, 1, 1636429824604, 1636429825282, 678, 274, 404, 1, 1, 2
2527, 1, 1636429824824, 1636429825502, 678, 273, 405, 1, 0, 1
2528, 1, 1636429825285, 1636429825962, 677, 273, 404, 1, 0, 1
2529, 1, 1636429825504, 1636429826182, 678, 273, 405, 0, 1, 1
2530, 1, 1636429825964, 1636429826638, 674, 271, 403, 1, 2, 3
2531, 1, 1636429826184, 1636429826858, 674, 271, 403, 0, 1, 1
2532, 1, 1636429826639, 1636429827314, 675, 274, 401, 0, 0, 0
2533, 1, 1636429826860, 1636429827522, 662, 266, 396, 0, 0, 0
2534, 1, 1636429827316, 1636429827982, 666, 269, 397, 1, 1, 2
2535, 1, 1636429827524, 1636429828194, 670, 269, 401, 1, 0, 1
2536, 1, 1636429827984, 1636429828666, 682, 274, 408, 0, 1, 1
2537, 1, 1636429828196, 1636429828874, 678, 274, 404, 1, 0, 1
2538, 1, 1636429828668, 1636429829342, 674, 269, 405, 1, 0, 1
2539, 1, 1636429828875, 1636429829558, 683, 272, 411, 0, 0, 0
2540, 1, 1636429829344, 1636429830026, 682, 274, 408, 0, 0, 0
2541, 1, 1636429829560, 1636429830242, 682, 279, 403, 0, 3, 3
2542, 1, 1636429830028, 1636429830702, 674, 274, 400, 0, 0, 0
2543, 1, 1636429830243, 1636429830914, 671, 269, 402, 1, 0, 1
2544, 1, 1636429830704, 1636429831374, 670, 270, 400, 1, 0, 1
2545, 1, 1636429830916, 1636429831594, 678, 274, 404, 0, 0, 0
2546, 1, 1636429831375, 1636429832050, 675, 270, 405, 1, 0, 1
2547, 1, 1636429831595, 1636429832266, 671, 266, 405, 1, 0, 1
2548, 1, 1636429832052, 1636429832726, 674, 270, 404, 0, 0, 0
2549, 1, 1636429832268, 1636429832938, 670, 270, 400, 0, 0, 0
2550, 1, 1636429832733, 1636429833402, 669, 269, 400, 1, 0, 1
2551, 1, 1636429832940, 1636429833618, 678, 274, 404, 0, 1, 1
2552, 1, 1636429833404, 1636429834074, 670, 274, 396, 1, 0, 1
2553, 1, 1636429833620, 1636429834294, 674, 271, 403, 0, 1, 1
2554, 1, 1636429834076, 1636429834750, 674, 276, 398, 1, 2, 3
2555, 1, 1636429834296, 1636429834958, 662, 269, 393, 1, 0, 1
2556, 1, 1636429834751, 1636429835422, 671, 270, 401, 0, 0, 0
2557, 1, 1636429834959, 1636429835634, 675, 274, 401, 2, 0, 2
2558, 1, 1636429835424, 1636429836094, 670, 269, 401, 1, 1, 2
2559, 1, 1636429835636, 1636429836310, 674, 268, 406, 1, 0, 1
2560, 1, 1636429836096, 1636429836770, 674, 272, 402, 1, 0, 1
2561, 1, 1636429836312, 1636429836982, 670, 270, 400, 1, 1, 2
2562, 1, 1636429836772, 1636429837446, 674, 274, 400, 1, 0, 1
2563, 1, 1636429836984, 1636429837662, 678, 276, 402, 0, 2, 2
2564, 1, 1636429837448, 1636429838118, 670, 270, 400, 0, 0, 0
2565, 1, 1636429837663, 1636429838334, 671, 275, 396, 1, 0, 1
2566, 1, 1636429838119, 1636429838794, 675, 269, 406, 0, 0, 0
2567, 1, 1636429838336, 1636429839010, 674, 268, 406, 0, 0, 0
2568, 1, 1636429838796, 1636429839474, 678, 274, 404, 0, 1, 1
2569, 1, 1636429839012, 1636429839694, 682, 278, 404, 1, 0, 1
2570, 1, 1636429839477, 1636429840146, 669, 270, 399, 0, 0, 0
2571, 1, 1636429839696, 1636429840370, 674, 273, 401, 1, 0, 1
2572, 1, 1636429840148, 1636429840826, 678, 278, 400, 1, 1, 2
2573, 1, 1636429840372, 1636429841042, 670, 268, 402, 0, 0, 0
2574, 1, 1636429840828, 1636429841498, 670, 269, 401, 1, 0, 1
2575, 1, 1636429841044, 1636429841714, 670, 270, 400, 0, 1, 1
2576, 1, 1636429841500, 1636429842174, 674, 270, 404, 1, 1, 2
2577, 1, 1636429841716, 1636429842390, 674, 270, 404, 0, 1, 1
2578, 1, 1636429842176, 1636429842850, 674, 274, 400, 1, 1, 2
2579, 1, 1636429842392, 1636429843070, 678, 274, 404, 1, 1, 2
2580, 1, 1636429842851, 1636429843526, 675, 273, 402, 0, 0, 0
2581, 1, 1636429843072, 1636429843742, 670, 271, 399, 2, 0, 2
2582, 1, 1636429843529, 1636429844202, 673, 271, 402, 1, 1, 2
2583, 1, 1636429843744, 1636429844422, 678, 279, 399, 2, 1, 3
2584, 1, 1636429844203, 1636429844878, 675, 269, 406, 1, 0, 1
2585, 1, 1636429844424, 1636429845102, 678, 273, 405, 2, 0, 2
2586, 1, 1636429844880, 1636429845554, 674, 275, 399, 1, 0, 1
2587, 1, 1636429845104, 1636429845782, 678, 274, 404, 2, 1, 3
2588, 1, 1636429845556, 1636429846238, 682, 279, 403, 2, 1, 3
2589, 1, 1636429845784, 1636429846450, 666, 268, 398, 0, 0, 0
2590, 1, 1636429846241, 1636429846902, 661, 267, 394, 0, 2, 2
2591, 1, 1636429846452, 1636429847130, 678, 273, 405, 1, 0, 1
2592, 1, 1636429846904, 1636429847582, 678, 278, 400, 0, 0, 0
2593, 1, 1636429847132, 1636429847810, 678, 274, 404, 0, 0, 0
2594, 1, 1636429847584, 1636429848262, 678, 277, 401, 0, 0, 0
2595, 1, 1636429847812, 1636429848486, 674, 274, 400, 1, 0, 1
2596, 1, 1636429848264, 1636429848942, 678, 273, 405, 1, 0, 1
2597, 1, 1636429848488, 1636429849162, 674, 274, 400, 1, 2, 3
2598, 1, 1636429848945, 1636429849618, 673, 272, 401, 0, 0, 0
2599, 1, 1636429849164, 1636429849838, 674, 271, 403, 2, 1, 3
2600, 1, 1636429849620, 1636429850298, 678, 269, 409, 1, 0, 1
2601, 1, 1636429869280, 1636429869914, 634, 274, 360, 3, 0, 3
2602, 1, 1636429870148, 1636429870766, 618, 266, 352, 1, 0, 1
2603, 1, 1636429870278, 1636429870906, 628, 266, 362, 0, 0, 0
2604, 1, 1636429871137, 1636429871766, 629, 274, 355, 1, 0, 1
2605, 1, 1636429871265, 1636429871906, 641, 278, 363, 1, 0, 1
2606, 1, 1636429871485, 1636429872118, 633, 270, 363, 0, 1, 1
2607, 1, 1636429871949, 1636429872570, 621, 268, 353, 0, 0, 0
2608, 1, 1636429872124, 1636429872750, 626, 270, 356, 1, 1, 2
2609, 1, 1636429872271, 1636429872906, 635, 272, 363, 0, 0, 0
2610, 1, 1636429872483, 1636429873114, 631, 271, 360, 2, 1, 3
2611, 1, 1636429872576, 1636429873202, 626, 271, 355, 2, 1, 3
2612, 1, 1636429872933, 1636429873558, 625, 275, 350, 0, 0, 0
2613, 1, 1636429873128, 1636429873766, 638, 275, 363, 1, 0, 1
2614, 1, 1636429873171, 1636429873798, 627, 262, 365, 0, 0, 0
2615, 1, 1636429873303, 1636429873934, 631, 274, 357, 0, 0, 0
2616, 1, 1636429873461, 1636429874102, 641, 280, 361, 1, 0, 1
2617, 1, 1636429873560, 1636429874190, 630, 273, 357, 0, 0, 0
2618, 1, 1636429873751, 1636429874378, 627, 274, 353, 0, 0, 0
2619, 1, 1636429873918, 1636429874554, 636, 279, 357, 0, 0, 0
2620, 1, 1636429874156, 1636429874786, 630, 269, 361, 0, 0, 0
2621, 1, 1636429874159, 1636429874790, 631, 266, 365, 1, 0, 1
2622, 1, 1636429874301, 1636429874930, 629, 273, 356, 1, 0, 1
2623, 1, 1636429874468, 1636429875102, 634, 273, 361, 1, 0, 1
2624, 1, 1636429874539, 1636429875170, 631, 270, 361, 1, 0, 1
2625, 1, 1636429874558, 1636429875186, 628, 267, 361, 2, 1, 3
2626, 1, 1636429874735, 1636429875362, 627, 274, 353, 1, 1, 2
2628, 1, 1636429874949, 1636429875578, 629, 271, 358, 0, 1, 1
2627, 1, 1636429874926, 1636429875638, 712, 359, 353, 0, 0, 0
2629, 1, 1636429875135, 1636429875762, 627, 267, 360, 1, 1, 2
2630, 1, 1636429875158, 1636429875786, 628, 270, 358, 0, 0, 0
2631, 1, 1636429875308, 1636429876098, 790, 429, 361, 0, 0, 0
2632, 1, 1636429875487, 1636429876126, 639, 274, 365, 1, 0, 1
2633, 1, 1636429875500, 1636429876126, 626, 266, 360, 1, 0, 1
2635, 1, 1636429875569, 1636429876190, 621, 266, 355, 0, 0, 0
2636, 1, 1636429875722, 1636429876346, 624, 270, 354, 1, 0, 1
2634, 1, 1636429875522, 1636429876554, 1032, 675, 357, 0, 0, 0
2637, 1, 1636429875868, 1636429876574, 706, 350, 356, 0, 0, 0
2638, 1, 1636429875981, 1636429876610, 629, 271, 358, 1, 1, 2
2639, 1, 1636429876140, 1636429876766, 626, 270, 356, 1, 0, 1
2641, 1, 1636429876324, 1636429876950, 626, 269, 357, 0, 0, 0
2640, 1, 1636429876164, 1636429877002, 838, 485, 353, 0, 1, 1
2642, 1, 1636429876479, 1636429877094, 615, 263, 352, 0, 0, 0
2643, 1, 1636429876482, 1636429877098, 616, 266, 350, 1, 0, 1
2645, 1, 1636429876593, 1636429877218, 625, 265, 360, 0, 0, 0
2646, 1, 1636429876727, 1636429877358, 631, 270, 361, 1, 0, 1
2647, 1, 1636429876806, 1636429877454, 648, 294, 354, 0, 0, 0
2644, 1, 1636429876556, 1636429877546, 990, 582, 408, 0, 0, 0
2648, 1, 1636429876844, 1636429877546, 702, 345, 357, 0, 0, 0
2650, 1, 1636429877165, 1636429877790, 625, 270, 355, 0, 0, 0
2651, 1, 1636429877176, 1636429877810, 634, 279, 355, 1, 0, 1
2652, 1, 1636429877355, 1636429877974, 619, 263, 356, 1, 0, 1
2649, 1, 1636429876960, 1636429878002, 1042, 682, 360, 1, 0, 1
2653, 1, 1636429877493, 1636429878122, 629, 270, 359, 1, 0, 1
2654, 1, 1636429877516, 1636429878142, 626, 271, 355, 0, 1, 1
2655, 1, 1636429877557, 1636429878230, 673, 274, 399, 1, 0, 1
2657, 1, 1636429877759, 1636429878390, 631, 275, 356, 3, 0, 3
2658, 1, 1636429877760, 1636429878394, 634, 274, 360, 2, 1, 3
2656, 1, 1636429877572, 1636429878450, 878, 530, 348, 0, 0, 0
2659, 1, 1636429877862, 1636429878598, 736, 382, 354, 0, 0, 0
2660, 1, 1636429878004, 1636429878674, 670, 275, 395, 1, 0, 1
2661, 1, 1636429878046, 1636429878678, 632, 275, 357, 4, 0, 4
2663, 1, 1636429878195, 1636429878814, 619, 266, 353, 2, 0, 2
2662, 1, 1636429878142, 1636429878898, 756, 395, 361, 0, 0, 0
2664, 1, 1636429878361, 1636429878986, 625, 271, 354, 0, 1, 1
2665, 1, 1636429878516, 1636429879138, 622, 274, 348, 0, 0, 0
2666, 1, 1636429878527, 1636429879158, 631, 275, 356, 1, 1, 2
2667, 1, 1636429878540, 1636429879178, 638, 269, 369, 0, 0, 0
2668, 1, 1636429878562, 1636429879194, 632, 274, 358, 0, 0, 0
2670, 1, 1636429878739, 1636429879366, 627, 269, 358, 0, 0, 0
2671, 1, 1636429878758, 1636429879390, 632, 274, 358, 0, 0, 0
2673, 1, 1636429878974, 1636429879590, 616, 267, 349, 2, 0, 2
2674, 1, 1636429878976, 1636429879606, 630, 275, 355, 1, 0, 1
2672, 1, 1636429878882, 1636429879626, 744, 386, 358, 1, 0, 1
2669, 1, 1636429878572, 1636429879638, 1066, 714, 352, 1, 0, 1
2677, 1, 1636429879195, 1636429879810, 615, 262, 353, 0, 0, 0
2678, 1, 1636429879332, 1636429879950, 618, 262, 356, 0, 1, 1
2676, 1, 1636429879154, 1636429880094, 940, 586, 354, 1, 0, 1
2679, 1, 1636429879493, 1636429880126, 633, 275, 358, 1, 0, 1
2681, 1, 1636429879538, 1636429880166, 628, 268, 360, 0, 0, 0
2682, 1, 1636429879547, 1636429880166, 619, 264, 355, 0, 0, 0
2684, 1, 1636429879640, 1636429880302, 662, 269, 393, 0, 0, 0
2685, 1, 1636429879743, 1636429880370, 627, 266, 361, 0, 0, 0
2689, 1, 1636429879954, 1636429880590, 636, 266, 370, 0, 0, 0
2688, 1, 1636429879947, 1636429880590, 643, 275, 368, 0, 0, 0
2687, 1, 1636429879871, 1636429880618, 747, 390, 357, 0, 0, 0
2692, 1, 1636429880161, 1636429880790, 629, 274, 355, 1, 0, 1
2691, 1, 1636429880154, 1636429880794, 640, 283, 357, 1, 0, 1
2693, 1, 1636429880316, 1636429880946, 630, 270, 360, 0, 0, 0
2694, 1, 1636429880471, 1636429881114, 643, 274, 369, 0, 0, 0
2696, 1, 1636429880546, 1636429881174, 628, 272, 356, 3, 1, 4
2697, 1, 1636429880638, 1636429881262, 624, 266, 358, 2, 1, 3
2699, 1, 1636429880767, 1636429881402, 635, 271, 364, 1, 0, 1
2701, 1, 1636429880939, 1636429881562, 623, 270, 353, 1, 0, 1
2702, 1, 1636429880985, 1636429881610, 625, 266, 359, 1, 0, 1
2703, 1, 1636429881131, 1636429881758, 627, 266, 361, 0, 0, 0
2704, 1, 1636429881177, 1636429881810, 633, 262, 371, 0, 0, 0
2705, 1, 1636429881303, 1636429881934, 631, 271, 360, 0, 0, 0
2707, 1, 1636429881479, 1636429882106, 627, 267, 360, 0, 0, 0
2709, 1, 1636429881637, 1636429882258, 621, 267, 354, 0, 0, 0
2708, 1, 1636429881518, 1636429882390, 872, 510, 362, 1, 0, 1
2710, 1, 1636429881765, 1636429882394, 629, 263, 366, 0, 0, 0
2712, 1, 1636429881904, 1636429882522, 618, 266, 352, 1, 0, 1
2713, 1, 1636429882008, 1636429882634, 626, 274, 352, 0, 0, 0
2715, 1, 1636429882211, 1636429882834, 623, 269, 354, 0, 0, 0
2714, 1, 1636429882096, 1636429882846, 750, 394, 356, 1, 0, 1
2716, 1, 1636429882316, 1636429882942, 626, 270, 356, 0, 0, 0
2718, 1, 1636429882503, 1636429883126, 623, 267, 356, 1, 0, 1
2719, 1, 1636429882512, 1636429883142, 630, 270, 360, 0, 0, 0
2720, 1, 1636429882602, 1636429883222, 620, 271, 349, 1, 2, 3
2722, 1, 1636429882905, 1636429883534, 629, 270, 359, 0, 0, 0
2723, 1, 1636429882987, 1636429883610, 623, 269, 354, 0, 0, 0
2724, 1, 1636429883096, 1636429883722, 626, 258, 368, 0, 0, 0
2725, 1, 1636429883180, 1636429883810, 630, 266, 364, 0, 0, 0
2726, 1, 1636429883284, 1636429883906, 622, 266, 356, 0, 0, 0
2727, 1, 1636429883481, 1636429884114, 633, 271, 362, 0, 1, 1
2729, 1, 1636429883636, 1636429884258, 622, 265, 357, 0, 0, 0
2728, 1, 1636429883498, 1636429884258, 760, 403, 357, 0, 0, 0
2730, 1, 1636429883907, 1636429884526, 619, 266, 353, 0, 0, 0
2732, 1, 1636429884066, 1636429884686, 620, 267, 353, 1, 0, 1
2733, 1, 1636429884150, 1636429884778, 628, 275, 353, 0, 0, 0
2734, 1, 1636429884292, 1636429884910, 618, 265, 353, 0, 0, 0
2736, 1, 1636429884518, 1636429885146, 628, 267, 361, 0, 0, 0
2737, 1, 1636429884665, 1636429885294, 629, 272, 357, 0, 0, 0
2738, 1, 1636429884940, 1636429885570, 630, 266, 364, 0, 0, 0
2739, 1, 1636429885073, 1636429885710, 637, 271, 366, 0, 0, 0
2740, 1, 1636429885115, 1636429885738, 623, 270, 353, 0, 0, 0
2741, 1, 1636429885275, 1636429885914, 639, 274, 365, 0, 0, 0
2742, 1, 1636429885486, 1636429886122, 636, 274, 362, 0, 1, 1
2743, 1, 1636429885675, 1636429886302, 627, 266, 361, 0, 0, 0
2744, 1, 1636429885966, 1636429886594, 628, 274, 354, 1, 0, 1
2745, 1, 1636429886069, 1636429886686, 617, 265, 352, 0, 0, 0
2746, 1, 1636429886116, 1636429886742, 626, 270, 356, 1, 0, 1
2747, 1, 1636429886241, 1636429886870, 629, 267, 362, 0, 0, 0
2748, 1, 1636429886519, 1636429887138, 619, 262, 357, 0, 0, 0
2749, 1, 1636429886704, 1636429887334, 630, 269, 361, 0, 0, 0
2750, 1, 1636429886935, 1636429887558, 623, 269, 354, 0, 0, 0
2751, 1, 1636429887062, 1636429887690, 628, 270, 358, 0, 0, 0
2752, 1, 1636429887083, 1636429887722, 639, 278, 361, 0, 0, 0
2753, 1, 1636429887241, 1636429887866, 625, 262, 363, 0, 0, 0
2754, 1, 1636429887515, 1636429888138, 623, 266, 357, 0, 0, 0
2755, 1, 1636429887693, 1636429888314, 621, 265, 356, 0, 0, 0
2756, 1, 1636429887934, 1636429888570, 636, 275, 361, 0, 1, 1
2757, 1, 1636429888092, 1636429888722, 630, 273, 357, 0, 1, 1
2758, 1, 1636429888105, 1636429888726, 621, 269, 352, 1, 0, 1
2759, 1, 1636429888276, 1636429888906, 630, 269, 361, 1, 0, 1
2760, 1, 1636429888504, 1636429889134, 630, 266, 364, 1, 0, 1
2675, 2, 1636429879097, 1636429889234, 10137, 0, 10137, 0, 1, 1
2761, 1, 1636429888691, 1636429889322, 631, 274, 357, 0, 0, 0
2762, 1, 1636429888962, 1636429889590, 628, 273, 355, 0, 4, 4
2680, 2, 1636429879518, 1636429889649, 10131, 0, 10131, 1, 0, 1
2683, 2, 1636429879630, 1636429889766, 10136, 0, 10136, 0, 0, 0
2764, 1, 1636429889101, 1636429889770, 669, 273, 396, 1, 0, 1
2763, 1, 1636429889100, 1636429889778, 678, 272, 406, 0, 0, 0
2765, 1, 1636429889242, 1636429889866, 624, 266, 358, 0, 0, 0
2686, 2, 1636429879771, 1636429889905, 10134, 0, 10134, 0, 0, 0
2766, 1, 1636429889505, 1636429890170, 665, 310, 355, 0, 40, 40
2690, 2, 1636429880154, 1636429890289, 10135, 1, 10134, 2, 0, 2
2767, 1, 1636429889767, 1636429890358, 591, 278, 313, 1, 4, 5
2768, 1, 1636429889979, 1636429890598, 619, 268, 351, 0, 2, 2
2695, 2, 1636429880544, 1636429890677, 10133, 1, 10132, 1, 0, 1
2770, 1, 1636429890099, 1636429890750, 651, 291, 360, 0, 21, 21
2769, 1, 1636429890077, 1636429890750, 673, 312, 361, 0, 44, 44
2698, 2, 1636429880731, 1636429890865, 10134, 0, 10134, 0, 0, 0
2773, 1, 1636429890190, 1636429890882, 692, 276, 416, 2, 1, 3
2772, 1, 1636429890186, 1636429890882, 696, 274, 422, 2, 1, 3
2775, 1, 1636429890236, 1636429890882, 646, 275, 371, 4, 0, 4
2700, 2, 1636429880872, 1636429891009, 10137, 0, 10137, 0, 0, 0
2777, 1, 1636429890506, 1636429891130, 624, 270, 354, 0, 4, 4
2778, 1, 1636429890737, 1636429891394, 657, 262, 395, 0, 0, 0
2706, 2, 1636429881310, 1636429891454, 10144, 0, 10144, 0, 0, 0
2779, 1, 1636429890814, 1636429891474, 660, 266, 394, 0, 0, 0
2781, 1, 1636429891010, 1636429891634, 624, 270, 354, 1, 0, 1
2782, 1, 1636429891059, 1636429891718, 659, 305, 354, 0, 41, 41
2784, 1, 1636429891124, 1636429891750, 626, 262, 364, 0, 0, 0
2783, 1, 1636429891105, 1636429891750, 645, 274, 371, 0, 0, 0
2786, 1, 1636429891166, 1636429891810, 644, 290, 354, 1, 21, 22
2787, 1, 1636429891236, 1636429891902, 666, 312, 354, 1, 44, 45
2785, 1, 1636429891146, 1636429891934, 788, 385, 403, 0, 1, 1
2711, 2, 1636429881833, 1636429891970, 10137, 0, 10137, 0, 0, 0
2788, 1, 1636429891494, 1636429892126, 632, 269, 363, 0, 0, 0
2790, 1, 1636429891747, 1636429892418, 671, 319, 352, 0, 46, 46
2791, 1, 1636429891767, 1636429892418, 651, 302, 349, 0, 29, 29
2717, 2, 1636429882320, 1636429892454, 10134, 0, 10134, 0, 0, 0
2792, 1, 1636429891970, 1636429892602, 632, 273, 359, 0, 0, 0
2793, 1, 1636429892037, 1636429892662, 625, 266, 359, 0, 0, 0
2797, 1, 1636429892124, 1636429892750, 626, 262, 364, 0, 0, 0
2796, 1, 1636429892118, 1636429892750, 632, 270, 362, 0, 1, 1
2799, 1, 1636429892227, 1636429892854, 627, 270, 357, 1, 0, 1
2795, 1, 1636429892103, 1636429892906, 803, 447, 356, 0, 36, 36
2721, 2, 1636429882777, 1636429892917, 10140, 0, 10140, 0, 0, 0
2800, 1, 1636429892464, 1636429893090, 626, 269, 357, 0, 0, 0
2802, 1, 1636429892722, 1636429893374, 652, 291, 361, 0, 24, 24
2803, 1, 1636429892752, 1636429893378, 626, 278, 348, 0, 1, 1
2804, 1, 1636429892937, 1636429893578, 641, 274, 367, 0, 0, 0
2805, 1, 1636429893037, 1636429893666, 629, 271, 358, 0, 0, 0
2807, 1, 1636429893085, 1636429893706, 621, 266, 355, 0, 0, 0
2808, 1, 1636429893089, 1636429893718, 629, 269, 360, 0, 0, 0
2806, 1, 1636429893054, 1636429893718, 664, 262, 402, 0, 0, 0
2809, 1, 1636429893091, 1636429893838, 747, 390, 357, 1, 0, 1
2810, 1, 1636429893242, 1636429893874, 632, 266, 366, 0, 0, 0
2811, 1, 1636429893432, 1636429894046, 614, 264, 350, 1, 1, 2
2731, 2, 1636429883992, 1636429894126, 10134, 1, 10133, 1, 0, 1
2812, 1, 1636429893693, 1636429894318, 625, 270, 355, 0, 0, 0
2813, 1, 1636429893718, 1636429894338, 620, 267, 353, 0, 0, 0
2814, 1, 1636429893921, 1636429894570, 649, 298, 351, 1, 29, 30
2735, 1, 1636429884493, 1636429894610, 10117, 9767, 350, 1, 0, 1
2815, 1, 1636429894004, 1636429894658, 654, 268, 386, 0, 0, 0
2816, 1, 1636429894052, 1636429894702, 650, 265, 385, 1, 0, 1
2817, 1, 1636429894054, 1636429894706, 652, 273, 379, 1, 1, 2
2819, 1, 1636429894127, 1636429894746, 619, 267, 352, 2, 0, 2
2818, 1, 1636429894068, 1636429894786, 718, 348, 370, 3, 0, 3
2820, 1, 1636429894258, 1636429894926, 668, 266, 402, 0, 0, 0
2822, 1, 1636429894400, 1636429895014, 614, 262, 352, 0, 0, 0
2821, 1, 1636429894258, 1636429895166, 908, 547, 361, 0, 0, 0
2823, 1, 1636429894611, 1636429895381, 770, 373, 397, 1, 0, 1
2825, 1, 1636429894752, 1636429895382, 630, 268, 362, 0, 0, 0
2824, 1, 1636429894688, 1636429895469, 781, 428, 353, 1, 0, 1
2826, 1, 1636429894894, 1636429895518, 624, 261, 363, 0, 0, 0
2827, 1, 1636429894987, 1636429895606, 619, 262, 357, 1, 0, 1
2828, 1, 1636429895032, 1636429895662, 630, 267, 363, 1, 0, 1
2829, 1, 1636429895074, 1636429895686, 612, 258, 354, 0, 1, 1
2831, 1, 1636429895119, 1636429895730, 611, 258, 353, 0, 1, 1
2832, 1, 1636429895212, 1636429895822, 610, 260, 350, 1, 1, 2
2830, 1, 1636429895079, 1636429895822, 743, 388, 355, 0, 2, 2
2833, 1, 1636429895252, 1636429895862, 610, 261, 349, 0, 0, 0
2834, 1, 1636429895422, 1636429896058, 636, 273, 363, 0, 0, 0
2835, 1, 1636429895599, 1636429896270, 671, 317, 354, 0, 0, 0
2836, 1, 1636429895681, 1636429896306, 625, 268, 357, 0, 0, 0
2837, 1, 1636429895755, 1636429896390, 635, 279, 356, 1, 1, 2
2838, 1, 1636429895915, 1636429896542, 627, 270, 357, 1, 0, 1
2839, 1, 1636429895952, 1636429896574, 622, 265, 357, 0, 1, 1
2840, 1, 1636429896020, 1636429896646, 626, 270, 356, 0, 0, 0
2841, 1, 1636429896067, 1636429896694, 627, 273, 354, 0, 0, 0
2843, 1, 1636429896127, 1636429896746, 619, 267, 352, 0, 1, 1
2844, 1, 1636429896189, 1636429896806, 617, 262, 355, 0, 0, 0
2842, 1, 1636429896088, 1636429896838, 750, 394, 356, 0, 1, 1
2845, 1, 1636429896227, 1636429896846, 619, 270, 349, 0, 0, 0
2846, 1, 1636429896437, 1636429897066, 629, 271, 358, 1, 0, 1
2847, 1, 1636429896576, 1636429897262, 686, 326, 360, 0, 0, 0
2848, 1, 1636429896702, 1636429897330, 628, 275, 353, 1, 0, 1
2849, 1, 1636429896765, 1636429897394, 629, 274, 355, 2, 0, 2
2850, 1, 1636429896913, 1636429897546, 633, 274, 359, 0, 1, 1
2851, 1, 1636429896985, 1636429897614, 629, 270, 359, 0, 0, 0
2852, 1, 1636429897034, 1636429897658, 624, 266, 358, 0, 0, 0
2855, 1, 1636429897157, 1636429897774, 617, 263, 354, 0, 1, 1
2856, 1, 1636429897189, 1636429897818, 629, 266, 363, 1, 0, 1
2854, 1, 1636429897110, 1636429897846, 736, 366, 370, 1, 0, 1
2857, 1, 1636429897243, 1636429897862, 619, 262, 357, 1, 0, 1
2858, 1, 1636429897406, 1636429898029, 623, 267, 356, 0, 0, 0
2853, 1, 1636429897044, 1636429898066, 1022, 669, 353, 1, 0, 1
2859, 1, 1636429897546, 1636429898274, 728, 366, 362, 0, 0, 0
2860, 1, 1636429897700, 1636429898322, 622, 268, 354, 0, 0, 0
2861, 1, 1636429897796, 1636429898422, 626, 270, 356, 0, 0, 0
2863, 1, 1636429897987, 1636429898614, 627, 265, 362, 0, 0, 0
2864, 1, 1636429898052, 1636429898670, 618, 267, 351, 0, 0, 0
2865, 1, 1636429898067, 1636429898730, 663, 271, 392, 2, 0, 2
2862, 1, 1636429897911, 1636429898773, 862, 510, 352, 1, 0, 1
2868, 1, 1636429898199, 1636429898814, 615, 265, 350, 1, 0, 1
2869, 1, 1636429898250, 1636429898866, 616, 262, 354, 0, 0, 0
2866, 1, 1636429898111, 1636429898870, 759, 401, 358, 0, 0, 0
2867, 1, 1636429898137, 1636429899122, 985, 622, 363, 1, 0, 1
2872, 1, 1636429898687, 1636429899310, 623, 263, 360, 0, 0, 0
2874, 1, 1636429898905, 1636429899533, 628, 273, 355, 0, 0, 0
2873, 1, 1636429898766, 1636429899578, 812, 454, 358, 1, 0, 1
2875, 1, 1636429899021, 1636429899642, 621, 270, 351, 1, 0, 1
2876, 1, 1636429899045, 1636429899670, 625, 270, 355, 0, 1, 1
2877, 1, 1636429899074, 1636429899706, 632, 273, 359, 2, 0, 2
2879, 1, 1636429899137, 1636429899794, 657, 263, 394, 1, 0, 1
2881, 1, 1636429899229, 1636429899850, 621, 266, 355, 0, 0, 0
2880, 1, 1636429899228, 1636429899850, 622, 267, 355, 0, 0, 0
2878, 1, 1636429899100, 1636429900026, 926, 574, 352, 0, 0, 0
2882, 1, 1636429899664, 1636429900286, 622, 265, 357, 0, 0, 0
2771, 2, 1636429890186, 1636429900377, 10191, 1, 10190, 2, 1, 3
2883, 1, 1636429899763, 1636429900382, 619, 265, 354, 0, 1, 1
2774, 2, 1636429890190, 1636429900421, 10231, 2, 10229, 2, 1, 3
2884, 1, 1636429899895, 1636429900518, 623, 272, 351, 3, 1, 4
2776, 2, 1636429890422, 1636429900593, 10171, 0, 10171, 1, 0, 1
2886, 1, 1636429900049, 1636429900686, 637, 282, 355, 0, 8, 8
2887, 1, 1636429900051, 1636429900690, 639, 281, 358, 0, 8, 8
2889, 1, 1636429900161, 1636429900866, 705, 299, 406, 0, 40, 40
2890, 1, 1636429900198, 1636429900866, 668, 266, 402, 0, 7, 7
2888, 1, 1636429900097, 1636429900866, 769, 411, 358, 0, 40, 40
2891, 1, 1636429900261, 1636429900950, 689, 308, 381, 1, 0, 1
2780, 2, 1636429891010, 1636429901185, 10175, 0, 10175, 1, 0, 1
2894, 1, 1636429900653, 1636429901282, 629, 270, 359, 0, 0, 0
2896, 1, 1636429900784, 1636429901450, 666, 309, 357, 0, 36, 36
2897, 1, 1636429900902, 1636429901542, 640, 286, 354, 2, 12, 14
2898, 1, 1636429901020, 1636429901646, 626, 266, 360, 0, 0, 0
2899, 1, 1636429901021, 1636429901658, 637, 270, 367, 1, 0, 1
2789, 2, 1636429891578, 1636429901753, 10175, 1, 10174, 0, 1, 1
2901, 1, 1636429901186, 1636429901802, 616, 263, 353, 1, 0, 1
2902, 1, 1636429901199, 1636429901810, 611, 258, 353, 0, 0, 0
2900, 1, 1636429901097, 1636429901894, 797, 488, 309, 44, 0, 44
2903, 1, 1636429901290, 1636429901898, 608, 259, 349, 0, 0, 0
2794, 2, 1636429892102, 1636429902277, 10175, 0, 10175, 0, 0, 0
2905, 1, 1636429901662, 1636429902294, 632, 317, 315, 47, 0, 47
2798, 2, 1636429892164, 1636429902320, 10156, 1, 10155, 1, 0, 1
2906, 1, 1636429901804, 1636429902434, 630, 273, 357, 0, 0, 0
2908, 1, 1636429901899, 1636429902586, 687, 332, 355, 0, 71, 71
2909, 1, 1636429902017, 1636429902678, 661, 305, 356, 1, 28, 29
2910, 1, 1636429902023, 1636429902678, 655, 301, 354, 0, 28, 28
2801, 1, 1636429892582, 1636429902818, 10236, 9831, 405, 1, 1, 2
2912, 1, 1636429902195, 1636429902858, 663, 273, 390, 2, 0, 2
2911, 1, 1636429902107, 1636429902886, 779, 425, 354, 1, 0, 1
2913, 1, 1636429902278, 1636429902902, 624, 267, 357, 1, 0, 1
2916, 1, 1636429902430, 1636429903090, 660, 262, 398, 0, 0, 0
2917, 1, 1636429902654, 1636429903278, 624, 271, 353, 2, 0, 2
2914, 1, 1636429902322, 1636429903302, 980, 673, 307, 1, 1, 2
2920, 1, 1636429902883, 1636429903506, 623, 273, 350, 0, 0, 0
2921, 1, 1636429902993, 1636429903618, 625, 273, 352, 1, 0, 1
2922, 1, 1636429903040, 1636429903666, 626, 270, 356, 0, 0, 0
2919, 1, 1636429902830, 1636429903754, 924, 562, 362, 1, 0, 1
2924, 1, 1636429903186, 1636429903802, 616, 263, 353, 0, 0, 0
2925, 1, 1636429903224, 1636429903838, 614, 263, 351, 0, 0, 0
2926, 1, 1636429903304, 1636429903970, 666, 264, 402, 0, 0, 0
2927, 1, 1636429903363, 1636429904110, 747, 393, 354, 0, 0, 0
2923, 1, 1636429903113, 1636429904206, 1093, 735, 358, 0, 0, 0
2928, 1, 1636429903639, 1636429904266, 627, 273, 354, 0, 0, 0
2929, 1, 1636429903829, 1636429904454, 625, 266, 359, 0, 0, 0
2930, 1, 1636429903887, 1636429904514, 627, 274, 353, 0, 0, 0
2931, 1, 1636429903974, 1636429904598, 624, 268, 356, 1, 0, 1
2932, 1, 1636429904044, 1636429904670, 626, 270, 356, 0, 0, 0
2933, 1, 1636429904160, 1636429904786, 626, 265, 361, 0, 0, 0
2934, 1, 1636429904208, 1636429904874, 666, 271, 395, 1, 1, 2
2935, 1, 1636429904261, 1636429904886, 625, 267, 358, 0, 1, 1
2936, 1, 1636429904320, 1636429904950, 630, 268, 362, 1, 0, 1
2937, 1, 1636429904344, 1636429904966, 622, 266, 356, 1, 0, 1
2938, 1, 1636429904642, 1636429905274, 632, 268, 364, 0, 0, 0
2939, 1, 1636429904801, 1636429905430, 629, 274, 355, 0, 0, 0
2940, 1, 1636429904876, 1636429905498, 622, 266, 356, 0, 0, 0
2941, 1, 1636429904977, 1636429905590, 613, 263, 350, 0, 0, 0
2942, 1, 1636429905057, 1636429905674, 617, 262, 355, 0, 0, 0
2943, 1, 1636429905154, 1636429905766, 612, 258, 354, 0, 0, 0
2944, 1, 1636429905224, 1636429905846, 622, 262, 360, 0, 0, 0
2945, 1, 1636429905264, 1636429905894, 630, 275, 355, 0, 1, 1
2946, 1, 1636429905328, 1636429905938, 610, 262, 348, 0, 0, 0
2948, 1, 1636429905625, 1636429906254, 629, 270, 359, 1, 0, 1
2949, 1, 1636429905798, 1636429906426, 628, 270, 358, 1, 1, 2
2950, 1, 1636429905858, 1636429906478, 620, 266, 354, 1, 0, 1
2951, 1, 1636429905979, 1636429906610, 631, 274, 357, 1, 0, 1
2952, 1, 1636429906043, 1636429906670, 627, 271, 356, 1, 0, 1
2953, 1, 1636429906148, 1636429906754, 606, 258, 348, 0, 0, 0
2954, 1, 1636429906224, 1636429906842, 618, 270, 348, 0, 0, 0
2955, 1, 1636429906290, 1636429906918, 628, 267, 361, 1, 0, 1
2956, 1, 1636429906339, 1636429906966, 627, 266, 361, 0, 0, 0
2957, 1, 1636429906607, 1636429907230, 623, 265, 358, 0, 0, 0
2958, 1, 1636429906776, 1636429907402, 626, 271, 355, 0, 0, 0
2959, 1, 1636429906860, 1636429907490, 630, 270, 360, 1, 0, 1
2960, 1, 1636429907004, 1636429907630, 626, 270, 356, 2, 0, 2
2961, 1, 1636429907015, 1636429907630, 615, 262, 353, 0, 0, 0
2962, 1, 1636429907180, 1636429907802, 622, 262, 360, 0, 0, 0
2963, 1, 1636429907187, 1636429907802, 615, 259, 356, 0, 0, 0
2964, 1, 1636429907287, 1636429907898, 611, 258, 353, 0, 0, 0
2965, 1, 1636429907356, 1636429907978, 622, 265, 357, 0, 0, 0
2966, 1, 1636429907610, 1636429908242, 632, 269, 363, 0, 0, 0
2967, 1, 1636429907797, 1636429908422, 625, 273, 352, 0, 0, 0
2968, 1, 1636429907868, 1636429908494, 626, 266, 360, 0, 0, 0
2870, 2, 1636429898382, 1636429908518, 10136, 0, 10136, 0, 0, 0
2969, 1, 1636429907991, 1636429908606, 615, 262, 353, 0, 0, 0
2970, 1, 1636429908021, 1636429908646, 625, 269, 356, 0, 0, 0
2871, 2, 1636429898566, 1636429908701, 10135, 0, 10135, 0, 0, 0
2971, 1, 1636429908178, 1636429908798, 620, 262, 358, 0, 0, 0
2973, 1, 1636429908260, 1636429908878, 618, 266, 352, 1, 0, 1
2972, 1, 1636429908210, 1636429908878, 668, 310, 358, 1, 44, 45
2974, 1, 1636429908385, 1636429909054, 669, 271, 398, 2, 1, 3
2885, 1, 1636429900021, 1636429909194, 9173, 8814, 359, 0, 1, 1
2975, 1, 1636429908617, 1636429909246, 629, 269, 360, 1, 0, 1
2976, 1, 1636429908795, 1636429909422, 627, 265, 362, 0, 0, 0
2977, 1, 1636429908889, 1636429909514, 625, 271, 354, 0, 0, 0
2978, 1, 1636429908906, 1636429909566, 660, 265, 395, 0, 0, 0
2979, 1, 1636429908907, 1636429909578, 671, 271, 400, 0, 0, 0
2980, 1, 1636429908985, 1636429909606, 621, 262, 359, 0, 0, 0
2985, 1, 1636429909236, 1636429909854, 618, 267, 351, 1, 1, 2
2984, 1, 1636429909235, 1636429909870, 635, 275, 360, 1, 0, 1
2982, 1, 1636429909165, 1636429909870, 705, 351, 354, 0, 1, 1
2981, 1, 1636429909049, 1636429909950, 901, 551, 350, 1, 0, 1
2986, 1, 1636429909405, 1636429910030, 625, 270, 355, 1, 1, 2
2983, 1, 1636429909195, 1636429910034, 839, 438, 401, 1, 1, 2
2987, 1, 1636429909629, 1636429910402, 773, 418, 355, 0, 0, 0
2988, 1, 1636429909782, 1636429910410, 628, 274, 354, 0, 0, 0
2989, 1, 1636429909863, 1636429910494, 631, 265, 366, 0, 0, 0
2990, 1, 1636429909881, 1636429910502, 621, 266, 355, 0, 0, 0
2991, 1, 1636429909906, 1636429910530, 624, 267, 357, 0, 0, 0
2992, 1, 1636429910005, 1636429910638, 633, 273, 360, 0, 0, 0
2993, 1, 1636429910053, 1636429910678, 625, 262, 363, 0, 0, 0
2893, 2, 1636429900514, 1636429910689, 10175, 0, 10175, 0, 0, 0
2892, 2, 1636429900514, 1636429910733, 10219, 0, 10219, 0, 0, 0
2994, 1, 1636429910137, 1636429910758, 621, 266, 355, 0, 0, 0
2996, 1, 1636429910212, 1636429910834, 622, 270, 352, 0, 0, 0
2997, 1, 1636429910229, 1636429910850, 621, 266, 355, 1, 0, 1
2895, 2, 1636429900726, 1636429910901, 10175, 1, 10174, 0, 0, 0
2995, 1, 1636429910201, 1636429910998, 797, 393, 404, 0, 12, 12
2998, 1, 1636429910409, 1636429911086, 677, 280, 397, 1, 16, 17
2999, 1, 1636429910733, 1636429911354, 621, 306, 315, 0, 40, 40
3000, 1, 1636429910760, 1636429911382, 622, 271, 351, 3, 0, 3
3001, 1, 1636429910822, 1636429911490, 668, 270, 398, 1, 0, 1
3003, 1, 1636429910837, 1636429911490, 653, 274, 379, 0, 0, 0
2904, 2, 1636429901322, 1636429911505, 10183, 0, 10183, 0, 0, 0
3004, 1, 1636429910902, 1636429911534, 632, 271, 361, 1, 0, 1
3005, 1, 1636429910935, 1636429911558, 623, 270, 353, 0, 0, 0
3006, 1, 1636429911002, 1636429911614, 612, 262, 350, 0, 0, 0
3008, 1, 1636429911077, 1636429911706, 629, 274, 355, 0, 1, 1
3009, 1, 1636429911126, 1636429911770, 644, 286, 358, 0, 24, 24
3011, 1, 1636429911215, 1636429911862, 647, 294, 353, 0, 34, 34
3012, 1, 1636429911249, 1636429911878, 629, 274, 355, 0, 0, 0
3007, 1, 1636429911034, 1636429911950, 916, 526, 390, 0, 21, 21
3010, 1, 1636429911187, 1636429911954, 767, 414, 353, 1, 20, 21
3013, 1, 1636429911424, 1636429912042, 618, 268, 350, 1, 0, 1
2907, 2, 1636429901886, 1636429912062, 10176, 0, 10176, 0, 0, 0
3015, 1, 1636429911654, 1636429912270, 616, 262, 354, 0, 0, 0
3016, 1, 1636429911749, 1636429912422, 673, 309, 364, 0, 38, 38
3014, 1, 1636429911634, 1636429912422, 788, 386, 402, 0, 12, 12
3018, 1, 1636429911820, 1636429912442, 622, 266, 356, 1, 0, 1
3019, 1, 1636429911885, 1636429912510, 625, 274, 351, 2, 0, 2
2915, 2, 1636429902410, 1636429912585, 10175, 0, 10175, 0, 0, 0
3020, 1, 1636429911941, 1636429912598, 657, 268, 389, 1, 0, 1
3022, 1, 1636429911992, 1636429912642, 650, 271, 379, 1, 1, 2
3023, 1, 1636429912104, 1636429912738, 634, 272, 362, 1, 0, 1
3024, 1, 1636429912147, 1636429912758, 611, 263, 348, 2, 0, 2
3027, 1, 1636429912223, 1636429912850, 627, 269, 358, 0, 7, 7
3025, 1, 1636429912166, 1636429912894, 728, 369, 359, 0, 0, 0
2918, 2, 1636429902820, 1636429912993, 10173, 0, 10173, 0, 0, 0
3029, 1, 1636429912431, 1636429913050, 619, 266, 353, 0, 0, 0
3028, 1, 1636429912248, 1636429913094, 846, 486, 360, 0, 0, 0
3031, 1, 1636429912658, 1636429913286, 628, 269, 359, 0, 0, 0
3034, 1, 1636429912824, 1636429913450, 626, 266, 360, 0, 2, 2
3033, 1, 1636429912773, 1636429913450, 677, 315, 362, 0, 45, 45
2947, 1, 1636429905344, 1636429913490, 8146, 7781, 365, 1, 0, 1
3035, 1, 1636429912872, 1636429913526, 654, 263, 391, 0, 0, 0
3036, 1, 1636429912994, 1636429913630, 636, 275, 361, 3, 0, 3
3037, 1, 1636429912994, 1636429913634, 640, 275, 365, 0, 1, 1
3039, 1, 1636429913115, 1636429913746, 631, 273, 358, 0, 1, 1
3038, 1, 1636429913110, 1636429913750, 640, 281, 359, 1, 0, 1
3042, 1, 1636429913208, 1636429913829, 621, 266, 355, 1, 0, 1
3043, 1, 1636429913246, 1636429913874, 628, 270, 358, 0, 0, 0
3041, 1, 1636429913185, 1636429913890, 705, 346, 359, 0, 0, 0
3044, 1, 1636429913420, 1636429914042, 622, 267, 355, 0, 0, 0
3045, 1, 1636429913492, 1636429914158, 666, 267, 399, 0, 0, 0
3046, 1, 1636429913662, 1636429914282, 620, 261, 359, 0, 0, 0
3047, 1, 1636429913769, 1636429914390, 621, 266, 355, 1, 0, 1
3048, 1, 1636429913813, 1636429914438, 625, 271, 354, 2, 0, 2
3049, 1, 1636429913903, 1636429914518, 615, 262, 353, 0, 1, 1
3051, 1, 1636429913988, 1636429914606, 618, 266, 352, 1, 0, 1
3052, 1, 1636429914086, 1636429914714, 628, 266, 362, 0, 0, 0
3053, 1, 1636429914106, 1636429914734, 628, 273, 355, 1, 0, 1
3055, 1, 1636429914205, 1636429914826, 621, 265, 356, 0, 0, 0
3056, 1, 1636429914224, 1636429914846, 622, 267, 355, 0, 1, 1
3054, 1, 1636429914170, 1636429914886, 716, 358, 358, 0, 0, 0
3057, 1, 1636429914399, 1636429915018, 619, 266, 353, 0, 0, 0
3058, 1, 1636429914521, 1636429915166, 645, 274, 371, 0, 0, 0
3059, 1, 1636429914688, 1636429915314, 626, 274, 352, 0, 0, 0
3060, 1, 1636429914753, 1636429915378, 625, 271, 354, 3, 0, 3
3061, 1, 1636429914794, 1636429915418, 624, 265, 359, 0, 0, 0
3062, 1, 1636429914891, 1636429915522, 631, 270, 361, 0, 0, 0
3063, 1, 1636429915020, 1636429915642, 622, 266, 356, 1, 0, 1
3064, 1, 1636429915087, 1636429915718, 631, 274, 357, 1, 0, 1
3065, 1, 1636429915089, 1636429915718, 629, 270, 359, 0, 1, 1
3066, 1, 1636429915160, 1636429915866, 706, 350, 356, 0, 0, 0
3068, 1, 1636429915237, 1636429915870, 633, 266, 367, 1, 0, 1
3069, 1, 1636429915365, 1636429915998, 633, 270, 363, 0, 0, 0
3070, 1, 1636429915524, 1636429916150, 626, 269, 357, 0, 0, 0
3071, 1, 1636429915719, 1636429916338, 619, 270, 349, 0, 0, 0
3072, 1, 1636429915757, 1636429916378, 621, 266, 355, 1, 0, 1
3073, 1, 1636429915797, 1636429916422, 625, 266, 359, 1, 0, 1
3074, 1, 1636429915886, 1636429916506, 620, 266, 354, 0, 0, 0
3075, 1, 1636429915999, 1636429916618, 619, 262, 357, 0, 0, 0
3076, 1, 1636429916073, 1636429916706, 633, 271, 362, 2, 0, 2
3077, 1, 1636429916073, 1636429916706, 633, 271, 362, 1, 1, 2
3078, 1, 1636429916171, 1636429916874, 703, 349, 354, 1, 0, 1
3079, 1, 1636429916250, 1636429916882, 632, 269, 363, 1, 0, 1
3080, 1, 1636429916372, 1636429917006, 634, 273, 361, 1, 0, 1
3081, 1, 1636429916541, 1636429917174, 633, 269, 364, 1, 0, 1
3082, 1, 1636429916697, 1636429917326, 629, 270, 359, 0, 0, 0
3083, 1, 1636429916745, 1636429917366, 621, 267, 354, 2, 0, 2
3084, 1, 1636429916818, 1636429917450, 632, 271, 361, 0, 1, 1
3086, 1, 1636429916979, 1636429917606, 627, 271, 356, 1, 1, 2
3087, 1, 1636429917056, 1636429917666, 610, 262, 348, 0, 0, 0
3088, 1, 1636429917079, 1636429917714, 635, 277, 358, 1, 0, 1
3090, 1, 1636429917243, 1636429917870, 627, 266, 361, 0, 0, 0
3089, 1, 1636429917184, 1636429917902, 718, 366, 352, 0, 0, 0
3091, 1, 1636429917347, 1636429917982, 635, 268, 367, 0, 0, 0
3092, 1, 1636429917546, 1636429918162, 616, 265, 351, 0, 0, 0
3093, 1, 1636429917677, 1636429918298, 621, 266, 355, 1, 0, 1
3094, 1, 1636429917727, 1636429918350, 623, 269, 354, 0, 0, 0
3095, 1, 1636429917844, 1636429918462, 618, 266, 352, 0, 0, 0
3096, 1, 1636429917957, 1636429918590, 633, 278, 355, 1, 0, 1
3098, 1, 1636429918063, 1636429918678, 615, 258, 357, 0, 0, 0
3097, 1, 1636429918055, 1636429918678, 623, 262, 361, 0, 0, 0
3100, 1, 1636429918232, 1636429918850, 618, 266, 352, 1, 1, 2
3099, 1, 1636429918186, 1636429918918, 732, 375, 357, 1, 0, 1
3101, 1, 1636429918363, 1636429918994, 631, 275, 356, 0, 1, 1
3102, 1, 1636429918537, 1636429919170, 633, 273, 360, 0, 0, 0
3103, 1, 1636429918656, 1636429919282, 626, 266, 360, 1, 0, 1
3104, 1, 1636429918730, 1636429919358, 628, 273, 355, 0, 0, 0
3105, 1, 1636429918844, 1636429919462, 618, 266, 352, 1, 0, 1
3106, 1, 1636429918965, 1636429919586, 621, 268, 353, 0, 0, 0
3107, 1, 1636429919062, 1636429919686, 624, 270, 354, 0, 0, 0
3108, 1, 1636429919066, 1636429919694, 628, 267, 361, 1, 0, 1
3110, 1, 1636429919232, 1636429919870, 638, 274, 364, 2, 0, 2
3109, 1, 1636429919189, 1636429919910, 721, 366, 355, 1, 0, 1
3111, 1, 1636429919372, 1636429919990, 618, 267, 351, 0, 1, 1
3112, 1, 1636429919532, 1636429920158, 626, 270, 356, 0, 0, 0
3113, 1, 1636429919663, 1636429920274, 611, 262, 349, 1, 1, 2
3114, 1, 1636429919752, 1636429920370, 618, 257, 361, 1, 0, 1
3115, 1, 1636429919860, 1636429920486, 626, 270, 356, 0, 0, 0
3116, 1, 1636429919943, 1636429920558, 615, 262, 353, 0, 1, 1
3117, 1, 1636429920074, 1636429920710, 636, 269, 367, 0, 0, 0
3120, 1, 1636429920209, 1636429920846, 637, 274, 363, 0, 0, 0
3121, 1, 1636429920357, 1636429920982, 625, 262, 363, 0, 0, 0
3002, 2, 1636429910822, 1636429921006, 10184, 0, 10184, 0, 0, 0
3122, 1, 1636429920568, 1636429921198, 630, 270, 360, 0, 0, 0
3123, 1, 1636429920646, 1636429921274, 628, 273, 355, 0, 1, 1
3125, 1, 1636429920865, 1636429921494, 629, 269, 360, 0, 0, 0
3126, 1, 1636429921006, 1636429921594, 588, 269, 319, 0, 0, 0
3127, 1, 1636429921058, 1636429921690, 632, 271, 361, 1, 0, 1
3128, 1, 1636429921201, 1636429921830, 629, 270, 359, 0, 1, 1
3017, 2, 1636429911776, 1636429921910, 10134, 0, 10134, 0, 0, 0
3129, 1, 1636429921381, 1636429922010, 629, 265, 364, 0, 0, 0
3021, 2, 1636429911992, 1636429922157, 10165, 2, 10163, 3, 0, 3
3130, 1, 1636429921568, 1636429922194, 626, 263, 363, 1, 1, 2
3131, 1, 1636429921653, 1636429922286, 633, 265, 368, 0, 0, 0
3026, 2, 1636429912194, 1636429922374, 10180, 1, 10179, 0, 0, 0
3132, 1, 1636429921911, 1636429922546, 635, 270, 365, 0, 0, 0
3133, 1, 1636429921978, 1636429922642, 664, 306, 358, 0, 40, 40
3030, 2, 1636429912589, 1636429922725, 10136, 1, 10135, 0, 0, 0
3134, 1, 1636429922068, 1636429922742, 674, 311, 363, 1, 45, 46
3135, 1, 1636429922178, 1636429922822, 644, 293, 351, 0, 24, 24
3032, 2, 1636429912710, 1636429922886, 10176, 0, 10176, 0, 0, 0
3136, 1, 1636429922396, 1636429923022, 626, 270, 356, 0, 0, 0
3141, 1, 1636429922553, 1636429923186, 633, 273, 360, 0, 0, 0
3040, 2, 1636429913126, 1636429923313, 10187, 0, 10187, 0, 0, 0
3142, 1, 1636429922661, 1636429923334, 673, 294, 379, 1, 24, 25
3145, 1, 1636429922976, 1636429923602, 626, 274, 352, 1, 0, 1
3147, 1, 1636429923073, 1636429923702, 629, 273, 356, 0, 0, 0
3144, 1, 1636429922897, 1636429923790, 893, 531, 362, 1, 0, 1
3085, 1, 1636429916903, 1636429923794, 6891, 6542, 349, 0, 0, 0
3149, 1, 1636429923393, 1636429924014, 621, 270, 351, 1, 0, 1
3050, 2, 1636429913967, 1636429924102, 10135, 1, 10134, 0, 0, 0
3151, 1, 1636429923567, 1636429924246, 679, 323, 356, 1, 0, 1
3152, 1, 1636429923661, 1636429924290, 629, 269, 360, 0, 0, 0
3153, 1, 1636429923795, 1636429924462, 667, 266, 401, 0, 1, 1
3154, 1, 1636429923904, 1636429924542, 638, 283, 355, 0, 16, 16
3067, 1, 1636429915213, 1636429924590, 9377, 9023, 354, 0, 2, 2
3155, 1, 1636429923980, 1636429924630, 650, 265, 385, 1, 0, 1
3156, 1, 1636429924053, 1636429924678, 625, 267, 358, 0, 1, 1
3157, 1, 1636429924234, 1636429924910, 676, 273, 403, 0, 0, 0
3158, 1, 1636429924402, 1636429925026, 624, 266, 358, 0, 1, 1
3159, 1, 1636429924582, 1636429925210, 628, 269, 359, 0, 1, 1
3161, 1, 1636429924670, 1636429925298, 628, 274, 354, 1, 0, 1
3160, 1, 1636429924591, 1636429925362, 771, 374, 397, 1, 0, 1
3162, 1, 1636429924771, 1636429925390, 619, 265, 354, 0, 0, 0
3163, 1, 1636429924904, 1636429925522, 618, 267, 351, 0, 1, 1
3164, 1, 1636429925012, 1636429925642, 630, 269, 361, 0, 0, 0
3165, 1, 1636429925062, 1636429925686, 624, 268, 356, 0, 0, 0
3166, 1, 1636429925166, 1636429925778, 612, 261, 351, 0, 0, 0
3167, 1, 1636429925373, 1636429925998, 625, 266, 359, 1, 0, 1
3168, 1, 1636429925583, 1636429926214, 631, 268, 363, 0, 0, 0
3169, 1, 1636429925587, 1636429926238, 651, 291, 360, 0, 0, 0
3170, 1, 1636429925684, 1636429926306, 622, 269, 353, 0, 0, 0
3171, 1, 1636429925740, 1636429926374, 634, 270, 364, 1, 0, 1
3172, 1, 1636429925875, 1636429926510, 635, 273, 362, 0, 0, 0
3173, 1, 1636429925994, 1636429926614, 620, 266, 354, 0, 1, 1
3174, 1, 1636429926034, 1636429926658, 624, 271, 353, 2, 0, 2
3176, 1, 1636429926361, 1636429926986, 625, 270, 355, 0, 1, 1
3177, 1, 1636429926569, 1636429927202, 633, 275, 358, 1, 1, 2
3179, 1, 1636429926681, 1636429927318, 637, 273, 364, 0, 0, 0
3180, 1, 1636429926726, 1636429927358, 632, 267, 365, 1, 0, 1
3181, 1, 1636429926859, 1636429927486, 627, 262, 365, 0, 0, 0
3182, 1, 1636429927001, 1636429927634, 633, 269, 364, 0, 0, 0
3183, 1, 1636429927022, 1636429927654, 632, 269, 363, 1, 0, 1
3184, 1, 1636429927359, 1636429927982, 623, 267, 356, 0, 1, 1
3185, 1, 1636429927602, 1636429928230, 628, 274, 354, 1, 0, 1
3186, 1, 1636429927700, 1636429928330, 630, 274, 356, 0, 0, 0
3187, 1, 1636429927713, 1636429928342, 629, 270, 359, 0, 0, 0
3189, 1, 1636429928000, 1636429928622, 622, 267, 355, 1, 1, 2
3190, 1, 1636429928014, 1636429928638, 624, 266, 358, 1, 0, 1
3191, 1, 1636429928331, 1636429928950, 619, 270, 349, 1, 0, 1
3192, 1, 1636429928624, 1636429929246, 622, 270, 352, 1, 0, 1
3193, 1, 1636429928700, 1636429929330, 630, 268, 362, 0, 0, 0
3194, 1, 1636429928728, 1636429929358, 630, 274, 356, 0, 0, 0
3196, 1, 1636429928989, 1636429929610, 621, 265, 356, 1, 0, 1
3195, 1, 1636429928984, 1636429929610, 626, 268, 358, 0, 0, 0
3197, 1, 1636429929308, 1636429929942, 634, 272, 362, 0, 0, 0
3118, 2, 1636429920090, 1636429930226, 10136, 0, 10136, 0, 0, 0
3198, 1, 1636429929606, 1636429930230, 624, 269, 355, 1, 0, 1
3199, 1, 1636429929666, 1636429930290, 624, 269, 355, 0, 0, 0
3119, 2, 1636429920190, 1636429930325, 10135, 0, 10135, 0, 0, 0
3200, 1, 1636429929744, 1636429930370, 626, 270, 356, 0, 0, 0
3201, 1, 1636429929962, 1636429930586, 624, 274, 350, 1, 4, 5
3202, 1, 1636429929987, 1636429930610, 623, 270, 353, 0, 0, 0
3124, 1, 1636429920763, 1636429930810, 10047, 9694, 353, 0, 0, 0
3203, 1, 1636429930326, 1636429930958, 632, 274, 358, 0, 0, 0
3205, 1, 1636429930578, 1636429931246, 668, 271, 397, 1, 0, 1
3206, 1, 1636429930609, 1636429931246, 637, 274, 363, 0, 0, 0
3204, 1, 1636429930578, 1636429931270, 692, 282, 410, 1, 0, 1
3207, 1, 1636429930641, 1636429931278, 637, 273, 364, 0, 0, 0
3208, 1, 1636429930711, 1636429931334, 623, 262, 361, 0, 0, 0
3210, 1, 1636429930944, 1636429931570, 626, 269, 357, 0, 0, 0
3211, 1, 1636429930958, 1636429931582, 624, 271, 353, 1, 0, 1
3209, 1, 1636429930812, 1636429931694, 882, 485, 397, 1, 0, 1
3212, 1, 1636429931305, 1636429931930, 625, 269, 356, 0, 1, 1
3213, 1, 1636429931531, 1636429932158, 627, 271, 356, 0, 0, 0
3215, 1, 1636429931614, 1636429932242, 628, 274, 354, 0, 0, 0
3216, 1, 1636429931633, 1636429932258, 625, 270, 355, 0, 0, 0
3217, 1, 1636429931688, 1636429932314, 626, 266, 360, 1, 0, 1
3219, 1, 1636429931916, 1636429932546, 630, 274, 356, 0, 0, 0
3220, 1, 1636429931935, 1636429932574, 639, 269, 370, 1, 0, 1
3138, 2, 1636429922510, 1636429932685, 10175, 0, 10175, 1, 0, 1
3140, 2, 1636429922514, 1636429932733, 10219, 1, 10218, 2, 0, 2
3139, 2, 1636429922514, 1636429932777, 10263, 1, 10262, 2, 0, 2
3137, 2, 1636429922510, 1636429932821, 10311, 1, 10310, 1, 0, 1
3221, 1, 1636429932269, 1636429932898, 629, 269, 360, 0, 0, 0
3146, 2, 1636429923014, 1636429933193, 10179, 0, 10179, 0, 0, 0
3222, 1, 1636429932509, 1636429933266, 757, 402, 355, 135, 1, 136
3143, 1, 1636429922886, 1636429933310, 10424, 10027, 397, 1, 0, 1
3223, 1, 1636429932613, 1636429933358, 745, 403, 342, 135, 0, 135
3224, 1, 1636429932617, 1636429933358, 741, 403, 338, 0, 136, 136
3148, 2, 1636429923198, 1636429933361, 10163, 0, 10163, 0, 0, 0
3225, 1, 1636429932822, 1636429933398, 576, 266, 310, 0, 1, 1
3231, 1, 1636429932923, 1636429933546, 623, 272, 351, 0, 7, 7
3226, 1, 1636429932901, 1636429933550, 649, 294, 355, 2, 23, 25
3150, 2, 1636429923442, 1636429933621, 10179, 0, 10179, 0, 0, 0
3227, 1, 1636429932910, 1636429933626, 716, 318, 398, 2, 40, 42
3230, 1, 1636429932911, 1636429933634, 723, 320, 403, 4, 41, 45
3232, 1, 1636429933266, 1636429933894, 628, 267, 361, 0, 1, 1
3236, 1, 1636429933530, 1636429934158, 628, 270, 358, 3, 0, 3
3235, 1, 1636429933490, 1636429934162, 672, 317, 355, 50, 1, 51
3238, 1, 1636429933623, 1636429934246, 623, 265, 358, 0, 0, 0
3237, 1, 1636429933622, 1636429934250, 628, 270, 358, 0, 1, 1
3239, 1, 1636429933713, 1636429934334, 621, 266, 355, 1, 0, 1
3242, 1, 1636429933870, 1636429934494, 624, 263, 361, 1, 1, 2
3243, 1, 1636429933884, 1636429934518, 634, 270, 364, 1, 0, 1
3244, 1, 1636429933895, 1636429934518, 623, 265, 358, 0, 0, 0
3245, 1, 1636429934301, 1636429934934, 633, 269, 364, 0, 0, 0
3246, 1, 1636429934459, 1636429935090, 631, 272, 359, 1, 0, 1
3247, 1, 1636429934563, 1636429935182, 619, 266, 353, 1, 0, 1
3248, 1, 1636429934585, 1636429935218, 633, 275, 358, 0, 1, 1
3250, 1, 1636429934698, 1636429935322, 624, 266, 358, 0, 0, 0
3251, 1, 1636429934858, 1636429935482, 624, 271, 353, 0, 0, 0
3252, 1, 1636429934875, 1636429935502, 627, 266, 361, 0, 0, 0
3253, 1, 1636429934904, 1636429935526, 622, 266, 356, 0, 1, 1
3254, 1, 1636429935266, 1636429935890, 624, 270, 354, 1, 0, 1
3255, 1, 1636429935477, 1636429936098, 621, 266, 355, 0, 0, 0
3256, 1, 1636429935571, 1636429936186, 615, 259, 356, 0, 1, 1
3257, 1, 1636429935573, 1636429936190, 617, 263, 354, 0, 0, 0
3258, 1, 1636429935666, 1636429936286, 620, 264, 356, 0, 0, 0
3175, 2, 1636429926186, 1636429936322, 10136, 1, 10135, 0, 1, 1
3259, 1, 1636429935823, 1636429936454, 631, 273, 358, 0, 0, 0
3260, 1, 1636429935876, 1636429936498, 622, 270, 352, 2, 0, 2
3261, 1, 1636429935883, 1636429936498, 615, 262, 353, 0, 0, 0
3178, 2, 1636429926588, 1636429936721, 10133, 1, 10132, 0, 0, 0
3262, 1, 1636429936237, 1636429936858, 621, 264, 357, 0, 0, 0
3263, 1, 1636429936447, 1636429937078, 631, 277, 354, 0, 8, 8
3265, 1, 1636429936541, 1636429937174, 633, 275, 358, 1, 5, 6
3264, 1, 1636429936454, 1636429937174, 720, 269, 451, 0, 0, 0
3266, 1, 1636429936569, 1636429937202, 633, 275, 358, 0, 1, 1
3267, 1, 1636429936632, 1636429937254, 622, 263, 359, 1, 0, 1
3268, 1, 1636429936824, 1636429937458, 634, 270, 364, 0, 0, 0
3269, 1, 1636429936847, 1636429937474, 627, 274, 353, 1, 0, 1
3271, 1, 1636429936875, 1636429937498, 623, 262, 361, 0, 0, 0
3270, 1, 1636429936854, 1636429937618, 764, 366, 398, 0, 0, 0
3272, 1, 1636429937205, 1636429937834, 629, 274, 355, 0, 0, 0
3188, 2, 1636429927867, 1636429938001, 10134, 0, 10134, 0, 1, 1
3273, 1, 1636429937393, 1636429938018, 625, 270, 355, 0, 0, 0
3274, 1, 1636429937436, 1636429938062, 626, 272, 354, 0, 0, 0
3275, 1, 1636429937555, 1636429938174, 619, 262, 357, 0, 0, 0
3276, 1, 1636429937569, 1636429938202, 633, 271, 362, 0, 1, 1
3277, 1, 1636429937638, 1636429938266, 628, 274, 354, 0, 9, 9
3280, 1, 1636429937815, 1636429938454, 639, 281, 358, 2, 12, 14
3278, 1, 1636429937790, 1636429938454, 664, 305, 359, 0, 36, 36
3281, 1, 1636429937845, 1636429938474, 629, 274, 355, 0, 0, 0
3279, 1, 1636429937804, 1636429938478, 674, 310, 364, 1, 0, 1
3283, 1, 1636429938171, 1636429938790, 619, 258, 361, 0, 0, 0
3282, 1, 1636429938130, 1636429938794, 664, 269, 395, 0, 0, 0
3284, 1, 1636429938361, 1636429938994, 633, 269, 364, 0, 0, 0
3285, 1, 1636429938447, 1636429939078, 631, 275, 356, 2, 2, 4
3286, 1, 1636429938535, 1636429939162, 627, 273, 354, 1, 0, 1
3287, 1, 1636429938563, 1636429939238, 675, 323, 352, 0, 0, 0
3288, 1, 1636429938629, 1636429939250, 621, 266, 355, 1, 0, 1
3289, 1, 1636429938765, 1636429939390, 625, 266, 359, 0, 0, 0
3291, 1, 1636429938789, 1636429939418, 629, 266, 363, 0, 0, 0
3290, 1, 1636429938787, 1636429939446, 659, 307, 352, 0, 0, 0
3292, 1, 1636429938842, 1636429939458, 616, 266, 350, 0, 0, 0
3293, 1, 1636429939095, 1636429939722, 627, 270, 357, 0, 1, 1
3294, 1, 1636429939193, 1636429939818, 625, 261, 364, 1, 0, 1
3295, 1, 1636429939368, 1636429939998, 630, 274, 356, 1, 0, 1
3296, 1, 1636429939454, 1636429940078, 624, 267, 357, 1, 1, 2
3297, 1, 1636429939505, 1636429940134, 629, 270, 359, 0, 0, 0
3298, 1, 1636429939584, 1636429940210, 626, 270, 356, 1, 0, 1
3299, 1, 1636429939661, 1636429940282, 621, 266, 355, 0, 1, 1
3300, 1, 1636429939732, 1636429940350, 618, 265, 353, 0, 0, 0
3301, 1, 1636429939812, 1636429940438, 626, 270, 356, 1, 0, 1
3302, 1, 1636429939821, 1636429940446, 625, 274, 351, 0, 0, 0
3303, 1, 1636429939845, 1636429940470, 625, 263, 362, 2, 0, 2
3304, 1, 1636429940091, 1636429940718, 627, 271, 356, 1, 0, 1
3305, 1, 1636429940229, 1636429940862, 633, 269, 364, 0, 0, 0
3306, 1, 1636429940338, 1636429940958, 620, 270, 350, 0, 0, 0
3307, 1, 1636429940435, 1636429941050, 615, 263, 352, 0, 1, 1
3308, 1, 1636429940502, 1636429941134, 632, 275, 357, 0, 0, 0
3309, 1, 1636429940580, 1636429941210, 630, 268, 362, 0, 0, 0
3310, 1, 1636429940651, 1636429941286, 635, 270, 365, 0, 0, 0
3311, 1, 1636429940721, 1636429941342, 621, 267, 354, 2, 0, 2
3312, 1, 1636429940812, 1636429941426, 614, 262, 352, 0, 0, 0
3313, 1, 1636429940848, 1636429941470, 622, 274, 348, 0, 0, 0
3314, 1, 1636429940850, 1636429941474, 624, 274, 350, 0, 0, 0
3214, 2, 1636429931541, 1636429941681, 10140, 0, 10140, 0, 0, 0
3315, 1, 1636429941116, 1636429941738, 622, 271, 351, 1, 0, 1
3316, 1, 1636429941195, 1636429941818, 623, 271, 352, 1, 0, 1
3218, 2, 1636429931820, 1636429941953, 10133, 0, 10133, 0, 0, 0
3317, 1, 1636429941370, 1636429942038, 668, 314, 354, 1, 44, 45
3318, 1, 1636429941443, 1636429942066, 623, 271, 352, 0, 0, 0
3319, 1, 1636429941467, 1636429942130, 663, 309, 354, 1, 44, 45
3320, 1, 1636429941580, 1636429942218, 638, 270, 368, 1, 5, 6
3321, 1, 1636429941682, 1636429942310, 628, 271, 357, 1, 1, 2
3322, 1, 1636429941744, 1636429942398, 654, 305, 349, 1, 36, 37
3324, 1, 1636429941816, 1636429942438, 622, 271, 351, 1, 1, 2
3249, 1, 1636429934593, 1636429942438, 7845, 7493, 352, 0, 0, 0
3325, 1, 1636429941822, 1636429942490, 668, 266, 402, 2, 0, 2
3323, 1, 1636429941810, 1636429942490, 680, 267, 413, 0, 0, 0
3326, 1, 1636429941867, 1636429942490, 623, 268, 355, 1, 1, 2
3328, 1, 1636429942121, 1636429942746, 625, 271, 354, 2, 0, 2
3329, 1, 1636429942193, 1636429942818, 625, 271, 354, 0, 1, 1
3327, 1, 1636429942082, 1636429942946, 864, 462, 402, 1, 0, 1
3330, 1, 1636429942352, 1636429942974, 622, 269, 353, 0, 0, 0
3332, 1, 1636429942455, 1636429943070, 615, 266, 349, 0, 0, 0
3229, 2, 1636429932911, 1636429943089, 10178, 1, 10177, 1, 1, 2
3331, 1, 1636429942440, 1636429943110, 670, 270, 400, 0, 0, 0
3333, 1, 1636429942495, 1636429943126, 631, 275, 356, 0, 1, 1
3228, 2, 1636429932910, 1636429943138, 10228, 1, 10227, 1, 0, 1
3334, 1, 1636429942601, 1636429943238, 637, 270, 367, 1, 0, 1
3335, 1, 1636429942661, 1636429943402, 741, 392, 349, 0, 21, 21
3233, 2, 1636429933312, 1636429943489, 10177, 0, 10177, 0, 1, 1
3337, 1, 1636429942776, 1636429943494, 718, 316, 402, 48, 1, 49
3339, 1, 1636429942813, 1636429943498, 685, 275, 410, 0, 10, 10
3338, 1, 1636429942804, 1636429943498, 694, 331, 363, 48, 21, 69
3336, 1, 1636429942769, 1636429943502, 733, 324, 409, 50, 2, 52
3234, 2, 1636429933362, 1636429943537, 10175, 0, 10175, 0, 0, 0
3340, 1, 1636429942870, 1636429943594, 724, 313, 411, 49, 1, 50
3342, 1, 1636429943139, 1636429943806, 667, 306, 361, 2, 32, 34
3343, 1, 1636429943173, 1636429943806, 633, 275, 358, 0, 8, 8
3341, 1, 1636429943138, 1636429943986, 848, 537, 311, 1, 42, 43
3241, 1, 1636429933846, 1636429943986, 10140, 9784, 356, 1, 8, 9
3344, 1, 1636429943346, 1636429943994, 648, 288, 360, 2, 17, 19
3240, 1, 1636429933746, 1636429944022, 10276, 9879, 397, 0, 0, 0
3345, 1, 1636429943437, 1636429944070, 633, 316, 317, 50, 1, 51
3346, 1, 1636429943490, 1636429944074, 584, 272, 312, 3, 0, 3
3347, 1, 1636429943538, 1636429944154, 616, 262, 354, 0, 0, 0
3348, 1, 1636429943576, 1636429944250, 674, 323, 351, 0, 0, 0
3350, 1, 1636429943722, 1636429944374, 652, 262, 390, 1, 0, 1
3354, 1, 1636429943762, 1636429944390, 628, 274, 354, 2, 0, 2
3353, 1, 1636429943726, 1636429944394, 668, 270, 398, 0, 0, 0
3355, 1, 1636429943787, 1636429944402, 615, 262, 353, 1, 0, 1
3357, 1, 1636429943795, 1636429944422, 627, 266, 361, 0, 0, 0
3356, 1, 1636429943788, 1636429944434, 646, 298, 348, 0, 0, 0
3349, 1, 1636429943683, 1636429944438, 755, 391, 364, 1, 1, 2
3358, 1, 1636429943861, 1636429944478, 617, 262, 355, 1, 0, 1
3362, 1, 1636429944122, 1636429944738, 616, 263, 353, 0, 0, 0
3363, 1, 1636429944151, 1636429944782, 631, 274, 357, 1, 0, 1
3360, 1, 1636429944024, 1636429944838, 814, 419, 395, 1, 0, 1
3361, 1, 1636429944046, 1636429944850, 804, 446, 358, 0, 0, 0
3364, 1, 1636429944353, 1636429944978, 625, 266, 359, 0, 0, 0
3365, 1, 1636429944410, 1636429945030, 620, 267, 353, 0, 1, 1
3366, 1, 1636429944433, 1636429945054, 621, 262, 359, 1, 0, 1
3367, 1, 1636429944477, 1636429945090, 613, 263, 350, 0, 1, 1
3368, 1, 1636429944602, 1636429945222, 620, 266, 354, 1, 0, 1
3352, 1, 1636429943722, 1636429945294, 1572, 1162, 410, 1, 0, 1
3370, 1, 1636429944688, 1636429945314, 626, 275, 351, 3, 0, 3
3369, 1, 1636429944685, 1636429945318, 633, 278, 355, 3, 0, 3
3374, 1, 1636429944768, 1636429945378, 610, 259, 351, 1, 0, 1
3372, 1, 1636429944757, 1636429945382, 625, 266, 359, 1, 0, 1
3373, 1, 1636429944759, 1636429945382, 623, 267, 356, 1, 1, 2
3375, 1, 1636429944796, 1636429945422, 626, 275, 351, 0, 0, 0
3376, 1, 1636429944841, 1636429945458, 617, 262, 355, 0, 0, 0
3379, 1, 1636429945136, 1636429945766, 630, 272, 358, 0, 0, 0
3380, 1, 1636429945158, 1636429945782, 624, 274, 350, 0, 0, 0
3377, 1, 1636429945035, 1636429945826, 791, 442, 349, 0, 1, 1
3381, 1, 1636429945295, 1636429945958, 663, 271, 392, 0, 0, 0
3382, 1, 1636429945362, 1636429945982, 620, 270, 350, 1, 0, 1
3383, 1, 1636429945415, 1636429946030, 615, 262, 353, 0, 1, 1
3385, 1, 1636429945441, 1636429946070, 629, 266, 363, 0, 0, 0
3384, 1, 1636429945434, 1636429946074, 640, 274, 366, 1, 0, 1
3386, 1, 1636429945631, 1636429946254, 623, 266, 357, 0, 0, 0
3387, 1, 1636429945658, 1636429946278, 620, 266, 354, 0, 0, 0
3388, 1, 1636429945683, 1636429946302, 619, 266, 353, 0, 0, 0
3389, 1, 1636429945736, 1636429946350, 614, 262, 352, 0, 0, 0
3390, 1, 1636429945737, 1636429946358, 621, 266, 355, 0, 0, 0
3391, 1, 1636429945757, 1636429946386, 629, 270, 359, 0, 0, 0
3392, 1, 1636429945804, 1636429946430, 626, 274, 352, 2, 0, 2
3393, 1, 1636429945865, 1636429946478, 613, 258, 355, 0, 1, 1
3395, 1, 1636429946136, 1636429946753, 617, 262, 355, 0, 0, 0
3394, 1, 1636429946029, 1636429946794, 765, 414, 351, 0, 0, 0
3396, 1, 1636429946168, 1636429946802, 634, 265, 369, 0, 0, 0
3397, 1, 1636429946309, 1636429946938, 629, 274, 355, 0, 0, 0
3398, 1, 1636429946380, 1636429947006, 626, 270, 356, 1, 0, 1
3399, 1, 1636429946383, 1636429947010, 627, 270, 357, 0, 0, 0
3400, 1, 1636429946421, 1636429947050, 629, 270, 359, 1, 0, 1
3401, 1, 1636429946446, 1636429947066, 620, 263, 357, 0, 1, 1
3402, 1, 1636429946611, 1636429947234, 623, 269, 354, 0, 0, 0
3403, 1, 1636429946636, 1636429947254, 618, 266, 352, 0, 0, 0
3404, 1, 1636429946697, 1636429947326, 629, 266, 363, 0, 0, 0
3405, 1, 1636429946711, 1636429947346, 635, 274, 361, 0, 0, 0
3407, 1, 1636429946758, 1636429947366, 608, 259, 349, 1, 0, 1
3406, 1, 1636429946742, 1636429947370, 628, 262, 366, 0, 0, 0
3408, 1, 1636429946822, 1636429947450, 628, 270, 358, 0, 0, 0
3409, 1, 1636429946853, 1636429947490, 637, 270, 367, 0, 0, 0
3411, 1, 1636429947153, 1636429947782, 629, 273, 356, 0, 0, 0
3412, 1, 1636429947166, 1636429947790, 624, 270, 354, 0, 0, 0
3410, 1, 1636429947047, 1636429947822, 775, 422, 353, 0, 0, 0
3413, 1, 1636429947289, 1636429947922, 633, 270, 363, 1, 1, 2
3414, 1, 1636429947349, 1636429947966, 617, 267, 350, 2, 0, 2
3415, 1, 1636429947399, 1636429948030, 631, 273, 358, 1, 0, 1
3416, 1, 1636429947416, 1636429948038, 622, 267, 355, 0, 0, 0
3417, 1, 1636429947469, 1636429948090, 621, 270, 351, 1, 0, 1
3418, 1, 1636429947629, 1636429948254, 625, 267, 358, 0, 1, 1
3419, 1, 1636429947642, 1636429948274, 632, 278, 354, 0, 0, 0
3420, 1, 1636429947696, 1636429948310, 614, 262, 352, 0, 0, 0
3421, 1, 1636429947701, 1636429948330, 629, 269, 360, 0, 0, 0
3422, 1, 1636429947722, 1636429948350, 628, 266, 362, 0, 0, 0
3423, 1, 1636429947773, 1636429948390, 617, 266, 351, 0, 0, 0
3424, 1, 1636429947792, 1636429948422, 630, 274, 356, 2, 0, 2
3425, 1, 1636429947848, 1636429948466, 618, 266, 352, 0, 0, 0
3427, 1, 1636429948155, 1636429948774, 619, 270, 349, 0, 0, 0
3428, 1, 1636429948174, 1636429948786, 612, 262, 350, 0, 0, 0
3426, 1, 1636429948064, 1636429948830, 766, 418, 348, 0, 0, 0
3429, 1, 1636429948265, 1636429948894, 629, 271, 358, 2, 0, 2
3430, 1, 1636429948325, 1636429948946, 621, 270, 351, 0, 0, 0
3431, 1, 1636429948384, 1636429949006, 622, 270, 352, 0, 0, 0
3432, 1, 1636429948406, 1636429949022, 616, 258, 358, 0, 0, 0
3433, 1, 1636429948451, 1636429949074, 623, 270, 353, 1, 0, 1
3434, 1, 1636429948618, 1636429949242, 624, 265, 359, 0, 0, 0
3435, 1, 1636429948649, 1636429949290, 641, 282, 359, 0, 0, 0
3436, 1, 1636429948707, 1636429949330, 623, 273, 350, 0, 0, 0
3437, 1, 1636429948734, 1636429949362, 628, 274, 354, 0, 0, 0
3438, 1, 1636429948742, 1636429949370, 628, 270, 358, 0, 0, 0
3439, 1, 1636429948764, 1636429949390, 626, 270, 356, 0, 0, 0
3440, 1, 1636429948782, 1636429949410, 628, 270, 358, 1, 0, 1
3441, 1, 1636429948862, 1636429949490, 628, 266, 362, 0, 0, 0
3443, 1, 1636429949134, 1636429949758, 624, 264, 360, 0, 0, 0
3444, 1, 1636429949199, 1636429949830, 631, 269, 362, 1, 0, 1
3442, 1, 1636429949051, 1636429949838, 787, 438, 349, 0, 0, 0
3445, 1, 1636429949242, 1636429949870, 628, 270, 358, 2, 0, 2
3446, 1, 1636429949336, 1636429949966, 630, 271, 359, 0, 1, 1
3448, 1, 1636429949385, 1636429950010, 625, 270, 355, 1, 0, 1
3447, 1, 1636429949381, 1636429950014, 633, 274, 359, 2, 0, 2
3449, 1, 1636429949476, 1636429950102, 626, 266, 360, 0, 0, 0
3450, 1, 1636429949617, 1636429950246, 629, 262, 367, 0, 0, 0
3451, 1, 1636429949628, 1636429950290, 662, 310, 352, 0, 0, 0
3452, 1, 1636429949678, 1636429950298, 620, 266, 354, 0, 0, 0
3453, 1, 1636429949735, 1636429950350, 615, 266, 349, 0, 0, 0
3454, 1, 1636429949752, 1636429950374, 622, 269, 353, 0, 0, 0
3455, 1, 1636429949793, 1636429950418, 625, 268, 357, 1, 0, 1
3456, 1, 1636429949797, 1636429950426, 629, 268, 361, 2, 0, 2
3457, 1, 1636429949891, 1636429950510, 619, 265, 354, 1, 0, 1
3459, 1, 1636429950100, 1636429950722, 622, 271, 351, 1, 1, 2
3460, 1, 1636429950186, 1636429950810, 624, 269, 355, 1, 0, 1
3461, 1, 1636429950233, 1636429950862, 629, 270, 359, 0, 1, 1
3458, 1, 1636429950053, 1636429950878, 825, 465, 360, 1, 0, 1
3462, 1, 1636429950343, 1636429950966, 623, 270, 353, 1, 0, 1
3463, 1, 1636429950356, 1636429950966, 610, 262, 348, 1, 0, 1
3464, 1, 1636429950416, 1636429951034, 618, 267, 351, 2, 0, 2
3465, 1, 1636429950512, 1636429951134, 622, 262, 360, 0, 0, 0
3466, 1, 1636429950583, 1636429951210, 627, 268, 359, 1, 0, 1
3469, 1, 1636429950701, 1636429951326, 625, 266, 359, 1, 0, 1
3467, 1, 1636429950647, 1636429951330, 683, 326, 357, 2, 0, 2
3468, 1, 1636429950699, 1636429951334, 635, 273, 362, 1, 0, 1
3470, 1, 1636429950743, 1636429951370, 627, 268, 359, 0, 0, 0
3472, 1, 1636429950823, 1636429951430, 607, 258, 349, 0, 0, 0
3471, 1, 1636429950809, 1636429951434, 625, 266, 359, 0, 0, 0
3473, 1, 1636429950858, 1636429951482, 624, 266, 358, 0, 0, 0
3475, 1, 1636429951106, 1636429951730, 624, 270, 354, 1, 0, 1
3476, 1, 1636429951174, 1636429951798, 624, 267, 357, 0, 0, 0
3474, 1, 1636429951063, 1636429951882, 819, 464, 355, 0, 1, 1
3477, 1, 1636429951233, 1636429951882, 649, 294, 355, 1, 0, 1
3478, 1, 1636429951324, 1636429951958, 634, 276, 358, 0, 0, 0
3479, 1, 1636429951390, 1636429952002, 612, 263, 349, 1, 0, 1
3480, 1, 1636429951427, 1636429952046, 619, 266, 353, 1, 0, 1
3481, 1, 1636429951534, 1636429952154, 620, 267, 353, 1, 0, 1
3482, 1, 1636429951589, 1636429952210, 621, 262, 359, 0, 0, 0
3484, 1, 1636429951692, 1636429952318, 626, 274, 352, 1, 0, 1
3485, 1, 1636429951703, 1636429952322, 619, 266, 353, 1, 0, 1
3483, 1, 1636429951657, 1636429952326, 669, 318, 351, 1, 0, 1
3486, 1, 1636429951732, 1636429952350, 618, 262, 356, 0, 0, 0
3487, 1, 1636429951792, 1636429952406, 614, 259, 355, 0, 1, 1
3488, 1, 1636429951806, 1636429952426, 620, 266, 354, 0, 0, 0
3489, 1, 1636429951847, 1636429952470, 623, 266, 357, 0, 0, 0
3491, 1, 1636429952100, 1636429952718, 618, 266, 352, 2, 0, 2
3492, 1, 1636429952206, 1636429952830, 624, 266, 358, 0, 0, 0
3493, 1, 1636429952219, 1636429952842, 623, 262, 361, 0, 0, 0
3490, 1, 1636429952055, 1636429952878, 823, 466, 357, 0, 0, 0
3494, 1, 1636429952340, 1636429952966, 626, 266, 360, 0, 0, 0
3495, 1, 1636429952416, 1636429953042, 626, 274, 352, 0, 0, 0
3496, 1, 1636429952435, 1636429953078, 643, 277, 366, 0, 0, 0
3497, 1, 1636429952528, 1636429953150, 622, 265, 357, 0, 0, 0
3498, 1, 1636429952582, 1636429953202, 620, 262, 358, 1, 0, 1
3500, 1, 1636429952657, 1636429953274, 617, 267, 350, 0, 1, 1
3499, 1, 1636429952628, 1636429953334, 706, 350, 356, 1, 0, 1
3501, 1, 1636429952702, 1636429953342, 640, 271, 369, 1, 0, 1
3502, 1, 1636429952751, 1636429953378, 627, 270, 357, 2, 0, 2
3503, 1, 1636429952786, 1636429953402, 616, 262, 354, 0, 0, 0
3504, 1, 1636429952800, 1636429953422, 622, 270, 352, 2, 1, 3
3505, 1, 1636429952869, 1636429953486, 617, 262, 355, 0, 0, 0
3507, 1, 1636429953084, 1636429953702, 618, 270, 348, 1, 0, 1
3506, 1, 1636429953050, 1636429953850, 800, 442, 358, 0, 1, 1
3509, 1, 1636429953252, 1636429953874, 622, 262, 360, 0, 0, 0
3351, 2, 1636429943722, 1636429953904, 10182, 0, 10182, 0, 0, 0
3510, 1, 1636429953353, 1636429953974, 621, 263, 358, 0, 1, 1
3511, 1, 1636429953408, 1636429954034, 626, 269, 357, 1, 0, 1
3512, 1, 1636429953415, 1636429954034, 619, 261, 358, 1, 0, 1
3359, 2, 1636429943987, 1636429954166, 10179, 1, 10178, 0, 1, 1
3513, 1, 1636429953553, 1636429954186, 633, 270, 363, 1, 0, 1
3514, 1, 1636429953559, 1636429954194, 635, 274, 361, 0, 0, 0
3515, 1, 1636429953613, 1636429954302, 689, 330, 359, 1, 0, 1
3516, 1, 1636429953685, 1636429954349, 664, 314, 350, 0, 45, 45
3517, 1, 1636429953696, 1636429954354, 658, 305, 353, 0, 36, 36
3520, 1, 1636429953813, 1636429954438, 625, 270, 355, 1, 0, 1
3519, 1, 1636429953787, 1636429954446, 659, 273, 386, 1, 0, 1
3521, 1, 1636429953905, 1636429954522, 617, 262, 355, 0, 0, 0
3523, 1, 1636429954116, 1636429954750, 634, 274, 360, 2, 0, 2
3371, 2, 1636429944692, 1636429954829, 10137, 0, 10137, 0, 0, 0
3522, 1, 1636429954050, 1636429954894, 844, 464, 380, 0, 0, 0
3524, 1, 1636429954272, 1636429954898, 626, 262, 364, 1, 0, 1
3525, 1, 1636429954349, 1636429954974, 625, 266, 359, 1, 0, 1
3526, 1, 1636429954394, 1636429955018, 624, 266, 358, 2, 0, 2
3527, 1, 1636429954397, 1636429955026, 629, 274, 355, 0, 0, 0
3378, 2, 1636429945037, 1636429955169, 10132, 0, 10132, 0, 0, 0
3529, 1, 1636429954471, 1636429955190, 719, 271, 448, 2, 0, 2
3530, 1, 1636429954575, 1636429955206, 631, 282, 349, 0, 1, 1
3531, 1, 1636429954587, 1636429955214, 627, 270, 357, 0, 1, 1
3533, 1, 1636429954666, 1636429955290, 624, 270, 354, 0, 0, 0
3532, 1, 1636429954617, 1636429955338, 721, 370, 351, 0, 0, 0
3534, 1, 1636429954699, 1636429955378, 679, 270, 409, 0, 1, 1
3536, 1, 1636429954830, 1636429955462, 632, 266, 366, 0, 0, 0
3535, 1, 1636429954830, 1636429955462, 632, 270, 362, 2, 0, 2
3537, 1, 1636429954884, 1636429955522, 638, 286, 352, 0, 24, 24
3540, 1, 1636429955104, 1636429955746, 642, 262, 380, 1, 0, 1
3539, 1, 1636429955057, 1636429955906, 849, 472, 377, 1, 2, 3
3541, 1, 1636429955305, 1636429955930, 625, 266, 359, 0, 0, 0
3543, 1, 1636429955328, 1636429955946, 618, 261, 357, 0, 0, 0
3544, 1, 1636429955405, 1636429956030, 625, 270, 355, 0, 0, 0
3545, 1, 1636429955420, 1636429956042, 622, 271, 351, 1, 0, 1
3546, 1, 1636429955429, 1636429956054, 625, 271, 354, 0, 1, 1
3547, 1, 1636429955562, 1636429956194, 632, 274, 358, 0, 0, 0
3548, 1, 1636429955592, 1636429956218, 626, 270, 356, 2, 0, 2
3550, 1, 1636429955674, 1636429956290, 616, 263, 353, 1, 0, 1
3549, 1, 1636429955636, 1636429956350, 714, 362, 352, 0, 0, 0
3552, 1, 1636429955804, 1636429956426, 622, 266, 356, 0, 0, 0
3553, 1, 1636429955830, 1636429956454, 624, 266, 358, 0, 0, 0
3554, 1, 1636429955891, 1636429956510, 619, 268, 351, 1, 0, 1
3556, 1, 1636429956111, 1636429956734, 623, 270, 353, 0, 1, 1
3555, 1, 1636429956064, 1636429956906, 842, 490, 352, 0, 1, 1
3557, 1, 1636429956329, 1636429956954, 625, 269, 356, 0, 0, 0
3559, 1, 1636429956408, 1636429957046, 638, 275, 363, 0, 1, 1
3561, 1, 1636429956436, 1636429957078, 642, 278, 364, 1, 0, 1
3562, 1, 1636429956597, 1636429957218, 621, 266, 355, 0, 0, 0
3563, 1, 1636429956628, 1636429957258, 630, 274, 356, 0, 0, 0
3565, 1, 1636429956656, 1636429957274, 618, 263, 355, 1, 0, 1
3567, 1, 1636429956811, 1636429957434, 623, 262, 361, 0, 0, 0
3566, 1, 1636429956805, 1636429957434, 629, 266, 363, 0, 0, 0
3568, 1, 1636429956894, 1636429957522, 628, 270, 358, 0, 0, 0
3570, 1, 1636429957136, 1636429957758, 622, 265, 357, 1, 0, 1
3569, 1, 1636429957061, 1636429957886, 825, 471, 354, 1, 0, 1
3571, 1, 1636429957364, 1636429957994, 630, 269, 361, 0, 0, 0
3572, 1, 1636429957399, 1636429958022, 623, 270, 353, 0, 0, 0
3573, 1, 1636429957417, 1636429958042, 625, 263, 362, 0, 1, 1
3575, 1, 1636429957622, 1636429958246, 624, 267, 357, 0, 1, 1
3574, 1, 1636429957617, 1636429958250, 633, 275, 358, 0, 0, 0
3576, 1, 1636429957648, 1636429958266, 618, 262, 356, 0, 0, 0
3577, 1, 1636429957833, 1636429958466, 633, 270, 363, 1, 0, 1
3578, 1, 1636429957836, 1636429958466, 630, 270, 360, 0, 0, 0
3579, 1, 1636429957879, 1636429958494, 615, 262, 353, 0, 0, 0
3581, 1, 1636429958124, 1636429958758, 634, 270, 364, 1, 0, 1
3580, 1, 1636429958070, 1636429958934, 864, 492, 372, 0, 0, 0
3582, 1, 1636429958390, 1636429959018, 628, 270, 358, 0, 0, 0
3584, 1, 1636429958450, 1636429959082, 632, 276, 356, 0, 0, 0
3585, 1, 1636429958610, 1636429959242, 632, 273, 359, 1, 0, 1
3586, 1, 1636429958639, 1636429959258, 619, 269, 350, 0, 0, 0
3587, 1, 1636429958675, 1636429959301, 626, 269, 357, 0, 0, 0
3588, 1, 1636429958836, 1636429959453, 617, 266, 351, 0, 0, 0
3589, 1, 1636429958866, 1636429959478, 612, 260, 352, 0, 0, 0
3592, 1, 1636429959151, 1636429959762, 611, 258, 353, 0, 0, 0
3591, 1, 1636429959075, 1636429959902, 827, 471, 356, 1, 0, 1
3593, 1, 1636429959389, 1636429960014, 625, 266, 359, 0, 0, 0
3594, 1, 1636429959478, 1636429960098, 620, 262, 358, 0, 1, 1
3595, 1, 1636429959638, 1636429960254, 616, 261, 355, 0, 0, 0
3596, 1, 1636429959649, 1636429960282, 633, 274, 359, 0, 0, 0
3598, 1, 1636429959869, 1636429960502, 633, 266, 367, 0, 0, 0
3599, 1, 1636429959886, 1636429960510, 624, 267, 357, 0, 0, 0
3597, 1, 1636429959709, 1636429960730, 1021, 658, 363, 0, 0, 0
3601, 1, 1636429960160, 1636429960786, 626, 274, 352, 1, 0, 1
3600, 1, 1636429960085, 1636429960950, 865, 508, 357, 0, 0, 0
3602, 1, 1636429960354, 1636429960978, 624, 271, 353, 0, 1, 1
3603, 1, 1636429960474, 1636429961098, 624, 270, 354, 1, 0, 1
3604, 1, 1636429960645, 1636429961278, 633, 270, 363, 0, 0, 0
3605, 1, 1636429960657, 1636429961278, 621, 267, 354, 0, 1, 1
3606, 1, 1636429960731, 1636429961394, 663, 270, 393, 1, 1, 2
3607, 1, 1636429960841, 1636429961462, 621, 266, 355, 0, 0, 0
3608, 1, 1636429960886, 1636429961514, 628, 270, 358, 1, 0, 1
3610, 1, 1636429961126, 1636429961750, 624, 267, 357, 0, 0, 0
3609, 1, 1636429961076, 1636429961910, 834, 480, 354, 0, 0, 0
3611, 1, 1636429961387, 1636429962006, 619, 269, 350, 1, 0, 1
3612, 1, 1636429961454, 1636429962082, 628, 273, 355, 1, 0, 1
3613, 1, 1636429961638, 1636429962262, 624, 269, 355, 0, 0, 0
3614, 1, 1636429961656, 1636429962282, 626, 270, 356, 1, 0, 1
3615, 1, 1636429961722, 1636429962350, 628, 266, 362, 1, 0, 1
3616, 1, 1636429961869, 1636429962502, 633, 273, 360, 1, 0, 1
3617, 1, 1636429961872, 1636429962502, 630, 269, 361, 0, 0, 0
3619, 1, 1636429962135, 1636429962762, 627, 268, 359, 0, 0, 0
3618, 1, 1636429962088, 1636429962954, 866, 515, 351, 0, 2, 2
3620, 1, 1636429962416, 1636429963034, 618, 266, 352, 1, 0, 1
3621, 1, 1636429962455, 1636429963074, 619, 267, 352, 0, 0, 0
3622, 1, 1636429962624, 1636429963246, 622, 273, 349, 0, 0, 0
3623, 1, 1636429962648, 1636429963274, 626, 271, 355, 1, 1, 2
3508, 2, 1636429953186, 1636429963321, 10135, 0, 10135, 0, 0, 0
3624, 1, 1636429962717, 1636429963334, 617, 263, 354, 0, 0, 0
3625, 1, 1636429962867, 1636429963486, 619, 266, 353, 0, 0, 0
3626, 1, 1636429962900, 1636429963526, 626, 266, 360, 1, 0, 1
3628, 1, 1636429963112, 1636429963770, 658, 306, 352, 0, 37, 37
3518, 2, 1636429953731, 1636429963866, 10135, 1, 10134, 0, 1, 1
3627, 1, 1636429963095, 1636429963974, 879, 530, 349, 0, 0, 0
3629, 1, 1636429963424, 1636429964054, 630, 273, 357, 0, 0, 0
3631, 1, 1636429963489, 1636429964130, 641, 285, 356, 0, 20, 20
3632, 1, 1636429963609, 1636429964234, 625, 271, 354, 1, 0, 1
3633, 1, 1636429963624, 1636429964250, 626, 267, 359, 0, 1, 1
3634, 1, 1636429963710, 1636429964330, 620, 267, 353, 0, 0, 0
3635, 1, 1636429963868, 1636429964490, 622, 266, 356, 0, 0, 0
3636, 1, 1636429963906, 1636429964538, 632, 279, 353, 2, 0, 2
3528, 2, 1636429954470, 1636429964650, 10180, 0, 10180, 0, 0, 0
3639, 1, 1636429964127, 1636429964754, 627, 271, 356, 0, 1, 1
3638, 1, 1636429964099, 1636429965006, 907, 546, 361, 0, 23, 23
3538, 2, 1636429954954, 1636429965133, 10179, 0, 10179, 0, 1, 1
3643, 1, 1636429964651, 1636429965234, 583, 266, 317, 0, 0, 0
3642, 1, 1636429964651, 1636429965278, 627, 270, 357, 1, 1, 2
3644, 1, 1636429964730, 1636429965398, 668, 315, 353, 1, 45, 46
3542, 2, 1636429955310, 1636429965493, 10183, 0, 10183, 0, 0, 0
3645, 1, 1636429964835, 1636429965494, 659, 302, 357, 0, 37, 37
3646, 1, 1636429964926, 1636429965582, 656, 297, 359, 0, 32, 32
3647, 1, 1636429965134, 1636429965766, 632, 277, 355, 1, 0, 1
3551, 2, 1636429955699, 1636429965837, 10138, 0, 10138, 0, 0, 0
3649, 1, 1636429965274, 1636429965946, 672, 274, 398, 0, 8, 8
3648, 1, 1636429965135, 1636429966042, 907, 547, 360, 3, 0, 3
3653, 1, 1636429965649, 1636429966286, 637, 279, 358, 2, 4, 6
3652, 1, 1636429965642, 1636429966286, 644, 285, 359, 0, 20, 20
3560, 1, 1636429956409, 1636429966330, 9921, 9562, 359, 0, 0, 0
3654, 1, 1636429965712, 1636429966370, 658, 267, 391, 0, 0, 0
3655, 1, 1636429965838, 1636429966458, 620, 266, 354, 0, 0, 0
3558, 2, 1636429956336, 1636429966469, 10133, 0, 10133, 0, 0, 0
3656, 1, 1636429965915, 1636429966534, 619, 266, 353, 0, 0, 0
3659, 1, 1636429966123, 1636429966754, 631, 270, 361, 0, 0, 0
3564, 2, 1636429956649, 1636429966789, 10140, 1, 10139, 1, 0, 1
3660, 1, 1636429966214, 1636429966834, 620, 265, 355, 1, 0, 1
3658, 1, 1636429966100, 1636429966986, 886, 533, 353, 0, 0, 0
3663, 1, 1636429966621, 1636429967242, 621, 266, 355, 0, 0, 0
3662, 1, 1636429966614, 1636429967246, 632, 270, 362, 1, 0, 1
3665, 1, 1636429966808, 1636429967434, 626, 270, 356, 1, 0, 1
3666, 1, 1636429966933, 1636429967570, 637, 278, 359, 0, 0, 0
3668, 1, 1636429966999, 1636429967674, 675, 270, 405, 0, 1, 1
3664, 1, 1636429966691, 1636429967702, 1011, 643, 368, 1, 1, 2
3670, 1, 1636429967145, 1636429967766, 621, 265, 356, 1, 0, 1
3671, 1, 1636429967221, 1636429967854, 633, 274, 359, 0, 0, 0
3669, 1, 1636429967110, 1636429968022, 912, 558, 354, 1, 1, 2
3672, 1, 1636429967582, 1636429968202, 620, 266, 354, 1, 0, 1
3673, 1, 1636429967626, 1636429968246, 620, 265, 355, 0, 1, 1
3674, 1, 1636429967704, 1636429968366, 662, 270, 392, 1, 1, 2
3675, 1, 1636429967818, 1636429968438, 620, 267, 353, 1, 0, 1
3583, 2, 1636429958397, 1636429968533, 10136, 0, 10136, 0, 0, 0
3676, 1, 1636429967930, 1636429968546, 616, 262, 354, 0, 0, 0
3677, 1, 1636429967964, 1636429968586, 622, 266, 356, 0, 0, 0
3679, 1, 1636429968181, 1636429968810, 629, 270, 359, 0, 0, 0
3680, 1, 1636429968209, 1636429968834, 625, 270, 355, 0, 0, 0
3590, 2, 1636429958868, 1636429969001, 10133, 0, 10133, 0, 1, 1
3678, 1, 1636429968113, 1636429969038, 925, 565, 360, 0, 0, 0
3681, 1, 1636429968586, 1636429969214, 628, 270, 358, 1, 0, 1
3683, 1, 1636429968662, 1636429969298, 636, 267, 369, 0, 0, 0
3684, 1, 1636429968706, 1636429969366, 660, 298, 362, 1, 32, 33
3685, 1, 1636429968807, 1636429969450, 643, 290, 353, 2, 16, 18
3686, 1, 1636429968954, 1636429969598, 644, 274, 370, 1, 0, 1
3687, 1, 1636429969001, 1636429969626, 625, 271, 354, 0, 0, 0
3690, 1, 1636429969179, 1636429969806, 627, 270, 357, 1, 1, 2
3691, 1, 1636429969181, 1636429969810, 629, 272, 357, 3, 0, 3
3688, 1, 1636429969120, 1636429970078, 958, 606, 352, 1, 0, 1
3692, 1, 1636429969582, 1636429970206, 624, 270, 354, 0, 1, 1
3693, 1, 1636429969637, 1636429970262, 625, 269, 356, 0, 0, 0
3694, 1, 1636429969695, 1636429970318, 623, 266, 357, 1, 0, 1
3695, 1, 1636429969804, 1636429970430, 626, 270, 356, 1, 0, 1
3696, 1, 1636429969937, 1636429970562, 625, 270, 355, 0, 0, 0
3697, 1, 1636429969999, 1636429970622, 623, 266, 357, 1, 0, 1
3700, 1, 1636429970165, 1636429970778, 613, 262, 351, 0, 0, 0
3699, 1, 1636429970156, 1636429970778, 622, 269, 353, 0, 0, 0
3698, 1, 1636429970118, 1636429971082, 964, 565, 399, 0, 0, 0
3701, 1, 1636429970567, 1636429971186, 619, 268, 351, 0, 2, 2
3702, 1, 1636429970620, 1636429971238, 618, 266, 352, 0, 0, 0
3703, 1, 1636429970691, 1636429971318, 627, 270, 357, 0, 0, 0
3704, 1, 1636429970783, 1636429971410, 627, 267, 360, 2, 0, 2
3705, 1, 1636429970923, 1636429971542, 619, 266, 353, 0, 0, 0
3706, 1, 1636429970967, 1636429971586, 619, 267, 352, 1, 1, 2
3708, 1, 1636429971165, 1636429971786, 621, 270, 351, 1, 0, 1
3709, 1, 1636429971187, 1636429971814, 627, 271, 356, 1, 0, 1
3707, 1, 1636429971118, 1636429972042, 924, 522, 402, 0, 0, 0
3710, 1, 1636429971534, 1636429972170, 636, 279, 357, 1, 1, 2
3711, 1, 1636429971620, 1636429972242, 622, 266, 356, 0, 0, 0
3712, 1, 1636429971724, 1636429972342, 618, 267, 351, 0, 1, 1
3713, 1, 1636429971801, 1636429972430, 629, 270, 359, 1, 0, 1
3714, 1, 1636429971938, 1636429972562, 624, 270, 354, 0, 0, 0
3715, 1, 1636429971952, 1636429972578, 626, 266, 360, 0, 0, 0
3718, 1, 1636429972192, 1636429972822, 630, 270, 360, 0, 0, 0
3716, 1, 1636429972112, 1636429973030, 918, 552, 366, 0, 0, 0
3719, 1, 1636429972561, 1636429973198, 637, 271, 366, 2, 0, 2
3721, 1, 1636429972741, 1636429973378, 637, 274, 363, 2, 0, 2
3722, 1, 1636429972814, 1636429973446, 632, 274, 358, 0, 1, 1
3723, 1, 1636429972952, 1636429973578, 626, 267, 359, 0, 0, 0
3630, 2, 1636429963450, 1636429973629, 10179, 1, 10178, 0, 0, 0
3724, 1, 1636429972967, 1636429973826, 859, 506, 353, 0, 0, 0
3726, 1, 1636429973213, 1636429973842, 629, 270, 359, 0, 1, 1
3725, 1, 1636429973109, 1636429974078, 969, 559, 410, 0, 0, 0
3637, 2, 1636429963995, 1636429974177, 10182, 0, 10182, 0, 0, 0
3727, 1, 1636429973579, 1636429974206, 627, 265, 362, 1, 0, 1
3728, 1, 1636429973735, 1636429974362, 627, 270, 357, 1, 0, 1
3729, 1, 1636429973758, 1636429974446, 688, 286, 402, 0, 16, 16
3730, 1, 1636429973842, 1636429974470, 628, 270, 358, 1, 0, 1
3640, 2, 1636429964449, 1636429974585, 10136, 0, 10136, 0, 0, 0
3732, 1, 1636429973984, 1636429974626, 642, 289, 353, 1, 20, 21
3641, 2, 1636429964496, 1636429974629, 10133, 1, 10132, 1, 1, 2
3731, 1, 1636429973959, 1636429974630, 671, 313, 358, 1, 44, 45
3734, 1, 1636429974218, 1636429974894, 676, 322, 354, 1, 52, 53
3735, 1, 1636429974306, 1636429974990, 684, 282, 402, 0, 17, 17
3733, 1, 1636429974109, 1636429975082, 973, 573, 400, 0, 5, 5
3736, 1, 1636429974630, 1636429975214, 584, 271, 313, 1, 1, 2
3738, 1, 1636429974720, 1636429975342, 622, 269, 353, 0, 1, 1
3739, 1, 1636429974724, 1636429975346, 622, 267, 355, 1, 1, 2
3737, 1, 1636429974718, 1636429975386, 668, 269, 399, 1, 0, 1
3650, 2, 1636429965274, 1636429975457, 10183, 1, 10182, 0, 0, 0
3741, 1, 1636429974843, 1636429975470, 627, 267, 360, 1, 1, 2
3742, 1, 1636429974931, 1636429975562, 631, 275, 356, 0, 2, 2
3743, 1, 1636429974956, 1636429975578, 622, 270, 352, 0, 0, 0
3651, 2, 1636429965626, 1636429975802, 10176, 0, 10176, 0, 1, 1
3745, 1, 1636429975193, 1636429975846, 653, 286, 367, 0, 0, 0
3746, 1, 1636429975284, 1636429975906, 622, 271, 351, 2, 0, 2
3744, 1, 1636429975109, 1636429976062, 953, 515, 438, 1, 0, 1
3657, 2, 1636429965966, 1636429976145, 10179, 0, 10179, 0, 0, 0
3747, 1, 1636429975569, 1636429976186, 617, 263, 354, 1, 0, 1
3748, 1, 1636429975649, 1636429976270, 621, 262, 359, 0, 0, 0
3749, 1, 1636429975697, 1636429976330, 633, 261, 372, 1, 0, 1
3750, 1, 1636429975746, 1636429976406, 660, 298, 362, 1, 31, 32
3751, 1, 1636429975870, 1636429976498, 628, 274, 354, 1, 7, 8
3752, 1, 1636429975924, 1636429976538, 614, 262, 352, 0, 0, 0
3753, 1, 1636429975964, 1636429976586, 622, 274, 348, 0, 11, 11
3661, 1, 1636429966331, 1636429976634, 10303, 9896, 407, 1, 1, 2
3755, 1, 1636429976034, 1636429976722, 688, 267, 421, 3, 0, 3
3757, 1, 1636429976175, 1636429976802, 627, 274, 353, 0, 0, 0
3759, 1, 1636429976309, 1636429976930, 621, 266, 355, 0, 0, 0
3758, 1, 1636429976278, 1636429976942, 664, 259, 405, 0, 0, 0
3756, 1, 1636429976146, 1636429976982, 836, 531, 305, 3, 0, 3
3754, 1, 1636429976034, 1636429977170, 1136, 713, 423, 0, 0, 0
3667, 2, 1636429966998, 1636429977173, 10175, 0, 10175, 0, 0, 0
3760, 1, 1636429976584, 1636429977206, 622, 269, 353, 0, 0, 0
3762, 1, 1636429976675, 1636429977298, 623, 266, 357, 1, 0, 1
3763, 1, 1636429976685, 1636429977298, 613, 258, 355, 0, 0, 0
3764, 1, 1636429976717, 1636429977346, 629, 267, 362, 2, 0, 2
3761, 1, 1636429976636, 1636429977382, 746, 354, 392, 0, 2, 2
3766, 1, 1636429976935, 1636429977558, 623, 267, 356, 0, 1, 1
3767, 1, 1636429976969, 1636429977618, 649, 294, 355, 0, 32, 32
3768, 1, 1636429976987, 1636429977622, 635, 279, 356, 1, 13, 14
3765, 1, 1636429976880, 1636429977626, 746, 387, 359, 0, 6, 6
3771, 1, 1636429977211, 1636429977834, 623, 268, 355, 2, 0, 2
3770, 1, 1636429977175, 1636429977838, 663, 267, 396, 1, 0, 1
3772, 1, 1636429977250, 1636429977882, 632, 265, 367, 1, 0, 1
3773, 1, 1636429977299, 1636429977926, 627, 275, 352, 2, 0, 2
3774, 1, 1636429977306, 1636429977966, 660, 271, 389, 3, 0, 3
3769, 1, 1636429977113, 1636429978006, 893, 522, 371, 0, 0, 0
3775, 1, 1636429977568, 1636429978190, 622, 267, 355, 0, 1, 1
3779, 1, 1636429977683, 1636429978314, 631, 269, 362, 1, 0, 1
3778, 1, 1636429977673, 1636429978314, 641, 278, 363, 1, 0, 1
3780, 1, 1636429977887, 1636429978510, 623, 270, 353, 1, 0, 1
3781, 1, 1636429977931, 1636429978546, 615, 267, 348, 1, 0, 1
3782, 1, 1636429977963, 1636429978582, 619, 266, 353, 0, 0, 0
3783, 1, 1636429977999, 1636429978626, 627, 271, 356, 1, 1, 2
3785, 1, 1636429978172, 1636429978794, 622, 266, 356, 0, 0, 0
3786, 1, 1636429978179, 1636429978810, 631, 271, 360, 1, 1, 2
3682, 2, 1636429968662, 1636429978837, 10175, 1, 10174, 2, 0, 2
3788, 1, 1636429978269, 1636429978894, 625, 271, 354, 3, 0, 3
3787, 1, 1636429978265, 1636429978898, 633, 268, 365, 1, 0, 1
3789, 1, 1636429978285, 1636429978918, 633, 269, 364, 1, 0, 1
3784, 1, 1636429978106, 1636429979002, 896, 538, 358, 0, 0, 0
3790, 1, 1636429978576, 1636429979198, 622, 267, 355, 0, 1, 1
3791, 1, 1636429978640, 1636429979290, 650, 289, 361, 0, 20, 20
3792, 1, 1636429978661, 1636429979290, 629, 265, 364, 0, 0, 0
3689, 2, 1636429969130, 1636429979305, 10175, 0, 10175, 0, 0, 0
3793, 1, 1636429978883, 1636429979506, 623, 270, 353, 0, 0, 0
3794, 1, 1636429978931, 1636429979574, 643, 286, 357, 1, 15, 16
3797, 1, 1636429979003, 1636429979654, 651, 303, 348, 0, 37, 37
3795, 1, 1636429978975, 1636429979658, 683, 286, 397, 0, 23, 23
3796, 1, 1636429978993, 1636429979662, 669, 311, 358, 0, 37, 37
3799, 1, 1636429979159, 1636429979794, 635, 266, 369, 0, 0, 0
3740, 1, 1636429974766, 1636429979798, 5032, 4637, 395, 1, 0, 1
3800, 1, 1636429979179, 1636429979838, 659, 263, 396, 1, 0, 1
3803, 1, 1636429979306, 1636429979890, 584, 271, 313, 0, 0, 0
3801, 1, 1636429979230, 1636429979890, 660, 275, 385, 3, 0, 3
3802, 1, 1636429979248, 1636429979898, 650, 274, 376, 3, 0, 3
3798, 1, 1636429979105, 1636429980018, 913, 562, 351, 0, 0, 0
3804, 1, 1636429979430, 1636429980110, 680, 291, 389, 1, 0, 1
3805, 1, 1636429979559, 1636429980182, 623, 271, 352, 0, 0, 0
3807, 1, 1636429979655, 1636429980274, 619, 268, 351, 0, 0, 0
3806, 1, 1636429979655, 1636429980278, 623, 272, 351, 0, 0, 0
3809, 1, 1636429979910, 1636429980526, 616, 266, 350, 1, 0, 1
3810, 1, 1636429979922, 1636429980542, 620, 262, 358, 0, 0, 0
3808, 1, 1636429979799, 1636429980550, 751, 362, 389, 0, 0, 0
3811, 1, 1636429979956, 1636429980574, 618, 263, 355, 0, 0, 0
3813, 1, 1636429980018, 1636429980650, 632, 270, 362, 2, 0, 2
3812, 1, 1636429980018, 1636429980650, 632, 270, 362, 2, 0, 2
3815, 1, 1636429980130, 1636429980754, 624, 267, 357, 1, 0, 1
3816, 1, 1636429980183, 1636429980794, 611, 262, 349, 0, 0, 0
3817, 1, 1636429980214, 1636429980838, 624, 273, 351, 1, 0, 1
3818, 1, 1636429980257, 1636429980882, 625, 269, 356, 0, 1, 1
3819, 1, 1636429980268, 1636429980882, 614, 262, 352, 1, 1, 2
3814, 1, 1636429980104, 1636429981002, 898, 530, 368, 1, 0, 1
3820, 1, 1636429980411, 1636429981030, 619, 258, 361, 0, 0, 0
3822, 1, 1636429980648, 1636429981270, 622, 270, 352, 0, 0, 0
3823, 1, 1636429980684, 1636429981326, 642, 282, 360, 1, 0, 1
3824, 1, 1636429980816, 1636429981490, 674, 310, 364, 1, 0, 1
3825, 1, 1636429980915, 1636429981542, 627, 269, 358, 0, 0, 0
3826, 1, 1636429980925, 1636429981550, 625, 266, 359, 0, 0, 0
3827, 1, 1636429980943, 1636429981570, 627, 269, 358, 0, 0, 0
3828, 1, 1636429981008, 1636429981622, 614, 262, 352, 1, 0, 1
3829, 1, 1636429981051, 1636429981690, 639, 273, 366, 0, 0, 0
3831, 1, 1636429981129, 1636429981762, 633, 274, 359, 0, 0, 0
3833, 1, 1636429981183, 1636429981806, 623, 267, 356, 0, 1, 1
3834, 1, 1636429981235, 1636429981866, 631, 270, 361, 0, 0, 0
3835, 1, 1636429981246, 1636429981874, 628, 270, 358, 0, 0, 0
3830, 1, 1636429981107, 1636429982006, 899, 542, 357, 1, 0, 1
3836, 1, 1636429981390, 1636429982014, 624, 271, 353, 0, 0, 0
3832, 1, 1636429981180, 1636429982250, 1070, 713, 357, 1, 0, 1
3837, 1, 1636429981656, 1636429982278, 622, 267, 355, 2, 0, 2
3717, 2, 1636429972157, 1636429982293, 10136, 0, 10136, 0, 0, 0
3838, 1, 1636429981683, 1636429982298, 615, 266, 349, 0, 1, 1
3839, 1, 1636429981808, 1636429982466, 658, 298, 360, 0, 1, 1
3840, 1, 1636429981910, 1636429982558, 648, 290, 358, 1, 20, 21
3841, 1, 1636429981935, 1636429982574, 639, 274, 365, 0, 0, 0
3842, 1, 1636429981960, 1636429982582, 622, 268, 354, 2, 0, 2
3843, 1, 1636429981994, 1636429982650, 656, 297, 359, 0, 29, 29
3844, 1, 1636429982025, 1636429982650, 625, 269, 356, 0, 8, 8
3846, 1, 1636429982115, 1636429982742, 627, 271, 356, 1, 2, 3
3720, 1, 1636429972613, 1636429982782, 10169, 9814, 355, 1, 0, 1
3847, 1, 1636429982183, 1636429982826, 643, 265, 378, 1, 0, 1
3848, 1, 1636429982245, 1636429982878, 633, 276, 357, 2, 2, 4
3849, 1, 1636429982295, 1636429982914, 619, 267, 352, 1, 0, 1
3850, 1, 1636429982297, 1636429982966, 669, 273, 396, 0, 0, 0
3851, 1, 1636429982407, 1636429983022, 615, 267, 348, 0, 0, 0
3845, 1, 1636429982107, 1636429983026, 919, 570, 349, 0, 0, 0
3852, 1, 1636429982422, 1636429983098, 676, 270, 406, 1, 0, 1
3853, 1, 1636429982644, 1636429983262, 618, 266, 352, 0, 0, 0
3854, 1, 1636429982652, 1636429983270, 618, 266, 352, 0, 0, 0
3856, 1, 1636429982826, 1636429983474, 648, 291, 357, 1, 0, 1
3857, 1, 1636429982918, 1636429983538, 620, 271, 349, 0, 1, 1
3855, 1, 1636429982784, 1636429983542, 758, 362, 396, 1, 0, 1
3858, 1, 1636429982949, 1636429983574, 625, 272, 353, 2, 1, 3
3859, 1, 1636429982951, 1636429983582, 631, 270, 361, 1, 1, 2
3860, 1, 1636429982995, 1636429983614, 619, 264, 355, 2, 0, 2
3861, 1, 1636429983017, 1636429983630, 613, 259, 354, 0, 0, 0
3863, 1, 1636429983148, 1636429983762, 614, 258, 356, 0, 0, 0
3864, 1, 1636429983154, 1636429983782, 628, 271, 357, 1, 0, 1
3866, 1, 1636429983237, 1636429983862, 625, 270, 355, 2, 0, 2
3865, 1, 1636429983228, 1636429983866, 638, 273, 365, 0, 0, 0
3868, 1, 1636429983377, 1636429983998, 621, 261, 360, 0, 0, 0
3869, 1, 1636429983385, 1636429984030, 645, 287, 358, 3, 0, 3
3862, 1, 1636429983107, 1636429984034, 927, 563, 364, 1, 1, 2
3867, 1, 1636429983279, 1636429984222, 943, 582, 361, 1, 0, 1
3870, 1, 1636429983663, 1636429984282, 619, 265, 354, 0, 0, 0
3871, 1, 1636429983668, 1636429984294, 626, 269, 357, 1, 0, 1
3872, 1, 1636429983773, 1636429984450, 677, 322, 355, 0, 0, 0
3873, 1, 1636429983802, 1636429984486, 684, 334, 350, 1, 0, 1
3874, 1, 1636429983939, 1636429984558, 619, 266, 353, 0, 0, 0
3876, 1, 1636429983954, 1636429984570, 616, 262, 354, 0, 0, 0
3875, 1, 1636429983948, 1636429984570, 622, 266, 356, 0, 0, 0
3877, 1, 1636429983993, 1636429984618, 625, 266, 359, 2, 0, 2
3878, 1, 1636429983995, 1636429984618, 623, 267, 356, 2, 1, 3
3880, 1, 1636429984176, 1636429984794, 618, 267, 351, 2, 0, 2
3881, 1, 1636429984178, 1636429984798, 620, 266, 354, 0, 0, 0
3883, 1, 1636429984254, 1636429984878, 624, 269, 355, 0, 0, 0
3882, 1, 1636429984244, 1636429984878, 634, 270, 364, 0, 0, 0
3884, 1, 1636429984279, 1636429984886, 607, 258, 349, 0, 0, 0
3879, 1, 1636429984106, 1636429985010, 904, 549, 355, 0, 0, 0
3885, 1, 1636429984373, 1636429985022, 649, 290, 359, 0, 0, 0
3886, 1, 1636429984385, 1636429985022, 637, 271, 366, 2, 0, 2
3887, 1, 1636429984683, 1636429985310, 627, 270, 357, 0, 0, 0
3888, 1, 1636429984689, 1636429985318, 629, 271, 358, 0, 0, 0
3889, 1, 1636429984796, 1636429985470, 674, 322, 352, 2, 1, 3
3890, 1, 1636429984800, 1636429985470, 670, 316, 354, 0, 1, 1
3891, 1, 1636429984914, 1636429985542, 628, 271, 357, 0, 1, 1
3892, 1, 1636429984941, 1636429985562, 621, 263, 358, 0, 1, 1
3893, 1, 1636429984953, 1636429985586, 633, 276, 357, 0, 2, 2
3894, 1, 1636429984978, 1636429985602, 624, 272, 352, 0, 0, 0
3895, 1, 1636429984994, 1636429985622, 628, 267, 361, 1, 0, 1
3897, 1, 1636429985187, 1636429985818, 631, 270, 361, 3, 0, 3
3899, 1, 1636429985210, 1636429985834, 624, 275, 349, 2, 0, 2
3898, 1, 1636429985208, 1636429985842, 634, 274, 360, 1, 0, 1
3901, 1, 1636429985275, 1636429985906, 631, 274, 357, 2, 0, 2
3900, 1, 1636429985272, 1636429985906, 634, 278, 356, 2, 1, 3
3902, 1, 1636429985342, 1636429985986, 644, 290, 354, 0, 0, 0
3903, 1, 1636429985366, 1636429985990, 624, 270, 354, 1, 0, 1
3896, 1, 1636429985110, 1636429986030, 920, 566, 354, 1, 0, 1
3904, 1, 1636429985667, 1636429986294, 627, 266, 361, 0, 0, 0
3905, 1, 1636429985684, 1636429986314, 630, 270, 360, 0, 0, 0
3907, 1, 1636429985790, 1636429986438, 648, 289, 359, 1, 0, 1
3906, 1, 1636429985769, 1636429986442, 673, 314, 359, 2, 0, 2
3909, 1, 1636429985920, 1636429986562, 642, 273, 369, 2, 0, 2
3908, 1, 1636429985918, 1636429986562, 644, 274, 370, 3, 0, 3
3912, 1, 1636429985966, 1636429986586, 620, 271, 349, 1, 0, 1
3910, 1, 1636429985958, 1636429986594, 636, 270, 366, 0, 0, 0
3911, 1, 1636429985962, 1636429986598, 636, 279, 357, 2, 0, 2
3914, 1, 1636429986180, 1636429986806, 626, 270, 356, 1, 0, 1
3915, 1, 1636429986185, 1636429986810, 625, 262, 363, 0, 0, 0
3916, 1, 1636429986212, 1636429986834, 622, 263, 359, 0, 0, 0
3917, 1, 1636429986248, 1636429986866, 618, 266, 352, 1, 0, 1
3918, 1, 1636429986309, 1636429986918, 609, 258, 351, 0, 0, 0
3919, 1, 1636429986366, 1636429987010, 644, 290, 354, 2, 0, 2
3913, 1, 1636429986107, 1636429987014, 907, 546, 361, 0, 0, 0
3922, 1, 1636429986686, 1636429987314, 628, 274, 354, 0, 0, 0
3924, 1, 1636429986814, 1636429987462, 648, 290, 358, 0, 0, 0
3925, 1, 1636429986896, 1636429987522, 626, 269, 357, 0, 0, 0
3927, 1, 1636429986934, 1636429987554, 620, 266, 354, 0, 0, 0
3926, 1, 1636429986921, 1636429987558, 637, 278, 359, 1, 0, 1
3928, 1, 1636429986967, 1636429987586, 619, 266, 353, 0, 0, 0
3929, 1, 1636429986997, 1636429987626, 629, 274, 355, 0, 0, 0
3776, 2, 1636429977641, 1636429987777, 10136, 0, 10136, 0, 0, 0
3931, 1, 1636429987181, 1636429987798, 617, 267, 350, 1, 0, 1
3932, 1, 1636429987182, 1636429987810, 628, 271, 357, 1, 1, 2
3777, 2, 1636429977673, 1636429987826, 10153, 0, 10153, 1, 0, 1
3934, 1, 1636429987235, 1636429987854, 619, 263, 356, 0, 1, 1
3933, 1, 1636429987189, 1636429987914, 725, 366, 359, 0, 0, 0
3935, 1, 1636429987333, 1636429987962, 629, 270, 359, 0, 1, 1
3936, 1, 1636429987342, 1636429987974, 632, 274, 358, 0, 0, 0
3930, 1, 1636429987113, 1636429988098, 985, 622, 363, 0, 88, 88
3921, 1, 1636429986669, 1636429988362, 1693, 1339, 354, 1, 1, 2
3937, 1, 1636429987827, 1636429988450, 623, 273, 350, 2, 0, 2
3938, 1, 1636429987866, 1636429988494, 628, 266, 362, 1, 0, 1
3939, 1, 1636429987901, 1636429988526, 625, 270, 355, 0, 0, 0
3940, 1, 1636429987933, 1636429988550, 617, 264, 353, 1, 1, 2
3941, 1, 1636429987960, 1636429988586, 626, 260, 366, 0, 1, 1
3944, 1, 1636429987992, 1636429988622, 630, 275, 355, 1, 1, 2
3942, 1, 1636429987978, 1636429988642, 664, 262, 402, 0, 0, 0
3943, 1, 1636429987982, 1636429988646, 664, 258, 406, 1, 0, 1
3946, 1, 1636429988151, 1636429988766, 615, 266, 349, 0, 0, 0
3947, 1, 1636429988160, 1636429988774, 614, 262, 352, 0, 0, 0
3948, 1, 1636429988213, 1636429988826, 613, 258, 355, 0, 0, 0
3949, 1, 1636429988230, 1636429988854, 624, 266, 358, 1, 0, 1
3950, 1, 1636429988329, 1636429988942, 613, 258, 355, 0, 0, 0
3945, 1, 1636429988114, 1636429988978, 864, 469, 395, 0, 0, 0
3951, 1, 1636429988363, 1636429989034, 671, 275, 396, 2, 0, 2
3952, 1, 1636429988758, 1636429989386, 628, 277, 351, 0, 0, 0
3953, 1, 1636429988869, 1636429989494, 625, 271, 354, 2, 0, 2
3954, 1, 1636429988903, 1636429989526, 623, 266, 357, 0, 0, 0
3957, 1, 1636429988938, 1636429989550, 612, 262, 350, 1, 0, 1
3956, 1, 1636429988934, 1636429989554, 620, 266, 354, 0, 0, 0
3959, 1, 1636429988972, 1636429989582, 610, 258, 352, 0, 0, 0
3961, 1, 1636429989187, 1636429989810, 623, 266, 357, 0, 0, 0
3962, 1, 1636429989195, 1636429989810, 615, 266, 349, 1, 0, 1
3963, 1, 1636429989202, 1636429989834, 632, 270, 362, 0, 0, 0
3964, 1, 1636429989238, 1636429989858, 620, 267, 353, 1, 0, 1
3965, 1, 1636429989337, 1636429989958, 621, 266, 355, 0, 0, 0
3966, 1, 1636429989360, 1636429989986, 626, 270, 356, 1, 0, 1
3967, 1, 1636429989760, 1636429990438, 678, 317, 361, 1, 0, 1
3968, 1, 1636429989834, 1636429990466, 632, 273, 359, 1, 0, 1
3969, 1, 1636429989909, 1636429990534, 625, 266, 359, 0, 0, 0
3970, 1, 1636429989935, 1636429990550, 615, 262, 353, 0, 0, 0
3972, 1, 1636429989998, 1636429990622, 624, 266, 358, 1, 1, 2
3821, 2, 1636429980591, 1636429990729, 10138, 0, 10138, 0, 1, 1
3973, 1, 1636429990177, 1636429990798, 621, 266, 355, 0, 0, 0
3974, 1, 1636429990191, 1636429990814, 623, 266, 357, 0, 0, 0
3975, 1, 1636429990208, 1636429990818, 610, 263, 347, 0, 0, 0
3971, 1, 1636429989945, 1636429990990, 1045, 690, 355, 1, 12, 13
3976, 1, 1636429990326, 1636429990994, 668, 267, 401, 0, 1, 1
3978, 1, 1636429990751, 1636429991438, 687, 338, 349, 0, 0, 0
3980, 1, 1636429990868, 1636429991486, 618, 265, 353, 0, 0, 0
3979, 1, 1636429990858, 1636429991514, 656, 266, 390, 0, 0, 0
3981, 1, 1636429990901, 1636429991518, 617, 266, 351, 0, 0, 0
3982, 1, 1636429990946, 1636429991562, 616, 267, 349, 0, 0, 0
3984, 1, 1636429991034, 1636429991650, 616, 262, 354, 0, 0, 0
3983, 1, 1636429990992, 1636429991654, 662, 266, 396, 1, 0, 1
3985, 1, 1636429991186, 1636429991818, 632, 278, 354, 0, 0, 0
3986, 1, 1636429991203, 1636429991822, 619, 266, 353, 0, 0, 0
3987, 1, 1636429991210, 1636429991838, 628, 266, 362, 0, 0, 0
3988, 1, 1636429991327, 1636429991958, 631, 269, 362, 0, 0, 0
3989, 1, 1636429991756, 1636429992414, 658, 299, 359, 0, 1, 1
3990, 1, 1636429991841, 1636429992470, 629, 273, 356, 1, 1, 2
3992, 1, 1636429991886, 1636429992502, 616, 262, 354, 1, 0, 1
3991, 1, 1636429991880, 1636429992506, 626, 270, 356, 0, 0, 0
3993, 1, 1636429991954, 1636429992574, 620, 262, 358, 0, 0, 0
3994, 1, 1636429991983, 1636429992610, 627, 266, 361, 0, 0, 0
3995, 1, 1636429992023, 1636429992654, 631, 269, 362, 0, 0, 0
3996, 1, 1636429992189, 1636429992818, 629, 271, 358, 0, 0, 0
3997, 1, 1636429992211, 1636429992826, 615, 266, 349, 0, 0, 0
3998, 1, 1636429992214, 1636429992838, 624, 266, 358, 0, 0, 0
3999, 1, 1636429992336, 1636429992950, 614, 262, 352, 0, 0, 0
4000, 1, 1636429992758, 1636429993402, 644, 294, 350, 1, 0, 1
4001, 1, 1636429992861, 1636429993494, 633, 277, 356, 0, 1, 1
4002, 1, 1636429992867, 1636429993494, 627, 274, 353, 2, 0, 2
4003, 1, 1636429992918, 1636429993538, 620, 267, 353, 2, 0, 2
4004, 1, 1636429992923, 1636429993562, 639, 283, 356, 2, 0, 2
4005, 1, 1636429992987, 1636429993606, 619, 267, 352, 1, 1, 2
4006, 1, 1636429992994, 1636429993618, 624, 266, 358, 0, 0, 0
4007, 1, 1636429993167, 1636429993790, 623, 266, 357, 0, 0, 0
4008, 1, 1636429993200, 1636429993818, 618, 262, 356, 0, 0, 0
4009, 1, 1636429993222, 1636429993858, 636, 266, 370, 0, 1, 1
4010, 1, 1636429993313, 1636429993946, 633, 274, 359, 0, 1, 1
4011, 1, 1636429993744, 1636429994394, 650, 298, 352, 1, 1, 2
4012, 1, 1636429993841, 1636429994474, 633, 271, 362, 1, 0, 1
4014, 1, 1636429993892, 1636429994510, 618, 266, 352, 1, 0, 1
4013, 1, 1636429993884, 1636429994510, 626, 275, 351, 0, 0, 0
4015, 1, 1636429993902, 1636429994526, 624, 267, 357, 1, 0, 1
4016, 1, 1636429993962, 1636429994594, 632, 270, 362, 1, 0, 1
4017, 1, 1636429993982, 1636429994614, 632, 270, 362, 1, 1, 2
4019, 1, 1636429994168, 1636429994794, 626, 270, 356, 1, 0, 1
4018, 1, 1636429994162, 1636429994794, 632, 270, 362, 2, 0, 2
4020, 1, 1636429994214, 1636429994834, 620, 262, 358, 0, 0, 0
4021, 1, 1636429994342, 1636429994974, 632, 278, 354, 0, 0, 0
4022, 1, 1636429994751, 1636429995422, 671, 319, 352, 1, 0, 1
4023, 1, 1636429994823, 1636429995446, 623, 271, 352, 1, 0, 1
4024, 1, 1636429994897, 1636429995522, 625, 271, 354, 0, 0, 0
4026, 1, 1636429994910, 1636429995538, 628, 266, 362, 1, 0, 1
4025, 1, 1636429994908, 1636429995542, 634, 278, 356, 2, 0, 2
4027, 1, 1636429994950, 1636429995566, 616, 266, 350, 1, 0, 1
4028, 1, 1636429995011, 1636429995642, 631, 270, 361, 0, 0, 0
4029, 1, 1636429995141, 1636429995762, 621, 262, 359, 1, 0, 1
4030, 1, 1636429995142, 1636429995762, 620, 267, 353, 2, 0, 2
4031, 1, 1636429995224, 1636429995850, 626, 270, 356, 0, 0, 0
4032, 1, 1636429995350, 1636429995998, 648, 287, 361, 0, 0, 0
4033, 1, 1636429995782, 1636429996446, 664, 306, 358, 0, 0, 0
4034, 1, 1636429995815, 1636429996446, 631, 270, 361, 0, 0, 0
4035, 1, 1636429995876, 1636429996506, 630, 274, 356, 1, 0, 1
3920, 2, 1636429986398, 1636429996529, 10131, 1, 10130, 0, 0, 0
4036, 1, 1636429995916, 1636429996538, 622, 267, 355, 1, 1, 2
4037, 1, 1636429995928, 1636429996558, 630, 273, 357, 0, 0, 0
4038, 1, 1636429995972, 1636429996602, 630, 269, 361, 0, 0, 0
4039, 1, 1636429996042, 1636429996658, 616, 258, 358, 0, 0, 0
4040, 1, 1636429996110, 1636429996734, 624, 263, 361, 0, 1, 1
4041, 1, 1636429996161, 1636429996794, 633, 274, 359, 0, 8, 8
4042, 1, 1636429996199, 1636429996822, 623, 266, 357, 1, 0, 1
3923, 2, 1636429986771, 1636429996905, 10134, 0, 10134, 0, 0, 0
4043, 1, 1636429996345, 1636429996982, 637, 275, 362, 1, 4, 5
4044, 1, 1636429996658, 1636429997362, 704, 303, 401, 1, 29, 30
4045, 1, 1636429996750, 1636429997438, 688, 327, 361, 1, 0, 1
4046, 1, 1636429996810, 1636429997458, 648, 273, 375, 0, 0, 0
4049, 1, 1636429996909, 1636429997534, 625, 270, 355, 1, 0, 1
4048, 1, 1636429996907, 1636429997538, 631, 275, 356, 1, 0, 1
4047, 1, 1636429996906, 1636429997542, 636, 283, 353, 2, 0, 2
4050, 1, 1636429996987, 1636429997610, 623, 266, 357, 0, 0, 0
4051, 1, 1636429997011, 1636429997634, 623, 265, 358, 0, 0, 0
4054, 1, 1636429997158, 1636429997774, 616, 262, 354, 0, 0, 0
4052, 1, 1636429997034, 1636429997814, 780, 379, 401, 0, 0, 0
4055, 1, 1636429997216, 1636429997842, 626, 266, 360, 0, 0, 0
4056, 1, 1636429997356, 1636429997986, 630, 270, 360, 0, 0, 0
4057, 1, 1636429997628, 1636429998250, 622, 271, 351, 0, 3, 3
4058, 1, 1636429997770, 1636429998434, 664, 311, 353, 1, 1, 2
4059, 1, 1636429997807, 1636429998442, 635, 274, 361, 2, 0, 2
4060, 1, 1636429997870, 1636429998494, 624, 266, 358, 0, 0, 0
4061, 1, 1636429997931, 1636429998554, 623, 271, 352, 1, 0, 1
4062, 1, 1636429997943, 1636429998566, 623, 272, 351, 2, 0, 2
4063, 1, 1636429997955, 1636429998578, 623, 270, 353, 0, 0, 0
4064, 1, 1636429997988, 1636429998606, 618, 266, 352, 0, 0, 0
4065, 1, 1636429998003, 1636429998694, 691, 338, 353, 1, 0, 1
4066, 1, 1636429998148, 1636429998774, 626, 263, 363, 0, 1, 1
4067, 1, 1636429998216, 1636429998850, 634, 266, 368, 0, 0, 0
4068, 1, 1636429998329, 1636429998950, 621, 265, 356, 1, 0, 1
3955, 2, 1636429988933, 1636429999069, 10136, 1, 10135, 2, 0, 2
3958, 2, 1636429988959, 1636429999117, 10158, 0, 10158, 0, 0, 0
3960, 2, 1636429989119, 1636429999250, 10131, 0, 10131, 0, 0, 0
4069, 1, 1636429998656, 1636429999278, 622, 270, 352, 0, 0, 0
4070, 1, 1636429998764, 1636429999518, 754, 400, 354, 1, 117, 118
4071, 1, 1636429998783, 1636429999518, 735, 328, 407, 1, 59, 60
4073, 1, 1636429998931, 1636429999618, 687, 323, 364, 1, 60, 61
4072, 1, 1636429998886, 1636429999618, 732, 318, 414, 4, 51, 55
4076, 1, 1636429998984, 1636429999698, 714, 309, 405, 0, 45, 45
4074, 1, 1636429998938, 1636429999698, 760, 315, 445, 1, 43, 44
4075, 1, 1636429998955, 1636429999702, 747, 318, 429, 4, 43, 47
4077, 1, 1636429999118, 1636429999722, 604, 287, 317, 1, 1, 2
4078, 1, 1636429999125, 1636429999782, 657, 269, 388, 1, 0, 1
4079, 1, 1636429999188, 1636429999826, 638, 268, 370, 3, 3, 6
4081, 1, 1636429999252, 1636429999882, 630, 266, 364, 0, 0, 0
4080, 1, 1636429999251, 1636429999922, 671, 266, 405, 0, 0, 0
4082, 1, 1636429999344, 1636430000070, 726, 366, 360, 0, 0, 0
4084, 1, 1636429999626, 1636430000254, 628, 274, 354, 1, 1, 2
4083, 1, 1636429999378, 1636430000334, 956, 562, 394, 0, 0, 0
4085, 1, 1636429999780, 1636430000414, 634, 271, 363, 0, 0, 0
3977, 2, 1636429990354, 1636430000493, 10139, 0, 10139, 0, 0, 0
4086, 1, 1636429999781, 1636430000518, 737, 379, 358, 4, 0, 4
4087, 1, 1636429999891, 1636430000522, 631, 274, 357, 3, 0, 3
4089, 1, 1636429999938, 1636430000554, 616, 267, 349, 0, 0, 0
4090, 1, 1636429999954, 1636430000578, 624, 270, 354, 0, 0, 0
4091, 1, 1636430000028, 1636430000698, 670, 320, 350, 1, 1, 2
4092, 1, 1636430000112, 1636430000762, 650, 290, 360, 0, 28, 28
4093, 1, 1636430000169, 1636430000786, 617, 267, 350, 1, 1, 2
4094, 1, 1636430000171, 1636430000794, 623, 267, 356, 1, 0, 1
4095, 1, 1636430000195, 1636430000858, 663, 302, 361, 0, 37, 37
4097, 1, 1636430000353, 1636430001030, 677, 314, 363, 0, 0, 0
4096, 1, 1636430000338, 1636430001038, 700, 266, 434, 0, 0, 0
4098, 1, 1636430000610, 1636430001234, 624, 266, 358, 1, 0, 1
4099, 1, 1636430000626, 1636430001286, 660, 261, 399, 0, 0, 0
4100, 1, 1636430000754, 1636430001378, 624, 262, 362, 0, 0, 0
4102, 1, 1636430000862, 1636430001486, 624, 265, 359, 0, 1, 1
4101, 1, 1636430000786, 1636430001494, 708, 341, 367, 0, 0, 0
4103, 1, 1636430000934, 1636430001554, 620, 265, 355, 0, 0, 0
4104, 1, 1636430000963, 1636430001582, 619, 262, 357, 0, 0, 0
4105, 1, 1636430001016, 1636430001690, 674, 319, 355, 1, 0, 1
4106, 1, 1636430001118, 1636430001734, 616, 262, 354, 0, 0, 0
4108, 1, 1636430001176, 1636430001798, 622, 262, 360, 0, 0, 0
4107, 1, 1636430001172, 1636430001802, 630, 266, 364, 0, 0, 0
4109, 1, 1636430001225, 1636430001842, 617, 258, 359, 0, 0, 0
4111, 1, 1636430001337, 1636430001954, 617, 266, 351, 0, 1, 1
4110, 1, 1636430001332, 1636430001958, 626, 272, 354, 0, 2, 2
4112, 1, 1636430001557, 1636430002178, 621, 264, 357, 1, 0, 1
4113, 1, 1636430001602, 1636430002226, 624, 273, 351, 1, 1, 2
4114, 1, 1636430001763, 1636430002386, 623, 270, 353, 0, 0, 0
4115, 1, 1636430001785, 1636430002406, 621, 266, 355, 1, 0, 1
4116, 1, 1636430001868, 1636430002490, 622, 266, 356, 0, 0, 0
4118, 1, 1636430001939, 1636430002570, 631, 278, 353, 1, 1, 2
4117, 1, 1636430001935, 1636430002574, 639, 278, 361, 3, 0, 3
4119, 1, 1636430001999, 1636430002678, 679, 326, 353, 0, 0, 0
4120, 1, 1636430002087, 1636430002706, 619, 266, 353, 0, 0, 0
4121, 1, 1636430002146, 1636430002766, 620, 270, 350, 1, 0, 1
4122, 1, 1636430002181, 1636430002798, 617, 262, 355, 0, 0, 0
4123, 1, 1636430002194, 1636430002802, 608, 258, 350, 0, 0, 0
4124, 1, 1636430002338, 1636430002954, 616, 266, 350, 0, 0, 0
4125, 1, 1636430002366, 1636430002998, 632, 270, 362, 0, 0, 0
4126, 1, 1636430002541, 1636430003166, 625, 270, 355, 1, 0, 1
4127, 1, 1636430002598, 1636430003230, 632, 269, 363, 0, 0, 0
4128, 1, 1636430002791, 1636430003414, 623, 270, 353, 1, 0, 1
4129, 1, 1636430002904, 1636430003534, 630, 274, 356, 0, 0, 0
4130, 1, 1636430002944, 1636430003566, 622, 267, 355, 0, 0, 0
4131, 1, 1636430002963, 1636430003586, 623, 269, 354, 0, 1, 1
4132, 1, 1636430002978, 1636430003674, 696, 346, 350, 1, 1, 2
4133, 1, 1636430003070, 1636430003682, 612, 258, 354, 0, 0, 0
4134, 1, 1636430003131, 1636430003754, 623, 262, 361, 0, 1, 1
4135, 1, 1636430003165, 1636430003766, 601, 255, 346, 0, 1, 1
4136, 1, 1636430003189, 1636430003810, 621, 268, 353, 1, 0, 1
4137, 1, 1636430003351, 1636430003978, 627, 279, 348, 2, 1, 3
4138, 1, 1636430003367, 1636430003986, 619, 265, 354, 0, 0, 0
4140, 1, 1636430003569, 1636430004202, 633, 269, 364, 0, 0, 0
4139, 1, 1636430003544, 1636430004422, 878, 530, 348, 0, 0, 0
4142, 1, 1636430003879, 1636430004502, 623, 270, 353, 0, 1, 1
4143, 1, 1636430003945, 1636430004582, 637, 270, 367, 2, 0, 2
4145, 1, 1636430003987, 1636430004598, 611, 259, 352, 0, 0, 0
4144, 1, 1636430003954, 1636430004650, 696, 338, 358, 1, 0, 1
4147, 1, 1636430004123, 1636430004738, 615, 262, 353, 1, 0, 1
4148, 1, 1636430004158, 1636430004778, 620, 263, 357, 0, 1, 1
4149, 1, 1636430004184, 1636430004802, 618, 262, 356, 0, 0, 0
4150, 1, 1636430004351, 1636430004978, 627, 270, 357, 0, 0, 0
4151, 1, 1636430004370, 1636430004990, 620, 266, 354, 0, 0, 0
4152, 1, 1636430004540, 1636430005162, 622, 265, 357, 1, 0, 1
4153, 1, 1636430004545, 1636430005178, 633, 274, 359, 0, 0, 0
4154, 1, 1636430004862, 1636430005486, 624, 270, 354, 0, 0, 0
4155, 1, 1636430004916, 1636430005538, 622, 270, 352, 0, 0, 0
4157, 1, 1636430004986, 1636430005606, 620, 266, 354, 0, 0, 0
4156, 1, 1636430004937, 1636430005626, 689, 334, 355, 0, 1, 1
4158, 1, 1636430005106, 1636430005718, 612, 259, 353, 0, 0, 0
4159, 1, 1636430005138, 1636430005754, 616, 262, 354, 0, 0, 0
4160, 1, 1636430005164, 1636430005774, 610, 262, 348, 0, 0, 0
4161, 1, 1636430005333, 1636430005966, 633, 270, 363, 0, 0, 0
4162, 1, 1636430005365, 1636430005986, 621, 265, 356, 0, 0, 0
4164, 1, 1636430005540, 1636430006162, 622, 274, 348, 0, 1, 1
4163, 1, 1636430005521, 1636430006206, 685, 330, 355, 1, 0, 1
4165, 1, 1636430005887, 1636430006510, 623, 269, 354, 0, 0, 0
4167, 1, 1636430005922, 1636430006554, 632, 270, 362, 0, 0, 0
4166, 1, 1636430005913, 1636430006610, 697, 346, 351, 0, 0, 0
4168, 1, 1636430006011, 1636430006622, 611, 262, 349, 0, 0, 0
4169, 1, 1636430006083, 1636430006710, 627, 267, 360, 0, 1, 1
4170, 1, 1636430006143, 1636430006770, 627, 270, 357, 0, 0, 0
4171, 1, 1636430006195, 1636430006814, 619, 270, 349, 0, 1, 1
4172, 1, 1636430006347, 1636430006970, 623, 264, 359, 0, 0, 0
4173, 1, 1636430006374, 1636430007002, 628, 265, 363, 1, 0, 1
4174, 1, 1636430006522, 1636430007146, 624, 269, 355, 1, 0, 1
4175, 1, 1636430006551, 1636430007186, 635, 273, 362, 0, 0, 0
4053, 2, 1636429997108, 1636430007241, 10133, 1, 10132, 0, 2, 2
4176, 1, 1636430006880, 1636430007510, 630, 270, 360, 1, 4, 5
4177, 1, 1636430006905, 1636430007602, 697, 342, 355, 1, 0, 1
4180, 1, 1636430007048, 1636430007690, 642, 285, 357, 0, 24, 24
4179, 1, 1636430007018, 1636430007693, 675, 319, 356, 1, 44, 45
4088, 1, 1636429999935, 1636430007742, 7807, 7441, 366, 0, 0, 0
4182, 1, 1636430007180, 1636430007830, 650, 271, 379, 1, 1, 2
4181, 1, 1636430007174, 1636430007830, 656, 271, 385, 2, 0, 2
4183, 1, 1636430007339, 1636430007970, 631, 270, 361, 0, 0, 0
4185, 1, 1636430007408, 1636430008030, 622, 267, 355, 0, 0, 0
4184, 1, 1636430007370, 1636430008034, 664, 266, 398, 0, 0, 0
4186, 1, 1636430007529, 1636430008150, 621, 266, 355, 1, 0, 1
4187, 1, 1636430007559, 1636430008186, 627, 269, 358, 0, 0, 0
4188, 1, 1636430007744, 1636430008414, 670, 274, 396, 0, 0, 0
4189, 1, 1636430007901, 1636430008530, 629, 270, 359, 0, 0, 0
4190, 1, 1636430007910, 1636430008594, 684, 326, 358, 1, 0, 1
4191, 1, 1636430008037, 1636430008662, 625, 268, 357, 2, 0, 2
4192, 1, 1636430008040, 1636430008670, 630, 272, 358, 2, 0, 2
4193, 1, 1636430008143, 1636430008758, 615, 267, 348, 0, 0, 0
4194, 1, 1636430008187, 1636430008802, 615, 266, 349, 0, 0, 0
4195, 1, 1636430008327, 1636430008962, 635, 270, 365, 0, 0, 0
4196, 1, 1636430008360, 1636430008986, 626, 270, 356, 0, 0, 0
4197, 1, 1636430008388, 1636430009006, 618, 270, 348, 0, 0, 0
4198, 1, 1636430008570, 1636430009186, 616, 262, 354, 0, 0, 0
4199, 1, 1636430008740, 1636430009370, 630, 274, 356, 1, 0, 1
4200, 1, 1636430008888, 1636430009506, 618, 270, 348, 1, 0, 1
4201, 1, 1636430009014, 1636430009634, 620, 270, 350, 0, 0, 0
4202, 1, 1636430009031, 1636430009654, 623, 268, 355, 1, 1, 2
4203, 1, 1636430009151, 1636430009774, 623, 261, 362, 0, 0, 0
4204, 1, 1636430009216, 1636430009842, 626, 270, 356, 0, 0, 0
4205, 1, 1636430009345, 1636430009974, 629, 269, 360, 1, 0, 1
4206, 1, 1636430009358, 1636430009990, 632, 270, 362, 0, 0, 0
4207, 1, 1636430009361, 1636430009990, 629, 266, 363, 0, 0, 0
4208, 1, 1636430009570, 1636430010198, 628, 265, 363, 0, 0, 0
4209, 1, 1636430009711, 1636430010330, 619, 269, 350, 0, 0, 0
4210, 1, 1636430009921, 1636430010554, 633, 274, 359, 0, 0, 0
4211, 1, 1636430010022, 1636430010638, 616, 262, 354, 0, 0, 0
4212, 1, 1636430010061, 1636430010682, 621, 266, 355, 0, 0, 0
4213, 1, 1636430010163, 1636430010794, 631, 266, 365, 0, 0, 0
4214, 1, 1636430010189, 1636430010822, 633, 275, 358, 0, 1, 1
4215, 1, 1636430010338, 1636430010962, 624, 259, 365, 0, 1, 1
4216, 1, 1636430010360, 1636430011002, 642, 285, 357, 0, 0, 0
4218, 1, 1636430010601, 1636430011226, 625, 271, 354, 2, 0, 2
4217, 1, 1636430010370, 1636430011274, 904, 547, 357, 0, 1, 1
4220, 1, 1636430010921, 1636430011550, 629, 272, 357, 0, 0, 0
4221, 1, 1636430011076, 1636430011690, 614, 267, 347, 0, 1, 1
4222, 1, 1636430011161, 1636430011778, 617, 262, 355, 0, 0, 0
4223, 1, 1636430011176, 1636430011802, 626, 265, 361, 0, 0, 0
4225, 1, 1636430011372, 1636430012002, 630, 271, 359, 3, 0, 3
4224, 1, 1636430011370, 1636430012006, 636, 269, 367, 1, 0, 1
4226, 1, 1636430011606, 1636430012230, 624, 261, 363, 0, 0, 0
4227, 1, 1636430011895, 1636430012526, 631, 272, 359, 1, 0, 1
4228, 1, 1636430012101, 1636430012730, 629, 270, 359, 0, 0, 0
4229, 1, 1636430012128, 1636430012750, 622, 266, 356, 0, 0, 0
4230, 1, 1636430012178, 1636430012802, 624, 262, 362, 0, 0, 0
4231, 1, 1636430012351, 1636430012974, 623, 266, 357, 1, 0, 1
4232, 1, 1636430012363, 1636430012986, 623, 268, 355, 0, 0, 0
4233, 1, 1636430012610, 1636430013238, 628, 267, 361, 1, 0, 1
4234, 1, 1636430012881, 1636430013514, 633, 273, 360, 0, 0, 0
4235, 1, 1636430013129, 1636430013762, 633, 271, 362, 0, 0, 0
4236, 1, 1636430013138, 1636430013770, 632, 275, 357, 2, 0, 2
4238, 1, 1636430013330, 1636430013958, 628, 270, 358, 0, 0, 0
4141, 2, 1636430003827, 1636430013962, 10135, 0, 10135, 0, 0, 0
4237, 1, 1636430013153, 1636430013970, 817, 455, 362, 0, 1, 1
4146, 2, 1636430004077, 1636430014214, 10137, 0, 10137, 0, 0, 0
4240, 1, 1636430013636, 1636430014265, 629, 269, 360, 0, 0, 0
4239, 1, 1636430013349, 1636430014422, 1073, 714, 359, 1, 1, 2
4241, 1, 1636430013912, 1636430014574, 662, 299, 363, 0, 26, 26
4242, 1, 1636430014126, 1636430014758, 632, 273, 359, 1, 0, 1
4244, 1, 1636430014159, 1636430014794, 635, 271, 364, 2, 0, 2
4243, 1, 1636430014157, 1636430014802, 645, 271, 374, 0, 1, 1
4245, 1, 1636430014335, 1636430014962, 627, 270, 357, 2, 0, 2
4246, 1, 1636430014423, 1636430015098, 675, 271, 404, 0, 1, 1
4247, 1, 1636430014514, 1636430015194, 680, 273, 407, 1, 0, 1
4249, 1, 1636430014643, 1636430015262, 619, 270, 349, 0, 0, 0
4248, 1, 1636430014514, 1636430015414, 900, 506, 394, 1, 0, 1
4250, 1, 1636430014903, 1636430015526, 623, 270, 353, 1, 0, 1
4251, 1, 1636430015149, 1636430015778, 629, 268, 361, 0, 0, 0
4253, 1, 1636430015163, 1636430015782, 619, 266, 353, 1, 0, 1
4252, 1, 1636430015156, 1636430015782, 626, 270, 356, 0, 0, 0
4254, 1, 1636430015366, 1636430016006, 640, 278, 362, 0, 0, 0
4255, 1, 1636430015394, 1636430016018, 624, 270, 354, 0, 0, 0
4256, 1, 1636430015452, 1636430016086, 634, 274, 360, 1, 0, 1
4257, 1, 1636430015471, 1636430016102, 631, 270, 361, 1, 0, 1
4258, 1, 1636430015621, 1636430016254, 633, 269, 364, 0, 0, 0
4259, 1, 1636430015907, 1636430016534, 627, 274, 353, 0, 0, 0
4260, 1, 1636430016144, 1636430016758, 614, 262, 352, 0, 0, 0
4261, 1, 1636430016164, 1636430016782, 618, 262, 356, 1, 0, 1
4262, 1, 1636430016180, 1636430016798, 618, 262, 356, 0, 0, 0
4264, 1, 1636430016360, 1636430016970, 610, 262, 348, 0, 0, 0
4263, 1, 1636430016346, 1636430016974, 628, 271, 357, 0, 1, 1
4265, 1, 1636430016418, 1636430017046, 628, 270, 358, 1, 0, 1
4178, 2, 1636430006940, 1636430017073, 10133, 0, 10133, 0, 0, 0
4266, 1, 1636430016486, 1636430017110, 624, 261, 363, 0, 0, 0
4267, 1, 1636430016618, 1636430017242, 624, 265, 359, 0, 0, 0
4268, 1, 1636430016901, 1636430017526, 625, 270, 355, 2, 0, 2
4219, 1, 1636430010719, 1636430017558, 6839, 6490, 349, 2, 0, 2
4269, 1, 1636430017168, 1636430017778, 610, 262, 348, 0, 0, 0
4270, 1, 1636430017186, 1636430017810, 624, 275, 349, 0, 2, 2
4271, 1, 1636430017202, 1636430017826, 624, 270, 354, 1, 0, 1
4272, 1, 1636430017206, 1636430017874, 668, 278, 390, 0, 1, 1
4273, 1, 1636430017331, 1636430017950, 619, 262, 357, 0, 0, 0
4274, 1, 1636430017380, 1636430018002, 622, 261, 361, 0, 0, 0
4275, 1, 1636430017408, 1636430018022, 614, 263, 351, 1, 0, 1
4276, 1, 1636430017457, 1636430018086, 629, 270, 359, 0, 0, 0
4278, 1, 1636430017597, 1636430018226, 629, 271, 358, 2, 0, 2
4277, 1, 1636430017559, 1636430018226, 667, 267, 400, 1, 0, 1
4279, 1, 1636430017910, 1636430018538, 628, 268, 360, 0, 0, 0
4280, 1, 1636430018174, 1636430018790, 616, 267, 349, 0, 1, 1
4281, 1, 1636430018180, 1636430018798, 618, 263, 355, 0, 0, 0
4282, 1, 1636430018181, 1636430018806, 625, 271, 354, 1, 0, 1
4283, 1, 1636430018185, 1636430018814, 629, 271, 358, 0, 1, 1
4284, 1, 1636430018324, 1636430018950, 626, 268, 358, 0, 0, 0
4285, 1, 1636430018393, 1636430019014, 621, 266, 355, 1, 0, 1
4286, 1, 1636430018402, 1636430019034, 632, 270, 362, 0, 0, 0
4287, 1, 1636430018461, 1636430019098, 637, 270, 367, 1, 0, 1
4288, 1, 1636430018551, 1636430019174, 623, 267, 356, 1, 0, 1
4289, 1, 1636430018605, 1636430019230, 625, 269, 356, 1, 0, 1
4290, 1, 1636430018943, 1636430019570, 627, 269, 358, 0, 1, 1
4291, 1, 1636430019158, 1636430019790, 632, 271, 361, 1, 0, 1
4292, 1, 1636430019166, 1636430019790, 624, 263, 361, 0, 0, 0
4293, 1, 1636430019205, 1636430019826, 621, 267, 354, 1, 1, 2
4294, 1, 1636430019207, 1636430019830, 623, 268, 355, 2, 1, 3
4295, 1, 1636430019359, 1636430019970, 611, 258, 353, 0, 0, 0
4296, 1, 1636430019379, 1636430019998, 619, 265, 354, 1, 0, 1
4297, 1, 1636430019389, 1636430020014, 625, 262, 363, 0, 0, 0
4299, 1, 1636430019524, 1636430020154, 630, 270, 360, 1, 0, 1
4300, 1, 1636430019583, 1636430020214, 631, 271, 360, 1, 0, 1
4298, 1, 1636430019426, 1636430020242, 816, 454, 362, 1, 0, 1
4301, 1, 1636430019923, 1636430020550, 627, 268, 359, 0, 0, 0
4302, 1, 1636430020137, 1636430020762, 625, 266, 359, 0, 0, 0
4303, 1, 1636430020152, 1636430020766, 614, 262, 352, 1, 0, 1
4304, 1, 1636430020175, 1636430020810, 635, 270, 365, 2, 0, 2
4305, 1, 1636430020201, 1636430020822, 621, 262, 359, 0, 1, 1
4306, 1, 1636430020327, 1636430020958, 631, 274, 357, 0, 0, 0
4308, 1, 1636430020389, 1636430020998, 609, 262, 347, 1, 0, 1
4309, 1, 1636430020431, 1636430021046, 615, 263, 352, 1, 0, 1
4310, 1, 1636430020503, 1636430021210, 707, 352, 355, 0, 0, 0
4311, 1, 1636430020599, 1636430021218, 619, 269, 350, 1, 0, 1
4307, 1, 1636430020369, 1636430021406, 1037, 679, 358, 0, 0, 0
4312, 1, 1636430020899, 1636430021526, 627, 269, 358, 1, 0, 1
4313, 1, 1636430021129, 1636430021754, 625, 269, 356, 0, 0, 0
4314, 1, 1636430021179, 1636430021802, 623, 270, 353, 1, 0, 1
4315, 1, 1636430021233, 1636430021866, 633, 274, 359, 1, 0, 1
4317, 1, 1636430021362, 1636430021986, 624, 266, 358, 0, 0, 0
4316, 1, 1636430021353, 1636430021986, 633, 271, 362, 0, 0, 0
4318, 1, 1636430021395, 1636430022022, 627, 271, 356, 0, 0, 0
4319, 1, 1636430021408, 1636430022070, 662, 266, 396, 1, 0, 1
4320, 1, 1636430021498, 1636430022134, 636, 269, 367, 0, 0, 0
4322, 1, 1636430021870, 1636430022498, 628, 272, 356, 0, 0, 0
4321, 1, 1636430021611, 1636430022526, 915, 557, 358, 0, 0, 0
4324, 1, 1636430022164, 1636430022786, 622, 270, 352, 1, 0, 1
4323, 1, 1636430022161, 1636430022786, 625, 271, 354, 1, 1, 2
4325, 1, 1636430022260, 1636430022878, 618, 266, 352, 0, 2, 2
4326, 1, 1636430022331, 1636430022954, 623, 258, 365, 0, 0, 0
4327, 1, 1636430022385, 1636430023010, 625, 267, 358, 1, 0, 1
4328, 1, 1636430022406, 1636430023038, 632, 270, 362, 2, 0, 2
4329, 1, 1636430022427, 1636430023046, 619, 267, 352, 0, 0, 0
4330, 1, 1636430022475, 1636430023098, 623, 271, 352, 1, 0, 1
4331, 1, 1636430022613, 1636430023486, 873, 517, 356, 0, 0, 0
4332, 1, 1636430023128, 1636430023746, 618, 271, 347, 1, 1, 2
4333, 1, 1636430023172, 1636430023798, 626, 269, 357, 0, 0, 0
4334, 1, 1636430023286, 1636430023914, 628, 271, 357, 0, 0, 0
4335, 1, 1636430023310, 1636430023946, 636, 273, 363, 0, 0, 0
4336, 1, 1636430023415, 1636430024033, 618, 270, 348, 1, 0, 1
4337, 1, 1636430023453, 1636430024078, 625, 266, 359, 1, 0, 1
4338, 1, 1636430023485, 1636430024110, 625, 267, 358, 0, 1, 1
4339, 1, 1636430023622, 1636430024482, 860, 506, 354, 0, 0, 0
4340, 1, 1636430024108, 1636430024734, 626, 270, 356, 1, 0, 1
4341, 1, 1636430024155, 1636430024786, 631, 274, 357, 0, 0, 0
4342, 1, 1636430024322, 1636430024954, 632, 267, 365, 0, 0, 0
4343, 1, 1636430024342, 1636430024966, 624, 267, 357, 1, 1, 2
4344, 1, 1636430024427, 1636430025062, 635, 277, 358, 1, 0, 1
4345, 1, 1636430024442, 1636430025066, 624, 271, 353, 0, 0, 0
4346, 1, 1636430024474, 1636430025102, 628, 274, 354, 1, 0, 1
4347, 1, 1636430024621, 1636430025514, 893, 538, 355, 0, 0, 0
4348, 1, 1636430025111, 1636430025734, 623, 271, 352, 3, 0, 3
4349, 1, 1636430025176, 1636430025806, 630, 269, 361, 0, 0, 0
4350, 1, 1636430025310, 1636430025942, 632, 270, 362, 2, 0, 2
4351, 1, 1636430025374, 1636430025998, 624, 270, 354, 0, 0, 0
4352, 1, 1636430025408, 1636430026026, 618, 266, 352, 2, 0, 2
4353, 1, 1636430025429, 1636430026062, 633, 270, 363, 0, 0, 0
4354, 1, 1636430025443, 1636430026062, 619, 267, 352, 1, 0, 1
4355, 1, 1636430025618, 1636430026478, 860, 502, 358, 1, 0, 1
4356, 1, 1636430026108, 1636430026730, 622, 270, 352, 0, 0, 0
4357, 1, 1636430026192, 1636430026814, 622, 270, 352, 0, 0, 0
4358, 1, 1636430026333, 1636430026950, 617, 266, 351, 1, 0, 1
4359, 1, 1636430026383, 1636430026994, 611, 262, 349, 0, 0, 0
4360, 1, 1636430026406, 1636430027038, 632, 272, 360, 0, 0, 0
4361, 1, 1636430026423, 1636430027038, 615, 265, 350, 0, 0, 0
4362, 1, 1636430026439, 1636430027062, 623, 266, 357, 1, 0, 1
4363, 1, 1636430026626, 1636430027514, 888, 525, 363, 1, 0, 1
4364, 1, 1636430027092, 1636430027718, 626, 270, 356, 1, 1, 2
4365, 1, 1636430027180, 1636430027806, 626, 273, 353, 0, 0, 0
4366, 1, 1636430027341, 1636430027966, 625, 265, 360, 0, 0, 0
4367, 1, 1636430027350, 1636430027974, 624, 267, 357, 0, 0, 0
4368, 1, 1636430027381, 1636430028018, 637, 267, 370, 1, 0, 1
4370, 1, 1636430027424, 1636430028038, 614, 262, 352, 0, 0, 0
4369, 1, 1636430027411, 1636430028038, 627, 266, 361, 0, 0, 0
4371, 1, 1636430027626, 1636430028482, 856, 503, 353, 0, 0, 0
4372, 1, 1636430028066, 1636430028686, 620, 269, 351, 0, 0, 0
4373, 1, 1636430028167, 1636430028786, 619, 269, 350, 0, 0, 0
4374, 1, 1636430028349, 1636430028978, 629, 274, 355, 0, 0, 0
4376, 1, 1636430028377, 1636430029006, 629, 273, 356, 1, 0, 1
4377, 1, 1636430028399, 1636430029010, 611, 258, 353, 0, 0, 0
4375, 1, 1636430028377, 1636430029010, 633, 275, 358, 3, 0, 3
4378, 1, 1636430028428, 1636430029050, 622, 267, 355, 0, 1, 1
4379, 1, 1636430028621, 1636430029462, 841, 481, 360, 0, 0, 0
4380, 1, 1636430029069, 1636430029702, 633, 277, 356, 0, 0, 0
4381, 1, 1636430029137, 1636430029770, 633, 270, 363, 0, 0, 0
4382, 1, 1636430029355, 1636430029978, 623, 262, 361, 0, 0, 0
4383, 1, 1636430029372, 1636430029990, 618, 266, 352, 0, 0, 0
4384, 1, 1636430029374, 1636430030002, 628, 266, 362, 0, 0, 0
4385, 1, 1636430029386, 1636430030014, 628, 266, 362, 0, 0, 0
4386, 1, 1636430029438, 1636430030054, 616, 261, 355, 0, 0, 0
4387, 1, 1636430029618, 1636430030446, 828, 470, 358, 0, 0, 0
4388, 1, 1636430030087, 1636430030706, 619, 270, 349, 0, 0, 0
4389, 1, 1636430030111, 1636430030734, 623, 271, 352, 0, 1, 1
4390, 1, 1636430030323, 1636430030942, 619, 270, 349, 0, 0, 0
4391, 1, 1636430030353, 1636430030982, 629, 265, 364, 0, 0, 0
4392, 1, 1636430030372, 1636430031002, 630, 270, 360, 0, 0, 0
4393, 1, 1636430030395, 1636430031026, 631, 266, 365, 0, 0, 0
4394, 1, 1636430030406, 1636430031030, 624, 266, 358, 0, 0, 0
4395, 1, 1636430030604, 1636430031454, 850, 494, 356, 0, 0, 0
4396, 1, 1636430031089, 1636430031718, 629, 269, 360, 1, 2, 3
4397, 1, 1636430031089, 1636430031722, 633, 270, 363, 3, 1, 4
4398, 1, 1636430031308, 1636430031934, 626, 270, 356, 0, 0, 0
4399, 1, 1636430031373, 1636430031994, 621, 267, 354, 0, 1, 1
4400, 1, 1636430031388, 1636430032010, 622, 266, 356, 1, 0, 1
4401, 1, 1636430031432, 1636430032058, 626, 270, 356, 1, 0, 1
4402, 1, 1636430031602, 1636430032442, 840, 485, 355, 0, 1, 1
4403, 1, 1636430032078, 1636430032702, 624, 270, 354, 1, 0, 1
4404, 1, 1636430032124, 1636430032746, 622, 266, 356, 0, 0, 0
4405, 1, 1636430032308, 1636430032926, 618, 266, 352, 1, 0, 1
4406, 1, 1636430032355, 1636430032970, 615, 258, 357, 0, 0, 0
4407, 1, 1636430032414, 1636430033042, 628, 271, 357, 0, 1, 1
4408, 1, 1636430032441, 1636430033066, 625, 266, 359, 1, 0, 1
4409, 1, 1636430032591, 1636430033426, 835, 473, 362, 0, 0, 0
4410, 1, 1636430033093, 1636430033718, 625, 269, 356, 0, 0, 0
4411, 1, 1636430033103, 1636430033730, 627, 274, 353, 0, 0, 0
4412, 1, 1636430033315, 1636430033930, 615, 266, 349, 1, 0, 1
4413, 1, 1636430033345, 1636430033970, 625, 266, 359, 0, 0, 0
4414, 1, 1636430033417, 1636430034042, 625, 262, 363, 0, 0, 0
4415, 1, 1636430033449, 1636430034082, 633, 270, 363, 0, 0, 0
4416, 1, 1636430033578, 1636430034422, 844, 485, 359, 1, 1, 2
4417, 1, 1636430034076, 1636430034702, 626, 274, 352, 0, 1, 1
4418, 1, 1636430034134, 1636430034762, 628, 271, 357, 0, 1, 1
4419, 1, 1636430034286, 1636430034914, 628, 270, 358, 0, 0, 0
4420, 1, 1636430034309, 1636430034934, 625, 266, 359, 1, 0, 1
4421, 1, 1636430034411, 1636430035042, 631, 267, 364, 0, 0, 0
4422, 1, 1636430034442, 1636430035062, 620, 265, 355, 0, 0, 0
4423, 1, 1636430034566, 1636430035386, 820, 467, 353, 0, 1, 1
4424, 1, 1636430035085, 1636430035710, 625, 266, 359, 0, 0, 0
4425, 1, 1636430035154, 1636430035782, 628, 270, 358, 0, 0, 0
4426, 1, 1636430035253, 1636430035878, 625, 270, 355, 0, 0, 0
4427, 1, 1636430035274, 1636430035902, 628, 269, 359, 1, 0, 1
4428, 1, 1636430035431, 1636430036062, 631, 270, 361, 0, 0, 0
4429, 1, 1636430035468, 1636430036102, 634, 276, 358, 2, 2, 4
4430, 1, 1636430035552, 1636430036358, 806, 451, 355, 0, 1, 1
4431, 1, 1636430036068, 1636430036702, 634, 275, 359, 0, 0, 0
4432, 1, 1636430036257, 1636430036878, 621, 261, 360, 0, 0, 0
4433, 1, 1636430036309, 1636430036934, 625, 270, 355, 0, 0, 0
4434, 1, 1636430036435, 1636430037066, 631, 270, 361, 2, 0, 2
4435, 1, 1636430036488, 1636430037110, 622, 267, 355, 1, 1, 2
4436, 1, 1636430036570, 1636430037386, 816, 461, 355, 2, 0, 2
4437, 1, 1636430037088, 1636430037714, 626, 274, 352, 0, 0, 0
4438, 1, 1636430037254, 1636430037878, 624, 272, 352, 0, 2, 2
4439, 1, 1636430037281, 1636430037910, 629, 271, 358, 0, 1, 1
4440, 1, 1636430037404, 1636430038038, 634, 274, 360, 1, 0, 1
4441, 1, 1636430037483, 1636430038114, 631, 271, 360, 0, 1, 1
4442, 1, 1636430037553, 1636430038366, 813, 446, 367, 1, 0, 1
4443, 1, 1636430038114, 1636430038746, 632, 274, 358, 2, 1, 3
4444, 1, 1636430038238, 1636430038878, 640, 271, 369, 1, 0, 1
4445, 1, 1636430038253, 1636430038898, 645, 273, 372, 0, 0, 0
4446, 1, 1636430038411, 1636430039038, 627, 270, 357, 1, 1, 2
4447, 1, 1636430038503, 1636430039126, 623, 265, 358, 0, 0, 0
4448, 1, 1636430038542, 1636430039346, 804, 445, 359, 1, 0, 1
4449, 1, 1636430039079, 1636430039714, 635, 275, 360, 0, 2, 2
4450, 1, 1636430039228, 1636430039854, 626, 266, 360, 0, 0, 0
4451, 1, 1636430039244, 1636430039870, 626, 270, 356, 0, 0, 0
4452, 1, 1636430039400, 1636430040166, 766, 411, 355, 1, 1, 2
4453, 1, 1636430039532, 1636430040166, 634, 274, 360, 0, 1, 1
4454, 1, 1636430039540, 1636430040318, 778, 416, 362, 0, 0, 0
4455, 1, 1636430040044, 1636430040770, 726, 366, 360, 1, 1, 2
4457, 1, 1636430040235, 1636430040858, 623, 271, 352, 1, 0, 1
4456, 1, 1636430040231, 1636430040858, 627, 268, 359, 1, 0, 1
4458, 1, 1636430040386, 1636430041022, 636, 274, 362, 2, 0, 2
4459, 1, 1636430040500, 1636430041134, 634, 274, 360, 0, 0, 0
4460, 1, 1636430040530, 1636430041318, 788, 422, 366, 1, 0, 1
4461, 1, 1636430041022, 1636430041658, 636, 270, 366, 1, 0, 1
4462, 1, 1636430041241, 1636430041874, 633, 269, 364, 1, 0, 1
4463, 1, 1636430041257, 1636430041886, 629, 270, 359, 1, 0, 1
4464, 1, 1636430041378, 1636430042014, 636, 274, 362, 0, 0, 0
4465, 1, 1636430041508, 1636430042142, 634, 270, 364, 0, 0, 0
4466, 1, 1636430041547, 1636430042346, 799, 438, 361, 0, 1, 1
4467, 1, 1636430041998, 1636430042618, 620, 270, 350, 0, 0, 0
4468, 1, 1636430042256, 1636430042886, 630, 270, 360, 0, 1, 1
4469, 1, 1636430042277, 1636430042914, 637, 275, 362, 1, 0, 1
4470, 1, 1636430042411, 1636430043038, 627, 266, 361, 1, 0, 1
4471, 1, 1636430042483, 1636430043114, 631, 268, 363, 0, 0, 0
4472, 1, 1636430042564, 1636430043362, 798, 442, 356, 0, 0, 0
4473, 1, 1636430042976, 1636430043594, 618, 266, 352, 0, 1, 1
4474, 1, 1636430043242, 1636430043870, 628, 270, 358, 2, 1, 3
4475, 1, 1636430043243, 1636430043870, 627, 274, 353, 1, 1, 2
4476, 1, 1636430043404, 1636430044030, 626, 267, 359, 1, 0, 1
4477, 1, 1636430043464, 1636430044086, 622, 266, 356, 1, 1, 2
4478, 1, 1636430043549, 1636430044318, 769, 411, 358, 1, 1, 2
4479, 1, 1636430044008, 1636430044634, 626, 266, 360, 0, 0, 0
4480, 1, 1636430044240, 1636430044866, 626, 270, 356, 0, 0, 0
4481, 1, 1636430044258, 1636430044886, 628, 270, 358, 0, 0, 0
4482, 1, 1636430044373, 1636430045002, 629, 269, 360, 1, 0, 1
4483, 1, 1636430044430, 1636430045058, 628, 270, 358, 1, 0, 1
4484, 1, 1636430044540, 1636430045322, 782, 417, 365, 0, 1, 1
4485, 1, 1636430044985, 1636430045618, 633, 275, 358, 1, 1, 2
4486, 1, 1636430045219, 1636430045850, 631, 270, 361, 0, 0, 0
4487, 1, 1636430045242, 1636430045870, 628, 262, 366, 0, 0, 0
4488, 1, 1636430045376, 1636430046010, 634, 270, 364, 0, 0, 0
4489, 1, 1636430045437, 1636430046070, 633, 274, 359, 1, 1, 2
4490, 1, 1636430045531, 1636430046302, 771, 409, 362, 0, 0, 0
4491, 1, 1636430046198, 1636430046834, 636, 275, 361, 2, 0, 2
4492, 1, 1636430046250, 1636430046870, 620, 263, 357, 1, 1, 2
4493, 1, 1636430046363, 1636430046998, 635, 270, 365, 0, 0, 0
4494, 1, 1636430046403, 1636430047034, 631, 269, 362, 1, 0, 1
4495, 1, 1636430046515, 1636430047290, 775, 419, 356, 1, 0, 1
4496, 1, 1636430047182, 1636430047810, 628, 268, 360, 1, 0, 1
4497, 1, 1636430047233, 1636430047854, 621, 271, 350, 1, 0, 1
4499, 1, 1636430047397, 1636430048018, 621, 266, 355, 0, 0, 0
4498, 1, 1636430047389, 1636430048022, 633, 268, 365, 0, 0, 0
4500, 1, 1636430047498, 1636430048270, 772, 405, 367, 0, 0, 0
4501, 1, 1636430048183, 1636430048806, 623, 263, 360, 1, 1, 2
4502, 1, 1636430048265, 1636430048894, 629, 269, 360, 0, 0, 0
4503, 1, 1636430048411, 1636430049034, 623, 268, 355, 0, 0, 0
4504, 1, 1636430048422, 1636430049050, 628, 269, 359, 0, 0, 0
4505, 1, 1636430048505, 1636430049258, 753, 394, 359, 1, 0, 1
4506, 1, 1636430049154, 1636430049778, 624, 270, 354, 0, 1, 1
4507, 1, 1636430049280, 1636430049898, 618, 267, 351, 0, 0, 0
4508, 1, 1636430049376, 1636430050002, 626, 269, 357, 0, 0, 0
4509, 1, 1636430049409, 1636430050030, 621, 269, 352, 0, 0, 0
4510, 1, 1636430049502, 1636430050230, 728, 364, 364, 0, 1, 1
4511, 1, 1636430050176, 1636430050802, 626, 276, 350, 2, 1, 3
4512, 1, 1636430050249, 1636430050874, 625, 266, 359, 0, 0, 0
4513, 1, 1636430050399, 1636430051022, 623, 268, 355, 1, 0, 1
4514, 1, 1636430050444, 1636430051070, 626, 271, 355, 2, 0, 2
4515, 1, 1636430050506, 1636430051258, 752, 386, 366, 0, 0, 0
4516, 1, 1636430051186, 1636430051822, 636, 270, 366, 1, 0, 1
4517, 1, 1636430051236, 1636430051862, 626, 262, 364, 0, 0, 0
4518, 1, 1636430051424, 1636430052050, 626, 266, 360, 0, 1, 1
4519, 1, 1636430051451, 1636430052086, 635, 274, 361, 0, 0, 0
4520, 1, 1636430051521, 1636430052278, 757, 395, 362, 0, 1, 1
4521, 1, 1636430052172, 1636430052802, 630, 273, 357, 1, 0, 1
4522, 1, 1636430052202, 1636430052838, 636, 274, 362, 0, 0, 0
4523, 1, 1636430052412, 1636430053038, 626, 266, 360, 0, 0, 0
4524, 1, 1636430052443, 1636430053070, 627, 267, 360, 0, 0, 0
4525, 1, 1636430052507, 1636430053254, 747, 386, 361, 0, 0, 0
4526, 1, 1636430053150, 1636430053778, 628, 273, 355, 0, 0, 0
4527, 1, 1636430053176, 1636430053798, 622, 271, 351, 1, 1, 2
4529, 1, 1636430053452, 1636430054078, 626, 266, 360, 2, 0, 2
4528, 1, 1636430053446, 1636430054078, 632, 268, 364, 1, 0, 1
4530, 1, 1636430053507, 1636430054230, 723, 362, 361, 0, 0, 0
4531, 1, 1636430054155, 1636430054782, 627, 271, 356, 0, 1, 1
4532, 1, 1636430054181, 1636430054814, 633, 272, 361, 0, 0, 0
4533, 1, 1636430054428, 1636430055054, 626, 270, 356, 0, 0, 0
4534, 1, 1636430054453, 1636430055086, 633, 273, 360, 0, 0, 0
4535, 1, 1636430054508, 1636430055270, 762, 397, 365, 0, 0, 0
4536, 1, 1636430055159, 1636430055786, 627, 269, 358, 0, 0, 0
4537, 1, 1636430055190, 1636430055826, 636, 272, 364, 0, 0, 0
4538, 1, 1636430055445, 1636430056078, 633, 270, 363, 1, 0, 1
4539, 1, 1636430055445, 1636430056078, 633, 269, 364, 2, 0, 2
4540, 1, 1636430055492, 1636430056238, 746, 386, 360, 0, 0, 0
4541, 1, 1636430056149, 1636430056774, 625, 270, 355, 0, 0, 0
4542, 1, 1636430056161, 1636430056790, 629, 271, 358, 1, 0, 1
4543, 1, 1636430056454, 1636430057094, 640, 279, 361, 3, 1, 4
4544, 1, 1636430056455, 1636430057094, 639, 276, 363, 0, 1, 1
4545, 1, 1636430056485, 1636430057230, 745, 382, 363, 0, 0, 0
4546, 1, 1636430057167, 1636430057794, 627, 274, 353, 0, 2, 2
4548, 1, 1636430057450, 1636430058078, 628, 271, 357, 2, 0, 2
4547, 1, 1636430057450, 1636430058078, 628, 272, 356, 1, 0, 1
4549, 1, 1636430057486, 1636430058250, 764, 404, 360, 1, 1, 2
4550, 1, 1636430058181, 1636430058818, 637, 278, 359, 0, 1, 1
4551, 1, 1636430058456, 1636430059086, 630, 270, 360, 0, 0, 0
4552, 1, 1636430058466, 1636430059094, 628, 266, 362, 1, 0, 1
4553, 1, 1636430058489, 1636430059274, 785, 422, 363, 1, 0, 1
4554, 1, 1636430059201, 1636430059842, 641, 272, 369, 0, 0, 0
4555, 1, 1636430059467, 1636430060098, 631, 270, 361, 1, 0, 1
4556, 1, 1636430059475, 1636430060106, 631, 266, 365, 0, 0, 0
4557, 1, 1636430059506, 1636430060290, 784, 422, 362, 0, 0, 0
4558, 1, 1636430060185, 1636430060818, 633, 274, 359, 0, 1, 1
4559, 1, 1636430060438, 1636430061066, 628, 269, 359, 0, 0, 0
4560, 1, 1636430060450, 1636430061090, 640, 273, 367, 0, 0, 0
4561, 1, 1636430060489, 1636430061270, 781, 422, 359, 2, 0, 2
4562, 1, 1636430061168, 1636430061802, 634, 274, 360, 0, 1, 1
4563, 1, 1636430061426, 1636430062054, 628, 271, 357, 2, 0, 2
4564, 1, 1636430061445, 1636430062078, 633, 270, 363, 0, 0, 0
4565, 1, 1636430061486, 1636430062262, 776, 411, 365, 2, 0, 2
4566, 1, 1636430062149, 1636430062774, 625, 269, 356, 1, 0, 1
4567, 1, 1636430062449, 1636430063082, 633, 273, 360, 0, 0, 0
4568, 1, 1636430062463, 1636430063082, 619, 266, 353, 0, 0, 0
4569, 1, 1636430062468, 1636430063226, 758, 398, 360, 0, 0, 0
4570, 1, 1636430063145, 1636430063786, 641, 275, 366, 0, 3, 3
4571, 1, 1636430063419, 1636430064046, 627, 271, 356, 2, 0, 2
4573, 1, 1636430063463, 1636430064086, 623, 266, 357, 0, 0, 0
4572, 1, 1636430063451, 1636430064234, 783, 423, 360, 1, 1, 2
4574, 1, 1636430064142, 1636430064770, 628, 274, 354, 1, 0, 1
4577, 1, 1636430064449, 1636430065078, 629, 268, 361, 0, 0, 0
4576, 1, 1636430064441, 1636430065078, 637, 274, 363, 1, 0, 1
4575, 1, 1636430064434, 1636430065218, 784, 430, 354, 1, 0, 1
4578, 1, 1636430065428, 1636430066058, 630, 273, 357, 0, 0, 0
4579, 1, 1636430065460, 1636430066094, 634, 274, 360, 1, 1, 2
4580, 1, 1636430066428, 1636430067058, 630, 268, 362, 1, 0, 1
4581, 1, 1636430066443, 1636430067078, 635, 269, 366, 1, 0, 1
4582, 1, 1636430067443, 1636430068078, 635, 274, 361, 0, 1, 1
4583, 1, 1636430067450, 1636430068086, 636, 275, 361, 0, 1, 1
4584, 1, 1636430068434, 1636430069074, 640, 272, 368, 1, 0, 1
4585, 1, 1636430068436, 1636430069074, 638, 272, 366, 0, 0, 0
4586, 1, 1636430069423, 1636430070058, 635, 275, 360, 1, 0, 1
4587, 1, 1636430069452, 1636430070082, 630, 270, 360, 0, 0, 0
4589, 1, 1636430070453, 1636430071082, 629, 266, 363, 1, 1, 2
4588, 1, 1636430070453, 1636430071082, 629, 264, 365, 0, 0, 0
4590, 1, 1636430071444, 1636430072078, 634, 271, 363, 0, 1, 1
4591, 1, 1636430071453, 1636430072086, 633, 274, 359, 0, 1, 1
4592, 1, 1636430072429, 1636430073062, 633, 275, 358, 0, 1, 1
4593, 1, 1636430072477, 1636430073106, 629, 270, 359, 0, 0, 0
4594, 1, 1636430073461, 1636430074094, 633, 270, 363, 0, 0, 0
4595, 1, 1636430073474, 1636430074094, 620, 266, 354, 1, 0, 1
4596, 1, 1636430074460, 1636430075094, 634, 269, 365, 0, 0, 0
4597, 1, 1636430074482, 1636430075118, 636, 273, 363, 1, 0, 1
4598, 1, 1636430075485, 1636430076122, 637, 273, 364, 0, 0, 0
4599, 1, 1636430076482, 1636430077118, 636, 275, 361, 0, 1, 1
4600, 1, 1636430077511, 1636430078146, 635, 273, 362, 0, 1, 1
4601, 1, 1636430167494, 1636430168134, 640, 272, 368, 1, 0, 1
4602, 1, 1636430167974, 1636430168602, 628, 268, 360, 0, 0, 0
4603, 1, 1636430168470, 1636430169098, 628, 267, 361, 0, 1, 1
4604, 1, 1636430169178, 1636430169810, 632, 273, 359, 0, 0, 0
4605, 1, 1636430169400, 1636430170026, 626, 270, 356, 0, 0, 0
4606, 1, 1636430169548, 1636430170258, 710, 355, 355, 1, 1, 2
4607, 1, 1636430169971, 1636430170602, 631, 269, 362, 1, 0, 1
4608, 1, 1636430170233, 1636430170858, 625, 266, 359, 0, 0, 0
4609, 1, 1636430170334, 1636430171054, 720, 361, 359, 0, 0, 0
4610, 1, 1636430170757, 1636430171394, 637, 273, 364, 0, 0, 0
4611, 1, 1636430171043, 1636430171674, 631, 270, 361, 0, 0, 0
4612, 1, 1636430171349, 1636430171978, 629, 271, 358, 1, 0, 1
4613, 1, 1636430171351, 1636430171982, 631, 269, 362, 1, 0, 1
4614, 1, 1636430171432, 1636430172118, 686, 334, 352, 0, 0, 0
4615, 1, 1636430171746, 1636430172438, 692, 329, 363, 1, 0, 1
4616, 1, 1636430171923, 1636430172554, 631, 269, 362, 2, 0, 2
4618, 1, 1636430172229, 1636430172858, 629, 268, 361, 0, 0, 0
4617, 1, 1636430172208, 1636430173010, 802, 438, 364, 1, 0, 1
4620, 1, 1636430172632, 1636430173258, 626, 270, 356, 0, 0, 0
4619, 1, 1636430172622, 1636430173322, 700, 339, 361, 0, 1, 1
4621, 1, 1636430172993, 1636430173626, 633, 274, 359, 1, 0, 1
4622, 1, 1636430173217, 1636430173850, 633, 270, 363, 1, 0, 1
4624, 1, 1636430173362, 1636430173990, 628, 270, 358, 1, 0, 1
4623, 1, 1636430173327, 1636430174074, 747, 393, 354, 0, 0, 0
4625, 1, 1636430173734, 1636430174358, 624, 269, 355, 1, 0, 1
4626, 1, 1636430173936, 1636430174566, 630, 270, 360, 2, 0, 2
4627, 1, 1636430173990, 1636430174622, 632, 269, 363, 1, 0, 1
4628, 1, 1636430174180, 1636430174810, 630, 271, 359, 1, 0, 1
4629, 1, 1636430174222, 1636430175018, 796, 439, 357, 0, 0, 0
4630, 1, 1636430174406, 1636430175070, 664, 314, 350, 0, 1, 1
4632, 1, 1636430174629, 1636430175254, 625, 266, 359, 1, 0, 1
4631, 1, 1636430174595, 1636430175258, 663, 311, 352, 0, 0, 0
4633, 1, 1636430174783, 1636430175522, 739, 380, 359, 0, 0, 0
4634, 1, 1636430175008, 1636430175638, 630, 269, 361, 0, 0, 0
4635, 1, 1636430175168, 1636430175790, 622, 265, 357, 1, 0, 1
4636, 1, 1636430175257, 1636430175970, 713, 356, 357, 0, 0, 0
4637, 1, 1636430175413, 1636430176086, 673, 311, 362, 1, 0, 1
4638, 1, 1636430175490, 1636430176114, 624, 270, 354, 0, 0, 0
4639, 1, 1636430175682, 1636430176322, 640, 273, 367, 2, 0, 2
4640, 1, 1636430175784, 1636430176434, 650, 286, 364, 0, 0, 0
4641, 1, 1636430175855, 1636430176470, 615, 265, 350, 0, 0, 0
4642, 1, 1636430176020, 1636430176642, 622, 265, 357, 0, 0, 0
4643, 1, 1636430176195, 1636430176818, 623, 265, 358, 0, 0, 0
4645, 1, 1636430176300, 1636430176918, 618, 265, 353, 0, 0, 0
4646, 1, 1636430176367, 1636430176998, 631, 271, 360, 0, 0, 0
4644, 1, 1636430176290, 1636430177090, 800, 442, 358, 1, 0, 1
4647, 1, 1636430176577, 1636430177210, 633, 274, 359, 0, 0, 0
4648, 1, 1636430176687, 1636430177310, 623, 270, 353, 1, 0, 1
4649, 1, 1636430176730, 1636430177374, 644, 289, 355, 1, 0, 1
4650, 1, 1636430176853, 1636430177474, 621, 266, 355, 1, 0, 1
4651, 1, 1636430177093, 1636430177726, 633, 272, 361, 0, 0, 0
4652, 1, 1636430177140, 1636430177826, 686, 334, 352, 2, 0, 2
4653, 1, 1636430177209, 1636430177850, 641, 273, 368, 0, 0, 0
4654, 1, 1636430177385, 1636430178010, 625, 266, 359, 1, 0, 1
4655, 1, 1636430177397, 1636430178026, 629, 269, 360, 0, 0, 0
4656, 1, 1636430177530, 1636430178178, 648, 291, 357, 0, 2, 2
4657, 1, 1636430177753, 1636430178386, 633, 270, 363, 0, 0, 0
4658, 1, 1636430177784, 1636430178410, 626, 274, 352, 1, 0, 1
4659, 1, 1636430177829, 1636430178454, 625, 269, 356, 0, 0, 0
4660, 1, 1636430177927, 1636430178542, 615, 258, 357, 0, 0, 0
4661, 1, 1636430177958, 1636430178594, 636, 270, 366, 2, 0, 2
4663, 1, 1636430178232, 1636430178850, 618, 266, 352, 1, 0, 1
4664, 1, 1636430178274, 1636430178898, 624, 271, 353, 0, 1, 1
4665, 1, 1636430178322, 1636430178938, 616, 262, 354, 0, 0, 0
4662, 1, 1636430178212, 1636430178990, 778, 425, 353, 0, 0, 0
4666, 1, 1636430178539, 1636430179174, 635, 269, 366, 1, 0, 1
4667, 1, 1636430178591, 1636430179214, 623, 265, 358, 0, 0, 0
4668, 1, 1636430178700, 1636430179350, 650, 294, 356, 1, 0, 1
4669, 1, 1636430178813, 1636430179446, 633, 270, 363, 0, 0, 0
4670, 1, 1636430178850, 1636430179478, 628, 274, 354, 0, 1, 1
4671, 1, 1636430178962, 1636430179590, 628, 274, 354, 0, 0, 0
4672, 1, 1636430179034, 1636430179798, 764, 414, 350, 1, 0, 1
4673, 1, 1636430179232, 1636430179886, 654, 306, 348, 0, 0, 0
4674, 1, 1636430179383, 1636430180010, 627, 270, 357, 0, 0, 0
4675, 1, 1636430179445, 1636430180070, 625, 270, 355, 0, 0, 0
4676, 1, 1636430179516, 1636430180146, 630, 270, 360, 0, 0, 0
4677, 1, 1636430179704, 1636430180334, 630, 270, 360, 1, 0, 1
4678, 1, 1636430179823, 1636430180454, 631, 278, 353, 0, 0, 0
4679, 1, 1636430179871, 1636430180498, 627, 270, 357, 0, 0, 0
4680, 1, 1636430179911, 1636430180534, 623, 270, 353, 0, 1, 1
4681, 1, 1636430179994, 1636430180622, 628, 274, 354, 0, 1, 1
4682, 1, 1636430180188, 1636430180810, 622, 264, 358, 0, 1, 1
4683, 1, 1636430180205, 1636430180834, 629, 266, 363, 0, 0, 0
4685, 1, 1636430180314, 1636430180946, 632, 275, 357, 0, 0, 0
4686, 1, 1636430180405, 1636430181026, 621, 266, 355, 1, 0, 1
4684, 1, 1636430180273, 1636430181070, 797, 438, 359, 0, 0, 0
4687, 1, 1636430180683, 1636430181318, 635, 270, 365, 0, 0, 0
4688, 1, 1636430180718, 1636430181342, 624, 274, 350, 0, 0, 0
4689, 1, 1636430180734, 1636430181394, 660, 306, 354, 0, 0, 0
4690, 1, 1636430180798, 1636430181426, 628, 268, 360, 0, 0, 0
4692, 1, 1636430181080, 1636430181702, 622, 270, 352, 0, 0, 0
4693, 1, 1636430181148, 1636430181770, 622, 269, 353, 0, 0, 0
4691, 1, 1636430181049, 1636430181850, 801, 442, 359, 0, 0, 0
4694, 1, 1636430181331, 1636430181958, 627, 271, 356, 0, 0, 0
4695, 1, 1636430181562, 1636430182190, 628, 270, 358, 0, 0, 0
4696, 1, 1636430181576, 1636430182206, 630, 270, 360, 0, 0, 0
4697, 1, 1636430181718, 1636430182346, 628, 270, 358, 0, 0, 0
4698, 1, 1636430181776, 1636430182406, 630, 281, 349, 0, 0, 0
4699, 1, 1636430181818, 1636430182442, 624, 267, 357, 1, 0, 1
4700, 1, 1636430181998, 1636430182630, 632, 272, 360, 0, 0, 0
4701, 1, 1636430182052, 1636430182678, 626, 275, 351, 1, 0, 1
4702, 1, 1636430182246, 1636430182870, 624, 271, 353, 1, 0, 1
4703, 1, 1636430182306, 1636430182934, 628, 266, 362, 0, 0, 0
4705, 1, 1636430182354, 1636430182990, 636, 277, 359, 0, 0, 0
4706, 1, 1636430182398, 1636430183074, 676, 327, 349, 1, 0, 1
4704, 1, 1636430182308, 1636430183122, 814, 463, 351, 1, 0, 1
4707, 1, 1636430182625, 1636430183258, 633, 274, 359, 2, 1, 3
4709, 1, 1636430182815, 1636430183434, 619, 265, 354, 0, 0, 0
4710, 1, 1636430182839, 1636430183470, 631, 271, 360, 1, 0, 1
4708, 1, 1636430182763, 1636430183542, 779, 410, 369, 2, 0, 2
4712, 1, 1636430183139, 1636430183778, 639, 273, 366, 0, 0, 0
4713, 1, 1636430183265, 1636430183894, 629, 269, 360, 0, 1, 1
4711, 1, 1636430183099, 1636430183986, 887, 534, 353, 0, 0, 0
4714, 1, 1636430183372, 1636430183994, 622, 266, 356, 0, 0, 0
4715, 1, 1636430183621, 1636430184242, 621, 271, 350, 1, 1, 2
4716, 1, 1636430183658, 1636430184286, 628, 275, 353, 1, 0, 1
4717, 1, 1636430183789, 1636430184434, 645, 294, 351, 0, 0, 0
4718, 1, 1636430183845, 1636430184462, 617, 262, 355, 0, 0, 0
4719, 1, 1636430183868, 1636430184490, 622, 266, 356, 0, 0, 0
4720, 1, 1636430183936, 1636430184554, 618, 266, 352, 0, 0, 0
4721, 1, 1636430184124, 1636430184746, 622, 266, 356, 0, 0, 0
4722, 1, 1636430184277, 1636430184942, 665, 307, 358, 0, 0, 0
4723, 1, 1636430184365, 1636430184986, 621, 266, 355, 1, 0, 1
4725, 1, 1636430184374, 1636430184990, 616, 262, 354, 0, 0, 0
4724, 1, 1636430184368, 1636430184990, 622, 267, 355, 0, 0, 0
4726, 1, 1636430184423, 1636430185202, 779, 417, 362, 0, 0, 0
4728, 1, 1636430184757, 1636430185390, 633, 275, 358, 0, 0, 0
4727, 1, 1636430184739, 1636430185393, 654, 302, 352, 1, 0, 1
4729, 1, 1636430184863, 1636430185482, 619, 267, 352, 1, 0, 1
4730, 1, 1636430184923, 1636430185530, 607, 258, 349, 0, 0, 0
4732, 1, 1636430185212, 1636430185838, 626, 266, 360, 0, 0, 0
4731, 1, 1636430185040, 1636430185838, 798, 443, 355, 0, 1, 1
4733, 1, 1636430185323, 1636430185946, 623, 262, 361, 1, 0, 1
4734, 1, 1636430185499, 1636430186130, 631, 273, 358, 0, 0, 0
4735, 1, 1636430185693, 1636430186317, 624, 265, 359, 0, 0, 0
4736, 1, 1636430185712, 1636430186342, 630, 274, 356, 0, 0, 0
4737, 1, 1636430185721, 1636430186346, 625, 270, 355, 1, 0, 1
4738, 1, 1636430185812, 1636430186570, 758, 407, 351, 0, 2, 2
4739, 1, 1636430185983, 1636430186586, 603, 254, 349, 0, 1, 1
4740, 1, 1636430185985, 1636430186614, 629, 266, 363, 0, 0, 0
4741, 1, 1636430186187, 1636430186802, 615, 262, 353, 0, 0, 0
4742, 1, 1636430186240, 1636430186858, 618, 260, 358, 0, 0, 0
4743, 1, 1636430186310, 1636430187054, 744, 394, 350, 0, 0, 0
4744, 1, 1636430186436, 1636430187058, 622, 262, 360, 0, 0, 0
4745, 1, 1636430186495, 1636430187106, 611, 263, 348, 0, 0, 0
4746, 1, 1636430186535, 1636430187262, 727, 363, 364, 0, 1, 1
4748, 1, 1636430186809, 1636430187442, 633, 270, 363, 0, 0, 0
4749, 1, 1636430186816, 1636430187458, 642, 273, 369, 0, 0, 0
4747, 1, 1636430186790, 1636430187514, 724, 366, 358, 0, 0, 0
4750, 1, 1636430186930, 1636430187558, 628, 270, 358, 1, 0, 1
4752, 1, 1636430187276, 1636430187910, 634, 274, 360, 0, 1, 1
4751, 1, 1636430187077, 1636430187958, 881, 526, 355, 0, 0, 0
4753, 1, 1636430187369, 1636430187994, 625, 266, 359, 2, 0, 2
4754, 1, 1636430187397, 1636430188022, 625, 265, 360, 0, 0, 0
4755, 1, 1636430187711, 1636430188338, 627, 269, 358, 0, 0, 0
4757, 1, 1636430187756, 1636430188378, 622, 263, 359, 1, 0, 1
4756, 1, 1636430187742, 1636430188450, 708, 354, 354, 0, 1, 1
4758, 1, 1636430187844, 1636430188470, 626, 271, 355, 1, 0, 1
4759, 1, 1636430188019, 1636430188650, 631, 274, 357, 0, 0, 0
4760, 1, 1636430188044, 1636430188670, 626, 270, 356, 0, 0, 0
4761, 1, 1636430188057, 1636430188790, 733, 378, 355, 0, 0, 0
4762, 1, 1636430188306, 1636430188934, 628, 266, 362, 0, 0, 0
4763, 1, 1636430188361, 1636430188998, 637, 274, 363, 0, 0, 0
4764, 1, 1636430188386, 1636430189122, 736, 382, 354, 1, 0, 1
4766, 1, 1636430188500, 1636430189122, 622, 270, 352, 1, 0, 1
4765, 1, 1636430188460, 1636430189246, 786, 426, 360, 0, 1, 1
4768, 1, 1636430188890, 1636430189510, 620, 266, 354, 2, 0, 2
4769, 1, 1636430188942, 1636430189570, 628, 266, 362, 0, 1, 1
4767, 1, 1636430188865, 1636430189582, 717, 350, 367, 1, 0, 1
4770, 1, 1636430188993, 1636430189614, 621, 265, 356, 0, 0, 0
4772, 1, 1636430189235, 1636430189874, 639, 275, 364, 1, 1, 2
4771, 1, 1636430189117, 1636430190038, 921, 562, 359, 2, 0, 2
4773, 1, 1636430189460, 1636430190074, 614, 262, 352, 0, 0, 0
4774, 1, 1636430189486, 1636430190106, 620, 262, 358, 1, 0, 1
4775, 1, 1636430189583, 1636430190214, 631, 278, 353, 0, 0, 0
4776, 1, 1636430189745, 1636430190378, 633, 274, 359, 2, 0, 2
4778, 1, 1636430189903, 1636430190538, 635, 270, 365, 0, 0, 0
4777, 1, 1636430189791, 1636430190558, 767, 407, 360, 0, 0, 0
4779, 1, 1636430190010, 1636430190670, 660, 298, 362, 0, 1, 1
4780, 1, 1636430190062, 1636430190694, 632, 265, 367, 0, 0, 0
4781, 1, 1636430190116, 1636430190742, 626, 270, 356, 0, 0, 0
4782, 1, 1636430190366, 1636430190990, 624, 266, 358, 0, 0, 0
4786, 1, 1636430190493, 1636430191114, 621, 267, 354, 1, 0, 1
4783, 1, 1636430190401, 1636430191118, 717, 357, 360, 0, 0, 0
4785, 1, 1636430190489, 1636430191126, 637, 274, 363, 0, 0, 0
4784, 1, 1636430190424, 1636430191194, 770, 422, 348, 0, 0, 0
4788, 1, 1636430190953, 1636430191590, 637, 274, 363, 0, 0, 0
4789, 1, 1636430190983, 1636430191598, 615, 263, 352, 0, 0, 0
4790, 1, 1636430191001, 1636430191626, 625, 269, 356, 0, 0, 0
4787, 1, 1636430190933, 1636430191646, 713, 355, 358, 2, 0, 2
4792, 1, 1636430191151, 1636430191782, 631, 274, 357, 0, 0, 0
4793, 1, 1636430191329, 1636430192050, 721, 367, 354, 0, 1, 1
4791, 1, 1636430191132, 1636430192090, 958, 606, 352, 0, 0, 0
4795, 1, 1636430191545, 1636430192162, 617, 263, 354, 0, 0, 0
4796, 1, 1636430191696, 1636430192318, 622, 266, 356, 0, 0, 0
4794, 1, 1636430191510, 1636430192510, 1000, 633, 367, 1, 0, 1
4799, 1, 1636430191987, 1636430192618, 631, 270, 361, 1, 0, 1
4797, 1, 1636430191802, 1636430192622, 820, 453, 367, 1, 0, 1
4801, 1, 1636430192179, 1636430192802, 623, 270, 353, 0, 0, 0
4803, 1, 1636430192438, 1636430193070, 632, 275, 357, 2, 1, 3
4804, 1, 1636430192439, 1636430193070, 631, 274, 357, 0, 1, 1
4806, 1, 1636430192553, 1636430193186, 633, 273, 360, 1, 0, 1
4805, 1, 1636430192545, 1636430193254, 709, 353, 356, 0, 0, 0
4808, 1, 1636430192952, 1636430193578, 626, 266, 360, 1, 1, 2
4810, 1, 1636430193072, 1636430193690, 618, 266, 352, 1, 0, 1
4809, 1, 1636430193056, 1636430193694, 638, 290, 348, 0, 0, 0
4813, 1, 1636430193252, 1636430194034, 782, 422, 360, 0, 0, 0
4812, 1, 1636430193165, 1636430194142, 977, 623, 354, 1, 0, 1
4814, 1, 1636430193567, 1636430194194, 627, 272, 355, 0, 0, 0
4815, 1, 1636430193612, 1636430194230, 618, 266, 352, 0, 0, 0
4818, 1, 1636430194028, 1636430194650, 622, 270, 352, 1, 0, 1
4817, 1, 1636430193876, 1636430194682, 806, 448, 358, 0, 0, 0
4821, 1, 1636430194479, 1636430195102, 623, 265, 358, 0, 0, 0
4823, 1, 1636430194635, 1636430195270, 635, 274, 361, 0, 0, 0
4827, 1, 1636430195196, 1636430195822, 626, 266, 360, 0, 0, 0
4829, 1, 1636430195545, 1636430196178, 633, 275, 358, 1, 1, 2
4830, 1, 1636430195735, 1636430196362, 627, 266, 361, 0, 1, 1
4831, 1, 1636430195933, 1636430196818, 885, 521, 364, 0, 0, 0
4834, 1, 1636430196677, 1636430197306, 629, 272, 357, 0, 0, 0
4836, 1, 1636430197646, 1636430198282, 636, 275, 361, 0, 1, 1
4840, 1, 1636430199557, 1636430200182, 625, 270, 355, 1, 0, 1
4798, 2, 1636430191929, 1636430202066, 10137, 0, 10137, 0, 1, 1
4841, 1, 1636430201509, 1636430202138, 629, 269, 360, 1, 0, 1
4800, 2, 1636430192021, 1636430202158, 10137, 0, 10137, 0, 0, 0
4802, 2, 1636430192378, 1636430202517, 10139, 0, 10139, 0, 0, 0
4807, 2, 1636430192912, 1636430203045, 10133, 0, 10133, 0, 0, 0
4811, 2, 1636430193079, 1636430203213, 10134, 0, 10134, 0, 0, 0
4843, 1, 1636430202606, 1636430203306, 700, 258, 442, 0, 0, 0
4842, 1, 1636430202602, 1636430203314, 712, 266, 446, 1, 0, 1
4816, 2, 1636430193613, 1636430203749, 10136, 0, 10136, 0, 0, 0
4844, 1, 1636430202646, 1636430203758, 1112, 710, 402, 0, 1, 1
4845, 1, 1636430203166, 1636430203834, 668, 274, 394, 2, 0, 2
4847, 1, 1636430203519, 1636430204154, 635, 278, 357, 0, 0, 0
4846, 1, 1636430203342, 1636430204210, 868, 471, 397, 2, 0, 2
4819, 2, 1636430194169, 1636430204309, 10140, 0, 10140, 0, 0, 0
4820, 2, 1636430194366, 1636430204501, 10135, 0, 10135, 0, 0, 0
4848, 1, 1636430203874, 1636430204666, 792, 398, 394, 1, 4, 5
4822, 2, 1636430194529, 1636430204666, 10137, 0, 10137, 0, 0, 0
4824, 2, 1636430194869, 1636430205005, 10136, 0, 10136, 0, 0, 0
4849, 1, 1636430204442, 1636430205118, 676, 274, 402, 1, 1, 2
4825, 2, 1636430195015, 1636430205149, 10134, 0, 10134, 0, 0, 0
4826, 2, 1636430195124, 1636430205254, 10130, 1, 10129, 0, 1, 1
4853, 1, 1636430204668, 1636430205298, 630, 269, 361, 1, 0, 1
4828, 2, 1636430195212, 1636430205345, 10133, 0, 10133, 0, 0, 0
4851, 1, 1636430204667, 1636430205362, 695, 295, 400, 0, 25, 25
4854, 1, 1636430204794, 1636430205606, 812, 424, 388, 0, 53, 53
4855, 1, 1636430205149, 1636430205842, 693, 272, 421, 0, 1, 1
4856, 1, 1636430205197, 1636430205886, 689, 313, 376, 0, 1, 1
4857, 1, 1636430205278, 1636430206062, 784, 381, 403, 0, 0, 0
4832, 2, 1636430196019, 1636430206150, 10131, 0, 10131, 0, 0, 0
4861, 1, 1636430205646, 1636430206270, 624, 269, 355, 0, 0, 0
4860, 1, 1636430205474, 1636430206290, 816, 421, 395, 1, 0, 1
4859, 1, 1636430205434, 1636430206514, 1080, 678, 402, 0, 0, 0
4833, 2, 1636430196468, 1636430206602, 10134, 1, 10133, 0, 0, 0
4863, 1, 1636430206286, 1636430206954, 668, 275, 393, 1, 0, 1
4864, 1, 1636430206506, 1636430207130, 624, 266, 358, 1, 0, 1
4835, 2, 1636430197185, 1636430207317, 10132, 0, 10132, 1, 0, 1
4866, 1, 1636430206734, 1636430207394, 660, 271, 389, 1, 0, 1
4867, 1, 1636430206774, 1636430207402, 628, 270, 358, 1, 0, 1
4868, 1, 1636430206821, 1636430207590, 769, 406, 363, 0, 4, 4
4837, 2, 1636430197724, 1636430207854, 10130, 0, 10130, 0, 0, 0
4870, 1, 1636430207318, 1636430207942, 624, 265, 359, 0, 1, 1
4838, 2, 1636430197829, 1636430207966, 10137, 1, 10136, 1, 0, 1
4871, 1, 1636430207329, 1636430208026, 697, 350, 347, 1, 0, 1
4872, 1, 1636430207450, 1636430208114, 664, 270, 394, 0, 1, 1
4875, 1, 1636430207626, 1636430208254, 628, 274, 354, 1, 0, 1
4839, 1, 1636430198636, 1636430208466, 9830, 9470, 360, 2, 0, 2
4874, 1, 1636430207476, 1636430208482, 1006, 650, 356, 0, 0, 0
4876, 1, 1636430207990, 1636430208654, 664, 265, 399, 0, 0, 0
4878, 1, 1636430208295, 1636430208930, 635, 283, 352, 1, 0, 1
4877, 1, 1636430208098, 1636430209106, 1008, 610, 398, 0, 0, 0
4880, 1, 1636430208510, 1636430209142, 632, 274, 358, 0, 0, 0
4881, 1, 1636430208763, 1636430209382, 619, 262, 357, 0, 0, 0
4879, 1, 1636430208468, 1636430209558, 1090, 688, 402, 1, 0, 1
4883, 1, 1636430208889, 1636430209594, 705, 346, 359, 1, 0, 1
4885, 1, 1636430209441, 1636430210074, 633, 271, 362, 0, 1, 1
4886, 1, 1636430209478, 1636430210110, 632, 278, 354, 0, 0, 0
4888, 1, 1636430209571, 1636430210194, 623, 265, 358, 1, 0, 1
4887, 1, 1636430209549, 1636430210526, 977, 614, 363, 0, 0, 0
4889, 1, 1636430210019, 1636430210646, 627, 269, 358, 0, 0, 0
4891, 1, 1636430210373, 1636430211002, 629, 273, 356, 0, 0, 0
4890, 1, 1636430210130, 1636430211098, 968, 610, 358, 2, 0, 2
4894, 1, 1636430210767, 1636430211458, 691, 331, 360, 0, 1, 1
4892, 1, 1636430210488, 1636430211562, 1074, 710, 364, 1, 0, 1
4896, 1, 1636430211459, 1636430212094, 635, 273, 362, 1, 0, 1
4898, 1, 1636430211556, 1636430212178, 622, 269, 353, 2, 1, 3
4900, 1, 1636430212023, 1636430212650, 627, 268, 359, 0, 0, 0
4901, 1, 1636430212215, 1636430213106, 891, 534, 357, 1, 0, 1
4903, 1, 1636430212566, 1636430213562, 996, 635, 361, 1, 0, 1
4905, 1, 1636430213383, 1636430214014, 631, 273, 358, 1, 0, 1
4850, 2, 1636430204617, 1636430214757, 10140, 1, 10139, 1, 0, 1
4852, 2, 1636430204667, 1636430214801, 10134, 0, 10134, 0, 0, 0
4858, 2, 1636430205396, 1636430215529, 10133, 0, 10133, 0, 1, 1
4862, 2, 1636430205891, 1636430216026, 10135, 0, 10135, 0, 0, 0
4912, 1, 1636430215530, 1636430216150, 620, 267, 353, 0, 1, 1
4865, 2, 1636430206643, 1636430216777, 10134, 1, 10133, 1, 0, 1
4869, 2, 1636430207153, 1636430217290, 10137, 0, 10137, 0, 0, 0
4873, 2, 1636430207459, 1636430217593, 10134, 0, 10134, 0, 0, 0
4917, 1, 1636430217617, 1636430218246, 629, 270, 359, 2, 1, 3
4882, 2, 1636430208775, 1636430218910, 10135, 0, 10135, 0, 0, 0
4884, 2, 1636430209414, 1636430219545, 10131, 0, 10131, 1, 0, 1
4920, 1, 1636430219598, 1636430220222, 624, 268, 356, 1, 2, 3
4893, 2, 1636430210584, 1636430220718, 10134, 0, 10134, 0, 0, 0
4895, 2, 1636430210941, 1636430221078, 10137, 1, 10136, 0, 0, 0
4897, 2, 1636430211514, 1636430221649, 10135, 0, 10135, 0, 0, 0
4899, 2, 1636430211622, 1636430221753, 10131, 1, 10130, 0, 0, 0
4924, 1, 1636430221599, 1636430222230, 631, 265, 366, 0, 0, 0
4902, 2, 1636430212446, 1636430222582, 10136, 1, 10135, 0, 0, 0
4904, 2, 1636430212821, 1636430222958, 10137, 1, 10136, 0, 0, 0
4906, 2, 1636430213556, 1636430223690, 10134, 0, 10134, 0, 0, 0
4907, 2, 1636430214023, 1636430224158, 10135, 0, 10135, 1, 0, 1
4929, 1, 1636430223690, 1636430224270, 580, 267, 313, 0, 2, 2
4908, 2, 1636430214248, 1636430224382, 10134, 0, 10134, 0, 0, 0
4909, 1, 1636430214600, 1636430224886, 10286, 9923, 363, 3, 0, 3
4910, 2, 1636430214891, 1636430225069, 10178, 1, 10177, 2, 0, 2
4911, 2, 1636430214891, 1636430225113, 10222, 1, 10221, 1, 0, 1
4913, 2, 1636430215654, 1636430225834, 10180, 1, 10179, 1, 1, 2
4914, 2, 1636430216158, 1636430226334, 10176, 1, 10175, 1, 0, 1
4936, 1, 1636430225757, 1636430226410, 653, 267, 386, 2, 1, 3
4915, 2, 1636430216906, 1636430227086, 10180, 1, 10179, 1, 1, 2
4916, 2, 1636430217423, 1636430227642, 10219, 1, 10218, 0, 0, 0
4918, 2, 1636430217726, 1636430227902, 10176, 0, 10176, 0, 0, 0
4940, 1, 1636430227734, 1636430228374, 640, 278, 362, 2, 0, 2
4919, 2, 1636430219043, 1636430229217, 10174, 0, 10174, 0, 0, 0
4921, 2, 1636430219678, 1636430229853, 10175, 1, 10174, 1, 1, 2
4944, 1, 1636430229671, 1636430230302, 631, 278, 353, 1, 9, 10
4922, 2, 1636430220846, 1636430231026, 10180, 1, 10179, 0, 1, 1
4923, 2, 1636430221206, 1636430231381, 10175, 0, 10175, 0, 0, 0
4925, 2, 1636430221786, 1636430231962, 10176, 0, 10176, 0, 1, 1
4926, 2, 1636430221890, 1636430232066, 10176, 0, 10176, 0, 0, 0
4948, 1, 1636430231604, 1636430232234, 630, 269, 361, 0, 0, 0
4927, 2, 1636430222715, 1636430232893, 10178, 0, 10178, 0, 0, 0
4928, 2, 1636430223090, 1636430233266, 10176, 0, 10176, 0, 0, 0
4930, 2, 1636430223822, 1636430234001, 10179, 0, 10179, 1, 0, 1
4953, 1, 1636430233739, 1636430234378, 639, 278, 361, 1, 0, 1
4931, 2, 1636430224290, 1636430234474, 10184, 0, 10184, 0, 0, 0
4932, 2, 1636430224514, 1636430234690, 10176, 1, 10175, 0, 0, 0
4933, 1, 1636430224888, 1636430235182, 10294, 9893, 401, 1, 0, 1
4934, 2, 1636430225202, 1636430235382, 10180, 1, 10179, 1, 0, 1
4935, 2, 1636430225202, 1636430235429, 10227, 0, 10227, 0, 0, 0
4937, 2, 1636430225966, 1636430236145, 10179, 0, 10179, 1, 0, 1
4960, 1, 1636430235717, 1636430236342, 625, 271, 354, 1, 1, 2
4938, 2, 1636430226462, 1636430236637, 10175, 1, 10174, 0, 0, 0
4939, 2, 1636430227218, 1636430237398, 10180, 0, 10180, 0, 0, 0
4941, 2, 1636430227770, 1636430237949, 10179, 1, 10178, 1, 0, 1
4942, 2, 1636430228038, 1636430238213, 10175, 0, 10175, 0, 0, 0
4964, 1, 1636430237836, 1636430238494, 658, 271, 387, 1, 0, 1
4943, 2, 1636430229342, 1636430239518, 10176, 0, 10176, 0, 0, 0
4945, 2, 1636430229990, 1636430240165, 10175, 1, 10174, 0, 0, 0
4968, 1, 1636430239714, 1636430240346, 632, 274, 358, 1, 0, 1
4946, 2, 1636430231158, 1636430241338, 10180, 1, 10179, 0, 0, 0
4947, 2, 1636430231510, 1636430241685, 10175, 1, 10174, 0, 0, 0
4949, 2, 1636430232094, 1636430242269, 10175, 0, 10175, 0, 0, 0
4971, 1, 1636430241613, 1636430242274, 661, 273, 388, 1, 0, 1
4950, 2, 1636430232198, 1636430242370, 10172, 0, 10172, 0, 0, 0
4951, 2, 1636430233026, 1636430243206, 10180, 0, 10180, 0, 0, 0
4952, 2, 1636430233398, 1636430243574, 10176, 1, 10175, 0, 1, 1
4976, 1, 1636430243648, 1636430244286, 638, 275, 363, 0, 1, 1
4954, 2, 1636430234130, 1636430244309, 10179, 1, 10178, 2, 0, 2
4955, 2, 1636430234603, 1636430244782, 10179, 0, 10179, 0, 0, 0
4956, 2, 1636430234822, 1636430244997, 10175, 0, 10175, 0, 1, 1
4957, 1, 1636430235185, 1636430245494, 10309, 9906, 403, 0, 2, 2
4959, 2, 1636430235518, 1636430245698, 10180, 0, 10180, 0, 0, 0
4958, 2, 1636430235518, 1636430245741, 10223, 0, 10223, 1, 0, 1
4982, 1, 1636430245773, 1636430246394, 621, 268, 353, 1, 1, 2
4961, 2, 1636430236278, 1636430246457, 10179, 0, 10179, 0, 0, 0
4983, 1, 1636430245830, 1636430246494, 664, 266, 398, 1, 0, 1
4962, 2, 1636430236774, 1636430246949, 10175, 1, 10174, 0, 1, 1
4984, 1, 1636430245830, 1636430246950, 1120, 713, 407, 1, 0, 1
4985, 1, 1636430246590, 1636430247410, 820, 414, 406, 0, 0, 0
4963, 2, 1636430237530, 1636430247710, 10180, 0, 10180, 0, 0, 0
4986, 1, 1636430247082, 1636430247862, 780, 380, 400, 0, 0, 0
4965, 2, 1636430238078, 1636430248261, 10183, 0, 10183, 0, 1, 1
4987, 1, 1636430247793, 1636430248418, 625, 269, 356, 2, 0, 2
4988, 1, 1636430247813, 1636430248442, 629, 263, 366, 0, 1, 1
4966, 2, 1636430238346, 1636430248522, 10176, 1, 10175, 1, 0, 1
4989, 1, 1636430247842, 1636430248530, 688, 284, 404, 2, 16, 18
4990, 1, 1636430247857, 1636430248906, 1049, 686, 363, 0, 0, 0
4991, 1, 1636430248390, 1636430249062, 672, 264, 408, 0, 1, 1
4992, 1, 1636430248603, 1636430249362, 759, 397, 362, 0, 0, 0
4993, 1, 1636430248654, 1636430249518, 864, 462, 402, 1, 0, 1
4994, 1, 1636430249108, 1636430249814, 706, 349, 357, 0, 0, 0
4967, 2, 1636430239654, 1636430249830, 10176, 1, 10175, 2, 0, 2
4995, 1, 1636430249712, 1636430250366, 654, 268, 386, 0, 1, 1
4997, 1, 1636430249831, 1636430250454, 623, 269, 354, 0, 0, 0
4969, 2, 1636430240299, 1636430250473, 10174, 0, 10174, 1, 0, 1
4999, 1, 1636430249966, 1636430250634, 668, 270, 398, 1, 1, 2
5000, 1, 1636430250474, 1636430251106, 632, 270, 362, 0, 0, 0
5002, 1, 1636430250606, 1636430251278, 672, 269, 403, 0, 0, 0
5003, 1, 1636430250708, 1636430251562, 854, 491, 363, 1, 0, 1
4970, 2, 1636430241466, 1636430251645, 10179, 0, 10179, 1, 0, 1
4972, 2, 1636430241810, 1636430251986, 10176, 1, 10175, 1, 1, 2
5005, 1, 1636430251648, 1636430252270, 622, 269, 353, 0, 1, 1
5007, 1, 1636430251778, 1636430252454, 676, 270, 406, 0, 0, 0
4973, 2, 1636430242398, 1636430252574, 10176, 1, 10175, 0, 0, 0
5008, 1, 1636430252036, 1636430252662, 626, 274, 352, 0, 0, 0
4974, 2, 1636430242510, 1636430252682, 10172, 0, 10172, 1, 0, 1
5009, 1, 1636430252118, 1636430252946, 828, 436, 392, 1, 45, 46
5011, 1, 1636430252682, 1636430253314, 632, 269, 363, 0, 0, 0
5013, 1, 1636430252706, 1636430253398, 692, 297, 395, 0, 0, 0
4975, 2, 1636430243338, 1636430253518, 10180, 1, 10179, 0, 0, 0
4977, 2, 1636430243702, 1636430253877, 10175, 0, 10175, 0, 0, 0
5014, 1, 1636430252818, 1636430253882, 1064, 661, 403, 0, 24, 24
5015, 1, 1636430253650, 1636430254330, 680, 278, 402, 0, 0, 0
5017, 1, 1636430253775, 1636430254410, 635, 266, 369, 1, 0, 1
5016, 1, 1636430253762, 1636430254418, 656, 274, 382, 0, 0, 0
4978, 2, 1636430244438, 1636430254617, 10179, 1, 10178, 1, 0, 1
5019, 1, 1636430254010, 1636430254786, 776, 378, 398, 1, 0, 1
5020, 1, 1636430254079, 1636430254882, 803, 449, 354, 0, 15, 15
4979, 2, 1636430244911, 1636430255089, 10178, 0, 10178, 0, 0, 0
4980, 2, 1636430245130, 1636430255309, 10179, 1, 10178, 0, 1, 1
5021, 1, 1636430254667, 1636430255358, 691, 330, 361, 0, 25, 25
5023, 1, 1636430254750, 1636430255450, 700, 297, 403, 1, 28, 29
4981, 1, 1636430245497, 1636430255802, 10305, 9906, 399, 1, 1, 2
5024, 1, 1636430254852, 1636430255810, 958, 598, 360, 0, 0, 0
5025, 1, 1636430255222, 1636430255898, 676, 282, 394, 0, 0, 0
5027, 1, 1636430255635, 1636430256258, 623, 270, 353, 0, 0, 0
5026, 1, 1636430255442, 1636430256350, 908, 510, 398, 0, 0, 0
5030, 1, 1636430255846, 1636430256466, 620, 267, 353, 2, 0, 2
5031, 1, 1636430256066, 1636430256718, 652, 286, 366, 0, 0, 0
5029, 1, 1636430255804, 1636430256806, 1002, 598, 404, 0, 0, 0
5034, 1, 1636430256763, 1636430257386, 623, 268, 355, 0, 1, 1
5036, 1, 1636430257294, 1636430257926, 632, 271, 361, 1, 0, 1
5037, 1, 1636430257425, 1636430258382, 957, 594, 363, 0, 1, 1
5039, 1, 1636430257763, 1636430258390, 627, 269, 358, 2, 0, 2
5040, 1, 1636430257878, 1636430258838, 960, 597, 363, 2, 0, 2
4996, 2, 1636430249830, 1636430259965, 10135, 1, 10134, 1, 1, 2
4998, 2, 1636430249832, 1636430260009, 10177, 2, 10175, 1, 2, 3
5046, 1, 1636430259875, 1636430260558, 683, 268, 415, 0, 1, 1
5001, 2, 1636430250587, 1636430260722, 10135, 1, 10134, 0, 0, 0
5048, 1, 1636430260099, 1636430260778, 679, 271, 408, 0, 0, 0
5047, 1, 1636430260098, 1636430261234, 1136, 730, 406, 2, 1, 3
5004, 2, 1636430251107, 1636430261237, 10130, 0, 10130, 1, 0, 1
5049, 1, 1636430260854, 1636430261694, 840, 435, 405, 0, 4, 4
5006, 2, 1636430251683, 1636430261818, 10135, 0, 10135, 0, 0, 0
5050, 1, 1636430261374, 1636430262174, 800, 405, 395, 0, 32, 32
5051, 1, 1636430261905, 1636430262530, 625, 266, 359, 1, 0, 1
5010, 2, 1636430252398, 1636430262533, 10135, 1, 10134, 0, 1, 1
5052, 1, 1636430261950, 1636430262622, 672, 274, 398, 1, 0, 1
5053, 1, 1636430262082, 1636430262710, 628, 267, 361, 0, 1, 1
5012, 2, 1636430252696, 1636430262834, 10138, 0, 10138, 0, 0, 0
5054, 1, 1636430262086, 1636430263190, 1104, 748, 356, 0, 32, 32
5055, 1, 1636430262666, 1636430263370, 704, 269, 435, 0, 0, 0
5056, 1, 1636430262878, 1636430263646, 768, 405, 363, 0, 0, 0
5057, 1, 1636430262966, 1636430263826, 860, 459, 401, 1, 0, 1
5058, 1, 1636430263441, 1636430264102, 661, 298, 363, 3, 0, 3
5018, 2, 1636430253973, 1636430264109, 10136, 0, 10136, 0, 0, 0
5059, 1, 1636430263798, 1636430264470, 672, 318, 354, 0, 41, 41
5060, 1, 1636430263923, 1636430264562, 639, 287, 352, 2, 10, 12
5061, 1, 1636430264110, 1636430264742, 632, 270, 362, 0, 0, 0
5022, 2, 1636430254673, 1636430264810, 10137, 0, 10137, 0, 1, 1
5063, 1, 1636430264238, 1636430264902, 664, 270, 394, 0, 1, 1
5062, 1, 1636430264126, 1636430265194, 1068, 711, 357, 2, 0, 2
5064, 1, 1636430264703, 1636430265346, 643, 267, 376, 1, 1, 2
5065, 1, 1636430264938, 1636430265610, 672, 269, 403, 0, 0, 0
5067, 1, 1636430264991, 1636430265650, 659, 296, 363, 0, 0, 0
5066, 1, 1636430264949, 1636430265802, 853, 489, 364, 0, 0, 0
5028, 2, 1636430255706, 1636430265841, 10135, 1, 10134, 0, 1, 1
5068, 1, 1636430265503, 1636430266134, 631, 274, 357, 0, 1, 1
5032, 2, 1636430256074, 1636430266209, 10135, 1, 10134, 0, 1, 1
5069, 1, 1636430265733, 1636430266378, 645, 270, 375, 1, 0, 1
5070, 1, 1636430265970, 1636430266654, 684, 283, 401, 1, 20, 21
5071, 1, 1636430265996, 1636430266654, 658, 304, 354, 1, 40, 41
5072, 1, 1636430266018, 1636430266654, 636, 279, 357, 1, 16, 17
5033, 2, 1636430256649, 1636430266785, 10136, 1, 10135, 0, 1, 1
5074, 1, 1636430266210, 1636430266822, 612, 258, 354, 0, 0, 0
5035, 2, 1636430256807, 1636430266941, 10134, 1, 10133, 2, 0, 2
5073, 1, 1636430266107, 1636430267146, 1039, 666, 373, 2, 40, 42
5075, 1, 1636430266334, 1636430267146, 812, 412, 400, 0, 40, 40
5076, 1, 1636430266786, 1636430267418, 632, 272, 360, 0, 1, 1
5078, 1, 1636430266943, 1636430267566, 623, 262, 361, 0, 0, 0
5079, 1, 1636430266943, 1636430267598, 655, 333, 322, 0, 0, 0
5077, 1, 1636430266942, 1636430267614, 672, 269, 403, 0, 0, 0
5038, 2, 1636430257606, 1636430267742, 10136, 0, 10136, 0, 0, 0
5080, 1, 1636430267027, 1636430267866, 839, 487, 352, 1, 1, 2
5082, 1, 1636430267465, 1636430268102, 637, 278, 359, 0, 9, 9
5081, 1, 1636430267070, 1636430268106, 1036, 634, 402, 0, 29, 29
5041, 2, 1636430258010, 1636430268145, 10135, 0, 10135, 0, 0, 0
5083, 1, 1636430267857, 1636430268510, 653, 293, 360, 0, 16, 16
5087, 1, 1636430267964, 1636430268594, 630, 276, 354, 3, 1, 4
5085, 1, 1636430267910, 1636430268594, 684, 333, 351, 1, 40, 41
5084, 1, 1636430267874, 1636430268598, 724, 317, 407, 0, 41, 41
5086, 1, 1636430267960, 1636430268602, 642, 282, 360, 0, 17, 17
5089, 1, 1636430268242, 1636430268866, 624, 262, 362, 0, 0, 0
5042, 2, 1636430258733, 1636430268869, 10136, 0, 10136, 1, 0, 1
5088, 1, 1636430268081, 1636430269042, 961, 587, 374, 3, 0, 3
5090, 1, 1636430268278, 1636430269058, 780, 379, 401, 0, 1, 1
5091, 1, 1636430268394, 1636430269058, 664, 303, 361, 0, 1, 1
5092, 1, 1636430268698, 1636430269318, 620, 266, 354, 1, 0, 1
5043, 2, 1636430259291, 1636430269426, 10135, 0, 10135, 0, 0, 0
5093, 1, 1636430268798, 1636430269490, 692, 313, 379, 1, 1, 2
5044, 2, 1636430259381, 1636430269517, 10136, 0, 10136, 0, 0, 0
5094, 1, 1636430268948, 1636430269566, 618, 262, 356, 0, 0, 0
5096, 1, 1636430269002, 1636430269694, 692, 287, 405, 1, 17, 18
5097, 1, 1636430269023, 1636430269694, 671, 315, 356, 1, 45, 46
5095, 1, 1636430268970, 1636430269786, 816, 459, 357, 1, 22, 23
5045, 1, 1636430259844, 1636430270006, 10162, 9774, 388, 44, 1, 45
5098, 1, 1636430269067, 1636430270010, 943, 586, 357, 0, 1, 1
5099, 1, 1636430269435, 1636430270118, 683, 283, 400, 2, 0, 2
5100, 1, 1636430269558, 1636430270222, 664, 266, 398, 0, 0, 0
5102, 1, 1636430269834, 1636430270466, 632, 274, 358, 1, 0, 1
5104, 1, 1636430269882, 1636430270506, 624, 274, 350, 0, 0, 0
5105, 1, 1636430269941, 1636430270570, 629, 268, 361, 1, 1, 2
5103, 1, 1636430269880, 1636430270570, 690, 335, 355, 1, 2, 3
5101, 1, 1636430269658, 1636430270666, 1008, 618, 390, 0, 0, 0
5108, 1, 1636430270033, 1636430270666, 633, 265, 368, 2, 1, 3
5109, 1, 1636430270223, 1636430270850, 627, 270, 357, 0, 0, 0
5110, 1, 1636430270308, 1636430270930, 622, 266, 356, 0, 0, 0
5106, 1, 1636430269987, 1636430271018, 1031, 674, 357, 0, 0, 0
5107, 1, 1636430270008, 1636430271102, 1094, 703, 391, 0, 0, 0
5111, 1, 1636430270457, 1636430271106, 649, 299, 350, 0, 0, 0
5112, 1, 1636430270571, 1636430271194, 623, 265, 358, 0, 0, 0
5113, 1, 1636430270692, 1636430271466, 774, 422, 352, 1, 0, 1
5115, 1, 1636430270959, 1636430271586, 627, 265, 362, 0, 0, 0
5116, 1, 1636430270965, 1636430271598, 633, 266, 367, 1, 0, 1
5114, 1, 1636430270896, 1636430271630, 734, 382, 352, 0, 0, 0
5117, 1, 1636430271031, 1636430271638, 607, 259, 348, 0, 1, 1
5118, 1, 1636430271081, 1636430272034, 953, 598, 355, 0, 0, 0
5119, 1, 1636430271421, 1636430272058, 637, 278, 359, 1, 1, 2
5120, 1, 1636430271517, 1636430272150, 633, 270, 363, 0, 0, 0
5123, 1, 1636430271884, 1636430272510, 626, 271, 355, 1, 0, 1
5122, 1, 1636430271856, 1636430272514, 658, 305, 353, 0, 0, 0
5124, 1, 1636430271903, 1636430272534, 631, 273, 358, 0, 0, 0
5126, 1, 1636430271960, 1636430272581, 621, 270, 351, 0, 0, 0
5121, 1, 1636430271656, 1636430272594, 938, 589, 349, 1, 0, 1
5127, 1, 1636430271994, 1636430272626, 632, 274, 358, 1, 0, 1
5129, 1, 1636430272096, 1636430272718, 622, 267, 355, 1, 1, 2
5125, 1, 1636430271951, 1636430272978, 1027, 666, 361, 1, 0, 1
5130, 1, 1636430272352, 1636430273026, 674, 322, 352, 0, 0, 0
5128, 1, 1636430272008, 1636430273058, 1050, 689, 361, 1, 0, 1
5131, 1, 1636430272379, 1636430273082, 703, 346, 357, 0, 0, 0
5132, 1, 1636430272459, 1636430273090, 631, 266, 365, 0, 0, 0
5133, 1, 1636430272613, 1636430273430, 817, 454, 363, 0, 0, 0
5135, 1, 1636430272911, 1636430273538, 627, 269, 358, 0, 0, 0
5134, 1, 1636430272791, 1636430273542, 751, 398, 353, 0, 0, 0
5136, 1, 1636430272938, 1636430273558, 620, 265, 355, 0, 0, 0
5138, 1, 1636430273100, 1636430273730, 630, 266, 364, 0, 0, 0
5139, 1, 1636430273345, 1636430273970, 625, 267, 358, 0, 0, 0
5137, 1, 1636430273067, 1636430274010, 943, 583, 360, 1, 0, 1
5140, 1, 1636430273642, 1636430274266, 624, 270, 354, 2, 0, 2
5143, 1, 1636430273784, 1636430274410, 626, 269, 357, 0, 0, 0
5142, 1, 1636430273780, 1636430274430, 650, 289, 361, 0, 0, 0
5144, 1, 1636430273887, 1636430274514, 627, 266, 361, 0, 0, 0
5145, 1, 1636430273940, 1636430274562, 622, 262, 360, 0, 0, 0
5146, 1, 1636430273941, 1636430274574, 633, 274, 359, 0, 0, 0
5147, 1, 1636430273984, 1636430274598, 614, 262, 352, 0, 0, 0
5148, 1, 1636430274028, 1636430274962, 934, 582, 352, 1, 0, 1
5152, 1, 1636430274383, 1636430275010, 627, 267, 360, 1, 0, 1
5150, 1, 1636430274294, 1636430275010, 716, 354, 362, 0, 0, 0
5151, 1, 1636430274352, 1636430275030, 678, 321, 357, 1, 0, 1
5153, 1, 1636430274727, 1636430275406, 679, 326, 353, 0, 0, 0
5155, 1, 1636430274800, 1636430275430, 630, 271, 359, 2, 0, 2
5154, 1, 1636430274792, 1636430275462, 670, 308, 362, 0, 0, 0
5156, 1, 1636430274812, 1636430275482, 670, 314, 356, 1, 0, 1
5158, 1, 1636430275062, 1636430275694, 632, 269, 363, 0, 0, 0
5157, 1, 1636430275062, 1636430275934, 872, 507, 365, 2, 0, 2
5159, 1, 1636430275349, 1636430275966, 617, 263, 354, 0, 0, 0
5160, 1, 1636430275623, 1636430276253, 630, 266, 364, 0, 0, 0
5161, 1, 1636430275813, 1636430276438, 625, 267, 358, 0, 0, 0
5162, 1, 1636430275872, 1636430276490, 618, 270, 348, 2, 0, 2
5163, 1, 1636430275879, 1636430276498, 619, 266, 353, 0, 0, 0
5164, 1, 1636430275918, 1636430276534, 616, 265, 351, 0, 1, 1
5165, 1, 1636430275930, 1636430276550, 620, 266, 354, 1, 0, 1
5169, 1, 1636430276325, 1636430276982, 657, 301, 356, 0, 0, 0
5170, 1, 1636430276386, 1636430277006, 620, 266, 354, 0, 0, 0
5171, 1, 1636430276723, 1636430277366, 643, 282, 361, 0, 0, 0
5172, 1, 1636430276785, 1636430277430, 645, 287, 358, 0, 1, 1
5173, 1, 1636430276848, 1636430277474, 626, 270, 356, 1, 0, 1
5175, 1, 1636430276998, 1636430277886, 888, 527, 361, 0, 1, 1
5179, 1, 1636430277701, 1636430278342, 641, 283, 358, 1, 1, 2
5180, 1, 1636430277865, 1636430278494, 629, 271, 358, 0, 0, 0
5182, 1, 1636430277922, 1636430278550, 628, 268, 360, 0, 0, 0
5183, 1, 1636430277933, 1636430278562, 629, 271, 358, 1, 1, 2
5184, 1, 1636430278249, 1636430278946, 697, 338, 359, 1, 0, 1
5186, 1, 1636430278675, 1636430279398, 723, 362, 361, 0, 0, 0
5187, 1, 1636430278767, 1636430279398, 631, 271, 360, 0, 0, 0
5189, 1, 1636430278999, 1636430279854, 855, 490, 365, 0, 0, 0
5190, 1, 1636430279589, 1636430280302, 713, 358, 355, 0, 1, 1
5192, 1, 1636430279974, 1636430280610, 636, 272, 364, 0, 0, 0
5193, 1, 1636430279985, 1636430280618, 633, 269, 364, 0, 0, 0
5194, 1, 1636430280353, 1636430281074, 721, 356, 365, 0, 0, 0
5195, 1, 1636430280779, 1636430281529, 750, 389, 361, 0, 1, 1
5197, 1, 1636430281097, 1636430281982, 885, 522, 363, 0, 1, 1
5198, 1, 1636430281654, 1636430282430, 776, 421, 355, 0, 0, 0
5199, 1, 1636430281883, 1636430282510, 627, 271, 356, 0, 2, 2
5141, 2, 1636430273686, 1636430283822, 10136, 1, 10135, 1, 1, 2
5149, 2, 1636430274092, 1636430284226, 10134, 1, 10133, 1, 0, 1
5205, 1, 1636430283919, 1636430284582, 663, 307, 356, 2, 37, 39
5166, 2, 1636430275956, 1636430286090, 10134, 0, 10134, 0, 1, 1
5167, 2, 1636430276114, 1636430286250, 10136, 0, 10136, 0, 0, 0
5168, 2, 1636430276221, 1636430286358, 10137, 0, 10137, 0, 0, 0
5208, 1, 1636430285985, 1636430286634, 649, 269, 380, 1, 0, 1
5174, 2, 1636430276851, 1636430286986, 10135, 1, 10134, 0, 0, 0
5176, 2, 1636430277009, 1636430287146, 10137, 1, 10136, 1, 1, 2
5209, 1, 1636430286526, 1636430287198, 672, 269, 403, 0, 0, 0
5177, 2, 1636430277358, 1636430287493, 10135, 1, 10134, 0, 1, 1
5178, 2, 1636430277569, 1636430287705, 10136, 1, 10135, 0, 0, 0
5213, 1, 1636430287278, 1636430287974, 696, 295, 401, 2, 24, 26
5181, 2, 1636430277882, 1636430288017, 10135, 0, 10135, 0, 0, 0
5215, 1, 1636430287842, 1636430288550, 708, 270, 438, 0, 1, 1
5185, 2, 1636430278454, 1636430288589, 10135, 0, 10135, 0, 0, 0
5216, 1, 1636430288018, 1636430288642, 624, 271, 353, 0, 0, 0
5188, 2, 1636430278916, 1636430289053, 10137, 0, 10137, 0, 0, 0
5218, 1, 1636430288457, 1636430289118, 661, 262, 399, 0, 0, 0
5220, 1, 1636430289115, 1636430289746, 631, 271, 360, 0, 0, 0
5191, 2, 1636430279956, 1636430290090, 10134, 0, 10134, 0, 0, 0
5222, 1, 1636430289682, 1636430290354, 672, 317, 355, 0, 44, 44
5223, 1, 1636430290105, 1636430290734, 629, 266, 363, 0, 0, 0
5196, 2, 1636430280791, 1636430290925, 10134, 1, 10133, 0, 0, 0
5225, 1, 1636430290550, 1636430291190, 640, 286, 354, 0, 16, 16
5227, 1, 1636430291144, 1636430291770, 626, 262, 364, 0, 0, 0
5200, 2, 1636430282008, 1636430292146, 10138, 1, 10137, 1, 0, 1
5228, 1, 1636430291759, 1636430292410, 651, 298, 353, 1, 20, 21
5201, 2, 1636430282473, 1636430292611, 10138, 1, 10137, 0, 1, 1
5229, 1, 1636430292019, 1636430292682, 663, 268, 395, 0, 0, 0
5202, 2, 1636430282842, 1636430292978, 10136, 0, 10136, 0, 0, 0
5203, 2, 1636430283115, 1636430293249, 10134, 1, 10133, 0, 1, 1
5204, 1, 1636430283695, 1636430293738, 10043, 9645, 398, 0, 0, 0
5207, 2, 1636430284358, 1636430294537, 10179, 1, 10178, 2, 0, 2
5206, 2, 1636430284358, 1636430294581, 10223, 0, 10223, 0, 0, 0
5238, 1, 1636430294037, 1636430294666, 629, 269, 360, 1, 0, 1
5239, 1, 1636430294670, 1636430295342, 672, 270, 402, 0, 2, 2
5240, 1, 1636430294671, 1636430295794, 1123, 724, 399, 1, 1, 2
5210, 2, 1636430286526, 1636430296709, 10183, 1, 10182, 2, 0, 2
5211, 2, 1636430286526, 1636430296753, 10227, 1, 10226, 1, 0, 1
5241, 1, 1636430296171, 1636430296802, 631, 275, 356, 1, 1, 2
5242, 1, 1636430296520, 1636430297198, 678, 284, 394, 0, 17, 17
5212, 2, 1636430287146, 1636430297325, 10179, 1, 10178, 1, 0, 1
5243, 1, 1636430296615, 1636430297690, 1075, 751, 324, 91, 37, 128
5214, 2, 1636430287630, 1636430297809, 10179, 0, 10179, 0, 0, 0
5217, 2, 1636430288150, 1636430298329, 10179, 0, 10179, 0, 1, 1
5219, 2, 1636430288722, 1636430298905, 10183, 0, 10183, 0, 0, 0
5250, 1, 1636430298462, 1636430299086, 624, 269, 355, 0, 1, 1
5221, 2, 1636430289194, 1636430299369, 10175, 0, 10175, 0, 0, 0
5251, 1, 1636430298609, 1636430299542, 933, 570, 363, 2, 0, 2
5224, 2, 1636430290214, 1636430300390, 10176, 0, 10176, 0, 0, 0
5254, 1, 1636430300503, 1636430301138, 635, 275, 360, 1, 1, 2
5226, 2, 1636430291054, 1636430301229, 10175, 1, 10174, 0, 1, 1
5256, 1, 1636430300619, 1636430301590, 971, 614, 357, 0, 0, 0
5230, 2, 1636430292274, 1636430302453, 10179, 1, 10178, 0, 0, 0
5231, 2, 1636430292493, 1636430302657, 10164, 1, 10163, 0, 1, 1
5232, 2, 1636430292738, 1636430302913, 10175, 1, 10174, 0, 0, 0
5233, 2, 1636430293097, 1636430303229, 10132, 0, 10132, 1, 0, 1
5258, 1, 1636430302583, 1636430303273, 690, 299, 391, 0, 37, 37
5234, 2, 1636430293110, 1636430303297, 10187, 0, 10187, 0, 0, 0
5261, 1, 1636430302786, 1636430303490, 704, 312, 392, 0, 44, 44
5235, 2, 1636430293382, 1636430303557, 10175, 0, 10175, 0, 0, 0
5260, 1, 1636430302699, 1636430303746, 1047, 690, 357, 2, 28, 30
5236, 2, 1636430293651, 1636430303785, 10134, 0, 10134, 1, 0, 1
5237, 2, 1636430293740, 1636430303917, 10177, 1, 10176, 0, 0, 0
5263, 1, 1636430303386, 1636430304182, 796, 358, 438, 0, 89, 89
5248, 1, 1636430298256, 1636430304406, 6150, 5766, 384, 0, 1, 1
5266, 1, 1636430303918, 1636430304638, 720, 318, 402, 1, 0, 1
5268, 1, 1636430304408, 1636430305082, 674, 270, 404, 0, 1, 1
5269, 1, 1636430304526, 1636430305150, 624, 267, 357, 1, 0, 1
5270, 1, 1636430304663, 1636430305606, 943, 581, 362, 0, 0, 0
5274, 1, 1636430306283, 1636430306918, 635, 273, 362, 0, 0, 0
5244, 2, 1636430296846, 1636430307022, 10176, 0, 10176, 1, 0, 1
5245, 2, 1636430296846, 1636430307065, 10219, 1, 10218, 1, 0, 1
5246, 2, 1636430297454, 1636430307633, 10179, 1, 10178, 0, 1, 1
5247, 2, 1636430297942, 1636430308117, 10175, 0, 10175, 0, 0, 0
5249, 2, 1636430298454, 1636430308633, 10179, 1, 10178, 1, 1, 2
5280, 1, 1636430308217, 1636430308850, 633, 271, 362, 2, 1, 3
5252, 2, 1636430299030, 1636430309210, 10180, 1, 10179, 0, 1, 1
5253, 2, 1636430299502, 1636430309681, 10179, 1, 10178, 0, 0, 0
5255, 2, 1636430300522, 1636430310697, 10175, 1, 10174, 0, 0, 0
5285, 1, 1636430310153, 1636430310782, 629, 273, 356, 0, 1, 1
5257, 2, 1636430301354, 1636430311530, 10176, 1, 10175, 0, 1, 1
5259, 2, 1636430302586, 1636430312769, 10183, 0, 10183, 0, 0, 0
5288, 1, 1636430312160, 1636430312794, 634, 273, 361, 0, 1, 1
5262, 2, 1636430303046, 1636430313221, 10175, 1, 10174, 0, 0, 0
5264, 2, 1636430303422, 1636430313605, 10183, 0, 10183, 0, 0, 0
5265, 2, 1636430303690, 1636430313878, 10188, 1, 10187, 1, 1, 2
5267, 2, 1636430304050, 1636430314229, 10179, 0, 10179, 0, 1, 1
5293, 1, 1636430314230, 1636430314862, 632, 268, 364, 0, 0, 0
5271, 2, 1636430304744, 1636430314878, 10134, 0, 10134, 0, 0, 0
5272, 2, 1636430305353, 1636430315489, 10136, 1, 10135, 0, 1, 1
5273, 2, 1636430305916, 1636430316049, 10133, 1, 10132, 0, 1, 1
5275, 2, 1636430306541, 1636430316681, 10140, 0, 10140, 0, 0, 0
5298, 1, 1636430316220, 1636430316858, 638, 273, 365, 0, 1, 1
5276, 1, 1636430306733, 1636430317178, 10445, 10084, 361, 2, 1, 3
5278, 2, 1636430307154, 1636430317334, 10180, 0, 10180, 1, 0, 1
5277, 2, 1636430307154, 1636430317381, 10227, 1, 10226, 1, 0, 1
5279, 2, 1636430307766, 1636430317945, 10179, 1, 10178, 0, 1, 1
5281, 2, 1636430308254, 1636430318429, 10175, 0, 10175, 0, 0, 0
5304, 1, 1636430318155, 1636430318786, 631, 279, 352, 1, 6, 7
5282, 2, 1636430308762, 1636430318941, 10179, 1, 10178, 0, 1, 1
5283, 2, 1636430309338, 1636430319518, 10180, 1, 10179, 0, 1, 1
5284, 2, 1636430309814, 1636430319990, 10176, 1, 10175, 0, 1, 1
5308, 1, 1636430320105, 1636430320742, 637, 272, 365, 0, 0, 0
5286, 2, 1636430310830, 1636430321009, 10179, 0, 10179, 0, 0, 0
5287, 2, 1636430311662, 1636430321838, 10176, 0, 10176, 0, 1, 1
5312, 1, 1636430322050, 1636430322686, 636, 273, 363, 0, 1, 1
5289, 2, 1636430312894, 1636430323074, 10180, 0, 10180, 0, 0, 0
5290, 2, 1636430313354, 1636430323529, 10175, 1, 10174, 1, 1, 2
5291, 2, 1636430313734, 1636430323925, 10191, 0, 10191, 1, 0, 1
5292, 2, 1636430314006, 1636430324181, 10175, 1, 10174, 0, 1, 1
5294, 2, 1636430314362, 1636430324541, 10179, 0, 10179, 0, 0, 0
5315, 1, 1636430323971, 1636430324634, 663, 305, 358, 1, 35, 36
5295, 2, 1636430315010, 1636430325186, 10176, 1, 10175, 0, 0, 0
5296, 2, 1636430315622, 1636430325801, 10179, 0, 10179, 0, 0, 0
5297, 2, 1636430316183, 1636430326361, 10178, 1, 10177, 0, 1, 1
5321, 1, 1636430326019, 1636430326650, 631, 269, 362, 1, 0, 1
5299, 2, 1636430316806, 1636430326986, 10180, 0, 10180, 0, 1, 1
5300, 1, 1636430317180, 1636430327486, 10306, 9879, 427, 46, 0, 46
5302, 2, 1636430317471, 1636430327650, 10179, 1, 10178, 1, 0, 1
5301, 2, 1636430317470, 1636430327697, 10227, 1, 10226, 1, 0, 1
5303, 2, 1636430318078, 1636430328257, 10179, 0, 10179, 0, 0, 0
5327, 1, 1636430327887, 1636430328522, 635, 282, 353, 0, 20, 20
5305, 2, 1636430318562, 1636430328737, 10175, 1, 10174, 1, 1, 2
5306, 2, 1636430319074, 1636430329253, 10179, 0, 10179, 0, 0, 0
5307, 2, 1636430319650, 1636430329833, 10183, 0, 10183, 0, 0, 0
5309, 2, 1636430320122, 1636430330298, 10176, 0, 10176, 1, 0, 1
5332, 1, 1636430329988, 1636430330662, 674, 311, 363, 1, 37, 38
5310, 2, 1636430321142, 1636430331318, 10176, 1, 10175, 0, 1, 1
5311, 2, 1636430321974, 1636430332149, 10175, 0, 10175, 0, 0, 0
5335, 1, 1636430331990, 1636430332614, 624, 266, 358, 1, 0, 1
5313, 2, 1636430323206, 1636430333386, 10180, 1, 10179, 1, 1, 2
5314, 2, 1636430323662, 1636430333837, 10175, 0, 10175, 0, 0, 0
5316, 2, 1636430324054, 1636430334229, 10175, 0, 10175, 0, 1, 1
5317, 2, 1636430324302, 1636430334477, 10175, 1, 10174, 1, 0, 1
5338, 1, 1636430333920, 1636430334586, 666, 309, 357, 1, 36, 37
5318, 2, 1636430324674, 1636430334853, 10179, 1, 10178, 0, 1, 1
5319, 2, 1636430325318, 1636430335494, 10176, 1, 10175, 1, 0, 1
5320, 2, 1636430325930, 1636430336110, 10180, 1, 10179, 1, 1, 2
5344, 1, 1636430335830, 1636430336470, 640, 282, 358, 0, 8, 8
5322, 2, 1636430326494, 1636430336673, 10179, 0, 10179, 0, 1, 1
5323, 2, 1636430327118, 1636430337298, 10180, 0, 10180, 0, 1, 1
5324, 1, 1636430327489, 1636430337794, 10305, 9869, 436, 48, 0, 48
5326, 2, 1636430327786, 1636430337966, 10180, 0, 10180, 1, 0, 1
5325, 2, 1636430327786, 1636430338013, 10227, 1, 10226, 1, 0, 1
5349, 1, 1636430337886, 1636430338562, 676, 319, 357, 48, 0, 48
5328, 2, 1636430328390, 1636430338569, 10179, 0, 10179, 0, 0, 0
5329, 2, 1636430328867, 1636430339042, 10175, 0, 10175, 0, 0, 0
5330, 2, 1636430329386, 1636430339565, 10179, 1, 10178, 0, 1, 1
5331, 2, 1636430329966, 1636430340149, 10183, 0, 10183, 0, 0, 0
5355, 1, 1636430339839, 1636430340506, 667, 314, 353, 0, 44, 44
5333, 2, 1636430330430, 1636430340601, 10171, 1, 10170, 1, 0, 1
5334, 2, 1636430331450, 1636430341626, 10176, 0, 10176, 0, 0, 0
5358, 1, 1636430341741, 1636430342379, 638, 275, 363, 1, 0, 1
5336, 2, 1636430332282, 1636430342457, 10175, 0, 10175, 1, 0, 1
5337, 2, 1636430333518, 1636430343698, 10180, 0, 10180, 0, 0, 0
5339, 2, 1636430333966, 1636430344142, 10176, 0, 10176, 0, 0, 0
5361, 1, 1636430343798, 1636430344434, 636, 274, 362, 0, 1, 1
5340, 2, 1636430334358, 1636430344569, 10211, 0, 10211, 0, 0, 0
5341, 2, 1636430334614, 1636430344793, 10179, 1, 10178, 0, 1, 1
5342, 2, 1636430334986, 1636430345165, 10179, 0, 10179, 0, 0, 0
5343, 2, 1636430335627, 1636430345806, 10179, 0, 10179, 0, 1, 1
5345, 2, 1636430336238, 1636430346417, 10179, 0, 10179, 0, 0, 0
5367, 1, 1636430345842, 1636430346474, 632, 274, 358, 0, 2, 2
5346, 2, 1636430336806, 1636430346985, 10179, 1, 10178, 1, 0, 1
5347, 2, 1636430337430, 1636430347605, 10175, 1, 10174, 0, 0, 0
5348, 1, 1636430337796, 1636430348102, 10306, 9866, 440, 47, 1, 48
5351, 2, 1636430338103, 1636430348282, 10179, 1, 10178, 1, 0, 1
5350, 2, 1636430338102, 1636430348325, 10223, 0, 10223, 1, 0, 1
5372, 1, 1636430347927, 1636430348594, 667, 309, 358, 1, 40, 41
5352, 2, 1636430338702, 1636430348881, 10179, 1, 10178, 0, 0, 0
5353, 2, 1636430339170, 1636430349342, 10172, 0, 10172, 1, 0, 1
5354, 2, 1636430339694, 1636430349873, 10179, 0, 10179, 0, 0, 0
5356, 2, 1636430340282, 1636430350461, 10179, 1, 10178, 0, 1, 1
5378, 1, 1636430349805, 1636430350466, 661, 273, 388, 0, 0, 0
5357, 2, 1636430340746, 1636430350922, 10176, 1, 10175, 0, 1, 1
5359, 2, 1636430341758, 1636430351937, 10179, 0, 10179, 0, 0, 0
5382, 1, 1636430351788, 1636430352414, 626, 271, 355, 0, 0, 0
5360, 2, 1636430342590, 1636430352765, 10175, 1, 10174, 2, 0, 2
5362, 2, 1636430343830, 1636430354010, 10180, 1, 10179, 1, 0, 1
5363, 2, 1636430344274, 1636430354450, 10176, 1, 10175, 0, 1, 1
5364, 2, 1636430344698, 1636430354885, 10187, 0, 10187, 0, 0, 0
5365, 2, 1636430344922, 1636430355097, 10175, 1, 10174, 0, 0, 0
5366, 2, 1636430345298, 1636430355478, 10180, 1, 10179, 0, 1, 1
5368, 2, 1636430345938, 1636430356114, 10176, 1, 10175, 1, 0, 1
5369, 2, 1636430346550, 1636430356729, 10179, 1, 10178, 1, 0, 1
5370, 2, 1636430347114, 1636430357289, 10175, 1, 10174, 0, 1, 1
5371, 2, 1636430347738, 1636430357917, 10179, 0, 10179, 0, 0, 0
5373, 2, 1636430348104, 1636430358281, 10177, 0, 10177, 0, 0, 0
5375, 2, 1636430348414, 1636430358589, 10175, 1, 10174, 1, 1, 2
5374, 2, 1636430348414, 1636430358633, 10219, 1, 10218, 0, 0, 0
5385, 1, 1636430353695, 1636430358770, 5075, 4723, 352, 1, 0, 1
5376, 2, 1636430349014, 1636430359193, 10179, 0, 10179, 0, 0, 0
5398, 1, 1636430358772, 1636430359466, 694, 289, 405, 0, 25, 25
5377, 2, 1636430349478, 1636430359653, 10175, 1, 10174, 0, 0, 0
5379, 2, 1636430350006, 1636430360185, 10179, 1, 10178, 0, 0, 0
5380, 2, 1636430350586, 1636430360765, 10179, 0, 10179, 1, 0, 1
5381, 2, 1636430351054, 1636430361229, 10175, 1, 10174, 0, 0, 0
5402, 1, 1636430360819, 1636430361442, 623, 266, 357, 0, 0, 0
5383, 2, 1636430352074, 1636430362253, 10179, 1, 10178, 2, 0, 2
5384, 2, 1636430352902, 1636430363078, 10176, 1, 10175, 1, 0, 1
5406, 1, 1636430362882, 1636430363534, 652, 290, 362, 0, 20, 20
5386, 2, 1636430354143, 1636430364322, 10179, 1, 10178, 1, 0, 1
5387, 2, 1636430354578, 1636430364753, 10175, 1, 10174, 0, 1, 1
5388, 2, 1636430355010, 1636430365189, 10179, 0, 10179, 0, 0, 0
5409, 1, 1636430364771, 1636430365398, 627, 269, 358, 0, 0, 0
5389, 2, 1636430355226, 1636430365405, 10179, 1, 10178, 1, 0, 1
5390, 2, 1636430355610, 1636430365789, 10179, 0, 10179, 0, 0, 0
5391, 2, 1636430356246, 1636430366421, 10175, 1, 10174, 0, 0, 0
5392, 2, 1636430356862, 1636430367042, 10180, 1, 10179, 1, 0, 1
5415, 1, 1636430366639, 1636430367314, 675, 313, 362, 0, 44, 44
5393, 2, 1636430357422, 1636430367602, 10180, 1, 10179, 0, 0, 0
5394, 2, 1636430358047, 1636430368222, 10175, 0, 10175, 0, 0, 0
5395, 1, 1636430358410, 1636430368722, 10312, 9905, 407, 0, 1, 1
5397, 2, 1636430358723, 1636430368901, 10178, 0, 10178, 0, 0, 0
5396, 2, 1636430358722, 1636430368945, 10223, 1, 10222, 2, 0, 2
5419, 1, 1636430368548, 1636430369210, 662, 310, 352, 0, 42, 42
5399, 2, 1636430359326, 1636430369506, 10180, 1, 10179, 1, 0, 1
5400, 2, 1636430359786, 1636430369962, 10176, 0, 10176, 0, 0, 0
5401, 2, 1636430360318, 1636430370498, 10180, 1, 10179, 1, 0, 1
5403, 2, 1636430360898, 1636430371078, 10180, 0, 10180, 0, 0, 0
5426, 1, 1636430370642, 1636430371274, 632, 270, 362, 2, 0, 2
5404, 2, 1636430361362, 1636430371537, 10175, 0, 10175, 0, 0, 0
5405, 2, 1636430362391, 1636430372566, 10175, 1, 10174, 0, 0, 0
5429, 1, 1636430372616, 1636430373254, 638, 274, 364, 0, 1, 1
5407, 2, 1636430363210, 1636430373385, 10175, 1, 10174, 0, 1, 1
5408, 2, 1636430364454, 1636430374633, 10179, 1, 10178, 2, 0, 2
5410, 2, 1636430364882, 1636430375058, 10176, 1, 10175, 0, 0, 0
5411, 2, 1636430365318, 1636430375497, 10179, 0, 10179, 0, 0, 0
5412, 2, 1636430365538, 1636430375713, 10175, 1, 10174, 1, 1, 2
5413, 2, 1636430365922, 1636430376101, 10179, 0, 10179, 0, 0, 0
5414, 2, 1636430366554, 1636430376730, 10176, 1, 10175, 1, 0, 1
5416, 2, 1636430367174, 1636430377353, 10179, 1, 10178, 0, 0, 0
5417, 2, 1636430367734, 1636430377914, 10180, 1, 10179, 0, 0, 0
5418, 2, 1636430368358, 1636430378533, 10175, 1, 10174, 0, 0, 0
5420, 1, 1636430368724, 1636430379026, 10302, 9809, 493, 0, 0, 0
5421, 2, 1636430369034, 1636430379214, 10180, 1, 10179, 2, 0, 2
5422, 2, 1636430369034, 1636430379257, 10223, 0, 10223, 0, 0, 0
5423, 2, 1636430369638, 1636430379817, 10179, 1, 10178, 0, 1, 1
5424, 2, 1636430370090, 1636430380265, 10175, 1, 10174, 0, 1, 1
5425, 2, 1636430370626, 1636430380810, 10184, 0, 10184, 0, 0, 0
5427, 2, 1636430371210, 1636430381389, 10179, 1, 10178, 0, 1, 1
5428, 2, 1636430371670, 1636430381846, 10176, 1, 10175, 1, 0, 1
5430, 2, 1636430372694, 1636430382870, 10176, 0, 10176, 1, 0, 1
5431, 2, 1636430373522, 1636430383698, 10176, 1, 10175, 1, 0, 1
5432, 2, 1636430374766, 1636430384946, 10180, 1, 10179, 1, 0, 1
5433, 2, 1636430375186, 1636430385362, 10176, 0, 10176, 0, 0, 0
5434, 2, 1636430375627, 1636430385806, 10179, 0, 10179, 0, 0, 0
5435, 2, 1636430375846, 1636430386022, 10176, 1, 10175, 0, 0, 0
5436, 2, 1636430376230, 1636430386409, 10179, 1, 10178, 0, 0, 0
5437, 2, 1636430376858, 1636430387033, 10175, 0, 10175, 0, 0, 0
5438, 2, 1636430377482, 1636430387662, 10180, 1, 10179, 0, 1, 1
5439, 2, 1636430378046, 1636430388221, 10175, 1, 10174, 0, 1, 1
5440, 2, 1636430378670, 1636430388846, 10176, 1, 10175, 0, 1, 1
5441, 1, 1636430379028, 1636430389346, 10318, 9913, 405, 0, 0, 0
5442, 2, 1636430379346, 1636430389526, 10180, 1, 10179, 0, 1, 1
5443, 2, 1636430379347, 1636430389569, 10222, 0, 10222, 0, 0, 0
5444, 2, 1636430379946, 1636430390130, 10184, 0, 10184, 0, 0, 0
5462, 1, 1636430389659, 1636430390334, 675, 270, 405, 2, 0, 2
5445, 2, 1636430380402, 1636430390577, 10175, 1, 10174, 2, 0, 2
5461, 1, 1636430389658, 1636430390790, 1132, 725, 407, 0, 0, 0
5446, 2, 1636430380942, 1636430391121, 10179, 0, 10179, 0, 0, 0
5463, 1, 1636430390258, 1636430391238, 980, 581, 399, 0, 0, 0
5464, 1, 1636430390710, 1636430391694, 984, 581, 403, 0, 0, 0
5447, 2, 1636430381522, 1636430391701, 10179, 1, 10178, 1, 0, 1
5448, 2, 1636430381970, 1636430392145, 10175, 0, 10175, 0, 0, 0
5465, 1, 1636430391254, 1636430392154, 900, 498, 402, 1, 8, 9
5466, 1, 1636430391616, 1636430392238, 622, 268, 354, 0, 0, 0
5468, 1, 1636430391830, 1636430392602, 772, 374, 398, 0, 1, 1
5467, 1, 1636430391706, 1636430392686, 980, 625, 355, 0, 0, 0
5469, 1, 1636430392274, 1636430393058, 784, 383, 401, 0, 0, 0
5470, 1, 1636430392299, 1636430393138, 839, 480, 359, 1, 0, 1
5449, 2, 1636430383002, 1636430393177, 10175, 1, 10174, 0, 1, 1
5471, 1, 1636430392741, 1636430393634, 893, 529, 364, 0, 36, 36
5473, 1, 1636430393310, 1636430393986, 676, 272, 404, 0, 0, 0
5450, 2, 1636430383830, 1636430394005, 10175, 0, 10175, 0, 0, 0
5472, 1, 1636430393229, 1636430394086, 857, 497, 360, 0, 0, 0
5474, 1, 1636430393692, 1636430394362, 670, 309, 361, 0, 44, 44
5476, 1, 1636430393825, 1636430394526, 701, 347, 354, 0, 1, 1
5477, 1, 1636430394138, 1636430394802, 664, 271, 393, 0, 0, 0
5475, 1, 1636430393789, 1636430394814, 1025, 667, 358, 1, 0, 1
5478, 1, 1636430394281, 1636430394986, 705, 343, 362, 0, 0, 0
5451, 2, 1636430385075, 1636430395253, 10178, 1, 10177, 0, 0, 0
5479, 1, 1636430394300, 1636430395270, 970, 611, 359, 1, 0, 1
5452, 2, 1636430385494, 1636430395669, 10175, 0, 10175, 0, 0, 0
5480, 1, 1636430394825, 1636430395718, 893, 538, 355, 0, 0, 0
5482, 1, 1636430395324, 1636430395954, 630, 270, 360, 0, 0, 0
5483, 1, 1636430395382, 1636430396066, 684, 272, 412, 0, 0, 0
5453, 2, 1636430385942, 1636430396117, 10175, 0, 10175, 0, 0, 0
5481, 1, 1636430395284, 1636430396158, 874, 527, 347, 0, 0, 0
5484, 1, 1636430395590, 1636430396254, 664, 269, 395, 0, 0, 0
5454, 2, 1636430386150, 1636430396325, 10175, 1, 10174, 0, 1, 1
5486, 1, 1636430395802, 1636430396518, 716, 317, 399, 1, 0, 1
5487, 1, 1636430395859, 1636430396614, 755, 402, 353, 0, 0, 0
5485, 1, 1636430395711, 1636430396706, 995, 638, 357, 0, 0, 0
5455, 2, 1636430386542, 1636430396721, 10179, 1, 10178, 1, 0, 1
5488, 1, 1636430396160, 1636430396790, 630, 273, 357, 0, 0, 0
5490, 1, 1636430396246, 1636430396994, 748, 345, 403, 0, 17, 17
5491, 1, 1636430396325, 1636430397082, 757, 396, 361, 1, 16, 17
5489, 1, 1636430396215, 1636430397166, 951, 575, 376, 0, 17, 17
5456, 2, 1636430387162, 1636430397337, 10175, 0, 10175, 0, 1, 1
5492, 1, 1636430396458, 1636430397450, 992, 586, 406, 0, 0, 0
5493, 1, 1636430396723, 1636430397622, 899, 538, 361, 0, 1, 1
5494, 1, 1636430396854, 1636430397898, 1044, 647, 397, 0, 1, 1
5496, 1, 1636430397338, 1636430397966, 628, 271, 357, 0, 0, 0
5457, 2, 1636430387794, 1636430397973, 10179, 1, 10178, 0, 0, 0
5497, 1, 1636430397376, 1636430398010, 634, 269, 365, 0, 0, 0
5495, 1, 1636430397269, 1636430398074, 805, 422, 383, 1, 0, 1
5498, 1, 1636430397463, 1636430398082, 619, 266, 353, 0, 0, 0
5499, 1, 1636430397470, 1636430398338, 868, 474, 394, 1, 0, 1
5502, 1, 1636430397883, 1636430398514, 631, 270, 361, 0, 0, 0
5501, 1, 1636430397824, 1636430398522, 698, 345, 353, 1, 0, 1
5458, 2, 1636430388354, 1636430398533, 10179, 0, 10179, 0, 0, 0
5500, 1, 1636430397647, 1636430398534, 887, 530, 357, 0, 0, 0
5504, 1, 1636430398173, 1636430398802, 629, 270, 359, 0, 8, 8
5503, 1, 1636430398106, 1636430398802, 696, 294, 402, 0, 8, 8
5507, 1, 1636430398233, 1636430398982, 749, 394, 355, 1, 12, 13
5506, 1, 1636430398206, 1636430398990, 784, 426, 358, 1, 21, 22
5505, 1, 1636430398205, 1636430398994, 789, 427, 362, 1, 1, 2
5459, 2, 1636430388982, 1636430399157, 10175, 1, 10174, 0, 0, 0
5509, 1, 1636430398662, 1636430399330, 668, 273, 395, 0, 0, 0
5508, 1, 1636430398534, 1636430399438, 904, 591, 313, 1, 0, 1
5510, 1, 1636430398685, 1636430399458, 773, 406, 367, 0, 0, 0
5460, 1, 1636430389348, 1636430399654, 10306, 9905, 401, 0, 0, 0
5513, 1, 1636430399217, 1636430399838, 621, 270, 351, 0, 0, 0
5511, 1, 1636430398884, 1636430399882, 998, 649, 349, 0, 0, 0
5512, 1, 1636430399170, 1636430399906, 736, 375, 361, 1, 0, 1
5514, 1, 1636430399290, 1636430399942, 652, 258, 394, 0, 0, 0
5515, 1, 1636430399390, 1636430400014, 624, 267, 357, 1, 0, 1
5516, 1, 1636430399435, 1636430400058, 623, 271, 352, 2, 0, 2
5517, 1, 1636430399467, 1636430400330, 863, 510, 353, 0, 0, 0
5519, 1, 1636430399656, 1636430400390, 734, 339, 395, 1, 0, 1
5520, 1, 1636430399824, 1636430400438, 614, 266, 348, 0, 0, 0
5518, 1, 1636430399583, 1636430400506, 923, 562, 361, 0, 0, 0
5521, 1, 1636430399971, 1636430400594, 623, 266, 357, 0, 0, 0
5522, 1, 1636430400054, 1636430400678, 624, 274, 350, 1, 0, 1
5523, 1, 1636430400120, 1636430400778, 658, 299, 359, 0, 1, 1
5525, 1, 1636430400211, 1636430400886, 675, 322, 353, 1, 0, 1
5524, 1, 1636430400159, 1636430400958, 799, 445, 354, 0, 0, 0
5526, 1, 1636430400313, 1636430401038, 725, 370, 355, 0, 0, 0
5529, 1, 1636430400711, 1636430401338, 627, 270, 357, 1, 0, 1
5528, 1, 1636430400653, 1636430401418, 765, 394, 371, 1, 0, 1
5527, 1, 1636430400525, 1636430401486, 961, 607, 354, 1, 1, 2
5532, 1, 1636430401162, 1636430401790, 628, 269, 359, 0, 0, 0
5531, 1, 1636430401136, 1636430401866, 730, 378, 352, 1, 0, 1
5530, 1, 1636430400950, 1636430401927, 977, 621, 356, 0, 0, 0
5533, 1, 1636430401356, 1636430401970, 614, 262, 352, 0, 0, 0
5534, 1, 1636430401358, 1636430401973, 615, 258, 357, 0, 0, 0
5535, 1, 1636430401416, 1636430402042, 626, 269, 357, 0, 0, 0
5537, 1, 1636430401578, 1636430402370, 792, 439, 353, 0, 0, 0
5539, 1, 1636430401773, 1636430402390, 617, 267, 350, 0, 0, 0
5538, 1, 1636430401694, 1636430402418, 724, 366, 358, 0, 0, 0
5536, 1, 1636430401561, 1636430402498, 937, 581, 356, 0, 0, 0
5540, 1, 1636430401935, 1636430402554, 619, 265, 354, 0, 0, 0
5541, 1, 1636430401998, 1636430402622, 624, 270, 354, 0, 0, 0
5544, 1, 1636430402208, 1636430402842, 634, 269, 365, 0, 0, 0
5543, 1, 1636430402105, 1636430402842, 737, 377, 360, 0, 0, 0
5542, 1, 1636430402098, 1636430402958, 860, 494, 366, 1, 0, 1
5545, 1, 1636430402249, 1636430403002, 753, 402, 351, 1, 0, 1
5547, 1, 1636430402572, 1636430403414, 842, 482, 360, 0, 0, 0
5548, 1, 1636430402787, 1636430403418, 631, 271, 360, 0, 0, 0
5546, 1, 1636430402520, 1636430403450, 930, 577, 353, 0, 0, 0
5551, 1, 1636430403135, 1636430403766, 631, 274, 357, 1, 1, 2
5550, 1, 1636430403096, 1636430403874, 778, 410, 368, 0, 0, 0
5549, 1, 1636430402865, 1636430403902, 1037, 679, 358, 0, 0, 0
5552, 1, 1636430403296, 1636430403926, 630, 276, 354, 3, 1, 4
5553, 1, 1636430403300, 1636430403930, 630, 274, 356, 1, 0, 1
5555, 1, 1636430403485, 1636430404110, 625, 266, 359, 0, 1, 1
5557, 1, 1636430403666, 1636430404330, 664, 298, 366, 0, 0, 0
5554, 1, 1636430403476, 1636430404362, 886, 531, 355, 0, 1, 1
5556, 1, 1636430403524, 1636430404386, 862, 506, 356, 0, 0, 0
5559, 1, 1636430403880, 1636430404506, 626, 266, 360, 1, 0, 1
5558, 1, 1636430403739, 1636430404562, 823, 470, 353, 0, 0, 0
5560, 1, 1636430403971, 1636430404594, 623, 270, 353, 0, 0, 0
5562, 1, 1636430404066, 1636430404770, 704, 354, 350, 0, 0, 0
5563, 1, 1636430404089, 1636430404814, 725, 369, 356, 0, 0, 0
5561, 1, 1636430403993, 1636430404842, 849, 490, 359, 0, 0, 0
5564, 1, 1636430404228, 1636430404962, 734, 371, 363, 1, 0, 1
5566, 1, 1636430404495, 1636430405298, 803, 442, 361, 0, 0, 0
5567, 1, 1636430404668, 1636430405298, 630, 267, 363, 0, 0, 0
5565, 1, 1636430404446, 1636430405410, 964, 610, 354, 0, 0, 0
5570, 1, 1636430405057, 1636430405690, 633, 270, 363, 0, 1, 1
5569, 1, 1636430405053, 1636430405754, 701, 338, 363, 0, 0, 0
5571, 1, 1636430405198, 1636430405826, 628, 274, 354, 0, 0, 0
5568, 1, 1636430404864, 1636430405862, 998, 650, 348, 0, 0, 0
5572, 1, 1636430405277, 1636430405902, 625, 258, 367, 0, 0, 0
5573, 1, 1636430405451, 1636430406070, 619, 261, 358, 0, 0, 0
5576, 1, 1636430405602, 1636430406234, 632, 270, 362, 0, 0, 0
5575, 1, 1636430405466, 1636430406302, 836, 483, 353, 0, 1, 1
5574, 1, 1636430405459, 1636430406346, 887, 534, 353, 0, 0, 0
5578, 1, 1636430405852, 1636430406478, 626, 267, 359, 0, 0, 0
5577, 1, 1636430405723, 1636430406522, 799, 442, 357, 0, 0, 0
5580, 1, 1636430405951, 1636430406570, 619, 269, 350, 0, 0, 0
5582, 1, 1636430406003, 1636430406678, 675, 318, 357, 1, 0, 1
5581, 1, 1636430405964, 1636430406762, 798, 434, 364, 1, 0, 1
5579, 1, 1636430405909, 1636430406798, 889, 526, 363, 0, 0, 0
5583, 1, 1636430406194, 1636430406934, 740, 373, 367, 0, 0, 0
5586, 1, 1636430406586, 1636430407210, 624, 270, 354, 0, 2, 2
5585, 1, 1636430406390, 1636430407246, 856, 502, 354, 1, 0, 1
5584, 1, 1636430406371, 1636430407386, 1015, 658, 357, 0, 0, 0
5588, 1, 1636430407016, 1636430407638, 622, 270, 352, 0, 1, 1
5589, 1, 1636430407031, 1636430407690, 659, 309, 350, 0, 0, 0
5590, 1, 1636430407178, 1636430407806, 628, 275, 353, 1, 0, 1
5587, 1, 1636430406778, 1636430407842, 1064, 702, 362, 0, 0, 0
5591, 1, 1636430407374, 1636430407998, 624, 270, 354, 0, 0, 0
5592, 1, 1636430407395, 1636430408014, 619, 269, 350, 0, 0, 0
5595, 1, 1636430407584, 1636430408214, 630, 270, 360, 0, 0, 0
5593, 1, 1636430407455, 1636430408286, 831, 479, 352, 0, 0, 0
5594, 1, 1636430407506, 1636430408458, 952, 590, 362, 0, 1, 1
5597, 1, 1636430407832, 1636430408458, 626, 270, 356, 0, 0, 0
5598, 1, 1636430407832, 1636430408470, 638, 274, 364, 0, 0, 0
5596, 1, 1636430407624, 1636430408474, 850, 482, 368, 0, 0, 0
5600, 1, 1636430407932, 1636430408674, 742, 378, 364, 0, 0, 0
5599, 1, 1636430407918, 1636430408742, 824, 466, 358, 0, 0, 0
5601, 1, 1636430407957, 1636430408910, 953, 594, 359, 1, 0, 1
5602, 1, 1636430408148, 1636430408914, 766, 405, 361, 0, 0, 0
5605, 1, 1636430408557, 1636430409190, 633, 278, 355, 0, 0, 0
5603, 1, 1636430408303, 1636430409362, 1059, 706, 353, 2, 0, 2
5604, 1, 1636430408471, 1636430409366, 895, 536, 359, 0, 0, 0
5607, 1, 1636430408971, 1636430409594, 623, 270, 353, 0, 0, 0
5608, 1, 1636430409059, 1636430409682, 623, 266, 357, 0, 0, 0
5606, 1, 1636430408754, 1636430409810, 1056, 706, 350, 2, 0, 2
5609, 1, 1636430409149, 1636430409814, 665, 304, 361, 0, 0, 0
5610, 1, 1636430409256, 1636430409874, 618, 266, 352, 0, 0, 0
5611, 1, 1636430409343, 1636430409970, 627, 266, 361, 0, 0, 0
5612, 1, 1636430409451, 1636430410258, 807, 454, 353, 0, 0, 0
5615, 1, 1636430409646, 1636430410262, 616, 266, 350, 0, 0, 0
5613, 1, 1636430409505, 1636430410326, 821, 460, 361, 0, 0, 0
5616, 1, 1636430409713, 1636430410330, 617, 266, 351, 1, 0, 1
5617, 1, 1636430409813, 1636430410426, 613, 255, 358, 0, 1, 1
5614, 1, 1636430409549, 1636430410430, 881, 519, 362, 2, 0, 2
5618, 1, 1636430409914, 1636430410714, 800, 438, 362, 0, 0, 0
5620, 1, 1636430410017, 1636430410718, 701, 342, 359, 0, 0, 0
5621, 1, 1636430410133, 1636430410778, 645, 294, 351, 0, 0, 0
5619, 1, 1636430409954, 1636430410782, 828, 469, 359, 0, 0, 0
5624, 1, 1636430410479, 1636430411170, 691, 334, 357, 1, 0, 1
5622, 1, 1636430410216, 1636430411230, 1014, 662, 352, 0, 0, 0
5623, 1, 1636430410425, 1636430411234, 809, 453, 356, 2, 0, 2
5626, 1, 1636430411014, 1636430411630, 616, 266, 350, 0, 0, 0
5625, 1, 1636430410669, 1636430411682, 1013, 663, 350, 1, 0, 1
5627, 1, 1636430411069, 1636430411690, 621, 270, 351, 0, 0, 0
5628, 1, 1636430411103, 1636430411722, 619, 262, 357, 0, 0, 0
5629, 1, 1636430411241, 1636430411862, 621, 262, 359, 0, 0, 0
5630, 1, 1636430411325, 1636430411950, 625, 266, 359, 1, 0, 1
5631, 1, 1636430411359, 1636430412130, 771, 418, 353, 0, 0, 0
5634, 1, 1636430411631, 1636430412254, 623, 270, 353, 2, 0, 2
5635, 1, 1636430411636, 1636430412262, 626, 265, 361, 1, 0, 1
5633, 1, 1636430411487, 1636430412310, 823, 471, 352, 1, 0, 1
5632, 1, 1636430411443, 1636430412406, 963, 600, 363, 0, 0, 0
5636, 1, 1636430411821, 1636430412446, 625, 267, 358, 1, 0, 1
5637, 1, 1636430411822, 1636430412574, 752, 403, 349, 2, 1, 3
5640, 1, 1636430412082, 1636430412714, 632, 270, 362, 0, 1, 1
5638, 1, 1636430411913, 1636430412714, 801, 435, 366, 1, 1, 2
5639, 1, 1636430411937, 1636430412750, 813, 458, 355, 0, 1, 1
5643, 1, 1636430412446, 1636430413066, 620, 262, 358, 0, 0, 0
5641, 1, 1636430412133, 1636430413154, 1021, 666, 355, 2, 0, 2
5642, 1, 1636430412394, 1636430413202, 808, 441, 367, 1, 0, 1
5645, 1, 1636430412951, 1636430413578, 627, 269, 358, 0, 0, 0
5644, 1, 1636430412586, 1636430413602, 1016, 658, 358, 0, 0, 0
5646, 1, 1636430413022, 1636430413646, 624, 265, 359, 0, 0, 0
5647, 1, 1636430413040, 1636430413670, 630, 270, 360, 1, 0, 1
5648, 1, 1636430413161, 1636430413790, 629, 270, 359, 2, 0, 2
5649, 1, 1636430413205, 1636430413826, 621, 271, 350, 1, 0, 1
5650, 1, 1636430413284, 1636430414042, 758, 406, 352, 0, 0, 0
5653, 1, 1636430413568, 1636430414182, 614, 262, 352, 0, 0, 0
5652, 1, 1636430413464, 1636430414238, 774, 415, 359, 1, 0, 1
5651, 1, 1636430413342, 1636430414262, 920, 570, 350, 0, 0, 0
5654, 1, 1636430413704, 1636430414318, 614, 262, 352, 0, 0, 0
5655, 1, 1636430413733, 1636430414362, 629, 266, 363, 0, 0, 0
5656, 1, 1636430413735, 1636430414498, 763, 402, 361, 0, 0, 0
5657, 1, 1636430413881, 1636430414646, 765, 402, 363, 1, 0, 1
5658, 1, 1636430413887, 1636430414702, 815, 453, 362, 0, 0, 0
5659, 1, 1636430414144, 1636430414814, 670, 310, 360, 0, 0, 0
5662, 1, 1636430414402, 1636430415026, 624, 270, 354, 0, 0, 0
5661, 1, 1636430414303, 1636430415150, 847, 493, 354, 0, 0, 0
5664, 1, 1636430414888, 1636430415510, 622, 271, 351, 0, 0, 0
5665, 1, 1636430414904, 1636430415530, 626, 268, 358, 0, 0, 0
5666, 1, 1636430415000, 1636430415630, 630, 270, 360, 0, 0, 0
5667, 1, 1636430415160, 1636430415782, 622, 266, 356, 0, 1, 1
5668, 1, 1636430415250, 1636430415870, 620, 265, 355, 1, 0, 1
5671, 1, 1636430415524, 1636430416142, 618, 270, 348, 1, 0, 1
5669, 1, 1636430415274, 1636430416230, 956, 603, 353, 0, 0, 0
5673, 1, 1636430415615, 1636430416230, 615, 266, 349, 0, 0, 0
5674, 1, 1636430415689, 1636430416302, 613, 259, 354, 0, 0, 0
5672, 1, 1636430415526, 1636430416314, 788, 434, 354, 0, 0, 0
5676, 1, 1636430415844, 1636430416598, 754, 398, 356, 0, 0, 0
5678, 1, 1636430416034, 1636430416686, 652, 290, 362, 0, 0, 0
5677, 1, 1636430415969, 1636430416766, 797, 442, 355, 0, 0, 0
5679, 1, 1636430416306, 1636430417222, 916, 559, 357, 1, 2, 3
5681, 1, 1636430416807, 1636430417430, 623, 269, 354, 0, 0, 0
5682, 1, 1636430416841, 1636430417474, 633, 272, 361, 0, 0, 0
5683, 1, 1636430417084, 1636430417710, 626, 266, 360, 0, 1, 1
5685, 1, 1636430417318, 1636430417950, 632, 269, 363, 0, 0, 0
5688, 1, 1636430417550, 1636430418170, 620, 262, 358, 1, 0, 1
5689, 1, 1636430417600, 1636430418214, 614, 263, 351, 0, 0, 0
5690, 1, 1636430417645, 1636430418262, 617, 262, 355, 0, 0, 0
5687, 1, 1636430417532, 1636430418394, 862, 508, 354, 1, 0, 1
5691, 1, 1636430417924, 1636430418622, 698, 339, 359, 0, 0, 0
5692, 1, 1636430418024, 1636430418666, 642, 290, 352, 1, 0, 1
5693, 1, 1636430418055, 1636430418846, 791, 433, 358, 0, 0, 0
5694, 1, 1636430418392, 1636430419298, 906, 547, 359, 1, 0, 1
5695, 1, 1636430418801, 1636430419430, 629, 270, 359, 0, 1, 1
5696, 1, 1636430418896, 1636430419530, 634, 270, 364, 0, 2, 2
5697, 1, 1636430419153, 1636430419790, 637, 270, 367, 1, 0, 1
5698, 1, 1636430419426, 1636430420062, 636, 274, 362, 0, 0, 0
5700, 1, 1636430419557, 1636430420186, 629, 270, 359, 0, 0, 0
5701, 1, 1636430419618, 1636430420250, 632, 274, 358, 0, 0, 0
5702, 1, 1636430419672, 1636430420282, 610, 263, 347, 1, 0, 1
5699, 1, 1636430419548, 1636430420506, 958, 607, 351, 0, 1, 1
5703, 1, 1636430419938, 1636430420638, 700, 338, 362, 0, 0, 0
5704, 1, 1636430420001, 1636430420706, 705, 343, 362, 0, 0, 0
5705, 1, 1636430420132, 1636430420966, 834, 474, 360, 1, 0, 1
5706, 1, 1636430420418, 1636430421422, 1004, 642, 362, 0, 0, 0
5707, 1, 1636430420891, 1636430421518, 627, 270, 357, 1, 0, 1
5708, 1, 1636430420982, 1636430421606, 624, 272, 352, 1, 1, 2
5709, 1, 1636430421262, 1636430421890, 628, 266, 362, 0, 0, 0
5710, 1, 1636430421415, 1636430422046, 631, 269, 362, 0, 0, 0
5712, 1, 1636430421640, 1636430422270, 630, 275, 355, 2, 1, 3
5713, 1, 1636430421726, 1636430422350, 624, 269, 355, 1, 0, 1
5714, 1, 1636430421788, 1636430422410, 622, 270, 352, 1, 1, 2
5711, 1, 1636430421505, 1636430422494, 989, 633, 356, 1, 0, 1
5715, 1, 1636430422009, 1636430422722, 713, 355, 358, 0, 1, 1
5717, 1, 1636430422097, 1636430422806, 709, 350, 359, 0, 0, 0
5716, 1, 1636430422025, 1636430422954, 929, 566, 363, 0, 1, 1
5718, 1, 1636430422418, 1636430423406, 988, 625, 363, 0, 1, 1
5719, 1, 1636430422959, 1636430423590, 631, 274, 357, 1, 1, 2
5720, 1, 1636430423014, 1636430423646, 632, 273, 359, 0, 0, 0
5721, 1, 1636430423209, 1636430423858, 649, 284, 365, 0, 0, 0
5724, 1, 1636430423673, 1636430424314, 641, 278, 363, 0, 0, 0
5660, 2, 1636430414201, 1636430424337, 10136, 1, 10135, 0, 1, 1
5725, 1, 1636430423727, 1636430424350, 623, 262, 361, 0, 0, 0
5726, 1, 1636430423820, 1636430424434, 614, 263, 351, 1, 0, 1
5663, 2, 1636430414635, 1636430424770, 10135, 0, 10135, 0, 0, 0
5727, 1, 1636430423996, 1636430424794, 798, 438, 360, 0, 24, 24
5728, 1, 1636430424020, 1636430424802, 782, 428, 354, 1, 1, 2
5670, 2, 1636430415294, 1636430425433, 10139, 0, 10139, 0, 0, 0
5732, 1, 1636430424910, 1636430425570, 660, 266, 394, 0, 0, 0
5733, 1, 1636430425004, 1636430425626, 622, 270, 352, 0, 1, 1
5734, 1, 1636430425067, 1636430425698, 631, 276, 355, 0, 7, 7
5675, 2, 1636430415834, 1636430425970, 10136, 0, 10136, 0, 0, 0
5731, 1, 1636430424910, 1636430426018, 1108, 710, 398, 1, 1, 2
5738, 1, 1636430425739, 1636430426366, 627, 271, 356, 1, 0, 1
5739, 1, 1636430425759, 1636430426410, 651, 298, 353, 0, 36, 36
5736, 1, 1636430425558, 1636430426454, 896, 507, 389, 0, 0, 0
5680, 2, 1636430416499, 1636430426633, 10134, 1, 10133, 0, 0, 0
5742, 1, 1636430426103, 1636430426898, 795, 442, 353, 1, 40, 41
5741, 1, 1636430426102, 1636430426910, 808, 405, 403, 0, 0, 0
5684, 2, 1636430417257, 1636430427393, 10136, 0, 10136, 0, 0, 0
5743, 1, 1636430426762, 1636430427430, 668, 267, 401, 0, 0, 0
5744, 1, 1636430426904, 1636430427530, 626, 271, 355, 0, 1, 1
5747, 1, 1636430427056, 1636430427686, 630, 268, 362, 0, 0, 0
5686, 1, 1636430417369, 1636430427886, 10517, 10157, 360, 0, 0, 0
5745, 1, 1636430426937, 1636430427978, 1041, 686, 355, 1, 0, 1
5749, 1, 1636430427526, 1636430428194, 668, 265, 403, 0, 0, 0
5750, 1, 1636430427711, 1636430428338, 627, 266, 361, 1, 0, 1
5748, 1, 1636430427519, 1636430428434, 915, 554, 361, 1, 0, 1
5752, 1, 1636430427888, 1636430428650, 762, 357, 405, 0, 0, 0
5753, 1, 1636430428084, 1636430428798, 714, 349, 365, 0, 1, 1
5754, 1, 1636430428146, 1636430428886, 740, 381, 359, 1, 0, 1
5755, 1, 1636430428768, 1636430429394, 626, 271, 355, 0, 1, 1
5756, 1, 1636430428925, 1636430429562, 637, 275, 362, 0, 1, 1
5757, 1, 1636430428965, 1636430430018, 1053, 690, 363, 0, 1, 1
5759, 1, 1636430429526, 1636430430150, 624, 266, 358, 0, 0, 0
5760, 1, 1636430429537, 1636430430466, 929, 573, 356, 0, 0, 0
5762, 1, 1636430430005, 1636430430638, 633, 270, 363, 0, 0, 0
5764, 1, 1636430430218, 1636430430918, 700, 338, 362, 1, 0, 1
5765, 1, 1636430430787, 1636430431418, 631, 270, 361, 0, 1, 1
5766, 1, 1636430430805, 1636430431438, 633, 270, 363, 0, 1, 1
5767, 1, 1636430430925, 1636430431890, 965, 607, 358, 1, 0, 1
5769, 1, 1636430431544, 1636430432170, 626, 273, 353, 0, 0, 0
5768, 1, 1636430431445, 1636430432346, 901, 542, 359, 0, 0, 0
5770, 1, 1636430432084, 1636430432710, 626, 269, 357, 0, 0, 0
5771, 1, 1636430432180, 1636430432798, 618, 266, 352, 1, 0, 1
5772, 1, 1636430432667, 1636430433294, 627, 270, 357, 0, 1, 1
5773, 1, 1636430432783, 1636430433414, 631, 274, 357, 0, 0, 0
5723, 2, 1636430423536, 1636430433665, 10129, 0, 10129, 1, 0, 1
5722, 2, 1636430423534, 1636430433709, 10175, 1, 10174, 1, 0, 1
5774, 1, 1636430432895, 1636430433862, 967, 612, 355, 0, 0, 0
5776, 1, 1636430433465, 1636430434162, 697, 292, 405, 0, 25, 25
5729, 2, 1636430424080, 1636430434213, 10133, 1, 10132, 1, 0, 1
5775, 1, 1636430433381, 1636430434310, 929, 580, 349, 0, 1, 1
5730, 2, 1636430424446, 1636430434581, 10135, 1, 10134, 1, 1, 2
5779, 1, 1636430434002, 1636430434666, 664, 307, 357, 1, 32, 33
5780, 1, 1636430434147, 1636430434798, 651, 270, 381, 1, 0, 1
5782, 1, 1636430434602, 1636430435246, 644, 290, 354, 0, 0, 0
5735, 2, 1636430425304, 1636430435481, 10177, 0, 10177, 0, 1, 1
5784, 1, 1636430434888, 1636430435514, 626, 271, 355, 0, 1, 1
5737, 2, 1636430425719, 1636430435857, 10138, 0, 10138, 0, 0, 0
5785, 1, 1636430434950, 1636430435966, 1016, 658, 358, 0, 1, 1
5786, 1, 1636430435348, 1636430436014, 666, 314, 352, 48, 0, 48
5740, 2, 1636430426045, 1636430436181, 10136, 0, 10136, 0, 0, 0
5787, 1, 1636430435484, 1636430436446, 962, 609, 353, 0, 31, 31
5789, 1, 1636430435978, 1636430436626, 648, 290, 358, 1, 31, 32
5791, 1, 1636430436219, 1636430436902, 683, 322, 361, 0, 1, 1
5746, 2, 1636430427025, 1636430437161, 10136, 0, 10136, 0, 0, 0
5793, 1, 1636430436706, 1636430437350, 644, 290, 354, 1, 0, 1
5794, 1, 1636430436990, 1636430437626, 636, 275, 361, 1, 1, 2
5751, 2, 1636430427759, 1636430437894, 10135, 0, 10135, 0, 0, 0
5797, 1, 1636430437392, 1636430438014, 622, 270, 352, 1, 0, 1
5795, 1, 1636430437043, 1636430438082, 1039, 646, 393, 0, 0, 0
5798, 1, 1636430437487, 1636430438526, 1039, 686, 353, 1, 0, 1
5800, 1, 1636430438082, 1636430438706, 624, 265, 359, 0, 0, 0
5801, 1, 1636430438308, 1636430438986, 678, 310, 368, 0, 0, 0
5758, 2, 1636430429178, 1636430439309, 10131, 1, 10130, 1, 0, 1
5802, 1, 1636430438840, 1636430439470, 630, 268, 362, 0, 0, 0
5803, 1, 1636430438891, 1636430439514, 623, 270, 353, 0, 0, 0
5761, 2, 1636430429732, 1636430439865, 10133, 0, 10133, 0, 0, 0
5804, 1, 1636430438958, 1636430439962, 1004, 651, 353, 0, 2, 2
5807, 1, 1636430439494, 1636430440134, 640, 282, 358, 1, 12, 13
5763, 1, 1636430430131, 1636430440358, 10227, 9866, 361, 0, 0, 0
5805, 1, 1636430439402, 1636430440406, 1004, 655, 349, 1, 0, 1
5809, 1, 1636430440184, 1636430440806, 622, 262, 360, 0, 0, 0
5810, 1, 1636430440254, 1636430440890, 636, 275, 361, 1, 0, 1
5812, 1, 1636430440741, 1636430441378, 637, 274, 363, 0, 0, 0
5816, 1, 1636430441484, 1636430442118, 634, 272, 362, 1, 0, 1
5817, 1, 1636430442102, 1636430442742, 640, 279, 361, 1, 1, 2
5777, 2, 1636430433802, 1636430443982, 10180, 1, 10179, 2, 0, 2
5778, 2, 1636430433802, 1636430444025, 10223, 0, 10223, 0, 0, 0
5781, 2, 1636430434346, 1636430444521, 10175, 1, 10174, 0, 1, 1
5822, 1, 1636430444115, 1636430444782, 667, 272, 395, 2, 3, 5
5783, 2, 1636430434710, 1636430444885, 10175, 1, 10174, 0, 0, 0
5821, 1, 1636430444114, 1636430445250, 1136, 729, 407, 0, 12, 12
5788, 2, 1636430435606, 1636430445786, 10180, 1, 10179, 0, 1, 1
5790, 2, 1636430435990, 1636430446169, 10179, 0, 10179, 0, 0, 0
5792, 2, 1636430436310, 1636430446485, 10175, 0, 10175, 0, 0, 0
5827, 1, 1636430446000, 1636430446634, 634, 274, 360, 0, 0, 0
5828, 1, 1636430446031, 1636430447094, 1063, 702, 361, 0, 1, 1
5796, 2, 1636430437286, 1636430447461, 10175, 1, 10174, 1, 0, 1
5799, 2, 1636430438026, 1636430448201, 10175, 0, 10175, 0, 0, 0
5832, 1, 1636430448049, 1636430448682, 633, 270, 363, 0, 0, 0
5833, 1, 1636430448102, 1636430449138, 1036, 662, 374, 0, 2, 2
5806, 2, 1636430439447, 1636430449625, 10178, 0, 10178, 0, 0, 0
5808, 2, 1636430439998, 1636430450174, 10176, 0, 10176, 0, 0, 0
5811, 2, 1636430440359, 1636430450537, 10178, 0, 10178, 0, 1, 1
5836, 1, 1636430450174, 1636430450806, 632, 273, 359, 0, 4, 4
5813, 2, 1636430441003, 1636430451138, 10135, 0, 10135, 0, 0, 0
5814, 2, 1636430441010, 1636430451182, 10172, 1, 10171, 0, 0, 0
5837, 1, 1636430450181, 1636430451262, 1081, 716, 365, 0, 0, 0
5815, 2, 1636430441454, 1636430451589, 10135, 0, 10135, 0, 0, 0
5818, 2, 1636430442326, 1636430452461, 10135, 0, 10135, 0, 0, 0
5843, 1, 1636430452064, 1636430452722, 658, 309, 349, 0, 36, 36
5819, 2, 1636430442813, 1636430452949, 10136, 0, 10136, 1, 0, 1
5844, 1, 1636430452163, 1636430453218, 1055, 696, 359, 0, 44, 44
5820, 2, 1636430443557, 1636430453694, 10137, 0, 10137, 1, 0, 1
5823, 1, 1636430444163, 1636430454190, 10027, 9665, 362, 0, 0, 0
5848, 1, 1636430454080, 1636430454710, 630, 270, 360, 2, 1, 3
5824, 2, 1636430444658, 1636430454838, 10180, 0, 10180, 0, 0, 0
5825, 2, 1636430445018, 1636430455194, 10176, 1, 10175, 0, 1, 1
5850, 1, 1636430454227, 1636430455202, 975, 613, 362, 0, 32, 32
5852, 1, 1636430455342, 1636430456014, 672, 269, 403, 0, 1, 1
5826, 2, 1636430445914, 1636430456093, 10179, 0, 10179, 1, 0, 1
5851, 1, 1636430455338, 1636430456474, 1136, 727, 409, 1, 2, 3
5829, 2, 1636430446298, 1636430456477, 10179, 0, 10179, 0, 0, 0
5830, 2, 1636430446614, 1636430456785, 10171, 0, 10171, 1, 0, 1
5853, 1, 1636430456180, 1636430456830, 650, 294, 356, 1, 28, 29
5854, 1, 1636430456227, 1636430456918, 691, 297, 394, 0, 3, 3
5855, 1, 1636430456293, 1636430457286, 993, 629, 364, 0, 0, 0
5856, 1, 1636430456610, 1636430457370, 760, 314, 446, 0, 0, 0
5831, 2, 1636430447594, 1636430457769, 10175, 0, 10175, 0, 0, 0
5857, 1, 1636430456922, 1636430457826, 904, 506, 398, 1, 2, 3
5858, 1, 1636430457298, 1636430457922, 624, 270, 354, 0, 1, 1
5859, 1, 1636430457385, 1636430458378, 993, 629, 364, 1, 0, 1
5834, 2, 1636430448330, 1636430458505, 10175, 0, 10175, 0, 0, 0
5860, 1, 1636430457906, 1636430458570, 664, 269, 395, 0, 0, 0
5861, 1, 1636430458176, 1636430458794, 618, 265, 353, 0, 0, 0
5862, 1, 1636430458232, 1636430458862, 630, 279, 351, 2, 8, 10
5863, 1, 1636430458290, 1636430459254, 964, 601, 363, 0, 0, 0
5865, 1, 1636430458634, 1636430459302, 668, 269, 399, 0, 0, 0
5864, 1, 1636430458628, 1636430459318, 690, 334, 356, 1, 0, 1
5866, 1, 1636430458951, 1636430459782, 831, 465, 366, 1, 0, 1
5867, 1, 1636430459297, 1636430459922, 625, 266, 359, 0, 1, 1
5835, 2, 1636430449754, 1636430459933, 10179, 0, 10179, 0, 0, 0
5868, 1, 1636430459353, 1636430460394, 1041, 676, 365, 2, 8, 10
5838, 2, 1636430450306, 1636430460485, 10179, 0, 10179, 0, 0, 0
5869, 1, 1636430459934, 1636430460510, 576, 262, 314, 0, 1, 1
5870, 1, 1636430460062, 1636430460754, 692, 289, 403, 0, 20, 20
5871, 1, 1636430460100, 1636430460842, 742, 389, 353, 1, 0, 1
5839, 2, 1636430450670, 1636430460845, 10175, 0, 10175, 0, 0, 0
5872, 1, 1636430460267, 1636430460934, 667, 314, 353, 2, 44, 46
5876, 1, 1636430460627, 1636430461294, 667, 310, 357, 1, 6, 7
5874, 1, 1636430460622, 1636430461294, 672, 271, 401, 1, 9, 10
5875, 1, 1636430460623, 1636430461294, 671, 314, 357, 1, 2, 3
5873, 1, 1636430460364, 1636430461378, 1014, 626, 388, 0, 1, 1
5840, 2, 1636430451270, 1636430461445, 10175, 0, 10175, 0, 1, 1
5841, 2, 1636430451278, 1636430461489, 10211, 0, 10211, 0, 0, 0
5877, 1, 1636430460846, 1636430461754, 908, 553, 355, 0, 12, 12
5878, 1, 1636430460986, 1636430461754, 768, 370, 398, 2, 12, 14
5842, 2, 1636430451718, 1636430461893, 10175, 1, 10174, 0, 0, 0
5881, 1, 1636430461574, 1636430462246, 672, 279, 393, 1, 13, 14
5883, 1, 1636430461762, 1636430462426, 664, 265, 399, 1, 0, 1
5885, 1, 1636430462067, 1636430462690, 623, 265, 358, 0, 0, 0
5884, 1, 1636430462022, 1636430462702, 680, 283, 397, 1, 1, 2
5845, 2, 1636430452594, 1636430462773, 10179, 0, 10179, 0, 1, 1
5887, 1, 1636430462204, 1636430462821, 617, 266, 351, 1, 0, 1
5889, 1, 1636430462496, 1636430463130, 634, 283, 351, 0, 13, 13
5882, 1, 1636430461590, 1636430463146, 1556, 1162, 394, 0, 0, 0
5846, 2, 1636430453082, 1636430463262, 10180, 1, 10179, 0, 0, 0
5888, 1, 1636430462300, 1636430463266, 966, 615, 351, 0, 1, 1
5890, 1, 1636430462667, 1636430463306, 639, 266, 373, 1, 0, 1
5893, 1, 1636430462902, 1636430463622, 720, 322, 398, 0, 24, 24
5894, 1, 1636430462946, 1636430463750, 804, 450, 354, 0, 0, 0
5847, 2, 1636430453822, 1636430463993, 10171, 0, 10171, 1, 0, 1
5895, 1, 1636430463394, 1636430464074, 680, 279, 401, 0, 0, 0
5896, 1, 1636430463552, 1636430464198, 646, 293, 353, 0, 0, 0
5849, 1, 1636430454192, 1636430464482, 10290, 9891, 399, 1, 0, 1
5897, 1, 1636430463620, 1636430464646, 1026, 671, 355, 1, 1, 2
5900, 1, 1636430464066, 1636430464690, 624, 270, 354, 0, 0, 0
5901, 1, 1636430464130, 1636430464798, 668, 270, 398, 0, 0, 0
5902, 1, 1636430464186, 1636430464810, 624, 267, 357, 2, 1, 3
5899, 1, 1636430464055, 1636430465098, 1043, 687, 356, 1, 2, 3
5904, 1, 1636430464484, 1636430465254, 770, 369, 401, 0, 0, 0
5903, 1, 1636430464291, 1636430465266, 975, 615, 360, 1, 0, 1
5906, 1, 1636430464650, 1636430465274, 624, 265, 359, 1, 0, 1
5907, 1, 1636430464879, 1636430465554, 675, 312, 363, 2, 1, 3
5908, 1, 1636430464883, 1636430465738, 855, 495, 360, 2, 1, 3
5909, 1, 1636430465429, 1636430466062, 633, 270, 363, 0, 0, 0
5910, 1, 1636430465536, 1636430466194, 658, 292, 366, 0, 0, 0
5911, 1, 1636430465580, 1636430466646, 1066, 715, 351, 1, 0, 1
5913, 1, 1636430466099, 1636430466718, 619, 266, 353, 1, 0, 1
5914, 1, 1636430466172, 1636430466794, 622, 271, 351, 1, 1, 2
5912, 1, 1636430466055, 1636430467098, 1043, 686, 357, 0, 2, 2
5916, 1, 1636430466288, 1636430467174, 886, 529, 357, 1, 0, 1
5917, 1, 1636430466602, 1636430467246, 644, 286, 358, 1, 0, 1
5918, 1, 1636430466753, 1636430467554, 801, 434, 367, 0, 0, 0
5921, 1, 1636430467298, 1636430468018, 720, 359, 361, 2, 1, 3
5924, 1, 1636430468067, 1636430468698, 631, 271, 360, 1, 1, 2
5926, 1, 1636430468171, 1636430468802, 631, 274, 357, 0, 0, 0
5927, 1, 1636430468186, 1636430469154, 968, 607, 361, 1, 1, 2
5928, 1, 1636430468585, 1636430469258, 673, 310, 363, 1, 0, 1
5931, 1, 1636430469999, 1636430470634, 635, 275, 360, 2, 1, 3
5932, 1, 1636430470170, 1636430471082, 912, 559, 353, 0, 2, 2
5879, 2, 1636430461446, 1636430471581, 10135, 1, 10134, 1, 1, 2
5880, 2, 1636430461490, 1636430471626, 10136, 1, 10135, 1, 1, 2
5886, 2, 1636430462183, 1636430472317, 10134, 1, 10133, 1, 0, 1
5935, 1, 1636430471710, 1636430472374, 664, 270, 394, 1, 1, 2
5937, 1, 1636430471867, 1636430472502, 635, 275, 360, 1, 0, 1
5891, 2, 1636430462686, 1636430472821, 10135, 0, 10135, 0, 0, 0
5936, 1, 1636430471714, 1636430472834, 1120, 713, 407, 0, 0, 0
5938, 1, 1636430472099, 1636430472958, 859, 499, 360, 1, 1, 2
5892, 2, 1636430462876, 1636430473009, 10133, 0, 10133, 0, 0, 0
5939, 1, 1636430472446, 1636430473290, 844, 438, 406, 2, 0, 2
5940, 1, 1636430472958, 1636430473742, 784, 383, 401, 1, 2, 3
5898, 2, 1636430463820, 1636430473953, 10133, 1, 10132, 1, 0, 1
5941, 1, 1636430473134, 1636430474218, 1084, 690, 394, 0, 24, 24
5942, 1, 1636430473686, 1636430474314, 628, 273, 355, 0, 0, 0
5944, 1, 1636430473863, 1636430474498, 635, 270, 365, 1, 0, 1
5905, 2, 1636430464604, 1636430474741, 10137, 0, 10137, 0, 0, 0
5945, 1, 1636430474078, 1636430474746, 668, 269, 399, 0, 0, 0
5943, 1, 1636430473766, 1636430474766, 1000, 638, 362, 0, 0, 0
5946, 1, 1636430474084, 1636430474958, 874, 510, 364, 1, 0, 1
5947, 1, 1636430474513, 1636430475218, 705, 345, 360, 0, 0, 0
5948, 1, 1636430474862, 1636430475530, 668, 274, 394, 1, 1, 2
5949, 1, 1636430475006, 1636430475674, 668, 307, 361, 1, 1, 2
5950, 1, 1636430475128, 1636430476130, 1002, 642, 360, 0, 1, 1
5915, 2, 1636430466194, 1636430476329, 10135, 0, 10135, 0, 0, 0
5951, 1, 1636430475708, 1636430476338, 630, 271, 359, 0, 2, 2
5953, 1, 1636430475836, 1636430476462, 626, 271, 355, 0, 0, 0
5955, 1, 1636430476135, 1636430476778, 643, 291, 352, 2, 20, 22
5952, 1, 1636430475827, 1636430476782, 955, 603, 352, 1, 0, 1
5919, 2, 1636430466779, 1636430476913, 10134, 0, 10134, 0, 0, 0
5954, 1, 1636430476010, 1636430476918, 908, 547, 361, 0, 2, 2
5920, 2, 1636430466979, 1636430477113, 10134, 1, 10133, 0, 0, 0
5956, 1, 1636430476462, 1636430477134, 672, 266, 406, 1, 0, 1
5957, 1, 1636430476639, 1636430477274, 635, 277, 358, 1, 8, 9
5958, 1, 1636430476919, 1636430477566, 647, 291, 356, 0, 20, 20
5922, 2, 1636430467552, 1636430477685, 10133, 1, 10132, 0, 0, 0
5960, 1, 1636430477042, 1636430477714, 672, 271, 401, 0, 1, 1
5959, 1, 1636430477034, 1636430477734, 700, 306, 394, 0, 0, 0
5923, 2, 1636430467655, 1636430477785, 10130, 1, 10129, 1, 1, 2
5962, 1, 1636430477242, 1636430478162, 920, 522, 398, 0, 0, 0
5961, 1, 1636430477188, 1636430478178, 990, 639, 351, 1, 0, 1
5963, 1, 1636430477590, 1636430478238, 648, 283, 365, 0, 18, 18
5925, 2, 1636430468112, 1636430478245, 10133, 0, 10133, 0, 0, 0
5965, 1, 1636430477734, 1636430478374, 640, 271, 369, 3, 0, 3
5967, 1, 1636430477922, 1636430478626, 704, 306, 398, 0, 0, 0
5964, 1, 1636430477732, 1636430478690, 958, 587, 371, 1, 8, 9
5968, 1, 1636430477946, 1636430478830, 884, 526, 358, 0, 0, 0
5969, 1, 1636430478246, 1636430478882, 636, 272, 364, 0, 0, 0
5929, 2, 1636430468777, 1636430478913, 10136, 1, 10135, 0, 1, 1
5971, 1, 1636430478451, 1636430479074, 623, 270, 353, 0, 1, 1
5972, 1, 1636430478520, 1636430479186, 666, 301, 365, 0, 32, 32
5930, 2, 1636430469393, 1636430479525, 10132, 1, 10131, 1, 0, 1
5974, 1, 1636430479015, 1636430479630, 615, 267, 348, 1, 0, 1
5973, 1, 1636430478977, 1636430479634, 657, 294, 363, 0, 0, 0
5975, 1, 1636430479032, 1636430479642, 610, 258, 352, 0, 0, 0
5977, 1, 1636430479125, 1636430480090, 965, 610, 355, 1, 0, 1
5978, 1, 1636430479290, 1636430480098, 808, 450, 358, 0, 0, 0
5979, 1, 1636430479611, 1636430480242, 631, 270, 361, 0, 0, 0
5933, 2, 1636430470280, 1636430480413, 10133, 0, 10133, 0, 0, 0
5982, 1, 1636430479843, 1636430480474, 631, 274, 357, 1, 0, 1
5983, 1, 1636430479934, 1636430480550, 616, 266, 350, 0, 0, 0
5981, 1, 1636430479748, 1636430480702, 954, 591, 363, 1, 0, 1
5985, 1, 1636430480123, 1636430480774, 651, 290, 361, 0, 20, 20
5934, 1, 1636430470669, 1636430480910, 10241, 9873, 368, 1, 0, 1
5984, 1, 1636430479980, 1636430480926, 946, 590, 356, 0, 0, 0
5986, 1, 1636430480472, 1636430481102, 630, 266, 364, 0, 0, 0
5987, 1, 1636430480544, 1636430481182, 638, 270, 368, 0, 0, 0
5990, 1, 1636430480964, 1636430481582, 618, 263, 355, 2, 1, 3
5991, 1, 1636430480999, 1636430481626, 627, 274, 353, 1, 0, 1
5992, 1, 1636430481059, 1636430481670, 611, 259, 352, 0, 0, 0
5993, 1, 1636430481126, 1636430482070, 944, 593, 351, 1, 0, 1
5994, 1, 1636430481339, 1636430482114, 775, 425, 350, 0, 0, 0
5995, 1, 1636430481640, 1636430482278, 638, 275, 363, 0, 1, 1
5996, 1, 1636430481728, 1636430482350, 622, 266, 356, 0, 0, 0
5999, 1, 1636430481961, 1636430482586, 625, 266, 359, 0, 0, 0
5997, 1, 1636430481792, 1636430482738, 946, 586, 360, 1, 0, 1
6000, 1, 1636430482146, 1636430482766, 620, 269, 351, 0, 0, 0
5998, 1, 1636430481960, 1636430482798, 838, 491, 347, 2, 0, 2
6001, 1, 1636430482353, 1636430482990, 637, 275, 362, 2, 0, 2
6002, 1, 1636430482573, 1636430483202, 629, 269, 360, 2, 0, 2
6003, 1, 1636430482965, 1636430483598, 633, 270, 363, 0, 0, 0
6004, 1, 1636430483007, 1636430483626, 619, 270, 349, 0, 0, 0
6005, 1, 1636430483041, 1636430483670, 629, 269, 360, 0, 1, 1
6007, 1, 1636430483242, 1636430484078, 836, 476, 360, 0, 0, 0
6006, 1, 1636430483145, 1636430484122, 977, 616, 361, 0, 0, 0
6008, 1, 1636430483682, 1636430484314, 632, 270, 362, 0, 0, 0
6009, 1, 1636430483735, 1636430484358, 623, 271, 352, 0, 1, 1
6011, 1, 1636430483918, 1636430484550, 632, 266, 366, 0, 0, 0
6012, 1, 1636430483927, 1636430484766, 839, 481, 358, 0, 1, 1
6013, 1, 1636430484189, 1636430484802, 613, 262, 351, 0, 0, 0
6010, 1, 1636430483877, 1636430484810, 933, 570, 363, 0, 0, 0
6014, 1, 1636430484361, 1636430484990, 629, 268, 361, 0, 0, 0
6015, 1, 1636430484668, 1636430485298, 630, 269, 361, 0, 1, 1
6016, 1, 1636430484992, 1636430485618, 626, 270, 356, 1, 0, 1
6017, 1, 1636430485008, 1636430485638, 630, 271, 359, 0, 0, 0
6018, 1, 1636430485094, 1636430485758, 664, 302, 362, 0, 1, 1
6020, 1, 1636430485242, 1636430486090, 848, 491, 357, 1, 1, 2
6019, 1, 1636430485206, 1636430486218, 1012, 650, 362, 1, 0, 1
6021, 1, 1636430485616, 1636430486250, 634, 274, 360, 1, 1, 2
6022, 1, 1636430485734, 1636430486362, 628, 270, 358, 1, 0, 1
6025, 1, 1636430485926, 1636430486546, 620, 266, 354, 1, 0, 1
6024, 1, 1636430485885, 1636430486698, 813, 457, 356, 1, 0, 1
6023, 1, 1636430485791, 1636430486818, 1027, 670, 357, 0, 1, 1
6026, 1, 1636430486275, 1636430486906, 631, 270, 361, 1, 1, 2
6027, 1, 1636430486405, 1636430487034, 629, 266, 363, 1, 0, 1
6028, 1, 1636430486576, 1636430487266, 690, 338, 352, 0, 0, 0
6029, 1, 1636430487036, 1636430487670, 634, 270, 364, 0, 0, 0
6030, 1, 1636430487044, 1636430487678, 634, 274, 360, 0, 1, 1
6031, 1, 1636430487065, 1636430487714, 649, 294, 355, 0, 0, 0
5966, 2, 1636430477818, 1636430487997, 10179, 0, 10179, 0, 0, 0
6033, 1, 1636430487340, 1636430488118, 778, 422, 356, 1, 0, 1
6032, 1, 1636430487142, 1636430488162, 1020, 664, 356, 0, 0, 0
6034, 1, 1636430487552, 1636430488174, 622, 268, 354, 0, 0, 0
6035, 1, 1636430487771, 1636430488402, 631, 270, 361, 1, 0, 1
5970, 2, 1636430478374, 1636430488549, 10175, 1, 10174, 0, 1, 1
6036, 1, 1636430487778, 1636430488626, 848, 489, 359, 0, 0, 0
6038, 1, 1636430487998, 1636430488634, 636, 273, 363, 1, 0, 1
6039, 1, 1636430488183, 1636430488818, 635, 278, 357, 0, 12, 12
6037, 1, 1636430487799, 1636430488842, 1043, 694, 349, 1, 1, 2
6040, 1, 1636430488500, 1636430489130, 630, 265, 365, 0, 0, 0
5976, 2, 1636430479042, 1636430489225, 10183, 1, 10182, 0, 0, 0
6041, 1, 1636430488627, 1636430489290, 663, 313, 350, 0, 1, 1
6042, 1, 1636430488714, 1636430489378, 664, 263, 401, 0, 0, 0
6044, 1, 1636430488952, 1636430489586, 634, 278, 356, 0, 7, 7
6045, 1, 1636430489090, 1636430489742, 652, 294, 358, 1, 0, 1
6046, 1, 1636430489131, 1636430489762, 631, 262, 369, 0, 0, 0
6043, 1, 1636430488715, 1636430489826, 1111, 714, 397, 1, 0, 1
5980, 2, 1636430479666, 1636430489841, 10175, 0, 10175, 0, 1, 1
6047, 1, 1636430489150, 1636430490198, 1048, 662, 386, 0, 8, 8
6049, 1, 1636430489405, 1636430490202, 797, 442, 355, 0, 0, 0
6050, 1, 1636430489592, 1636430490214, 622, 271, 351, 2, 0, 2
6048, 1, 1636430489350, 1636430490310, 960, 542, 418, 0, 12, 12
6051, 1, 1636430489866, 1636430490494, 628, 274, 354, 1, 0, 1
6055, 1, 1636430490041, 1636430490670, 629, 267, 362, 1, 0, 1
6052, 1, 1636430489867, 1636430490670, 803, 442, 361, 0, 1, 1
5988, 2, 1636430480546, 1636430490717, 10171, 0, 10171, 0, 0, 0
6054, 1, 1636430489974, 1636430490759, 785, 387, 398, 1, 0, 1
6056, 1, 1636430490276, 1636430490906, 630, 274, 356, 1, 0, 1
6053, 1, 1636430489873, 1636430490982, 1109, 750, 359, 0, 44, 44
6057, 1, 1636430490408, 1636430491022, 614, 259, 355, 0, 0, 0
5989, 1, 1636430480912, 1636430491206, 10294, 9897, 397, 1, 0, 1
6059, 1, 1636430490739, 1636430491362, 623, 270, 353, 1, 0, 1
6058, 1, 1636430490717, 1636430491434, 717, 362, 355, 0, 0, 0
6061, 1, 1636430490850, 1636430491518, 668, 269, 399, 0, 0, 0
6062, 1, 1636430491038, 1636430491662, 624, 270, 354, 0, 0, 0
6063, 1, 1636430491045, 1636430491674, 629, 271, 358, 1, 0, 1
6060, 1, 1636430490749, 1636430491814, 1065, 705, 360, 0, 0, 0
6066, 1, 1636430491217, 1636430491882, 665, 313, 352, 0, 0, 0
6065, 1, 1636430491208, 1636430491966, 758, 361, 397, 1, 0, 1
6068, 1, 1636430491329, 1636430492114, 785, 434, 351, 0, 0, 0
6067, 1, 1636430491316, 1636430492282, 966, 598, 368, 0, 1, 1
6069, 1, 1636430491700, 1636430492322, 622, 270, 352, 0, 0, 0
6064, 1, 1636430491199, 1636430492342, 1143, 779, 364, 1, 1, 2
6070, 1, 1636430491893, 1636430492530, 637, 269, 368, 0, 0, 0
6074, 1, 1636430492040, 1636430492666, 626, 269, 357, 0, 0, 0
6073, 1, 1636430491959, 1636430492730, 771, 411, 360, 1, 0, 1
6072, 1, 1636430491944, 1636430492778, 834, 475, 359, 2, 0, 2
6071, 1, 1636430491904, 1636430492974, 1070, 717, 353, 1, 0, 1
6075, 1, 1636430492380, 1636430493006, 626, 270, 356, 0, 1, 1
6076, 1, 1636430492470, 1636430493094, 624, 270, 354, 1, 0, 1
6078, 1, 1636430492773, 1636430493398, 625, 273, 352, 0, 0, 0
6077, 1, 1636430492735, 1636430493430, 695, 338, 357, 0, 0, 0
6080, 1, 1636430492922, 1636430493546, 624, 266, 358, 0, 0, 0
6081, 1, 1636430493074, 1636430493702, 628, 274, 354, 1, 0, 1
6082, 1, 1636430493149, 1636430493778, 629, 271, 358, 0, 0, 0
6079, 1, 1636430492875, 1636430493850, 975, 619, 356, 2, 0, 2
6084, 1, 1636430493245, 1636430493882, 637, 284, 353, 1, 1, 2
6085, 1, 1636430493265, 1636430494006, 741, 378, 363, 0, 0, 0
6087, 1, 1636430493425, 1636430494146, 721, 362, 359, 0, 0, 0
6088, 1, 1636430493569, 1636430494206, 637, 282, 355, 0, 0, 0
6086, 1, 1636430493342, 1636430494294, 952, 598, 354, 0, 0, 0
6083, 1, 1636430493242, 1636430494334, 1092, 734, 358, 2, 0, 2
6090, 1, 1636430493980, 1636430494618, 638, 266, 372, 0, 0, 0
6089, 1, 1636430493866, 1636430494654, 788, 431, 357, 0, 0, 0
6093, 1, 1636430494074, 1636430494694, 620, 266, 354, 0, 0, 0
6092, 1, 1636430494043, 1636430494734, 691, 341, 350, 0, 0, 0
6094, 1, 1636430494418, 1636430495042, 624, 270, 354, 0, 0, 0
6091, 1, 1636430494016, 1636430495070, 1054, 693, 361, 0, 0, 0
6095, 1, 1636430494597, 1636430495230, 633, 269, 364, 0, 0, 0
6096, 1, 1636430494705, 1636430495334, 629, 275, 354, 0, 0, 0
6097, 1, 1636430494827, 1636430495518, 691, 337, 354, 0, 0, 0
6099, 1, 1636430495057, 1636430495682, 625, 269, 356, 0, 0, 0
6098, 1, 1636430494855, 1636430495802, 947, 582, 365, 0, 0, 0
6100, 1, 1636430495201, 1636430495834, 633, 270, 363, 1, 0, 1
6102, 1, 1636430495280, 1636430495902, 622, 270, 352, 0, 0, 0
6101, 1, 1636430495245, 1636430495974, 729, 375, 354, 1, 0, 1
6106, 1, 1636430495466, 1636430496082, 616, 258, 358, 0, 0, 0
6103, 1, 1636430495318, 1636430496130, 812, 459, 353, 0, 0, 0
6104, 1, 1636430495339, 1636430496254, 915, 554, 361, 0, 0, 0
6107, 1, 1636430495542, 1636430496290, 748, 385, 363, 0, 0, 0
6105, 1, 1636430495369, 1636430496430, 1061, 706, 355, 0, 0, 0
6108, 1, 1636430495770, 1636430496542, 772, 415, 357, 0, 0, 0
6109, 1, 1636430495936, 1636430496558, 622, 266, 356, 1, 0, 1
6111, 1, 1636430496039, 1636430496702, 663, 307, 356, 1, 0, 1
6112, 1, 1636430496145, 1636430496766, 621, 266, 355, 1, 0, 1
6110, 1, 1636430495986, 1636430497014, 1028, 666, 362, 0, 0, 0
6113, 1, 1636430496508, 1636430497138, 630, 270, 360, 1, 0, 1
6114, 1, 1636430496708, 1636430497338, 630, 270, 360, 1, 0, 1
6115, 1, 1636430496728, 1636430497350, 622, 269, 353, 0, 0, 0
6116, 1, 1636430496757, 1636430497466, 709, 348, 361, 0, 0, 0
6118, 1, 1636430496990, 1636430497618, 628, 270, 358, 0, 0, 0
6117, 1, 1636430496887, 1636430497782, 895, 542, 353, 1, 0, 1
6121, 1, 1636430497291, 1636430497922, 631, 273, 358, 0, 0, 0
6122, 1, 1636430497332, 1636430497954, 622, 270, 352, 0, 0, 0
6123, 1, 1636430497349, 1636430497966, 617, 266, 351, 0, 0, 0
6124, 1, 1636430497370, 1636430497998, 628, 266, 362, 0, 0, 0
6120, 1, 1636430497216, 1636430498066, 850, 491, 359, 0, 0, 0
6125, 1, 1636430497431, 1636430498238, 807, 454, 353, 0, 0, 0
6119, 1, 1636430497159, 1636430498366, 1207, 854, 353, 0, 0, 0
6126, 1, 1636430497584, 1636430498406, 822, 470, 352, 0, 1, 1
6127, 1, 1636430497747, 1636430498410, 663, 310, 353, 0, 0, 0
6128, 1, 1636430497945, 1636430498578, 633, 271, 362, 1, 1, 2
6130, 1, 1636430498071, 1636430498690, 619, 263, 356, 1, 0, 1
6131, 1, 1636430498183, 1636430498854, 671, 319, 352, 0, 0, 0
6129, 1, 1636430498055, 1636430499026, 971, 618, 353, 2, 0, 2
6132, 1, 1636430498464, 1636430499086, 622, 269, 353, 0, 0, 0
6133, 1, 1636430498630, 1636430499262, 632, 270, 362, 0, 0, 0
6134, 1, 1636430498818, 1636430499446, 628, 270, 358, 0, 0, 0
6136, 1, 1636430498843, 1636430499478, 635, 278, 357, 2, 0, 2
6137, 1, 1636430498993, 1636430499622, 629, 274, 355, 0, 1, 1
6135, 1, 1636430498843, 1636430499714, 871, 520, 351, 3, 2, 5
6140, 1, 1636430499283, 1636430499906, 623, 267, 356, 0, 1, 1
6138, 1, 1636430499184, 1636430499926, 742, 389, 353, 0, 0, 0
6141, 1, 1636430499315, 1636430499950, 635, 271, 364, 0, 0, 0
6144, 1, 1636430499421, 1636430500042, 621, 270, 351, 0, 0, 0
6139, 1, 1636430499247, 1636430500074, 827, 471, 356, 0, 0, 0
6143, 1, 1636430499353, 1636430500166, 813, 453, 360, 0, 0, 0
6142, 1, 1636430499318, 1636430500378, 1060, 694, 366, 1, 0, 1
6146, 1, 1636430499720, 1636430500406, 686, 325, 361, 0, 0, 0
6145, 1, 1636430499676, 1636430500494, 818, 466, 352, 2, 0, 2
6147, 1, 1636430499975, 1636430500614, 639, 282, 357, 0, 1, 1
6148, 1, 1636430500080, 1636430500698, 618, 266, 352, 0, 0, 0
6150, 1, 1636430500190, 1636430500946, 756, 398, 358, 0, 0, 0
6151, 1, 1636430500473, 1636430501102, 629, 270, 359, 1, 0, 1
6152, 1, 1636430500495, 1636430501122, 627, 266, 361, 0, 0, 0
6149, 1, 1636430500122, 1636430501150, 1028, 673, 355, 0, 0, 0
6153, 1, 1636430500731, 1636430501362, 631, 266, 365, 0, 0, 0
6155, 1, 1636430500915, 1636430501530, 615, 266, 349, 0, 0, 0
6154, 1, 1636430500796, 1636430501566, 770, 419, 351, 0, 1, 1
6156, 1, 1636430500978, 1636430501614, 636, 269, 367, 1, 0, 1
6158, 1, 1636430501236, 1636430501866, 630, 274, 356, 0, 0, 0
6159, 1, 1636430501293, 1636430501914, 621, 266, 355, 0, 0, 0
6162, 1, 1636430501335, 1636430501958, 623, 270, 353, 0, 0, 0
6157, 1, 1636430501209, 1636430501978, 769, 410, 359, 0, 0, 0
6161, 1, 1636430501309, 1636430502022, 713, 357, 356, 0, 1, 1
6165, 1, 1636430501712, 1636430502346, 634, 271, 363, 1, 0, 1
6164, 1, 1636430501622, 1636430502414, 792, 438, 354, 0, 0, 0
6166, 1, 1636430501877, 1636430502498, 621, 266, 355, 1, 0, 1
6167, 1, 1636430502089, 1636430502714, 625, 263, 362, 1, 0, 1
6168, 1, 1636430502175, 1636430502866, 691, 326, 365, 1, 0, 1
6170, 1, 1636430502407, 1636430503030, 623, 270, 353, 0, 0, 0
6169, 1, 1636430502200, 1636430503162, 962, 610, 352, 0, 0, 0
6173, 1, 1636430502758, 1636430503390, 632, 269, 363, 1, 0, 1
6172, 1, 1636430502677, 1636430503478, 801, 446, 355, 0, 0, 0
6174, 1, 1636430502898, 1636430503514, 616, 262, 354, 0, 1, 1
6175, 1, 1636430503062, 1636430503686, 624, 270, 354, 0, 1, 1
6177, 1, 1636430503189, 1636430503934, 745, 387, 358, 2, 1, 3
6179, 1, 1636430503308, 1636430503934, 626, 268, 358, 1, 0, 1
6176, 1, 1636430503153, 1636430503966, 813, 453, 360, 0, 0, 0
6180, 1, 1636430503344, 1636430503966, 622, 266, 356, 1, 0, 1
6181, 1, 1636430503633, 1636430504418, 785, 428, 357, 0, 2, 2
6183, 1, 1636430503788, 1636430504418, 630, 272, 358, 0, 1, 1
6182, 1, 1636430503784, 1636430504422, 638, 274, 364, 1, 2, 3
6184, 1, 1636430503992, 1636430504622, 630, 270, 360, 0, 0, 0
6186, 1, 1636430504265, 1636430504894, 629, 266, 363, 0, 0, 0
6187, 1, 1636430504376, 1636430505002, 626, 266, 360, 1, 0, 1
6185, 1, 1636430504123, 1636430505082, 959, 593, 366, 0, 0, 0
6188, 1, 1636430504562, 1636430505450, 888, 534, 354, 1, 0, 1
6189, 1, 1636430504830, 1636430505466, 636, 274, 362, 0, 0, 0
6191, 1, 1636430504965, 1636430505598, 633, 270, 363, 0, 0, 0
6194, 1, 1636430505222, 1636430505862, 640, 273, 367, 1, 0, 1
6193, 1, 1636430505174, 1636430505894, 720, 369, 351, 0, 0, 0
6192, 1, 1636430505128, 1636430505918, 790, 435, 355, 0, 0, 0
6196, 1, 1636430505652, 1636430506318, 666, 307, 359, 0, 0, 0
6198, 1, 1636430505741, 1636430506370, 629, 269, 360, 1, 0, 1
6199, 1, 1636430505898, 1636430506526, 628, 271, 357, 0, 0, 0
6200, 1, 1636430506022, 1636430506982, 960, 605, 355, 1, 0, 1
6202, 1, 1636430506371, 1636430506990, 619, 271, 348, 0, 1, 1
6204, 1, 1636430506783, 1636430507410, 627, 267, 360, 0, 1, 1
6203, 1, 1636430506502, 1636430507438, 936, 579, 357, 1, 0, 1
6205, 1, 1636430506872, 1636430507498, 626, 265, 361, 0, 1, 1
6207, 1, 1636430507089, 1636430507874, 785, 419, 366, 0, 1, 1
6206, 1, 1636430507065, 1636430507889, 824, 465, 359, 0, 0, 0
6208, 1, 1636430507307, 1636430507934, 627, 265, 362, 0, 0, 0
6209, 1, 1636430507673, 1636430508342, 669, 306, 363, 0, 0, 0
6210, 1, 1636430507705, 1636430508386, 681, 322, 359, 1, 0, 1
6211, 1, 1636430507782, 1636430508410, 628, 269, 359, 1, 0, 1
6212, 1, 1636430507988, 1636430508870, 882, 521, 361, 1, 0, 1
6213, 1, 1636430508291, 1636430508922, 631, 269, 362, 0, 0, 0
6214, 1, 1636430508428, 1636430509374, 946, 590, 356, 0, 0, 0
6215, 1, 1636430508755, 1636430509390, 635, 275, 360, 0, 1, 1
6216, 1, 1636430508778, 1636430509406, 628, 268, 360, 0, 0, 0
6217, 1, 1636430509011, 1636430509826, 815, 462, 353, 0, 1, 1
6218, 1, 1636430509089, 1636430509866, 777, 417, 360, 0, 0, 0
6219, 1, 1636430509416, 1636430510042, 626, 271, 355, 1, 0, 1
6220, 1, 1636430509589, 1636430510290, 701, 338, 363, 0, 0, 0
6222, 1, 1636430509781, 1636430510410, 629, 265, 364, 0, 0, 0
6221, 1, 1636430509754, 1636430510494, 740, 382, 358, 1, 0, 1
6223, 1, 1636430509915, 1636430510862, 947, 589, 358, 0, 0, 0
6224, 1, 1636430510287, 1636430510914, 627, 270, 357, 1, 1, 2
6226, 1, 1636430510644, 1636430511318, 674, 310, 364, 1, 0, 1
6227, 1, 1636430510698, 1636430511338, 640, 273, 367, 0, 0, 0
6225, 1, 1636430510336, 1636430511370, 1034, 679, 355, 0, 1, 1
6160, 2, 1636430501303, 1636430511438, 10135, 0, 10135, 0, 0, 0
6163, 2, 1636430501370, 1636430511505, 10135, 0, 10135, 0, 0, 0
6229, 1, 1636430511031, 1636430511798, 767, 414, 353, 2, 8, 10
6228, 1, 1636430510929, 1636430511870, 941, 578, 363, 0, 45, 45
6230, 1, 1636430511346, 1636430511978, 632, 319, 313, 1, 48, 49
6231, 1, 1636430511506, 1636430512326, 820, 459, 361, 2, 0, 2
6233, 1, 1636430511707, 1636430512374, 667, 271, 396, 0, 0, 0
6234, 1, 1636430511730, 1636430512426, 696, 340, 356, 0, 0, 0
6235, 1, 1636430511842, 1636430512470, 628, 270, 358, 0, 0, 0
6171, 2, 1636430502608, 1636430512741, 10133, 1, 10132, 0, 1, 1
6232, 1, 1636430511706, 1636430512822, 1116, 710, 406, 0, 0, 0
6237, 1, 1636430512229, 1636430512858, 629, 271, 358, 0, 1, 1
6236, 1, 1636430512012, 1636430512926, 914, 557, 357, 0, 0, 0
6239, 1, 1636430512621, 1636430513286, 665, 270, 395, 0, 0, 0
6238, 1, 1636430512261, 1636430513310, 1049, 691, 358, 0, 0, 0
6240, 1, 1636430512653, 1636430513378, 725, 369, 356, 0, 0, 0
6178, 2, 1636430503305, 1636430513441, 10136, 1, 10135, 1, 0, 1
6241, 1, 1636430512870, 1636430513530, 660, 264, 396, 0, 0, 0
6243, 1, 1636430512939, 1636430513734, 795, 443, 352, 1, 0, 1
6242, 1, 1636430512917, 1636430513802, 885, 526, 359, 1, 41, 42
6244, 1, 1636430513251, 1636430513898, 647, 286, 361, 0, 17, 17
6247, 1, 1636430513580, 1636430514206, 626, 267, 359, 0, 0, 0
6246, 1, 1636430513570, 1636430514238, 668, 269, 399, 0, 1, 1
6245, 1, 1636430513387, 1636430514258, 871, 499, 372, 1, 1, 2
6249, 1, 1636430513709, 1636430514346, 637, 280, 357, 0, 0, 0
6250, 1, 1636430513815, 1636430514442, 627, 267, 360, 0, 1, 1
6248, 1, 1636430513596, 1636430514662, 1066, 706, 360, 1, 0, 1
6252, 1, 1636430514130, 1636430514750, 620, 263, 357, 0, 1, 1
6251, 1, 1636430513992, 1636430514894, 902, 546, 356, 0, 1, 1
6190, 2, 1636430504893, 1636430515030, 10137, 1, 10136, 0, 0, 0
6254, 1, 1636430514539, 1636430515162, 623, 274, 349, 1, 0, 1
6253, 1, 1636430514190, 1636430515202, 1012, 650, 362, 0, 0, 0
6255, 1, 1636430514579, 1636430515390, 811, 454, 357, 1, 44, 45
6256, 1, 1636430514758, 1636430515394, 636, 270, 366, 1, 0, 1
6195, 2, 1636430505355, 1636430515489, 10134, 0, 10134, 0, 0, 0
6258, 1, 1636430514913, 1636430515626, 713, 320, 393, 0, 1, 1
6257, 1, 1636430514845, 1636430515654, 809, 453, 356, 0, 0, 0
6197, 2, 1636430505710, 1636430515845, 10135, 0, 10135, 0, 0, 0
6259, 1, 1636430515158, 1636430515850, 692, 291, 401, 2, 21, 23
6260, 1, 1636430515307, 1636430515950, 643, 279, 364, 2, 13, 15
6261, 1, 1636430515328, 1636430516114, 786, 430, 356, 0, 8, 8
6262, 1, 1636430515490, 1636430516118, 628, 270, 358, 0, 0, 0
6263, 1, 1636430515531, 1636430516206, 675, 322, 353, 0, 45, 45
6265, 1, 1636430515622, 1636430516294, 672, 278, 394, 1, 0, 1
6201, 1, 1636430506278, 1636430516338, 10060, 9704, 356, 0, 0, 0
6266, 1, 1636430515736, 1636430516378, 642, 266, 376, 1, 0, 1
6267, 1, 1636430515781, 1636430516422, 641, 266, 375, 1, 0, 1
6264, 1, 1636430515534, 1636430516654, 1120, 763, 357, 0, 1, 1
6269, 1, 1636430515974, 1636430516738, 764, 374, 390, 0, 0, 0
6268, 1, 1636430515884, 1636430516826, 942, 592, 350, 0, 0, 0
6273, 1, 1636430516438, 1636430517070, 632, 270, 362, 0, 0, 0
6274, 1, 1636430516527, 1636430517286, 759, 396, 363, 0, 0, 0
6275, 1, 1636430516757, 1636430517390, 633, 270, 363, 0, 0, 0
6276, 1, 1636430516810, 1636430517522, 712, 352, 360, 1, 0, 1
6278, 1, 1636430516991, 1636430517614, 623, 267, 356, 2, 1, 3
6279, 1, 1636430517277, 1636430517906, 629, 270, 359, 0, 0, 0
6281, 1, 1636430517414, 1636430518046, 632, 270, 362, 0, 0, 0
6282, 1, 1636430517461, 1636430518090, 629, 266, 363, 0, 0, 0
6284, 1, 1636430517519, 1636430518150, 631, 270, 361, 0, 0, 0
6286, 1, 1636430517752, 1636430518378, 626, 270, 356, 0, 0, 0
6285, 1, 1636430517750, 1636430518386, 636, 274, 362, 0, 0, 0
6283, 1, 1636430517493, 1636430518546, 1053, 688, 365, 0, 0, 0
6288, 1, 1636430517919, 1636430518602, 683, 330, 353, 0, 0, 0
6287, 1, 1636430517914, 1636430518834, 920, 560, 360, 0, 0, 0
6290, 1, 1636430518559, 1636430519290, 731, 370, 361, 1, 0, 1
6291, 1, 1636430518692, 1636430519314, 622, 265, 357, 0, 0, 0
6293, 1, 1636430518945, 1636430519578, 633, 273, 360, 1, 0, 1
6294, 1, 1636430519159, 1636430519778, 619, 266, 353, 0, 0, 0
6295, 1, 1636430519347, 1636430519982, 635, 277, 358, 1, 0, 1
6296, 1, 1636430519444, 1636430520066, 622, 271, 351, 0, 1, 1
6298, 1, 1636430519519, 1636430520154, 635, 274, 361, 1, 0, 1
6299, 1, 1636430519633, 1636430520262, 629, 262, 367, 0, 0, 0
6300, 1, 1636430519685, 1636430520306, 621, 267, 354, 1, 0, 1
6297, 1, 1636430519464, 1636430520522, 1058, 698, 360, 0, 0, 0
6301, 1, 1636430519848, 1636430520606, 758, 398, 360, 0, 0, 0
6302, 1, 1636430519913, 1636430520762, 849, 487, 362, 0, 1, 1
6303, 1, 1636430520446, 1636430521218, 772, 411, 361, 0, 1, 1
6304, 1, 1636430520673, 1636430521302, 629, 268, 361, 1, 0, 1
6305, 1, 1636430520878, 1636430521506, 628, 270, 358, 0, 0, 0
6306, 1, 1636430521232, 1636430521858, 626, 270, 356, 0, 1, 1
6307, 1, 1636430521285, 1636430521914, 629, 271, 358, 0, 0, 0
6308, 1, 1636430521452, 1636430522078, 626, 270, 356, 1, 0, 1
6309, 1, 1636430521480, 1636430522102, 622, 266, 356, 0, 0, 0
6311, 1, 1636430521585, 1636430522210, 625, 265, 360, 1, 0, 1
6312, 1, 1636430521693, 1636430522318, 625, 270, 355, 1, 1, 2
6313, 1, 1636430521817, 1636430522526, 709, 347, 362, 0, 1, 1
6310, 1, 1636430521483, 1636430522554, 1071, 710, 361, 2, 0, 2
6314, 1, 1636430521873, 1636430522666, 793, 433, 360, 0, 0, 0
6315, 1, 1636430522435, 1636430523122, 687, 326, 361, 2, 0, 2
6316, 1, 1636430522679, 1636430523306, 627, 266, 361, 1, 0, 1
6317, 1, 1636430522860, 1636430523486, 626, 270, 356, 0, 0, 0
6318, 1, 1636430523291, 1636430523914, 623, 270, 353, 0, 0, 0
6319, 1, 1636430523303, 1636430523922, 619, 266, 353, 0, 0, 0
6320, 1, 1636430523434, 1636430524054, 620, 266, 354, 0, 0, 0
6321, 1, 1636430523487, 1636430524106, 619, 266, 353, 0, 0, 0
6322, 1, 1636430523520, 1636430524138, 618, 266, 352, 0, 0, 0
6324, 1, 1636430523763, 1636430524406, 643, 277, 366, 0, 0, 0
6325, 1, 1636430523779, 1636430524498, 719, 358, 361, 0, 0, 0
6326, 1, 1636430523843, 1636430524562, 719, 358, 361, 1, 0, 1
6323, 1, 1636430523589, 1636430524586, 997, 641, 356, 1, 0, 1
6327, 1, 1636430524369, 1636430525018, 649, 285, 364, 0, 0, 0
6328, 1, 1636430524788, 1636430525414, 626, 269, 357, 0, 1, 1
6329, 1, 1636430524900, 1636430525530, 630, 270, 360, 0, 0, 0
6330, 1, 1636430525400, 1636430526026, 626, 269, 357, 0, 0, 0
6331, 1, 1636430525443, 1636430526070, 627, 265, 362, 0, 0, 0
6332, 1, 1636430525474, 1636430526106, 632, 269, 363, 0, 0, 0
6334, 1, 1636430525623, 1636430526246, 623, 266, 357, 0, 0, 0
6270, 2, 1636430516197, 1636430526338, 10141, 1, 10140, 0, 1, 1
6271, 2, 1636430516279, 1636430526413, 10134, 1, 10133, 0, 0, 0
6272, 2, 1636430516339, 1636430526513, 10174, 0, 10174, 0, 0, 0
6333, 1, 1636430525514, 1636430526522, 1008, 650, 358, 0, 0, 0
6335, 1, 1636430525786, 1636430526602, 816, 462, 354, 0, 45, 45
6336, 1, 1636430525964, 1636430526694, 730, 379, 351, 1, 2, 3
6277, 2, 1636430516948, 1636430527081, 10133, 1, 10132, 1, 1, 2
6337, 1, 1636430526514, 1636430527142, 628, 274, 354, 0, 0, 0
6338, 1, 1636430526656, 1636430527274, 618, 265, 353, 0, 1, 1
6280, 2, 1636430517337, 1636430527473, 10136, 0, 10136, 0, 0, 0
6340, 1, 1636430526830, 1636430527526, 696, 302, 394, 0, 40, 40
6342, 1, 1636430526960, 1636430527622, 662, 269, 393, 0, 0, 0
6344, 1, 1636430527268, 1636430527922, 654, 294, 360, 1, 28, 29
6343, 1, 1636430527210, 1636430527978, 768, 363, 405, 1, 1, 2
6346, 1, 1636430527474, 1636430528054, 580, 275, 305, 2, 0, 2
6347, 1, 1636430527533, 1636430528150, 617, 267, 350, 0, 0, 0
6349, 1, 1636430527690, 1636430528326, 636, 270, 366, 1, 0, 1
6345, 1, 1636430527474, 1636430528506, 1032, 675, 357, 3, 0, 3
6350, 1, 1636430527822, 1636430528598, 776, 418, 358, 0, 0, 0
6289, 2, 1636430518511, 1636430528641, 10130, 0, 10130, 1, 0, 1
6351, 1, 1636430528054, 1636430528774, 720, 366, 354, 1, 0, 1
6292, 1, 1636430518832, 1636430529134, 10302, 9945, 357, 2, 0, 2
6353, 1, 1636430528642, 1636430529226, 584, 268, 316, 1, 0, 1
6352, 1, 1636430528642, 1636430529266, 624, 271, 353, 1, 0, 1
6355, 1, 1636430528792, 1636430529418, 626, 271, 355, 2, 1, 3
6356, 1, 1636430528930, 1636430529558, 628, 269, 359, 0, 0, 0
6359, 1, 1636430529187, 1636430529810, 623, 269, 354, 0, 0, 0
6358, 1, 1636430529179, 1636430529870, 691, 330, 361, 1, 0, 1
6360, 1, 1636430529384, 1636430530018, 634, 270, 364, 0, 0, 0
6362, 1, 1636430529456, 1636430530078, 622, 270, 352, 0, 0, 0
6363, 1, 1636430529709, 1636430530338, 629, 269, 360, 1, 0, 1
6361, 1, 1636430529429, 1636430530474, 1045, 677, 368, 0, 1, 1
6364, 1, 1636430529724, 1636430530530, 806, 452, 354, 1, 1, 2
6365, 1, 1636430530174, 1636430530798, 624, 269, 355, 1, 0, 1
6366, 1, 1636430530612, 1636430531242, 630, 270, 360, 1, 0, 1
6367, 1, 1636430530654, 1636430531282, 628, 266, 362, 1, 0, 1
6368, 1, 1636430530749, 1636430531378, 629, 266, 363, 1, 0, 1
6369, 1, 1636430530921, 1636430531550, 629, 268, 361, 0, 0, 0
6371, 1, 1636430531137, 1636430531766, 629, 270, 359, 0, 0, 0
6370, 1, 1636430531080, 1636430531830, 750, 395, 355, 1, 1, 2
6372, 1, 1636430531330, 1636430531954, 624, 267, 357, 0, 0, 0
6374, 1, 1636430531448, 1636430532074, 626, 267, 359, 0, 0, 0
6375, 1, 1636430531687, 1636430532310, 623, 266, 357, 0, 1, 1
6373, 1, 1636430531384, 1636430532406, 1022, 667, 355, 1, 0, 1
6376, 1, 1636430531725, 1636430532530, 805, 446, 359, 0, 1, 1
6377, 1, 1636430532153, 1636430532778, 625, 270, 355, 1, 2, 3
6378, 1, 1636430532558, 1636430533190, 632, 275, 357, 1, 0, 1
6379, 1, 1636430532632, 1636430533266, 634, 275, 359, 2, 1, 3
6380, 1, 1636430532824, 1636430533450, 626, 270, 356, 0, 1, 1
6381, 1, 1636430532870, 1636430533490, 620, 269, 351, 0, 0, 0
6382, 1, 1636430533083, 1636430533710, 627, 263, 364, 1, 1, 2
6384, 1, 1636430533235, 1636430533874, 639, 274, 365, 0, 1, 1
6383, 1, 1636430533136, 1636430533898, 762, 407, 355, 1, 1, 2
6386, 1, 1636430533397, 1636430534026, 629, 271, 358, 2, 1, 3
6385, 1, 1636430533350, 1636430534330, 980, 612, 368, 0, 0, 0
6388, 1, 1636430533712, 1636430534350, 638, 277, 361, 0, 0, 0
6387, 1, 1636430533674, 1636430534482, 808, 442, 366, 0, 0, 0
6389, 1, 1636430534178, 1636430534806, 628, 270, 358, 0, 0, 0
6390, 1, 1636430534479, 1636430535106, 627, 269, 358, 1, 1, 2
6391, 1, 1636430534709, 1636430535338, 629, 267, 362, 2, 0, 2
6392, 1, 1636430534816, 1636430535454, 638, 269, 369, 0, 1, 1
6394, 1, 1636430534988, 1636430535614, 626, 273, 353, 0, 0, 0
6393, 1, 1636430534884, 1636430535790, 906, 550, 356, 0, 1, 1
6396, 1, 1636430535294, 1636430535918, 624, 271, 353, 1, 0, 1
6397, 1, 1636430535344, 1636430535970, 626, 274, 352, 0, 0, 0
6399, 1, 1636430535581, 1636430536214, 633, 274, 359, 1, 1, 2
6395, 1, 1636430535257, 1636430536242, 985, 626, 359, 0, 0, 0
6398, 1, 1636430535364, 1636430536374, 1010, 650, 360, 0, 0, 0
6400, 1, 1636430535655, 1636430536418, 763, 414, 349, 2, 0, 2
6401, 1, 1636430536141, 1636430536766, 625, 266, 359, 0, 0, 0
6341, 2, 1636430526831, 1636430537006, 10175, 0, 10175, 0, 0, 0
6339, 2, 1636430526830, 1636430537053, 10223, 1, 10222, 1, 0, 1
6402, 1, 1636430536502, 1636430537138, 636, 273, 363, 1, 1, 2
6403, 1, 1636430536577, 1636430537222, 645, 289, 356, 1, 0, 1
6404, 1, 1636430536684, 1636430537318, 634, 282, 352, 0, 16, 16
6405, 1, 1636430536806, 1636430537498, 692, 291, 401, 0, 24, 24
6406, 1, 1636430537054, 1636430537634, 580, 266, 314, 0, 0, 0
6348, 2, 1636430527602, 1636430537777, 10175, 0, 10175, 0, 0, 0
6408, 1, 1636430537208, 1636430537830, 622, 270, 352, 0, 0, 0
6409, 1, 1636430537249, 1636430537874, 625, 270, 355, 1, 0, 1
6407, 1, 1636430537181, 1636430537954, 773, 408, 365, 0, 0, 0
6412, 1, 1636430537590, 1636430538226, 636, 281, 355, 0, 12, 12
6410, 1, 1636430537315, 1636430538278, 963, 613, 350, 0, 0, 0
6411, 1, 1636430537580, 1636430538318, 738, 391, 347, 0, 0, 0
6414, 1, 1636430538066, 1636430538742, 676, 278, 398, 0, 0, 0
6416, 1, 1636430538266, 1636430538898, 632, 270, 362, 1, 0, 1
6354, 2, 1636430528774, 1636430538949, 10175, 0, 10175, 0, 1, 1
6417, 1, 1636430538370, 1636430538994, 624, 270, 354, 0, 0, 0
6413, 1, 1636430538066, 1636430539214, 1148, 750, 398, 0, 21, 21
6418, 1, 1636430538646, 1636430539354, 708, 346, 362, 0, 1, 1
6419, 1, 1636430538756, 1636430539394, 638, 286, 352, 0, 21, 21
6357, 1, 1636430529136, 1636430539438, 10302, 9902, 400, 2, 1, 3
6421, 1, 1636430538950, 1636430539534, 584, 269, 315, 1, 0, 1
6420, 1, 1636430538950, 1636430539574, 624, 270, 354, 0, 0, 0
6415, 1, 1636430538067, 1636430539670, 1603, 1203, 400, 0, 1, 1
6424, 1, 1636430539271, 1636430539886, 615, 266, 349, 1, 0, 1
6425, 1, 1636430539278, 1636430539890, 612, 258, 354, 1, 0, 1
6423, 1, 1636430539231, 1636430539986, 755, 397, 358, 1, 0, 1
6427, 1, 1636430539439, 1636430540118, 679, 279, 400, 1, 0, 1
6428, 1, 1636430539490, 1636430540126, 636, 266, 370, 0, 0, 0
6429, 1, 1636430539685, 1636430540338, 653, 298, 355, 0, 0, 0
6426, 1, 1636430539383, 1636430540354, 971, 611, 360, 1, 0, 1
6430, 1, 1636430539953, 1636430540573, 620, 270, 350, 0, 0, 0
6422, 1, 1636430539082, 1636430540578, 1496, 1099, 397, 0, 0, 0
6433, 1, 1636430540166, 1636430540790, 624, 269, 355, 0, 0, 0
6434, 1, 1636430540440, 1636430541066, 626, 265, 361, 0, 0, 0
6436, 1, 1636430540624, 1636430541238, 614, 263, 351, 1, 0, 1
6435, 1, 1636430540545, 1636430541242, 697, 339, 358, 1, 0, 1
6437, 1, 1636430540829, 1636430541454, 625, 266, 359, 0, 0, 0
6439, 1, 1636430541011, 1636430541638, 627, 269, 358, 0, 0, 0
6441, 1, 1636430541202, 1636430541838, 636, 278, 358, 0, 1, 1
6440, 1, 1636430541161, 1636430541902, 741, 385, 356, 0, 0, 0
6442, 1, 1636430541323, 1636430541950, 627, 270, 357, 0, 1, 1
6446, 1, 1636430541623, 1636430542242, 619, 265, 354, 0, 0, 0
6445, 1, 1636430541557, 1636430542286, 729, 378, 351, 0, 1, 1
6444, 1, 1636430541391, 1636430542406, 1015, 656, 359, 1, 0, 1
6447, 1, 1636430541839, 1636430542462, 623, 271, 352, 0, 0, 0
6448, 1, 1636430542240, 1636430542866, 626, 272, 354, 0, 0, 0
6449, 1, 1636430542548, 1636430543174, 626, 269, 357, 1, 0, 1
6450, 1, 1636430542576, 1636430543318, 742, 383, 359, 2, 0, 2
6451, 1, 1636430542724, 1636430543346, 622, 270, 352, 1, 0, 1
6452, 1, 1636430542939, 1636430543566, 627, 274, 353, 0, 1, 1
6453, 1, 1636430543119, 1636430543746, 627, 270, 357, 0, 0, 0
6455, 1, 1636430543253, 1636430543874, 621, 270, 351, 0, 0, 0
6456, 1, 1636430543301, 1636430543926, 625, 270, 355, 0, 0, 0
6454, 1, 1636430543194, 1636430544010, 816, 467, 349, 0, 1, 1
6457, 1, 1636430543319, 1636430544318, 999, 643, 356, 0, 1, 1
6459, 1, 1636430543721, 1636430544338, 617, 259, 358, 0, 0, 0
6458, 1, 1636430543560, 1636430544370, 810, 454, 356, 0, 0, 0
6460, 1, 1636430544478, 1636430545114, 636, 274, 362, 1, 0, 1
6461, 1, 1636430544832, 1636430545466, 634, 273, 361, 0, 0, 0
6462, 1, 1636430545049, 1636430545678, 629, 269, 360, 0, 0, 0
6463, 1, 1636430545058, 1636430545682, 624, 270, 354, 0, 0, 0
6467, 1, 1636430545410, 1636430546042, 632, 276, 356, 1, 1, 2
6469, 1, 1636430545596, 1636430546218, 622, 265, 357, 0, 0, 0
6468, 1, 1636430545571, 1636430546490, 919, 562, 357, 0, 0, 0
6471, 1, 1636430546811, 1636430547438, 627, 269, 358, 1, 0, 1
6473, 1, 1636430547057, 1636430547690, 633, 269, 364, 0, 0, 0
6474, 1, 1636430547387, 1636430548006, 619, 266, 353, 0, 0, 0
6476, 1, 1636430547708, 1636430548334, 626, 266, 360, 1, 1, 2
6475, 1, 1636430547563, 1636430548462, 899, 538, 361, 1, 0, 1
6478, 1, 1636430549144, 1636430549778, 634, 275, 359, 0, 1, 1
6431, 2, 1636430540017, 1636430550154, 10137, 0, 10137, 0, 0, 0
6432, 2, 1636430540022, 1636430550202, 10180, 1, 10179, 0, 0, 0
6481, 1, 1636430549681, 1636430550314, 633, 268, 365, 0, 0, 0
6438, 2, 1636430541007, 1636430551141, 10134, 0, 10134, 0, 0, 0
6482, 1, 1636430550666, 1636430551338, 672, 273, 399, 0, 0, 0
6443, 1, 1636430541382, 1636430551638, 10256, 9889, 367, 0, 0, 0
6483, 1, 1636430550667, 1636430551794, 1127, 720, 407, 0, 0, 0
6484, 1, 1636430551271, 1636430551894, 623, 269, 354, 1, 0, 1
6485, 1, 1636430551274, 1636430552242, 968, 574, 394, 1, 0, 1
6487, 1, 1636430551649, 1636430552278, 629, 269, 360, 0, 0, 0
6486, 1, 1636430551640, 1636430552702, 1062, 657, 405, 1, 0, 1
6488, 1, 1636430552549, 1636430553182, 633, 268, 365, 0, 0, 0
6489, 1, 1636430552569, 1636430553630, 1061, 706, 355, 0, 1, 1
6491, 1, 1636430553270, 1636430553894, 624, 269, 355, 0, 0, 0
6490, 1, 1636430553185, 1636430554086, 901, 542, 359, 0, 1, 1
6493, 1, 1636430553728, 1636430554358, 630, 269, 361, 0, 1, 1
6492, 1, 1636430553640, 1636430554534, 894, 542, 352, 2, 1, 3
6494, 1, 1636430554486, 1636430555118, 632, 270, 362, 0, 0, 0
6464, 2, 1636430545181, 1636430555317, 10136, 0, 10136, 0, 0, 0
6465, 2, 1636430545219, 1636430555366, 10147, 1, 10146, 0, 0, 0
6466, 2, 1636430545296, 1636430555429, 10133, 0, 10133, 0, 0, 0
6495, 1, 1636430554513, 1636430555638, 1125, 767, 358, 0, 65, 65
6497, 1, 1636430555254, 1636430555902, 648, 269, 379, 1, 1, 2
6496, 1, 1636430555143, 1636430556094, 951, 586, 365, 1, 0, 1
6499, 1, 1636430555691, 1636430556318, 627, 266, 361, 0, 1, 1
6502, 1, 1636430555775, 1636430556446, 671, 269, 402, 0, 2, 2
6470, 2, 1636430546384, 1636430556513, 10129, 1, 10128, 2, 0, 2
6498, 1, 1636430555585, 1636430556534, 949, 594, 355, 1, 0, 1
6501, 1, 1636430555774, 1636430556778, 1004, 607, 397, 1, 12, 13
6500, 1, 1636430555774, 1636430556886, 1112, 715, 397, 1, 0, 1
6472, 2, 1636430546954, 1636430557089, 10135, 1, 10134, 1, 1, 2
6503, 1, 1636430556514, 1636430557142, 628, 274, 354, 1, 0, 1
6505, 1, 1636430556642, 1636430557354, 712, 315, 397, 0, 20, 20
6504, 1, 1636430556534, 1636430557602, 1068, 706, 362, 1, 0, 1
6507, 1, 1636430557222, 1636430557878, 656, 262, 394, 0, 0, 0
6508, 1, 1636430557277, 1636430557906, 629, 271, 358, 0, 1, 1
6506, 1, 1636430557181, 1636430558062, 881, 518, 363, 0, 0, 0
6509, 1, 1636430557591, 1636430558222, 631, 271, 360, 1, 1, 2
6511, 1, 1636430557683, 1636430558310, 627, 270, 357, 0, 0, 0
6510, 1, 1636430557673, 1636430558518, 845, 482, 363, 0, 0, 0
6513, 1, 1636430557730, 1636430558674, 944, 583, 361, 0, 1, 1
6512, 1, 1636430557710, 1636430558766, 1056, 693, 363, 0, 0, 0
6477, 2, 1636430548740, 1636430558873, 10133, 1, 10132, 0, 1, 1
6514, 1, 1636430558548, 1636430559178, 630, 270, 360, 0, 0, 0
6515, 1, 1636430558569, 1636430559230, 661, 306, 355, 0, 16, 16
6479, 2, 1636430549269, 1636430559405, 10136, 1, 10135, 0, 1, 1
6516, 1, 1636430558580, 1636430559674, 1094, 738, 356, 0, 40, 40
6517, 1, 1636430559006, 1636430559678, 672, 267, 405, 0, 1, 1
6518, 1, 1636430559151, 1636430559774, 623, 267, 356, 1, 0, 1
6519, 1, 1636430559248, 1636430559874, 626, 263, 363, 0, 1, 1
6480, 1, 1636430549483, 1636430559890, 10407, 10054, 353, 0, 0, 0
6520, 1, 1636430559291, 1636430560134, 843, 454, 389, 0, 1, 1
6521, 1, 1636430559521, 1636430560154, 633, 273, 360, 0, 0, 0
6522, 1, 1636430559542, 1636430560218, 676, 270, 406, 0, 0, 0
6525, 1, 1636430559758, 1636430560382, 624, 266, 358, 0, 0, 0
6524, 1, 1636430559755, 1636430560586, 831, 470, 361, 0, 0, 0
6523, 1, 1636430559685, 1636430560614, 929, 561, 368, 0, 0, 0
6527, 1, 1636430559891, 1636430560670, 779, 378, 401, 0, 1, 1
6526, 1, 1636430559795, 1636430560834, 1039, 678, 361, 0, 0, 0
6528, 1, 1636430560490, 1636430561114, 624, 266, 358, 0, 0, 0
6530, 1, 1636430560678, 1636430561302, 624, 271, 353, 1, 0, 1
6529, 1, 1636430560545, 1636430561562, 1017, 666, 351, 0, 0, 0
6531, 1, 1636430560939, 1636430561566, 627, 265, 362, 0, 0, 0
6533, 1, 1636430561226, 1636430561862, 636, 271, 365, 0, 0, 0
6534, 1, 1636430561368, 1636430561998, 630, 274, 356, 0, 0, 0
6532, 1, 1636430561191, 1636430562018, 827, 470, 357, 0, 0, 0
6535, 1, 1636430561475, 1636430562098, 623, 270, 353, 0, 0, 0
6536, 1, 1636430561624, 1636430562254, 630, 271, 359, 0, 0, 0
6537, 1, 1636430561677, 1636430562482, 805, 442, 363, 1, 0, 1
6539, 1, 1636430561812, 1636430562554, 742, 377, 365, 1, 0, 1
6538, 1, 1636430561766, 1636430562710, 944, 582, 362, 1, 0, 1
6540, 1, 1636430562474, 1636430563110, 636, 275, 361, 1, 1, 2
6541, 1, 1636430562481, 1636430563566, 1085, 719, 366, 0, 1, 1
6542, 1, 1636430563014, 1636430563654, 640, 274, 366, 1, 1, 2
6544, 1, 1636430563363, 1636430563986, 623, 270, 353, 0, 1, 1
6543, 1, 1636430563136, 1636430564014, 878, 526, 352, 0, 0, 0
6545, 1, 1636430563551, 1636430564186, 635, 274, 361, 0, 0, 0
6546, 1, 1636430563646, 1636430564278, 632, 266, 366, 0, 0, 0
6547, 1, 1636430563676, 1636430564470, 794, 438, 356, 3, 0, 3
6549, 1, 1636430563864, 1636430564638, 774, 418, 356, 1, 0, 1
6548, 1, 1636430563772, 1636430564734, 962, 601, 361, 0, 0, 0
6550, 1, 1636430564402, 1636430565042, 640, 273, 367, 1, 0, 1
6551, 1, 1636430564423, 1636430565498, 1075, 714, 361, 0, 0, 0
6552, 1, 1636430565029, 1636430565946, 917, 566, 351, 0, 0, 0
6553, 1, 1636430565438, 1636430566070, 632, 272, 360, 0, 2, 2
6555, 1, 1636430565665, 1636430566298, 633, 270, 363, 0, 0, 0
6554, 1, 1636430565601, 1636430566406, 805, 441, 364, 0, 0, 0
6556, 1, 1636430565789, 1636430566754, 965, 604, 361, 0, 2, 2
6557, 1, 1636430566280, 1636430566906, 626, 270, 356, 1, 1, 2
6558, 1, 1636430566388, 1636430567362, 974, 615, 359, 0, 1, 1
6559, 1, 1636430566935, 1636430567810, 875, 520, 355, 0, 0, 0
6561, 1, 1636430567617, 1636430568250, 633, 271, 362, 0, 1, 1
6560, 1, 1636430567581, 1636430568258, 677, 321, 356, 0, 0, 0
6562, 1, 1636430567740, 1636430568698, 958, 606, 352, 1, 0, 1
6563, 1, 1636430568187, 1636430568822, 635, 273, 362, 1, 0, 1
6564, 1, 1636430568344, 1636430569282, 938, 578, 360, 2, 0, 2
6565, 1, 1636430568896, 1636430569734, 838, 482, 356, 0, 0, 0
6566, 1, 1636430569542, 1636430570190, 648, 287, 361, 1, 1, 2
6567, 1, 1636430569692, 1636430570314, 622, 266, 356, 0, 0, 0
6568, 1, 1636430569792, 1636430570774, 982, 622, 360, 0, 1, 1
6569, 1, 1636430570259, 1636430570898, 639, 274, 365, 0, 1, 1
6570, 1, 1636430570404, 1636430571354, 950, 589, 361, 0, 0, 0
6571, 1, 1636430570908, 1636430571810, 902, 542, 360, 0, 1, 1
6572, 1, 1636430571601, 1636430572266, 665, 307, 358, 2, 1, 3
6573, 1, 1636430571655, 1636430572286, 631, 279, 352, 1, 1, 2
6574, 1, 1636430571761, 1636430572746, 985, 613, 372, 0, 0, 0
6575, 1, 1636430572225, 1636430572858, 633, 270, 363, 1, 1, 2
6576, 1, 1636430572328, 1636430573318, 990, 630, 360, 0, 0, 0
6577, 1, 1636430572826, 1636430573774, 948, 585, 363, 1, 0, 1
6578, 1, 1636430573554, 1636430574226, 672, 314, 358, 0, 1, 1
6579, 1, 1636430573664, 1636430574286, 622, 270, 352, 1, 0, 1
6580, 1, 1636430573765, 1636430574746, 981, 619, 362, 1, 1, 2
6581, 1, 1636430574325, 1636430574962, 637, 273, 364, 0, 1, 1
6582, 1, 1636430574348, 1636430575418, 1070, 712, 358, 0, 2, 2
6583, 1, 1636430574851, 1636430575878, 1027, 664, 363, 0, 0, 0
6584, 1, 1636430575666, 1636430576334, 668, 307, 361, 1, 1, 2
6586, 1, 1636430576439, 1636430577062, 623, 265, 358, 0, 0, 0
6587, 1, 1636430576865, 1636430577522, 657, 295, 362, 1, 0, 1
6585, 1, 1636430576436, 1636430577978, 1542, 1183, 359, 0, 2, 2
6588, 1, 1636430577729, 1636430578430, 701, 341, 360, 0, 0, 0
6589, 1, 1636430578369, 1636430579006, 637, 275, 362, 1, 0, 1
6591, 1, 1636430578741, 1636430579458, 717, 360, 357, 1, 0, 1
6590, 1, 1636430578422, 1636430579914, 1492, 1133, 359, 1, 1, 2
6592, 1, 1636430579616, 1636430580374, 758, 398, 360, 1, 0, 1
6593, 1, 1636430580274, 1636430580902, 628, 269, 359, 1, 0, 1
6597, 1, 1636430582328, 1636430582958, 630, 270, 360, 0, 0, 0
6594, 2, 1636430580421, 1636430590557, 10136, 0, 10136, 0, 0, 0
6595, 2, 1636430580699, 1636430590833, 10134, 1, 10133, 0, 0, 0
6596, 1, 1636430581570, 1636430591322, 9752, 9397, 355, 0, 0, 0
6599, 1, 1636430590994, 1636430591662, 668, 263, 405, 0, 0, 0
6600, 1, 1636430591324, 1636430592114, 790, 390, 400, 0, 1, 1
6598, 1, 1636430590994, 1636430592574, 1580, 1173, 407, 0, 0, 0
6601, 1, 1636430665404, 1636430666034, 630, 269, 361, 0, 0, 0
6602, 1, 1636430666070, 1636430666742, 672, 269, 403, 0, 1, 1
6603, 1, 1636430666567, 1636430667202, 635, 269, 366, 0, 0, 0
6604, 1, 1636430666744, 1636430667414, 670, 270, 400, 2, 0, 2
6606, 1, 1636430667266, 1636430667898, 632, 270, 362, 1, 0, 1
6605, 1, 1636430667232, 1636430667906, 674, 278, 396, 0, 0, 0
6607, 1, 1636430667416, 1636430668090, 674, 274, 400, 2, 0, 2
6608, 1, 1636430667871, 1636430668502, 631, 272, 359, 0, 0, 0
6609, 1, 1636430667908, 1636430668578, 670, 269, 401, 0, 0, 0
6610, 1, 1636430667933, 1636430668602, 669, 271, 398, 3, 1, 4
6611, 1, 1636430668092, 1636430668754, 662, 266, 396, 0, 1, 1
6612, 1, 1636430668384, 1636430669006, 622, 270, 352, 0, 0, 0
6613, 1, 1636430668537, 1636430669198, 661, 266, 395, 1, 1, 2
6614, 1, 1636430668579, 1636430669254, 675, 274, 401, 0, 0, 0
6615, 1, 1636430668604, 1636430669278, 674, 274, 400, 2, 0, 2
6616, 1, 1636430668758, 1636430669430, 672, 270, 402, 0, 0, 0
6617, 1, 1636430668875, 1636430669494, 619, 266, 353, 0, 0, 0
6618, 1, 1636430669048, 1636430669722, 674, 271, 403, 1, 0, 1
6619, 1, 1636430669203, 1636430669870, 667, 265, 402, 0, 0, 0
6620, 1, 1636430669256, 1636430669930, 674, 270, 404, 0, 0, 0
6621, 1, 1636430669279, 1636430669950, 671, 270, 401, 1, 0, 1
6622, 1, 1636430669356, 1636430669986, 630, 267, 363, 0, 1, 1
6624, 1, 1636430669537, 1636430670202, 665, 271, 394, 0, 0, 0
6625, 1, 1636430669723, 1636430670406, 683, 278, 405, 1, 1, 2
6623, 1, 1636430669431, 1636430670438, 1007, 614, 393, 0, 0, 0
6627, 1, 1636430669872, 1636430670554, 682, 275, 407, 0, 1, 1
6628, 1, 1636430669931, 1636430670602, 671, 275, 396, 2, 1, 3
6629, 1, 1636430669952, 1636430670630, 678, 265, 413, 1, 0, 1
6630, 1, 1636430670023, 1636430670686, 663, 268, 395, 0, 1, 1
6631, 1, 1636430670204, 1636430670874, 670, 270, 400, 0, 1, 1
6626, 1, 1636430669848, 1636430670886, 1038, 686, 352, 0, 0, 0
6633, 1, 1636430670408, 1636430671090, 682, 279, 403, 0, 1, 1
6634, 1, 1636430670440, 1636430671122, 682, 278, 404, 1, 0, 1
6635, 1, 1636430670556, 1636430671222, 666, 265, 401, 0, 0, 0
6637, 1, 1636430670632, 1636430671298, 666, 270, 396, 1, 0, 1
6636, 1, 1636430670603, 1636430671334, 731, 337, 394, 0, 0, 0
6638, 1, 1636430670689, 1636430671358, 669, 273, 396, 0, 0, 0
6639, 1, 1636430670875, 1636430671554, 679, 274, 405, 0, 0, 0
6640, 1, 1636430670888, 1636430671562, 674, 278, 396, 0, 0, 0
6641, 1, 1636430671091, 1636430671766, 675, 273, 402, 1, 0, 1
6642, 1, 1636430671123, 1636430671786, 663, 270, 393, 0, 1, 1
6632, 1, 1636430670310, 1636430671790, 1480, 1126, 354, 0, 0, 0
6643, 1, 1636430671224, 1636430671894, 670, 266, 404, 1, 0, 1
6645, 1, 1636430671336, 1636430672018, 682, 279, 403, 0, 1, 1
6646, 1, 1636430671360, 1636430672034, 674, 278, 396, 0, 0, 0
6647, 1, 1636430671555, 1636430672222, 667, 266, 401, 0, 1, 1
6648, 1, 1636430671563, 1636430672222, 659, 263, 396, 0, 0, 0
6644, 1, 1636430671299, 1636430672230, 931, 539, 392, 1, 0, 1
6650, 1, 1636430671767, 1636430672430, 663, 267, 396, 1, 0, 1
6652, 1, 1636430671791, 1636430672450, 659, 262, 397, 1, 0, 1
6651, 1, 1636430671789, 1636430672462, 673, 271, 402, 0, 0, 0
6653, 1, 1636430671896, 1636430672694, 798, 386, 412, 0, 0, 0
6654, 1, 1636430672020, 1636430672694, 674, 270, 404, 0, 0, 0
6655, 1, 1636430672035, 1636430672698, 663, 270, 393, 0, 0, 0
6657, 1, 1636430672231, 1636430672890, 659, 270, 389, 0, 0, 0
6656, 1, 1636430672224, 1636430672890, 666, 266, 400, 0, 0, 0
6658, 1, 1636430672232, 1636430672898, 666, 270, 396, 2, 0, 2
6661, 1, 1636430672458, 1636430673130, 672, 273, 399, 2, 0, 2
6662, 1, 1636430672463, 1636430673130, 667, 268, 399, 1, 0, 1
6665, 1, 1636430672702, 1636430673358, 656, 267, 389, 0, 1, 1
6664, 1, 1636430672696, 1636430673362, 666, 271, 395, 0, 1, 1
6663, 1, 1636430672696, 1636430673362, 666, 272, 394, 0, 2, 2
6668, 1, 1636430672897, 1636430673570, 673, 271, 402, 2, 1, 3
6669, 1, 1636430672899, 1636430673578, 679, 268, 411, 0, 2, 2
6670, 1, 1636430673131, 1636430673790, 659, 262, 397, 0, 0, 0
6671, 1, 1636430673131, 1636430673794, 663, 258, 405, 0, 0, 0
6672, 1, 1636430673363, 1636430674030, 667, 270, 397, 1, 0, 1
6673, 1, 1636430673364, 1636430674034, 670, 269, 401, 1, 0, 1
6676, 1, 1636430673571, 1636430674242, 671, 269, 402, 0, 0, 0
6677, 1, 1636430673580, 1636430674250, 670, 267, 403, 0, 0, 0
6679, 1, 1636430673797, 1636430674466, 669, 270, 399, 1, 1, 2
6678, 1, 1636430673797, 1636430674466, 669, 270, 399, 2, 0, 2
6674, 1, 1636430673369, 1636430674474, 1105, 710, 395, 1, 0, 1
6682, 1, 1636430674035, 1636430674706, 671, 275, 396, 0, 0, 0
6681, 1, 1636430674032, 1636430674706, 674, 278, 396, 0, 0, 0
6683, 1, 1636430674244, 1636430674918, 674, 270, 404, 1, 1, 2
6684, 1, 1636430674252, 1636430674922, 670, 271, 399, 0, 1, 1
6686, 1, 1636430674468, 1636430675134, 666, 271, 395, 0, 1, 1
6685, 1, 1636430674468, 1636430675138, 670, 269, 401, 1, 0, 1
6687, 1, 1636430674476, 1636430675162, 686, 279, 407, 0, 0, 0
6690, 1, 1636430674708, 1636430675370, 662, 270, 392, 0, 0, 0
6689, 1, 1636430674707, 1636430675394, 687, 270, 417, 0, 0, 0
6691, 1, 1636430674920, 1636430675582, 662, 270, 392, 1, 0, 1
6692, 1, 1636430674924, 1636430675586, 662, 266, 396, 0, 0, 0
6695, 1, 1636430675140, 1636430675806, 666, 270, 396, 0, 2, 2
6694, 1, 1636430675136, 1636430675806, 670, 269, 401, 1, 0, 1
6696, 1, 1636430675163, 1636430675826, 663, 270, 393, 0, 0, 0
6697, 1, 1636430675374, 1636430676038, 664, 266, 398, 0, 1, 1
6698, 1, 1636430675395, 1636430676070, 675, 272, 403, 0, 0, 0
6700, 1, 1636430675590, 1636430676262, 672, 270, 402, 0, 0, 0
6702, 1, 1636430675807, 1636430676470, 663, 271, 392, 1, 0, 1
6703, 1, 1636430675808, 1636430676478, 670, 266, 404, 0, 0, 0
6704, 1, 1636430675830, 1636430676494, 664, 265, 399, 0, 0, 0
6705, 1, 1636430676041, 1636430676718, 677, 279, 398, 1, 1, 2
6706, 1, 1636430676072, 1636430676742, 670, 271, 399, 1, 0, 1
6708, 1, 1636430676263, 1636430676934, 671, 274, 397, 0, 1, 1
6711, 1, 1636430676496, 1636430677182, 686, 277, 409, 1, 0, 1
6713, 1, 1636430676720, 1636430677386, 666, 269, 397, 0, 0, 0
6714, 1, 1636430676744, 1636430677418, 674, 269, 405, 0, 0, 0
6715, 1, 1636430676936, 1636430677602, 666, 270, 396, 0, 0, 0
6716, 1, 1636430677184, 1636430677854, 670, 271, 399, 1, 1, 2
6717, 1, 1636430677387, 1636430678058, 671, 269, 402, 0, 1, 1
6719, 1, 1636430677604, 1636430678278, 674, 268, 406, 0, 0, 0
6720, 1, 1636430677856, 1636430678522, 666, 269, 397, 1, 0, 1
6721, 1, 1636430678060, 1636430678734, 674, 272, 402, 0, 0, 0
6723, 1, 1636430678523, 1636430679202, 679, 274, 405, 0, 1, 1
6649, 2, 1636430671683, 1636430681818, 10135, 0, 10135, 0, 0, 0
6659, 2, 1636430672344, 1636430682477, 10133, 0, 10133, 0, 0, 0
6660, 2, 1636430672433, 1636430682609, 10176, 0, 10176, 0, 0, 0
6666, 2, 1636430672887, 1636430683021, 10134, 0, 10134, 0, 0, 0
6667, 2, 1636430672891, 1636430683065, 10174, 0, 10174, 0, 0, 0
6728, 1, 1636430682787, 1636430683510, 723, 284, 439, 0, 17, 17
6726, 1, 1636430682786, 1636430683514, 728, 287, 441, 1, 21, 22
6675, 2, 1636430673488, 1636430683625, 10137, 0, 10137, 0, 0, 0
6729, 1, 1636430683154, 1636430683974, 820, 430, 390, 1, 19, 20
6730, 1, 1636430683198, 1636430683974, 776, 382, 394, 1, 23, 24
6680, 2, 1636430673985, 1636430684125, 10140, 0, 10140, 0, 0, 0
6731, 1, 1636430683512, 1636430684210, 698, 270, 428, 2, 0, 2
6732, 1, 1636430683516, 1636430684210, 694, 269, 425, 1, 0, 1
6735, 1, 1636430683975, 1636430684666, 691, 270, 421, 0, 0, 0
6688, 2, 1636430674536, 1636430684669, 10133, 0, 10133, 0, 0, 0
6736, 1, 1636430684212, 1636430684878, 666, 268, 398, 1, 1, 2
6737, 1, 1636430684212, 1636430684878, 666, 271, 395, 0, 2, 2
6693, 2, 1636430675096, 1636430685229, 10133, 0, 10133, 0, 0, 0
6739, 1, 1636430684670, 1636430685346, 676, 270, 406, 0, 0, 0
6742, 1, 1636430684880, 1636430685590, 710, 309, 401, 0, 41, 41
6741, 1, 1636430684880, 1636430685590, 710, 309, 401, 1, 40, 41
6701, 2, 1636430675602, 1636430685745, 10143, 1, 10142, 1, 0, 1
6699, 2, 1636430675586, 1636430685793, 10207, 0, 10207, 0, 0, 0
6743, 1, 1636430685348, 1636430686062, 714, 316, 398, 0, 25, 25
6707, 2, 1636430676100, 1636430686238, 10138, 0, 10138, 0, 0, 0
6746, 1, 1636430685591, 1636430686326, 735, 314, 421, 48, 0, 48
6745, 1, 1636430685591, 1636430686334, 743, 323, 420, 2, 0, 2
6748, 1, 1636430685898, 1636430686602, 704, 305, 399, 1, 32, 33
6709, 2, 1636430676474, 1636430686654, 10180, 1, 10179, 0, 1, 1
6710, 2, 1636430676479, 1636430686701, 10222, 1, 10221, 0, 0, 0
6712, 2, 1636430676619, 1636430686750, 10131, 0, 10131, 1, 0, 1
6749, 1, 1636430686064, 1636430686774, 710, 266, 444, 0, 0, 0
6750, 1, 1636430686328, 1636430687062, 734, 285, 449, 1, 18, 19
6751, 1, 1636430686336, 1636430687062, 726, 276, 450, 0, 12, 12
6753, 1, 1636430686604, 1636430687286, 682, 270, 412, 0, 1, 1
6755, 1, 1636430686790, 1636430687462, 672, 268, 404, 1, 0, 1
6756, 1, 1636430686838, 1636430687506, 668, 270, 398, 1, 1, 2
6754, 1, 1636430686775, 1636430687506, 731, 334, 397, 1, 1, 2
6718, 2, 1636430677420, 1636430687597, 10177, 1, 10176, 1, 0, 1
6759, 1, 1636430687064, 1636430687730, 666, 266, 400, 0, 2, 2
6760, 1, 1636430687288, 1636430687958, 670, 273, 397, 0, 4, 4
6761, 1, 1636430687464, 1636430688130, 666, 310, 356, 0, 50, 50
6762, 1, 1636430687507, 1636430688174, 667, 266, 401, 0, 1, 1
6764, 1, 1636430687730, 1636430688402, 672, 269, 403, 0, 1, 1
6722, 2, 1636430678280, 1636430688461, 10181, 1, 10180, 1, 0, 1
6766, 1, 1636430687960, 1636430688622, 662, 266, 396, 0, 0, 0
6767, 1, 1636430688132, 1636430688818, 686, 290, 396, 0, 20, 20
6768, 1, 1636430688176, 1636430688846, 670, 270, 400, 1, 0, 1
6724, 2, 1636430678736, 1636430688913, 10177, 0, 10177, 0, 0, 0
6769, 1, 1636430688403, 1636430689070, 667, 270, 397, 0, 0, 0
6770, 1, 1636430688590, 1636430689270, 680, 282, 398, 0, 12, 12
6771, 1, 1636430688626, 1636430689286, 660, 267, 393, 0, 1, 1
6725, 2, 1636430679204, 1636430689381, 10177, 1, 10176, 0, 0, 0
6772, 1, 1636430688820, 1636430689494, 674, 267, 407, 0, 0, 0
6773, 1, 1636430688847, 1636430689506, 659, 262, 397, 0, 0, 0
6774, 1, 1636430689042, 1636430689738, 696, 303, 393, 1, 21, 22
6775, 1, 1636430689072, 1636430689738, 666, 270, 396, 1, 1, 2
6765, 1, 1636430687732, 1636430689870, 2138, 1745, 393, 0, 0, 0
6777, 1, 1636430689292, 1636430689958, 666, 267, 399, 0, 1, 1
6776, 1, 1636430689272, 1636430689966, 694, 265, 429, 1, 0, 1
6778, 1, 1636430689496, 1636430690170, 674, 275, 399, 0, 0, 0
6780, 1, 1636430689514, 1636430690186, 672, 275, 397, 2, 0, 2
6779, 1, 1636430689514, 1636430690186, 672, 278, 394, 1, 1, 2
6782, 1, 1636430689740, 1636430690410, 670, 269, 401, 0, 1, 1
6781, 1, 1636430689740, 1636430690418, 678, 283, 395, 1, 1, 2
6783, 1, 1636430689872, 1636430690542, 670, 270, 400, 1, 0, 1
6785, 1, 1636430689968, 1636430690634, 666, 270, 396, 1, 0, 1
6786, 1, 1636430690172, 1636430690846, 674, 269, 405, 0, 0, 0
6788, 1, 1636430690188, 1636430690854, 666, 272, 394, 1, 1, 2
6787, 1, 1636430690187, 1636430690854, 667, 274, 393, 1, 1, 2
6790, 1, 1636430690420, 1636430691082, 662, 266, 396, 0, 0, 0
6789, 1, 1636430690412, 1636430691082, 670, 268, 402, 0, 1, 1
6791, 1, 1636430690544, 1636430691210, 666, 266, 400, 2, 0, 2
6792, 1, 1636430690636, 1636430691302, 666, 266, 400, 0, 0, 0
6795, 1, 1636430690856, 1636430691522, 666, 270, 396, 2, 0, 2
6794, 1, 1636430690856, 1636430691526, 670, 270, 400, 2, 0, 2
6797, 1, 1636430691086, 1636430691750, 664, 271, 393, 1, 0, 1
6796, 1, 1636430691083, 1636430691758, 675, 269, 406, 0, 0, 0
6798, 1, 1636430691212, 1636430691878, 666, 266, 400, 0, 1, 1
6799, 1, 1636430691303, 1636430691966, 663, 266, 397, 1, 2, 3
6734, 1, 1636430683975, 1636430691970, 7995, 7582, 413, 0, 0, 0
6800, 1, 1636430691523, 1636430692190, 667, 267, 400, 0, 1, 1
6801, 1, 1636430691527, 1636430692198, 671, 278, 393, 0, 0, 0
6803, 1, 1636430691759, 1636430692417, 658, 266, 392, 0, 0, 0
6802, 1, 1636430691753, 1636430692418, 665, 270, 395, 1, 0, 1
6804, 1, 1636430691880, 1636430692546, 666, 270, 396, 0, 0, 0
6806, 1, 1636430691971, 1636430692634, 663, 266, 397, 1, 0, 1
6805, 1, 1636430691969, 1636430692638, 669, 266, 403, 0, 0, 0
6807, 1, 1636430692192, 1636430692858, 666, 268, 398, 1, 2, 3
6808, 1, 1636430692199, 1636430692862, 663, 267, 396, 0, 1, 1
6727, 2, 1636430682787, 1636430692965, 10178, 0, 10178, 0, 0, 0
6809, 1, 1636430692419, 1636430693082, 663, 269, 394, 0, 0, 0
6810, 1, 1636430692425, 1636430693082, 657, 266, 391, 0, 0, 0
6811, 1, 1636430692548, 1636430693230, 682, 285, 397, 0, 16, 16
6813, 1, 1636430692639, 1636430693318, 679, 285, 394, 1, 16, 17
6812, 1, 1636430692637, 1636430693322, 685, 290, 395, 0, 16, 16
6814, 1, 1636430692859, 1636430693546, 687, 273, 414, 0, 0, 0
6815, 1, 1636430692866, 1636430693546, 680, 271, 409, 0, 0, 0
6817, 1, 1636430693091, 1636430693762, 671, 270, 401, 1, 0, 1
6816, 1, 1636430693086, 1636430693766, 680, 291, 389, 2, 0, 2
6818, 1, 1636430693232, 1636430693898, 666, 270, 396, 0, 1, 1
6733, 2, 1636430683754, 1636430693929, 10175, 1, 10174, 0, 0, 0
6819, 1, 1636430693320, 1636430693982, 662, 266, 396, 0, 0, 0
6820, 1, 1636430693324, 1636430693990, 666, 270, 396, 0, 1, 1
6821, 1, 1636430693547, 1636430694214, 667, 267, 400, 0, 1, 1
6822, 1, 1636430693548, 1636430694222, 674, 275, 399, 1, 0, 1
6738, 2, 1636430684254, 1636430694433, 10179, 0, 10179, 0, 0, 0
6823, 1, 1636430693763, 1636430694466, 703, 264, 439, 0, 0, 0
6824, 1, 1636430693767, 1636430694466, 699, 265, 434, 1, 0, 1
6827, 1, 1636430693995, 1636430694702, 707, 306, 401, 0, 36, 36
6826, 1, 1636430693987, 1636430694702, 715, 314, 401, 0, 40, 40
6828, 1, 1636430694062, 1636430694730, 668, 269, 399, 1, 0, 1
6830, 1, 1636430694216, 1636430694886, 670, 270, 400, 1, 0, 1
6831, 1, 1636430694224, 1636430694910, 686, 294, 392, 0, 0, 0
6740, 2, 1636430684798, 1636430694973, 10175, 0, 10175, 0, 0, 0
6832, 1, 1636430694467, 1636430695130, 663, 266, 397, 0, 0, 0
6833, 1, 1636430694468, 1636430695154, 686, 291, 395, 2, 0, 2
6829, 1, 1636430694066, 1636430695174, 1108, 715, 393, 1, 2, 3
6835, 1, 1636430694704, 1636430695370, 666, 270, 396, 1, 1, 2
6836, 1, 1636430694704, 1636430695370, 666, 269, 397, 1, 1, 2
6837, 1, 1636430694732, 1636430695414, 682, 290, 392, 0, 27, 27
6744, 2, 1636430685362, 1636430695541, 10179, 0, 10179, 0, 0, 0
6838, 1, 1636430694888, 1636430695545, 657, 262, 395, 0, 0, 0
6839, 1, 1636430694912, 1636430695606, 694, 294, 400, 0, 0, 0
6834, 1, 1636430694558, 1636430695614, 1056, 662, 394, 0, 1, 1
6841, 1, 1636430695133, 1636430695802, 669, 276, 393, 0, 3, 3
6842, 1, 1636430695156, 1636430695818, 662, 266, 396, 1, 0, 1
6843, 1, 1636430695175, 1636430695906, 731, 330, 401, 1, 40, 41
6747, 2, 1636430685882, 1636430696057, 10175, 0, 10175, 0, 0, 0
6840, 1, 1636430695102, 1636430696066, 964, 571, 393, 0, 1, 1
6844, 1, 1636430695371, 1636430696070, 699, 262, 437, 0, 0, 0
6845, 1, 1636430695371, 1636430696090, 719, 273, 446, 1, 0, 1
6846, 1, 1636430695415, 1636430696114, 699, 266, 433, 0, 0, 0
6847, 1, 1636430695554, 1636430696218, 664, 260, 404, 0, 1, 1
6848, 1, 1636430695608, 1636430696330, 722, 314, 408, 0, 44, 44
6849, 1, 1636430695616, 1636430696358, 742, 342, 400, 0, 0, 0
6851, 1, 1636430695804, 1636430696510, 706, 306, 400, 1, 36, 37
6850, 1, 1636430695670, 1636430696510, 840, 438, 402, 0, 0, 0
6852, 1, 1636430695822, 1636430696534, 712, 322, 390, 2, 0, 2
6752, 2, 1636430686370, 1636430696541, 10171, 0, 10171, 0, 0, 0
6853, 1, 1636430695907, 1636430696578, 671, 261, 410, 0, 1, 1
6855, 1, 1636430696071, 1636430696738, 667, 261, 406, 0, 0, 0
6856, 1, 1636430696092, 1636430696750, 658, 263, 395, 0, 1, 1
6854, 1, 1636430696067, 1636430696806, 739, 341, 398, 1, 3, 4
6857, 1, 1636430696115, 1636430696810, 695, 299, 396, 1, 32, 33
6859, 1, 1636430696220, 1636430696902, 682, 282, 400, 1, 8, 9
6858, 1, 1636430696194, 1636430696998, 804, 403, 401, 3, 28, 31
6860, 1, 1636430696331, 1636430696998, 667, 266, 401, 0, 0, 0
6861, 1, 1636430696359, 1636430697030, 671, 274, 397, 1, 0, 1
6757, 2, 1636430686886, 1636430697065, 10179, 0, 10179, 0, 0, 0
6863, 1, 1636430696543, 1636430697210, 667, 271, 396, 1, 0, 1
6862, 1, 1636430696543, 1636430697214, 671, 279, 392, 0, 1, 1
6758, 2, 1636430687063, 1636430697241, 10178, 0, 10178, 0, 0, 0
6865, 1, 1636430696579, 1636430697246, 667, 271, 396, 0, 0, 0
6864, 1, 1636430696544, 1636430697250, 706, 310, 396, 1, 0, 1
6868, 1, 1636430696759, 1636430697422, 663, 265, 398, 0, 0, 0
6867, 1, 1636430696739, 1636430697430, 691, 286, 405, 1, 24, 25
6866, 1, 1636430696674, 1636430697446, 772, 378, 394, 0, 0, 0
6870, 1, 1636430696811, 1636430697510, 699, 308, 391, 0, 41, 41
6869, 1, 1636430696807, 1636430697518, 711, 313, 398, 2, 37, 39
6871, 1, 1636430696903, 1636430697598, 695, 270, 425, 2, 0, 2
6873, 1, 1636430697000, 1636430697678, 678, 279, 399, 1, 19, 20
6763, 2, 1636430687508, 1636430697685, 10177, 1, 10176, 2, 0, 2
6872, 1, 1636430696999, 1636430697685, 686, 290, 396, 0, 1, 1
6874, 1, 1636430697068, 1636430697766, 698, 262, 436, 0, 1, 1
6875, 1, 1636430697190, 1636430697894, 704, 305, 399, 0, 0, 0
6876, 1, 1636430697243, 1636430697950, 707, 271, 436, 1, 0, 1
6877, 1, 1636430697243, 1636430697954, 711, 262, 449, 0, 1, 1
6878, 1, 1636430697247, 1636430697954, 707, 306, 401, 0, 1, 1
6879, 1, 1636430697251, 1636430697974, 723, 318, 405, 1, 0, 1
6880, 1, 1636430697371, 1636430698038, 667, 270, 397, 0, 7, 7
6881, 1, 1636430697424, 1636430698078, 654, 254, 400, 0, 1, 1
6882, 1, 1636430697431, 1636430698126, 695, 298, 397, 0, 39, 39
6883, 1, 1636430697448, 1636430698130, 682, 292, 390, 0, 1, 1
6884, 1, 1636430697511, 1636430698170, 659, 262, 397, 0, 0, 0
6885, 1, 1636430697519, 1636430698222, 703, 268, 435, 0, 0, 0
6886, 1, 1636430697599, 1636430698254, 655, 258, 397, 1, 0, 1
6887, 1, 1636430697686, 1636430698394, 708, 314, 394, 0, 1, 1
6889, 1, 1636430697767, 1636430698430, 663, 270, 393, 0, 1, 1
6888, 1, 1636430697686, 1636430698434, 748, 346, 402, 0, 0, 0
6890, 1, 1636430697818, 1636430698490, 672, 266, 406, 0, 2, 2
6891, 1, 1636430697896, 1636430698582, 686, 290, 396, 1, 1, 2
6892, 1, 1636430697952, 1636430698614, 662, 270, 392, 2, 1, 3
6893, 1, 1636430697955, 1636430698614, 659, 263, 396, 2, 1, 3
6894, 1, 1636430697955, 1636430698618, 663, 262, 401, 0, 0, 0
6895, 1, 1636430697976, 1636430698662, 686, 286, 400, 0, 0, 0
6896, 1, 1636430698039, 1636430698702, 663, 266, 397, 2, 1, 3
6897, 1, 1636430698090, 1636430698754, 664, 262, 402, 0, 0, 0
6898, 1, 1636430698127, 1636430698794, 667, 270, 397, 1, 0, 1
6900, 1, 1636430698177, 1636430698846, 669, 270, 399, 2, 0, 2
6899, 1, 1636430698132, 1636430698886, 754, 361, 393, 0, 0, 0
6901, 1, 1636430698224, 1636430698886, 662, 265, 397, 1, 0, 1
6902, 1, 1636430698266, 1636430698938, 672, 268, 404, 0, 0, 0
6903, 1, 1636430698395, 1636430699054, 659, 266, 393, 0, 0, 0
6904, 1, 1636430698432, 1636430699102, 670, 270, 400, 0, 0, 0
6905, 1, 1636430698435, 1636430699106, 671, 273, 398, 0, 1, 1
6906, 1, 1636430698491, 1636430699146, 655, 263, 392, 0, 0, 0
6908, 1, 1636430698619, 1636430699285, 666, 270, 396, 0, 0, 0
6909, 1, 1636430698621, 1636430699290, 669, 266, 403, 1, 1, 2
6910, 1, 1636430698621, 1636430699290, 669, 265, 404, 0, 0, 0
6911, 1, 1636430698663, 1636430699326, 663, 262, 401, 0, 1, 1
6907, 1, 1636430698583, 1636430699350, 767, 363, 404, 0, 0, 0
6913, 1, 1636430698757, 1636430699422, 665, 265, 400, 0, 0, 0
6914, 1, 1636430698795, 1636430699466, 671, 264, 407, 0, 0, 0
6915, 1, 1636430698847, 1636430699502, 655, 266, 389, 1, 0, 1
6917, 1, 1636430698889, 1636430699554, 665, 271, 394, 2, 1, 3
6916, 1, 1636430698887, 1636430699558, 671, 270, 401, 2, 0, 2
6918, 1, 1636430698939, 1636430699590, 651, 254, 397, 0, 0, 0
6919, 1, 1636430699062, 1636430699726, 664, 267, 397, 1, 0, 1
6912, 1, 1636430698706, 1636430699730, 1024, 626, 398, 0, 0, 0
6921, 1, 1636430699107, 1636430699770, 663, 263, 400, 0, 0, 0
6923, 1, 1636430699287, 1636430699950, 663, 266, 397, 1, 0, 1
6925, 1, 1636430699292, 1636430699954, 662, 261, 401, 0, 0, 0
6924, 1, 1636430699292, 1636430699954, 662, 261, 401, 0, 0, 0
6926, 1, 1636430699329, 1636430699990, 661, 266, 395, 0, 1, 1
6927, 1, 1636430699352, 1636430700026, 674, 271, 403, 0, 0, 0
6928, 1, 1636430699423, 1636430700078, 655, 261, 394, 0, 1, 1
6929, 1, 1636430699467, 1636430700134, 667, 264, 403, 1, 1, 2
6784, 2, 1636430689960, 1636430700137, 10177, 0, 10177, 1, 0, 1
6930, 1, 1636430699512, 1636430700174, 662, 262, 400, 0, 0, 0
6932, 1, 1636430699559, 1636430700214, 655, 266, 389, 0, 0, 0
6933, 1, 1636430699606, 1636430700262, 656, 259, 397, 1, 0, 1
6934, 1, 1636430699729, 1636430700401, 672, 269, 403, 1, 4, 5
6935, 1, 1636430699731, 1636430700405, 674, 274, 400, 1, 0, 1
6936, 1, 1636430699773, 1636430700442, 669, 274, 395, 0, 1, 1
6937, 1, 1636430699954, 1636430700618, 664, 270, 394, 2, 0, 2
6938, 1, 1636430699957, 1636430700658, 701, 258, 443, 0, 0, 0
6939, 1, 1636430699959, 1636430700682, 723, 277, 446, 0, 0, 0
6941, 1, 1636430700027, 1636430700706, 679, 263, 416, 0, 3, 3
6942, 1, 1636430700090, 1636430700750, 660, 263, 397, 1, 0, 1
6944, 1, 1636430700178, 1636430700838, 660, 262, 398, 0, 0, 0
6945, 1, 1636430700224, 1636430700886, 662, 262, 400, 1, 0, 1
6947, 1, 1636430700272, 1636430700938, 666, 272, 394, 0, 2, 2
6946, 1, 1636430700270, 1636430700942, 672, 269, 403, 0, 0, 0
6793, 2, 1636430690848, 1636430701021, 10173, 0, 10173, 0, 0, 0
6948, 1, 1636430700402, 1636430701062, 660, 270, 390, 1, 0, 1
6949, 1, 1636430700407, 1636430701066, 659, 262, 397, 0, 0, 0
6951, 1, 1636430700620, 1636430701286, 666, 269, 397, 0, 4, 4
6952, 1, 1636430700660, 1636430701322, 662, 266, 396, 0, 0, 0
6953, 1, 1636430700683, 1636430701382, 699, 297, 402, 0, 36, 36
6954, 1, 1636430700708, 1636430701382, 674, 273, 401, 1, 5, 6
6955, 1, 1636430700756, 1636430701422, 666, 259, 407, 0, 0, 0
6956, 1, 1636430700845, 1636430701506, 661, 266, 395, 0, 1, 1
6958, 1, 1636430700940, 1636430701594, 654, 259, 395, 0, 1, 1
6959, 1, 1636430700944, 1636430701602, 658, 268, 390, 1, 0, 1
6960, 1, 1636430701069, 1636430701730, 661, 270, 391, 1, 0, 1
6961, 1, 1636430701073, 1636430701742, 669, 270, 399, 0, 1, 1
6962, 1, 1636430701154, 1636430701814, 660, 270, 390, 0, 0, 0
6963, 1, 1636430701288, 1636430701946, 658, 266, 392, 0, 0, 0
6964, 1, 1636430701325, 1636430701978, 653, 263, 390, 0, 0, 0
6965, 1, 1636430701383, 1636430702038, 655, 259, 396, 0, 1, 1
6967, 1, 1636430701423, 1636430702082, 659, 259, 400, 0, 0, 0
6968, 1, 1636430701510, 1636430702178, 668, 267, 401, 1, 0, 1
6969, 1, 1636430701606, 1636430702286, 680, 274, 406, 0, 0, 0
6971, 1, 1636430701735, 1636430702406, 671, 278, 393, 0, 0, 0
6972, 1, 1636430701743, 1636430702418, 675, 278, 397, 0, 0, 0
6973, 1, 1636430701816, 1636430702482, 666, 269, 397, 1, 0, 1
6974, 1, 1636430701953, 1636430702618, 665, 269, 396, 1, 0, 1
6976, 1, 1636430702049, 1636430702718, 669, 270, 399, 0, 0, 0
6977, 1, 1636430702090, 1636430702758, 668, 270, 398, 0, 1, 1
6978, 1, 1636430702180, 1636430702846, 666, 274, 392, 1, 0, 1
6979, 1, 1636430702288, 1636430702950, 662, 266, 396, 0, 0, 0
6980, 1, 1636430702408, 1636430703074, 666, 266, 400, 0, 0, 0
6981, 1, 1636430702419, 1636430703102, 683, 270, 413, 0, 0, 0
6983, 1, 1636430702620, 1636430703290, 670, 270, 400, 1, 1, 2
6984, 1, 1636430702719, 1636430703378, 659, 262, 397, 1, 0, 1
6985, 1, 1636430702760, 1636430703434, 674, 267, 407, 1, 0, 1
6987, 1, 1636430702953, 1636430703626, 673, 274, 399, 0, 0, 0
6988, 1, 1636430703076, 1636430703734, 658, 266, 392, 0, 0, 0
6989, 1, 1636430703104, 1636430703774, 670, 271, 399, 0, 1, 1
6990, 1, 1636430703292, 1636430703949, 657, 262, 395, 0, 0, 0
6991, 1, 1636430703385, 1636430704050, 665, 262, 403, 0, 0, 0
6992, 1, 1636430703435, 1636430704106, 671, 269, 402, 0, 0, 0
6825, 2, 1636430693931, 1636430704109, 10178, 0, 10178, 0, 1, 1
6993, 1, 1636430703628, 1636430704294, 666, 266, 400, 0, 0, 0
6994, 1, 1636430703742, 1636430704414, 672, 266, 406, 0, 0, 0
6995, 1, 1636430703776, 1636430704466, 690, 294, 396, 1, 28, 29
6996, 1, 1636430703958, 1636430704646, 688, 272, 416, 0, 2, 2
6997, 1, 1636430704051, 1636430704718, 667, 271, 396, 1, 0, 1
6998, 1, 1636430704111, 1636430704778, 667, 266, 401, 0, 0, 0
6999, 1, 1636430704242, 1636430704910, 668, 270, 398, 0, 1, 1
7000, 1, 1636430704295, 1636430704958, 663, 267, 396, 1, 0, 1
7001, 1, 1636430704416, 1636430705094, 678, 282, 396, 0, 0, 0
7002, 1, 1636430704468, 1636430705134, 666, 266, 400, 0, 0, 0
7003, 1, 1636430704648, 1636430705310, 662, 274, 388, 1, 0, 1
7004, 1, 1636430704719, 1636430705390, 671, 269, 402, 0, 0, 0
7005, 1, 1636430704780, 1636430705442, 662, 264, 398, 0, 0, 0
7006, 1, 1636430704912, 1636430705577, 665, 269, 396, 0, 0, 0
7007, 1, 1636430704962, 1636430705622, 660, 266, 394, 1, 0, 1
7008, 1, 1636430705096, 1636430705758, 662, 270, 392, 1, 0, 1
7009, 1, 1636430705136, 1636430705802, 666, 271, 395, 0, 0, 0
7010, 1, 1636430705314, 1636430705970, 656, 262, 394, 0, 0, 0
7011, 1, 1636430705392, 1636430706054, 662, 270, 392, 0, 0, 0
7012, 1, 1636430705445, 1636430706110, 665, 266, 399, 0, 0, 0
7014, 1, 1636430705629, 1636430706302, 673, 266, 407, 0, 0, 0
7015, 1, 1636430705762, 1636430706418, 656, 266, 390, 0, 0, 0
7016, 1, 1636430705803, 1636430706462, 659, 265, 394, 0, 0, 0
7017, 1, 1636430705980, 1636430706638, 658, 266, 392, 0, 0, 0
7018, 1, 1636430706058, 1636430706726, 668, 269, 399, 0, 0, 0
7019, 1, 1636430706112, 1636430706778, 666, 271, 395, 0, 1, 1
7020, 1, 1636430706303, 1636430706970, 667, 270, 397, 0, 0, 0
7021, 1, 1636430706429, 1636430707094, 665, 266, 399, 0, 0, 0
7022, 1, 1636430706469, 1636430707134, 665, 262, 403, 1, 0, 1
7023, 1, 1636430706646, 1636430707306, 660, 268, 392, 0, 0, 0
7025, 1, 1636430706780, 1636430707450, 670, 270, 400, 0, 0, 0
7024, 1, 1636430706728, 1636430707582, 854, 449, 405, 0, 0, 0
7026, 1, 1636430706972, 1636430707626, 654, 258, 396, 0, 0, 0
7027, 1, 1636430707095, 1636430707786, 691, 274, 417, 1, 0, 1
7029, 1, 1636430707312, 1636430707982, 670, 270, 400, 0, 0, 0
7028, 1, 1636430707136, 1636430708074, 938, 542, 396, 0, 0, 0
7030, 1, 1636430707452, 1636430708114, 662, 266, 396, 0, 0, 0
7031, 1, 1636430707583, 1636430708250, 667, 269, 398, 0, 0, 0
7032, 1, 1636430707638, 1636430708290, 652, 258, 394, 0, 0, 0
7033, 1, 1636430707788, 1636430708454, 666, 262, 404, 0, 0, 0
7034, 1, 1636430707984, 1636430708650, 666, 269, 397, 0, 0, 0
7035, 1, 1636430708075, 1636430708742, 667, 266, 401, 0, 0, 0
7036, 1, 1636430708119, 1636430708790, 671, 270, 401, 1, 1, 2
7037, 1, 1636430708257, 1636430708914, 657, 258, 399, 0, 0, 0
7038, 1, 1636430708304, 1636430708970, 666, 266, 400, 1, 0, 1
7039, 1, 1636430708456, 1636430709122, 666, 270, 396, 1, 0, 1
6920, 2, 1636430699103, 1636430709281, 10178, 1, 10177, 0, 1, 1
7040, 1, 1636430708652, 1636430709330, 678, 270, 408, 0, 0, 0
6922, 2, 1636430699157, 1636430709337, 10180, 0, 10180, 0, 0, 0
7041, 1, 1636430708743, 1636430709402, 659, 262, 397, 0, 0, 0
7042, 1, 1636430708792, 1636430709458, 666, 266, 400, 0, 0, 0
7043, 1, 1636430708923, 1636430709602, 679, 281, 398, 0, 16, 16
7044, 1, 1636430708972, 1636430709642, 670, 270, 400, 0, 4, 4
6931, 2, 1636430699555, 1636430709729, 10174, 1, 10173, 0, 1, 1
7045, 1, 1636430709123, 1636430709813, 690, 265, 425, 0, 0, 0
7046, 1, 1636430709339, 1636430710002, 663, 269, 394, 1, 0, 1
7047, 1, 1636430709410, 1636430710082, 672, 282, 390, 2, 15, 17
7048, 1, 1636430709459, 1636430710122, 663, 266, 397, 0, 0, 0
6940, 2, 1636430699996, 1636430710181, 10185, 0, 10185, 0, 0, 0
7049, 1, 1636430709603, 1636430710258, 655, 262, 393, 1, 1, 2
7050, 1, 1636430709644, 1636430710294, 650, 261, 389, 1, 1, 2
6943, 2, 1636430700140, 1636430710321, 10181, 0, 10181, 0, 0, 0
7052, 1, 1636430709822, 1636430710474, 652, 260, 392, 0, 1, 1
7051, 1, 1636430709815, 1636430710482, 667, 263, 404, 0, 1, 1
6950, 2, 1636430700443, 1636430710617, 10174, 1, 10173, 0, 1, 1
7055, 1, 1636430710006, 1636430710682, 676, 283, 393, 1, 16, 17
7056, 1, 1636430710083, 1636430710770, 687, 270, 417, 1, 7, 8
7057, 1, 1636430710125, 1636430710790, 665, 265, 400, 0, 0, 0
7054, 1, 1636430709858, 1636430710966, 1108, 670, 438, 0, 0, 0
7058, 1, 1636430710271, 1636430710970, 699, 303, 396, 0, 40, 40
7053, 1, 1636430709822, 1636430710970, 1148, 707, 441, 1, 0, 1
7060, 1, 1636430710329, 1636430710990, 661, 267, 394, 0, 0, 0
6957, 2, 1636430700891, 1636430711068, 10177, 0, 10177, 0, 1, 1
7061, 1, 1636430710446, 1636430711106, 660, 263, 397, 0, 0, 0
7062, 1, 1636430710476, 1636430711158, 682, 273, 409, 0, 0, 0
7063, 1, 1636430710484, 1636430711158, 674, 274, 400, 0, 0, 0
7064, 1, 1636430710684, 1636430711346, 662, 266, 396, 0, 0, 0
7065, 1, 1636430710750, 1636430711422, 672, 282, 390, 0, 12, 12
7067, 1, 1636430710792, 1636430711458, 666, 269, 397, 0, 0, 0
7066, 1, 1636430710772, 1636430711466, 694, 277, 417, 1, 0, 1
6966, 2, 1636430701383, 1636430711565, 10182, 1, 10181, 0, 0, 0
7070, 1, 1636430710972, 1636430711638, 666, 263, 403, 1, 3, 4
7071, 1, 1636430710992, 1636430711658, 666, 266, 400, 0, 0, 0
7069, 1, 1636430710972, 1636430711662, 690, 274, 416, 1, 3, 4
7068, 1, 1636430710968, 1636430711662, 694, 274, 420, 2, 0, 2
7072, 1, 1636430711107, 1636430711774, 667, 266, 401, 0, 0, 0
6970, 2, 1636430701609, 1636430711785, 10176, 0, 10176, 0, 0, 0
7074, 1, 1636430711160, 1636430711830, 670, 274, 396, 1, 8, 9
7073, 1, 1636430711159, 1636430711834, 675, 275, 400, 0, 9, 9
7076, 1, 1636430711350, 1636430712058, 708, 307, 401, 0, 44, 44
7077, 1, 1636430711423, 1636430712134, 711, 306, 405, 2, 40, 42
7078, 1, 1636430711459, 1636430712142, 683, 264, 419, 2, 0, 2
7079, 1, 1636430711468, 1636430712146, 678, 269, 409, 1, 3, 4
6975, 2, 1636430701992, 1636430712173, 10181, 0, 10181, 0, 0, 0
7081, 1, 1636430711660, 1636430712310, 650, 260, 390, 1, 0, 1
7080, 1, 1636430711640, 1636430712314, 674, 261, 413, 1, 0, 1
7083, 1, 1636430711664, 1636430712362, 698, 258, 440, 0, 0, 0
7082, 1, 1636430711663, 1636430712366, 703, 262, 441, 0, 0, 0
7087, 1, 1636430711836, 1636430712530, 694, 294, 400, 1, 28, 29
7086, 1, 1636430711832, 1636430712534, 702, 295, 407, 1, 28, 29
7088, 1, 1636430711914, 1636430712618, 704, 266, 438, 0, 0, 0
6982, 2, 1636430702484, 1636430712657, 10173, 0, 10173, 0, 0, 0
6986, 1, 1636430702848, 1636430712661, 9813, 9422, 391, 0, 0, 0
7089, 1, 1636430712059, 1636430712749, 690, 267, 423, 0, 1, 1
7092, 1, 1636430712176, 1636430712846, 670, 269, 401, 1, 0, 1
7091, 1, 1636430712176, 1636430712846, 670, 271, 399, 2, 1, 3
7090, 1, 1636430712176, 1636430712846, 670, 269, 401, 2, 0, 2
7094, 1, 1636430712315, 1636430713010, 695, 302, 393, 0, 29, 29
7095, 1, 1636430712326, 1636430713014, 688, 290, 398, 1, 16, 17
7093, 1, 1636430712302, 1636430713014, 712, 270, 442, 1, 0, 1
7096, 1, 1636430712363, 1636430713018, 655, 254, 401, 0, 0, 0
7097, 1, 1636430712367, 1636430713034, 667, 271, 396, 0, 1, 1
7098, 1, 1636430712531, 1636430713194, 663, 273, 390, 0, 2, 2
7099, 1, 1636430712535, 1636430713194, 659, 269, 390, 1, 1, 2
7100, 1, 1636430712659, 1636430713314, 655, 262, 393, 0, 0, 0
7102, 1, 1636430712751, 1636430713410, 659, 266, 393, 0, 0, 0
7103, 1, 1636430712786, 1636430713446, 660, 270, 390, 0, 0, 0
7101, 1, 1636430712663, 1636430713466, 803, 410, 393, 0, 0, 0
7105, 1, 1636430712848, 1636430713530, 682, 275, 407, 0, 1, 1
7104, 1, 1636430712847, 1636430713530, 683, 282, 401, 1, 1, 2
7106, 1, 1636430712848, 1636430713538, 690, 281, 409, 1, 0, 1
7107, 1, 1636430713011, 1636430713678, 667, 266, 401, 0, 0, 0
7109, 1, 1636430713016, 1636430713690, 674, 275, 399, 0, 1, 1
7110, 1, 1636430713029, 1636430713698, 669, 262, 407, 0, 0, 0
7108, 1, 1636430713016, 1636430713698, 682, 271, 411, 1, 0, 1
7111, 1, 1636430713035, 1636430713702, 667, 266, 401, 0, 0, 0
7112, 1, 1636430713197, 1636430713874, 677, 275, 402, 1, 0, 1
7113, 1, 1636430713201, 1636430713874, 673, 276, 397, 2, 0, 2
7114, 1, 1636430713325, 1636430713994, 669, 270, 399, 1, 0, 1
7115, 1, 1636430713417, 1636430714078, 661, 262, 399, 0, 0, 0
7116, 1, 1636430713448, 1636430714106, 658, 270, 388, 1, 1, 2
7117, 1, 1636430713467, 1636430714142, 675, 282, 393, 0, 1, 1
7118, 1, 1636430713532, 1636430714202, 670, 271, 399, 0, 1, 1
7120, 1, 1636430713539, 1636430714202, 663, 262, 401, 1, 0, 1
7119, 1, 1636430713532, 1636430714202, 670, 271, 399, 1, 0, 1
7121, 1, 1636430713680, 1636430714354, 674, 266, 408, 0, 0, 0
7124, 1, 1636430713700, 1636430714366, 666, 269, 397, 1, 0, 1
7123, 1, 1636430713700, 1636430714370, 670, 275, 395, 3, 0, 3
7125, 1, 1636430713703, 1636430714374, 671, 266, 405, 0, 0, 0
7127, 1, 1636430713876, 1636430714546, 670, 273, 397, 1, 0, 1
7126, 1, 1636430713875, 1636430714549, 674, 279, 395, 0, 0, 0
7128, 1, 1636430713996, 1636430714666, 670, 270, 400, 0, 0, 0
7129, 1, 1636430714083, 1636430714742, 659, 262, 397, 0, 0, 0
7130, 1, 1636430714114, 1636430714786, 672, 269, 403, 0, 0, 0
7132, 1, 1636430714203, 1636430714866, 663, 266, 397, 0, 0, 0
7133, 1, 1636430714204, 1636430714874, 670, 278, 392, 2, 0, 2
7134, 1, 1636430714205, 1636430714886, 681, 277, 404, 0, 0, 0
7135, 1, 1636430714355, 1636430715010, 655, 254, 401, 0, 0, 0
7138, 1, 1636430714376, 1636430715034, 658, 258, 400, 0, 1, 1
7137, 1, 1636430714371, 1636430715038, 667, 274, 393, 2, 0, 2
7136, 1, 1636430714368, 1636430715046, 678, 266, 412, 1, 0, 1
7139, 1, 1636430714547, 1636430715214, 667, 273, 394, 0, 0, 0
7140, 1, 1636430714550, 1636430715222, 672, 274, 398, 0, 0, 0
7141, 1, 1636430714668, 1636430715342, 674, 273, 401, 1, 0, 1
7142, 1, 1636430714749, 1636430715414, 665, 266, 399, 0, 1, 1
7143, 1, 1636430714788, 1636430715454, 666, 270, 396, 1, 1, 2
7144, 1, 1636430714869, 1636430715538, 669, 274, 395, 0, 0, 0
7145, 1, 1636430714876, 1636430715542, 666, 266, 400, 1, 0, 1
7146, 1, 1636430714887, 1636430715566, 679, 265, 414, 0, 0, 0
7147, 1, 1636430715021, 1636430715694, 673, 274, 399, 0, 0, 0
7149, 1, 1636430715042, 1636430715710, 668, 269, 399, 0, 0, 0
7150, 1, 1636430715047, 1636430715710, 663, 265, 398, 0, 0, 0
7013, 2, 1636430705579, 1636430715757, 10178, 0, 10178, 0, 1, 1
7151, 1, 1636430715215, 1636430715890, 675, 269, 406, 0, 0, 0
7152, 1, 1636430715223, 1636430715902, 679, 274, 405, 1, 0, 1
7153, 1, 1636430715344, 1636430716026, 682, 273, 409, 1, 4, 5
7154, 1, 1636430715416, 1636430716110, 694, 305, 389, 1, 34, 35
7155, 1, 1636430715456, 1636430716114, 658, 265, 393, 1, 1, 2
7157, 1, 1636430715544, 1636430716202, 658, 263, 395, 1, 1, 2
7156, 1, 1636430715540, 1636430716206, 666, 266, 400, 0, 5, 5
7158, 1, 1636430715568, 1636430716242, 674, 269, 405, 0, 0, 0
7159, 1, 1636430715696, 1636430716362, 666, 266, 400, 0, 0, 0
7160, 1, 1636430715758, 1636430716386, 628, 275, 353, 1, 0, 1
7161, 1, 1636430715760, 1636430716426, 666, 270, 396, 1, 1, 2
7162, 1, 1636430715891, 1636430716558, 667, 271, 396, 1, 1, 2
7163, 1, 1636430715892, 1636430716566, 674, 270, 404, 0, 2, 2
7165, 1, 1636430716028, 1636430716698, 670, 270, 400, 0, 1, 1
7166, 1, 1636430716112, 1636430716770, 658, 266, 392, 0, 0, 0
7167, 1, 1636430716122, 1636430716782, 660, 271, 389, 0, 0, 0
7168, 1, 1636430716208, 1636430716870, 662, 259, 403, 0, 0, 0
7169, 1, 1636430716210, 1636430716870, 660, 267, 393, 1, 0, 1
7170, 1, 1636430716243, 1636430716918, 675, 268, 407, 0, 0, 0
7171, 1, 1636430716364, 1636430717034, 670, 273, 397, 0, 0, 0
7174, 1, 1636430716560, 1636430717226, 666, 269, 397, 0, 1, 1
7175, 1, 1636430716567, 1636430717226, 659, 265, 394, 1, 0, 1
7176, 1, 1636430716700, 1636430717354, 654, 259, 395, 0, 0, 0
7177, 1, 1636430716779, 1636430717438, 659, 268, 391, 1, 0, 1
7178, 1, 1636430716788, 1636430717454, 666, 268, 398, 1, 1, 2
7180, 1, 1636430716877, 1636430717546, 669, 274, 395, 0, 0, 0
7181, 1, 1636430716920, 1636430717586, 666, 270, 396, 0, 0, 0
7182, 1, 1636430717035, 1636430717706, 671, 265, 406, 0, 0, 0
7183, 1, 1636430717228, 1636430717898, 670, 272, 398, 0, 1, 1
7184, 1, 1636430717233, 1636430717898, 665, 273, 392, 0, 0, 0
7185, 1, 1636430717366, 1636430718030, 664, 270, 394, 0, 0, 0
7187, 1, 1636430717455, 1636430718110, 655, 261, 394, 0, 0, 0
7186, 1, 1636430717445, 1636430718110, 665, 274, 391, 0, 1, 1
7188, 1, 1636430717547, 1636430718218, 671, 271, 400, 0, 1, 1
7189, 1, 1636430717588, 1636430718262, 674, 267, 407, 0, 1, 1
7190, 1, 1636430717708, 1636430718374, 666, 270, 396, 0, 1, 1
7192, 1, 1636430717900, 1636430718562, 662, 266, 396, 1, 0, 1
7191, 1, 1636430717900, 1636430718570, 670, 274, 396, 1, 0, 1
7193, 1, 1636430718033, 1636430718690, 657, 266, 391, 0, 1, 1
7195, 1, 1636430718121, 1636430718778, 657, 262, 395, 1, 0, 1
7194, 1, 1636430718112, 1636430718782, 670, 270, 400, 0, 0, 0
7196, 1, 1636430718219, 1636430718886, 667, 262, 405, 0, 0, 0
7197, 1, 1636430718263, 1636430718938, 675, 270, 405, 1, 0, 1
7198, 1, 1636430718375, 1636430719042, 667, 270, 397, 0, 0, 0
7199, 1, 1636430718567, 1636430719234, 667, 270, 397, 0, 0, 0
7200, 1, 1636430718572, 1636430719238, 666, 266, 400, 0, 0, 0
7201, 1, 1636430718700, 1636430719366, 666, 273, 393, 0, 1, 1
7203, 1, 1636430718788, 1636430719458, 670, 270, 400, 0, 0, 0
7204, 1, 1636430718888, 1636430719554, 666, 266, 400, 0, 0, 0
7205, 1, 1636430718940, 1636430719610, 670, 270, 400, 1, 0, 1
7206, 1, 1636430719044, 1636430719718, 674, 266, 408, 0, 0, 0
7208, 1, 1636430719239, 1636430719914, 675, 270, 405, 1, 0, 1
7209, 1, 1636430719368, 1636430720038, 670, 270, 400, 0, 1, 1
7210, 1, 1636430719459, 1636430720126, 667, 269, 398, 0, 0, 0
7211, 1, 1636430719556, 1636430720222, 666, 263, 403, 0, 0, 0
7212, 1, 1636430719612, 1636430720282, 670, 269, 401, 0, 0, 0
7213, 1, 1636430719720, 1636430720390, 670, 270, 400, 0, 1, 1
7059, 2, 1636430710322, 1636430720501, 10179, 0, 10179, 0, 1, 1
7214, 1, 1636430719916, 1636430720586, 670, 266, 404, 1, 0, 1
7215, 1, 1636430720040, 1636430720702, 662, 266, 396, 0, 1, 1
7216, 1, 1636430720127, 1636430720798, 671, 271, 400, 0, 0, 0
7217, 1, 1636430720224, 1636430720898, 674, 270, 404, 0, 1, 1
7218, 1, 1636430720284, 1636430720946, 662, 266, 396, 0, 0, 0
7219, 1, 1636430720391, 1636430721090, 699, 273, 426, 0, 0, 0
7220, 1, 1636430720588, 1636430721250, 662, 267, 395, 1, 1, 2
7075, 2, 1636430711194, 1636430721369, 10175, 0, 10175, 0, 1, 1
7221, 1, 1636430720706, 1636430721370, 664, 270, 394, 1, 0, 1
7222, 1, 1636430720800, 1636430721474, 674, 273, 401, 0, 0, 0
7223, 1, 1636430720899, 1636430721566, 667, 270, 397, 0, 0, 0
7225, 1, 1636430721092, 1636430721758, 666, 271, 395, 0, 0, 0
7084, 1, 1636430711694, 1636430721854, 10160, 9760, 400, 1, 2, 3
7226, 1, 1636430721254, 1636430721950, 696, 266, 430, 0, 0, 0
7085, 2, 1636430711786, 1636430721961, 10175, 0, 10175, 0, 0, 0
7224, 1, 1636430720950, 1636430722014, 1064, 670, 394, 0, 0, 0
7227, 1, 1636430721372, 1636430722026, 654, 257, 397, 0, 0, 0
7228, 1, 1636430721475, 1636430722138, 663, 264, 399, 0, 0, 0
7231, 1, 1636430721567, 1636430722222, 655, 262, 393, 0, 0, 0
7229, 1, 1636430721514, 1636430722226, 712, 267, 445, 1, 0, 1
7232, 1, 1636430721759, 1636430722430, 671, 268, 403, 0, 0, 0
7234, 1, 1636430721963, 1636430722622, 659, 267, 392, 0, 2, 2
7235, 1, 1636430722016, 1636430722686, 670, 266, 404, 0, 1, 1
7237, 1, 1636430722090, 1636430722750, 660, 266, 394, 0, 0, 0
7238, 1, 1636430722141, 1636430722810, 669, 269, 400, 0, 1, 1
7236, 1, 1636430722038, 1636430722882, 844, 446, 398, 1, 0, 1
7239, 1, 1636430722228, 1636430722894, 666, 271, 395, 1, 0, 1
7240, 1, 1636430722235, 1636430722906, 671, 267, 404, 2, 0, 2
7241, 1, 1636430722432, 1636430723098, 666, 270, 396, 0, 0, 0
7242, 1, 1636430722630, 1636430723294, 664, 271, 393, 0, 1, 1
7243, 1, 1636430722688, 1636430723358, 670, 273, 397, 2, 0, 2
7245, 1, 1636430722812, 1636430723486, 674, 273, 401, 1, 0, 1
7246, 1, 1636430722884, 1636430723550, 666, 271, 395, 0, 1, 1
7247, 1, 1636430722895, 1636430723562, 667, 270, 397, 1, 0, 1
7249, 1, 1636430723099, 1636430723754, 655, 260, 395, 0, 0, 0
7244, 1, 1636430722751, 1636430723794, 1043, 647, 396, 0, 0, 0
7122, 2, 1636430713692, 1636430723873, 10181, 0, 10181, 0, 0, 0
7248, 1, 1636430722908, 1636430723934, 1026, 626, 400, 0, 0, 0
7251, 1, 1636430723359, 1636430724026, 667, 266, 401, 0, 1, 1
7252, 1, 1636430723488, 1636430724158, 670, 271, 399, 1, 0, 1
7253, 1, 1636430723552, 1636430724234, 682, 278, 404, 1, 11, 12
7254, 1, 1636430723564, 1636430724238, 674, 269, 405, 0, 0, 0
7131, 2, 1636430714143, 1636430724321, 10178, 0, 10178, 0, 0, 0
7250, 1, 1636430723296, 1636430724394, 1098, 694, 404, 1, 0, 1
7256, 1, 1636430723796, 1636430724462, 666, 270, 396, 0, 0, 0
7257, 1, 1636430723935, 1636430724606, 671, 270, 401, 0, 0, 0
7258, 1, 1636430724002, 1636430724678, 676, 279, 397, 0, 8, 8
7260, 1, 1636430724159, 1636430724858, 699, 268, 431, 1, 0, 1
7261, 1, 1636430724236, 1636430724902, 666, 265, 401, 1, 0, 1
7262, 1, 1636430724240, 1636430724906, 666, 262, 404, 1, 0, 1
7263, 1, 1636430724396, 1636430725070, 674, 266, 408, 0, 0, 0
7264, 1, 1636430724450, 1636430725122, 672, 277, 395, 1, 0, 1
7265, 1, 1636430724463, 1636430725122, 659, 265, 394, 0, 0, 0
7148, 2, 1636430715039, 1636430725217, 10178, 0, 10178, 0, 1, 1
7266, 1, 1636430724607, 1636430725274, 667, 266, 401, 0, 0, 0
7267, 1, 1636430724680, 1636430725350, 670, 274, 396, 0, 0, 0
7268, 1, 1636430724859, 1636430725526, 667, 270, 397, 0, 1, 1
7270, 1, 1636430724907, 1636430725570, 663, 266, 397, 0, 3, 3
7269, 1, 1636430724903, 1636430725570, 667, 275, 392, 1, 7, 8
7271, 1, 1636430725072, 1636430725746, 674, 262, 412, 0, 0, 0
7272, 1, 1636430725123, 1636430725790, 667, 266, 401, 0, 1, 1
7273, 1, 1636430725129, 1636430725802, 673, 266, 407, 1, 0, 1
7274, 1, 1636430725276, 1636430725946, 670, 270, 400, 0, 0, 0
7276, 1, 1636430725351, 1636430726013, 662, 266, 396, 0, 2, 2
7275, 1, 1636430725346, 1636430726022, 676, 276, 400, 1, 2, 3
7164, 2, 1636430715903, 1636430726077, 10174, 0, 10174, 0, 0, 0
7277, 1, 1636430725527, 1636430726186, 659, 266, 393, 1, 0, 1
7279, 1, 1636430725574, 1636430726242, 668, 266, 402, 0, 0, 0
7280, 1, 1636430725748, 1636430726430, 682, 285, 397, 0, 20, 20
7281, 1, 1636430725791, 1636430726458, 667, 275, 392, 0, 1, 1
7282, 1, 1636430725803, 1636430726466, 663, 267, 396, 0, 0, 0
7179, 1, 1636430716873, 1636430726562, 9689, 9290, 399, 0, 0, 0
7172, 2, 1636430716387, 1636430726573, 10186, 0, 10186, 0, 0, 0
7283, 1, 1636430725948, 1636430726602, 654, 258, 396, 0, 0, 0
7173, 2, 1636430716428, 1636430726621, 10193, 0, 10193, 0, 0, 0
7284, 1, 1636430726018, 1636430726674, 656, 266, 390, 0, 0, 0
7285, 1, 1636430726022, 1636430726682, 660, 266, 394, 0, 0, 0
7287, 1, 1636430726206, 1636430726890, 684, 284, 400, 0, 17, 17
7286, 1, 1636430726194, 1636430726894, 700, 299, 401, 1, 33, 34
7288, 1, 1636430726243, 1636430726978, 735, 338, 397, 1, 72, 73
7290, 1, 1636430726459, 1636430727162, 703, 272, 431, 1, 2, 3
7291, 1, 1636430726469, 1636430727162, 693, 272, 421, 1, 2, 3
7289, 1, 1636430726431, 1636430727162, 731, 320, 411, 0, 1, 1
7293, 1, 1636430726624, 1636430727294, 670, 270, 400, 1, 1, 2
7292, 1, 1636430726623, 1636430727334, 711, 362, 349, 0, 0, 0
7294, 1, 1636430726683, 1636430727338, 655, 262, 393, 1, 0, 1
7295, 1, 1636430726689, 1636430727358, 669, 274, 395, 0, 0, 0
7296, 1, 1636430726891, 1636430727562, 671, 275, 396, 1, 0, 1
7297, 1, 1636430726895, 1636430727562, 667, 274, 393, 1, 0, 1
7299, 1, 1636430726963, 1636430727634, 671, 267, 404, 0, 1, 1
7300, 1, 1636430726980, 1636430727642, 662, 263, 399, 1, 0, 1
7301, 1, 1636430727163, 1636430727814, 651, 258, 393, 0, 0, 0
7302, 1, 1636430727164, 1636430727822, 658, 267, 391, 0, 0, 0
7303, 1, 1636430727164, 1636430727834, 670, 266, 404, 0, 1, 1
7304, 1, 1636430727296, 1636430727966, 670, 267, 403, 1, 1, 2
7307, 1, 1636430727359, 1636430728030, 671, 275, 396, 0, 1, 1
7308, 1, 1636430727564, 1636430728230, 666, 267, 399, 1, 0, 1
7306, 1, 1636430727349, 1636430728266, 917, 518, 399, 0, 0, 0
7310, 1, 1636430727636, 1636430728306, 670, 266, 404, 1, 0, 1
7311, 1, 1636430727646, 1636430728306, 660, 258, 402, 0, 0, 0
7313, 1, 1636430727831, 1636430728502, 671, 275, 396, 0, 1, 1
7314, 1, 1636430727836, 1636430728514, 678, 270, 408, 0, 0, 0
7315, 1, 1636430727967, 1636430728642, 675, 274, 401, 0, 0, 0
7316, 1, 1636430728032, 1636430728694, 662, 266, 396, 0, 0, 0
7312, 1, 1636430727830, 1636430728714, 884, 487, 397, 0, 0, 0
7317, 1, 1636430728232, 1636430728898, 666, 270, 396, 0, 0, 0
7318, 1, 1636430728267, 1636430728954, 687, 290, 397, 0, 0, 0
7202, 2, 1636430718784, 1636430728957, 10173, 1, 10172, 0, 1, 1
7319, 1, 1636430728308, 1636430728974, 666, 270, 396, 0, 0, 0
7321, 1, 1636430728503, 1636430729166, 663, 262, 401, 0, 0, 0
7322, 1, 1636430728515, 1636430729222, 707, 305, 402, 0, 40, 40
7324, 1, 1636430728698, 1636430729362, 664, 270, 394, 0, 0, 0
7325, 1, 1636430728715, 1636430729410, 695, 303, 392, 1, 4, 5
7207, 2, 1636430719235, 1636430729414, 10179, 1, 10178, 0, 0, 0
7326, 1, 1636430728899, 1636430729574, 675, 271, 404, 1, 1, 2
7328, 1, 1636430728976, 1636430729678, 702, 307, 395, 0, 45, 45
7327, 1, 1636430728959, 1636430729682, 723, 263, 460, 0, 1, 1
7329, 1, 1636430729090, 1636430729766, 676, 286, 390, 1, 17, 18
7330, 1, 1636430729170, 1636430729858, 688, 294, 394, 2, 29, 31
7331, 1, 1636430729224, 1636430729894, 670, 269, 401, 0, 0, 0
7333, 1, 1636430729417, 1636430730074, 657, 266, 391, 0, 0, 0
7332, 1, 1636430729416, 1636430730122, 706, 314, 392, 1, 0, 1
7334, 1, 1636430729543, 1636430730214, 671, 277, 394, 0, 2, 2
7335, 1, 1636430729576, 1636430730250, 674, 276, 398, 0, 1, 1
7337, 1, 1636430729683, 1636430730342, 659, 262, 397, 0, 0, 0
7336, 1, 1636430729680, 1636430730342, 662, 266, 396, 1, 0, 1
7338, 1, 1636430729767, 1636430730434, 667, 271, 396, 0, 1, 1
7339, 1, 1636430729859, 1636430730522, 663, 267, 396, 0, 1, 1
7340, 1, 1636430729896, 1636430730562, 666, 266, 400, 0, 0, 0
7342, 1, 1636430730123, 1636430730798, 675, 274, 401, 0, 0, 0
7343, 1, 1636430730215, 1636430730890, 675, 278, 397, 2, 0, 2
7344, 1, 1636430730252, 1636430730918, 666, 270, 396, 1, 1, 2
7341, 1, 1636430730083, 1636430731010, 927, 529, 398, 0, 1, 1
7346, 1, 1636430730350, 1636430731026, 676, 283, 393, 0, 1, 1
7345, 1, 1636430730346, 1636430731038, 692, 275, 417, 1, 0, 1
7347, 1, 1636430730435, 1636430731090, 655, 269, 386, 0, 0, 0
7348, 1, 1636430730525, 1636430731178, 653, 262, 391, 0, 1, 1
7349, 1, 1636430730564, 1636430731222, 658, 265, 393, 0, 0, 0
7350, 1, 1636430730799, 1636430731478, 679, 282, 397, 0, 0, 0
7351, 1, 1636430730891, 1636430731554, 663, 270, 393, 0, 0, 0
7352, 1, 1636430730919, 1636430731590, 671, 274, 397, 0, 0, 0
7353, 1, 1636430731011, 1636430731674, 663, 266, 397, 0, 0, 0
7230, 2, 1636430721518, 1636430731693, 10175, 1, 10174, 0, 1, 1
7354, 1, 1636430731027, 1636430731706, 679, 274, 405, 0, 0, 0
7355, 1, 1636430731040, 1636430731710, 670, 270, 400, 0, 0, 0
7356, 1, 1636430731103, 1636430731774, 671, 266, 405, 0, 0, 0
7357, 1, 1636430731190, 1636430731846, 656, 262, 394, 1, 0, 1
7358, 1, 1636430731231, 1636430731894, 663, 262, 401, 0, 0, 0
7359, 1, 1636430731479, 1636430732150, 671, 278, 393, 0, 0, 0
7233, 1, 1636430721855, 1636430732186, 10331, 9910, 421, 2, 0, 2
7360, 1, 1636430731556, 1636430732234, 678, 270, 408, 2, 0, 2
7361, 1, 1636430731591, 1636430732266, 675, 267, 408, 2, 0, 2
7362, 1, 1636430731695, 1636430732354, 659, 266, 393, 0, 0, 0
7363, 1, 1636430731707, 1636430732358, 651, 258, 393, 0, 0, 0
7364, 1, 1636430731712, 1636430732370, 658, 266, 392, 0, 0, 0
7365, 1, 1636430731775, 1636430732438, 663, 266, 397, 0, 0, 0
7366, 1, 1636430731857, 1636430732522, 665, 263, 402, 0, 0, 0
7367, 1, 1636430731897, 1636430732558, 661, 266, 395, 0, 0, 0
7368, 1, 1636430732151, 1636430732802, 651, 256, 395, 1, 1, 2
7369, 1, 1636430732187, 1636430732842, 655, 262, 393, 0, 0, 0
7370, 1, 1636430732236, 1636430732894, 658, 262, 396, 0, 0, 0
7371, 1, 1636430732267, 1636430732930, 663, 267, 396, 0, 0, 0
7374, 1, 1636430732373, 1636430733022, 649, 258, 391, 0, 0, 0
7373, 1, 1636430732362, 1636430733026, 664, 266, 398, 0, 0, 0
7375, 1, 1636430732379, 1636430733042, 663, 266, 397, 0, 0, 0
7376, 1, 1636430732441, 1636430733110, 669, 270, 399, 1, 0, 1
7377, 1, 1636430732524, 1636430733190, 666, 266, 400, 0, 0, 0
7372, 1, 1636430732282, 1636430733290, 1008, 615, 393, 0, 1, 1
7379, 1, 1636430732818, 1636430733470, 652, 262, 390, 0, 0, 0
7380, 1, 1636430732853, 1636430733510, 657, 263, 394, 1, 0, 1
7381, 1, 1636430732902, 1636430733562, 660, 265, 395, 0, 0, 0
7382, 1, 1636430732934, 1636430733602, 668, 266, 402, 1, 0, 1
7383, 1, 1636430733027, 1636430733686, 659, 266, 393, 1, 0, 1
7384, 1, 1636430733040, 1636430733702, 662, 262, 400, 0, 0, 0
7386, 1, 1636430733111, 1636430733774, 663, 266, 397, 0, 0, 0
7387, 1, 1636430733192, 1636430733854, 662, 261, 401, 0, 0, 0
7388, 1, 1636430733291, 1636430733954, 663, 267, 396, 0, 0, 0
7255, 2, 1636430723766, 1636430733969, 10203, 0, 10203, 0, 0, 0
7389, 1, 1636430733483, 1636430734154, 671, 278, 393, 0, 0, 0
7259, 2, 1636430724027, 1636430734205, 10178, 0, 10178, 0, 0, 0
7390, 1, 1636430733519, 1636430734234, 715, 270, 445, 0, 0, 0
7391, 1, 1636430733568, 1636430734238, 670, 268, 402, 0, 0, 0
7392, 1, 1636430733603, 1636430734270, 667, 270, 397, 0, 0, 0
7393, 1, 1636430733694, 1636430734354, 660, 267, 393, 0, 0, 0
7394, 1, 1636430733706, 1636430734358, 652, 258, 394, 0, 0, 0
7396, 1, 1636430733857, 1636430734562, 705, 278, 427, 0, 19, 19
7397, 1, 1636430733970, 1636430734690, 720, 323, 397, 0, 2, 2
7398, 1, 1636430734098, 1636430734790, 692, 266, 426, 0, 0, 0
7399, 1, 1636430734155, 1636430734814, 659, 264, 395, 1, 1, 2
7400, 1, 1636430734235, 1636430734906, 671, 274, 397, 0, 0, 0
7401, 1, 1636430734240, 1636430734910, 670, 270, 400, 1, 1, 2
7402, 1, 1636430734271, 1636430734938, 667, 266, 401, 1, 0, 1
7404, 1, 1636430734360, 1636430735022, 662, 266, 396, 0, 0, 0
7405, 1, 1636430734373, 1636430735046, 673, 274, 399, 1, 0, 1
7406, 1, 1636430734563, 1636430735230, 667, 265, 402, 0, 0, 0
7407, 1, 1636430734691, 1636430735354, 663, 267, 396, 1, 2, 3
7408, 1, 1636430734791, 1636430735442, 651, 254, 397, 0, 0, 0
7409, 1, 1636430734822, 1636430735486, 664, 270, 394, 0, 1, 1
7410, 1, 1636430734908, 1636430735582, 674, 274, 400, 1, 0, 1
7411, 1, 1636430734912, 1636430735582, 670, 266, 404, 1, 0, 1
7412, 1, 1636430734940, 1636430735606, 666, 268, 398, 1, 0, 1
7413, 1, 1636430735027, 1636430735682, 655, 254, 401, 0, 0, 0
7278, 2, 1636430725572, 1636430735749, 10177, 1, 10176, 0, 1, 1
7415, 1, 1636430735231, 1636430735890, 659, 262, 397, 0, 0, 0
7416, 1, 1636430735358, 1636430736030, 672, 274, 398, 0, 0, 0
7417, 1, 1636430735457, 1636430736126, 669, 265, 404, 0, 0, 0
7418, 1, 1636430735488, 1636430736202, 714, 266, 448, 0, 0, 0
7419, 1, 1636430735583, 1636430736290, 707, 268, 439, 0, 1, 1
7421, 1, 1636430735607, 1636430736294, 687, 278, 409, 0, 0, 0
7422, 1, 1636430735693, 1636430736354, 661, 263, 398, 0, 0, 0
7423, 1, 1636430735882, 1636430736550, 668, 269, 399, 0, 0, 0
7425, 1, 1636430736031, 1636430736730, 699, 306, 393, 0, 0, 0
7426, 1, 1636430736127, 1636430736798, 671, 269, 402, 0, 0, 0
7427, 1, 1636430736203, 1636430736870, 667, 270, 397, 0, 0, 0
7428, 1, 1636430736291, 1636430736970, 679, 274, 405, 1, 0, 1
7429, 1, 1636430736295, 1636430736978, 683, 274, 409, 0, 0, 0
7430, 1, 1636430736359, 1636430737022, 663, 266, 397, 0, 0, 0
7298, 2, 1636430726962, 1636430737142, 10180, 1, 10179, 0, 0, 0
7431, 1, 1636430736552, 1636430737218, 666, 266, 400, 0, 1, 1
7432, 1, 1636430736731, 1636430737438, 707, 302, 405, 1, 0, 1
7433, 1, 1636430736799, 1636430737498, 699, 298, 401, 1, 33, 34
7305, 2, 1636430727335, 1636430737517, 10182, 0, 10182, 0, 0, 0
7435, 1, 1636430736972, 1636430737686, 714, 273, 441, 3, 0, 3
7436, 1, 1636430736979, 1636430737690, 711, 273, 438, 1, 0, 1
7437, 1, 1636430737024, 1636430737718, 694, 267, 427, 1, 0, 1
7309, 2, 1636430727564, 1636430737745, 10181, 0, 10181, 0, 1, 1
7438, 1, 1636430737220, 1636430737898, 678, 270, 408, 0, 0, 0
7439, 1, 1636430737440, 1636430738142, 702, 302, 400, 1, 0, 1
7440, 1, 1636430737519, 1636430738194, 675, 278, 397, 0, 13, 13
7441, 1, 1636430737654, 1636430738318, 664, 263, 401, 1, 1, 2
7442, 1, 1636430737654, 1636430738322, 668, 264, 404, 0, 2, 2
7444, 1, 1636430737692, 1636430738350, 658, 266, 392, 0, 0, 0
7443, 1, 1636430737688, 1636430738354, 666, 262, 404, 0, 0, 0
7445, 1, 1636430737748, 1636430738410, 662, 266, 396, 2, 1, 3
7320, 2, 1636430728312, 1636430738485, 10173, 0, 10173, 0, 0, 0
7446, 1, 1636430737870, 1636430738538, 668, 270, 398, 0, 1, 1
7447, 1, 1636430737899, 1636430738570, 671, 269, 402, 0, 0, 0
7323, 2, 1636430728643, 1636430738825, 10182, 1, 10181, 1, 0, 1
7448, 1, 1636430738144, 1636430738838, 694, 306, 388, 1, 42, 43
7449, 1, 1636430738196, 1636430738866, 670, 266, 404, 0, 0, 0
7450, 1, 1636430738320, 1636430739022, 702, 264, 438, 0, 0, 0
7451, 1, 1636430738323, 1636430739022, 699, 270, 429, 1, 0, 1
7453, 1, 1636430738358, 1636430739022, 664, 268, 396, 1, 0, 1
7454, 1, 1636430738413, 1636430739090, 677, 282, 395, 0, 24, 24
7455, 1, 1636430738539, 1636430739202, 663, 270, 393, 0, 0, 0
7457, 1, 1636430738618, 1636430739270, 652, 259, 393, 0, 0, 0
7456, 1, 1636430738572, 1636430739274, 702, 306, 396, 1, 40, 41
7459, 1, 1636430738867, 1636430739538, 671, 270, 401, 0, 0, 0
7460, 1, 1636430738954, 1636430739618, 664, 266, 398, 0, 1, 1
7463, 1, 1636430739024, 1636430739686, 662, 269, 393, 1, 0, 1
7462, 1, 1636430739024, 1636430739686, 662, 270, 392, 1, 1, 2
7461, 1, 1636430739024, 1636430739698, 674, 275, 399, 0, 1, 1
7464, 1, 1636430739091, 1636430739750, 659, 262, 397, 0, 0, 0
7465, 1, 1636430739206, 1636430739866, 660, 262, 398, 1, 0, 1
7466, 1, 1636430739271, 1636430739930, 659, 262, 397, 1, 0, 1
7467, 1, 1636430739275, 1636430739938, 663, 266, 397, 0, 0, 0
7468, 1, 1636430739539, 1636430740198, 659, 262, 397, 1, 0, 1
7469, 1, 1636430739619, 1636430740286, 667, 269, 398, 0, 0, 0
7472, 1, 1636430739699, 1636430740358, 659, 262, 397, 0, 0, 0
7471, 1, 1636430739690, 1636430740362, 672, 269, 403, 0, 0, 0
7470, 1, 1636430739690, 1636430740362, 672, 267, 405, 1, 0, 1
7473, 1, 1636430739758, 1636430740418, 660, 262, 398, 0, 0, 0
7474, 1, 1636430739873, 1636430740542, 669, 266, 403, 0, 0, 0
7475, 1, 1636430739938, 1636430740614, 676, 273, 403, 0, 0, 0
7476, 1, 1636430739942, 1636430740622, 680, 275, 405, 1, 1, 2
7477, 1, 1636430740205, 1636430740870, 665, 270, 395, 0, 0, 0
7478, 1, 1636430740287, 1636430740958, 671, 270, 401, 0, 0, 0
7480, 1, 1636430740364, 1636430741030, 666, 270, 396, 1, 1, 2
7479, 1, 1636430740363, 1636430741034, 671, 273, 398, 0, 0, 0
7481, 1, 1636430740365, 1636430741042, 677, 275, 402, 0, 1, 1
7482, 1, 1636430740424, 1636430741078, 654, 258, 396, 0, 0, 0
7483, 1, 1636430740543, 1636430741218, 675, 274, 401, 0, 0, 0
7484, 1, 1636430740615, 1636430741282, 667, 271, 396, 1, 2, 3
7485, 1, 1636430740624, 1636430741282, 658, 265, 393, 0, 1, 1
7486, 1, 1636430740871, 1636430741530, 659, 266, 393, 0, 0, 0
7487, 1, 1636430740959, 1636430741622, 663, 262, 401, 0, 0, 0
7489, 1, 1636430741035, 1636430741706, 671, 266, 405, 0, 1, 1
7488, 1, 1636430741032, 1636430741706, 674, 264, 410, 0, 0, 0
7490, 1, 1636430741043, 1636430741718, 675, 274, 401, 0, 0, 0
7491, 1, 1636430741089, 1636430741750, 661, 262, 399, 0, 1, 1
7492, 1, 1636430741219, 1636430741882, 663, 271, 392, 0, 1, 1
7493, 1, 1636430741284, 1636430741954, 670, 270, 400, 0, 0, 0
7494, 1, 1636430741290, 1636430741962, 672, 270, 402, 0, 0, 0
7495, 1, 1636430741537, 1636430742202, 665, 270, 395, 1, 0, 1
7496, 1, 1636430741625, 1636430742278, 653, 259, 394, 0, 0, 0
7498, 1, 1636430741708, 1636430742370, 662, 268, 394, 0, 2, 2
7499, 1, 1636430741719, 1636430742374, 655, 256, 399, 0, 1, 1
7497, 1, 1636430741707, 1636430742378, 671, 267, 404, 0, 0, 0
7500, 1, 1636430741756, 1636430742418, 662, 265, 397, 0, 0, 0
7501, 1, 1636430741886, 1636430742554, 668, 269, 399, 0, 0, 0
7503, 1, 1636430741963, 1636430742622, 659, 265, 394, 0, 0, 0
7502, 1, 1636430741955, 1636430742626, 671, 274, 397, 1, 0, 1
7378, 2, 1636430732563, 1636430742741, 10178, 0, 10178, 0, 0, 0
7504, 1, 1636430742204, 1636430742862, 658, 266, 392, 0, 0, 0
7505, 1, 1636430742292, 1636430743010, 718, 314, 404, 0, 4, 4
7506, 1, 1636430742375, 1636430743042, 667, 266, 401, 0, 0, 0
7509, 1, 1636430742422, 1636430743098, 676, 282, 394, 0, 20, 20
7508, 1, 1636430742385, 1636430743102, 717, 267, 450, 2, 0, 2
7385, 2, 1636430733044, 1636430743217, 10173, 0, 10173, 0, 1, 1
7510, 1, 1636430742555, 1636430743217, 662, 270, 392, 0, 0, 0
7512, 1, 1636430742630, 1636430743314, 684, 267, 417, 1, 1, 2
7511, 1, 1636430742627, 1636430743322, 695, 273, 422, 1, 1, 2
7514, 1, 1636430742870, 1636430743570, 700, 302, 398, 0, 41, 41
7513, 1, 1636430742866, 1636430743586, 720, 314, 406, 0, 41, 41
7515, 1, 1636430743012, 1636430743674, 662, 266, 396, 0, 0, 0
7516, 1, 1636430743044, 1636430743718, 674, 274, 400, 0, 0, 0
7518, 1, 1636430743103, 1636430743794, 691, 267, 424, 2, 1, 3
7517, 1, 1636430743100, 1636430743798, 698, 267, 431, 0, 2, 2
7519, 1, 1636430743221, 1636430743882, 661, 265, 396, 0, 1, 1
7395, 2, 1636430733778, 1636430743958, 10180, 0, 10180, 0, 0, 0
7520, 1, 1636430743316, 1636430743973, 657, 265, 392, 0, 0, 0
7521, 1, 1636430743323, 1636430744002, 679, 270, 409, 0, 0, 0
7522, 1, 1636430743350, 1636430744014, 664, 267, 397, 1, 1, 2
7523, 1, 1636430743571, 1636430744238, 667, 271, 396, 0, 1, 1
7524, 1, 1636430743588, 1636430744250, 662, 263, 399, 2, 0, 2
7526, 1, 1636430743720, 1636430744402, 682, 283, 399, 0, 20, 20
7528, 1, 1636430743799, 1636430744490, 691, 267, 424, 0, 0, 0
7527, 1, 1636430743795, 1636430744494, 699, 266, 433, 0, 0, 0
7403, 2, 1636430734334, 1636430744513, 10179, 0, 10179, 0, 0, 0
7529, 1, 1636430743888, 1636430744546, 658, 262, 396, 0, 0, 0
7530, 1, 1636430743982, 1636430744650, 668, 271, 397, 0, 1, 1
7531, 1, 1636430744003, 1636430744674, 671, 266, 405, 0, 0, 0
7533, 1, 1636430744082, 1636430744786, 704, 302, 402, 0, 38, 38
7534, 1, 1636430744239, 1636430744906, 667, 270, 397, 0, 0, 0
7535, 1, 1636430744254, 1636430744962, 708, 310, 398, 0, 40, 40
7536, 1, 1636430744403, 1636430745090, 687, 264, 423, 0, 0, 0
7538, 1, 1636430744515, 1636430745182, 667, 271, 396, 1, 0, 1
7537, 1, 1636430744515, 1636430745186, 671, 272, 399, 2, 2, 4
7539, 1, 1636430744554, 1636430745222, 668, 270, 398, 0, 0, 0
7414, 2, 1636430735047, 1636430745225, 10178, 0, 10178, 0, 0, 0
7540, 1, 1636430744638, 1636430745306, 668, 265, 403, 1, 0, 1
7541, 1, 1636430744651, 1636430745310, 659, 266, 393, 0, 0, 0
7542, 1, 1636430744675, 1636430745342, 667, 265, 402, 0, 0, 0
7544, 1, 1636430744908, 1636430745582, 674, 282, 392, 1, 8, 9
7545, 1, 1636430744963, 1636430745682, 719, 314, 405, 1, 44, 45
7546, 1, 1636430745091, 1636430745766, 675, 266, 409, 0, 0, 0
7420, 2, 1636430735584, 1636430745797, 10213, 1, 10212, 2, 0, 2
7547, 1, 1636430745226, 1636430745882, 656, 263, 393, 0, 1, 1
7548, 1, 1636430745227, 1636430745902, 675, 279, 396, 0, 1, 1
7549, 1, 1636430745227, 1636430745906, 679, 278, 401, 0, 0, 0
7551, 1, 1636430745317, 1636430745978, 661, 261, 400, 1, 0, 1
7550, 1, 1636430745308, 1636430745986, 678, 273, 405, 1, 0, 1
7553, 1, 1636430745350, 1636430746014, 664, 262, 402, 1, 0, 1
7552, 1, 1636430745344, 1636430746062, 718, 271, 447, 1, 1, 2
7424, 2, 1636430735897, 1636430746073, 10176, 0, 10176, 0, 0, 0
7555, 1, 1636430745684, 1636430746378, 694, 270, 424, 0, 1, 1
7556, 1, 1636430745800, 1636430746462, 662, 269, 393, 0, 0, 0
7557, 1, 1636430745893, 1636430746558, 665, 262, 403, 0, 0, 0
7558, 1, 1636430745903, 1636430746610, 707, 269, 438, 1, 1, 2
7560, 1, 1636430745930, 1636430746614, 684, 269, 415, 3, 0, 3
7559, 1, 1636430745907, 1636430746614, 707, 270, 437, 2, 0, 2
7561, 1, 1636430745983, 1636430746642, 659, 260, 399, 2, 0, 2
7562, 1, 1636430745988, 1636430746658, 670, 265, 405, 1, 1, 2
7563, 1, 1636430746015, 1636430746686, 671, 271, 400, 0, 0, 0
7564, 1, 1636430746075, 1636430746738, 663, 262, 401, 0, 0, 0
7565, 1, 1636430746202, 1636430746870, 668, 266, 402, 0, 0, 0
7434, 2, 1636430736871, 1636430747045, 10174, 0, 10174, 0, 0, 0
7566, 1, 1636430746379, 1636430747045, 666, 266, 400, 0, 0, 0
7567, 1, 1636430746465, 1636430747126, 661, 263, 398, 0, 2, 2
7568, 1, 1636430746560, 1636430747222, 662, 270, 392, 1, 1, 2
7571, 1, 1636430746616, 1636430747306, 690, 294, 396, 0, 24, 24
7572, 1, 1636430746650, 1636430747310, 660, 262, 398, 0, 8, 8
7573, 1, 1636430746660, 1636430747314, 654, 255, 399, 0, 0, 0
7569, 1, 1636430746611, 1636430747318, 707, 303, 404, 1, 44, 45
7574, 1, 1636430746688, 1636430747350, 662, 266, 396, 0, 0, 0
7575, 1, 1636430746740, 1636430747406, 666, 269, 397, 1, 3, 4
7576, 1, 1636430746870, 1636430747529, 659, 266, 393, 0, 0, 0
7577, 1, 1636430747048, 1636430747714, 666, 266, 400, 0, 0, 0
7578, 1, 1636430747132, 1636430747790, 658, 261, 397, 1, 0, 1
7579, 1, 1636430747178, 1636430747834, 656, 262, 394, 0, 1, 1
7580, 1, 1636430747226, 1636430747882, 656, 262, 394, 0, 0, 0
7581, 1, 1636430747308, 1636430747966, 658, 262, 396, 1, 0, 1
7582, 1, 1636430747316, 1636430747974, 658, 263, 395, 1, 0, 1
7583, 1, 1636430747319, 1636430747982, 663, 258, 405, 0, 0, 0
7584, 1, 1636430747325, 1636430747990, 665, 263, 402, 0, 0, 0
7585, 1, 1636430747355, 1636430748010, 655, 263, 392, 0, 1, 1
7586, 1, 1636430747408, 1636430748066, 658, 261, 397, 0, 0, 0
7587, 1, 1636430747536, 1636430748198, 662, 262, 400, 0, 1, 1
7588, 1, 1636430747716, 1636430748374, 658, 262, 396, 0, 1, 1
7589, 1, 1636430747798, 1636430748466, 668, 269, 399, 1, 0, 1
7590, 1, 1636430747836, 1636430748502, 666, 271, 395, 0, 0, 0
7452, 2, 1636430738355, 1636430748533, 10178, 0, 10178, 0, 0, 0
7592, 1, 1636430747974, 1636430748634, 660, 266, 394, 0, 0, 0
7594, 1, 1636430747985, 1636430748642, 657, 265, 392, 0, 0, 0
7593, 1, 1636430747982, 1636430748650, 668, 274, 394, 2, 0, 2
7595, 1, 1636430747992, 1636430748662, 670, 266, 404, 1, 0, 1
7596, 1, 1636430748020, 1636430748678, 658, 266, 392, 0, 0, 0
7597, 1, 1636430748074, 1636430748738, 664, 266, 398, 1, 0, 1
7598, 1, 1636430748203, 1636430748894, 691, 290, 401, 0, 28, 28
7591, 1, 1636430747892, 1636430748922, 1030, 638, 392, 0, 0, 0
7458, 2, 1636430738839, 1636430749018, 10179, 0, 10179, 0, 0, 0
7599, 1, 1636430748382, 1636430749074, 692, 275, 417, 0, 1, 1
7600, 1, 1636430748467, 1636430749122, 655, 262, 393, 0, 0, 0
7601, 1, 1636430748535, 1636430749206, 671, 270, 401, 0, 0, 0
7602, 1, 1636430748639, 1636430749310, 671, 263, 408, 1, 0, 1
7603, 1, 1636430748651, 1636430749314, 663, 263, 400, 1, 0, 1
7606, 1, 1636430748666, 1636430749374, 708, 309, 399, 0, 45, 45
7607, 1, 1636430748686, 1636430749378, 692, 295, 397, 1, 37, 38
7605, 1, 1636430748663, 1636430749378, 715, 314, 401, 0, 45, 45
7525, 1, 1636430743678, 1636430749522, 5844, 5434, 410, 0, 0, 0
7609, 1, 1636430748895, 1636430749602, 707, 270, 437, 0, 0, 0
7610, 1, 1636430748924, 1636430749602, 678, 270, 408, 2, 0, 2
7611, 1, 1636430749075, 1636430749734, 659, 261, 398, 0, 1, 1
7608, 1, 1636430748740, 1636430749758, 1018, 618, 400, 0, 0, 0
7612, 1, 1636430749134, 1636430749794, 660, 262, 398, 0, 0, 0
7613, 1, 1636430749146, 1636430749818, 672, 282, 390, 0, 1, 1
7614, 1, 1636430749207, 1636430749862, 655, 266, 389, 0, 0, 0
7615, 1, 1636430749311, 1636430749978, 667, 267, 400, 1, 0, 1
7616, 1, 1636430749317, 1636430749982, 665, 263, 402, 1, 0, 1
7617, 1, 1636430749376, 1636430750046, 670, 267, 403, 0, 1, 1
7618, 1, 1636430749379, 1636430750046, 667, 263, 404, 0, 1, 1
7619, 1, 1636430749379, 1636430750066, 687, 275, 412, 1, 1, 2
7620, 1, 1636430749523, 1636430750186, 663, 266, 397, 0, 0, 0
7621, 1, 1636430749603, 1636430750266, 663, 266, 397, 0, 0, 0
7622, 1, 1636430749604, 1636430750274, 670, 275, 395, 2, 0, 2
7623, 1, 1636430749742, 1636430750414, 672, 274, 398, 0, 1, 1
7624, 1, 1636430749759, 1636430750426, 667, 266, 401, 1, 0, 1
7625, 1, 1636430749800, 1636430750458, 658, 262, 396, 0, 0, 0
7626, 1, 1636430749820, 1636430750486, 666, 278, 388, 0, 0, 0
7627, 1, 1636430749872, 1636430750530, 658, 266, 392, 0, 0, 0
7628, 1, 1636430749979, 1636430750646, 667, 270, 397, 0, 0, 0
7629, 1, 1636430749984, 1636430750650, 666, 266, 400, 0, 0, 0
7631, 1, 1636430750048, 1636430750710, 662, 266, 396, 0, 0, 0
7630, 1, 1636430750048, 1636430750710, 662, 267, 395, 1, 0, 1
7632, 1, 1636430750068, 1636430750730, 662, 262, 400, 0, 0, 0
7634, 1, 1636430750270, 1636430750926, 656, 261, 395, 0, 0, 0
7635, 1, 1636430750276, 1636430750938, 662, 266, 396, 0, 0, 0
7636, 1, 1636430750416, 1636430751078, 662, 262, 400, 0, 0, 0
7637, 1, 1636430750428, 1636430751098, 670, 270, 400, 0, 0, 0
7638, 1, 1636430750466, 1636430751134, 668, 269, 399, 0, 0, 0
7639, 1, 1636430750487, 1636430751166, 679, 282, 397, 0, 0, 0
7640, 1, 1636430750539, 1636430751198, 659, 265, 394, 0, 0, 0
7641, 1, 1636430750647, 1636430751310, 663, 266, 397, 0, 0, 0
7642, 1, 1636430750651, 1636430751318, 667, 262, 405, 1, 0, 1
7644, 1, 1636430750714, 1636430751370, 656, 265, 391, 0, 0, 0
7643, 1, 1636430750714, 1636430751378, 664, 266, 398, 0, 1, 1
7645, 1, 1636430750734, 1636430751406, 672, 270, 402, 0, 0, 0
7646, 1, 1636430750936, 1636430751606, 670, 270, 400, 0, 0, 0
7648, 1, 1636430751081, 1636430751758, 677, 270, 407, 0, 0, 0
7649, 1, 1636430751099, 1636430751770, 671, 271, 400, 2, 0, 2
7650, 1, 1636430751135, 1636430751802, 667, 271, 396, 0, 2, 2
7651, 1, 1636430751168, 1636430751826, 658, 266, 392, 0, 0, 0
7652, 1, 1636430751206, 1636430751874, 668, 274, 394, 0, 0, 0
7653, 1, 1636430751312, 1636430751990, 678, 270, 408, 1, 0, 1
7655, 1, 1636430751381, 1636430752050, 669, 273, 396, 0, 0, 0
7656, 1, 1636430751381, 1636430752054, 673, 266, 407, 0, 0, 0
7657, 1, 1636430751407, 1636430752074, 667, 269, 398, 1, 0, 1
7658, 1, 1636430751607, 1636430752278, 671, 274, 397, 0, 0, 0
7659, 1, 1636430751760, 1636430752430, 670, 271, 399, 1, 0, 1
7660, 1, 1636430751772, 1636430752450, 678, 274, 404, 0, 0, 0
7661, 1, 1636430751804, 1636430752466, 662, 262, 400, 0, 0, 0
7662, 1, 1636430751834, 1636430752506, 672, 270, 402, 0, 0, 0
7663, 1, 1636430751875, 1636430752542, 667, 270, 397, 1, 0, 1
7507, 2, 1636430742379, 1636430752561, 10182, 1, 10181, 0, 0, 0
7665, 1, 1636430752052, 1636430752722, 670, 274, 396, 0, 0, 0
7666, 1, 1636430752056, 1636430752722, 666, 270, 396, 2, 0, 2
7667, 1, 1636430752076, 1636430752746, 670, 274, 396, 0, 0, 0
7664, 1, 1636430751991, 1636430752914, 923, 522, 401, 0, 3, 3
7668, 1, 1636430752279, 1636430752946, 667, 270, 397, 0, 0, 0
7669, 1, 1636430752431, 1636430753098, 667, 265, 402, 0, 0, 0
7670, 1, 1636430752452, 1636430753138, 686, 270, 416, 0, 0, 0
7672, 1, 1636430752507, 1636430753174, 667, 275, 392, 0, 0, 0
7673, 1, 1636430752562, 1636430753210, 648, 259, 389, 0, 0, 0
7674, 1, 1636430752702, 1636430753374, 672, 274, 398, 0, 0, 0
7675, 1, 1636430752723, 1636430753394, 671, 274, 397, 0, 0, 0
7676, 1, 1636430752724, 1636430753398, 674, 272, 402, 0, 0, 0
7677, 1, 1636430752748, 1636430753402, 654, 258, 396, 1, 0, 1
7671, 1, 1636430752470, 1636430753542, 1072, 667, 405, 1, 1, 2
7678, 1, 1636430752915, 1636430753590, 675, 275, 400, 0, 0, 0
7679, 1, 1636430752948, 1636430753614, 666, 266, 400, 0, 0, 0
7680, 1, 1636430753099, 1636430753754, 655, 254, 401, 0, 0, 0
7681, 1, 1636430753139, 1636430753794, 655, 262, 393, 1, 0, 1
7682, 1, 1636430753175, 1636430753842, 667, 274, 393, 0, 0, 0
7683, 1, 1636430753228, 1636430753886, 658, 262, 396, 1, 0, 1
7684, 1, 1636430753375, 1636430754038, 663, 266, 397, 1, 0, 1
7685, 1, 1636430753395, 1636430754066, 671, 270, 401, 1, 0, 1
7686, 1, 1636430753400, 1636430754066, 666, 265, 401, 0, 0, 0
7687, 1, 1636430753414, 1636430754070, 656, 262, 394, 0, 0, 0
7532, 2, 1636430744016, 1636430754193, 10177, 0, 10177, 0, 0, 0
7688, 1, 1636430753543, 1636430754201, 658, 262, 396, 0, 0, 0
7689, 1, 1636430753591, 1636430754246, 655, 258, 397, 1, 0, 1
7690, 1, 1636430753616, 1636430754330, 714, 322, 392, 0, 1, 1
7692, 1, 1636430753806, 1636430754494, 688, 283, 405, 0, 0, 0
7694, 1, 1636430753895, 1636430754550, 655, 263, 392, 0, 1, 1
7693, 1, 1636430753844, 1636430754550, 706, 313, 393, 0, 37, 37
7691, 1, 1636430753765, 1636430754682, 917, 526, 391, 0, 0, 0
7696, 1, 1636430754068, 1636430754734, 666, 272, 394, 1, 2, 3
7697, 1, 1636430754068, 1636430754734, 666, 271, 395, 2, 0, 2
7695, 1, 1636430754041, 1636430754738, 697, 273, 424, 2, 0, 2
7698, 1, 1636430754080, 1636430754782, 702, 271, 431, 1, 0, 1
7699, 1, 1636430754210, 1636430754882, 672, 271, 401, 1, 0, 1
7700, 1, 1636430754257, 1636430754914, 657, 259, 398, 0, 1, 1
7543, 2, 1636430744787, 1636430754961, 10174, 0, 10174, 0, 0, 0
7701, 1, 1636430754322, 1636430754994, 672, 270, 402, 1, 0, 1
7702, 1, 1636430754331, 1636430754994, 663, 270, 393, 0, 0, 0
7705, 1, 1636430754561, 1636430755226, 665, 270, 395, 0, 5, 5
7703, 1, 1636430754496, 1636430755230, 734, 335, 399, 0, 40, 40
7704, 1, 1636430754551, 1636430755234, 683, 281, 402, 0, 12, 12
7707, 1, 1636430754735, 1636430755410, 675, 273, 402, 2, 0, 2
7708, 1, 1636430754735, 1636430755414, 679, 272, 407, 1, 4, 5
7710, 1, 1636430754783, 1636430755490, 707, 315, 392, 47, 0, 47
7711, 1, 1636430754883, 1636430755534, 651, 258, 393, 0, 0, 0
7712, 1, 1636430754963, 1636430755630, 667, 267, 400, 0, 1, 1
7713, 1, 1636430754996, 1636430755662, 666, 271, 395, 1, 1, 2
7714, 1, 1636430754997, 1636430755662, 665, 270, 395, 1, 1, 2
7709, 1, 1636430754739, 1636430755678, 939, 534, 405, 0, 0, 0
7715, 1, 1636430755090, 1636430755750, 660, 262, 398, 1, 0, 1
7554, 2, 1636430745583, 1636430755761, 10178, 0, 10178, 0, 0, 0
7716, 1, 1636430755227, 1636430755886, 659, 266, 393, 0, 0, 0
7718, 1, 1636430755235, 1636430755898, 663, 271, 392, 1, 1, 2
7720, 1, 1636430755415, 1636430756118, 703, 305, 398, 0, 37, 37
7719, 1, 1636430755411, 1636430756118, 707, 306, 401, 1, 33, 34
7717, 1, 1636430755231, 1636430756122, 891, 490, 401, 1, 0, 1
7721, 1, 1636430755491, 1636430756162, 671, 265, 406, 1, 0, 1
7722, 1, 1636430755549, 1636430756214, 665, 262, 403, 1, 0, 1
7723, 1, 1636430755631, 1636430756290, 659, 260, 399, 1, 1, 2
7724, 1, 1636430755664, 1636430756338, 674, 267, 407, 1, 2, 3
7725, 1, 1636430755664, 1636430756341, 677, 263, 414, 1, 1, 2
7726, 1, 1636430755679, 1636430756342, 663, 258, 405, 0, 0, 0
7727, 1, 1636430755763, 1636430756430, 667, 274, 393, 3, 0, 3
7729, 1, 1636430755894, 1636430756558, 664, 270, 394, 0, 1, 1
7728, 1, 1636430755886, 1636430756558, 672, 272, 400, 0, 2, 2
7730, 1, 1636430755901, 1636430756562, 661, 262, 399, 0, 1, 1
7732, 1, 1636430756120, 1636430756782, 662, 270, 392, 2, 1, 3
7570, 2, 1636430746615, 1636430756785, 10170, 1, 10169, 2, 0, 2
7731, 1, 1636430756119, 1636430756786, 667, 271, 396, 0, 2, 2
7733, 1, 1636430756123, 1636430756794, 671, 273, 398, 0, 0, 0
7734, 1, 1636430756164, 1636430756830, 666, 264, 402, 0, 1, 1
7735, 1, 1636430756216, 1636430756870, 654, 262, 392, 0, 0, 0
7736, 1, 1636430756298, 1636430756958, 660, 267, 393, 2, 0, 2
7739, 1, 1636430756345, 1636430757050, 705, 311, 394, 1, 41, 42
7738, 1, 1636430756343, 1636430757054, 711, 311, 400, 0, 41, 41
7740, 1, 1636430756431, 1636430757094, 663, 269, 394, 1, 0, 1
7741, 1, 1636430756559, 1636430757230, 671, 282, 389, 0, 13, 13
7742, 1, 1636430756560, 1636430757230, 670, 278, 392, 0, 9, 9
7743, 1, 1636430756567, 1636430757234, 667, 274, 393, 1, 1, 2
7737, 1, 1636430756339, 1636430757270, 931, 535, 396, 0, 1, 1
7744, 1, 1636430756787, 1636430757446, 659, 266, 393, 0, 1, 1
7745, 1, 1636430756787, 1636430757454, 667, 267, 400, 0, 3, 3
7746, 1, 1636430756795, 1636430757490, 695, 303, 392, 1, 1, 2
7747, 1, 1636430756832, 1636430757498, 666, 264, 402, 0, 1, 1
7748, 1, 1636430756883, 1636430757546, 663, 261, 402, 0, 1, 1
7749, 1, 1636430756919, 1636430757574, 655, 262, 393, 0, 0, 0
7750, 1, 1636430756964, 1636430757622, 658, 266, 392, 0, 0, 0
7751, 1, 1636430757051, 1636430757714, 663, 266, 397, 0, 0, 0
7752, 1, 1636430757055, 1636430757718, 663, 266, 397, 1, 0, 1
7753, 1, 1636430757098, 1636430757762, 664, 265, 399, 0, 0, 0
7756, 1, 1636430757235, 1636430757894, 659, 263, 396, 0, 1, 1
7755, 1, 1636430757231, 1636430757894, 663, 260, 403, 0, 1, 1
7757, 1, 1636430757271, 1636430757930, 659, 261, 398, 0, 0, 0
7759, 1, 1636430757455, 1636430758118, 663, 266, 397, 1, 0, 1
7758, 1, 1636430757454, 1636430758118, 664, 266, 398, 0, 0, 0
7760, 1, 1636430757491, 1636430758170, 679, 277, 402, 0, 1, 1
7761, 1, 1636430757500, 1636430758170, 670, 269, 401, 1, 2, 3
7763, 1, 1636430757576, 1636430758238, 662, 265, 397, 0, 0, 0
7764, 1, 1636430757630, 1636430758298, 668, 271, 397, 1, 1, 2
7762, 1, 1636430757549, 1636430758342, 793, 398, 395, 0, 0, 0
7765, 1, 1636430757716, 1636430758378, 662, 259, 403, 0, 0, 0
7766, 1, 1636430757722, 1636430758382, 660, 267, 393, 1, 0, 1
7767, 1, 1636430757765, 1636430758438, 673, 270, 403, 0, 0, 0
7768, 1, 1636430757898, 1636430758566, 668, 262, 406, 0, 0, 0
7769, 1, 1636430757904, 1636430758566, 662, 266, 396, 0, 0, 0
7770, 1, 1636430757937, 1636430758610, 673, 266, 407, 0, 1, 1
7772, 1, 1636430758121, 1636430758786, 665, 262, 403, 1, 1, 2
7604, 2, 1636430748652, 1636430758825, 10173, 0, 10173, 0, 1, 1
7773, 1, 1636430758172, 1636430758834, 662, 263, 399, 0, 1, 1
7774, 1, 1636430758172, 1636430758834, 662, 271, 391, 0, 1, 1
7775, 1, 1636430758242, 1636430758902, 660, 262, 398, 0, 0, 0
7776, 1, 1636430758299, 1636430758962, 663, 263, 400, 0, 0, 0
7777, 1, 1636430758343, 1636430759002, 659, 266, 393, 0, 1, 1
7779, 1, 1636430758388, 1636430759090, 702, 306, 396, 0, 44, 44
7780, 1, 1636430758439, 1636430759090, 651, 258, 393, 0, 0, 0
7778, 1, 1636430758383, 1636430759094, 711, 310, 401, 0, 40, 40
7783, 1, 1636430758611, 1636430759274, 663, 265, 398, 1, 0, 1
7782, 1, 1636430758568, 1636430759274, 706, 312, 394, 0, 40, 40
7781, 1, 1636430758567, 1636430759274, 707, 310, 397, 3, 40, 43
7784, 1, 1636430758827, 1636430759497, 670, 271, 399, 2, 0, 2
7786, 1, 1636430758839, 1636430759506, 667, 271, 396, 2, 0, 2
7785, 1, 1636430758837, 1636430759542, 705, 303, 402, 0, 2, 2
7787, 1, 1636430758908, 1636430759566, 658, 262, 396, 0, 0, 0
7788, 1, 1636430758954, 1636430759614, 660, 258, 402, 1, 0, 1
7789, 1, 1636430758965, 1636430759630, 665, 268, 397, 1, 0, 1
7790, 1, 1636430759009, 1636430759674, 665, 271, 394, 2, 0, 2
7792, 1, 1636430759095, 1636430759762, 667, 266, 401, 0, 0, 0
7793, 1, 1636430759106, 1636430759770, 664, 266, 398, 0, 0, 0
7794, 1, 1636430759275, 1636430759942, 667, 278, 389, 0, 0, 0
7796, 1, 1636430759277, 1636430759946, 669, 267, 402, 2, 1, 3
7795, 1, 1636430759275, 1636430760054, 779, 379, 400, 2, 0, 2
7798, 1, 1636430759507, 1636430760170, 663, 262, 401, 0, 0, 0
7797, 1, 1636430759499, 1636430760178, 679, 268, 411, 0, 0, 0
7799, 1, 1636430759543, 1636430760218, 675, 270, 405, 1, 0, 1
7800, 1, 1636430759574, 1636430760238, 664, 270, 394, 0, 0, 0
7801, 1, 1636430759615, 1636430760278, 663, 271, 392, 0, 1, 1
7802, 1, 1636430759632, 1636430760294, 662, 269, 393, 0, 0, 0
7803, 1, 1636430759676, 1636430760342, 666, 263, 403, 1, 0, 1
7633, 2, 1636430750189, 1636430760365, 10176, 1, 10175, 0, 1, 1
7805, 1, 1636430759772, 1636430760426, 654, 258, 396, 1, 0, 1
7804, 1, 1636430759764, 1636430760430, 666, 262, 404, 0, 0, 0
7806, 1, 1636430759944, 1636430760626, 682, 294, 388, 0, 0, 0
7807, 1, 1636430759947, 1636430760634, 687, 282, 405, 0, 20, 20
7808, 1, 1636430760056, 1636430760722, 666, 267, 399, 1, 0, 1
7809, 1, 1636430760174, 1636430760846, 672, 270, 402, 0, 2, 2
7810, 1, 1636430760179, 1636430760846, 667, 263, 404, 0, 0, 0
7811, 1, 1636430760220, 1636430760890, 670, 265, 405, 1, 1, 2
7812, 1, 1636430760240, 1636430760890, 650, 261, 389, 0, 2, 2
7813, 1, 1636430760282, 1636430760942, 660, 267, 393, 1, 0, 1
7814, 1, 1636430760298, 1636430760958, 660, 266, 394, 1, 0, 1
7815, 1, 1636430760367, 1636430761038, 671, 266, 405, 0, 0, 0
7817, 1, 1636430760439, 1636430761094, 655, 261, 394, 0, 0, 0
7816, 1, 1636430760431, 1636430761098, 667, 266, 401, 0, 0, 0
7647, 2, 1636430750942, 1636430761117, 10175, 0, 10175, 0, 0, 0
7818, 1, 1636430760490, 1636430761154, 664, 271, 393, 0, 0, 0
7819, 1, 1636430760627, 1636430761290, 663, 263, 400, 0, 1, 1
7820, 1, 1636430760635, 1636430761306, 671, 266, 405, 0, 0, 0
7821, 1, 1636430760723, 1636430761394, 671, 274, 397, 1, 1, 2
7654, 2, 1636430751320, 1636430761497, 10177, 0, 10177, 0, 0, 0
7823, 1, 1636430760848, 1636430761566, 718, 271, 447, 2, 1, 3
7822, 1, 1636430760848, 1636430761570, 722, 272, 450, 2, 0, 2
7825, 1, 1636430760906, 1636430761574, 668, 262, 406, 1, 0, 1
7824, 1, 1636430760891, 1636430761574, 683, 277, 406, 1, 1, 2
7826, 1, 1636430760948, 1636430761658, 710, 273, 437, 3, 0, 3
7828, 1, 1636430761040, 1636430761698, 658, 266, 392, 0, 0, 0
7830, 1, 1636430761120, 1636430761782, 662, 266, 396, 0, 0, 0
7829, 1, 1636430761120, 1636430761786, 666, 266, 400, 0, 0, 0
7831, 1, 1636430761156, 1636430761854, 698, 302, 396, 0, 31, 31
7832, 1, 1636430761246, 1636430761942, 696, 307, 389, 1, 40, 41
7834, 1, 1636430761307, 1636430761974, 667, 271, 396, 0, 1, 1
7833, 1, 1636430761293, 1636430762026, 733, 326, 407, 0, 0, 0
7835, 1, 1636430761395, 1636430762070, 675, 262, 413, 0, 0, 0
7836, 1, 1636430761567, 1636430762238, 671, 279, 392, 2, 0, 2
7838, 1, 1636430761575, 1636430762250, 675, 274, 401, 0, 1, 1
7839, 1, 1636430761576, 1636430762254, 678, 269, 409, 0, 0, 0
7837, 1, 1636430761571, 1636430762258, 687, 275, 412, 2, 1, 3
7840, 1, 1636430761630, 1636430762294, 664, 267, 397, 0, 1, 1
7841, 1, 1636430761660, 1636430762330, 670, 274, 396, 0, 1, 1
7842, 1, 1636430761706, 1636430762378, 672, 274, 398, 0, 0, 0
7843, 1, 1636430761784, 1636430762454, 670, 274, 396, 0, 0, 0
7844, 1, 1636430761788, 1636430762462, 674, 275, 399, 2, 0, 2
7845, 1, 1636430761855, 1636430762526, 671, 265, 406, 0, 0, 0
7846, 1, 1636430761944, 1636430762618, 674, 273, 401, 1, 0, 1
7847, 1, 1636430761975, 1636430762642, 667, 267, 400, 1, 1, 2
7848, 1, 1636430762028, 1636430762686, 658, 267, 391, 1, 0, 1
7849, 1, 1636430762071, 1636430762742, 671, 266, 405, 0, 0, 0
7851, 1, 1636430762251, 1636430762906, 655, 262, 393, 0, 0, 0
7852, 1, 1636430762255, 1636430762906, 651, 254, 397, 0, 0, 0
7850, 1, 1636430762240, 1636430762910, 670, 270, 400, 0, 0, 0
7853, 1, 1636430762260, 1636430762926, 666, 262, 404, 1, 0, 1
7854, 1, 1636430762296, 1636430762954, 658, 254, 404, 0, 0, 0
7855, 1, 1636430762331, 1636430762994, 663, 269, 394, 0, 0, 0
7856, 1, 1636430762379, 1636430763042, 663, 266, 397, 0, 0, 0
7857, 1, 1636430762455, 1636430763126, 671, 270, 401, 0, 0, 0
7858, 1, 1636430762463, 1636430763130, 667, 266, 401, 0, 0, 0
7859, 1, 1636430762527, 1636430763202, 675, 274, 401, 0, 0, 0
7860, 1, 1636430762620, 1636430763290, 670, 274, 396, 0, 1, 1
7861, 1, 1636430762644, 1636430763318, 674, 274, 400, 2, 0, 2
7862, 1, 1636430762694, 1636430763354, 660, 263, 397, 1, 0, 1
7863, 1, 1636430762743, 1636430763406, 663, 263, 400, 0, 1, 1
7864, 1, 1636430762911, 1636430763574, 663, 266, 397, 0, 0, 0
7865, 1, 1636430762918, 1636430763593, 675, 273, 402, 0, 0, 0
7866, 1, 1636430762921, 1636430763593, 672, 273, 399, 1, 0, 1
7867, 1, 1636430762928, 1636430763602, 674, 270, 404, 0, 0, 0
7868, 1, 1636430762961, 1636430763626, 665, 263, 402, 1, 0, 1
7869, 1, 1636430762998, 1636430763666, 668, 270, 398, 1, 0, 1
7872, 1, 1636430763203, 1636430763870, 667, 271, 396, 1, 0, 1
7873, 1, 1636430763292, 1636430763946, 654, 259, 395, 0, 0, 0
7875, 1, 1636430763361, 1636430764022, 661, 266, 395, 0, 0, 0
7874, 1, 1636430763319, 1636430764038, 719, 318, 401, 0, 1, 1
7878, 1, 1636430763595, 1636430764254, 659, 270, 389, 0, 0, 0
7879, 1, 1636430763595, 1636430764254, 659, 262, 397, 0, 0, 0
7881, 1, 1636430763627, 1636430764298, 671, 274, 397, 0, 0, 0
7882, 1, 1636430763668, 1636430764330, 662, 270, 392, 1, 0, 1
7880, 1, 1636430763604, 1636430764474, 870, 477, 393, 0, 0, 0
7883, 1, 1636430763871, 1636430764546, 675, 270, 405, 0, 0, 0
7884, 1, 1636430763958, 1636430764626, 668, 270, 398, 0, 0, 0
7886, 1, 1636430764039, 1636430764702, 663, 265, 398, 0, 0, 0
7706, 2, 1636430754683, 1636430764861, 10178, 0, 10178, 0, 0, 0
7888, 1, 1636430764261, 1636430764934, 673, 273, 400, 0, 0, 0
7887, 1, 1636430764261, 1636430764934, 673, 270, 403, 0, 0, 0
7889, 1, 1636430764299, 1636430764970, 671, 267, 404, 1, 0, 1
7890, 1, 1636430764334, 1636430765006, 672, 274, 398, 0, 0, 0
7891, 1, 1636430764548, 1636430765222, 674, 269, 405, 0, 0, 0
7892, 1, 1636430764627, 1636430765302, 675, 286, 389, 0, 19, 19
7893, 1, 1636430764705, 1636430765398, 693, 266, 427, 0, 0, 0
7896, 1, 1636430764971, 1636430765629, 658, 262, 396, 0, 0, 0
7898, 1, 1636430765008, 1636430765666, 658, 261, 397, 0, 0, 0
7897, 1, 1636430764990, 1636430765670, 680, 270, 410, 0, 0, 0
7899, 1, 1636430765223, 1636430765878, 655, 258, 397, 0, 0, 0
7900, 1, 1636430765304, 1636430765962, 658, 258, 400, 0, 0, 0
7902, 1, 1636430765637, 1636430766310, 673, 265, 408, 0, 0, 0
7904, 1, 1636430765674, 1636430766334, 660, 267, 393, 0, 1, 1
7903, 1, 1636430765671, 1636430766342, 671, 275, 396, 1, 0, 1
7905, 1, 1636430765889, 1636430766562, 673, 270, 403, 0, 0, 0
7906, 1, 1636430765970, 1636430766638, 668, 270, 398, 0, 0, 0
7907, 1, 1636430766311, 1636430766966, 655, 263, 392, 0, 0, 0
7909, 1, 1636430766344, 1636430767010, 666, 270, 396, 0, 0, 0
7910, 1, 1636430766563, 1636430767238, 675, 270, 405, 1, 1, 2
7911, 1, 1636430766640, 1636430767310, 670, 268, 402, 0, 0, 0
7754, 2, 1636430757231, 1636430767405, 10174, 0, 10174, 0, 0, 0
7912, 1, 1636430766978, 1636430767670, 692, 299, 393, 0, 33, 33
7913, 1, 1636430767011, 1636430767682, 671, 270, 401, 1, 0, 1
7914, 1, 1636430767239, 1636430767942, 703, 269, 434, 0, 0, 0
7916, 1, 1636430767534, 1636430768206, 672, 270, 402, 0, 0, 0
7771, 2, 1636430758120, 1636430768302, 10182, 1, 10181, 0, 1, 1
7917, 1, 1636430767671, 1636430768338, 667, 270, 397, 0, 0, 0
7918, 1, 1636430767683, 1636430768350, 667, 267, 400, 0, 0, 0
7919, 1, 1636430767944, 1636430768606, 662, 262, 400, 0, 0, 0
7920, 1, 1636430768207, 1636430768890, 683, 275, 408, 0, 1, 1
7921, 1, 1636430768340, 1636430769002, 662, 266, 396, 0, 0, 0
7922, 1, 1636430768352, 1636430769018, 666, 270, 396, 0, 0, 0
7791, 2, 1636430759091, 1636430769265, 10174, 0, 10174, 0, 0, 0
7924, 1, 1636430768610, 1636430769270, 660, 262, 398, 0, 0, 0
7923, 1, 1636430768426, 1636430769470, 1044, 646, 398, 0, 1, 1
7925, 1, 1636430768891, 1636430769558, 667, 276, 391, 1, 1, 2
7927, 1, 1636430769020, 1636430769714, 694, 295, 399, 0, 29, 29
7926, 1, 1636430769005, 1636430769714, 709, 266, 443, 0, 0, 0
7928, 1, 1636430769277, 1636430769954, 677, 278, 399, 1, 0, 1
7929, 1, 1636430769394, 1636430770070, 676, 270, 406, 0, 1, 1
7930, 1, 1636430769471, 1636430770130, 659, 263, 396, 0, 1, 1
7931, 1, 1636430769560, 1636430770218, 658, 266, 392, 0, 0, 0
7933, 1, 1636430769716, 1636430770394, 678, 278, 400, 0, 1, 1
7932, 1, 1636430769715, 1636430770394, 679, 278, 401, 1, 0, 1
7934, 1, 1636430769955, 1636430770614, 659, 261, 398, 0, 0, 0
7935, 1, 1636430770072, 1636430770742, 670, 262, 408, 1, 0, 1
7936, 1, 1636430770137, 1636430770794, 657, 263, 394, 0, 0, 0
7937, 1, 1636430770225, 1636430770882, 657, 266, 391, 0, 0, 0
7939, 1, 1636430770396, 1636430771065, 669, 275, 394, 1, 0, 1
7827, 2, 1636430760963, 1636430771161, 10198, 0, 10198, 3, 0, 3
7940, 1, 1636430770622, 1636430771286, 664, 270, 394, 1, 0, 1
7941, 1, 1636430770743, 1636430771426, 683, 287, 396, 0, 16, 16
7942, 1, 1636430770803, 1636430771470, 667, 266, 401, 0, 0, 0
7943, 1, 1636430770892, 1636430771558, 666, 275, 391, 0, 1, 1
7944, 1, 1636430771067, 1636430771742, 675, 273, 402, 0, 0, 0
7947, 1, 1636430771427, 1636430772086, 659, 262, 397, 1, 0, 1
7948, 1, 1636430771471, 1636430772130, 659, 267, 392, 0, 1, 1
7946, 1, 1636430771298, 1636430772194, 896, 498, 398, 0, 0, 0
7949, 1, 1636430771560, 1636430772226, 666, 266, 400, 0, 0, 0
7950, 1, 1636430771744, 1636430772410, 666, 270, 396, 1, 0, 1
7951, 1, 1636430772094, 1636430772762, 668, 275, 393, 0, 2, 2
7952, 1, 1636430772138, 1636430772806, 668, 271, 397, 0, 1, 1
7953, 1, 1636430772196, 1636430772866, 670, 270, 400, 0, 0, 0
7954, 1, 1636430772228, 1636430772894, 666, 267, 399, 1, 0, 1
7871, 2, 1636430763131, 1636430773305, 10174, 1, 10173, 0, 1, 1
7870, 2, 1636430763128, 1636430773349, 10221, 0, 10221, 0, 0, 0
7956, 1, 1636430772764, 1636430773430, 666, 266, 400, 1, 0, 1
7957, 1, 1636430772807, 1636430773478, 671, 267, 404, 1, 1, 2
7876, 2, 1636430763410, 1636430773589, 10179, 0, 10179, 0, 0, 0
7959, 1, 1636430772895, 1636430773610, 715, 277, 438, 0, 7, 7
7958, 1, 1636430772867, 1636430773618, 751, 306, 445, 0, 44, 44
7877, 2, 1636430763578, 1636430773758, 10180, 0, 10180, 0, 0, 0
7962, 1, 1636430773438, 1636430774134, 696, 278, 418, 2, 1, 3
7961, 1, 1636430773434, 1636430774138, 704, 273, 431, 1, 1, 2
7960, 1, 1636430773432, 1636430774138, 706, 272, 434, 0, 0, 0
7963, 1, 1636430773479, 1636430774198, 719, 299, 420, 0, 42, 42
7885, 2, 1636430764027, 1636430774201, 10174, 0, 10174, 0, 0, 0
7964, 1, 1636430773611, 1636430774302, 691, 273, 418, 0, 1, 1
7965, 1, 1636430773619, 1636430774302, 683, 274, 409, 1, 1, 2
7967, 1, 1636430773890, 1636430774566, 676, 267, 409, 0, 1, 1
7966, 1, 1636430773759, 1636430774742, 983, 630, 353, 0, 0, 0
7969, 1, 1636430774139, 1636430774798, 659, 266, 393, 0, 0, 0
7970, 1, 1636430774139, 1636430774802, 663, 269, 394, 0, 0, 0
7968, 1, 1636430774135, 1636430774806, 671, 274, 397, 1, 0, 1
7971, 1, 1636430774202, 1636430774858, 656, 261, 395, 0, 1, 1
7972, 1, 1636430774303, 1636430774966, 663, 272, 391, 0, 0, 0
7973, 1, 1636430774303, 1636430774970, 667, 272, 395, 2, 0, 2
7974, 1, 1636430774330, 1636430775014, 684, 288, 396, 0, 1, 1
7895, 2, 1636430764935, 1636430775110, 10175, 0, 10175, 0, 1, 1
7894, 2, 1636430764935, 1636430775157, 10222, 0, 10222, 0, 0, 0
7975, 1, 1636430774568, 1636430775230, 662, 266, 396, 0, 0, 0
7976, 1, 1636430774744, 1636430775422, 678, 282, 396, 0, 15, 15
7978, 1, 1636430774805, 1636430775518, 713, 313, 400, 0, 41, 41
7979, 1, 1636430774807, 1636430775518, 711, 306, 405, 1, 40, 41
7977, 1, 1636430774805, 1636430775518, 713, 314, 399, 1, 41, 42
7901, 2, 1636430765400, 1636430775573, 10173, 0, 10173, 0, 0, 0
7980, 1, 1636430774868, 1636430775602, 734, 294, 440, 0, 30, 30
7983, 1, 1636430775015, 1636430775698, 683, 323, 360, 1, 46, 47
7984, 1, 1636430775235, 1636430775930, 695, 298, 397, 0, 33, 33
7985, 1, 1636430775242, 1636430775930, 688, 294, 394, 0, 33, 33
7986, 1, 1636430775250, 1636430775934, 684, 278, 406, 1, 16, 17
7982, 1, 1636430774971, 1636430775966, 995, 586, 409, 47, 2, 49
7987, 1, 1636430775423, 1636430776098, 675, 258, 417, 1, 0, 1
7988, 1, 1636430775519, 1636430776174, 655, 266, 389, 0, 0, 0
7990, 1, 1636430775520, 1636430776186, 666, 267, 399, 0, 1, 1
7991, 1, 1636430775604, 1636430776258, 654, 260, 394, 0, 0, 0
7993, 1, 1636430775702, 1636430776382, 680, 282, 398, 1, 0, 1
7992, 1, 1636430775699, 1636430776382, 683, 287, 396, 0, 1, 1
7908, 2, 1636430766341, 1636430776517, 10176, 0, 10176, 0, 0, 0
7995, 1, 1636430775931, 1636430776590, 659, 270, 389, 0, 0, 0
7994, 1, 1636430775931, 1636430776610, 679, 278, 401, 0, 0, 0
7996, 1, 1636430775935, 1636430776614, 679, 277, 402, 1, 0, 1
7997, 1, 1636430775967, 1636430776622, 655, 258, 397, 0, 0, 0
7998, 1, 1636430776099, 1636430776782, 683, 287, 396, 1, 20, 21
8000, 1, 1636430776188, 1636430776878, 690, 286, 404, 1, 24, 25
7999, 1, 1636430776187, 1636430776878, 691, 295, 396, 2, 25, 27
8001, 1, 1636430776271, 1636430776974, 703, 301, 402, 0, 34, 34
8003, 1, 1636430776383, 1636430777062, 679, 323, 356, 49, 1, 50
8002, 1, 1636430776383, 1636430777070, 687, 278, 409, 0, 0, 0
8004, 1, 1636430776597, 1636430777258, 661, 266, 395, 0, 0, 0
8005, 1, 1636430776612, 1636430777282, 670, 275, 395, 2, 0, 2
8007, 1, 1636430776633, 1636430777286, 653, 258, 395, 0, 0, 0
8006, 1, 1636430776615, 1636430777290, 675, 263, 412, 0, 0, 0
8008, 1, 1636430776646, 1636430777302, 656, 266, 390, 0, 0, 0
8009, 1, 1636430776783, 1636430777454, 671, 262, 409, 0, 0, 0
7915, 2, 1636430767312, 1636430777497, 10185, 1, 10184, 0, 1, 1
8011, 1, 1636430776880, 1636430777542, 662, 269, 393, 0, 0, 0
8012, 1, 1636430776975, 1636430777638, 663, 264, 399, 0, 2, 2
8013, 1, 1636430777064, 1636430777757, 693, 301, 392, 1, 37, 38
8014, 1, 1636430777071, 1636430777762, 691, 298, 393, 0, 37, 37
8015, 1, 1636430777263, 1636430777933, 670, 283, 387, 0, 20, 20
8016, 1, 1636430777283, 1636430777941, 658, 260, 398, 2, 0, 2
8017, 1, 1636430777292, 1636430777950, 658, 262, 396, 0, 0, 0
8018, 1, 1636430777299, 1636430777970, 671, 274, 397, 1, 0, 1
8019, 1, 1636430777304, 1636430777973, 669, 274, 395, 1, 0, 1
8021, 1, 1636430777547, 1636430778206, 659, 264, 395, 1, 1, 2
8020, 1, 1636430777498, 1636430778210, 712, 315, 397, 0, 0, 0
8022, 1, 1636430777631, 1636430778286, 655, 262, 393, 0, 0, 0
8023, 1, 1636430777641, 1636430778314, 673, 267, 406, 0, 1, 1
8025, 1, 1636430777763, 1636430778434, 671, 267, 404, 0, 0, 0
8024, 1, 1636430777759, 1636430778434, 675, 271, 404, 0, 0, 0
8026, 1, 1636430777934, 1636430778598, 664, 270, 394, 0, 0, 0
8028, 1, 1636430777957, 1636430778622, 665, 266, 399, 0, 0, 0
8027, 1, 1636430777950, 1636430778626, 676, 269, 407, 0, 0, 0
8030, 1, 1636430777975, 1636430778638, 663, 271, 392, 3, 0, 3
8029, 1, 1636430777971, 1636430778646, 675, 275, 400, 1, 1, 2
8031, 1, 1636430778211, 1636430778882, 671, 276, 395, 0, 2, 2
8032, 1, 1636430778213, 1636430778894, 681, 281, 400, 0, 0, 0
8033, 1, 1636430778288, 1636430778954, 666, 269, 397, 0, 0, 0
8034, 1, 1636430778315, 1636430778978, 663, 271, 392, 1, 1, 2
8036, 1, 1636430778436, 1636430779102, 666, 268, 398, 0, 0, 0
8035, 1, 1636430778435, 1636430779110, 675, 274, 401, 0, 0, 0
8037, 1, 1636430778601, 1636430779269, 668, 274, 394, 0, 1, 1
8038, 1, 1636430778624, 1636430779286, 662, 265, 397, 0, 1, 1
8039, 1, 1636430778627, 1636430779290, 663, 263, 400, 2, 1, 3
8041, 1, 1636430778647, 1636430779305, 658, 262, 396, 0, 0, 0
8042, 1, 1636430778883, 1636430779546, 663, 267, 396, 0, 0, 0
8043, 1, 1636430778895, 1636430779558, 663, 266, 397, 1, 0, 1
8044, 1, 1636430778955, 1636430779618, 663, 267, 396, 0, 0, 0
8045, 1, 1636430778981, 1636430779638, 657, 263, 394, 0, 0, 0
8040, 1, 1636430778641, 1636430779726, 1085, 686, 399, 0, 0, 0
8047, 1, 1636430779111, 1636430779766, 655, 262, 393, 0, 0, 0
8048, 1, 1636430779271, 1636430779942, 671, 274, 397, 0, 0, 0
8049, 1, 1636430779291, 1636430779966, 675, 271, 404, 2, 0, 2
8050, 1, 1636430779294, 1636430779970, 676, 275, 401, 2, 0, 2
8051, 1, 1636430779314, 1636430779974, 660, 263, 397, 0, 1, 1
8046, 1, 1636430779104, 1636430780170, 1066, 671, 395, 0, 0, 0
8052, 1, 1636430779550, 1636430780218, 668, 270, 398, 0, 0, 0
8053, 1, 1636430779563, 1636430780226, 663, 270, 393, 0, 0, 0
8055, 1, 1636430779647, 1636430780318, 671, 266, 405, 1, 0, 1
8056, 1, 1636430779727, 1636430780394, 667, 267, 400, 0, 0, 0
8057, 1, 1636430779777, 1636430780442, 665, 267, 398, 1, 0, 1
7938, 2, 1636430770396, 1636430780573, 10177, 0, 10177, 0, 0, 0
8058, 1, 1636430779943, 1636430780602, 659, 266, 393, 0, 0, 0
8054, 1, 1636430779623, 1636430780630, 1007, 609, 398, 0, 0, 0
8059, 1, 1636430779967, 1636430780642, 675, 277, 398, 0, 0, 0
8060, 1, 1636430779971, 1636430780646, 675, 274, 401, 1, 0, 1
8062, 1, 1636430780171, 1636430780842, 671, 270, 401, 2, 0, 2
8064, 1, 1636430780229, 1636430780926, 697, 302, 395, 0, 31, 31
8063, 1, 1636430780219, 1636430780938, 719, 273, 446, 1, 0, 1
8065, 1, 1636430780320, 1636430781014, 694, 298, 396, 0, 39, 39
8066, 1, 1636430780395, 1636430781046, 651, 258, 393, 0, 0, 0
8068, 1, 1636430780609, 1636430781262, 653, 262, 391, 0, 0, 0
8067, 1, 1636430780443, 1636430781282, 839, 443, 396, 0, 0, 0
8069, 1, 1636430780631, 1636430781302, 671, 270, 401, 1, 0, 1
8071, 1, 1636430780648, 1636430781310, 662, 266, 396, 0, 0, 0
8070, 1, 1636430780643, 1636430781318, 675, 268, 407, 0, 0, 0
8072, 1, 1636430780710, 1636430781374, 664, 270, 394, 0, 0, 0
7945, 2, 1636430771288, 1636430781465, 10177, 0, 10177, 0, 0, 0
8074, 1, 1636430780927, 1636430781598, 671, 270, 401, 1, 0, 1
8075, 1, 1636430780939, 1636430781610, 671, 270, 401, 0, 0, 0
8076, 1, 1636430781016, 1636430781674, 658, 262, 396, 0, 0, 0
8073, 1, 1636430780843, 1636430781822, 979, 582, 397, 0, 0, 0
8078, 1, 1636430781275, 1636430781938, 663, 270, 393, 0, 0, 0
8061, 1, 1636430779980, 1636430781954, 1974, 1572, 402, 0, 2, 2
8079, 1, 1636430781283, 1636430781958, 675, 272, 403, 0, 1, 1
8081, 1, 1636430781315, 1636430781994, 679, 265, 414, 2, 0, 2
8082, 1, 1636430781320, 1636430782002, 682, 269, 413, 3, 0, 3
8080, 1, 1636430781303, 1636430782006, 703, 272, 431, 1, 0, 1
8083, 1, 1636430781375, 1636430782042, 667, 264, 403, 0, 4, 4
8077, 1, 1636430781062, 1636430782122, 1060, 666, 394, 0, 0, 0
8084, 1, 1636430781598, 1636430782274, 676, 274, 402, 0, 0, 0
8086, 1, 1636430781611, 1636430782290, 679, 266, 413, 0, 0, 0
8087, 1, 1636430781681, 1636430782346, 665, 266, 399, 0, 0, 0
8088, 1, 1636430781824, 1636430782490, 666, 266, 400, 1, 1, 2
8085, 1, 1636430781600, 1636430782570, 970, 580, 390, 0, 1, 1
7955, 2, 1636430772412, 1636430782589, 10177, 0, 10177, 0, 0, 0
8089, 1, 1636430781942, 1636430782614, 672, 274, 398, 0, 1, 1
8091, 1, 1636430781960, 1636430782618, 658, 267, 391, 0, 1, 1
8092, 1, 1636430781995, 1636430782654, 659, 262, 397, 0, 0, 0
8093, 1, 1636430782003, 1636430782662, 659, 258, 401, 0, 0, 0
8094, 1, 1636430782007, 1636430782666, 659, 263, 396, 1, 0, 1
8095, 1, 1636430782044, 1636430782698, 654, 258, 396, 0, 0, 0
8090, 1, 1636430781955, 1636430782722, 767, 375, 392, 0, 0, 0
8096, 1, 1636430782124, 1636430782790, 666, 269, 397, 1, 0, 1
8097, 1, 1636430782275, 1636430782950, 675, 270, 405, 0, 3, 3
8098, 1, 1636430782292, 1636430782962, 670, 275, 395, 0, 1, 1
8099, 1, 1636430782348, 1636430783042, 694, 294, 400, 0, 28, 28
8100, 1, 1636430782491, 1636430783178, 687, 269, 418, 0, 1, 1
8101, 1, 1636430782591, 1636430783262, 671, 274, 397, 1, 1, 2
8102, 1, 1636430782615, 1636430783286, 671, 278, 393, 0, 0, 0
8103, 1, 1636430782626, 1636430783294, 668, 273, 395, 0, 0, 0
8104, 1, 1636430782663, 1636430783326, 663, 266, 397, 0, 0, 0
8106, 1, 1636430782674, 1636430783346, 672, 271, 401, 1, 0, 1
8107, 1, 1636430782711, 1636430783382, 671, 270, 401, 0, 0, 0
8109, 1, 1636430782724, 1636430783394, 670, 270, 400, 2, 0, 2
8108, 1, 1636430782722, 1636430783394, 672, 270, 402, 1, 0, 1
8110, 1, 1636430782792, 1636430783482, 690, 298, 392, 1, 0, 1
8111, 1, 1636430782952, 1636430783614, 662, 265, 397, 0, 0, 0
8112, 1, 1636430782963, 1636430783618, 655, 262, 393, 0, 0, 0
8113, 1, 1636430783044, 1636430783702, 658, 266, 392, 0, 0, 0
8114, 1, 1636430783179, 1636430783846, 667, 266, 401, 0, 0, 0
8115, 1, 1636430783263, 1636430783926, 663, 270, 393, 0, 0, 0
8116, 1, 1636430783287, 1636430783954, 667, 274, 393, 0, 0, 0
8117, 1, 1636430783295, 1636430783954, 659, 266, 393, 0, 0, 0
8118, 1, 1636430783329, 1636430783998, 669, 266, 403, 0, 0, 0
8122, 1, 1636430783396, 1636430784046, 650, 258, 392, 0, 0, 0
8120, 1, 1636430783383, 1636430784046, 663, 266, 397, 0, 0, 0
8121, 1, 1636430783396, 1636430784062, 666, 268, 398, 1, 1, 2
8123, 1, 1636430783484, 1636430784154, 670, 278, 392, 0, 1, 1
8124, 1, 1636430783618, 1636430784302, 684, 278, 406, 0, 0, 0
8126, 1, 1636430783709, 1636430784366, 657, 259, 398, 0, 1, 1
8119, 1, 1636430783348, 1636430784406, 1058, 658, 400, 2, 0, 2
8125, 1, 1636430783630, 1636430784410, 780, 374, 406, 2, 0, 2
8128, 1, 1636430783961, 1636430784626, 665, 272, 393, 1, 1, 2
8127, 1, 1636430783956, 1636430784634, 678, 277, 401, 1, 0, 1
8130, 1, 1636430784050, 1636430784710, 660, 270, 390, 1, 0, 1
8131, 1, 1636430784063, 1636430784726, 663, 263, 400, 0, 1, 1
8132, 1, 1636430784064, 1636430784754, 690, 295, 395, 2, 0, 2
8133, 1, 1636430784155, 1636430784822, 667, 270, 397, 0, 0, 0
8129, 1, 1636430783999, 1636430784854, 855, 458, 397, 1, 0, 1
8134, 1, 1636430784304, 1636430784970, 666, 269, 397, 0, 0, 0
8135, 1, 1636430784375, 1636430785030, 655, 262, 393, 0, 0, 0
8136, 1, 1636430784407, 1636430785070, 663, 270, 393, 0, 0, 0
8137, 1, 1636430784411, 1636430785070, 659, 262, 397, 0, 0, 0
7981, 2, 1636430774969, 1636430785157, 10188, 1, 10187, 1, 0, 1
8138, 1, 1636430784628, 1636430785286, 658, 266, 392, 1, 0, 1
8139, 1, 1636430784636, 1636430785302, 666, 266, 400, 0, 0, 0
8140, 1, 1636430784716, 1636430785422, 706, 311, 395, 1, 45, 46
8141, 1, 1636430784729, 1636430785422, 693, 298, 395, 1, 24, 25
8142, 1, 1636430784756, 1636430785422, 666, 274, 392, 0, 0, 0
8143, 1, 1636430784823, 1636430785510, 687, 293, 394, 1, 24, 25
8144, 1, 1636430784856, 1636430785534, 678, 278, 400, 0, 0, 0
8145, 1, 1636430784971, 1636430785642, 671, 275, 396, 0, 1, 1
7989, 2, 1636430775520, 1636430785702, 10182, 0, 10182, 0, 0, 0
8146, 1, 1636430785041, 1636430785726, 685, 263, 422, 0, 0, 0
8147, 1, 1636430785074, 1636430785742, 668, 267, 401, 1, 1, 2
8148, 1, 1636430785076, 1636430785746, 670, 270, 400, 1, 0, 1
8149, 1, 1636430785295, 1636430785966, 671, 278, 393, 0, 13, 13
8150, 1, 1636430785330, 1636430785998, 668, 269, 399, 2, 1, 3
8153, 1, 1636430785424, 1636430786086, 662, 269, 393, 2, 0, 2
8151, 1, 1636430785424, 1636430786086, 662, 267, 395, 0, 2, 2
8152, 1, 1636430785424, 1636430786090, 666, 272, 394, 1, 1, 2
8154, 1, 1636430785513, 1636430786173, 660, 270, 390, 1, 1, 2
8155, 1, 1636430785535, 1636430786238, 703, 269, 434, 0, 0, 0
8156, 1, 1636430785643, 1636430786306, 663, 266, 397, 1, 0, 1
8158, 1, 1636430785743, 1636430786402, 659, 262, 397, 2, 1, 3
8157, 1, 1636430785728, 1636430786402, 674, 274, 400, 2, 1, 3
8159, 1, 1636430785747, 1636430786406, 659, 258, 401, 0, 0, 0
8160, 1, 1636430785830, 1636430786530, 700, 298, 402, 0, 0, 0
8162, 1, 1636430785999, 1636430786666, 667, 270, 397, 0, 0, 0
8163, 1, 1636430786090, 1636430786758, 668, 278, 390, 3, 0, 3
8164, 1, 1636430786091, 1636430786762, 671, 270, 401, 1, 0, 1
8165, 1, 1636430786091, 1636430786763, 672, 273, 399, 1, 0, 1
8166, 1, 1636430786179, 1636430786858, 679, 281, 398, 1, 0, 1
8167, 1, 1636430786240, 1636430786906, 666, 270, 396, 0, 0, 0
8168, 1, 1636430786309, 1636430786978, 669, 271, 398, 1, 0, 1
8010, 2, 1636430776879, 1636430787061, 10182, 0, 10182, 0, 0, 0
8169, 1, 1636430786403, 1636430787070, 667, 262, 405, 0, 0, 0
8170, 1, 1636430786409, 1636430787070, 661, 263, 398, 0, 0, 0
8171, 1, 1636430786413, 1636430787070, 657, 258, 399, 0, 0, 0
8172, 1, 1636430786531, 1636430787194, 663, 262, 401, 0, 0, 0
8173, 1, 1636430786667, 1636430787334, 667, 271, 396, 0, 1, 1
8175, 1, 1636430786764, 1636430787430, 666, 267, 399, 0, 2, 2
8176, 1, 1636430786765, 1636430787438, 673, 271, 402, 0, 1, 1
8174, 1, 1636430786759, 1636430787438, 679, 274, 405, 2, 0, 2
8177, 1, 1636430786859, 1636430787530, 671, 264, 407, 1, 0, 1
8179, 1, 1636430786979, 1636430787642, 663, 266, 397, 0, 0, 0
8181, 1, 1636430787076, 1636430787734, 658, 262, 396, 1, 0, 1
8180, 1, 1636430787072, 1636430787734, 662, 266, 396, 1, 0, 1
8182, 1, 1636430787079, 1636430787738, 659, 266, 393, 0, 0, 0
8183, 1, 1636430787190, 1636430787854, 664, 262, 402, 0, 0, 0
8184, 1, 1636430787197, 1636430787858, 661, 262, 399, 0, 0, 0
8185, 1, 1636430787335, 1636430788002, 667, 270, 397, 0, 0, 0
8186, 1, 1636430787431, 1636430788106, 675, 274, 401, 0, 0, 0
8188, 1, 1636430787440, 1636430788106, 666, 270, 396, 0, 0, 0
8187, 1, 1636430787439, 1636430788106, 667, 267, 400, 1, 0, 1
8189, 1, 1636430787531, 1636430788194, 663, 266, 397, 1, 0, 1
8190, 1, 1636430787646, 1636430788306, 660, 266, 394, 1, 0, 1
8191, 1, 1636430787738, 1636430788394, 656, 261, 395, 0, 0, 0
8192, 1, 1636430787743, 1636430788398, 655, 261, 394, 0, 0, 0
8193, 1, 1636430787745, 1636430788454, 709, 310, 399, 0, 0, 0
8195, 1, 1636430787864, 1636430788522, 658, 267, 391, 0, 0, 0
8194, 1, 1636430787855, 1636430788526, 671, 271, 400, 1, 0, 1
8196, 1, 1636430788003, 1636430788666, 663, 270, 393, 0, 0, 0
8198, 1, 1636430788107, 1636430788782, 675, 279, 396, 0, 1, 1
8197, 1, 1636430788107, 1636430788782, 675, 273, 402, 0, 0, 0
8199, 1, 1636430788107, 1636430788786, 679, 279, 400, 0, 1, 1
8200, 1, 1636430788198, 1636430788866, 668, 275, 393, 1, 0, 1
8201, 1, 1636430788312, 1636430788986, 674, 274, 400, 0, 0, 0
8202, 1, 1636430788404, 1636430789066, 662, 266, 396, 0, 0, 0
8203, 1, 1636430788409, 1636430789074, 665, 266, 399, 0, 0, 0
8204, 1, 1636430788455, 1636430789126, 671, 270, 401, 0, 0, 0
8205, 1, 1636430788527, 1636430789190, 663, 266, 397, 0, 0, 0
8206, 1, 1636430788530, 1636430789194, 664, 266, 398, 0, 0, 0
8207, 1, 1636430788669, 1636430789330, 661, 270, 391, 0, 0, 0
8208, 1, 1636430788783, 1636430789442, 659, 264, 395, 1, 0, 1
8210, 1, 1636430788788, 1636430789450, 662, 258, 404, 0, 0, 0
8209, 1, 1636430788784, 1636430789450, 666, 265, 401, 3, 0, 3
8212, 1, 1636430788987, 1636430789653, 666, 262, 404, 0, 2, 2
8214, 1, 1636430789075, 1636430789734, 659, 270, 389, 1, 0, 1
8213, 1, 1636430789070, 1636430789734, 664, 265, 399, 0, 0, 0
8215, 1, 1636430789127, 1636430789778, 651, 258, 393, 0, 0, 0
8211, 1, 1636430788868, 1636430789786, 918, 518, 400, 0, 0, 0
8217, 1, 1636430789195, 1636430789862, 667, 266, 401, 0, 0, 0
8218, 1, 1636430789334, 1636430789998, 664, 265, 399, 0, 0, 0
8219, 1, 1636430789450, 1636430790110, 660, 267, 393, 0, 0, 0
8221, 1, 1636430789454, 1636430790118, 664, 266, 398, 0, 0, 0
8216, 1, 1636430789193, 1636430790174, 981, 587, 394, 0, 0, 0
8222, 1, 1636430789655, 1636430790326, 671, 270, 401, 0, 1, 1
8223, 1, 1636430789736, 1636430790402, 666, 270, 396, 0, 0, 0
8224, 1, 1636430789741, 1636430790410, 669, 273, 396, 0, 0, 0
8225, 1, 1636430789787, 1636430790442, 655, 259, 396, 1, 0, 1
8226, 1, 1636430789793, 1636430790454, 661, 262, 399, 0, 0, 0
8227, 1, 1636430789863, 1636430790530, 667, 270, 397, 0, 1, 1
8228, 1, 1636430790001, 1636430790662, 661, 266, 395, 0, 0, 0
8229, 1, 1636430790116, 1636430790786, 670, 266, 404, 0, 0, 0
8230, 1, 1636430790120, 1636430790786, 666, 270, 396, 0, 0, 0
8231, 1, 1636430790175, 1636430790842, 667, 266, 401, 0, 0, 0
8233, 1, 1636430790412, 1636430791078, 666, 266, 400, 0, 0, 0
8232, 1, 1636430790403, 1636430791082, 679, 270, 409, 0, 0, 0
8234, 1, 1636430790454, 1636430791126, 672, 274, 398, 0, 0, 0
8235, 1, 1636430790459, 1636430791126, 667, 262, 405, 0, 0, 0
8236, 1, 1636430790531, 1636430791206, 675, 270, 405, 1, 1, 2
8237, 1, 1636430790667, 1636430791326, 659, 267, 392, 1, 0, 1
8239, 1, 1636430790788, 1636430791458, 670, 269, 401, 0, 0, 0
8238, 1, 1636430790787, 1636430791458, 671, 270, 401, 0, 2, 2
8240, 1, 1636430790844, 1636430791510, 666, 263, 403, 0, 0, 0
8242, 1, 1636430791083, 1636430791750, 667, 262, 405, 0, 0, 0
8243, 1, 1636430791128, 1636430791798, 670, 270, 400, 1, 1, 2
8244, 1, 1636430791128, 1636430791802, 674, 269, 405, 1, 0, 1
8245, 1, 1636430791207, 1636430791870, 663, 267, 396, 0, 0, 0
8241, 1, 1636430791080, 1636430791954, 874, 478, 396, 0, 0, 0
8246, 1, 1636430791332, 1636430791998, 666, 266, 400, 0, 0, 0
8247, 1, 1636430791460, 1636430792126, 666, 267, 399, 0, 1, 1
8248, 1, 1636430791460, 1636430792130, 670, 274, 396, 1, 0, 1
8249, 1, 1636430791512, 1636430792178, 666, 271, 395, 0, 0, 0
8250, 1, 1636430791751, 1636430792422, 671, 270, 401, 0, 0, 0
8252, 1, 1636430791804, 1636430792462, 658, 267, 391, 2, 0, 2
8251, 1, 1636430791799, 1636430792462, 663, 270, 393, 0, 1, 1
8253, 1, 1636430791874, 1636430792534, 660, 263, 397, 0, 0, 0
8254, 1, 1636430791955, 1636430792626, 671, 269, 402, 0, 1, 1
8255, 1, 1636430791999, 1636430792662, 663, 270, 393, 0, 0, 0
8257, 1, 1636430792131, 1636430792798, 667, 269, 398, 0, 0, 0
8256, 1, 1636430792127, 1636430792798, 671, 268, 403, 1, 0, 1
8258, 1, 1636430792179, 1636430792838, 659, 262, 397, 0, 0, 0
8105, 2, 1636430782670, 1636430792849, 10179, 1, 10178, 1, 1, 2
8259, 1, 1636430792423, 1636430793110, 687, 293, 394, 0, 24, 24
8261, 1, 1636430792470, 1636430793130, 660, 264, 396, 1, 2, 3
8260, 1, 1636430792466, 1636430793130, 664, 266, 398, 0, 0, 0
8262, 1, 1636430792540, 1636430793206, 666, 268, 398, 0, 7, 7
8263, 1, 1636430792628, 1636430793298, 670, 266, 404, 0, 3, 3
8264, 1, 1636430792666, 1636430793338, 672, 266, 406, 0, 1, 1
8265, 1, 1636430792799, 1636430793462, 663, 266, 397, 0, 1, 1
8266, 1, 1636430792800, 1636430793466, 666, 267, 399, 1, 0, 1
8267, 1, 1636430792850, 1636430793578, 728, 331, 397, 0, 0, 0
8268, 1, 1636430792986, 1636430793650, 664, 261, 403, 0, 0, 0
8269, 1, 1636430793111, 1636430793777, 666, 267, 399, 0, 1, 1
8271, 1, 1636430793136, 1636430793810, 674, 266, 408, 0, 0, 0
8270, 1, 1636430793132, 1636430793810, 678, 270, 408, 0, 0, 0
8273, 1, 1636430793299, 1636430793962, 663, 266, 397, 0, 1, 1
8274, 1, 1636430793339, 1636430793998, 659, 265, 394, 0, 0, 0
8275, 1, 1636430793468, 1636430794130, 662, 266, 396, 0, 0, 0
8276, 1, 1636430793579, 1636430794242, 663, 270, 393, 0, 0, 0
8277, 1, 1636430793652, 1636430794318, 666, 269, 397, 0, 0, 0
8278, 1, 1636430793778, 1636430794438, 660, 260, 400, 0, 2, 2
8280, 1, 1636430793812, 1636430794482, 670, 271, 399, 1, 2, 3
8279, 1, 1636430793812, 1636430794482, 670, 270, 400, 0, 0, 0
8281, 1, 1636430793966, 1636430794634, 668, 266, 402, 1, 0, 1
8282, 1, 1636430794006, 1636430794666, 660, 258, 402, 0, 0, 0
8283, 1, 1636430794135, 1636430794794, 659, 263, 396, 0, 1, 1
8284, 1, 1636430794245, 1636430794914, 669, 266, 403, 0, 0, 0
8285, 1, 1636430794319, 1636430794986, 667, 270, 397, 1, 0, 1
8286, 1, 1636430794444, 1636430795118, 674, 275, 399, 1, 0, 1
8287, 1, 1636430794483, 1636430795146, 663, 271, 392, 0, 0, 0
8288, 1, 1636430794484, 1636430795150, 666, 270, 396, 0, 0, 0
8289, 1, 1636430794636, 1636430795298, 662, 270, 392, 0, 0, 0
8290, 1, 1636430794672, 1636430795334, 662, 266, 396, 0, 0, 0
8291, 1, 1636430794800, 1636430795470, 670, 269, 401, 0, 0, 0
8292, 1, 1636430794916, 1636430795590, 674, 271, 403, 0, 0, 0
8293, 1, 1636430794987, 1636430795650, 663, 266, 397, 0, 1, 1
8294, 1, 1636430795119, 1636430795774, 655, 264, 391, 1, 1, 2
8296, 1, 1636430795151, 1636430795818, 667, 273, 394, 0, 0, 0
8295, 1, 1636430795150, 1636430795822, 672, 270, 402, 0, 0, 0
8297, 1, 1636430795302, 1636430795958, 656, 262, 394, 0, 0, 0
8298, 1, 1636430795337, 1636430796002, 665, 267, 398, 1, 0, 1
8161, 2, 1636430785967, 1636430796138, 10171, 0, 10171, 0, 0, 0
8299, 1, 1636430795472, 1636430796142, 670, 267, 403, 1, 1, 2
8300, 1, 1636430795592, 1636430796250, 658, 263, 395, 0, 0, 0
8301, 1, 1636430795654, 1636430796322, 668, 270, 398, 0, 1, 1
8302, 1, 1636430795786, 1636430796490, 704, 267, 437, 1, 0, 1
8303, 1, 1636430795823, 1636430796502, 679, 278, 401, 1, 8, 9
8304, 1, 1636430795968, 1636430796618, 650, 262, 388, 0, 0, 0
8305, 1, 1636430796004, 1636430796670, 666, 265, 401, 0, 0, 0
8306, 1, 1636430796143, 1636430796806, 663, 261, 402, 0, 0, 0
8307, 1, 1636430796258, 1636430796918, 660, 266, 394, 0, 0, 0
8308, 1, 1636430796266, 1636430796922, 656, 258, 398, 0, 0, 0
8309, 1, 1636430796323, 1636430796982, 659, 262, 397, 0, 1, 1
8178, 2, 1636430786907, 1636430797105, 10198, 1, 10197, 0, 0, 0
8310, 1, 1636430796491, 1636430797150, 659, 258, 401, 0, 0, 0
8311, 1, 1636430796634, 1636430797294, 660, 267, 393, 0, 1, 1
8312, 1, 1636430796671, 1636430797326, 655, 258, 397, 0, 0, 0
8313, 1, 1636430796810, 1636430797478, 668, 263, 405, 0, 2, 2
8314, 1, 1636430796923, 1636430797590, 667, 271, 396, 2, 0, 2
8315, 1, 1636430796924, 1636430797590, 666, 271, 395, 1, 1, 2
8316, 1, 1636430796989, 1636430797678, 689, 266, 423, 1, 0, 1
8317, 1, 1636430797158, 1636430797814, 656, 258, 398, 0, 0, 0
8318, 1, 1636430797238, 1636430797906, 668, 262, 406, 0, 0, 0
8319, 1, 1636430797337, 1636430798006, 669, 267, 402, 0, 1, 1
8320, 1, 1636430797480, 1636430798154, 674, 270, 404, 0, 0, 0
8321, 1, 1636430797591, 1636430798254, 663, 271, 392, 0, 1, 1
8322, 1, 1636430797592, 1636430798254, 662, 266, 396, 0, 0, 0
8323, 1, 1636430797680, 1636430798346, 666, 269, 397, 0, 0, 0
8324, 1, 1636430797823, 1636430798477, 654, 263, 391, 0, 0, 0
8325, 1, 1636430797907, 1636430798566, 659, 266, 393, 0, 1, 1
8326, 1, 1636430798007, 1636430798662, 655, 259, 396, 0, 0, 0
8327, 1, 1636430798156, 1636430798826, 670, 265, 405, 0, 0, 0
8329, 1, 1636430798258, 1636430798922, 664, 267, 397, 0, 0, 0
8328, 1, 1636430798258, 1636430798922, 664, 267, 397, 0, 2, 2
8330, 1, 1636430798347, 1636430799010, 663, 267, 396, 0, 1, 1
8331, 1, 1636430798489, 1636430799146, 657, 266, 391, 0, 0, 0
8332, 1, 1636430798574, 1636430799234, 660, 267, 393, 0, 0, 0
8333, 1, 1636430798673, 1636430799330, 657, 258, 399, 0, 0, 0
8334, 1, 1636430798828, 1636430799494, 666, 268, 398, 0, 0, 0
8335, 1, 1636430798923, 1636430799590, 667, 274, 393, 0, 0, 0
8336, 1, 1636430798925, 1636430799602, 677, 281, 396, 0, 0, 0
8220, 2, 1636430789451, 1636430799630, 10179, 0, 10179, 0, 0, 0
8337, 1, 1636430799013, 1636430799674, 661, 261, 400, 0, 0, 0
8338, 1, 1636430799155, 1636430799814, 659, 262, 397, 0, 1, 1
8339, 1, 1636430799240, 1636430799918, 678, 269, 409, 1, 0, 1
8340, 1, 1636430799340, 1636430800002, 662, 266, 396, 1, 0, 1
8272, 1, 1636430793207, 1636430800118, 6911, 6509, 402, 0, 1, 1
8341, 1, 1636430799496, 1636430800162, 666, 262, 404, 1, 0, 1
8342, 1, 1636430799632, 1636430800290, 658, 269, 389, 0, 1, 1
8343, 1, 1636430799632, 1636430800302, 670, 270, 400, 0, 0, 0
8344, 1, 1636430799679, 1636430800342, 663, 262, 401, 0, 0, 0
8345, 1, 1636430799758, 1636430800430, 672, 271, 401, 1, 0, 1
8346, 1, 1636430799920, 1636430800594, 674, 274, 400, 0, 0, 0
8347, 1, 1636430800007, 1636430800666, 659, 266, 393, 0, 0, 0
8348, 1, 1636430800119, 1636430800886, 767, 365, 402, 0, 0, 0
8349, 1, 1636430800298, 1636430800966, 668, 271, 397, 0, 0, 0
8350, 1, 1636430800302, 1636430800974, 672, 274, 398, 0, 0, 0
8351, 1, 1636430800346, 1636430801018, 672, 274, 398, 0, 1, 1
8352, 1, 1636430800432, 1636430801106, 674, 275, 399, 1, 0, 1
8353, 1, 1636430800596, 1636430801266, 670, 273, 397, 1, 0, 1
8354, 1, 1636430800672, 1636430801338, 666, 270, 396, 0, 0, 0
8355, 1, 1636430800887, 1636430801558, 671, 270, 401, 0, 1, 1
8356, 1, 1636430800968, 1636430801630, 662, 269, 393, 1, 0, 1
8357, 1, 1636430800976, 1636430801634, 658, 266, 392, 0, 1, 1
8358, 1, 1636430801020, 1636430801682, 662, 270, 392, 1, 1, 2
8359, 1, 1636430801107, 1636430801766, 659, 264, 395, 1, 0, 1
8360, 1, 1636430801267, 1636430801942, 675, 272, 403, 0, 0, 0
8361, 1, 1636430801339, 1636430802002, 663, 266, 397, 0, 0, 0
8362, 1, 1636430801559, 1636430802222, 663, 266, 397, 0, 0, 0
8363, 1, 1636430801634, 1636430802298, 664, 269, 395, 0, 0, 0
8364, 1, 1636430801642, 1636430802314, 672, 274, 398, 0, 0, 0
8365, 1, 1636430801686, 1636430802358, 672, 269, 403, 0, 0, 0
8366, 1, 1636430801773, 1636430802438, 665, 270, 395, 0, 0, 0
8367, 1, 1636430801944, 1636430802610, 666, 274, 392, 0, 0, 0
8368, 1, 1636430802006, 1636430802658, 652, 259, 393, 0, 0, 0
8369, 1, 1636430802225, 1636430802898, 673, 270, 403, 0, 0, 0
8370, 1, 1636430802300, 1636430802958, 658, 266, 392, 0, 0, 0
8372, 1, 1636430802359, 1636430803018, 659, 263, 396, 0, 0, 0
8373, 1, 1636430802439, 1636430803102, 663, 262, 401, 1, 0, 1
8374, 1, 1636430802611, 1636430803282, 671, 270, 401, 0, 0, 0
8375, 1, 1636430802671, 1636430803322, 651, 258, 393, 0, 0, 0
8371, 1, 1636430802315, 1636430803346, 1031, 622, 409, 0, 0, 0
8376, 1, 1636430802899, 1636430803562, 663, 261, 402, 1, 0, 1
8377, 1, 1636430802966, 1636430803630, 664, 266, 398, 0, 0, 0
8378, 1, 1636430803024, 1636430803686, 662, 266, 396, 0, 0, 0
8379, 1, 1636430803106, 1636430803770, 664, 266, 398, 0, 0, 0
8380, 1, 1636430803283, 1636430803958, 675, 265, 410, 0, 0, 0
8381, 1, 1636430803337, 1636430803998, 661, 261, 400, 0, 0, 0
8382, 1, 1636430803347, 1636430804018, 671, 262, 409, 0, 0, 0
8383, 1, 1636430803565, 1636430804218, 653, 259, 394, 0, 0, 0
8384, 1, 1636430803632, 1636430804294, 662, 266, 396, 0, 1, 1
8385, 1, 1636430803691, 1636430804354, 663, 266, 397, 0, 0, 0
8386, 1, 1636430803771, 1636430804442, 671, 271, 400, 1, 1, 2
8387, 1, 1636430803960, 1636430804614, 654, 261, 393, 0, 0, 0
8388, 1, 1636430804003, 1636430804658, 655, 267, 388, 0, 0, 0
8389, 1, 1636430804020, 1636430804686, 666, 270, 396, 0, 0, 0
8390, 1, 1636430804231, 1636430804886, 655, 262, 393, 0, 0, 0
8391, 1, 1636430804299, 1636430804970, 671, 270, 401, 0, 0, 0
8392, 1, 1636430804357, 1636430805022, 665, 269, 396, 1, 0, 1
8393, 1, 1636430804443, 1636430805106, 663, 266, 397, 0, 0, 0
8394, 1, 1636430804626, 1636430805298, 672, 266, 406, 0, 0, 0
8395, 1, 1636430804670, 1636430805330, 660, 266, 394, 0, 0, 0
8396, 1, 1636430804687, 1636430805358, 671, 270, 401, 0, 0, 0
8397, 1, 1636430804897, 1636430805570, 673, 275, 398, 0, 0, 0
8399, 1, 1636430805023, 1636430805694, 671, 272, 399, 1, 1, 2
8398, 1, 1636430804972, 1636430805746, 774, 387, 387, 1, 1, 2
8400, 1, 1636430805110, 1636430805770, 660, 270, 390, 1, 0, 1
8401, 1, 1636430805300, 1636430805962, 662, 265, 397, 1, 0, 1
8402, 1, 1636430805336, 1636430806002, 666, 271, 395, 0, 1, 1
8403, 1, 1636430805359, 1636430806018, 659, 262, 397, 0, 0, 0
8404, 1, 1636430805571, 1636430806234, 663, 268, 395, 0, 1, 1
8405, 1, 1636430805696, 1636430806354, 658, 266, 392, 0, 0, 0
8406, 1, 1636430805747, 1636430806410, 663, 267, 396, 1, 0, 1
8407, 1, 1636430805776, 1636430806438, 662, 266, 396, 0, 0, 0
8408, 1, 1636430805967, 1636430806618, 651, 259, 392, 0, 1, 1
8409, 1, 1636430806003, 1636430806662, 659, 266, 393, 0, 0, 0
8410, 1, 1636430806026, 1636430806694, 668, 274, 394, 0, 0, 0
8411, 1, 1636430806238, 1636430806902, 664, 266, 398, 0, 0, 0
8412, 1, 1636430806362, 1636430807033, 671, 270, 401, 0, 0, 0
8413, 1, 1636430806413, 1636430807078, 665, 266, 399, 0, 0, 0
8414, 1, 1636430806441, 1636430807106, 665, 270, 395, 0, 0, 0
8415, 1, 1636430806633, 1636430807294, 661, 264, 397, 2, 0, 2
8416, 1, 1636430806670, 1636430807330, 660, 262, 398, 0, 0, 0
8417, 1, 1636430806904, 1636430807570, 666, 267, 399, 0, 0, 0
8418, 1, 1636430807034, 1636430807710, 676, 269, 407, 0, 0, 0
8419, 1, 1636430807079, 1636430807738, 659, 262, 397, 0, 0, 0
8420, 1, 1636430807108, 1636430807770, 662, 270, 392, 0, 0, 0
8421, 1, 1636430807300, 1636430807966, 666, 270, 396, 0, 0, 0
8422, 1, 1636430807335, 1636430807994, 659, 266, 393, 0, 0, 0
8423, 1, 1636430807571, 1636430808230, 659, 266, 393, 0, 0, 0
8424, 1, 1636430807711, 1636430808385, 674, 274, 400, 0, 0, 0
8425, 1, 1636430807745, 1636430808418, 673, 274, 399, 0, 1, 1
8426, 1, 1636430807774, 1636430808438, 664, 266, 398, 0, 0, 0
8427, 1, 1636430807967, 1636430808626, 659, 267, 392, 2, 0, 2
8428, 1, 1636430808237, 1636430808893, 656, 266, 390, 0, 0, 0
8429, 1, 1636430808387, 1636430809046, 659, 263, 396, 0, 2, 2
8430, 1, 1636430808419, 1636430809074, 655, 263, 392, 0, 1, 1
8431, 1, 1636430808441, 1636430809102, 661, 264, 397, 0, 0, 0
8432, 1, 1636430808634, 1636430809290, 656, 255, 401, 0, 1, 1
8433, 1, 1636430808904, 1636430809574, 670, 274, 396, 0, 1, 1
8434, 1, 1636430809053, 1636430809734, 681, 270, 411, 1, 0, 1
8435, 1, 1636430809085, 1636430809750, 665, 270, 395, 1, 1, 2
8436, 1, 1636430809108, 1636430809774, 666, 274, 392, 0, 0, 0
8437, 1, 1636430809302, 1636430809958, 656, 258, 398, 0, 0, 0
8438, 1, 1636430809575, 1636430810238, 663, 262, 401, 0, 0, 0
8439, 1, 1636430809735, 1636430810402, 667, 266, 401, 0, 0, 0
8440, 1, 1636430809751, 1636430810405, 654, 262, 392, 0, 0, 0
8441, 1, 1636430809776, 1636430810438, 662, 266, 396, 0, 0, 0
8442, 1, 1636430809969, 1636430810638, 669, 268, 401, 0, 1, 1
8443, 1, 1636430810242, 1636430810902, 660, 260, 400, 0, 1, 1
8444, 1, 1636430810403, 1636430811054, 651, 258, 393, 0, 0, 0
8445, 1, 1636430810417, 1636430811078, 661, 259, 402, 0, 0, 0
8446, 1, 1636430810442, 1636430811094, 652, 255, 397, 0, 0, 0
8447, 1, 1636430810639, 1636430811306, 667, 263, 404, 0, 0, 0
8448, 1, 1636430810908, 1636430811574, 666, 266, 400, 0, 0, 0
8449, 1, 1636430811069, 1636430811738, 669, 266, 403, 0, 0, 0
8450, 1, 1636430811082, 1636430811770, 688, 286, 402, 0, 0, 0
8451, 1, 1636430811108, 1636430811782, 674, 270, 404, 0, 0, 0
8452, 1, 1636430811308, 1636430811978, 670, 270, 400, 0, 0, 0
8453, 1, 1636430811576, 1636430812238, 662, 270, 392, 0, 0, 0
8454, 1, 1636430811772, 1636430812426, 654, 258, 396, 0, 0, 0
8455, 1, 1636430811784, 1636430812454, 670, 270, 400, 0, 0, 0
8456, 1, 1636430811979, 1636430812650, 671, 266, 405, 0, 0, 0
8457, 1, 1636430812241, 1636430812906, 665, 266, 399, 0, 0, 0
8458, 1, 1636430812438, 1636430813102, 664, 266, 398, 0, 0, 0
8459, 1, 1636430812455, 1636430813118, 663, 267, 396, 0, 0, 0
8460, 1, 1636430812652, 1636430813326, 674, 270, 404, 0, 0, 0
8461, 1, 1636430812907, 1636430813578, 671, 270, 401, 0, 0, 0
8462, 1, 1636430813104, 1636430813774, 670, 274, 396, 0, 1, 1
8463, 1, 1636430813121, 1636430813790, 669, 270, 399, 0, 0, 0
8464, 1, 1636430813328, 1636430813994, 666, 275, 391, 1, 0, 1
8465, 1, 1636430813579, 1636430814254, 675, 274, 401, 0, 0, 0
8466, 1, 1636430813775, 1636430814438, 663, 266, 397, 0, 0, 0
8467, 1, 1636430813792, 1636430814458, 666, 266, 400, 0, 0, 0
8468, 1, 1636430813995, 1636430814662, 667, 269, 398, 0, 0, 0
8469, 1, 1636430814255, 1636430814930, 675, 269, 406, 0, 0, 0
8470, 1, 1636430814442, 1636430815114, 672, 270, 402, 1, 0, 1
8471, 1, 1636430814460, 1636430815130, 670, 270, 400, 0, 0, 0
8472, 1, 1636430814664, 1636430815326, 662, 266, 396, 1, 0, 1
8473, 1, 1636430814931, 1636430815594, 663, 267, 396, 0, 0, 0
8474, 1, 1636430815116, 1636430815774, 658, 262, 396, 0, 0, 0
8475, 1, 1636430815132, 1636430815802, 670, 270, 400, 0, 0, 0
8476, 1, 1636430815330, 1636430816002, 672, 274, 398, 0, 0, 0
8477, 1, 1636430815598, 1636430816254, 656, 262, 394, 0, 0, 0
8478, 1, 1636430815782, 1636430816446, 664, 270, 394, 0, 0, 0
8479, 1, 1636430815803, 1636430816470, 667, 270, 397, 0, 0, 0
8480, 1, 1636430816004, 1636430816666, 662, 267, 395, 0, 0, 0
8481, 1, 1636430816448, 1636430817110, 662, 262, 400, 0, 0, 0
8482, 1, 1636430816471, 1636430817146, 675, 270, 405, 0, 0, 0
8483, 1, 1636430816670, 1636430817338, 668, 266, 402, 0, 0, 0
8484, 1, 1636430817114, 1636430817773, 659, 270, 389, 0, 0, 0
8485, 1, 1636430817147, 1636430817814, 667, 266, 401, 0, 0, 0
8486, 1, 1636430817340, 1636430817994, 654, 263, 391, 0, 0, 0
8487, 1, 1636430817780, 1636430818438, 658, 262, 396, 0, 0, 0
8488, 1, 1636430817815, 1636430818478, 663, 266, 397, 0, 0, 0
8489, 1, 1636430818006, 1636430818674, 668, 270, 398, 0, 0, 0
8490, 1, 1636430818446, 1636430819126, 680, 283, 397, 0, 0, 0
8491, 1, 1636430818481, 1636430819134, 653, 260, 393, 0, 0, 0
8492, 1, 1636430818675, 1636430819346, 671, 274, 397, 1, 0, 1
8493, 1, 1636430819127, 1636430819806, 679, 281, 398, 0, 0, 0
8494, 1, 1636430819148, 1636430819822, 674, 275, 399, 0, 1, 1
8495, 1, 1636430819348, 1636430820018, 670, 266, 404, 0, 0, 0
8496, 1, 1636430819807, 1636430820466, 659, 263, 396, 0, 0, 0
8497, 1, 1636430820019, 1636430820686, 667, 270, 397, 0, 0, 0
8498, 1, 1636430820473, 1636430821130, 657, 259, 398, 0, 0, 0
8499, 1, 1636430820687, 1636430821354, 667, 266, 401, 0, 0, 0
8500, 1, 1636430821139, 1636430821794, 655, 262, 393, 0, 0, 0
8501, 1, 1636431074094, 1636431074726, 632, 273, 359, 0, 0, 0
8502, 1, 1636431074598, 1636431075230, 632, 270, 362, 1, 0, 1
8503, 1, 1636431075223, 1636431075854, 631, 270, 361, 0, 0, 0
8504, 1, 1636431075403, 1636431076026, 623, 265, 358, 0, 0, 0
8505, 1, 1636431075760, 1636431076382, 622, 270, 352, 1, 0, 1
8506, 1, 1636431075907, 1636431076534, 627, 269, 358, 0, 1, 1
8507, 1, 1636431076333, 1636431076962, 629, 270, 359, 1, 0, 1
8508, 1, 1636431076531, 1636431077162, 631, 273, 358, 1, 0, 1
8509, 1, 1636431076731, 1636431077354, 623, 270, 353, 0, 0, 0
8510, 1, 1636431077024, 1636431077658, 634, 274, 360, 1, 1, 2
8511, 1, 1636431077083, 1636431077706, 623, 266, 357, 0, 0, 0
8512, 1, 1636431077235, 1636431077854, 619, 265, 354, 0, 0, 0
8513, 1, 1636431077583, 1636431078206, 623, 270, 353, 0, 0, 0
8514, 1, 1636431077623, 1636431078250, 627, 270, 357, 0, 0, 0
8515, 1, 1636431077859, 1636431078494, 635, 274, 361, 0, 0, 0
8516, 1, 1636431078107, 1636431078726, 619, 262, 357, 0, 0, 0
8517, 1, 1636431078142, 1636431078770, 628, 266, 362, 0, 0, 0
8518, 1, 1636431078332, 1636431078966, 634, 274, 360, 0, 0, 0
8519, 1, 1636431078410, 1636431079046, 636, 270, 366, 1, 0, 1
8520, 1, 1636431078575, 1636431079206, 631, 270, 361, 2, 0, 2
8521, 1, 1636431078729, 1636431079362, 633, 274, 359, 0, 0, 0
8522, 1, 1636431078873, 1636431079498, 625, 266, 359, 0, 0, 0
8523, 1, 1636431078952, 1636431079582, 630, 269, 361, 0, 1, 1
8524, 1, 1636431079177, 1636431079818, 641, 279, 362, 2, 0, 2
8525, 1, 1636431079253, 1636431079890, 637, 277, 360, 0, 0, 0
8526, 1, 1636431079432, 1636431080062, 630, 266, 364, 1, 0, 1
8527, 1, 1636431079496, 1636431080118, 622, 269, 353, 0, 0, 0
8528, 1, 1636431079638, 1636431080266, 628, 274, 354, 1, 0, 1
8529, 1, 1636431079803, 1636431080422, 619, 266, 353, 0, 0, 0
8530, 1, 1636431079916, 1636431080574, 658, 301, 357, 1, 0, 1
8531, 1, 1636431080038, 1636431080666, 628, 272, 356, 0, 0, 0
8532, 1, 1636431080201, 1636431080826, 625, 270, 355, 0, 0, 0
8533, 1, 1636431080326, 1636431080950, 624, 269, 355, 1, 0, 1
8534, 1, 1636431080452, 1636431081082, 630, 266, 364, 0, 0, 0
8535, 1, 1636431080487, 1636431081110, 623, 270, 353, 1, 1, 2
8536, 1, 1636431080648, 1636431081282, 634, 274, 360, 0, 0, 0
8537, 1, 1636431080760, 1636431081382, 622, 269, 353, 0, 0, 0
8539, 1, 1636431081013, 1636431081646, 633, 273, 360, 0, 0, 0
8538, 1, 1636431080827, 1636431081730, 903, 554, 349, 0, 0, 0
8540, 1, 1636431081158, 1636431081778, 620, 266, 354, 0, 0, 0
8543, 1, 1636431081366, 1636431081998, 632, 273, 359, 0, 0, 0
8542, 1, 1636431081232, 1636431082194, 962, 603, 359, 2, 0, 2
8544, 1, 1636431081576, 1636431082198, 622, 270, 352, 0, 0, 0
8546, 1, 1636431081743, 1636431082370, 627, 270, 357, 1, 0, 1
8547, 1, 1636431081789, 1636431082405, 616, 262, 354, 0, 0, 0
8548, 1, 1636431081815, 1636431082450, 635, 281, 354, 1, 0, 1
8550, 1, 1636431082100, 1636431082718, 618, 263, 355, 0, 1, 1
8551, 1, 1636431082173, 1636431082862, 689, 326, 363, 0, 1, 1
8554, 1, 1636431082479, 1636431083102, 623, 266, 357, 0, 0, 0
8556, 1, 1636431082759, 1636431083382, 623, 275, 348, 0, 2, 2
8559, 1, 1636431083071, 1636431083689, 618, 266, 352, 0, 0, 0
8560, 1, 1636431083112, 1636431083730, 618, 266, 352, 0, 0, 0
8561, 1, 1636431083208, 1636431083830, 622, 266, 356, 0, 0, 0
8564, 1, 1636431083555, 1636431084178, 623, 261, 362, 0, 0, 0
8565, 1, 1636431083808, 1636431084430, 622, 271, 351, 0, 0, 0
8569, 1, 1636431084411, 1636431085042, 631, 275, 356, 1, 2, 3
8570, 1, 1636431084415, 1636431085046, 631, 271, 360, 1, 2, 3
8573, 1, 1636431084911, 1636431085526, 615, 261, 354, 0, 0, 0
8574, 1, 1636431085183, 1636431085818, 635, 278, 357, 0, 1, 1
8577, 1, 1636431085790, 1636431086422, 632, 273, 359, 0, 0, 0
8578, 1, 1636431086307, 1636431086930, 623, 270, 353, 0, 1, 1
8581, 1, 1636431087579, 1636431088206, 627, 266, 361, 0, 1, 1
8582, 1, 1636431088879, 1636431089514, 635, 274, 361, 0, 0, 0
8583, 1, 1636431090163, 1636431090798, 635, 273, 362, 0, 1, 1
8541, 2, 1636431081192, 1636431091326, 10134, 0, 10134, 0, 1, 1
8545, 2, 1636431081667, 1636431091801, 10134, 0, 10134, 0, 0, 0
8549, 2, 1636431081916, 1636431092049, 10133, 0, 10133, 0, 0, 0
8584, 1, 1636431091562, 1636431092194, 632, 274, 358, 0, 0, 0
8552, 2, 1636431082296, 1636431092425, 10129, 0, 10129, 0, 0, 0
8553, 2, 1636431082408, 1636431092541, 10133, 0, 10133, 1, 0, 1
8555, 2, 1636431082571, 1636431092710, 10139, 0, 10139, 0, 0, 0
8557, 2, 1636431082847, 1636431092981, 10134, 0, 10134, 1, 0, 1
8586, 1, 1636431092282, 1636431092998, 716, 297, 419, 0, 24, 24
8585, 1, 1636431092278, 1636431092998, 720, 296, 424, 0, 24, 24
8558, 2, 1636431082964, 1636431093097, 10133, 0, 10133, 0, 0, 0
8562, 2, 1636431083348, 1636431093481, 10133, 0, 10133, 0, 0, 0
8589, 1, 1636431092894, 1636431093542, 648, 291, 357, 0, 28, 28
8563, 2, 1636431083488, 1636431093621, 10133, 1, 10132, 0, 1, 1
8590, 1, 1636431092982, 1636431093678, 696, 270, 426, 1, 0, 1
8566, 2, 1636431083842, 1636431093974, 10132, 0, 10132, 0, 0, 0
8594, 1, 1636431093521, 1636431094158, 637, 262, 375, 1, 1, 2
8567, 2, 1636431084101, 1636431094237, 10136, 1, 10135, 0, 1, 1
8595, 1, 1636431093553, 1636431094242, 689, 305, 384, 1, 44, 45
8568, 2, 1636431084310, 1636431094445, 10135, 1, 10134, 0, 1, 1
8571, 2, 1636431084549, 1636431094685, 10136, 0, 10136, 0, 0, 0
8600, 1, 1636431094260, 1636431094894, 634, 281, 353, 0, 12, 12
8599, 1, 1636431094238, 1636431094894, 656, 302, 354, 1, 28, 29
8572, 2, 1636431084803, 1636431094937, 10134, 0, 10134, 0, 0, 0
8575, 1, 1636431085257, 1636431095422, 10165, 9809, 356, 1, 1, 2
8605, 1, 1636431094828, 1636431095466, 638, 262, 376, 0, 0, 0
8604, 1, 1636431094813, 1636431095474, 661, 269, 392, 0, 0, 0
8576, 2, 1636431085752, 1636431095885, 10133, 0, 10133, 0, 0, 0
8608, 1, 1636431095522, 1636431096158, 636, 274, 362, 1, 0, 1
8609, 1, 1636431095547, 1636431096178, 631, 270, 361, 1, 0, 1
8611, 1, 1636431096084, 1636431096710, 626, 270, 356, 1, 0, 1
8579, 2, 1636431086578, 1636431096713, 10135, 0, 10135, 1, 0, 1
8612, 1, 1636431096119, 1636431096750, 631, 270, 361, 0, 0, 0
8580, 2, 1636431087185, 1636431097321, 10136, 0, 10136, 0, 0, 0
8613, 1, 1636431096839, 1636431097466, 627, 269, 358, 1, 0, 1
8615, 1, 1636431096846, 1636431097466, 620, 267, 353, 0, 0, 0
8616, 1, 1636431097375, 1636431098010, 635, 269, 366, 0, 0, 0
8617, 1, 1636431097443, 1636431098074, 631, 273, 358, 0, 1, 1
8619, 1, 1636431098211, 1636431098842, 631, 275, 356, 0, 1, 1
8620, 1, 1636431098224, 1636431098846, 622, 273, 349, 0, 0, 0
8621, 1, 1636431098733, 1636431099366, 633, 269, 364, 0, 0, 0
8622, 1, 1636431098760, 1636431099394, 634, 269, 365, 0, 1, 1
8623, 1, 1636431099577, 1636431100210, 633, 273, 360, 1, 0, 1
8624, 1, 1636431099592, 1636431100226, 634, 274, 360, 0, 0, 0
8625, 1, 1636431100119, 1636431100750, 631, 270, 361, 0, 1, 1
8626, 1, 1636431100143, 1636431100770, 627, 267, 360, 1, 0, 1
8627, 1, 1636431100897, 1636431101534, 637, 274, 363, 0, 1, 1
8628, 1, 1636431100965, 1636431101594, 629, 270, 359, 0, 0, 0
8629, 1, 1636431101501, 1636431102138, 637, 273, 364, 0, 0, 0
8630, 1, 1636431101508, 1636431102138, 630, 269, 361, 1, 0, 1
8587, 2, 1636431092282, 1636431102473, 10191, 1, 10190, 1, 0, 1
8631, 1, 1636431102227, 1636431102858, 631, 274, 357, 0, 1, 1
8588, 2, 1636431092710, 1636431102890, 10180, 1, 10179, 1, 1, 2
8632, 1, 1636431102311, 1636431102938, 627, 270, 357, 1, 0, 1
8591, 2, 1636431092983, 1636431103190, 10207, 0, 10207, 0, 1, 1
8592, 2, 1636431093122, 1636431103301, 10179, 0, 10179, 0, 0, 0
8593, 2, 1636431093226, 1636431103405, 10179, 0, 10179, 0, 0, 0
8633, 1, 1636431102891, 1636431103562, 671, 323, 348, 0, 59, 59
8634, 1, 1636431102891, 1636431103566, 675, 322, 353, 0, 53, 53
8596, 2, 1636431093623, 1636431103797, 10174, 1, 10173, 1, 0, 1
8597, 2, 1636431093754, 1636431103934, 10180, 0, 10180, 1, 0, 1
8637, 1, 1636431103318, 1636431103982, 664, 269, 395, 0, 0, 0
8639, 1, 1636431103533, 1636431104202, 669, 312, 357, 0, 46, 46
8598, 2, 1636431094110, 1636431104286, 10176, 1, 10175, 1, 0, 1
8641, 1, 1636431103579, 1636431104290, 711, 269, 442, 1, 0, 1
8638, 1, 1636431103430, 1636431104426, 996, 594, 402, 0, 0, 0
8601, 2, 1636431094370, 1636431104545, 10175, 0, 10175, 0, 0, 0
8602, 2, 1636431094574, 1636431104777, 10203, 0, 10203, 0, 0, 0
8644, 1, 1636431104171, 1636431104826, 655, 273, 382, 0, 0, 0
8642, 1, 1636431103934, 1636431104902, 968, 569, 399, 0, 28, 28
8645, 1, 1636431104286, 1636431104914, 628, 269, 359, 0, 0, 0
8603, 2, 1636431094810, 1636431104985, 10175, 0, 10175, 0, 0, 0
8606, 2, 1636431095070, 1636431105245, 10175, 1, 10174, 0, 0, 0
8647, 1, 1636431104583, 1636431105250, 667, 315, 352, 0, 48, 48
8646, 1, 1636431104414, 1636431105354, 940, 541, 399, 0, 0, 0
8650, 1, 1636431104825, 1636431105450, 625, 262, 363, 0, 0, 0
8651, 1, 1636431104888, 1636431105522, 634, 270, 364, 2, 0, 2
8649, 1, 1636431104720, 1636431105690, 970, 602, 368, 0, 0, 0
8607, 1, 1636431095424, 1636431105734, 10310, 9914, 396, 0, 1, 1
8652, 1, 1636431104902, 1636431105806, 904, 511, 393, 0, 0, 0
8656, 1, 1636431105462, 1636431106102, 640, 274, 366, 0, 1, 1
8654, 1, 1636431105192, 1636431106130, 938, 575, 363, 0, 1, 1
8610, 2, 1636431096018, 1636431106194, 10176, 1, 10175, 0, 0, 0
8657, 1, 1636431105597, 1636431106218, 621, 266, 355, 0, 0, 0
8655, 1, 1636431105378, 1636431106262, 884, 476, 408, 0, 0, 0
8658, 1, 1636431105673, 1636431106582, 909, 554, 355, 0, 0, 0
8659, 1, 1636431105735, 1636431106710, 975, 573, 402, 0, 0, 0
8663, 1, 1636431106212, 1636431106838, 626, 267, 359, 0, 0, 0
8664, 1, 1636431106234, 1636431106858, 624, 267, 357, 0, 0, 0
8614, 2, 1636431096842, 1636431107013, 10171, 0, 10171, 0, 0, 0
8662, 1, 1636431106194, 1636431107026, 832, 475, 357, 1, 0, 1
8668, 1, 1636431106808, 1636431107458, 650, 302, 348, 1, 33, 34
8667, 1, 1636431106660, 1636431107470, 810, 462, 348, 0, 0, 0
8618, 1, 1636431097454, 1636431107498, 10044, 9651, 393, 0, 1, 1
8669, 1, 1636431106924, 1636431107550, 626, 267, 359, 1, 1, 2
8671, 1, 1636431107066, 1636431107938, 872, 513, 359, 1, 0, 1
8675, 1, 1636431107586, 1636431108210, 624, 267, 357, 1, 0, 1
8676, 1, 1636431107594, 1636431108218, 624, 262, 362, 0, 0, 0
8678, 1, 1636431108187, 1636431108818, 631, 277, 354, 0, 1, 1
8679, 1, 1636431108321, 1636431108954, 633, 274, 359, 1, 0, 1
8681, 1, 1636431108876, 1636431109498, 622, 269, 353, 0, 0, 0
8682, 1, 1636431108982, 1636431109606, 624, 266, 358, 1, 0, 1
8683, 1, 1636431109583, 1636431110218, 635, 274, 361, 0, 0, 0
8684, 1, 1636431109671, 1636431110298, 627, 268, 359, 0, 0, 0
8685, 1, 1636431110185, 1636431110818, 633, 269, 364, 0, 0, 0
8686, 1, 1636431110287, 1636431110918, 631, 273, 358, 0, 0, 0
8687, 1, 1636431110916, 1636431111546, 630, 275, 355, 0, 0, 0
8688, 1, 1636431111067, 1636431111698, 631, 272, 359, 0, 0, 0
8689, 1, 1636431111537, 1636431112174, 637, 274, 363, 1, 0, 1
8690, 1, 1636431111570, 1636431112206, 636, 274, 362, 0, 0, 0
8691, 1, 1636431112224, 1636431112858, 634, 272, 362, 0, 0, 0
8692, 1, 1636431112371, 1636431112994, 623, 265, 358, 0, 0, 0
8635, 2, 1636431103086, 1636431113281, 10195, 1, 10194, 1, 0, 1
8636, 2, 1636431103087, 1636431113325, 10238, 1, 10237, 1, 0, 1
8694, 1, 1636431112929, 1636431113590, 661, 305, 356, 1, 35, 36
8693, 1, 1636431112895, 1636431113590, 695, 297, 398, 0, 28, 28
8640, 2, 1636431103542, 1636431113721, 10179, 1, 10178, 0, 1, 1
8697, 1, 1636431113547, 1636431114174, 627, 265, 362, 0, 3, 3
8643, 2, 1636431104066, 1636431114241, 10175, 1, 10174, 0, 0, 0
8698, 1, 1636431113722, 1636431114306, 584, 264, 320, 0, 0, 0
8700, 1, 1636431114179, 1636431114830, 651, 269, 382, 1, 0, 1
8648, 2, 1636431104674, 1636431114870, 10196, 0, 10196, 0, 0, 0
8653, 2, 1636431105118, 1636431115293, 10175, 1, 10174, 0, 0, 0
8701, 1, 1636431114242, 1636431115322, 1080, 719, 361, 1, 41, 42
8704, 1, 1636431114959, 1636431115594, 635, 273, 362, 0, 0, 0
8703, 1, 1636431114870, 1636431115774, 904, 546, 358, 1, 1, 2
8660, 2, 1636431105869, 1636431116006, 10137, 0, 10137, 0, 1, 1
8707, 1, 1636431115520, 1636431116142, 622, 266, 356, 1, 0, 1
8708, 1, 1636431115550, 1636431116170, 620, 264, 356, 0, 0, 0
8661, 2, 1636431106043, 1636431116181, 10138, 0, 10138, 0, 0, 0
8665, 2, 1636431106330, 1636431116505, 10175, 0, 10175, 0, 0, 0
8666, 2, 1636431106503, 1636431116637, 10134, 0, 10134, 0, 0, 0
8709, 1, 1636431116182, 1636431116814, 632, 274, 358, 0, 0, 0
8711, 1, 1636431116265, 1636431116902, 637, 282, 355, 0, 8, 8
8670, 2, 1636431106967, 1636431117109, 10142, 1, 10141, 0, 2, 2
8712, 1, 1636431116310, 1636431117266, 956, 560, 396, 0, 0, 0
8672, 2, 1636431107154, 1636431117325, 10171, 0, 10171, 1, 0, 1
8715, 1, 1636431116811, 1636431117462, 651, 294, 357, 0, 31, 31
8716, 1, 1636431116830, 1636431117466, 636, 278, 358, 0, 7, 7
8673, 2, 1636431107471, 1636431117605, 10134, 0, 10134, 0, 0, 0
8674, 2, 1636431107500, 1636431117677, 10177, 1, 10176, 0, 0, 0
8714, 1, 1636431116762, 1636431117710, 948, 550, 398, 0, 0, 0
8677, 2, 1636431107971, 1636431118105, 10134, 0, 10134, 0, 0, 0
8717, 1, 1636431117234, 1636431118158, 924, 522, 402, 0, 0, 0
8680, 1, 1636431108399, 1636431118598, 10199, 9845, 354, 1, 1, 2
8724, 1, 1636431118106, 1636431118726, 620, 266, 354, 0, 1, 1
8726, 1, 1636431118206, 1636431118834, 628, 271, 357, 1, 0, 1
8730, 1, 1636431119368, 1636431119998, 630, 269, 361, 1, 0, 1
8731, 1, 1636431119534, 1636431120170, 636, 273, 363, 2, 0, 2
8732, 1, 1636431120649, 1636431121286, 637, 274, 363, 1, 0, 1
8733, 1, 1636431120896, 1636431121526, 630, 271, 359, 0, 0, 0
8734, 1, 1636431122027, 1636431122654, 627, 273, 354, 1, 0, 1
8735, 1, 1636431122213, 1636431122854, 641, 274, 367, 0, 0, 0
8696, 2, 1636431113415, 1636431123589, 10174, 1, 10173, 1, 1, 2
8695, 2, 1636431113414, 1636431123637, 10223, 0, 10223, 0, 0, 0
8736, 1, 1636431123356, 1636431123998, 642, 285, 357, 0, 16, 16
8699, 2, 1636431113850, 1636431124029, 10179, 0, 10179, 0, 0, 0
8737, 1, 1636431123501, 1636431124182, 681, 274, 407, 1, 0, 1
8702, 2, 1636431114374, 1636431124549, 10175, 1, 10174, 0, 1, 1
8705, 2, 1636431115002, 1636431125177, 10175, 0, 10175, 0, 0, 0
8741, 1, 1636431124633, 1636431125262, 629, 275, 354, 1, 0, 1
8743, 1, 1636431124861, 1636431125534, 673, 317, 356, 0, 44, 44
8706, 2, 1636431115422, 1636431125597, 10175, 1, 10174, 2, 0, 2
8710, 2, 1636431116195, 1636431126330, 10135, 1, 10134, 2, 0, 2
8746, 1, 1636431126019, 1636431126694, 675, 316, 359, 1, 40, 41
8713, 2, 1636431116638, 1636431126818, 10180, 1, 10179, 1, 0, 1
8747, 1, 1636431126197, 1636431126862, 665, 267, 398, 1, 0, 1
8719, 2, 1636431117458, 1636431127593, 10135, 0, 10135, 0, 0, 0
8718, 2, 1636431117454, 1636431127649, 10195, 0, 10195, 0, 0, 0
8720, 2, 1636431117617, 1636431127774, 10157, 0, 10157, 0, 0, 0
8721, 2, 1636431117678, 1636431127817, 10139, 0, 10139, 0, 0, 0
8722, 2, 1636431117766, 1636431127941, 10175, 1, 10174, 0, 0, 0
8749, 1, 1636431127327, 1636431127954, 627, 274, 353, 0, 0, 0
8723, 2, 1636431117806, 1636431127985, 10179, 0, 10179, 0, 0, 0
8725, 2, 1636431118107, 1636431128193, 10086, 0, 10086, 1, 0, 1
8750, 1, 1636431127594, 1636431128350, 756, 383, 373, 2, 116, 118
8727, 2, 1636431118238, 1636431128413, 10175, 0, 10175, 0, 0, 0
8751, 1, 1636431127818, 1636431128554, 736, 297, 439, 0, 23, 23
8728, 1, 1636431118556, 1636431128682, 10126, 9775, 351, 0, 0, 0
8729, 1, 1636431118600, 1636431128906, 10306, 9902, 404, 0, 0, 0
8757, 1, 1636431128286, 1636431128950, 664, 269, 395, 2, 0, 2
8756, 1, 1636431128282, 1636431128954, 672, 317, 355, 48, 1, 49
8758, 1, 1636431128326, 1636431128994, 668, 271, 397, 1, 0, 1
8760, 1, 1636431128633, 1636431129258, 625, 271, 354, 0, 1, 1
8755, 1, 1636431128278, 1636431129390, 1112, 715, 397, 1, 2, 3
8759, 1, 1636431128546, 1636431129398, 852, 455, 397, 0, 1, 1
8761, 1, 1636431128684, 1636431129434, 750, 358, 392, 0, 1, 1
8762, 1, 1636431128900, 1636431129522, 622, 270, 352, 1, 0, 1
8763, 1, 1636431128908, 1636431129850, 942, 543, 399, 1, 1, 2
8753, 1, 1636431127986, 1636431129894, 1908, 1546, 362, 0, 0, 0
8766, 1, 1636431129556, 1636431130182, 626, 275, 351, 1, 0, 1
8765, 1, 1636431129531, 1636431130346, 815, 458, 357, 1, 0, 1
8770, 1, 1636431129896, 1636431130558, 662, 267, 395, 0, 1, 1
8771, 1, 1636431129982, 1636431130606, 624, 266, 358, 0, 0, 0
8767, 1, 1636431129557, 1636431130634, 1077, 720, 357, 0, 0, 0
8769, 1, 1636431129835, 1636431130786, 951, 602, 349, 0, 0, 0
8773, 1, 1636431130167, 1636431130790, 623, 262, 361, 0, 0, 0
8774, 1, 1636431130237, 1636431131238, 1001, 646, 355, 1, 0, 1
8776, 1, 1636431130890, 1636431131518, 628, 271, 357, 0, 0, 0
8779, 1, 1636431131254, 1636431131874, 620, 267, 353, 0, 1, 1
8780, 1, 1636431131337, 1636431131966, 629, 273, 356, 2, 1, 3
8777, 1, 1636431130925, 1636431131966, 1041, 684, 357, 0, 1, 1
8781, 1, 1636431131529, 1636431132150, 621, 263, 358, 0, 0, 0
8783, 1, 1636431132267, 1636431132894, 627, 275, 352, 1, 0, 1
8785, 1, 1636431132539, 1636431133166, 627, 266, 361, 0, 0, 0
8786, 1, 1636431132699, 1636431133330, 631, 271, 360, 0, 0, 0
8784, 1, 1636431132272, 1636431133342, 1070, 713, 357, 0, 0, 0
8787, 1, 1636431132886, 1636431133514, 628, 267, 361, 0, 1, 1
8739, 2, 1636431123727, 1636431133901, 10174, 1, 10173, 1, 0, 1
8738, 2, 1636431123726, 1636431133953, 10227, 0, 10227, 0, 1, 1
8788, 1, 1636431133586, 1636431134218, 632, 278, 354, 1, 9, 10
8740, 2, 1636431124158, 1636431134337, 10179, 1, 10178, 0, 1, 1
8790, 1, 1636431133830, 1636431134490, 660, 321, 339, 53, 1, 54
8789, 1, 1636431133590, 1636431134694, 1104, 747, 357, 0, 28, 28
8793, 1, 1636431134080, 1636431134706, 626, 270, 356, 0, 0, 0
8794, 1, 1636431134164, 1636431134782, 618, 268, 350, 0, 3, 3
8742, 2, 1636431124674, 1636431134849, 10175, 1, 10174, 0, 0, 0
8744, 2, 1636431125306, 1636431135477, 10171, 1, 10170, 2, 0, 2
8796, 1, 1636431134866, 1636431135494, 628, 274, 354, 0, 0, 0
8799, 1, 1636431135158, 1636431135786, 628, 270, 358, 1, 0, 1
8745, 2, 1636431125726, 1636431135901, 10175, 1, 10174, 1, 0, 1
8797, 1, 1636431134919, 1636431135950, 1031, 669, 362, 0, 0, 0
8800, 1, 1636431135478, 1636431136102, 624, 266, 358, 0, 0, 0
8801, 1, 1636431135525, 1636431136162, 637, 282, 355, 1, 20, 21
8804, 1, 1636431136250, 1636431136874, 624, 270, 354, 1, 1, 2
8748, 2, 1636431126946, 1636431137125, 10179, 1, 10178, 1, 0, 1
8806, 1, 1636431136510, 1636431137126, 616, 262, 354, 0, 1, 1
8805, 1, 1636431136255, 1636431137326, 1071, 715, 356, 0, 1, 1
8807, 1, 1636431136819, 1636431137482, 663, 310, 353, 1, 40, 41
8808, 1, 1636431136896, 1636431137514, 618, 267, 351, 0, 1, 1
8752, 2, 1636431127818, 1636431138033, 10215, 0, 10215, 0, 0, 0
8810, 1, 1636431137603, 1636431138242, 639, 273, 366, 0, 1, 1
8754, 2, 1636431128114, 1636431138289, 10175, 0, 10175, 0, 0, 0
8811, 1, 1636431137639, 1636431138690, 1051, 698, 353, 0, 1, 1
8813, 1, 1636431138162, 1636431138826, 664, 264, 400, 0, 0, 0
8815, 1, 1636431138213, 1636431138870, 657, 267, 390, 1, 0, 1
8764, 2, 1636431129004, 1636431139137, 10133, 0, 10133, 0, 0, 0
8812, 1, 1636431137903, 1636431139142, 1239, 838, 401, 0, 0, 0
8817, 1, 1636431138935, 1636431139586, 651, 299, 352, 0, 28, 28
8768, 2, 1636431129599, 1636431139737, 10138, 1, 10137, 0, 2, 2
8819, 1, 1636431139240, 1636431139858, 618, 266, 352, 0, 0, 0
8818, 1, 1636431138957, 1636431140038, 1081, 721, 360, 0, 0, 0
8821, 1, 1636431139430, 1636431140094, 664, 306, 358, 0, 33, 33
8772, 2, 1636431130011, 1636431140145, 10134, 0, 10134, 0, 0, 0
8822, 1, 1636431139551, 1636431140190, 639, 281, 358, 0, 12, 12
8824, 1, 1636431140239, 1636431140866, 627, 269, 358, 2, 0, 2
8775, 2, 1636431130849, 1636431140985, 10136, 0, 10136, 0, 0, 0
8827, 1, 1636431140605, 1636431141254, 649, 291, 358, 0, 25, 25
8778, 2, 1636431131150, 1636431141285, 10135, 0, 10135, 0, 0, 0
8826, 1, 1636431140275, 1636431141338, 1063, 713, 350, 0, 28, 28
8829, 1, 1636431140932, 1636431141570, 638, 270, 368, 0, 0, 0
8782, 2, 1636431131568, 1636431141701, 10133, 0, 10133, 1, 0, 1
8828, 1, 1636431140822, 1636431142201, 1379, 1014, 365, 1, 0, 1
8832, 1, 1636431141566, 1636431142242, 676, 265, 411, 0, 1, 1
8835, 1, 1636431141915, 1636431142530, 615, 267, 348, 0, 0, 0
8833, 1, 1636431141592, 1636431142682, 1090, 714, 376, 0, 0, 0
8836, 1, 1636431142202, 1636431142874, 672, 266, 406, 2, 0, 2
8838, 1, 1636431142843, 1636431143478, 635, 273, 362, 0, 1, 1
8840, 1, 1636431143221, 1636431143854, 633, 273, 360, 0, 1, 1
8839, 1, 1636431142903, 1636431143926, 1023, 669, 354, 1, 0, 1
8841, 1, 1636431143545, 1636431144178, 633, 275, 358, 1, 0, 1
8792, 2, 1636431134043, 1636431144221, 10178, 1, 10177, 0, 1, 1
8791, 2, 1636431134042, 1636431144269, 10227, 1, 10226, 1, 1, 2
8795, 2, 1636431134470, 1636431144645, 10175, 0, 10175, 0, 0, 0
8798, 2, 1636431134982, 1636431145157, 10175, 0, 10175, 0, 0, 0
8846, 1, 1636431144646, 1636431145222, 576, 271, 305, 0, 1, 1
8848, 1, 1636431144891, 1636431145522, 631, 274, 357, 0, 4, 4
8802, 2, 1636431135614, 1636431145789, 10175, 0, 10175, 0, 0, 0
8803, 2, 1636431136030, 1636431146202, 10172, 1, 10171, 1, 0, 1
8850, 1, 1636431145888, 1636431146522, 634, 267, 367, 0, 2, 2
8852, 1, 1636431146222, 1636431146854, 632, 270, 362, 1, 2, 3
8809, 2, 1636431137258, 1636431147437, 10179, 0, 10179, 0, 0, 0
8854, 1, 1636431147214, 1636431147886, 672, 318, 354, 0, 41, 41
8856, 1, 1636431147576, 1636431148206, 630, 270, 360, 0, 0, 0
8814, 2, 1636431138166, 1636431148338, 10172, 1, 10171, 1, 0, 1
8816, 2, 1636431138422, 1636431148597, 10175, 0, 10175, 0, 0, 0
8858, 1, 1636431148599, 1636431149230, 631, 270, 361, 0, 0, 0
8820, 2, 1636431139262, 1636431149441, 10179, 0, 10179, 0, 0, 0
8860, 1, 1636431148845, 1636431149478, 633, 269, 364, 0, 1, 1
8823, 2, 1636431139866, 1636431150041, 10175, 0, 10175, 0, 0, 0
8825, 2, 1636431140274, 1636431150449, 10175, 0, 10175, 1, 0, 1
8862, 1, 1636431149988, 1636431150626, 638, 274, 364, 0, 1, 1
8863, 1, 1636431150162, 1636431150810, 648, 289, 359, 0, 20, 20
8830, 2, 1636431141118, 1636431151333, 10215, 0, 10215, 1, 0, 1
8831, 2, 1636431141418, 1636431151594, 10176, 0, 10176, 0, 0, 0
8866, 1, 1636431151273, 1636431151946, 673, 306, 367, 0, 33, 33
8834, 2, 1636431141838, 1636431152017, 10179, 0, 10179, 0, 0, 0
8867, 1, 1636431151458, 1636431152086, 628, 270, 358, 0, 0, 0
8837, 2, 1636431142227, 1636431152361, 10134, 0, 10134, 0, 1, 1
8871, 1, 1636431152490, 1636431153162, 672, 267, 405, 1, 1, 2
8872, 1, 1636431152547, 1636431153170, 623, 270, 353, 1, 0, 1
8873, 1, 1636431152731, 1636431153362, 631, 273, 358, 0, 0, 0
8842, 2, 1636431144167, 1636431154317, 10150, 48, 10102, 49, 0, 49
8843, 2, 1636431144270, 1636431154366, 10096, 0, 10096, 0, 0, 0
8874, 1, 1636431153747, 1636431154374, 627, 269, 358, 0, 1, 1
8844, 2, 1636431144358, 1636431154537, 10179, 0, 10179, 1, 1, 2
8845, 2, 1636431144359, 1636431154585, 10226, 1, 10225, 1, 1, 2
8875, 1, 1636431153931, 1636431154630, 699, 348, 351, 0, 74, 74
8876, 1, 1636431154034, 1636431154722, 688, 334, 354, 0, 61, 61
8847, 2, 1636431144782, 1636431154962, 10180, 0, 10180, 0, 1, 1
8879, 1, 1636431154674, 1636431155350, 676, 273, 403, 0, 1, 1
8849, 2, 1636431145290, 1636431155465, 10175, 1, 10174, 0, 1, 1
8882, 1, 1636431155140, 1636431155778, 638, 278, 360, 0, 1, 1
8883, 1, 1636431155321, 1636431155966, 645, 281, 364, 1, 1, 2
8884, 1, 1636431155333, 1636431156006, 673, 267, 406, 0, 0, 0
8851, 2, 1636431145922, 1636431156097, 10175, 0, 10175, 0, 1, 1
8853, 2, 1636431146334, 1636431156514, 10180, 0, 10180, 0, 0, 0
8886, 1, 1636431155945, 1636431156582, 637, 273, 364, 1, 1, 2
8888, 1, 1636431156518, 1636431157154, 636, 274, 362, 0, 1, 1
8889, 1, 1636431156640, 1636431157266, 626, 270, 356, 0, 0, 0
8891, 1, 1636431156659, 1636431157290, 631, 269, 362, 0, 0, 0
8855, 2, 1636431147562, 1636431157741, 10179, 1, 10178, 1, 0, 1
8892, 1, 1636431157216, 1636431157842, 626, 268, 358, 0, 0, 0
8894, 1, 1636431157875, 1636431158498, 623, 266, 357, 0, 0, 0
8895, 1, 1636431157945, 1636431158574, 629, 269, 360, 0, 0, 0
8896, 1, 1636431158008, 1636431158638, 630, 270, 360, 1, 0, 1
8857, 2, 1636431148466, 1636431158646, 10180, 0, 10180, 0, 0, 0
8859, 2, 1636431148726, 1636431158901, 10175, 0, 10175, 0, 0, 0
8897, 1, 1636431158507, 1636431159166, 659, 301, 358, 0, 28, 28
8861, 2, 1636431149570, 1636431159749, 10179, 1, 10178, 0, 1, 1
8900, 1, 1636431159186, 1636431159810, 624, 271, 353, 1, 0, 1
8901, 1, 1636431159276, 1636431159910, 634, 267, 367, 0, 0, 0
8902, 1, 1636431159379, 1636431160010, 631, 283, 348, 0, 8, 8
8864, 2, 1636431150166, 1636431160342, 10176, 1, 10175, 0, 1, 1
8903, 1, 1636431159869, 1636431160494, 625, 269, 356, 0, 0, 0
8865, 2, 1636431150582, 1636431160761, 10179, 1, 10178, 0, 1, 1
8906, 1, 1636431160577, 1636431161214, 637, 274, 363, 1, 8, 9
8907, 1, 1636431160646, 1636431161302, 656, 270, 386, 2, 0, 2
8908, 1, 1636431160702, 1636431161342, 640, 271, 369, 2, 0, 2
8868, 2, 1636431151462, 1636431161642, 10180, 0, 10180, 1, 0, 1
8910, 1, 1636431161221, 1636431161850, 629, 268, 361, 0, 0, 0
8869, 2, 1636431151722, 1636431161894, 10172, 1, 10171, 1, 1, 2
8870, 1, 1636431152150, 1636431162378, 10228, 9834, 394, 1, 0, 1
8912, 1, 1636431161927, 1636431162554, 627, 269, 358, 0, 0, 0
8913, 1, 1636431161950, 1636431162582, 632, 271, 361, 0, 1, 1
8914, 1, 1636431161970, 1636431162590, 620, 263, 357, 1, 1, 2
8917, 1, 1636431162585, 1636431163214, 629, 268, 361, 0, 0, 0
8918, 1, 1636431163205, 1636431163834, 629, 270, 359, 1, 0, 1
8919, 1, 1636431163221, 1636431163850, 629, 274, 355, 0, 1, 1
8920, 1, 1636431163350, 1636431163986, 636, 274, 362, 0, 0, 0
8921, 1, 1636431163931, 1636431164566, 635, 273, 362, 0, 0, 0
8878, 2, 1636431154455, 1636431164634, 10179, 48, 10131, 0, 48, 48
8877, 2, 1636431154454, 1636431164681, 10227, 0, 10227, 0, 0, 0
8880, 2, 1636431154675, 1636431164853, 10178, 1, 10177, 0, 1, 1
8922, 1, 1636431164509, 1636431165210, 701, 313, 388, 1, 0, 1
8923, 1, 1636431164547, 1636431165214, 667, 316, 351, 47, 0, 47
8881, 2, 1636431155094, 1636431165274, 10180, 1, 10179, 0, 0, 0
8924, 1, 1636431164741, 1636431165390, 649, 267, 382, 1, 1, 2
8925, 1, 1636431164770, 1636431165434, 664, 267, 397, 0, 1, 1
8885, 2, 1636431155594, 1636431165765, 10171, 0, 10171, 1, 0, 1
8926, 1, 1636431164770, 1636431165882, 1112, 712, 400, 0, 0, 0
8927, 1, 1636431165274, 1636431165894, 620, 266, 354, 0, 0, 0
8887, 2, 1636431156230, 1636431166405, 10175, 1, 10174, 0, 1, 1
8930, 1, 1636431165789, 1636431166422, 633, 270, 363, 1, 0, 1
8932, 1, 1636431165909, 1636431166538, 629, 270, 359, 1, 0, 1
8933, 1, 1636431166023, 1636431166670, 647, 294, 353, 0, 28, 28
8934, 1, 1636431166071, 1636431166686, 615, 266, 349, 0, 0, 0
8890, 2, 1636431156646, 1636431166821, 10175, 0, 10175, 0, 0, 0
8935, 1, 1636431166120, 1636431167182, 1062, 706, 356, 0, 40, 40
8937, 1, 1636431166561, 1636431167186, 625, 270, 355, 1, 0, 1
8939, 1, 1636431167142, 1636431167778, 636, 274, 362, 0, 0, 0
8940, 1, 1636431167216, 1636431167854, 638, 281, 357, 0, 0, 0
8941, 1, 1636431167341, 1636431167970, 629, 274, 355, 1, 0, 1
8942, 1, 1636431167421, 1636431168050, 629, 267, 362, 1, 0, 1
8893, 2, 1636431157874, 1636431168053, 10179, 0, 10179, 0, 0, 0
8943, 1, 1636431167471, 1636431168502, 1031, 674, 357, 0, 3, 3
8898, 2, 1636431158774, 1636431168949, 10175, 0, 10175, 1, 0, 1
8946, 1, 1636431168534, 1636431169162, 628, 274, 354, 0, 0, 0
8899, 2, 1636431159034, 1636431169205, 10171, 0, 10171, 0, 0, 0
8947, 1, 1636431168599, 1636431169226, 627, 269, 358, 0, 0, 0
8948, 1, 1636431168669, 1636431169302, 633, 282, 351, 0, 16, 16
8949, 1, 1636431168762, 1636431169398, 636, 278, 358, 0, 12, 12
8950, 1, 1636431168832, 1636431169854, 1022, 629, 393, 1, 0, 1
8904, 2, 1636431159886, 1636431170061, 10175, 0, 10175, 0, 0, 0
8953, 1, 1636431169803, 1636431170422, 619, 266, 353, 0, 0, 0
8954, 1, 1636431169873, 1636431170514, 641, 280, 361, 1, 13, 14
8955, 1, 1636431169965, 1636431170594, 629, 264, 365, 0, 0, 0
8905, 2, 1636431160470, 1636431170645, 10175, 0, 10175, 0, 0, 0
8956, 1, 1636431170138, 1636431170762, 624, 270, 354, 0, 0, 0
8909, 2, 1636431160894, 1636431171073, 10179, 1, 10178, 1, 0, 1
8957, 1, 1636431170171, 1636431171210, 1039, 681, 358, 0, 0, 0
8960, 1, 1636431171083, 1636431171706, 623, 266, 357, 1, 0, 1
8961, 1, 1636431171169, 1636431171794, 625, 266, 359, 0, 0, 0
8963, 1, 1636431171255, 1636431171878, 623, 262, 361, 0, 0, 0
8911, 2, 1636431161766, 1636431171942, 10176, 0, 10176, 1, 0, 1
8964, 1, 1636431171500, 1636431172122, 622, 266, 356, 0, 0, 0
8915, 2, 1636431162026, 1636431172201, 10175, 0, 10175, 0, 0, 0
8916, 2, 1636431162380, 1636431172557, 10177, 0, 10177, 0, 0, 0
8965, 1, 1636431171521, 1636431172566, 1045, 686, 359, 0, 0, 0
8968, 1, 1636431172351, 1636431173010, 659, 302, 357, 1, 29, 30
8944, 1, 1636431167959, 1636431173050, 5091, 4728, 363, 1, 1, 2
8969, 1, 1636431172484, 1636431173142, 658, 266, 392, 1, 0, 1
8970, 1, 1636431172558, 1636431173190, 632, 272, 360, 1, 1, 2
8972, 1, 1636431172854, 1636431173482, 628, 268, 360, 0, 0, 0
8974, 1, 1636431173052, 1636431173726, 674, 275, 399, 0, 0, 0
8973, 1, 1636431172857, 1636431173934, 1077, 716, 361, 0, 0, 0
8975, 1, 1636431173660, 1636431174298, 638, 277, 361, 0, 0, 0
8976, 1, 1636431173841, 1636431174474, 633, 271, 362, 0, 0, 0
8977, 1, 1636431173893, 1636431174518, 625, 270, 355, 1, 0, 1
8978, 1, 1636431174171, 1636431174794, 623, 270, 353, 0, 0, 0
8980, 1, 1636431174357, 1636431174986, 629, 269, 360, 0, 0, 0
8979, 1, 1636431174183, 1636431175250, 1067, 707, 360, 0, 1, 1
8981, 1, 1636431174972, 1636431175606, 634, 273, 361, 0, 1, 1
8928, 2, 1636431165442, 1636431175617, 10175, 0, 10175, 0, 0, 0
8929, 2, 1636431165442, 1636431175661, 10219, 1, 10218, 1, 1, 2
8982, 1, 1636431175117, 1636431175754, 637, 274, 363, 0, 0, 0
8983, 1, 1636431175201, 1636431175830, 629, 270, 359, 1, 0, 1
8931, 2, 1636431165902, 1636431176073, 10171, 0, 10171, 1, 0, 1
8984, 1, 1636431175437, 1636431176114, 677, 276, 401, 0, 6, 6
8986, 1, 1636431175692, 1636431176338, 646, 293, 353, 0, 23, 23
8987, 1, 1636431175750, 1636431176430, 680, 278, 402, 1, 15, 16
8985, 1, 1636431175499, 1636431176554, 1055, 674, 381, 44, 1, 45
8936, 2, 1636431166538, 1636431176714, 10176, 1, 10175, 0, 1, 1
8989, 1, 1636431176206, 1636431176882, 676, 277, 399, 0, 0, 0
8990, 1, 1636431176309, 1636431176922, 613, 262, 351, 0, 0, 0
8991, 1, 1636431176418, 1636431177078, 660, 303, 357, 0, 28, 28
8938, 2, 1636431166954, 1636431177125, 10171, 1, 10170, 1, 0, 1
8992, 1, 1636431176531, 1636431177166, 635, 278, 357, 0, 9, 9
8988, 1, 1636431175751, 1636431177322, 1571, 1180, 391, 1, 0, 1
8993, 1, 1636431176718, 1636431177334, 616, 262, 354, 0, 0, 0
8997, 1, 1636431177126, 1636431177706, 580, 266, 314, 0, 1, 1
8996, 1, 1636431177060, 1636431177706, 646, 262, 384, 0, 1, 1
8995, 1, 1636431176838, 1636431177774, 936, 539, 397, 0, 0, 0
8994, 1, 1636431176817, 1636431177778, 961, 606, 355, 0, 0, 0
8999, 1, 1636431177324, 1636431177990, 666, 274, 392, 0, 0, 0
9000, 1, 1636431177512, 1636431178158, 646, 290, 356, 2, 0, 2
9001, 1, 1636431177602, 1636431178226, 624, 266, 358, 2, 0, 2
8998, 1, 1636431177262, 1636431178226, 964, 565, 399, 0, 0, 0
8945, 2, 1636431168182, 1636431178361, 10179, 1, 10178, 0, 1, 1
9002, 1, 1636431177763, 1636431178386, 623, 271, 352, 2, 0, 2
9003, 1, 1636431177820, 1636431178434, 614, 265, 349, 0, 0, 0
9004, 1, 1636431178116, 1636431178734, 618, 267, 351, 1, 1, 2
9005, 1, 1636431178155, 1636431178814, 659, 298, 361, 1, 32, 33
9007, 1, 1636431178386, 1636431179010, 624, 266, 358, 1, 0, 1
9008, 1, 1636431178440, 1636431179062, 622, 269, 353, 0, 0, 0
9009, 1, 1636431178494, 1636431179158, 664, 263, 401, 0, 1, 1
9006, 1, 1636431178157, 1636431179170, 1013, 663, 350, 0, 1, 1
9011, 1, 1636431178608, 1636431179226, 618, 266, 352, 0, 0, 0
8951, 2, 1636431169074, 1636431179249, 10175, 0, 10175, 0, 0, 0
9010, 1, 1636431178568, 1636431179262, 694, 329, 365, 0, 0, 0
9012, 1, 1636431178886, 1636431179510, 624, 270, 354, 0, 4, 4
8952, 2, 1636431169334, 1636431179513, 10179, 0, 10179, 0, 0, 0
9013, 1, 1636431178995, 1636431179622, 627, 269, 358, 0, 0, 0
9014, 1, 1636431179073, 1636431179706, 633, 270, 363, 0, 4, 4
9015, 1, 1636431179250, 1636431179874, 624, 270, 354, 0, 1, 1
9017, 1, 1636431179405, 1636431180054, 649, 269, 380, 2, 0, 2
9016, 1, 1636431179382, 1636431180054, 672, 269, 403, 1, 0, 1
9019, 1, 1636431179534, 1636431180162, 628, 266, 362, 0, 0, 0
9021, 1, 1636431179691, 1636431180318, 627, 275, 352, 1, 2, 3
9022, 1, 1636431179712, 1636431180330, 618, 261, 357, 0, 0, 0
8958, 2, 1636431170198, 1636431180377, 10179, 0, 10179, 0, 0, 0
9023, 1, 1636431179792, 1636431180410, 618, 262, 356, 0, 0, 0
9020, 1, 1636431179642, 1636431180494, 852, 463, 389, 0, 0, 0
9018, 1, 1636431179515, 1636431180494, 979, 674, 305, 0, 0, 0
9025, 1, 1636431179953, 1636431180642, 689, 330, 359, 0, 36, 36
9026, 1, 1636431180158, 1636431180826, 668, 263, 405, 0, 0, 0
9024, 1, 1636431179926, 1636431180942, 1016, 659, 357, 0, 1, 1
8959, 2, 1636431170778, 1636431180953, 10175, 0, 10175, 1, 0, 1
9027, 1, 1636431180378, 1636431180958, 580, 271, 309, 0, 0, 0
9028, 1, 1636431180416, 1636431181034, 618, 266, 352, 1, 0, 1
9030, 1, 1636431180575, 1636431181218, 643, 291, 352, 0, 21, 21
9031, 1, 1636431180683, 1636431181314, 631, 274, 357, 1, 4, 5
8962, 2, 1636431171206, 1636431181385, 10179, 0, 10179, 0, 0, 0
9029, 1, 1636431180514, 1636431181402, 888, 490, 398, 0, 8, 8
9032, 1, 1636431180786, 1636431181410, 624, 265, 359, 0, 0, 0
9033, 1, 1636431180808, 1636431181434, 626, 269, 357, 0, 0, 0
9036, 1, 1636431180996, 1636431181646, 650, 304, 346, 0, 37, 37
9037, 1, 1636431181075, 1636431181746, 671, 314, 357, 1, 45, 46
9035, 1, 1636431180954, 1636431181774, 820, 458, 362, 0, 0, 0
9039, 1, 1636431181188, 1636431181830, 642, 293, 349, 1, 28, 29
9038, 1, 1636431181090, 1636431181842, 752, 362, 390, 0, 0, 0
9034, 1, 1636431180813, 1636431181862, 1049, 694, 355, 1, 1, 2
9040, 1, 1636431181278, 1636431181922, 644, 266, 378, 0, 0, 0
9041, 1, 1636431181281, 1636431181922, 641, 265, 376, 0, 0, 0
9042, 1, 1636431181443, 1636431182098, 655, 299, 356, 0, 1, 1
9044, 1, 1636431181625, 1636431182245, 620, 266, 354, 0, 0, 0
8966, 2, 1636431172070, 1636431182249, 10179, 0, 10179, 0, 0, 0
9043, 1, 1636431181514, 1636431182290, 776, 378, 398, 0, 0, 0
9045, 1, 1636431181807, 1636431182426, 619, 262, 357, 0, 0, 0
9046, 1, 1636431181833, 1636431182462, 629, 270, 359, 1, 0, 1
8967, 2, 1636431172334, 1636431182510, 10176, 0, 10176, 0, 0, 0
9047, 1, 1636431181948, 1636431182601, 653, 306, 347, 0, 33, 33
9049, 1, 1636431182108, 1636431182774, 666, 315, 351, 0, 42, 42
9053, 1, 1636431182324, 1636431182958, 634, 279, 355, 0, 14, 14
8971, 1, 1636431172686, 1636431182994, 10308, 9910, 398, 0, 1, 1
9054, 1, 1636431182374, 1636431183034, 660, 262, 398, 0, 0, 0
9055, 1, 1636431182427, 1636431183042, 615, 263, 352, 0, 0, 0
9056, 1, 1636431182434, 1636431183078, 644, 263, 381, 1, 0, 1
9058, 1, 1636431182561, 1636431183226, 665, 306, 359, 0, 0, 0
9060, 1, 1636431182664, 1636431183290, 626, 270, 356, 0, 0, 0
9061, 1, 1636431182748, 1636431183398, 650, 294, 356, 0, 0, 0
9059, 1, 1636431182638, 1636431183482, 844, 446, 398, 1, 0, 1
9062, 1, 1636431182852, 1636431183486, 634, 283, 351, 0, 0, 0
9063, 1, 1636431182917, 1636431183538, 621, 266, 355, 1, 0, 1
9065, 1, 1636431183136, 1636431183766, 630, 270, 360, 0, 0, 0
9057, 1, 1636431182511, 1636431183854, 1343, 981, 362, 0, 0, 0
9067, 1, 1636431183234, 1636431183858, 624, 270, 354, 0, 0, 0
9064, 1, 1636431182995, 1636431183938, 943, 542, 401, 0, 0, 0
9068, 1, 1636431183434, 1636431184294, 860, 505, 355, 0, 0, 0
9069, 1, 1636431183672, 1636431184294, 622, 271, 351, 0, 0, 0
9070, 1, 1636431183723, 1636431184342, 619, 262, 357, 0, 0, 0
9071, 1, 1636431183753, 1636431184378, 625, 270, 355, 0, 0, 0
9073, 1, 1636431183855, 1636431184522, 667, 262, 405, 0, 0, 0
9076, 1, 1636431184029, 1636431184654, 625, 266, 359, 1, 0, 1
9074, 1, 1636431183887, 1636431184742, 855, 504, 351, 0, 0, 0
9075, 1, 1636431183938, 1636431184750, 812, 452, 360, 0, 0, 0
9077, 1, 1636431184141, 1636431184790, 649, 291, 358, 1, 0, 1
9079, 1, 1636431184262, 1636431184894, 632, 266, 366, 0, 0, 0
9081, 1, 1636431184531, 1636431185154, 623, 270, 353, 0, 0, 0
9080, 1, 1636431184363, 1636431185194, 831, 483, 348, 0, 1, 1
9082, 1, 1636431184626, 1636431185234, 608, 254, 354, 0, 0, 0
9083, 1, 1636431184797, 1636431185414, 617, 266, 351, 0, 0, 0
9084, 1, 1636431185013, 1636431185646, 633, 274, 359, 0, 0, 0
9086, 1, 1636431185122, 1636431185758, 636, 278, 358, 0, 0, 0
9087, 1, 1636431185249, 1636431185870, 621, 270, 351, 1, 1, 2
9088, 1, 1636431185251, 1636431185878, 627, 270, 357, 1, 2, 3
9090, 1, 1636431185376, 1636431185998, 622, 266, 356, 0, 0, 0
9091, 1, 1636431185472, 1636431186090, 618, 266, 352, 0, 0, 0
9092, 1, 1636431185559, 1636431186182, 623, 270, 353, 0, 0, 0
9094, 1, 1636431185932, 1636431186558, 626, 271, 355, 1, 0, 1
9095, 1, 1636431185991, 1636431186622, 631, 271, 360, 0, 0, 0
9096, 1, 1636431186086, 1636431186714, 628, 266, 362, 0, 0, 0
9097, 1, 1636431186409, 1636431187034, 625, 266, 359, 0, 0, 0
9098, 1, 1636431186493, 1636431187114, 621, 268, 353, 1, 0, 1
9099, 1, 1636431186539, 1636431187158, 619, 271, 348, 0, 1, 1
9100, 1, 1636431186617, 1636431187250, 633, 268, 365, 0, 0, 0
9101, 1, 1636431186686, 1636431187298, 612, 259, 353, 0, 1, 1
9102, 1, 1636431186865, 1636431187482, 617, 267, 350, 0, 0, 0
9103, 1, 1636431186869, 1636431187490, 621, 271, 350, 1, 0, 1
9104, 1, 1636431187261, 1636431187890, 629, 270, 359, 0, 1, 1
9105, 1, 1636431187357, 1636431187986, 629, 262, 367, 1, 0, 1
9106, 1, 1636431187440, 1636431188058, 618, 273, 345, 1, 1, 2
9107, 1, 1636431187731, 1636431188350, 619, 262, 357, 0, 0, 0
9108, 1, 1636431187778, 1636431188390, 612, 258, 354, 0, 0, 0
9109, 1, 1636431187936, 1636431188546, 610, 261, 349, 0, 0, 0
9110, 1, 1636431187980, 1636431188590, 610, 262, 348, 0, 0, 0
9111, 1, 1636431188008, 1636431188618, 610, 263, 347, 0, 0, 0
9112, 1, 1636431188133, 1636431188790, 657, 302, 355, 0, 0, 0
9113, 1, 1636431188265, 1636431188870, 605, 258, 347, 1, 0, 1
9114, 1, 1636431188602, 1636431189246, 644, 274, 370, 1, 1, 2
9115, 1, 1636431188668, 1636431189286, 618, 270, 348, 0, 0, 0
9116, 1, 1636431188704, 1636431189322, 618, 268, 350, 0, 0, 0
9117, 1, 1636431189024, 1636431189634, 610, 258, 352, 0, 0, 0
9118, 1, 1636431189055, 1636431189678, 623, 266, 357, 0, 0, 0
9119, 1, 1636431189228, 1636431189846, 618, 262, 356, 0, 0, 0
9120, 1, 1636431189331, 1636431189954, 623, 262, 361, 0, 0, 0
9121, 1, 1636431189377, 1636431189994, 617, 265, 352, 0, 0, 0
9122, 1, 1636431189424, 1636431190078, 654, 303, 351, 0, 1, 1
9123, 1, 1636431189603, 1636431190222, 619, 254, 365, 0, 0, 0
9124, 1, 1636431189928, 1636431190546, 618, 263, 355, 1, 1, 2
9125, 1, 1636431189998, 1636431190614, 616, 262, 354, 1, 0, 1
9126, 1, 1636431190047, 1636431190658, 611, 263, 348, 1, 0, 1
9127, 1, 1636431190394, 1636431191014, 620, 266, 354, 0, 0, 0
9128, 1, 1636431190440, 1636431191066, 626, 271, 355, 0, 0, 0
9129, 1, 1636431190522, 1636431191138, 616, 265, 351, 0, 0, 0
9130, 1, 1636431190598, 1636431191222, 624, 266, 358, 1, 0, 1
9131, 1, 1636431190755, 1636431191362, 607, 257, 350, 0, 0, 0
9132, 1, 1636431190767, 1636431191450, 683, 334, 349, 0, 0, 0
9133, 1, 1636431191003, 1636431191622, 619, 263, 356, 0, 0, 0
9134, 1, 1636431191328, 1636431191958, 630, 269, 361, 0, 0, 0
9135, 1, 1636431191363, 1636431191974, 611, 258, 353, 1, 0, 1
9136, 1, 1636431191400, 1636431192010, 610, 265, 345, 1, 0, 1
9048, 2, 1636431182040, 1636431192173, 10133, 0, 10133, 0, 0, 0
9051, 2, 1636431182148, 1636431192297, 10149, 0, 10149, 0, 0, 0
9050, 2, 1636431182146, 1636431192341, 10195, 1, 10194, 1, 0, 1
9137, 1, 1636431191767, 1636431192386, 619, 267, 352, 0, 1, 1
9052, 2, 1636431182313, 1636431192445, 10132, 1, 10131, 0, 0, 0
9138, 1, 1636431191829, 1636431192450, 621, 266, 355, 0, 0, 0
9139, 1, 1636431191887, 1636431192602, 715, 312, 403, 0, 43, 43
9140, 1, 1636431191995, 1636431192706, 711, 318, 393, 0, 55, 55
9141, 1, 1636431192174, 1636431192818, 644, 260, 384, 0, 1, 1
9142, 1, 1636431192174, 1636431192882, 708, 327, 381, 47, 16, 63
9143, 1, 1636431192342, 1636431192902, 560, 257, 303, 0, 0, 0
9145, 1, 1636431192447, 1636431193094, 647, 258, 389, 1, 0, 1
9146, 1, 1636431192672, 1636431193278, 606, 254, 352, 0, 0, 0
9147, 1, 1636431192674, 1636431193290, 616, 262, 354, 1, 0, 1
9066, 2, 1636431183200, 1636431193333, 10133, 0, 10133, 0, 0, 0
9149, 1, 1636431192690, 1636431193338, 648, 258, 390, 1, 0, 1
9150, 1, 1636431192742, 1636431193350, 608, 254, 354, 0, 0, 0
9144, 1, 1636431192446, 1636431193542, 1096, 686, 410, 0, 0, 0
9151, 1, 1636431193045, 1636431193682, 637, 290, 347, 0, 19, 19
9148, 1, 1636431192690, 1636431193782, 1092, 699, 393, 1, 1, 2
9152, 1, 1636431193161, 1636431193782, 621, 269, 352, 0, 0, 0
9153, 1, 1636431193256, 1636431193894, 638, 257, 381, 0, 0, 0
9072, 2, 1636431183823, 1636431193954, 10131, 0, 10131, 0, 0, 0
9154, 1, 1636431193362, 1636431193982, 620, 269, 351, 1, 1, 2
9158, 1, 1636431193572, 1636431194218, 646, 290, 356, 0, 28, 28
9155, 1, 1636431193462, 1636431194222, 760, 370, 390, 0, 0, 0
9159, 1, 1636431193721, 1636431194342, 621, 265, 356, 0, 0, 0
9078, 2, 1636431184239, 1636431194377, 10138, 0, 10138, 0, 1, 1
9161, 1, 1636431193957, 1636431194574, 617, 266, 351, 0, 0, 0
9162, 1, 1636431193982, 1636431194634, 652, 306, 346, 0, 40, 40
9165, 1, 1636431194024, 1636431194638, 614, 268, 346, 1, 0, 1
9166, 1, 1636431194086, 1636431194734, 648, 259, 389, 0, 0, 0
9160, 1, 1636431193744, 1636431194814, 1070, 718, 352, 1, 36, 37
9167, 1, 1636431194378, 1636431194998, 620, 262, 358, 0, 0, 0
9163, 1, 1636431193993, 1636431195086, 1093, 730, 363, 1, 0, 1
9085, 2, 1636431185028, 1636431195162, 10134, 0, 10134, 0, 0, 0
9169, 1, 1636431194506, 1636431195194, 688, 278, 410, 0, 0, 0
9171, 1, 1636431194731, 1636431195374, 643, 274, 369, 0, 0, 0
9089, 2, 1636431185305, 1636431195441, 10136, 1, 10135, 0, 1, 1
9173, 1, 1636431194874, 1636431195542, 668, 310, 358, 0, 0, 0
9174, 1, 1636431195004, 1636431195626, 622, 270, 352, 0, 0, 0
9093, 2, 1636431185730, 1636431195869, 10139, 1, 10138, 0, 1, 1
9178, 1, 1636431195330, 1636431195982, 652, 275, 377, 1, 1, 2
9172, 1, 1636431194765, 1636431195986, 1221, 864, 357, 0, 1, 1
9177, 1, 1636431195309, 1636431195986, 677, 275, 402, 1, 2, 3
9176, 1, 1636431195290, 1636431195986, 696, 276, 420, 3, 1, 4
9179, 1, 1636431195364, 1636431196018, 654, 269, 385, 0, 0, 0
9175, 1, 1636431195059, 1636431196066, 1007, 638, 369, 0, 0, 0
9183, 1, 1636431195673, 1636431196322, 649, 290, 359, 1, 16, 17
9168, 1, 1636431194443, 1636431196362, 1919, 1566, 353, 0, 0, 0
9180, 1, 1636431195373, 1636431196430, 1057, 677, 380, 1, 0, 1
9182, 1, 1636431195574, 1636431196434, 860, 470, 390, 0, 0, 0
9181, 1, 1636431195388, 1636431196438, 1050, 685, 365, 0, 0, 0
9188, 1, 1636431196161, 1636431196786, 625, 266, 359, 0, 0, 0
9187, 1, 1636431196106, 1636431196870, 764, 411, 353, 0, 0, 0
9186, 1, 1636431196002, 1636431196886, 884, 483, 401, 1, 1, 2
9184, 1, 1636431195818, 1636431196894, 1076, 703, 373, 0, 0, 0
9189, 1, 1636431196354, 1636431196974, 620, 266, 354, 0, 1, 1
9190, 1, 1636431196364, 1636431197030, 666, 270, 396, 0, 0, 0
9194, 1, 1636431196674, 1636431197290, 616, 267, 349, 0, 0, 0
9195, 1, 1636431196687, 1636431197294, 607, 259, 348, 0, 0, 0
9192, 1, 1636431196630, 1636431197338, 708, 358, 350, 1, 0, 1
9197, 1, 1636431196727, 1636431197350, 623, 275, 348, 0, 1, 1
9193, 1, 1636431196656, 1636431197426, 770, 413, 357, 1, 0, 1
9199, 1, 1636431196998, 1636431197625, 627, 266, 361, 0, 0, 0
9196, 1, 1636431196725, 1636431197754, 1029, 662, 367, 1, 0, 1
9198, 1, 1636431196873, 1636431197786, 913, 554, 359, 0, 1, 1
9200, 1, 1636431197161, 1636431197806, 645, 286, 359, 1, 0, 1
9191, 1, 1636431196418, 1636431197878, 1460, 1101, 359, 1, 0, 1
9203, 1, 1636431197490, 1636431198109, 619, 267, 352, 0, 0, 0
9202, 1, 1636431197485, 1636431198190, 705, 355, 350, 0, 0, 0
9201, 1, 1636431197314, 1636431198234, 920, 566, 354, 0, 0, 0
9204, 1, 1636431197650, 1636431198278, 628, 274, 354, 1, 0, 1
9205, 1, 1636431197693, 1636431198318, 625, 270, 355, 0, 0, 0
9207, 1, 1636431197948, 1636431198570, 622, 270, 352, 1, 0, 1
9206, 1, 1636431197880, 1636431198570, 690, 286, 404, 0, 0, 0
9208, 1, 1636431198006, 1636431198634, 628, 275, 353, 0, 1, 1
9209, 1, 1636431198026, 1636431198638, 612, 254, 358, 0, 0, 0
9210, 1, 1636431198062, 1636431198674, 612, 258, 354, 0, 0, 0
9212, 1, 1636431198092, 1636431198714, 622, 266, 356, 1, 0, 1
9214, 1, 1636431198385, 1636431199010, 625, 269, 356, 0, 0, 0
9213, 1, 1636431198227, 1636431199078, 851, 495, 356, 0, 0, 0
9211, 1, 1636431198070, 1636431199118, 1048, 690, 358, 0, 0, 0
9215, 1, 1636431198504, 1636431199170, 666, 314, 352, 0, 0, 0
9217, 1, 1636431198803, 1636431199422, 619, 266, 353, 0, 0, 0
9216, 1, 1636431198670, 1636431199526, 856, 498, 358, 0, 0, 0
9218, 1, 1636431198878, 1636431199566, 688, 334, 354, 0, 0, 0
9219, 1, 1636431198999, 1636431199614, 615, 263, 352, 0, 0, 0
9220, 1, 1636431199034, 1636431199654, 620, 265, 355, 0, 0, 0
9221, 1, 1636431199237, 1636431199854, 617, 262, 355, 0, 0, 0
9222, 1, 1636431199257, 1636431199882, 625, 265, 360, 0, 0, 0
9223, 1, 1636431199336, 1636431199970, 634, 274, 360, 0, 0, 0
9224, 1, 1636431199372, 1636431199986, 614, 262, 352, 0, 0, 0
9225, 1, 1636431199384, 1636431200006, 622, 267, 355, 0, 1, 1
9227, 1, 1636431199482, 1636431200098, 616, 262, 354, 1, 0, 1
9228, 1, 1636431199608, 1636431200446, 838, 479, 359, 0, 0, 0
9229, 1, 1636431199768, 1636431200462, 694, 333, 361, 0, 0, 0
9230, 1, 1636431199893, 1636431200546, 653, 298, 355, 1, 0, 1
9232, 1, 1636431200110, 1636431200738, 628, 274, 354, 0, 0, 0
9231, 1, 1636431200050, 1636431200894, 844, 490, 354, 0, 0, 0
9233, 1, 1636431200163, 1636431200906, 743, 390, 353, 1, 0, 1
9234, 1, 1636431200351, 1636431200978, 627, 274, 353, 0, 1, 1
9235, 1, 1636431200394, 1636431201014, 620, 263, 357, 1, 0, 1
9236, 1, 1636431200599, 1636431201218, 619, 266, 353, 0, 0, 0
9237, 1, 1636431200613, 1636431201238, 625, 266, 359, 0, 0, 0
9238, 1, 1636431200633, 1636431201258, 625, 267, 358, 0, 0, 0
9239, 1, 1636431200711, 1636431201326, 615, 262, 353, 1, 0, 1
9226, 1, 1636431199402, 1636431201358, 1956, 1594, 362, 1, 0, 1
9240, 1, 1636431200760, 1636431201390, 630, 278, 352, 0, 0, 0
9243, 1, 1636431201049, 1636431201682, 633, 269, 364, 0, 0, 0
9241, 1, 1636431200791, 1636431201810, 1019, 662, 357, 0, 0, 0
9242, 1, 1636431200975, 1636431201842, 867, 509, 358, 0, 0, 0
9245, 1, 1636431201360, 1636431202022, 662, 270, 392, 0, 0, 0
9246, 1, 1636431201405, 1636431202038, 633, 271, 362, 0, 0, 0
9248, 1, 1636431201461, 1636431202078, 617, 262, 355, 0, 0, 0
9244, 1, 1636431201191, 1636431202262, 1071, 711, 360, 0, 1, 1
9249, 1, 1636431201655, 1636431202286, 631, 269, 362, 0, 0, 0
9247, 1, 1636431201408, 1636431202290, 882, 530, 352, 0, 0, 0
9250, 1, 1636431201686, 1636431202297, 611, 258, 353, 0, 0, 0
9251, 1, 1636431201888, 1636431202506, 618, 270, 348, 0, 1, 1
9252, 1, 1636431201948, 1636431202558, 610, 263, 347, 0, 0, 0
9253, 1, 1636431201961, 1636431202582, 621, 262, 359, 0, 0, 0
9254, 1, 1636431202029, 1636431202710, 681, 326, 355, 0, 0, 0
9255, 1, 1636431202101, 1636431202722, 621, 266, 355, 0, 0, 0
9256, 1, 1636431202112, 1636431202730, 618, 263, 355, 0, 0, 0
9258, 1, 1636431202378, 1636431203026, 648, 294, 354, 1, 0, 1
9257, 1, 1636431202297, 1636431203146, 849, 494, 355, 0, 0, 0
9259, 1, 1636431202508, 1636431203158, 650, 298, 352, 1, 0, 1
9261, 1, 1636431202750, 1636431203390, 640, 279, 361, 0, 0, 0
9262, 1, 1636431202753, 1636431203390, 637, 270, 367, 0, 0, 0
9263, 1, 1636431202864, 1636431203474, 610, 258, 352, 0, 0, 0
9264, 1, 1636431202965, 1636431203586, 621, 266, 355, 1, 0, 1
9260, 1, 1636431202721, 1636431203594, 873, 519, 354, 0, 1, 1
9156, 2, 1636431193472, 1636431203605, 10133, 0, 10133, 0, 1, 1
9265, 1, 1636431202996, 1636431203614, 618, 267, 351, 0, 0, 0
9157, 2, 1636431193474, 1636431203653, 10179, 0, 10179, 0, 0, 0
9266, 1, 1636431203285, 1636431203922, 637, 279, 358, 0, 13, 13
9268, 1, 1636431203346, 1636431204002, 656, 305, 351, 0, 40, 40
9267, 1, 1636431203292, 1636431204006, 714, 370, 344, 1, 92, 93
9269, 1, 1636431203349, 1636431204014, 665, 302, 363, 1, 23, 24
9164, 2, 1636431194005, 1636431204137, 10132, 0, 10132, 0, 0, 0
9271, 1, 1636431203502, 1636431204178, 676, 310, 366, 2, 0, 2
9270, 1, 1636431203491, 1636431204182, 691, 308, 383, 1, 0, 1
9273, 1, 1636431203760, 1636431204406, 646, 291, 355, 0, 21, 21
9274, 1, 1636431203770, 1636431204434, 664, 266, 398, 0, 0, 0
9275, 1, 1636431203774, 1636431204450, 676, 275, 401, 0, 1, 1
9272, 1, 1636431203654, 1636431204490, 836, 487, 349, 1, 1, 2
9276, 1, 1636431203866, 1636431204622, 756, 406, 350, 0, 0, 0
9170, 2, 1636431194561, 1636431204697, 10136, 0, 10136, 0, 0, 0
9278, 1, 1636431204080, 1636431204714, 634, 266, 368, 1, 1, 2
9279, 1, 1636431204138, 1636431204758, 620, 263, 357, 1, 0, 1
9280, 1, 1636431204250, 1636431204870, 620, 263, 357, 0, 1, 1
9281, 1, 1636431204252, 1636431204870, 618, 267, 351, 0, 1, 1
9283, 1, 1636431204334, 1636431204962, 628, 274, 354, 0, 8, 8
9277, 1, 1636431204034, 1636431204962, 928, 559, 369, 3, 29, 32
9282, 1, 1636431204274, 1636431204970, 696, 294, 402, 0, 29, 29
9185, 1, 1636431196000, 1636431205210, 9210, 8834, 376, 0, 0, 0
9285, 1, 1636431204625, 1636431205294, 669, 273, 396, 2, 0, 2
9286, 1, 1636431204643, 1636431205298, 655, 274, 381, 0, 1, 1
9284, 1, 1636431204601, 1636431205326, 725, 352, 373, 1, 0, 1
9287, 1, 1636431204698, 1636431205330, 632, 266, 366, 2, 0, 2
9289, 1, 1636431204854, 1636431205482, 628, 271, 357, 0, 0, 0
9288, 1, 1636431204822, 1636431205486, 664, 270, 394, 0, 0, 0
9292, 1, 1636431205012, 1636431205626, 614, 262, 352, 0, 0, 0
9293, 1, 1636431205061, 1636431205686, 625, 262, 363, 0, 0, 0
9294, 1, 1636431205123, 1636431205746, 623, 269, 354, 0, 1, 1
9290, 1, 1636431204899, 1636431205778, 879, 527, 352, 1, 1, 2
9291, 1, 1636431204968, 1636431205782, 814, 458, 356, 1, 1, 2
9296, 1, 1636431205212, 1636431205866, 654, 258, 396, 0, 0, 0
9298, 1, 1636431205406, 1636431206018, 612, 262, 350, 0, 0, 0
9299, 1, 1636431205427, 1636431206054, 627, 269, 358, 0, 0, 0
9300, 1, 1636431205531, 1636431206150, 619, 270, 349, 0, 0, 0
9301, 1, 1636431205604, 1636431206226, 622, 274, 348, 0, 0, 0
9302, 1, 1636431205618, 1636431206234, 616, 262, 354, 1, 0, 1
9295, 1, 1636431205210, 1636431206238, 1028, 670, 358, 0, 0, 0
9297, 1, 1636431205391, 1636431206246, 855, 489, 366, 0, 0, 0
9303, 1, 1636431205669, 1636431206278, 609, 254, 355, 0, 0, 0
9304, 1, 1636431205927, 1636431206550, 623, 266, 357, 0, 0, 0
9305, 1, 1636431205962, 1636431206586, 624, 269, 355, 0, 0, 0
9306, 1, 1636431206017, 1636431206630, 613, 258, 355, 0, 0, 0
9307, 1, 1636431206046, 1636431206674, 628, 278, 350, 0, 0, 0
9308, 1, 1636431206065, 1636431206690, 625, 266, 359, 0, 0, 0
9309, 1, 1636431206157, 1636431206782, 625, 266, 359, 0, 0, 0
9310, 1, 1636431206276, 1636431206906, 630, 266, 364, 0, 0, 0
9312, 1, 1636431206345, 1636431206970, 625, 274, 351, 0, 1, 1
9313, 1, 1636431206365, 1636431206986, 621, 265, 356, 0, 0, 0
9315, 1, 1636431206503, 1636431207118, 615, 263, 352, 1, 0, 1
9311, 1, 1636431206313, 1636431207126, 813, 450, 363, 1, 0, 1
9316, 1, 1636431206556, 1636431207362, 806, 450, 356, 0, 0, 0
9318, 1, 1636431206754, 1636431207390, 636, 274, 362, 0, 1, 1
9314, 1, 1636431206450, 1636431207422, 972, 613, 359, 1, 0, 1
9320, 1, 1636431206892, 1636431207514, 622, 267, 355, 0, 1, 1
9321, 1, 1636431206947, 1636431207574, 627, 269, 358, 1, 0, 1
9317, 1, 1636431206743, 1636431207582, 839, 478, 361, 2, 0, 2
9322, 1, 1636431206951, 1636431207582, 631, 269, 362, 1, 0, 1
9319, 1, 1636431206864, 1636431207873, 1009, 654, 355, 0, 0, 0
9323, 1, 1636431207307, 1636431207926, 619, 270, 349, 0, 0, 0
9324, 1, 1636431207310, 1636431207950, 640, 278, 362, 0, 0, 0
9326, 1, 1636431207405, 1636431208026, 621, 266, 355, 0, 0, 0
9327, 1, 1636431207443, 1636431208062, 619, 266, 353, 0, 0, 0
9328, 1, 1636431207465, 1636431208086, 621, 267, 354, 0, 1, 1
9329, 1, 1636431207580, 1636431208194, 614, 262, 352, 0, 0, 0
9330, 1, 1636431207687, 1636431208314, 627, 270, 357, 0, 0, 0
9332, 1, 1636431207699, 1636431208322, 623, 266, 357, 0, 0, 0
9325, 1, 1636431207373, 1636431208326, 953, 598, 355, 0, 0, 0
9333, 1, 1636431207754, 1636431208374, 620, 267, 353, 0, 0, 0
9334, 1, 1636431207778, 1636431208398, 620, 270, 350, 1, 1, 2
9331, 1, 1636431207689, 1636431208506, 817, 462, 355, 0, 0, 0
9335, 1, 1636431207867, 1636431208642, 775, 422, 353, 1, 0, 1
9336, 1, 1636431208099, 1636431208722, 623, 267, 356, 0, 1, 1
9338, 1, 1636431208185, 1636431208814, 629, 269, 360, 0, 0, 0
9339, 1, 1636431208201, 1636431208838, 637, 270, 367, 0, 0, 0
9341, 1, 1636431208258, 1636431208878, 620, 266, 354, 0, 1, 1
9337, 1, 1636431208111, 1636431208958, 847, 494, 353, 1, 0, 1
9340, 1, 1636431208215, 1636431209098, 883, 522, 361, 1, 1, 2
9342, 1, 1636431208594, 1636431209226, 632, 267, 365, 0, 1, 1
9343, 1, 1636431208607, 1636431209226, 619, 259, 360, 0, 0, 0
9344, 1, 1636431208727, 1636431209354, 627, 274, 353, 0, 0, 0
9346, 1, 1636431208794, 1636431209414, 620, 266, 354, 0, 1, 1
9347, 1, 1636431208799, 1636431209418, 619, 266, 353, 1, 1, 2
9348, 1, 1636431208895, 1636431209510, 615, 266, 349, 1, 0, 1
9345, 1, 1636431208775, 1636431209538, 763, 410, 353, 0, 0, 0
9350, 1, 1636431208982, 1636431209594, 612, 255, 357, 1, 0, 1
9351, 1, 1636431209018, 1636431209642, 624, 266, 358, 0, 0, 0
9352, 1, 1636431209069, 1636431209682, 613, 262, 351, 0, 0, 0
9353, 1, 1636431209111, 1636431209738, 627, 258, 369, 0, 0, 0
9354, 1, 1636431209181, 1636431209958, 777, 423, 354, 1, 0, 1
9349, 1, 1636431208974, 1636431209994, 1020, 658, 362, 0, 0, 0
9355, 1, 1636431209405, 1636431210022, 617, 266, 351, 0, 0, 0
9357, 1, 1636431209483, 1636431210102, 619, 261, 358, 0, 0, 0
9358, 1, 1636431209569, 1636431210194, 625, 265, 360, 0, 0, 0
9359, 1, 1636431209584, 1636431210202, 618, 270, 348, 0, 0, 0
9360, 1, 1636431209588, 1636431210202, 614, 266, 348, 0, 0, 0
9356, 1, 1636431209436, 1636431210446, 1010, 658, 352, 0, 0, 0
9361, 1, 1636431209862, 1636431210498, 636, 273, 363, 1, 0, 1
9362, 1, 1636431210010, 1636431210626, 616, 262, 354, 0, 0, 0
9363, 1, 1636431210023, 1636431210650, 627, 270, 357, 0, 0, 0
9364, 1, 1636431210055, 1636431210678, 623, 266, 357, 0, 0, 0
9365, 1, 1636431210087, 1636431210709, 622, 267, 355, 0, 1, 1
9366, 1, 1636431210128, 1636431210750, 622, 266, 356, 0, 0, 0
9367, 1, 1636431210224, 1636431210846, 622, 266, 356, 0, 0, 0
9370, 1, 1636431210355, 1636431210970, 615, 263, 352, 0, 0, 0
9371, 1, 1636431210404, 1636431211034, 630, 274, 356, 0, 0, 0
9368, 1, 1636431210278, 1636431211102, 824, 470, 354, 1, 0, 1
9373, 1, 1636431210482, 1636431211114, 632, 274, 358, 0, 0, 0
9369, 1, 1636431210288, 1636431211126, 838, 486, 352, 0, 0, 0
9372, 1, 1636431210472, 1636431211290, 818, 466, 352, 0, 0, 0
9374, 1, 1636431210680, 1636431211314, 634, 270, 364, 0, 0, 0
9377, 1, 1636431210879, 1636431211502, 623, 266, 357, 0, 0, 0
9378, 1, 1636431210921, 1636431211538, 617, 270, 347, 0, 0, 0
9376, 1, 1636431210786, 1636431211554, 768, 410, 358, 0, 0, 0
9379, 1, 1636431210942, 1636431211582, 640, 270, 370, 1, 0, 1
9375, 1, 1636431210752, 1636431211586, 834, 466, 368, 0, 0, 0
9380, 1, 1636431211229, 1636431211850, 621, 262, 359, 1, 0, 1
9382, 1, 1636431211335, 1636431211958, 623, 275, 348, 1, 0, 1
9381, 1, 1636431211304, 1636431212002, 698, 346, 352, 0, 0, 0
9383, 1, 1636431211401, 1636431212026, 625, 274, 351, 1, 0, 1
9384, 1, 1636431211451, 1636431212054, 603, 254, 349, 0, 0, 0
9385, 1, 1636431211469, 1636431212078, 609, 258, 351, 0, 0, 0
9386, 1, 1636431211557, 1636431212174, 617, 262, 355, 0, 0, 0
9390, 1, 1636431211739, 1636431212354, 615, 262, 353, 0, 0, 0
9389, 1, 1636431211731, 1636431212354, 623, 267, 356, 0, 0, 0
9388, 1, 1636431211591, 1636431212402, 811, 459, 352, 0, 0, 0
9391, 1, 1636431211789, 1636431212410, 621, 266, 355, 0, 0, 0
9387, 1, 1636431211563, 1636431212510, 947, 590, 357, 0, 0, 0
9392, 1, 1636431211802, 1636431212622, 820, 470, 350, 0, 0, 0
9394, 1, 1636431212071, 1636431212702, 631, 278, 353, 0, 0, 0
9393, 1, 1636431212055, 1636431212842, 787, 438, 349, 0, 0, 0
9396, 1, 1636431212221, 1636431212846, 625, 265, 360, 0, 0, 0
9397, 1, 1636431212255, 1636431212882, 627, 270, 357, 0, 0, 0
9398, 1, 1636431212261, 1636431212886, 625, 270, 355, 0, 0, 0
9395, 1, 1636431212093, 1636431212966, 873, 513, 360, 0, 0, 0
9399, 1, 1636431212534, 1636431213166, 632, 270, 362, 0, 0, 0
9401, 1, 1636431212669, 1636431213294, 625, 262, 363, 1, 0, 1
9402, 1, 1636431212684, 1636431213306, 622, 272, 350, 1, 0, 1
9400, 1, 1636431212598, 1636431213414, 816, 459, 357, 0, 1, 1
9403, 1, 1636431212799, 1636431213414, 615, 263, 352, 1, 0, 1
9404, 1, 1636431212815, 1636431213446, 631, 269, 362, 0, 0, 0
9405, 1, 1636431212872, 1636431213498, 626, 266, 360, 0, 0, 0
9407, 1, 1636431212892, 1636431213506, 614, 266, 348, 0, 0, 0
9408, 1, 1636431213078, 1636431213698, 620, 266, 354, 0, 0, 0
9409, 1, 1636431213114, 1636431213742, 628, 264, 364, 1, 0, 1
9406, 1, 1636431212888, 1636431213746, 858, 498, 360, 0, 0, 0
9411, 1, 1636431213172, 1636431213798, 626, 261, 365, 0, 0, 0
9410, 1, 1636431213163, 1636431213958, 795, 435, 360, 1, 1, 2
9413, 1, 1636431213409, 1636431214034, 625, 270, 355, 1, 0, 1
9414, 1, 1636431213441, 1636431214062, 621, 266, 355, 0, 0, 0
9415, 1, 1636431213551, 1636431214170, 619, 266, 353, 0, 0, 0
9412, 1, 1636431213366, 1636431214202, 836, 474, 362, 0, 0, 0
9416, 1, 1636431213584, 1636431214202, 618, 262, 356, 0, 0, 0
9417, 1, 1636431213631, 1636431214254, 623, 266, 357, 0, 0, 0
9418, 1, 1636431213901, 1636431214534, 633, 274, 359, 1, 0, 1
9419, 1, 1636431213909, 1636431214542, 633, 269, 364, 0, 0, 0
9420, 1, 1636431214010, 1636431214634, 624, 266, 358, 2, 0, 2
9421, 1, 1636431214079, 1636431214710, 631, 269, 362, 0, 0, 0
9422, 1, 1636431214103, 1636431214726, 623, 270, 353, 2, 0, 2
9426, 1, 1636431214261, 1636431214898, 637, 274, 363, 1, 0, 1
9427, 1, 1636431214363, 1636431214982, 619, 263, 356, 0, 1, 1
9428, 1, 1636431214432, 1636431215054, 622, 270, 352, 0, 1, 1
9425, 1, 1636431214257, 1636431215078, 821, 470, 351, 0, 0, 0
9430, 1, 1636431214548, 1636431215174, 626, 271, 355, 1, 0, 1
9429, 1, 1636431214450, 1636431215178, 728, 370, 358, 0, 0, 0
9432, 1, 1636431214727, 1636431215358, 631, 278, 353, 1, 0, 1
9433, 1, 1636431214798, 1636431215418, 620, 270, 350, 0, 0, 0
9431, 1, 1636431214708, 1636431215530, 822, 466, 356, 0, 0, 0
9435, 1, 1636431214913, 1636431215542, 629, 266, 363, 0, 0, 0
9436, 1, 1636431214965, 1636431215590, 625, 266, 359, 0, 0, 0
9437, 1, 1636431215209, 1636431215838, 629, 274, 355, 0, 0, 0
9438, 1, 1636431215279, 1636431215898, 619, 270, 349, 0, 1, 1
9440, 1, 1636431215368, 1636431215986, 618, 263, 355, 1, 0, 1
9441, 1, 1636431215479, 1636431216106, 627, 274, 353, 0, 0, 0
9442, 1, 1636431215550, 1636431216178, 628, 262, 366, 0, 0, 0
9444, 1, 1636431215640, 1636431216250, 610, 262, 348, 0, 1, 1
9445, 1, 1636431215722, 1636431216350, 628, 274, 354, 1, 0, 1
9447, 1, 1636431215869, 1636431216490, 621, 266, 355, 0, 0, 0
9449, 1, 1636431216079, 1636431216706, 627, 274, 353, 1, 0, 1
9450, 1, 1636431216095, 1636431216710, 615, 266, 349, 0, 0, 0
9451, 1, 1636431216263, 1636431216882, 619, 266, 353, 0, 0, 0
9452, 1, 1636431216308, 1636431216922, 614, 262, 352, 0, 0, 0
9453, 1, 1636431216559, 1636431217186, 627, 274, 353, 0, 0, 0
9454, 1, 1636431216599, 1636431217222, 623, 270, 353, 1, 0, 1
9455, 1, 1636431216633, 1636431217266, 633, 274, 359, 1, 0, 1
9456, 1, 1636431216808, 1636431217438, 630, 270, 360, 0, 0, 0
9457, 1, 1636431216852, 1636431217474, 622, 270, 352, 0, 0, 0
9458, 1, 1636431216977, 1636431217598, 621, 270, 351, 0, 0, 0
9459, 1, 1636431217061, 1636431217694, 633, 274, 359, 0, 0, 0
9460, 1, 1636431217147, 1636431217774, 627, 273, 354, 0, 0, 0
9461, 1, 1636431217381, 1636431218010, 629, 270, 359, 1, 0, 1
9462, 1, 1636431217434, 1636431218050, 616, 269, 347, 0, 0, 0
9463, 1, 1636431217594, 1636431218218, 624, 266, 358, 1, 0, 1
9464, 1, 1636431217655, 1636431218278, 623, 262, 361, 0, 0, 0
9465, 1, 1636431217862, 1636431218486, 624, 270, 354, 0, 1, 1
9466, 1, 1636431217996, 1636431218618, 622, 269, 353, 1, 1, 2
9467, 1, 1636431218010, 1636431218638, 628, 271, 357, 0, 1, 1
9468, 1, 1636431218149, 1636431218774, 625, 262, 363, 0, 0, 0
9469, 1, 1636431218238, 1636431218874, 636, 275, 361, 0, 0, 0
9470, 1, 1636431218351, 1636431218970, 619, 266, 353, 0, 1, 1
9471, 1, 1636431218416, 1636431219042, 626, 264, 362, 0, 0, 0
9472, 1, 1636431218532, 1636431219162, 630, 265, 365, 1, 0, 1
9473, 1, 1636431218719, 1636431219338, 619, 267, 352, 1, 0, 1
9474, 1, 1636431218768, 1636431219390, 622, 269, 353, 0, 0, 0
9475, 1, 1636431218940, 1636431219566, 626, 266, 360, 0, 0, 0
9476, 1, 1636431218984, 1636431219614, 630, 274, 356, 0, 0, 0
9477, 1, 1636431219249, 1636431219882, 633, 273, 360, 0, 0, 0
9478, 1, 1636431219270, 1636431219898, 628, 270, 358, 0, 0, 0
9479, 1, 1636431219339, 1636431219954, 615, 266, 349, 1, 0, 1
9480, 1, 1636431219477, 1636431220102, 625, 267, 358, 1, 0, 1
9481, 1, 1636431219534, 1636431220150, 616, 262, 354, 0, 1, 1
9482, 1, 1636431219683, 1636431220302, 619, 267, 352, 2, 0, 2
9483, 1, 1636431219751, 1636431220366, 615, 262, 353, 0, 0, 0
9484, 1, 1636431219920, 1636431220542, 622, 266, 356, 0, 0, 0
9485, 1, 1636431219996, 1636431220618, 622, 267, 355, 0, 0, 0
9486, 1, 1636431220057, 1636431220678, 621, 263, 358, 1, 0, 1
9487, 1, 1636431220285, 1636431220914, 629, 274, 355, 0, 0, 0
9488, 1, 1636431220325, 1636431220958, 633, 270, 363, 0, 0, 0
9489, 1, 1636431220546, 1636431221174, 628, 275, 353, 1, 0, 1
9490, 1, 1636431220569, 1636431221198, 629, 269, 360, 0, 0, 0
9491, 1, 1636431220623, 1636431221254, 631, 263, 368, 0, 0, 0
9493, 1, 1636431220842, 1636431221454, 612, 262, 350, 0, 0, 0
9492, 1, 1636431220818, 1636431221454, 636, 277, 359, 0, 0, 0
9494, 1, 1636431220977, 1636431221590, 613, 255, 358, 0, 0, 0
9495, 1, 1636431221063, 1636431221678, 615, 263, 352, 0, 0, 0
9496, 1, 1636431221209, 1636431221830, 621, 265, 356, 0, 0, 0
9497, 1, 1636431221341, 1636431221974, 633, 270, 363, 1, 0, 1
9498, 1, 1636431221381, 1636431222002, 621, 262, 359, 0, 0, 0
9499, 1, 1636431221595, 1636431222222, 627, 274, 353, 0, 0, 0
9500, 1, 1636431221659, 1636431222290, 631, 266, 365, 0, 0, 0
9501, 1, 1636431221827, 1636431222450, 623, 269, 354, 1, 0, 1
9502, 1, 1636431221870, 1636431222486, 616, 267, 349, 1, 0, 1
9503, 1, 1636431222008, 1636431222618, 610, 258, 352, 0, 0, 0
9504, 1, 1636431222191, 1636431222814, 623, 266, 357, 0, 0, 0
9505, 1, 1636431222221, 1636431222842, 621, 263, 358, 0, 0, 0
9506, 1, 1636431222267, 1636431222894, 627, 274, 353, 0, 0, 0
9508, 1, 1636431222505, 1636431223126, 621, 266, 355, 0, 0, 0
9507, 1, 1636431222395, 1636431223338, 943, 594, 349, 0, 0, 0
9509, 1, 1636431222715, 1636431223338, 623, 269, 354, 0, 0, 0
9510, 1, 1636431222754, 1636431223382, 628, 269, 359, 0, 0, 0
9511, 1, 1636431222961, 1636431223590, 629, 271, 358, 0, 0, 0
9512, 1, 1636431222969, 1636431223594, 625, 269, 356, 0, 0, 0
9513, 1, 1636431223177, 1636431223802, 625, 266, 359, 0, 0, 0
9514, 1, 1636431223263, 1636431223886, 623, 269, 354, 0, 0, 0
9515, 1, 1636431223290, 1636431223914, 624, 266, 358, 0, 0, 0
9516, 1, 1636431223517, 1636431224138, 621, 266, 355, 0, 0, 0
9517, 1, 1636431223546, 1636431224174, 628, 270, 358, 0, 0, 0
9518, 1, 1636431223575, 1636431224194, 619, 271, 348, 0, 0, 0
9423, 2, 1636431214198, 1636431224333, 10135, 1, 10134, 0, 1, 1
9519, 1, 1636431223734, 1636431224362, 628, 267, 361, 0, 1, 1
9424, 2, 1636431214203, 1636431224378, 10175, 0, 10175, 0, 0, 0
9520, 1, 1636431223795, 1636431224426, 631, 265, 366, 0, 0, 0
9522, 1, 1636431224069, 1636431224734, 665, 311, 354, 0, 45, 45
9521, 1, 1636431224045, 1636431224734, 689, 290, 399, 1, 23, 24
9523, 1, 1636431224334, 1636431224958, 624, 275, 349, 0, 1, 1
9524, 1, 1636431224379, 1636431224962, 583, 274, 309, 0, 1, 1
9434, 2, 1636431214855, 1636431224997, 10142, 0, 10142, 0, 0, 0
9525, 1, 1636431224533, 1636431225182, 649, 294, 355, 1, 0, 1
9526, 1, 1636431224571, 1636431225202, 631, 270, 361, 0, 0, 0
9527, 1, 1636431224579, 1636431225210, 631, 275, 356, 0, 1, 1
9439, 2, 1636431215307, 1636431225441, 10134, 1, 10133, 0, 0, 0
9530, 1, 1636431224909, 1636431225538, 629, 272, 357, 1, 1, 2
9528, 1, 1636431224863, 1636431225542, 679, 277, 402, 1, 1, 2
9529, 1, 1636431224869, 1636431225542, 673, 274, 399, 2, 1, 3
9443, 2, 1636431215575, 1636431225705, 10130, 0, 10130, 0, 0, 0
9531, 1, 1636431225070, 1636431225706, 636, 282, 354, 1, 16, 17
9532, 1, 1636431225090, 1636431225714, 624, 271, 353, 0, 1, 1
9446, 2, 1636431215781, 1636431225917, 10136, 0, 10136, 0, 0, 0
9533, 1, 1636431225270, 1636431225978, 708, 268, 440, 0, 0, 0
9534, 1, 1636431225270, 1636431225978, 708, 269, 439, 1, 1, 2
9535, 1, 1636431225274, 1636431225982, 708, 269, 439, 1, 0, 1
9536, 1, 1636431225378, 1636431226010, 632, 264, 368, 0, 2, 2
9537, 1, 1636431225457, 1636431226090, 633, 266, 367, 0, 0, 0
9539, 1, 1636431225595, 1636431226278, 683, 306, 377, 1, 40, 41
9540, 1, 1636431225731, 1636431226366, 635, 274, 361, 0, 8, 8
9448, 1, 1636431216027, 1636431226406, 10379, 10027, 352, 1, 1, 2
9538, 1, 1636431225570, 1636431226426, 856, 454, 402, 1, 0, 1
9542, 1, 1636431225918, 1636431226538, 620, 271, 349, 1, 0, 1
9543, 1, 1636431225919, 1636431226550, 631, 270, 361, 0, 0, 0
9544, 1, 1636431226042, 1636431226702, 660, 263, 397, 0, 1, 1
9545, 1, 1636431226137, 1636431226758, 621, 266, 355, 1, 0, 1
9546, 1, 1636431226217, 1636431226842, 625, 266, 359, 1, 0, 1
9541, 1, 1636431225834, 1636431226886, 1052, 651, 401, 0, 1, 1
9547, 1, 1636431226290, 1636431226922, 632, 269, 363, 0, 0, 0
9548, 1, 1636431226381, 1636431227018, 637, 270, 367, 0, 0, 0
9549, 1, 1636431226390, 1636431227154, 764, 398, 366, 1, 0, 1
9551, 1, 1636431226530, 1636431227154, 624, 265, 359, 0, 0, 0
9553, 1, 1636431226592, 1636431227218, 626, 271, 355, 1, 0, 1
9550, 1, 1636431226407, 1636431227338, 931, 530, 401, 1, 0, 1
9554, 1, 1636431226705, 1636431227338, 633, 274, 359, 1, 1, 2
9555, 1, 1636431226798, 1636431227422, 624, 274, 350, 1, 0, 1
9557, 1, 1636431226976, 1636431227606, 630, 273, 357, 0, 1, 1
9556, 1, 1636431226885, 1636431227606, 721, 355, 366, 1, 1, 2
9558, 1, 1636431227080, 1636431227690, 610, 262, 348, 0, 0, 0
9560, 1, 1636431227265, 1636431227878, 613, 262, 351, 1, 0, 1
9561, 1, 1636431227274, 1636431227890, 616, 266, 350, 0, 0, 0
9562, 1, 1636431227333, 1636431227958, 625, 270, 355, 1, 0, 1
9563, 1, 1636431227476, 1636431228094, 618, 262, 356, 0, 0, 0
9564, 1, 1636431227481, 1636431228106, 625, 270, 355, 0, 0, 0
9565, 1, 1636431227681, 1636431228306, 625, 271, 354, 0, 1, 1
9566, 1, 1636431227706, 1636431228330, 624, 262, 362, 0, 0, 0
9567, 1, 1636431227732, 1636431228350, 618, 262, 356, 1, 0, 1
9569, 1, 1636431227818, 1636431228458, 640, 270, 370, 1, 0, 1
9570, 1, 1636431227914, 1636431228550, 636, 266, 370, 1, 0, 1
9571, 1, 1636431228001, 1636431228618, 617, 263, 354, 1, 0, 1
9572, 1, 1636431228170, 1636431228798, 628, 275, 353, 1, 0, 1
9573, 1, 1636431228267, 1636431228890, 623, 262, 361, 0, 0, 0
9574, 1, 1636431228353, 1636431228978, 625, 266, 359, 0, 0, 0
9575, 1, 1636431228386, 1636431229010, 624, 270, 354, 1, 0, 1
9576, 1, 1636431228616, 1636431229250, 634, 274, 360, 0, 0, 0
9578, 1, 1636431228655, 1636431229282, 627, 274, 353, 0, 1, 1
9579, 1, 1636431228790, 1636431229418, 628, 269, 359, 0, 0, 0
9580, 1, 1636431228800, 1636431229422, 622, 270, 352, 0, 0, 0
9581, 1, 1636431229021, 1636431229650, 629, 269, 360, 0, 0, 0
9582, 1, 1636431229059, 1636431229682, 623, 271, 352, 3, 0, 3
9577, 1, 1636431228643, 1636431229710, 1067, 715, 352, 0, 1, 1
9583, 1, 1636431229087, 1636431229710, 623, 270, 353, 0, 1, 1
9584, 1, 1636431229132, 1636431229754, 622, 266, 356, 0, 0, 0
9585, 1, 1636431229183, 1636431229810, 627, 271, 356, 0, 1, 1
9586, 1, 1636431229290, 1636431229930, 640, 266, 374, 0, 0, 0
9587, 1, 1636431229511, 1636431230130, 619, 270, 349, 1, 0, 1
9588, 1, 1636431229588, 1636431230206, 618, 265, 353, 0, 0, 0
9589, 1, 1636431229617, 1636431230234, 617, 266, 351, 0, 0, 0
9590, 1, 1636431229780, 1636431230398, 618, 266, 352, 1, 0, 1
9591, 1, 1636431229934, 1636431230558, 624, 269, 355, 0, 0, 0
9592, 1, 1636431229980, 1636431230602, 622, 271, 351, 1, 0, 1
9593, 1, 1636431229984, 1636431230606, 622, 263, 359, 0, 0, 0
9594, 1, 1636431230093, 1636431230718, 625, 266, 359, 0, 0, 0
9595, 1, 1636431230132, 1636431230750, 618, 266, 352, 0, 0, 0
9597, 1, 1636431230367, 1636431230982, 615, 263, 352, 0, 1, 1
9596, 1, 1636431230360, 1636431230986, 626, 269, 357, 0, 0, 0
9598, 1, 1636431230384, 1636431231010, 626, 270, 356, 0, 0, 0
9599, 1, 1636431230517, 1636431231134, 617, 265, 352, 0, 0, 0
9600, 1, 1636431230567, 1636431231182, 615, 266, 349, 0, 0, 0
9601, 1, 1636431230615, 1636431231238, 623, 266, 357, 0, 0, 0
9602, 1, 1636431230866, 1636431231490, 624, 269, 355, 0, 1, 1
9603, 1, 1636431230869, 1636431231494, 625, 270, 355, 0, 0, 0
9604, 1, 1636431230935, 1636431231550, 615, 266, 349, 0, 0, 0
9605, 1, 1636431231183, 1636431231806, 623, 274, 349, 1, 1, 2
9606, 1, 1636431231319, 1636431231938, 619, 261, 358, 0, 0, 0
9607, 1, 1636431231331, 1636431231958, 627, 270, 357, 0, 0, 0
9608, 1, 1636431231343, 1636431231970, 627, 274, 353, 0, 0, 0
9609, 1, 1636431231370, 1636431231986, 616, 262, 354, 0, 0, 0
9610, 1, 1636431231421, 1636431232034, 613, 258, 355, 0, 0, 0
9611, 1, 1636431231661, 1636431232286, 625, 266, 359, 1, 0, 1
9612, 1, 1636431231692, 1636431232302, 610, 258, 352, 0, 0, 0
9614, 1, 1636431231857, 1636431232478, 621, 267, 354, 0, 1, 1
9613, 1, 1636431231722, 1636431232490, 768, 410, 358, 0, 0, 0
9615, 1, 1636431231940, 1636431232570, 630, 274, 356, 0, 0, 0
9616, 1, 1636431231968, 1636431232594, 626, 271, 355, 0, 0, 0
9619, 1, 1636431232299, 1636431232922, 623, 270, 353, 1, 0, 1
9617, 1, 1636431232231, 1636431232946, 715, 358, 357, 0, 0, 0
9618, 1, 1636431232251, 1636431233054, 803, 440, 363, 1, 0, 1
9620, 1, 1636431232528, 1636431233170, 642, 286, 356, 1, 0, 1
9621, 1, 1636431232671, 1636431233302, 631, 273, 358, 0, 0, 0
9622, 1, 1636431232692, 1636431233306, 614, 266, 348, 0, 0, 0
9625, 1, 1636431232776, 1636431233394, 618, 267, 351, 1, 0, 1
9623, 1, 1636431232706, 1636431233402, 696, 339, 357, 0, 0, 0
9624, 1, 1636431232773, 1636431233402, 629, 279, 350, 1, 1, 2
9626, 1, 1636431232938, 1636431233562, 624, 267, 357, 0, 1, 1
9627, 1, 1636431233085, 1636431233718, 633, 270, 363, 0, 0, 0
9628, 1, 1636431233096, 1636431233718, 622, 270, 352, 1, 0, 1
9629, 1, 1636431233150, 1636431233762, 612, 258, 354, 0, 0, 0
9630, 1, 1636431233230, 1636431233854, 624, 270, 354, 0, 0, 0
9631, 1, 1636431233276, 1636431233890, 614, 262, 352, 0, 0, 0
9632, 1, 1636431233601, 1636431234226, 625, 266, 359, 1, 0, 1
9633, 1, 1636431233608, 1636431234234, 626, 266, 360, 0, 0, 0
9634, 1, 1636431233621, 1636431234254, 633, 270, 363, 0, 0, 0
9635, 1, 1636431233927, 1636431234562, 635, 278, 357, 0, 0, 0
9636, 1, 1636431234010, 1636431234638, 628, 266, 362, 1, 0, 1
9637, 1, 1636431234024, 1636431234638, 614, 262, 352, 0, 0, 0
9638, 1, 1636431234057, 1636431234678, 621, 266, 355, 0, 0, 0
9639, 1, 1636431234090, 1636431234718, 628, 273, 355, 0, 1, 1
9640, 1, 1636431234162, 1636431234790, 628, 265, 363, 0, 0, 0
9641, 1, 1636431234328, 1636431234962, 634, 270, 364, 0, 0, 0
9642, 1, 1636431234379, 1636431235006, 627, 266, 361, 0, 0, 0
9643, 1, 1636431234429, 1636431235050, 621, 266, 355, 0, 0, 0
9644, 1, 1636431234441, 1636431235062, 621, 270, 351, 0, 1, 1
9645, 1, 1636431234513, 1636431235142, 629, 266, 363, 0, 0, 0
9646, 1, 1636431234569, 1636431235194, 625, 267, 358, 0, 0, 0
9647, 1, 1636431234930, 1636431235558, 628, 269, 359, 0, 0, 0
9648, 1, 1636431234953, 1636431235574, 621, 262, 359, 1, 0, 1
9649, 1, 1636431234978, 1636431235606, 628, 270, 358, 0, 0, 0
9650, 1, 1636431235237, 1636431235866, 629, 271, 358, 0, 0, 0
9651, 1, 1636431235319, 1636431235946, 627, 271, 356, 1, 1, 2
9652, 1, 1636431235372, 1636431235990, 618, 270, 348, 0, 0, 0
9653, 1, 1636431235411, 1636431236030, 619, 262, 357, 0, 0, 0
9654, 1, 1636431235419, 1636431236042, 623, 266, 357, 0, 0, 0
9656, 1, 1636431235649, 1636431236282, 633, 270, 363, 0, 0, 0
9657, 1, 1636431235704, 1636431236326, 622, 267, 355, 1, 0, 1
9658, 1, 1636431235709, 1636431236338, 629, 274, 355, 0, 0, 0
9655, 1, 1636431235511, 1636431236394, 883, 530, 353, 0, 0, 0
9659, 1, 1636431235795, 1636431236418, 623, 266, 357, 0, 0, 0
9660, 1, 1636431235841, 1636431236458, 617, 266, 351, 0, 0, 0
9661, 1, 1636431235847, 1636431236458, 611, 267, 344, 1, 0, 1
9552, 2, 1636431226579, 1636431236713, 10134, 0, 10134, 0, 1, 1
9662, 1, 1636431236200, 1636431236818, 618, 266, 352, 0, 0, 0
9663, 1, 1636431236247, 1636431236866, 619, 270, 349, 1, 0, 1
9664, 1, 1636431236290, 1636431236910, 620, 268, 352, 0, 2, 2
9559, 2, 1636431227133, 1636431237270, 10137, 0, 10137, 0, 0, 0
9666, 1, 1636431236646, 1636431237290, 644, 266, 378, 1, 0, 1
9665, 1, 1636431236601, 1636431237322, 721, 334, 387, 0, 0, 0
9667, 1, 1636431236715, 1636431237342, 627, 269, 358, 0, 0, 0
9668, 1, 1636431236726, 1636431237358, 632, 278, 354, 0, 0, 0
9669, 1, 1636431236776, 1636431237390, 614, 262, 352, 0, 1, 1
9670, 1, 1636431236833, 1636431237458, 625, 270, 355, 0, 1, 1
9671, 1, 1636431236977, 1636431237630, 653, 298, 355, 0, 29, 29
9672, 1, 1636431237031, 1636431237654, 623, 262, 361, 0, 0, 0
9674, 1, 1636431237105, 1636431237730, 625, 270, 355, 0, 0, 0
9568, 1, 1636431227777, 1636431237754, 9977, 9622, 355, 0, 0, 0
9673, 1, 1636431237058, 1636431237766, 708, 355, 353, 0, 1, 1
9675, 1, 1636431237148, 1636431237802, 654, 266, 388, 0, 0, 0
9676, 1, 1636431237270, 1636431237886, 616, 266, 350, 0, 0, 0
9677, 1, 1636431237478, 1636431238110, 632, 274, 358, 1, 0, 1
9678, 1, 1636431237537, 1636431238150, 613, 258, 355, 0, 0, 0
9679, 1, 1636431237643, 1636431238262, 619, 266, 353, 0, 0, 0
9681, 1, 1636431237698, 1636431238362, 664, 270, 394, 0, 0, 0
9683, 1, 1636431237962, 1636431238582, 620, 271, 349, 0, 1, 1
9685, 1, 1636431237969, 1636431238590, 621, 270, 351, 1, 0, 1
9684, 1, 1636431237969, 1636431238598, 629, 275, 354, 0, 0, 0
9686, 1, 1636431238019, 1636431238626, 607, 258, 349, 0, 0, 0
9687, 1, 1636431238064, 1636431238678, 614, 262, 352, 0, 0, 0
9682, 1, 1636431237754, 1636431238802, 1048, 654, 394, 0, 0, 0
9689, 1, 1636431238297, 1636431238926, 629, 270, 359, 0, 0, 0
9690, 1, 1636431238348, 1636431238974, 626, 273, 353, 0, 0, 0
9691, 1, 1636431238362, 1636431238982, 620, 266, 354, 1, 0, 1
9692, 1, 1636431238443, 1636431239082, 639, 286, 353, 0, 0, 0
9693, 1, 1636431238477, 1636431239102, 625, 270, 355, 1, 0, 1
9694, 1, 1636431238628, 1636431239246, 618, 262, 356, 0, 0, 0
9680, 1, 1636431237698, 1636431239250, 1552, 1155, 397, 1, 0, 1
9695, 1, 1636431238849, 1636431239466, 617, 266, 351, 0, 0, 0
9696, 1, 1636431238865, 1636431239490, 625, 266, 359, 0, 0, 0
9688, 1, 1636431238226, 1636431239518, 1292, 938, 354, 0, 0, 0
9697, 1, 1636431238927, 1636431239550, 623, 274, 349, 1, 0, 1
9698, 1, 1636431239007, 1636431239626, 619, 266, 353, 0, 0, 0
9700, 1, 1636431239251, 1636431239910, 659, 266, 393, 0, 0, 0
9702, 1, 1636431239313, 1636431239930, 617, 263, 354, 0, 1, 1
9701, 1, 1636431239259, 1636431239962, 703, 346, 357, 0, 0, 0
9703, 1, 1636431239333, 1636431239966, 633, 273, 360, 0, 0, 0
9704, 1, 1636431239367, 1636431239986, 619, 269, 350, 0, 0, 0
9699, 1, 1636431239063, 1636431239998, 935, 586, 349, 0, 1, 1
9706, 1, 1636431239560, 1636431240226, 666, 274, 392, 0, 1, 1
9707, 1, 1636431239621, 1636431240250, 629, 271, 358, 2, 0, 2
9708, 1, 1636431239665, 1636431240282, 617, 262, 355, 0, 1, 1
9710, 1, 1636431239769, 1636431240390, 621, 264, 357, 0, 0, 0
9709, 1, 1636431239743, 1636431240422, 679, 314, 365, 0, 0, 0
9705, 1, 1636431239385, 1636431240426, 1041, 682, 359, 0, 0, 0
9712, 1, 1636431240029, 1636431240654, 625, 266, 359, 0, 0, 0
9711, 1, 1636431239829, 1636431240734, 905, 543, 362, 0, 0, 0
9713, 1, 1636431240138, 1636431240766, 628, 268, 360, 0, 0, 0
9714, 1, 1636431240138, 1636431240862, 724, 370, 354, 0, 0, 0
9716, 1, 1636431240294, 1636431240918, 624, 271, 353, 1, 1, 2
9718, 1, 1636431240519, 1636431241150, 631, 270, 361, 0, 0, 0
9719, 1, 1636431240566, 1636431241182, 616, 263, 353, 0, 1, 1
9722, 1, 1636431240656, 1636431241286, 630, 266, 364, 0, 0, 0
9717, 1, 1636431240411, 1636431241322, 911, 554, 357, 0, 0, 0
9723, 1, 1636431240733, 1636431241358, 625, 266, 359, 0, 0, 0
9724, 1, 1636431240904, 1636431241526, 622, 270, 352, 0, 0, 0
9725, 1, 1636431240958, 1636431241578, 620, 265, 355, 0, 0, 0
9726, 1, 1636431240975, 1636431241594, 619, 266, 353, 0, 0, 0
9721, 1, 1636431240655, 1636431241630, 975, 622, 353, 2, 0, 2
9727, 1, 1636431241098, 1636431241722, 624, 266, 358, 0, 0, 0
9728, 1, 1636431241108, 1636431241722, 614, 262, 352, 0, 0, 0
9715, 1, 1636431240294, 1636431241766, 1472, 1123, 349, 2, 0, 2
9729, 1, 1636431241164, 1636431241766, 602, 254, 348, 0, 0, 0
9730, 1, 1636431241357, 1636431241986, 629, 274, 355, 0, 0, 0
9731, 1, 1636431241436, 1636431242082, 646, 290, 356, 0, 0, 0
9732, 1, 1636431241491, 1636431242110, 619, 262, 357, 0, 0, 0
9733, 1, 1636431241616, 1636431242242, 626, 265, 361, 0, 0, 0
9734, 1, 1636431241753, 1636431242386, 633, 262, 371, 0, 0, 0
9735, 1, 1636431241767, 1636431242418, 651, 262, 389, 0, 0, 0
9720, 1, 1636431240592, 1636431242538, 1946, 1586, 360, 0, 0, 0
9738, 1, 1636431241963, 1636431242590, 627, 274, 353, 0, 0, 0
9739, 1, 1636431242011, 1636431242641, 630, 274, 356, 0, 0, 0
9740, 1, 1636431242045, 1636431242690, 645, 286, 359, 0, 0, 0
9741, 1, 1636431242230, 1636431242858, 628, 273, 355, 1, 0, 1
9737, 1, 1636431241909, 1636431242862, 953, 594, 359, 0, 0, 0
9742, 1, 1636431242329, 1636431242950, 621, 265, 356, 0, 0, 0
9743, 1, 1636431242340, 1636431242966, 626, 274, 352, 0, 0, 0
9744, 1, 1636431242432, 1636431243046, 614, 258, 356, 0, 0, 0
9746, 1, 1636431242468, 1636431243094, 626, 270, 356, 0, 0, 0
9745, 1, 1636431242465, 1636431243098, 633, 268, 365, 0, 0, 0
9736, 1, 1636431241906, 1636431243130, 1224, 869, 355, 0, 0, 0
9747, 1, 1636431242539, 1636431243210, 671, 266, 405, 0, 0, 0
9750, 1, 1636431242857, 1636431243490, 633, 277, 356, 0, 0, 0
9749, 1, 1636431242830, 1636431243570, 740, 389, 351, 0, 0, 0
9751, 1, 1636431242971, 1636431243594, 623, 270, 353, 1, 0, 1
9752, 1, 1636431243034, 1636431243650, 616, 262, 354, 1, 0, 1
9748, 1, 1636431242749, 1636431243650, 901, 547, 354, 0, 0, 0
9753, 1, 1636431243080, 1636431243694, 614, 266, 348, 0, 0, 0
9755, 1, 1636431243227, 1636431243854, 627, 269, 358, 0, 0, 0
9756, 1, 1636431243234, 1636431243862, 628, 266, 362, 1, 0, 1
9757, 1, 1636431243371, 1636431243998, 627, 270, 357, 1, 0, 1
9758, 1, 1636431243423, 1636431244038, 615, 262, 353, 1, 0, 1
9754, 1, 1636431243219, 1636431244094, 875, 522, 353, 0, 0, 0
9759, 1, 1636431243622, 1636431244242, 620, 266, 354, 0, 0, 0
9760, 1, 1636431243654, 1636431244262, 608, 258, 350, 0, 0, 0
9761, 1, 1636431243705, 1636431244326, 621, 270, 351, 0, 0, 0
9763, 1, 1636431243734, 1636431244358, 624, 266, 358, 0, 0, 0
9762, 1, 1636431243726, 1636431244358, 632, 270, 362, 0, 0, 0
9764, 1, 1636431243863, 1636431244490, 627, 266, 361, 0, 0, 0
9765, 1, 1636431243885, 1636431244510, 625, 270, 355, 0, 0, 0
9766, 1, 1636431244108, 1636431244734, 626, 271, 355, 0, 0, 0
9768, 1, 1636431244183, 1636431244818, 635, 270, 365, 0, 0, 0
9769, 1, 1636431244285, 1636431244906, 621, 270, 351, 0, 0, 0
9770, 1, 1636431244317, 1636431244938, 621, 270, 351, 0, 1, 1
9767, 1, 1636431244117, 1636431244958, 841, 486, 355, 0, 0, 0
9771, 1, 1636431244363, 1636431244994, 631, 274, 357, 0, 0, 0
9772, 1, 1636431244530, 1636431245154, 624, 270, 354, 0, 0, 0
9774, 1, 1636431244564, 1636431245182, 618, 258, 360, 0, 0, 0
9775, 1, 1636431244685, 1636431245310, 625, 274, 351, 1, 0, 1
9776, 1, 1636431244732, 1636431245354, 622, 267, 355, 0, 1, 1
9773, 1, 1636431244542, 1636431245386, 844, 491, 353, 0, 0, 0
9777, 1, 1636431244969, 1636431245590, 621, 270, 351, 0, 0, 0
9778, 1, 1636431244975, 1636431245594, 619, 265, 354, 0, 0, 0
9779, 1, 1636431245004, 1636431245618, 614, 262, 352, 0, 0, 0
9780, 1, 1636431245032, 1636431245654, 622, 270, 352, 1, 0, 1
9781, 1, 1636431245126, 1636431245746, 620, 265, 355, 0, 0, 0
9782, 1, 1636431245229, 1636431245858, 629, 270, 359, 0, 0, 0
9783, 1, 1636431245251, 1636431245862, 611, 262, 349, 0, 0, 0
9784, 1, 1636431245438, 1636431246058, 620, 266, 354, 0, 0, 0
9786, 1, 1636431245534, 1636431246154, 620, 262, 358, 0, 1, 1
9787, 1, 1636431245644, 1636431246270, 626, 275, 351, 1, 0, 1
9788, 1, 1636431245665, 1636431246286, 621, 262, 359, 0, 0, 0
9785, 1, 1636431245476, 1636431246302, 826, 474, 352, 0, 0, 0
9789, 1, 1636431245714, 1636431246334, 620, 266, 354, 0, 0, 0
9790, 1, 1636431245890, 1636431246522, 632, 270, 362, 0, 0, 0
9792, 1, 1636431245924, 1636431246546, 622, 266, 356, 1, 0, 1
9793, 1, 1636431246077, 1636431246690, 613, 258, 355, 1, 0, 1
9794, 1, 1636431246122, 1636431246734, 612, 255, 357, 0, 1, 1
9791, 1, 1636431245893, 1636431246786, 893, 534, 359, 0, 0, 0
9795, 1, 1636431246255, 1636431246874, 619, 266, 353, 1, 0, 1
9796, 1, 1636431246269, 1636431246886, 617, 262, 355, 0, 0, 0
9797, 1, 1636431246373, 1636431246978, 605, 254, 351, 0, 0, 0
9798, 1, 1636431246407, 1636431247022, 615, 258, 357, 0, 0, 0
9799, 1, 1636431246472, 1636431247090, 618, 267, 351, 1, 1, 2
9800, 1, 1636431246541, 1636431247162, 621, 266, 355, 0, 0, 0
9801, 1, 1636431246574, 1636431247202, 628, 266, 362, 0, 0, 0
9802, 1, 1636431246765, 1636431247394, 629, 271, 358, 0, 0, 0
9804, 1, 1636431246936, 1636431247558, 622, 269, 353, 1, 0, 1
9805, 1, 1636431246975, 1636431247602, 627, 269, 358, 0, 0, 0
9803, 1, 1636431246778, 1636431247614, 836, 483, 353, 1, 0, 1
9806, 1, 1636431246992, 1636431247618, 626, 269, 357, 0, 0, 0
9807, 1, 1636431247030, 1636431247658, 628, 264, 364, 0, 0, 0
9809, 1, 1636431247219, 1636431247842, 623, 266, 357, 0, 0, 0
9810, 1, 1636431247282, 1636431247910, 628, 266, 362, 0, 0, 0
9808, 1, 1636431247191, 1636431248066, 875, 518, 357, 0, 0, 0
9811, 1, 1636431247473, 1636431248090, 617, 266, 351, 0, 0, 0
9812, 1, 1636431247478, 1636431248106, 628, 275, 353, 0, 0, 0
9813, 1, 1636431247605, 1636431248230, 625, 266, 359, 0, 0, 0
9814, 1, 1636431247613, 1636431248238, 625, 266, 359, 1, 0, 1
9815, 1, 1636431247687, 1636431248318, 631, 275, 356, 2, 0, 2
9816, 1, 1636431247753, 1636431248366, 613, 258, 355, 0, 0, 0
9817, 1, 1636431247758, 1636431248378, 620, 262, 358, 0, 0, 0
9818, 1, 1636431247919, 1636431248534, 615, 263, 352, 0, 1, 1
9819, 1, 1636431247959, 1636431248582, 623, 270, 353, 1, 0, 1
9821, 1, 1636431248157, 1636431248790, 633, 271, 362, 0, 0, 0
9822, 1, 1636431248225, 1636431248846, 621, 270, 351, 0, 1, 1
9823, 1, 1636431248274, 1636431248890, 616, 266, 350, 0, 2, 2
9820, 1, 1636431248141, 1636431248978, 837, 486, 351, 2, 0, 2
9824, 1, 1636431248358, 1636431248982, 624, 271, 353, 1, 0, 1
9826, 1, 1636431248493, 1636431249118, 625, 270, 355, 2, 0, 2
9828, 1, 1636431248671, 1636431249290, 619, 266, 353, 0, 0, 0
9827, 1, 1636431248496, 1636431249338, 842, 486, 356, 0, 1, 1
9829, 1, 1636431248773, 1636431249386, 613, 262, 351, 0, 0, 0
9830, 1, 1636431248808, 1636431249430, 622, 265, 357, 0, 0, 0
9825, 1, 1636431248364, 1636431249430, 1066, 710, 356, 0, 0, 0
9831, 1, 1636431248911, 1636431249534, 623, 266, 357, 0, 0, 0
9832, 1, 1636431248985, 1636431249606, 621, 270, 351, 0, 0, 0
9833, 1, 1636431249051, 1636431249678, 627, 270, 357, 1, 0, 1
9834, 1, 1636431249109, 1636431249738, 629, 271, 358, 0, 1, 1
9835, 1, 1636431249153, 1636431249774, 621, 270, 351, 0, 0, 0
9836, 1, 1636431249233, 1636431249862, 629, 274, 355, 0, 0, 0
9837, 1, 1636431249266, 1636431249898, 632, 274, 358, 0, 0, 0
9839, 1, 1636431249537, 1636431250162, 625, 270, 355, 0, 1, 1
9840, 1, 1636431249585, 1636431250210, 625, 270, 355, 0, 0, 0
9841, 1, 1636431249654, 1636431250278, 624, 266, 358, 0, 1, 1
9842, 1, 1636431249717, 1636431250350, 633, 270, 363, 0, 0, 0
9838, 1, 1636431249500, 1636431250350, 850, 490, 360, 1, 1, 2
9843, 1, 1636431249741, 1636431250366, 625, 265, 360, 0, 1, 1
9845, 1, 1636431249856, 1636431250474, 618, 263, 355, 1, 0, 1
9846, 1, 1636431250059, 1636431250678, 619, 265, 354, 0, 2, 2
9847, 1, 1636431250071, 1636431250694, 623, 270, 353, 0, 0, 0
9844, 1, 1636431249831, 1636431250726, 895, 535, 360, 0, 0, 0
9848, 1, 1636431250172, 1636431250782, 610, 258, 352, 0, 0, 0
9849, 1, 1636431250217, 1636431250842, 625, 271, 354, 0, 1, 1
9850, 1, 1636431250308, 1636431250934, 626, 270, 356, 0, 0, 0
9851, 1, 1636431250320, 1636431250950, 630, 274, 356, 1, 0, 1
9852, 1, 1636431250467, 1636431251082, 615, 262, 353, 0, 0, 0
9854, 1, 1636431250545, 1636431251170, 625, 270, 355, 0, 0, 0
9855, 1, 1636431250596, 1636431251222, 626, 269, 357, 0, 0, 0
9853, 1, 1636431250489, 1636431251382, 893, 543, 350, 0, 1, 1
9857, 1, 1636431250854, 1636431251478, 624, 267, 357, 0, 0, 0
9856, 1, 1636431250821, 1636431251618, 797, 442, 355, 0, 1, 1
9859, 1, 1636431250994, 1636431251618, 624, 268, 356, 0, 0, 0
9860, 1, 1636431251010, 1636431251630, 620, 270, 350, 0, 0, 0
9858, 1, 1636431250887, 1636431251666, 779, 422, 357, 0, 0, 0
9861, 1, 1636431251058, 1636431251674, 616, 265, 351, 0, 0, 0
9862, 1, 1636431251157, 1636431251790, 633, 270, 363, 0, 1, 1
9864, 1, 1636431251383, 1636431252010, 627, 267, 360, 0, 0, 0
9865, 1, 1636431251400, 1636431252022, 622, 269, 353, 0, 0, 0
9863, 1, 1636431251186, 1636431252082, 896, 538, 358, 0, 0, 0
9866, 1, 1636431251467, 1636431252086, 619, 265, 354, 0, 0, 0
9867, 1, 1636431251596, 1636431252218, 622, 267, 355, 0, 1, 1
9868, 1, 1636431251621, 1636431252258, 637, 274, 363, 0, 0, 0
9869, 1, 1636431251691, 1636431252302, 611, 262, 349, 0, 0, 0
9870, 1, 1636431251799, 1636431252422, 623, 271, 352, 1, 0, 1
9871, 1, 1636431251850, 1636431252478, 628, 270, 358, 0, 0, 0
9872, 1, 1636431251886, 1636431252514, 628, 274, 354, 0, 0, 0
9873, 1, 1636431251962, 1636431252662, 700, 346, 354, 0, 0, 0
9874, 1, 1636431252154, 1636431252778, 624, 270, 354, 0, 0, 0
9876, 1, 1636431252219, 1636431252834, 615, 262, 353, 0, 0, 0
9877, 1, 1636431252293, 1636431252910, 617, 263, 354, 0, 1, 1
9878, 1, 1636431252347, 1636431252962, 615, 258, 357, 0, 0, 0
9875, 1, 1636431252185, 1636431252966, 781, 430, 351, 1, 0, 1
9879, 1, 1636431252380, 1636431252998, 618, 266, 352, 0, 0, 0
9880, 1, 1636431252435, 1636431253054, 619, 266, 353, 0, 0, 0
9882, 1, 1636431252792, 1636431253410, 618, 265, 353, 0, 0, 0
9883, 1, 1636431252795, 1636431253414, 619, 270, 349, 0, 0, 0
9881, 1, 1636431252528, 1636431253446, 918, 565, 353, 0, 1, 1
9884, 1, 1636431252954, 1636431253582, 628, 268, 360, 0, 0, 0
9885, 1, 1636431252985, 1636431253602, 617, 263, 354, 1, 0, 1
9886, 1, 1636431253000, 1636431253626, 626, 275, 351, 0, 1, 1
9887, 1, 1636431253181, 1636431253806, 625, 265, 360, 0, 0, 0
9888, 1, 1636431253230, 1636431253854, 624, 270, 354, 0, 0, 0
9889, 1, 1636431253266, 1636431253886, 620, 271, 349, 0, 1, 1
9890, 1, 1636431253322, 1636431253942, 620, 262, 358, 0, 0, 0
9891, 1, 1636431253444, 1636431254062, 618, 266, 352, 0, 0, 0
9893, 1, 1636431253602, 1636431254218, 616, 267, 349, 0, 0, 0
9894, 1, 1636431253617, 1636431254238, 621, 266, 355, 0, 0, 0
9895, 1, 1636431253698, 1636431254310, 612, 259, 353, 0, 0, 0
9892, 1, 1636431253524, 1636431254326, 802, 450, 352, 0, 0, 0
9896, 1, 1636431253722, 1636431254350, 628, 266, 362, 0, 0, 0
9897, 1, 1636431253758, 1636431254382, 624, 270, 354, 0, 0, 0
9899, 1, 1636431254080, 1636431254710, 630, 274, 356, 0, 0, 0
9900, 1, 1636431254148, 1636431254774, 626, 270, 356, 0, 0, 0
9898, 1, 1636431253869, 1636431254830, 961, 594, 367, 0, 0, 0
9901, 1, 1636431254227, 1636431254850, 623, 270, 353, 0, 0, 0
9902, 1, 1636431254320, 1636431254942, 622, 270, 352, 1, 0, 1
9903, 1, 1636431254385, 1636431255022, 637, 271, 366, 0, 1, 1
9904, 1, 1636431254454, 1636431255086, 632, 270, 362, 0, 0, 0
9906, 1, 1636431254595, 1636431255214, 619, 262, 357, 0, 0, 0
9907, 1, 1636431254633, 1636431255254, 621, 263, 358, 1, 0, 1
9905, 1, 1636431254588, 1636431255298, 710, 358, 352, 0, 0, 0
9910, 1, 1636431254957, 1636431255594, 637, 274, 363, 0, 0, 0
9911, 1, 1636431255083, 1636431255710, 627, 265, 362, 0, 0, 0
9912, 1, 1636431255094, 1636431255726, 632, 273, 359, 0, 0, 0
9913, 1, 1636431255129, 1636431255742, 613, 262, 351, 0, 0, 0
9916, 1, 1636431255515, 1636431256142, 627, 270, 357, 0, 0, 0
9917, 1, 1636431255531, 1636431256158, 627, 270, 357, 0, 0, 0
9914, 1, 1636431255232, 1636431256190, 958, 612, 346, 1, 2, 3
9918, 1, 1636431255635, 1636431256254, 619, 263, 356, 0, 0, 0
9919, 1, 1636431255654, 1636431256278, 624, 264, 360, 0, 0, 0
9920, 1, 1636431255750, 1636431256370, 620, 267, 353, 2, 1, 3
9922, 1, 1636431255924, 1636431256542, 618, 270, 348, 1, 0, 1
9921, 1, 1636431255922, 1636431256550, 628, 274, 354, 3, 0, 3
9923, 1, 1636431255925, 1636431256550, 625, 270, 355, 1, 0, 1
9924, 1, 1636431256314, 1636431256942, 628, 266, 362, 0, 0, 0
9925, 1, 1636431256418, 1636431257046, 628, 262, 366, 0, 0, 0
9926, 1, 1636431256448, 1636431257074, 626, 274, 352, 0, 0, 0
9927, 1, 1636431256531, 1636431257154, 623, 263, 360, 1, 0, 1
9929, 1, 1636431256827, 1636431257458, 631, 266, 365, 0, 0, 0
9930, 1, 1636431256852, 1636431257478, 626, 266, 360, 0, 1, 1
9931, 1, 1636431256964, 1636431257586, 622, 270, 352, 1, 0, 1
9928, 1, 1636431256569, 1636431257590, 1021, 671, 350, 1, 0, 1
9932, 1, 1636431256986, 1636431257618, 632, 274, 358, 1, 0, 1
9933, 1, 1636431257020, 1636431257638, 618, 262, 356, 0, 0, 0
9934, 1, 1636431257190, 1636431257818, 628, 270, 358, 0, 0, 0
9935, 1, 1636431257217, 1636431257842, 625, 266, 359, 0, 0, 0
9936, 1, 1636431257313, 1636431257938, 625, 267, 358, 0, 1, 1
9937, 1, 1636431257627, 1636431258254, 627, 271, 356, 1, 0, 1
9938, 1, 1636431257694, 1636431258318, 624, 265, 359, 1, 1, 2
9939, 1, 1636431257838, 1636431258466, 628, 271, 357, 0, 0, 0
9940, 1, 1636431257870, 1636431258498, 628, 272, 356, 0, 0, 0
9942, 1, 1636431258164, 1636431258790, 626, 269, 357, 0, 0, 0
9943, 1, 1636431258219, 1636431258850, 631, 270, 361, 1, 0, 1
9944, 1, 1636431258238, 1636431258870, 632, 270, 362, 0, 1, 1
9945, 1, 1636431258262, 1636431258874, 612, 262, 350, 0, 0, 0
9941, 1, 1636431257923, 1636431258938, 1015, 662, 353, 0, 0, 0
9946, 1, 1636431258372, 1636431258982, 610, 262, 348, 0, 0, 0
9947, 1, 1636431258492, 1636431259114, 622, 270, 352, 0, 0, 0
9948, 1, 1636431258537, 1636431259158, 621, 266, 355, 0, 0, 0
9949, 1, 1636431258659, 1636431259318, 659, 311, 348, 1, 0, 1
9950, 1, 1636431258962, 1636431259582, 620, 265, 355, 0, 0, 0
9951, 1, 1636431259018, 1636431259654, 636, 270, 366, 0, 0, 0
9952, 1, 1636431259147, 1636431259766, 619, 265, 354, 0, 0, 0
9953, 1, 1636431259232, 1636431259850, 618, 265, 353, 0, 0, 0
9955, 1, 1636431259450, 1636431260086, 636, 275, 361, 0, 1, 1
9956, 1, 1636431259503, 1636431260118, 615, 262, 353, 1, 0, 1
9957, 1, 1636431259545, 1636431260162, 617, 259, 358, 0, 1, 1
9958, 1, 1636431259564, 1636431260182, 618, 270, 348, 0, 0, 0
9954, 1, 1636431259270, 1636431260298, 1028, 670, 358, 0, 1, 1
9960, 1, 1636431259808, 1636431260430, 622, 263, 359, 0, 1, 1
9962, 1, 1636431259942, 1636431260566, 624, 270, 354, 0, 0, 0
9959, 1, 1636431259636, 1636431260634, 998, 638, 360, 0, 0, 0
9961, 1, 1636431259836, 1636431260882, 1046, 690, 356, 0, 0, 0
9963, 1, 1636431260309, 1636431260938, 629, 274, 355, 0, 1, 1
9964, 1, 1636431260368, 1636431261078, 710, 362, 348, 0, 0, 0
9965, 1, 1636431260543, 1636431261169, 626, 269, 357, 0, 0, 0
9966, 1, 1636431260586, 1636431261210, 624, 266, 358, 0, 0, 0
9968, 1, 1636431260726, 1636431261350, 624, 270, 354, 0, 0, 0
9969, 1, 1636431260774, 1636431261394, 620, 270, 350, 0, 0, 0
9970, 1, 1636431260850, 1636431261470, 620, 264, 356, 0, 0, 0
9971, 1, 1636431260897, 1636431261518, 621, 270, 351, 0, 0, 0
9972, 1, 1636431260937, 1636431261558, 621, 268, 353, 0, 0, 0
9967, 1, 1636431260609, 1636431261646, 1037, 686, 351, 0, 0, 0
9974, 1, 1636431261160, 1636431261774, 614, 262, 352, 0, 0, 0
9973, 1, 1636431261149, 1636431261782, 633, 275, 358, 2, 1, 3
9975, 1, 1636431261282, 1636431261914, 632, 274, 358, 1, 0, 1
9976, 1, 1636431261665, 1636431262298, 633, 273, 360, 0, 1, 1
9977, 1, 1636431261699, 1636431262318, 619, 266, 353, 0, 1, 1
9978, 1, 1636431261873, 1636431262498, 625, 269, 356, 0, 0, 0
9979, 1, 1636431261915, 1636431262542, 627, 271, 356, 0, 1, 1
9981, 1, 1636431262078, 1636431262690, 612, 262, 350, 0, 0, 0
9982, 1, 1636431262087, 1636431262706, 619, 269, 350, 0, 0, 0
9983, 1, 1636431262200, 1636431262822, 622, 266, 356, 0, 0, 0
9984, 1, 1636431262218, 1636431262838, 620, 266, 354, 0, 0, 0
9985, 1, 1636431262290, 1636431262914, 624, 265, 359, 0, 0, 0
9980, 1, 1636431261938, 1636431262986, 1048, 690, 358, 0, 0, 0
9986, 1, 1636431262446, 1636431263078, 632, 270, 362, 0, 0, 0
9987, 1, 1636431262477, 1636431263106, 629, 271, 358, 0, 0, 0
9989, 1, 1636431262986, 1636431263614, 628, 270, 358, 0, 0, 0
9990, 1, 1636431263050, 1636431263678, 628, 271, 357, 1, 1, 2
9991, 1, 1636431263186, 1636431263810, 624, 266, 358, 1, 0, 1
9992, 1, 1636431263210, 1636431263830, 620, 265, 355, 0, 0, 0
9994, 1, 1636431263394, 1636431264018, 624, 266, 358, 0, 0, 0
9995, 1, 1636431263405, 1636431264034, 629, 270, 359, 0, 0, 0
9997, 1, 1636431263600, 1636431264230, 630, 271, 359, 1, 0, 1
9993, 1, 1636431263264, 1636431264262, 998, 642, 356, 1, 0, 1
9999, 1, 1636431263739, 1636431264366, 627, 266, 361, 0, 0, 0
9998, 1, 1636431263621, 1636431264474, 853, 487, 366, 0, 0, 0
10000, 1, 1636431263842, 1636431264710, 868, 514, 354, 0, 1, 1
9908, 2, 1636431254710, 1636431264845, 10135, 0, 10135, 0, 0, 0
9909, 2, 1636431254805, 1636431264945, 10140, 0, 10140, 0, 1, 1
10001, 1, 1636431264355, 1636431264982, 627, 270, 357, 0, 1, 1
10003, 1, 1636431264488, 1636431265118, 630, 270, 360, 1, 0, 1
10004, 1, 1636431264541, 1636431265210, 669, 314, 355, 0, 44, 44
10006, 1, 1636431264679, 1636431265306, 627, 270, 357, 1, 0, 1
9915, 2, 1636431255353, 1636431265489, 10136, 0, 10136, 0, 0, 0
10005, 1, 1636431264582, 1636431265566, 984, 630, 354, 1, 1, 2
10007, 1, 1636431264946, 1636431265566, 620, 270, 350, 0, 0, 0
10008, 1, 1636431264971, 1636431265590, 619, 270, 349, 0, 0, 0
10009, 1, 1636431265123, 1636431265750, 627, 278, 349, 1, 4, 5
10010, 1, 1636431265173, 1636431265790, 617, 263, 354, 0, 0, 0
10012, 1, 1636431265386, 1636431266066, 680, 269, 411, 0, 1, 1
10011, 1, 1636431265386, 1636431266070, 684, 271, 413, 2, 1, 3
10014, 1, 1636431265691, 1636431266318, 627, 265, 362, 0, 0, 0
10015, 1, 1636431265874, 1636431266498, 624, 275, 349, 0, 2, 2
10016, 1, 1636431265882, 1636431266514, 632, 275, 357, 1, 0, 1
10013, 1, 1636431265622, 1636431266514, 892, 498, 394, 0, 0, 0
10018, 1, 1636431265968, 1636431266590, 622, 269, 353, 1, 0, 1
10019, 1, 1636431266300, 1636431266918, 618, 267, 351, 0, 0, 0
10020, 1, 1636431266304, 1636431266930, 626, 274, 352, 0, 0, 0
10017, 1, 1636431265943, 1636431266942, 999, 650, 349, 1, 0, 1
10021, 1, 1636431266433, 1636431267058, 625, 258, 367, 0, 0, 0
10023, 1, 1636431266683, 1636431267302, 619, 268, 351, 0, 0, 0
10024, 1, 1636431266732, 1636431267354, 622, 270, 352, 0, 0, 0
10022, 1, 1636431266462, 1636431267402, 940, 574, 366, 1, 0, 1
10026, 1, 1636431266987, 1636431267618, 631, 272, 359, 0, 0, 0
10025, 1, 1636431266935, 1636431267758, 823, 459, 364, 2, 1, 3
10027, 1, 1636431267146, 1636431267778, 632, 274, 358, 0, 0, 0
10029, 1, 1636431267273, 1636431267902, 629, 271, 358, 1, 2, 3
10030, 1, 1636431267275, 1636431267906, 631, 271, 360, 0, 3, 3
10031, 1, 1636431267588, 1636431268218, 630, 274, 356, 0, 1, 1
10028, 1, 1636431267267, 1636431268234, 967, 610, 357, 1, 0, 1
10032, 1, 1636431267648, 1636431268274, 626, 267, 359, 0, 0, 0
10034, 1, 1636431267773, 1636431268398, 625, 265, 360, 0, 0, 0
10033, 1, 1636431267771, 1636431268398, 627, 265, 362, 0, 0, 0
10035, 1, 1636431267971, 1636431268606, 635, 279, 356, 1, 1, 2
10036, 1, 1636431268029, 1636431268686, 657, 306, 351, 0, 0, 0
10038, 1, 1636431268295, 1636431268922, 627, 271, 356, 2, 0, 2
10037, 1, 1636431268249, 1636431269066, 817, 454, 363, 0, 1, 1
10039, 1, 1636431268519, 1636431269150, 631, 270, 361, 1, 0, 1
10040, 1, 1636431268599, 1636431269226, 627, 269, 358, 0, 0, 0
10042, 1, 1636431268627, 1636431269254, 627, 271, 356, 0, 0, 0
10041, 1, 1636431268616, 1636431269602, 986, 630, 356, 1, 0, 1
10043, 1, 1636431268983, 1636431269610, 627, 270, 357, 0, 0, 0
10044, 1, 1636431269048, 1636431269670, 622, 270, 352, 0, 0, 0
10045, 1, 1636431269136, 1636431269758, 622, 266, 356, 0, 0, 0
10046, 1, 1636431269157, 1636431269790, 633, 269, 364, 0, 0, 0
10047, 1, 1636431269272, 1636431269902, 630, 275, 355, 1, 1, 2
10048, 1, 1636431269387, 1636431270006, 619, 271, 348, 0, 1, 1
10050, 1, 1636431269642, 1636431270266, 624, 267, 357, 0, 0, 0
10049, 1, 1636431269544, 1636431270350, 806, 455, 351, 0, 1, 1
10051, 1, 1636431269879, 1636431270502, 623, 266, 357, 0, 1, 1
10052, 1, 1636431269899, 1636431270526, 627, 270, 357, 0, 0, 0
10054, 1, 1636431270002, 1636431270638, 636, 270, 366, 1, 0, 1
10053, 1, 1636431269967, 1636431270954, 987, 634, 353, 0, 0, 0
10055, 1, 1636431270377, 1636431270998, 621, 271, 350, 0, 0, 0
10056, 1, 1636431270384, 1636431271006, 622, 267, 355, 0, 0, 0
10057, 1, 1636431270465, 1636431271086, 621, 266, 355, 0, 0, 0
10058, 1, 1636431270511, 1636431271134, 623, 269, 354, 1, 0, 1
10059, 1, 1636431270655, 1636431271270, 615, 262, 353, 0, 0, 0
10060, 1, 1636431270790, 1636431271414, 624, 267, 357, 0, 0, 0
10062, 1, 1636431270987, 1636431271614, 627, 266, 361, 0, 1, 1
10061, 1, 1636431270899, 1636431271730, 831, 466, 365, 1, 0, 1
10063, 1, 1636431271177, 1636431271810, 633, 269, 364, 0, 0, 0
10064, 1, 1636431271194, 1636431271834, 640, 275, 365, 0, 1, 1
10066, 1, 1636431271328, 1636431271958, 630, 268, 362, 0, 0, 0
10065, 1, 1636431271297, 1636431272286, 989, 631, 358, 3, 0, 3
10067, 1, 1636431271713, 1636431272338, 625, 267, 358, 0, 0, 0
10068, 1, 1636431271755, 1636431272378, 623, 266, 357, 0, 2, 2
10069, 1, 1636431271813, 1636431272434, 621, 262, 359, 0, 0, 0
10070, 1, 1636431271901, 1636431272514, 613, 258, 355, 0, 0, 0
10071, 1, 1636431271977, 1636431272598, 621, 270, 351, 0, 0, 0
10072, 1, 1636431272134, 1636431272770, 636, 271, 365, 0, 1, 1
9988, 2, 1636431262663, 1636431272797, 10134, 0, 10134, 0, 0, 0
10074, 1, 1636431272362, 1636431272990, 628, 271, 357, 0, 0, 0
10073, 1, 1636431272229, 1636431273070, 841, 477, 364, 1, 12, 13
10075, 1, 1636431272479, 1636431273110, 631, 270, 361, 1, 0, 1
10076, 1, 1636431272545, 1636431273170, 625, 266, 359, 0, 0, 0
10077, 1, 1636431272632, 1636431273254, 622, 269, 353, 0, 0, 0
10079, 1, 1636431272926, 1636431273594, 668, 270, 398, 0, 0, 0
10078, 1, 1636431272652, 1636431273618, 966, 615, 351, 0, 2, 2
10080, 1, 1636431273054, 1636431273674, 620, 266, 354, 0, 0, 0
10081, 1, 1636431273083, 1636431273710, 627, 274, 353, 2, 0, 2
9996, 2, 1636431263580, 1636431273713, 10133, 0, 10133, 0, 0, 0
10083, 1, 1636431273171, 1636431273794, 623, 265, 358, 0, 0, 0
10084, 1, 1636431273380, 1636431274010, 630, 274, 356, 0, 1, 1
10082, 1, 1636431273160, 1636431274082, 922, 555, 367, 0, 28, 28
10085, 1, 1636431273475, 1636431274098, 623, 271, 352, 1, 1, 2
10002, 1, 1636431264430, 1636431274210, 9780, 9418, 362, 1, 0, 1
10087, 1, 1636431273714, 1636431274298, 584, 270, 314, 1, 0, 1
10088, 1, 1636431273769, 1636431274386, 617, 262, 355, 0, 0, 0
10086, 1, 1636431273563, 1636431274462, 899, 538, 361, 0, 0, 0
10090, 1, 1636431273887, 1636431274514, 627, 266, 361, 0, 0, 0
10091, 1, 1636431273900, 1636431274522, 622, 262, 360, 0, 0, 0
10089, 1, 1636431273842, 1636431274522, 680, 281, 399, 0, 0, 0
10094, 1, 1636431274221, 1636431274838, 617, 258, 359, 0, 0, 0
10093, 1, 1636431274211, 1636431274966, 755, 354, 401, 0, 0, 0
10092, 1, 1636431274008, 1636431274966, 958, 602, 356, 0, 0, 0
10095, 1, 1636431274382, 1636431275010, 628, 270, 358, 0, 0, 0
10096, 1, 1636431274449, 1636431275078, 629, 270, 359, 0, 0, 0
10097, 1, 1636431274468, 1636431275086, 618, 267, 351, 0, 0, 0
10100, 1, 1636431274748, 1636431275374, 626, 266, 360, 1, 0, 1
10099, 1, 1636431274743, 1636431275378, 635, 270, 365, 0, 0, 0
10098, 1, 1636431274532, 1636431275410, 878, 522, 356, 0, 0, 0
10103, 1, 1636431275144, 1636431275778, 634, 278, 356, 0, 0, 0
10104, 1, 1636431275180, 1636431275806, 626, 266, 360, 0, 1, 1
10101, 1, 1636431274935, 1636431275830, 895, 538, 357, 1, 0, 1
10106, 1, 1636431275227, 1636431275842, 615, 262, 353, 1, 0, 1
10105, 1, 1636431275218, 1636431275846, 628, 270, 358, 0, 0, 0
10102, 1, 1636431275043, 1636431275870, 827, 471, 356, 1, 0, 1
10109, 1, 1636431275591, 1636431276210, 619, 266, 353, 0, 0, 0
10108, 1, 1636431275551, 1636431276254, 703, 350, 353, 1, 0, 1
10107, 1, 1636431275339, 1636431276294, 955, 602, 353, 0, 0, 0
10110, 1, 1636431275748, 1636431276374, 626, 270, 356, 1, 0, 1
10112, 1, 1636431275846, 1636431276466, 620, 266, 354, 0, 0, 0
10113, 1, 1636431275857, 1636431276490, 633, 266, 367, 0, 0, 0
10114, 1, 1636431276066, 1636431276690, 624, 266, 358, 0, 0, 0
10111, 1, 1636431275796, 1636431276738, 942, 590, 352, 0, 0, 0
10115, 1, 1636431276113, 1636431276742, 629, 269, 360, 0, 0, 0
10117, 1, 1636431276415, 1636431277050, 635, 274, 361, 0, 0, 0
10118, 1, 1636431276448, 1636431277090, 642, 274, 368, 0, 0, 0
10116, 1, 1636431276261, 1636431277142, 881, 526, 355, 0, 0, 0
10119, 1, 1636431276528, 1636431277146, 618, 271, 347, 0, 0, 0
10120, 1, 1636431276539, 1636431277162, 623, 271, 352, 1, 0, 1
10121, 1, 1636431276583, 1636431277206, 623, 269, 354, 0, 0, 0
10124, 1, 1636431276923, 1636431277550, 627, 270, 357, 1, 0, 1
10123, 1, 1636431276902, 1636431277594, 692, 338, 354, 0, 0, 0
10122, 1, 1636431276679, 1636431277650, 971, 622, 349, 0, 0, 0
10125, 1, 1636431277095, 1636431277714, 619, 270, 349, 1, 1, 2
10126, 1, 1636431277120, 1636431277742, 622, 266, 356, 0, 0, 0
10127, 1, 1636431277129, 1636431277746, 617, 266, 351, 0, 0, 0
10128, 1, 1636431277216, 1636431277830, 614, 263, 351, 1, 0, 1
10129, 1, 1636431277461, 1636431278086, 625, 265, 360, 0, 0, 0
10130, 1, 1636431277478, 1636431278106, 628, 270, 358, 1, 0, 1
10132, 1, 1636431277765, 1636431278390, 625, 269, 356, 0, 0, 0
10133, 1, 1636431277852, 1636431278470, 618, 266, 352, 0, 0, 0
10134, 1, 1636431277858, 1636431278478, 620, 271, 349, 1, 0, 1
10135, 1, 1636431277906, 1636431278522, 616, 262, 354, 0, 0, 0
10131, 1, 1636431277631, 1636431278530, 899, 549, 350, 1, 0, 1
10136, 1, 1636431278011, 1636431278914, 903, 555, 348, 0, 0, 0
10138, 1, 1636431278317, 1636431278934, 617, 266, 351, 0, 0, 0
10137, 1, 1636431278196, 1636431278938, 742, 386, 356, 0, 0, 0
10139, 1, 1636431278392, 1636431279022, 630, 274, 356, 1, 0, 1
10140, 1, 1636431278508, 1636431279130, 622, 270, 352, 0, 0, 0
10142, 1, 1636431278548, 1636431279166, 618, 266, 352, 0, 0, 0
10141, 1, 1636431278529, 1636431279466, 937, 586, 351, 0, 0, 0
10143, 1, 1636431278861, 1636431279490, 629, 271, 358, 1, 1, 2
10144, 1, 1636431278866, 1636431279490, 624, 267, 357, 1, 1, 2
10146, 1, 1636431279061, 1636431279686, 625, 264, 361, 1, 1, 2
10147, 1, 1636431279180, 1636431279802, 622, 271, 351, 0, 1, 1
10148, 1, 1636431279199, 1636431279826, 627, 270, 357, 0, 0, 0
10149, 1, 1636431279251, 1636431279874, 623, 266, 357, 0, 0, 0
10145, 1, 1636431278986, 1636431279946, 960, 598, 362, 1, 0, 1
10150, 1, 1636431279338, 1636431280262, 924, 562, 362, 0, 0, 0
10151, 1, 1636431279570, 1636431280322, 752, 398, 354, 1, 1, 2
10153, 1, 1636431279780, 1636431280402, 622, 265, 357, 0, 0, 0
10155, 1, 1636431279881, 1636431280494, 613, 267, 346, 1, 1, 2
10154, 1, 1636431279880, 1636431280498, 618, 266, 352, 1, 0, 1
10156, 1, 1636431279901, 1636431280534, 633, 266, 367, 1, 0, 1
10152, 1, 1636431279720, 1636431280766, 1046, 694, 352, 0, 0, 0
10157, 1, 1636431280164, 1636431280786, 622, 270, 352, 0, 0, 0
10158, 1, 1636431280191, 1636431280806, 615, 263, 352, 0, 1, 1
10161, 1, 1636431280470, 1636431281094, 624, 269, 355, 0, 0, 0
10162, 1, 1636431280592, 1636431281218, 626, 270, 356, 0, 0, 0
10160, 1, 1636431280455, 1636431281218, 763, 406, 357, 0, 0, 0
10159, 1, 1636431280285, 1636431281250, 965, 610, 355, 0, 0, 0
10164, 1, 1636431280638, 1636431281550, 912, 554, 358, 0, 0, 0
10165, 1, 1636431280913, 1636431281670, 757, 399, 358, 0, 1, 1
10166, 1, 1636431281064, 1636431281690, 626, 274, 352, 0, 0, 0
10167, 1, 1636431281157, 1636431281786, 629, 269, 360, 0, 0, 0
10168, 1, 1636431281177, 1636431281802, 625, 270, 355, 0, 0, 0
10169, 1, 1636431281181, 1636431281802, 621, 266, 355, 0, 0, 0
10170, 1, 1636431281297, 1636431281914, 617, 262, 355, 0, 0, 0
10171, 1, 1636431281457, 1636431282078, 621, 263, 358, 0, 0, 0
10163, 1, 1636431280616, 1636431282122, 1506, 1149, 357, 0, 0, 0
10172, 1, 1636431281568, 1636431282198, 630, 273, 357, 0, 0, 0
10174, 1, 1636431281743, 1636431282362, 619, 266, 353, 1, 0, 1
10176, 1, 1636431281932, 1636431282554, 622, 266, 356, 0, 1, 1
10175, 1, 1636431281820, 1636431282574, 754, 393, 361, 1, 0, 1
10173, 1, 1636431281628, 1636431282650, 1022, 661, 361, 0, 0, 0
10178, 1, 1636431282124, 1636431282794, 670, 270, 400, 0, 0, 0
10177, 1, 1636431281968, 1636431282810, 842, 494, 348, 0, 0, 0
10179, 1, 1636431282251, 1636431282866, 615, 266, 349, 0, 0, 0
10180, 1, 1636431282421, 1636431283038, 617, 262, 355, 0, 0, 0
10181, 1, 1636431282449, 1636431283074, 625, 270, 355, 0, 0, 0
10182, 1, 1636431282499, 1636431283114, 615, 265, 350, 0, 0, 0
10183, 1, 1636431282565, 1636431283178, 613, 258, 355, 0, 0, 0
10184, 1, 1636431282581, 1636431283206, 625, 269, 356, 0, 0, 0
10185, 1, 1636431282720, 1636431283350, 630, 270, 360, 0, 0, 0
10186, 1, 1636431282896, 1636431283526, 630, 274, 356, 0, 0, 0
10188, 1, 1636431283051, 1636431283674, 623, 266, 357, 0, 0, 0
10189, 1, 1636431283159, 1636431283778, 619, 262, 357, 0, 0, 0
10190, 1, 1636431283221, 1636431283842, 621, 266, 355, 0, 0, 0
10187, 1, 1636431282953, 1636431283978, 1025, 670, 355, 0, 0, 0
10192, 1, 1636431283439, 1636431284054, 615, 266, 349, 0, 0, 0
10191, 1, 1636431283264, 1636431284110, 846, 499, 347, 0, 0, 0
10193, 1, 1636431283646, 1636431284258, 612, 258, 354, 1, 0, 1
10194, 1, 1636431283722, 1636431284342, 620, 266, 354, 0, 0, 0
10195, 1, 1636431283738, 1636431284366, 628, 270, 358, 0, 0, 0
10196, 1, 1636431283862, 1636431284486, 624, 263, 361, 0, 1, 1
10198, 1, 1636431283937, 1636431284562, 625, 266, 359, 0, 0, 0
10199, 1, 1636431284023, 1636431284642, 619, 267, 352, 0, 0, 0
10197, 1, 1636431283883, 1636431284714, 831, 474, 357, 0, 0, 0
10200, 1, 1636431284262, 1636431284898, 636, 274, 362, 0, 0, 0
10202, 1, 1636431284372, 1636431284986, 614, 262, 352, 0, 0, 0
10203, 1, 1636431284515, 1636431285146, 631, 275, 356, 0, 0, 0
10204, 1, 1636431284553, 1636431285174, 621, 266, 355, 0, 0, 0
10206, 1, 1636431284706, 1636431285334, 628, 270, 358, 0, 0, 0
10201, 1, 1636431284309, 1636431285346, 1037, 675, 362, 2, 0, 2
10205, 1, 1636431284585, 1636431285434, 849, 493, 356, 1, 0, 1
10207, 1, 1636431284933, 1636431285558, 625, 270, 355, 0, 0, 0
10208, 1, 1636431285075, 1636431285694, 619, 266, 353, 0, 0, 0
10209, 1, 1636431285080, 1636431285698, 618, 266, 352, 1, 0, 1
10211, 1, 1636431285172, 1636431285794, 622, 270, 352, 1, 0, 1
10210, 1, 1636431285172, 1636431285794, 622, 271, 351, 2, 1, 3
10212, 1, 1636431285201, 1636431285830, 629, 270, 359, 0, 0, 0
10213, 1, 1636431285367, 1636431285982, 615, 258, 357, 0, 0, 0
10214, 1, 1636431285625, 1636431286270, 645, 278, 367, 0, 0, 0
10215, 1, 1636431285640, 1636431286270, 630, 271, 359, 0, 0, 0
10217, 1, 1636431285841, 1636431286470, 629, 274, 355, 0, 0, 0
10219, 1, 1636431285914, 1636431286534, 620, 266, 354, 0, 0, 0
10220, 1, 1636431285993, 1636431286618, 625, 268, 357, 0, 0, 0
10218, 1, 1636431285874, 1636431286718, 844, 486, 358, 0, 0, 0
10216, 1, 1636431285669, 1636431286722, 1053, 682, 371, 1, 0, 1
10221, 1, 1636431286297, 1636431286930, 633, 274, 359, 1, 0, 1
10222, 1, 1636431286368, 1636431286994, 626, 274, 352, 0, 1, 1
10223, 1, 1636431286469, 1636431287094, 625, 270, 355, 0, 0, 0
10224, 1, 1636431286476, 1636431287106, 630, 275, 355, 2, 0, 2
10225, 1, 1636431286510, 1636431287134, 624, 271, 353, 0, 0, 0
10226, 1, 1636431286542, 1636431287178, 636, 269, 367, 0, 0, 0
10227, 1, 1636431286661, 1636431287286, 625, 270, 355, 0, 0, 0
10228, 1, 1636431286893, 1636431287518, 625, 270, 355, 0, 0, 0
10229, 1, 1636431286927, 1636431287542, 615, 262, 353, 0, 0, 0
10232, 1, 1636431287202, 1636431287826, 624, 269, 355, 0, 0, 0
10233, 1, 1636431287205, 1636431287842, 637, 270, 367, 0, 0, 0
10234, 1, 1636431287323, 1636431287946, 623, 271, 352, 1, 0, 1
10230, 1, 1636431286991, 1636431287974, 983, 625, 358, 1, 0, 1
10231, 1, 1636431287181, 1636431287990, 809, 454, 355, 1, 0, 1
10235, 1, 1636431287658, 1636431288286, 628, 270, 358, 0, 0, 0
10236, 1, 1636431287739, 1636431288366, 627, 269, 358, 0, 0, 0
10237, 1, 1636431287765, 1636431288390, 625, 267, 358, 0, 1, 1
10238, 1, 1636431287852, 1636431288470, 618, 266, 352, 0, 0, 0
10239, 1, 1636431287857, 1636431288474, 617, 266, 351, 1, 0, 1
10240, 1, 1636431287859, 1636431288482, 623, 266, 357, 1, 0, 1
10241, 1, 1636431287934, 1636431288554, 620, 262, 358, 0, 0, 0
10243, 1, 1636431288282, 1636431288898, 616, 266, 350, 0, 1, 1
10242, 1, 1636431288212, 1636431288922, 710, 359, 351, 0, 1, 1
10246, 1, 1636431288508, 1636431289146, 638, 282, 356, 0, 0, 0
10247, 1, 1636431288567, 1636431289186, 619, 270, 349, 0, 0, 0
10248, 1, 1636431288675, 1636431289298, 623, 270, 353, 0, 0, 0
10244, 1, 1636431288346, 1636431289354, 1008, 650, 358, 1, 0, 1
10245, 1, 1636431288503, 1636431289370, 867, 511, 356, 1, 0, 1
10249, 1, 1636431289045, 1636431289666, 621, 265, 356, 0, 0, 0
10251, 1, 1636431289141, 1636431289762, 621, 267, 354, 0, 1, 1
10252, 1, 1636431289154, 1636431289786, 632, 273, 359, 0, 1, 1
10253, 1, 1636431289169, 1636431289802, 633, 278, 355, 0, 0, 0
10250, 1, 1636431289051, 1636431289822, 771, 413, 358, 0, 0, 0
10254, 1, 1636431289259, 1636431289886, 627, 274, 353, 0, 0, 0
10255, 1, 1636431289291, 1636431289914, 623, 271, 352, 0, 1, 1
10256, 1, 1636431289586, 1636431290210, 624, 266, 358, 0, 0, 0
10257, 1, 1636431289655, 1636431290278, 623, 266, 357, 0, 0, 0
10259, 1, 1636431289844, 1636431290482, 638, 269, 369, 0, 0, 0
10261, 1, 1636431289938, 1636431290562, 624, 266, 358, 0, 0, 0