Xid, State, StartTime, EndTime, TransactionTime, ExecuteTime, CommunicationTime, ReadTime, WriteTime, DBTime
1, 1, 1636483481520, 1636483482509, 989, 571, 418, 0, 43, 43
2, 1, 1636483482587, 1636483483247, 660, 272, 388, 0, 1, 1
3, 1, 1636483483290, 1636483483951, 661, 268, 393, 0, 1, 1
4, 1, 1636483483998, 1636483484651, 653, 263, 390, 0, 1, 1
5, 1, 1636483484694, 1636483485351, 657, 262, 395, 0, 0, 0
6, 1, 1636483485394, 1636483486051, 657, 268, 389, 0, 1, 1
7, 1, 1636483486094, 1636483486739, 645, 260, 385, 0, 1, 1
8, 1, 1636483486782, 1636483487435, 653, 268, 385, 0, 0, 0
9, 1, 1636483487478, 1636483488127, 649, 263, 386, 0, 1, 1
10, 1, 1636483488170, 1636483488823, 653, 263, 390, 0, 0, 0
11, 1, 1636483488866, 1636483489515, 649, 263, 386, 0, 0, 0
12, 1, 1636483489558, 1636483490215, 657, 271, 386, 0, 0, 0
13, 1, 1636483490258, 1636483490915, 657, 263, 394, 0, 0, 0
14, 1, 1636483490958, 1636483491611, 653, 268, 385, 0, 0, 0
15, 1, 1636483491654, 1636483492299, 645, 263, 382, 0, 1, 1
16, 1, 1636483492343, 1636483493003, 660, 271, 389, 0, 0, 0
17, 1, 1636483493046, 1636483493695, 649, 263, 386, 0, 0, 0
18, 1, 1636483493697, 1636483494303, 606, 261, 345, 0, 1, 1
19, 1, 1636483494305, 1636483494907, 602, 261, 341, 0, 1, 1
20, 1, 1636483494908, 1636483495519, 611, 265, 346, 0, 1, 1
21, 1, 1636483495521, 1636483496135, 614, 269, 345, 0, 1, 1
22, 1, 1636483496137, 1636483496743, 606, 262, 344, 0, 1, 1
23, 1, 1636483496745, 1636483497355, 610, 265, 345, 0, 1, 1
24, 1, 1636483497357, 1636483497963, 606, 265, 341, 0, 1, 1
25, 1, 1636483497965, 1636483498571, 606, 261, 345, 0, 1, 1
26, 1, 1636483498573, 1636483499183, 610, 265, 345, 0, 1, 1
27, 1, 1636483499185, 1636483499787, 602, 261, 341, 0, 1, 1
28, 1, 1636483499789, 1636483500395, 606, 265, 341, 0, 1, 1
29, 1, 1636483500397, 1636483500999, 602, 261, 341, 0, 0, 0
30, 1, 1636483501001, 1636483501607, 606, 261, 345, 0, 1, 1
31, 1, 1636483501609, 1636483502219, 610, 266, 344, 0, 1, 1
32, 1, 1636483502221, 1636483502835, 614, 270, 344, 0, 1, 1
33, 1, 1636483502837, 1636483503439, 602, 262, 340, 0, 0, 0
34, 1, 1636483503441, 1636483504043, 602, 262, 340, 0, 0, 0
35, 1, 1636483504045, 1636483504651, 606, 261, 345, 0, 1, 1
36, 1, 1636483504653, 1636483505263, 610, 265, 345, 0, 1, 1
37, 1, 1636483505264, 1636483505871, 607, 266, 341, 0, 1, 1
38, 1, 1636483505873, 1636483506479, 606, 260, 346, 0, 0, 0
39, 1, 1636483506481, 1636483507091, 610, 265, 345, 0, 0, 0
40, 1, 1636483507093, 1636483507699, 606, 265, 341, 0, 0, 0
41, 1, 1636483507700, 1636483508303, 603, 261, 342, 0, 0, 0
42, 1, 1636483508305, 1636483508911, 606, 261, 345, 0, 0, 0
43, 1, 1636483508913, 1636483509519, 606, 265, 341, 0, 1, 1
44, 1, 1636483509521, 1636483510127, 606, 264, 342, 0, 0, 0
45, 1, 1636483510129, 1636483510735, 606, 261, 345, 0, 0, 0
46, 1, 1636483510736, 1636483511343, 607, 262, 345, 0, 0, 0
47, 1, 1636483511344, 1636483511951, 607, 266, 341, 0, 0, 0
48, 1, 1636483511952, 1636483512555, 603, 262, 341, 0, 0, 0
49, 1, 1636483512556, 1636483513159, 603, 261, 342, 0, 0, 0
50, 1, 1636483513161, 1636483513763, 602, 261, 341, 0, 0, 0
51, 1, 1636483513765, 1636483514367, 602, 261, 341, 0, 0, 0
52, 1, 1636483514369, 1636483514971, 602, 261, 341, 0, 0, 0
53, 1, 1636483514973, 1636483515575, 602, 261, 341, 0, 0, 0
54, 1, 1636483515577, 1636483516179, 602, 261, 341, 0, 0, 0
55, 1, 1636483516181, 1636483516783, 602, 262, 340, 0, 0, 0
56, 1, 1636483516785, 1636483517387, 602, 262, 340, 0, 0, 0
57, 1, 1636483517389, 1636483517991, 602, 261, 341, 0, 0, 0
58, 1, 1636483517993, 1636483518599, 606, 262, 344, 0, 0, 0
59, 1, 1636483518601, 1636483519203, 602, 262, 340, 0, 1, 1
60, 1, 1636483519205, 1636483519811, 606, 265, 341, 0, 0, 0
61, 1, 1636483519812, 1636483520415, 603, 262, 341, 0, 1, 1
62, 1, 1636483520416, 1636483521019, 603, 261, 342, 0, 0, 0
63, 1, 1636483521020, 1636483521623, 603, 261, 342, 0, 0, 0
64, 1, 1636483521624, 1636483522227, 603, 261, 342, 0, 0, 0
65, 1, 1636483522229, 1636483522831, 602, 261, 341, 0, 0, 0
66, 1, 1636483522832, 1636483523435, 603, 262, 341, 0, 0, 0
67, 1, 1636483523436, 1636483524043, 607, 265, 342, 0, 0, 0
68, 1, 1636483524044, 1636483524647, 603, 261, 342, 0, 0, 0
69, 1, 1636483524649, 1636483525251, 602, 261, 341, 0, 0, 0
70, 1, 1636483525252, 1636483525855, 603, 261, 342, 0, 1, 1
71, 1, 1636483525856, 1636483526459, 603, 261, 342, 0, 0, 0
72, 1, 1636483526461, 1636483527063, 602, 261, 341, 0, 0, 0
73, 1, 1636483527065, 1636483527667, 602, 261, 341, 0, 0, 0
74, 1, 1636483527668, 1636483528271, 603, 261, 342, 0, 0, 0
75, 1, 1636483528272, 1636483528871, 599, 257, 342, 0, 0, 0
76, 1, 1636483528872, 1636483529475, 603, 262, 341, 0, 0, 0
77, 1, 1636483529477, 1636483530079, 602, 261, 341, 0, 0, 0
78, 1, 1636483530080, 1636483530687, 607, 265, 342, 0, 0, 0
79, 1, 1636483530689, 1636483531283, 594, 254, 340, 0, 0, 0
80, 1, 1636483531284, 1636483531887, 603, 262, 341, 0, 0, 0
81, 1, 1636483531888, 1636483532491, 603, 261, 342, 0, 0, 0
82, 1, 1636483532492, 1636483533095, 603, 261, 342, 0, 0, 0
83, 1, 1636483533096, 1636483533699, 603, 261, 342, 0, 0, 0
84, 1, 1636483533701, 1636483534303, 602, 261, 341, 0, 0, 0
85, 1, 1636483534304, 1636483534907, 603, 261, 342, 0, 0, 0
86, 1, 1636483534909, 1636483535511, 602, 262, 340, 0, 1, 1
87, 1, 1636483535512, 1636483536115, 603, 261, 342, 0, 0, 0
88, 1, 1636483536116, 1636483536719, 603, 261, 342, 0, 0, 0
89, 1, 1636483536720, 1636483537319, 599, 258, 341, 0, 0, 0
90, 1, 1636483537320, 1636483537919, 599, 257, 342, 0, 0, 0
91, 1, 1636483537920, 1636483538519, 599, 257, 342, 0, 0, 0
92, 1, 1636483538520, 1636483539127, 607, 261, 346, 0, 0, 0
93, 1, 1636483539128, 1636483539731, 603, 261, 342, 0, 0, 0
94, 1, 1636483539732, 1636483540335, 603, 261, 342, 0, 0, 0
95, 1, 1636483540336, 1636483540939, 603, 261, 342, 0, 0, 0
96, 1, 1636483540940, 1636483541543, 603, 261, 342, 0, 0, 0
97, 1, 1636483541544, 1636483542147, 603, 262, 341, 0, 0, 0
98, 1, 1636483542149, 1636483542751, 602, 261, 341, 0, 0, 0
99, 1, 1636483542753, 1636483543355, 602, 262, 340, 0, 0, 0
100, 1, 1636483543356, 1636483543959, 603, 262, 341, 0, 0, 0
101, 1, 1636483554049, 1636483554791, 742, 368, 374, 0, 0, 0
102, 1, 1636483554792, 1636483555447, 655, 267, 388, 0, 0, 0
103, 1, 1636483555448, 1636483556103, 655, 269, 386, 0, 0, 0
104, 1, 1636483556104, 1636483556759, 655, 268, 387, 0, 0, 0
105, 1, 1636483556760, 1636483557415, 655, 269, 386, 0, 1, 1
106, 1, 1636483557416, 1636483558071, 655, 268, 387, 0, 0, 0
107, 1, 1636483558072, 1636483558727, 655, 268, 387, 0, 0, 0
108, 1, 1636483558728, 1636483559383, 655, 268, 387, 0, 0, 0
109, 1, 1636483559384, 1636483560039, 655, 268, 387, 0, 0, 0
110, 1, 1636483560040, 1636483560691, 651, 264, 387, 0, 0, 0
111, 1, 1636483560692, 1636483561339, 647, 260, 387, 0, 0, 0
112, 1, 1636483561340, 1636483561991, 651, 264, 387, 0, 0, 0
113, 1, 1636483561992, 1636483562639, 647, 260, 387, 0, 0, 0
114, 1, 1636483562640, 1636483563291, 651, 264, 387, 0, 0, 0
115, 1, 1636483563292, 1636483563939, 647, 260, 387, 0, 0, 0
116, 1, 1636483563940, 1636483564595, 655, 268, 387, 0, 0, 0
117, 1, 1636483564596, 1636483565203, 607, 261, 346, 0, 0, 0
118, 1, 1636483565204, 1636483565803, 599, 258, 341, 0, 0, 0
119, 1, 1636483565804, 1636483566407, 603, 257, 346, 0, 0, 0
120, 1, 1636483566408, 1636483567011, 603, 257, 346, 0, 0, 0
121, 1, 1636483567012, 1636483567611, 599, 258, 341, 0, 0, 0
122, 1, 1636483567612, 1636483568215, 603, 261, 342, 0, 0, 0
123, 1, 1636483568216, 1636483568815, 599, 254, 345, 0, 0, 0
124, 1, 1636483568816, 1636483569415, 599, 257, 342, 0, 0, 0
125, 1, 1636483569417, 1636483570015, 598, 254, 344, 0, 0, 0
126, 1, 1636483570016, 1636483570615, 599, 258, 341, 0, 0, 0
127, 1, 1636483570616, 1636483571219, 603, 257, 346, 0, 0, 0
128, 1, 1636483571221, 1636483571823, 602, 258, 344, 0, 1, 1
129, 1, 1636483571825, 1636483572423, 598, 257, 341, 0, 0, 0
130, 1, 1636483572424, 1636483573023, 599, 253, 346, 0, 0, 0
131, 1, 1636483573024, 1636483573623, 599, 258, 341, 0, 0, 0
132, 1, 1636483573624, 1636483574227, 603, 257, 346, 0, 0, 0
133, 1, 1636483574229, 1636483574839, 610, 265, 345, 0, 0, 0
134, 1, 1636483574840, 1636483575435, 595, 257, 338, 0, 0, 0
135, 1, 1636483575436, 1636483576035, 599, 253, 346, 0, 0, 0
136, 1, 1636483576036, 1636483576635, 599, 253, 346, 0, 0, 0
137, 1, 1636483576636, 1636483577231, 595, 253, 342, 0, 0, 0
138, 1, 1636483577232, 1636483577827, 595, 253, 342, 0, 0, 0
139, 1, 1636483577828, 1636483578423, 595, 253, 342, 0, 0, 0
140, 1, 1636483578424, 1636483579027, 603, 258, 345, 0, 0, 0
141, 1, 1636483579028, 1636483579623, 595, 253, 342, 0, 0, 0
142, 1, 1636483579624, 1636483580223, 599, 257, 342, 0, 0, 0
143, 1, 1636483580224, 1636483580827, 603, 258, 345, 0, 0, 0
144, 1, 1636483580828, 1636483581423, 595, 253, 342, 0, 0, 0
145, 1, 1636483581424, 1636483582019, 595, 254, 341, 0, 0, 0
146, 1, 1636483582020, 1636483582619, 599, 258, 341, 0, 0, 0
147, 1, 1636483582620, 1636483583223, 603, 262, 341, 0, 0, 0
148, 1, 1636483583224, 1636483583823, 599, 254, 345, 0, 0, 0
149, 1, 1636483583824, 1636483584419, 595, 253, 342, 0, 0, 0
150, 1, 1636483584420, 1636483585023, 603, 257, 346, 0, 0, 0
151, 1, 1636483585024, 1636483585623, 599, 254, 345, 0, 0, 0
152, 1, 1636483585624, 1636483586219, 595, 253, 342, 0, 0, 0
153, 1, 1636483586220, 1636483586811, 591, 254, 337, 0, 0, 0
154, 1, 1636483586812, 1636483587415, 603, 257, 346, 0, 0, 0
155, 1, 1636483587416, 1636483588019, 603, 258, 345, 0, 0, 0
156, 1, 1636483588020, 1636483588615, 595, 254, 341, 0, 0, 0
157, 1, 1636483588616, 1636483589211, 595, 254, 341, 0, 0, 0
158, 1, 1636483589212, 1636483589807, 595, 253, 342, 0, 0, 0
159, 1, 1636483589808, 1636483590403, 595, 253, 342, 0, 0, 0
160, 1, 1636483590404, 1636483590999, 595, 253, 342, 0, 0, 0
161, 1, 1636483591000, 1636483591591, 591, 254, 337, 0, 0, 0
162, 1, 1636483591592, 1636483592187, 595, 253, 342, 0, 0, 0
163, 1, 1636483592188, 1636483592783, 595, 253, 342, 0, 0, 0
164, 1, 1636483592784, 1636483593383, 599, 253, 346, 0, 0, 0
165, 1, 1636483593384, 1636483593979, 595, 254, 341, 0, 0, 0
166, 1, 1636483593980, 1636483594575, 595, 253, 342, 0, 0, 0
167, 1, 1636483594576, 1636483595171, 595, 253, 342, 0, 0, 0
168, 1, 1636483595172, 1636483595767, 595, 253, 342, 0, 0, 0
169, 1, 1636483595768, 1636483596363, 595, 254, 341, 0, 0, 0
170, 1, 1636483596364, 1636483596959, 595, 253, 342, 0, 0, 0
171, 1, 1636483596960, 1636483597555, 595, 253, 342, 0, 0, 0
172, 1, 1636483597556, 1636483598151, 595, 254, 341, 0, 0, 0
173, 1, 1636483598152, 1636483598747, 595, 253, 342, 0, 0, 0
174, 1, 1636483598748, 1636483599343, 595, 253, 342, 0, 0, 0
175, 1, 1636483599344, 1636483599943, 599, 258, 341, 0, 0, 0
176, 1, 1636483599944, 1636483600543, 599, 254, 345, 0, 0, 0
177, 1, 1636483600544, 1636483601139, 595, 253, 342, 0, 0, 0
178, 1, 1636483601140, 1636483601735, 595, 254, 341, 0, 0, 0
179, 1, 1636483601736, 1636483602331, 595, 253, 342, 0, 0, 0
180, 1, 1636483602332, 1636483602927, 595, 253, 342, 0, 0, 0
181, 1, 1636483602928, 1636483603523, 595, 255, 340, 0, 0, 0
182, 1, 1636483603524, 1636483604127, 603, 258, 345, 0, 0, 0
183, 1, 1636483604128, 1636483604723, 595, 253, 342, 0, 0, 0
184, 1, 1636483604724, 1636483605319, 595, 253, 342, 0, 0, 0
185, 1, 1636483605320, 1636483605915, 595, 253, 342, 0, 0, 0
186, 1, 1636483605916, 1636483606511, 595, 254, 341, 0, 0, 0
187, 1, 1636483606512, 1636483607107, 595, 254, 341, 0, 0, 0
188, 1, 1636483607108, 1636483607703, 595, 254, 341, 0, 0, 0
189, 1, 1636483607704, 1636483608299, 595, 253, 342, 0, 0, 0
190, 1, 1636483608300, 1636483608895, 595, 254, 341, 0, 0, 0
191, 1, 1636483608896, 1636483609491, 595, 253, 342, 0, 0, 0
192, 1, 1636483609492, 1636483610087, 595, 253, 342, 0, 0, 0
193, 1, 1636483610088, 1636483610683, 595, 254, 341, 0, 0, 0
194, 1, 1636483610684, 1636483611279, 595, 254, 341, 0, 0, 0
195, 1, 1636483611280, 1636483611875, 595, 253, 342, 0, 0, 0
196, 1, 1636483611876, 1636483612471, 595, 253, 342, 0, 0, 0
197, 1, 1636483612472, 1636483613067, 595, 253, 342, 0, 0, 0
198, 1, 1636483613068, 1636483613663, 595, 253, 342, 0, 0, 0
199, 1, 1636483613664, 1636483614259, 595, 254, 341, 0, 0, 0
200, 1, 1636483614259, 1636483614851, 592, 253, 339, 0, 0, 0
201, 1, 1636483634328, 1636483635143, 815, 440, 375, 0, 0, 0
202, 1, 1636483635144, 1636483635799, 655, 272, 383, 0, 0, 0
203, 1, 1636483635800, 1636483636455, 655, 268, 387, 0, 0, 0
204, 1, 1636483636456, 1636483637111, 655, 268, 387, 0, 0, 0
205, 1, 1636483637112, 1636483637763, 651, 268, 383, 0, 0, 0
206, 1, 1636483637764, 1636483638423, 659, 272, 387, 0, 0, 0
207, 1, 1636483638424, 1636483639079, 655, 268, 387, 0, 0, 0
208, 1, 1636483639080, 1636483639731, 651, 268, 383, 0, 0, 0
209, 1, 1636483639732, 1636483640387, 655, 268, 387, 0, 0, 0
210, 1, 1636483640388, 1636483641043, 655, 268, 387, 0, 0, 0
211, 1, 1636483641044, 1636483641699, 655, 268, 387, 0, 0, 0
212, 1, 1636483641700, 1636483642363, 663, 280, 383, 0, 0, 0
213, 1, 1636483642364, 1636483643019, 655, 268, 387, 0, 0, 0
214, 1, 1636483643020, 1636483643675, 655, 268, 387, 0, 0, 0
215, 1, 1636483643676, 1636483644335, 659, 272, 387, 0, 0, 0
216, 1, 1636483644336, 1636483644987, 651, 268, 383, 0, 0, 0
217, 1, 1636483644988, 1636483645599, 611, 269, 342, 0, 0, 0
218, 1, 1636483645600, 1636483646215, 615, 270, 345, 0, 0, 0
219, 1, 1636483646216, 1636483646827, 611, 265, 346, 0, 0, 0
220, 1, 1636483646828, 1636483647443, 615, 269, 346, 0, 0, 0
221, 1, 1636483647444, 1636483648063, 619, 273, 346, 0, 0, 0
222, 1, 1636483648064, 1636483648675, 611, 265, 346, 0, 0, 0
223, 1, 1636483648676, 1636483649287, 611, 266, 345, 0, 0, 0
224, 1, 1636483649288, 1636483649899, 611, 265, 346, 0, 0, 0
225, 1, 1636483649900, 1636483650511, 611, 266, 345, 0, 0, 0
226, 1, 1636483650512, 1636483651123, 611, 266, 345, 0, 0, 0
227, 1, 1636483651124, 1636483651735, 611, 266, 345, 0, 0, 0
228, 1, 1636483651736, 1636483652347, 611, 266, 345, 0, 0, 0
229, 1, 1636483652348, 1636483652959, 611, 265, 346, 0, 0, 0
230, 1, 1636483652960, 1636483653567, 607, 266, 341, 0, 0, 0
231, 1, 1636483653568, 1636483654179, 611, 265, 346, 0, 0, 0
232, 1, 1636483654180, 1636483654791, 611, 265, 346, 0, 0, 0
233, 1, 1636483654792, 1636483655403, 611, 266, 345, 0, 0, 0
234, 1, 1636483655404, 1636483656015, 611, 265, 346, 0, 0, 0
235, 1, 1636483656016, 1636483656627, 611, 266, 345, 0, 0, 0
236, 1, 1636483656628, 1636483657243, 615, 269, 346, 0, 0, 0
237, 1, 1636483657244, 1636483657859, 615, 269, 346, 0, 0, 0
238, 1, 1636483657860, 1636483658479, 619, 274, 345, 0, 0, 0
239, 1, 1636483658480, 1636483659091, 611, 265, 346, 0, 0, 0
240, 1, 1636483659092, 1636483659715, 623, 278, 345, 0, 0, 0
241, 1, 1636483659716, 1636483660327, 611, 265, 346, 0, 0, 0
242, 1, 1636483660328, 1636483660939, 611, 266, 345, 0, 0, 0
243, 1, 1636483660940, 1636483661551, 611, 266, 345, 0, 0, 0
244, 1, 1636483661552, 1636483662167, 615, 270, 345, 0, 0, 0
245, 1, 1636483662168, 1636483662779, 611, 265, 346, 0, 0, 0
246, 1, 1636483662780, 1636483663391, 611, 266, 345, 0, 0, 0
247, 1, 1636483663392, 1636483664015, 623, 278, 345, 0, 0, 0
248, 1, 1636483664016, 1636483664623, 607, 265, 342, 0, 0, 0
249, 1, 1636483664624, 1636483665235, 611, 266, 345, 0, 0, 0
250, 1, 1636483665236, 1636483665847, 611, 265, 346, 0, 0, 0
251, 1, 1636483665848, 1636483666459, 611, 265, 346, 0, 0, 0
252, 1, 1636483666460, 1636483667079, 619, 273, 346, 0, 0, 0
253, 1, 1636483667080, 1636483667691, 611, 265, 346, 0, 0, 0
254, 1, 1636483667692, 1636483668299, 607, 265, 342, 0, 0, 0
255, 1, 1636483668300, 1636483668915, 615, 269, 346, 0, 0, 0
256, 1, 1636483668916, 1636483669527, 611, 267, 344, 0, 0, 0
257, 1, 1636483669529, 1636483670143, 614, 266, 348, 0, 0, 0
258, 1, 1636483670145, 1636483670755, 610, 266, 344, 0, 0, 0
259, 1, 1636483670756, 1636483671367, 611, 265, 346, 0, 0, 0
260, 1, 1636483671368, 1636483671979, 611, 269, 342, 0, 0, 0
261, 1, 1636483671980, 1636483672591, 611, 265, 346, 0, 0, 0
262, 1, 1636483672592, 1636483673207, 615, 269, 346, 0, 0, 0
263, 1, 1636483673208, 1636483673815, 607, 265, 342, 0, 0, 0
264, 1, 1636483673816, 1636483674427, 611, 265, 346, 0, 0, 0
265, 1, 1636483674428, 1636483675035, 607, 265, 342, 0, 0, 0
266, 1, 1636483675036, 1636483675639, 603, 261, 342, 0, 0, 0
267, 1, 1636483675640, 1636483676251, 611, 266, 345, 0, 0, 0
268, 1, 1636483676252, 1636483676871, 619, 261, 358, 0, 0, 0
269, 1, 1636483676872, 1636483677479, 607, 261, 346, 0, 0, 0
270, 1, 1636483677480, 1636483678091, 611, 265, 346, 0, 0, 0
271, 1, 1636483678092, 1636483678707, 615, 269, 346, 0, 0, 0
272, 1, 1636483678708, 1636483679319, 611, 266, 345, 0, 0, 0
273, 1, 1636483679320, 1636483679923, 603, 258, 345, 0, 0, 0
274, 1, 1636483679924, 1636483680531, 607, 262, 345, 0, 0, 0
275, 1, 1636483680532, 1636483681147, 615, 262, 353, 0, 0, 0
276, 1, 1636483681148, 1636483681759, 611, 265, 346, 0, 0, 0
277, 1, 1636483681760, 1636483682375, 615, 270, 345, 0, 0, 0
278, 1, 1636483682376, 1636483682983, 607, 265, 342, 0, 0, 0
279, 1, 1636483682984, 1636483683599, 615, 266, 349, 0, 0, 0
280, 1, 1636483683600, 1636483684219, 619, 270, 349, 0, 0, 0
281, 1, 1636483684220, 1636483684831, 611, 266, 345, 0, 0, 0
282, 1, 1636483684832, 1636483685447, 615, 273, 342, 0, 0, 0
283, 1, 1636483685448, 1636483686055, 607, 262, 345, 0, 0, 0
284, 1, 1636483686056, 1636483686667, 611, 265, 346, 0, 0, 0
285, 1, 1636483686668, 1636483687279, 611, 265, 346, 0, 0, 0
286, 1, 1636483687280, 1636483687887, 607, 265, 342, 0, 0, 0
287, 1, 1636483687888, 1636483688495, 607, 262, 345, 0, 0, 0
288, 1, 1636483688496, 1636483689107, 611, 266, 345, 0, 0, 0
289, 1, 1636483689108, 1636483689715, 607, 261, 346, 0, 0, 0
290, 1, 1636483689716, 1636483690323, 607, 266, 341, 0, 0, 0
291, 1, 1636483690324, 1636483690935, 611, 269, 342, 0, 0, 0
292, 1, 1636483690936, 1636483691551, 615, 269, 346, 0, 0, 0
293, 1, 1636483691552, 1636483692159, 607, 261, 346, 0, 0, 0
294, 1, 1636483692160, 1636483692771, 611, 266, 345, 0, 0, 0
295, 1, 1636483692772, 1636483693379, 607, 265, 342, 0, 0, 0
296, 1, 1636483693380, 1636483693987, 607, 266, 341, 0, 0, 0
297, 1, 1636483693988, 1636483694599, 611, 262, 349, 0, 0, 0
298, 1, 1636483694600, 1636483695199, 599, 258, 341, 0, 0, 0
299, 1, 1636483695200, 1636483695799, 599, 257, 342, 0, 0, 0
300, 1, 1636483695800, 1636483696407, 607, 262, 345, 0, 0, 0
301, 1, 1636483728011, 1636483728935, 924, 399, 525, 6, 1, 7
302, 1, 1636483728937, 1636483729759, 822, 264, 558, 2, 0, 2
303, 1, 1636483729760, 1636483730575, 815, 260, 555, 1, 0, 1
304, 1, 1636483730576, 1636483731391, 815, 260, 555, 2, 0, 2
305, 1, 1636483731392, 1636483732211, 819, 259, 560, 1, 0, 1
306, 1, 1636483732212, 1636483733027, 815, 264, 551, 1, 0, 1
307, 1, 1636483733028, 1636483733843, 815, 260, 555, 0, 0, 0
308, 1, 1636483733844, 1636483734655, 811, 260, 551, 1, 0, 1
309, 1, 1636483734656, 1636483735471, 815, 264, 551, 1, 0, 1
310, 1, 1636483735472, 1636483736287, 815, 260, 555, 1, 0, 1
311, 1, 1636483736288, 1636483737103, 815, 260, 555, 1, 0, 1
312, 1, 1636483737104, 1636483737919, 815, 262, 553, 3, 1, 4
313, 1, 1636483737920, 1636483738739, 819, 260, 559, 0, 0, 0
314, 1, 1636483738740, 1636483739563, 823, 263, 560, 0, 0, 0
315, 1, 1636483739564, 1636483740383, 819, 264, 555, 2, 0, 2
316, 1, 1636483740384, 1636483741211, 827, 273, 554, 0, 0, 0
317, 1, 1636483741212, 1636483741863, 651, 258, 393, 0, 0, 0
318, 1, 1636483741864, 1636483742519, 655, 262, 393, 0, 0, 0
319, 1, 1636483742520, 1636483743163, 643, 254, 389, 0, 0, 0
320, 1, 1636483743164, 1636483743811, 647, 254, 393, 0, 0, 0
321, 1, 1636483743812, 1636483744459, 647, 254, 393, 0, 0, 0
322, 1, 1636483744460, 1636483745107, 647, 255, 392, 0, 1, 1
323, 1, 1636483745108, 1636483745755, 647, 254, 393, 0, 0, 0
324, 1, 1636483745756, 1636483746403, 647, 254, 393, 0, 0, 0
325, 1, 1636483746404, 1636483747055, 651, 258, 393, 0, 0, 0
326, 1, 1636483747056, 1636483747703, 647, 255, 392, 0, 0, 0
327, 1, 1636483747704, 1636483748351, 647, 254, 393, 0, 0, 0
328, 1, 1636483748352, 1636483748999, 647, 254, 393, 0, 0, 0
329, 1, 1636483749000, 1636483749647, 647, 254, 393, 0, 0, 0
330, 1, 1636483749648, 1636483750295, 647, 258, 389, 0, 0, 0
331, 1, 1636483750296, 1636483750947, 651, 254, 397, 0, 0, 0
332, 1, 1636483750948, 1636483751599, 651, 254, 397, 0, 0, 0
333, 1, 1636483751600, 1636483752259, 659, 253, 406, 0, 0, 0
334, 1, 1636483752260, 1636483752911, 651, 258, 393, 0, 0, 0
335, 1, 1636483752912, 1636483753563, 651, 258, 393, 0, 0, 0
336, 1, 1636483753564, 1636483754215, 651, 258, 393, 0, 0, 0
337, 1, 1636483754216, 1636483754871, 655, 259, 396, 1, 0, 1
338, 1, 1636483754872, 1636483755523, 651, 258, 393, 0, 0, 0
339, 1, 1636483755524, 1636483756171, 647, 254, 393, 0, 0, 0
340, 1, 1636483756172, 1636483756819, 647, 254, 393, 0, 0, 0
341, 1, 1636483756820, 1636483757471, 651, 258, 393, 0, 0, 0
342, 1, 1636483757472, 1636483758115, 643, 254, 389, 0, 0, 0
343, 1, 1636483758116, 1636483758763, 647, 258, 389, 0, 0, 0
344, 1, 1636483758764, 1636483759415, 651, 254, 397, 0, 0, 0
345, 1, 1636483759416, 1636483760063, 647, 258, 389, 0, 0, 0
346, 1, 1636483760064, 1636483760727, 663, 254, 409, 0, 0, 0
347, 1, 1636483760728, 1636483761379, 651, 258, 393, 0, 0, 0
348, 1, 1636483761380, 1636483762035, 655, 262, 393, 0, 0, 0
349, 1, 1636483762036, 1636483762687, 651, 258, 393, 0, 0, 0
350, 1, 1636483762688, 1636483763339, 651, 258, 393, 0, 0, 0
351, 1, 1636483763340, 1636483763987, 647, 254, 393, 0, 0, 0
352, 1, 1636483763988, 1636483764639, 651, 258, 393, 0, 0, 0
353, 1, 1636483764640, 1636483765287, 647, 258, 389, 0, 0, 0
354, 1, 1636483765288, 1636483765931, 643, 254, 389, 0, 0, 0
355, 1, 1636483765932, 1636483766579, 647, 254, 393, 0, 0, 0
356, 1, 1636483766580, 1636483767239, 659, 266, 393, 0, 0, 0
357, 1, 1636483767240, 1636483767883, 643, 254, 389, 0, 0, 0
358, 1, 1636483767884, 1636483768527, 643, 250, 393, 0, 0, 0
359, 1, 1636483768528, 1636483769171, 643, 254, 389, 0, 0, 0
360, 1, 1636483769172, 1636483769819, 647, 254, 393, 0, 0, 0
361, 1, 1636483769820, 1636483770467, 647, 254, 393, 0, 0, 0
362, 1, 1636483770468, 1636483771119, 651, 255, 396, 0, 0, 0
363, 1, 1636483771120, 1636483771767, 647, 254, 393, 0, 0, 0
364, 1, 1636483771768, 1636483772419, 651, 258, 393, 0, 0, 0
365, 1, 1636483772420, 1636483773067, 647, 254, 393, 0, 0, 0
366, 1, 1636483773068, 1636483773711, 643, 254, 389, 0, 0, 0
367, 1, 1636483773712, 1636483774359, 647, 254, 393, 0, 0, 0
368, 1, 1636483774360, 1636483775007, 647, 254, 393, 0, 0, 0
369, 1, 1636483775008, 1636483775655, 647, 254, 393, 0, 0, 0
370, 1, 1636483775656, 1636483776303, 647, 254, 393, 0, 0, 0
371, 1, 1636483776304, 1636483776951, 647, 254, 393, 0, 0, 0
372, 1, 1636483776952, 1636483777603, 651, 258, 393, 0, 0, 0
373, 1, 1636483777604, 1636483778255, 651, 258, 393, 0, 0, 0
374, 1, 1636483778256, 1636483778903, 647, 254, 393, 0, 0, 0
375, 1, 1636483778904, 1636483779559, 655, 258, 397, 0, 0, 0
376, 1, 1636483779560, 1636483780215, 655, 262, 393, 0, 0, 0
377, 1, 1636483780216, 1636483780875, 659, 266, 393, 0, 0, 0
378, 1, 1636483780876, 1636483781527, 651, 258, 393, 0, 0, 0
379, 1, 1636483781528, 1636483782179, 651, 258, 393, 0, 0, 0
380, 1, 1636483782180, 1636483782827, 647, 254, 393, 0, 0, 0
381, 1, 1636483782828, 1636483783475, 647, 254, 393, 0, 0, 0
382, 1, 1636483783476, 1636483784122, 646, 254, 392, 0, 0, 0
383, 1, 1636483784123, 1636483784771, 648, 258, 390, 0, 0, 0
384, 1, 1636483784772, 1636483785427, 655, 258, 397, 0, 0, 0
385, 1, 1636483785428, 1636483786079, 651, 258, 393, 0, 0, 0
386, 1, 1636483786081, 1636483786731, 650, 258, 392, 0, 0, 0
387, 1, 1636483786732, 1636483787383, 651, 258, 393, 0, 0, 0
388, 1, 1636483787384, 1636483788031, 647, 254, 393, 0, 0, 0
389, 1, 1636483788032, 1636483788679, 647, 254, 393, 0, 0, 0
390, 1, 1636483788680, 1636483789327, 647, 258, 389, 0, 0, 0
391, 1, 1636483789328, 1636483789971, 643, 254, 389, 0, 0, 0
392, 1, 1636483789972, 1636483790627, 655, 258, 397, 0, 0, 0
393, 1, 1636483790628, 1636483791271, 643, 254, 389, 0, 0, 0
394, 1, 1636483791272, 1636483791919, 647, 258, 389, 0, 0, 0
395, 1, 1636483791920, 1636483792567, 647, 254, 393, 0, 0, 0
396, 1, 1636483792568, 1636483793219, 651, 258, 393, 0, 0, 0
397, 1, 1636483793220, 1636483793871, 651, 254, 397, 0, 0, 0
398, 1, 1636483793872, 1636483794515, 643, 254, 389, 0, 0, 0
399, 1, 1636483794516, 1636483795163, 647, 254, 393, 0, 0, 0
400, 1, 1636483795164, 1636483795811, 647, 259, 388, 0, 0, 0
