Xid, State, StartTime, EndTime, TransactionTime, ExecuteTime, CommunicationTime, ReadTime, WriteTime, DBTime
1, 1, 1636428084436, 1636428085207, 771, 412, 359, 0, 14, 14
2, 1, 1636428085299, 1636428085975, 676, 278, 398, 0, 1, 1
3, 1, 1636428086020, 1636428086699, 679, 278, 401, 0, 1, 1
4, 1, 1636428086743, 1636428087423, 680, 276, 404, 0, 0, 0
5, 1, 1636428087468, 1636428088143, 675, 278, 397, 0, 0, 0
6, 1, 1636428088187, 1636428088863, 676, 280, 396, 0, 1, 1
7, 1, 1636428088908, 1636428089583, 675, 276, 399, 0, 0, 0
8, 1, 1636428089627, 1636428090303, 676, 277, 399, 0, 1, 1
9, 1, 1636428090347, 1636428091031, 684, 273, 411, 0, 0, 0
10, 1, 1636428091075, 1636428091751, 676, 276, 400, 0, 0, 0
11, 1, 1636428091795, 1636428092471, 676, 276, 400, 0, 1, 1
12, 1, 1636428092516, 1636428093191, 675, 276, 399, 0, 0, 0
13, 1, 1636428093235, 1636428093910, 675, 275, 400, 0, 1, 1
14, 1, 1636428093640, 1636428094406, 766, 382, 384, 0, 2, 2
15, 1, 1636428093955, 1636428094631, 676, 276, 400, 0, 0, 0
16, 1, 1636428094474, 1636428095150, 676, 277, 399, 0, 0, 0
17, 1, 1636428094676, 1636428095351, 675, 276, 399, 0, 0, 0
18, 1, 1636428095196, 1636428095870, 674, 272, 402, 0, 0, 0
19, 1, 1636428095396, 1636428096071, 675, 275, 400, 0, 0, 0
20, 1, 1636428095916, 1636428096590, 674, 275, 399, 0, 1, 1
21, 1, 1636428096073, 1636428096706, 633, 274, 359, 0, 0, 0
22, 1, 1636428096592, 1636428097270, 678, 278, 400, 0, 0, 0
23, 1, 1636428096709, 1636428097335, 626, 276, 350, 0, 0, 0
24, 1, 1636428097273, 1636428097947, 674, 272, 402, 0, 0, 0
25, 1, 1636428097337, 1636428097975, 638, 275, 363, 0, 0, 0
27, 1, 1636428097977, 1636428098611, 634, 273, 361, 0, 0, 0
26, 1, 1636428097949, 1636428098622, 673, 272, 401, 0, 0, 0
28, 1, 1636428098613, 1636428099243, 630, 275, 355, 0, 0, 0
29, 1, 1636428098625, 1636428099294, 669, 271, 398, 0, 0, 0
30, 1, 1636428099245, 1636428099879, 634, 275, 359, 0, 0, 0
31, 1, 1636428099297, 1636428099982, 685, 274, 411, 0, 0, 0
32, 1, 1636428099883, 1636428100511, 628, 271, 357, 0, 0, 0
33, 1, 1636428099985, 1636428100658, 673, 274, 399, 0, 0, 0
34, 1, 1636428100513, 1636428101147, 634, 274, 360, 0, 0, 0
35, 1, 1636428100661, 1636428101342, 681, 273, 408, 0, 0, 0
36, 1, 1636428101149, 1636428101783, 634, 276, 358, 0, 0, 0
37, 1, 1636428101345, 1636428102014, 669, 273, 396, 0, 0, 0
38, 1, 1636428101785, 1636428102406, 621, 267, 354, 0, 0, 0
39, 1, 1636428101786, 1636428102582, 796, 398, 398, 0, 0, 0
40, 1, 1636428102016, 1636428102686, 670, 269, 401, 0, 0, 0
41, 1, 1636428102408, 1636428103039, 631, 277, 354, 0, 0, 0
42, 1, 1636428102648, 1636428103327, 679, 277, 402, 0, 1, 1
43, 1, 1636428102687, 1636428103362, 675, 274, 401, 0, 0, 0
44, 1, 1636428103041, 1636428103671, 630, 268, 362, 0, 0, 0
45, 1, 1636428103329, 1636428104010, 681, 277, 404, 0, 0, 0
46, 1, 1636428103364, 1636428104038, 674, 272, 402, 0, 1, 1
47, 1, 1636428103673, 1636428104302, 629, 269, 360, 0, 0, 0
48, 1, 1636428104013, 1636428104694, 681, 275, 406, 0, 0, 0
49, 1, 1636428104041, 1636428104718, 677, 273, 404, 0, 0, 0
50, 1, 1636428104304, 1636428104931, 627, 272, 355, 0, 0, 0
52, 1, 1636428104721, 1636428105350, 629, 274, 355, 0, 0, 0
51, 1, 1636428104696, 1636428105374, 678, 282, 396, 0, 0, 0
53, 1, 1636428104933, 1636428105570, 637, 274, 363, 0, 0, 0
54, 1, 1636428105353, 1636428105982, 629, 272, 357, 0, 0, 0
55, 1, 1636428105377, 1636428106054, 677, 276, 401, 0, 0, 0
56, 1, 1636428105571, 1636428106198, 627, 272, 355, 0, 0, 0
57, 1, 1636428105984, 1636428106610, 626, 274, 352, 0, 0, 0
58, 1, 1636428106057, 1636428106730, 673, 276, 397, 0, 0, 0
59, 1, 1636428106200, 1636428106838, 638, 279, 359, 0, 0, 0
60, 1, 1636428106612, 1636428107246, 634, 275, 359, 0, 0, 0
61, 1, 1636428106732, 1636428107406, 674, 278, 396, 0, 1, 1
62, 1, 1636428106841, 1636428107470, 629, 270, 359, 0, 0, 0
63, 1, 1636428107248, 1636428107886, 638, 277, 361, 0, 0, 0
64, 1, 1636428107409, 1636428108094, 685, 274, 411, 0, 0, 0
65, 1, 1636428107473, 1636428108095, 622, 270, 352, 0, 0, 0
66, 1, 1636428107889, 1636428108514, 625, 271, 354, 0, 0, 0
68, 1, 1636428108097, 1636428108731, 634, 275, 359, 0, 1, 1
67, 1, 1636428108096, 1636428108766, 670, 271, 399, 0, 0, 0
69, 1, 1636428108515, 1636428109146, 631, 273, 358, 0, 0, 0
70, 1, 1636428108733, 1636428109366, 633, 274, 359, 0, 0, 0
71, 1, 1636428108768, 1636428109442, 674, 276, 398, 0, 1, 1
72, 1, 1636428109148, 1636428109770, 622, 267, 355, 0, 1, 1
73, 1, 1636428109368, 1636428109998, 630, 271, 359, 0, 0, 0
74, 1, 1636428109444, 1636428110118, 674, 276, 398, 0, 1, 1
75, 1, 1636428109772, 1636428110398, 626, 271, 355, 0, 1, 1
76, 1, 1636428110000, 1636428110638, 638, 279, 359, 0, 0, 0
77, 1, 1636428110120, 1636428110794, 674, 274, 400, 0, 0, 0
78, 1, 1636428110401, 1636428111030, 629, 273, 356, 0, 0, 0
79, 1, 1636428110641, 1636428111270, 629, 276, 353, 0, 0, 0
80, 1, 1636428110796, 1636428111466, 670, 272, 398, 0, 0, 0
81, 1, 1636428111032, 1636428111662, 630, 274, 356, 0, 1, 1
82, 1, 1636428111272, 1636428111899, 627, 270, 357, 0, 0, 0
83, 1, 1636428111469, 1636428112146, 677, 275, 402, 0, 0, 0
84, 1, 1636428111665, 1636428112290, 625, 271, 354, 0, 0, 0
85, 1, 1636428111901, 1636428112530, 629, 271, 358, 0, 0, 0
86, 1, 1636428112149, 1636428112818, 669, 271, 398, 0, 1, 1
87, 1, 1636428112293, 1636428112926, 633, 274, 359, 0, 0, 0
88, 1, 1636428112532, 1636428113158, 626, 272, 354, 0, 0, 0
89, 1, 1636428112820, 1636428113450, 630, 274, 356, 0, 0, 0
90, 1, 1636428112928, 1636428113562, 634, 276, 358, 0, 1, 1
91, 1, 1636428113161, 1636428113794, 633, 276, 357, 0, 1, 1
92, 1, 1636428113452, 1636428114082, 630, 275, 355, 0, 0, 0
93, 1, 1636428113565, 1636428114190, 625, 269, 356, 0, 0, 0
94, 1, 1636428113796, 1636428114422, 626, 268, 358, 0, 0, 0
95, 1, 1636428114084, 1636428114710, 626, 275, 351, 0, 1, 1
96, 1, 1636428114193, 1636428114822, 629, 275, 354, 0, 0, 0
97, 1, 1636428114424, 1636428115050, 626, 270, 356, 0, 0, 0
98, 1, 1636428114712, 1636428115338, 626, 269, 357, 0, 0, 0
99, 1, 1636428114824, 1636428115454, 630, 270, 360, 0, 1, 1
100, 1, 1636428115052, 1636428115678, 626, 270, 356, 0, 0, 0
101, 1, 1636428115341, 1636428115958, 617, 267, 350, 0, 0, 0
102, 1, 1636428115456, 1636428116078, 622, 267, 355, 0, 0, 0
103, 1, 1636428115680, 1636428116306, 626, 271, 355, 0, 1, 1
104, 1, 1636428115960, 1636428116586, 626, 274, 352, 0, 1, 1
105, 1, 1636428116080, 1636428116706, 626, 270, 356, 0, 0, 0
106, 1, 1636428116308, 1636428116934, 626, 272, 354, 0, 1, 1
107, 1, 1636428116589, 1636428117214, 625, 270, 355, 0, 0, 0
108, 1, 1636428116707, 1636428117334, 627, 270, 357, 0, 0, 0
109, 1, 1636428116936, 1636428117566, 630, 276, 354, 0, 0, 0
110, 1, 1636428117216, 1636428117846, 630, 273, 357, 0, 0, 0
111, 1, 1636428117336, 1636428117966, 630, 273, 357, 0, 0, 0
112, 1, 1636428117568, 1636428118199, 631, 276, 355, 0, 1, 1
113, 1, 1636428117848, 1636428118478, 630, 275, 355, 0, 1, 1
114, 1, 1636428117968, 1636428118594, 626, 269, 357, 0, 0, 0
115, 1, 1636428118201, 1636428118830, 629, 270, 359, 0, 1, 1
116, 1, 1636428118480, 1636428119110, 630, 270, 360, 0, 1, 1
117, 1, 1636428118597, 1636428119226, 629, 274, 355, 0, 0, 0
118, 1, 1636428118832, 1636428119459, 627, 270, 357, 0, 0, 0
119, 1, 1636428119112, 1636428119742, 630, 275, 355, 0, 0, 0
120, 1, 1636428119229, 1636428119858, 629, 271, 358, 0, 0, 0
121, 1, 1636428119461, 1636428120090, 629, 275, 354, 0, 0, 0
122, 1, 1636428119745, 1636428120374, 629, 272, 357, 0, 0, 0
123, 1, 1636428119861, 1636428120486, 625, 270, 355, 0, 0, 0
124, 1, 1636428120092, 1636428120722, 630, 277, 353, 0, 0, 0
125, 1, 1636428120377, 1636428121014, 637, 283, 354, 0, 1, 1
126, 1, 1636428120489, 1636428121114, 625, 271, 354, 0, 1, 1
127, 1, 1636428120724, 1636428121355, 631, 274, 357, 0, 0, 0
128, 1, 1636428121017, 1636428121646, 629, 271, 358, 0, 0, 0
129, 1, 1636428121116, 1636428121742, 626, 269, 357, 0, 1, 1
130, 1, 1636428121357, 1636428121994, 637, 278, 359, 0, 0, 0
131, 1, 1636428121649, 1636428122278, 629, 272, 357, 0, 0, 0
132, 1, 1636428121744, 1636428122370, 626, 271, 355, 0, 1, 1
133, 1, 1636428121996, 1636428122626, 630, 276, 354, 0, 0, 0
134, 1, 1636428122281, 1636428122906, 625, 272, 353, 0, 0, 0
135, 1, 1636428122372, 1636428123002, 630, 271, 359, 0, 1, 1
136, 1, 1636428122628, 1636428123258, 630, 275, 355, 0, 0, 0
137, 1, 1636428122908, 1636428123538, 630, 276, 354, 0, 0, 0
138, 1, 1636428123005, 1636428123634, 629, 270, 359, 0, 0, 0
139, 1, 1636428123260, 1636428123886, 626, 270, 356, 0, 0, 0
140, 1, 1636428123540, 1636428124166, 626, 270, 356, 0, 1, 1
141, 1, 1636428123636, 1636428124266, 630, 271, 359, 0, 0, 0
142, 1, 1636428123888, 1636428124514, 626, 272, 354, 0, 2, 2
143, 1, 1636428124168, 1636428124798, 630, 273, 357, 0, 0, 0
144, 1, 1636428124269, 1636428124894, 625, 269, 356, 0, 0, 0
145, 1, 1636428124516, 1636428125146, 630, 275, 355, 0, 0, 0
146, 1, 1636428124800, 1636428125434, 634, 279, 355, 0, 1, 1
147, 1, 1636428124896, 1636428125526, 630, 274, 356, 0, 0, 0
148, 1, 1636428125148, 1636428125791, 643, 285, 358, 0, 0, 0
149, 1, 1636428125436, 1636428126066, 630, 275, 355, 0, 0, 0
150, 1, 1636428125529, 1636428126154, 625, 270, 355, 0, 0, 0
151, 1, 1636428125793, 1636428126418, 625, 272, 353, 0, 1, 1
152, 1, 1636428126068, 1636428126702, 634, 276, 358, 0, 0, 0
153, 1, 1636428126157, 1636428126778, 621, 265, 356, 0, 0, 0
154, 1, 1636428126419, 1636428127047, 628, 270, 358, 0, 0, 0
155, 1, 1636428126704, 1636428127330, 626, 270, 356, 0, 0, 0
156, 1, 1636428126780, 1636428127410, 630, 274, 356, 0, 0, 0
157, 1, 1636428127049, 1636428127682, 633, 274, 359, 0, 0, 0
158, 1, 1636428127332, 1636428127958, 626, 271, 355, 0, 0, 0
159, 1, 1636428127413, 1636428128038, 625, 270, 355, 0, 0, 0
160, 1, 1636428127684, 1636428128306, 622, 268, 354, 0, 0, 0
161, 1, 1636428127961, 1636428128590, 629, 275, 354, 0, 0, 0
162, 1, 1636428128041, 1636428128666, 625, 271, 354, 0, 0, 0
163, 1, 1636428128308, 1636428128938, 630, 276, 354, 0, 0, 0
164, 1, 1636428128591, 1636428129218, 627, 271, 356, 0, 0, 0
165, 1, 1636428128668, 1636428129298, 630, 274, 356, 0, 0, 0
166, 1, 1636428128940, 1636428129570, 630, 275, 355, 0, 0, 0
167, 1, 1636428129220, 1636428129850, 630, 274, 356, 0, 0, 0
168, 1, 1636428129300, 1636428129930, 630, 273, 357, 0, 0, 0
169, 1, 1636428129572, 1636428130190, 618, 271, 347, 0, 0, 0
170, 1, 1636428129852, 1636428130486, 634, 278, 356, 0, 0, 0
171, 1, 1636428129932, 1636428130558, 626, 271, 355, 0, 0, 0
172, 1, 1636428130192, 1636428130818, 626, 271, 355, 0, 0, 0
173, 1, 1636428130489, 1636428131118, 629, 274, 355, 0, 0, 0
174, 1, 1636428130560, 1636428131190, 630, 274, 356, 0, 0, 0
175, 1, 1636428130820, 1636428131446, 626, 270, 356, 0, 1, 1
176, 1, 1636428131120, 1636428131750, 630, 274, 356, 0, 1, 1
177, 1, 1636428131192, 1636428131818, 626, 270, 356, 0, 0, 0
178, 1, 1636428131448, 1636428132078, 630, 275, 355, 0, 0, 0
179, 1, 1636428131753, 1636428132382, 629, 273, 356, 0, 0, 0
180, 1, 1636428131821, 1636428132450, 629, 276, 353, 0, 0, 0
181, 1, 1636428132081, 1636428132710, 629, 271, 358, 0, 0, 0
182, 1, 1636428132385, 1636428133014, 629, 274, 355, 0, 1, 1
183, 1, 1636428132453, 1636428133078, 625, 271, 354, 0, 0, 0
184, 1, 1636428132712, 1636428133343, 631, 276, 355, 0, 0, 0
185, 1, 1636428133015, 1636428133654, 639, 275, 364, 0, 1, 1
186, 1, 1636428133080, 1636428133706, 626, 269, 357, 0, 0, 0
187, 1, 1636428133345, 1636428133958, 613, 263, 350, 0, 1, 1
188, 1, 1636428133656, 1636428134278, 622, 268, 354, 0, 0, 0
189, 1, 1636428133708, 1636428134338, 630, 270, 360, 0, 0, 0
190, 1, 1636428133960, 1636428134582, 622, 266, 356, 0, 1, 1
191, 1, 1636428134281, 1636428134910, 629, 274, 355, 0, 1, 1
192, 1, 1636428134341, 1636428134970, 629, 275, 354, 0, 1, 1
193, 1, 1636428134584, 1636428135210, 626, 271, 355, 0, 0, 0
194, 1, 1636428134912, 1636428135538, 626, 272, 354, 0, 0, 0
195, 1, 1636428134972, 1636428135606, 634, 278, 356, 0, 0, 0
196, 1, 1636428135212, 1636428135830, 618, 264, 354, 0, 0, 0
197, 1, 1636428135539, 1636428136166, 627, 270, 357, 0, 0, 0
198, 1, 1636428135607, 1636428136234, 627, 270, 357, 0, 0, 0
199, 1, 1636428135833, 1636428136458, 625, 272, 353, 0, 0, 0
200, 1, 1636428136168, 1636428136790, 622, 267, 355, 0, 1, 1
201, 1, 1636428136235, 1636428136858, 623, 266, 357, 0, 0, 0
202, 1, 1636428136459, 1636428137086, 627, 270, 357, 0, 0, 0
203, 1, 1636428136792, 1636428137422, 630, 274, 356, 0, 0, 0
204, 1, 1636428136860, 1636428137486, 626, 269, 357, 0, 0, 0
205, 1, 1636428137088, 1636428137718, 630, 275, 355, 0, 1, 1
206, 1, 1636428137424, 1636428138050, 626, 272, 354, 0, 0, 0
207, 1, 1636428137488, 1636428138118, 630, 274, 356, 0, 0, 0
208, 1, 1636428137719, 1636428138350, 631, 276, 355, 0, 0, 0
209, 1, 1636428138052, 1636428138682, 630, 272, 358, 0, 0, 0
210, 1, 1636428138120, 1636428138746, 626, 273, 353, 0, 0, 0
211, 1, 1636428138352, 1636428138982, 630, 276, 354, 0, 0, 0
212, 1, 1636428138684, 1636428139314, 630, 274, 356, 0, 1, 1
213, 1, 1636428138749, 1636428139374, 625, 269, 356, 0, 1, 1
214, 1, 1636428138984, 1636428139606, 622, 268, 354, 0, 0, 0
215, 1, 1636428139316, 1636428139942, 626, 274, 352, 0, 0, 0
216, 1, 1636428139377, 1636428140002, 625, 271, 354, 0, 0, 0
217, 1, 1636428139608, 1636428140226, 618, 268, 350, 0, 0, 0
218, 1, 1636428139944, 1636428140570, 626, 270, 356, 0, 0, 0
219, 1, 1636428140005, 1636428140638, 633, 276, 357, 0, 0, 0
220, 1, 1636428140228, 1636428140862, 634, 280, 354, 0, 0, 0
221, 1, 1636428140573, 1636428141198, 625, 270, 355, 0, 0, 0
222, 1, 1636428140640, 1636428141262, 622, 265, 357, 0, 0, 0
223, 1, 1636428140864, 1636428141494, 630, 274, 356, 0, 1, 1
224, 1, 1636428141200, 1636428141826, 626, 270, 356, 0, 0, 0
225, 1, 1636428141264, 1636428141890, 626, 270, 356, 0, 0, 0
226, 1, 1636428141496, 1636428142122, 626, 271, 355, 0, 0, 0
227, 1, 1636428141828, 1636428142454, 626, 270, 356, 0, 0, 0
228, 1, 1636428141893, 1636428142518, 625, 269, 356, 0, 0, 0
229, 1, 1636428142124, 1636428142750, 626, 271, 355, 0, 0, 0
230, 1, 1636428142457, 1636428143078, 621, 267, 354, 0, 1, 1
231, 1, 1636428142520, 1636428143146, 626, 271, 355, 0, 0, 0
232, 1, 1636428142752, 1636428143382, 630, 275, 355, 0, 0, 0
233, 1, 1636428143080, 1636428143710, 630, 275, 355, 0, 1, 1
234, 1, 1636428143149, 1636428143782, 633, 278, 355, 0, 0, 0
235, 1, 1636428143384, 1636428144011, 627, 270, 357, 0, 0, 0
236, 1, 1636428143712, 1636428144338, 626, 272, 354, 0, 1, 1
237, 1, 1636428143785, 1636428144414, 629, 274, 355, 0, 0, 0
238, 1, 1636428144012, 1636428144634, 622, 267, 355, 0, 1, 1
239, 1, 1636428144340, 1636428144966, 626, 271, 355, 0, 0, 0
240, 1, 1636428144416, 1636428145042, 626, 271, 355, 0, 0, 0
241, 1, 1636428144636, 1636428145266, 630, 276, 354, 0, 0, 0
242, 1, 1636428144968, 1636428145598, 630, 276, 354, 0, 1, 1
243, 1, 1636428145043, 1636428145670, 627, 271, 356, 0, 0, 0
244, 1, 1636428145268, 1636428145894, 626, 268, 358, 0, 0, 0
245, 1, 1636428145600, 1636428146230, 630, 274, 356, 0, 0, 0
246, 1, 1636428145672, 1636428146298, 626, 269, 357, 0, 0, 0
247, 1, 1636428145896, 1636428146522, 626, 266, 360, 0, 0, 0
248, 1, 1636428146232, 1636428146854, 622, 272, 350, 0, 0, 0
249, 1, 1636428146301, 1636428146934, 633, 278, 355, 0, 0, 0
250, 1, 1636428146524, 1636428147150, 626, 269, 357, 0, 0, 0
251, 1, 1636428146856, 1636428147482, 626, 271, 355, 0, 0, 0
252, 1, 1636428146936, 1636428147562, 626, 270, 356, 0, 0, 0
253, 1, 1636428147152, 1636428147762, 610, 262, 348, 0, 1, 1
254, 1, 1636428147483, 1636428148098, 615, 263, 352, 0, 0, 0
255, 1, 1636428147563, 1636428148186, 623, 263, 360, 0, 0, 0
256, 1, 1636428147763, 1636428148390, 627, 271, 356, 0, 0, 0
257, 1, 1636428148099, 1636428148726, 627, 268, 359, 0, 0, 0
258, 1, 1636428148189, 1636428148814, 625, 270, 355, 0, 0, 0
259, 1, 1636428148391, 1636428149018, 627, 271, 356, 0, 1, 1
260, 1, 1636428148729, 1636428149358, 629, 274, 355, 0, 0, 0
261, 1, 1636428148816, 1636428149442, 626, 270, 356, 0, 0, 0
262, 1, 1636428149020, 1636428149650, 630, 275, 355, 0, 0, 0
263, 1, 1636428149360, 1636428149990, 630, 273, 357, 0, 0, 0
264, 1, 1636428149444, 1636428150074, 630, 272, 358, 0, 1, 1
265, 1, 1636428149652, 1636428150282, 630, 279, 351, 0, 0, 0
266, 1, 1636428149992, 1636428150618, 626, 271, 355, 0, 1, 1
267, 1, 1636428150076, 1636428150702, 626, 270, 356, 0, 1, 1
268, 1, 1636428150285, 1636428150914, 629, 276, 353, 0, 1, 1
269, 1, 1636428150620, 1636428151250, 630, 269, 361, 0, 0, 0
270, 1, 1636428150704, 1636428151330, 626, 271, 355, 0, 1, 1
271, 1, 1636428150917, 1636428151550, 633, 274, 359, 0, 0, 0
272, 1, 1636428151251, 1636428151874, 623, 270, 353, 0, 1, 1
273, 1, 1636428151332, 1636428151962, 630, 273, 357, 0, 0, 0
274, 1, 1636428151552, 1636428152182, 630, 274, 356, 0, 0, 0
275, 1, 1636428151875, 1636428152506, 631, 273, 358, 0, 0, 0
276, 1, 1636428151965, 1636428152590, 625, 269, 356, 0, 0, 0
277, 1, 1636428152184, 1636428152810, 626, 272, 354, 0, 0, 0
278, 1, 1636428152508, 1636428153138, 630, 271, 359, 0, 0, 0
279, 1, 1636428152592, 1636428153218, 626, 271, 355, 0, 0, 0
280, 1, 1636428152812, 1636428153434, 622, 265, 357, 0, 0, 0
281, 1, 1636428153140, 1636428153774, 634, 274, 360, 0, 0, 0
282, 1, 1636428153220, 1636428153850, 630, 276, 354, 0, 0, 0
283, 1, 1636428153436, 1636428154062, 626, 272, 354, 0, 0, 0
284, 1, 1636428153776, 1636428154398, 622, 266, 356, 0, 0, 0
285, 1, 1636428153853, 1636428154482, 629, 274, 355, 0, 2, 2
286, 1, 1636428154063, 1636428154694, 631, 274, 357, 0, 0, 0
287, 1, 1636428154400, 1636428155026, 626, 273, 353, 0, 0, 0
288, 1, 1636428154484, 1636428155110, 626, 270, 356, 0, 1, 1
289, 1, 1636428154695, 1636428155322, 627, 271, 356, 0, 1, 1
290, 1, 1636428155029, 1636428155650, 621, 267, 354, 0, 0, 0
291, 1, 1636428155112, 1636428155742, 630, 274, 356, 0, 0, 0
292, 1, 1636428155324, 1636428155954, 630, 276, 354, 0, 0, 0
293, 1, 1636428155652, 1636428156282, 630, 276, 354, 0, 0, 0
294, 1, 1636428155744, 1636428156374, 630, 273, 357, 0, 0, 0
295, 1, 1636428155956, 1636428156575, 619, 268, 351, 0, 1, 1
296, 1, 1636428156284, 1636428156914, 630, 274, 356, 0, 0, 0
297, 1, 1636428156375, 1636428157002, 627, 269, 358, 0, 0, 0
298, 1, 1636428156576, 1636428157206, 630, 275, 355, 0, 0, 0
299, 1, 1636428156916, 1636428157542, 626, 271, 355, 0, 1, 1
300, 1, 1636428157004, 1636428157634, 630, 273, 357, 0, 0, 0
301, 1, 1636428157207, 1636428157822, 615, 262, 353, 0, 0, 0
302, 1, 1636428157544, 1636428158174, 630, 275, 355, 0, 0, 0
303, 1, 1636428157636, 1636428158266, 630, 274, 356, 0, 1, 1
304, 1, 1636428157824, 1636428158438, 614, 260, 354, 0, 0, 0
305, 1, 1636428158176, 1636428158798, 622, 271, 351, 0, 0, 0
306, 1, 1636428158268, 1636428158898, 630, 271, 359, 0, 0, 0
307, 1, 1636428158439, 1636428159070, 631, 273, 358, 0, 0, 0
308, 1, 1636428158800, 1636428159426, 626, 271, 355, 0, 0, 0
309, 1, 1636428158901, 1636428159526, 625, 269, 356, 0, 0, 0
310, 1, 1636428159072, 1636428159702, 630, 275, 355, 0, 0, 0
311, 1, 1636428159428, 1636428160058, 630, 271, 359, 0, 0, 0
312, 1, 1636428159528, 1636428160154, 626, 269, 357, 0, 1, 1
313, 1, 1636428159704, 1636428160326, 622, 271, 351, 0, 0, 0
314, 1, 1636428160060, 1636428160682, 622, 271, 351, 0, 1, 1
315, 1, 1636428160157, 1636428160786, 629, 269, 360, 0, 0, 0
316, 1, 1636428160328, 1636428160958, 630, 275, 355, 0, 1, 1
317, 1, 1636428160684, 1636428161310, 626, 270, 356, 0, 0, 0
318, 1, 1636428160788, 1636428161418, 630, 268, 362, 0, 0, 0
319, 1, 1636428160960, 1636428161590, 630, 274, 356, 0, 1, 1
320, 1, 1636428161312, 1636428161942, 630, 274, 356, 0, 1, 1
321, 1, 1636428161420, 1636428162046, 626, 269, 357, 0, 0, 0
322, 1, 1636428161592, 1636428162223, 631, 274, 357, 0, 0, 0
323, 1, 1636428161944, 1636428162574, 630, 276, 354, 0, 0, 0
324, 1, 1636428162048, 1636428162678, 630, 273, 357, 0, 1, 1
325, 1, 1636428162224, 1636428162850, 626, 270, 356, 0, 0, 0
326, 1, 1636428162576, 1636428163206, 630, 274, 356, 0, 0, 0
327, 1, 1636428162680, 1636428163310, 630, 269, 361, 0, 0, 0
328, 1, 1636428162852, 1636428163478, 626, 271, 355, 0, 0, 0
329, 1, 1636428163208, 1636428163838, 630, 276, 354, 0, 0, 0
330, 1, 1636428163312, 1636428163942, 630, 269, 361, 0, 1, 1
331, 1, 1636428163479, 1636428164110, 631, 274, 357, 0, 0, 0
332, 1, 1636428163841, 1636428164470, 629, 273, 356, 0, 0, 0
333, 1, 1636428163944, 1636428164570, 626, 270, 356, 0, 1, 1
334, 1, 1636428164112, 1636428164734, 622, 267, 355, 0, 1, 1
335, 1, 1636428164471, 1636428165098, 627, 269, 358, 0, 0, 0
336, 1, 1636428164572, 1636428165202, 630, 274, 356, 0, 1, 1
337, 1, 1636428164736, 1636428165362, 626, 272, 354, 0, 0, 0
338, 1, 1636428165101, 1636428165730, 629, 274, 355, 0, 0, 0
339, 1, 1636428165205, 1636428165830, 625, 270, 355, 0, 1, 1
340, 1, 1636428165365, 1636428165998, 633, 275, 358, 0, 0, 0
341, 1, 1636428165732, 1636428166358, 626, 270, 356, 0, 0, 0
342, 1, 1636428165832, 1636428166458, 626, 271, 355, 0, 1, 1
343, 1, 1636428166000, 1636428166618, 618, 266, 352, 0, 0, 0
344, 1, 1636428166361, 1636428166994, 633, 275, 358, 0, 1, 1
345, 1, 1636428166460, 1636428167086, 626, 271, 355, 0, 0, 0
346, 1, 1636428166620, 1636428167250, 630, 275, 355, 0, 1, 1
347, 1, 1636428166996, 1636428167622, 626, 270, 356, 0, 1, 1
348, 1, 1636428167088, 1636428167718, 630, 270, 360, 0, 0, 0
349, 1, 1636428167252, 1636428167878, 626, 273, 353, 0, 1, 1
350, 1, 1636428167625, 1636428168258, 633, 278, 355, 0, 0, 0
351, 1, 1636428167720, 1636428168350, 630, 274, 356, 0, 0, 0
352, 1, 1636428167880, 1636428168502, 622, 267, 355, 0, 1, 1
353, 1, 1636428168260, 1636428168890, 630, 271, 359, 0, 1, 1
354, 1, 1636428168352, 1636428168982, 630, 272, 358, 0, 0, 0
355, 1, 1636428168504, 1636428169130, 626, 270, 356, 0, 0, 0
356, 1, 1636428168892, 1636428169522, 630, 276, 354, 0, 1, 1
357, 1, 1636428168984, 1636428169610, 626, 269, 357, 0, 0, 0
358, 1, 1636428169132, 1636428169754, 622, 267, 355, 0, 0, 0
359, 1, 1636428169524, 1636428170150, 626, 269, 357, 0, 0, 0
360, 1, 1636428169613, 1636428170238, 625, 269, 356, 0, 1, 1
361, 1, 1636428169756, 1636428170378, 622, 270, 352, 0, 1, 1
362, 1, 1636428170152, 1636428170782, 630, 273, 357, 0, 0, 0
363, 1, 1636428170241, 1636428170866, 625, 269, 356, 0, 0, 0
364, 1, 1636428170379, 1636428171002, 623, 270, 353, 0, 0, 0
365, 1, 1636428170784, 1636428171410, 626, 271, 355, 0, 0, 0
366, 1, 1636428170869, 1636428171494, 625, 269, 356, 0, 1, 1
367, 1, 1636428171004, 1636428171634, 630, 272, 358, 0, 0, 0
368, 1, 1636428171412, 1636428172046, 634, 274, 360, 0, 0, 0
369, 1, 1636428171496, 1636428172122, 626, 271, 355, 0, 0, 0
370, 1, 1636428171636, 1636428172266, 630, 274, 356, 0, 0, 0
371, 1, 1636428172048, 1636428172670, 622, 267, 355, 0, 0, 0
372, 1, 1636428172124, 1636428172750, 626, 269, 357, 0, 0, 0
373, 1, 1636428172268, 1636428172890, 622, 265, 357, 0, 0, 0
374, 1, 1636428172672, 1636428173310, 638, 277, 361, 0, 0, 0
375, 1, 1636428172752, 1636428173374, 622, 267, 355, 0, 1, 1
376, 1, 1636428172892, 1636428173515, 623, 267, 356, 0, 0, 0
377, 1, 1636428173312, 1636428173938, 626, 270, 356, 0, 1, 1
378, 1, 1636428173377, 1636428174002, 625, 270, 355, 0, 0, 0
379, 1, 1636428173517, 1636428174138, 621, 264, 357, 0, 0, 0
380, 1, 1636428173940, 1636428174574, 634, 276, 358, 0, 1, 1
381, 1, 1636428174005, 1636428174634, 629, 273, 356, 0, 0, 0
382, 1, 1636428174140, 1636428174762, 622, 263, 359, 0, 1, 1
383, 1, 1636428174576, 1636428175202, 626, 271, 355, 0, 0, 0
384, 1, 1636428174636, 1636428175262, 626, 270, 356, 0, 0, 0
385, 1, 1636428174763, 1636428175379, 616, 260, 356, 0, 1, 1
386, 1, 1636428175205, 1636428175834, 629, 274, 355, 0, 0, 0
387, 1, 1636428175264, 1636428175894, 630, 269, 361, 0, 1, 1
388, 1, 1636428175381, 1636428176014, 633, 273, 360, 0, 0, 0
389, 1, 1636428175836, 1636428176462, 626, 272, 354, 0, 1, 1
390, 1, 1636428175897, 1636428176530, 633, 279, 354, 0, 1, 1
391, 1, 1636428176016, 1636428176638, 622, 267, 355, 0, 1, 1
392, 1, 1636428176464, 1636428177090, 626, 271, 355, 0, 0, 0
393, 1, 1636428176532, 1636428177154, 622, 267, 355, 0, 0, 0
394, 1, 1636428176640, 1636428177274, 634, 276, 358, 0, 0, 0
395, 1, 1636428177092, 1636428177718, 626, 271, 355, 0, 0, 0
396, 1, 1636428177156, 1636428177786, 630, 273, 357, 0, 0, 0
397, 1, 1636428177275, 1636428177906, 631, 273, 358, 0, 0, 0
398, 1, 1636428177720, 1636428178342, 622, 272, 350, 0, 0, 0
399, 1, 1636428177789, 1636428178414, 625, 271, 354, 0, 1, 1
400, 1, 1636428177909, 1636428178534, 625, 268, 357, 0, 0, 0
401, 1, 1636428178344, 1636428178970, 626, 267, 359, 0, 0, 0
402, 1, 1636428178416, 1636428179038, 622, 270, 352, 0, 0, 0
403, 1, 1636428178536, 1636428179154, 618, 264, 354, 0, 1, 1
404, 1, 1636428178971, 1636428179602, 631, 271, 360, 0, 0, 0
405, 1, 1636428179040, 1636428179666, 626, 270, 356, 0, 0, 0
406, 1, 1636428179156, 1636428179782, 626, 272, 354, 0, 0, 0
407, 1, 1636428179604, 1636428180222, 618, 266, 352, 0, 0, 0
408, 1, 1636428179668, 1636428180286, 618, 275, 343, 0, 0, 0
409, 1, 1636428179784, 1636428180402, 618, 266, 352, 0, 0, 0
410, 1, 1636428180223, 1636428180846, 623, 271, 352, 0, 0, 0
411, 1, 1636428180288, 1636428180910, 622, 267, 355, 0, 1, 1
412, 1, 1636428180404, 1636428181022, 618, 263, 355, 0, 0, 0
413, 1, 1636428180848, 1636428181474, 626, 271, 355, 0, 1, 1
414, 1, 1636428180912, 1636428181530, 618, 263, 355, 0, 0, 0
415, 1, 1636428181024, 1636428181646, 622, 268, 354, 0, 0, 0
416, 1, 1636428181476, 1636428182106, 630, 270, 360, 0, 0, 0
417, 1, 1636428181532, 1636428182158, 626, 271, 355, 0, 0, 0
418, 1, 1636428181648, 1636428182270, 622, 266, 356, 0, 0, 0
419, 1, 1636428182108, 1636428182738, 630, 271, 359, 0, 0, 0
420, 1, 1636428182160, 1636428182786, 626, 269, 357, 0, 0, 0
421, 1, 1636428182272, 1636428182890, 618, 263, 355, 0, 0, 0
422, 1, 1636428182740, 1636428183366, 626, 271, 355, 0, 0, 0
423, 1, 1636428182788, 1636428183414, 626, 269, 357, 0, 0, 0
424, 1, 1636428182893, 1636428183514, 621, 266, 355, 0, 0, 0
425, 1, 1636428183368, 1636428183994, 626, 269, 357, 0, 0, 0
426, 1, 1636428183416, 1636428184042, 626, 270, 356, 0, 0, 0
427, 1, 1636428183515, 1636428184146, 631, 269, 362, 0, 0, 0
428, 1, 1636428183996, 1636428184626, 630, 272, 358, 0, 0, 0
429, 1, 1636428184044, 1636428184674, 630, 273, 357, 0, 0, 0
430, 1, 1636428184148, 1636428184770, 622, 265, 357, 0, 0, 0
431, 1, 1636428184628, 1636428185254, 626, 271, 355, 0, 1, 1
432, 1, 1636428184676, 1636428185302, 626, 269, 357, 0, 0, 0
433, 1, 1636428184772, 1636428185398, 626, 271, 355, 0, 0, 0
434, 1, 1636428185256, 1636428185886, 630, 274, 356, 0, 0, 0
435, 1, 1636428185304, 1636428185934, 630, 271, 359, 0, 1, 1
436, 1, 1636428185400, 1636428186018, 618, 267, 351, 0, 1, 1
437, 1, 1636428185888, 1636428186514, 626, 271, 355, 0, 1, 1
438, 1, 1636428185936, 1636428186562, 626, 270, 356, 0, 0, 0
439, 1, 1636428186020, 1636428186638, 618, 266, 352, 0, 0, 0
440, 1, 1636428186516, 1636428187158, 642, 281, 361, 0, 0, 0
441, 1, 1636428186564, 1636428187190, 626, 270, 356, 0, 1, 1
442, 1, 1636428186640, 1636428187274, 634, 275, 359, 0, 0, 0
443, 1, 1636428187160, 1636428187786, 626, 271, 355, 0, 0, 0
444, 1, 1636428187191, 1636428187826, 635, 269, 366, 0, 0, 0
445, 1, 1636428187276, 1636428187906, 630, 275, 355, 0, 0, 0
446, 1, 1636428187788, 1636428188414, 626, 269, 357, 0, 0, 0
447, 1, 1636428187828, 1636428188458, 630, 273, 357, 0, 0, 0
448, 1, 1636428187908, 1636428188538, 630, 275, 355, 0, 1, 1
449, 1, 1636428188416, 1636428189046, 630, 274, 356, 0, 0, 0
450, 1, 1636428188460, 1636428189086, 626, 269, 357, 0, 0, 0
451, 1, 1636428188540, 1636428189170, 630, 274, 356, 0, 0, 0
452, 1, 1636428189048, 1636428189678, 630, 271, 359, 0, 1, 1
453, 1, 1636428189088, 1636428189718, 630, 273, 357, 0, 0, 0
454, 1, 1636428189172, 1636428189802, 630, 273, 357, 0, 0, 0
455, 1, 1636428189680, 1636428190310, 630, 271, 359, 0, 1, 1
456, 1, 1636428189720, 1636428190346, 626, 268, 358, 0, 0, 0
457, 1, 1636428189804, 1636428190426, 622, 270, 352, 0, 1, 1
458, 1, 1636428190311, 1636428190942, 631, 272, 359, 0, 1, 1
459, 1, 1636428190348, 1636428190974, 626, 269, 357, 0, 0, 0
460, 1, 1636428190428, 1636428191054, 626, 272, 354, 0, 1, 1
461, 1, 1636428190945, 1636428191566, 621, 271, 350, 0, 0, 0
462, 1, 1636428190977, 1636428191598, 621, 267, 354, 0, 0, 0
463, 1, 1636428191056, 1636428191678, 622, 267, 355, 0, 1, 1
464, 1, 1636428191568, 1636428192198, 630, 275, 355, 0, 1, 1
465, 1, 1636428191600, 1636428192226, 626, 269, 357, 0, 0, 0
466, 1, 1636428191680, 1636428192298, 618, 267, 351, 0, 0, 0
467, 1, 1636428192199, 1636428192830, 631, 274, 357, 0, 1, 1
468, 1, 1636428192228, 1636428192862, 634, 277, 357, 0, 0, 0
469, 1, 1636428192300, 1636428192922, 622, 268, 354, 0, 0, 0
470, 1, 1636428192831, 1636428193458, 627, 269, 358, 0, 0, 0
471, 1, 1636428192864, 1636428193490, 626, 270, 356, 0, 1, 1
472, 1, 1636428192924, 1636428193554, 630, 274, 356, 0, 0, 0
473, 1, 1636428193460, 1636428194094, 634, 275, 359, 0, 1, 1
474, 1, 1636428193492, 1636428194118, 626, 270, 356, 0, 0, 0
475, 1, 1636428193556, 1636428194182, 626, 270, 356, 0, 1, 1
476, 1, 1636428194096, 1636428194726, 630, 271, 359, 0, 0, 0
477, 1, 1636428194120, 1636428194746, 626, 269, 357, 0, 0, 0
478, 1, 1636428194184, 1636428194802, 618, 262, 356, 0, 0, 0
479, 1, 1636428194728, 1636428195350, 622, 268, 354, 0, 0, 0
480, 1, 1636428194748, 1636428195374, 626, 269, 357, 0, 0, 0
481, 1, 1636428194804, 1636428195434, 630, 274, 356, 0, 0, 0
482, 1, 1636428195352, 1636428195994, 642, 281, 361, 0, 0, 0
483, 1, 1636428195376, 1636428196002, 626, 269, 357, 0, 0, 0
484, 1, 1636428195436, 1636428196066, 630, 275, 355, 0, 0, 0
485, 1, 1636428195996, 1636428196622, 626, 270, 356, 0, 0, 0
486, 1, 1636428196005, 1636428196630, 625, 271, 354, 0, 0, 0
487, 1, 1636428196069, 1636428196698, 629, 273, 356, 0, 0, 0
488, 1, 1636428196624, 1636428197250, 626, 270, 356, 0, 0, 0
489, 1, 1636428196632, 1636428197262, 630, 273, 357, 0, 0, 0
490, 1, 1636428196700, 1636428197322, 622, 268, 354, 0, 0, 0
491, 1, 1636428197252, 1636428197886, 634, 278, 356, 0, 0, 0
492, 1, 1636428197264, 1636428197890, 626, 271, 355, 0, 1, 1
493, 1, 1636428197325, 1636428197954, 629, 274, 355, 0, 0, 0
494, 1, 1636428197888, 1636428198514, 626, 271, 355, 0, 1, 1
495, 1, 1636428197892, 1636428198526, 634, 275, 359, 0, 0, 0
496, 1, 1636428197956, 1636428198578, 622, 271, 351, 0, 0, 0
497, 1, 1636428198516, 1636428199142, 626, 275, 351, 0, 0, 0
498, 1, 1636428198528, 1636428199150, 622, 265, 357, 0, 0, 0
499, 1, 1636428198579, 1636428199206, 627, 270, 357, 0, 0, 0
500, 1, 1636428199144, 1636428199774, 630, 275, 355, 0, 0, 0
501, 1, 1636428199152, 1636428199774, 622, 267, 355, 0, 1, 1
502, 1, 1636428199209, 1636428199830, 621, 267, 354, 0, 0, 0
504, 1, 1636428199776, 1636428200398, 622, 266, 356, 0, 0, 0
503, 1, 1636428199776, 1636428200410, 634, 270, 364, 0, 0, 0
505, 1, 1636428199833, 1636428200462, 629, 274, 355, 0, 0, 0
506, 1, 1636428200400, 1636428201022, 622, 270, 352, 0, 0, 0
507, 1, 1636428200412, 1636428201038, 626, 270, 356, 0, 0, 0
508, 1, 1636428200464, 1636428201090, 626, 270, 356, 0, 1, 1
509, 1, 1636428201024, 1636428201650, 626, 270, 356, 0, 0, 0
510, 1, 1636428201040, 1636428201670, 630, 275, 355, 0, 0, 0
511, 1, 1636428201092, 1636428201718, 626, 270, 356, 0, 0, 0
512, 1, 1636428201652, 1636428202282, 630, 273, 357, 0, 0, 0
513, 1, 1636428201672, 1636428202298, 626, 269, 357, 0, 0, 0
514, 1, 1636428201720, 1636428202346, 626, 270, 356, 0, 0, 0
515, 1, 1636428202284, 1636428202910, 626, 271, 355, 0, 0, 0
516, 1, 1636428202300, 1636428202922, 622, 267, 355, 0, 1, 1
517, 1, 1636428202348, 1636428202970, 622, 267, 355, 0, 0, 0
518, 1, 1636428202912, 1636428203538, 626, 269, 357, 0, 1, 1
519, 1, 1636428202924, 1636428203550, 626, 270, 356, 0, 1, 1
520, 1, 1636428202972, 1636428203590, 618, 264, 354, 0, 2, 2
521, 1, 1636428203540, 1636428204166, 626, 269, 357, 0, 0, 0
522, 1, 1636428203552, 1636428204182, 630, 273, 357, 0, 0, 0
523, 1, 1636428203592, 1636428204222, 630, 275, 355, 0, 0, 0
524, 1, 1636428204168, 1636428204794, 626, 270, 356, 0, 0, 0
525, 1, 1636428204184, 1636428204810, 626, 269, 357, 0, 0, 0
526, 1, 1636428204224, 1636428204846, 622, 267, 355, 0, 0, 0
527, 1, 1636428204796, 1636428205418, 622, 269, 353, 0, 0, 0
528, 1, 1636428204812, 1636428205438, 626, 273, 353, 0, 0, 0
529, 1, 1636428204848, 1636428205474, 626, 270, 356, 0, 0, 0
530, 1, 1636428205419, 1636428206050, 631, 274, 357, 0, 0, 0
531, 1, 1636428205440, 1636428206062, 622, 269, 353, 0, 0, 0
532, 1, 1636428205476, 1636428206098, 622, 268, 354, 0, 0, 0
533, 1, 1636428206052, 1636428206674, 622, 267, 355, 0, 0, 0
534, 1, 1636428206064, 1636428206694, 630, 271, 359, 0, 0, 0
535, 1, 1636428206101, 1636428206722, 621, 267, 354, 0, 0, 0
536, 1, 1636428206676, 1636428207302, 626, 270, 356, 0, 0, 0
537, 1, 1636428206696, 1636428207326, 630, 274, 356, 0, 1, 1
538, 1, 1636428206724, 1636428207358, 634, 274, 360, 0, 0, 0
539, 1, 1636428207304, 1636428207934, 630, 273, 357, 0, 1, 1
540, 1, 1636428207328, 1636428207954, 626, 270, 356, 0, 1, 1
541, 1, 1636428207360, 1636428207990, 630, 274, 356, 0, 1, 1
542, 1, 1636428207935, 1636428208562, 627, 269, 358, 0, 0, 0
543, 1, 1636428207956, 1636428208582, 626, 271, 355, 0, 0, 0
544, 1, 1636428207992, 1636428208614, 622, 266, 356, 0, 0, 0
545, 1, 1636428208564, 1636428209190, 626, 269, 357, 0, 0, 0
546, 1, 1636428208584, 1636428209202, 618, 268, 350, 0, 1, 1
547, 1, 1636428208616, 1636428209242, 626, 270, 356, 0, 0, 0
548, 1, 1636428209192, 1636428209818, 626, 269, 357, 0, 0, 0
549, 1, 1636428209204, 1636428209834, 630, 275, 355, 0, 0, 0
550, 1, 1636428209244, 1636428209874, 630, 274, 356, 0, 0, 0
551, 1, 1636428209820, 1636428210446, 626, 269, 357, 0, 0, 0
552, 1, 1636428209836, 1636428210474, 638, 282, 356, 0, 0, 0
553, 1, 1636428209876, 1636428210498, 622, 266, 356, 0, 0, 0
554, 1, 1636428210448, 1636428211074, 626, 269, 357, 0, 1, 1
555, 1, 1636428210476, 1636428211110, 634, 273, 361, 0, 0, 0
556, 1, 1636428210500, 1636428211126, 626, 270, 356, 0, 0, 0
557, 1, 1636428211076, 1636428211702, 626, 270, 356, 0, 0, 0
558, 1, 1636428211112, 1636428211742, 630, 274, 356, 0, 0, 0
559, 1, 1636428211128, 1636428211746, 618, 260, 358, 0, 0, 0
560, 1, 1636428211704, 1636428212334, 630, 273, 357, 0, 1, 1
561, 1, 1636428211744, 1636428212370, 626, 269, 357, 0, 0, 0
562, 1, 1636428212336, 1636428212966, 630, 273, 357, 0, 0, 0
563, 1, 1636428212372, 1636428212998, 626, 271, 355, 0, 0, 0
564, 1, 1636428212968, 1636428213590, 622, 270, 352, 0, 0, 0
565, 1, 1636428213000, 1636428213630, 630, 274, 356, 0, 0, 0
566, 1, 1636428213592, 1636428214218, 626, 271, 355, 0, 0, 0
567, 1, 1636428213632, 1636428214262, 630, 276, 354, 0, 0, 0
568, 1, 1636428214220, 1636428214850, 630, 273, 357, 0, 1, 1
569, 1, 1636428214265, 1636428214894, 629, 273, 356, 0, 0, 0
570, 1, 1636428214852, 1636428215478, 626, 269, 357, 0, 0, 0
571, 1, 1636428214896, 1636428215526, 630, 273, 357, 0, 0, 0
572, 1, 1636428215480, 1636428216106, 626, 269, 357, 0, 1, 1
573, 1, 1636428215528, 1636428216150, 622, 266, 356, 0, 0, 0
574, 1, 1636428216108, 1636428216734, 626, 268, 358, 0, 0, 0
575, 1, 1636428216152, 1636428216782, 630, 275, 355, 0, 0, 0
576, 1, 1636428216736, 1636428217366, 630, 274, 356, 0, 0, 0
577, 1, 1636428216784, 1636428217406, 622, 266, 356, 0, 0, 0
578, 1, 1636428217368, 1636428217994, 626, 269, 357, 0, 0, 0
579, 1, 1636428217408, 1636428218038, 630, 274, 356, 0, 1, 1
580, 1, 1636428217996, 1636428218626, 630, 273, 357, 0, 0, 0
581, 1, 1636428218039, 1636428218666, 627, 271, 356, 0, 0, 0
582, 1, 1636428218627, 1636428219254, 627, 270, 357, 0, 0, 0
583, 1, 1636428218668, 1636428219298, 630, 274, 356, 0, 1, 1
584, 1, 1636428219256, 1636428219882, 626, 270, 356, 0, 1, 1
585, 1, 1636428219300, 1636428219926, 626, 271, 355, 0, 1, 1
586, 1, 1636428219884, 1636428220510, 626, 269, 357, 0, 0, 0
587, 1, 1636428219928, 1636428220554, 626, 274, 352, 0, 0, 0
588, 1, 1636428220556, 1636428221186, 630, 274, 356, 0, 0, 0
589, 1, 1636428221189, 1636428221814, 625, 269, 356, 0, 0, 0
590, 1, 1636428221816, 1636428222446, 630, 274, 356, 0, 0, 0
591, 1, 1636428222448, 1636428223078, 630, 274, 356, 0, 1, 1
592, 1, 1636428223080, 1636428223710, 630, 274, 356, 0, 0, 0
593, 1, 1636428223712, 1636428224342, 630, 273, 357, 0, 0, 0
594, 1, 1636428224344, 1636428224974, 630, 274, 356, 0, 0, 0
595, 1, 1636428224976, 1636428225602, 626, 269, 357, 0, 0, 0
596, 1, 1636428225605, 1636428226234, 629, 273, 356, 0, 0, 0
597, 1, 1636428226237, 1636428226870, 633, 274, 359, 0, 0, 0
598, 1, 1636428226872, 1636428227502, 630, 274, 356, 0, 0, 0
599, 1, 1636428227504, 1636428228134, 630, 274, 356, 0, 0, 0
600, 1, 1636428228136, 1636428228762, 626, 269, 357, 0, 0, 0
601, 1, 1636428331072, 1636428331955, 883, 345, 538, 6, 0, 6
602, 1, 1636428332174, 1636428332982, 808, 276, 532, 2, 1, 3
603, 1, 1636428332730, 1636428333542, 812, 275, 537, 0, 1, 1
604, 1, 1636428332979, 1636428333774, 795, 268, 527, 1, 0, 1
605, 1, 1636428333746, 1636428334550, 804, 268, 536, 0, 2, 2
606, 1, 1636428334172, 1636428334978, 806, 274, 532, 1, 1, 2
607, 1, 1636428334454, 1636428335262, 808, 276, 532, 1, 1, 2
608, 1, 1636428334729, 1636428335534, 805, 273, 532, 1, 1, 2
609, 1, 1636428334875, 1636428335674, 799, 271, 528, 0, 1, 1
610, 1, 1636428335230, 1636428336038, 808, 267, 541, 0, 1, 1
611, 1, 1636428335655, 1636428336462, 807, 271, 536, 0, 1, 1
612, 1, 1636428336055, 1636428336858, 803, 275, 528, 0, 1, 1
613, 1, 1636428336330, 1636428337142, 812, 271, 541, 3, 0, 3
614, 1, 1636428336363, 1636428337162, 799, 271, 528, 0, 2, 2
615, 1, 1636428336612, 1636428337414, 802, 271, 531, 1, 1, 2
616, 1, 1636428336778, 1636428337574, 796, 273, 523, 0, 1, 1
617, 1, 1636428336978, 1636428337654, 676, 274, 402, 1, 1, 2
618, 1, 1636428337095, 1636428337770, 675, 272, 403, 0, 1, 1
619, 1, 1636428337462, 1636428338178, 716, 267, 449, 0, 0, 0
620, 1, 1636428337539, 1636428338214, 675, 269, 406, 0, 0, 0
621, 1, 1636428338068, 1636428338738, 670, 271, 399, 0, 1, 1
622, 1, 1636428338110, 1636428338830, 720, 276, 444, 0, 0, 0
623, 1, 1636428338193, 1636428338878, 685, 279, 406, 0, 2, 2
624, 1, 1636428338246, 1636428338906, 660, 266, 394, 1, 1, 2
625, 1, 1636428338626, 1636428339306, 680, 272, 408, 0, 0, 0
626, 1, 1636428338682, 1636428339350, 668, 273, 395, 1, 1, 2
627, 1, 1636428339013, 1636428339690, 677, 271, 406, 0, 0, 0
628, 1, 1636428339094, 1636428339770, 676, 270, 406, 1, 2, 3
629, 1, 1636428339307, 1636428339970, 663, 270, 393, 0, 0, 0
630, 1, 1636428339570, 1636428340242, 672, 270, 402, 2, 1, 3
631, 1, 1636428339598, 1636428340330, 732, 273, 459, 0, 2, 2
632, 1, 1636428340003, 1636428340678, 675, 273, 402, 1, 1, 2
633, 1, 1636428340087, 1636428340754, 667, 266, 401, 1, 0, 1
634, 1, 1636428340186, 1636428340858, 672, 274, 398, 1, 0, 1
635, 1, 1636428340337, 1636428341006, 669, 271, 398, 1, 0, 1
636, 1, 1636428340499, 1636428341218, 719, 268, 451, 0, 0, 0
637, 1, 1636428340664, 1636428341330, 666, 270, 396, 1, 0, 1
638, 1, 1636428340733, 1636428341414, 681, 274, 407, 2, 0, 2
639, 1, 1636428340973, 1636428341650, 677, 270, 407, 0, 0, 0
641, 1, 1636428341043, 1636428341710, 667, 262, 405, 0, 0, 0
640, 1, 1636428341014, 1636428341722, 708, 264, 444, 0, 0, 0
642, 1, 1636428341289, 1636428341958, 669, 269, 400, 1, 0, 1
643, 1, 1636428341519, 1636428342194, 675, 270, 405, 0, 1, 1
644, 1, 1636428341563, 1636428342282, 719, 275, 444, 0, 1, 1
645, 1, 1636428341685, 1636428342362, 677, 274, 403, 1, 0, 1
646, 1, 1636428341921, 1636428342590, 669, 273, 396, 0, 0, 0
647, 1, 1636428342064, 1636428342730, 666, 267, 399, 0, 2, 2
648, 1, 1636428342178, 1636428342850, 672, 271, 401, 0, 2, 2
649, 1, 1636428342388, 1636428343054, 666, 271, 395, 0, 2, 2
650, 1, 1636428342453, 1636428343126, 673, 273, 400, 2, 0, 2
651, 1, 1636428342602, 1636428343322, 720, 272, 448, 1, 2, 3
652, 1, 1636428342656, 1636428343322, 666, 268, 398, 0, 1, 1
653, 1, 1636428342756, 1636428343426, 670, 275, 395, 0, 2, 2
654, 1, 1636428342851, 1636428343526, 675, 275, 400, 0, 1, 1
655, 1, 1636428342986, 1636428343658, 672, 268, 404, 0, 0, 0
656, 1, 1636428343072, 1636428343746, 674, 271, 403, 1, 0, 1
657, 1, 1636428343210, 1636428343974, 764, 310, 454, 0, 0, 0
658, 1, 1636428343319, 1636428343998, 679, 270, 409, 1, 0, 1
659, 1, 1636428343437, 1636428344106, 669, 266, 403, 0, 0, 0
660, 1, 1636428343453, 1636428344114, 661, 266, 395, 1, 0, 1
661, 1, 1636428343563, 1636428344246, 683, 276, 407, 1, 0, 1
662, 1, 1636428343951, 1636428344626, 675, 274, 401, 0, 2, 2
663, 1, 1636428344054, 1636428344786, 732, 278, 454, 1, 0, 1
665, 1, 1636428344294, 1636428344970, 676, 274, 402, 0, 0, 0
666, 1, 1636428344331, 1636428345002, 671, 270, 401, 0, 1, 1
667, 1, 1636428344369, 1636428345042, 673, 274, 399, 0, 1, 1
664, 1, 1636428344098, 1636428345058, 960, 562, 398, 0, 0, 0
668, 1, 1636428344488, 1636428345158, 670, 271, 399, 0, 1, 1
669, 1, 1636428344689, 1636428345366, 677, 274, 403, 1, 0, 1
671, 1, 1636428344770, 1636428345430, 660, 263, 397, 1, 0, 1
672, 1, 1636428344872, 1636428345530, 658, 266, 392, 0, 1, 1
673, 1, 1636428344950, 1636428345630, 680, 270, 410, 0, 0, 0
670, 1, 1636428344714, 1636428345690, 976, 524, 452, 1, 0, 1
674, 1, 1636428345056, 1636428345726, 670, 274, 396, 1, 0, 1
675, 1, 1636428345160, 1636428345830, 670, 272, 398, 0, 1, 1
676, 1, 1636428345346, 1636428346050, 704, 265, 439, 0, 1, 1
678, 1, 1636428345436, 1636428346098, 662, 268, 394, 0, 0, 0
677, 1, 1636428345435, 1636428346106, 671, 270, 401, 0, 0, 0
679, 1, 1636428345467, 1636428346142, 675, 273, 402, 2, 0, 2
680, 1, 1636428345684, 1636428346362, 678, 274, 404, 3, 0, 3
682, 1, 1636428345975, 1636428346646, 671, 269, 402, 0, 0, 0
681, 1, 1636428345890, 1636428346682, 792, 346, 446, 0, 1, 1
683, 1, 1636428346068, 1636428346746, 678, 275, 403, 0, 1, 1
684, 1, 1636428346145, 1636428346814, 669, 269, 400, 0, 0, 0
685, 1, 1636428346173, 1636428346842, 669, 270, 399, 0, 2, 2
686, 1, 1636428346343, 1636428347006, 663, 271, 392, 2, 1, 3
687, 1, 1636428346399, 1636428347074, 675, 271, 404, 1, 1, 2
688, 1, 1636428346407, 1636428347082, 675, 270, 405, 0, 0, 0
689, 1, 1636428346614, 1636428347290, 676, 274, 402, 1, 0, 1
690, 1, 1636428346761, 1636428347422, 661, 271, 390, 2, 1, 3
691, 1, 1636428346788, 1636428347454, 666, 271, 395, 0, 1, 1
692, 1, 1636428346861, 1636428347510, 649, 256, 393, 0, 2, 2
693, 1, 1636428347072, 1636428347738, 666, 270, 396, 0, 1, 1
694, 1, 1636428347079, 1636428347754, 675, 271, 404, 0, 0, 0
695, 1, 1636428347111, 1636428347774, 663, 264, 399, 0, 0, 0
696, 1, 1636428347198, 1636428347878, 680, 279, 401, 2, 0, 2
697, 1, 1636428347371, 1636428348038, 667, 269, 398, 0, 1, 1
698, 1, 1636428347464, 1636428348134, 670, 270, 400, 1, 0, 1
699, 1, 1636428347584, 1636428348262, 678, 277, 401, 0, 1, 1
701, 1, 1636428347755, 1636428348426, 671, 270, 401, 1, 0, 1
700, 1, 1636428347747, 1636428348426, 679, 273, 406, 1, 1, 2
702, 1, 1636428347894, 1636428348566, 672, 269, 403, 1, 0, 1
703, 1, 1636428347946, 1636428348614, 668, 270, 398, 0, 0, 0
704, 1, 1636428348162, 1636428348834, 672, 270, 402, 2, 1, 3
705, 1, 1636428348184, 1636428348858, 674, 270, 404, 0, 0, 0
707, 1, 1636428348440, 1636428349106, 666, 268, 398, 0, 0, 0
706, 1, 1636428348436, 1636428349106, 670, 269, 401, 0, 0, 0
708, 1, 1636428348515, 1636428349182, 667, 270, 397, 0, 0, 0
709, 1, 1636428348533, 1636428349210, 677, 274, 403, 2, 0, 2
710, 1, 1636428348777, 1636428349438, 661, 267, 394, 0, 1, 1
711, 1, 1636428348821, 1636428349490, 669, 270, 399, 0, 1, 1
712, 1, 1636428348884, 1636428349566, 682, 278, 404, 1, 1, 2
713, 1, 1636428349093, 1636428349766, 673, 270, 403, 0, 0, 0
714, 1, 1636428349109, 1636428349774, 665, 271, 394, 0, 1, 1
715, 1, 1636428349168, 1636428349838, 670, 275, 395, 1, 1, 2
716, 1, 1636428349211, 1636428349878, 667, 270, 397, 1, 1, 2
717, 1, 1636428349404, 1636428350070, 666, 269, 397, 0, 0, 0
718, 1, 1636428349462, 1636428350134, 672, 270, 402, 1, 0, 1
719, 1, 1636428349580, 1636428350250, 670, 270, 400, 1, 0, 1
720, 1, 1636428349642, 1636428350318, 676, 273, 403, 0, 0, 0
721, 1, 1636428349810, 1636428350478, 668, 270, 398, 1, 1, 2
722, 1, 1636428349924, 1636428350598, 674, 271, 403, 1, 2, 3
723, 1, 1636428349979, 1636428350642, 663, 269, 394, 1, 0, 1
724, 1, 1636428350219, 1636428350890, 671, 275, 396, 1, 1, 2
725, 1, 1636428350256, 1636428350926, 670, 276, 394, 0, 2, 2
727, 1, 1636428350455, 1636428351130, 675, 273, 402, 0, 1, 1
726, 1, 1636428350451, 1636428351142, 691, 283, 408, 1, 0, 1
728, 1, 1636428350553, 1636428351222, 669, 271, 398, 0, 0, 0
729, 1, 1636428350563, 1636428351230, 667, 270, 397, 0, 0, 0
730, 1, 1636428350807, 1636428351478, 671, 269, 402, 1, 0, 1
731, 1, 1636428350876, 1636428351546, 670, 269, 401, 1, 0, 1
732, 1, 1636428350918, 1636428351586, 668, 274, 394, 1, 1, 2
733, 1, 1636428351123, 1636428351790, 667, 271, 396, 0, 0, 0
734, 1, 1636428351138, 1636428351802, 664, 270, 394, 1, 1, 2
735, 1, 1636428351179, 1636428351846, 667, 271, 396, 1, 1, 2
736, 1, 1636428351223, 1636428351894, 671, 271, 400, 1, 2, 3
737, 1, 1636428351458, 1636428352118, 660, 262, 398, 0, 0, 0
738, 1, 1636428351474, 1636428352142, 668, 270, 398, 2, 0, 2
739, 1, 1636428351500, 1636428352162, 662, 265, 397, 1, 0, 1
740, 1, 1636428351672, 1636428352350, 678, 273, 405, 0, 0, 0
741, 1, 1636428351910, 1636428352582, 672, 272, 400, 0, 0, 0
742, 1, 1636428352041, 1636428352722, 681, 279, 402, 0, 2, 2
743, 1, 1636428352075, 1636428352726, 651, 265, 386, 1, 0, 1
744, 1, 1636428352178, 1636428352854, 676, 271, 405, 1, 0, 1
745, 1, 1636428352311, 1636428352986, 675, 269, 406, 0, 0, 0
746, 1, 1636428352431, 1636428353114, 683, 269, 414, 0, 1, 1
747, 1, 1636428352512, 1636428353178, 666, 270, 396, 0, 0, 0
748, 1, 1636428352517, 1636428353194, 677, 271, 406, 1, 1, 2
749, 1, 1636428352591, 1636428353258, 667, 270, 397, 0, 0, 0
750, 1, 1636428352819, 1636428353478, 659, 266, 393, 0, 0, 0
751, 1, 1636428352834, 1636428353502, 668, 270, 398, 0, 1, 1
752, 1, 1636428352934, 1636428353602, 668, 270, 398, 0, 0, 0
753, 1, 1636428353069, 1636428353742, 673, 270, 403, 1, 1, 2
754, 1, 1636428353073, 1636428353742, 669, 274, 395, 0, 0, 0
755, 1, 1636428353153, 1636428353818, 665, 270, 395, 0, 0, 0
756, 1, 1636428353281, 1636428353950, 669, 270, 399, 0, 0, 0
757, 1, 1636428353492, 1636428354162, 670, 271, 399, 0, 0, 0
758, 1, 1636428353516, 1636428354178, 662, 266, 396, 0, 1, 1
759, 1, 1636428353570, 1636428354234, 664, 264, 400, 0, 0, 0
760, 1, 1636428353788, 1636428354454, 666, 267, 399, 2, 2, 4
761, 1, 1636428353869, 1636428354542, 673, 271, 402, 1, 3, 4
762, 1, 1636428353965, 1636428354634, 669, 270, 399, 0, 2, 2
763, 1, 1636428354064, 1636428354738, 674, 271, 403, 1, 1, 2
764, 1, 1636428354170, 1636428354838, 668, 274, 394, 0, 0, 0
765, 1, 1636428354368, 1636428355046, 678, 283, 395, 0, 0, 0
766, 1, 1636428354479, 1636428355162, 683, 278, 405, 3, 0, 3
767, 1, 1636428354526, 1636428355194, 668, 267, 401, 1, 0, 1
768, 1, 1636428354552, 1636428355222, 670, 274, 396, 0, 0, 0
769, 1, 1636428354587, 1636428355262, 675, 267, 408, 0, 1, 1
770, 1, 1636428354724, 1636428355390, 666, 271, 395, 2, 2, 4
771, 1, 1636428354879, 1636428355554, 675, 272, 403, 1, 1, 2
772, 1, 1636428354995, 1636428355666, 671, 266, 405, 1, 0, 1
773, 1, 1636428355034, 1636428355702, 668, 270, 398, 0, 0, 0
774, 1, 1636428355089, 1636428355750, 661, 266, 395, 1, 0, 1
775, 1, 1636428355106, 1636428355774, 668, 266, 402, 0, 0, 0
776, 1, 1636428355239, 1636428355934, 695, 298, 397, 1, 0, 1
777, 1, 1636428355564, 1636428356234, 670, 270, 400, 0, 1, 1
778, 1, 1636428355587, 1636428356258, 671, 270, 401, 0, 0, 0
779, 1, 1636428355616, 1636428356286, 670, 270, 400, 1, 1, 2
780, 1, 1636428355723, 1636428356394, 671, 269, 402, 0, 0, 0
781, 1, 1636428355755, 1636428356430, 675, 271, 404, 2, 0, 2
782, 1, 1636428355977, 1636428356646, 669, 271, 398, 0, 1, 1
783, 1, 1636428355990, 1636428356662, 672, 271, 401, 1, 1, 2
784, 1, 1636428356270, 1636428356946, 676, 275, 401, 1, 2, 3
785, 1, 1636428356327, 1636428356994, 667, 269, 398, 0, 0, 0
786, 1, 1636428356363, 1636428357034, 671, 273, 398, 2, 1, 3
787, 1, 1636428356559, 1636428357238, 679, 274, 405, 0, 0, 0
788, 1, 1636428356623, 1636428357289, 666, 268, 398, 0, 2, 2
789, 1, 1636428356642, 1636428357310, 668, 266, 402, 1, 1, 2
790, 1, 1636428356643, 1636428357310, 667, 266, 401, 1, 0, 1
791, 1, 1636428356933, 1636428357602, 669, 274, 395, 1, 1, 2
792, 1, 1636428357001, 1636428357662, 661, 266, 395, 1, 0, 1
793, 1, 1636428357019, 1636428357690, 671, 273, 398, 0, 0, 0
795, 1, 1636428357121, 1636428357790, 669, 267, 402, 0, 0, 0
794, 1, 1636428357117, 1636428357790, 673, 265, 408, 0, 0, 0
796, 1, 1636428357203, 1636428357870, 667, 266, 401, 0, 1, 1
797, 1, 1636428357576, 1636428358254, 678, 279, 399, 2, 1, 3
798, 1, 1636428357618, 1636428358286, 668, 270, 398, 0, 0, 0
799, 1, 1636428357645, 1636428358326, 681, 274, 407, 1, 1, 2
801, 1, 1636428357735, 1636428358410, 675, 272, 403, 2, 1, 3
800, 1, 1636428357682, 1636428358546, 864, 454, 410, 0, 1, 1
802, 1, 1636428358016, 1636428358678, 662, 266, 396, 0, 0, 0
803, 1, 1636428358047, 1636428358722, 675, 270, 405, 2, 1, 3
804, 1, 1636428358216, 1636428358890, 674, 274, 400, 1, 2, 3
805, 1, 1636428358229, 1636428358898, 669, 269, 400, 0, 1, 1
806, 1, 1636428358291, 1636428359174, 883, 490, 393, 0, 0, 0
807, 1, 1636428358631, 1636428359302, 671, 274, 397, 0, 0, 0
808, 1, 1636428358639, 1636428359318, 679, 273, 406, 0, 0, 0
809, 1, 1636428358671, 1636428359342, 671, 269, 402, 0, 1, 1
810, 1, 1636428358742, 1636428359414, 672, 270, 402, 0, 0, 0
811, 1, 1636428358890, 1636428359562, 672, 270, 402, 0, 1, 1
812, 1, 1636428358901, 1636428359590, 689, 274, 415, 1, 1, 2
813, 1, 1636428359033, 1636428359702, 669, 270, 399, 1, 1, 2
814, 1, 1636428359044, 1636428359718, 674, 270, 404, 1, 0, 1
815, 1, 1636428359218, 1636428359886, 668, 267, 401, 0, 1, 1
816, 1, 1636428359219, 1636428359894, 675, 271, 404, 0, 0, 0
817, 1, 1636428359462, 1636428360130, 668, 270, 398, 1, 0, 1
818, 1, 1636428359519, 1636428360190, 671, 272, 399, 0, 0, 0
819, 1, 1636428359719, 1636428360382, 663, 268, 395, 1, 1, 2
820, 1, 1636428359742, 1636428360418, 676, 270, 406, 0, 0, 0
821, 1, 1636428359806, 1636428360486, 680, 275, 405, 0, 1, 1
822, 1, 1636428359995, 1636428360666, 671, 270, 401, 2, 1, 3
823, 1, 1636428360103, 1636428360774, 671, 269, 402, 2, 0, 2
824, 1, 1636428360115, 1636428360786, 671, 274, 397, 1, 0, 1
825, 1, 1636428360143, 1636428360810, 667, 271, 396, 0, 0, 0
826, 1, 1636428360290, 1636428360954, 664, 265, 399, 0, 1, 1
827, 1, 1636428360553, 1636428361234, 681, 274, 407, 1, 0, 1
830, 1, 1636428360702, 1636428361362, 660, 263, 397, 1, 0, 1
828, 1, 1636428360687, 1636428361362, 675, 270, 405, 0, 0, 0
829, 1, 1636428360696, 1636428361366, 670, 266, 404, 1, 0, 1
831, 1, 1636428360818, 1636428361646, 828, 431, 397, 1, 0, 1
833, 1, 1636428361014, 1636428361678, 664, 266, 398, 1, 0, 1
834, 1, 1636428361068, 1636428361746, 678, 274, 404, 0, 0, 0
835, 1, 1636428361235, 1636428361902, 667, 274, 393, 0, 0, 0
832, 1, 1636428360992, 1636428361926, 934, 534, 400, 0, 0, 0
836, 1, 1636428361276, 1636428361938, 662, 270, 392, 2, 0, 2
838, 1, 1636428361406, 1636428362074, 668, 266, 402, 0, 1, 1
839, 1, 1636428361624, 1636428362298, 674, 269, 405, 0, 0, 0
841, 1, 1636428361924, 1636428362598, 674, 278, 396, 0, 1, 1
842, 1, 1636428362016, 1636428362702, 686, 280, 406, 0, 0, 0
844, 1, 1636428362159, 1636428362838, 679, 269, 410, 0, 0, 0
845, 1, 1636428362170, 1636428362850, 680, 274, 406, 1, 1, 2
846, 1, 1636428362270, 1636428362942, 672, 274, 398, 0, 1, 1
847, 1, 1636428362591, 1636428363266, 675, 271, 404, 2, 1, 3
849, 1, 1636428362666, 1636428363342, 676, 269, 407, 0, 0, 0
850, 1, 1636428362743, 1636428363422, 679, 274, 405, 0, 1, 1
851, 1, 1636428362840, 1636428363502, 662, 270, 392, 1, 0, 1
852, 1, 1636428362941, 1636428363610, 669, 270, 399, 2, 0, 2
853, 1, 1636428362951, 1636428363634, 683, 279, 404, 0, 1, 1
854, 1, 1636428362954, 1636428363638, 684, 280, 404, 0, 1, 1
857, 1, 1636428363335, 1636428364002, 667, 266, 401, 0, 0, 0
858, 1, 1636428363646, 1636428364322, 676, 275, 401, 0, 0, 0
859, 1, 1636428363919, 1636428364586, 667, 270, 397, 1, 0, 1
860, 1, 1636428363982, 1636428364646, 664, 266, 398, 0, 1, 1
861, 1, 1636428364114, 1636428364782, 668, 265, 403, 0, 0, 0
863, 1, 1636428364291, 1636428364958, 667, 270, 397, 0, 1, 1
865, 1, 1636428364601, 1636428365274, 673, 270, 403, 0, 0, 0
867, 1, 1636428364820, 1636428365482, 662, 270, 392, 0, 0, 0
869, 1, 1636428364915, 1636428365590, 675, 272, 403, 0, 0, 0
870, 1, 1636428365064, 1636428365730, 666, 270, 396, 1, 1, 2
872, 1, 1636428365581, 1636428366258, 677, 274, 403, 0, 1, 1
873, 1, 1636428365891, 1636428366562, 671, 272, 399, 0, 0, 0
875, 1, 1636428366206, 1636428366882, 676, 271, 405, 3, 1, 4
876, 1, 1636428366217, 1636428366898, 681, 274, 407, 1, 0, 1
877, 1, 1636428366473, 1636428367146, 673, 269, 404, 0, 0, 0
878, 1, 1636428366911, 1636428367582, 671, 269, 402, 0, 0, 0
879, 1, 1636428366987, 1636428367654, 667, 269, 398, 0, 1, 1
880, 1, 1636428366990, 1636428367662, 672, 270, 402, 2, 0, 2
881, 1, 1636428367453, 1636428368126, 673, 269, 404, 1, 1, 2
882, 1, 1636428367964, 1636428368630, 666, 271, 395, 0, 1, 1
883, 1, 1636428368117, 1636428368790, 673, 271, 402, 0, 0, 0
884, 1, 1636428368141, 1636428368814, 673, 270, 403, 0, 1, 1
885, 1, 1636428368545, 1636428369222, 677, 273, 404, 1, 0, 1
886, 1, 1636428368846, 1636428369510, 664, 268, 396, 0, 0, 0
887, 1, 1636428368862, 1636428369534, 672, 270, 402, 1, 0, 1
888, 1, 1636428369049, 1636428369722, 673, 270, 403, 2, 1, 3
889, 1, 1636428369525, 1636428370202, 677, 273, 404, 0, 1, 1
890, 1, 1636428370014, 1636428370682, 668, 272, 396, 1, 2, 3
891, 1, 1636428370027, 1636428370698, 671, 274, 397, 1, 0, 1
892, 1, 1636428370189, 1636428370858, 669, 270, 399, 1, 1, 2
893, 1, 1636428370580, 1636428371246, 666, 270, 396, 1, 1, 2
894, 1, 1636428370820, 1636428371482, 662, 271, 391, 2, 1, 3
895, 1, 1636428370935, 1636428371610, 675, 274, 401, 0, 1, 1
896, 1, 1636428370991, 1636428371658, 667, 269, 398, 0, 0, 0
837, 2, 1636428361380, 1636428371848, 10468, 236, 10232, 0, 0, 0
840, 2, 1636428361685, 1636428371893, 10208, 0, 10208, 0, 0, 0
843, 2, 1636428362042, 1636428372221, 10179, 1, 10178, 0, 0, 0
897, 1, 1636428371559, 1636428372342, 783, 381, 402, 0, 111, 111
898, 1, 1636428371970, 1636428372670, 700, 300, 400, 1, 28, 29
899, 1, 1636428372042, 1636428372758, 716, 270, 446, 0, 0, 0
900, 1, 1636428372085, 1636428372762, 677, 271, 406, 1, 1, 2
848, 2, 1636428362656, 1636428372834, 10178, 1, 10177, 0, 0, 0
901, 1, 1636428372253, 1636428372906, 653, 259, 394, 1, 0, 1
902, 1, 1636428372493, 1636428373194, 701, 294, 407, 0, 33, 33
855, 2, 1636428363244, 1636428373417, 10173, 0, 10173, 0, 0, 0
856, 2, 1636428363324, 1636428373502, 10178, 1, 10177, 1, 0, 1
903, 1, 1636428372908, 1636428373574, 666, 270, 396, 1, 0, 1
904, 1, 1636428372941, 1636428373614, 673, 269, 404, 0, 0, 0
905, 1, 1636428372968, 1636428373634, 666, 266, 400, 0, 0, 0
906, 1, 1636428373557, 1636428374238, 681, 273, 408, 1, 0, 1
862, 2, 1636428364120, 1636428374298, 10178, 1, 10177, 0, 1, 1
907, 1, 1636428373943, 1636428374654, 711, 312, 399, 1, 47, 48
864, 2, 1636428364518, 1636428374697, 10179, 0, 10179, 0, 0, 0
910, 1, 1636428374167, 1636428374842, 675, 271, 404, 0, 1, 1
909, 1, 1636428374121, 1636428374842, 721, 272, 449, 3, 1, 4
908, 1, 1636428374120, 1636428374842, 722, 272, 450, 1, 1, 2
866, 2, 1636428364703, 1636428374882, 10179, 1, 10178, 0, 1, 1
868, 2, 1636428364900, 1636428375077, 10177, 1, 10176, 0, 1, 1
911, 1, 1636428374466, 1636428375150, 684, 284, 400, 0, 21, 21
871, 2, 1636428365302, 1636428375478, 10176, 1, 10175, 0, 1, 1
912, 1, 1636428374882, 1636428375550, 668, 270, 398, 0, 0, 0
913, 1, 1636428374887, 1636428375562, 675, 273, 402, 1, 0, 1
914, 1, 1636428374975, 1636428375642, 667, 270, 397, 0, 2, 2
874, 2, 1636428365948, 1636428376126, 10178, 1, 10177, 0, 1, 1
915, 1, 1636428375527, 1636428376198, 671, 270, 401, 0, 1, 1
916, 1, 1636428375856, 1636428376526, 670, 270, 400, 1, 1, 2
917, 1, 1636428376014, 1636428376682, 668, 270, 398, 1, 1, 2
918, 1, 1636428376126, 1636428376802, 676, 271, 405, 1, 1, 2
919, 1, 1636428376127, 1636428376958, 831, 430, 401, 1, 0, 1
920, 1, 1636428376318, 1636428377030, 712, 271, 441, 1, 0, 1
921, 1, 1636428376452, 1636428377118, 666, 270, 396, 1, 0, 1
922, 1, 1636428376781, 1636428377454, 673, 270, 403, 1, 1, 2
923, 1, 1636428376800, 1636428377478, 678, 273, 405, 1, 1, 2
924, 1, 1636428376889, 1636428377562, 673, 272, 401, 0, 0, 0
925, 1, 1636428377500, 1636428378178, 678, 279, 399, 1, 0, 1
926, 1, 1636428377749, 1636428378418, 669, 270, 399, 0, 0, 0
927, 1, 1636428377935, 1636428378602, 667, 271, 396, 0, 0, 0
928, 1, 1636428378014, 1636428378678, 664, 270, 394, 1, 0, 1
929, 1, 1636428378074, 1636428378742, 668, 271, 397, 3, 1, 4
930, 1, 1636428378382, 1636428379054, 672, 273, 399, 0, 2, 2
931, 1, 1636428378384, 1636428379054, 670, 273, 397, 1, 1, 2
932, 1, 1636428378773, 1636428379446, 673, 270, 403, 0, 0, 0
933, 1, 1636428378835, 1636428379502, 667, 270, 397, 0, 1, 1
934, 1, 1636428378884, 1636428379554, 670, 274, 396, 0, 1, 1
935, 1, 1636428379373, 1636428380046, 673, 270, 403, 0, 1, 1
936, 1, 1636428379805, 1636428380478, 673, 272, 401, 0, 0, 0
937, 1, 1636428379945, 1636428380614, 669, 268, 401, 1, 0, 1
938, 1, 1636428379971, 1636428380634, 663, 269, 394, 0, 1, 1
939, 1, 1636428380053, 1636428380722, 669, 271, 398, 1, 0, 1
940, 1, 1636428380438, 1636428381106, 668, 270, 398, 1, 1, 2
941, 1, 1636428380489, 1636428381158, 669, 270, 399, 1, 0, 1
942, 1, 1636428380664, 1636428381334, 670, 274, 396, 1, 0, 1
943, 1, 1636428380857, 1636428381530, 673, 269, 404, 1, 0, 1
944, 1, 1636428380898, 1636428381566, 668, 270, 398, 1, 0, 1
945, 1, 1636428381429, 1636428382102, 673, 270, 403, 1, 1, 2
946, 1, 1636428381844, 1636428382514, 670, 273, 397, 1, 0, 1
947, 1, 1636428381984, 1636428382650, 666, 267, 399, 1, 0, 1
949, 1, 1636428382001, 1636428382678, 677, 267, 410, 0, 0, 0
959, 1, 1636428382039, 1636428382706, 667, 272, 395, 1, 1, 2
948, 1, 1636428381998, 1636428382710, 712, 270, 442, 2, 0, 2
953, 1, 1636428382003, 1636428382710, 707, 264, 443, 0, 0, 0
960, 1, 1636428382495, 1636428383162, 667, 271, 396, 1, 0, 1
961, 1, 1636428382501, 1636428383174, 673, 271, 402, 2, 0, 2
962, 1, 1636428382720, 1636428383386, 666, 269, 397, 0, 0, 0
963, 1, 1636428382749, 1636428383418, 669, 275, 394, 2, 0, 2
964, 1, 1636428382778, 1636428383450, 672, 270, 402, 0, 0, 0
965, 1, 1636428383468, 1636428384142, 674, 274, 400, 1, 1, 2
966, 1, 1636428383769, 1636428384442, 673, 270, 403, 1, 2, 3
967, 1, 1636428384040, 1636428384702, 662, 270, 392, 1, 1, 2
968, 1, 1636428384060, 1636428384730, 670, 269, 401, 0, 1, 1
969, 1, 1636428384082, 1636428384750, 668, 262, 406, 0, 1, 1
970, 1, 1636428384101, 1636428384766, 665, 268, 397, 0, 0, 0
971, 1, 1636428384137, 1636428384794, 657, 266, 391, 0, 0, 0
972, 1, 1636428384427, 1636428385102, 675, 266, 409, 1, 1, 2
973, 1, 1636428384494, 1636428385162, 668, 266, 402, 1, 0, 1
975, 1, 1636428384784, 1636428385458, 674, 270, 404, 1, 0, 1
976, 1, 1636428384805, 1636428385470, 665, 265, 400, 1, 0, 1
977, 1, 1636428385393, 1636428386074, 681, 274, 407, 0, 1, 1
979, 1, 1636428385919, 1636428386590, 671, 271, 400, 1, 1, 2
980, 1, 1636428386080, 1636428386742, 662, 262, 400, 1, 0, 1
981, 1, 1636428386106, 1636428386766, 660, 265, 395, 0, 1, 1
982, 1, 1636428386165, 1636428387022, 857, 453, 404, 0, 1, 1
985, 1, 1636428386413, 1636428387094, 681, 271, 410, 0, 1, 1
986, 1, 1636428386708, 1636428387382, 674, 274, 400, 0, 1, 1
987, 1, 1636428386868, 1636428387538, 670, 273, 397, 1, 0, 1
990, 1, 1636428388000, 1636428388670, 670, 271, 399, 0, 0, 0
991, 1, 1636428388080, 1636428388746, 666, 271, 395, 0, 0, 0
992, 1, 1636428388120, 1636428388786, 666, 270, 396, 0, 1, 1
993, 1, 1636428388509, 1636428389186, 677, 274, 403, 1, 1, 2
995, 1, 1636428388793, 1636428389462, 669, 270, 399, 1, 0, 1
996, 1, 1636428390056, 1636428390718, 662, 267, 395, 0, 0, 0
997, 1, 1636428390089, 1636428390754, 665, 271, 394, 1, 1, 2
999, 1, 1636428390561, 1636428391230, 669, 270, 399, 0, 1, 1
951, 2, 1636428382002, 1636428392218, 10216, 1, 10215, 1, 1, 2
958, 2, 1636428382010, 1636428392266, 10256, 0, 10256, 0, 0, 0
954, 2, 1636428382003, 1636428392314, 10311, 0, 10311, 0, 0, 0
956, 2, 1636428382006, 1636428392363, 10357, 2, 10355, 1, 2, 3
950, 2, 1636428382002, 1636428392410, 10408, 0, 10408, 1, 0, 1
952, 2, 1636428382003, 1636428392458, 10455, 2, 10453, 2, 2, 4
955, 2, 1636428382004, 1636428392505, 10501, 3, 10498, 2, 3, 5
957, 2, 1636428382006, 1636428392549, 10543, 1, 10542, 2, 1, 3
1001, 1, 1636428391973, 1636428392994, 1021, 297, 724, 0, 25, 25
983, 1, 1636428386166, 1636428393034, 6868, 6474, 394, 0, 0, 0
1002, 1, 1636428392157, 1636428393126, 969, 597, 372, 1, 331, 332
1011, 1, 1636428392660, 1636428393338, 678, 275, 403, 1, 1, 2
1003, 1, 1636428392634, 1636428393338, 704, 271, 433, 1, 1, 2
1006, 1, 1636428392638, 1636428393346, 708, 268, 440, 0, 1, 1
1004, 1, 1636428392638, 1636428393618, 980, 534, 446, 0, 1, 1
1013, 1, 1636428394018, 1636428394682, 664, 270, 394, 1, 2, 3
1014, 1, 1636428394200, 1636428394870, 670, 269, 401, 0, 1, 1
974, 2, 1636428384753, 1636428394934, 10181, 1, 10180, 0, 1, 1
1015, 1, 1636428394519, 1636428395198, 679, 282, 397, 1, 13, 14
1017, 1, 1636428394651, 1636428395318, 667, 269, 398, 2, 0, 2
1018, 1, 1636428394668, 1636428395338, 670, 270, 400, 0, 0, 0
1016, 1, 1636428394540, 1636428395474, 934, 540, 394, 1, 1, 2
1019, 1, 1636428395118, 1636428395834, 716, 270, 446, 1, 1, 2
978, 2, 1636428385745, 1636428395925, 10180, 1, 10179, 0, 0, 0
984, 2, 1636428386402, 1636428396582, 10180, 1, 10179, 0, 1, 1
1020, 1, 1636428395938, 1636428396602, 664, 269, 395, 0, 1, 1
1021, 1, 1636428396114, 1636428396850, 736, 290, 446, 0, 20, 20
1022, 1, 1636428396192, 1636428396862, 670, 275, 395, 0, 2, 2
1023, 1, 1636428396429, 1636428397118, 689, 269, 420, 1, 0, 1
1025, 1, 1636428396625, 1636428397298, 673, 270, 403, 2, 0, 2
1024, 1, 1636428396478, 1636428397394, 916, 518, 398, 2, 0, 2
1027, 1, 1636428396770, 1636428397482, 712, 270, 442, 1, 0, 1
988, 2, 1636428387367, 1636428397546, 10179, 1, 10178, 0, 0, 0
1028, 1, 1636428397102, 1636428397810, 708, 306, 402, 2, 37, 39
989, 2, 1636428387894, 1636428398070, 10176, 0, 10176, 0, 0, 0
1029, 1, 1636428397730, 1636428398442, 712, 270, 442, 0, 0, 0
1030, 1, 1636428397929, 1636428398614, 685, 270, 415, 2, 1, 3
1031, 1, 1636428398182, 1636428398846, 664, 269, 395, 1, 1, 2
1032, 1, 1636428398186, 1636428398854, 668, 271, 397, 1, 1, 2
994, 2, 1636428388683, 1636428398862, 10179, 1, 10178, 1, 0, 1
1033, 1, 1636428398258, 1636428398958, 700, 267, 433, 1, 0, 1
1034, 1, 1636428398458, 1636428399130, 672, 273, 399, 1, 0, 1
1036, 1, 1636428398583, 1636428399258, 675, 270, 405, 1, 0, 1
1035, 1, 1636428398481, 1636428399406, 925, 530, 395, 0, 0, 0
1037, 1, 1636428398862, 1636428399486, 624, 271, 353, 1, 1, 2
1038, 1, 1636428399011, 1636428399686, 675, 274, 401, 0, 0, 0
1039, 1, 1636428399050, 1636428399758, 708, 268, 440, 0, 0, 0
998, 2, 1636428390095, 1636428400273, 10178, 1, 10177, 1, 0, 1
1040, 1, 1636428399785, 1636428400458, 673, 270, 403, 0, 1, 1
1041, 1, 1636428399904, 1636428400570, 666, 272, 394, 1, 0, 1
1042, 1, 1636428400056, 1636428400726, 670, 274, 396, 0, 5, 5
1000, 1, 1636428390768, 1636428400766, 9998, 9606, 392, 0, 1, 1
1043, 1, 1636428400112, 1636428400806, 694, 266, 428, 0, 0, 0
1044, 1, 1636428400291, 1636428400954, 663, 271, 392, 0, 0, 0
1045, 1, 1636428400338, 1636428401014, 676, 270, 406, 1, 0, 1
1047, 1, 1636428400458, 1636428401166, 708, 265, 443, 0, 0, 0
1048, 1, 1636428400563, 1636428401222, 659, 265, 394, 0, 0, 0
1046, 1, 1636428400380, 1636428401298, 918, 519, 399, 0, 0, 0
1050, 1, 1636428400792, 1636428401458, 666, 270, 396, 0, 0, 0
1049, 1, 1636428400784, 1636428401494, 710, 269, 441, 0, 0, 0
1051, 1, 1636428400995, 1636428401670, 675, 270, 405, 0, 1, 1
1052, 1, 1636428401105, 1636428401778, 673, 269, 404, 1, 0, 1
1053, 1, 1636428401710, 1636428402378, 668, 270, 398, 0, 1, 1
1054, 1, 1636428401879, 1636428402558, 679, 275, 404, 1, 0, 1
1055, 1, 1636428401991, 1636428402662, 671, 271, 400, 0, 1, 1
1056, 1, 1636428402035, 1636428402694, 659, 266, 393, 0, 0, 0
1005, 2, 1636428392638, 1636428402862, 10224, 1, 10223, 2, 1, 3
1007, 2, 1636428392638, 1636428402910, 10272, 1, 10271, 0, 1, 1
1057, 1, 1636428402259, 1636428402922, 663, 270, 393, 1, 1, 2
1058, 1, 1636428402261, 1636428402938, 677, 269, 408, 0, 0, 0
1009, 2, 1636428392639, 1636428402958, 10319, 2, 10317, 1, 2, 3
1010, 2, 1636428392639, 1636428403006, 10367, 2, 10365, 1, 2, 3
1008, 2, 1636428392638, 1636428403054, 10416, 1, 10415, 1, 1, 2
1012, 2, 1636428393050, 1636428403266, 10216, 0, 10216, 0, 0, 0
1060, 1, 1636428402494, 1636428403322, 828, 426, 402, 1, 157, 158
1059, 1, 1636428402375, 1636428403410, 1035, 445, 590, 0, 9, 9
1061, 1, 1636428402656, 1636428403534, 878, 482, 396, 0, 210, 210
1062, 1, 1636428402754, 1636428403622, 868, 302, 566, 2, 35, 37
1065, 1, 1636428403054, 1636428403718, 664, 306, 358, 1, 39, 40
1064, 1, 1636428403054, 1636428403722, 668, 271, 397, 2, 2, 4
1063, 1, 1636428403054, 1636428403730, 676, 274, 402, 0, 1, 1
1026, 1, 1636428396769, 1636428403754, 6985, 6591, 394, 2, 0, 2
1066, 1, 1636428403187, 1636428403894, 707, 267, 440, 0, 1, 1
1070, 1, 1636428403530, 1636428404230, 700, 267, 433, 0, 0, 0
1072, 1, 1636428403672, 1636428404350, 678, 275, 403, 1, 0, 1
1074, 1, 1636428403991, 1636428404662, 671, 274, 397, 1, 1, 2
1075, 1, 1636428404022, 1636428404690, 668, 269, 399, 1, 0, 1
1076, 1, 1636428404071, 1636428404734, 663, 271, 392, 2, 1, 3
1077, 1, 1636428404219, 1636428404894, 675, 275, 400, 0, 0, 0
1078, 1, 1636428404323, 1636428404997, 674, 267, 407, 1, 0, 1
1079, 1, 1636428404406, 1636428405073, 667, 271, 396, 1, 2, 3
1081, 1, 1636428404548, 1636428405214, 666, 270, 396, 1, 1, 2
1082, 1, 1636428404833, 1636428405486, 653, 263, 390, 0, 0, 0
1083, 1, 1636428404856, 1636428405510, 654, 260, 394, 0, 0, 0
1084, 1, 1636428404911, 1636428405566, 655, 258, 397, 0, 0, 0
1085, 1, 1636428405002, 1636428405666, 664, 262, 402, 0, 0, 0
1086, 1, 1636428405047, 1636428405706, 659, 261, 398, 0, 0, 0
1087, 1, 1636428405445, 1636428406118, 673, 268, 405, 0, 0, 0
1088, 1, 1636428405704, 1636428406370, 666, 271, 395, 1, 1, 2
1089, 1, 1636428405919, 1636428406582, 663, 270, 393, 1, 1, 2
1090, 1, 1636428405992, 1636428406662, 670, 268, 402, 0, 1, 1
1091, 1, 1636428406020, 1636428406698, 678, 274, 404, 2, 0, 2
1092, 1, 1636428406250, 1636428406910, 660, 264, 396, 0, 2, 2
1093, 1, 1636428406367, 1636428407042, 675, 270, 405, 0, 1, 1
1094, 1, 1636428406406, 1636428407074, 668, 270, 398, 0, 1, 1
1095, 1, 1636428406538, 1636428407206, 668, 270, 398, 1, 0, 1
1096, 1, 1636428406707, 1636428407370, 663, 270, 393, 0, 2, 2
1097, 1, 1636428406800, 1636428407470, 670, 271, 399, 0, 1, 1
1098, 1, 1636428406881, 1636428407558, 677, 269, 408, 1, 0, 1
1099, 1, 1636428406999, 1636428407666, 667, 271, 396, 0, 0, 0
1101, 1, 1636428407467, 1636428408134, 667, 274, 393, 0, 1, 1
1102, 1, 1636428407702, 1636428408382, 680, 275, 405, 0, 0, 0
1103, 1, 1636428407881, 1636428408542, 661, 266, 395, 0, 0, 0
1104, 1, 1636428407991, 1636428408654, 663, 270, 393, 0, 1, 1
1105, 1, 1636428408013, 1636428408682, 669, 271, 398, 1, 0, 1
1106, 1, 1636428408248, 1636428408910, 662, 271, 391, 2, 1, 3
1107, 1, 1636428408315, 1636428408974, 659, 264, 395, 0, 1, 1
1108, 1, 1636428408398, 1636428409062, 664, 267, 397, 0, 0, 0
1109, 1, 1636428408492, 1636428409154, 662, 266, 396, 1, 0, 1
1110, 1, 1636428408794, 1636428409466, 672, 275, 397, 1, 1, 2
1111, 1, 1636428408809, 1636428409474, 665, 270, 395, 1, 0, 1
1112, 1, 1636428408963, 1636428409638, 675, 274, 401, 1, 1, 2
1113, 1, 1636428408996, 1636428409662, 666, 271, 395, 1, 2, 3
1114, 1, 1636428409393, 1636428410070, 677, 274, 403, 0, 1, 1
1115, 1, 1636428409634, 1636428410310, 676, 270, 406, 2, 0, 2
1116, 1, 1636428409944, 1636428410606, 662, 268, 394, 0, 0, 0
1117, 1, 1636428409983, 1636428410642, 659, 267, 392, 1, 1, 2
1118, 1, 1636428410079, 1636428410746, 667, 269, 398, 0, 0, 0
1119, 1, 1636428410126, 1636428410798, 672, 262, 410, 0, 0, 0
1120, 1, 1636428410201, 1636428410874, 673, 270, 403, 0, 0, 0
1121, 1, 1636428410396, 1636428411066, 670, 266, 404, 0, 1, 1
1122, 1, 1636428410467, 1636428411134, 667, 271, 396, 1, 0, 1
1123, 1, 1636428410807, 1636428411470, 663, 271, 392, 0, 0, 0
1124, 1, 1636428410874, 1636428411546, 672, 271, 401, 0, 1, 1
1125, 1, 1636428410876, 1636428411546, 670, 270, 400, 0, 0, 0
1126, 1, 1636428411043, 1636428411714, 671, 275, 396, 1, 1, 2
1127, 1, 1636428411265, 1636428411938, 673, 272, 401, 0, 0, 0
1128, 1, 1636428411717, 1636428412394, 677, 272, 405, 0, 1, 1
1129, 1, 1636428411920, 1636428412590, 670, 267, 403, 1, 0, 1
1130, 1, 1636428411981, 1636428412650, 669, 271, 398, 1, 0, 1
1131, 1, 1636428412157, 1636428412830, 673, 270, 403, 1, 1, 2
1132, 1, 1636428412209, 1636428412882, 673, 278, 395, 1, 0, 1
1133, 1, 1636428412283, 1636428412946, 663, 266, 397, 1, 0, 1
1134, 1, 1636428412390, 1636428413058, 668, 270, 398, 1, 0, 1
1135, 1, 1636428412516, 1636428413186, 670, 271, 399, 2, 1, 3
1136, 1, 1636428412686, 1636428413350, 664, 267, 397, 0, 0, 0
1069, 2, 1636428403267, 1636428413493, 10226, 1, 10225, 1, 1, 2
1067, 2, 1636428403267, 1636428413538, 10271, 1, 10270, 0, 2, 2
1068, 2, 1636428403267, 1636428413585, 10318, 1, 10317, 0, 0, 0
1137, 1, 1636428412956, 1636428413622, 666, 270, 396, 2, 1, 3
1138, 1, 1636428412957, 1636428413626, 669, 274, 395, 1, 0, 1
1071, 2, 1636428403531, 1636428413754, 10223, 0, 10223, 1, 0, 1
1139, 1, 1636428413164, 1636428413942, 778, 285, 493, 0, 17, 17
1073, 2, 1636428403777, 1636428413993, 10216, 1, 10215, 0, 1, 1
1140, 1, 1636428413337, 1636428414133, 796, 358, 438, 92, 0, 92
1141, 1, 1636428413755, 1636428414433, 678, 281, 397, 1, 16, 17
1142, 1, 1636428413797, 1636428414466, 669, 269, 400, 0, 2, 2
1100, 1, 1636428407075, 1636428414478, 7403, 7011, 392, 0, 2, 2
1145, 1, 1636428413994, 1636428414658, 664, 268, 396, 0, 1, 1
1146, 1, 1636428413994, 1636428414670, 676, 275, 401, 1, 0, 1
1147, 1, 1636428414146, 1636428414846, 700, 263, 437, 0, 0, 0
1149, 1, 1636428414278, 1636428414954, 676, 275, 401, 0, 1, 1
1150, 1, 1636428414291, 1636428414954, 663, 261, 402, 0, 0, 0
1080, 2, 1636428404413, 1636428415052, 10639, 363, 10276, 0, 1, 1
1151, 1, 1636428414410, 1636428415074, 664, 270, 394, 2, 0, 2
1152, 1, 1636428414441, 1636428415106, 665, 269, 396, 0, 0, 0
1148, 1, 1636428414147, 1636428415118, 971, 528, 443, 0, 0, 0
1153, 1, 1636428414455, 1636428415126, 671, 270, 401, 1, 0, 1
1154, 1, 1636428414496, 1636428415498, 1002, 561, 441, 0, 108, 108
1155, 1, 1636428414751, 1636428415498, 747, 354, 393, 2, 88, 90
1156, 1, 1636428415053, 1636428415718, 665, 266, 399, 1, 0, 1
1157, 1, 1636428415078, 1636428415750, 672, 275, 397, 1, 0, 1
1158, 1, 1636428415142, 1636428415842, 700, 263, 437, 0, 0, 0
1160, 1, 1636428415455, 1636428416122, 667, 274, 393, 1, 0, 1
1161, 1, 1636428415740, 1636428416414, 674, 277, 397, 0, 3, 3
1162, 1, 1636428415903, 1636428416574, 671, 269, 402, 1, 0, 1
1163, 1, 1636428415959, 1636428416625, 666, 275, 391, 0, 0, 0
1164, 1, 1636428416007, 1636428416677, 670, 270, 400, 0, 0, 0
1166, 1, 1636428416101, 1636428416762, 661, 268, 393, 1, 1, 2
1167, 1, 1636428416301, 1636428416966, 665, 265, 400, 1, 0, 1
1168, 1, 1636428416326, 1636428416986, 660, 263, 397, 0, 1, 1
1170, 1, 1636428416404, 1636428417058, 654, 259, 395, 0, 1, 1
1172, 1, 1636428416535, 1636428417194, 659, 262, 397, 0, 1, 1
1173, 1, 1636428416843, 1636428417506, 663, 270, 393, 0, 1, 1
1174, 1, 1636428417058, 1636428417722, 664, 267, 397, 1, 1, 2
1175, 1, 1636428417089, 1636428417754, 665, 267, 398, 2, 1, 3
1177, 1, 1636428417370, 1636428418034, 664, 269, 395, 1, 0, 1
1178, 1, 1636428417861, 1636428418526, 665, 266, 399, 0, 0, 0
1179, 1, 1636428417922, 1636428418586, 664, 270, 394, 0, 1, 1
1180, 1, 1636428417944, 1636428418606, 662, 268, 394, 0, 0, 0
1182, 1, 1636428418179, 1636428418842, 663, 270, 393, 0, 0, 0
1184, 1, 1636428418432, 1636428419098, 666, 271, 395, 1, 1, 2
1185, 1, 1636428418491, 1636428419166, 675, 270, 405, 1, 0, 1
1186, 1, 1636428418561, 1636428419230, 669, 271, 398, 1, 1, 2
1187, 1, 1636428418949, 1636428419614, 665, 270, 395, 0, 0, 0
1192, 1, 1636428419980, 1636428420638, 658, 267, 391, 0, 1, 1
1193, 1, 1636428420023, 1636428420690, 667, 274, 393, 1, 1, 2
1194, 1, 1636428420285, 1636428420950, 665, 270, 395, 0, 1, 1
1195, 1, 1636428420403, 1636428421070, 667, 268, 399, 0, 1, 1
1196, 1, 1636428420454, 1636428421118, 664, 267, 397, 0, 1, 1
1199, 1, 1636428421988, 1636428422658, 670, 270, 400, 1, 0, 1
1200, 1, 1636428422021, 1636428422690, 669, 268, 401, 0, 0, 0
1201, 1, 1636428422281, 1636428422950, 669, 271, 398, 0, 1, 1
1203, 1, 1636428422443, 1636428423110, 667, 271, 396, 0, 2, 2
1144, 2, 1636428413843, 1636428424065, 10222, 1, 10221, 0, 0, 0
1143, 2, 1636428413842, 1636428424110, 10268, 1, 10267, 0, 1, 1
1204, 1, 1636428424016, 1636428424686, 670, 310, 360, 1, 44, 45
1205, 1, 1636428424066, 1636428424726, 660, 262, 398, 1, 1, 2
1206, 1, 1636428424198, 1636428424910, 712, 269, 443, 1, 0, 1
1208, 1, 1636428424363, 1636428425038, 675, 270, 405, 1, 0, 1
1209, 1, 1636428424410, 1636428425078, 668, 269, 399, 0, 0, 0
1207, 1, 1636428424238, 1636428425182, 944, 500, 444, 0, 0, 0
1159, 2, 1636428415283, 1636428425462, 10179, 0, 10179, 0, 0, 0
1210, 1, 1636428425586, 1636428426302, 716, 271, 445, 2, 2, 4
1165, 2, 1636428416011, 1636428426594, 10583, 355, 10228, 0, 0, 0
1171, 2, 1636428416449, 1636428426641, 10192, 0, 10192, 0, 0, 0
1169, 2, 1636428416396, 1636428426685, 10289, 1, 10288, 0, 1, 1
1211, 1, 1636428426039, 1636428426702, 663, 266, 397, 1, 0, 1
1212, 1, 1636428426098, 1636428426762, 664, 265, 399, 0, 0, 0
1213, 1, 1636428426172, 1636428426946, 774, 338, 436, 1, 73, 74
1214, 1, 1636428426247, 1636428427214, 967, 569, 398, 1, 0, 1
1215, 1, 1636428426443, 1636428427214, 771, 310, 461, 1, 0, 1
1216, 1, 1636428426685, 1636428427306, 621, 263, 358, 2, 0, 2
1176, 2, 1636428417158, 1636428427341, 10183, 0, 10183, 0, 0, 0
1217, 1, 1636428426732, 1636428427438, 706, 266, 440, 0, 1, 1
1218, 1, 1636428426778, 1636428427610, 832, 386, 446, 0, 20, 20
1181, 2, 1636428417984, 1636428428157, 10173, 0, 10173, 0, 0, 0
1219, 1, 1636428427470, 1636428428182, 712, 267, 445, 0, 0, 0
1220, 1, 1636428427531, 1636428428206, 675, 267, 408, 0, 1, 1
1183, 2, 1636428418377, 1636428428561, 10184, 1, 10183, 1, 0, 1
1221, 1, 1636428428013, 1636428428698, 685, 267, 418, 1, 1, 2
1222, 1, 1636428428088, 1636428428826, 738, 310, 428, 1, 48, 49
1223, 1, 1636428428176, 1636428428842, 666, 269, 397, 1, 0, 1
1225, 1, 1636428428294, 1636428429014, 720, 270, 450, 2, 0, 2
1224, 1, 1636428428212, 1636428429098, 886, 486, 400, 0, 0, 0
1188, 2, 1636428418974, 1636428429150, 10176, 0, 10176, 0, 0, 0
1227, 1, 1636428428562, 1636428429186, 624, 267, 357, 1, 1, 2
1226, 1, 1636428428562, 1636428429226, 664, 265, 399, 0, 0, 0
1189, 2, 1636428419164, 1636428429341, 10177, 0, 10177, 1, 1, 2
1228, 1, 1636428428683, 1636428429350, 667, 270, 397, 0, 1, 1
1229, 1, 1636428428690, 1636428429414, 724, 291, 433, 1, 21, 22
1230, 1, 1636428428759, 1636428429430, 671, 270, 401, 1, 1, 2
1190, 2, 1636428419287, 1636428429457, 10170, 0, 10170, 0, 0, 0
1231, 1, 1636428429360, 1636428430026, 666, 269, 397, 0, 0, 0
1191, 2, 1636428419859, 1636428430038, 10179, 1, 10178, 0, 0, 0
1233, 1, 1636428429481, 1636428430142, 661, 260, 401, 0, 0, 0
1232, 1, 1636428429474, 1636428430182, 708, 266, 442, 1, 0, 1
1234, 1, 1636428429886, 1636428430574, 688, 265, 423, 0, 0, 0
1235, 1, 1636428430039, 1636428430662, 623, 266, 357, 1, 0, 1
1197, 2, 1636428420641, 1636428430817, 10176, 1, 10175, 0, 1, 1
1237, 1, 1636428430174, 1636428430874, 700, 267, 433, 0, 1, 1
1238, 1, 1636428430240, 1636428430906, 666, 266, 400, 0, 0, 0
1236, 1, 1636428430126, 1636428430934, 808, 410, 398, 0, 0, 0
1239, 1, 1636428430283, 1636428430942, 659, 266, 393, 1, 0, 1
1240, 1, 1636428430449, 1636428431114, 665, 266, 399, 0, 0, 0
1198, 2, 1636428421025, 1636428431200, 10175, 0, 10175, 0, 0, 0
1243, 1, 1636428430635, 1636428431298, 663, 265, 398, 1, 0, 1
1242, 1, 1636428430625, 1636428431298, 673, 268, 405, 0, 0, 0
1244, 1, 1636428430689, 1636428431354, 665, 266, 399, 1, 0, 1
1245, 1, 1636428430950, 1636428431654, 704, 263, 441, 0, 1, 1
1246, 1, 1636428431309, 1636428431978, 669, 271, 398, 0, 2, 2
1247, 1, 1636428431366, 1636428432034, 668, 271, 397, 1, 1, 2
1249, 1, 1636428431411, 1636428432074, 663, 268, 395, 1, 1, 2
1248, 1, 1636428431382, 1636428432094, 712, 270, 442, 1, 1, 2
1250, 1, 1636428431848, 1636428432506, 658, 267, 391, 1, 1, 2
1202, 2, 1636428422361, 1636428432537, 10176, 1, 10175, 0, 0, 0
1251, 1, 1636428432067, 1636428432738, 671, 272, 399, 1, 1, 2
1252, 1, 1636428432099, 1636428432802, 703, 310, 393, 0, 20, 20
1253, 1, 1636428432180, 1636428432842, 662, 266, 396, 1, 1, 2
1255, 1, 1636428432322, 1636428432990, 668, 270, 398, 1, 0, 1
1254, 1, 1636428432223, 1636428433006, 783, 381, 402, 2, 0, 2
1257, 1, 1636428432576, 1636428433234, 658, 265, 393, 0, 0, 0
1258, 1, 1636428432617, 1636428433290, 673, 271, 402, 4, 2, 6
1259, 1, 1636428432621, 1636428433290, 669, 270, 399, 1, 2, 3
1260, 1, 1636428432670, 1636428433378, 708, 271, 437, 1, 0, 1
1261, 1, 1636428432863, 1636428433526, 663, 267, 396, 0, 0, 0
1262, 1, 1636428433272, 1636428433938, 666, 270, 396, 1, 0, 1
1263, 1, 1636428433301, 1636428433970, 669, 270, 399, 0, 0, 0
1264, 1, 1636428433308, 1636428433982, 674, 273, 401, 0, 0, 0
1265, 1, 1636428433413, 1636428434090, 677, 268, 409, 0, 2, 2
1266, 1, 1636428433867, 1636428434530, 663, 270, 393, 0, 0, 0
1267, 1, 1636428433947, 1636428434618, 671, 270, 401, 1, 1, 2
1268, 1, 1636428434110, 1636428434778, 668, 270, 398, 1, 1, 2
1270, 1, 1636428434225, 1636428434890, 665, 266, 399, 0, 0, 0
1269, 1, 1636428434148, 1636428434894, 746, 342, 404, 1, 1, 2
1271, 1, 1636428434245, 1636428434914, 669, 269, 400, 1, 0, 1
1272, 1, 1636428434454, 1636428435122, 668, 271, 397, 0, 2, 2
1273, 1, 1636428434584, 1636428435246, 662, 270, 392, 0, 1, 1
1274, 1, 1636428434635, 1636428435302, 667, 269, 398, 0, 1, 1
1275, 1, 1636428434649, 1636428435330, 681, 278, 403, 0, 1, 1
1276, 1, 1636428434804, 1636428435482, 678, 275, 403, 0, 1, 1
1277, 1, 1636428435213, 1636428435878, 665, 269, 396, 0, 0, 0
1278, 1, 1636428435301, 1636428435970, 669, 270, 399, 0, 1, 1
1279, 1, 1636428435333, 1636428436006, 673, 274, 399, 0, 1, 1
1280, 1, 1636428435451, 1636428436122, 671, 270, 401, 1, 1, 2
1281, 1, 1636428435788, 1636428436446, 658, 266, 392, 0, 1, 1
1282, 1, 1636428435870, 1636428436538, 668, 266, 402, 0, 0, 0
1284, 1, 1636428436112, 1636428436782, 670, 269, 401, 1, 0, 1
1283, 1, 1636428436071, 1636428436810, 739, 342, 397, 1, 0, 1
1285, 1, 1636428436142, 1636428436810, 668, 267, 401, 0, 1, 1
1286, 1, 1636428436145, 1636428436810, 665, 267, 398, 1, 0, 1
1287, 1, 1636428436457, 1636428437126, 669, 273, 396, 0, 0, 0
1288, 1, 1636428436526, 1636428437190, 664, 266, 398, 1, 0, 1
1289, 1, 1636428436635, 1636428437302, 667, 267, 400, 1, 2, 3
1292, 1, 1636428436686, 1636428437394, 708, 270, 438, 2, 0, 2
1291, 1, 1636428436682, 1636428437394, 712, 274, 438, 1, 0, 1
1293, 1, 1636428436746, 1636428437426, 680, 277, 403, 2, 0, 2
1294, 1, 1636428436796, 1636428437458, 662, 265, 397, 1, 0, 1
1290, 1, 1636428436682, 1636428437666, 984, 541, 443, 0, 0, 0
1295, 1, 1636428437143, 1636428437806, 663, 270, 393, 1, 0, 1
1296, 1, 1636428437333, 1636428438006, 673, 274, 399, 1, 1, 2
1297, 1, 1636428437371, 1636428438038, 667, 270, 397, 0, 0, 0
1298, 1, 1636428437539, 1636428438210, 671, 271, 400, 1, 1, 2
1299, 1, 1636428437660, 1636428438330, 670, 270, 400, 0, 0, 0
1300, 1, 1636428438000, 1636428438666, 666, 269, 397, 0, 1, 1
1301, 1, 1636428438079, 1636428438750, 671, 271, 400, 0, 1, 1
1303, 1, 1636428438136, 1636428438790, 654, 262, 392, 0, 0, 0
1304, 1, 1636428438150, 1636428438826, 676, 266, 410, 1, 0, 1
1302, 1, 1636428438128, 1636428438938, 810, 414, 396, 1, 0, 1
1305, 1, 1636428438455, 1636428439130, 675, 270, 405, 0, 0, 0
1306, 1, 1636428438500, 1636428439166, 666, 274, 392, 1, 0, 1
1307, 1, 1636428438544, 1636428439214, 670, 268, 402, 0, 0, 0
1308, 1, 1636428438618, 1636428439286, 668, 271, 397, 1, 0, 1
1309, 1, 1636428438655, 1636428439326, 671, 273, 398, 0, 0, 0
1312, 1, 1636428438799, 1636428439478, 679, 278, 401, 0, 0, 0
1311, 1, 1636428438799, 1636428439478, 679, 279, 400, 0, 0, 0
1310, 1, 1636428438755, 1636428439602, 847, 450, 397, 0, 1, 1
1313, 1, 1636428439145, 1636428439806, 661, 265, 396, 0, 0, 0
1314, 1, 1636428439371, 1636428440050, 679, 274, 405, 2, 0, 2
1315, 1, 1636428439408, 1636428440070, 662, 265, 397, 0, 0, 0
1316, 1, 1636428439440, 1636428440106, 666, 270, 396, 0, 1, 1
1317, 1, 1636428439554, 1636428440350, 796, 397, 399, 2, 0, 2
1318, 1, 1636428440000, 1636428440670, 670, 274, 396, 1, 0, 1
1319, 1, 1636428440008, 1636428440678, 670, 274, 396, 1, 0, 1
1320, 1, 1636428440052, 1636428440706, 654, 262, 392, 0, 0, 0
1241, 2, 1636428430597, 1636428440773, 10176, 0, 10176, 0, 0, 0
1321, 1, 1636428440148, 1636428440946, 798, 398, 400, 0, 0, 0
1322, 1, 1636428440238, 1636428440978, 740, 338, 402, 1, 0, 1
1323, 1, 1636428440483, 1636428441146, 663, 267, 396, 1, 1, 2
1324, 1, 1636428440488, 1636428441154, 666, 270, 396, 1, 1, 2
1325, 1, 1636428440535, 1636428441218, 683, 287, 396, 0, 20, 20
1326, 1, 1636428440538, 1636428441258, 720, 323, 397, 1, 2, 3
1328, 1, 1636428440682, 1636428441338, 656, 259, 397, 0, 1, 1
1329, 1, 1636428440712, 1636428441386, 674, 262, 412, 1, 0, 1
1327, 1, 1636428440657, 1636428441485, 828, 438, 390, 0, 0, 0
1330, 1, 1636428440895, 1636428441558, 663, 266, 397, 0, 0, 0
1331, 1, 1636428440902, 1636428441610, 708, 273, 435, 0, 0, 0
1332, 1, 1636428441187, 1636428441846, 659, 261, 398, 1, 0, 1
1333, 1, 1636428441375, 1636428442042, 667, 270, 397, 0, 0, 0
1334, 1, 1636428441423, 1636428442090, 667, 274, 393, 0, 0, 0
1335, 1, 1636428441485, 1636428442158, 673, 269, 404, 0, 0, 0
1336, 1, 1636428441550, 1636428442218, 668, 270, 398, 0, 0, 0
1256, 2, 1636428432358, 1636428442533, 10175, 1, 10174, 0, 1, 1
1337, 1, 1636428441989, 1636428442654, 665, 274, 391, 0, 0, 0
1338, 1, 1636428441999, 1636428442678, 679, 277, 402, 1, 0, 1
1339, 1, 1636428442083, 1636428442794, 711, 266, 445, 0, 0, 0
1341, 1, 1636428442179, 1636428442894, 715, 259, 456, 0, 0, 0
1340, 1, 1636428442100, 1636428442982, 882, 482, 400, 1, 32, 33
1344, 1, 1636428442534, 1636428443162, 628, 270, 358, 0, 0, 0
1342, 1, 1636428442533, 1636428443198, 665, 270, 395, 1, 1, 2
1345, 1, 1636428442534, 1636428443198, 664, 269, 395, 1, 0, 1
1343, 1, 1636428442534, 1636428443206, 672, 269, 403, 0, 0, 0
1347, 1, 1636428442661, 1636428443326, 665, 266, 399, 0, 0, 0
1348, 1, 1636428442662, 1636428443366, 704, 269, 435, 0, 0, 0
1346, 1, 1636428442616, 1636428443426, 810, 415, 395, 1, 1, 2
1349, 1, 1636428442793, 1636428443462, 669, 272, 397, 0, 0, 0
1350, 1, 1636428442805, 1636428443478, 673, 265, 408, 0, 0, 0
1351, 1, 1636428442932, 1636428443594, 662, 266, 396, 0, 0, 0
1352, 1, 1636428443224, 1636428443894, 670, 277, 393, 0, 0, 0
1353, 1, 1636428443390, 1636428444062, 672, 270, 402, 0, 0, 0
1354, 1, 1636428443420, 1636428444094, 674, 279, 395, 0, 1, 1
1355, 1, 1636428443565, 1636428444238, 673, 270, 403, 1, 0, 1
1356, 1, 1636428443599, 1636428444278, 679, 273, 406, 2, 0, 2
1357, 1, 1636428443939, 1636428444606, 667, 269, 398, 0, 1, 1
1358, 1, 1636428444030, 1636428444698, 668, 270, 398, 1, 1, 2
1359, 1, 1636428444038, 1636428444710, 672, 274, 398, 0, 0, 0
1360, 1, 1636428444051, 1636428444890, 839, 439, 400, 0, 0, 0
1361, 1, 1636428444227, 1636428444894, 667, 270, 397, 0, 0, 0
1362, 1, 1636428444505, 1636428445178, 673, 271, 402, 0, 0, 0
1364, 1, 1636428444567, 1636428445230, 663, 269, 394, 1, 1, 2
1363, 1, 1636428444561, 1636428445238, 677, 268, 409, 0, 1, 1
1365, 1, 1636428444577, 1636428445246, 669, 275, 394, 1, 0, 1
1366, 1, 1636428444580, 1636428445258, 678, 273, 405, 1, 0, 1
1367, 1, 1636428444651, 1636428445318, 667, 271, 396, 1, 0, 1
1369, 1, 1636428444735, 1636428445402, 667, 271, 396, 0, 0, 0
1368, 1, 1636428444666, 1636428445446, 780, 379, 401, 0, 0, 0
1370, 1, 1636428444884, 1636428445554, 670, 271, 399, 0, 0, 0
1371, 1, 1636428444899, 1636428445566, 667, 266, 401, 0, 0, 0
1372, 1, 1636428445125, 1636428445838, 713, 320, 393, 0, 1, 1
1373, 1, 1636428445416, 1636428446078, 662, 269, 393, 1, 1, 2
1374, 1, 1636428445499, 1636428446170, 671, 274, 397, 0, 1, 1
1375, 1, 1636428445526, 1636428446198, 672, 271, 401, 0, 0, 0
1376, 1, 1636428445641, 1636428446298, 657, 261, 396, 0, 1, 1
1377, 1, 1636428445962, 1636428446626, 664, 263, 401, 0, 1, 1
1378, 1, 1636428445964, 1636428446630, 666, 266, 400, 1, 0, 1
1379, 1, 1636428445970, 1636428446638, 668, 267, 401, 0, 0, 0
1380, 1, 1636428446062, 1636428446902, 840, 442, 398, 1, 0, 1
1381, 1, 1636428446253, 1636428446918, 665, 267, 398, 2, 1, 3
1382, 1, 1636428446479, 1636428447150, 671, 270, 401, 2, 0, 2
1383, 1, 1636428446526, 1636428447198, 672, 274, 398, 1, 0, 1
1384, 1, 1636428446534, 1636428447206, 672, 278, 394, 0, 0, 0
1385, 1, 1636428446545, 1636428447218, 673, 266, 407, 0, 0, 0
1386, 1, 1636428446587, 1636428447266, 679, 273, 406, 1, 0, 1
1388, 1, 1636428446664, 1636428447330, 666, 263, 403, 0, 1, 1
1387, 1, 1636428446660, 1636428447330, 670, 266, 404, 0, 1, 1
1389, 1, 1636428446759, 1636428447538, 779, 382, 397, 1, 0, 1
1390, 1, 1636428446944, 1636428447622, 678, 279, 399, 0, 1, 1
1391, 1, 1636428446961, 1636428447642, 681, 274, 407, 0, 0, 0
1392, 1, 1636428447174, 1636428447898, 724, 327, 397, 0, 0, 0
1393, 1, 1636428447442, 1636428448110, 668, 267, 401, 0, 0, 0
1394, 1, 1636428447508, 1636428448166, 658, 266, 392, 0, 0, 0
1395, 1, 1636428447557, 1636428448230, 673, 273, 400, 0, 1, 1
1396, 1, 1636428447576, 1636428448250, 674, 273, 401, 1, 0, 1
1397, 1, 1636428447900, 1636428448574, 674, 273, 401, 0, 0, 0
1398, 1, 1636428447926, 1636428448606, 680, 277, 403, 1, 0, 1
1399, 1, 1636428448089, 1636428448766, 677, 271, 406, 0, 0, 0
1400, 1, 1636428448094, 1636428449038, 944, 545, 399, 0, 0, 0
1401, 1, 1636428448370, 1636428449042, 672, 268, 404, 0, 0, 0
1402, 1, 1636428448498, 1636428449166, 668, 270, 398, 0, 0, 0
1403, 1, 1636428448518, 1636428449186, 668, 267, 401, 1, 0, 1
1404, 1, 1636428448518, 1636428449190, 672, 267, 405, 0, 1, 1
1405, 1, 1636428448536, 1636428449202, 666, 267, 399, 0, 0, 0
1406, 1, 1636428448559, 1636428449214, 655, 264, 391, 0, 2, 2
1409, 1, 1636428448737, 1636428449394, 657, 264, 393, 0, 2, 2
1410, 1, 1636428448859, 1636428449522, 663, 266, 397, 1, 0, 1
1411, 1, 1636428449023, 1636428449694, 671, 266, 405, 0, 0, 0
1412, 1, 1636428449254, 1636428449966, 712, 318, 394, 0, 0, 0
1413, 1, 1636428449449, 1636428450118, 669, 270, 399, 0, 0, 0
1414, 1, 1636428449518, 1636428450182, 664, 266, 398, 0, 0, 0
1415, 1, 1636428449596, 1636428450254, 658, 267, 391, 0, 1, 1
1416, 1, 1636428449642, 1636428450310, 668, 267, 401, 0, 0, 0
1418, 1, 1636428449964, 1636428450626, 662, 272, 390, 0, 1, 1
1419, 1, 1636428450007, 1636428450678, 671, 270, 401, 0, 0, 0
1421, 1, 1636428450244, 1636428450914, 670, 271, 399, 0, 1, 1
1420, 1, 1636428450059, 1636428450954, 895, 494, 401, 0, 2, 2
1422, 1, 1636428450423, 1636428451090, 667, 270, 397, 0, 0, 0
1423, 1, 1636428450520, 1636428451198, 678, 274, 404, 0, 0, 0
1425, 1, 1636428450567, 1636428451234, 667, 274, 393, 0, 0, 0
1426, 1, 1636428450581, 1636428451250, 669, 270, 399, 2, 0, 2
1427, 1, 1636428450652, 1636428451318, 666, 271, 395, 1, 1, 2
1428, 1, 1636428450918, 1636428451586, 668, 270, 398, 0, 0, 0
1429, 1, 1636428451101, 1636428451766, 665, 266, 399, 0, 0, 0
1430, 1, 1636428451340, 1636428452038, 698, 306, 392, 1, 1, 2
1431, 1, 1636428451441, 1636428452118, 677, 269, 408, 0, 0, 0
1432, 1, 1636428451533, 1636428452206, 673, 270, 403, 0, 1, 1
1433, 1, 1636428451540, 1636428452206, 666, 269, 397, 2, 0, 2
1434, 1, 1636428451704, 1636428452370, 666, 269, 397, 2, 0, 2
1435, 1, 1636428451963, 1636428452634, 671, 273, 398, 0, 0, 0
1436, 1, 1636428452026, 1636428452698, 672, 269, 403, 1, 0, 1
1437, 1, 1636428452144, 1636428452970, 826, 426, 400, 0, 0, 0
1438, 1, 1636428452328, 1636428452994, 666, 270, 396, 1, 0, 1
1439, 1, 1636428452446, 1636428453114, 668, 270, 398, 0, 0, 0
1440, 1, 1636428452509, 1636428453182, 673, 274, 399, 0, 0, 0
1441, 1, 1636428452536, 1636428453202, 666, 271, 395, 0, 1, 1
1442, 1, 1636428452658, 1636428453334, 676, 275, 401, 0, 1, 1
1443, 1, 1636428452710, 1636428453374, 664, 266, 398, 1, 0, 1
1444, 1, 1636428452979, 1636428453646, 667, 266, 401, 0, 0, 0
1445, 1, 1636428453024, 1636428453686, 662, 265, 397, 0, 0, 0
1446, 1, 1636428453339, 1636428454002, 663, 265, 398, 1, 0, 1
1447, 1, 1636428453418, 1636428454082, 664, 271, 393, 1, 1, 2
1448, 1, 1636428453525, 1636428454202, 677, 271, 406, 1, 0, 1
1449, 1, 1636428453649, 1636428454314, 665, 270, 395, 0, 0, 0
1450, 1, 1636428453677, 1636428454346, 669, 268, 401, 1, 0, 1
1451, 1, 1636428453956, 1636428454622, 666, 266, 400, 0, 0, 0
1452, 1, 1636428454061, 1636428454734, 673, 270, 403, 0, 1, 1
1453, 1, 1636428454212, 1636428455010, 798, 398, 400, 0, 1, 1
1454, 1, 1636428454389, 1636428455054, 665, 267, 398, 0, 1, 1
1455, 1, 1636428454484, 1636428455162, 678, 275, 403, 1, 1, 2
1456, 1, 1636428454498, 1636428455166, 668, 270, 398, 0, 0, 0
1457, 1, 1636428454531, 1636428455206, 675, 274, 401, 1, 0, 1
1458, 1, 1636428454574, 1636428455242, 668, 265, 403, 0, 0, 0
1459, 1, 1636428454771, 1636428455434, 663, 270, 393, 1, 0, 1
1460, 1, 1636428454952, 1636428455626, 674, 272, 402, 0, 0, 0
1461, 1, 1636428455082, 1636428455754, 672, 269, 403, 0, 0, 0
1462, 1, 1636428455398, 1636428456066, 668, 274, 394, 0, 1, 1
1463, 1, 1636428455482, 1636428456154, 672, 275, 397, 0, 1, 1
1464, 1, 1636428455623, 1636428456290, 667, 271, 396, 0, 1, 1
1465, 1, 1636428455641, 1636428456310, 669, 269, 400, 1, 0, 1
1466, 1, 1636428455757, 1636428456426, 669, 271, 398, 0, 1, 1
1467, 1, 1636428456021, 1636428456686, 665, 271, 394, 0, 1, 1
1468, 1, 1636428456051, 1636428456722, 671, 270, 401, 0, 1, 1
1469, 1, 1636428456141, 1636428457002, 861, 456, 405, 0, 0, 0
1470, 1, 1636428456363, 1636428457034, 671, 270, 401, 2, 0, 2
1471, 1, 1636428456490, 1636428457158, 668, 270, 398, 2, 0, 2
1472, 1, 1636428456600, 1636428457270, 670, 270, 400, 0, 0, 0
1474, 1, 1636428456616, 1636428457278, 662, 270, 392, 0, 0, 0
1473, 1, 1636428456607, 1636428457278, 671, 274, 397, 1, 0, 1
1475, 1, 1636428456744, 1636428457402, 658, 266, 392, 1, 0, 1
1476, 1, 1636428457032, 1636428457698, 666, 271, 395, 0, 0, 0
1477, 1, 1636428457198, 1636428457866, 668, 269, 399, 1, 0, 1
1478, 1, 1636428457460, 1636428458146, 686, 296, 390, 0, 1, 1
1479, 1, 1636428457563, 1636428458226, 663, 270, 393, 0, 1, 1
1480, 1, 1636428457615, 1636428458278, 663, 266, 397, 0, 1, 1
1481, 1, 1636428457750, 1636428458414, 664, 266, 398, 1, 0, 1
1482, 1, 1636428457811, 1636428458474, 663, 266, 397, 1, 0, 1
1483, 1, 1636428458025, 1636428458694, 669, 270, 399, 0, 1, 1
1485, 1, 1636428458100, 1636428458762, 662, 271, 391, 1, 0, 1
1407, 2, 1636428448649, 1636428458830, 10181, 0, 10181, 1, 0, 1
1408, 2, 1636428448667, 1636428458878, 10211, 1, 10210, 0, 0, 0
1484, 1, 1636428458046, 1636428458966, 920, 523, 397, 0, 0, 0
1486, 1, 1636428458442, 1636428459142, 700, 303, 397, 1, 33, 34
1487, 1, 1636428458513, 1636428459238, 725, 282, 443, 0, 14, 14
1488, 1, 1636428458595, 1636428459326, 731, 288, 443, 2, 18, 20
1490, 1, 1636428458692, 1636428459370, 678, 269, 409, 1, 0, 1
1489, 1, 1636428458677, 1636428459418, 741, 314, 427, 50, 0, 50
1491, 1, 1636428458878, 1636428459502, 624, 269, 355, 0, 0, 0
1492, 1, 1636428459087, 1636428459754, 667, 270, 397, 1, 1, 2
1493, 1, 1636428459110, 1636428459818, 708, 268, 440, 0, 0, 0
1494, 1, 1636428459110, 1636428459818, 708, 268, 440, 0, 1, 1
1495, 1, 1636428459171, 1636428459834, 663, 266, 397, 0, 0, 0
1417, 2, 1636428449932, 1636428460110, 10178, 1, 10177, 0, 1, 1
1496, 1, 1636428459353, 1636428460110, 757, 359, 398, 2, 0, 2
1497, 1, 1636428459668, 1636428460378, 710, 315, 395, 0, 41, 41
1498, 1, 1636428459742, 1636428460414, 672, 272, 400, 0, 0, 0
1499, 1, 1636428459798, 1636428460466, 668, 268, 400, 0, 0, 0
1500, 1, 1636428459804, 1636428460474, 670, 271, 399, 0, 0, 0
1424, 1, 1636428450550, 1636428460594, 10044, 9651, 393, 1, 1, 2
1501, 1, 1636428460110, 1636428460774, 664, 267, 397, 1, 0, 1
1503, 1, 1636428460206, 1636428460866, 660, 266, 394, 1, 0, 1
1504, 1, 1636428460238, 1636428460954, 716, 274, 442, 0, 0, 0
1502, 1, 1636428460147, 1636428461054, 907, 506, 401, 2, 0, 2
1506, 1, 1636428460526, 1636428461194, 668, 272, 396, 0, 2, 2
1505, 1, 1636428460395, 1636428461222, 827, 435, 392, 0, 0, 0
1507, 1, 1636428460589, 1636428461258, 669, 268, 401, 1, 0, 1
1508, 1, 1636428460591, 1636428461266, 675, 275, 400, 1, 1, 2
1510, 1, 1636428460708, 1636428461378, 670, 269, 401, 1, 1, 2
1511, 1, 1636428460801, 1636428461478, 677, 273, 404, 1, 0, 1
1509, 1, 1636428460614, 1636428461498, 884, 445, 439, 0, 0, 0
1512, 1, 1636428460982, 1636428461646, 664, 270, 394, 1, 0, 1
1514, 1, 1636428461086, 1636428461750, 664, 267, 397, 0, 1, 1
1513, 1, 1636428461074, 1636428461758, 684, 279, 405, 0, 1, 1
1515, 1, 1636428461298, 1636428461974, 676, 270, 406, 0, 1, 1
1516, 1, 1636428461437, 1636428462250, 813, 411, 402, 0, 1, 1
1518, 1, 1636428461735, 1636428462402, 667, 270, 397, 1, 0, 1
1519, 1, 1636428461772, 1636428462442, 670, 268, 402, 0, 0, 0
1520, 1, 1636428461904, 1636428462574, 670, 270, 400, 0, 0, 0
1521, 1, 1636428462200, 1636428462874, 674, 274, 400, 0, 0, 0
1523, 1, 1636428462214, 1636428462886, 672, 272, 400, 0, 0, 0
1525, 1, 1636428462417, 1636428463090, 673, 270, 403, 1, 0, 1
1526, 1, 1636428462463, 1636428463134, 671, 270, 401, 0, 1, 1
1522, 1, 1636428462208, 1636428463146, 938, 537, 401, 0, 0, 0
1527, 1, 1636428462513, 1636428463186, 673, 271, 402, 0, 0, 0
1528, 1, 1636428462626, 1636428463294, 668, 271, 397, 0, 0, 0
1529, 1, 1636428462671, 1636428463342, 671, 269, 402, 1, 0, 1
1530, 1, 1636428462697, 1636428463378, 681, 274, 407, 0, 0, 0
1531, 1, 1636428462732, 1636428463458, 726, 334, 392, 1, 1, 2
1532, 1, 1636428462912, 1636428463582, 670, 267, 403, 0, 0, 0
1533, 1, 1636428463192, 1636428463862, 670, 274, 396, 0, 0, 0
1534, 1, 1636428463213, 1636428463886, 673, 267, 406, 0, 0, 0
1535, 1, 1636428463327, 1636428463986, 659, 262, 397, 0, 0, 0
1536, 1, 1636428463444, 1636428464262, 818, 427, 391, 1, 1, 2
1537, 1, 1636428463703, 1636428464370, 667, 270, 397, 0, 0, 0
1539, 1, 1636428463844, 1636428464510, 666, 270, 396, 0, 0, 0
1538, 1, 1636428463840, 1636428464514, 674, 273, 401, 0, 1, 1
1540, 1, 1636428464098, 1636428464770, 672, 274, 398, 1, 0, 1
1542, 1, 1636428464340, 1636428465006, 666, 270, 396, 1, 0, 1
1543, 1, 1636428464358, 1636428465030, 672, 270, 402, 0, 1, 1
1541, 1, 1636428464199, 1636428465050, 851, 450, 401, 0, 1, 1
1544, 1, 1636428464498, 1636428465162, 664, 269, 395, 0, 0, 0
1545, 1, 1636428464617, 1636428465286, 669, 271, 398, 1, 1, 2
1546, 1, 1636428464640, 1636428465310, 670, 265, 405, 0, 0, 0
1547, 1, 1636428464701, 1636428465362, 661, 262, 399, 1, 0, 1
1548, 1, 1636428464754, 1636428465418, 664, 270, 394, 1, 0, 1
1549, 1, 1636428464788, 1636428465590, 802, 411, 391, 0, 1, 1
1550, 1, 1636428464968, 1636428465630, 662, 266, 396, 0, 0, 0
1551, 1, 1636428465132, 1636428465798, 666, 271, 395, 2, 1, 3
1552, 1, 1636428465159, 1636428465830, 671, 270, 401, 1, 0, 1
1553, 1, 1636428465314, 1636428465986, 672, 269, 403, 0, 0, 0
1555, 1, 1636428465747, 1636428466414, 667, 269, 398, 1, 0, 1
1556, 1, 1636428465780, 1636428466450, 670, 270, 400, 0, 0, 0
1557, 1, 1636428465809, 1636428466486, 677, 270, 407, 1, 0, 1
1558, 1, 1636428466024, 1636428466694, 670, 271, 399, 0, 0, 0
1560, 1, 1636428466237, 1636428466906, 669, 269, 400, 0, 0, 0
1561, 1, 1636428466240, 1636428466914, 674, 270, 404, 1, 0, 1
1559, 1, 1636428466167, 1636428466970, 803, 403, 400, 0, 1, 1
1562, 1, 1636428466580, 1636428467258, 678, 269, 409, 1, 0, 1
1563, 1, 1636428466603, 1636428467266, 663, 269, 394, 2, 0, 2
1564, 1, 1636428466650, 1636428467310, 660, 264, 396, 0, 0, 0
1567, 1, 1636428466739, 1636428467410, 671, 270, 401, 1, 0, 1
1565, 1, 1636428466671, 1636428467534, 863, 467, 396, 1, 0, 1
1568, 1, 1636428467032, 1636428467694, 662, 266, 396, 0, 0, 0
1569, 1, 1636428467035, 1636428467706, 671, 275, 396, 0, 0, 0
1570, 1, 1636428467212, 1636428467886, 674, 274, 400, 1, 0, 1
1571, 1, 1636428467441, 1636428468114, 673, 267, 406, 0, 0, 0
1572, 1, 1636428467736, 1636428468406, 670, 270, 400, 1, 0, 1
1573, 1, 1636428467748, 1636428468414, 666, 270, 396, 0, 0, 0
1574, 1, 1636428467773, 1636428468442, 669, 271, 398, 1, 0, 1
1575, 1, 1636428467918, 1636428468586, 668, 266, 402, 1, 0, 1
1577, 1, 1636428468147, 1636428468814, 667, 271, 396, 0, 0, 0
1576, 1, 1636428468132, 1636428468854, 722, 326, 396, 2, 0, 2
1578, 1, 1636428468289, 1636428468950, 661, 266, 395, 1, 0, 1
1579, 1, 1636428468574, 1636428469250, 676, 274, 402, 1, 1, 2
1580, 1, 1636428468658, 1636428469326, 668, 274, 394, 0, 0, 0
1583, 1, 1636428468824, 1636428469490, 666, 267, 399, 0, 0, 0
1581, 1, 1636428468672, 1636428469518, 846, 450, 396, 0, 0, 0
1584, 1, 1636428468910, 1636428469570, 660, 263, 397, 1, 0, 1
1585, 1, 1636428468919, 1636428469582, 663, 263, 400, 0, 2, 2
1586, 1, 1636428469324, 1636428469986, 662, 266, 396, 1, 1, 2
1587, 1, 1636428469381, 1636428470058, 677, 275, 402, 0, 1, 1
1588, 1, 1636428469652, 1636428470322, 670, 271, 399, 0, 2, 2
1589, 1, 1636428469763, 1636428470438, 675, 273, 402, 0, 1, 1
1590, 1, 1636428469815, 1636428470486, 671, 272, 399, 0, 0, 0
1591, 1, 1636428469829, 1636428470498, 669, 269, 400, 2, 0, 2
1593, 1, 1636428470065, 1636428470742, 677, 270, 407, 1, 0, 1
1592, 1, 1636428470037, 1636428470758, 721, 322, 399, 2, 0, 2
1594, 1, 1636428470326, 1636428470994, 668, 270, 398, 1, 0, 1
1595, 1, 1636428470458, 1636428471126, 668, 268, 400, 0, 0, 0
1597, 1, 1636428470695, 1636428471366, 671, 273, 398, 0, 0, 0
1598, 1, 1636428470718, 1636428471390, 672, 271, 401, 0, 1, 1
1596, 1, 1636428470579, 1636428471398, 819, 422, 397, 0, 0, 0
1600, 1, 1636428470958, 1636428471634, 676, 270, 406, 1, 0, 1
1599, 1, 1636428470885, 1636428471666, 781, 382, 399, 0, 1, 1
1517, 2, 1636428461731, 1636428471906, 10175, 1, 10174, 0, 0, 0
1601, 1, 1636428471316, 1636428471982, 666, 268, 398, 0, 0, 0
1602, 1, 1636428471374, 1636428472046, 672, 273, 399, 0, 0, 0
1603, 1, 1636428471535, 1636428472202, 667, 269, 398, 0, 0, 0
1604, 1, 1636428471722, 1636428472402, 680, 274, 406, 1, 0, 1
1524, 2, 1636428462282, 1636428472457, 10175, 0, 10175, 0, 0, 0
1605, 1, 1636428471799, 1636428472466, 667, 269, 398, 0, 1, 1
1606, 1, 1636428471856, 1636428472530, 674, 270, 404, 1, 0, 1
1607, 1, 1636428472012, 1636428472722, 710, 314, 396, 1, 40, 41
1608, 1, 1636428472038, 1636428472746, 708, 274, 434, 1, 0, 1
1610, 1, 1636428472317, 1636428472998, 681, 274, 407, 1, 0, 1
1609, 1, 1636428472139, 1636428473022, 883, 473, 410, 1, 0, 1
1611, 1, 1636428472496, 1636428473166, 670, 274, 396, 0, 0, 0
1612, 1, 1636428472590, 1636428473293, 703, 269, 434, 0, 0, 0
1614, 1, 1636428472633, 1636428473298, 665, 266, 399, 0, 2, 2
1615, 1, 1636428472644, 1636428473310, 666, 262, 404, 1, 0, 1
1613, 1, 1636428472603, 1636428473442, 839, 438, 401, 0, 0, 0
1616, 1, 1636428472901, 1636428473562, 661, 262, 399, 0, 1, 1
1617, 1, 1636428472933, 1636428473606, 673, 271, 402, 0, 1, 1
1618, 1, 1636428473207, 1636428473874, 667, 267, 400, 0, 0, 0
1619, 1, 1636428473258, 1636428473918, 660, 262, 398, 0, 0, 0
1620, 1, 1636428473573, 1636428474238, 665, 267, 398, 0, 0, 0
1621, 1, 1636428473626, 1636428474302, 676, 271, 405, 0, 1, 1
1622, 1, 1636428473701, 1636428474370, 669, 270, 399, 1, 1, 2
1623, 1, 1636428473799, 1636428474462, 663, 267, 396, 0, 0, 0
1624, 1, 1636428473897, 1636428474570, 673, 271, 402, 1, 1, 2
1625, 1, 1636428473928, 1636428474594, 666, 274, 392, 1, 0, 1
1626, 1, 1636428474092, 1636428474870, 778, 381, 397, 1, 0, 1
1627, 1, 1636428474236, 1636428474906, 670, 269, 401, 1, 0, 1
1628, 1, 1636428474440, 1636428475106, 666, 271, 395, 0, 1, 1
1629, 1, 1636428474476, 1636428475142, 666, 266, 400, 0, 0, 0
1630, 1, 1636428474523, 1636428475182, 659, 267, 392, 0, 0, 0
1631, 1, 1636428474568, 1636428475234, 666, 270, 396, 1, 0, 1
1632, 1, 1636428474569, 1636428475378, 809, 414, 395, 0, 1, 1
1633, 1, 1636428474846, 1636428475514, 668, 268, 400, 0, 0, 0
1634, 1, 1636428474971, 1636428475638, 667, 267, 400, 0, 0, 0
1635, 1, 1636428475206, 1636428475874, 668, 271, 397, 0, 0, 0
1554, 2, 1636428465351, 1636428475902, 10551, 332, 10219, 0, 1, 1
1636, 1, 1636428475297, 1636428475958, 661, 267, 394, 0, 1, 1
1637, 1, 1636428475543, 1636428476266, 723, 318, 405, 1, 51, 52
1566, 1, 1636428466688, 1636428476354, 9666, 9272, 394, 1, 5, 6
1639, 1, 1636428475745, 1636428476442, 697, 266, 431, 2, 1, 3
1640, 1, 1636428475759, 1636428476450, 691, 275, 416, 2, 1, 3
1638, 1, 1636428475701, 1636428476454, 753, 275, 478, 1, 1, 2
1641, 1, 1636428475904, 1636428476562, 658, 261, 397, 0, 0, 0
1643, 1, 1636428475990, 1636428476698, 708, 275, 433, 0, 0, 0
1642, 1, 1636428475971, 1636428476722, 751, 354, 397, 0, 0, 0
1644, 1, 1636428476069, 1636428476830, 761, 363, 398, 1, 0, 1
1645, 1, 1636428476294, 1636428476954, 660, 266, 394, 0, 0, 0
1647, 1, 1636428476385, 1636428477058, 673, 270, 403, 0, 0, 0
1646, 1, 1636428476370, 1636428477078, 708, 275, 433, 1, 0, 1
1648, 1, 1636428476417, 1636428477106, 689, 282, 407, 0, 0, 0
1650, 1, 1636428476465, 1636428477130, 665, 266, 399, 0, 0, 0
1651, 1, 1636428476651, 1636428477314, 663, 266, 397, 0, 0, 0
1649, 1, 1636428476459, 1636428477338, 879, 474, 405, 1, 0, 1
1652, 1, 1636428476950, 1636428477618, 668, 269, 399, 0, 0, 0
1653, 1, 1636428476974, 1636428477642, 668, 269, 399, 1, 0, 1
1654, 1, 1636428477259, 1636428477934, 675, 274, 401, 1, 0, 1
1655, 1, 1636428477266, 1636428477938, 672, 274, 398, 0, 0, 0
1656, 1, 1636428477518, 1636428478194, 676, 270, 406, 0, 0, 0
1657, 1, 1636428477634, 1636428478310, 676, 273, 403, 0, 0, 0
1658, 1, 1636428477755, 1636428478414, 659, 267, 392, 1, 1, 2
1659, 1, 1636428477833, 1636428478486, 653, 259, 394, 0, 0, 0
1660, 1, 1636428477845, 1636428478514, 669, 271, 398, 0, 2, 2
1661, 1, 1636428477904, 1636428478590, 686, 290, 396, 0, 0, 0
1663, 1, 1636428478065, 1636428478730, 665, 268, 397, 0, 0, 0
1662, 1, 1636428478031, 1636428478754, 723, 326, 397, 0, 0, 0
1582, 2, 1636428468679, 1636428478861, 10182, 0, 10182, 0, 0, 0
1665, 1, 1636428478381, 1636428479038, 657, 263, 394, 0, 1, 1
1664, 1, 1636428478368, 1636428479046, 678, 270, 408, 0, 0, 0
1666, 1, 1636428478401, 1636428479070, 669, 266, 403, 0, 0, 0
1667, 1, 1636428478444, 1636428479126, 682, 286, 396, 0, 17, 17
1668, 1, 1636428478450, 1636428479130, 680, 278, 402, 0, 17, 17
1670, 1, 1636428478726, 1636428479402, 676, 274, 402, 1, 1, 2
1669, 1, 1636428478535, 1636428479402, 867, 474, 393, 0, 1, 1
1671, 1, 1636428478895, 1636428479562, 667, 271, 396, 2, 1, 3
1672, 1, 1636428478942, 1636428479610, 668, 266, 402, 0, 0, 0
1673, 1, 1636428478982, 1636428479690, 708, 264, 444, 1, 0, 1
1674, 1, 1636428479168, 1636428479842, 674, 274, 400, 1, 1, 2
1675, 1, 1636428479351, 1636428480018, 667, 270, 397, 1, 0, 1
1676, 1, 1636428479576, 1636428480242, 666, 270, 396, 1, 0, 1
1677, 1, 1636428479583, 1636428480254, 671, 275, 396, 0, 0, 0
1678, 1, 1636428479767, 1636428480430, 663, 266, 397, 0, 0, 0
1680, 1, 1636428479791, 1636428480466, 675, 275, 400, 0, 0, 0
1679, 1, 1636428479784, 1636428480522, 738, 341, 397, 0, 0, 0
1681, 1, 1636428479875, 1636428480546, 671, 274, 397, 1, 0, 1
1683, 1, 1636428480035, 1636428480714, 679, 282, 397, 1, 0, 1
1682, 1, 1636428480032, 1636428480826, 794, 393, 401, 0, 0, 0
1684, 1, 1636428480330, 1636428481006, 676, 270, 406, 0, 1, 1
1685, 1, 1636428480389, 1636428481054, 665, 270, 395, 0, 0, 0
1687, 1, 1636428480424, 1636428481090, 666, 275, 391, 2, 1, 3
1686, 1, 1636428480423, 1636428481094, 671, 273, 398, 0, 1, 1
1688, 1, 1636428480462, 1636428481134, 672, 268, 404, 0, 2, 2
1689, 1, 1636428480510, 1636428481318, 808, 410, 398, 1, 0, 1
1690, 1, 1636428480819, 1636428481486, 667, 271, 396, 1, 0, 1
1691, 1, 1636428480873, 1636428481538, 665, 270, 395, 1, 0, 1
1692, 1, 1636428480917, 1636428481578, 661, 266, 395, 1, 0, 1
1693, 1, 1636428480932, 1636428481602, 670, 273, 397, 0, 1, 1
1694, 1, 1636428481226, 1636428481894, 668, 271, 397, 1, 1, 2
1695, 1, 1636428481293, 1636428481966, 673, 271, 402, 0, 0, 0
1696, 1, 1636428481497, 1636428482162, 665, 266, 399, 1, 0, 1
1697, 1, 1636428481576, 1636428482254, 678, 273, 405, 1, 0, 1
1699, 1, 1636428481802, 1636428482470, 668, 269, 399, 0, 0, 0
1700, 1, 1636428481823, 1636428482490, 667, 270, 397, 0, 1, 1
1698, 1, 1636428481770, 1636428482534, 764, 353, 411, 0, 0, 0
1701, 1, 1636428481913, 1636428482578, 665, 266, 399, 1, 0, 1
1703, 1, 1636428482121, 1636428482786, 665, 258, 407, 0, 0, 0
1702, 1, 1636428482119, 1636428482858, 739, 334, 405, 2, 0, 2
1704, 1, 1636428482403, 1636428483074, 671, 274, 397, 1, 0, 1
1705, 1, 1636428482425, 1636428483106, 681, 269, 412, 0, 0, 0
1706, 1, 1636428482446, 1636428483114, 668, 262, 406, 0, 0, 0
1707, 1, 1636428482466, 1636428483126, 660, 262, 398, 0, 0, 0
1708, 1, 1636428482508, 1636428483174, 666, 270, 396, 0, 0, 0
1709, 1, 1636428482560, 1636428483386, 826, 425, 401, 1, 0, 1
1710, 1, 1636428482761, 1636428483422, 661, 266, 395, 0, 0, 0
1711, 1, 1636428482815, 1636428483486, 671, 274, 397, 0, 0, 0
1712, 1, 1636428482964, 1636428483634, 670, 273, 397, 0, 0, 0
1713, 1, 1636428483047, 1636428483714, 667, 274, 393, 0, 0, 0
1714, 1, 1636428483148, 1636428483814, 666, 270, 396, 1, 0, 1
1715, 1, 1636428483354, 1636428484026, 672, 274, 398, 1, 0, 1
1716, 1, 1636428483533, 1636428484210, 677, 274, 403, 0, 0, 0
1717, 1, 1636428483609, 1636428484282, 673, 269, 404, 0, 0, 0
1718, 1, 1636428483801, 1636428484478, 677, 273, 404, 0, 0, 0
1719, 1, 1636428483811, 1636428484554, 743, 346, 397, 1, 0, 1
1720, 1, 1636428483910, 1636428484586, 676, 271, 405, 1, 0, 1
1721, 1, 1636428483949, 1636428484614, 665, 271, 394, 1, 0, 1
1722, 1, 1636428484188, 1636428484854, 666, 274, 392, 0, 0, 0
1723, 1, 1636428484220, 1636428484898, 678, 272, 406, 0, 0, 0
1724, 1, 1636428484293, 1636428484974, 681, 274, 407, 0, 0, 0
1725, 1, 1636428484471, 1636428485138, 667, 270, 397, 1, 0, 1
1726, 1, 1636428484478, 1636428485150, 672, 270, 402, 0, 0, 0
1727, 1, 1636428484503, 1636428485162, 659, 266, 393, 0, 0, 0
1728, 1, 1636428484575, 1636428485230, 655, 262, 393, 0, 0, 0
1729, 1, 1636428484604, 1636428485426, 822, 430, 392, 0, 0, 0
1730, 1, 1636428484785, 1636428485450, 665, 268, 397, 0, 0, 0
1731, 1, 1636428484807, 1636428485470, 663, 267, 396, 0, 0, 0
1732, 1, 1636428484942, 1636428485618, 676, 271, 405, 0, 0, 0
1733, 1, 1636428485033, 1636428485690, 657, 262, 395, 0, 0, 0
1734, 1, 1636428485184, 1636428485850, 666, 270, 396, 1, 0, 1
1735, 1, 1636428485353, 1636428486022, 669, 270, 399, 0, 1, 1
1736, 1, 1636428485566, 1636428486246, 680, 277, 403, 1, 1, 2
1737, 1, 1636428485647, 1636428486318, 671, 271, 400, 0, 0, 0
1738, 1, 1636428485818, 1636428486486, 668, 270, 398, 0, 1, 1
1740, 1, 1636428485888, 1636428486562, 674, 270, 404, 0, 1, 1
1741, 1, 1636428485916, 1636428486582, 666, 267, 399, 2, 1, 3
1739, 1, 1636428485867, 1636428486594, 727, 331, 396, 1, 0, 1
1743, 1, 1636428486173, 1636428486846, 673, 270, 403, 0, 0, 0
1742, 1, 1636428486121, 1636428486854, 733, 331, 402, 1, 0, 1
1744, 1, 1636428486213, 1636428486874, 661, 266, 395, 0, 0, 0
1746, 1, 1636428486457, 1636428487130, 673, 270, 403, 0, 0, 0
1745, 1, 1636428486456, 1636428487138, 682, 278, 404, 0, 1, 1
1747, 1, 1636428486497, 1636428487154, 657, 258, 399, 0, 0, 0
1749, 1, 1636428486603, 1636428487270, 667, 269, 398, 0, 0, 0
1748, 1, 1636428486583, 1636428487406, 823, 430, 393, 0, 0, 0
1751, 1, 1636428486810, 1636428487482, 672, 269, 403, 1, 1, 2
1750, 1, 1636428486809, 1636428487482, 673, 266, 407, 0, 1, 1
1752, 1, 1636428486959, 1636428487622, 663, 266, 397, 0, 0, 0
1753, 1, 1636428487160, 1636428487822, 662, 270, 392, 0, 1, 1
1754, 1, 1636428487291, 1636428487970, 679, 270, 409, 2, 0, 2
1755, 1, 1636428487384, 1636428488054, 670, 271, 399, 1, 0, 1
1756, 1, 1636428487452, 1636428488126, 674, 277, 397, 1, 0, 1
1757, 1, 1636428487736, 1636428488410, 674, 276, 398, 0, 0, 0
1759, 1, 1636428487904, 1636428488574, 670, 269, 401, 0, 0, 0
1760, 1, 1636428487921, 1636428488594, 673, 266, 407, 0, 0, 0
1761, 1, 1636428487962, 1636428488630, 668, 274, 394, 0, 0, 0
1758, 1, 1636428487898, 1636428488678, 780, 382, 398, 0, 0, 0
1763, 1, 1636428488167, 1636428488838, 671, 270, 401, 0, 0, 0
1762, 1, 1636428488152, 1636428488902, 750, 355, 395, 0, 1, 1
1764, 1, 1636428488335, 1636428488998, 663, 270, 393, 0, 0, 0
1765, 1, 1636428488473, 1636428489142, 669, 271, 398, 2, 1, 3
1766, 1, 1636428488479, 1636428489166, 687, 294, 393, 1, 0, 1
1767, 1, 1636428488593, 1636428489258, 665, 266, 399, 1, 1, 2
1769, 1, 1636428488726, 1636428489398, 672, 270, 402, 0, 1, 1
1768, 1, 1636428488693, 1636428489426, 733, 334, 399, 0, 1, 1
1771, 1, 1636428488848, 1636428489506, 658, 262, 396, 0, 0, 0
1770, 1, 1636428488841, 1636428489534, 693, 298, 395, 0, 1, 1
1772, 1, 1636428489040, 1636428489706, 666, 271, 395, 1, 1, 2
1773, 1, 1636428489061, 1636428489734, 673, 271, 402, 0, 0, 0
1774, 1, 1636428489270, 1636428489946, 676, 270, 406, 0, 0, 0
1775, 1, 1636428489333, 1636428490006, 673, 270, 403, 3, 0, 3
1776, 1, 1636428489469, 1636428490142, 673, 269, 404, 0, 0, 0
1777, 1, 1636428489637, 1636428490310, 673, 270, 403, 1, 0, 1
1779, 1, 1636428489889, 1636428490558, 669, 270, 399, 0, 0, 0
1778, 1, 1636428489832, 1636428490582, 750, 351, 399, 0, 0, 0
1780, 1, 1636428489971, 1636428490642, 671, 274, 397, 1, 0, 1
1781, 1, 1636428489988, 1636428490650, 662, 267, 395, 0, 0, 0
1782, 1, 1636428490199, 1636428490862, 663, 268, 395, 1, 0, 1
1784, 1, 1636428490227, 1636428490890, 663, 270, 393, 0, 0, 0
1783, 1, 1636428490215, 1636428490922, 707, 310, 397, 1, 0, 1
1785, 1, 1636428490548, 1636428491206, 658, 267, 391, 0, 2, 2
1786, 1, 1636428490564, 1636428491226, 662, 267, 395, 0, 1, 1
1787, 1, 1636428490576, 1636428491246, 670, 265, 405, 0, 0, 0
1788, 1, 1636428490666, 1636428491342, 676, 273, 403, 1, 0, 1
1789, 1, 1636428490715, 1636428491502, 787, 395, 392, 0, 1, 1
1790, 1, 1636428490718, 1636428491518, 800, 402, 398, 0, 0, 0
1792, 1, 1636428490920, 1636428491590, 670, 275, 395, 1, 1, 2
1791, 1, 1636428490916, 1636428491594, 678, 274, 404, 1, 1, 2
1793, 1, 1636428491029, 1636428491702, 673, 270, 403, 1, 0, 1
1794, 1, 1636428491286, 1636428491954, 668, 266, 402, 1, 0, 1
1795, 1, 1636428491417, 1636428492090, 673, 270, 403, 0, 0, 0
1796, 1, 1636428491536, 1636428492206, 670, 270, 400, 1, 1, 2
1797, 1, 1636428491662, 1636428492334, 672, 271, 401, 1, 1, 2
1799, 1, 1636428491933, 1636428492602, 669, 271, 398, 3, 1, 4
1798, 1, 1636428491890, 1636428492610, 720, 314, 406, 0, 1, 1
1800, 1, 1636428491939, 1636428492610, 671, 270, 401, 1, 1, 2
1801, 1, 1636428492105, 1636428492766, 661, 262, 399, 1, 0, 1
1803, 1, 1636428492243, 1636428492906, 663, 266, 397, 0, 0, 0
1802, 1, 1636428492241, 1636428492910, 669, 270, 399, 0, 0, 0
1804, 1, 1636428492244, 1636428493046, 802, 405, 397, 1, 0, 1
1805, 1, 1636428492545, 1636428493226, 681, 274, 407, 1, 0, 1
1806, 1, 1636428492643, 1636428493314, 671, 274, 397, 0, 0, 0
1807, 1, 1636428492653, 1636428493330, 677, 270, 407, 0, 0, 0
1809, 1, 1636428492797, 1636428493466, 669, 270, 399, 1, 0, 1
1811, 1, 1636428492818, 1636428493482, 664, 270, 394, 1, 0, 1
1808, 1, 1636428492693, 1636428493498, 805, 405, 400, 0, 0, 0
1812, 1, 1636428492931, 1636428493594, 663, 270, 393, 0, 0, 0
1810, 1, 1636428492812, 1636428493610, 798, 399, 399, 1, 0, 1
1813, 1, 1636428493039, 1636428493706, 667, 270, 397, 0, 0, 0
1814, 1, 1636428493389, 1636428494062, 673, 275, 398, 0, 0, 0
1815, 1, 1636428493504, 1636428494170, 666, 271, 395, 1, 0, 1
1816, 1, 1636428493506, 1636428494174, 668, 270, 398, 0, 0, 0
1817, 1, 1636428493742, 1636428494414, 672, 271, 401, 2, 1, 3
1818, 1, 1636428493852, 1636428494522, 670, 266, 404, 0, 0, 0
1819, 1, 1636428493949, 1636428494618, 669, 265, 404, 0, 0, 0
1820, 1, 1636428493969, 1636428494686, 717, 318, 399, 0, 1, 1
1821, 1, 1636428494028, 1636428494702, 674, 270, 404, 0, 0, 0
1823, 1, 1636428494279, 1636428494946, 667, 270, 397, 0, 0, 0
1824, 1, 1636428494290, 1636428494966, 676, 270, 406, 2, 0, 2
1822, 1, 1636428494182, 1636428494966, 784, 387, 397, 0, 1, 1
1826, 1, 1636428494555, 1636428495222, 667, 271, 396, 0, 0, 0
1825, 1, 1636428494517, 1636428495250, 733, 330, 403, 0, 0, 0
1827, 1, 1636428494741, 1636428495405, 664, 266, 398, 1, 0, 1
1828, 1, 1636428494778, 1636428495494, 716, 321, 395, 1, 0, 1
1829, 1, 1636428494840, 1636428495498, 658, 265, 393, 2, 0, 2
1830, 1, 1636428494863, 1636428495522, 659, 263, 396, 1, 1, 2
1832, 1, 1636428494958, 1636428495622, 664, 266, 398, 0, 1, 1
1831, 1, 1636428494924, 1636428495682, 758, 360, 398, 0, 2, 2
1833, 1, 1636428495056, 1636428495722, 666, 266, 400, 0, 1, 1
1834, 1, 1636428495358, 1636428496022, 664, 266, 398, 0, 0, 0
1835, 1, 1636428495530, 1636428496202, 672, 270, 402, 2, 0, 2
1836, 1, 1636428495547, 1636428496230, 683, 274, 409, 1, 0, 1
1837, 1, 1636428495819, 1636428496490, 671, 271, 400, 0, 0, 0
1838, 1, 1636428495867, 1636428496538, 671, 270, 401, 0, 0, 0
1839, 1, 1636428495917, 1636428496594, 677, 271, 406, 0, 1, 1
1840, 1, 1636428496056, 1636428496766, 710, 311, 399, 0, 1, 1
1841, 1, 1636428496111, 1636428496774, 663, 270, 393, 1, 0, 1
1842, 1, 1636428496246, 1636428496910, 664, 267, 397, 0, 0, 0
1844, 1, 1636428496359, 1636428497014, 655, 258, 397, 0, 0, 0
1843, 1, 1636428496289, 1636428497058, 769, 367, 402, 0, 1, 1
1845, 1, 1636428496473, 1636428497146, 673, 271, 402, 1, 1, 2
1846, 1, 1636428496589, 1636428497330, 741, 342, 399, 1, 0, 1
1847, 1, 1636428496691, 1636428497418, 727, 331, 396, 1, 1, 2
1848, 1, 1636428496766, 1636428497446, 680, 275, 405, 0, 1, 1
1849, 1, 1636428496889, 1636428497554, 665, 270, 395, 0, 1, 1
1851, 1, 1636428496952, 1636428497614, 662, 271, 391, 0, 0, 0
1850, 1, 1636428496935, 1636428497714, 779, 382, 397, 0, 0, 0
1852, 1, 1636428497061, 1636428497726, 665, 266, 399, 0, 1, 1
1853, 1, 1636428497121, 1636428497786, 665, 270, 395, 0, 0, 0
1854, 1, 1636428497401, 1636428498066, 665, 266, 399, 0, 0, 0
1855, 1, 1636428497524, 1636428498194, 670, 271, 399, 0, 1, 1
1856, 1, 1636428497538, 1636428498210, 672, 273, 399, 0, 0, 0
1857, 1, 1636428497692, 1636428498362, 670, 266, 404, 1, 1, 2
1858, 1, 1636428497933, 1636428498606, 673, 270, 403, 1, 0, 1
1859, 1, 1636428497938, 1636428498606, 668, 271, 397, 0, 1, 1
1860, 1, 1636428497956, 1636428498630, 674, 270, 404, 0, 0, 0
1861, 1, 1636428498173, 1636428498830, 657, 262, 395, 0, 0, 0
1862, 1, 1636428498292, 1636428498970, 678, 279, 399, 1, 0, 1
1863, 1, 1636428498299, 1636428498982, 683, 278, 405, 2, 0, 2
1864, 1, 1636428498357, 1636428499110, 753, 351, 402, 1, 1, 2
1865, 1, 1636428498539, 1636428499214, 675, 268, 407, 0, 0, 0
1866, 1, 1636428498632, 1636428499382, 750, 355, 395, 0, 0, 0
1867, 1, 1636428498773, 1636428499490, 717, 319, 398, 1, 0, 1
1868, 1, 1636428498827, 1636428499502, 675, 274, 401, 0, 0, 0
1869, 1, 1636428498874, 1636428499546, 672, 271, 401, 0, 1, 1
1871, 1, 1636428499006, 1636428499670, 664, 269, 395, 0, 0, 0
1872, 1, 1636428499072, 1636428499742, 670, 271, 399, 1, 1, 2
1870, 1, 1636428498943, 1636428499782, 839, 438, 401, 1, 0, 1
1873, 1, 1636428499151, 1636428499814, 663, 267, 396, 0, 0, 0
1874, 1, 1636428499319, 1636428499994, 675, 272, 403, 0, 1, 1
1875, 1, 1636428499479, 1636428500150, 671, 266, 405, 0, 0, 0
1876, 1, 1636428499590, 1636428500266, 676, 273, 403, 1, 0, 1
1877, 1, 1636428499776, 1636428500446, 670, 268, 402, 0, 0, 0
1878, 1, 1636428499815, 1636428500482, 667, 270, 397, 0, 0, 0
1879, 1, 1636428499954, 1636428500630, 676, 270, 406, 0, 0, 0
1880, 1, 1636428500040, 1636428500718, 678, 281, 397, 0, 0, 0
1881, 1, 1636428500056, 1636428500718, 662, 270, 392, 2, 0, 2
1882, 1, 1636428500272, 1636428500934, 662, 266, 396, 1, 0, 1
1883, 1, 1636428500356, 1636428501022, 666, 270, 396, 0, 0, 0
1884, 1, 1636428500370, 1636428501030, 660, 263, 397, 1, 0, 1
1885, 1, 1636428500560, 1636428501230, 670, 270, 400, 0, 0, 0
1886, 1, 1636428500631, 1636428501294, 663, 270, 393, 0, 0, 0
1887, 1, 1636428500760, 1636428501422, 662, 270, 392, 0, 1, 1
1888, 1, 1636428500767, 1636428501438, 671, 274, 397, 0, 0, 0
1889, 1, 1636428500872, 1636428501542, 670, 270, 400, 2, 0, 2
1891, 1, 1636428500929, 1636428501586, 657, 262, 395, 0, 0, 0
1892, 1, 1636428501002, 1636428501670, 668, 270, 398, 0, 0, 0
1893, 1, 1636428501028, 1636428501694, 666, 269, 397, 1, 0, 1
1890, 1, 1636428500873, 1636428501722, 849, 448, 401, 0, 0, 0
1894, 1, 1636428501384, 1636428502054, 670, 270, 400, 1, 0, 1
1896, 1, 1636428501611, 1636428502282, 671, 273, 398, 1, 1, 2
1895, 1, 1636428501610, 1636428502282, 672, 273, 399, 1, 0, 1
1897, 1, 1636428501841, 1636428502506, 665, 263, 402, 0, 0, 0
1898, 1, 1636428501892, 1636428502558, 666, 269, 397, 0, 0, 0
1899, 1, 1636428501927, 1636428502594, 667, 270, 397, 1, 0, 1
1901, 1, 1636428502168, 1636428502830, 662, 267, 395, 0, 0, 0
1900, 1, 1636428502156, 1636428502850, 694, 287, 407, 1, 0, 1
1902, 1, 1636428502183, 1636428502854, 671, 264, 407, 0, 0, 0
1903, 1, 1636428502448, 1636428503122, 674, 274, 400, 0, 0, 0
1904, 1, 1636428502483, 1636428503158, 675, 270, 405, 2, 0, 2
1905, 1, 1636428502487, 1636428503158, 671, 270, 401, 0, 0, 0
1906, 1, 1636428502656, 1636428503326, 670, 279, 391, 0, 0, 0
1908, 1, 1636428502760, 1636428503422, 662, 271, 391, 0, 0, 0
1909, 1, 1636428502890, 1636428503558, 668, 273, 395, 1, 0, 1
1911, 1, 1636428502946, 1636428503618, 672, 264, 408, 0, 0, 0
1912, 1, 1636428503045, 1636428503714, 669, 268, 401, 0, 2, 2
1913, 1, 1636428503139, 1636428503802, 663, 266, 397, 0, 0, 0
1910, 1, 1636428502898, 1636428503830, 932, 530, 402, 2, 0, 2
1914, 1, 1636428503405, 1636428504074, 669, 266, 403, 1, 1, 2
1915, 1, 1636428503499, 1636428504170, 671, 271, 400, 2, 0, 2
1916, 1, 1636428503653, 1636428504322, 669, 270, 399, 0, 0, 0
1917, 1, 1636428503866, 1636428504534, 668, 269, 399, 1, 0, 1
1918, 1, 1636428503954, 1636428504622, 668, 271, 397, 0, 1, 1
1921, 1, 1636428504088, 1636428504750, 662, 270, 392, 0, 0, 0
1920, 1, 1636428504061, 1636428504806, 745, 346, 399, 0, 0, 0
1922, 1, 1636428504211, 1636428504886, 675, 278, 397, 0, 0, 0
1923, 1, 1636428504361, 1636428505030, 669, 270, 399, 0, 0, 0
1924, 1, 1636428504502, 1636428505170, 668, 270, 398, 0, 0, 0
1925, 1, 1636428504513, 1636428505182, 669, 271, 398, 0, 1, 1
1926, 1, 1636428504550, 1636428505230, 680, 274, 406, 1, 0, 1
1927, 1, 1636428504871, 1636428505530, 659, 262, 397, 0, 0, 0
1928, 1, 1636428504937, 1636428505610, 673, 270, 403, 0, 0, 0
1930, 1, 1636428505062, 1636428505722, 660, 266, 394, 0, 0, 0
1931, 1, 1636428505171, 1636428505830, 659, 266, 393, 0, 0, 0
1929, 1, 1636428504989, 1636428505882, 893, 483, 410, 0, 0, 0
1933, 1, 1636428505292, 1636428505962, 670, 271, 399, 1, 0, 1
1934, 1, 1636428505555, 1636428506222, 667, 268, 399, 0, 0, 0
1935, 1, 1636428505721, 1636428506398, 677, 271, 406, 2, 1, 3
1939, 1, 1636428506115, 1636428506782, 667, 270, 397, 0, 1, 1
1940, 1, 1636428506143, 1636428506806, 663, 270, 393, 0, 0, 0
1941, 1, 1636428506445, 1636428507106, 661, 263, 398, 0, 1, 1
1942, 1, 1636428506500, 1636428507162, 662, 264, 398, 0, 0, 0
1944, 1, 1636428506669, 1636428507342, 673, 271, 402, 0, 1, 1
1945, 1, 1636428506948, 1636428507610, 662, 270, 392, 0, 0, 0
1947, 1, 1636428507005, 1636428507678, 673, 271, 402, 2, 0, 2
1949, 1, 1636428507169, 1636428507834, 665, 270, 395, 1, 0, 1
1948, 1, 1636428507013, 1636428507950, 937, 538, 399, 0, 0, 0
1950, 1, 1636428507347, 1636428508018, 671, 274, 397, 0, 1, 1
1951, 1, 1636428507663, 1636428508334, 671, 270, 401, 1, 0, 1
1953, 1, 1636428507988, 1636428508650, 662, 270, 392, 0, 0, 0
1954, 1, 1636428508248, 1636428508910, 662, 270, 392, 2, 0, 2
1955, 1, 1636428508506, 1636428509178, 672, 270, 402, 0, 1, 1
1956, 1, 1636428508599, 1636428509262, 663, 270, 393, 1, 0, 1
1957, 1, 1636428508605, 1636428509278, 673, 270, 403, 1, 0, 1
1958, 1, 1636428508947, 1636428509614, 667, 270, 397, 0, 0, 0
1961, 1, 1636428509177, 1636428509842, 665, 270, 395, 1, 0, 1
1959, 1, 1636428508967, 1636428509886, 919, 522, 397, 0, 0, 0
1963, 1, 1636428509549, 1636428510214, 665, 267, 398, 0, 0, 0
1964, 1, 1636428509949, 1636428510622, 673, 270, 403, 1, 1, 2
1965, 1, 1636428510187, 1636428510854, 667, 270, 397, 1, 0, 1
1966, 1, 1636428510385, 1636428511058, 673, 267, 406, 0, 0, 0
1967, 1, 1636428510546, 1636428511222, 676, 270, 406, 0, 0, 0
1968, 1, 1636428510561, 1636428511230, 669, 270, 399, 0, 0, 0
1969, 1, 1636428510866, 1636428511530, 664, 265, 399, 0, 0, 0
1970, 1, 1636428510962, 1636428511806, 844, 442, 402, 0, 1, 1
1971, 1, 1636428511215, 1636428511882, 667, 271, 396, 0, 1, 1
1972, 1, 1636428511445, 1636428512110, 665, 270, 395, 0, 1, 1
1973, 1, 1636428512040, 1636428512702, 662, 268, 394, 0, 0, 0
1974, 1, 1636428512091, 1636428512754, 663, 270, 393, 1, 1, 2
1907, 2, 1636428502760, 1636428513074, 10314, 97, 10217, 1, 2, 3
1976, 1, 1636428512540, 1636428513210, 670, 269, 401, 1, 0, 1
1977, 1, 1636428512652, 1636428513342, 690, 287, 403, 1, 13, 14
1978, 1, 1636428512762, 1636428513522, 760, 366, 394, 92, 0, 92
1937, 1, 1636428505994, 1636428513526, 7532, 7129, 403, 1, 1, 2
1980, 1, 1636428513166, 1636428513874, 708, 269, 439, 0, 0, 0
1981, 1, 1636428513207, 1636428513882, 675, 271, 404, 1, 0, 1
1982, 1, 1636428513364, 1636428514030, 666, 269, 397, 1, 0, 1
1919, 2, 1636428504056, 1636428514238, 10182, 0, 10182, 0, 0, 0
1983, 1, 1636428513545, 1636428514254, 709, 269, 440, 0, 0, 0
1984, 1, 1636428513934, 1636428514606, 672, 274, 398, 0, 0, 0
1985, 1, 1636428514080, 1636428514774, 694, 270, 424, 0, 0, 0
1986, 1, 1636428514424, 1636428515090, 666, 270, 396, 1, 1, 2
1987, 1, 1636428514646, 1636428515314, 668, 270, 398, 0, 0, 0
1988, 1, 1636428514688, 1636428515342, 654, 262, 392, 0, 0, 0
1932, 2, 1636428505267, 1636428515450, 10183, 1, 10182, 0, 1, 1
1989, 1, 1636428515142, 1636428515814, 672, 275, 397, 2, 1, 3
1990, 1, 1636428515218, 1636428515902, 684, 286, 398, 1, 16, 17
1991, 1, 1636428515391, 1636428516078, 687, 273, 414, 0, 0, 0
1936, 2, 1636428505983, 1636428516162, 10179, 0, 10179, 1, 0, 1
1992, 1, 1636428515594, 1636428516270, 676, 270, 406, 0, 0, 0
1938, 2, 1636428506089, 1636428516270, 10181, 0, 10181, 0, 0, 0
1993, 1, 1636428515835, 1636428516534, 699, 306, 393, 0, 37, 37
1943, 2, 1636428506631, 1636428516809, 10178, 0, 10178, 0, 0, 0
1994, 1, 1636428516169, 1636428516842, 673, 274, 399, 0, 2, 2
1995, 1, 1636428516463, 1636428517170, 707, 302, 405, 2, 32, 34
1946, 2, 1636428506999, 1636428517174, 10175, 0, 10175, 0, 0, 0
1996, 1, 1636428516531, 1636428517194, 663, 265, 398, 0, 0, 0
1997, 1, 1636428516723, 1636428517386, 663, 266, 397, 0, 0, 0
1952, 2, 1636428507684, 1636428517862, 10178, 1, 10177, 0, 0, 0
1998, 1, 1636428517200, 1636428517862, 662, 267, 395, 0, 0, 0
1999, 1, 1636428517298, 1636428517954, 656, 262, 394, 0, 0, 0
2000, 1, 1636428517364, 1636428518026, 662, 265, 397, 1, 0, 1
2001, 1, 1636428517594, 1636428518310, 716, 269, 447, 0, 0, 0
2002, 1, 1636428517748, 1636428518414, 666, 274, 392, 0, 0, 0
2003, 1, 1636428518111, 1636428518778, 667, 271, 396, 0, 0, 0
2004, 1, 1636428518402, 1636428519070, 668, 269, 399, 1, 0, 1
2005, 1, 1636428518450, 1636428519114, 664, 266, 398, 1, 0, 1
1960, 2, 1636428509073, 1636428519250, 10177, 0, 10177, 0, 0, 0
2006, 1, 1636428518597, 1636428519274, 677, 274, 403, 0, 1, 1
1962, 2, 1636428509377, 1636428519558, 10181, 1, 10180, 0, 1, 1
2007, 1, 1636428519275, 1636428519942, 667, 274, 393, 0, 1, 1
2008, 1, 1636428519325, 1636428520006, 681, 283, 398, 0, 12, 12
2009, 1, 1636428519393, 1636428520098, 705, 274, 431, 1, 0, 1
2010, 1, 1636428519676, 1636428520378, 702, 301, 401, 0, 0, 0
2011, 1, 1636428519865, 1636428520530, 665, 270, 395, 1, 0, 1
2012, 1, 1636428520058, 1636428520726, 668, 271, 397, 0, 0, 0
2013, 1, 1636428520396, 1636428521066, 670, 271, 399, 1, 1, 2
2014, 1, 1636428520505, 1636428521174, 669, 269, 400, 0, 0, 0
2015, 1, 1636428520519, 1636428521186, 667, 274, 393, 1, 0, 1
2016, 1, 1636428521290, 1636428521950, 660, 267, 393, 0, 0, 0
2017, 1, 1636428521303, 1636428521966, 663, 271, 392, 0, 1, 1
2018, 1, 1636428521412, 1636428522086, 674, 273, 401, 0, 0, 0
2019, 1, 1636428521572, 1636428522246, 674, 274, 400, 1, 1, 2
2020, 1, 1636428521870, 1636428522534, 664, 270, 394, 0, 0, 0
1975, 2, 1636428512465, 1636428522645, 10180, 0, 10180, 0, 0, 0
2021, 1, 1636428522185, 1636428522858, 673, 272, 401, 1, 1, 2
2022, 1, 1636428522454, 1636428523130, 676, 277, 399, 0, 1, 1
2023, 1, 1636428522525, 1636428523186, 661, 266, 395, 0, 1, 1
2024, 1, 1636428522596, 1636428523266, 670, 269, 401, 0, 0, 0
2025, 1, 1636428522774, 1636428523490, 716, 270, 446, 0, 1, 1
1979, 2, 1636428512948, 1636428523570, 10622, 315, 10307, 0, 2, 2
2026, 1, 1636428523245, 1636428524018, 773, 378, 395, 3, 110, 113
2027, 1, 1636428523347, 1636428524106, 759, 270, 489, 0, 0, 0
2028, 1, 1636428523379, 1636428524114, 735, 270, 465, 5, 1, 6
2030, 1, 1636428523573, 1636428524234, 661, 266, 395, 3, 0, 3
2037, 1, 1636428523575, 1636428524298, 723, 322, 401, 2, 2, 4
2039, 1, 1636428523658, 1636428524370, 712, 270, 442, 0, 1, 1
2038, 1, 1636428523657, 1636428524394, 737, 331, 406, 1, 1, 2
2029, 1, 1636428523572, 1636428524578, 1006, 606, 400, 0, 0, 0
2040, 1, 1636428523970, 1636428524634, 664, 271, 393, 1, 0, 1
2041, 1, 1636428524172, 1636428524838, 666, 271, 395, 0, 2, 2
2034, 1, 1636428523574, 1636428524858, 1284, 882, 402, 1, 1, 2
2042, 1, 1636428524441, 1636428525118, 677, 271, 406, 1, 0, 1
2043, 1, 1636428524532, 1636428525194, 662, 269, 393, 1, 0, 1
2044, 1, 1636428524624, 1636428525286, 662, 265, 397, 0, 0, 0
2045, 1, 1636428524752, 1636428525426, 674, 270, 404, 0, 0, 0
2046, 1, 1636428525299, 1636428525970, 671, 270, 401, 0, 0, 0
2047, 1, 1636428525316, 1636428525990, 674, 271, 403, 1, 0, 1
2049, 1, 1636428525425, 1636428526090, 665, 266, 399, 1, 0, 1
2052, 1, 1636428525501, 1636428526170, 669, 271, 398, 0, 1, 1
2053, 1, 1636428525642, 1636428526310, 668, 262, 406, 1, 0, 1
2054, 1, 1636428525703, 1636428526366, 663, 264, 399, 0, 0, 0
2055, 1, 1636428525854, 1636428526522, 668, 269, 399, 1, 0, 1
2056, 1, 1636428526208, 1636428526870, 662, 271, 391, 0, 0, 0
2057, 1, 1636428526418, 1636428527086, 668, 269, 399, 1, 0, 1
2058, 1, 1636428526476, 1636428527154, 678, 281, 397, 1, 0, 1
2059, 1, 1636428526509, 1636428527174, 665, 266, 399, 0, 0, 0
2060, 1, 1636428526791, 1636428527462, 671, 270, 401, 1, 0, 1
2061, 1, 1636428527269, 1636428527946, 677, 273, 404, 0, 1, 1
2062, 1, 1636428527315, 1636428527978, 663, 269, 394, 1, 0, 1
2063, 1, 1636428527450, 1636428528122, 672, 275, 397, 0, 1, 1
2064, 1, 1636428527601, 1636428528270, 669, 271, 398, 0, 2, 2
2065, 1, 1636428527728, 1636428528402, 674, 270, 404, 0, 0, 0
2066, 1, 1636428527754, 1636428528426, 672, 270, 402, 2, 0, 2
2068, 1, 1636428528289, 1636428528958, 669, 270, 399, 0, 0, 0
2069, 1, 1636428528315, 1636428528990, 675, 266, 409, 0, 0, 0
2071, 1, 1636428528528, 1636428529254, 726, 329, 397, 0, 0, 0
2072, 1, 1636428528707, 1636428529374, 667, 270, 397, 0, 1, 1
2074, 1, 1636428529386, 1636428530054, 668, 271, 397, 0, 1, 1
2075, 1, 1636428529458, 1636428530122, 664, 270, 394, 0, 1, 1
2076, 1, 1636428529517, 1636428530186, 669, 270, 399, 0, 1, 1
2077, 1, 1636428529647, 1636428530314, 667, 262, 405, 1, 0, 1
2078, 1, 1636428529736, 1636428530402, 666, 261, 405, 1, 0, 1
2079, 1, 1636428530293, 1636428530966, 673, 275, 398, 2, 0, 2
2081, 1, 1636428530502, 1636428531242, 740, 334, 406, 0, 0, 0
2083, 1, 1636428531350, 1636428532010, 660, 267, 393, 0, 1, 1
2084, 1, 1636428531359, 1636428532030, 671, 271, 400, 0, 1, 1
2087, 1, 1636428531628, 1636428532294, 666, 270, 396, 1, 1, 2
2086, 1, 1636428531534, 1636428532310, 776, 374, 402, 0, 0, 0
2088, 1, 1636428532309, 1636428532978, 669, 270, 399, 1, 0, 1
2089, 1, 1636428532525, 1636428533258, 733, 326, 407, 0, 1, 1
2031, 2, 1636428523574, 1636428533749, 10175, 1, 10174, 1, 1, 2
2036, 2, 1636428523575, 1636428533793, 10218, 2, 10216, 0, 2, 2
2033, 2, 1636428523574, 1636428533837, 10263, 0, 10263, 1, 0, 1
2035, 2, 1636428523575, 1636428533881, 10306, 1, 10305, 0, 0, 0
2032, 2, 1636428523574, 1636428533926, 10352, 2, 10350, 0, 2, 2
2090, 1, 1636428533367, 1636428534194, 827, 431, 396, 0, 158, 158
2091, 1, 1636428533443, 1636428534282, 839, 446, 393, 1, 173, 174
2092, 1, 1636428533511, 1636428534378, 867, 291, 576, 1, 20, 21
2093, 1, 1636428533645, 1636428534466, 821, 273, 548, 2, 0, 2
2096, 1, 1636428534151, 1636428534858, 707, 269, 438, 1, 0, 1
2048, 2, 1636428525420, 1636428535594, 10174, 0, 10174, 1, 0, 1
2050, 2, 1636428525445, 1636428535642, 10197, 0, 10197, 0, 1, 1
2051, 2, 1636428525484, 1636428535691, 10207, 0, 10207, 0, 0, 0
2101, 1, 1636428535403, 1636428536138, 735, 290, 445, 1, 24, 25
2102, 1, 1636428535442, 1636428536190, 748, 278, 470, 0, 0, 0
2103, 1, 1636428535490, 1636428536222, 732, 314, 418, 1, 0, 1
2104, 1, 1636428535721, 1636428536470, 749, 346, 403, 0, 0, 0
2106, 1, 1636428535902, 1636428536610, 708, 267, 441, 0, 0, 0
2108, 1, 1636428536156, 1636428536822, 666, 271, 395, 1, 1, 2
2107, 1, 1636428535906, 1636428536886, 980, 535, 445, 0, 0, 0
2105, 1, 1636428535902, 1636428537166, 1264, 818, 446, 0, 1, 1
2109, 1, 1636428537280, 1636428537954, 674, 270, 404, 1, 0, 1
2067, 2, 1636428527868, 1636428538041, 10173, 1, 10172, 0, 0, 0
2110, 1, 1636428537557, 1636428538222, 665, 270, 395, 0, 1, 1
2111, 1, 1636428537613, 1636428538310, 697, 298, 399, 0, 25, 25
2112, 1, 1636428537786, 1636428538494, 708, 311, 397, 0, 32, 32
2114, 1, 1636428537801, 1636428538498, 697, 291, 406, 0, 1, 1
2070, 2, 1636428528524, 1636428538697, 10173, 0, 10173, 0, 0, 0
2116, 1, 1636428538174, 1636428538878, 704, 266, 438, 0, 1, 1
2117, 1, 1636428538218, 1636428538882, 664, 271, 393, 1, 1, 2
2073, 2, 1636428529344, 1636428539522, 10178, 1, 10177, 1, 1, 2
2118, 1, 1636428538830, 1636428539538, 708, 271, 437, 0, 2, 2
2119, 1, 1636428539288, 1636428539978, 690, 290, 400, 0, 12, 12
2080, 1, 1636428530364, 1636428540021, 9657, 9259, 398, 1, 1, 2
2120, 1, 1636428539522, 1636428540146, 624, 270, 354, 2, 0, 2
2123, 1, 1636428539706, 1636428540378, 672, 268, 404, 0, 1, 1
2124, 1, 1636428539751, 1636428540418, 667, 270, 397, 0, 1, 1
2122, 1, 1636428539676, 1636428540418, 742, 342, 400, 0, 0, 0
2126, 1, 1636428540216, 1636428540882, 666, 269, 397, 0, 1, 1
2127, 1, 1636428540221, 1636428540886, 665, 271, 394, 0, 0, 0
2082, 2, 1636428530721, 1636428540902, 10181, 0, 10181, 0, 0, 0
2128, 1, 1636428540854, 1636428541526, 672, 274, 398, 0, 0, 0
2085, 2, 1636428531532, 1636428541710, 10178, 0, 10178, 0, 1, 1
2129, 1, 1636428541030, 1636428541742, 712, 270, 442, 0, 0, 0
2131, 1, 1636428541398, 1636428542074, 676, 278, 398, 0, 4, 4
2133, 1, 1636428541645, 1636428542334, 689, 271, 418, 0, 0, 0
2132, 1, 1636428541561, 1636428542346, 785, 371, 414, 0, 1, 1
2134, 1, 1636428541743, 1636428542402, 659, 262, 397, 0, 0, 0
2135, 1, 1636428541842, 1636428542550, 708, 266, 442, 0, 0, 0
2136, 1, 1636428542173, 1636428542850, 677, 274, 403, 0, 1, 1
2137, 1, 1636428542182, 1636428542850, 668, 271, 397, 0, 0, 0
2138, 1, 1636428542845, 1636428543510, 665, 270, 395, 0, 1, 1
2139, 1, 1636428543056, 1636428543726, 670, 269, 401, 0, 1, 1
2140, 1, 1636428543303, 1636428543970, 667, 271, 396, 1, 0, 1
2141, 1, 1636428543554, 1636428544246, 692, 295, 397, 0, 0, 0
2094, 2, 1636428534150, 1636428544374, 10224, 2, 10222, 0, 2, 2
2142, 1, 1636428543714, 1636428544378, 664, 270, 394, 3, 0, 3
2143, 1, 1636428543736, 1636428544398, 662, 270, 392, 1, 0, 1
2098, 2, 1636428534154, 1636428544422, 10268, 0, 10268, 0, 0, 0
2095, 2, 1636428534151, 1636428544470, 10319, 0, 10319, 0, 1, 1
2097, 2, 1636428534151, 1636428544518, 10367, 1, 10366, 0, 0, 0
2144, 1, 1636428543867, 1636428544538, 671, 270, 401, 0, 0, 0
2099, 2, 1636428534375, 1636428544566, 10191, 0, 10191, 0, 0, 0
2145, 1, 1636428544080, 1636428544922, 842, 450, 392, 0, 181, 181
2100, 1, 1636428534550, 1636428545062, 10512, 10110, 402, 0, 0, 0
2146, 1, 1636428544276, 1636428545102, 826, 266, 560, 0, 0, 0
2147, 1, 1636428544686, 1636428545394, 708, 273, 435, 0, 0, 0
2148, 1, 1636428544748, 1636428545418, 670, 270, 400, 0, 0, 0
2149, 1, 1636428544778, 1636428545490, 712, 270, 442, 0, 0, 0
2153, 1, 1636428545046, 1636428545718, 672, 266, 406, 0, 0, 0
2154, 1, 1636428545084, 1636428545802, 718, 273, 445, 0, 0, 0
2155, 1, 1636428545223, 1636428546070, 847, 454, 393, 1, 0, 1
2157, 1, 1636428545648, 1636428546310, 662, 270, 392, 0, 0, 0
2156, 1, 1636428545513, 1636428546353, 840, 433, 407, 0, 0, 0
2158, 1, 1636428545752, 1636428546418, 666, 269, 397, 0, 0, 0
2159, 1, 1636428545847, 1636428546514, 667, 271, 396, 0, 0, 0
2160, 1, 1636428546106, 1636428546766, 660, 271, 389, 1, 0, 1
2161, 1, 1636428546174, 1636428546834, 660, 261, 399, 3, 0, 3
2162, 1, 1636428546732, 1636428547402, 670, 270, 400, 0, 0, 0
2163, 1, 1636428546752, 1636428547414, 662, 271, 391, 1, 0, 1
2164, 1, 1636428546772, 1636428547446, 674, 274, 400, 0, 1, 1
2165, 1, 1636428546954, 1636428547626, 672, 268, 404, 1, 0, 1
2166, 1, 1636428547133, 1636428547810, 677, 269, 408, 0, 0, 0
2113, 2, 1636428537797, 1636428547978, 10181, 1, 10180, 0, 1, 1
2115, 2, 1636428537848, 1636428548030, 10182, 0, 10182, 0, 0, 0
2167, 1, 1636428547304, 1636428548078, 774, 382, 392, 0, 0, 0
2169, 1, 1636428547608, 1636428548294, 686, 291, 395, 0, 17, 17
2170, 1, 1636428547655, 1636428548338, 683, 282, 401, 0, 17, 17
2168, 1, 1636428547595, 1636428548381, 786, 395, 391, 1, 25, 26
2171, 1, 1636428547929, 1636428548598, 669, 267, 402, 0, 0, 0
2172, 1, 1636428548076, 1636428548738, 662, 265, 397, 1, 0, 1
2174, 1, 1636428548216, 1636428548878, 662, 266, 396, 1, 0, 1
2173, 1, 1636428548158, 1636428548878, 720, 270, 450, 1, 0, 1
2175, 1, 1636428548410, 1636428549154, 744, 298, 446, 0, 1, 1
2176, 1, 1636428548626, 1636428549290, 664, 271, 393, 0, 0, 0
2177, 1, 1636428548771, 1636428549442, 671, 271, 400, 0, 0, 0
2178, 1, 1636428548898, 1636428549562, 664, 271, 393, 0, 2, 2
2179, 1, 1636428548979, 1636428549650, 671, 270, 401, 0, 2, 2
2180, 1, 1636428549064, 1636428549750, 686, 273, 413, 1, 1, 2
2121, 2, 1636428539650, 1636428549873, 10223, 0, 10223, 1, 0, 1
2181, 1, 1636428549237, 1636428550026, 789, 390, 399, 0, 1, 1
2183, 1, 1636428549528, 1636428550230, 702, 303, 399, 1, 32, 33
2125, 2, 1636428540023, 1636428550233, 10210, 0, 10210, 0, 0, 0
2182, 1, 1636428549482, 1636428550322, 840, 437, 403, 0, 24, 24
2184, 1, 1636428549686, 1636428550354, 668, 267, 401, 1, 1, 2
2185, 1, 1636428549874, 1636428550534, 660, 266, 394, 1, 0, 1
2187, 1, 1636428550010, 1636428550670, 660, 267, 393, 0, 3, 3
2130, 1, 1636428541264, 1636428550714, 9450, 9056, 394, 0, 0, 0
2188, 1, 1636428550095, 1636428550762, 667, 258, 409, 1, 0, 1
2189, 1, 1636428550317, 1636428550982, 665, 266, 399, 1, 1, 2
2190, 1, 1636428550362, 1636428551034, 672, 269, 403, 0, 0, 0
2192, 1, 1636428550587, 1636428551246, 659, 266, 393, 1, 0, 1
2193, 1, 1636428550728, 1636428551386, 658, 262, 396, 0, 0, 0
2195, 1, 1636428550948, 1636428551614, 666, 269, 397, 0, 0, 0
2196, 1, 1636428550999, 1636428551666, 667, 274, 393, 0, 0, 0
2197, 1, 1636428551103, 1636428551778, 675, 275, 400, 1, 1, 2
2198, 1, 1636428551156, 1636428551890, 734, 342, 392, 0, 0, 0
2200, 1, 1636428551498, 1636428552166, 668, 270, 398, 0, 0, 0
2199, 1, 1636428551477, 1636428552178, 701, 301, 400, 0, 0, 0
2201, 1, 1636428551790, 1636428552458, 668, 271, 397, 0, 1, 1
2202, 1, 1636428551797, 1636428552470, 673, 274, 399, 1, 0, 1
2203, 1, 1636428551913, 1636428552582, 669, 271, 398, 0, 1, 1
2204, 1, 1636428552195, 1636428552866, 671, 270, 401, 0, 0, 0
2205, 1, 1636428552206, 1636428552874, 668, 267, 401, 1, 0, 1
2206, 1, 1636428552355, 1636428553026, 671, 269, 402, 2, 0, 2
2207, 1, 1636428552674, 1636428553342, 668, 266, 402, 1, 0, 1
2208, 1, 1636428552809, 1636428553478, 669, 270, 399, 0, 0, 0
2209, 1, 1636428552878, 1636428553542, 664, 270, 394, 0, 1, 1
2210, 1, 1636428553036, 1636428553706, 670, 273, 397, 0, 0, 0
2211, 1, 1636428553195, 1636428553866, 671, 267, 404, 0, 1, 1
2212, 1, 1636428553273, 1636428553978, 705, 307, 398, 1, 0, 1
2213, 1, 1636428553495, 1636428554158, 663, 270, 393, 1, 1, 2
2214, 1, 1636428553577, 1636428554250, 673, 274, 399, 0, 1, 1
2215, 1, 1636428553686, 1636428554350, 664, 270, 394, 0, 0, 0
2216, 1, 1636428553797, 1636428554470, 673, 273, 400, 0, 1, 1
2217, 1, 1636428553889, 1636428554570, 681, 278, 403, 1, 1, 2
2218, 1, 1636428554070, 1636428554734, 664, 270, 394, 0, 0, 0
2219, 1, 1636428554239, 1636428554906, 667, 269, 398, 1, 0, 1
2220, 1, 1636428554307, 1636428554974, 667, 270, 397, 1, 0, 1
2152, 2, 1636428544779, 1636428555006, 10227, 0, 10227, 0, 0, 0
2151, 2, 1636428544779, 1636428555053, 10274, 1, 10273, 0, 0, 0
2150, 2, 1636428544778, 1636428555098, 10320, 1, 10319, 1, 1, 2
2221, 1, 1636428554568, 1636428555362, 794, 311, 483, 1, 45, 46
2222, 1, 1636428554712, 1636428555458, 746, 346, 400, 1, 77, 78
2223, 1, 1636428554862, 1636428555634, 772, 358, 414, 92, 0, 92
2224, 1, 1636428555007, 1636428555678, 671, 269, 402, 0, 0, 0
2225, 1, 1636428555098, 1636428555766, 668, 265, 403, 0, 0, 0
2226, 1, 1636428555187, 1636428555946, 759, 363, 396, 1, 1, 2
2230, 1, 1636428555513, 1636428556226, 713, 306, 407, 1, 0, 1
2231, 1, 1636428555570, 1636428556230, 660, 266, 394, 1, 0, 1
2232, 1, 1636428555606, 1636428556266, 660, 266, 394, 0, 0, 0
2233, 1, 1636428555873, 1636428556542, 669, 266, 403, 1, 0, 1
2234, 1, 1636428555891, 1636428556562, 671, 274, 397, 2, 0, 2
2235, 1, 1636428555963, 1636428556634, 671, 273, 398, 0, 0, 0
2236, 1, 1636428556197, 1636428556866, 669, 274, 395, 0, 0, 0
2237, 1, 1636428556276, 1636428556954, 678, 274, 404, 0, 0, 0
2238, 1, 1636428556516, 1636428557190, 674, 275, 399, 0, 0, 0
2239, 1, 1636428556765, 1636428557434, 669, 270, 399, 0, 0, 0
2240, 1, 1636428556786, 1636428557454, 668, 273, 395, 2, 0, 2
2241, 1, 1636428556935, 1636428557602, 667, 269, 398, 1, 0, 1
2242, 1, 1636428556996, 1636428557662, 666, 270, 396, 0, 0, 0
2243, 1, 1636428557139, 1636428557882, 743, 346, 397, 0, 0, 0
2245, 1, 1636428557474, 1636428558138, 664, 269, 395, 0, 0, 0
2244, 1, 1636428557397, 1636428558154, 757, 349, 408, 0, 1, 1
2246, 1, 1636428557632, 1636428558302, 670, 271, 399, 0, 0, 0
2247, 1, 1636428557834, 1636428558506, 672, 273, 399, 1, 0, 1
2248, 1, 1636428557850, 1636428558506, 656, 263, 393, 1, 1, 2
2249, 1, 1636428557856, 1636428558530, 674, 274, 400, 0, 0, 0
2250, 1, 1636428558181, 1636428558850, 669, 271, 398, 0, 0, 0
2251, 1, 1636428558220, 1636428558886, 666, 269, 397, 0, 0, 0
2252, 1, 1636428558486, 1636428559154, 668, 270, 398, 1, 0, 1
2253, 1, 1636428558769, 1636428559442, 673, 273, 400, 2, 0, 2
2254, 1, 1636428558806, 1636428559482, 676, 270, 406, 2, 0, 2
2255, 1, 1636428558833, 1636428559506, 673, 270, 403, 0, 0, 0
2256, 1, 1636428558889, 1636428559558, 669, 270, 399, 0, 0, 0
2257, 1, 1636428559084, 1636428559754, 670, 270, 400, 1, 0, 1
2258, 1, 1636428559364, 1636428560030, 666, 270, 396, 0, 0, 0
2259, 1, 1636428559429, 1636428560093, 664, 270, 394, 0, 0, 0
2260, 1, 1636428559563, 1636428560234, 671, 271, 400, 1, 0, 1
2186, 2, 1636428550010, 1636428560237, 10227, 0, 10227, 0, 0, 0
2262, 1, 1636428559730, 1636428560394, 664, 270, 394, 0, 0, 0
2263, 1, 1636428559736, 1636428560402, 666, 269, 397, 0, 0, 0
2261, 1, 1636428559729, 1636428560410, 681, 275, 406, 1, 1, 2
2191, 2, 1636428550370, 1636428560586, 10216, 0, 10216, 1, 0, 1
2264, 1, 1636428560075, 1636428560782, 707, 277, 430, 0, 0, 0
2265, 1, 1636428560166, 1636428560866, 700, 270, 430, 0, 1, 1
2194, 1, 1636428550736, 1636428561078, 10342, 9903, 439, 1, 2, 3
2267, 1, 1636428560602, 1636428561278, 676, 270, 406, 0, 0, 0
2269, 1, 1636428560704, 1636428561374, 670, 271, 399, 1, 1, 2
2271, 1, 1636428560873, 1636428561538, 665, 267, 398, 0, 0, 0
2274, 1, 1636428561160, 1636428561818, 658, 270, 388, 0, 0, 0
2275, 1, 1636428561371, 1636428562042, 671, 275, 396, 0, 2, 2
2276, 1, 1636428561471, 1636428562138, 667, 267, 400, 1, 1, 2
2277, 1, 1636428561480, 1636428562146, 666, 271, 395, 1, 0, 1
2278, 1, 1636428561641, 1636428562310, 669, 271, 398, 0, 1, 1
2279, 1, 1636428561681, 1636428562346, 665, 270, 395, 1, 1, 2
2280, 1, 1636428561863, 1636428562534, 671, 275, 396, 0, 0, 0
2281, 1, 1636428561992, 1636428562658, 666, 271, 395, 1, 0, 1
2282, 1, 1636428562263, 1636428562934, 671, 270, 401, 1, 0, 1
2284, 1, 1636428562679, 1636428563350, 671, 271, 400, 1, 0, 1
2285, 1, 1636428562772, 1636428563458, 686, 281, 405, 0, 1, 1
2287, 1, 1636428563360, 1636428564030, 670, 269, 401, 2, 0, 2
2289, 1, 1636428563528, 1636428564194, 666, 270, 396, 0, 0, 0
2290, 1, 1636428563554, 1636428564222, 668, 274, 394, 0, 1, 1
2291, 1, 1636428563558, 1636428564230, 672, 278, 394, 0, 0, 0
2292, 1, 1636428563850, 1636428564522, 672, 266, 406, 2, 0, 2
2293, 1, 1636428563891, 1636428564554, 663, 270, 393, 0, 1, 1
2294, 1, 1636428564250, 1636428564918, 668, 269, 399, 1, 0, 1
2295, 1, 1636428564771, 1636428565446, 675, 268, 407, 0, 0, 0
2296, 1, 1636428564782, 1636428565454, 672, 269, 403, 0, 0, 0
2229, 2, 1636428555407, 1636428565629, 10222, 0, 10222, 0, 0, 0
2227, 2, 1636428555406, 1636428565677, 10271, 0, 10271, 0, 0, 0
2228, 2, 1636428555406, 1636428565722, 10316, 1, 10315, 0, 1, 1
2299, 1, 1636428565480, 1636428566262, 782, 364, 418, 93, 0, 93
2300, 1, 1636428565494, 1636428566262, 768, 367, 401, 95, 1, 96
2298, 1, 1636428565454, 1636428566262, 808, 319, 489, 2, 1, 3
2297, 1, 1636428565454, 1636428566262, 808, 412, 396, 96, 0, 96
2304, 1, 1636428565842, 1636428566538, 696, 302, 394, 0, 0, 0
2305, 1, 1636428565884, 1636428566550, 666, 264, 402, 0, 0, 0
2306, 1, 1636428566286, 1636428566962, 676, 269, 407, 0, 0, 0
2308, 1, 1636428566730, 1636428567406, 676, 271, 405, 0, 1, 1
2309, 1, 1636428567407, 1636428568074, 667, 268, 399, 1, 0, 1
2310, 1, 1636428567446, 1636428568106, 660, 263, 397, 0, 1, 1
2311, 1, 1636428567485, 1636428568146, 661, 266, 395, 0, 1, 1
2312, 1, 1636428567531, 1636428568190, 659, 266, 393, 0, 0, 0
2313, 1, 1636428567840, 1636428568498, 658, 266, 392, 1, 0, 1
2314, 1, 1636428567916, 1636428568590, 674, 270, 404, 0, 0, 0
2315, 1, 1636428568318, 1636428568990, 672, 270, 402, 0, 1, 1
2316, 1, 1636428568669, 1636428569350, 681, 273, 408, 1, 0, 1
2317, 1, 1636428569305, 1636428569974, 669, 271, 398, 2, 0, 2
2318, 1, 1636428569317, 1636428569986, 669, 271, 398, 2, 0, 2
2319, 1, 1636428569530, 1636428570194, 664, 270, 394, 0, 0, 0
2320, 1, 1636428569789, 1636428570454, 665, 270, 395, 0, 0, 0
2321, 1, 1636428569894, 1636428570570, 676, 271, 405, 0, 1, 1
2266, 2, 1636428560366, 1636428570634, 10268, 0, 10268, 0, 0, 0
2268, 2, 1636428560656, 1636428570698, 10042, 0, 10042, 0, 0, 0
2270, 2, 1636428560718, 1636428570933, 10215, 0, 10215, 0, 0, 0
2272, 2, 1636428560882, 1636428570933, 10051, 0, 10051, 0, 0, 0
2322, 1, 1636428570297, 1636428570990, 693, 294, 399, 2, 25, 27
2273, 2, 1636428561079, 1636428571301, 10222, 0, 10222, 0, 0, 0
2323, 1, 1636428570738, 1636428571414, 676, 274, 402, 0, 1, 1
2326, 1, 1636428571326, 1636428571994, 668, 271, 397, 0, 0, 0
2327, 1, 1636428571392, 1636428572062, 670, 273, 397, 1, 0, 1
2328, 1, 1636428571417, 1636428572086, 669, 270, 399, 1, 0, 1
2330, 1, 1636428571810, 1636428572474, 664, 269, 395, 0, 4, 4
2331, 1, 1636428571910, 1636428572590, 680, 270, 410, 1, 0, 1
2283, 2, 1636428562657, 1636428572834, 10177, 1, 10176, 0, 0, 0
2332, 1, 1636428572419, 1636428573098, 679, 280, 399, 1, 12, 13
2286, 2, 1636428563274, 1636428573450, 10176, 0, 10176, 0, 0, 0
2288, 1, 1636428563486, 1636428573946, 10460, 10054, 406, 0, 0, 0
2334, 1, 1636428573391, 1636428574082, 691, 270, 421, 0, 0, 0
2335, 1, 1636428573450, 1636428574214, 764, 369, 395, 1, 0, 1
2338, 1, 1636428573977, 1636428574654, 677, 269, 408, 0, 0, 0
2339, 1, 1636428574487, 1636428575154, 667, 267, 400, 1, 0, 1
2340, 1, 1636428575274, 1636428575946, 672, 275, 397, 1, 0, 1
2301, 2, 1636428565810, 1636428576030, 10220, 1, 10219, 1, 0, 1
2303, 2, 1636428565811, 1636428576077, 10266, 0, 10266, 0, 0, 0
2302, 2, 1636428565810, 1636428576121, 10311, 0, 10311, 1, 0, 1
2341, 1, 1636428575560, 1636428576226, 666, 274, 392, 0, 0, 0
2342, 1, 1636428575945, 1636428576706, 761, 364, 397, 1, 91, 92
2307, 2, 1636428566675, 1636428576718, 10043, 0, 10043, 0, 0, 0
2344, 1, 1636428576210, 1636428576918, 708, 267, 441, 1, 0, 1
2346, 1, 1636428576392, 1636428577062, 670, 265, 405, 0, 0, 0
2345, 1, 1636428576211, 1636428577194, 983, 543, 440, 2, 1, 3
2343, 1, 1636428576210, 1636428577466, 1256, 812, 444, 0, 0, 0
2347, 1, 1636428577235, 1636428577898, 663, 270, 393, 1, 0, 1
2348, 1, 1636428577446, 1636428578114, 668, 269, 399, 0, 0, 0
2349, 1, 1636428578000, 1636428578670, 670, 270, 400, 1, 1, 2
2353, 1, 1636428578403, 1636428579074, 671, 271, 400, 1, 0, 1
2354, 1, 1636428579283, 1636428579950, 667, 271, 396, 1, 0, 1
2355, 1, 1636428579460, 1636428580138, 678, 275, 403, 0, 1, 1
2356, 1, 1636428579961, 1636428580634, 673, 270, 403, 0, 1, 1
2324, 2, 1636428570762, 1636428580985, 10223, 0, 10223, 0, 0, 0
2357, 1, 1636428580365, 1636428581034, 669, 269, 400, 0, 0, 0
2325, 2, 1636428571066, 1636428581281, 10215, 1, 10214, 0, 0, 0
2329, 2, 1636428571430, 1636428581645, 10215, 0, 10215, 1, 0, 1
2358, 1, 1636428581110, 1636428581818, 708, 265, 443, 0, 0, 0
2359, 1, 1636428581282, 1636428581910, 628, 274, 354, 0, 5, 5
2360, 1, 1636428581377, 1636428582038, 661, 265, 396, 0, 0, 0
2361, 1, 1636428581410, 1636428582118, 708, 268, 440, 0, 0, 0
2362, 1, 1636428581778, 1636428582486, 708, 271, 437, 2, 1, 3
2363, 1, 1636428582026, 1636428582702, 676, 274, 402, 1, 0, 1
2364, 1, 1636428582430, 1636428583102, 672, 269, 403, 0, 1, 1
2333, 2, 1636428572966, 1636428583182, 10216, 1, 10215, 0, 0, 0
2336, 2, 1636428573578, 1636428583794, 10216, 0, 10216, 0, 1, 1
2367, 1, 1636428583314, 1636428584058, 744, 310, 434, 0, 40, 40
2369, 1, 1636428583478, 1636428584154, 676, 271, 405, 1, 0, 1
2337, 2, 1636428573948, 1636428584169, 10221, 1, 10220, 0, 0, 0
2371, 1, 1636428583926, 1636428584626, 700, 266, 434, 1, 0, 1
2372, 1, 1636428584047, 1636428584714, 667, 265, 402, 1, 0, 1
2374, 1, 1636428584451, 1636428585118, 667, 268, 399, 1, 0, 1
2376, 1, 1636428585356, 1636428586026, 670, 270, 400, 1, 0, 1
2378, 1, 1636428585924, 1636428586594, 670, 274, 396, 0, 1, 1
2379, 1, 1636428586329, 1636428586998, 669, 269, 400, 1, 0, 1
2380, 1, 1636428587365, 1636428588038, 673, 270, 403, 0, 1, 1
2350, 2, 1636428578176, 1636428588358, 10182, 0, 10182, 1, 1, 2
2351, 2, 1636428578203, 1636428588402, 10199, 1, 10198, 1, 1, 2
2352, 2, 1636428578234, 1636428588450, 10216, 1, 10215, 0, 2, 2
2381, 1, 1636428587979, 1636428588718, 739, 291, 448, 1, 22, 23
2382, 1, 1636428588403, 1636428589074, 671, 269, 402, 0, 1, 1
2383, 1, 1636428588539, 1636428589250, 711, 269, 442, 0, 0, 0
2386, 1, 1636428589463, 1636428590138, 675, 275, 400, 1, 1, 2
2387, 1, 1636428590093, 1636428590770, 677, 275, 402, 1, 0, 1
2388, 1, 1636428590398, 1636428591070, 672, 268, 404, 0, 0, 0
2389, 1, 1636428590552, 1636428591226, 674, 273, 401, 0, 1, 1
2390, 1, 1636428591368, 1636428592038, 670, 276, 394, 1, 0, 1
2391, 1, 1636428592032, 1636428592698, 666, 271, 395, 1, 2, 3
2392, 1, 1636428592337, 1636428593014, 677, 269, 408, 1, 1, 2
2393, 1, 1636428592471, 1636428593142, 671, 269, 402, 0, 0, 0
2365, 2, 1636428583134, 1636428593318, 10184, 0, 10184, 0, 1, 1
2366, 2, 1636428583258, 1636428593430, 10172, 0, 10172, 0, 1, 1
2368, 2, 1636428583388, 1636428593561, 10173, 0, 10173, 0, 0, 0
2370, 2, 1636428583802, 1636428593982, 10180, 0, 10180, 0, 0, 0
2394, 1, 1636428593318, 1636428594010, 692, 300, 392, 3, 29, 32
2396, 1, 1636428593562, 1636428594266, 704, 269, 435, 0, 0, 0
2373, 2, 1636428584302, 1636428594390, 10088, 0, 10088, 0, 0, 0
2398, 1, 1636428593982, 1636428594658, 676, 275, 401, 2, 1, 3
2400, 1, 1636428594329, 1636428595002, 673, 268, 405, 1, 0, 1
2401, 1, 1636428594536, 1636428595206, 670, 274, 396, 0, 0, 0
2375, 2, 1636428585352, 1636428595530, 10178, 1, 10177, 0, 1, 1
2402, 1, 1636428595201, 1636428595886, 685, 287, 398, 0, 16, 16
2377, 1, 1636428585904, 1636428596022, 10118, 9727, 391, 0, 1, 1
2403, 1, 1636428595538, 1636428596290, 752, 358, 394, 0, 0, 0
2406, 1, 1636428596030, 1636428596702, 672, 270, 402, 1, 0, 1
2407, 1, 1636428596368, 1636428597042, 674, 269, 405, 0, 0, 0
2408, 1, 1636428596468, 1636428597142, 674, 269, 405, 0, 0, 0
2409, 1, 1636428597198, 1636428597870, 672, 270, 402, 1, 0, 1
2410, 1, 1636428597492, 1636428598166, 674, 278, 396, 0, 0, 0
2411, 1, 1636428597987, 1636428598658, 671, 269, 402, 0, 0, 0
2384, 2, 1636428588539, 1636428598762, 10223, 0, 10223, 0, 0, 0
2385, 2, 1636428588546, 1636428598810, 10264, 0, 10264, 0, 1, 1
2412, 1, 1636428598325, 1636428599078, 753, 302, 451, 0, 33, 33
2413, 1, 1636428598477, 1636428599170, 693, 295, 398, 0, 25, 25
2416, 1, 1636428599178, 1636428599842, 664, 270, 394, 0, 0, 0
2417, 1, 1636428599524, 1636428600194, 670, 274, 396, 0, 2, 2
2418, 1, 1636428600019, 1636428600686, 667, 269, 398, 0, 0, 0
2419, 1, 1636428600410, 1636428601082, 672, 270, 402, 1, 0, 1
2420, 1, 1636428600534, 1636428601210, 676, 273, 403, 0, 0, 0
2421, 1, 1636428601248, 1636428601922, 674, 274, 400, 1, 0, 1
2422, 1, 1636428601427, 1636428602102, 675, 273, 402, 0, 0, 0
2423, 1, 1636428601908, 1636428602574, 666, 270, 396, 0, 2, 2
2424, 1, 1636428602313, 1636428602982, 669, 268, 401, 0, 0, 0
2425, 1, 1636428602439, 1636428603110, 671, 269, 402, 0, 0, 0
2395, 2, 1636428593447, 1636428603699, 10252, 0, 10252, 0, 0, 0
2426, 1, 1636428603159, 1636428603842, 683, 273, 410, 0, 1, 1
2397, 2, 1636428593694, 1636428603909, 10215, 1, 10214, 1, 0, 1
2427, 1, 1636428603539, 1636428604270, 731, 301, 430, 0, 33, 33
2399, 2, 1636428594110, 1636428604333, 10223, 1, 10222, 0, 1, 1
2429, 1, 1636428604016, 1636428604698, 682, 283, 399, 1, 8, 9
2431, 1, 1636428604357, 1636428605030, 673, 271, 402, 0, 0, 0
2432, 1, 1636428604424, 1636428605094, 670, 273, 397, 0, 0, 0
2404, 2, 1636428595658, 1636428605873, 10215, 0, 10215, 0, 0, 0
2434, 1, 1636428605247, 1636428605914, 667, 271, 396, 0, 1, 1
2435, 1, 1636428605594, 1636428606262, 668, 275, 393, 1, 0, 1
2405, 1, 1636428596024, 1636428606362, 10338, 9907, 431, 0, 1, 1
2437, 1, 1636428606018, 1636428606690, 672, 271, 401, 1, 0, 1
2438, 1, 1636428606227, 1636428606902, 675, 274, 401, 0, 1, 1
2440, 1, 1636428606436, 1636428607106, 670, 271, 399, 0, 2, 2
2441, 1, 1636428607248, 1636428607922, 674, 278, 396, 0, 0, 0
2442, 1, 1636428607465, 1636428608134, 669, 273, 396, 0, 0, 0
2443, 1, 1636428607890, 1636428608570, 680, 270, 410, 1, 1, 2
2444, 1, 1636428608154, 1636428608822, 668, 268, 400, 0, 0, 0
2445, 1, 1636428608308, 1636428608978, 670, 270, 400, 0, 0, 0
2414, 2, 1636428599166, 1636428609390, 10224, 0, 10224, 1, 0, 1
2415, 2, 1636428599167, 1636428609433, 10266, 1, 10265, 0, 1, 1
2446, 1, 1636428609439, 1636428610114, 675, 271, 404, 1, 0, 1
2449, 1, 1636428609829, 1636428610502, 673, 269, 404, 0, 1, 1
2450, 1, 1636428610089, 1636428610758, 669, 270, 399, 0, 0, 0
2451, 1, 1636428610281, 1636428610950, 669, 265, 404, 1, 0, 1
2452, 1, 1636428611542, 1636428612218, 676, 273, 403, 0, 0, 0
2453, 1, 1636428611932, 1636428612602, 670, 274, 396, 0, 0, 0
2454, 1, 1636428612211, 1636428612882, 671, 273, 398, 1, 0, 1
2455, 1, 1636428612385, 1636428613062, 677, 271, 406, 0, 0, 0
2428, 2, 1636428603830, 1636428614053, 10223, 0, 10223, 0, 0, 0
2456, 1, 1636428613434, 1636428614102, 668, 271, 397, 0, 0, 0
2430, 2, 1636428604038, 1636428614253, 10215, 1, 10214, 0, 0, 0
2457, 1, 1636428613824, 1636428614522, 698, 299, 399, 1, 28, 29
2433, 2, 1636428604462, 1636428614681, 10219, 1, 10218, 0, 1, 1
2458, 1, 1636428614122, 1636428614786, 664, 266, 398, 0, 0, 0
2460, 1, 1636428614277, 1636428614946, 669, 270, 399, 0, 0, 0
2463, 1, 1636428615524, 1636428616198, 674, 271, 403, 1, 1, 2
2436, 2, 1636428606006, 1636428616222, 10216, 1, 10215, 0, 0, 0
2464, 1, 1636428615896, 1636428616578, 682, 286, 396, 1, 16, 17
2439, 1, 1636428606364, 1636428616714, 10350, 9919, 431, 0, 1, 1
2465, 1, 1636428616312, 1636428616982, 670, 269, 401, 2, 0, 2
2468, 1, 1636428617492, 1636428618162, 670, 270, 400, 0, 1, 1
2470, 1, 1636428618299, 1636428618974, 675, 270, 405, 1, 1, 2
2448, 2, 1636428609523, 1636428619746, 10223, 0, 10223, 1, 0, 1
2447, 2, 1636428609522, 1636428619789, 10267, 1, 10266, 0, 1, 1
2471, 1, 1636428619545, 1636428620238, 693, 299, 394, 0, 29, 29
2474, 1, 1636428620352, 1636428621031, 679, 267, 412, 0, 0, 0
2475, 1, 1636428621667, 1636428622342, 675, 273, 402, 0, 0, 0
2476, 1, 1636428622381, 1636428623050, 669, 270, 399, 1, 1, 2
2477, 1, 1636428623542, 1636428624206, 664, 267, 397, 1, 1, 2
2459, 2, 1636428614182, 1636428624410, 10228, 0, 10228, 0, 1, 1
2461, 2, 1636428614382, 1636428624598, 10216, 1, 10215, 1, 0, 1
2478, 1, 1636428624256, 1636428624958, 702, 276, 426, 0, 8, 8
2462, 2, 1636428614814, 1636428625034, 10220, 1, 10219, 0, 0, 0
2466, 2, 1636428616354, 1636428626570, 10216, 1, 10215, 0, 2, 2
2467, 1, 1636428616715, 1636428627062, 10347, 9910, 437, 0, 0, 0
2469, 2, 1636428617857, 1636428627903, 10046, 0, 10046, 0, 0, 0
2473, 2, 1636428619878, 1636428630102, 10224, 1, 10223, 1, 1, 2
2472, 2, 1636428619878, 1636428630146, 10268, 1, 10267, 0, 0, 0
2479, 2, 1636428624538, 1636428634762, 10224, 0, 10224, 0, 1, 1
2480, 2, 1636428624730, 1636428634945, 10215, 1, 10214, 0, 0, 0
2481, 2, 1636428625170, 1636428635389, 10219, 1, 10218, 1, 1, 2
2482, 2, 1636428626702, 1636428636918, 10216, 0, 10216, 0, 0, 0
2483, 1, 1636428627064, 1636428637406, 10342, 9905, 437, 1, 0, 1
2484, 2, 1636428630234, 1636428640458, 10224, 1, 10223, 1, 0, 1
2485, 2, 1636428630234, 1636428640501, 10267, 0, 10267, 0, 0, 0
2491, 1, 1636428640590, 1636428641310, 720, 272, 448, 2, 1, 3
2492, 1, 1636428640590, 1636428641578, 988, 539, 449, 1, 0, 1
2493, 1, 1636428642486, 1636428643158, 672, 270, 402, 0, 1, 1
2494, 1, 1636428642491, 1636428643434, 943, 543, 400, 0, 0, 0
2486, 2, 1636428634890, 1636428645114, 10224, 1, 10223, 1, 0, 1
2495, 1, 1636428644593, 1636428645274, 681, 271, 410, 1, 0, 1
2487, 2, 1636428635082, 1636428645293, 10211, 1, 10210, 0, 0, 0
2496, 1, 1636428644597, 1636428645566, 969, 567, 402, 0, 20, 20
2488, 2, 1636428635526, 1636428645749, 10223, 0, 10223, 1, 0, 1
2498, 1, 1636428645426, 1636428646138, 712, 275, 437, 0, 1, 1
2499, 1, 1636428645882, 1636428646598, 716, 270, 446, 0, 0, 0
2489, 2, 1636428637050, 1636428647269, 10219, 1, 10218, 0, 1, 1
2500, 1, 1636428646621, 1636428647294, 673, 271, 402, 0, 0, 0
2501, 1, 1636428646701, 1636428647570, 869, 467, 402, 1, 0, 1
2490, 1, 1636428637408, 1636428647758, 10350, 9915, 435, 0, 1, 1
2502, 1, 1636428647353, 1636428648014, 661, 270, 391, 1, 0, 1
2503, 1, 1636428647394, 1636428648098, 704, 270, 434, 0, 0, 0
2504, 1, 1636428647760, 1636428648462, 702, 269, 433, 0, 0, 0
2505, 1, 1636428647807, 1636428648482, 675, 275, 400, 1, 0, 1
2506, 1, 1636428648492, 1636428649162, 670, 270, 400, 1, 0, 1
2507, 1, 1636428648592, 1636428649442, 850, 441, 409, 0, 0, 0
2508, 1, 1636428649248, 1636428649914, 666, 271, 395, 0, 1, 1
2509, 1, 1636428649462, 1636428650130, 668, 270, 398, 0, 0, 0
2510, 1, 1636428649693, 1636428650362, 669, 270, 399, 0, 0, 0
2511, 1, 1636428649917, 1636428650586, 669, 270, 399, 1, 0, 1
2512, 1, 1636428650466, 1636428651134, 668, 269, 399, 0, 1, 1
2513, 1, 1636428650494, 1636428651410, 916, 518, 398, 1, 0, 1
2514, 1, 1636428651357, 1636428652026, 669, 272, 397, 2, 2, 4
2515, 1, 1636428651530, 1636428652202, 672, 274, 398, 1, 0, 1
2516, 1, 1636428651804, 1636428652466, 662, 269, 393, 0, 0, 0
2517, 1, 1636428651986, 1636428652666, 680, 270, 410, 0, 0, 0
2518, 1, 1636428652526, 1636428653194, 668, 269, 399, 0, 0, 0
2519, 1, 1636428652571, 1636428653474, 903, 501, 402, 0, 0, 0
2520, 1, 1636428653369, 1636428654034, 665, 271, 394, 0, 1, 1
2521, 1, 1636428653401, 1636428654066, 665, 270, 395, 0, 1, 1
2522, 1, 1636428653872, 1636428654538, 666, 271, 395, 1, 1, 2
2523, 1, 1636428653959, 1636428654630, 671, 270, 401, 1, 1, 2
2524, 1, 1636428654401, 1636428655074, 673, 271, 402, 1, 0, 1
2497, 2, 1636428645246, 1636428655330, 10084, 0, 10084, 0, 0, 0
2525, 1, 1636428654473, 1636428655346, 873, 470, 403, 0, 1, 1
2526, 1, 1636428655284, 1636428655950, 666, 268, 398, 1, 0, 1
2527, 1, 1636428655294, 1636428655962, 668, 270, 398, 1, 0, 1
2528, 1, 1636428655798, 1636428656462, 664, 270, 394, 2, 1, 3
2529, 1, 1636428655933, 1636428656602, 669, 270, 399, 2, 1, 3
2530, 1, 1636428656437, 1636428657110, 673, 269, 404, 0, 1, 1
2531, 1, 1636428656514, 1636428657390, 876, 475, 401, 1, 0, 1
2532, 1, 1636428657178, 1636428657846, 668, 271, 397, 0, 1, 1
2533, 1, 1636428657390, 1636428658054, 664, 265, 399, 0, 0, 0
2534, 1, 1636428657682, 1636428658354, 672, 269, 403, 0, 0, 0
2535, 1, 1636428658036, 1636428658710, 674, 274, 400, 0, 0, 0
2536, 1, 1636428659266, 1636428659930, 664, 270, 394, 1, 1, 2
2537, 1, 1636428659283, 1636428659946, 663, 270, 393, 1, 0, 1
2538, 1, 1636428659785, 1636428660446, 661, 271, 390, 0, 0, 0
2539, 1, 1636428659928, 1636428660586, 658, 263, 395, 0, 0, 0
2540, 1, 1636428661158, 1636428661834, 676, 272, 404, 0, 0, 0
2541, 1, 1636428661354, 1636428662018, 664, 270, 394, 1, 0, 1
2542, 1, 1636428661660, 1636428662326, 666, 268, 398, 0, 0, 0
2543, 1, 1636428662060, 1636428662738, 678, 269, 409, 1, 0, 1
2544, 1, 1636428663194, 1636428663866, 672, 271, 401, 0, 1, 1
2545, 1, 1636428663749, 1636428664414, 665, 271, 394, 1, 0, 1
