Xid, State, StartTime, EndTime, TransactionTime, ExecuteTime, CommunicationTime, ReadTime, WriteTime, DBTime
61, 1, 1636410898636, 1636410899116, 480, 70, 410, 26, 6, 32
64, 1, 1636410899456, 1636410899867, 411, 4, 407, 3, 0, 3
68, 1, 1636410900135, 1636410900546, 411, 4, 407, 1, 0, 1
71, 1, 1636410900811, 1636410901215, 404, 2, 402, 1, 0, 1
75, 1, 1636410901479, 1636410901887, 408, 3, 405, 1, 1, 2
78, 1, 1636410902151, 1636410902558, 407, 2, 405, 1, 0, 1
81, 1, 1636410902823, 1636410903227, 404, 3, 401, 0, 1, 1
84, 1, 1636410903491, 1636410903899, 408, 3, 405, 0, 1, 1
87, 1, 1636410904163, 1636410904578, 415, 3, 412, 0, 1, 1
90, 1, 1636410904843, 1636410905250, 407, 2, 405, 1, 0, 1
93, 1, 1636410905515, 1636410905915, 400, 3, 397, 1, 0, 1
96, 1, 1636410906178, 1636410906578, 400, 1, 399, 1, 0, 1
99, 1, 1636410906843, 1636410907250, 407, 3, 404, 0, 0, 0
102, 1, 1636410907515, 1636410907915, 400, 3, 397, 1, 1, 2
106, 1, 1636410908179, 1636410908582, 403, 2, 401, 0, 0, 0
109, 1, 1636410908855, 1636410909268, 413, 7, 406, 0, 0, 0
112, 1, 1636410909535, 1636410909899, 364, 3, 361, 0, 1, 1
115, 1, 1636410910167, 1636410910519, 352, 1, 351, 0, 0, 0
118, 1, 1636410910783, 1636410911139, 356, 2, 354, 0, 0, 0
121, 1, 1636410911402, 1636410911759, 357, 2, 355, 1, 0, 1
124, 1, 1636410912022, 1636410912382, 360, 3, 357, 1, 0, 1
127, 1, 1636410912647, 1636410913003, 356, 1, 355, 0, 0, 0
130, 1, 1636410913267, 1636410913627, 360, 3, 357, 1, 0, 1
133, 1, 1636410913891, 1636410914255, 364, 0, 364, 0, 0, 0
136, 1, 1636410914519, 1636410914879, 360, 2, 358, 1, 0, 1
139, 1, 1636410915142, 1636410915507, 365, 3, 362, 0, 0, 0
142, 1, 1636410915770, 1636410916127, 357, 1, 356, 0, 0, 0
145, 1, 1636410916391, 1636410916755, 364, 1, 363, 0, 0, 0
148, 1, 1636410917018, 1636410917378, 360, 2, 358, 0, 0, 0
151, 1, 1636410917642, 1636410918003, 361, 1, 360, 0, 0, 0
154, 1, 1636410918267, 1636410918622, 355, 0, 355, 0, 0, 0
157, 1, 1636410918886, 1636410919246, 360, 3, 357, 1, 0, 1
160, 1, 1636410919511, 1636410919867, 356, 3, 353, 1, 0, 1
163, 1, 1636410920131, 1636410920498, 367, 2, 365, 2, 0, 2
166, 1, 1636410920763, 1636410921123, 360, 1, 359, 0, 0, 0
169, 1, 1636410921387, 1636410921751, 364, 1, 363, 0, 0, 0
172, 1, 1636410922015, 1636410922374, 359, 1, 358, 0, 0, 0
175, 1, 1636410922643, 1636410922999, 356, 0, 356, 0, 0, 0
178, 1, 1636410923262, 1636410923627, 365, 1, 364, 0, 1, 1
181, 1, 1636410923895, 1636410924247, 352, 1, 351, 0, 0, 0
184, 1, 1636410924510, 1636410924863, 353, 3, 350, 2, 0, 2
187, 1, 1636410925126, 1636410925486, 360, 2, 358, 2, 0, 2
190, 1, 1636410925750, 1636410926107, 357, 2, 355, 1, 0, 1
193, 1, 1636410926371, 1636410926722, 351, 1, 350, 0, 0, 0
196, 1, 1636410926986, 1636410927343, 357, 2, 355, 2, 0, 2
199, 1, 1636410927606, 1636410927963, 357, 3, 354, 1, 0, 1
202, 1, 1636410928226, 1636410928578, 352, 3, 349, 1, 1, 2
205, 1, 1636410928855, 1636410929211, 356, 2, 354, 1, 0, 1
208, 1, 1636410929475, 1636410929835, 360, 1, 359, 0, 0, 0
211, 1, 1636410930098, 1636410930463, 365, 3, 362, 1, 0, 1
214, 1, 1636410930726, 1636410931087, 361, 1, 360, 0, 1, 1
217, 1, 1636410931350, 1636410931706, 356, 1, 355, 1, 0, 1
220, 1, 1636410931975, 1636410932335, 360, 2, 358, 1, 0, 1
223, 1, 1636410932599, 1636410932955, 356, 1, 355, 0, 0, 0
226, 1, 1636410933219, 1636410933578, 359, 0, 359, 0, 0, 0
229, 1, 1636410933843, 1636410934199, 356, 1, 355, 0, 0, 0
232, 1, 1636410934462, 1636410934826, 364, 1, 363, 0, 0, 0
235, 1, 1636410935090, 1636410935451, 361, 1, 360, 1, 0, 1
238, 1, 1636410935714, 1636410936075, 361, 2, 359, 0, 0, 0
241, 1, 1636410936338, 1636410936690, 352, 3, 349, 1, 0, 1
244, 1, 1636410936958, 1636410937314, 356, 1, 355, 0, 0, 0
246, 1, 1636410937578, 1636410937939, 361, 2, 359, 0, 0, 0
248, 1, 1636410938203, 1636410938558, 355, 1, 354, 0, 0, 0
250, 1, 1636410938822, 1636410939179, 357, 2, 355, 2, 0, 2
252, 1, 1636410939442, 1636410939807, 365, 5, 360, 3, 1, 4
254, 1, 1636410940070, 1636410940431, 361, 2, 359, 0, 0, 0
256, 1, 1636410940699, 1636410941054, 355, 1, 354, 0, 0, 0
258, 1, 1636410941318, 1636410941679, 361, 0, 361, 0, 0, 0
260, 1, 1636410941954, 1636410942311, 357, 1, 356, 1, 0, 1
262, 1, 1636410942575, 1636410942930, 355, 2, 353, 1, 0, 1
264, 1, 1636410943194, 1636410943555, 361, 2, 359, 1, 1, 2
266, 1, 1636410943818, 1636410944179, 361, 3, 358, 1, 1, 2
268, 1, 1636410944442, 1636410944799, 357, 1, 356, 0, 0, 0
270, 1, 1636410945062, 1636410945423, 361, 1, 360, 0, 0, 0
272, 1, 1636410945687, 1636410946050, 363, 1, 362, 1, 0, 1
274, 1, 1636410946314, 1636410946679, 365, 2, 363, 1, 0, 1
276, 1, 1636410946942, 1636410947295, 353, 1, 352, 0, 0, 0
278, 1, 1636410947558, 1636410947918, 360, 2, 358, 1, 0, 1
279, 1, 1636410948182, 1636410948542, 360, 3, 357, 0, 1, 1
280, 1, 1636410948806, 1636410949162, 356, 2, 354, 0, 0, 0
281, 1, 1636410949426, 1636410949787, 361, 3, 358, 0, 0, 0
282, 1, 1636410950050, 1636410950411, 361, 2, 359, 0, 1, 1
283, 1, 1636410950674, 1636410951039, 365, 2, 363, 0, 0, 0
284, 1, 1636410951303, 1636410951663, 360, 2, 358, 1, 0, 1
285, 1, 1636410951927, 1636410952286, 359, 2, 357, 2, 0, 2
286, 1, 1636410952550, 1636410952902, 352, 2, 350, 1, 1, 2
287, 1, 1636410953166, 1636410953526, 360, 3, 357, 0, 1, 1
288, 1, 1636410953790, 1636410954150, 360, 2, 358, 0, 0, 0
289, 1, 1636410954414, 1636410954770, 356, 3, 353, 1, 0, 1
290, 1, 1636410955035, 1636410955391, 356, 2, 354, 1, 0, 1
291, 1, 1636410955654, 1636410956014, 360, 2, 358, 1, 0, 1
292, 1, 1636410956279, 1636410956634, 355, 1, 354, 0, 0, 0
293, 1, 1636410956898, 1636410957254, 356, 2, 354, 0, 0, 0
294, 1, 1636410957518, 1636410957883, 365, 3, 362, 1, 1, 2
295, 1, 1636410958146, 1636410958503, 357, 3, 354, 1, 1, 2
296, 1, 1636410958766, 1636410959122, 356, 2, 354, 0, 0, 0
297, 1, 1636410959386, 1636410959746, 360, 3, 357, 2, 0, 2
298, 1, 1636410960010, 1636410960371, 361, 2, 359, 1, 0, 1
299, 1, 1636410960634, 1636410960995, 361, 3, 358, 0, 0, 0
300, 1, 1636410961258, 1636410961618, 360, 3, 357, 2, 0, 2
301, 1, 1636411077310, 1636411077634, 324, 12, 312, 0, 0, 0
302, 1, 1636411078234, 1636411078543, 309, 1, 308, 0, 0, 0
303, 1, 1636411078311, 1636411078622, 311, 2, 309, 1, 1, 2
304, 1, 1636411079226, 1636411079534, 308, 1, 307, 1, 0, 1
305, 1, 1636411079302, 1636411079618, 316, 1, 315, 0, 0, 0
306, 1, 1636411079634, 1636411079946, 312, 0, 312, 0, 0, 0
307, 1, 1636411080230, 1636411080542, 312, 2, 310, 0, 0, 0
308, 1, 1636411080302, 1636411080611, 309, 1, 308, 0, 0, 0
309, 1, 1636411080642, 1636411080958, 316, 1, 315, 0, 1, 1
310, 1, 1636411080710, 1636411081018, 308, 1, 307, 0, 0, 0
311, 1, 1636411081238, 1636411081546, 308, 1, 307, 0, 1, 1
312, 1, 1636411081318, 1636411081638, 320, 1, 319, 1, 0, 1
313, 1, 1636411081634, 1636411081942, 308, 1, 307, 0, 0, 0
314, 1, 1636411081634, 1636411081946, 312, 1, 311, 1, 0, 1
315, 1, 1636411081658, 1636411081971, 313, 1, 312, 0, 0, 0
316, 1, 1636411082246, 1636411082558, 312, 2, 310, 1, 0, 1
318, 1, 1636411082446, 1636411082714, 268, 0, 268, 0, 0, 0
320, 1, 1636411082526, 1636411082798, 272, 1, 271, 1, 0, 1
319, 1, 1636411082526, 1636411082798, 272, 1, 271, 1, 0, 1
322, 1, 1636411083422, 1636411083694, 272, 0, 272, 0, 0, 0
324, 1, 1636411083554, 1636411083822, 268, 1, 267, 0, 1, 1
325, 1, 1636411084459, 1636411084731, 272, 0, 272, 0, 0, 0
328, 1, 1636411093086, 1636411093358, 272, 1, 271, 0, 0, 0
329, 1, 1636411093943, 1636411094215, 272, 0, 272, 0, 0, 0
330, 1, 1636411094931, 1636411095198, 267, 0, 267, 0, 0, 0
331, 1, 1636411095858, 1636411096122, 264, 1, 263, 0, 0, 0
332, 1, 1636411095922, 1636411096190, 268, 1, 267, 1, 0, 1
333, 1, 1636411096522, 1636411096794, 272, 1, 271, 0, 0, 0
334, 1, 1636411096770, 1636411097038, 268, 2, 266, 1, 0, 1
335, 1, 1636411096890, 1636411097158, 268, 1, 267, 1, 0, 1
336, 1, 1636411097426, 1636411097694, 268, 1, 267, 0, 1, 1
337, 1, 1636411097758, 1636411098030, 272, 0, 272, 0, 0, 0
338, 1, 1636411097854, 1636411098122, 268, 1, 267, 1, 0, 1
339, 1, 1636411098414, 1636411098686, 272, 1, 271, 0, 0, 0
341, 1, 1636411098890, 1636411099162, 272, 1, 271, 0, 1, 1
343, 1, 1636411099890, 1636411100163, 273, 1, 272, 1, 0, 1
344, 1, 1636411100906, 1636411101183, 277, 1, 276, 1, 0, 1
345, 1, 1636411101918, 1636411102191, 273, 1, 272, 0, 0, 0
348, 1, 1636411103030, 1636411103303, 273, 1, 272, 0, 1, 1
347, 1, 1636411103030, 1636411103303, 273, 1, 272, 0, 1, 1
349, 1, 1636411103930, 1636411104198, 268, 1, 267, 1, 0, 1
351, 1, 1636411104914, 1636411105187, 273, 1, 272, 0, 0, 0
353, 1, 1636411109042, 1636411109311, 269, 1, 268, 0, 0, 0
354, 1, 1636411109746, 1636411110019, 273, 1, 272, 0, 1, 1
355, 1, 1636411110022, 1636411110295, 273, 1, 272, 0, 1, 1
356, 1, 1636411110639, 1636411110911, 272, 1, 271, 0, 0, 0
357, 1, 1636411110966, 1636411111243, 277, 1, 276, 1, 0, 1
358, 1, 1636411111654, 1636411111926, 272, 1, 271, 0, 0, 0
359, 1, 1636411111966, 1636411112235, 269, 1, 268, 1, 0, 1
360, 1, 1636411112658, 1636411112943, 285, 1, 284, 0, 0, 0
361, 1, 1636411112990, 1636411113263, 273, 1, 272, 0, 1, 1
362, 1, 1636411113218, 1636411113491, 273, 1, 272, 1, 0, 1
363, 1, 1636411113678, 1636411113982, 304, 1, 303, 0, 0, 0
364, 1, 1636411113986, 1636411114262, 276, 0, 276, 0, 0, 0
365, 1, 1636411114126, 1636411114402, 276, 1, 275, 0, 0, 0
366, 1, 1636411114246, 1636411114518, 272, 1, 271, 0, 1, 1
367, 1, 1636411114686, 1636411114962, 276, 1, 275, 0, 0, 0
368, 1, 1636411114990, 1636411115262, 272, 0, 272, 0, 0, 0
369, 1, 1636411115134, 1636411115402, 268, 1, 267, 1, 0, 1
370, 1, 1636411115162, 1636411115438, 276, 0, 276, 0, 0, 0
371, 1, 1636411115650, 1636411115930, 280, 0, 280, 0, 0, 0
372, 1, 1636411116022, 1636411116290, 268, 1, 267, 0, 0, 0
373, 1, 1636411116122, 1636411116390, 268, 1, 267, 1, 0, 1
374, 1, 1636411116198, 1636411116470, 272, 1, 271, 0, 1, 1
375, 1, 1636411116298, 1636411116562, 264, 1, 263, 0, 0, 0
376, 1, 1636411116638, 1636411116907, 269, 1, 268, 0, 0, 0
377, 1, 1636411116994, 1636411117263, 269, 1, 268, 0, 1, 1
378, 1, 1636411117114, 1636411117383, 269, 0, 269, 0, 0, 0
379, 1, 1636411117138, 1636411117402, 264, 1, 263, 1, 0, 1
380, 1, 1636411117182, 1636411117450, 268, 1, 267, 1, 0, 1
381, 1, 1636411117642, 1636411117914, 272, 0, 272, 0, 0, 0
382, 1, 1636411117990, 1636411118262, 272, 1, 271, 0, 0, 0
383, 1, 1636411118130, 1636411118406, 276, 1, 275, 0, 1, 1
385, 1, 1636411118206, 1636411118482, 276, 1, 275, 1, 0, 1
384, 1, 1636411118266, 1636411118538, 272, 0, 272, 0, 0, 0
386, 1, 1636411118638, 1636411118914, 276, 1, 275, 1, 0, 1
387, 1, 1636411118990, 1636411119258, 268, 1, 267, 1, 0, 1
388, 1, 1636411119130, 1636411119398, 268, 1, 267, 0, 1, 1
389, 1, 1636411119162, 1636411119435, 273, 1, 272, 0, 1, 1
390, 1, 1636411119406, 1636411119678, 272, 1, 271, 0, 0, 0
391, 1, 1636411119642, 1636411119906, 264, 1, 263, 0, 1, 1
392, 1, 1636411120006, 1636411120274, 268, 0, 268, 0, 0, 0
393, 1, 1636411120150, 1636411120419, 269, 1, 268, 1, 0, 1
394, 1, 1636411120150, 1636411120419, 269, 1, 268, 1, 0, 1
395, 1, 1636411120210, 1636411120478, 268, 1, 267, 0, 1, 1
396, 1, 1636411120654, 1636411120926, 272, 1, 271, 1, 0, 1
397, 1, 1636411121030, 1636411121298, 268, 1, 267, 1, 0, 1
399, 1, 1636411121182, 1636411121454, 272, 1, 271, 0, 0, 0
400, 1, 1636411121206, 1636411121482, 276, 1, 275, 1, 0, 1
398, 1, 1636411121302, 1636411121570, 268, 0, 268, 0, 0, 0
401, 1, 1636411121658, 1636411121926, 268, 0, 268, 0, 0, 0
402, 1, 1636411122038, 1636411122306, 268, 1, 267, 0, 1, 1
405, 1, 1636411122218, 1636411122486, 268, 1, 267, 1, 0, 1
404, 1, 1636411122218, 1636411122490, 272, 1, 271, 0, 1, 1
403, 1, 1636411122310, 1636411122578, 268, 0, 268, 0, 0, 0
406, 1, 1636411122634, 1636411122906, 272, 1, 271, 1, 0, 1
407, 1, 1636411123026, 1636411123298, 272, 1, 271, 0, 1, 1
408, 1, 1636411123142, 1636411123410, 268, 1, 267, 0, 0, 0
409, 1, 1636411123190, 1636411123463, 273, 1, 272, 0, 0, 0
410, 1, 1636411123218, 1636411123490, 272, 1, 271, 1, 0, 1
411, 1, 1636411123622, 1636411123894, 272, 0, 272, 0, 0, 0
412, 1, 1636411124066, 1636411124335, 269, 1, 268, 0, 0, 0
413, 1, 1636411124142, 1636411124414, 272, 1, 271, 0, 0, 0
415, 1, 1636411124214, 1636411124482, 268, 1, 267, 0, 0, 0
414, 1, 1636411124418, 1636411124686, 268, 0, 268, 0, 0, 0
416, 1, 1636411124654, 1636411124926, 272, 1, 271, 1, 0, 1
417, 1, 1636411125090, 1636411125359, 269, 1, 268, 1, 0, 1
419, 1, 1636411125198, 1636411125466, 268, 1, 267, 1, 0, 1
420, 1, 1636411125226, 1636411125498, 272, 1, 271, 0, 0, 0
418, 1, 1636411125366, 1636411125642, 276, 1, 275, 0, 0, 0
421, 1, 1636411125690, 1636411125962, 272, 1, 271, 0, 0, 0
422, 1, 1636411126074, 1636411126342, 268, 0, 268, 0, 0, 0
423, 1, 1636411126142, 1636411126414, 272, 1, 271, 1, 0, 1
424, 1, 1636411126182, 1636411126450, 268, 1, 267, 0, 1, 1
425, 1, 1636411126458, 1636411126726, 268, 1, 267, 0, 0, 0
426, 1, 1636411126686, 1636411126959, 273, 1, 272, 0, 1, 1
427, 1, 1636411127070, 1636411127338, 268, 1, 267, 0, 0, 0
428, 1, 1636411127162, 1636411127434, 272, 1, 271, 0, 0, 0
430, 1, 1636411127254, 1636411127522, 268, 1, 267, 0, 0, 0
429, 1, 1636411127438, 1636411127710, 272, 0, 272, 0, 0, 0
431, 1, 1636411127694, 1636411127970, 276, 1, 275, 0, 1, 1
432, 1, 1636411128106, 1636411128378, 272, 1, 271, 0, 1, 1
433, 1, 1636411128186, 1636411128458, 272, 1, 271, 0, 0, 0
434, 1, 1636411128198, 1636411128466, 268, 1, 267, 0, 0, 0
435, 1, 1636411128382, 1636411128655, 273, 1, 272, 0, 0, 0
436, 1, 1636411128722, 1636411128994, 272, 1, 271, 0, 0, 0
437, 1, 1636411129094, 1636411129362, 268, 1, 267, 1, 0, 1
438, 1, 1636411129198, 1636411129466, 268, 1, 267, 0, 0, 0
439, 1, 1636411129370, 1636411129642, 272, 1, 271, 0, 1, 1
440, 1, 1636411129470, 1636411129742, 272, 0, 272, 0, 0, 0
441, 1, 1636411129702, 1636411129975, 273, 0, 273, 0, 0, 0
442, 1, 1636411130090, 1636411130355, 265, 1, 264, 0, 0, 0
443, 1, 1636411130178, 1636411130446, 268, 1, 267, 1, 0, 1
444, 1, 1636411130186, 1636411130454, 268, 0, 268, 0, 0, 0
445, 1, 1636411130262, 1636411130530, 268, 1, 267, 0, 0, 0
446, 1, 1636411130678, 1636411130963, 285, 1, 284, 0, 0, 0
447, 1, 1636411131138, 1636411131411, 273, 1, 272, 0, 0, 0
448, 1, 1636411131186, 1636411131455, 269, 0, 269, 0, 0, 0
449, 1, 1636411131202, 1636411131478, 276, 1, 275, 0, 1, 1
450, 1, 1636411131238, 1636411131514, 276, 1, 275, 0, 1, 1
451, 1, 1636411131699, 1636411131974, 275, 0, 275, 0, 0, 0
452, 1, 1636411132150, 1636411132419, 269, 1, 268, 0, 0, 0
453, 1, 1636411132166, 1636411132439, 273, 0, 273, 0, 0, 0
455, 1, 1636411132250, 1636411132518, 268, 1, 267, 0, 0, 0
454, 1, 1636411132426, 1636411132698, 272, 1, 271, 0, 0, 0
456, 1, 1636411132702, 1636411132975, 273, 0, 273, 0, 0, 0
457, 1, 1636411133138, 1636411133406, 268, 1, 267, 0, 1, 1
458, 1, 1636411133150, 1636411133422, 272, 1, 271, 1, 0, 1
459, 1, 1636411133214, 1636411133486, 272, 1, 271, 0, 0, 0
460, 1, 1636411133290, 1636411133563, 273, 1, 272, 0, 1, 1
461, 1, 1636411133690, 1636411133963, 273, 0, 273, 0, 0, 0
462, 1, 1636411134130, 1636411134398, 268, 1, 267, 0, 0, 0
463, 1, 1636411134138, 1636411134406, 268, 1, 267, 0, 0, 0
464, 1, 1636411134222, 1636411134486, 264, 1, 263, 0, 0, 0
465, 1, 1636411134274, 1636411134546, 272, 0, 272, 0, 0, 0
466, 1, 1636411134690, 1636411134958, 268, 1, 267, 0, 0, 0
467, 1, 1636411135098, 1636411135371, 273, 1, 272, 0, 0, 0
468, 1, 1636411135126, 1636411135398, 272, 1, 271, 0, 1, 1
469, 1, 1636411135250, 1636411135522, 272, 1, 271, 0, 1, 1
470, 1, 1636411135258, 1636411135526, 268, 1, 267, 0, 0, 0
471, 1, 1636411135662, 1636411135931, 269, 0, 269, 0, 0, 0
472, 1, 1636411136074, 1636411136347, 273, 1, 272, 0, 0, 0
473, 1, 1636411136146, 1636411136415, 269, 1, 268, 0, 0, 0
474, 1, 1636411136246, 1636411136514, 268, 1, 267, 0, 0, 0
475, 1, 1636411136418, 1636411136690, 272, 1, 271, 0, 1, 1
476, 1, 1636411136630, 1636411136899, 269, 1, 268, 0, 0, 0
477, 1, 1636411137066, 1636411137334, 268, 1, 267, 0, 0, 0
478, 1, 1636411137142, 1636411137414, 272, 1, 271, 0, 0, 0
479, 1, 1636411137242, 1636411137511, 269, 1, 268, 0, 0, 0
480, 1, 1636411137266, 1636411137534, 268, 0, 268, 0, 0, 0
481, 1, 1636411137630, 1636411137899, 269, 1, 268, 1, 0, 1
482, 1, 1636411138042, 1636411138314, 272, 1, 271, 0, 0, 0
484, 1, 1636411138266, 1636411138535, 269, 1, 268, 0, 0, 0
485, 1, 1636411138278, 1636411138546, 268, 1, 267, 1, 0, 1
486, 1, 1636411138626, 1636411138894, 268, 1, 267, 0, 0, 0
487, 1, 1636411139058, 1636411139326, 268, 1, 267, 0, 1, 1
488, 1, 1636411139262, 1636411139535, 273, 0, 273, 0, 0, 0
489, 1, 1636411139278, 1636411139546, 268, 1, 267, 0, 0, 0
490, 1, 1636411139638, 1636411139907, 269, 1, 268, 0, 0, 0
491, 1, 1636411140050, 1636411140314, 264, 1, 263, 0, 0, 0
492, 1, 1636411140230, 1636411140498, 268, 0, 268, 0, 0, 0
493, 1, 1636411140262, 1636411140534, 272, 0, 272, 0, 0, 0
494, 1, 1636411140630, 1636411140898, 268, 1, 267, 0, 1, 1
496, 1, 1636411141206, 1636411141478, 272, 1, 271, 1, 0, 1
497, 1, 1636411141262, 1636411141530, 268, 0, 268, 0, 0, 0
499, 1, 1636411142198, 1636411142466, 268, 1, 267, 0, 0, 0
500, 1, 1636411142474, 1636411142746, 272, 1, 271, 0, 0, 0
501, 1, 1636411143190, 1636411143458, 268, 1, 267, 0, 1, 1
502, 1, 1636411143218, 1636411143486, 268, 1, 267, 0, 1, 1
503, 1, 1636411144206, 1636411144475, 269, 1, 268, 0, 0, 0
504, 1, 1636411144214, 1636411144482, 268, 1, 267, 0, 1, 1
505, 1, 1636411145202, 1636411145474, 272, 1, 271, 0, 0, 0
506, 1, 1636411145210, 1636411145482, 272, 1, 271, 0, 0, 0
508, 1, 1636411146226, 1636411146499, 273, 1, 272, 1, 0, 1
509, 1, 1636411147218, 1636411147487, 269, 1, 268, 0, 0, 0
511, 1, 1636411148418, 1636411148695, 277, 1, 276, 0, 0, 0
512, 1, 1636411149314, 1636411149591, 277, 1, 276, 0, 1, 1
513, 1, 1636411150306, 1636411150578, 272, 0, 272, 0, 0, 0
515, 1, 1636411151310, 1636411151582, 272, 1, 271, 0, 0, 0
514, 1, 1636411151338, 1636411151655, 317, 1, 316, 0, 0, 0
516, 1, 1636411151906, 1636411152178, 272, 1, 271, 1, 0, 1
517, 1, 1636411152254, 1636411152527, 273, 1, 272, 0, 0, 0
518, 1, 1636411152318, 1636411152590, 272, 1, 271, 0, 1, 1
519, 1, 1636411152826, 1636411153099, 273, 1, 272, 0, 0, 0
520, 1, 1636411153242, 1636411153519, 277, 1, 276, 0, 1, 1
521, 1, 1636411153298, 1636411153566, 268, 1, 267, 0, 0, 0
522, 1, 1636411153814, 1636411154083, 269, 1, 268, 1, 0, 1
523, 1, 1636411154254, 1636411154530, 276, 1, 275, 0, 0, 0
524, 1, 1636411154334, 1636411154607, 273, 1, 272, 0, 1, 1
525, 1, 1636411154831, 1636411155099, 268, 0, 268, 0, 0, 0
526, 1, 1636411155274, 1636411155555, 281, 1, 280, 0, 0, 0
527, 1, 1636411155358, 1636411155630, 272, 1, 271, 0, 0, 0
528, 1, 1636411155834, 1636411156103, 269, 1, 268, 1, 0, 1
529, 1, 1636411156262, 1636411156534, 272, 1, 271, 0, 0, 0
530, 1, 1636411156362, 1636411156626, 264, 1, 263, 0, 0, 0
531, 1, 1636411156486, 1636411156754, 268, 1, 267, 0, 0, 0
532, 1, 1636411156814, 1636411157091, 277, 1, 276, 0, 1, 1
533, 1, 1636411157250, 1636411157519, 269, 1, 268, 0, 1, 1
534, 1, 1636411157343, 1636411157610, 267, 0, 267, 0, 0, 0
535, 1, 1636411157402, 1636411157670, 268, 1, 267, 0, 0, 0
536, 1, 1636411157830, 1636411158098, 268, 1, 267, 0, 1, 1
537, 1, 1636411158286, 1636411158555, 269, 1, 268, 0, 0, 0
538, 1, 1636411158374, 1636411158642, 268, 1, 267, 0, 0, 0
539, 1, 1636411158390, 1636411158658, 268, 1, 267, 0, 0, 0
540, 1, 1636411158670, 1636411158943, 273, 0, 273, 0, 0, 0
541, 1, 1636411158862, 1636411159134, 272, 1, 271, 0, 0, 0
542, 1, 1636411159255, 1636411159527, 272, 0, 272, 0, 0, 0
543, 1, 1636411159402, 1636411159670, 268, 1, 267, 1, 0, 1
544, 1, 1636411159402, 1636411159674, 272, 1, 271, 1, 0, 1
545, 1, 1636411159678, 1636411159946, 268, 0, 268, 0, 0, 0
546, 1, 1636411159863, 1636411160130, 267, 0, 267, 0, 0, 0
547, 1, 1636411160226, 1636411160494, 268, 1, 267, 0, 1, 1
549, 1, 1636411160414, 1636411160678, 264, 0, 264, 0, 0, 0
548, 1, 1636411160406, 1636411160678, 272, 1, 271, 1, 0, 1
550, 1, 1636411160502, 1636411160771, 269, 1, 268, 0, 0, 0
551, 1, 1636411160826, 1636411161098, 272, 1, 271, 0, 1, 1
552, 1, 1636411161230, 1636411161498, 268, 1, 267, 0, 0, 0
553, 1, 1636411161382, 1636411161650, 268, 1, 267, 0, 1, 1
554, 1, 1636411161422, 1636411161690, 268, 1, 267, 0, 0, 0
555, 1, 1636411161434, 1636411161702, 268, 1, 267, 0, 0, 0
556, 1, 1636411161862, 1636411162138, 276, 0, 276, 0, 0, 0
557, 1, 1636411162262, 1636411162531, 269, 1, 268, 0, 0, 0
558, 1, 1636411162418, 1636411162691, 273, 1, 272, 0, 0, 0
560, 1, 1636411162454, 1636411162726, 272, 1, 271, 0, 0, 0
561, 1, 1636411162894, 1636411163167, 273, 1, 272, 0, 0, 0
562, 1, 1636411163294, 1636411163559, 265, 1, 264, 0, 0, 0
563, 1, 1636411163442, 1636411163706, 264, 1, 263, 0, 0, 0
564, 1, 1636411163458, 1636411163730, 272, 1, 271, 0, 0, 0
565, 1, 1636411163926, 1636411164198, 272, 1, 271, 0, 0, 0
567, 1, 1636411164442, 1636411164715, 273, 1, 272, 0, 0, 0
570, 1, 1636411165418, 1636411165691, 273, 1, 272, 0, 0, 0
571, 1, 1636411166446, 1636411166719, 273, 1, 272, 1, 0, 1
572, 1, 1636411167478, 1636411167751, 273, 1, 272, 1, 0, 1
573, 1, 1636411168511, 1636411168787, 276, 0, 276, 0, 0, 0
559, 2, 1636411162690, 1636411172797, 10107, 0, 10107, 0, 0, 0
575, 1, 1636411173242, 1636411173519, 277, 1, 276, 0, 0, 0
576, 1, 1636411174146, 1636411174423, 277, 2, 275, 0, 0, 0
577, 1, 1636411175167, 1636411175443, 276, 0, 276, 0, 0, 0
578, 1, 1636411179494, 1636411179766, 272, 1, 271, 0, 1, 1
579, 1, 1636411180074, 1636411180351, 277, 1, 276, 0, 0, 0
580, 1, 1636411180187, 1636411180458, 271, 0, 271, 0, 0, 0
581, 1, 1636411181002, 1636411181279, 277, 1, 276, 0, 1, 1
582, 1, 1636411181122, 1636411181395, 273, 1, 272, 0, 0, 0
583, 1, 1636411181974, 1636411182246, 272, 1, 271, 0, 0, 0
584, 1, 1636411182122, 1636411182395, 273, 1, 272, 0, 0, 0
585, 1, 1636411182934, 1636411183211, 277, 0, 277, 0, 0, 0
588, 1, 1636411183214, 1636411183487, 273, 0, 273, 0, 0, 0
590, 1, 1636411183926, 1636411184194, 268, 0, 268, 0, 0, 0
591, 1, 1636411184194, 1636411184467, 273, 1, 272, 1, 0, 1
592, 1, 1636411184898, 1636411185171, 273, 1, 272, 0, 0, 0
593, 1, 1636411185174, 1636411185446, 272, 1, 271, 0, 0, 0
594, 1, 1636411185902, 1636411186175, 273, 0, 273, 0, 0, 0
595, 1, 1636411186182, 1636411186462, 280, 2, 278, 0, 0, 0
596, 1, 1636411186898, 1636411187162, 264, 1, 263, 0, 1, 1
597, 1, 1636411187166, 1636411187439, 273, 0, 273, 0, 0, 0
598, 1, 1636411187874, 1636411188147, 273, 1, 272, 0, 0, 0
599, 1, 1636411188150, 1636411188427, 277, 1, 276, 0, 0, 0
600, 1, 1636411188859, 1636411189130, 271, 0, 271, 0, 0, 0
601, 1, 1636411189134, 1636411189403, 269, 1, 268, 0, 0, 0
602, 1, 1636411189859, 1636411190131, 272, 0, 272, 0, 0, 0
603, 1, 1636411190134, 1636411190411, 277, 1, 276, 0, 0, 0
604, 1, 1636411190854, 1636411191126, 272, 1, 271, 0, 0, 0
605, 1, 1636411191130, 1636411191407, 277, 1, 276, 0, 1, 1
606, 1, 1636411191823, 1636411192095, 272, 0, 272, 0, 0, 0
607, 1, 1636411192098, 1636411192375, 277, 0, 277, 0, 0, 0
608, 1, 1636411192794, 1636411193067, 273, 1, 272, 0, 0, 0
609, 1, 1636411193098, 1636411193367, 269, 1, 268, 0, 0, 0
610, 1, 1636411193454, 1636411193730, 276, 1, 275, 0, 1, 1
611, 1, 1636411193502, 1636411193770, 268, 0, 268, 0, 0, 0
612, 1, 1636411193770, 1636411194043, 273, 1, 272, 0, 0, 0
615, 1, 1636411194407, 1636411194674, 267, 0, 267, 0, 0, 0
618, 1, 1636411195410, 1636411195687, 277, 1, 276, 0, 0, 0
619, 1, 1636411196391, 1636411196662, 271, 0, 271, 0, 0, 0
620, 1, 1636411197371, 1636411197646, 275, 0, 275, 0, 0, 0
622, 1, 1636411204091, 1636411204363, 272, 0, 272, 0, 0, 0
623, 1, 1636411204438, 1636411204711, 273, 1, 272, 0, 0, 0
624, 1, 1636411204734, 1636411205006, 272, 1, 271, 0, 0, 0
626, 1, 1636411205018, 1636411205287, 269, 1, 268, 0, 0, 0
627, 1, 1636411205294, 1636411205562, 268, 1, 267, 0, 1, 1
628, 1, 1636411205670, 1636411205946, 276, 1, 275, 0, 0, 0
629, 1, 1636411205990, 1636411206258, 268, 0, 268, 0, 0, 0
630, 1, 1636411206262, 1636411206530, 268, 0, 268, 0, 0, 0
631, 1, 1636411206635, 1636411206906, 271, 0, 271, 0, 0, 0
632, 1, 1636411206998, 1636411207274, 276, 1, 275, 0, 0, 0
633, 1, 1636411207274, 1636411207542, 268, 1, 267, 1, 0, 1
634, 1, 1636411207654, 1636411207935, 281, 1, 280, 0, 0, 0
635, 1, 1636411207966, 1636411208238, 272, 0, 272, 0, 0, 0
636, 1, 1636411208246, 1636411208514, 268, 1, 267, 1, 0, 1
637, 1, 1636411208670, 1636411208938, 268, 1, 267, 1, 0, 1
638, 1, 1636411208942, 1636411209207, 265, 0, 265, 0, 0, 0
639, 1, 1636411208986, 1636411209254, 268, 0, 268, 0, 0, 0
640, 1, 1636411209258, 1636411209526, 268, 1, 267, 0, 0, 0
643, 1, 1636411209990, 1636411210262, 272, 1, 271, 0, 1, 1
644, 1, 1636411210266, 1636411210539, 273, 0, 273, 0, 0, 0
645, 1, 1636411210963, 1636411211235, 272, 0, 272, 0, 0, 0
647, 1, 1636411211970, 1636411212243, 273, 1, 272, 0, 0, 0
648, 1, 1636411212987, 1636411213259, 272, 0, 272, 0, 0, 0
649, 1, 1636411213962, 1636411214234, 272, 1, 271, 1, 0, 1
650, 1, 1636411214942, 1636411215214, 272, 1, 271, 0, 0, 0
651, 1, 1636411215091, 1636411215362, 271, 0, 271, 0, 0, 0
652, 1, 1636411215955, 1636411216226, 271, 0, 271, 0, 0, 0
655, 1, 1636411219899, 1636411220170, 271, 0, 271, 0, 0, 0
656, 1, 1636411220174, 1636411220451, 277, 1, 276, 0, 0, 0
657, 1, 1636411220807, 1636411221079, 272, 0, 272, 0, 0, 0
658, 1, 1636411221082, 1636411221422, 340, 0, 340, 0, 0, 0
659, 1, 1636411221642, 1636411221919, 277, 1, 276, 0, 1, 1
660, 1, 1636411221794, 1636411222066, 272, 1, 271, 0, 1, 1
661, 1, 1636411222074, 1636411222347, 273, 0, 273, 0, 0, 0
662, 1, 1636411222542, 1636411222818, 276, 1, 275, 0, 1, 1
663, 1, 1636411222782, 1636411223054, 272, 1, 271, 0, 1, 1
664, 1, 1636411223058, 1636411223334, 276, 0, 276, 0, 0, 0
665, 1, 1636411223550, 1636411223822, 272, 1, 271, 0, 1, 1
668, 1, 1636411224574, 1636411224847, 273, 1, 272, 0, 0, 0
669, 1, 1636411225586, 1636411225859, 273, 1, 272, 0, 1, 1
670, 1, 1636411226326, 1636411226594, 268, 1, 267, 0, 0, 0
671, 1, 1636411226570, 1636411226846, 276, 1, 275, 0, 1, 1
672, 1, 1636411227230, 1636411227506, 276, 1, 275, 0, 1, 1
673, 1, 1636411227246, 1636411227519, 273, 1, 272, 0, 0, 0
674, 1, 1636411227578, 1636411227850, 272, 1, 271, 0, 1, 1
675, 1, 1636411228138, 1636411228402, 264, 0, 264, 0, 0, 0
676, 1, 1636411228270, 1636411228543, 273, 1, 272, 0, 1, 1
677, 1, 1636411228543, 1636411228806, 263, 0, 263, 0, 0, 0
678, 1, 1636411229142, 1636411229415, 273, 1, 272, 0, 0, 0
679, 1, 1636411229238, 1636411229506, 268, 1, 267, 0, 1, 1
680, 1, 1636411229550, 1636411229818, 268, 0, 268, 0, 0, 0
681, 1, 1636411230138, 1636411230406, 268, 0, 268, 0, 0, 0
682, 1, 1636411230270, 1636411230538, 268, 1, 267, 0, 0, 0
683, 1, 1636411230534, 1636411230806, 272, 1, 271, 0, 1, 1
684, 1, 1636411231150, 1636411231426, 276, 1, 275, 0, 0, 0
685, 1, 1636411231278, 1636411231550, 272, 1, 271, 0, 1, 1
686, 1, 1636411231550, 1636411231818, 268, 0, 268, 0, 0, 0
687, 1, 1636411232162, 1636411232438, 276, 0, 276, 0, 0, 0
689, 1, 1636411232574, 1636411232834, 260, 1, 259, 0, 0, 0
690, 1, 1636411233134, 1636411233411, 277, 1, 276, 0, 1, 1
691, 1, 1636411233546, 1636411233830, 284, 1, 283, 0, 1, 1
692, 1, 1636411234110, 1636411234382, 272, 1, 271, 0, 1, 1
694, 1, 1636411234386, 1636411234658, 272, 0, 272, 0, 0, 0
696, 1, 1636411235034, 1636411235302, 268, 1, 267, 0, 0, 0
697, 1, 1636411235306, 1636411235575, 269, 0, 269, 0, 0, 0
698, 1, 1636411236014, 1636411236286, 272, 1, 271, 0, 0, 0
699, 1, 1636411236290, 1636411236562, 272, 1, 271, 0, 1, 1
700, 1, 1636411237042, 1636411237319, 277, 1, 276, 0, 1, 1
701, 1, 1636411237319, 1636411237591, 272, 1, 271, 0, 1, 1
702, 1, 1636411238075, 1636411238346, 271, 0, 271, 0, 0, 0
703, 1, 1636411238350, 1636411238618, 268, 1, 267, 0, 1, 1
704, 1, 1636411239067, 1636411239338, 271, 0, 271, 0, 0, 0
705, 1, 1636411239342, 1636411239611, 269, 0, 269, 0, 0, 0
706, 1, 1636411240074, 1636411240338, 264, 0, 264, 0, 0, 0
708, 1, 1636411241046, 1636411241323, 277, 1, 276, 0, 0, 0
709, 1, 1636411242058, 1636411242335, 277, 1, 276, 0, 1, 1
710, 1, 1636411242603, 1636411242875, 272, 0, 272, 0, 0, 0
711, 1, 1636411243066, 1636411243343, 277, 1, 276, 1, 0, 1
712, 1, 1636411243514, 1636411243786, 272, 1, 271, 0, 0, 0
713, 1, 1636411244058, 1636411244326, 268, 1, 267, 0, 1, 1
714, 1, 1636411244410, 1636411244682, 272, 1, 271, 0, 1, 1
715, 1, 1636411244686, 1636411244958, 272, 0, 272, 0, 0, 0
716, 1, 1636411244962, 1636411245239, 277, 0, 277, 0, 0, 0
717, 1, 1636411245238, 1636411245515, 277, 2, 275, 1, 0, 1
722, 1, 1636411250750, 1636411251026, 276, 1, 275, 1, 0, 1
723, 1, 1636411251639, 1636411251915, 276, 0, 276, 0, 0, 0
724, 1, 1636411252650, 1636411252923, 273, 1, 272, 0, 0, 0
725, 1, 1636411253639, 1636411253914, 275, 0, 275, 0, 0, 0
726, 1, 1636411254631, 1636411254907, 276, 0, 276, 0, 0, 0
728, 1, 1636411255614, 1636411255891, 277, 1, 276, 1, 0, 1
727, 1, 1636411255690, 1636411255962, 272, 1, 271, 0, 1, 1
729, 1, 1636411256046, 1636411256322, 276, 1, 275, 0, 1, 1
730, 1, 1636411256362, 1636411256626, 264, 0, 264, 0, 0, 0
731, 1, 1636411256530, 1636411256798, 268, 0, 268, 0, 0, 0
732, 1, 1636411256802, 1636411257075, 273, 0, 273, 0, 0, 0
736, 1, 1636411257542, 1636411257814, 272, 1, 271, 0, 0, 0
737, 1, 1636411257658, 1636411257935, 277, 1, 276, 0, 1, 1
738, 1, 1636411258574, 1636411258850, 276, 1, 275, 0, 1, 1
739, 1, 1636411258850, 1636411259123, 273, 1, 272, 1, 0, 1
741, 1, 1636411267294, 1636411267563, 269, 1, 268, 0, 1, 1
743, 1, 1636411267386, 1636411267658, 272, 1, 271, 0, 0, 0
742, 1, 1636411267386, 1636411267662, 276, 1, 275, 0, 0, 0
746, 1, 1636411268306, 1636411268578, 272, 0, 272, 0, 0, 0
749, 1, 1636411278066, 1636411278354, 288, 1, 287, 1, 0, 1
752, 1, 1636411278962, 1636411279235, 273, 0, 273, 0, 0, 0
753, 1, 1636411279614, 1636411279882, 268, 1, 267, 0, 1, 1
756, 1, 1636411288574, 1636411288851, 277, 1, 276, 0, 1, 1
757, 1, 1636411289495, 1636411289774, 279, 0, 279, 0, 0, 0
758, 1, 1636411290262, 1636411290566, 304, 1, 303, 0, 1, 1
759, 1, 1636411290498, 1636411290770, 272, 1, 271, 0, 0, 0
760, 1, 1636411290830, 1636411291107, 277, 1, 276, 0, 1, 1
761, 1, 1636411291198, 1636411291466, 268, 1, 267, 0, 1, 1
762, 1, 1636411291486, 1636411291754, 268, 0, 268, 0, 0, 0
763, 1, 1636411291738, 1636411292010, 272, 1, 271, 0, 0, 0
764, 1, 1636411292170, 1636411292442, 272, 1, 271, 0, 0, 0
765, 1, 1636411292498, 1636411292770, 272, 1, 271, 0, 1, 1
766, 1, 1636411292774, 1636411293042, 268, 0, 268, 0, 0, 0
769, 1, 1636411293714, 1636411293987, 273, 1, 272, 0, 0, 0
770, 1, 1636411294730, 1636411295006, 276, 1, 275, 0, 1, 1
772, 1, 1636411303490, 1636411303766, 276, 1, 275, 0, 0, 0
774, 1, 1636411304383, 1636411304654, 271, 0, 271, 0, 0, 0
775, 1, 1636411305390, 1636411305663, 273, 1, 272, 0, 0, 0
777, 1, 1636411306386, 1636411306654, 268, 1, 267, 0, 1, 1
778, 1, 1636411307366, 1636411307643, 277, 1, 276, 0, 1, 1
779, 1, 1636411308342, 1636411308614, 272, 1, 271, 0, 0, 0
780, 1, 1636411309367, 1636411309639, 272, 0, 272, 0, 0, 0
781, 1, 1636411310386, 1636411310662, 276, 1, 275, 0, 0, 0
782, 1, 1636411311402, 1636411311674, 272, 1, 271, 0, 1, 1
783, 1, 1636411312387, 1636411312663, 276, 0, 276, 0, 0, 0
784, 1, 1636411313394, 1636411313670, 276, 0, 276, 0, 0, 0
785, 1, 1636411314127, 1636411314402, 275, 0, 275, 0, 0, 0
786, 1, 1636411314358, 1636411314627, 269, 0, 269, 0, 0, 0
788, 1, 1636411315363, 1636411315638, 275, 0, 275, 0, 0, 0
790, 1, 1636411316346, 1636411316614, 268, 1, 267, 0, 0, 0
791, 1, 1636411317362, 1636411317634, 272, 1, 271, 0, 1, 1
794, 1, 1636411327022, 1636411327294, 272, 1, 271, 1, 0, 1
797, 1, 1636411335670, 1636411335942, 272, 1, 271, 0, 0, 0
798, 1, 1636411338226, 1636411338503, 277, 0, 277, 0, 0, 0
799, 1, 1636411338994, 1636411339270, 276, 1, 275, 0, 0, 0
821, 1, 1636411691314, 1636411691578, 264, 0, 264, 0, 0, 0
822, 1, 1636411691986, 1636411692250, 264, 0, 264, 0, 0, 0
823, 1, 1636411692014, 1636411692282, 268, 1, 267, 0, 0, 0
824, 1, 1636411692430, 1636411692698, 268, 0, 268, 0, 0, 0
825, 1, 1636411692658, 1636411692922, 264, 0, 264, 0, 0, 0
826, 1, 1636411692682, 1636411692951, 269, 0, 269, 0, 0, 0
827, 1, 1636411693142, 1636411693406, 264, 0, 264, 0, 0, 0
828, 1, 1636411693330, 1636411693602, 272, 1, 271, 0, 0, 0
829, 1, 1636411693358, 1636411693626, 268, 1, 267, 0, 0, 0
830, 1, 1636411693406, 1636411693666, 260, 1, 259, 0, 0, 0
831, 1, 1636411693814, 1636411694078, 264, 0, 264, 0, 0, 0
833, 1, 1636411694034, 1636411694294, 260, 0, 260, 0, 0, 0
834, 1, 1636411694078, 1636411694342, 264, 1, 263, 0, 0, 0
835, 1, 1636411694250, 1636411694510, 260, 1, 259, 1, 0, 1
836, 1, 1636411694478, 1636411694742, 264, 0, 264, 0, 0, 0
838, 1, 1636411694738, 1636411695003, 265, 1, 264, 0, 0, 0
839, 1, 1636411694906, 1636411695175, 269, 1, 268, 0, 1, 1
841, 1, 1636411695402, 1636411695674, 272, 1, 271, 0, 0, 0
842, 1, 1636411695575, 1636411695839, 264, 0, 264, 0, 0, 0
844, 1, 1636411696238, 1636411696506, 268, 1, 267, 0, 0, 0
846, 1, 1636411704338, 1636411704606, 268, 1, 267, 0, 0, 0
847, 1, 1636411705010, 1636411705274, 264, 1, 263, 0, 0, 0
849, 1, 1636411705451, 1636411705723, 272, 0, 272, 0, 0, 0
852, 1, 1636411706382, 1636411706651, 269, 1, 268, 0, 0, 0
854, 1, 1636411707214, 1636411707483, 269, 1, 268, 0, 0, 0
866, 1, 1636411735930, 1636411736198, 268, 1, 267, 0, 1, 1
868, 1, 1636411736598, 1636411736863, 265, 0, 265, 0, 0, 0
869, 1, 1636411737035, 1636411737307, 272, 0, 272, 0, 0, 0
872, 1, 1636411738002, 1636411738270, 268, 1, 267, 0, 0, 0
874, 1, 1636411738818, 1636411739087, 269, 1, 268, 0, 0, 0
881, 1, 1636411757210, 1636411757478, 268, 1, 267, 0, 1, 1
883, 1, 1636411757914, 1636411758179, 265, 1, 264, 1, 0, 1
882, 1, 1636411757914, 1636411758179, 265, 1, 264, 0, 0, 0
884, 1, 1636411758354, 1636411758618, 264, 1, 263, 0, 1, 1
886, 1, 1636411758582, 1636411758842, 260, 1, 259, 0, 0, 0
887, 1, 1636411759038, 1636411759303, 265, 0, 265, 0, 0, 0
889, 1, 1636411759302, 1636411759571, 269, 1, 268, 0, 0, 0
891, 1, 1636411759978, 1636411760250, 272, 1, 271, 0, 0, 0
892, 1, 1636411760114, 1636411760382, 268, 1, 267, 0, 0, 0
894, 1, 1636411760782, 1636411761047, 265, 0, 265, 0, 0, 0
901, 1, 1636411779206, 1636411779470, 264, 1, 263, 0, 0, 0
903, 1, 1636411779878, 1636411780143, 265, 1, 264, 0, 1, 1
902, 1, 1636411779878, 1636411780143, 265, 1, 264, 0, 0, 0
904, 1, 1636411780314, 1636411780578, 264, 1, 263, 0, 0, 0
906, 1, 1636411780542, 1636411780806, 264, 1, 263, 0, 1, 1
907, 1, 1636411781010, 1636411781278, 268, 0, 268, 0, 0, 0
909, 1, 1636411781270, 1636411781539, 269, 0, 269, 0, 0, 0
911, 1, 1636411781943, 1636411782215, 272, 0, 272, 0, 0, 0
912, 1, 1636411782066, 1636411782335, 269, 1, 268, 1, 0, 1
914, 1, 1636411782738, 1636411783006, 268, 1, 267, 0, 0, 0
921, 1, 1636411801163, 1636411801435, 272, 0, 272, 0, 0, 0
922, 1, 1636411801858, 1636411802126, 268, 1, 267, 0, 0, 0
924, 1, 1636411802298, 1636411802563, 265, 1, 264, 0, 0, 0
927, 1, 1636411803226, 1636411803494, 268, 1, 267, 1, 0, 1
929, 1, 1636411804030, 1636411804299, 269, 1, 268, 0, 0, 0
941, 1, 1636411832762, 1636411833031, 269, 1, 268, 0, 1, 1
943, 1, 1636411833450, 1636411833715, 265, 1, 264, 0, 0, 0
942, 1, 1636411833450, 1636411833715, 265, 1, 264, 0, 1, 1
944, 1, 1636411833890, 1636411834154, 264, 1, 263, 0, 1, 1
945, 1, 1636411834118, 1636411834387, 269, 1, 268, 0, 0, 0
947, 1, 1636411834558, 1636411834819, 261, 0, 261, 0, 0, 0
949, 1, 1636411834818, 1636411835087, 269, 1, 268, 0, 0, 0
951, 1, 1636411835506, 1636411835770, 264, 1, 263, 0, 1, 1
952, 1, 1636411835642, 1636411835906, 264, 0, 264, 0, 0, 0
954, 1, 1636411836306, 1636411836570, 264, 1, 263, 0, 0, 0
961, 1, 1636411854734, 1636411854998, 264, 1, 263, 0, 0, 0
962, 1, 1636411855398, 1636411855671, 273, 1, 272, 0, 0, 0
963, 1, 1636411855410, 1636411855678, 268, 0, 268, 0, 0, 0
964, 1, 1636411855826, 1636411856090, 264, 0, 264, 0, 0, 0
965, 1, 1636411856066, 1636411856334, 268, 1, 267, 0, 0, 0
966, 1, 1636411856074, 1636411856338, 264, 1, 263, 0, 0, 0
967, 1, 1636411856526, 1636411856790, 264, 0, 264, 0, 0, 0
968, 1, 1636411856730, 1636411856994, 264, 1, 263, 1, 0, 1
969, 1, 1636411856730, 1636411857006, 276, 1, 275, 0, 0, 0
970, 1, 1636411856782, 1636411857046, 264, 0, 264, 0, 0, 0
971, 1, 1636411857186, 1636411857454, 268, 1, 267, 0, 1, 1
973, 1, 1636411857402, 1636411857666, 264, 0, 264, 0, 0, 0
974, 1, 1636411857458, 1636411857722, 264, 0, 264, 0, 0, 0
975, 1, 1636411857594, 1636411857862, 268, 1, 267, 0, 1, 1
976, 1, 1636411857850, 1636411858118, 268, 0, 268, 0, 0, 0
978, 1, 1636411858114, 1636411858383, 269, 1, 268, 0, 0, 0
979, 1, 1636411858262, 1636411858527, 265, 0, 265, 0, 0, 0
981, 1, 1636411858782, 1636411859046, 264, 1, 263, 0, 1, 1
982, 1, 1636411858930, 1636411859195, 265, 1, 264, 1, 0, 1
984, 1, 1636411859595, 1636411859862, 267, 0, 267, 0, 0, 0
986, 1, 1636411867706, 1636411867971, 265, 0, 265, 0, 0, 0
988, 1, 1636411868386, 1636411868654, 268, 1, 267, 1, 0, 1
987, 1, 1636411868386, 1636411868654, 268, 1, 267, 1, 0, 1
989, 1, 1636411868822, 1636411869090, 268, 1, 267, 0, 0, 0
990, 1, 1636411869050, 1636411869318, 268, 1, 267, 0, 0, 0
992, 1, 1636411869498, 1636411869766, 268, 0, 268, 0, 0, 0
994, 1, 1636411869758, 1636411870022, 264, 1, 263, 0, 0, 0
996, 1, 1636411870442, 1636411870706, 264, 0, 264, 0, 0, 0
997, 1, 1636411870570, 1636411870839, 269, 1, 268, 0, 1, 1
999, 1, 1636411871238, 1636411871510, 272, 1, 271, 0, 0, 0
1006, 1, 1636411889666, 1636411889934, 268, 1, 267, 0, 0, 0
1007, 1, 1636411890346, 1636411890610, 264, 1, 263, 0, 0, 0
1008, 1, 1636411890346, 1636411890610, 264, 1, 263, 0, 0, 0
1009, 1, 1636411890778, 1636411891042, 264, 1, 263, 0, 0, 0
1011, 1, 1636411891010, 1636411891274, 264, 1, 263, 1, 0, 1
1012, 1, 1636411891458, 1636411891727, 269, 0, 269, 0, 0, 0
1014, 1, 1636411891726, 1636411891995, 269, 1, 268, 0, 0, 0
1016, 1, 1636411892394, 1636411892662, 268, 1, 267, 0, 0, 0
1017, 1, 1636411892530, 1636411892798, 268, 1, 267, 0, 0, 0
1019, 1, 1636411893202, 1636411893470, 268, 1, 267, 0, 0, 0
1021, 1, 1636411901314, 1636411901591, 277, 1, 276, 1, 0, 1
1023, 1, 1636411902002, 1636411902266, 264, 0, 264, 0, 0, 0
1022, 1, 1636411902002, 1636411902267, 265, 0, 265, 0, 0, 0
1024, 1, 1636411902442, 1636411902706, 264, 0, 264, 0, 0, 0
1025, 1, 1636411902666, 1636411902934, 268, 1, 267, 1, 0, 1
1026, 1, 1636411902934, 1636411903202, 268, 1, 267, 1, 0, 1
1027, 1, 1636411903206, 1636411903475, 269, 0, 269, 0, 0, 0
1028, 1, 1636411903334, 1636411903607, 273, 0, 273, 0, 0, 0
1030, 1, 1636411903598, 1636411903862, 264, 1, 263, 0, 0, 0
1029, 1, 1636411903606, 1636411903918, 312, 2, 310, 0, 0, 0
1031, 1, 1636411903918, 1636411904182, 264, 1, 263, 0, 0, 0
1032, 1, 1636411904062, 1636411904322, 260, 1, 259, 1, 0, 1
1033, 1, 1636411904186, 1636411904454, 268, 0, 268, 0, 0, 0
1035, 1, 1636411904314, 1636411904582, 268, 1, 267, 1, 0, 1
1034, 1, 1636411904454, 1636411904722, 268, 1, 267, 1, 0, 1
1036, 1, 1636411904734, 1636411905007, 273, 0, 273, 0, 0, 0
1038, 1, 1636411904850, 1636411905114, 264, 1, 263, 1, 0, 1
1039, 1, 1636411905118, 1636411905374, 256, 0, 256, 0, 0, 0
1040, 1, 1636411905118, 1636411905378, 260, 0, 260, 0, 0, 0
1041, 1, 1636411905406, 1636411905678, 272, 1, 271, 1, 0, 1
1042, 1, 1636411905506, 1636411905771, 265, 0, 265, 0, 0, 0
1043, 1, 1636411905770, 1636411906038, 268, 1, 267, 0, 0, 0
1046, 1, 1636411906170, 1636411906435, 265, 1, 264, 0, 1, 1
1047, 1, 1636411906434, 1636411906706, 272, 1, 271, 0, 0, 0
1048, 1, 1636411906838, 1636411907103, 265, 0, 265, 0, 0, 0
1051, 1, 1636412139966, 1636412140239, 273, 1, 272, 0, 0, 0
1053, 1, 1636412140626, 1636412140891, 265, 1, 264, 1, 0, 1
1054, 1, 1636412141215, 1636412141486, 271, 0, 271, 0, 0, 0
1057, 1, 1636412141902, 1636412142174, 272, 1, 271, 0, 0, 0
1059, 1, 1636412142726, 1636412142995, 269, 0, 269, 0, 0, 0
1071, 1, 1636412171570, 1636412171838, 268, 1, 267, 0, 1, 1
1072, 1, 1636412172202, 1636412172466, 264, 0, 264, 0, 0, 0
1073, 1, 1636412172238, 1636412172550, 312, 0, 312, 0, 0, 0
1074, 1, 1636412172815, 1636412173082, 267, 0, 267, 0, 0, 0
1075, 1, 1636412172866, 1636412173130, 264, 0, 264, 0, 0, 0
1076, 1, 1636412172950, 1636412173230, 280, 1, 279, 0, 1, 1
1077, 1, 1636412173482, 1636412173746, 264, 0, 264, 0, 0, 0
1078, 1, 1636412173494, 1636412173766, 272, 0, 272, 0, 0, 0
1079, 1, 1636412173526, 1636412173790, 264, 0, 264, 0, 0, 0
1080, 1, 1636412173622, 1636412173890, 268, 1, 267, 0, 1, 1
1081, 1, 1636412174150, 1636412174410, 260, 0, 260, 0, 0, 0
1083, 1, 1636412174202, 1636412174466, 264, 1, 263, 0, 1, 1
1082, 1, 1636412174202, 1636412174466, 264, 0, 264, 0, 0, 0
1084, 1, 1636412174290, 1636412174550, 260, 0, 260, 0, 0, 0
1085, 1, 1636412174334, 1636412174594, 260, 0, 260, 0, 0, 0
1086, 1, 1636412174814, 1636412175078, 264, 0, 264, 0, 0, 0
1088, 1, 1636412174870, 1636412175134, 264, 0, 264, 0, 0, 0
1087, 1, 1636412174870, 1636412175138, 268, 0, 268, 0, 0, 0
1089, 1, 1636412174950, 1636412175210, 260, 0, 260, 0, 0, 0
1090, 1, 1636412174986, 1636412175250, 264, 1, 263, 0, 0, 0
1091, 1, 1636412175474, 1636412175734, 260, 0, 260, 0, 0, 0
1092, 1, 1636412175530, 1636412175794, 264, 1, 263, 0, 0, 0
1093, 1, 1636412175538, 1636412175802, 264, 1, 263, 0, 1, 1
1094, 1, 1636412175606, 1636412175866, 260, 0, 260, 0, 0, 0
1095, 1, 1636412175650, 1636412175910, 260, 0, 260, 0, 0, 0
1096, 1, 1636412176138, 1636412176407, 269, 1, 268, 0, 1, 1
1097, 1, 1636412176190, 1636412176458, 268, 0, 268, 0, 0, 0
1098, 1, 1636412176198, 1636412176458, 260, 0, 260, 0, 0, 0
1100, 1, 1636412176306, 1636412176570, 264, 1, 263, 0, 0, 0
1101, 1, 1636412176806, 1636412177074, 268, 0, 268, 0, 0, 0
1102, 1, 1636412176858, 1636412177118, 260, 0, 260, 0, 0, 0
1104, 1, 1636412176970, 1636412177238, 268, 0, 268, 0, 0, 0
1106, 1, 1636412177514, 1636412177779, 265, 0, 265, 0, 0, 0
1107, 1, 1636412177642, 1636412177906, 264, 0, 264, 0, 0, 0
1109, 1, 1636412178306, 1636412178570, 264, 1, 263, 0, 0, 0
1116, 1, 1636412196883, 1636412197150, 267, 0, 267, 0, 0, 0
1117, 1, 1636412197466, 1636412197742, 276, 1, 275, 0, 0, 0
1118, 1, 1636412197550, 1636412197818, 268, 1, 267, 0, 0, 0
1119, 1, 1636412198082, 1636412198354, 272, 1, 271, 1, 0, 1
1120, 1, 1636412198138, 1636412198406, 268, 0, 268, 0, 0, 0
1122, 1, 1636412198754, 1636412199018, 264, 0, 264, 0, 0, 0
1123, 1, 1636412198798, 1636412199059, 261, 0, 261, 0, 0, 0
1126, 1, 1636412199462, 1636412199726, 264, 0, 264, 0, 0, 0
1127, 1, 1636412199594, 1636412199858, 264, 1, 263, 0, 0, 0
1129, 1, 1636412200258, 1636412200526, 268, 0, 268, 0, 0, 0
1131, 1, 1636412208526, 1636412208795, 269, 1, 268, 0, 1, 1
1132, 1, 1636412209118, 1636412209382, 264, 0, 264, 0, 0, 0
1133, 1, 1636412209194, 1636412209458, 264, 0, 264, 0, 0, 0
1134, 1, 1636412209722, 1636412209994, 272, 1, 271, 0, 0, 0
1135, 1, 1636412209778, 1636412210046, 268, 0, 268, 0, 0, 0
1136, 1, 1636412209858, 1636412210167, 309, 1, 308, 0, 0, 0
1137, 1, 1636412210390, 1636412210654, 264, 0, 264, 0, 0, 0
1138, 1, 1636412210430, 1636412210698, 268, 1, 267, 1, 0, 1
1139, 1, 1636412210442, 1636412210706, 264, 0, 264, 0, 0, 0
1140, 1, 1636412210566, 1636412210830, 264, 0, 264, 0, 0, 0
1141, 1, 1636412211050, 1636412211314, 264, 0, 264, 0, 0, 0
1143, 1, 1636412211106, 1636412211362, 256, 0, 256, 0, 0, 0
1142, 1, 1636412211110, 1636412211374, 264, 0, 264, 0, 0, 0
1144, 1, 1636412211226, 1636412211494, 268, 0, 268, 0, 0, 0
1145, 1, 1636412211230, 1636412211494, 264, 0, 264, 0, 0, 0
1146, 1, 1636412211714, 1636412211978, 264, 0, 264, 0, 0, 0
1147, 1, 1636412211758, 1636412212018, 260, 0, 260, 0, 0, 0
1148, 1, 1636412211770, 1636412212038, 268, 0, 268, 0, 0, 0
1149, 1, 1636412211890, 1636412212150, 260, 1, 259, 0, 0, 0
1150, 1, 1636412211894, 1636412212154, 260, 1, 259, 0, 1, 1
1151, 1, 1636412212378, 1636412212650, 272, 0, 272, 0, 0, 0
1152, 1, 1636412212414, 1636412212678, 264, 0, 264, 0, 0, 0
1153, 1, 1636412212434, 1636412212694, 260, 1, 259, 0, 0, 0
1155, 1, 1636412212546, 1636412212810, 264, 1, 263, 0, 1, 1
1154, 1, 1636412212546, 1636412212810, 264, 1, 263, 0, 0, 0
1156, 1, 1636412213058, 1636412213322, 264, 0, 264, 0, 0, 0
1157, 1, 1636412213078, 1636412213342, 264, 0, 264, 0, 0, 0
1158, 1, 1636412213090, 1636412213354, 264, 0, 264, 0, 0, 0
1159, 1, 1636412213207, 1636412213478, 271, 0, 271, 0, 0, 0
1161, 1, 1636412213718, 1636412213986, 268, 1, 267, 0, 1, 1
1162, 1, 1636412213738, 1636412214002, 264, 1, 263, 0, 1, 1
1164, 1, 1636412213878, 1636412214146, 268, 1, 267, 0, 0, 0
1166, 1, 1636412214398, 1636412214670, 272, 1, 271, 0, 0, 0
1167, 1, 1636412214546, 1636412214814, 268, 0, 268, 0, 0, 0
1169, 1, 1636412215214, 1636412215486, 272, 1, 271, 0, 1, 1
1171, 1, 1636412223518, 1636412223807, 289, 1, 288, 0, 0, 0
1172, 1, 1636412224070, 1636412224342, 272, 1, 271, 0, 1, 1
1174, 1, 1636412224699, 1636412224970, 271, 0, 271, 0, 0, 0
1177, 1, 1636412225378, 1636412225646, 268, 1, 267, 0, 1, 1
1179, 1, 1636412226194, 1636412226458, 264, 0, 264, 0, 0, 0
1181, 1, 1636412234518, 1636412234791, 273, 1, 272, 1, 0, 1
1182, 1, 1636412235046, 1636412235314, 268, 1, 267, 0, 0, 0
1183, 1, 1636412235238, 1636412235502, 264, 0, 264, 0, 0, 0
1184, 1, 1636412235678, 1636412235942, 264, 1, 263, 0, 1, 1
1185, 1, 1636412235714, 1636412235982, 268, 1, 267, 0, 1, 1
1186, 1, 1636412235930, 1636412236198, 268, 0, 268, 0, 0, 0
1187, 1, 1636412236346, 1636412236610, 264, 1, 263, 0, 0, 0
1188, 1, 1636412236366, 1636412236630, 264, 0, 264, 0, 0, 0
1189, 1, 1636412236382, 1636412236650, 268, 1, 267, 0, 1, 1
1190, 1, 1636412236598, 1636412236902, 304, 0, 304, 0, 0, 0
1192, 1, 1636412237034, 1636412237298, 264, 0, 264, 0, 0, 0
1191, 1, 1636412237030, 1636412237298, 268, 0, 268, 0, 0, 0
1193, 1, 1636412237050, 1636412237318, 268, 0, 268, 0, 0, 0
1194, 1, 1636412237166, 1636412237430, 264, 0, 264, 0, 0, 0
1195, 1, 1636412237302, 1636412237574, 272, 0, 272, 0, 0, 0
1196, 1, 1636412237698, 1636412237966, 268, 1, 267, 0, 1, 1
1197, 1, 1636412237698, 1636412237974, 276, 1, 275, 0, 1, 1
1198, 1, 1636412237718, 1636412237990, 272, 0, 272, 0, 0, 0
1199, 1, 1636412237830, 1636412238099, 269, 0, 269, 0, 0, 0
1200, 1, 1636412237982, 1636412238250, 268, 1, 267, 0, 1, 1
1201, 1, 1636412238362, 1636412238626, 264, 0, 264, 0, 0, 0
1202, 1, 1636412238370, 1636412238634, 264, 0, 264, 0, 0, 0
1203, 1, 1636412238394, 1636412238654, 260, 0, 260, 0, 0, 0
1204, 1, 1636412238502, 1636412238778, 276, 1, 275, 0, 0, 0
1205, 1, 1636412238650, 1636412238918, 268, 1, 267, 0, 1, 1
1206, 1, 1636412239026, 1636412239286, 260, 1, 259, 1, 0, 1
1207, 1, 1636412239034, 1636412239290, 256, 0, 256, 0, 0, 0
1208, 1, 1636412239050, 1636412239314, 264, 0, 264, 0, 0, 0
1209, 1, 1636412239174, 1636412239434, 260, 0, 260, 0, 0, 0
1210, 1, 1636412239314, 1636412239582, 268, 1, 267, 0, 0, 0
1211, 1, 1636412239682, 1636412239946, 264, 1, 263, 0, 0, 0
1212, 1, 1636412239690, 1636412239958, 268, 0, 268, 0, 0, 0
1213, 1, 1636412239706, 1636412239974, 268, 0, 268, 0, 0, 0
1214, 1, 1636412239830, 1636412240094, 264, 0, 264, 0, 0, 0
1215, 1, 1636412239982, 1636412240250, 268, 1, 267, 0, 1, 1
1216, 1, 1636412240346, 1636412240610, 264, 1, 263, 1, 0, 1
1217, 1, 1636412240354, 1636412240618, 264, 1, 263, 0, 1, 1
1218, 1, 1636412240382, 1636412240654, 272, 1, 271, 1, 0, 1
1219, 1, 1636412240490, 1636412240762, 272, 1, 271, 1, 0, 1
1220, 1, 1636412240654, 1636412240915, 261, 1, 260, 0, 1, 1
1221, 1, 1636412241006, 1636412241274, 268, 0, 268, 0, 0, 0
1222, 1, 1636412241018, 1636412241282, 264, 0, 264, 0, 0, 0
1223, 1, 1636412241050, 1636412241314, 264, 0, 264, 0, 0, 0
1224, 1, 1636412241154, 1636412241410, 256, 0, 256, 0, 0, 0
1225, 1, 1636412241318, 1636412241583, 265, 0, 265, 0, 0, 0
1226, 1, 1636412241678, 1636412241938, 260, 0, 260, 0, 0, 0
1227, 1, 1636412241674, 1636412241950, 276, 0, 276, 0, 0, 0
1228, 1, 1636412241710, 1636412241978, 268, 0, 268, 0, 0, 0
1229, 1, 1636412241814, 1636412242082, 268, 0, 268, 0, 0, 0
1230, 1, 1636412241982, 1636412242246, 264, 0, 264, 0, 0, 0
1231, 1, 1636412242334, 1636412242602, 268, 0, 268, 0, 0, 0
1232, 1, 1636412242350, 1636412242618, 268, 0, 268, 0, 0, 0
1233, 1, 1636412242374, 1636412242638, 264, 0, 264, 0, 0, 0
1234, 1, 1636412242474, 1636412242738, 264, 0, 264, 0, 0, 0
1235, 1, 1636412242638, 1636412242907, 269, 1, 268, 1, 0, 1
1236, 1, 1636412243002, 1636412243266, 264, 0, 264, 0, 0, 0
1237, 1, 1636412243022, 1636412243282, 260, 0, 260, 0, 0, 0
1238, 1, 1636412243046, 1636412243310, 264, 0, 264, 0, 0, 0
1239, 1, 1636412243134, 1636412243394, 260, 0, 260, 0, 0, 0
1240, 1, 1636412243306, 1636412243574, 268, 1, 267, 0, 0, 0
1241, 1, 1636412243662, 1636412243926, 264, 0, 264, 0, 0, 0
1242, 1, 1636412243678, 1636412243946, 268, 0, 268, 0, 0, 0
1243, 1, 1636412243706, 1636412243970, 264, 0, 264, 0, 0, 0
1244, 1, 1636412243794, 1636412244058, 264, 0, 264, 0, 0, 0
1245, 1, 1636412243978, 1636412244242, 264, 1, 263, 0, 1, 1
1246, 1, 1636412244326, 1636412244590, 264, 0, 264, 0, 0, 0
1247, 1, 1636412244346, 1636412244610, 264, 1, 263, 0, 0, 0
1248, 1, 1636412244374, 1636412244638, 264, 0, 264, 0, 0, 0
1249, 1, 1636412244458, 1636412244722, 264, 0, 264, 0, 0, 0
1250, 1, 1636412244638, 1636412244898, 260, 1, 259, 0, 0, 0
1251, 1, 1636412244986, 1636412245246, 260, 0, 260, 0, 0, 0
1252, 1, 1636412245010, 1636412245270, 260, 0, 260, 0, 0, 0
1253, 1, 1636412245030, 1636412245294, 264, 0, 264, 0, 0, 0
1254, 1, 1636412245130, 1636412245394, 264, 0, 264, 0, 0, 0
1255, 1, 1636412245294, 1636412245562, 268, 1, 267, 0, 0, 0
1256, 1, 1636412245642, 1636412245910, 268, 0, 268, 0, 0, 0
1257, 1, 1636412245670, 1636412245938, 268, 1, 267, 0, 0, 0
1258, 1, 1636412245694, 1636412245954, 260, 1, 259, 0, 1, 1
1259, 1, 1636412245794, 1636412246063, 269, 0, 269, 0, 0, 0
1261, 1, 1636412246306, 1636412246578, 272, 1, 271, 0, 0, 0
1262, 1, 1636412246342, 1636412246610, 268, 1, 267, 0, 1, 1
1264, 1, 1636412246466, 1636412246734, 268, 1, 267, 1, 0, 1
1266, 1, 1636412247010, 1636412247270, 260, 0, 260, 0, 0, 0
1267, 1, 1636412247138, 1636412247406, 268, 1, 267, 0, 0, 0
1269, 1, 1636412247810, 1636412248074, 264, 1, 263, 0, 1, 1
1271, 1, 1636412256310, 1636412256582, 272, 1, 271, 0, 1, 1
1272, 1, 1636412256658, 1636412256926, 268, 1, 267, 0, 0, 0
1273, 1, 1636412257030, 1636412257294, 264, 0, 264, 0, 0, 0
1274, 1, 1636412257290, 1636412257554, 264, 0, 264, 0, 0, 0
1275, 1, 1636412257326, 1636412257598, 272, 1, 271, 1, 0, 1
1276, 1, 1636412257710, 1636412257974, 264, 0, 264, 0, 0, 0
1277, 1, 1636412257950, 1636412258210, 260, 0, 260, 0, 0, 0
1278, 1, 1636412257974, 1636412258234, 260, 1, 259, 0, 0, 0
1279, 1, 1636412257994, 1636412258254, 260, 0, 260, 0, 0, 0
1280, 1, 1636412258366, 1636412258630, 264, 1, 263, 0, 1, 1
1281, 1, 1636412258646, 1636412258910, 264, 1, 263, 0, 0, 0
1282, 1, 1636412258650, 1636412258918, 268, 0, 268, 0, 0, 0
1283, 1, 1636412258646, 1636412258918, 272, 0, 272, 0, 0, 0
1284, 1, 1636412258778, 1636412259050, 272, 1, 271, 0, 1, 1
1285, 1, 1636412259030, 1636412259290, 260, 0, 260, 0, 0, 0
1286, 1, 1636412259306, 1636412259574, 268, 0, 268, 0, 0, 0
1288, 1, 1636412259318, 1636412259590, 272, 1, 271, 0, 1, 1
1287, 1, 1636412259318, 1636412259590, 272, 1, 271, 0, 0, 0
1289, 1, 1636412259450, 1636412259718, 268, 0, 268, 0, 0, 0
1290, 1, 1636412259694, 1636412259962, 268, 1, 267, 1, 0, 1
1291, 1, 1636412259970, 1636412260234, 264, 1, 263, 0, 1, 1
1292, 1, 1636412259986, 1636412260250, 264, 1, 263, 1, 0, 1
1293, 1, 1636412259986, 1636412260258, 272, 1, 271, 1, 0, 1
1294, 1, 1636412260118, 1636412260386, 268, 1, 267, 0, 1, 1
1295, 1, 1636412260634, 1636412260902, 268, 1, 267, 0, 0, 0
1296, 1, 1636412260666, 1636412260930, 264, 1, 263, 1, 0, 1
1297, 1, 1636412260794, 1636412261062, 268, 1, 267, 0, 0, 0
1298, 1, 1636412261326, 1636412261595, 269, 0, 269, 0, 0, 0
1299, 1, 1636412261466, 1636412261738, 272, 1, 271, 0, 0, 0
1300, 1, 1636412262142, 1636412262414, 272, 1, 271, 0, 0, 0
1301, 1, 1636412824734, 1636412824998, 264, 1, 263, 1, 0, 1
1302, 1, 1636412825314, 1636412825578, 264, 1, 263, 1, 0, 1
1303, 1, 1636412825394, 1636412825658, 264, 1, 263, 1, 0, 1
1304, 1, 1636412825974, 1636412826238, 264, 1, 263, 0, 1, 1
1305, 1, 1636412825982, 1636412826254, 272, 1, 271, 1, 0, 1
1308, 1, 1636412826654, 1636412826918, 264, 1, 263, 1, 0, 1
1309, 1, 1636412826686, 1636412826950, 264, 1, 263, 0, 1, 1
1311, 1, 1636412827346, 1636412827610, 264, 1, 263, 0, 0, 0
1312, 1, 1636412827390, 1636412827654, 264, 0, 264, 0, 0, 0
1314, 1, 1636412828050, 1636412828314, 264, 0, 264, 0, 0, 0
1316, 1, 1636412836362, 1636412836630, 268, 1, 267, 0, 0, 0
1317, 1, 1636412836942, 1636412837206, 264, 1, 263, 0, 0, 0
1318, 1, 1636412837026, 1636412837290, 264, 1, 263, 0, 1, 1
1319, 1, 1636412837602, 1636412837866, 264, 0, 264, 0, 0, 0
1320, 1, 1636412837622, 1636412837886, 264, 0, 264, 0, 0, 0
1321, 1, 1636412837686, 1636412837950, 264, 0, 264, 0, 0, 0
1322, 1, 1636412838262, 1636412838526, 264, 1, 263, 0, 1, 1
1323, 1, 1636412838282, 1636412838546, 264, 1, 263, 0, 0, 0
1324, 1, 1636412838314, 1636412838578, 264, 0, 264, 0, 0, 0
1325, 1, 1636412838346, 1636412838610, 264, 1, 263, 0, 1, 1
1326, 1, 1636412838930, 1636412839194, 264, 0, 264, 0, 0, 0
1327, 1, 1636412838946, 1636412839210, 264, 0, 264, 0, 0, 0
1328, 1, 1636412838974, 1636412839238, 264, 0, 264, 0, 0, 0
1329, 1, 1636412839010, 1636412839274, 264, 0, 264, 0, 0, 0
1330, 1, 1636412839030, 1636412839294, 264, 0, 264, 0, 0, 0
1331, 1, 1636412839590, 1636412839858, 268, 0, 268, 0, 0, 0
1332, 1, 1636412839610, 1636412839878, 268, 0, 268, 0, 0, 0
1333, 1, 1636412839634, 1636412839898, 264, 0, 264, 0, 0, 0
1334, 1, 1636412839670, 1636412839934, 264, 0, 264, 0, 0, 0
1335, 1, 1636412839690, 1636412839954, 264, 0, 264, 0, 0, 0
1336, 1, 1636412840254, 1636412840518, 264, 1, 263, 0, 1, 1
1337, 1, 1636412840274, 1636412840538, 264, 0, 264, 0, 0, 0
1338, 1, 1636412840298, 1636412840566, 268, 0, 268, 0, 0, 0
1339, 1, 1636412840334, 1636412840598, 264, 0, 264, 0, 0, 0
1340, 1, 1636412840350, 1636412840614, 264, 0, 264, 0, 0, 0
1341, 1, 1636412840918, 1636412841182, 264, 0, 264, 0, 0, 0
1342, 1, 1636412840934, 1636412841202, 268, 0, 268, 0, 0, 0
1343, 1, 1636412840962, 1636412841230, 268, 0, 268, 0, 0, 0
1344, 1, 1636412840994, 1636412841258, 264, 0, 264, 0, 0, 0
1345, 1, 1636412841014, 1636412841278, 264, 0, 264, 0, 0, 0
1346, 1, 1636412841582, 1636412841846, 264, 1, 263, 0, 0, 0
1347, 1, 1636412841602, 1636412841866, 264, 0, 264, 0, 0, 0
1348, 1, 1636412841626, 1636412841890, 264, 0, 264, 0, 0, 0
1350, 1, 1636412841678, 1636412841942, 264, 0, 264, 0, 0, 0
1352, 1, 1636412842262, 1636412842530, 268, 0, 268, 0, 0, 0
1353, 1, 1636412842290, 1636412842554, 264, 0, 264, 0, 0, 0
1354, 1, 1636412842338, 1636412842602, 264, 1, 263, 0, 0, 0
1356, 1, 1636412842950, 1636412843214, 264, 1, 263, 0, 0, 0
1357, 1, 1636412842998, 1636412843262, 264, 0, 264, 0, 0, 0
1359, 1, 1636412843658, 1636412843922, 264, 0, 264, 0, 0, 0
1361, 1, 1636412851962, 1636412852226, 264, 1, 263, 0, 1, 1
1362, 1, 1636412852550, 1636412852818, 268, 1, 267, 0, 1, 1
1363, 1, 1636412852622, 1636412852886, 264, 1, 263, 0, 0, 0
1364, 1, 1636412853218, 1636412853482, 264, 1, 263, 0, 1, 1
1365, 1, 1636412853230, 1636412853494, 264, 0, 264, 0, 0, 0
1366, 1, 1636412853282, 1636412853546, 264, 1, 263, 0, 0, 0
1367, 1, 1636412853878, 1636412854142, 264, 1, 263, 0, 1, 1
1368, 1, 1636412853894, 1636412854158, 264, 0, 264, 0, 0, 0
1369, 1, 1636412853914, 1636412854182, 268, 1, 267, 0, 0, 0
1370, 1, 1636412854190, 1636412854454, 264, 0, 264, 0, 0, 0
1371, 1, 1636412854538, 1636412854802, 264, 0, 264, 0, 0, 0
1372, 1, 1636412854550, 1636412854814, 264, 1, 263, 0, 1, 1
1373, 1, 1636412854578, 1636412854842, 264, 1, 263, 1, 0, 1
1374, 1, 1636412854802, 1636412855066, 264, 1, 263, 1, 0, 1
1375, 1, 1636412854850, 1636412855122, 272, 0, 272, 0, 0, 0
1376, 1, 1636412855198, 1636412855462, 264, 0, 264, 0, 0, 0
1377, 1, 1636412855210, 1636412855478, 268, 0, 268, 0, 0, 0
1378, 1, 1636412855246, 1636412855510, 264, 0, 264, 0, 0, 0
1379, 1, 1636412855462, 1636412855726, 264, 1, 263, 0, 0, 0
1380, 1, 1636412855518, 1636412855782, 264, 0, 264, 0, 0, 0
1381, 1, 1636412855858, 1636412856122, 264, 1, 263, 0, 0, 0
1382, 1, 1636412855878, 1636412856142, 264, 0, 264, 0, 0, 0
1383, 1, 1636412855910, 1636412856174, 264, 0, 264, 0, 0, 0
1384, 1, 1636412856122, 1636412856386, 264, 1, 263, 1, 0, 1
1385, 1, 1636412856386, 1636412856650, 264, 1, 263, 1, 0, 1
1387, 1, 1636412856538, 1636412856802, 264, 1, 263, 1, 0, 1
1388, 1, 1636412856574, 1636412856838, 264, 1, 263, 0, 0, 0
1386, 1, 1636412856658, 1636412856922, 264, 0, 264, 0, 0, 0
1389, 1, 1636412856782, 1636412857046, 264, 0, 264, 0, 0, 0
1390, 1, 1636412857050, 1636412857314, 264, 0, 264, 0, 0, 0
1391, 1, 1636412857206, 1636412857470, 264, 0, 264, 0, 0, 0
1392, 1, 1636412857242, 1636412857506, 264, 0, 264, 0, 0, 0
1393, 1, 1636412857322, 1636412857586, 264, 0, 264, 0, 0, 0
1394, 1, 1636412857446, 1636412857710, 264, 1, 263, 0, 1, 1
1395, 1, 1636412857710, 1636412857974, 264, 1, 263, 1, 0, 1
1396, 1, 1636412857866, 1636412858130, 264, 1, 263, 0, 0, 0
1397, 1, 1636412857906, 1636412858170, 264, 1, 263, 1, 0, 1
1398, 1, 1636412857982, 1636412858242, 260, 1, 259, 0, 1, 1
1399, 1, 1636412858106, 1636412858374, 268, 0, 268, 0, 0, 0
1400, 1, 1636412858374, 1636412858638, 264, 0, 264, 0, 0, 0
1401, 1, 1636412858530, 1636412858794, 264, 1, 263, 1, 0, 1
1402, 1, 1636412858566, 1636412858830, 264, 0, 264, 0, 0, 0
1403, 1, 1636412858638, 1636412858902, 264, 1, 263, 0, 0, 0
1404, 1, 1636412858770, 1636412859034, 264, 0, 264, 0, 0, 0
1405, 1, 1636412859034, 1636412859302, 268, 1, 267, 0, 1, 1
1406, 1, 1636412859190, 1636412859454, 264, 0, 264, 0, 0, 0
1407, 1, 1636412859226, 1636412859490, 264, 1, 263, 0, 0, 0
1408, 1, 1636412859298, 1636412859570, 272, 5, 267, 5, 0, 5
1409, 1, 1636412859430, 1636412859694, 264, 0, 264, 0, 0, 0
1411, 1, 1636412859850, 1636412860114, 264, 1, 263, 0, 1, 1
1412, 1, 1636412859886, 1636412860150, 264, 1, 263, 0, 0, 0
1414, 1, 1636412860094, 1636412860358, 264, 1, 263, 0, 1, 1
1416, 1, 1636412860546, 1636412860810, 264, 1, 263, 1, 0, 1
1417, 1, 1636412860754, 1636412861018, 264, 1, 263, 1, 0, 1
1419, 1, 1636412861418, 1636412861682, 264, 1, 263, 0, 0, 0
1421, 1, 1636412870014, 1636412870278, 264, 1, 263, 0, 0, 0
1422, 1, 1636412870278, 1636412870562, 284, 1, 283, 0, 1, 1
1424, 1, 1636412870818, 1636412871082, 264, 1, 263, 0, 1, 1
1427, 1, 1636412871510, 1636412871774, 264, 1, 263, 0, 1, 1
1429, 1, 1636412872390, 1636412872654, 264, 1, 263, 0, 1, 1
1431, 1, 1636412881006, 1636412881271, 265, 1, 264, 0, 0, 0
1432, 1, 1636412881270, 1636412881534, 264, 1, 263, 0, 0, 0
1433, 1, 1636412881666, 1636412881930, 264, 0, 264, 0, 0, 0
1434, 1, 1636412881782, 1636412882050, 268, 0, 268, 0, 0, 0
1435, 1, 1636412881930, 1636412882218, 288, 1, 287, 0, 0, 0
1436, 1, 1636412882350, 1636412882615, 265, 0, 265, 0, 0, 0
1437, 1, 1636412882450, 1636412882714, 264, 1, 263, 0, 1, 1
1438, 1, 1636412882478, 1636412882742, 264, 0, 264, 0, 0, 0
1439, 1, 1636412882614, 1636412882878, 264, 1, 263, 0, 0, 0
1440, 1, 1636412883010, 1636412883278, 268, 0, 268, 0, 0, 0
1441, 1, 1636412883142, 1636412883406, 264, 1, 263, 1, 0, 1
1442, 1, 1636412883142, 1636412883406, 264, 1, 263, 0, 1, 1
1443, 1, 1636412883274, 1636412883550, 276, 5, 271, 5, 0, 5
1444, 1, 1636412883358, 1636412883622, 264, 1, 263, 0, 1, 1
1445, 1, 1636412883674, 1636412883938, 264, 0, 264, 0, 0, 0
1446, 1, 1636412883802, 1636412884070, 268, 0, 268, 0, 0, 0
1447, 1, 1636412883802, 1636412884070, 268, 0, 268, 0, 0, 0
1448, 1, 1636412883946, 1636412884210, 264, 1, 263, 0, 1, 1
1449, 1, 1636412884018, 1636412884286, 268, 0, 268, 0, 0, 0
1450, 1, 1636412884338, 1636412884602, 264, 0, 264, 0, 0, 0
1451, 1, 1636412884466, 1636412884730, 264, 0, 264, 0, 0, 0
1452, 1, 1636412884466, 1636412884731, 265, 0, 265, 0, 0, 0
1453, 1, 1636412884614, 1636412884878, 264, 0, 264, 0, 0, 0
1454, 1, 1636412884682, 1636412884946, 264, 1, 263, 0, 0, 0
1455, 1, 1636412884998, 1636412885262, 264, 0, 264, 0, 0, 0
1457, 1, 1636412885126, 1636412885390, 264, 1, 263, 1, 0, 1
1456, 1, 1636412885126, 1636412885390, 264, 1, 263, 1, 0, 1
1458, 1, 1636412885274, 1636412885546, 272, 0, 272, 0, 0, 0
1459, 1, 1636412885342, 1636412885606, 264, 1, 263, 0, 1, 1
1460, 1, 1636412885666, 1636412885930, 264, 0, 264, 0, 0, 0
1461, 1, 1636412885786, 1636412886050, 264, 0, 264, 0, 0, 0
1462, 1, 1636412885790, 1636412886058, 268, 0, 268, 0, 0, 0
1463, 1, 1636412885946, 1636412886210, 264, 1, 263, 0, 1, 1
1464, 1, 1636412886002, 1636412886266, 264, 1, 263, 0, 1, 1
1465, 1, 1636412886330, 1636412886594, 264, 0, 264, 0, 0, 0
1466, 1, 1636412886450, 1636412886714, 264, 1, 263, 0, 1, 1
1467, 1, 1636412886454, 1636412886718, 264, 0, 264, 0, 0, 0
1468, 1, 1636412886610, 1636412886878, 268, 1, 267, 0, 1, 1
1469, 1, 1636412886666, 1636412886930, 264, 0, 264, 0, 0, 0
1470, 1, 1636412886990, 1636412887254, 264, 1, 263, 0, 1, 1
1472, 1, 1636412887114, 1636412887378, 264, 1, 263, 0, 0, 0
1471, 1, 1636412887114, 1636412887378, 264, 1, 263, 0, 1, 1
1473, 1, 1636412887278, 1636412887542, 264, 1, 263, 0, 1, 1
1474, 1, 1636412887326, 1636412887590, 264, 0, 264, 0, 0, 0
1475, 1, 1636412887654, 1636412887918, 264, 1, 263, 0, 0, 0
1476, 1, 1636412887774, 1636412888038, 264, 1, 263, 0, 0, 0
1477, 1, 1636412887774, 1636412888038, 264, 1, 263, 0, 0, 0
1478, 1, 1636412887938, 1636412888202, 264, 1, 263, 0, 0, 0
1479, 1, 1636412887986, 1636412888254, 268, 0, 268, 0, 0, 0
1480, 1, 1636412888314, 1636412888578, 264, 1, 263, 0, 0, 0
1482, 1, 1636412888434, 1636412888698, 264, 0, 264, 0, 0, 0
1481, 1, 1636412888434, 1636412888698, 264, 0, 264, 0, 0, 0
1483, 1, 1636412888598, 1636412888862, 264, 1, 263, 0, 1, 1
1484, 1, 1636412888650, 1636412888914, 264, 0, 264, 0, 0, 0
1485, 1, 1636412888974, 1636412889242, 268, 0, 268, 0, 0, 0
1486, 1, 1636412889098, 1636412889362, 264, 0, 264, 0, 0, 0
1487, 1, 1636412889098, 1636412889362, 264, 0, 264, 0, 0, 0
1488, 1, 1636412889262, 1636412889526, 264, 1, 263, 0, 0, 0
1489, 1, 1636412889310, 1636412889578, 268, 1, 267, 0, 0, 0
1490, 1, 1636412889642, 1636412889906, 264, 1, 263, 0, 0, 0
1492, 1, 1636412889762, 1636412890026, 264, 0, 264, 0, 0, 0
1491, 1, 1636412889770, 1636412890038, 268, 1, 267, 0, 0, 0
1493, 1, 1636412889922, 1636412890186, 264, 0, 264, 0, 0, 0
1494, 1, 1636412889982, 1636412890246, 264, 0, 264, 0, 0, 0
1495, 1, 1636412890306, 1636412890570, 264, 0, 264, 0, 0, 0
1496, 1, 1636412890422, 1636412890686, 264, 0, 264, 0, 0, 0
1497, 1, 1636412890438, 1636412890702, 264, 0, 264, 0, 0, 0
1498, 1, 1636412890582, 1636412890850, 268, 1, 267, 0, 1, 1
1499, 1, 1636412890642, 1636412890906, 264, 0, 264, 0, 0, 0
1500, 1, 1636412890966, 1636412891230, 264, 1, 263, 1, 0, 1
1501, 1, 1636412891082, 1636412891346, 264, 0, 264, 0, 0, 0
1502, 1, 1636412891106, 1636412891374, 268, 1, 267, 0, 1, 1
1503, 1, 1636412891246, 1636412891510, 264, 1, 263, 0, 1, 1
1504, 1, 1636412891302, 1636412891566, 264, 0, 264, 0, 0, 0
1505, 1, 1636412891626, 1636412891890, 264, 1, 263, 0, 1, 1
1506, 1, 1636412891742, 1636412892010, 268, 0, 268, 0, 0, 0
1507, 1, 1636412891774, 1636412892038, 264, 0, 264, 0, 0, 0
1508, 1, 1636412891910, 1636412892178, 268, 1, 267, 0, 1, 1
1509, 1, 1636412891962, 1636412892226, 264, 0, 264, 0, 0, 0
1511, 1, 1636412892410, 1636412892674, 264, 0, 264, 0, 0, 0
1512, 1, 1636412892438, 1636412892706, 268, 0, 268, 0, 0, 0
1514, 1, 1636412892622, 1636412892890, 268, 0, 268, 0, 0, 0
1515, 1, 1636412893070, 1636412893334, 264, 0, 264, 0, 0, 0
1517, 1, 1636412893286, 1636412893550, 264, 0, 264, 0, 0, 0
1519, 1, 1636412893946, 1636412894210, 264, 0, 264, 0, 0, 0
1521, 1, 1636412902630, 1636412902894, 264, 1, 263, 0, 1, 1
1522, 1, 1636412902894, 1636412903158, 264, 1, 263, 0, 0, 0
1523, 1, 1636412903290, 1636412903558, 268, 1, 267, 0, 1, 1
1524, 1, 1636412903406, 1636412903670, 264, 1, 263, 1, 0, 1
1525, 1, 1636412903602, 1636412903866, 264, 0, 264, 0, 0, 0
1526, 1, 1636412903954, 1636412904218, 264, 0, 264, 0, 0, 0
1527, 1, 1636412904038, 1636412904302, 264, 1, 263, 0, 0, 0
1528, 1, 1636412904066, 1636412904330, 264, 1, 263, 0, 0, 0
1529, 1, 1636412904266, 1636412904530, 264, 1, 263, 0, 0, 0
1530, 1, 1636412904650, 1636412904914, 264, 0, 264, 0, 0, 0
1531, 1, 1636412904698, 1636412904962, 264, 0, 264, 0, 0, 0
1532, 1, 1636412904726, 1636412904990, 264, 0, 264, 0, 0, 0
1533, 1, 1636412904914, 1636412905178, 264, 0, 264, 0, 0, 0
1534, 1, 1636412904934, 1636412905202, 268, 1, 267, 0, 1, 1
1535, 1, 1636412905310, 1636412905574, 264, 1, 263, 0, 1, 1
1536, 1, 1636412905358, 1636412905626, 268, 0, 268, 0, 0, 0
1537, 1, 1636412905386, 1636412905654, 268, 0, 268, 0, 0, 0
1538, 1, 1636412905574, 1636412905838, 264, 1, 263, 0, 1, 1
1539, 1, 1636412905598, 1636412905866, 268, 1, 267, 0, 1, 1
1540, 1, 1636412905970, 1636412906238, 268, 1, 267, 0, 1, 1
1541, 1, 1636412906022, 1636412906290, 268, 0, 268, 0, 0, 0
1542, 1, 1636412906054, 1636412906322, 268, 0, 268, 0, 0, 0
1543, 1, 1636412906238, 1636412906502, 264, 1, 263, 0, 0, 0
1544, 1, 1636412906266, 1636412906530, 264, 0, 264, 0, 0, 0
1545, 1, 1636412906638, 1636412906910, 272, 1, 271, 0, 1, 1
1546, 1, 1636412906686, 1636412906954, 268, 0, 268, 0, 0, 0
1547, 1, 1636412906718, 1636412906982, 264, 0, 264, 0, 0, 0
1548, 1, 1636412906898, 1636412907166, 268, 0, 268, 0, 0, 0
1549, 1, 1636412906926, 1636412907190, 264, 0, 264, 0, 0, 0
1550, 1, 1636412907306, 1636412907570, 264, 0, 264, 0, 0, 0
1551, 1, 1636412907350, 1636412907614, 264, 0, 264, 0, 0, 0
1552, 1, 1636412907378, 1636412907642, 264, 0, 264, 0, 0, 0
1553, 1, 1636412907562, 1636412907830, 268, 1, 267, 0, 0, 0
1554, 1, 1636412907586, 1636412907850, 264, 0, 264, 0, 0, 0
1555, 1, 1636412907966, 1636412908230, 264, 0, 264, 0, 0, 0
1556, 1, 1636412908010, 1636412908274, 264, 0, 264, 0, 0, 0
1557, 1, 1636412908038, 1636412908302, 264, 1, 263, 0, 0, 0
1558, 1, 1636412908226, 1636412908490, 264, 1, 263, 0, 0, 0
1559, 1, 1636412908246, 1636412908510, 264, 0, 264, 0, 0, 0
1560, 1, 1636412908626, 1636412908890, 264, 0, 264, 0, 0, 0
1561, 1, 1636412908670, 1636412908938, 268, 0, 268, 0, 0, 0
1562, 1, 1636412908698, 1636412908962, 264, 0, 264, 0, 0, 0
1563, 1, 1636412908890, 1636412909154, 264, 0, 264, 0, 0, 0
1564, 1, 1636412908906, 1636412909170, 264, 0, 264, 0, 0, 0
1565, 1, 1636412909286, 1636412909550, 264, 0, 264, 0, 0, 0
1566, 1, 1636412909334, 1636412909598, 264, 0, 264, 0, 0, 0
1567, 1, 1636412909362, 1636412909626, 264, 1, 263, 0, 0, 0
1568, 1, 1636412909554, 1636412909818, 264, 0, 264, 0, 0, 0
1569, 1, 1636412909566, 1636412909830, 264, 0, 264, 0, 0, 0
1570, 1, 1636412909946, 1636412910210, 264, 1, 263, 1, 0, 1
1571, 1, 1636412909994, 1636412910258, 264, 0, 264, 0, 0, 0
1572, 1, 1636412910022, 1636412910286, 264, 0, 264, 0, 0, 0
1573, 1, 1636412910218, 1636412910486, 268, 0, 268, 0, 0, 0
1574, 1, 1636412910226, 1636412910494, 268, 1, 267, 0, 0, 0
1575, 1, 1636412910606, 1636412910874, 268, 1, 267, 0, 1, 1
1576, 1, 1636412910654, 1636412910922, 268, 0, 268, 0, 0, 0
1577, 1, 1636412910682, 1636412910946, 264, 1, 263, 0, 0, 0
1578, 1, 1636412910886, 1636412911154, 268, 0, 268, 0, 0, 0
1579, 1, 1636412910898, 1636412911162, 264, 0, 264, 0, 0, 0
1580, 1, 1636412911270, 1636412911538, 268, 0, 268, 0, 0, 0
1581, 1, 1636412911318, 1636412911586, 268, 0, 268, 0, 0, 0
1582, 1, 1636412911346, 1636412911610, 264, 1, 263, 0, 0, 0
1584, 1, 1636412911558, 1636412911822, 264, 1, 263, 0, 0, 0
1583, 1, 1636412911554, 1636412911822, 268, 0, 268, 0, 0, 0
1585, 1, 1636412911938, 1636412912202, 264, 0, 264, 0, 0, 0
1586, 1, 1636412911982, 1636412912250, 268, 0, 268, 0, 0, 0
1587, 1, 1636412912006, 1636412912274, 268, 0, 268, 0, 0, 0
1589, 1, 1636412912218, 1636412912482, 264, 1, 263, 1, 0, 1
1588, 1, 1636412912218, 1636412912486, 268, 1, 267, 0, 0, 0
1590, 1, 1636412912598, 1636412912866, 268, 1, 267, 0, 0, 0
1591, 1, 1636412912646, 1636412912910, 264, 0, 264, 0, 0, 0
1592, 1, 1636412912670, 1636412912934, 264, 0, 264, 0, 0, 0
1593, 1, 1636412912886, 1636412913150, 264, 1, 263, 1, 0, 1
1594, 1, 1636412912886, 1636412913150, 264, 1, 263, 1, 0, 1
1595, 1, 1636412913262, 1636412913526, 264, 1, 263, 0, 0, 0
1597, 1, 1636412913338, 1636412913602, 264, 1, 263, 0, 1, 1
1596, 1, 1636412913526, 1636412913790, 264, 1, 263, 1, 0, 1
1599, 1, 1636412913546, 1636412913810, 264, 0, 264, 0, 0, 0
1598, 1, 1636412913790, 1636412914054, 264, 1, 263, 1, 0, 1
1600, 1, 1636412913922, 1636412914186, 264, 0, 264, 0, 0, 0
1601, 1, 1636412914054, 1636412914318, 264, 1, 263, 1, 0, 1
1602, 1, 1636412914186, 1636412914450, 264, 0, 264, 0, 0, 0
1603, 1, 1636412914318, 1636412914582, 264, 1, 263, 1, 0, 1
1604, 1, 1636412914462, 1636412914726, 264, 0, 264, 0, 0, 0
1605, 1, 1636412914582, 1636412914846, 264, 0, 264, 0, 0, 0
1606, 1, 1636412914726, 1636412914990, 264, 1, 263, 1, 0, 1
1607, 1, 1636412914846, 1636412915110, 264, 0, 264, 0, 0, 0
1608, 1, 1636412914982, 1636412915246, 264, 1, 263, 0, 1, 1
1609, 1, 1636412915122, 1636412915386, 264, 0, 264, 0, 0, 0
1611, 1, 1636412915386, 1636412915650, 264, 1, 263, 1, 0, 1
1612, 1, 1636412915506, 1636412915770, 264, 0, 264, 0, 0, 0
1613, 1, 1636412915642, 1636412915906, 264, 0, 264, 0, 0, 0
1616, 1, 1636412916166, 1636412916430, 264, 0, 264, 0, 0, 0
1617, 1, 1636412916306, 1636412916570, 264, 1, 263, 0, 0, 0
1619, 1, 1636412916966, 1636412917230, 264, 1, 263, 1, 0, 1
1621, 1, 1636412925550, 1636412925830, 280, 1, 279, 0, 0, 0
1622, 1, 1636412926094, 1636412926359, 265, 1, 264, 0, 1, 1
1623, 1, 1636412926226, 1636412926490, 264, 1, 263, 0, 0, 0
1624, 1, 1636412926358, 1636412926622, 264, 1, 263, 0, 0, 0
1625, 1, 1636412926790, 1636412927055, 265, 1, 264, 0, 1, 1
1626, 1, 1636412926918, 1636412927182, 264, 0, 264, 0, 0, 0
1627, 1, 1636412927055, 1636412927318, 263, 0, 263, 0, 0, 0
1628, 1, 1636412927130, 1636412927394, 264, 1, 263, 1, 0, 1
1629, 1, 1636412927498, 1636412927763, 265, 0, 265, 0, 0, 0
1630, 1, 1636412927586, 1636412927850, 264, 0, 264, 0, 0, 0
1631, 1, 1636412927762, 1636412928026, 264, 1, 263, 0, 0, 0
1632, 1, 1636412927806, 1636412928070, 264, 0, 264, 0, 0, 0
1633, 1, 1636412927934, 1636412928199, 265, 1, 264, 0, 0, 0
1634, 1, 1636412928162, 1636412928426, 264, 0, 264, 0, 0, 0
1635, 1, 1636412928246, 1636412928510, 264, 0, 264, 0, 0, 0
1636, 1, 1636412928426, 1636412928690, 264, 1, 263, 1, 0, 1
1637, 1, 1636412928466, 1636412928730, 264, 0, 264, 0, 0, 0
1638, 1, 1636412928594, 1636412928858, 264, 0, 264, 0, 0, 0
1639, 1, 1636412928822, 1636412929086, 264, 0, 264, 0, 0, 0
1640, 1, 1636412928910, 1636412929170, 260, 0, 260, 0, 0, 0
1641, 1, 1636412929086, 1636412929358, 272, 1, 271, 1, 0, 1
1642, 1, 1636412929126, 1636412929390, 264, 0, 264, 0, 0, 0
1643, 1, 1636412929254, 1636412929518, 264, 1, 263, 0, 0, 0
1644, 1, 1636412929482, 1636412929746, 264, 0, 264, 0, 0, 0
1645, 1, 1636412929570, 1636412929834, 264, 0, 264, 0, 0, 0
1646, 1, 1636412929762, 1636412930026, 264, 1, 263, 0, 1, 1
1647, 1, 1636412929786, 1636412930054, 268, 0, 268, 0, 0, 0
1648, 1, 1636412929914, 1636412930178, 264, 1, 263, 0, 1, 1
1649, 1, 1636412930142, 1636412930406, 264, 0, 264, 0, 0, 0
1650, 1, 1636412930230, 1636412930494, 264, 0, 264, 0, 0, 0
1651, 1, 1636412930426, 1636412930694, 268, 1, 267, 0, 1, 1
1652, 1, 1636412930454, 1636412930722, 268, 0, 268, 0, 0, 0
1653, 1, 1636412930574, 1636412930838, 264, 0, 264, 0, 0, 0
1654, 1, 1636412930802, 1636412931070, 268, 1, 267, 0, 1, 1
1655, 1, 1636412930894, 1636412931162, 268, 0, 268, 0, 0, 0
1656, 1, 1636412931094, 1636412931358, 264, 0, 264, 0, 0, 0
1657, 1, 1636412931118, 1636412931382, 264, 0, 264, 0, 0, 0
1658, 1, 1636412931234, 1636412931498, 264, 0, 264, 0, 0, 0
1659, 1, 1636412931470, 1636412931734, 264, 0, 264, 0, 0, 0
1660, 1, 1636412931562, 1636412931830, 268, 1, 267, 0, 0, 0
1661, 1, 1636412931754, 1636412932018, 264, 1, 263, 0, 1, 1
1662, 1, 1636412931782, 1636412932046, 264, 0, 264, 0, 0, 0
1663, 1, 1636412931894, 1636412932162, 268, 1, 267, 0, 1, 1
1664, 1, 1636412932130, 1636412932394, 264, 0, 264, 0, 0, 0
1665, 1, 1636412932230, 1636412932494, 264, 0, 264, 0, 0, 0
1666, 1, 1636412932414, 1636412932678, 264, 0, 264, 0, 0, 0
1667, 1, 1636412932446, 1636412932710, 264, 1, 263, 0, 1, 1
1668, 1, 1636412932558, 1636412932822, 264, 0, 264, 0, 0, 0
1669, 1, 1636412932790, 1636412933054, 264, 1, 263, 0, 0, 0
1671, 1, 1636412933078, 1636412933342, 264, 0, 264, 0, 0, 0
1672, 1, 1636412933110, 1636412933374, 264, 1, 263, 0, 0, 0
1673, 1, 1636412933218, 1636412933486, 268, 1, 267, 0, 1, 1
1676, 1, 1636412933770, 1636412934034, 264, 1, 263, 0, 0, 0
1677, 1, 1636412933882, 1636412934146, 264, 1, 263, 0, 1, 1
1679, 1, 1636412934542, 1636412934806, 264, 1, 263, 1, 0, 1
1681, 1, 1636412943206, 1636412943498, 292, 0, 292, 0, 0, 0
1682, 1, 1636412943782, 1636412944047, 265, 1, 264, 0, 0, 0
1683, 1, 1636412943918, 1636412944182, 264, 0, 264, 0, 0, 0
1684, 1, 1636412944046, 1636412944310, 264, 1, 263, 0, 0, 0
1685, 1, 1636412944478, 1636412944742, 264, 0, 264, 0, 0, 0
1686, 1, 1636412944610, 1636412944874, 264, 0, 264, 0, 0, 0
1688, 1, 1636412944738, 1636412945002, 264, 1, 263, 0, 0, 0
1687, 1, 1636412944742, 1636412945006, 264, 1, 263, 1, 0, 1
1689, 1, 1636412945162, 1636412945426, 264, 0, 264, 0, 0, 0
1690, 1, 1636412945294, 1636412945558, 264, 0, 264, 0, 0, 0
1691, 1, 1636412945398, 1636412945662, 264, 1, 263, 0, 0, 0
1692, 1, 1636412945426, 1636412945690, 264, 1, 263, 1, 0, 1
1693, 1, 1636412945510, 1636412945774, 264, 1, 263, 0, 1, 1
1694, 1, 1636412945822, 1636412946086, 264, 1, 263, 0, 0, 0
1695, 1, 1636412945958, 1636412946222, 264, 0, 264, 0, 0, 0
1696, 1, 1636412946058, 1636412946327, 269, 0, 269, 0, 0, 0
1697, 1, 1636412946090, 1636412946354, 264, 0, 264, 0, 0, 0
1698, 1, 1636412946170, 1636412946434, 264, 0, 264, 0, 0, 0
1699, 1, 1636412946486, 1636412946750, 264, 0, 264, 0, 0, 0
1700, 1, 1636412946618, 1636412946886, 268, 0, 268, 0, 0, 0
1701, 1, 1636412946722, 1636412946986, 264, 0, 264, 0, 0, 0
1703, 1, 1636412946830, 1636412947094, 264, 0, 264, 0, 0, 0
1704, 1, 1636412947150, 1636412947414, 264, 0, 264, 0, 0, 0
1705, 1, 1636412947282, 1636412947546, 264, 0, 264, 0, 0, 0
1707, 1, 1636412947494, 1636412947762, 268, 1, 267, 0, 0, 0
1708, 1, 1636412947818, 1636412948086, 268, 0, 268, 0, 0, 0
1709, 1, 1636412947942, 1636412948206, 264, 0, 264, 0, 0, 0
1711, 1, 1636412948482, 1636412948746, 264, 0, 264, 0, 0, 0
1712, 1, 1636412948602, 1636412948866, 264, 1, 263, 0, 0, 0
1713, 1, 1636412949142, 1636412949418, 276, 0, 276, 0, 0, 0
1714, 1, 1636412949262, 1636412949526, 264, 0, 264, 0, 0, 0
1715, 1, 1636412949814, 1636412950078, 264, 0, 264, 0, 0, 0
1716, 1, 1636412949923, 1636412950186, 263, 0, 263, 0, 0, 0
1717, 1, 1636412950474, 1636412950738, 264, 0, 264, 0, 0, 0
1718, 1, 1636412950586, 1636412950858, 272, 0, 272, 0, 0, 0
1719, 1, 1636412951138, 1636412951402, 264, 1, 263, 0, 1, 1
1720, 1, 1636412951254, 1636412951519, 265, 1, 264, 0, 1, 1
1721, 1, 1636412951798, 1636412952062, 264, 0, 264, 0, 0, 0
1722, 1, 1636412951919, 1636412952183, 264, 0, 264, 0, 0, 0
1723, 1, 1636412952458, 1636412952723, 265, 1, 264, 0, 0, 0
1724, 1, 1636412952587, 1636412952851, 264, 0, 264, 0, 0, 0
1725, 1, 1636412953118, 1636412953382, 264, 1, 263, 0, 1, 1
1726, 1, 1636412953246, 1636412953510, 264, 1, 263, 1, 0, 1
1727, 1, 1636412953782, 1636412954047, 265, 1, 264, 1, 0, 1
1728, 1, 1636412953906, 1636412954170, 264, 1, 263, 1, 0, 1
1729, 1, 1636412954442, 1636412954706, 264, 0, 264, 0, 0, 0
1730, 1, 1636412954566, 1636412954830, 264, 1, 263, 0, 0, 0
1731, 1, 1636412955106, 1636412955370, 264, 0, 264, 0, 0, 0
1732, 1, 1636412955226, 1636412955490, 264, 0, 264, 0, 0, 0
1733, 1, 1636412955766, 1636412956030, 264, 1, 263, 0, 0, 0
1734, 1, 1636412955890, 1636412956154, 264, 0, 264, 0, 0, 0
1735, 1, 1636412956426, 1636412956690, 264, 1, 263, 0, 0, 0
1736, 1, 1636412956550, 1636412956814, 264, 1, 263, 1, 0, 1
1702, 2, 1636412946750, 1636412956842, 10092, 0, 10092, 0, 0, 0
1706, 1, 1636412956982, 1636412957246, 264, 1, 263, 0, 1, 1
1737, 1, 1636412957194, 1636412957458, 264, 0, 264, 0, 0, 0
1738, 1, 1636412957218, 1636412957486, 268, 1, 267, 0, 0, 0
1710, 1, 1636412957246, 1636412957510, 264, 1, 263, 1, 0, 1
1739, 1, 1636412957282, 1636412957554, 272, 0, 272, 0, 0, 0
1740, 1, 1636412957642, 1636412957906, 264, 1, 263, 0, 0, 0
1741, 1, 1636412957858, 1636412958122, 264, 1, 263, 0, 0, 0
1742, 1, 1636412957882, 1636412958146, 264, 0, 264, 0, 0, 0
1743, 1, 1636412957910, 1636412958174, 264, 0, 264, 0, 0, 0
1744, 1, 1636412957950, 1636412958214, 264, 0, 264, 0, 0, 0
1745, 1, 1636412958302, 1636412958566, 264, 0, 264, 0, 0, 0
1746, 1, 1636412958518, 1636412958790, 272, 1, 271, 0, 0, 0
1747, 1, 1636412958546, 1636412958814, 268, 1, 267, 0, 0, 0
1748, 1, 1636412958582, 1636412958846, 264, 0, 264, 0, 0, 0
1749, 1, 1636412958618, 1636412958882, 264, 1, 263, 0, 0, 0
1750, 1, 1636412958962, 1636412959226, 264, 1, 263, 0, 0, 0
1751, 1, 1636412959186, 1636412959450, 264, 0, 264, 0, 0, 0
1752, 1, 1636412959242, 1636412959510, 268, 1, 267, 0, 0, 0
1753, 1, 1636412959278, 1636412959542, 264, 0, 264, 0, 0, 0
1754, 1, 1636412959622, 1636412959890, 268, 0, 268, 0, 0, 0
1755, 1, 1636412959906, 1636412960174, 268, 0, 268, 0, 0, 0
1756, 1, 1636412959942, 1636412960206, 264, 0, 264, 0, 0, 0
1757, 1, 1636412960286, 1636412960550, 264, 1, 263, 0, 0, 0
1758, 1, 1636412960574, 1636412960838, 264, 0, 264, 0, 0, 0
1759, 1, 1636412960602, 1636412960870, 268, 1, 267, 0, 1, 1
1760, 1, 1636412960946, 1636412961210, 264, 0, 264, 0, 0, 0
1761, 1, 1636412961234, 1636412961498, 264, 0, 264, 0, 0, 0
1762, 1, 1636412961266, 1636412961530, 264, 0, 264, 0, 0, 0
1763, 1, 1636412961606, 1636412961870, 264, 1, 263, 1, 0, 1
1764, 1, 1636412961894, 1636412962158, 264, 1, 263, 0, 0, 0
1765, 1, 1636412961926, 1636412962190, 264, 0, 264, 0, 0, 0
1766, 1, 1636412962266, 1636412962530, 264, 1, 263, 0, 1, 1
1767, 1, 1636412962554, 1636412962818, 264, 0, 264, 0, 0, 0
1768, 1, 1636412962586, 1636412962850, 264, 0, 264, 0, 0, 0
1769, 1, 1636412962926, 1636412963190, 264, 1, 263, 0, 1, 1
1770, 1, 1636412963222, 1636412963486, 264, 0, 264, 0, 0, 0
1771, 1, 1636412963246, 1636412963510, 264, 0, 264, 0, 0, 0
1772, 1, 1636412963586, 1636412963850, 264, 0, 264, 0, 0, 0
1773, 1, 1636412963882, 1636412964146, 264, 1, 263, 0, 0, 0
1774, 1, 1636412963906, 1636412964170, 264, 0, 264, 0, 0, 0
1775, 1, 1636412964246, 1636412964510, 264, 1, 263, 0, 0, 0
1776, 1, 1636412964542, 1636412964806, 264, 1, 263, 0, 1, 1
1777, 1, 1636412964566, 1636412964834, 268, 0, 268, 0, 0, 0
1778, 1, 1636412964906, 1636412965170, 264, 1, 263, 0, 0, 0
1779, 1, 1636412965202, 1636412965470, 268, 0, 268, 0, 0, 0
1780, 1, 1636412965230, 1636412965498, 268, 1, 267, 0, 1, 1
1781, 1, 1636412965570, 1636412965834, 264, 1, 263, 0, 1, 1
1782, 1, 1636412965866, 1636412966130, 264, 1, 263, 0, 0, 0
1783, 1, 1636412965894, 1636412966162, 268, 0, 268, 0, 0, 0
1784, 1, 1636412966230, 1636412966498, 268, 1, 267, 0, 1, 1
1785, 1, 1636412966530, 1636412966794, 264, 1, 263, 0, 0, 0
1786, 1, 1636412966558, 1636412966822, 264, 1, 263, 0, 1, 1
1787, 1, 1636412966894, 1636412967158, 264, 0, 264, 0, 0, 0
1788, 1, 1636412967190, 1636412967454, 264, 1, 263, 0, 0, 0
1789, 1, 1636412967218, 1636412967482, 264, 0, 264, 0, 0, 0
1790, 1, 1636412967554, 1636412967822, 268, 1, 267, 1, 0, 1
1791, 1, 1636412967850, 1636412968114, 264, 1, 263, 0, 0, 0
1792, 1, 1636412967882, 1636412968146, 264, 1, 263, 0, 0, 0
1793, 1, 1636412968218, 1636412968486, 268, 0, 268, 0, 0, 0
1794, 1, 1636412968510, 1636412968774, 264, 0, 264, 0, 0, 0
1795, 1, 1636412968542, 1636412968806, 264, 1, 263, 0, 0, 0
1796, 1, 1636412968882, 1636412969146, 264, 0, 264, 0, 0, 0
1797, 1, 1636412969170, 1636412969434, 264, 0, 264, 0, 0, 0
1798, 1, 1636412969206, 1636412969470, 264, 0, 264, 0, 0, 0
1799, 1, 1636412969546, 1636412969814, 268, 0, 268, 0, 0, 0
1800, 1, 1636412969834, 1636412970099, 265, 1, 264, 0, 1, 1
