Xid, State, StartTime, EndTime, TransactionTime, ExecuteTime, CommunicationTime, ReadTime, WriteTime, DBTime
43, 1, 1636413949200, 1636413949711, 511, 97, 414, 41, 5, 46
47, 1, 1636413950071, 1636413950479, 408, 4, 404, 3, 0, 3
50, 1, 1636413950747, 1636413951155, 408, 4, 404, 1, 1, 2
53, 1, 1636413951423, 1636413951823, 400, 3, 397, 2, 0, 2
57, 1, 1636413952091, 1636413952487, 396, 3, 393, 1, 0, 1
60, 1, 1636413952755, 1636413953146, 391, 3, 388, 1, 1, 2
63, 1, 1636413953411, 1636413953811, 400, 3, 397, 1, 1, 2
66, 1, 1636413954075, 1636413954483, 408, 3, 405, 1, 1, 2
69, 1, 1636413954751, 1636413955163, 412, 3, 409, 2, 1, 3
72, 1, 1636413955431, 1636413955831, 400, 2, 398, 0, 0, 0
75, 1, 1636413956094, 1636413956491, 397, 4, 393, 1, 1, 2
78, 1, 1636413956759, 1636413957155, 396, 3, 393, 0, 1, 1
81, 1, 1636413957423, 1636413957815, 392, 2, 390, 1, 1, 2
85, 1, 1636413958083, 1636413958495, 412, 3, 409, 0, 1, 1
88, 1, 1636413958759, 1636413959154, 395, 3, 392, 0, 1, 1
91, 1, 1636413959419, 1636413959824, 405, 5, 400, 0, 0, 0
94, 1, 1636413960087, 1636413960443, 356, 2, 354, 0, 1, 1
97, 1, 1636413960711, 1636413961071, 360, 1, 359, 0, 0, 0
100, 1, 1636413961339, 1636413961695, 356, 1, 355, 0, 0, 0
103, 1, 1636413961967, 1636413962323, 356, 2, 354, 0, 1, 1
106, 1, 1636413962591, 1636413962938, 347, 2, 345, 0, 1, 1
109, 1, 1636413963199, 1636413963554, 355, 1, 354, 0, 1, 1
112, 1, 1636413963814, 1636413964163, 349, 1, 348, 0, 0, 0
115, 1, 1636413964434, 1636413964787, 353, 2, 351, 0, 0, 0
118, 1, 1636413965050, 1636413965395, 345, 3, 342, 0, 0, 0
121, 1, 1636413965658, 1636413966007, 349, 1, 348, 0, 0, 0
124, 1, 1636413966279, 1636413966627, 348, 2, 346, 0, 0, 0
127, 1, 1636413966895, 1636413967243, 348, 1, 347, 0, 0, 0
130, 1, 1636413967507, 1636413967859, 352, 0, 352, 0, 0, 0
133, 1, 1636413968127, 1636413968479, 352, 1, 351, 0, 0, 0
136, 1, 1636413968743, 1636413969095, 352, 2, 350, 0, 0, 0
139, 1, 1636413969358, 1636413969711, 353, 1, 352, 0, 1, 1
142, 1, 1636413969971, 1636413970323, 352, 0, 352, 0, 0, 0
145, 1, 1636413970587, 1636413970934, 347, 0, 347, 0, 0, 0
148, 1, 1636413971202, 1636413971551, 349, 2, 347, 0, 0, 0
151, 1, 1636413971815, 1636413972166, 351, 1, 350, 0, 0, 0
154, 1, 1636413972431, 1636413972782, 351, 1, 350, 0, 0, 0
157, 1, 1636413973047, 1636413973399, 352, 0, 352, 0, 0, 0
160, 1, 1636413973662, 1636413974015, 353, 2, 351, 0, 0, 0
163, 1, 1636413974275, 1636413974627, 352, 1, 351, 0, 0, 0
166, 1, 1636413974895, 1636413975250, 355, 2, 353, 1, 0, 1
169, 1, 1636413975515, 1636413975863, 348, 1, 347, 1, 0, 1
172, 1, 1636413976126, 1636413976478, 352, 2, 350, 2, 0, 2
175, 1, 1636413976743, 1636413977087, 344, 1, 343, 0, 0, 0
178, 1, 1636413977351, 1636413977702, 351, 0, 351, 0, 0, 0
181, 1, 1636413977963, 1636413978310, 347, 2, 345, 0, 0, 0
184, 1, 1636413978574, 1636413978922, 348, 2, 346, 1, 1, 2
187, 1, 1636413979183, 1636413979531, 348, 1, 347, 0, 0, 0
190, 1, 1636413979791, 1636413980142, 351, 2, 349, 0, 0, 0
193, 1, 1636413980406, 1636413980750, 344, 0, 344, 0, 0, 0
196, 1, 1636413981014, 1636413981362, 348, 2, 346, 1, 1, 2
199, 1, 1636413981622, 1636413981967, 345, 3, 342, 3, 0, 3
202, 1, 1636413982226, 1636413982575, 349, 3, 346, 2, 0, 2
205, 1, 1636413982843, 1636413983186, 343, 2, 341, 0, 0, 0
208, 1, 1636413983450, 1636413983795, 345, 2, 343, 0, 0, 0
211, 1, 1636413984058, 1636413984407, 349, 3, 346, 1, 1, 2
214, 1, 1636413984666, 1636413985015, 349, 3, 346, 0, 1, 1
217, 1, 1636413985278, 1636413985631, 353, 3, 350, 2, 0, 2
220, 1, 1636413985890, 1636413986239, 349, 2, 347, 0, 0, 0
223, 1, 1636413986498, 1636413986847, 349, 3, 346, 1, 0, 1
226, 1, 1636413987115, 1636413987467, 352, 2, 350, 1, 0, 1
229, 1, 1636413987730, 1636413988079, 349, 3, 346, 1, 0, 1
232, 1, 1636413988343, 1636413988698, 355, 2, 353, 0, 0, 0
235, 1, 1636413988962, 1636413989311, 349, 3, 346, 0, 0, 0
238, 1, 1636413989579, 1636413989931, 352, 4, 348, 4, 0, 4
241, 1, 1636413990194, 1636413990550, 356, 3, 353, 0, 0, 0
244, 1, 1636413990815, 1636413991163, 348, 0, 348, 0, 0, 0
247, 1, 1636413991426, 1636413991774, 348, 2, 346, 0, 0, 0
250, 1, 1636413992038, 1636413992387, 349, 3, 346, 0, 0, 0
253, 1, 1636413992650, 1636413993003, 353, 3, 350, 2, 0, 2
256, 1, 1636413993267, 1636413993614, 347, 2, 345, 1, 0, 1
259, 1, 1636413993879, 1636413994227, 348, 1, 347, 0, 0, 0
261, 1, 1636413994490, 1636413994847, 357, 3, 354, 0, 0, 0
263, 1, 1636413995110, 1636413995455, 345, 1, 344, 0, 0, 0
265, 1, 1636413995718, 1636413996071, 353, 1, 352, 0, 0, 0
267, 1, 1636413996334, 1636413996687, 353, 2, 351, 1, 0, 1
269, 1, 1636413996950, 1636413997306, 356, 3, 353, 1, 0, 1
271, 1, 1636413997571, 1636413997926, 355, 2, 353, 0, 0, 0
273, 1, 1636413998190, 1636413998539, 349, 2, 347, 0, 0, 0
275, 1, 1636413998798, 1636413999150, 352, 3, 349, 1, 0, 1
277, 1, 1636413999414, 1636413999762, 348, 3, 345, 0, 0, 0
279, 1, 1636414000026, 1636414000378, 352, 3, 349, 1, 0, 1
281, 1, 1636414000643, 1636414000998, 355, 1, 354, 1, 0, 1
283, 1, 1636414001262, 1636414001615, 353, 2, 351, 2, 0, 2
285, 1, 1636414001879, 1636414002222, 343, 2, 341, 0, 0, 0
286, 1, 1636414002486, 1636414002835, 349, 3, 346, 0, 0, 0
287, 1, 1636414003098, 1636414003446, 348, 2, 346, 1, 0, 1
288, 1, 1636414003714, 1636414004062, 348, 2, 346, 1, 0, 1
289, 1, 1636414004326, 1636414004675, 349, 3, 346, 1, 0, 1
290, 1, 1636414004938, 1636414005291, 353, 2, 351, 0, 0, 0
291, 1, 1636414005554, 1636414005902, 348, 0, 348, 0, 0, 0
292, 1, 1636414006167, 1636414006515, 348, 2, 346, 1, 0, 1
293, 1, 1636414006774, 1636414007123, 349, 3, 346, 0, 0, 0
294, 1, 1636414007386, 1636414007739, 353, 3, 350, 0, 0, 0
295, 1, 1636414008003, 1636414008351, 348, 2, 346, 2, 0, 2
296, 1, 1636414008614, 1636414008963, 349, 1, 348, 0, 0, 0
297, 1, 1636414009226, 1636414009570, 344, 3, 341, 0, 0, 0
298, 1, 1636414009834, 1636414010183, 349, 2, 347, 1, 1, 2
299, 1, 1636414010447, 1636414010798, 351, 2, 349, 1, 0, 1
300, 1, 1636414011062, 1636414011411, 349, 3, 346, 2, 0, 2
301, 1, 1636414579247, 1636414579566, 319, 11, 308, 0, 0, 0
302, 1, 1636414580527, 1636414580839, 312, 0, 312, 0, 0, 0
303, 1, 1636414581110, 1636414581427, 317, 1, 316, 0, 0, 0
304, 1, 1636414581518, 1636414581830, 312, 1, 311, 0, 0, 0
305, 1, 1636414582438, 1636414582746, 308, 1, 307, 1, 0, 1
306, 1, 1636414582471, 1636414582783, 312, 2, 310, 1, 1, 2
307, 1, 1636414582994, 1636414583307, 313, 1, 312, 0, 0, 0
308, 1, 1636414583366, 1636414583678, 312, 1, 311, 0, 1, 1
309, 1, 1636414584338, 1636414584646, 308, 1, 307, 0, 1, 1
310, 1, 1636414584374, 1636414584682, 308, 0, 308, 0, 0, 0
311, 1, 1636414585002, 1636414585310, 308, 1, 307, 0, 1, 1
312, 1, 1636414585266, 1636414585575, 309, 0, 309, 0, 0, 0
313, 1, 1636414586235, 1636414586543, 308, 0, 308, 0, 0, 0
314, 1, 1636414586390, 1636414586702, 312, 1, 311, 0, 0, 0
315, 1, 1636414587074, 1636414587382, 308, 1, 307, 0, 1, 1
316, 1, 1636414587370, 1636414587683, 313, 2, 311, 0, 0, 0
317, 1, 1636414588214, 1636414588478, 264, 1, 263, 0, 0, 0
318, 1, 1636414588303, 1636414588567, 264, 0, 264, 0, 0, 0
319, 1, 1636414588946, 1636414589210, 264, 1, 263, 0, 1, 1
320, 1, 1636414589283, 1636414589547, 264, 0, 264, 0, 0, 0
321, 1, 1636414590207, 1636414590475, 268, 0, 268, 0, 0, 0
323, 1, 1636414591058, 1636414591327, 269, 1, 268, 1, 0, 1
325, 1, 1636414592326, 1636414592591, 265, 1, 264, 0, 0, 0
326, 1, 1636414593114, 1636414593387, 273, 1, 272, 0, 0, 0
327, 1, 1636414594390, 1636414594655, 265, 0, 265, 0, 0, 0
328, 1, 1636414595183, 1636414595450, 267, 0, 267, 0, 0, 0
329, 1, 1636414596454, 1636414596718, 264, 1, 263, 1, 0, 1
330, 1, 1636414596486, 1636414596750, 264, 2, 262, 0, 1, 1
331, 1, 1636414597255, 1636414597519, 264, 0, 264, 0, 0, 0
332, 1, 1636414598486, 1636414598750, 264, 1, 263, 0, 0, 0
333, 1, 1636414598578, 1636414598842, 264, 1, 263, 1, 0, 1
334, 1, 1636414599242, 1636414599507, 265, 1, 264, 0, 1, 1
336, 1, 1636414600486, 1636414600750, 264, 1, 263, 0, 0, 0
335, 1, 1636414600486, 1636414600750, 264, 1, 263, 1, 0, 1
324, 1, 1636414600574, 1636414600838, 264, 1, 263, 0, 0, 0
337, 1, 1636414600958, 1636414601222, 264, 1, 263, 0, 0, 0
338, 1, 1636414601226, 1636414601490, 264, 1, 263, 1, 0, 1
339, 1, 1636414601254, 1636414601518, 264, 1, 263, 1, 0, 1
340, 1, 1636414602426, 1636414602690, 264, 0, 264, 0, 0, 0
341, 1, 1636414602458, 1636414602722, 264, 1, 263, 0, 1, 1
342, 1, 1636414602842, 1636414603107, 265, 1, 264, 0, 0, 0
343, 1, 1636414603006, 1636414603274, 268, 1, 267, 1, 0, 1
344, 1, 1636414603106, 1636414603374, 268, 1, 267, 1, 0, 1
345, 1, 1636414604386, 1636414604650, 264, 1, 263, 0, 0, 0
346, 1, 1636414604530, 1636414604798, 268, 1, 267, 0, 0, 0
347, 1, 1636414604782, 1636414605047, 265, 0, 265, 0, 0, 0
348, 1, 1636414605046, 1636414605310, 264, 1, 263, 0, 0, 0
349, 1, 1636414605074, 1636414605338, 264, 1, 263, 0, 0, 0
350, 1, 1636414606398, 1636414606667, 269, 1, 268, 0, 0, 0
351, 1, 1636414606450, 1636414606714, 264, 1, 263, 1, 0, 1
352, 1, 1636414606746, 1636414607014, 268, 2, 266, 1, 0, 1
353, 1, 1636414606994, 1636414607258, 264, 1, 263, 1, 0, 1
354, 1, 1636414607010, 1636414607274, 264, 1, 263, 1, 0, 1
355, 1, 1636414608382, 1636414608650, 268, 1, 267, 0, 0, 0
356, 1, 1636414608514, 1636414608778, 264, 1, 263, 0, 0, 0
357, 1, 1636414608630, 1636414608894, 264, 1, 263, 1, 0, 1
358, 1, 1636414608874, 1636414609142, 268, 0, 268, 0, 0, 0
359, 1, 1636414609146, 1636414609411, 265, 1, 264, 0, 0, 0
360, 1, 1636414610514, 1636414610778, 264, 0, 264, 0, 0, 0
361, 1, 1636414610518, 1636414610782, 264, 0, 264, 0, 0, 0
363, 1, 1636414610930, 1636414611195, 265, 1, 264, 0, 0, 0
364, 1, 1636414611106, 1636414611371, 265, 0, 265, 0, 0, 0
365, 1, 1636414612430, 1636414612699, 269, 1, 268, 0, 0, 0
366, 1, 1636414612575, 1636414612838, 263, 0, 263, 0, 0, 0
367, 1, 1636414612986, 1636414613250, 264, 1, 263, 0, 1, 1
368, 1, 1636414613059, 1636414613323, 264, 0, 264, 0, 0, 0
369, 1, 1636414614383, 1636414614647, 264, 0, 264, 0, 0, 0
370, 1, 1636414614706, 1636414614974, 268, 1, 267, 0, 0, 0
371, 1, 1636414614986, 1636414615251, 265, 1, 264, 0, 1, 1
372, 1, 1636414615154, 1636414615422, 268, 1, 267, 0, 0, 0
373, 1, 1636414616482, 1636414616746, 264, 1, 263, 0, 0, 0
374, 1, 1636414616718, 1636414616982, 264, 1, 263, 1, 0, 1
375, 1, 1636414616990, 1636414617254, 264, 0, 264, 0, 0, 0
376, 1, 1636414617198, 1636414617467, 269, 1, 268, 0, 0, 0
377, 1, 1636414618530, 1636414618798, 268, 0, 268, 0, 0, 0
378, 1, 1636414618714, 1636414618978, 264, 1, 263, 0, 1, 1
379, 1, 1636414618978, 1636414619242, 264, 1, 263, 0, 0, 0
380, 1, 1636414619178, 1636414619443, 265, 1, 264, 0, 1, 1
381, 1, 1636414620482, 1636414620746, 264, 1, 263, 0, 0, 0
362, 2, 1636414610782, 1636414620877, 10095, 0, 10095, 0, 0, 0
382, 1, 1636414620698, 1636414621099, 401, 1, 400, 0, 1, 1
383, 1, 1636414621010, 1636414621282, 272, 1, 271, 0, 0, 0
384, 1, 1636414621150, 1636414621419, 269, 1, 268, 0, 0, 0
385, 1, 1636414621382, 1636414621647, 265, 1, 264, 0, 1, 1
386, 1, 1636414622462, 1636414622726, 264, 1, 263, 0, 0, 0
387, 1, 1636414622682, 1636414622946, 264, 1, 263, 1, 0, 1
388, 1, 1636414622930, 1636414623194, 264, 1, 263, 1, 0, 1
389, 1, 1636414622946, 1636414623210, 264, 0, 264, 0, 0, 0
390, 1, 1636414623226, 1636414623490, 264, 1, 263, 0, 0, 0
391, 1, 1636414624354, 1636414624622, 268, 1, 267, 0, 0, 0
392, 1, 1636414624774, 1636414625038, 264, 1, 263, 0, 0, 0
393, 1, 1636414624886, 1636414625154, 268, 0, 268, 0, 0, 0
394, 1, 1636414624934, 1636414625198, 264, 0, 264, 0, 0, 0
395, 1, 1636414625114, 1636414625378, 264, 1, 263, 0, 0, 0
396, 1, 1636414626298, 1636414626566, 268, 1, 267, 0, 1, 1
397, 1, 1636414626786, 1636414627054, 268, 1, 267, 0, 0, 0
398, 1, 1636414626886, 1636414627150, 264, 0, 264, 0, 0, 0
399, 1, 1636414627050, 1636414627315, 265, 1, 264, 0, 0, 0
400, 1, 1636414627162, 1636414627430, 268, 1, 267, 0, 0, 0
401, 1, 1636414628410, 1636414628674, 264, 1, 263, 0, 0, 0
402, 1, 1636414628802, 1636414629067, 265, 1, 264, 0, 0, 0
403, 1, 1636414628894, 1636414629158, 264, 0, 264, 0, 0, 0
404, 1, 1636414628982, 1636414629246, 264, 1, 263, 1, 0, 1
405, 1, 1636414629214, 1636414629478, 264, 1, 263, 1, 0, 1
406, 1, 1636414630422, 1636414630690, 268, 1, 267, 0, 0, 0
407, 1, 1636414630738, 1636414631007, 269, 1, 268, 0, 0, 0
408, 1, 1636414630846, 1636414631114, 268, 1, 267, 1, 0, 1
409, 1, 1636414630867, 1636414631135, 268, 0, 268, 0, 0, 0
410, 1, 1636414631342, 1636414631610, 268, 1, 267, 0, 0, 0
411, 1, 1636414632382, 1636414632651, 269, 1, 268, 0, 1, 1
412, 1, 1636414632714, 1636414632979, 265, 1, 264, 0, 0, 0
413, 1, 1636414632814, 1636414633078, 264, 0, 264, 0, 0, 0
414, 1, 1636414632858, 1636414633122, 264, 0, 264, 0, 0, 0
415, 1, 1636414633346, 1636414633610, 264, 1, 263, 0, 0, 0
416, 1, 1636414634358, 1636414634623, 265, 1, 264, 0, 0, 0
417, 1, 1636414634674, 1636414634938, 264, 0, 264, 0, 0, 0
418, 1, 1636414634790, 1636414635054, 264, 1, 263, 0, 0, 0
419, 1, 1636414634894, 1636414635158, 264, 0, 264, 0, 0, 0
420, 1, 1636414635334, 1636414635598, 264, 1, 263, 0, 0, 0
421, 1, 1636414636362, 1636414636626, 264, 1, 263, 0, 0, 0
422, 1, 1636414636646, 1636414636910, 264, 0, 264, 0, 0, 0
423, 1, 1636414636914, 1636414637182, 268, 1, 267, 0, 0, 0
424, 1, 1636414637026, 1636414637290, 264, 0, 264, 0, 0, 0
425, 1, 1636414637230, 1636414637495, 265, 1, 264, 0, 0, 0
426, 1, 1636414638474, 1636414638738, 264, 0, 264, 0, 0, 0
427, 1, 1636414638774, 1636414639038, 264, 1, 263, 0, 0, 0
428, 1, 1636414638870, 1636414639135, 265, 0, 265, 0, 0, 0
429, 1, 1636414638994, 1636414639263, 269, 0, 269, 0, 0, 0
430, 1, 1636414639318, 1636414639583, 265, 1, 264, 0, 1, 1
431, 1, 1636414640442, 1636414640706, 264, 0, 264, 0, 0, 0
432, 1, 1636414640726, 1636414640995, 269, 0, 269, 0, 0, 0
434, 1, 1636414640974, 1636414641239, 265, 1, 264, 1, 0, 1
433, 1, 1636414640994, 1636414641263, 269, 1, 268, 1, 0, 1
435, 1, 1636414641322, 1636414641586, 264, 1, 263, 0, 0, 0
436, 1, 1636414642430, 1636414642694, 264, 1, 263, 0, 0, 0
437, 1, 1636414642630, 1636414642895, 265, 1, 264, 0, 0, 0
438, 1, 1636414642694, 1636414642958, 264, 1, 263, 0, 0, 0
439, 1, 1636414642950, 1636414643219, 269, 1, 268, 1, 0, 1
440, 1, 1636414643446, 1636414643715, 269, 1, 268, 0, 1, 1
441, 1, 1636414644310, 1636414644578, 268, 0, 268, 0, 0, 0
442, 1, 1636414644510, 1636414644775, 265, 0, 265, 0, 0, 0
443, 1, 1636414644626, 1636414644890, 264, 1, 263, 0, 0, 0
444, 1, 1636414644982, 1636414645250, 268, 0, 268, 0, 0, 0
445, 1, 1636414645378, 1636414645647, 269, 1, 268, 0, 0, 0
446, 1, 1636414646350, 1636414646614, 264, 0, 264, 0, 0, 0
447, 1, 1636414646374, 1636414646638, 264, 0, 264, 0, 0, 0
448, 1, 1636414646706, 1636414646974, 268, 1, 267, 0, 0, 0
449, 1, 1636414646886, 1636414647151, 265, 1, 264, 0, 0, 0
450, 1, 1636414647346, 1636414647610, 264, 1, 263, 0, 0, 0
451, 1, 1636414648338, 1636414648602, 264, 1, 263, 0, 0, 0
452, 1, 1636414648458, 1636414648723, 265, 1, 264, 0, 0, 0
453, 1, 1636414648574, 1636414648842, 268, 1, 267, 0, 1, 1
454, 1, 1636414649006, 1636414649271, 265, 0, 265, 0, 0, 0
455, 1, 1636414649294, 1636414649563, 269, 1, 268, 0, 0, 0
456, 1, 1636414650418, 1636414650686, 268, 1, 267, 0, 1, 1
457, 1, 1636414650450, 1636414650714, 264, 1, 263, 0, 1, 1
458, 1, 1636414650458, 1636414650722, 264, 1, 263, 0, 0, 0
459, 1, 1636414650887, 1636414651151, 264, 0, 264, 0, 0, 0
460, 1, 1636414651282, 1636414651551, 269, 1, 268, 0, 0, 0
461, 1, 1636414652290, 1636414652554, 264, 1, 263, 0, 0, 0
462, 1, 1636414652342, 1636414652606, 264, 1, 263, 0, 0, 0
463, 1, 1636414652534, 1636414652798, 264, 0, 264, 0, 0, 0
464, 1, 1636414652834, 1636414653099, 265, 1, 264, 0, 0, 0
465, 1, 1636414653382, 1636414653647, 265, 1, 264, 0, 0, 0
466, 1, 1636414654298, 1636414654562, 264, 1, 263, 0, 0, 0
467, 1, 1636414654327, 1636414654591, 264, 0, 264, 0, 0, 0
468, 1, 1636414654434, 1636414654699, 265, 0, 265, 0, 0, 0
469, 1, 1636414654946, 1636414655211, 265, 1, 264, 0, 0, 0
470, 1, 1636414655334, 1636414655598, 264, 1, 263, 1, 0, 1
471, 1, 1636414656223, 1636414656486, 263, 0, 263, 0, 0, 0
472, 1, 1636414656370, 1636414656634, 264, 1, 263, 0, 0, 0
473, 1, 1636414656394, 1636414656658, 264, 1, 263, 0, 1, 1
474, 1, 1636414656946, 1636414657210, 264, 1, 263, 0, 0, 0
475, 1, 1636414657234, 1636414657499, 265, 0, 265, 0, 0, 0
476, 1, 1636414658158, 1636414658422, 264, 1, 263, 0, 0, 0
477, 1, 1636414658394, 1636414658658, 264, 1, 263, 0, 0, 0
478, 1, 1636414658410, 1636414658678, 268, 1, 267, 1, 0, 1
479, 1, 1636414659078, 1636414659343, 265, 0, 265, 0, 0, 0
480, 1, 1636414659118, 1636414659382, 264, 1, 263, 0, 0, 0
481, 1, 1636414660182, 1636414660451, 269, 1, 268, 0, 1, 1
482, 1, 1636414660482, 1636414660746, 264, 0, 264, 0, 0, 0
483, 1, 1636414660522, 1636414660790, 268, 1, 267, 0, 0, 0
484, 1, 1636414660978, 1636414661243, 265, 1, 264, 0, 1, 1
485, 1, 1636414660998, 1636414661266, 268, 1, 267, 0, 0, 0
486, 1, 1636414662246, 1636414662510, 264, 1, 263, 0, 0, 0
487, 1, 1636414662442, 1636414662710, 268, 1, 267, 0, 1, 1
488, 1, 1636414662474, 1636414662742, 268, 1, 267, 1, 0, 1
489, 1, 1636414662974, 1636414663239, 265, 1, 264, 0, 0, 0
490, 1, 1636414663098, 1636414663367, 269, 0, 269, 0, 0, 0
491, 1, 1636414664242, 1636414664507, 265, 1, 264, 0, 1, 1
492, 1, 1636414664378, 1636414664642, 264, 1, 263, 1, 0, 1
493, 1, 1636414664490, 1636414664754, 264, 1, 263, 0, 1, 1
494, 1, 1636414664974, 1636414665239, 265, 1, 264, 0, 0, 0
495, 1, 1636414665102, 1636414665371, 269, 0, 269, 0, 0, 0
496, 1, 1636414666258, 1636414666523, 265, 1, 264, 0, 0, 0
497, 1, 1636414666502, 1636414666766, 264, 1, 263, 1, 0, 1
498, 1, 1636414666610, 1636414666874, 264, 1, 263, 0, 0, 0
499, 1, 1636414666898, 1636414667162, 264, 1, 263, 0, 0, 0
500, 1, 1636414667198, 1636414667463, 265, 1, 264, 0, 0, 0
501, 1, 1636414668374, 1636414668639, 265, 1, 264, 0, 0, 0
502, 1, 1636414668554, 1636414668823, 269, 0, 269, 0, 0, 0
503, 1, 1636414668690, 1636414668958, 268, 1, 267, 0, 1, 1
504, 1, 1636414668938, 1636414669202, 264, 1, 263, 1, 0, 1
505, 1, 1636414669190, 1636414669459, 269, 1, 268, 0, 0, 0
506, 1, 1636414670454, 1636414670718, 264, 0, 264, 0, 0, 0
507, 1, 1636414670470, 1636414670738, 268, 1, 267, 0, 0, 0
508, 1, 1636414670726, 1636414670991, 265, 1, 264, 0, 0, 0
509, 1, 1636414670830, 1636414671095, 265, 0, 265, 0, 0, 0
510, 1, 1636414671306, 1636414671570, 264, 1, 263, 0, 0, 0
511, 1, 1636414672494, 1636414672758, 264, 1, 263, 1, 0, 1
512, 1, 1636414672582, 1636414672854, 272, 1, 271, 0, 0, 0
513, 1, 1636414672766, 1636414673030, 264, 1, 263, 0, 0, 0
514, 1, 1636414672834, 1636414673098, 264, 1, 263, 0, 0, 0
515, 1, 1636414673382, 1636414673646, 264, 1, 263, 0, 0, 0
516, 1, 1636414674606, 1636414674870, 264, 1, 263, 0, 0, 0
517, 1, 1636414674658, 1636414674922, 264, 1, 263, 0, 0, 0
518, 1, 1636414674810, 1636414675074, 264, 1, 263, 0, 0, 0
519, 1, 1636414674886, 1636414675150, 264, 1, 263, 0, 0, 0
520, 1, 1636414675270, 1636414675534, 264, 1, 263, 0, 0, 0
521, 1, 1636414676618, 1636414676882, 264, 1, 263, 1, 0, 1
522, 1, 1636414676650, 1636414676914, 264, 1, 263, 0, 0, 0
523, 1, 1636414676810, 1636414677074, 264, 1, 263, 0, 0, 0
524, 1, 1636414676866, 1636414677130, 264, 1, 263, 0, 0, 0
525, 1, 1636414677162, 1636414677431, 269, 0, 269, 0, 0, 0
527, 1, 1636414678542, 1636414678807, 265, 0, 265, 0, 0, 0
526, 1, 1636414678542, 1636414678807, 265, 0, 265, 0, 0, 0
528, 1, 1636414678715, 1636414678983, 268, 0, 268, 0, 0, 0
529, 1, 1636414678986, 1636414679250, 264, 1, 263, 0, 0, 0
530, 1, 1636414679226, 1636414679491, 265, 0, 265, 0, 0, 0
531, 1, 1636414680526, 1636414680795, 269, 1, 268, 0, 0, 0
532, 1, 1636414680582, 1636414680846, 264, 0, 264, 0, 0, 0
533, 1, 1636414680662, 1636414680926, 264, 1, 263, 0, 0, 0
534, 1, 1636414680998, 1636414681262, 264, 1, 263, 0, 0, 0
535, 1, 1636414681262, 1636414681526, 264, 1, 263, 0, 1, 1
536, 1, 1636414682474, 1636414682743, 269, 1, 268, 0, 0, 0
537, 1, 1636414682618, 1636414682886, 268, 1, 267, 0, 0, 0
538, 1, 1636414682754, 1636414683022, 268, 0, 268, 0, 0, 0
539, 1, 1636414683130, 1636414683399, 269, 1, 268, 0, 0, 0
540, 1, 1636414683282, 1636414683546, 264, 1, 263, 0, 0, 0
541, 1, 1636414684526, 1636414684795, 269, 1, 268, 0, 1, 1
542, 1, 1636414684630, 1636414684894, 264, 1, 263, 0, 0, 0
543, 1, 1636414684642, 1636414684906, 264, 1, 263, 0, 0, 0
544, 1, 1636414685158, 1636414685423, 265, 1, 264, 0, 1, 1
545, 1, 1636414685238, 1636414685503, 265, 0, 265, 0, 0, 0
546, 1, 1636414686435, 1636414686702, 267, 0, 267, 0, 0, 0
547, 1, 1636414686582, 1636414686850, 268, 0, 268, 0, 0, 0
548, 1, 1636414686742, 1636414687006, 264, 1, 263, 0, 0, 0
549, 1, 1636414687194, 1636414687462, 268, 1, 267, 0, 0, 0
550, 1, 1636414687326, 1636414687590, 264, 1, 263, 0, 0, 0
551, 1, 1636414688530, 1636414688795, 265, 1, 264, 0, 0, 0
552, 1, 1636414688678, 1636414688942, 264, 1, 263, 0, 0, 0
553, 1, 1636414688846, 1636414689110, 264, 1, 263, 0, 0, 0
554, 1, 1636414689294, 1636414689558, 264, 1, 263, 1, 0, 1
555, 1, 1636414689338, 1636414689602, 264, 0, 264, 0, 0, 0
556, 1, 1636414690594, 1636414690858, 264, 1, 263, 0, 0, 0
557, 1, 1636414690722, 1636414690991, 269, 1, 268, 0, 0, 0
558, 1, 1636414690774, 1636414691038, 264, 1, 263, 0, 1, 1
559, 1, 1636414691318, 1636414691590, 272, 1, 271, 0, 0, 0
560, 1, 1636414691382, 1636414691646, 264, 1, 263, 1, 0, 1
561, 1, 1636414692474, 1636414692738, 264, 1, 263, 0, 0, 0
562, 1, 1636414692770, 1636414693039, 269, 1, 268, 0, 1, 1
563, 1, 1636414692834, 1636414693098, 264, 1, 263, 0, 1, 1
564, 1, 1636414693230, 1636414693495, 265, 1, 264, 0, 0, 0
565, 1, 1636414693362, 1636414693626, 264, 1, 263, 0, 0, 0
566, 1, 1636414694570, 1636414694834, 264, 1, 263, 0, 0, 0
567, 1, 1636414694778, 1636414695042, 264, 1, 263, 0, 0, 0
568, 1, 1636414694974, 1636414695238, 264, 1, 263, 0, 0, 0
569, 1, 1636414695130, 1636414695398, 268, 1, 267, 0, 0, 0
570, 1, 1636414695422, 1636414695687, 265, 1, 264, 0, 0, 0
571, 1, 1636414696698, 1636414696962, 264, 1, 263, 0, 0, 0
572, 1, 1636414696806, 1636414697071, 265, 1, 264, 0, 0, 0
573, 1, 1636414696898, 1636414697162, 264, 1, 263, 0, 0, 0
574, 1, 1636414697078, 1636414697342, 264, 1, 263, 0, 0, 0
575, 1, 1636414697498, 1636414697763, 265, 1, 264, 0, 0, 0
576, 1, 1636414698582, 1636414698846, 264, 0, 264, 0, 0, 0
577, 1, 1636414698874, 1636414699142, 268, 0, 268, 0, 0, 0
578, 1, 1636414698994, 1636414699258, 264, 1, 263, 0, 0, 0
579, 1, 1636414699170, 1636414699435, 265, 0, 265, 0, 0, 0
580, 1, 1636414699534, 1636414699799, 265, 1, 264, 1, 0, 1
581, 1, 1636414700586, 1636414700850, 264, 1, 263, 0, 1, 1
582, 1, 1636414700898, 1636414701162, 264, 0, 264, 0, 0, 0
583, 1, 1636414701014, 1636414701278, 264, 1, 263, 1, 0, 1
584, 1, 1636414701078, 1636414701342, 264, 1, 263, 0, 0, 0
585, 1, 1636414701626, 1636414701890, 264, 0, 264, 0, 0, 0
586, 1, 1636414702490, 1636414702755, 265, 1, 264, 0, 0, 0
587, 1, 1636414702859, 1636414703126, 267, 0, 267, 0, 0, 0
588, 1, 1636414703094, 1636414703362, 268, 1, 267, 1, 0, 1
589, 1, 1636414703166, 1636414703430, 264, 1, 263, 0, 0, 0
590, 1, 1636414703530, 1636414703795, 265, 1, 264, 1, 0, 1
591, 1, 1636414704446, 1636414704714, 268, 1, 267, 0, 0, 0
592, 1, 1636414704770, 1636414705038, 268, 1, 267, 0, 0, 0
593, 1, 1636414705074, 1636414705338, 264, 1, 263, 0, 1, 1
594, 1, 1636414705286, 1636414705550, 264, 1, 263, 0, 0, 0
595, 1, 1636414705574, 1636414705838, 264, 1, 263, 0, 1, 1
596, 1, 1636414706362, 1636414706635, 273, 1, 272, 0, 1, 1
597, 1, 1636414706743, 1636414707014, 271, 0, 271, 0, 0, 0
598, 1, 1636414707106, 1636414707374, 268, 1, 267, 0, 1, 1
599, 1, 1636414707170, 1636414707434, 264, 1, 263, 0, 0, 0
600, 1, 1636414707587, 1636414707851, 264, 0, 264, 0, 0, 0
601, 1, 1636414708310, 1636414708574, 264, 1, 263, 0, 0, 0
602, 1, 1636414708666, 1636414708930, 264, 1, 263, 0, 0, 0
603, 1, 1636414709126, 1636414709391, 265, 1, 264, 0, 0, 0
604, 1, 1636414709230, 1636414709495, 265, 0, 265, 0, 0, 0
605, 1, 1636414709618, 1636414709887, 269, 1, 268, 0, 0, 0
606, 1, 1636414710294, 1636414710562, 268, 1, 267, 1, 0, 1
607, 1, 1636414710622, 1636414710886, 264, 0, 264, 0, 0, 0
608, 1, 1636414711162, 1636414711426, 264, 1, 263, 0, 0, 0
609, 1, 1636414711362, 1636414711626, 264, 0, 264, 0, 0, 0
610, 1, 1636414711514, 1636414711779, 265, 0, 265, 0, 0, 0
611, 1, 1636414712214, 1636414712478, 264, 1, 263, 0, 0, 0
612, 1, 1636414712562, 1636414712826, 264, 0, 264, 0, 0, 0
613, 1, 1636414713070, 1636414713334, 264, 1, 263, 0, 1, 1
614, 1, 1636414713242, 1636414713506, 264, 0, 264, 0, 0, 0
615, 1, 1636414713414, 1636414713678, 264, 1, 263, 0, 0, 0
616, 1, 1636414714142, 1636414714411, 269, 1, 268, 0, 1, 1
617, 1, 1636414714506, 1636414714775, 269, 0, 269, 0, 0, 0
618, 1, 1636414714946, 1636414715210, 264, 1, 263, 0, 0, 0
619, 1, 1636414715330, 1636414715594, 264, 1, 263, 1, 0, 1
620, 1, 1636414715330, 1636414715594, 264, 1, 263, 0, 0, 0
621, 1, 1636414716106, 1636414716374, 268, 1, 267, 0, 0, 0
622, 1, 1636414716402, 1636414716670, 268, 1, 267, 0, 0, 0
623, 1, 1636414716830, 1636414717094, 264, 0, 264, 0, 0, 0
624, 1, 1636414717210, 1636414717474, 264, 1, 263, 0, 1, 1
625, 1, 1636414717274, 1636414717543, 269, 1, 268, 1, 0, 1
626, 1, 1636414718006, 1636414718274, 268, 1, 267, 0, 1, 1
627, 1, 1636414718470, 1636414718739, 269, 1, 268, 0, 0, 0
628, 1, 1636414718826, 1636414719090, 264, 1, 263, 0, 0, 0
629, 1, 1636414719234, 1636414719498, 264, 1, 263, 0, 0, 0
630, 1, 1636414719322, 1636414719586, 264, 1, 263, 1, 0, 1
631, 1, 1636414720070, 1636414720335, 265, 1, 264, 0, 0, 0
632, 1, 1636414720454, 1636414720723, 269, 1, 268, 0, 0, 0
633, 1, 1636414720910, 1636414721174, 264, 1, 263, 0, 0, 0
634, 1, 1636414721170, 1636414721434, 264, 1, 263, 0, 0, 0
635, 1, 1636414721298, 1636414721566, 268, 1, 267, 0, 0, 0
636, 1, 1636414721994, 1636414722262, 268, 1, 267, 0, 0, 0
637, 1, 1636414722402, 1636414722666, 264, 1, 263, 1, 0, 1
638, 1, 1636414722882, 1636414723146, 264, 1, 263, 0, 1, 1
639, 1, 1636414723134, 1636414723398, 264, 1, 263, 1, 0, 1
640, 1, 1636414723214, 1636414723482, 268, 1, 267, 0, 0, 0
641, 1, 1636414723946, 1636414724215, 269, 1, 268, 0, 0, 0
642, 1, 1636414724342, 1636414724611, 269, 1, 268, 0, 0, 0
643, 1, 1636414724802, 1636414725067, 265, 1, 264, 0, 0, 0
644, 1, 1636414725114, 1636414725378, 264, 1, 263, 0, 0, 0
645, 1, 1636414725338, 1636414725602, 264, 1, 263, 0, 0, 0
646, 1, 1636414725942, 1636414726211, 269, 1, 268, 0, 0, 0
647, 1, 1636414726326, 1636414726591, 265, 1, 264, 0, 1, 1
648, 1, 1636414726862, 1636414727126, 264, 1, 263, 0, 0, 0
649, 1, 1636414727070, 1636414727334, 264, 1, 263, 1, 0, 1
650, 1, 1636414727266, 1636414727530, 264, 1, 263, 0, 0, 0
651, 1, 1636414727926, 1636414728195, 269, 1, 268, 0, 0, 0
652, 1, 1636414728362, 1636414728626, 264, 1, 263, 0, 1, 1
653, 1, 1636414728818, 1636414729082, 264, 1, 263, 1, 0, 1
654, 1, 1636414728994, 1636414729258, 264, 1, 263, 0, 0, 0
655, 1, 1636414729166, 1636414729435, 269, 1, 268, 0, 0, 0
656, 1, 1636414729926, 1636414730190, 264, 0, 264, 0, 0, 0
657, 1, 1636414730474, 1636414730738, 264, 1, 263, 1, 0, 1
658, 1, 1636414730718, 1636414730986, 268, 1, 267, 0, 0, 0
659, 1, 1636414730930, 1636414731198, 268, 0, 268, 0, 0, 0
660, 1, 1636414731070, 1636414731335, 265, 1, 264, 0, 0, 0
661, 1, 1636414732034, 1636414732303, 269, 1, 268, 0, 0, 0
662, 1, 1636414732334, 1636414732602, 268, 1, 267, 0, 0, 0
663, 1, 1636414732618, 1636414732882, 264, 1, 263, 0, 1, 1
664, 1, 1636414732878, 1636414733142, 264, 1, 263, 1, 0, 1
665, 1, 1636414733186, 1636414733454, 268, 0, 268, 0, 0, 0
666, 1, 1636414733899, 1636414734162, 263, 0, 263, 0, 0, 0
667, 1, 1636414734330, 1636414734594, 264, 1, 263, 1, 0, 1
668, 1, 1636414734758, 1636414735022, 264, 1, 263, 0, 0, 0
669, 1, 1636414734942, 1636414735206, 264, 1, 263, 0, 1, 1
670, 1, 1636414735262, 1636414735530, 268, 1, 267, 1, 0, 1
671, 1, 1636414735862, 1636414736130, 268, 1, 267, 0, 0, 0
672, 1, 1636414736278, 1636414736542, 264, 0, 264, 0, 0, 0
673, 1, 1636414736822, 1636414737086, 264, 1, 263, 0, 0, 0
674, 1, 1636414736862, 1636414737127, 265, 0, 265, 0, 0, 0
675, 1, 1636414737282, 1636414737550, 268, 1, 267, 0, 1, 1
676, 1, 1636414737810, 1636414738075, 265, 1, 264, 0, 0, 0
677, 1, 1636414738251, 1636414738519, 268, 0, 268, 0, 0, 0
678, 1, 1636414738818, 1636414739082, 264, 1, 263, 1, 0, 1
679, 1, 1636414738894, 1636414739158, 264, 1, 263, 0, 0, 0
680, 1, 1636414739226, 1636414739494, 268, 1, 267, 0, 0, 0
681, 1, 1636414739762, 1636414740026, 264, 1, 263, 0, 1, 1
682, 1, 1636414740146, 1636414740410, 264, 1, 263, 0, 0, 0
683, 1, 1636414740810, 1636414741074, 264, 1, 263, 1, 0, 1
684, 1, 1636414740882, 1636414741146, 264, 1, 263, 1, 0, 1
685, 1, 1636414741254, 1636414741526, 272, 1, 271, 1, 0, 1
686, 1, 1636414741662, 1636414741926, 264, 1, 263, 0, 0, 0
687, 1, 1636414742283, 1636414742550, 267, 0, 267, 0, 0, 0
688, 1, 1636414742794, 1636414743059, 265, 1, 264, 0, 0, 0
689, 1, 1636414742894, 1636414743162, 268, 0, 268, 0, 0, 0
690, 1, 1636414743122, 1636414743390, 268, 0, 268, 0, 0, 0
691, 1, 1636414743678, 1636414743942, 264, 0, 264, 0, 0, 0
692, 1, 1636414744194, 1636414744463, 269, 0, 269, 0, 0, 0
693, 1, 1636414744798, 1636414745062, 264, 1, 263, 0, 0, 0
694, 1, 1636414744831, 1636414745098, 267, 0, 267, 0, 0, 0
695, 1, 1636414745242, 1636414745506, 264, 1, 263, 0, 0, 0
696, 1, 1636414745618, 1636414745882, 264, 1, 263, 0, 0, 0
697, 1, 1636414746267, 1636414746535, 268, 0, 268, 0, 0, 0
698, 1, 1636414746926, 1636414747198, 272, 1, 271, 0, 0, 0
699, 1, 1636414746938, 1636414747206, 268, 0, 268, 0, 0, 0
700, 1, 1636414747147, 1636414747410, 263, 0, 263, 0, 0, 0
701, 1, 1636414747686, 1636414747954, 268, 0, 268, 0, 0, 0
702, 1, 1636414748378, 1636414748642, 264, 1, 263, 0, 0, 0
703, 1, 1636414748806, 1636414749070, 264, 1, 263, 0, 0, 0
704, 1, 1636414748830, 1636414749094, 264, 0, 264, 0, 0, 0
705, 1, 1636414749222, 1636414749490, 268, 1, 267, 0, 1, 1
706, 1, 1636414749794, 1636414750062, 268, 0, 268, 0, 0, 0
707, 1, 1636414750314, 1636414750583, 269, 1, 268, 1, 0, 1
708, 1, 1636414750806, 1636414751070, 264, 0, 264, 0, 0, 0
709, 1, 1636414750894, 1636414751162, 268, 0, 268, 0, 0, 0
710, 1, 1636414751322, 1636414751590, 268, 1, 267, 0, 0, 0
711, 1, 1636414751722, 1636414751986, 264, 1, 263, 1, 0, 1
712, 1, 1636414752206, 1636414752474, 268, 1, 267, 0, 1, 1
713, 1, 1636414752746, 1636414753015, 269, 1, 268, 0, 0, 0
714, 1, 1636414752978, 1636414753243, 265, 1, 264, 1, 0, 1
715, 1, 1636414753286, 1636414753554, 268, 0, 268, 0, 0, 0
716, 1, 1636414753654, 1636414753918, 264, 1, 263, 0, 0, 0
717, 1, 1636414754263, 1636414754530, 267, 0, 267, 0, 0, 0
718, 1, 1636414754698, 1636414754967, 269, 0, 269, 0, 0, 0
719, 1, 1636414754934, 1636414755199, 265, 1, 264, 0, 0, 0
720, 1, 1636414755214, 1636414755478, 264, 1, 263, 0, 1, 1
721, 1, 1636414755706, 1636414755971, 265, 0, 265, 0, 0, 0
722, 1, 1636414756211, 1636414756479, 268, 0, 268, 0, 0, 0
723, 1, 1636414756618, 1636414756882, 264, 1, 263, 0, 0, 0
724, 1, 1636414756858, 1636414757122, 264, 1, 263, 0, 1, 1
725, 1, 1636414757122, 1636414757390, 268, 1, 267, 1, 0, 1
726, 1, 1636414757650, 1636414757915, 265, 0, 265, 0, 0, 0
727, 1, 1636414758091, 1636414758359, 268, 0, 268, 0, 0, 0
728, 1, 1636414758638, 1636414758902, 264, 1, 263, 0, 0, 0
729, 1, 1636414758774, 1636414759038, 264, 1, 263, 0, 0, 0
730, 1, 1636414759094, 1636414759362, 268, 0, 268, 0, 0, 0
731, 1, 1636414759590, 1636414759854, 264, 1, 263, 1, 0, 1
732, 1, 1636414760146, 1636414760414, 268, 1, 267, 0, 0, 0
733, 1, 1636414760550, 1636414760818, 268, 1, 267, 0, 0, 0
734, 1, 1636414760754, 1636414761022, 268, 1, 267, 0, 0, 0
735, 1, 1636414760974, 1636414761242, 268, 1, 267, 0, 1, 1
736, 1, 1636414761646, 1636414761914, 268, 0, 268, 0, 0, 0
737, 1, 1636414762218, 1636414762486, 268, 0, 268, 0, 0, 0
738, 1, 1636414762622, 1636414762886, 264, 0, 264, 0, 0, 0
739, 1, 1636414762646, 1636414762910, 264, 1, 263, 0, 1, 1
740, 1, 1636414762982, 1636414763255, 273, 1, 272, 0, 1, 1
741, 1, 1636414763714, 1636414763978, 264, 1, 263, 0, 1, 1
742, 1, 1636414764258, 1636414764522, 264, 1, 263, 0, 1, 1
743, 1, 1636414764650, 1636414764914, 264, 1, 263, 0, 0, 0
744, 1, 1636414764730, 1636414764994, 264, 0, 264, 0, 0, 0
745, 1, 1636414764998, 1636414765266, 268, 0, 268, 0, 0, 0
746, 1, 1636414765758, 1636414766022, 264, 1, 263, 0, 1, 1
747, 1, 1636414766142, 1636414766410, 268, 0, 268, 0, 0, 0
748, 1, 1636414766622, 1636414766886, 264, 1, 263, 1, 0, 1
749, 1, 1636414766654, 1636414766918, 264, 1, 263, 0, 0, 0
750, 1, 1636414767046, 1636414767314, 268, 1, 267, 0, 0, 0
751, 1, 1636414767638, 1636414767906, 268, 1, 267, 0, 0, 0
752, 1, 1636414768118, 1636414768387, 269, 0, 269, 0, 0, 0
753, 1, 1636414768538, 1636414768802, 264, 0, 264, 0, 0, 0
754, 1, 1636414768626, 1636414768890, 264, 1, 263, 0, 1, 1
755, 1, 1636414769118, 1636414769386, 268, 0, 268, 0, 0, 0
756, 1, 1636414769615, 1636414769882, 267, 0, 267, 0, 0, 0
757, 1, 1636414770026, 1636414770294, 268, 1, 267, 0, 1, 1
758, 1, 1636414770594, 1636414770866, 272, 1, 271, 0, 0, 0
759, 1, 1636414770698, 1636414770967, 269, 1, 268, 0, 0, 0
760, 1, 1636414771254, 1636414771522, 268, 0, 268, 0, 0, 0
761, 1, 1636414771522, 1636414771786, 264, 1, 263, 0, 0, 0
762, 1, 1636414771914, 1636414772182, 268, 1, 267, 1, 0, 1
763, 1, 1636414772542, 1636414772806, 264, 1, 263, 0, 0, 0
764, 1, 1636414772843, 1636414773111, 268, 0, 268, 0, 0, 0
765, 1, 1636414773286, 1636414773551, 265, 1, 264, 1, 0, 1
766, 1, 1636414773410, 1636414773674, 264, 1, 263, 0, 1, 1
767, 1, 1636414773906, 1636414774175, 269, 0, 269, 0, 0, 0
768, 1, 1636414774479, 1636414774742, 263, 0, 263, 0, 0, 0
769, 1, 1636414774870, 1636414775135, 265, 1, 264, 0, 1, 1
770, 1, 1636414775406, 1636414775674, 268, 1, 267, 0, 0, 0
771, 1, 1636414775414, 1636414775678, 264, 1, 263, 0, 0, 0
772, 1, 1636414775890, 1636414776159, 269, 1, 268, 0, 1, 1
773, 1, 1636414776538, 1636414776803, 265, 0, 265, 0, 0, 0
774, 1, 1636414777006, 1636414777274, 268, 0, 268, 0, 0, 0
775, 1, 1636414777278, 1636414777546, 268, 1, 267, 0, 1, 1
776, 1, 1636414777494, 1636414777762, 268, 1, 267, 0, 0, 0
777, 1, 1636414777858, 1636414778122, 264, 1, 263, 0, 0, 0
778, 1, 1636414778602, 1636414778870, 268, 1, 267, 0, 0, 0
779, 1, 1636414779082, 1636414779346, 264, 0, 264, 0, 0, 0
780, 1, 1636414779250, 1636414779518, 268, 1, 267, 0, 1, 1
781, 1, 1636414779854, 1636414780118, 264, 0, 264, 0, 0, 0
782, 1, 1636414780646, 1636414780914, 268, 1, 267, 0, 1, 1
783, 1, 1636414781254, 1636414781519, 265, 1, 264, 0, 0, 0
784, 1, 1636414781910, 1636414782179, 269, 0, 269, 0, 0, 0
785, 1, 1636414782522, 1636414782790, 268, 1, 267, 0, 1, 1
786, 1, 1636414783306, 1636414783575, 269, 0, 269, 0, 0, 0
787, 1, 1636414784018, 1636414784286, 268, 1, 267, 0, 0, 0
788, 1, 1636414784470, 1636414784739, 269, 1, 268, 0, 0, 0
789, 1, 1636414785410, 1636414785674, 264, 1, 263, 0, 0, 0
790, 1, 1636414785930, 1636414786194, 264, 1, 263, 0, 0, 0
791, 1, 1636414786374, 1636414786638, 264, 1, 263, 0, 0, 0
792, 1, 1636414787326, 1636414787595, 269, 1, 268, 1, 0, 1
793, 1, 1636414788270, 1636414788539, 269, 1, 268, 1, 0, 1
794, 1, 1636414790254, 1636414790518, 264, 0, 264, 0, 0, 0
795, 1, 1636414792206, 1636414792474, 268, 1, 267, 0, 1, 1
796, 1, 1636414794170, 1636414794434, 264, 0, 264, 0, 0, 0
797, 1, 1636414796087, 1636414796351, 264, 0, 264, 0, 0, 0
798, 1, 1636414798142, 1636414798407, 265, 1, 264, 1, 0, 1
799, 1, 1636414800246, 1636414800510, 264, 0, 264, 0, 0, 0
800, 1, 1636414802166, 1636414802430, 264, 1, 263, 0, 0, 0
801, 1, 1636415774314, 1636415774582, 268, 0, 268, 0, 0, 0
802, 1, 1636415775206, 1636415775474, 268, 1, 267, 0, 0, 0
803, 1, 1636415775502, 1636415775770, 268, 1, 267, 1, 0, 1
804, 1, 1636415776263, 1636415776526, 263, 0, 263, 0, 0, 0
805, 1, 1636415776422, 1636415776690, 268, 1, 267, 0, 0, 0
806, 1, 1636415776742, 1636415777010, 268, 0, 268, 0, 0, 0
807, 1, 1636415776818, 1636415777086, 268, 0, 268, 0, 0, 0
808, 1, 1636415777318, 1636415777582, 264, 0, 264, 0, 0, 0
809, 1, 1636415777478, 1636415777746, 268, 1, 267, 0, 0, 0
810, 1, 1636415777666, 1636415777934, 268, 1, 267, 0, 0, 0
811, 1, 1636415778006, 1636415778270, 264, 0, 264, 0, 0, 0
812, 1, 1636415778010, 1636415778278, 268, 0, 268, 0, 0, 0
813, 1, 1636415778531, 1636415778794, 263, 0, 263, 0, 0, 0
814, 1, 1636415778722, 1636415778986, 264, 1, 263, 0, 0, 0
815, 1, 1636415778930, 1636415779202, 272, 1, 271, 0, 0, 0
816, 1, 1636415779254, 1636415779522, 268, 0, 268, 0, 0, 0
817, 1, 1636415779302, 1636415779570, 268, 0, 268, 0, 0, 0
818, 1, 1636415779774, 1636415780042, 268, 1, 267, 1, 0, 1
819, 1, 1636415779986, 1636415780254, 268, 0, 268, 0, 0, 0
820, 1, 1636415780214, 1636415780478, 264, 1, 263, 0, 0, 0
821, 1, 1636415780482, 1636415780746, 264, 0, 264, 0, 0, 0
822, 1, 1636415780510, 1636415780778, 268, 0, 268, 0, 0, 0
823, 1, 1636415781038, 1636415781306, 268, 1, 267, 0, 0, 0
824, 1, 1636415781266, 1636415781534, 268, 0, 268, 0, 0, 0
825, 1, 1636415781542, 1636415781806, 264, 0, 264, 0, 0, 0
826, 1, 1636415781754, 1636415782022, 268, 1, 267, 0, 0, 0
827, 1, 1636415781810, 1636415782078, 268, 0, 268, 0, 0, 0
828, 1, 1636415782322, 1636415782590, 268, 0, 268, 0, 0, 0
829, 1, 1636415782602, 1636415782875, 273, 0, 273, 0, 0, 0
830, 1, 1636415782742, 1636415783014, 272, 1, 271, 0, 0, 0
831, 1, 1636415783038, 1636415783306, 268, 0, 268, 0, 0, 0
832, 1, 1636415783046, 1636415783314, 268, 1, 267, 0, 0, 0
833, 1, 1636415783567, 1636415783834, 267, 0, 267, 0, 0, 0
834, 1, 1636415783798, 1636415784066, 268, 0, 268, 0, 0, 0
835, 1, 1636415784026, 1636415784294, 268, 1, 267, 0, 0, 0
836, 1, 1636415784294, 1636415784562, 268, 1, 267, 1, 0, 1
837, 1, 1636415784354, 1636415784626, 272, 0, 272, 0, 0, 0
838, 1, 1636415784822, 1636415785094, 272, 0, 272, 0, 0, 0
839, 1, 1636415785106, 1636415785374, 268, 1, 267, 0, 1, 1
840, 1, 1636415785282, 1636415785550, 268, 1, 267, 0, 0, 0
841, 1, 1636415785546, 1636415785814, 268, 1, 267, 0, 1, 1
842, 1, 1636415785638, 1636415785906, 268, 1, 267, 1, 0, 1
843, 1, 1636415786110, 1636415786379, 269, 1, 268, 0, 0, 0
844, 1, 1636415786358, 1636415786630, 272, 0, 272, 0, 0, 0
845, 1, 1636415786534, 1636415786802, 268, 1, 267, 0, 0, 0
846, 1, 1636415786738, 1636415787006, 268, 1, 267, 0, 0, 0
847, 1, 1636415786898, 1636415787166, 268, 0, 268, 0, 0, 0
848, 1, 1636415787366, 1636415787638, 272, 1, 271, 1, 0, 1
849, 1, 1636415787614, 1636415787882, 268, 0, 268, 0, 0, 0
850, 1, 1636415787722, 1636415787990, 268, 1, 267, 0, 0, 0
851, 1, 1636415787926, 1636415788194, 268, 0, 268, 0, 0, 0
852, 1, 1636415788218, 1636415788487, 269, 1, 268, 1, 0, 1
853, 1, 1636415788682, 1636415788946, 264, 0, 264, 0, 0, 0
854, 1, 1636415788802, 1636415789086, 284, 0, 284, 0, 0, 0
855, 1, 1636415788914, 1636415789194, 280, 0, 280, 0, 0, 0
856, 1, 1636415789150, 1636415789414, 264, 0, 264, 0, 0, 0
857, 1, 1636415789454, 1636415789722, 268, 0, 268, 0, 0, 0
858, 1, 1636415789870, 1636415790138, 268, 0, 268, 0, 0, 0
859, 1, 1636415790030, 1636415790294, 264, 1, 263, 1, 0, 1
860, 1, 1636415790174, 1636415790446, 272, 1, 271, 0, 1, 1
861, 1, 1636415790450, 1636415790718, 268, 0, 268, 0, 0, 0
862, 1, 1636415790646, 1636415790922, 276, 0, 276, 0, 0, 0
863, 1, 1636415791062, 1636415791330, 268, 0, 268, 0, 0, 0
864, 1, 1636415791246, 1636415791514, 268, 0, 268, 0, 0, 0
865, 1, 1636415791430, 1636415791702, 272, 0, 272, 0, 0, 0
866, 1, 1636415791674, 1636415791942, 268, 0, 268, 0, 0, 0
867, 1, 1636415791890, 1636415792158, 268, 1, 267, 1, 0, 1
868, 1, 1636415792278, 1636415792546, 268, 1, 267, 0, 1, 1
869, 1, 1636415792554, 1636415792826, 272, 1, 271, 0, 0, 0
870, 1, 1636415792658, 1636415792922, 264, 0, 264, 0, 0, 0
871, 1, 1636415792938, 1636415793206, 268, 0, 268, 0, 0, 0
872, 1, 1636415793198, 1636415793466, 268, 1, 267, 0, 1, 1
873, 1, 1636415793550, 1636415793818, 268, 0, 268, 0, 0, 0
874, 1, 1636415793786, 1636415794054, 268, 1, 267, 0, 1, 1
875, 1, 1636415793934, 1636415794202, 268, 0, 268, 0, 0, 0
876, 1, 1636415794146, 1636415794410, 264, 0, 264, 0, 0, 0
877, 1, 1636415794430, 1636415794698, 268, 1, 267, 0, 1, 1
878, 1, 1636415794774, 1636415795042, 268, 0, 268, 0, 0, 0
879, 1, 1636415795042, 1636415795310, 268, 0, 268, 0, 0, 0
880, 1, 1636415795158, 1636415795426, 268, 1, 267, 0, 1, 1
881, 1, 1636415795370, 1636415795639, 269, 0, 269, 0, 0, 0
882, 1, 1636415795694, 1636415795962, 268, 0, 268, 0, 0, 0
883, 1, 1636415796054, 1636415796326, 272, 1, 271, 0, 1, 1
884, 1, 1636415796270, 1636415796538, 268, 0, 268, 0, 0, 0
885, 1, 1636415796382, 1636415796654, 272, 0, 272, 0, 0, 0
886, 1, 1636415796670, 1636415796934, 264, 0, 264, 0, 0, 0
887, 1, 1636415796906, 1636415797170, 264, 0, 264, 0, 0, 0
888, 1, 1636415797258, 1636415797526, 268, 0, 268, 0, 0, 0
889, 1, 1636415797490, 1636415797754, 264, 1, 263, 0, 1, 1
890, 1, 1636415797674, 1636415797946, 272, 1, 271, 0, 0, 0
891, 1, 1636415797934, 1636415798202, 268, 0, 268, 0, 0, 0
892, 1, 1636415798134, 1636415798402, 268, 0, 268, 0, 0, 0
893, 1, 1636415798486, 1636415798755, 269, 1, 268, 0, 1, 1
894, 1, 1636415798790, 1636415799058, 268, 1, 267, 0, 1, 1
895, 1, 1636415798958, 1636415799226, 268, 1, 267, 1, 0, 1
896, 1, 1636415799134, 1636415799402, 268, 0, 268, 0, 0, 0
897, 1, 1636415799426, 1636415799694, 268, 1, 267, 0, 0, 0
898, 1, 1636415799786, 1636415800058, 272, 1, 271, 0, 0, 0
899, 1, 1636415800054, 1636415800322, 268, 1, 267, 0, 1, 1
900, 1, 1636415800162, 1636415800430, 268, 0, 268, 0, 0, 0
901, 1, 1636415800346, 1636415800614, 268, 1, 267, 0, 1, 1
902, 1, 1636415800710, 1636415800978, 268, 0, 268, 0, 0, 0
903, 1, 1636415801070, 1636415801338, 268, 1, 267, 0, 0, 0
904, 1, 1636415801254, 1636415801522, 268, 0, 268, 0, 0, 0
905, 1, 1636415801346, 1636415801614, 268, 0, 268, 0, 0, 0
906, 1, 1636415801570, 1636415801842, 272, 0, 272, 0, 0, 0
907, 1, 1636415801906, 1636415802174, 268, 0, 268, 0, 0, 0
908, 1, 1636415802270, 1636415802538, 268, 0, 268, 0, 0, 0
909, 1, 1636415802466, 1636415802734, 268, 0, 268, 0, 0, 0
910, 1, 1636415802574, 1636415802842, 268, 1, 267, 0, 0, 0
911, 1, 1636415802806, 1636415803078, 272, 0, 272, 0, 0, 0
912, 1, 1636415803118, 1636415803390, 272, 1, 271, 0, 1, 1
913, 1, 1636415803482, 1636415803750, 268, 0, 268, 0, 0, 0
914, 1, 1636415803686, 1636415803958, 272, 0, 272, 0, 0, 0
915, 1, 1636415803806, 1636415804078, 272, 0, 272, 0, 0, 0
916, 1, 1636415804102, 1636415804370, 268, 0, 268, 0, 0, 0
917, 1, 1636415804354, 1636415804622, 268, 1, 267, 1, 0, 1
918, 1, 1636415804706, 1636415804970, 264, 0, 264, 0, 0, 0
919, 1, 1636415804942, 1636415805214, 272, 0, 272, 0, 0, 0
920, 1, 1636415805106, 1636415805374, 268, 1, 267, 0, 0, 0
921, 1, 1636415805390, 1636415805662, 272, 0, 272, 0, 0, 0
922, 1, 1636415805582, 1636415805850, 268, 0, 268, 0, 0, 0
923, 1, 1636415805958, 1636415806226, 268, 1, 267, 1, 0, 1
924, 1, 1636415806238, 1636415806506, 268, 0, 268, 0, 0, 0
925, 1, 1636415806394, 1636415806662, 268, 1, 267, 0, 0, 0
926, 1, 1636415806582, 1636415806850, 268, 1, 267, 0, 0, 0
927, 1, 1636415806846, 1636415807114, 268, 1, 267, 0, 0, 0
928, 1, 1636415807250, 1636415807518, 268, 1, 267, 0, 1, 1
929, 1, 1636415807490, 1636415807758, 268, 1, 267, 0, 1, 1
930, 1, 1636415807582, 1636415807846, 264, 0, 264, 0, 0, 0
931, 1, 1636415807794, 1636415808066, 272, 0, 272, 0, 0, 0
932, 1, 1636415808142, 1636415808414, 272, 0, 272, 0, 0, 0
933, 1, 1636415808502, 1636415808770, 268, 1, 267, 0, 1, 1
934, 1, 1636415808682, 1636415808950, 268, 0, 268, 0, 0, 0
935, 1, 1636415808770, 1636415809034, 264, 0, 264, 0, 0, 0
936, 1, 1636415809050, 1636415809314, 264, 0, 264, 0, 0, 0
937, 1, 1636415809326, 1636415809594, 268, 0, 268, 0, 0, 0
938, 1, 1636415809706, 1636415809974, 268, 0, 268, 0, 0, 0
939, 1, 1636415809874, 1636415810138, 264, 1, 263, 0, 1, 1
940, 1, 1636415810054, 1636415810330, 276, 1, 275, 0, 1, 1
941, 1, 1636415810318, 1636415810586, 268, 0, 268, 0, 0, 0
942, 1, 1636415810522, 1636415810786, 264, 0, 264, 0, 0, 0
943, 1, 1636415810918, 1636415811186, 268, 0, 268, 0, 0, 0
944, 1, 1636415811162, 1636415811434, 272, 1, 271, 0, 1, 1
945, 1, 1636415811342, 1636415811610, 268, 1, 267, 1, 0, 1
946, 1, 1636415811550, 1636415811818, 268, 1, 267, 0, 0, 0
947, 1, 1636415811798, 1636415812066, 268, 0, 268, 0, 0, 0
948, 1, 1636415812170, 1636415812438, 268, 0, 268, 0, 0, 0
949, 1, 1636415812446, 1636415812714, 268, 0, 268, 0, 0, 0
950, 1, 1636415812582, 1636415812850, 268, 0, 268, 0, 0, 0
951, 1, 1636415812770, 1636415813034, 264, 0, 264, 0, 0, 0
952, 1, 1636415813066, 1636415813334, 268, 0, 268, 0, 0, 0
953, 1, 1636415813438, 1636415813706, 268, 1, 267, 1, 0, 1
954, 1, 1636415813686, 1636415813958, 272, 0, 272, 0, 0, 0
955, 1, 1636415813794, 1636415814062, 268, 0, 268, 0, 0, 0
956, 1, 1636415813958, 1636415814226, 268, 0, 268, 0, 0, 0
957, 1, 1636415814302, 1636415814566, 264, 1, 263, 0, 0, 0
958, 1, 1636415814674, 1636415814942, 268, 0, 268, 0, 0, 0
959, 1, 1636415814894, 1636415815158, 264, 0, 264, 0, 0, 0
960, 1, 1636415814986, 1636415815254, 268, 0, 268, 0, 0, 0
961, 1, 1636415815262, 1636415815530, 268, 0, 268, 0, 0, 0
962, 1, 1636415815558, 1636415815826, 268, 1, 267, 0, 0, 0
963, 1, 1636415815894, 1636415816162, 268, 0, 268, 0, 0, 0
964, 1, 1636415816078, 1636415816342, 264, 0, 264, 0, 0, 0
965, 1, 1636415816286, 1636415816554, 268, 0, 268, 0, 0, 0
966, 1, 1636415816470, 1636415816738, 268, 0, 268, 0, 0, 0
967, 1, 1636415816802, 1636415817070, 268, 0, 268, 0, 0, 0
968, 1, 1636415817082, 1636415817346, 264, 0, 264, 0, 0, 0
969, 1, 1636415817378, 1636415817646, 268, 0, 268, 0, 0, 0
970, 1, 1636415817502, 1636415817770, 268, 1, 267, 0, 0, 0
971, 1, 1636415817762, 1636415818030, 268, 1, 267, 1, 0, 1
972, 1, 1636415818090, 1636415818354, 264, 0, 264, 0, 0, 0
973, 1, 1636415818378, 1636415818642, 264, 1, 263, 0, 0, 0
974, 1, 1636415818594, 1636415818859, 265, 1, 264, 0, 1, 1
975, 1, 1636415818750, 1636415819018, 268, 0, 268, 0, 0, 0
976, 1, 1636415819002, 1636415819274, 272, 1, 271, 0, 1, 1
977, 1, 1636415819298, 1636415819566, 268, 1, 267, 0, 1, 1
978, 1, 1636415819578, 1636415819846, 268, 0, 268, 0, 0, 0
979, 1, 1636415819842, 1636415820110, 268, 1, 267, 0, 0, 0
980, 1, 1636415819986, 1636415820250, 264, 0, 264, 0, 0, 0
981, 1, 1636415820210, 1636415820474, 264, 0, 264, 0, 0, 0
982, 1, 1636415820590, 1636415820858, 268, 0, 268, 0, 0, 0
983, 1, 1636415820874, 1636415821142, 268, 0, 268, 0, 0, 0
984, 1, 1636415821078, 1636415821346, 268, 0, 268, 0, 0, 0
985, 1, 1636415821222, 1636415821490, 268, 1, 267, 0, 1, 1
986, 1, 1636415821494, 1636415821758, 264, 0, 264, 0, 0, 0
987, 1, 1636415821830, 1636415822098, 268, 1, 267, 0, 1, 1
988, 1, 1636415822110, 1636415822378, 268, 0, 268, 0, 0, 0
989, 1, 1636415822318, 1636415822586, 268, 1, 267, 1, 0, 1
990, 1, 1636415822510, 1636415822778, 268, 1, 267, 0, 1, 1
991, 1, 1636415822766, 1636415823030, 264, 0, 264, 0, 0, 0
992, 1, 1636415823042, 1636415823310, 268, 0, 268, 0, 0, 0
993, 1, 1636415823346, 1636415823614, 268, 0, 268, 0, 0, 0
994, 1, 1636415823598, 1636415823866, 268, 0, 268, 0, 0, 0
995, 1, 1636415823810, 1636415824078, 268, 0, 268, 0, 0, 0
996, 1, 1636415824018, 1636415824287, 269, 0, 269, 0, 0, 0
997, 1, 1636415824322, 1636415824590, 268, 1, 267, 1, 0, 1
998, 1, 1636415824630, 1636415824898, 268, 0, 268, 0, 0, 0
999, 1, 1636415824862, 1636415825130, 268, 1, 267, 1, 0, 1
1000, 1, 1636415825066, 1636415825330, 264, 0, 264, 0, 0, 0
1001, 1, 1636415825270, 1636415825539, 269, 1, 268, 0, 0, 0
1002, 1, 1636415825586, 1636415825866, 280, 0, 280, 0, 0, 0
1003, 1, 1636415825894, 1636415826162, 268, 0, 268, 0, 0, 0
1004, 1, 1636415826126, 1636415826394, 268, 0, 268, 0, 0, 0
1005, 1, 1636415826310, 1636415826578, 268, 1, 267, 1, 0, 1
1006, 1, 1636415826462, 1636415826730, 268, 0, 268, 0, 0, 0
1007, 1, 1636415826898, 1636415827166, 268, 1, 267, 0, 1, 1
1008, 1, 1636415827174, 1636415827438, 264, 0, 264, 0, 0, 0
1009, 1, 1636415827338, 1636415827602, 264, 1, 263, 0, 0, 0
1010, 1, 1636415827514, 1636415827778, 264, 0, 264, 0, 0, 0
1011, 1, 1636415827730, 1636415827999, 269, 0, 269, 0, 0, 0
1012, 1, 1636415828146, 1636415828410, 264, 1, 263, 0, 1, 1
1013, 1, 1636415828418, 1636415828682, 264, 0, 264, 0, 0, 0
1014, 1, 1636415828534, 1636415828798, 264, 1, 263, 0, 1, 1
1015, 1, 1636415828774, 1636415829038, 264, 0, 264, 0, 0, 0
1016, 1, 1636415829014, 1636415829282, 268, 0, 268, 0, 0, 0
1017, 1, 1636415829350, 1636415829614, 264, 0, 264, 0, 0, 0
1018, 1, 1636415829622, 1636415829886, 264, 0, 264, 0, 0, 0
1019, 1, 1636415829838, 1636415830106, 268, 0, 268, 0, 0, 0
1020, 1, 1636415830046, 1636415830310, 264, 0, 264, 0, 0, 0
1021, 1, 1636415830262, 1636415830530, 268, 0, 268, 0, 0, 0
1022, 1, 1636415830614, 1636415830878, 264, 0, 264, 0, 0, 0
1023, 1, 1636415830890, 1636415831154, 264, 0, 264, 0, 0, 0
1024, 1, 1636415831122, 1636415831390, 268, 0, 268, 0, 0, 0
1025, 1, 1636415831290, 1636415831558, 268, 1, 267, 0, 0, 0
1026, 1, 1636415831558, 1636415831826, 268, 1, 267, 1, 0, 1
1027, 1, 1636415831898, 1636415832166, 268, 0, 268, 0, 0, 0
1028, 1, 1636415832174, 1636415832442, 268, 0, 268, 0, 0, 0
1029, 1, 1636415832370, 1636415832634, 264, 0, 264, 0, 0, 0
1030, 1, 1636415832590, 1636415832858, 268, 0, 268, 0, 0, 0
1031, 1, 1636415832822, 1636415833090, 268, 0, 268, 0, 0, 0
1032, 1, 1636415833142, 1636415833410, 268, 0, 268, 0, 0, 0
1033, 1, 1636415833422, 1636415833690, 268, 0, 268, 0, 0, 0
1034, 1, 1636415833670, 1636415833934, 264, 1, 263, 0, 0, 0
1035, 1, 1636415833850, 1636415834118, 268, 0, 268, 0, 0, 0
1036, 1, 1636415834058, 1636415834330, 272, 0, 272, 0, 0, 0
1037, 1, 1636415834434, 1636415834702, 268, 0, 268, 0, 0, 0
1038, 1, 1636415834710, 1636415834978, 268, 0, 268, 0, 0, 0
1039, 1, 1636415834926, 1636415835190, 264, 1, 263, 0, 1, 1
1040, 1, 1636415835082, 1636415835346, 264, 0, 264, 0, 0, 0
1041, 1, 1636415835266, 1636415835534, 268, 0, 268, 0, 0, 0
1042, 1, 1636415835718, 1636415835982, 264, 0, 264, 0, 0, 0
1043, 1, 1636415835990, 1636415836258, 268, 1, 267, 0, 1, 1
1044, 1, 1636415836170, 1636415836438, 268, 0, 268, 0, 0, 0
1045, 1, 1636415836334, 1636415836599, 265, 1, 264, 0, 0, 0
1046, 1, 1636415836554, 1636415836822, 268, 0, 268, 0, 0, 0
1047, 1, 1636415836954, 1636415837222, 268, 1, 267, 0, 1, 1
1048, 1, 1636415837230, 1636415837498, 268, 1, 267, 0, 0, 0
1049, 1, 1636415837382, 1636415837646, 264, 1, 263, 1, 0, 1
1050, 1, 1636415837614, 1636415837882, 268, 1, 267, 0, 1, 1
1051, 1, 1636415837890, 1636415838154, 264, 0, 264, 0, 0, 0
1052, 1, 1636415838162, 1636415838430, 268, 1, 267, 0, 1, 1
1053, 1, 1636415838438, 1636415838710, 272, 0, 272, 0, 0, 0
1054, 1, 1636415838662, 1636415838930, 268, 0, 268, 0, 0, 0
1055, 1, 1636415838938, 1636415839202, 264, 0, 264, 0, 0, 0
1056, 1, 1636415839166, 1636415839434, 268, 0, 268, 0, 0, 0
1057, 1, 1636415839446, 1636415839714, 268, 0, 268, 0, 0, 0
1058, 1, 1636415839722, 1636415839986, 264, 0, 264, 0, 0, 0
1059, 1, 1636415839994, 1636415840258, 264, 0, 264, 0, 0, 0
1060, 1, 1636415840174, 1636415840438, 264, 0, 264, 0, 0, 0
1061, 1, 1636415840378, 1636415840647, 269, 1, 268, 0, 1, 1
1062, 1, 1636415840714, 1636415840982, 268, 0, 268, 0, 0, 0
1063, 1, 1636415840990, 1636415841258, 268, 1, 267, 0, 0, 0
1064, 1, 1636415841222, 1636415841491, 269, 1, 268, 0, 1, 1
1065, 1, 1636415841362, 1636415841630, 268, 0, 268, 0, 0, 0
1066, 1, 1636415841662, 1636415841930, 268, 1, 267, 0, 0, 0
1067, 1, 1636415841978, 1636415842246, 268, 0, 268, 0, 0, 0
1068, 1, 1636415842254, 1636415842530, 276, 0, 276, 0, 0, 0
1069, 1, 1636415842434, 1636415842702, 268, 1, 267, 0, 1, 1
1070, 1, 1636415842642, 1636415842910, 268, 0, 268, 0, 0, 0
1071, 1, 1636415842914, 1636415843182, 268, 0, 268, 0, 0, 0
1072, 1, 1636415843174, 1636415843442, 268, 1, 267, 0, 0, 0
1073, 1, 1636415843458, 1636415843726, 268, 0, 268, 0, 0, 0
1074, 1, 1636415843718, 1636415843982, 264, 1, 263, 0, 0, 0
1075, 1, 1636415843898, 1636415844162, 264, 1, 263, 1, 0, 1
1076, 1, 1636415844190, 1636415844458, 268, 0, 268, 0, 0, 0
1077, 1, 1636415844430, 1636415844698, 268, 0, 268, 0, 0, 0
1078, 1, 1636415844742, 1636415845010, 268, 0, 268, 0, 0, 0
1079, 1, 1636415844974, 1636415845238, 264, 0, 264, 0, 0, 0
1080, 1, 1636415845154, 1636415845418, 264, 0, 264, 0, 0, 0
1081, 1, 1636415845442, 1636415845710, 268, 0, 268, 0, 0, 0
1082, 1, 1636415845694, 1636415845962, 268, 0, 268, 0, 0, 0
1083, 1, 1636415845998, 1636415846270, 272, 1, 271, 0, 0, 0
1084, 1, 1636415846250, 1636415846518, 268, 0, 268, 0, 0, 0
1085, 1, 1636415846526, 1636415846790, 264, 0, 264, 0, 0, 0
1086, 1, 1636415846709, 1636415846978, 269, 0, 269, 0, 0, 0
1087, 1, 1636415846962, 1636415847226, 264, 1, 263, 0, 1, 1
1088, 1, 1636415847254, 1636415847522, 268, 1, 267, 1, 0, 1
1089, 1, 1636415847526, 1636415847794, 268, 0, 268, 0, 0, 0
1090, 1, 1636415847630, 1636415847898, 268, 1, 267, 1, 0, 1
1091, 1, 1636415848006, 1636415848270, 264, 1, 263, 0, 0, 0
1092, 1, 1636415848162, 1636415848426, 264, 1, 263, 0, 0, 0
1093, 1, 1636415848502, 1636415848770, 268, 0, 268, 0, 0, 0
1094, 1, 1636415848786, 1636415849054, 268, 0, 268, 0, 0, 0
1095, 1, 1636415849062, 1636415849334, 272, 0, 272, 0, 0, 0
1096, 1, 1636415849314, 1636415849582, 268, 0, 268, 0, 0, 0
1097, 1, 1636415849474, 1636415849742, 268, 1, 267, 0, 1, 1
1098, 1, 1636415849814, 1636415850082, 268, 1, 267, 0, 1, 1
1099, 1, 1636415850086, 1636415850350, 264, 0, 264, 0, 0, 0
1100, 1, 1636415850174, 1636415850438, 264, 1, 263, 0, 1, 1
1101, 1, 1636415850582, 1636415850846, 264, 1, 263, 0, 0, 0
1102, 1, 1636415850762, 1636415851030, 268, 1, 267, 0, 1, 1
1103, 1, 1636415851106, 1636415851370, 264, 0, 264, 0, 0, 0
1104, 1, 1636415851326, 1636415851594, 268, 1, 267, 0, 0, 0
1105, 1, 1636415851462, 1636415851731, 269, 1, 268, 1, 0, 1
1106, 1, 1636415851814, 1636415852082, 268, 0, 268, 0, 0, 0
1107, 1, 1636415852026, 1636415852294, 268, 0, 268, 0, 0, 0
1108, 1, 1636415852366, 1636415852634, 268, 0, 268, 0, 0, 0
1109, 1, 1636415852590, 1636415852858, 268, 0, 268, 0, 0, 0
1110, 1, 1636415852702, 1636415852974, 272, 0, 272, 0, 0, 0
1111, 1, 1636415853082, 1636415853350, 268, 0, 268, 0, 0, 0
1112, 1, 1636415853298, 1636415853562, 264, 1, 263, 0, 0, 0
1113, 1, 1636415853626, 1636415853894, 268, 1, 267, 0, 1, 1
1114, 1, 1636415853834, 1636415854110, 276, 1, 275, 0, 0, 0
1115, 1, 1636415853978, 1636415854246, 268, 0, 268, 0, 0, 0
1116, 1, 1636415854359, 1636415854622, 263, 0, 263, 0, 0, 0
1117, 1, 1636415854530, 1636415854798, 268, 0, 268, 0, 0, 0
1118, 1, 1636415854862, 1636415855126, 264, 0, 264, 0, 0, 0
1119, 1, 1636415855110, 1636415855382, 272, 0, 272, 0, 0, 0
1120, 1, 1636415855250, 1636415855518, 268, 1, 267, 1, 0, 1
1121, 1, 1636415855626, 1636415855894, 268, 0, 268, 0, 0, 0
1122, 1, 1636415855798, 1636415856066, 268, 1, 267, 0, 0, 0
1123, 1, 1636415856130, 1636415856402, 272, 1, 271, 0, 1, 1
1124, 1, 1636415856386, 1636415856654, 268, 1, 267, 0, 0, 0
1125, 1, 1636415856522, 1636415856787, 265, 1, 264, 0, 1, 1
1126, 1, 1636415856846, 1636415857115, 269, 0, 269, 0, 0, 0
1127, 1, 1636415857078, 1636415857351, 273, 0, 273, 0, 0, 0
1128, 1, 1636415857398, 1636415857662, 264, 0, 264, 0, 0, 0
1129, 1, 1636415857654, 1636415857926, 272, 0, 272, 0, 0, 0
1130, 1, 1636415857730, 1636415857998, 268, 0, 268, 0, 0, 0
1131, 1, 1636415858086, 1636415858354, 268, 1, 267, 0, 0, 0
1132, 1, 1636415858362, 1636415858634, 272, 1, 271, 0, 1, 1
1133, 1, 1636415858670, 1636415858938, 268, 0, 268, 0, 0, 0
1134, 1, 1636415858874, 1636415859138, 264, 0, 264, 0, 0, 0
1135, 1, 1636415858966, 1636415859234, 268, 0, 268, 0, 0, 0
1136, 1, 1636415859278, 1636415859546, 268, 0, 268, 0, 0, 0
1137, 1, 1636415859574, 1636415859842, 268, 0, 268, 0, 0, 0
1138, 1, 1636415859874, 1636415860142, 268, 1, 267, 0, 0, 0
1139, 1, 1636415860106, 1636415860374, 268, 0, 268, 0, 0, 0
1140, 1, 1636415860186, 1636415860454, 268, 0, 268, 0, 0, 0
1141, 1, 1636415860478, 1636415860746, 268, 1, 267, 0, 1, 1
1142, 1, 1636415860806, 1636415861078, 272, 0, 272, 0, 0, 0
1143, 1, 1636415861114, 1636415861378, 264, 1, 263, 1, 0, 1
1144, 1, 1636415861342, 1636415861610, 268, 0, 268, 0, 0, 0
1145, 1, 1636415861378, 1636415861646, 268, 1, 267, 0, 0, 0
1146, 1, 1636415861782, 1636415862050, 268, 1, 267, 0, 0, 0
1147, 1, 1636415862006, 1636415862274, 268, 0, 268, 0, 0, 0
1148, 1, 1636415862338, 1636415862606, 268, 0, 268, 0, 0, 0
1149, 1, 1636415862538, 1636415862810, 272, 1, 271, 1, 0, 1
1150, 1, 1636415862686, 1636415862962, 276, 0, 276, 0, 0, 0
1151, 1, 1636415862982, 1636415863250, 268, 0, 268, 0, 0, 0
1152, 1, 1636415863206, 1636415863478, 272, 0, 272, 0, 0, 0
1153, 1, 1636415863542, 1636415863810, 268, 0, 268, 0, 0, 0
1154, 1, 1636415863838, 1636415864106, 268, 0, 268, 0, 0, 0
1155, 1, 1636415863926, 1636415864194, 268, 1, 267, 0, 1, 1
1156, 1, 1636415864178, 1636415864450, 272, 0, 272, 0, 0, 0
1157, 1, 1636415864502, 1636415864770, 268, 0, 268, 0, 0, 0
1158, 1, 1636415864846, 1636415865114, 268, 0, 268, 0, 0, 0
1159, 1, 1636415865046, 1636415865314, 268, 0, 268, 0, 0, 0
1160, 1, 1636415865122, 1636415865390, 268, 0, 268, 0, 0, 0
1161, 1, 1636415865462, 1636415865730, 268, 1, 267, 1, 0, 1
1162, 1, 1636415865706, 1636415865978, 272, 0, 272, 0, 0, 0
1163, 1, 1636415866042, 1636415866310, 268, 0, 268, 0, 0, 0
1164, 1, 1636415866298, 1636415866566, 268, 0, 268, 0, 0, 0
1165, 1, 1636415866418, 1636415866682, 264, 0, 264, 0, 0, 0
1166, 1, 1636415866666, 1636415866934, 268, 0, 268, 0, 0, 0
1167, 1, 1636415866958, 1636415867222, 264, 1, 263, 0, 0, 0
1168, 1, 1636415867238, 1636415867502, 264, 0, 264, 0, 0, 0
1169, 1, 1636415867578, 1636415867846, 268, 1, 267, 0, 0, 0
1170, 1, 1636415867619, 1636415867886, 267, 0, 267, 0, 0, 0
1171, 1, 1636415867918, 1636415868190, 272, 0, 272, 0, 0, 0
1172, 1, 1636415868250, 1636415868518, 268, 0, 268, 0, 0, 0
1173, 1, 1636415868538, 1636415868806, 268, 0, 268, 0, 0, 0
1174, 1, 1636415868786, 1636415869054, 268, 0, 268, 0, 0, 0
1175, 1, 1636415868862, 1636415869130, 268, 0, 268, 0, 0, 0
1176, 1, 1636415869146, 1636415869410, 264, 0, 264, 0, 0, 0
1177, 1, 1636415869450, 1636415869718, 268, 1, 267, 0, 1, 1
1178, 1, 1636415869774, 1636415870042, 268, 0, 268, 0, 0, 0
1179, 1, 1636415870022, 1636415870290, 268, 0, 268, 0, 0, 0
1180, 1, 1636415870082, 1636415870354, 272, 0, 272, 0, 0, 0
1181, 1, 1636415870454, 1636415870722, 268, 0, 268, 0, 0, 0
1182, 1, 1636415870698, 1636415870966, 268, 0, 268, 0, 0, 0
1183, 1, 1636415871022, 1636415871290, 268, 0, 268, 0, 0, 0
1184, 1, 1636415871242, 1636415871510, 268, 0, 268, 0, 0, 0
1185, 1, 1636415871518, 1636415871786, 268, 1, 267, 0, 1, 1
1186, 1, 1636415871750, 1636415872018, 268, 0, 268, 0, 0, 0
1187, 1, 1636415871914, 1636415872182, 268, 0, 268, 0, 0, 0
1188, 1, 1636415872234, 1636415872502, 268, 0, 268, 0, 0, 0
1189, 1, 1636415872534, 1636415872802, 268, 0, 268, 0, 0, 0
1190, 1, 1636415872658, 1636415872930, 272, 1, 271, 0, 1, 1
1191, 1, 1636415873042, 1636415873310, 268, 0, 268, 0, 0, 0
1192, 1, 1636415873230, 1636415873498, 268, 1, 267, 0, 0, 0
1193, 1, 1636415873550, 1636415873822, 272, 0, 272, 0, 0, 0
1194, 1, 1636415873834, 1636415874102, 268, 0, 268, 0, 0, 0
1195, 1, 1636415873910, 1636415874178, 268, 1, 267, 0, 0, 0
1196, 1, 1636415874234, 1636415874502, 268, 0, 268, 0, 0, 0
1197, 1, 1636415874502, 1636415874770, 268, 1, 267, 0, 0, 0
1198, 1, 1636415874826, 1636415875094, 268, 0, 268, 0, 0, 0
1199, 1, 1636415875078, 1636415875342, 264, 0, 264, 0, 0, 0
1200, 1, 1636415875122, 1636415875390, 268, 0, 268, 0, 0, 0
1201, 1, 1636415875538, 1636415875806, 268, 1, 267, 0, 0, 0
1202, 1, 1636415875794, 1636415876062, 268, 1, 267, 0, 1, 1
1203, 1, 1636415876118, 1636415876386, 268, 0, 268, 0, 0, 0
1204, 1, 1636415876330, 1636415876598, 268, 0, 268, 0, 0, 0
1205, 1, 1636415876430, 1636415876698, 268, 0, 268, 0, 0, 0
1206, 1, 1636415876726, 1636415876998, 272, 0, 272, 0, 0, 0
1207, 1, 1636415876982, 1636415877250, 268, 0, 268, 0, 0, 0
1208, 1, 1636415877330, 1636415877598, 268, 0, 268, 0, 0, 0
1209, 1, 1636415877622, 1636415877890, 268, 0, 268, 0, 0, 0
1210, 1, 1636415877634, 1636415877898, 264, 0, 264, 0, 0, 0
1211, 1, 1636415878018, 1636415878282, 264, 0, 264, 0, 0, 0
1212, 1, 1636415878286, 1636415878550, 264, 0, 264, 0, 0, 0
1213, 1, 1636415878638, 1636415878906, 268, 0, 268, 0, 0, 0
1214, 1, 1636415878878, 1636415879146, 268, 0, 268, 0, 0, 0
1215, 1, 1636415878910, 1636415879178, 268, 0, 268, 0, 0, 0
1216, 1, 1636415879218, 1636415879486, 268, 1, 267, 0, 0, 0
1217, 1, 1636415879534, 1636415879798, 264, 0, 264, 0, 0, 0
1218, 1, 1636415879826, 1636415880094, 268, 1, 267, 0, 0, 0
1219, 1, 1636415880106, 1636415880370, 264, 0, 264, 0, 0, 0
1220, 1, 1636415880138, 1636415880406, 268, 1, 267, 0, 0, 0
1221, 1, 1636415880510, 1636415880778, 268, 1, 267, 0, 0, 0
1222, 1, 1636415880786, 1636415881054, 268, 1, 267, 0, 0, 0
1223, 1, 1636415881086, 1636415881354, 268, 0, 268, 0, 0, 0
1224, 1, 1636415881334, 1636415881602, 268, 1, 267, 0, 1, 1
1225, 1, 1636415881362, 1636415881631, 269, 0, 269, 0, 0, 0
1226, 1, 1636415881782, 1636415882046, 264, 1, 263, 1, 0, 1
1227, 1, 1636415881986, 1636415882254, 268, 1, 267, 0, 1, 1
1228, 1, 1636415882294, 1636415882566, 272, 1, 271, 0, 0, 0
1229, 1, 1636415882586, 1636415882854, 268, 0, 268, 0, 0, 0
1230, 1, 1636415882618, 1636415882886, 268, 0, 268, 0, 0, 0
1231, 1, 1636415883014, 1636415883282, 268, 0, 268, 0, 0, 0
1232, 1, 1636415883238, 1636415883510, 272, 0, 272, 0, 0, 0
1233, 1, 1636415883586, 1636415883854, 268, 0, 268, 0, 0, 0
1235, 1, 1636415883842, 1636415884110, 268, 1, 267, 0, 0, 0
1234, 1, 1636415883842, 1636415884110, 268, 1, 267, 0, 0, 0
1236, 1, 1636415884214, 1636415884482, 268, 1, 267, 1, 0, 1
1237, 1, 1636415884494, 1636415884762, 268, 0, 268, 0, 0, 0
1238, 1, 1636415884862, 1636415885126, 264, 0, 264, 0, 0, 0
1239, 1, 1636415885070, 1636415885338, 268, 0, 268, 0, 0, 0
1240, 1, 1636415885086, 1636415885354, 268, 0, 268, 0, 0, 0
1241, 1, 1636415885438, 1636415885706, 268, 0, 268, 0, 0, 0
1242, 1, 1636415885718, 1636415885986, 268, 1, 267, 0, 1, 1
1243, 1, 1636415886086, 1636415886354, 268, 0, 268, 0, 0, 0
1244, 1, 1636415886270, 1636415886538, 268, 0, 268, 0, 0, 0
1245, 1, 1636415886310, 1636415886574, 264, 0, 264, 0, 0, 0
1246, 1, 1636415886686, 1636415886954, 268, 1, 267, 0, 1, 1
1247, 1, 1636415886962, 1636415887230, 268, 1, 267, 0, 1, 1
1248, 1, 1636415887330, 1636415887598, 268, 0, 268, 0, 0, 0
1249, 1, 1636415887498, 1636415887766, 268, 1, 267, 0, 1, 1
1250, 1, 1636415887562, 1636415887830, 268, 0, 268, 0, 0, 0
1251, 1, 1636415887874, 1636415888142, 268, 0, 268, 0, 0, 0
1252, 1, 1636415888186, 1636415888454, 268, 0, 268, 0, 0, 0
1253, 1, 1636415888558, 1636415888826, 268, 1, 267, 0, 1, 1
1254, 1, 1636415888730, 1636415888998, 268, 0, 268, 0, 0, 0
1255, 1, 1636415888778, 1636415889046, 268, 0, 268, 0, 0, 0
1256, 1, 1636415889138, 1636415889406, 268, 0, 268, 0, 0, 0
1257, 1, 1636415889434, 1636415889702, 268, 0, 268, 0, 0, 0
1258, 1, 1636415889806, 1636415890074, 268, 1, 267, 1, 0, 1
1259, 1, 1636415889942, 1636415890210, 268, 0, 268, 0, 0, 0
1260, 1, 1636415890038, 1636415890306, 268, 0, 268, 0, 0, 0
1261, 1, 1636415890334, 1636415890602, 268, 1, 267, 1, 0, 1
1262, 1, 1636415890626, 1636415890894, 268, 1, 267, 1, 0, 1
1263, 1, 1636415890998, 1636415891266, 268, 0, 268, 0, 0, 0
1264, 1, 1636415891210, 1636415891478, 268, 0, 268, 0, 0, 0
1265, 1, 1636415891238, 1636415891506, 268, 0, 268, 0, 0, 0
1266, 1, 1636415891642, 1636415891910, 268, 1, 267, 0, 1, 1
1267, 1, 1636415891918, 1636415892186, 268, 1, 267, 0, 0, 0
1268, 1, 1636415892262, 1636415892530, 268, 0, 268, 0, 0, 0
1269, 1, 1636415892402, 1636415892670, 268, 0, 268, 0, 0, 0
1270, 1, 1636415892542, 1636415892810, 268, 1, 267, 0, 1, 1
1271, 1, 1636415892910, 1636415893178, 268, 1, 267, 0, 1, 1
1272, 1, 1636415893118, 1636415893386, 268, 0, 268, 0, 0, 0
1273, 1, 1636415893454, 1636415893730, 276, 0, 276, 0, 0, 0
1274, 1, 1636415893706, 1636415893974, 268, 1, 267, 0, 0, 0
1275, 1, 1636415893814, 1636415894082, 268, 0, 268, 0, 0, 0
1276, 1, 1636415894154, 1636415894422, 268, 0, 268, 0, 0, 0
1277, 1, 1636415894386, 1636415894662, 276, 1, 275, 0, 1, 1
1278, 1, 1636415894718, 1636415894990, 272, 0, 272, 0, 0, 0
1279, 1, 1636415894978, 1636415895250, 272, 0, 272, 0, 0, 0
1280, 1, 1636415895066, 1636415895330, 264, 0, 264, 0, 0, 0
1281, 1, 1636415895458, 1636415895726, 268, 1, 267, 0, 1, 1
1282, 1, 1636415895686, 1636415895954, 268, 0, 268, 0, 0, 0
1283, 1, 1636415895994, 1636415896258, 264, 1, 263, 0, 1, 1
1284, 1, 1636415896242, 1636415896510, 268, 0, 268, 0, 0, 0
1285, 1, 1636415896370, 1636415896638, 268, 1, 267, 0, 1, 1
1286, 1, 1636415896762, 1636415897030, 268, 0, 268, 0, 0, 0
1287, 1, 1636415896942, 1636415897210, 268, 0, 268, 0, 0, 0
1288, 1, 1636415897246, 1636415897518, 272, 1, 271, 1, 0, 1
1289, 1, 1636415897538, 1636415897802, 264, 0, 264, 0, 0, 0
1290, 1, 1636415897674, 1636415897942, 268, 0, 268, 0, 0, 0
1291, 1, 1636415898074, 1636415898338, 264, 1, 263, 0, 0, 0
1292, 1, 1636415898238, 1636415898506, 268, 1, 267, 1, 0, 1
1293, 1, 1636415898550, 1636415898818, 268, 0, 268, 0, 0, 0
1294, 1, 1636415898846, 1636415899114, 268, 1, 267, 0, 1, 1
1295, 1, 1636415898982, 1636415899250, 268, 0, 268, 0, 0, 0
1296, 1, 1636415899546, 1636415899814, 268, 0, 268, 0, 0, 0
1297, 1, 1636415899822, 1636415900098, 276, 1, 275, 0, 1, 1
1298, 1, 1636415900166, 1636415900434, 268, 0, 268, 0, 0, 0
1299, 1, 1636415900858, 1636415901122, 264, 0, 264, 0, 0, 0
1300, 1, 1636415901130, 1636415901395, 265, 0, 265, 0, 0, 0
1301, 1, 1636416134734, 1636416135003, 269, 1, 268, 0, 0, 0
1302, 1, 1636416135350, 1636416135614, 264, 0, 264, 0, 0, 0
1303, 1, 1636416135406, 1636416135674, 268, 0, 268, 0, 0, 0
1304, 1, 1636416136018, 1636416136282, 264, 1, 263, 0, 1, 1
1305, 1, 1636416136010, 1636416136283, 273, 1, 272, 0, 1, 1
1306, 1, 1636416136074, 1636416136346, 272, 0, 272, 0, 0, 0
1307, 1, 1636416136686, 1636416136954, 268, 1, 267, 0, 0, 0
1308, 1, 1636416136686, 1636416136954, 268, 1, 267, 0, 0, 0
1309, 1, 1636416136742, 1636416137006, 264, 0, 264, 0, 0, 0
1310, 1, 1636416137070, 1636416137338, 268, 1, 267, 0, 1, 1
1312, 1, 1636416137358, 1636416137622, 264, 0, 264, 0, 0, 0
1311, 1, 1636416137358, 1636416137626, 268, 0, 268, 0, 0, 0
1313, 1, 1636416137402, 1636416137670, 268, 0, 268, 0, 0, 0
1314, 1, 1636416137738, 1636416138006, 268, 0, 268, 0, 0, 0
1315, 1, 1636416137786, 1636416138054, 268, 0, 268, 0, 0, 0
1316, 1, 1636416138026, 1636416138294, 268, 0, 268, 0, 0, 0
1317, 1, 1636416138030, 1636416138294, 264, 0, 264, 0, 0, 0
1318, 1, 1636416138074, 1636416138338, 264, 1, 263, 0, 0, 0
1319, 1, 1636416138406, 1636416138670, 264, 0, 264, 0, 0, 0
1320, 1, 1636416138474, 1636416138738, 264, 0, 264, 0, 0, 0
1321, 1, 1636416138698, 1636416138966, 268, 1, 267, 0, 0, 0
1322, 1, 1636416138698, 1636416138966, 268, 0, 268, 0, 0, 0
1323, 1, 1636416138746, 1636416139010, 264, 0, 264, 0, 0, 0
1324, 1, 1636416139078, 1636416139346, 268, 0, 268, 0, 0, 0
1325, 1, 1636416139138, 1636416139406, 268, 0, 268, 0, 0, 0
1327, 1, 1636416139378, 1636416139646, 268, 1, 267, 0, 0, 0
1326, 1, 1636416139378, 1636416139646, 268, 1, 267, 0, 1, 1
1328, 1, 1636416139410, 1636416139674, 264, 0, 264, 0, 0, 0
1329, 1, 1636416139746, 1636416140014, 268, 1, 267, 0, 1, 1
1330, 1, 1636416139810, 1636416140074, 264, 0, 264, 0, 0, 0
1331, 1, 1636416140054, 1636416140318, 264, 1, 263, 0, 0, 0
1332, 1, 1636416140054, 1636416140322, 268, 1, 267, 1, 0, 1
1333, 1, 1636416140078, 1636416140346, 268, 0, 268, 0, 0, 0
1334, 1, 1636416140418, 1636416140686, 268, 0, 268, 0, 0, 0
1335, 1, 1636416140478, 1636416140746, 268, 0, 268, 0, 0, 0
1337, 1, 1636416140726, 1636416140990, 264, 0, 264, 0, 0, 0
1336, 1, 1636416140722, 1636416140990, 268, 0, 268, 0, 0, 0
1338, 1, 1636416140746, 1636416141010, 264, 1, 263, 0, 1, 1
1339, 1, 1636416141094, 1636416141362, 268, 1, 267, 0, 1, 1
1340, 1, 1636416141154, 1636416141426, 272, 0, 272, 0, 0, 0
1342, 1, 1636416141394, 1636416141662, 268, 1, 267, 1, 0, 1
1341, 1, 1636416141394, 1636416141662, 268, 1, 267, 1, 0, 1
1343, 1, 1636416141410, 1636416141674, 264, 0, 264, 0, 0, 0
1344, 1, 1636416141766, 1636416142038, 272, 1, 271, 0, 0, 0
1345, 1, 1636416141830, 1636416142098, 268, 0, 268, 0, 0, 0
1348, 1, 1636416142070, 1636416142334, 264, 0, 264, 0, 0, 0
1347, 1, 1636416142066, 1636416142335, 269, 1, 268, 0, 1, 1
1346, 1, 1636416142066, 1636416142334, 268, 1, 267, 0, 1, 1
1349, 1, 1636416142442, 1636416142710, 268, 0, 268, 0, 0, 0
1350, 1, 1636416142502, 1636416142770, 268, 0, 268, 0, 0, 0
1352, 1, 1636416142738, 1636416143006, 268, 1, 267, 1, 0, 1
1353, 1, 1636416142738, 1636416143006, 268, 1, 267, 0, 1, 1
1351, 1, 1636416142738, 1636416143010, 272, 1, 271, 1, 0, 1
1354, 1, 1636416143114, 1636416143386, 272, 0, 272, 0, 0, 0
1355, 1, 1636416143178, 1636416143446, 268, 0, 268, 0, 0, 0
1357, 1, 1636416143406, 1636416143670, 264, 0, 264, 0, 0, 0
1356, 1, 1636416143410, 1636416143678, 268, 0, 268, 0, 0, 0
1358, 1, 1636416143422, 1636416143686, 264, 1, 263, 0, 1, 1
1359, 1, 1636416143790, 1636416144058, 268, 1, 267, 0, 1, 1
1360, 1, 1636416143850, 1636416144118, 268, 0, 268, 0, 0, 0
1361, 1, 1636416144074, 1636416144346, 272, 1, 271, 0, 0, 0
1363, 1, 1636416144086, 1636416144354, 268, 1, 267, 0, 1, 1
1362, 1, 1636416144086, 1636416144354, 268, 1, 267, 0, 0, 0
1364, 1, 1636416144462, 1636416144730, 268, 0, 268, 0, 0, 0
1365, 1, 1636416144522, 1636416144790, 268, 0, 268, 0, 0, 0
1366, 1, 1636416144746, 1636416145022, 276, 0, 276, 0, 0, 0
1367, 1, 1636416144758, 1636416145026, 268, 1, 267, 0, 1, 1
1368, 1, 1636416144758, 1636416145030, 272, 1, 271, 0, 0, 0
1369, 1, 1636416145130, 1636416145398, 268, 0, 268, 0, 0, 0
1370, 1, 1636416145194, 1636416145458, 264, 0, 264, 0, 0, 0
1371, 1, 1636416145426, 1636416145694, 268, 0, 268, 0, 0, 0
1372, 1, 1636416145434, 1636416145702, 268, 1, 267, 0, 1, 1
1373, 1, 1636416145434, 1636416145702, 268, 1, 267, 0, 0, 0
1374, 1, 1636416145798, 1636416146066, 268, 1, 267, 1, 0, 1
1375, 1, 1636416145858, 1636416146126, 268, 0, 268, 0, 0, 0
1376, 1, 1636416146098, 1636416146366, 268, 0, 268, 0, 0, 0
1378, 1, 1636416146110, 1636416146374, 264, 0, 264, 0, 0, 0
1377, 1, 1636416146134, 1636416146402, 268, 0, 268, 0, 0, 0
1379, 1, 1636416146470, 1636416146742, 272, 0, 272, 0, 0, 0
1380, 1, 1636416146530, 1636416146798, 268, 0, 268, 0, 0, 0
1381, 1, 1636416146770, 1636416147034, 264, 1, 263, 0, 1, 1
1382, 1, 1636416146774, 1636416147042, 268, 0, 268, 0, 0, 0
1383, 1, 1636416146806, 1636416147074, 268, 0, 268, 0, 0, 0
1384, 1, 1636416147142, 1636416147410, 268, 0, 268, 0, 0, 0
1385, 1, 1636416147202, 1636416147470, 268, 0, 268, 0, 0, 0
1387, 1, 1636416147446, 1636416147714, 268, 0, 268, 0, 0, 0
1386, 1, 1636416147478, 1636416147746, 268, 1, 267, 0, 1, 1
1388, 1, 1636416147478, 1636416147754, 276, 1, 275, 0, 1, 1
1389, 1, 1636416147810, 1636416148082, 272, 0, 272, 0, 0, 0
1390, 1, 1636416147874, 1636416148142, 268, 1, 267, 0, 1, 1
1391, 1, 1636416148118, 1636416148386, 268, 0, 268, 0, 0, 0
1392, 1, 1636416148150, 1636416148418, 268, 0, 268, 0, 0, 0
1393, 1, 1636416148158, 1636416148426, 268, 0, 268, 0, 0, 0
1394, 1, 1636416148486, 1636416148754, 268, 0, 268, 0, 0, 0
1395, 1, 1636416148546, 1636416148822, 276, 0, 276, 0, 0, 0
1397, 1, 1636416148822, 1636416149090, 268, 2, 266, 0, 1, 1
1398, 1, 1636416148822, 1636416149090, 268, 2, 266, 0, 1, 1
1396, 1, 1636416148822, 1636416149094, 272, 2, 270, 1, 0, 1
1399, 1, 1636416149158, 1636416149426, 268, 0, 268, 0, 0, 0
1400, 1, 1636416149226, 1636416149495, 269, 0, 269, 0, 0, 0
1401, 1, 1636416149494, 1636416149762, 268, 1, 267, 1, 0, 1
1402, 1, 1636416149494, 1636416149766, 272, 1, 271, 1, 0, 1
1403, 1, 1636416149494, 1636416149766, 272, 1, 271, 1, 0, 1
1404, 1, 1636416149830, 1636416150098, 268, 0, 268, 0, 0, 0
1405, 1, 1636416149898, 1636416150166, 268, 0, 268, 0, 0, 0
1406, 1, 1636416150166, 1636416150434, 268, 0, 268, 0, 0, 0
1407, 1, 1636416150170, 1636416150434, 264, 0, 264, 0, 0, 0
1408, 1, 1636416150170, 1636416150442, 272, 1, 271, 0, 0, 0
1409, 1, 1636416150502, 1636416150770, 268, 0, 268, 0, 0, 0
1410, 1, 1636416150574, 1636416150839, 265, 0, 265, 0, 0, 0
1411, 1, 1636416150838, 1636416151110, 272, 1, 271, 1, 0, 1
1412, 1, 1636416150838, 1636416151110, 272, 1, 271, 0, 1, 1
1413, 1, 1636416150842, 1636416151110, 268, 0, 268, 0, 0, 0
1414, 1, 1636416151178, 1636416151446, 268, 1, 267, 0, 0, 0
1415, 1, 1636416151242, 1636416151510, 268, 0, 268, 0, 0, 0
1418, 1, 1636416151514, 1636416151778, 264, 1, 263, 0, 1, 1
1419, 1, 1636416151854, 1636416152122, 268, 1, 267, 0, 1, 1
1420, 1, 1636416151918, 1636416152186, 268, 1, 267, 0, 1, 1
1423, 1, 1636416152590, 1636416152862, 272, 1, 271, 1, 0, 1
1425, 1, 1636416161850, 1636416162118, 268, 1, 267, 0, 1, 1
1426, 1, 1636416161902, 1636416162170, 268, 0, 268, 0, 0, 0
1427, 1, 1636416162518, 1636416162786, 268, 0, 268, 0, 0, 0
1424, 1, 1636416162522, 1636416162786, 264, 0, 264, 0, 0, 0
1428, 1, 1636416162578, 1636416162850, 272, 0, 272, 0, 0, 0
1429, 1, 1636416162790, 1636416163058, 268, 0, 268, 0, 0, 0
1430, 1, 1636416162890, 1636416163158, 268, 0, 268, 0, 0, 0
1432, 1, 1636416163194, 1636416163462, 268, 1, 267, 0, 1, 1
1431, 1, 1636416163194, 1636416163466, 272, 1, 271, 0, 0, 0
1433, 1, 1636416163258, 1636416163522, 264, 0, 264, 0, 0, 0
1434, 1, 1636416163462, 1636416163730, 268, 0, 268, 0, 0, 0
1435, 1, 1636416163558, 1636416163822, 264, 1, 263, 0, 1, 1
1436, 1, 1636416163867, 1636416164138, 271, 0, 271, 0, 0, 0
1437, 1, 1636416163867, 1636416164138, 271, 0, 271, 0, 0, 0
1438, 1, 1636416163930, 1636416164194, 264, 0, 264, 0, 0, 0
1439, 1, 1636416164126, 1636416164394, 268, 0, 268, 0, 0, 0
1440, 1, 1636416164222, 1636416164498, 276, 0, 276, 0, 0, 0
1441, 1, 1636416164538, 1636416164802, 264, 0, 264, 0, 0, 0
1442, 1, 1636416164538, 1636416164802, 264, 0, 264, 0, 0, 0
1443, 1, 1636416164598, 1636416164862, 264, 0, 264, 0, 0, 0
1444, 1, 1636416164802, 1636416165070, 268, 0, 268, 0, 0, 0
1445, 1, 1636416164902, 1636416165170, 268, 0, 268, 0, 0, 0
1447, 1, 1636416165210, 1636416165478, 268, 1, 267, 0, 1, 1
1446, 1, 1636416165210, 1636416165478, 268, 1, 267, 0, 1, 1
1448, 1, 1636416165262, 1636416165530, 268, 0, 268, 0, 0, 0
1449, 1, 1636416165470, 1636416165746, 276, 0, 276, 0, 0, 0
1450, 1, 1636416165570, 1636416165838, 268, 0, 268, 0, 0, 0
1451, 1, 1636416165882, 1636416166150, 268, 0, 268, 0, 0, 0
1452, 1, 1636416165882, 1636416166150, 268, 0, 268, 0, 0, 0
1453, 1, 1636416165930, 1636416166198, 268, 0, 268, 0, 0, 0
1454, 1, 1636416166150, 1636416166422, 272, 1, 271, 0, 0, 0
1455, 1, 1636416166242, 1636416166506, 264, 0, 264, 0, 0, 0
1456, 1, 1636416166554, 1636416166826, 272, 1, 271, 0, 1, 1
1457, 1, 1636416166554, 1636416166826, 272, 1, 271, 0, 1, 1
1458, 1, 1636416166598, 1636416166866, 268, 0, 268, 0, 0, 0
1459, 1, 1636416166826, 1636416167098, 272, 1, 271, 0, 0, 0
1460, 1, 1636416166910, 1636416167178, 268, 0, 268, 0, 0, 0
1462, 1, 1636416167230, 1636416167498, 268, 1, 267, 1, 0, 1
1461, 1, 1636416167230, 1636416167499, 269, 1, 268, 0, 1, 1
1463, 1, 1636416167266, 1636416167534, 268, 0, 268, 0, 0, 0
1464, 1, 1636416167498, 1636416167766, 268, 1, 267, 1, 0, 1
1465, 1, 1636416167582, 1636416167850, 268, 0, 268, 0, 0, 0
1466, 1, 1636416167898, 1636416168162, 264, 0, 264, 0, 0, 0
1467, 1, 1636416167902, 1636416168166, 264, 0, 264, 0, 0, 0
1468, 1, 1636416167938, 1636416168210, 272, 0, 272, 0, 0, 0
1469, 1, 1636416168166, 1636416168434, 268, 1, 267, 0, 1, 1
1470, 1, 1636416168254, 1636416168518, 264, 0, 264, 0, 0, 0
1472, 1, 1636416168566, 1636416168834, 268, 1, 267, 0, 1, 1
1471, 1, 1636416168566, 1636416168834, 268, 1, 267, 0, 0, 0
1473, 1, 1636416168614, 1636416168878, 264, 0, 264, 0, 0, 0
1474, 1, 1636416168834, 1636416169098, 264, 1, 263, 0, 0, 0
1475, 1, 1636416168919, 1636416169186, 267, 0, 267, 0, 0, 0
1476, 1, 1636416169234, 1636416169506, 272, 0, 272, 0, 0, 0
1477, 1, 1636416169234, 1636416169507, 273, 0, 273, 0, 0, 0
1478, 1, 1636416169278, 1636416169542, 264, 0, 264, 0, 0, 0
1479, 1, 1636416169498, 1636416169762, 264, 0, 264, 0, 0, 0
1480, 1, 1636416169586, 1636416169854, 268, 0, 268, 0, 0, 0
1482, 1, 1636416169906, 1636416170174, 268, 0, 268, 0, 0, 0
1481, 1, 1636416169906, 1636416170174, 268, 0, 268, 0, 0, 0
1483, 1, 1636416169942, 1636416170210, 268, 0, 268, 0, 0, 0
1484, 1, 1636416170162, 1636416170430, 268, 0, 268, 0, 0, 0
1485, 1, 1636416170254, 1636416170530, 276, 0, 276, 0, 0, 0
1487, 1, 1636416170574, 1636416170838, 264, 0, 264, 0, 0, 0
1486, 1, 1636416170578, 1636416170842, 264, 0, 264, 0, 0, 0
1488, 1, 1636416170614, 1636416170882, 268, 0, 268, 0, 0, 0
1489, 1, 1636416170838, 1636416171106, 268, 0, 268, 0, 0, 0
1490, 1, 1636416170930, 1636416171194, 264, 0, 264, 0, 0, 0
1491, 1, 1636416171238, 1636416171502, 264, 1, 263, 0, 0, 0
1492, 1, 1636416171246, 1636416171514, 268, 0, 268, 0, 0, 0
1493, 1, 1636416171286, 1636416171550, 264, 0, 264, 0, 0, 0
1494, 1, 1636416171506, 1636416171774, 268, 0, 268, 0, 0, 0
1495, 1, 1636416171594, 1636416171862, 268, 0, 268, 0, 0, 0
1496, 1, 1636416171902, 1636416172170, 268, 1, 267, 0, 0, 0
1497, 1, 1636416171926, 1636416172194, 268, 0, 268, 0, 0, 0
1498, 1, 1636416171954, 1636416172222, 268, 0, 268, 0, 0, 0
1499, 1, 1636416172178, 1636416172446, 268, 0, 268, 0, 0, 0
1500, 1, 1636416172262, 1636416172534, 272, 0, 272, 0, 0, 0
1501, 1, 1636416172570, 1636416172838, 268, 0, 268, 0, 0, 0
1502, 1, 1636416172598, 1636416172866, 268, 0, 268, 0, 0, 0
1503, 1, 1636416172626, 1636416172890, 264, 0, 264, 0, 0, 0
1504, 1, 1636416172846, 1636416173110, 264, 0, 264, 0, 0, 0
1505, 1, 1636416172934, 1636416173198, 264, 0, 264, 0, 0, 0
1506, 1, 1636416173238, 1636416173506, 268, 0, 268, 0, 0, 0
1507, 1, 1636416173270, 1636416173534, 264, 0, 264, 0, 0, 0
1508, 1, 1636416173294, 1636416173558, 264, 0, 264, 0, 0, 0
1509, 1, 1636416173514, 1636416173778, 264, 0, 264, 0, 0, 0
1510, 1, 1636416173598, 1636416173866, 268, 0, 268, 0, 0, 0
1511, 1, 1636416173910, 1636416174182, 272, 0, 272, 0, 0, 0
1512, 1, 1636416173942, 1636416174210, 268, 1, 267, 0, 1, 1
1513, 1, 1636416173970, 1636416174242, 272, 0, 272, 0, 0, 0
1514, 1, 1636416174182, 1636416174450, 268, 1, 267, 0, 0, 0
1515, 1, 1636416174270, 1636416174542, 272, 1, 271, 0, 0, 0
1516, 1, 1636416174578, 1636416174846, 268, 0, 268, 0, 0, 0
1517, 1, 1636416174610, 1636416174878, 268, 0, 268, 0, 0, 0
1518, 1, 1636416174646, 1636416174914, 268, 0, 268, 0, 0, 0
1519, 1, 1636416174846, 1636416175114, 268, 1, 267, 0, 1, 1
1520, 1, 1636416174942, 1636416175210, 268, 0, 268, 0, 0, 0
1521, 1, 1636416175246, 1636416175510, 264, 1, 263, 0, 1, 1
1522, 1, 1636416175282, 1636416175550, 268, 0, 268, 0, 0, 0
1523, 1, 1636416175318, 1636416175586, 268, 0, 268, 0, 0, 0
1524, 1, 1636416175510, 1636416175774, 264, 1, 263, 0, 1, 1
1525, 1, 1636416175622, 1636416175890, 268, 0, 268, 0, 0, 0
1526, 1, 1636416175910, 1636416176178, 268, 1, 267, 0, 0, 0
1527, 1, 1636416175958, 1636416176222, 264, 0, 264, 0, 0, 0
1528, 1, 1636416175990, 1636416176258, 268, 1, 267, 1, 0, 1
1529, 1, 1636416176178, 1636416176442, 264, 0, 264, 0, 0, 0
1530, 1, 1636416176294, 1636416176562, 268, 1, 267, 0, 0, 0
1531, 1, 1636416176574, 1636416176842, 268, 0, 268, 0, 0, 0
1532, 1, 1636416176626, 1636416176894, 268, 0, 268, 0, 0, 0
1533, 1, 1636416176662, 1636416176930, 268, 0, 268, 0, 0, 0
1534, 1, 1636416176842, 1636416177110, 268, 1, 267, 0, 1, 1
1535, 1, 1636416176966, 1636416177230, 264, 1, 263, 0, 0, 0
1536, 1, 1636416177242, 1636416177510, 268, 1, 267, 0, 0, 0
1537, 1, 1636416177298, 1636416177562, 264, 0, 264, 0, 0, 0
1538, 1, 1636416177334, 1636416177598, 264, 0, 264, 0, 0, 0
1539, 1, 1636416177510, 1636416177778, 268, 1, 267, 0, 0, 0
1540, 1, 1636416177634, 1636416177902, 268, 0, 268, 0, 0, 0
1541, 1, 1636416177914, 1636416178178, 264, 0, 264, 0, 0, 0
1542, 1, 1636416177962, 1636416178226, 264, 0, 264, 0, 0, 0
1543, 1, 1636416178002, 1636416178266, 264, 0, 264, 0, 0, 0
1544, 1, 1636416178178, 1636416178446, 268, 1, 267, 1, 0, 1
1545, 1, 1636416178306, 1636416178574, 268, 0, 268, 0, 0, 0
1546, 1, 1636416178578, 1636416178850, 272, 0, 272, 0, 0, 0
1547, 1, 1636416178626, 1636416178890, 264, 0, 264, 0, 0, 0
1548, 1, 1636416178662, 1636416178930, 268, 0, 268, 0, 0, 0
1549, 1, 1636416178850, 1636416179114, 264, 0, 264, 0, 0, 0
1550, 1, 1636416178978, 1636416179246, 268, 0, 268, 0, 0, 0
1551, 1, 1636416179250, 1636416179514, 264, 0, 264, 0, 0, 0
1552, 1, 1636416179286, 1636416179554, 268, 0, 268, 0, 0, 0
1553, 1, 1636416179334, 1636416179602, 268, 0, 268, 0, 0, 0
1554, 1, 1636416179514, 1636416179778, 264, 0, 264, 0, 0, 0
1555, 1, 1636416179650, 1636416179922, 272, 0, 272, 0, 0, 0
1556, 1, 1636416179926, 1636416180198, 272, 0, 272, 0, 0, 0
1557, 1, 1636416179958, 1636416180222, 264, 1, 263, 0, 1, 1
1558, 1, 1636416180002, 1636416180266, 264, 0, 264, 0, 0, 0
1559, 1, 1636416180178, 1636416180454, 276, 1, 275, 0, 1, 1
1560, 1, 1636416180326, 1636416180598, 272, 0, 272, 0, 0, 0
1561, 1, 1636416180598, 1636416180866, 268, 0, 268, 0, 0, 0
1562, 1, 1636416180622, 1636416180890, 268, 0, 268, 0, 0, 0
1563, 1, 1636416180666, 1636416180934, 268, 0, 268, 0, 0, 0
1564, 1, 1636416180858, 1636416181122, 264, 0, 264, 0, 0, 0
1565, 1, 1636416180998, 1636416181266, 268, 1, 267, 0, 0, 0
1566, 1, 1636416181274, 1636416181542, 268, 0, 268, 0, 0, 0
1567, 1, 1636416181290, 1636416181558, 268, 1, 267, 0, 0, 0
1568, 1, 1636416181342, 1636416181610, 268, 0, 268, 0, 0, 0
1569, 1, 1636416181526, 1636416181794, 268, 0, 268, 0, 0, 0
1570, 1, 1636416181670, 1636416181942, 272, 0, 272, 0, 0, 0
1571, 1, 1636416181946, 1636416182210, 264, 0, 264, 0, 0, 0
1572, 1, 1636416181962, 1636416182230, 268, 0, 268, 0, 0, 0
1573, 1, 1636416182014, 1636416182278, 264, 0, 264, 0, 0, 0
1574, 1, 1636416182198, 1636416182462, 264, 0, 264, 0, 0, 0
1575, 1, 1636416182350, 1636416182618, 268, 1, 267, 0, 0, 0
1577, 1, 1636416182630, 1636416182894, 264, 1, 263, 0, 0, 0
1576, 1, 1636416182622, 1636416182894, 272, 0, 272, 0, 0, 0
1578, 1, 1636416182678, 1636416182942, 264, 0, 264, 0, 0, 0
1579, 1, 1636416182866, 1636416183134, 268, 0, 268, 0, 0, 0
1580, 1, 1636416183022, 1636416183286, 264, 1, 263, 0, 0, 0
1581, 1, 1636416183298, 1636416183562, 264, 0, 264, 0, 0, 0
1582, 1, 1636416183306, 1636416183574, 268, 0, 268, 0, 0, 0
1583, 1, 1636416183346, 1636416183610, 264, 0, 264, 0, 0, 0
1584, 1, 1636416183538, 1636416183806, 268, 0, 268, 0, 0, 0
1585, 1, 1636416183694, 1636416183958, 264, 0, 264, 0, 0, 0
1586, 1, 1636416183962, 1636416184230, 268, 0, 268, 0, 0, 0
1587, 1, 1636416183978, 1636416184242, 264, 0, 264, 0, 0, 0
1588, 1, 1636416184014, 1636416184282, 268, 0, 268, 0, 0, 0
1589, 1, 1636416184214, 1636416184482, 268, 0, 268, 0, 0, 0
1590, 1, 1636416184362, 1636416184626, 264, 1, 263, 0, 1, 1
1591, 1, 1636416184638, 1636416184906, 268, 0, 268, 0, 0, 0
1592, 1, 1636416184654, 1636416184922, 268, 0, 268, 0, 0, 0
1593, 1, 1636416184686, 1636416184950, 264, 0, 264, 0, 0, 0
1594, 1, 1636416184906, 1636416185174, 268, 1, 267, 1, 0, 1
1595, 1, 1636416185038, 1636416185302, 264, 1, 263, 0, 1, 1
1596, 1, 1636416185302, 1636416185578, 276, 0, 276, 0, 0, 0
1597, 1, 1636416185330, 1636416185598, 268, 0, 268, 0, 0, 0
1598, 1, 1636416185354, 1636416185622, 268, 0, 268, 0, 0, 0
1599, 1, 1636416185578, 1636416185846, 268, 1, 267, 0, 0, 0
1600, 1, 1636416185702, 1636416185970, 268, 0, 268, 0, 0, 0
1601, 1, 1636416185978, 1636416186242, 264, 0, 264, 0, 0, 0
1602, 1, 1636416186002, 1636416186270, 268, 0, 268, 0, 0, 0
1603, 1, 1636416186026, 1636416186294, 268, 0, 268, 0, 0, 0
1604, 1, 1636416186270, 1636416186538, 268, 1, 267, 1, 0, 1
1605, 1, 1636416186374, 1636416186642, 268, 0, 268, 0, 0, 0
1606, 1, 1636416186646, 1636416186914, 268, 0, 268, 0, 0, 0
1607, 1, 1636416186670, 1636416186938, 268, 0, 268, 0, 0, 0
1608, 1, 1636416186702, 1636416186974, 272, 0, 272, 0, 0, 0
1609, 1, 1636416186942, 1636416187210, 268, 0, 268, 0, 0, 0
1610, 1, 1636416187046, 1636416187314, 268, 1, 267, 0, 0, 0
1611, 1, 1636416187314, 1636416187582, 268, 1, 267, 1, 0, 1
1612, 1, 1636416187342, 1636416187614, 272, 1, 271, 0, 1, 1
1613, 1, 1636416187378, 1636416187646, 268, 0, 268, 0, 0, 0
1614, 1, 1636416187610, 1636416187878, 268, 0, 268, 0, 0, 0
1615, 1, 1636416187722, 1636416187990, 268, 0, 268, 0, 0, 0
1616, 1, 1636416187986, 1636416188254, 268, 0, 268, 0, 0, 0
1617, 1, 1636416188014, 1636416188278, 264, 0, 264, 0, 0, 0
1618, 1, 1636416188046, 1636416188318, 272, 0, 272, 0, 0, 0
1619, 1, 1636416188282, 1636416188546, 264, 0, 264, 0, 0, 0
1620, 1, 1636416188394, 1636416188666, 272, 1, 271, 0, 0, 0
1621, 1, 1636416188654, 1636416188922, 268, 0, 268, 0, 0, 0
1622, 1, 1636416188686, 1636416188950, 264, 0, 264, 0, 0, 0
1623, 1, 1636416188718, 1636416188986, 268, 0, 268, 0, 0, 0
1624, 1, 1636416188946, 1636416189210, 264, 0, 264, 0, 0, 0
1625, 1, 1636416189078, 1636416189350, 272, 0, 272, 0, 0, 0
1626, 1, 1636416189326, 1636416189594, 268, 0, 268, 0, 0, 0
1627, 1, 1636416189350, 1636416189618, 268, 1, 267, 1, 0, 1
1628, 1, 1636416189390, 1636416189658, 268, 0, 268, 0, 0, 0
1629, 1, 1636416189610, 1636416189878, 268, 0, 268, 0, 0, 0
1630, 1, 1636416189750, 1636416190018, 268, 0, 268, 0, 0, 0
1631, 1, 1636416190002, 1636416190270, 268, 0, 268, 0, 0, 0
1632, 1, 1636416190026, 1636416190294, 268, 0, 268, 0, 0, 0
1633, 1, 1636416190062, 1636416190330, 268, 1, 267, 0, 0, 0
1634, 1, 1636416190282, 1636416190546, 264, 0, 264, 0, 0, 0
1635, 1, 1636416190422, 1636416190690, 268, 1, 267, 0, 1, 1
1636, 1, 1636416190674, 1636416190942, 268, 0, 268, 0, 0, 0
1637, 1, 1636416190698, 1636416190962, 264, 0, 264, 0, 0, 0
1638, 1, 1636416190734, 1636416190998, 264, 0, 264, 0, 0, 0
1639, 1, 1636416190954, 1636416191223, 269, 1, 268, 0, 0, 0
1640, 1, 1636416191094, 1636416191358, 264, 1, 263, 0, 1, 1
1642, 1, 1636416191366, 1636416191634, 268, 0, 268, 0, 0, 0
1643, 1, 1636416191402, 1636416191670, 268, 0, 268, 0, 0, 0
1644, 1, 1636416191622, 1636416191890, 268, 0, 268, 0, 0, 0
1641, 1, 1636416191638, 1636416191906, 268, 0, 268, 0, 0, 0
1645, 1, 1636416191762, 1636416192030, 268, 0, 268, 0, 0, 0
1646, 1, 1636416192034, 1636416192298, 264, 0, 264, 0, 0, 0
1647, 1, 1636416192074, 1636416192342, 268, 0, 268, 0, 0, 0
1648, 1, 1636416192294, 1636416192562, 268, 0, 268, 0, 0, 0
1649, 1, 1636416192310, 1636416192578, 268, 0, 268, 0, 0, 0
1650, 1, 1636416192430, 1636416192698, 268, 0, 268, 0, 0, 0
1651, 1, 1636416192702, 1636416192966, 264, 0, 264, 0, 0, 0
1652, 1, 1636416192746, 1636416193018, 272, 0, 272, 0, 0, 0
1653, 1, 1636416192966, 1636416193230, 264, 1, 263, 0, 0, 0
1654, 1, 1636416192982, 1636416193254, 272, 0, 272, 0, 0, 0
1655, 1, 1636416193106, 1636416193374, 268, 0, 268, 0, 0, 0
1656, 1, 1636416193378, 1636416193642, 264, 0, 264, 0, 0, 0
1657, 1, 1636416193418, 1636416193686, 268, 0, 268, 0, 0, 0
1658, 1, 1636416193634, 1636416193902, 268, 1, 267, 0, 1, 1
1659, 1, 1636416193658, 1636416193922, 264, 0, 264, 0, 0, 0
1660, 1, 1636416193778, 1636416194046, 268, 1, 267, 1, 0, 1
1661, 1, 1636416194054, 1636416194322, 268, 0, 268, 0, 0, 0
1662, 1, 1636416194090, 1636416194358, 268, 0, 268, 0, 0, 0
1663, 1, 1636416194302, 1636416194570, 268, 0, 268, 0, 0, 0
1664, 1, 1636416194322, 1636416194590, 268, 1, 267, 1, 0, 1
1665, 1, 1636416194450, 1636416194722, 272, 0, 272, 0, 0, 0
1666, 1, 1636416194726, 1636416194994, 268, 0, 268, 0, 0, 0
1667, 1, 1636416194762, 1636416195030, 268, 1, 267, 0, 1, 1
1668, 1, 1636416194982, 1636416195250, 268, 0, 268, 0, 0, 0
1669, 1, 1636416194994, 1636416195258, 264, 1, 263, 0, 0, 0
1670, 1, 1636416195122, 1636416195390, 268, 1, 267, 0, 1, 1
1671, 1, 1636416195386, 1636416195658, 272, 5, 267, 5, 0, 5
1672, 1, 1636416195430, 1636416195698, 268, 0, 268, 0, 0, 0
1673, 1, 1636416195654, 1636416195922, 268, 1, 267, 0, 0, 0
1674, 1, 1636416195658, 1636416195926, 268, 1, 267, 0, 0, 0
1675, 1, 1636416195934, 1636416196198, 264, 0, 264, 0, 0, 0
1679, 1, 1636416196327, 1636416196590, 263, 0, 263, 0, 0, 0
1678, 1, 1636416196327, 1636416196594, 267, 0, 267, 0, 0, 0
1680, 1, 1636416196598, 1636416196866, 268, 0, 268, 0, 0, 0
1681, 1, 1636416196994, 1636416197262, 268, 1, 267, 1, 0, 1
1683, 1, 1636416197270, 1636416197538, 268, 0, 268, 0, 0, 0
1684, 1, 1636416197666, 1636416197935, 269, 1, 268, 0, 0, 0
1686, 1, 1636416198338, 1636416198611, 273, 1, 272, 1, 0, 1
1687, 1, 1636416199019, 1636416199286, 267, 0, 267, 0, 0, 0
1688, 1, 1636416199694, 1636416199962, 268, 1, 267, 0, 0, 0
1689, 1, 1636416200366, 1636416200635, 269, 0, 269, 0, 0, 0
1690, 1, 1636416201042, 1636416201310, 268, 1, 267, 0, 0, 0
1691, 1, 1636416201719, 1636416201987, 268, 0, 268, 0, 0, 0
1692, 1, 1636416202390, 1636416202658, 268, 1, 267, 1, 0, 1
1693, 1, 1636416203062, 1636416203331, 269, 0, 269, 0, 0, 0
1694, 1, 1636416203738, 1636416204007, 269, 1, 268, 1, 0, 1
1695, 1, 1636416204410, 1636416204682, 272, 1, 271, 0, 1, 1
1696, 1, 1636416205090, 1636416205358, 268, 1, 267, 1, 0, 1
1697, 1, 1636416205766, 1636416206035, 269, 1, 268, 1, 0, 1
1698, 1, 1636416206438, 1636416206710, 272, 1, 271, 1, 0, 1
1700, 1, 1636416206506, 1636416206774, 268, 0, 268, 0, 0, 0
1699, 1, 1636416206510, 1636416206786, 276, 0, 276, 0, 0, 0
1685, 1, 1636416206998, 1636416207262, 264, 0, 264, 0, 0, 0
1701, 1, 1636416207114, 1636416207382, 268, 1, 267, 1, 0, 1
1702, 1, 1636416207174, 1636416207442, 268, 0, 268, 0, 0, 0
1703, 1, 1636416207186, 1636416207454, 268, 0, 268, 0, 0, 0
1704, 1, 1636416207306, 1636416207574, 268, 0, 268, 0, 0, 0
1705, 1, 1636416207670, 1636416207934, 264, 1, 263, 1, 0, 1
1706, 1, 1636416207790, 1636416208058, 268, 1, 267, 0, 0, 0
1707, 1, 1636416207846, 1636416208114, 268, 0, 268, 0, 0, 0
1708, 1, 1636416207862, 1636416208130, 268, 0, 268, 0, 0, 0
1709, 1, 1636416207978, 1636416208250, 272, 0, 272, 0, 0, 0
1710, 1, 1636416208338, 1636416208602, 264, 0, 264, 0, 0, 0
1711, 1, 1636416208474, 1636416208738, 264, 0, 264, 0, 0, 0
1712, 1, 1636416208522, 1636416208790, 268, 0, 268, 0, 0, 0
1713, 1, 1636416208534, 1636416208802, 268, 0, 268, 0, 0, 0
1714, 1, 1636416208654, 1636416208922, 268, 0, 268, 0, 0, 0
1715, 1, 1636416209006, 1636416209270, 264, 0, 264, 0, 0, 0
1716, 1, 1636416209146, 1636416209414, 268, 0, 268, 0, 0, 0
1717, 1, 1636416209194, 1636416209458, 264, 0, 264, 0, 0, 0
1718, 1, 1636416209218, 1636416209486, 268, 0, 268, 0, 0, 0
1719, 1, 1636416209326, 1636416209590, 264, 0, 264, 0, 0, 0
1720, 1, 1636416209674, 1636416209938, 264, 0, 264, 0, 0, 0
1721, 1, 1636416209818, 1636416210086, 268, 0, 268, 0, 0, 0
1722, 1, 1636416209858, 1636416210122, 264, 1, 263, 0, 0, 0
1723, 1, 1636416209890, 1636416210158, 268, 1, 267, 0, 1, 1
1724, 1, 1636416209998, 1636416210266, 268, 0, 268, 0, 0, 0
1725, 1, 1636416210338, 1636416210606, 268, 1, 267, 0, 0, 0
1726, 1, 1636416210490, 1636416210762, 272, 1, 271, 0, 1, 1
1727, 1, 1636416210526, 1636416210794, 268, 0, 268, 0, 0, 0
1728, 1, 1636416210562, 1636416210826, 264, 0, 264, 0, 0, 0
1729, 1, 1636416210670, 1636416210942, 272, 0, 272, 0, 0, 0
1730, 1, 1636416211014, 1636416211282, 268, 0, 268, 0, 0, 0
1731, 1, 1636416211162, 1636416211430, 268, 0, 268, 0, 0, 0
1732, 1, 1636416211202, 1636416211470, 268, 1, 267, 0, 1, 1
1733, 1, 1636416211230, 1636416211498, 268, 0, 268, 0, 0, 0
1734, 1, 1636416211346, 1636416211614, 268, 1, 267, 0, 1, 1
1735, 1, 1636416211682, 1636416211950, 268, 0, 268, 0, 0, 0
1736, 1, 1636416211874, 1636416212138, 264, 1, 263, 0, 1, 1
1737, 1, 1636416211954, 1636416212226, 272, 0, 272, 0, 0, 0
1738, 1, 1636416212018, 1636416212286, 268, 0, 268, 0, 0, 0
1739, 1, 1636416212354, 1636416212622, 268, 0, 268, 0, 0, 0
1740, 1, 1636416212546, 1636416212814, 268, 1, 267, 0, 0, 0
1741, 1, 1636416212630, 1636416212898, 268, 1, 267, 0, 0, 0
1742, 1, 1636416212818, 1636416213086, 268, 0, 268, 0, 0, 0
1743, 1, 1636416213090, 1636416213354, 264, 0, 264, 0, 0, 0
1744, 1, 1636416213218, 1636416213486, 268, 0, 268, 0, 0, 0
1745, 1, 1636416213302, 1636416213570, 268, 1, 267, 0, 0, 0
1746, 1, 1636416213486, 1636416213758, 272, 1, 271, 0, 0, 0
1747, 1, 1636416213770, 1636416214046, 276, 0, 276, 0, 0, 0
1748, 1, 1636416213886, 1636416214154, 268, 0, 268, 0, 0, 0
1749, 1, 1636416213978, 1636416214250, 272, 0, 272, 0, 0, 0
1750, 1, 1636416214162, 1636416214430, 268, 0, 268, 0, 0, 0
1751, 1, 1636416214454, 1636416214718, 264, 1, 263, 0, 0, 0
1752, 1, 1636416214554, 1636416214822, 268, 1, 267, 0, 1, 1
1753, 1, 1636416214650, 1636416214914, 264, 0, 264, 0, 0, 0
1754, 1, 1636416214834, 1636416215102, 268, 0, 268, 0, 0, 0
1755, 1, 1636416215122, 1636416215390, 268, 0, 268, 0, 0, 0
1756, 1, 1636416215226, 1636416215494, 268, 0, 268, 0, 0, 0
1757, 1, 1636416215318, 1636416215582, 264, 0, 264, 0, 0, 0
1758, 1, 1636416215510, 1636416215778, 268, 0, 268, 0, 0, 0
1759, 1, 1636416215794, 1636416216062, 268, 0, 268, 0, 0, 0
1760, 1, 1636416215894, 1636416216162, 268, 0, 268, 0, 0, 0
1761, 1, 1636416215986, 1636416216254, 268, 0, 268, 0, 0, 0
1762, 1, 1636416216178, 1636416216450, 272, 1, 271, 0, 1, 1
1763, 1, 1636416216462, 1636416216730, 268, 0, 268, 0, 0, 0
1764, 1, 1636416216570, 1636416216838, 268, 0, 268, 0, 0, 0
1765, 1, 1636416216662, 1636416216926, 264, 1, 263, 0, 0, 0
1766, 1, 1636416216854, 1636416217122, 268, 0, 268, 0, 0, 0
1767, 1, 1636416217134, 1636416217402, 268, 1, 267, 0, 1, 1
1768, 1, 1636416217246, 1636416217514, 268, 1, 267, 0, 0, 0
1769, 1, 1636416217330, 1636416217598, 268, 1, 267, 0, 0, 0
1770, 1, 1636416217526, 1636416217794, 268, 0, 268, 0, 0, 0
1771, 1, 1636416217802, 1636416218066, 264, 0, 264, 0, 0, 0
1772, 1, 1636416217914, 1636416218178, 264, 1, 263, 0, 0, 0
1773, 1, 1636416218002, 1636416218270, 268, 0, 268, 0, 0, 0
1774, 1, 1636416218202, 1636416218470, 268, 0, 268, 0, 0, 0
1775, 1, 1636416218474, 1636416218738, 264, 0, 264, 0, 0, 0
1776, 1, 1636416218582, 1636416218850, 268, 0, 268, 0, 0, 0
1777, 1, 1636416218674, 1636416218942, 268, 0, 268, 0, 0, 0
1778, 1, 1636416218870, 1636416219142, 272, 1, 271, 0, 1, 1
1779, 1, 1636416219154, 1636416219422, 268, 0, 268, 0, 0, 0
1780, 1, 1636416219254, 1636416219518, 264, 0, 264, 0, 0, 0
1781, 1, 1636416219342, 1636416219614, 272, 0, 272, 0, 0, 0
1782, 1, 1636416219542, 1636416219810, 268, 0, 268, 0, 0, 0
1783, 1, 1636416219830, 1636416220098, 268, 0, 268, 0, 0, 0
1784, 1, 1636416219922, 1636416220190, 268, 1, 267, 0, 0, 0
1785, 1, 1636416220014, 1636416220278, 264, 0, 264, 0, 0, 0
1786, 1, 1636416220218, 1636416220486, 268, 1, 267, 0, 0, 0
1787, 1, 1636416220498, 1636416220762, 264, 0, 264, 0, 0, 0
1788, 1, 1636416220598, 1636416220862, 264, 0, 264, 0, 0, 0
1789, 1, 1636416220678, 1636416220946, 268, 1, 267, 0, 0, 0
1790, 1, 1636416220890, 1636416221154, 264, 1, 263, 0, 1, 1
1791, 1, 1636416221162, 1636416221430, 268, 0, 268, 0, 0, 0
1792, 1, 1636416221262, 1636416221530, 268, 1, 267, 0, 0, 0
1793, 1, 1636416221350, 1636416221618, 268, 0, 268, 0, 0, 0
1794, 1, 1636416221558, 1636416221826, 268, 0, 268, 0, 0, 0
1795, 1, 1636416221838, 1636416222102, 264, 1, 263, 0, 0, 0
1796, 1, 1636416221930, 1636416222194, 264, 0, 264, 0, 0, 0
1797, 1, 1636416222230, 1636416222498, 268, 1, 267, 1, 0, 1
1798, 1, 1636416222506, 1636416222774, 268, 0, 268, 0, 0, 0
1799, 1, 1636416222598, 1636416222862, 264, 0, 264, 0, 0, 0
1800, 1, 1636416223266, 1636416223534, 268, 1, 267, 0, 1, 1
1801, 1, 1636416476530, 1636416476798, 268, 1, 267, 1, 0, 1
1802, 1, 1636416477178, 1636416477450, 272, 1, 271, 1, 0, 1
1803, 1, 1636416477518, 1636416477786, 268, 0, 268, 0, 0, 0
1804, 1, 1636416477630, 1636416477898, 268, 1, 267, 1, 0, 1
1805, 1, 1636416478174, 1636416478443, 269, 0, 269, 0, 0, 0
1806, 1, 1636416478322, 1636416478590, 268, 0, 268, 0, 0, 0
1807, 1, 1636416478502, 1636416478770, 268, 0, 268, 0, 0, 0
1808, 1, 1636416478626, 1636416478902, 276, 0, 276, 0, 0, 0
1809, 1, 1636416478918, 1636416479182, 264, 0, 264, 0, 0, 0
1810, 1, 1636416479158, 1636416479426, 268, 0, 268, 0, 0, 0
1811, 1, 1636416479318, 1636416479582, 264, 0, 264, 0, 0, 0
1812, 1, 1636416479506, 1636416479774, 268, 0, 268, 0, 0, 0
1813, 1, 1636416479602, 1636416479866, 264, 0, 264, 0, 0, 0
1814, 1, 1636416479906, 1636416480174, 268, 0, 268, 0, 0, 0
1815, 1, 1636416480162, 1636416480430, 268, 1, 267, 0, 0, 0
1816, 1, 1636416480306, 1636416480574, 268, 0, 268, 0, 0, 0
1817, 1, 1636416480530, 1636416480794, 264, 0, 264, 0, 0, 0
1818, 1, 1636416480610, 1636416480878, 268, 0, 268, 0, 0, 0
1819, 1, 1636416480886, 1636416481154, 268, 0, 268, 0, 0, 0
1820, 1, 1636416481190, 1636416481458, 268, 1, 267, 0, 0, 0
1821, 1, 1636416481338, 1636416481606, 268, 1, 267, 0, 0, 0
1822, 1, 1636416481506, 1636416481774, 268, 0, 268, 0, 0, 0
1823, 1, 1636416481774, 1636416482046, 272, 1, 271, 1, 0, 1
1824, 1, 1636416481894, 1636416482163, 269, 0, 269, 0, 0, 0
1825, 1, 1636416482162, 1636416482426, 264, 1, 263, 1, 0, 1
1826, 1, 1636416482434, 1636416482702, 268, 0, 268, 0, 0, 0
1827, 1, 1636416482518, 1636416482786, 268, 0, 268, 0, 0, 0
1828, 1, 1636416482702, 1636416482970, 268, 1, 267, 1, 0, 1
1829, 1, 1636416482978, 1636416483250, 272, 0, 272, 0, 0, 0
1830, 1, 1636416483186, 1636416483458, 272, 0, 272, 0, 0, 0
1831, 1, 1636416483362, 1636416483626, 264, 0, 264, 0, 0, 0
1832, 1, 1636416483538, 1636416483802, 264, 0, 264, 0, 0, 0
1833, 1, 1636416483622, 1636416483890, 268, 0, 268, 0, 0, 0
1834, 1, 1636416483914, 1636416484178, 264, 0, 264, 0, 0, 0
1835, 1, 1636416484190, 1636416484462, 272, 1, 271, 0, 0, 0
1836, 1, 1636416484370, 1636416484634, 264, 1, 263, 1, 0, 1
1837, 1, 1636416484574, 1636416484842, 268, 1, 267, 0, 1, 1
1838, 1, 1636416484626, 1636416484890, 264, 0, 264, 0, 0, 0
1839, 1, 1636416484918, 1636416485186, 268, 1, 267, 0, 0, 0
1840, 1, 1636416485214, 1636416485482, 268, 0, 268, 0, 0, 0
1841, 1, 1636416485378, 1636416485646, 268, 0, 268, 0, 0, 0
1842, 1, 1636416485606, 1636416485874, 268, 0, 268, 0, 0, 0
1843, 1, 1636416485666, 1636416485930, 264, 0, 264, 0, 0, 0
1844, 1, 1636416485946, 1636416486210, 264, 0, 264, 0, 0, 0
1845, 1, 1636416486242, 1636416486510, 268, 1, 267, 0, 1, 1
1846, 1, 1636416486390, 1636416486654, 264, 0, 264, 0, 0, 0
1847, 1, 1636416486570, 1636416486842, 272, 0, 272, 0, 0, 0
1848, 1, 1636416486662, 1636416486934, 272, 0, 272, 0, 0, 0
1849, 1, 1636416486974, 1636416487242, 268, 1, 267, 0, 1, 1
1850, 1, 1636416487214, 1636416487482, 268, 1, 267, 0, 0, 0
1851, 1, 1636416487406, 1636416487674, 268, 1, 267, 0, 0, 0
1852, 1, 1636416487566, 1636416487838, 272, 0, 272, 0, 0, 0
1853, 1, 1636416487638, 1636416487906, 268, 0, 268, 0, 0, 0
1854, 1, 1636416487974, 1636416488242, 268, 0, 268, 0, 0, 0
1855, 1, 1636416488178, 1636416488446, 268, 0, 268, 0, 0, 0
1856, 1, 1636416488370, 1636416488642, 272, 0, 272, 0, 0, 0
1858, 1, 1636416488606, 1636416488874, 268, 0, 268, 0, 0, 0
1857, 1, 1636416488646, 1636416488914, 268, 0, 268, 0, 0, 0
1859, 1, 1636416488946, 1636416489214, 268, 0, 268, 0, 0, 0
1860, 1, 1636416489226, 1636416489498, 272, 1, 271, 0, 0, 0
1861, 1, 1636416489342, 1636416489610, 268, 0, 268, 0, 0, 0
1862, 1, 1636416489562, 1636416489830, 268, 0, 268, 0, 0, 0
1863, 1, 1636416489570, 1636416489842, 272, 0, 272, 0, 0, 0
1864, 1, 1636416489914, 1636416490182, 268, 0, 268, 0, 0, 0
1865, 1, 1636416490146, 1636416490418, 272, 0, 272, 0, 0, 0
1866, 1, 1636416490306, 1636416490574, 268, 0, 268, 0, 0, 0
1867, 1, 1636416490538, 1636416490802, 264, 0, 264, 0, 0, 0
1868, 1, 1636416490582, 1636416490846, 264, 0, 264, 0, 0, 0
1869, 1, 1636416490882, 1636416491150, 268, 0, 268, 0, 0, 0
1870, 1, 1636416491122, 1636416491386, 264, 0, 264, 0, 0, 0
1871, 1, 1636416491306, 1636416491574, 268, 1, 267, 0, 0, 0
1872, 1, 1636416491542, 1636416491810, 268, 0, 268, 0, 0, 0
1873, 1, 1636416491550, 1636416491818, 268, 0, 268, 0, 0, 0
1874, 1, 1636416491886, 1636416492154, 268, 0, 268, 0, 0, 0
1875, 1, 1636416492134, 1636416492402, 268, 0, 268, 0, 0, 0
1876, 1, 1636416492274, 1636416492542, 268, 1, 267, 1, 0, 1
1877, 1, 1636416492538, 1636416492806, 268, 1, 267, 0, 0, 0
1878, 1, 1636416492558, 1636416492826, 268, 0, 268, 0, 0, 0
1879, 1, 1636416492858, 1636416493130, 272, 0, 272, 0, 0, 0
1880, 1, 1636416493122, 1636416493390, 268, 0, 268, 0, 0, 0
1881, 1, 1636416493282, 1636416493550, 268, 0, 268, 0, 0, 0
1882, 1, 1636416493526, 1636416493794, 268, 1, 267, 0, 1, 1
1883, 1, 1636416493550, 1636416493823, 273, 1, 272, 0, 0, 0
1884, 1, 1636416493894, 1636416494162, 268, 0, 268, 0, 0, 0
1885, 1, 1636416494118, 1636416494386, 268, 1, 267, 1, 0, 1
1886, 1, 1636416494278, 1636416494550, 272, 0, 272, 0, 0, 0
1887, 1, 1636416494534, 1636416494806, 272, 0, 272, 0, 0, 0
1888, 1, 1636416494566, 1636416494838, 272, 1, 271, 0, 1, 1
1889, 1, 1636416494882, 1636416495150, 268, 0, 268, 0, 0, 0
1890, 1, 1636416495118, 1636416495382, 264, 0, 264, 0, 0, 0
1891, 1, 1636416495258, 1636416495526, 268, 1, 267, 1, 0, 1
1892, 1, 1636416495534, 1636416495798, 264, 0, 264, 0, 0, 0
1893, 1, 1636416495566, 1636416495838, 272, 1, 271, 1, 0, 1
1894, 1, 1636416495878, 1636416496150, 272, 1, 271, 0, 1, 1
1895, 1, 1636416496154, 1636416496422, 268, 0, 268, 0, 0, 0
1896, 1, 1636416496290, 1636416496562, 272, 0, 272, 0, 0, 0
1897, 1, 1636416496562, 1636416496830, 268, 0, 268, 0, 0, 0
1898, 1, 1636416496570, 1636416496834, 264, 0, 264, 0, 0, 0
1899, 1, 1636416496874, 1636416497146, 272, 0, 272, 0, 0, 0
1900, 1, 1636416497118, 1636416497382, 264, 1, 263, 0, 1, 1
1901, 1, 1636416497298, 1636416497570, 272, 0, 272, 0, 0, 0
1902, 1, 1636416497526, 1636416497794, 268, 1, 267, 0, 0, 0
1903, 1, 1636416497554, 1636416497822, 268, 0, 268, 0, 0, 0
1904, 1, 1636416497914, 1636416498186, 272, 0, 272, 0, 0, 0
1905, 1, 1636416498086, 1636416498354, 268, 1, 267, 0, 1, 1
1906, 1, 1636416498266, 1636416498530, 264, 0, 264, 0, 0, 0
1907, 1, 1636416498494, 1636416498762, 268, 0, 268, 0, 0, 0
1908, 1, 1636416498522, 1636416498794, 272, 0, 272, 0, 0, 0
1909, 1, 1636416498878, 1636416499142, 264, 1, 263, 1, 0, 1
1910, 1, 1636416499054, 1636416499322, 268, 0, 268, 0, 0, 0
1911, 1, 1636416499230, 1636416499498, 268, 0, 268, 0, 0, 0
1912, 1, 1636416499494, 1636416499762, 268, 1, 267, 1, 0, 1
1913, 1, 1636416499494, 1636416499762, 268, 1, 267, 0, 0, 0
1914, 1, 1636416499850, 1636416500122, 272, 0, 272, 0, 0, 0
1915, 1, 1636416500054, 1636416500322, 268, 1, 267, 0, 0, 0
1916, 1, 1636416500198, 1636416500466, 268, 0, 268, 0, 0, 0
1917, 1, 1636416500490, 1636416500758, 268, 0, 268, 0, 0, 0
1918, 1, 1636416500502, 1636416500770, 268, 0, 268, 0, 0, 0
1919, 1, 1636416500830, 1636416501098, 268, 0, 268, 0, 0, 0
1920, 1, 1636416501066, 1636416501334, 268, 0, 268, 0, 0, 0
1921, 1, 1636416501202, 1636416501470, 268, 0, 268, 0, 0, 0
1922, 1, 1636416501506, 1636416501774, 268, 0, 268, 0, 0, 0
1923, 1, 1636416501526, 1636416501802, 276, 0, 276, 0, 0, 0
1924, 1, 1636416501834, 1636416502102, 268, 0, 268, 0, 0, 0
1925, 1, 1636416502086, 1636416502354, 268, 0, 268, 0, 0, 0
1926, 1, 1636416502206, 1636416502478, 272, 0, 272, 0, 0, 0
1927, 1, 1636416502510, 1636416502778, 268, 1, 267, 1, 0, 1
1928, 1, 1636416502522, 1636416502786, 264, 0, 264, 0, 0, 0
1929, 1, 1636416502850, 1636416503118, 268, 0, 268, 0, 0, 0
1930, 1, 1636416503054, 1636416503318, 264, 0, 264, 0, 0, 0
1931, 1, 1636416503218, 1636416503490, 272, 0, 272, 0, 0, 0
1932, 1, 1636416503486, 1636416503750, 264, 1, 263, 1, 0, 1
1933, 1, 1636416503490, 1636416503754, 264, 1, 263, 0, 1, 1
1934, 1, 1636416503862, 1636416504130, 268, 0, 268, 0, 0, 0
1935, 1, 1636416504030, 1636416504298, 268, 1, 267, 0, 1, 1
1936, 1, 1636416504194, 1636416504462, 268, 0, 268, 0, 0, 0
1937, 1, 1636416504466, 1636416504734, 268, 0, 268, 0, 0, 0
1938, 1, 1636416504498, 1636416504762, 264, 0, 264, 0, 0, 0
1939, 1, 1636416504830, 1636416505098, 268, 0, 268, 0, 0, 0
1940, 1, 1636416505038, 1636416505306, 268, 1, 267, 0, 0, 0
1941, 1, 1636416505166, 1636416505434, 268, 0, 268, 0, 0, 0
1942, 1, 1636416505482, 1636416505751, 269, 0, 269, 0, 0, 0
1943, 1, 1636416505514, 1636416505782, 268, 1, 267, 0, 0, 0
1944, 1, 1636416505810, 1636416506078, 268, 0, 268, 0, 0, 0
1945, 1, 1636416506046, 1636416506310, 264, 0, 264, 0, 0, 0
1946, 1, 1636416506182, 1636416506454, 272, 0, 272, 0, 0, 0
1948, 1, 1636416506490, 1636416506762, 272, 1, 271, 0, 1, 1
1947, 1, 1636416506490, 1636416506762, 272, 1, 271, 1, 0, 1
1949, 1, 1636416506810, 1636416507078, 268, 0, 268, 0, 0, 0
1950, 1, 1636416507030, 1636416507294, 264, 0, 264, 0, 0, 0
1951, 1, 1636416507210, 1636416507482, 272, 0, 272, 0, 0, 0
1953, 1, 1636416507482, 1636416507750, 268, 1, 267, 0, 1, 1
1952, 1, 1636416507482, 1636416507750, 268, 1, 267, 0, 1, 1
1954, 1, 1636416507818, 1636416508086, 268, 0, 268, 0, 0, 0
1955, 1, 1636416508002, 1636416508266, 264, 0, 264, 0, 0, 0
1956, 1, 1636416508186, 1636416508454, 268, 1, 267, 0, 1, 1
1957, 1, 1636416508454, 1636416508722, 268, 1, 267, 0, 1, 1
1958, 1, 1636416508470, 1636416508738, 268, 0, 268, 0, 0, 0
1959, 1, 1636416508806, 1636416509074, 268, 0, 268, 0, 0, 0
1960, 1, 1636416508970, 1636416509238, 268, 0, 268, 0, 0, 0
1961, 1, 1636416509158, 1636416509422, 264, 0, 264, 0, 0, 0
1962, 1, 1636416509438, 1636416509706, 268, 0, 268, 0, 0, 0
1963, 1, 1636416509458, 1636416509730, 272, 1, 271, 0, 0, 0
1964, 1, 1636416509794, 1636416510062, 268, 0, 268, 0, 0, 0
1965, 1, 1636416509974, 1636416510246, 272, 0, 272, 0, 0, 0
1966, 1, 1636416510126, 1636416510394, 268, 0, 268, 0, 0, 0
1967, 1, 1636416510430, 1636416510698, 268, 0, 268, 0, 0, 0
1968, 1, 1636416510438, 1636416510702, 264, 0, 264, 0, 0, 0
1969, 1, 1636416510762, 1636416511030, 268, 0, 268, 0, 0, 0
1970, 1, 1636416510942, 1636416511210, 268, 0, 268, 0, 0, 0
1971, 1, 1636416511122, 1636416511386, 264, 1, 263, 0, 1, 1
1972, 1, 1636416511414, 1636416511686, 272, 0, 272, 0, 0, 0
1973, 1, 1636416511434, 1636416511702, 268, 0, 268, 0, 0, 0
1974, 1, 1636416511770, 1636416512038, 268, 0, 268, 0, 0, 0
1975, 1, 1636416511982, 1636416512250, 268, 1, 267, 0, 0, 0
1976, 1, 1636416512098, 1636416512370, 272, 0, 272, 0, 0, 0
1977, 1, 1636416512410, 1636416512678, 268, 1, 267, 0, 0, 0
1978, 1, 1636416512426, 1636416512694, 268, 0, 268, 0, 0, 0
1979, 1, 1636416512738, 1636416513006, 268, 0, 268, 0, 0, 0
1980, 1, 1636416512954, 1636416513226, 272, 1, 271, 0, 0, 0
1981, 1, 1636416513106, 1636416513374, 268, 0, 268, 0, 0, 0
1982, 1, 1636416513394, 1636416513662, 268, 0, 268, 0, 0, 0
1983, 1, 1636416513410, 1636416513674, 264, 0, 264, 0, 0, 0
1984, 1, 1636416513770, 1636416514038, 268, 1, 267, 0, 1, 1
1985, 1, 1636416513950, 1636416514218, 268, 0, 268, 0, 0, 0
1986, 1, 1636416514078, 1636416514342, 264, 1, 263, 0, 0, 0
1987, 1, 1636416514386, 1636416514654, 268, 0, 268, 0, 0, 0
1988, 1, 1636416514418, 1636416514686, 268, 0, 268, 0, 0, 0
1989, 1, 1636416514762, 1636416515026, 264, 0, 264, 0, 0, 0
1990, 1, 1636416514950, 1636416515218, 268, 1, 267, 0, 0, 0
1991, 1, 1636416515070, 1636416515334, 264, 0, 264, 0, 0, 0
1992, 1, 1636416515394, 1636416515662, 268, 0, 268, 0, 0, 0
1993, 1, 1636416515435, 1636416515702, 267, 0, 267, 0, 0, 0
1994, 1, 1636416515754, 1636416516022, 268, 0, 268, 0, 0, 0
1995, 1, 1636416515962, 1636416516230, 268, 0, 268, 0, 0, 0
1996, 1, 1636416516074, 1636416516342, 268, 0, 268, 0, 0, 0
1997, 1, 1636416516398, 1636416516662, 264, 0, 264, 0, 0, 0
1998, 1, 1636416516446, 1636416516714, 268, 0, 268, 0, 0, 0
1999, 1, 1636416516758, 1636416517030, 272, 1, 271, 0, 0, 0
2000, 1, 1636416516978, 1636416517246, 268, 1, 267, 0, 0, 0
2001, 1, 1636416517090, 1636416517354, 264, 0, 264, 0, 0, 0
2002, 1, 1636416517414, 1636416517686, 272, 0, 272, 0, 0, 0
2003, 1, 1636416517422, 1636416517690, 268, 0, 268, 0, 0, 0
2004, 1, 1636416517762, 1636416518030, 268, 0, 268, 0, 0, 0
2005, 1, 1636416517946, 1636416518214, 268, 1, 267, 0, 1, 1
2006, 1, 1636416518098, 1636416518366, 268, 0, 268, 0, 0, 0
2007, 1, 1636416518386, 1636416518654, 268, 1, 267, 0, 0, 0
2008, 1, 1636416518394, 1636416518666, 272, 0, 272, 0, 0, 0
2009, 1, 1636416518782, 1636416519046, 264, 1, 263, 1, 0, 1
2010, 1, 1636416518922, 1636416519190, 268, 0, 268, 0, 0, 0
2011, 1, 1636416519070, 1636416519338, 268, 1, 267, 0, 0, 0
2012, 1, 1636416519370, 1636416519638, 268, 1, 267, 0, 0, 0
2013, 1, 1636416519410, 1636416519682, 272, 1, 271, 0, 0, 0
2014, 1, 1636416519750, 1636416520018, 268, 0, 268, 0, 0, 0
2015, 1, 1636416519930, 1636416520202, 272, 0, 272, 0, 0, 0
2016, 1, 1636416520046, 1636416520310, 264, 0, 264, 0, 0, 0
2017, 1, 1636416520366, 1636416520638, 272, 0, 272, 0, 0, 0
2018, 1, 1636416520418, 1636416520686, 268, 0, 268, 0, 0, 0
2019, 1, 1636416520730, 1636416520998, 268, 0, 268, 0, 0, 0
2020, 1, 1636416520970, 1636416521238, 268, 1, 267, 0, 0, 0
2021, 1, 1636416521062, 1636416521330, 268, 1, 267, 0, 1, 1
2023, 1, 1636416521398, 1636416521662, 264, 0, 264, 0, 0, 0
2022, 1, 1636416521394, 1636416521662, 268, 0, 268, 0, 0, 0
2024, 1, 1636416521742, 1636416522010, 268, 0, 268, 0, 0, 0
2025, 1, 1636416521946, 1636416522218, 272, 0, 272, 0, 0, 0
2026, 1, 1636416522094, 1636416522358, 264, 1, 263, 0, 1, 1
2027, 1, 1636416522382, 1636416522646, 264, 0, 264, 0, 0, 0
2028, 1, 1636416522430, 1636416522698, 268, 0, 268, 0, 0, 0
2029, 1, 1636416522778, 1636416523046, 268, 0, 268, 0, 0, 0
2030, 1, 1636416522982, 1636416523250, 268, 1, 267, 1, 0, 1
2031, 1, 1636416523074, 1636416523338, 264, 0, 264, 0, 0, 0
2032, 1, 1636416523422, 1636416523694, 272, 1, 271, 0, 1, 1
2033, 1, 1636416523442, 1636416523710, 268, 0, 268, 0, 0, 0
2034, 1, 1636416523758, 1636416524030, 272, 0, 272, 0, 0, 0
2035, 1, 1636416523994, 1636416524262, 268, 1, 267, 0, 1, 1
2036, 1, 1636416524106, 1636416524374, 268, 0, 268, 0, 0, 0
2037, 1, 1636416524414, 1636416524682, 268, 0, 268, 0, 0, 0
2038, 1, 1636416524438, 1636416524706, 268, 1, 267, 0, 0, 0
2039, 1, 1636416524770, 1636416525038, 268, 0, 268, 0, 0, 0
2040, 1, 1636416524990, 1636416525258, 268, 1, 267, 1, 0, 1
2041, 1, 1636416525118, 1636416525394, 276, 0, 276, 0, 0, 0
2042, 1, 1636416525418, 1636416525686, 268, 0, 268, 0, 0, 0
2043, 1, 1636416525426, 1636416525690, 264, 0, 264, 0, 0, 0
2044, 1, 1636416525786, 1636416526054, 268, 1, 267, 0, 0, 0
2045, 1, 1636416525974, 1636416526242, 268, 1, 267, 1, 0, 1
2046, 1, 1636416526118, 1636416526386, 268, 0, 268, 0, 0, 0
2047, 1, 1636416526386, 1636416526654, 268, 1, 267, 0, 1, 1
2048, 1, 1636416526450, 1636416526718, 268, 0, 268, 0, 0, 0
2049, 1, 1636416526778, 1636416527047, 269, 0, 269, 0, 0, 0
2050, 1, 1636416527006, 1636416527278, 272, 0, 272, 0, 0, 0
2051, 1, 1636416527094, 1636416527362, 268, 1, 267, 0, 0, 0
2052, 1, 1636416527382, 1636416527650, 268, 0, 268, 0, 0, 0
2053, 1, 1636416527654, 1636416527918, 264, 0, 264, 0, 0, 0
2054, 1, 1636416527762, 1636416528031, 269, 1, 268, 0, 0, 0
2055, 1, 1636416528030, 1636416528298, 268, 1, 267, 0, 0, 0
2056, 1, 1636416528298, 1636416528566, 268, 0, 268, 0, 0, 0
2058, 1, 1636416528494, 1636416528762, 268, 0, 268, 0, 0, 0
2057, 1, 1636416528574, 1636416528842, 268, 0, 268, 0, 0, 0
2059, 1, 1636416528850, 1636416529118, 268, 0, 268, 0, 0, 0
2060, 1, 1636416529058, 1636416529326, 268, 1, 267, 0, 0, 0
2061, 1, 1636416529126, 1636416529394, 268, 0, 268, 0, 0, 0
2062, 1, 1636416529430, 1636416529706, 276, 1, 275, 0, 0, 0
2063, 1, 1636416529462, 1636416529730, 268, 0, 268, 0, 0, 0
2064, 1, 1636416529774, 1636416530046, 272, 0, 272, 0, 0, 0
2065, 1, 1636416530030, 1636416530298, 268, 0, 268, 0, 0, 0
2066, 1, 1636416530118, 1636416530386, 268, 0, 268, 0, 0, 0
2067, 1, 1636416530402, 1636416530670, 268, 0, 268, 0, 0, 0
2068, 1, 1636416530494, 1636416530762, 268, 1, 267, 0, 0, 0
2069, 1, 1636416530806, 1636416531074, 268, 0, 268, 0, 0, 0
2070, 1, 1636416531054, 1636416531322, 268, 0, 268, 0, 0, 0
2071, 1, 1636416531106, 1636416531374, 268, 0, 268, 0, 0, 0
2072, 1, 1636416531426, 1636416531694, 268, 1, 267, 0, 0, 0
2073, 1, 1636416531486, 1636416531754, 268, 0, 268, 0, 0, 0
2074, 1, 1636416531790, 1636416532058, 268, 1, 267, 0, 1, 1
2075, 1, 1636416532094, 1636416532362, 268, 1, 267, 0, 0, 0
2076, 1, 1636416532122, 1636416532390, 268, 0, 268, 0, 0, 0
2077, 1, 1636416532462, 1636416532734, 272, 0, 272, 0, 0, 0
2078, 1, 1636416532514, 1636416532782, 268, 0, 268, 0, 0, 0
2079, 1, 1636416532814, 1636416533082, 268, 0, 268, 0, 0, 0
2080, 1, 1636416533110, 1636416533379, 269, 1, 268, 0, 0, 0
2081, 1, 1636416533162, 1636416533426, 264, 0, 264, 0, 0, 0
2084, 1, 1636416533814, 1636416534082, 268, 1, 267, 0, 1, 1
2088, 1, 1636416543794, 1636416544062, 268, 1, 267, 1, 0, 1
2091, 1, 1636416544490, 1636416544763, 273, 1, 272, 0, 0, 0
2093, 1, 1636416545138, 1636416545406, 268, 1, 267, 1, 0, 1
2096, 1, 1636416554106, 1636416554370, 264, 1, 263, 0, 1, 1
2097, 1, 1636416554790, 1636416555058, 268, 1, 267, 0, 0, 0
2099, 1, 1636416555014, 1636416555286, 272, 1, 271, 0, 0, 0
2098, 1, 1636416555062, 1636416555326, 264, 0, 264, 0, 0, 0
2095, 1, 1636416555398, 1636416555663, 265, 0, 265, 0, 0, 0
2101, 1, 1636416555662, 1636416555934, 272, 1, 271, 1, 0, 1
2100, 1, 1636416555702, 1636416555970, 268, 1, 267, 0, 1, 1
2102, 1, 1636416555934, 1636416556198, 264, 1, 263, 1, 0, 1
2104, 1, 1636416556042, 1636416556310, 268, 0, 268, 0, 0, 0
2103, 1, 1636416556062, 1636416556330, 268, 1, 267, 0, 1, 1
2105, 1, 1636416556610, 1636416556882, 272, 1, 271, 1, 0, 1
2106, 1, 1636416556694, 1636416556962, 268, 0, 268, 0, 0, 0
2107, 1, 1636416556970, 1636416557234, 264, 0, 264, 0, 0, 0
2108, 1, 1636416557018, 1636416557282, 264, 0, 264, 0, 0, 0
2109, 1, 1636416557034, 1636416557302, 268, 0, 268, 0, 0, 0
2110, 1, 1636416557638, 1636416557902, 264, 1, 263, 0, 1, 1
2111, 1, 1636416557662, 1636416557934, 272, 1, 271, 0, 0, 0
2112, 1, 1636416557938, 1636416558202, 264, 0, 264, 0, 0, 0
2113, 1, 1636416558002, 1636416558266, 264, 0, 264, 0, 0, 0
2114, 1, 1636416558026, 1636416558290, 264, 0, 264, 0, 0, 0
2115, 1, 1636416558614, 1636416558882, 268, 1, 267, 0, 0, 0
2116, 1, 1636416558646, 1636416558910, 264, 0, 264, 0, 0, 0
2117, 1, 1636416558910, 1636416559174, 264, 1, 263, 0, 0, 0
2118, 1, 1636416558982, 1636416559250, 268, 0, 268, 0, 0, 0
2119, 1, 1636416559042, 1636416559310, 268, 0, 268, 0, 0, 0
2120, 1, 1636416559590, 1636416559858, 268, 1, 267, 0, 0, 0
2121, 1, 1636416559650, 1636416559918, 268, 0, 268, 0, 0, 0
2122, 1, 1636416559930, 1636416560194, 264, 0, 264, 0, 0, 0
2123, 1, 1636416559958, 1636416560222, 264, 0, 264, 0, 0, 0
2124, 1, 1636416560002, 1636416560266, 264, 0, 264, 0, 0, 0
2125, 1, 1636416560606, 1636416560874, 268, 0, 268, 0, 0, 0
2126, 1, 1636416560618, 1636416560882, 264, 1, 263, 0, 0, 0
2127, 1, 1636416560894, 1636416561158, 264, 0, 264, 0, 0, 0
2128, 1, 1636416560958, 1636416561226, 268, 0, 268, 0, 0, 0
2129, 1, 1636416561042, 1636416561310, 268, 0, 268, 0, 0, 0
2130, 1, 1636416561566, 1636416561834, 268, 0, 268, 0, 0, 0
2131, 1, 1636416561638, 1636416561906, 268, 0, 268, 0, 0, 0
2132, 1, 1636416561910, 1636416562182, 272, 0, 272, 0, 0, 0
2133, 1, 1636416561930, 1636416562198, 268, 0, 268, 0, 0, 0
2134, 1, 1636416562070, 1636416562334, 264, 0, 264, 0, 0, 0
2135, 1, 1636416562594, 1636416562866, 272, 1, 271, 1, 0, 1
2136, 1, 1636416562662, 1636416562930, 268, 1, 267, 0, 1, 1
2137, 1, 1636416562938, 1636416563206, 268, 0, 268, 0, 0, 0
2138, 1, 1636416562958, 1636416563226, 268, 1, 267, 0, 1, 1
2139, 1, 1636416563054, 1636416563326, 272, 1, 271, 0, 1, 1
2140, 1, 1636416563598, 1636416563862, 264, 1, 263, 1, 0, 1
2141, 1, 1636416563654, 1636416563918, 264, 0, 264, 0, 0, 0
2142, 1, 1636416563922, 1636416564187, 265, 0, 265, 0, 0, 0
2143, 1, 1636416563982, 1636416564250, 268, 0, 268, 0, 0, 0
2144, 1, 1636416564082, 1636416564354, 272, 1, 271, 0, 1, 1
2145, 1, 1636416564590, 1636416564862, 272, 1, 271, 0, 1, 1
2146, 1, 1636416564682, 1636416564950, 268, 0, 268, 0, 0, 0
2147, 1, 1636416564962, 1636416565230, 268, 0, 268, 0, 0, 0
2148, 1, 1636416564970, 1636416565242, 272, 0, 272, 0, 0, 0
2149, 1, 1636416565090, 1636416565362, 272, 1, 271, 0, 0, 0
2150, 1, 1636416565618, 1636416565886, 268, 1, 267, 0, 1, 1
2151, 1, 1636416565694, 1636416565962, 268, 0, 268, 0, 0, 0
2152, 1, 1636416565974, 1636416566238, 264, 0, 264, 0, 0, 0
2153, 1, 1636416566002, 1636416566266, 264, 1, 263, 0, 0, 0
2154, 1, 1636416566078, 1636416566346, 268, 0, 268, 0, 0, 0
2155, 1, 1636416566626, 1636416566894, 268, 0, 268, 0, 0, 0
2156, 1, 1636416566658, 1636416566922, 264, 0, 264, 0, 0, 0
2157, 1, 1636416566958, 1636416567222, 264, 0, 264, 0, 0, 0
2158, 1, 1636416567010, 1636416567274, 264, 0, 264, 0, 0, 0
2159, 1, 1636416567094, 1636416567362, 268, 1, 267, 0, 0, 0
2160, 1, 1636416567598, 1636416567870, 272, 1, 271, 1, 0, 1
2161, 1, 1636416567670, 1636416567938, 268, 1, 267, 0, 0, 0
2162, 1, 1636416567970, 1636416568238, 268, 0, 268, 0, 0, 0
2163, 1, 1636416567998, 1636416568266, 268, 0, 268, 0, 0, 0
2164, 1, 1636416568070, 1636416568338, 268, 1, 267, 0, 1, 1
2165, 1, 1636416568598, 1636416568866, 268, 0, 268, 0, 0, 0
2166, 1, 1636416568646, 1636416568918, 272, 0, 272, 0, 0, 0
2167, 1, 1636416568946, 1636416569210, 264, 1, 263, 0, 0, 0
2168, 1, 1636416569006, 1636416569274, 268, 0, 268, 0, 0, 0
2169, 1, 1636416569086, 1636416569354, 268, 1, 267, 0, 1, 1
2170, 1, 1636416569582, 1636416569850, 268, 1, 267, 0, 1, 1
2171, 1, 1636416569650, 1636416569918, 268, 0, 268, 0, 0, 0
2172, 1, 1636416569962, 1636416570226, 264, 0, 264, 0, 0, 0
2173, 1, 1636416569982, 1636416570250, 268, 0, 268, 0, 0, 0
2174, 1, 1636416570086, 1636416570354, 268, 1, 267, 1, 0, 1
2175, 1, 1636416570586, 1636416570854, 268, 0, 268, 0, 0, 0
2176, 1, 1636416570654, 1636416570922, 268, 0, 268, 0, 0, 0
2177, 1, 1636416570966, 1636416571238, 272, 0, 272, 0, 0, 0
2178, 1, 1636416571002, 1636416571270, 268, 0, 268, 0, 0, 0
2179, 1, 1636416571278, 1636416571550, 272, 0, 272, 0, 0, 0
2180, 1, 1636416571598, 1636416571862, 264, 0, 264, 0, 0, 0
2181, 1, 1636416571622, 1636416571890, 268, 0, 268, 0, 0, 0
2182, 1, 1636416571935, 1636416572202, 267, 0, 267, 0, 0, 0
2183, 1, 1636416572006, 1636416572274, 268, 1, 267, 0, 1, 1
2184, 1, 1636416572082, 1636416572350, 268, 0, 268, 0, 0, 0
2185, 1, 1636416572570, 1636416572838, 268, 0, 268, 0, 0, 0
2186, 1, 1636416572630, 1636416572902, 272, 0, 272, 0, 0, 0
2187, 1, 1636416572942, 1636416573206, 264, 1, 263, 0, 1, 1
2188, 1, 1636416572982, 1636416573246, 264, 0, 264, 0, 0, 0
2189, 1, 1636416573090, 1636416573358, 268, 1, 267, 1, 0, 1
2190, 1, 1636416573582, 1636416573854, 272, 0, 272, 0, 0, 0
2191, 1, 1636416573646, 1636416573914, 268, 0, 268, 0, 0, 0
2192, 1, 1636416573978, 1636416574246, 268, 0, 268, 0, 0, 0
2193, 1, 1636416573990, 1636416574258, 268, 0, 268, 0, 0, 0
2194, 1, 1636416574094, 1636416574362, 268, 1, 267, 0, 0, 0
2195, 1, 1636416574590, 1636416574858, 268, 0, 268, 0, 0, 0
2196, 1, 1636416574646, 1636416574910, 264, 0, 264, 0, 0, 0
2197, 1, 1636416574978, 1636416575250, 272, 0, 272, 0, 0, 0
2198, 1, 1636416575006, 1636416575274, 268, 0, 268, 0, 0, 0
2199, 1, 1636416575066, 1636416575334, 268, 0, 268, 0, 0, 0
2200, 1, 1636416575590, 1636416575862, 272, 0, 272, 0, 0, 0
2201, 1, 1636416575630, 1636416575906, 276, 0, 276, 0, 0, 0
2202, 1, 1636416575958, 1636416576226, 268, 0, 268, 0, 0, 0
2203, 1, 1636416575982, 1636416576250, 268, 0, 268, 0, 0, 0
2204, 1, 1636416576094, 1636416576362, 268, 1, 267, 0, 1, 1
2205, 1, 1636416576578, 1636416576846, 268, 0, 268, 0, 0, 0
2206, 1, 1636416576642, 1636416576910, 268, 0, 268, 0, 0, 0
2207, 1, 1636416576962, 1636416577230, 268, 0, 268, 0, 0, 0
2208, 1, 1636416576982, 1636416577250, 268, 0, 268, 0, 0, 0
2209, 1, 1636416577086, 1636416577354, 268, 1, 267, 1, 0, 1
2210, 1, 1636416577586, 1636416577850, 264, 0, 264, 0, 0, 0
2211, 1, 1636416577626, 1636416577894, 268, 1, 267, 1, 0, 1
2212, 1, 1636416577974, 1636416578242, 268, 0, 268, 0, 0, 0
2213, 1, 1636416577986, 1636416578250, 264, 0, 264, 0, 0, 0
2214, 1, 1636416578106, 1636416578374, 268, 0, 268, 0, 0, 0
2215, 1, 1636416578582, 1636416578850, 268, 0, 268, 0, 0, 0
2216, 1, 1636416578658, 1636416578926, 268, 1, 267, 0, 1, 1
2217, 1, 1636416578978, 1636416579246, 268, 0, 268, 0, 0, 0
2218, 1, 1636416578998, 1636416579266, 268, 0, 268, 0, 0, 0
2219, 1, 1636416579094, 1636416579362, 268, 1, 267, 1, 0, 1
2220, 1, 1636416579602, 1636416579870, 268, 0, 268, 0, 0, 0
2221, 1, 1636416579642, 1636416579910, 268, 0, 268, 0, 0, 0
2222, 1, 1636416579982, 1636416580250, 268, 0, 268, 0, 0, 0
2223, 1, 1636416580002, 1636416580274, 272, 0, 272, 0, 0, 0
2224, 1, 1636416580106, 1636416580374, 268, 0, 268, 0, 0, 0
2225, 1, 1636416580590, 1636416580858, 268, 1, 267, 0, 1, 1
2226, 1, 1636416580654, 1636416580922, 268, 0, 268, 0, 0, 0
2227, 1, 1636416580990, 1636416581262, 272, 1, 271, 0, 1, 1
2228, 1, 1636416580998, 1636416581266, 268, 0, 268, 0, 0, 0
2229, 1, 1636416581138, 1636416581406, 268, 1, 267, 0, 1, 1
2230, 1, 1636416581606, 1636416581874, 268, 0, 268, 0, 0, 0
2231, 1, 1636416581686, 1636416581954, 268, 1, 267, 0, 1, 1
2232, 1, 1636416582006, 1636416582274, 268, 0, 268, 0, 0, 0
2233, 1, 1636416582030, 1636416582298, 268, 1, 267, 0, 1, 1
2234, 1, 1636416582126, 1636416582394, 268, 1, 267, 0, 0, 0
2235, 1, 1636416582606, 1636416582874, 268, 0, 268, 0, 0, 0
2236, 1, 1636416582658, 1636416582922, 264, 0, 264, 0, 0, 0
2237, 1, 1636416583010, 1636416583274, 264, 0, 264, 0, 0, 0
2238, 1, 1636416583014, 1636416583278, 264, 1, 263, 0, 0, 0
2239, 1, 1636416583110, 1636416583378, 268, 1, 267, 0, 0, 0
2240, 1, 1636416583578, 1636416583846, 268, 0, 268, 0, 0, 0
2241, 1, 1636416583646, 1636416583910, 264, 0, 264, 0, 0, 0
2242, 1, 1636416583998, 1636416584270, 272, 1, 271, 0, 0, 0
2243, 1, 1636416584006, 1636416584274, 268, 1, 267, 0, 0, 0
2244, 1, 1636416584114, 1636416584382, 268, 1, 267, 1, 0, 1
2245, 1, 1636416584566, 1636416584830, 264, 1, 263, 0, 0, 0
2246, 1, 1636416584642, 1636416584906, 264, 0, 264, 0, 0, 0
2247, 1, 1636416584986, 1636416585254, 268, 0, 268, 0, 0, 0
2248, 1, 1636416585038, 1636416585302, 264, 0, 264, 0, 0, 0
2249, 1, 1636416585262, 1636416585530, 268, 0, 268, 0, 0, 0
2250, 1, 1636416585566, 1636416585834, 268, 1, 267, 0, 0, 0
2251, 1, 1636416585615, 1636416585882, 267, 0, 267, 0, 0, 0
2252, 1, 1636416586010, 1636416586278, 268, 0, 268, 0, 0, 0
2253, 1, 1636416586014, 1636416586282, 268, 0, 268, 0, 0, 0
2254, 1, 1636416586130, 1636416586398, 268, 1, 267, 1, 0, 1
2255, 1, 1636416586542, 1636416586810, 268, 1, 267, 1, 0, 1
2256, 1, 1636416586622, 1636416586890, 268, 0, 268, 0, 0, 0
2258, 1, 1636416587014, 1636416587282, 268, 1, 267, 0, 0, 0
2257, 1, 1636416587014, 1636416587282, 268, 1, 267, 1, 0, 1
2259, 1, 1636416587126, 1636416587402, 276, 1, 275, 0, 1, 1
2260, 1, 1636416587566, 1636416587834, 268, 1, 267, 0, 1, 1
2261, 1, 1636416587622, 1636416587890, 268, 0, 268, 0, 0, 0
2262, 1, 1636416588010, 1636416588278, 268, 1, 267, 0, 1, 1
2263, 1, 1636416588038, 1636416588306, 268, 0, 268, 0, 0, 0
2264, 1, 1636416588158, 1636416588426, 268, 1, 267, 0, 0, 0
2265, 1, 1636416588562, 1636416588834, 272, 1, 271, 0, 0, 0
2266, 1, 1636416588646, 1636416588915, 269, 0, 269, 0, 0, 0
2267, 1, 1636416589034, 1636416589302, 268, 1, 267, 1, 0, 1
2268, 1, 1636416589034, 1636416589306, 272, 1, 271, 0, 0, 0
2269, 1, 1636416589190, 1636416589458, 268, 1, 267, 0, 0, 0
2270, 1, 1636416589586, 1636416589854, 268, 0, 268, 0, 0, 0
2271, 1, 1636416589678, 1636416589946, 268, 0, 268, 0, 0, 0
2272, 1, 1636416590042, 1636416590310, 268, 0, 268, 0, 0, 0
2273, 1, 1636416590066, 1636416590334, 268, 1, 267, 0, 0, 0
2274, 1, 1636416590162, 1636416590426, 264, 0, 264, 0, 0, 0
2275, 1, 1636416590622, 1636416590890, 268, 0, 268, 0, 0, 0
2276, 1, 1636416590658, 1636416590926, 268, 0, 268, 0, 0, 0
2277, 1, 1636416591058, 1636416591326, 268, 1, 267, 0, 0, 0
2278, 1, 1636416591082, 1636416591350, 268, 1, 267, 0, 1, 1
2279, 1, 1636416591142, 1636416591410, 268, 0, 268, 0, 0, 0
2280, 1, 1636416591602, 1636416591866, 264, 1, 263, 0, 1, 1
2281, 1, 1636416591630, 1636416591898, 268, 1, 267, 0, 0, 0
2282, 1, 1636416592034, 1636416592302, 268, 1, 267, 0, 0, 0
2283, 1, 1636416592062, 1636416592334, 272, 1, 271, 0, 0, 0
2284, 1, 1636416592118, 1636416592386, 268, 0, 268, 0, 0, 0
2285, 1, 1636416592578, 1636416592846, 268, 0, 268, 0, 0, 0
2286, 1, 1636416592598, 1636416592866, 268, 1, 267, 0, 1, 1
2287, 1, 1636416593010, 1636416593274, 264, 0, 264, 0, 0, 0
2288, 1, 1636416593038, 1636416593302, 264, 0, 264, 0, 0, 0
2289, 1, 1636416593142, 1636416593410, 268, 0, 268, 0, 0, 0
2290, 1, 1636416593554, 1636416593822, 268, 0, 268, 0, 0, 0
2291, 1, 1636416593638, 1636416593906, 268, 1, 267, 0, 1, 1
2292, 1, 1636416594010, 1636416594274, 264, 0, 264, 0, 0, 0
2293, 1, 1636416594038, 1636416594302, 264, 0, 264, 0, 0, 0
2294, 1, 1636416594138, 1636416594402, 264, 1, 263, 0, 0, 0
2295, 1, 1636416594566, 1636416594834, 268, 0, 268, 0, 0, 0
2296, 1, 1636416594602, 1636416594870, 268, 0, 268, 0, 0, 0
2297, 1, 1636416595038, 1636416595306, 268, 0, 268, 0, 0, 0
2298, 1, 1636416595046, 1636416595314, 268, 0, 268, 0, 0, 0
2299, 1, 1636416595562, 1636416595830, 268, 1, 267, 0, 0, 0
2300, 1, 1636416596006, 1636416596274, 268, 1, 267, 0, 0, 0
2301, 1, 1636416740838, 1636416741107, 269, 1, 268, 0, 1, 1
2302, 1, 1636416741450, 1636416741718, 268, 1, 267, 0, 0, 0
2303, 1, 1636416741654, 1636416741922, 268, 0, 268, 0, 0, 0
2304, 1, 1636416741842, 1636416742110, 268, 1, 267, 0, 0, 0
2305, 1, 1636416742278, 1636416742542, 264, 0, 264, 0, 0, 0
2306, 1, 1636416742486, 1636416742754, 268, 0, 268, 0, 0, 0
2307, 1, 1636416742498, 1636416742766, 268, 0, 268, 0, 0, 0
2308, 1, 1636416742674, 1636416742942, 268, 0, 268, 0, 0, 0
2309, 1, 1636416742990, 1636416743254, 264, 0, 264, 0, 0, 0
2310, 1, 1636416743098, 1636416743366, 268, 0, 268, 0, 0, 0
2311, 1, 1636416743314, 1636416743582, 268, 0, 268, 0, 0, 0
2312, 1, 1636416743334, 1636416743606, 272, 0, 272, 0, 0, 0
2313, 1, 1636416743502, 1636416743770, 268, 1, 267, 0, 0, 0
2314, 1, 1636416743814, 1636416744086, 272, 0, 272, 0, 0, 0
2315, 1, 1636416743938, 1636416744206, 268, 0, 268, 0, 0, 0
2316, 1, 1636416744158, 1636416744422, 264, 0, 264, 0, 0, 0
2317, 1, 1636416744162, 1636416744426, 264, 1, 263, 1, 0, 1
2318, 1, 1636416744338, 1636416744606, 268, 0, 268, 0, 0, 0
2319, 1, 1636416744646, 1636416744918, 272, 0, 272, 0, 0, 0
2320, 1, 1636416744778, 1636416745046, 268, 0, 268, 0, 0, 0
2322, 1, 1636416744994, 1636416745262, 268, 0, 268, 0, 0, 0
2321, 1, 1636416745046, 1636416745310, 264, 1, 263, 1, 0, 1
2323, 1, 1636416745314, 1636416745578, 264, 0, 264, 0, 0, 0
2324, 1, 1636416745478, 1636416745746, 268, 1, 267, 0, 0, 0
2325, 1, 1636416745614, 1636416745878, 264, 1, 263, 0, 1, 1
2326, 1, 1636416745822, 1636416746090, 268, 0, 268, 0, 0, 0
2327, 1, 1636416745878, 1636416746142, 264, 1, 263, 1, 0, 1
2328, 1, 1636416746146, 1636416746414, 268, 0, 268, 0, 0, 0
2329, 1, 1636416746422, 1636416746690, 268, 0, 268, 0, 0, 0
2330, 1, 1636416746458, 1636416746727, 269, 0, 269, 0, 0, 0
2332, 1, 1636416746682, 1636416746954, 272, 1, 271, 0, 0, 0
2331, 1, 1636416746694, 1636416746958, 264, 0, 264, 0, 0, 0
2333, 1, 1636416746838, 1636416747102, 264, 1, 263, 0, 0, 0
2334, 1, 1636416747154, 1636416747418, 264, 0, 264, 0, 0, 0
2335, 1, 1636416747306, 1636416747578, 272, 0, 272, 0, 0, 0
2337, 1, 1636416747502, 1636416747770, 268, 1, 267, 0, 1, 1
2336, 1, 1636416747502, 1636416747770, 268, 1, 267, 0, 1, 1
2338, 1, 1636416747682, 1636416747950, 268, 0, 268, 0, 0, 0
2339, 1, 1636416747998, 1636416748266, 268, 0, 268, 0, 0, 0
2340, 1, 1636416748154, 1636416748422, 268, 1, 267, 1, 0, 1
2341, 1, 1636416748350, 1636416748614, 264, 0, 264, 0, 0, 0
2342, 1, 1636416748358, 1636416748622, 264, 0, 264, 0, 0, 0
2343, 1, 1636416748534, 1636416748802, 268, 0, 268, 0, 0, 0
2344, 1, 1636416748846, 1636416749114, 268, 0, 268, 0, 0, 0
2345, 1, 1636416749002, 1636416749266, 264, 1, 263, 0, 0, 0
2346, 1, 1636416749178, 1636416749442, 264, 0, 264, 0, 0, 0
2347, 1, 1636416749202, 1636416749466, 264, 1, 263, 0, 0, 0
2348, 1, 1636416749382, 1636416749650, 268, 1, 267, 0, 1, 1
2349, 1, 1636416749682, 1636416749950, 268, 1, 267, 0, 1, 1
2350, 1, 1636416749838, 1636416750106, 268, 0, 268, 0, 0, 0
2351, 1, 1636416750010, 1636416750278, 268, 0, 268, 0, 0, 0
2352, 1, 1636416750046, 1636416750310, 264, 0, 264, 0, 0, 0
2353, 1, 1636416750210, 1636416750478, 268, 0, 268, 0, 0, 0
2354, 1, 1636416750534, 1636416750802, 268, 0, 268, 0, 0, 0
2355, 1, 1636416750646, 1636416750910, 264, 0, 264, 0, 0, 0
2356, 1, 1636416750830, 1636416751098, 268, 0, 268, 0, 0, 0
2358, 1, 1636416751034, 1636416751302, 268, 1, 267, 0, 0, 0
2357, 1, 1636416751102, 1636416751370, 268, 0, 268, 0, 0, 0
2359, 1, 1636416751374, 1636416751642, 268, 0, 268, 0, 0, 0
2360, 1, 1636416751650, 1636416751918, 268, 0, 268, 0, 0, 0
2361, 1, 1636416751670, 1636416751938, 268, 0, 268, 0, 0, 0
2363, 1, 1636416751926, 1636416752194, 268, 0, 268, 0, 0, 0
2362, 1, 1636416751946, 1636416752210, 264, 0, 264, 0, 0, 0
2364, 1, 1636416752182, 1636416752458, 276, 0, 276, 0, 0, 0
2365, 1, 1636416752342, 1636416752606, 264, 1, 263, 0, 0, 0
2366, 1, 1636416752498, 1636416752762, 264, 0, 264, 0, 0, 0
2367, 1, 1636416752614, 1636416752878, 264, 1, 263, 0, 1, 1
2368, 1, 1636416752682, 1636416752946, 264, 0, 264, 0, 0, 0
2369, 1, 1636416753014, 1636416753282, 268, 1, 267, 0, 1, 1
2370, 1, 1636416753118, 1636416753386, 268, 0, 268, 0, 0, 0
2371, 1, 1636416753326, 1636416753590, 264, 1, 263, 0, 0, 0
2372, 1, 1636416753418, 1636416753686, 268, 0, 268, 0, 0, 0
2373, 1, 1636416753510, 1636416753774, 264, 0, 264, 0, 0, 0
2374, 1, 1636416753850, 1636416754118, 268, 0, 268, 0, 0, 0
2375, 1, 1636416753954, 1636416754222, 268, 0, 268, 0, 0, 0
2376, 1, 1636416754158, 1636416754426, 268, 1, 267, 0, 0, 0
2377, 1, 1636416754250, 1636416754514, 264, 0, 264, 0, 0, 0
2378, 1, 1636416754338, 1636416754606, 268, 1, 267, 0, 0, 0
2379, 1, 1636416754678, 1636416754946, 268, 0, 268, 0, 0, 0
2380, 1, 1636416754786, 1636416755050, 264, 0, 264, 0, 0, 0
2381, 1, 1636416754986, 1636416755250, 264, 1, 263, 0, 1, 1
2382, 1, 1636416755066, 1636416755330, 264, 1, 263, 0, 1, 1
2383, 1, 1636416755170, 1636416755438, 268, 0, 268, 0, 0, 0
2384, 1, 1636416755510, 1636416755778, 268, 0, 268, 0, 0, 0
2385, 1, 1636416755614, 1636416755882, 268, 1, 267, 0, 0, 0
2386, 1, 1636416755822, 1636416756090, 268, 0, 268, 0, 0, 0
2387, 1, 1636416755902, 1636416756166, 264, 0, 264, 0, 0, 0
2388, 1, 1636416756002, 1636416756274, 272, 0, 272, 0, 0, 0
2389, 1, 1636416756346, 1636416756610, 264, 0, 264, 0, 0, 0
2390, 1, 1636416756454, 1636416756718, 264, 1, 263, 0, 0, 0
2391, 1, 1636416756666, 1636416756938, 272, 0, 272, 0, 0, 0
2392, 1, 1636416756734, 1636416757006, 272, 1, 271, 0, 0, 0
2393, 1, 1636416756834, 1636416757102, 268, 0, 268, 0, 0, 0
2394, 1, 1636416757174, 1636416757442, 268, 1, 267, 0, 1, 1
2395, 1, 1636416757298, 1636416757566, 268, 0, 268, 0, 0, 0
2396, 1, 1636416757486, 1636416757754, 268, 0, 268, 0, 0, 0
2397, 1, 1636416757562, 1636416757826, 264, 0, 264, 0, 0, 0
2398, 1, 1636416757690, 1636416757958, 268, 1, 267, 0, 1, 1
2399, 1, 1636416758006, 1636416758274, 268, 1, 267, 0, 0, 0
2400, 1, 1636416758122, 1636416758394, 272, 0, 272, 0, 0, 0
2401, 1, 1636416758318, 1636416758586, 268, 0, 268, 0, 0, 0
2402, 1, 1636416758382, 1636416758650, 268, 0, 268, 0, 0, 0
2403, 1, 1636416758502, 1636416758766, 264, 1, 263, 0, 1, 1
2404, 1, 1636416758858, 1636416759131, 273, 0, 273, 0, 0, 0
2405, 1, 1636416758946, 1636416759214, 268, 0, 268, 0, 0, 0
2406, 1, 1636416759130, 1636416759394, 264, 1, 263, 0, 0, 0
2407, 1, 1636416759214, 1636416759478, 264, 1, 263, 0, 1, 1
2408, 1, 1636416759334, 1636416759606, 272, 1, 271, 0, 0, 0
2409, 1, 1636416759678, 1636416759950, 272, 0, 272, 0, 0, 0
2410, 1, 1636416759762, 1636416760030, 268, 0, 268, 0, 0, 0
2411, 1, 1636416759966, 1636416760234, 268, 0, 268, 0, 0, 0
2412, 1, 1636416760058, 1636416760322, 264, 0, 264, 0, 0, 0
2413, 1, 1636416760174, 1636416760442, 268, 1, 267, 0, 0, 0
2414, 1, 1636416760498, 1636416760766, 268, 0, 268, 0, 0, 0
2415, 1, 1636416760578, 1636416760846, 268, 0, 268, 0, 0, 0
2416, 1, 1636416760802, 1636416761074, 272, 1, 271, 0, 0, 0
2417, 1, 1636416760882, 1636416761150, 268, 1, 267, 1, 0, 1
2418, 1, 1636416760990, 1636416761258, 268, 1, 267, 0, 0, 0
2419, 1, 1636416761338, 1636416761610, 272, 1, 271, 0, 0, 0
2420, 1, 1636416761418, 1636416761686, 268, 1, 267, 0, 1, 1
2421, 1, 1636416761650, 1636416761914, 264, 0, 264, 0, 0, 0
2422, 1, 1636416761698, 1636416761962, 264, 0, 264, 0, 0, 0
2423, 1, 1636416761822, 1636416762090, 268, 0, 268, 0, 0, 0
2424, 1, 1636416762162, 1636416762434, 272, 1, 271, 0, 1, 1
2425, 1, 1636416762274, 1636416762542, 268, 0, 268, 0, 0, 0
2426, 1, 1636416762478, 1636416762747, 269, 0, 269, 0, 0, 0
2427, 1, 1636416762546, 1636416762810, 264, 0, 264, 0, 0, 0
2428, 1, 1636416762674, 1636416762942, 268, 0, 268, 0, 0, 0
2429, 1, 1636416762994, 1636416763258, 264, 1, 263, 0, 0, 0
2430, 1, 1636416763090, 1636416763354, 264, 1, 263, 0, 0, 0
2431, 1, 1636416763306, 1636416763574, 268, 0, 268, 0, 0, 0
2432, 1, 1636416763398, 1636416763666, 268, 1, 267, 0, 0, 0
2433, 1, 1636416763490, 1636416763754, 264, 0, 264, 0, 0, 0
2434, 1, 1636416763846, 1636416764118, 272, 1, 271, 0, 0, 0
2435, 1, 1636416763918, 1636416764182, 264, 0, 264, 0, 0, 0
2436, 1, 1636416764150, 1636416764414, 264, 1, 263, 0, 1, 1
2437, 1, 1636416764206, 1636416764474, 268, 0, 268, 0, 0, 0
2438, 1, 1636416764322, 1636416764590, 268, 0, 268, 0, 0, 0
2439, 1, 1636416764674, 1636416764938, 264, 1, 263, 0, 1, 1
2440, 1, 1636416764774, 1636416765050, 276, 1, 275, 1, 0, 1
2441, 1, 1636416764998, 1636416765270, 272, 0, 272, 0, 0, 0
2442, 1, 1636416765054, 1636416765318, 264, 0, 264, 0, 0, 0
2443, 1, 1636416765162, 1636416765430, 268, 1, 267, 1, 0, 1
2444, 1, 1636416765494, 1636416765762, 268, 0, 268, 0, 0, 0
2445, 1, 1636416765622, 1636416765886, 264, 1, 263, 0, 1, 1
2446, 1, 1636416765830, 1636416766098, 268, 0, 268, 0, 0, 0
2447, 1, 1636416765898, 1636416766162, 264, 0, 264, 0, 0, 0
2448, 1, 1636416766014, 1636416766278, 264, 1, 263, 1, 0, 1
2449, 1, 1636416766338, 1636416766606, 268, 0, 268, 0, 0, 0
2450, 1, 1636416766450, 1636416766726, 276, 1, 275, 1, 0, 1
2451, 1, 1636416766642, 1636416766914, 272, 0, 272, 0, 0, 0
2452, 1, 1636416766718, 1636416766986, 268, 1, 267, 0, 0, 0
2453, 1, 1636416766834, 1636416767106, 272, 1, 271, 0, 1, 1
2454, 1, 1636416767182, 1636416767454, 272, 1, 271, 0, 1, 1
2455, 1, 1636416767274, 1636416767542, 268, 0, 268, 0, 0, 0
2456, 1, 1636416767478, 1636416767746, 268, 0, 268, 0, 0, 0
2457, 1, 1636416767534, 1636416767798, 264, 0, 264, 0, 0, 0
2458, 1, 1636416767662, 1636416767930, 268, 0, 268, 0, 0, 0
2459, 1, 1636416768014, 1636416768282, 268, 1, 267, 0, 0, 0
2460, 1, 1636416768106, 1636416768374, 268, 0, 268, 0, 0, 0
2461, 1, 1636416768314, 1636416768586, 272, 1, 271, 0, 1, 1
2462, 1, 1636416768386, 1636416768654, 268, 0, 268, 0, 0, 0
2463, 1, 1636416768486, 1636416768755, 269, 1, 268, 1, 0, 1
2464, 1, 1636416768834, 1636416769098, 264, 1, 263, 0, 1, 1
2465, 1, 1636416768942, 1636416769214, 272, 1, 271, 0, 1, 1
2466, 1, 1636416769134, 1636416769402, 268, 0, 268, 0, 0, 0
2467, 1, 1636416769226, 1636416769494, 268, 0, 268, 0, 0, 0
2468, 1, 1636416769318, 1636416769586, 268, 0, 268, 0, 0, 0
2469, 1, 1636416769662, 1636416769930, 268, 0, 268, 0, 0, 0
2470, 1, 1636416769762, 1636416770026, 264, 1, 263, 1, 0, 1
2471, 1, 1636416769978, 1636416770246, 268, 0, 268, 0, 0, 0
2472, 1, 1636416770054, 1636416770322, 268, 0, 268, 0, 0, 0
2473, 1, 1636416770146, 1636416770415, 269, 0, 269, 0, 0, 0
2474, 1, 1636416770498, 1636416770766, 268, 0, 268, 0, 0, 0
2475, 1, 1636416770602, 1636416770878, 276, 1, 275, 0, 1, 1
2476, 1, 1636416770802, 1636416771070, 268, 1, 267, 0, 0, 0
2477, 1, 1636416770882, 1636416771150, 268, 0, 268, 0, 0, 0
2478, 1, 1636416770982, 1636416771246, 264, 1, 263, 0, 0, 0
2479, 1, 1636416771330, 1636416771598, 268, 1, 267, 0, 1, 1
2480, 1, 1636416771430, 1636416771698, 268, 1, 267, 0, 0, 0
2481, 1, 1636416771618, 1636416771886, 268, 0, 268, 0, 0, 0
2482, 1, 1636416771714, 1636416771978, 264, 0, 264, 0, 0, 0
2483, 1, 1636416771814, 1636416772082, 268, 1, 267, 0, 0, 0
2484, 1, 1636416772170, 1636416772438, 268, 0, 268, 0, 0, 0
2485, 1, 1636416772254, 1636416772522, 268, 0, 268, 0, 0, 0
2486, 1, 1636416772458, 1636416772730, 272, 1, 271, 0, 1, 1
2487, 1, 1636416772526, 1636416772794, 268, 0, 268, 0, 0, 0
2488, 1, 1636416772638, 1636416772910, 272, 0, 272, 0, 0, 0
2489, 1, 1636416772986, 1636416773254, 268, 0, 268, 0, 0, 0
2490, 1, 1636416773094, 1636416773362, 268, 0, 268, 0, 0, 0
2491, 1, 1636416773310, 1636416773578, 268, 0, 268, 0, 0, 0
2492, 1, 1636416773350, 1636416773618, 268, 0, 268, 0, 0, 0
2493, 1, 1636416773478, 1636416773742, 264, 1, 263, 0, 0, 0
2494, 1, 1636416773810, 1636416774082, 272, 1, 271, 0, 0, 0
2495, 1, 1636416773942, 1636416774210, 268, 0, 268, 0, 0, 0
2496, 1, 1636416774146, 1636416774418, 272, 1, 271, 0, 1, 1
2497, 1, 1636416774178, 1636416774446, 268, 0, 268, 0, 0, 0
2498, 1, 1636416774314, 1636416774582, 268, 1, 267, 0, 0, 0
2499, 1, 1636416774654, 1636416774922, 268, 0, 268, 0, 0, 0
2500, 1, 1636416774782, 1636416775046, 264, 0, 264, 0, 0, 0
2501, 1, 1636416774958, 1636416775226, 268, 1, 267, 0, 1, 1
2502, 1, 1636416775010, 1636416775278, 268, 0, 268, 0, 0, 0
2503, 1, 1636416775150, 1636416775418, 268, 0, 268, 0, 0, 0
2504, 1, 1636416775514, 1636416775778, 264, 0, 264, 0, 0, 0
2505, 1, 1636416775594, 1636416775858, 264, 0, 264, 0, 0, 0
2506, 1, 1636416775782, 1636416776046, 264, 0, 264, 0, 0, 0
2507, 1, 1636416775822, 1636416776090, 268, 0, 268, 0, 0, 0
2508, 1, 1636416775978, 1636416776246, 268, 0, 268, 0, 0, 0
2509, 1, 1636416776346, 1636416776614, 268, 1, 267, 0, 1, 1
2510, 1, 1636416776422, 1636416776690, 268, 0, 268, 0, 0, 0
2511, 1, 1636416776634, 1636416776902, 268, 1, 267, 0, 0, 0
2512, 1, 1636416776654, 1636416776922, 268, 0, 268, 0, 0, 0
2513, 1, 1636416776802, 1636416777070, 268, 1, 267, 0, 1, 1
2514, 1, 1636416777162, 1636416777430, 268, 0, 268, 0, 0, 0
2515, 1, 1636416777266, 1636416777530, 264, 0, 264, 0, 0, 0
2516, 1, 1636416777470, 1636416777734, 264, 1, 263, 1, 0, 1
2517, 1, 1636416777470, 1636416777738, 268, 1, 267, 1, 0, 1
2518, 1, 1636416777642, 1636416777910, 268, 1, 267, 0, 1, 1
2519, 1, 1636416777990, 1636416778258, 268, 1, 267, 0, 1, 1
2520, 1, 1636416778098, 1636416778362, 264, 0, 264, 0, 0, 0
2521, 1, 1636416778282, 1636416778546, 264, 0, 264, 0, 0, 0
2522, 1, 1636416778314, 1636416778586, 272, 0, 272, 0, 0, 0
2523, 1, 1636416778478, 1636416778742, 264, 0, 264, 0, 0, 0
2524, 1, 1636416778830, 1636416779098, 268, 0, 268, 0, 0, 0
2525, 1, 1636416778918, 1636416779186, 268, 1, 267, 0, 0, 0
2526, 1, 1636416779114, 1636416779378, 264, 0, 264, 0, 0, 0
2527, 1, 1636416779154, 1636416779418, 264, 0, 264, 0, 0, 0
2528, 1, 1636416779294, 1636416779558, 264, 0, 264, 0, 0, 0
2529, 1, 1636416779662, 1636416779934, 272, 0, 272, 0, 0, 0
2530, 1, 1636416779766, 1636416780034, 268, 0, 268, 0, 0, 0
2531, 1, 1636416779970, 1636416780238, 268, 0, 268, 0, 0, 0
2532, 1, 1636416780002, 1636416780266, 264, 0, 264, 0, 0, 0
2533, 1, 1636416780138, 1636416780406, 268, 1, 267, 0, 0, 0
2534, 1, 1636416780486, 1636416780750, 264, 1, 263, 1, 0, 1
2535, 1, 1636416780614, 1636416780882, 268, 1, 267, 0, 0, 0
2536, 1, 1636416780798, 1636416781066, 268, 0, 268, 0, 0, 0
2537, 1, 1636416780822, 1636416781086, 264, 0, 264, 0, 0, 0
2538, 1, 1636416780994, 1636416781262, 268, 1, 267, 0, 0, 0
2539, 1, 1636416781338, 1636416781610, 272, 1, 271, 0, 1, 1
2540, 1, 1636416781442, 1636416781710, 268, 0, 268, 0, 0, 0
2541, 1, 1636416781626, 1636416781890, 264, 0, 264, 0, 0, 0
2542, 1, 1636416781658, 1636416781926, 268, 0, 268, 0, 0, 0
2543, 1, 1636416781822, 1636416782090, 268, 0, 268, 0, 0, 0
2544, 1, 1636416782182, 1636416782450, 268, 1, 267, 0, 0, 0
2545, 1, 1636416782274, 1636416782538, 264, 0, 264, 0, 0, 0
2546, 1, 1636416782478, 1636416782742, 264, 0, 264, 0, 0, 0
2547, 1, 1636416782498, 1636416782766, 268, 0, 268, 0, 0, 0
2548, 1, 1636416782654, 1636416782922, 268, 0, 268, 0, 0, 0
2549, 1, 1636416783010, 1636416783278, 268, 0, 268, 0, 0, 0
2550, 1, 1636416783114, 1636416783382, 268, 1, 267, 0, 0, 0
2552, 1, 1636416783346, 1636416783610, 264, 0, 264, 0, 0, 0
2551, 1, 1636416783386, 1636416783650, 264, 0, 264, 0, 0, 0
2553, 1, 1636416783654, 1636416783918, 264, 0, 264, 0, 0, 0
2554, 1, 1636416783838, 1636416784106, 268, 0, 268, 0, 0, 0
2555, 1, 1636416783962, 1636416784230, 268, 0, 268, 0, 0, 0
2556, 1, 1636416784162, 1636416784430, 268, 0, 268, 0, 0, 0
2557, 1, 1636416784166, 1636416784430, 264, 0, 264, 0, 0, 0
2558, 1, 1636416784358, 1636416784622, 264, 1, 263, 0, 0, 0
2559, 1, 1636416784682, 1636416784950, 268, 0, 268, 0, 0, 0
2560, 1, 1636416784794, 1636416785062, 268, 0, 268, 0, 0, 0
2561, 1, 1636416784994, 1636416785258, 264, 0, 264, 0, 0, 0
2562, 1, 1636416785018, 1636416785282, 264, 1, 263, 0, 0, 0
2563, 1, 1636416785158, 1636416785426, 268, 0, 268, 0, 0, 0
2564, 1, 1636416785530, 1636416785794, 264, 1, 263, 0, 1, 1
2565, 1, 1636416785626, 1636416785890, 264, 0, 264, 0, 0, 0
2566, 1, 1636416785834, 1636416786102, 268, 1, 267, 0, 1, 1
2567, 1, 1636416785862, 1636416786130, 268, 0, 268, 0, 0, 0
2568, 1, 1636416785986, 1636416786254, 268, 0, 268, 0, 0, 0
2569, 1, 1636416786366, 1636416786630, 264, 0, 264, 0, 0, 0
2570, 1, 1636416786462, 1636416786726, 264, 1, 263, 0, 1, 1
2571, 1, 1636416786674, 1636416786938, 264, 1, 263, 0, 0, 0
2572, 1, 1636416786682, 1636416786946, 264, 1, 263, 0, 0, 0
2573, 1, 1636416786826, 1636416787098, 272, 0, 272, 0, 0, 0
2574, 1, 1636416787194, 1636416787462, 268, 0, 268, 0, 0, 0
2575, 1, 1636416787318, 1636416787582, 264, 0, 264, 0, 0, 0
2576, 1, 1636416787506, 1636416787774, 268, 0, 268, 0, 0, 0
2577, 1, 1636416787530, 1636416787798, 268, 0, 268, 0, 0, 0
2578, 1, 1636416787666, 1636416787934, 268, 0, 268, 0, 0, 0
2579, 1, 1636416788038, 1636416788306, 268, 0, 268, 0, 0, 0
2580, 1, 1636416788166, 1636416788430, 264, 0, 264, 0, 0, 0
2582, 1, 1636416788378, 1636416788646, 268, 0, 268, 0, 0, 0
2581, 1, 1636416788438, 1636416788706, 268, 0, 268, 0, 0, 0
2583, 1, 1636416788710, 1636416788974, 264, 0, 264, 0, 0, 0
2584, 1, 1636416788878, 1636416789142, 264, 1, 263, 0, 1, 1
2585, 1, 1636416788982, 1636416789254, 272, 0, 272, 0, 0, 0
2586, 1, 1636416789166, 1636416789434, 268, 0, 268, 0, 0, 0
2587, 1, 1636416789198, 1636416789470, 272, 0, 272, 0, 0, 0
2588, 1, 1636416789390, 1636416789658, 268, 0, 268, 0, 0, 0
2589, 1, 1636416789726, 1636416789994, 268, 0, 268, 0, 0, 0
2590, 1, 1636416789818, 1636416790086, 268, 0, 268, 0, 0, 0
2592, 1, 1636416790038, 1636416790306, 268, 0, 268, 0, 0, 0
2591, 1, 1636416790102, 1636416790374, 272, 0, 272, 0, 0, 0
2593, 1, 1636416790166, 1636416790434, 268, 0, 268, 0, 0, 0
2594, 1, 1636416790542, 1636416790806, 264, 0, 264, 0, 0, 0
2595, 1, 1636416790662, 1636416790926, 264, 0, 264, 0, 0, 0
2596, 1, 1636416790842, 1636416791110, 268, 1, 267, 0, 0, 0
2597, 1, 1636416790870, 1636416791138, 268, 0, 268, 0, 0, 0
2598, 1, 1636416791002, 1636416791270, 268, 1, 267, 0, 1, 1
2599, 1, 1636416791378, 1636416791646, 268, 0, 268, 0, 0, 0
2600, 1, 1636416791502, 1636416791770, 268, 1, 267, 1, 0, 1
2601, 1, 1636416791682, 1636416791950, 268, 0, 268, 0, 0, 0
2602, 1, 1636416791710, 1636416791978, 268, 0, 268, 0, 0, 0
2603, 1, 1636416791830, 1636416792098, 268, 0, 268, 0, 0, 0
2604, 1, 1636416792222, 1636416792490, 268, 1, 267, 0, 0, 0
2605, 1, 1636416792354, 1636416792626, 272, 1, 271, 1, 0, 1
2606, 1, 1636416792502, 1636416792782, 280, 0, 280, 0, 0, 0
2607, 1, 1636416792526, 1636416792794, 268, 0, 268, 0, 0, 0
2608, 1, 1636416792650, 1636416792915, 265, 1, 264, 0, 0, 0
2609, 1, 1636416793066, 1636416793334, 268, 1, 267, 1, 0, 1
2610, 1, 1636416793170, 1636416793434, 264, 0, 264, 0, 0, 0
2611, 1, 1636416793350, 1636416793614, 264, 0, 264, 0, 0, 0
2612, 1, 1636416793374, 1636416793642, 268, 0, 268, 0, 0, 0
2613, 1, 1636416793478, 1636416793750, 272, 0, 272, 0, 0, 0
2614, 1, 1636416793906, 1636416794174, 268, 1, 267, 0, 1, 1
2615, 1, 1636416794010, 1636416794278, 268, 1, 267, 0, 0, 0
2616, 1, 1636416794182, 1636416794450, 268, 0, 268, 0, 0, 0
2617, 1, 1636416794198, 1636416794470, 272, 0, 272, 0, 0, 0
2618, 1, 1636416794302, 1636416794570, 268, 0, 268, 0, 0, 0
2619, 1, 1636416794742, 1636416795010, 268, 0, 268, 0, 0, 0
2620, 1, 1636416794850, 1636416795118, 268, 0, 268, 0, 0, 0
2621, 1, 1636416795022, 1636416795290, 268, 0, 268, 0, 0, 0
2622, 1, 1636416795038, 1636416795306, 268, 1, 267, 0, 0, 0
2623, 1, 1636416795130, 1636416795398, 268, 0, 268, 0, 0, 0
2624, 1, 1636416795586, 1636416795850, 264, 0, 264, 0, 0, 0
2625, 1, 1636416795682, 1636416795946, 264, 0, 264, 0, 0, 0
2627, 1, 1636416795874, 1636416796138, 264, 0, 264, 0, 0, 0
2626, 1, 1636416795862, 1636416796138, 276, 0, 276, 0, 0, 0
2628, 1, 1636416795986, 1636416796254, 268, 1, 267, 0, 1, 1
2629, 1, 1636416796422, 1636416796686, 264, 0, 264, 0, 0, 0
2630, 1, 1636416796514, 1636416796782, 268, 1, 267, 0, 0, 0
2631, 1, 1636416796694, 1636416796958, 264, 0, 264, 0, 0, 0
2632, 1, 1636416796694, 1636416796962, 268, 0, 268, 0, 0, 0
2633, 1, 1636416796806, 1636416797074, 268, 0, 268, 0, 0, 0
2634, 1, 1636416797258, 1636416797526, 268, 0, 268, 0, 0, 0
2635, 1, 1636416797346, 1636416797618, 272, 1, 271, 0, 0, 0
2636, 1, 1636416797510, 1636416797778, 268, 0, 268, 0, 0, 0
2637, 1, 1636416797550, 1636416797818, 268, 0, 268, 0, 0, 0
2638, 1, 1636416797634, 1636416797902, 268, 0, 268, 0, 0, 0
2639, 1, 1636416798086, 1636416798354, 268, 0, 268, 0, 0, 0
2640, 1, 1636416798166, 1636416798430, 264, 0, 264, 0, 0, 0
2641, 1, 1636416798334, 1636416798606, 272, 1, 271, 0, 0, 0
2642, 1, 1636416798394, 1636416798658, 264, 0, 264, 0, 0, 0
2643, 1, 1636416798442, 1636416798710, 268, 0, 268, 0, 0, 0
2644, 1, 1636416798906, 1636416799166, 260, 0, 260, 0, 0, 0
2645, 1, 1636416798990, 1636416799254, 264, 0, 264, 0, 0, 0
2646, 1, 1636416799166, 1636416799430, 264, 1, 263, 0, 0, 0
2647, 1, 1636416799210, 1636416799474, 264, 1, 263, 0, 0, 0
2648, 1, 1636416799270, 1636416799534, 264, 1, 263, 0, 0, 0
2649, 1, 1636416799722, 1636416799990, 268, 0, 268, 0, 0, 0
2650, 1, 1636416799818, 1636416800082, 264, 0, 264, 0, 0, 0
2651, 1, 1636416800006, 1636416800274, 268, 0, 268, 0, 0, 0
2652, 1, 1636416800058, 1636416800322, 264, 0, 264, 0, 0, 0
2653, 1, 1636416800118, 1636416800386, 268, 1, 267, 0, 0, 0
2654, 1, 1636416800546, 1636416800814, 268, 1, 267, 0, 0, 0
2655, 1, 1636416800654, 1636416800922, 268, 1, 267, 1, 0, 1
2656, 1, 1636416800838, 1636416801106, 268, 0, 268, 0, 0, 0
2657, 1, 1636416800902, 1636416801170, 268, 0, 268, 0, 0, 0
2658, 1, 1636416800966, 1636416801234, 268, 0, 268, 0, 0, 0
2659, 1, 1636416801382, 1636416801658, 276, 0, 276, 0, 0, 0
2660, 1, 1636416801490, 1636416801758, 268, 0, 268, 0, 0, 0
2661, 1, 1636416801682, 1636416801950, 268, 0, 268, 0, 0, 0
2662, 1, 1636416801730, 1636416801994, 264, 0, 264, 0, 0, 0
2663, 1, 1636416801786, 1636416802058, 272, 0, 272, 0, 0, 0
2664, 1, 1636416802202, 1636416802470, 268, 0, 268, 0, 0, 0
2665, 1, 1636416802334, 1636416802606, 272, 0, 272, 0, 0, 0
2666, 1, 1636416802498, 1636416802766, 268, 1, 267, 0, 1, 1
2667, 1, 1636416802582, 1636416802850, 268, 0, 268, 0, 0, 0
2668, 1, 1636416802594, 1636416802866, 272, 0, 272, 0, 0, 0
2669, 1, 1636416803034, 1636416803302, 268, 1, 267, 1, 0, 1
2670, 1, 1636416803150, 1636416803418, 268, 1, 267, 0, 0, 0
2671, 1, 1636416803310, 1636416803578, 268, 1, 267, 0, 0, 0
2672, 1, 1636416803394, 1636416803658, 264, 0, 264, 0, 0, 0
2673, 1, 1636416803414, 1636416803682, 268, 0, 268, 0, 0, 0
2674, 1, 1636416803878, 1636416804142, 264, 1, 263, 0, 0, 0
2675, 1, 1636416803986, 1636416804254, 268, 1, 267, 0, 0, 0
2676, 1, 1636416804146, 1636416804414, 268, 0, 268, 0, 0, 0
2677, 1, 1636416804234, 1636416804498, 264, 0, 264, 0, 0, 0
2678, 1, 1636416804238, 1636416804502, 264, 0, 264, 0, 0, 0
2679, 1, 1636416804694, 1636416804962, 268, 1, 267, 0, 1, 1
2680, 1, 1636416804806, 1636416805074, 268, 0, 268, 0, 0, 0
2682, 1, 1636416805054, 1636416805322, 268, 1, 267, 0, 0, 0
2683, 1, 1636416805074, 1636416805342, 268, 1, 267, 0, 0, 0
2684, 1, 1636416805518, 1636416805786, 268, 1, 267, 0, 0, 0
2686, 1, 1636416805898, 1636416806166, 268, 1, 267, 0, 0, 0
2687, 1, 1636416805906, 1636416806174, 268, 1, 267, 0, 0, 0
2689, 1, 1636416806722, 1636416806990, 268, 1, 267, 0, 0, 0
2690, 1, 1636416806750, 1636416807018, 268, 1, 267, 1, 0, 1
2691, 1, 1636416807554, 1636416807822, 268, 1, 267, 0, 0, 0
2692, 1, 1636416807594, 1636416807862, 268, 1, 267, 0, 0, 0
2693, 1, 1636416808394, 1636416808658, 264, 0, 264, 0, 0, 0
2694, 1, 1636416808418, 1636416808682, 264, 0, 264, 0, 0, 0
2695, 1, 1636416809230, 1636416809498, 268, 0, 268, 0, 0, 0
2696, 1, 1636416809238, 1636416809502, 264, 0, 264, 0, 0, 0
2697, 1, 1636416810054, 1636416810322, 268, 0, 268, 0, 0, 0
2698, 1, 1636416810090, 1636416810358, 268, 1, 267, 0, 1, 1
2699, 1, 1636416810902, 1636416811170, 268, 1, 267, 1, 0, 1
2700, 1, 1636416810914, 1636416811182, 268, 0, 268, 0, 0, 0
2701, 1, 1636416811730, 1636416811998, 268, 0, 268, 0, 0, 0
2702, 1, 1636416811770, 1636416812038, 268, 1, 267, 0, 0, 0
2703, 1, 1636416812546, 1636416812818, 272, 1, 271, 0, 0, 0
2704, 1, 1636416812598, 1636416812862, 264, 0, 264, 0, 0, 0
2705, 1, 1636416813398, 1636416813662, 264, 1, 263, 0, 1, 1
2706, 1, 1636416813450, 1636416813714, 264, 0, 264, 0, 0, 0
2707, 1, 1636416814242, 1636416814518, 276, 1, 275, 0, 0, 0
2708, 1, 1636416814302, 1636416814566, 264, 0, 264, 0, 0, 0
2709, 1, 1636416815174, 1636416815438, 264, 1, 263, 1, 0, 1
2710, 1, 1636416815174, 1636416815446, 272, 1, 271, 1, 0, 1
2711, 1, 1636416815514, 1636416815778, 264, 0, 264, 0, 0, 0
2688, 1, 1636416815650, 1636416815918, 268, 0, 268, 0, 0, 0
2712, 1, 1636416815906, 1636416816170, 264, 0, 264, 0, 0, 0
2713, 1, 1636416815942, 1636416816210, 268, 0, 268, 0, 0, 0
2715, 1, 1636416816230, 1636416816494, 264, 0, 264, 0, 0, 0
2714, 1, 1636416816242, 1636416816506, 264, 1, 263, 0, 1, 1
2716, 1, 1636416816322, 1636416816590, 268, 1, 267, 0, 0, 0
2717, 1, 1636416816738, 1636416817006, 268, 1, 267, 1, 0, 1
2718, 1, 1636416816786, 1636416817054, 268, 0, 268, 0, 0, 0
2719, 1, 1636416816990, 1636416817254, 264, 0, 264, 0, 0, 0
2720, 1, 1636416817066, 1636416817330, 264, 0, 264, 0, 0, 0
2721, 1, 1636416817098, 1636416817362, 264, 0, 264, 0, 0, 0
2722, 1, 1636416817562, 1636416817834, 272, 0, 272, 0, 0, 0
2723, 1, 1636416817618, 1636416817882, 264, 0, 264, 0, 0, 0
2724, 1, 1636416817830, 1636416818098, 268, 0, 268, 0, 0, 0
2725, 1, 1636416817898, 1636416818162, 264, 1, 263, 0, 0, 0
2726, 1, 1636416817934, 1636416818198, 264, 1, 263, 0, 0, 0
2727, 1, 1636416818394, 1636416818658, 264, 1, 263, 0, 1, 1
2728, 1, 1636416818462, 1636416818730, 268, 0, 268, 0, 0, 0
2729, 1, 1636416818650, 1636416818918, 268, 0, 268, 0, 0, 0
2730, 1, 1636416818718, 1636416818986, 268, 0, 268, 0, 0, 0
2731, 1, 1636416818770, 1636416819038, 268, 0, 268, 0, 0, 0
2732, 1, 1636416819210, 1636416819478, 268, 0, 268, 0, 0, 0
2733, 1, 1636416819290, 1636416819558, 268, 0, 268, 0, 0, 0
2734, 1, 1636416819478, 1636416819742, 264, 1, 263, 1, 0, 1
2735, 1, 1636416819570, 1636416819834, 264, 1, 263, 0, 0, 0
2736, 1, 1636416819590, 1636416819854, 264, 0, 264, 0, 0, 0
2737, 1, 1636416820038, 1636416820302, 264, 0, 264, 0, 0, 0
2738, 1, 1636416820142, 1636416820410, 268, 0, 268, 0, 0, 0
2739, 1, 1636416820318, 1636416820586, 268, 0, 268, 0, 0, 0
2740, 1, 1636416820394, 1636416820662, 268, 1, 267, 0, 0, 0
2741, 1, 1636416820666, 1636416820938, 272, 0, 272, 0, 0, 0
2742, 1, 1636416820858, 1636416821122, 264, 0, 264, 0, 0, 0
2743, 1, 1636416820982, 1636416821250, 268, 0, 268, 0, 0, 0
2744, 1, 1636416821154, 1636416821422, 268, 1, 267, 1, 0, 1
2745, 1, 1636416821214, 1636416821482, 268, 0, 268, 0, 0, 0
2746, 1, 1636416821338, 1636416821614, 276, 1, 275, 0, 0, 0
2747, 1, 1636416821662, 1636416821930, 268, 0, 268, 0, 0, 0
2748, 1, 1636416821802, 1636416822070, 268, 0, 268, 0, 0, 0
2749, 1, 1636416821966, 1636416822234, 268, 0, 268, 0, 0, 0
2750, 1, 1636416822058, 1636416822322, 264, 0, 264, 0, 0, 0
2751, 1, 1636416822126, 1636416822394, 268, 0, 268, 0, 0, 0
2752, 1, 1636416822518, 1636416822790, 272, 1, 271, 1, 0, 1
2753, 1, 1636416822638, 1636416822902, 264, 0, 264, 0, 0, 0
2754, 1, 1636416822814, 1636416823078, 264, 0, 264, 0, 0, 0
2755, 1, 1636416822898, 1636416823166, 268, 1, 267, 0, 0, 0
2756, 1, 1636416822970, 1636416823238, 268, 0, 268, 0, 0, 0
2757, 1, 1636416823366, 1636416823630, 264, 0, 264, 0, 0, 0
2758, 1, 1636416823446, 1636416823710, 264, 0, 264, 0, 0, 0
2759, 1, 1636416823658, 1636416823922, 264, 1, 263, 0, 1, 1
2760, 1, 1636416823754, 1636416824026, 272, 0, 272, 0, 0, 0
2761, 1, 1636416823826, 1636416824094, 268, 0, 268, 0, 0, 0
2762, 1, 1636416824198, 1636416824466, 268, 1, 267, 0, 0, 0
2763, 1, 1636416824298, 1636416824562, 264, 0, 264, 0, 0, 0
2764, 1, 1636416824506, 1636416824774, 268, 1, 267, 0, 1, 1
2765, 1, 1636416824582, 1636416824854, 272, 0, 272, 0, 0, 0
2766, 1, 1636416824634, 1636416824898, 264, 0, 264, 0, 0, 0
2767, 1, 1636416825114, 1636416825390, 276, 1, 275, 1, 0, 1
2768, 1, 1636416825334, 1636416825598, 264, 1, 263, 0, 1, 1
2769, 1, 1636416825390, 1636416825658, 268, 0, 268, 0, 0, 0
2770, 1, 1636416825462, 1636416825726, 264, 0, 264, 0, 0, 0
2771, 1, 1636416826154, 1636416826418, 264, 0, 264, 0, 0, 0
2772, 1, 1636416826214, 1636416826478, 264, 0, 264, 0, 0, 0
2773, 1, 1636416826306, 1636416826570, 264, 1, 263, 0, 0, 0
2774, 1, 1636416826978, 1636416827246, 268, 1, 267, 1, 0, 1
2775, 1, 1636416827042, 1636416827314, 272, 1, 271, 0, 1, 1
2776, 1, 1636416827134, 1636416827402, 268, 0, 268, 0, 0, 0
2777, 1, 1636416827806, 1636416828070, 264, 0, 264, 0, 0, 0
2778, 1, 1636416827862, 1636416828126, 264, 0, 264, 0, 0, 0
2779, 1, 1636416827978, 1636416828246, 268, 1, 267, 0, 0, 0
2780, 1, 1636416828626, 1636416828890, 264, 1, 263, 1, 0, 1
2781, 1, 1636416828690, 1636416828958, 268, 1, 267, 0, 0, 0
2782, 1, 1636416828814, 1636416829082, 268, 1, 267, 1, 0, 1
2783, 1, 1636416829450, 1636416829714, 264, 1, 263, 1, 0, 1
2784, 1, 1636416829506, 1636416829774, 268, 0, 268, 0, 0, 0
2785, 1, 1636416829662, 1636416829930, 268, 0, 268, 0, 0, 0
2786, 1, 1636416830270, 1636416830538, 268, 0, 268, 0, 0, 0
2787, 1, 1636416830326, 1636416830602, 276, 1, 275, 0, 0, 0
2788, 1, 1636416830498, 1636416830767, 269, 0, 269, 0, 0, 0
2789, 1, 1636416831090, 1636416831358, 268, 1, 267, 0, 0, 0
2790, 1, 1636416831158, 1636416831422, 264, 0, 264, 0, 0, 0
2791, 1, 1636416831314, 1636416831578, 264, 1, 263, 1, 0, 1
2792, 1, 1636416831918, 1636416832190, 272, 1, 271, 0, 0, 0
2793, 1, 1636416832010, 1636416832274, 264, 0, 264, 0, 0, 0
2794, 1, 1636416832138, 1636416832406, 268, 1, 267, 0, 1, 1
2795, 1, 1636416832774, 1636416833038, 264, 1, 263, 0, 1, 1
2796, 1, 1636416832842, 1636416833114, 272, 0, 272, 0, 0, 0
2797, 1, 1636416832958, 1636416833226, 268, 1, 267, 0, 0, 0
2798, 1, 1636416833602, 1636416833866, 264, 1, 263, 0, 0, 0
2799, 1, 1636416833802, 1636416834067, 265, 0, 265, 0, 0, 0
2800, 1, 1636416834618, 1636416834886, 268, 1, 267, 0, 0, 0
2801, 1, 1636417030318, 1636417030586, 268, 1, 267, 1, 0, 1
2802, 1, 1636417030902, 1636417031170, 268, 1, 267, 0, 1, 1
2803, 1, 1636417031022, 1636417031290, 268, 0, 268, 0, 0, 0
2804, 1, 1636417031318, 1636417031586, 268, 0, 268, 0, 0, 0
2805, 1, 1636417031606, 1636417031866, 260, 0, 260, 0, 0, 0
2806, 1, 1636417031730, 1636417032002, 272, 0, 272, 0, 0, 0
2807, 1, 1636417031942, 1636417032210, 268, 1, 267, 0, 1, 1
2808, 1, 1636417032034, 1636417032298, 264, 0, 264, 0, 0, 0
2809, 1, 1636417032322, 1636417032590, 268, 0, 268, 0, 0, 0
2810, 1, 1636417032446, 1636417032718, 272, 0, 272, 0, 0, 0
2811, 1, 1636417032610, 1636417032878, 268, 0, 268, 0, 0, 0
2812, 1, 1636417032654, 1636417032922, 268, 1, 267, 0, 0, 0
2813, 1, 1636417032746, 1636417033010, 264, 0, 264, 0, 0, 0
2814, 1, 1636417033038, 1636417033306, 268, 0, 268, 0, 0, 0
2815, 1, 1636417033166, 1636417033434, 268, 0, 268, 0, 0, 0
2816, 1, 1636417033322, 1636417033594, 272, 0, 272, 0, 0, 0
2817, 1, 1636417033358, 1636417033622, 264, 0, 264, 0, 0, 0
2818, 1, 1636417033466, 1636417033734, 268, 0, 268, 0, 0, 0
2819, 1, 1636417033750, 1636417034018, 268, 0, 268, 0, 0, 0
2820, 1, 1636417034026, 1636417034294, 268, 0, 268, 0, 0, 0
2821, 1, 1636417034034, 1636417034302, 268, 0, 268, 0, 0, 0
2822, 1, 1636417034078, 1636417034346, 268, 1, 267, 0, 0, 0
2823, 1, 1636417034298, 1636417034570, 272, 0, 272, 0, 0, 0
2824, 1, 1636417034578, 1636417034850, 272, 0, 272, 0, 0, 0
2825, 1, 1636417034698, 1636417034966, 268, 0, 268, 0, 0, 0
2826, 1, 1636417034746, 1636417035010, 264, 0, 264, 0, 0, 0
2827, 1, 1636417034846, 1636417035118, 272, 5, 267, 5, 0, 5
2828, 1, 1636417034970, 1636417035238, 268, 0, 268, 0, 0, 0
2829, 1, 1636417035250, 1636417035514, 264, 0, 264, 0, 0, 0
2830, 1, 1636417035410, 1636417035674, 264, 1, 263, 0, 0, 0
2831, 1, 1636417035462, 1636417035730, 268, 0, 268, 0, 0, 0
2833, 1, 1636417035642, 1636417035910, 268, 0, 268, 0, 0, 0
2832, 1, 1636417035730, 1636417035998, 268, 1, 267, 1, 0, 1
2834, 1, 1636417035922, 1636417036190, 268, 0, 268, 0, 0, 0
2835, 1, 1636417036122, 1636417036386, 264, 0, 264, 0, 0, 0
2836, 1, 1636417036170, 1636417036434, 264, 0, 264, 0, 0, 0
2837, 1, 1636417036350, 1636417036618, 268, 0, 268, 0, 0, 0
2838, 1, 1636417036402, 1636417036666, 264, 0, 264, 0, 0, 0
2839, 1, 1636417036626, 1636417036890, 264, 0, 264, 0, 0, 0
2840, 1, 1636417036782, 1636417037046, 264, 0, 264, 0, 0, 0
2841, 1, 1636417036890, 1636417037162, 272, 0, 272, 0, 0, 0
2842, 1, 1636417037054, 1636417037322, 268, 0, 268, 0, 0, 0
2843, 1, 1636417037066, 1636417037334, 268, 0, 268, 0, 0, 0
2844, 1, 1636417037346, 1636417037618, 272, 0, 272, 0, 0, 0
2845, 1, 1636417037498, 1636417037770, 272, 0, 272, 0, 0, 0
2847, 1, 1636417037770, 1636417038034, 264, 1, 263, 0, 0, 0
2848, 1, 1636417037790, 1636417038058, 268, 0, 268, 0, 0, 0
2850, 1, 1636417038214, 1636417038482, 268, 1, 267, 0, 0, 0
2852, 1, 1636417038494, 1636417038758, 264, 0, 264, 0, 0, 0
2853, 1, 1636417038930, 1636417039198, 268, 0, 268, 0, 0, 0
2855, 1, 1636417039646, 1636417039914, 268, 0, 268, 0, 0, 0
2856, 1, 1636417040366, 1636417040635, 269, 0, 269, 0, 0, 0
2857, 1, 1636417041074, 1636417041342, 268, 0, 268, 0, 0, 0
2858, 1, 1636417041786, 1636417042051, 265, 0, 265, 0, 0, 0
2859, 1, 1636417042506, 1636417042774, 268, 1, 267, 0, 0, 0
2860, 1, 1636417043226, 1636417043498, 272, 1, 271, 0, 1, 1
2861, 1, 1636417043938, 1636417044210, 272, 1, 271, 0, 0, 0
2862, 1, 1636417044654, 1636417044922, 268, 1, 267, 0, 0, 0
2863, 1, 1636417045362, 1636417045626, 264, 0, 264, 0, 0, 0
2864, 1, 1636417046074, 1636417046342, 268, 1, 267, 0, 1, 1
2865, 1, 1636417046778, 1636417047047, 269, 1, 268, 1, 0, 1
2866, 1, 1636417047490, 1636417047758, 268, 1, 267, 0, 0, 0
2854, 1, 1636417047870, 1636417048134, 264, 0, 264, 0, 0, 0
2851, 1, 1636417048138, 1636417048402, 264, 0, 264, 0, 0, 0
2867, 1, 1636417048170, 1636417048434, 264, 0, 264, 0, 0, 0
2868, 1, 1636417048198, 1636417048462, 264, 0, 264, 0, 0, 0
2869, 1, 1636417048362, 1636417048630, 268, 0, 268, 0, 0, 0
2870, 1, 1636417048638, 1636417048902, 264, 0, 264, 0, 0, 0
2872, 1, 1636417048850, 1636417049118, 268, 0, 268, 0, 0, 0
2871, 1, 1636417048906, 1636417049170, 264, 0, 264, 0, 0, 0
2873, 1, 1636417048906, 1636417049174, 268, 0, 268, 0, 0, 0
2874, 1, 1636417049034, 1636417049302, 268, 1, 267, 0, 0, 0
2875, 1, 1636417049306, 1636417049574, 268, 0, 268, 0, 0, 0
2876, 1, 1636417049518, 1636417049786, 268, 0, 268, 0, 0, 0
2877, 1, 1636417049586, 1636417049854, 268, 0, 268, 0, 0, 0
2878, 1, 1636417049626, 1636417049894, 268, 0, 268, 0, 0, 0
2879, 1, 1636417049750, 1636417050018, 268, 0, 268, 0, 0, 0
2880, 1, 1636417050026, 1636417050290, 264, 0, 264, 0, 0, 0
2881, 1, 1636417050242, 1636417050506, 264, 0, 264, 0, 0, 0
2882, 1, 1636417050298, 1636417050566, 268, 0, 268, 0, 0, 0
2883, 1, 1636417050334, 1636417050602, 268, 0, 268, 0, 0, 0
2884, 1, 1636417050462, 1636417050730, 268, 0, 268, 0, 0, 0
2885, 1, 1636417050738, 1636417051014, 276, 0, 276, 0, 0, 0
2886, 1, 1636417050954, 1636417051218, 264, 0, 264, 0, 0, 0
2887, 1, 1636417051014, 1636417051282, 268, 1, 267, 1, 0, 1
2888, 1, 1636417051054, 1636417051322, 268, 1, 267, 0, 0, 0
2889, 1, 1636417051174, 1636417051438, 264, 1, 263, 0, 0, 0
2890, 1, 1636417051446, 1636417051710, 264, 0, 264, 0, 0, 0
2891, 1, 1636417051670, 1636417051938, 268, 0, 268, 0, 0, 0
2892, 1, 1636417051714, 1636417051978, 264, 0, 264, 0, 0, 0
2893, 1, 1636417051770, 1636417052042, 272, 0, 272, 0, 0, 0
2894, 1, 1636417051846, 1636417052114, 268, 1, 267, 0, 0, 0
2895, 1, 1636417052114, 1636417052382, 268, 1, 267, 1, 0, 1
2897, 1, 1636417052386, 1636417052650, 264, 0, 264, 0, 0, 0
2898, 1, 1636417052474, 1636417052742, 268, 1, 267, 0, 0, 0
2899, 1, 1636417052566, 1636417052830, 264, 0, 264, 0, 0, 0
2900, 1, 1636417052834, 1636417053102, 268, 0, 268, 0, 0, 0
2901, 1, 1636417053102, 1636417053366, 264, 0, 264, 0, 0, 0
2902, 1, 1636417053190, 1636417053454, 264, 1, 263, 0, 0, 0
2903, 1, 1636417053278, 1636417053542, 264, 0, 264, 0, 0, 0
2904, 1, 1636417053546, 1636417053818, 272, 0, 272, 0, 0, 0
2905, 1, 1636417053810, 1636417054074, 264, 0, 264, 0, 0, 0
2906, 1, 1636417053898, 1636417054162, 264, 0, 264, 0, 0, 0
2907, 1, 1636417053990, 1636417054254, 264, 0, 264, 0, 0, 0
2908, 1, 1636417054254, 1636417054518, 264, 1, 263, 1, 0, 1
2909, 1, 1636417054522, 1636417054790, 268, 0, 268, 0, 0, 0
2910, 1, 1636417054614, 1636417054882, 268, 1, 267, 1, 0, 1
2911, 1, 1636417054706, 1636417054970, 264, 1, 263, 1, 0, 1
2912, 1, 1636417054974, 1636417055238, 264, 0, 264, 0, 0, 0
2913, 1, 1636417055242, 1636417055506, 264, 0, 264, 0, 0, 0
2914, 1, 1636417055326, 1636417055590, 264, 0, 264, 0, 0, 0
2915, 1, 1636417055426, 1636417055698, 272, 1, 271, 0, 1, 1
2916, 1, 1636417055698, 1636417055962, 264, 1, 263, 0, 0, 0
2917, 1, 1636417055962, 1636417056238, 276, 0, 276, 0, 0, 0
2918, 1, 1636417056058, 1636417056326, 268, 0, 268, 0, 0, 0
2919, 1, 1636417056138, 1636417056406, 268, 0, 268, 0, 0, 0
2920, 1, 1636417056414, 1636417056678, 264, 0, 264, 0, 0, 0
2921, 1, 1636417056686, 1636417056954, 268, 0, 268, 0, 0, 0
2922, 1, 1636417056774, 1636417057038, 264, 0, 264, 0, 0, 0
2923, 1, 1636417056846, 1636417057114, 268, 0, 268, 0, 0, 0
2896, 1, 1636417057046, 1636417057314, 268, 0, 268, 0, 0, 0
2924, 1, 1636417057118, 1636417057386, 268, 0, 268, 0, 0, 0
2925, 1, 1636417057390, 1636417057654, 264, 1, 263, 0, 0, 0
2926, 1, 1636417057490, 1636417057758, 268, 1, 267, 0, 0, 0
2927, 1, 1636417057554, 1636417057822, 268, 0, 268, 0, 0, 0
2928, 1, 1636417057718, 1636417057982, 264, 0, 264, 0, 0, 0
2929, 1, 1636417057826, 1636417058094, 268, 0, 268, 0, 0, 0
2930, 1, 1636417058102, 1636417058370, 268, 0, 268, 0, 0, 0
2931, 1, 1636417058210, 1636417058478, 268, 0, 268, 0, 0, 0
2932, 1, 1636417058374, 1636417058642, 268, 0, 268, 0, 0, 0
2933, 1, 1636417058398, 1636417058666, 268, 0, 268, 0, 0, 0
2934, 1, 1636417058650, 1636417058918, 268, 0, 268, 0, 0, 0
2935, 1, 1636417058806, 1636417059074, 268, 0, 268, 0, 0, 0
2936, 1, 1636417058926, 1636417059190, 264, 0, 264, 0, 0, 0
2937, 1, 1636417059050, 1636417059318, 268, 0, 268, 0, 0, 0
2938, 1, 1636417059102, 1636417059366, 264, 0, 264, 0, 0, 0
2939, 1, 1636417059322, 1636417059590, 268, 0, 268, 0, 0, 0
2940, 1, 1636417059594, 1636417059862, 268, 0, 268, 0, 0, 0
2941, 1, 1636417059654, 1636417059926, 272, 0, 272, 0, 0, 0
2942, 1, 1636417059758, 1636417060026, 268, 1, 267, 0, 0, 0
2943, 1, 1636417059822, 1636417060086, 264, 0, 264, 0, 0, 0
2944, 1, 1636417060038, 1636417060302, 264, 0, 264, 0, 0, 0
2945, 1, 1636417060306, 1636417060570, 264, 0, 264, 0, 0, 0
2946, 1, 1636417060366, 1636417060634, 268, 0, 268, 0, 0, 0
2948, 1, 1636417060546, 1636417060814, 268, 1, 267, 0, 0, 0
2947, 1, 1636417060574, 1636417060838, 264, 0, 264, 0, 0, 0
2949, 1, 1636417060842, 1636417061110, 268, 0, 268, 0, 0, 0
2951, 1, 1636417061078, 1636417061346, 268, 0, 268, 0, 0, 0
2950, 1, 1636417061110, 1636417061378, 268, 1, 267, 0, 0, 0
2952, 1, 1636417061242, 1636417061506, 264, 0, 264, 0, 0, 0
2953, 1, 1636417061254, 1636417061518, 264, 1, 263, 0, 1, 1
2954, 1, 1636417061506, 1636417061774, 268, 1, 267, 1, 0, 1
2955, 1, 1636417061778, 1636417062042, 264, 0, 264, 0, 0, 0
2956, 1, 1636417061790, 1636417062054, 264, 0, 264, 0, 0, 0
2957, 1, 1636417061914, 1636417062178, 264, 1, 263, 0, 0, 0
2958, 1, 1636417061970, 1636417062234, 264, 0, 264, 0, 0, 0
2959, 1, 1636417062190, 1636417062458, 268, 0, 268, 0, 0, 0
2960, 1, 1636417062466, 1636417062734, 268, 0, 268, 0, 0, 0
2961, 1, 1636417062502, 1636417062766, 264, 1, 263, 0, 0, 0
2962, 1, 1636417062630, 1636417062894, 264, 1, 263, 0, 0, 0
2963, 1, 1636417062674, 1636417062942, 268, 0, 268, 0, 0, 0
2964, 1, 1636417062902, 1636417063170, 268, 0, 268, 0, 0, 0
2965, 1, 1636417063174, 1636417063438, 264, 0, 264, 0, 0, 0
2966, 1, 1636417063210, 1636417063474, 264, 0, 264, 0, 0, 0
2967, 1, 1636417063338, 1636417063606, 268, 0, 268, 0, 0, 0
2968, 1, 1636417063390, 1636417063654, 264, 0, 264, 0, 0, 0
2969, 1, 1636417063606, 1636417063874, 268, 1, 267, 1, 0, 1
2970, 1, 1636417063874, 1636417064142, 268, 1, 267, 1, 0, 1
2971, 1, 1636417063930, 1636417064194, 264, 0, 264, 0, 0, 0
2973, 1, 1636417064098, 1636417064362, 264, 0, 264, 0, 0, 0
2972, 1, 1636417064202, 1636417064470, 268, 0, 268, 0, 0, 0
2974, 1, 1636417064474, 1636417064750, 276, 0, 276, 0, 0, 0
2976, 1, 1636417064642, 1636417064906, 264, 0, 264, 0, 0, 0
2975, 1, 1636417064754, 1636417065026, 272, 0, 272, 0, 0, 0
2977, 1, 1636417064814, 1636417065082, 268, 0, 268, 0, 0, 0
2978, 1, 1636417064870, 1636417065134, 264, 0, 264, 0, 0, 0
2979, 1, 1636417065154, 1636417065422, 268, 0, 268, 0, 0, 0
2980, 1, 1636417065366, 1636417065630, 264, 0, 264, 0, 0, 0
2981, 1, 1636417065430, 1636417065698, 268, 0, 268, 0, 0, 0
2982, 1, 1636417065526, 1636417065794, 268, 0, 268, 0, 0, 0
2983, 1, 1636417065546, 1636417065810, 264, 0, 264, 0, 0, 0
2984, 1, 1636417065870, 1636417066138, 268, 0, 268, 0, 0, 0
2985, 1, 1636417066082, 1636417066350, 268, 1, 267, 1, 0, 1
2986, 1, 1636417066138, 1636417066402, 264, 1, 263, 1, 0, 1
2987, 1, 1636417066234, 1636417066502, 268, 0, 268, 0, 0, 0
2988, 1, 1636417066246, 1636417066514, 268, 1, 267, 0, 1, 1
2989, 1, 1636417066586, 1636417066854, 268, 1, 267, 0, 0, 0
2990, 1, 1636417066790, 1636417067058, 268, 1, 267, 1, 0, 1
2991, 1, 1636417066858, 1636417067126, 268, 0, 268, 0, 0, 0
2992, 1, 1636417066946, 1636417067218, 272, 0, 272, 0, 0, 0
2993, 1, 1636417066966, 1636417067234, 268, 0, 268, 0, 0, 0
2994, 1, 1636417067298, 1636417067562, 264, 0, 264, 0, 0, 0
2995, 1, 1636417067510, 1636417067774, 264, 0, 264, 0, 0, 0
2996, 1, 1636417067570, 1636417067834, 264, 0, 264, 0, 0, 0
2997, 1, 1636417067662, 1636417067926, 264, 0, 264, 0, 0, 0
2998, 1, 1636417067682, 1636417067950, 268, 0, 268, 0, 0, 0
2999, 1, 1636417067962, 1636417068230, 268, 0, 268, 0, 0, 0
3000, 1, 1636417068222, 1636417068490, 268, 0, 268, 0, 0, 0
3001, 1, 1636417068238, 1636417068506, 268, 0, 268, 0, 0, 0
3002, 1, 1636417068374, 1636417068638, 264, 0, 264, 0, 0, 0
3003, 1, 1636417068398, 1636417068662, 264, 0, 264, 0, 0, 0
3004, 1, 1636417068678, 1636417068942, 264, 0, 264, 0, 0, 0
3005, 1, 1636417068938, 1636417069202, 264, 0, 264, 0, 0, 0
3006, 1, 1636417068962, 1636417069226, 264, 0, 264, 0, 0, 0
3007, 1, 1636417069086, 1636417069354, 268, 0, 268, 0, 0, 0
3008, 1, 1636417069110, 1636417069378, 268, 0, 268, 0, 0, 0
3009, 1, 1636417069398, 1636417069666, 268, 1, 267, 0, 0, 0
3010, 1, 1636417069658, 1636417069930, 272, 0, 272, 0, 0, 0
3011, 1, 1636417069670, 1636417069934, 264, 0, 264, 0, 0, 0
3012, 1, 1636417069806, 1636417070078, 272, 1, 271, 0, 0, 0
3013, 1, 1636417069822, 1636417070086, 264, 0, 264, 0, 0, 0
3014, 1, 1636417070114, 1636417070378, 264, 0, 264, 0, 0, 0
3015, 1, 1636417070366, 1636417070638, 272, 0, 272, 0, 0, 0
3016, 1, 1636417070382, 1636417070646, 264, 0, 264, 0, 0, 0
3017, 1, 1636417070514, 1636417070778, 264, 1, 263, 0, 0, 0
3018, 1, 1636417070538, 1636417070806, 268, 1, 267, 1, 0, 1
3019, 1, 1636417070818, 1636417071086, 268, 0, 268, 0, 0, 0
3020, 1, 1636417071082, 1636417071354, 272, 0, 272, 0, 0, 0
3021, 1, 1636417071094, 1636417071362, 268, 0, 268, 0, 0, 0
3022, 1, 1636417071226, 1636417071494, 268, 1, 267, 1, 0, 1
3023, 1, 1636417071254, 1636417071522, 268, 0, 268, 0, 0, 0
3024, 1, 1636417071534, 1636417071802, 268, 0, 268, 0, 0, 0
3025, 1, 1636417071790, 1636417072062, 272, 0, 272, 0, 0, 0
3026, 1, 1636417071814, 1636417072082, 268, 0, 268, 0, 0, 0
3027, 1, 1636417071950, 1636417072218, 268, 1, 267, 0, 0, 0
3028, 1, 1636417071970, 1636417072234, 264, 0, 264, 0, 0, 0
3029, 1, 1636417072250, 1636417072518, 268, 1, 267, 0, 1, 1
3030, 1, 1636417072502, 1636417072766, 264, 1, 263, 0, 1, 1
3031, 1, 1636417072526, 1636417072798, 272, 0, 272, 0, 0, 0
3032, 1, 1636417072670, 1636417072934, 264, 0, 264, 0, 0, 0
3033, 1, 1636417072674, 1636417072942, 268, 1, 267, 0, 1, 1
3034, 1, 1636417072966, 1636417073230, 264, 1, 263, 0, 1, 1
3035, 1, 1636417073214, 1636417073478, 264, 0, 264, 0, 0, 0
3036, 1, 1636417073238, 1636417073502, 264, 0, 264, 0, 0, 0
3037, 1, 1636417073390, 1636417073654, 264, 0, 264, 0, 0, 0
3038, 1, 1636417073398, 1636417073666, 268, 1, 267, 0, 1, 1
3039, 1, 1636417073678, 1636417073950, 272, 1, 271, 0, 1, 1
3040, 1, 1636417073922, 1636417074190, 268, 0, 268, 0, 0, 0
3041, 1, 1636417073954, 1636417074218, 264, 0, 264, 0, 0, 0
3043, 1, 1636417074110, 1636417074378, 268, 2, 266, 1, 1, 2
3042, 1, 1636417074110, 1636417074378, 268, 0, 268, 0, 0, 0
3044, 1, 1636417074394, 1636417074666, 272, 0, 272, 0, 0, 0
3045, 1, 1636417074626, 1636417074890, 264, 0, 264, 0, 0, 0
3046, 1, 1636417074674, 1636417074942, 268, 0, 268, 0, 0, 0
3047, 1, 1636417074826, 1636417075090, 264, 0, 264, 0, 0, 0
3048, 1, 1636417074830, 1636417075098, 268, 1, 267, 0, 1, 1
3049, 1, 1636417075118, 1636417075386, 268, 0, 268, 0, 0, 0
3050, 1, 1636417075342, 1636417075606, 264, 1, 263, 0, 1, 1
3051, 1, 1636417075394, 1636417075658, 264, 0, 264, 0, 0, 0
3053, 1, 1636417075542, 1636417075814, 272, 1, 271, 0, 1, 1
3052, 1, 1636417075542, 1636417075814, 272, 1, 271, 1, 0, 1
3054, 1, 1636417075826, 1636417076094, 268, 0, 268, 0, 0, 0
3055, 1, 1636417076046, 1636417076310, 264, 1, 263, 0, 0, 0
3056, 1, 1636417076102, 1636417076374, 272, 0, 272, 0, 0, 0
3058, 1, 1636417076262, 1636417076526, 264, 1, 263, 0, 0, 0
3057, 1, 1636417076258, 1636417076526, 268, 0, 268, 0, 0, 0
3059, 1, 1636417076542, 1636417076814, 272, 0, 272, 0, 0, 0
3060, 1, 1636417076766, 1636417077034, 268, 1, 267, 0, 1, 1
3061, 1, 1636417076826, 1636417077098, 272, 0, 272, 0, 0, 0
3062, 1, 1636417076978, 1636417077246, 268, 1, 267, 0, 1, 1
3063, 1, 1636417077034, 1636417077302, 268, 1, 267, 1, 0, 1
3064, 1, 1636417077258, 1636417077522, 264, 1, 263, 0, 0, 0
3065, 1, 1636417077474, 1636417077746, 272, 0, 272, 0, 0, 0
3066, 1, 1636417077538, 1636417077806, 268, 1, 267, 0, 0, 0
3067, 1, 1636417077690, 1636417077958, 268, 1, 267, 0, 0, 0
3068, 1, 1636417077750, 1636417078014, 264, 0, 264, 0, 0, 0
3069, 1, 1636417077974, 1636417078238, 264, 0, 264, 0, 0, 0
3070, 1, 1636417078178, 1636417078446, 268, 0, 268, 0, 0, 0
3071, 1, 1636417078238, 1636417078506, 268, 1, 267, 1, 0, 1
3072, 1, 1636417078398, 1636417078670, 272, 0, 272, 0, 0, 0
3073, 1, 1636417078458, 1636417078726, 268, 1, 267, 0, 0, 0
3074, 1, 1636417078690, 1636417078954, 264, 1, 263, 0, 1, 1
3075, 1, 1636417078898, 1636417079166, 268, 0, 268, 0, 0, 0
3076, 1, 1636417078962, 1636417079234, 272, 0, 272, 0, 0, 0
3077, 1, 1636417079118, 1636417079386, 268, 0, 268, 0, 0, 0
3078, 1, 1636417079174, 1636417079438, 264, 0, 264, 0, 0, 0
3079, 1, 1636417079402, 1636417079666, 264, 1, 263, 0, 0, 0
3080, 1, 1636417079606, 1636417079874, 268, 0, 268, 0, 0, 0
3081, 1, 1636417079674, 1636417079946, 272, 1, 271, 0, 0, 0
3083, 1, 1636417079882, 1636417080154, 272, 0, 272, 0, 0, 0
3082, 1, 1636417079954, 1636417080226, 272, 0, 272, 0, 0, 0
3084, 1, 1636417080226, 1636417080494, 268, 1, 267, 0, 0, 0
3085, 1, 1636417080326, 1636417080594, 268, 0, 268, 0, 0, 0
3086, 1, 1636417080494, 1636417080762, 268, 1, 267, 0, 0, 0
3087, 1, 1636417080590, 1636417080854, 264, 0, 264, 0, 0, 0
3088, 1, 1636417080634, 1636417080902, 268, 0, 268, 0, 0, 0
3089, 1, 1636417080906, 1636417081174, 268, 0, 268, 0, 0, 0
3090, 1, 1636417081042, 1636417081310, 268, 0, 268, 0, 0, 0
3091, 1, 1636417081182, 1636417081446, 264, 0, 264, 0, 0, 0
3092, 1, 1636417081266, 1636417081534, 268, 0, 268, 0, 0, 0
3093, 1, 1636417081346, 1636417081614, 268, 0, 268, 0, 0, 0
3094, 1, 1636417081618, 1636417081886, 268, 0, 268, 0, 0, 0
3095, 1, 1636417081750, 1636417082018, 268, 0, 268, 0, 0, 0
3096, 1, 1636417081886, 1636417082154, 268, 1, 267, 0, 1, 1
3097, 1, 1636417081986, 1636417082250, 264, 1, 263, 0, 0, 0
3098, 1, 1636417082054, 1636417082318, 264, 0, 264, 0, 0, 0
3099, 1, 1636417082334, 1636417082602, 268, 1, 267, 0, 0, 0
3100, 1, 1636417082462, 1636417082730, 268, 0, 268, 0, 0, 0
3101, 1, 1636417082610, 1636417082878, 268, 0, 268, 0, 0, 0
3102, 1, 1636417082710, 1636417082978, 268, 0, 268, 0, 0, 0
3103, 1, 1636417082734, 1636417083002, 268, 0, 268, 0, 0, 0
3104, 1, 1636417083042, 1636417083310, 268, 0, 268, 0, 0, 0
3105, 1, 1636417083170, 1636417083434, 264, 0, 264, 0, 0, 0
3106, 1, 1636417083318, 1636417083586, 268, 0, 268, 0, 0, 0
3107, 1, 1636417083422, 1636417083686, 264, 0, 264, 0, 0, 0
3108, 1, 1636417083450, 1636417083718, 268, 0, 268, 0, 0, 0
3109, 1, 1636417083750, 1636417084018, 268, 0, 268, 0, 0, 0
3110, 1, 1636417083886, 1636417084158, 272, 1, 271, 0, 0, 0
3111, 1, 1636417084022, 1636417084290, 268, 0, 268, 0, 0, 0
3112, 1, 1636417084134, 1636417084402, 268, 0, 268, 0, 0, 0
3113, 1, 1636417084154, 1636417084418, 264, 0, 264, 0, 0, 0
3114, 1, 1636417084426, 1636417084690, 264, 0, 264, 0, 0, 0
3115, 1, 1636417084594, 1636417084862, 268, 0, 268, 0, 0, 0
3116, 1, 1636417084726, 1636417084994, 268, 0, 268, 0, 0, 0
3117, 1, 1636417084850, 1636417085118, 268, 1, 267, 0, 0, 0
3118, 1, 1636417084858, 1636417085126, 268, 0, 268, 0, 0, 0
3119, 1, 1636417085130, 1636417085394, 264, 0, 264, 0, 0, 0
3120, 1, 1636417085310, 1636417085582, 272, 0, 272, 0, 0, 0
3121, 1, 1636417085402, 1636417085670, 268, 0, 268, 0, 0, 0
3122, 1, 1636417085566, 1636417085834, 268, 1, 267, 0, 0, 0
3123, 1, 1636417085566, 1636417085835, 269, 1, 268, 0, 0, 0
3124, 1, 1636417085834, 1636417086102, 268, 1, 267, 0, 0, 0
3125, 1, 1636417086018, 1636417086286, 268, 0, 268, 0, 0, 0
3126, 1, 1636417086106, 1636417086370, 264, 0, 264, 0, 0, 0
3128, 1, 1636417086282, 1636417086550, 268, 1, 267, 0, 1, 1
3127, 1, 1636417086282, 1636417086550, 268, 1, 267, 0, 1, 1
3129, 1, 1636417086554, 1636417086818, 264, 0, 264, 0, 0, 0
3130, 1, 1636417086742, 1636417087006, 264, 0, 264, 0, 0, 0
3131, 1, 1636417086822, 1636417087094, 272, 0, 272, 0, 0, 0
3132, 1, 1636417086990, 1636417087254, 264, 0, 264, 0, 0, 0
3135, 1, 1636417087458, 1636417087726, 268, 1, 267, 1, 0, 1
3137, 1, 1636417087706, 1636417087974, 268, 1, 267, 0, 1, 1
3138, 1, 1636417088166, 1636417088434, 268, 1, 267, 0, 0, 0
3139, 1, 1636417088410, 1636417088678, 268, 1, 267, 0, 0, 0
3140, 1, 1636417088882, 1636417089150, 268, 1, 267, 0, 1, 1
3141, 1, 1636417089118, 1636417089386, 268, 0, 268, 0, 0, 0
3142, 1, 1636417089598, 1636417089866, 268, 0, 268, 0, 0, 0
3143, 1, 1636417089834, 1636417090102, 268, 0, 268, 0, 0, 0
3144, 1, 1636417090310, 1636417090578, 268, 1, 267, 1, 0, 1
3145, 1, 1636417090546, 1636417090810, 264, 1, 263, 0, 1, 1
3146, 1, 1636417091026, 1636417091294, 268, 0, 268, 0, 0, 0
3147, 1, 1636417091254, 1636417091522, 268, 0, 268, 0, 0, 0
3148, 1, 1636417091746, 1636417092014, 268, 0, 268, 0, 0, 0
3149, 1, 1636417091962, 1636417092231, 269, 1, 268, 0, 1, 1
3150, 1, 1636417092462, 1636417092730, 268, 1, 267, 0, 0, 0
3151, 1, 1636417092678, 1636417092946, 268, 0, 268, 0, 0, 0
3152, 1, 1636417093178, 1636417093446, 268, 0, 268, 0, 0, 0
3153, 1, 1636417093394, 1636417093662, 268, 1, 267, 0, 0, 0
3154, 1, 1636417093886, 1636417094155, 269, 1, 268, 0, 0, 0
3155, 1, 1636417094110, 1636417094378, 268, 1, 267, 0, 0, 0
3156, 1, 1636417094598, 1636417094866, 268, 0, 268, 0, 0, 0
3157, 1, 1636417094818, 1636417095082, 264, 1, 263, 0, 0, 0
3158, 1, 1636417095306, 1636417095574, 268, 0, 268, 0, 0, 0
3159, 1, 1636417095578, 1636417095846, 268, 0, 268, 0, 0, 0
3160, 1, 1636417096018, 1636417096287, 269, 1, 268, 0, 1, 1
3161, 1, 1636417096286, 1636417096554, 268, 1, 267, 0, 0, 0
3162, 1, 1636417096730, 1636417097042, 312, 1, 311, 0, 0, 0
3163, 1, 1636417097002, 1636417097302, 300, 0, 300, 0, 0, 0
3136, 1, 1636417097258, 1636417097522, 264, 0, 264, 0, 0, 0
3164, 1, 1636417097482, 1636417097750, 268, 1, 267, 0, 0, 0
3166, 1, 1636417097566, 1636417097834, 268, 1, 267, 0, 0, 0
3165, 1, 1636417097566, 1636417097834, 268, 1, 267, 0, 1, 1
3167, 1, 1636417097710, 1636417097978, 268, 0, 268, 0, 0, 0
3168, 1, 1636417097926, 1636417098190, 264, 1, 263, 0, 1, 1
3169, 1, 1636417098190, 1636417098454, 264, 1, 263, 0, 0, 0
3171, 1, 1636417098238, 1636417098502, 264, 0, 264, 0, 0, 0
3170, 1, 1636417098238, 1636417098502, 264, 0, 264, 0, 0, 0
3172, 1, 1636417098386, 1636417098654, 268, 1, 267, 0, 1, 1
3173, 1, 1636417098594, 1636417098862, 268, 0, 268, 0, 0, 0
3174, 1, 1636417098870, 1636417099134, 264, 0, 264, 0, 0, 0
3176, 1, 1636417098910, 1636417099178, 268, 1, 267, 0, 0, 0
3175, 1, 1636417098910, 1636417099178, 268, 0, 268, 0, 0, 0
3177, 1, 1636417099102, 1636417099370, 268, 0, 268, 0, 0, 0
3178, 1, 1636417099310, 1636417099578, 268, 1, 267, 1, 0, 1
3179, 1, 1636417099578, 1636417099846, 268, 1, 267, 0, 0, 0
3180, 1, 1636417099622, 1636417099886, 264, 1, 263, 0, 0, 0
3181, 1, 1636417099626, 1636417099890, 264, 0, 264, 0, 0, 0
3182, 1, 1636417099818, 1636417100086, 268, 0, 268, 0, 0, 0
3183, 1, 1636417100022, 1636417100290, 268, 0, 268, 0, 0, 0
3184, 1, 1636417100302, 1636417100570, 268, 0, 268, 0, 0, 0
3185, 1, 1636417100338, 1636417100606, 268, 0, 268, 0, 0, 0
3186, 1, 1636417100338, 1636417100606, 268, 0, 268, 0, 0, 0
3187, 1, 1636417100526, 1636417100794, 268, 1, 267, 0, 0, 0
3188, 1, 1636417100738, 1636417101006, 268, 0, 268, 0, 0, 0
3189, 1, 1636417101006, 1636417101278, 272, 0, 272, 0, 0, 0
3191, 1, 1636417101062, 1636417101326, 264, 0, 264, 0, 0, 0
3190, 1, 1636417101058, 1636417101334, 276, 0, 276, 0, 0, 0
3192, 1, 1636417101246, 1636417101514, 268, 0, 268, 0, 0, 0
3193, 1, 1636417101458, 1636417101722, 264, 1, 263, 0, 1, 1
3195, 1, 1636417101778, 1636417102046, 268, 1, 267, 1, 0, 1
3194, 1, 1636417101778, 1636417102046, 268, 1, 267, 0, 0, 0
3196, 1, 1636417101958, 1636417102226, 268, 0, 268, 0, 0, 0
3197, 1, 1636417102166, 1636417102434, 268, 0, 268, 0, 0, 0
3198, 1, 1636417102482, 1636417102746, 264, 0, 264, 0, 0, 0
3199, 1, 1636417102490, 1636417102762, 272, 1, 271, 0, 0, 0
3200, 1, 1636417102682, 1636417102950, 268, 0, 268, 0, 0, 0
3201, 1, 1636417102890, 1636417103154, 264, 0, 264, 0, 0, 0
3202, 1, 1636417103198, 1636417103466, 268, 0, 268, 0, 0, 0
3203, 1, 1636417103206, 1636417103470, 264, 0, 264, 0, 0, 0
3204, 1, 1636417103394, 1636417103662, 268, 0, 268, 0, 0, 0
3205, 1, 1636417103610, 1636417103878, 268, 1, 267, 0, 1, 1
3206, 1, 1636417103910, 1636417104174, 264, 0, 264, 0, 0, 0
3207, 1, 1636417103930, 1636417104198, 268, 0, 268, 0, 0, 0
3208, 1, 1636417104114, 1636417104382, 268, 1, 267, 1, 0, 1
3209, 1, 1636417104318, 1636417104586, 268, 1, 267, 1, 0, 1
3210, 1, 1636417104622, 1636417104890, 268, 1, 267, 0, 0, 0
3211, 1, 1636417104654, 1636417104922, 268, 0, 268, 0, 0, 0
3212, 1, 1636417104834, 1636417105098, 264, 1, 263, 0, 1, 1
3213, 1, 1636417105042, 1636417105314, 272, 1, 271, 0, 0, 0
3214, 1, 1636417105338, 1636417105602, 264, 0, 264, 0, 0, 0
3215, 1, 1636417105362, 1636417105626, 264, 0, 264, 0, 0, 0
3216, 1, 1636417105538, 1636417105814, 276, 0, 276, 0, 0, 0
3217, 1, 1636417105750, 1636417106018, 268, 1, 267, 0, 1, 1
3218, 1, 1636417106046, 1636417106314, 268, 0, 268, 0, 0, 0
3219, 1, 1636417106070, 1636417106338, 268, 0, 268, 0, 0, 0
3220, 1, 1636417106250, 1636417106514, 264, 0, 264, 0, 0, 0
3221, 1, 1636417106466, 1636417106730, 264, 0, 264, 0, 0, 0
3222, 1, 1636417106770, 1636417107038, 268, 0, 268, 0, 0, 0
3223, 1, 1636417106782, 1636417107050, 268, 0, 268, 0, 0, 0
3224, 1, 1636417106962, 1636417107226, 264, 0, 264, 0, 0, 0
3225, 1, 1636417107186, 1636417107454, 268, 0, 268, 0, 0, 0
3226, 1, 1636417107478, 1636417107742, 264, 0, 264, 0, 0, 0
3227, 1, 1636417107490, 1636417107758, 268, 0, 268, 0, 0, 0
3228, 1, 1636417107682, 1636417107954, 272, 1, 271, 1, 0, 1
3229, 1, 1636417107894, 1636417108162, 268, 0, 268, 0, 0, 0
3230, 1, 1636417108186, 1636417108454, 268, 0, 268, 0, 0, 0
3231, 1, 1636417108210, 1636417108474, 264, 0, 264, 0, 0, 0
3232, 1, 1636417108402, 1636417108666, 264, 0, 264, 0, 0, 0
3233, 1, 1636417108614, 1636417108882, 268, 0, 268, 0, 0, 0
3234, 1, 1636417108898, 1636417109162, 264, 0, 264, 0, 0, 0
3235, 1, 1636417108910, 1636417109182, 272, 0, 272, 0, 0, 0
3236, 1, 1636417109098, 1636417109370, 272, 1, 271, 0, 0, 0
3237, 1, 1636417109330, 1636417109598, 268, 0, 268, 0, 0, 0
3238, 1, 1636417109618, 1636417109890, 272, 1, 271, 1, 0, 1
3239, 1, 1636417109618, 1636417109894, 276, 1, 275, 1, 0, 1
3240, 1, 1636417109818, 1636417110086, 268, 1, 267, 0, 0, 0
3241, 1, 1636417110050, 1636417110322, 272, 0, 272, 0, 0, 0
3242, 1, 1636417110326, 1636417110594, 268, 0, 268, 0, 0, 0
3243, 1, 1636417110342, 1636417110614, 272, 0, 272, 0, 0, 0
3244, 1, 1636417110542, 1636417110814, 272, 1, 271, 0, 0, 0
3245, 1, 1636417110758, 1636417111026, 268, 1, 267, 1, 0, 1
3246, 1, 1636417111046, 1636417111314, 268, 0, 268, 0, 0, 0
3247, 1, 1636417111058, 1636417111322, 264, 0, 264, 0, 0, 0
3248, 1, 1636417111254, 1636417111526, 272, 0, 272, 0, 0, 0
3249, 1, 1636417111482, 1636417111746, 264, 1, 263, 0, 0, 0
3250, 1, 1636417111758, 1636417112026, 268, 1, 267, 0, 1, 1
3251, 1, 1636417111758, 1636417112030, 272, 1, 271, 0, 0, 0
3252, 1, 1636417112190, 1636417112458, 268, 0, 268, 0, 0, 0
3254, 1, 1636417112478, 1636417112743, 265, 1, 264, 0, 1, 1
3253, 1, 1636417112474, 1636417112743, 269, 0, 269, 0, 0, 0
3255, 1, 1636417112910, 1636417113182, 272, 0, 272, 0, 0, 0
3256, 1, 1636417113190, 1636417113458, 268, 1, 267, 0, 1, 1
3257, 1, 1636417113190, 1636417113458, 268, 1, 267, 0, 1, 1
3258, 1, 1636417113622, 1636417113890, 268, 0, 268, 0, 0, 0
3260, 1, 1636417113906, 1636417114170, 264, 0, 264, 0, 0, 0
3259, 1, 1636417113902, 1636417114174, 272, 0, 272, 0, 0, 0
3261, 1, 1636417114342, 1636417114614, 272, 0, 272, 0, 0, 0
3263, 1, 1636417114622, 1636417114886, 264, 1, 263, 0, 0, 0
3262, 1, 1636417114622, 1636417114886, 264, 1, 263, 0, 1, 1
3264, 1, 1636417115058, 1636417115322, 264, 0, 264, 0, 0, 0
3265, 1, 1636417115322, 1636417115586, 264, 0, 264, 0, 0, 0
3266, 1, 1636417115334, 1636417115602, 268, 0, 268, 0, 0, 0
3267, 1, 1636417115770, 1636417116038, 268, 1, 267, 0, 1, 1
3269, 1, 1636417116050, 1636417116318, 268, 0, 268, 0, 0, 0
3268, 1, 1636417116050, 1636417116318, 268, 0, 268, 0, 0, 0
3270, 1, 1636417116482, 1636417116750, 268, 1, 267, 0, 1, 1
3271, 1, 1636417116758, 1636417117030, 272, 0, 272, 0, 0, 0
3272, 1, 1636417117034, 1636417117302, 268, 1, 267, 0, 1, 1
3273, 1, 1636417117198, 1636417117466, 268, 1, 267, 0, 0, 0
3274, 1, 1636417117478, 1636417117746, 268, 0, 268, 0, 0, 0
3275, 1, 1636417117702, 1636417117970, 268, 0, 268, 0, 0, 0
3276, 1, 1636417117906, 1636417118174, 268, 1, 267, 1, 0, 1
3277, 1, 1636417118190, 1636417118454, 264, 0, 264, 0, 0, 0
3278, 1, 1636417118378, 1636417118646, 268, 0, 268, 0, 0, 0
3279, 1, 1636417118634, 1636417118898, 264, 0, 264, 0, 0, 0
3280, 1, 1636417118906, 1636417119174, 268, 0, 268, 0, 0, 0
3281, 1, 1636417119086, 1636417119354, 268, 1, 267, 0, 0, 0
3282, 1, 1636417119330, 1636417119598, 268, 0, 268, 0, 0, 0
3283, 1, 1636417119622, 1636417119890, 268, 0, 268, 0, 0, 0
3284, 1, 1636417119790, 1636417120062, 272, 0, 272, 0, 0, 0
3285, 1, 1636417120054, 1636417120322, 268, 0, 268, 0, 0, 0
3286, 1, 1636417120338, 1636417120610, 272, 0, 272, 0, 0, 0
3287, 1, 1636417120506, 1636417120774, 268, 1, 267, 0, 0, 0
3288, 1, 1636417120774, 1636417121042, 268, 0, 268, 0, 0, 0
3289, 1, 1636417121042, 1636417121306, 264, 1, 263, 0, 0, 0
3290, 1, 1636417121218, 1636417121486, 268, 0, 268, 0, 0, 0
3291, 1, 1636417121478, 1636417121746, 268, 1, 267, 0, 0, 0
3292, 1, 1636417121750, 1636417122018, 268, 0, 268, 0, 0, 0
3293, 1, 1636417122198, 1636417122466, 268, 0, 268, 0, 0, 0
3294, 1, 1636417122458, 1636417122726, 268, 1, 267, 1, 0, 1
3295, 1, 1636417122910, 1636417123178, 268, 1, 267, 0, 1, 1
3296, 1, 1636417123170, 1636417123438, 268, 1, 267, 0, 0, 0
3297, 1, 1636417123890, 1636417124162, 272, 0, 272, 0, 0, 0
3298, 1, 1636417124594, 1636417124863, 269, 1, 268, 0, 0, 0
3299, 1, 1636417125318, 1636417125582, 264, 0, 264, 0, 0, 0
3300, 1, 1636417126038, 1636417126306, 268, 1, 267, 1, 0, 1
