Xid, State, StartTime, EndTime, TransactionTime, ExecuteTime, CommunicationTime, ReadTime, WriteTime, DBTime
53, 1, 1636467354709, 1636467355254, 545, 122, 423, 49, 7, 56
58, 1, 1636467355619, 1636467356024, 405, 5, 400, 2, 0, 2
61, 1, 1636467356291, 1636467356691, 400, 4, 396, 3, 0, 3
64, 1, 1636467356959, 1636467357360, 401, 4, 397, 3, 1, 4
67, 1, 1636467357627, 1636467358028, 401, 4, 397, 3, 0, 3
70, 1, 1636467358295, 1636467358691, 396, 3, 393, 2, 1, 3
73, 1, 1636467358959, 1636467359359, 400, 3, 397, 3, 0, 3
76, 1, 1636467359623, 1636467360019, 396, 3, 393, 2, 0, 2
79, 1, 1636467360283, 1636467360679, 396, 3, 393, 1, 0, 1
82, 1, 1636467360947, 1636467361343, 396, 3, 393, 1, 0, 1
86, 1, 1636467361611, 1636467362011, 400, 3, 397, 2, 0, 2
89, 1, 1636467362283, 1636467362679, 396, 1, 395, 0, 0, 0
92, 1, 1636467362947, 1636467363339, 392, 3, 389, 0, 1, 1
96, 1, 1636467363603, 1636467363995, 392, 3, 389, 0, 1, 1
99, 1, 1636467364259, 1636467364655, 396, 1, 395, 0, 1, 1
102, 1, 1636467364919, 1636467365324, 405, 4, 401, 0, 0, 0
105, 1, 1636467365591, 1636467365943, 352, 2, 350, 0, 1, 1
108, 1, 1636467366207, 1636467366559, 352, 1, 351, 0, 0, 0
111, 1, 1636467366823, 1636467367175, 352, 1, 351, 0, 0, 0
114, 1, 1636467367439, 1636467367791, 352, 1, 351, 0, 0, 0
117, 1, 1636467368059, 1636467368411, 352, 1, 351, 0, 1, 1
120, 1, 1636467368675, 1636467369027, 352, 2, 350, 0, 1, 1
123, 1, 1636467369295, 1636467369647, 352, 0, 352, 0, 0, 0
126, 1, 1636467369911, 1636467370263, 352, 1, 351, 0, 0, 0
129, 1, 1636467370527, 1636467370879, 352, 1, 351, 0, 0, 0
132, 1, 1636467371143, 1636467371495, 352, 0, 352, 0, 0, 0
135, 1, 1636467371759, 1636467372111, 352, 0, 352, 0, 0, 0
138, 1, 1636467372375, 1636467372727, 352, 1, 351, 0, 0, 0
141, 1, 1636467372991, 1636467373343, 352, 0, 352, 0, 0, 0
144, 1, 1636467373607, 1636467373959, 352, 1, 351, 0, 0, 0
147, 1, 1636467374223, 1636467374575, 352, 0, 352, 0, 0, 0
150, 1, 1636467374843, 1636467375195, 352, 0, 352, 0, 0, 0
153, 1, 1636467375459, 1636467375811, 352, 1, 351, 1, 0, 1
156, 1, 1636467376075, 1636467376427, 352, 1, 351, 0, 1, 1
159, 1, 1636467376691, 1636467377043, 352, 0, 352, 0, 0, 0
162, 1, 1636467377307, 1636467377659, 352, 0, 352, 0, 0, 0
165, 1, 1636467377923, 1636467378279, 356, 0, 356, 0, 0, 0
168, 1, 1636467378543, 1636467378895, 352, 0, 352, 0, 0, 0
171, 1, 1636467379151, 1636467379503, 352, 0, 352, 0, 0, 0
174, 1, 1636467379767, 1636467380119, 352, 0, 352, 0, 0, 0
177, 1, 1636467380383, 1636467380735, 352, 0, 352, 0, 0, 0
180, 1, 1636467380999, 1636467381351, 352, 0, 352, 0, 0, 0
183, 1, 1636467381615, 1636467381967, 352, 0, 352, 0, 0, 0
186, 1, 1636467382227, 1636467382579, 352, 0, 352, 0, 0, 0
189, 1, 1636467382843, 1636467383195, 352, 0, 352, 0, 0, 0
192, 1, 1636467383459, 1636467383811, 352, 0, 352, 0, 0, 0
195, 1, 1636467384079, 1636467384423, 344, 0, 344, 0, 0, 0
198, 1, 1636467384687, 1636467385039, 352, 0, 352, 0, 0, 0
201, 1, 1636467385303, 1636467385655, 352, 0, 352, 0, 0, 0
204, 1, 1636467385919, 1636467386271, 352, 0, 352, 0, 0, 0
207, 1, 1636467386531, 1636467386879, 348, 0, 348, 0, 0, 0
210, 1, 1636467387143, 1636467387495, 352, 0, 352, 0, 0, 0
213, 1, 1636467387759, 1636467388115, 356, 0, 356, 0, 0, 0
216, 1, 1636467388379, 1636467388727, 348, 0, 348, 0, 0, 0
219, 1, 1636467388991, 1636467389339, 348, 0, 348, 0, 0, 0
222, 1, 1636467389603, 1636467389955, 352, 0, 352, 0, 0, 0
225, 1, 1636467390219, 1636467390571, 352, 0, 352, 0, 0, 0
228, 1, 1636467390835, 1636467391187, 352, 0, 352, 0, 0, 0
231, 1, 1636467391451, 1636467391803, 352, 0, 352, 0, 0, 0
234, 1, 1636467392067, 1636467392419, 352, 0, 352, 0, 0, 0
237, 1, 1636467392683, 1636467393035, 352, 0, 352, 0, 0, 0
241, 1, 1636467393299, 1636467393651, 352, 0, 352, 0, 0, 0
244, 1, 1636467393911, 1636467394263, 352, 0, 352, 0, 0, 0
247, 1, 1636467394527, 1636467394879, 352, 0, 352, 0, 0, 0
250, 1, 1636467395143, 1636467395499, 356, 3, 353, 2, 1, 3
253, 1, 1636467395763, 1636467396111, 348, 0, 348, 0, 0, 0
256, 1, 1636467396375, 1636467396727, 352, 0, 352, 0, 0, 0
259, 1, 1636467396991, 1636467397343, 352, 2, 350, 1, 0, 1
262, 1, 1636467397607, 1636467397959, 352, 1, 351, 0, 1, 1
265, 1, 1636467398223, 1636467398571, 348, 1, 347, 0, 0, 0
268, 1, 1636467398835, 1636467399191, 356, 0, 356, 0, 0, 0
271, 1, 1636467399455, 1636467399807, 352, 0, 352, 0, 0, 0
274, 1, 1636467400067, 1636467400411, 344, 0, 344, 0, 0, 0
277, 1, 1636467400675, 1636467401027, 352, 0, 352, 0, 0, 0
280, 1, 1636467401291, 1636467401643, 352, 0, 352, 0, 0, 0
283, 1, 1636467401907, 1636467402263, 356, 0, 356, 0, 0, 0
286, 1, 1636467402527, 1636467402879, 352, 0, 352, 0, 0, 0
289, 1, 1636467403143, 1636467403495, 352, 0, 352, 0, 0, 0
292, 1, 1636467403759, 1636467404111, 352, 0, 352, 0, 0, 0
295, 1, 1636467404375, 1636467404723, 348, 0, 348, 0, 0, 0
298, 1, 1636467404983, 1636467405335, 352, 0, 352, 0, 0, 0
301, 1, 1636467405603, 1636467405963, 360, 0, 360, 0, 0, 0
304, 1, 1636467406227, 1636467406579, 352, 0, 352, 0, 0, 0
307, 1, 1636467406843, 1636467407195, 352, 0, 352, 0, 0, 0
310, 1, 1636467407459, 1636467407811, 352, 0, 352, 0, 0, 0
313, 1, 1636467408075, 1636467408427, 352, 0, 352, 0, 0, 0
316, 1, 1636467408691, 1636467409043, 352, 0, 352, 0, 0, 0
319, 1, 1636467409303, 1636467409655, 352, 0, 352, 0, 0, 0
322, 1, 1636467409919, 1636467410271, 352, 0, 352, 0, 0, 0
325, 1, 1636467410539, 1636467410891, 352, 0, 352, 0, 0, 0
328, 1, 1636467411151, 1636467411503, 352, 0, 352, 0, 0, 0
331, 1, 1636467411771, 1636467412123, 352, 0, 352, 0, 0, 0
334, 1, 1636467412387, 1636467412735, 348, 0, 348, 0, 0, 0
337, 1, 1636467412999, 1636467413351, 352, 0, 352, 0, 0, 0
340, 1, 1636467413615, 1636467413963, 348, 0, 348, 0, 0, 0
343, 1, 1636467414227, 1636467414579, 352, 0, 352, 0, 0, 0
346, 1, 1636467414843, 1636467415191, 348, 0, 348, 0, 0, 0
349, 1, 1636467415455, 1636467415807, 352, 0, 352, 0, 0, 0
352, 1, 1636467416075, 1636467416427, 352, 0, 352, 0, 0, 0
355, 1, 1636467416691, 1636467417043, 352, 0, 352, 0, 0, 0
357, 1, 1636467417307, 1636467417659, 352, 0, 352, 0, 0, 0
360, 1, 1636467417923, 1636467418275, 352, 0, 352, 0, 0, 0
363, 1, 1636467418539, 1636467418891, 352, 0, 352, 0, 0, 0
366, 1, 1636467419155, 1636467419507, 352, 0, 352, 0, 0, 0
369, 1, 1636467419767, 1636467420123, 356, 0, 356, 0, 0, 0
372, 1, 1636467420387, 1636467420739, 352, 0, 352, 0, 0, 0
375, 1, 1636467421003, 1636467421351, 348, 0, 348, 0, 0, 0
378, 1, 1636467421615, 1636467421967, 352, 0, 352, 0, 0, 0
381, 1, 1636467422231, 1636467422583, 352, 0, 352, 0, 0, 0
384, 1, 1636467422843, 1636467423195, 352, 0, 352, 0, 0, 0
387, 1, 1636467423459, 1636467423807, 348, 0, 348, 0, 0, 0
390, 1, 1636467424075, 1636467424427, 352, 0, 352, 0, 0, 0
393, 1, 1636467424691, 1636467425043, 352, 0, 352, 0, 0, 0
396, 1, 1636467425307, 1636467425663, 356, 0, 356, 0, 0, 0
399, 1, 1636467425927, 1636467426275, 348, 0, 348, 0, 0, 0
402, 1, 1636467426539, 1636467426887, 348, 0, 348, 0, 0, 0
405, 1, 1636467427151, 1636467427507, 356, 0, 356, 0, 0, 0
408, 1, 1636467427771, 1636467428123, 352, 0, 352, 0, 0, 0
411, 1, 1636467428387, 1636467428735, 348, 0, 348, 0, 0, 0
414, 1, 1636467428999, 1636467429351, 352, 0, 352, 0, 0, 0
417, 1, 1636467429619, 1636467429971, 352, 0, 352, 0, 0, 0
420, 1, 1636467430231, 1636467430579, 348, 1, 347, 0, 0, 0
423, 1, 1636467430843, 1636467431199, 356, 0, 356, 0, 0, 0
426, 1, 1636467431459, 1636467431811, 352, 0, 352, 0, 0, 0
429, 1, 1636467432075, 1636467432423, 348, 0, 348, 0, 0, 0
432, 1, 1636467432687, 1636467433039, 352, 0, 352, 0, 0, 0
435, 1, 1636467433299, 1636467433655, 356, 0, 356, 0, 0, 0
438, 1, 1636467433919, 1636467434271, 352, 0, 352, 0, 0, 0
441, 1, 1636467434535, 1636467434883, 348, 0, 348, 0, 0, 0
444, 1, 1636467435147, 1636467435495, 348, 0, 348, 0, 0, 0
447, 1, 1636467435759, 1636467436107, 348, 0, 348, 0, 0, 0
450, 1, 1636467436367, 1636467436719, 352, 0, 352, 0, 0, 0
453, 1, 1636467436979, 1636467437331, 352, 0, 352, 0, 0, 0
456, 1, 1636467437595, 1636467437943, 348, 0, 348, 0, 0, 0
459, 1, 1636467438207, 1636467438555, 348, 0, 348, 0, 0, 0
462, 1, 1636467438827, 1636467439179, 352, 0, 352, 0, 0, 0
465, 1, 1636467439443, 1636467439795, 352, 0, 352, 0, 0, 0
468, 1, 1636467440059, 1636467440411, 352, 0, 352, 0, 0, 0
471, 1, 1636467440675, 1636467441027, 352, 0, 352, 0, 0, 0
474, 1, 1636467441287, 1636467441639, 352, 0, 352, 0, 0, 0
477, 1, 1636467441903, 1636467442255, 352, 0, 352, 0, 0, 0
480, 1, 1636467442519, 1636467442871, 352, 0, 352, 0, 0, 0
483, 1, 1636467443135, 1636467443487, 352, 0, 352, 0, 0, 0
486, 1, 1636467443751, 1636467444103, 352, 0, 352, 0, 0, 0
490, 1, 1636467444367, 1636467444719, 352, 0, 352, 0, 0, 0
493, 1, 1636467444983, 1636467445339, 356, 0, 356, 0, 0, 0
496, 1, 1636467445603, 1636467445951, 348, 0, 348, 0, 0, 0
499, 1, 1636467446215, 1636467446571, 356, 0, 356, 0, 0, 0
502, 1, 1636467446835, 1636467447187, 352, 0, 352, 0, 0, 0
505, 1, 1636467447451, 1636467447803, 352, 0, 352, 0, 0, 0
508, 1, 1636467448067, 1636467448419, 352, 0, 352, 0, 0, 0
511, 1, 1636467448679, 1636467449035, 356, 0, 356, 0, 0, 0
514, 1, 1636467449299, 1636467449651, 352, 0, 352, 0, 0, 0
517, 1, 1636467449915, 1636467450267, 352, 0, 352, 0, 0, 0
520, 1, 1636467450531, 1636467450883, 352, 0, 352, 0, 0, 0
523, 1, 1636467451151, 1636467451507, 356, 0, 356, 0, 0, 0
526, 1, 1636467451771, 1636467452123, 352, 0, 352, 0, 0, 0
529, 1, 1636467452387, 1636467452735, 348, 0, 348, 0, 0, 0
532, 1, 1636467452999, 1636467453347, 348, 0, 348, 0, 0, 0
535, 1, 1636467453603, 1636467453955, 352, 0, 352, 0, 0, 0
538, 1, 1636467454215, 1636467454567, 352, 0, 352, 0, 0, 0
540, 1, 1636467454831, 1636467455179, 348, 0, 348, 0, 0, 0
542, 1, 1636467455439, 1636467455791, 352, 0, 352, 0, 0, 0
544, 1, 1636467456055, 1636467456403, 348, 0, 348, 0, 0, 0
546, 1, 1636467456667, 1636467457019, 352, 0, 352, 0, 0, 0
548, 1, 1636467457279, 1636467457631, 352, 0, 352, 0, 0, 0
550, 1, 1636467457891, 1636467458243, 352, 0, 352, 0, 0, 0
552, 1, 1636467458507, 1636467458859, 352, 0, 352, 0, 0, 0
554, 1, 1636467459123, 1636467459475, 352, 0, 352, 0, 0, 0
556, 1, 1636467459739, 1636467460087, 348, 0, 348, 0, 0, 0
558, 1, 1636467460351, 1636467460699, 348, 0, 348, 0, 0, 0
560, 1, 1636467460963, 1636467461311, 348, 0, 348, 0, 0, 0
562, 1, 1636467461575, 1636467461923, 348, 0, 348, 0, 0, 0
564, 1, 1636467462187, 1636467462539, 352, 0, 352, 0, 0, 0
566, 1, 1636467462803, 1636467463155, 352, 0, 352, 0, 0, 0
568, 1, 1636467463419, 1636467463767, 348, 0, 348, 0, 0, 0
570, 1, 1636467464031, 1636467464383, 352, 0, 352, 0, 0, 0
572, 1, 1636467464647, 1636467464995, 348, 0, 348, 0, 0, 0
574, 1, 1636467465259, 1636467465611, 352, 0, 352, 0, 0, 0
576, 1, 1636467465871, 1636467466223, 352, 0, 352, 0, 0, 0
578, 1, 1636467466487, 1636467466843, 356, 0, 356, 0, 0, 0
580, 1, 1636467467107, 1636467467459, 352, 0, 352, 0, 0, 0
582, 1, 1636467467723, 1636467468071, 348, 0, 348, 0, 0, 0
584, 1, 1636467468335, 1636467468691, 356, 0, 356, 0, 0, 0
585, 1, 1636467468955, 1636467469299, 344, 0, 344, 0, 0, 0
586, 1, 1636467469567, 1636467469919, 352, 0, 352, 0, 0, 0
587, 1, 1636467470187, 1636467470539, 352, 0, 352, 0, 0, 0
588, 1, 1636467470803, 1636467471159, 356, 0, 356, 0, 0, 0
589, 1, 1636467471423, 1636467471783, 360, 0, 360, 0, 0, 0
590, 1, 1636467472051, 1636467472403, 352, 0, 352, 0, 0, 0
591, 1, 1636467472667, 1636467473019, 352, 0, 352, 0, 0, 0
592, 1, 1636467473291, 1636467473647, 356, 0, 356, 0, 0, 0
593, 1, 1636467473911, 1636467474263, 352, 0, 352, 0, 0, 0
594, 1, 1636467474527, 1636467474879, 352, 0, 352, 0, 0, 0
595, 1, 1636467475147, 1636467475503, 356, 0, 356, 0, 0, 0
596, 1, 1636467475771, 1636467476127, 356, 0, 356, 0, 0, 0
597, 1, 1636467476395, 1636467476751, 356, 0, 356, 0, 0, 0
598, 1, 1636467477019, 1636467477371, 352, 0, 352, 0, 0, 0
599, 1, 1636467477635, 1636467477983, 348, 0, 348, 0, 0, 0
600, 1, 1636467478251, 1636467478603, 352, 0, 352, 0, 0, 0
601, 1, 1636467614923, 1636467615167, 244, 12, 232, 0, 0, 0
602, 1, 1636467615387, 1636467615603, 216, 0, 216, 0, 0, 0
603, 1, 1636467615827, 1636467616047, 220, 0, 220, 0, 0, 0
604, 1, 1636467616423, 1636467616639, 216, 0, 216, 0, 0, 0
605, 1, 1636467617295, 1636467617507, 212, 0, 212, 0, 0, 0
606, 1, 1636467617735, 1636467617951, 216, 0, 216, 0, 0, 0
607, 1, 1636467618591, 1636467618804, 213, 0, 213, 0, 0, 0
608, 1, 1636467618735, 1636467618947, 212, 0, 212, 0, 0, 0
609, 1, 1636467619103, 1636467619319, 216, 0, 216, 0, 0, 0
610, 1, 1636467619207, 1636467619423, 216, 0, 216, 0, 0, 0
611, 1, 1636467619711, 1636467619927, 216, 0, 216, 0, 0, 0
612, 1, 1636467619727, 1636467619943, 216, 1, 215, 1, 0, 1
613, 1, 1636467620335, 1636467620551, 216, 0, 216, 0, 0, 0
614, 1, 1636467620375, 1636467620591, 216, 0, 216, 0, 0, 0
615, 1, 1636467620955, 1636467621167, 212, 0, 212, 0, 0, 0
616, 1, 1636467621423, 1636467621643, 220, 1, 219, 0, 0, 0
617, 1, 1636467621955, 1636467622127, 172, 0, 172, 0, 0, 0
618, 1, 1636467622171, 1636467622343, 172, 1, 171, 0, 1, 1
619, 1, 1636467622351, 1636467622523, 172, 1, 171, 1, 0, 1
620, 1, 1636467622543, 1636467622715, 172, 0, 172, 0, 0, 0
621, 1, 1636467622687, 1636467622859, 172, 0, 172, 0, 0, 0
622, 1, 1636467622859, 1636467623031, 172, 1, 171, 0, 0, 0
623, 1, 1636467623055, 1636467623227, 172, 0, 172, 0, 0, 0
625, 1, 1636467623307, 1636467623479, 172, 1, 171, 0, 0, 0
624, 1, 1636467623307, 1636467623483, 176, 1, 175, 0, 0, 0
626, 1, 1636467623623, 1636467623795, 172, 0, 172, 0, 0, 0
627, 1, 1636467623959, 1636467624131, 172, 0, 172, 0, 0, 0
628, 1, 1636467623987, 1636467624159, 172, 0, 172, 0, 0, 0
629, 1, 1636467624195, 1636467624367, 172, 0, 172, 0, 0, 0
630, 1, 1636467624539, 1636467624711, 172, 0, 172, 0, 0, 0
631, 1, 1636467624911, 1636467625083, 172, 0, 172, 0, 0, 0
632, 1, 1636467625023, 1636467625195, 172, 0, 172, 0, 0, 0
633, 1, 1636467625527, 1636467625699, 172, 0, 172, 0, 0, 0
634, 1, 1636467625827, 1636467625999, 172, 0, 172, 0, 0, 0
635, 1, 1636467626131, 1636467626303, 172, 0, 172, 0, 0, 0
636, 1, 1636467626219, 1636467626391, 172, 0, 172, 0, 0, 0
637, 1, 1636467626235, 1636467626407, 172, 0, 172, 0, 0, 0
638, 1, 1636467626643, 1636467626815, 172, 0, 172, 0, 0, 0
639, 1, 1636467626647, 1636467626819, 172, 1, 171, 0, 0, 0
640, 1, 1636467626755, 1636467626927, 172, 0, 172, 0, 0, 0
641, 1, 1636467627151, 1636467627323, 172, 1, 171, 1, 0, 1
643, 1, 1636467627267, 1636467627439, 172, 0, 172, 0, 0, 0
642, 1, 1636467627311, 1636467627483, 172, 0, 172, 0, 0, 0
645, 1, 1636467627495, 1636467627671, 176, 0, 176, 0, 0, 0
646, 1, 1636467627603, 1636467627787, 184, 0, 184, 0, 0, 0
644, 1, 1636467627663, 1636467627839, 176, 0, 176, 0, 0, 0
647, 1, 1636467627895, 1636467628071, 176, 0, 176, 0, 0, 0
648, 1, 1636467627915, 1636467628091, 176, 0, 176, 0, 0, 0
649, 1, 1636467628283, 1636467628455, 172, 0, 172, 0, 0, 0
650, 1, 1636467628783, 1636467628955, 172, 0, 172, 0, 0, 0
651, 1, 1636467628827, 1636467628999, 172, 0, 172, 0, 0, 0
652, 1, 1636467629319, 1636467629491, 172, 0, 172, 0, 0, 0
653, 1, 1636467629399, 1636467629571, 172, 0, 172, 0, 0, 0
654, 1, 1636467629787, 1636467629959, 172, 0, 172, 0, 0, 0
655, 1, 1636467630087, 1636467630259, 172, 0, 172, 0, 0, 0
656, 1, 1636467630195, 1636467630367, 172, 0, 172, 0, 0, 0
657, 1, 1636467630427, 1636467630599, 172, 0, 172, 0, 0, 0
658, 1, 1636467630691, 1636467630867, 176, 0, 176, 0, 0, 0
659, 1, 1636467630711, 1636467630887, 176, 0, 176, 0, 0, 0
660, 1, 1636467630879, 1636467631051, 172, 0, 172, 0, 0, 0
661, 1, 1636467630939, 1636467631111, 172, 0, 172, 0, 0, 0
662, 1, 1636467631319, 1636467631491, 172, 0, 172, 0, 0, 0
663, 1, 1636467631323, 1636467631495, 172, 0, 172, 0, 0, 0
664, 1, 1636467631455, 1636467631627, 172, 0, 172, 0, 0, 0
665, 1, 1636467631567, 1636467631739, 172, 0, 172, 0, 0, 0
666, 1, 1636467631815, 1636467631987, 172, 0, 172, 0, 0, 0
667, 1, 1636467631851, 1636467632023, 172, 0, 172, 0, 0, 0
668, 1, 1636467632211, 1636467632383, 172, 0, 172, 0, 0, 0
669, 1, 1636467632327, 1636467632499, 172, 0, 172, 0, 0, 0
670, 1, 1636467632743, 1636467632915, 172, 0, 172, 0, 0, 0
671, 1, 1636467632871, 1636467633043, 172, 0, 172, 0, 0, 0
672, 1, 1636467633355, 1636467633527, 172, 0, 172, 0, 0, 0
673, 1, 1636467633367, 1636467633539, 172, 0, 172, 0, 0, 0
674, 1, 1636467634047, 1636467634223, 176, 0, 176, 0, 0, 0
675, 1, 1636467634083, 1636467634259, 176, 0, 176, 0, 0, 0
676, 1, 1636467634471, 1636467634643, 172, 0, 172, 0, 0, 0
677, 1, 1636467634487, 1636467634659, 172, 0, 172, 0, 0, 0
678, 1, 1636467634519, 1636467634691, 172, 0, 172, 0, 0, 0
679, 1, 1636467634843, 1636467635019, 176, 0, 176, 0, 0, 0
680, 1, 1636467634983, 1636467635155, 172, 0, 172, 0, 0, 0
681, 1, 1636467635007, 1636467635179, 172, 0, 172, 0, 0, 0
682, 1, 1636467635159, 1636467635331, 172, 0, 172, 0, 0, 0
683, 1, 1636467635283, 1636467635455, 172, 0, 172, 0, 0, 0
684, 1, 1636467635751, 1636467635923, 172, 0, 172, 0, 0, 0
685, 1, 1636467635771, 1636467635943, 172, 0, 172, 0, 0, 0
686, 1, 1636467635779, 1636467635951, 172, 0, 172, 0, 0, 0
688, 1, 1636467636151, 1636467636323, 172, 0, 172, 0, 0, 0
687, 1, 1636467636151, 1636467636323, 172, 1, 171, 0, 0, 0
689, 1, 1636467636259, 1636467636431, 172, 0, 172, 0, 0, 0
690, 1, 1636467636711, 1636467636883, 172, 0, 172, 0, 0, 0
691, 1, 1636467637035, 1636467637207, 172, 0, 172, 0, 0, 0
692, 1, 1636467637187, 1636467637359, 172, 0, 172, 0, 0, 0
693, 1, 1636467637651, 1636467637823, 172, 0, 172, 0, 0, 0
694, 1, 1636467638287, 1636467638459, 172, 0, 172, 0, 0, 0
695, 1, 1636467638295, 1636467638467, 172, 0, 172, 0, 0, 0
696, 1, 1636467638339, 1636467638511, 172, 0, 172, 0, 0, 0
698, 1, 1636467638579, 1636467638751, 172, 0, 172, 0, 0, 0
697, 1, 1636467638635, 1636467638807, 172, 0, 172, 0, 0, 0
699, 1, 1636467638807, 1636467638979, 172, 0, 172, 0, 0, 0
700, 1, 1636467639051, 1636467639223, 172, 0, 172, 0, 0, 0
701, 1, 1636467639083, 1636467639255, 172, 0, 172, 0, 0, 0
702, 1, 1636467639223, 1636467639395, 172, 0, 172, 0, 0, 0
703, 1, 1636467639579, 1636467639751, 172, 0, 172, 0, 0, 0
704, 1, 1636467639591, 1636467639763, 172, 0, 172, 0, 0, 0
705, 1, 1636467639795, 1636467639967, 172, 0, 172, 0, 0, 0
706, 1, 1636467639843, 1636467640015, 172, 0, 172, 0, 0, 0
707, 1, 1636467640079, 1636467640251, 172, 0, 172, 0, 0, 0
708, 1, 1636467640195, 1636467640367, 172, 0, 172, 0, 0, 0
709, 1, 1636467640215, 1636467640387, 172, 0, 172, 0, 0, 0
710, 1, 1636467640775, 1636467640947, 172, 0, 172, 0, 0, 0
711, 1, 1636467641087, 1636467641259, 172, 0, 172, 0, 0, 0
712, 1, 1636467641255, 1636467641427, 172, 0, 172, 0, 0, 0
713, 1, 1636467641695, 1636467641867, 172, 0, 172, 0, 0, 0
714, 1, 1636467642107, 1636467642279, 172, 0, 172, 0, 0, 0
715, 1, 1636467642359, 1636467642531, 172, 0, 172, 0, 0, 0
716, 1, 1636467642387, 1636467642571, 184, 0, 184, 0, 0, 0
717, 1, 1636467642455, 1636467642627, 172, 0, 172, 0, 0, 0
718, 1, 1636467642855, 1636467643027, 172, 0, 172, 0, 0, 0
719, 1, 1636467642875, 1636467643047, 172, 1, 171, 0, 0, 0
720, 1, 1636467642875, 1636467643051, 176, 0, 176, 0, 0, 0
721, 1, 1636467643127, 1636467643299, 172, 0, 172, 0, 0, 0
722, 1, 1636467643495, 1636467643667, 172, 0, 172, 0, 0, 0
723, 1, 1636467643619, 1636467643791, 172, 0, 172, 0, 0, 0
724, 1, 1636467643623, 1636467643795, 172, 0, 172, 0, 0, 0
725, 1, 1636467643659, 1636467643831, 172, 0, 172, 0, 0, 0
726, 1, 1636467644015, 1636467644187, 172, 0, 172, 0, 0, 0
727, 1, 1636467644115, 1636467644287, 172, 0, 172, 0, 0, 0
728, 1, 1636467644143, 1636467644315, 172, 0, 172, 0, 0, 0
729, 1, 1636467644491, 1636467644663, 172, 0, 172, 0, 0, 0
730, 1, 1636467644907, 1636467645079, 172, 0, 172, 0, 0, 0
731, 1, 1636467645051, 1636467645223, 172, 0, 172, 0, 0, 0
732, 1, 1636467645523, 1636467645695, 172, 0, 172, 0, 0, 0
733, 1, 1636467645527, 1636467645699, 172, 0, 172, 0, 0, 0
734, 1, 1636467646175, 1636467646347, 172, 0, 172, 0, 0, 0
735, 1, 1636467646351, 1636467646523, 172, 0, 172, 0, 0, 0
736, 1, 1636467646523, 1636467646695, 172, 0, 172, 0, 0, 0
737, 1, 1636467646639, 1636467646811, 172, 0, 172, 0, 0, 0
738, 1, 1636467646951, 1636467647123, 172, 0, 172, 0, 0, 0
739, 1, 1636467646999, 1636467647171, 172, 0, 172, 0, 0, 0
740, 1, 1636467647007, 1636467647179, 172, 0, 172, 0, 0, 0
741, 1, 1636467647147, 1636467647319, 172, 0, 172, 0, 0, 0
742, 1, 1636467647451, 1636467647623, 172, 0, 172, 0, 0, 0
743, 1, 1636467647647, 1636467647819, 172, 0, 172, 0, 0, 0
744, 1, 1636467647687, 1636467647859, 172, 0, 172, 0, 0, 0
745, 1, 1636467647935, 1636467648107, 172, 0, 172, 0, 0, 0
746, 1, 1636467648079, 1636467648251, 172, 0, 172, 0, 0, 0
747, 1, 1636467648267, 1636467648439, 172, 0, 172, 0, 0, 0
748, 1, 1636467648419, 1636467648591, 172, 0, 172, 0, 0, 0
749, 1, 1636467648643, 1636467648815, 172, 0, 172, 0, 0, 0
750, 1, 1636467648971, 1636467649143, 172, 0, 172, 0, 0, 0
751, 1, 1636467649203, 1636467649375, 172, 0, 172, 0, 0, 0
752, 1, 1636467649587, 1636467649759, 172, 0, 172, 0, 0, 0
753, 1, 1636467649847, 1636467650019, 172, 0, 172, 0, 0, 0
754, 1, 1636467650419, 1636467650591, 172, 0, 172, 0, 0, 0
755, 1, 1636467650447, 1636467650619, 172, 0, 172, 0, 0, 0
757, 1, 1636467650791, 1636467650963, 172, 0, 172, 0, 0, 0
756, 1, 1636467650799, 1636467650971, 172, 0, 172, 0, 0, 0
758, 1, 1636467651015, 1636467651187, 172, 0, 172, 0, 0, 0
759, 1, 1636467651091, 1636467651263, 172, 0, 172, 0, 0, 0
760, 1, 1636467651275, 1636467651447, 172, 0, 172, 0, 0, 0
761, 1, 1636467651295, 1636467651467, 172, 0, 172, 0, 0, 0
762, 1, 1636467651511, 1636467651683, 172, 0, 172, 0, 0, 0
763, 1, 1636467651735, 1636467651911, 176, 0, 176, 0, 0, 0
764, 1, 1636467651963, 1636467652135, 172, 0, 172, 0, 0, 0
765, 1, 1636467652083, 1636467652255, 172, 0, 172, 0, 0, 0
766, 1, 1636467652311, 1636467652487, 176, 0, 176, 0, 0, 0
767, 1, 1636467652350, 1636467652523, 173, 1, 172, 0, 0, 0
768, 1, 1636467652571, 1636467652743, 172, 0, 172, 0, 0, 0
769, 1, 1636467652727, 1636467652899, 172, 0, 172, 0, 0, 0
770, 1, 1636467652999, 1636467653171, 172, 0, 172, 0, 0, 0
771, 1, 1636467653291, 1636467653463, 172, 0, 172, 0, 0, 0
772, 1, 1636467653859, 1636467654031, 172, 0, 172, 0, 0, 0
773, 1, 1636467653935, 1636467654107, 172, 0, 172, 0, 0, 0
774, 1, 1636467654599, 1636467654771, 172, 0, 172, 0, 0, 0
775, 1, 1636467654691, 1636467654863, 172, 0, 172, 0, 0, 0
777, 1, 1636467654779, 1636467654951, 172, 0, 172, 0, 0, 0
778, 1, 1636467654871, 1636467655043, 172, 0, 172, 0, 0, 0
776, 1, 1636467654947, 1636467655119, 172, 0, 172, 0, 0, 0
779, 1, 1636467655291, 1636467655463, 172, 0, 172, 0, 0, 0
780, 1, 1636467655379, 1636467655551, 172, 0, 172, 0, 0, 0
781, 1, 1636467655423, 1636467655595, 172, 0, 172, 0, 0, 0
782, 1, 1636467655427, 1636467655599, 172, 0, 172, 0, 0, 0
783, 1, 1636467655787, 1636467655959, 172, 0, 172, 0, 0, 0
784, 1, 1636467656107, 1636467656283, 176, 0, 176, 0, 0, 0
785, 1, 1636467656171, 1636467656343, 172, 0, 172, 0, 0, 0
786, 1, 1636467656227, 1636467656399, 172, 1, 171, 0, 1, 1
787, 1, 1636467656459, 1636467656639, 180, 0, 180, 0, 0, 0
788, 1, 1636467656579, 1636467656755, 176, 0, 176, 0, 0, 0
789, 1, 1636467656659, 1636467656835, 176, 0, 176, 0, 0, 0
790, 1, 1636467656979, 1636467657151, 172, 0, 172, 0, 0, 0
791, 1, 1636467657151, 1636467657323, 172, 0, 172, 0, 0, 0
792, 1, 1636467657623, 1636467657795, 172, 0, 172, 0, 0, 0
793, 1, 1636467658007, 1636467658179, 172, 0, 172, 0, 0, 0
794, 1, 1636467658559, 1636467658731, 172, 0, 172, 0, 0, 0
795, 1, 1636467658611, 1636467658783, 172, 0, 172, 0, 0, 0
796, 1, 1636467658683, 1636467658855, 172, 0, 172, 0, 0, 0
797, 1, 1636467658843, 1636467659015, 172, 0, 172, 0, 0, 0
798, 1, 1636467659051, 1636467659227, 176, 0, 176, 0, 0, 0
799, 1, 1636467659071, 1636467659243, 172, 0, 172, 0, 0, 0
800, 1, 1636467659351, 1636467659523, 172, 0, 172, 0, 0, 0
801, 1, 1636467659439, 1636467659611, 172, 0, 172, 0, 0, 0
802, 1, 1636467659515, 1636467659687, 172, 0, 172, 0, 0, 0
803, 1, 1636467659859, 1636467660031, 172, 0, 172, 0, 0, 0
804, 1, 1636467659935, 1636467660107, 172, 0, 172, 0, 0, 0
805, 1, 1636467660159, 1636467660331, 172, 0, 172, 0, 0, 0
806, 1, 1636467660195, 1636467660371, 176, 0, 176, 0, 0, 0
808, 1, 1636467660375, 1636467660547, 172, 0, 172, 0, 0, 0
807, 1, 1636467660511, 1636467660683, 172, 0, 172, 0, 0, 0
809, 1, 1636467660547, 1636467660719, 172, 0, 172, 0, 0, 0
810, 1, 1636467660911, 1636467661083, 172, 0, 172, 0, 0, 0
811, 1, 1636467661235, 1636467661407, 172, 0, 172, 0, 0, 0
812, 1, 1636467661455, 1636467661627, 172, 0, 172, 0, 0, 0
813, 1, 1636467662103, 1636467662275, 172, 0, 172, 0, 0, 0
814, 1, 1636467662331, 1636467662503, 172, 0, 172, 0, 0, 0
815, 1, 1636467662391, 1636467662563, 172, 0, 172, 0, 0, 0
816, 1, 1636467662679, 1636467662851, 172, 0, 172, 0, 0, 0
818, 1, 1636467662927, 1636467663099, 172, 0, 172, 0, 0, 0
819, 1, 1636467662999, 1636467663171, 172, 0, 172, 0, 0, 0
817, 1, 1636467663023, 1636467663195, 172, 0, 172, 0, 0, 0
821, 1, 1636467663375, 1636467663547, 172, 0, 172, 0, 0, 0
822, 1, 1636467663531, 1636467663703, 172, 0, 172, 0, 0, 0
820, 1, 1636467663723, 1636467663895, 172, 0, 172, 0, 0, 0
823, 1, 1636467663787, 1636467663959, 172, 0, 172, 0, 0, 0
826, 1, 1636467664023, 1636467664195, 172, 0, 172, 0, 0, 0
825, 1, 1636467664071, 1636467664243, 172, 0, 172, 0, 0, 0
828, 1, 1636467664307, 1636467664479, 172, 0, 172, 0, 0, 0
835, 1, 1636467666451, 1636467666623, 172, 0, 172, 0, 0, 0
838, 1, 1636467666647, 1636467666823, 176, 0, 176, 0, 0, 0
839, 1, 1636467666755, 1636467666931, 176, 0, 176, 0, 0, 0
842, 1, 1636467666767, 1636467666939, 172, 0, 172, 0, 0, 0
836, 1, 1636467666795, 1636467666967, 172, 0, 172, 0, 0, 0
845, 1, 1636467667095, 1636467667267, 172, 0, 172, 0, 0, 0
844, 1, 1636467667143, 1636467667315, 172, 0, 172, 0, 0, 0
847, 1, 1636467667335, 1636467667507, 172, 0, 172, 0, 0, 0
851, 1, 1636467667863, 1636467668035, 172, 0, 172, 0, 0, 0
853, 1, 1636467668223, 1636467668395, 172, 0, 172, 0, 0, 0
855, 1, 1636467669027, 1636467669199, 172, 0, 172, 0, 0, 0
857, 1, 1636467669367, 1636467669539, 172, 0, 172, 0, 0, 0
859, 1, 1636467669655, 1636467669827, 172, 0, 172, 0, 0, 0
858, 1, 1636467669715, 1636467669887, 172, 0, 172, 0, 0, 0
852, 1, 1636467669799, 1636467669971, 172, 0, 172, 0, 0, 0
861, 1, 1636467670063, 1636467670235, 172, 0, 172, 0, 0, 0
862, 1, 1636467670119, 1636467670291, 172, 0, 172, 0, 0, 0
863, 1, 1636467670167, 1636467670343, 176, 0, 176, 0, 0, 0
864, 1, 1636467670351, 1636467670523, 172, 0, 172, 0, 0, 0
865, 1, 1636467670519, 1636467670691, 172, 0, 172, 0, 0, 0
866, 1, 1636467670755, 1636467670931, 176, 0, 176, 0, 0, 0
867, 1, 1636467670795, 1636467670967, 172, 0, 172, 0, 0, 0
868, 1, 1636467670867, 1636467671039, 172, 0, 172, 0, 0, 0
869, 1, 1636467670879, 1636467671051, 172, 0, 172, 0, 0, 0
870, 1, 1636467670927, 1636467671099, 172, 0, 172, 0, 0, 0
860, 1, 1636467671211, 1636467671383, 172, 0, 172, 0, 0, 0
871, 1, 1636467671323, 1636467671495, 172, 0, 172, 0, 0, 0
872, 1, 1636467671475, 1636467671647, 172, 0, 172, 0, 0, 0
873, 1, 1636467671599, 1636467671771, 172, 0, 172, 0, 0, 0
874, 1, 1636467672043, 1636467672215, 172, 0, 172, 0, 0, 0
875, 1, 1636467672399, 1636467672571, 172, 1, 171, 0, 0, 0
876, 1, 1636467673015, 1636467673195, 180, 0, 180, 0, 0, 0
877, 1, 1636467673091, 1636467673263, 172, 0, 172, 0, 0, 0
878, 1, 1636467673439, 1636467673611, 172, 0, 172, 0, 0, 0
879, 1, 1636467673831, 1636467674003, 172, 0, 172, 0, 0, 0
880, 1, 1636467673831, 1636467674007, 176, 0, 176, 0, 0, 0
881, 1, 1636467673943, 1636467674115, 172, 0, 172, 0, 0, 0
882, 1, 1636467674267, 1636467674439, 172, 0, 172, 0, 0, 0
883, 1, 1636467674295, 1636467674467, 172, 0, 172, 0, 0, 0
884, 1, 1636467674383, 1636467674555, 172, 0, 172, 0, 0, 0
885, 1, 1636467674611, 1636467674791, 180, 0, 180, 0, 0, 0
886, 1, 1636467674695, 1636467674867, 172, 0, 172, 0, 0, 0
887, 1, 1636467674731, 1636467674903, 172, 0, 172, 0, 0, 0
888, 1, 1636467674827, 1636467674999, 172, 0, 172, 0, 0, 0
889, 1, 1636467674995, 1636467675167, 172, 0, 172, 0, 0, 0
890, 1, 1636467675055, 1636467675227, 172, 0, 172, 0, 0, 0
891, 1, 1636467675195, 1636467675367, 172, 1, 171, 0, 0, 0
892, 1, 1636467675403, 1636467675575, 172, 0, 172, 0, 0, 0
893, 1, 1636467675743, 1636467675915, 172, 0, 172, 0, 0, 0
894, 1, 1636467675919, 1636467676091, 172, 0, 172, 0, 0, 0
895, 1, 1636467676435, 1636467676607, 172, 0, 172, 0, 0, 0
896, 1, 1636467677083, 1636467677255, 172, 0, 172, 0, 0, 0
898, 1, 1636467677315, 1636467677487, 172, 0, 172, 0, 0, 0
897, 1, 1636467677431, 1636467677603, 172, 0, 172, 0, 0, 0
899, 1, 1636467677755, 1636467677931, 176, 0, 176, 0, 0, 0
900, 1, 1636467677823, 1636467677995, 172, 0, 172, 0, 0, 0
901, 1, 1636467677867, 1636467678039, 172, 0, 172, 0, 0, 0
902, 1, 1636467678039, 1636467678211, 172, 0, 172, 0, 0, 0
904, 1, 1636467678251, 1636467678423, 172, 0, 172, 0, 0, 0
905, 1, 1636467678327, 1636467678499, 172, 0, 172, 0, 0, 0
903, 1, 1636467678387, 1636467678559, 172, 0, 172, 0, 0, 0
906, 1, 1636467678439, 1636467678611, 172, 0, 172, 0, 0, 0
908, 1, 1636467678691, 1636467678863, 172, 0, 172, 0, 0, 0
909, 1, 1636467678719, 1636467678891, 172, 0, 172, 0, 0, 0
907, 1, 1636467678743, 1636467678915, 172, 0, 172, 0, 0, 0
910, 1, 1636467679183, 1636467679355, 172, 0, 172, 0, 0, 0
911, 1, 1636467679367, 1636467679543, 176, 0, 176, 0, 0, 0
913, 1, 1636467679623, 1636467679795, 172, 0, 172, 0, 0, 0
912, 1, 1636467679723, 1636467679895, 172, 0, 172, 0, 0, 0
914, 1, 1636467679783, 1636467679955, 172, 0, 172, 0, 0, 0
915, 1, 1636467680747, 1636467680919, 172, 0, 172, 0, 0, 0
916, 1, 1636467681383, 1636467681559, 176, 0, 176, 0, 0, 0
918, 1, 1636467681527, 1636467681699, 172, 0, 172, 0, 0, 0
919, 1, 1636467681631, 1636467681803, 172, 0, 172, 0, 0, 0
917, 1, 1636467681735, 1636467681907, 172, 0, 172, 0, 0, 0
920, 1, 1636467682011, 1636467682183, 172, 0, 172, 0, 0, 0
921, 1, 1636467682075, 1636467682247, 172, 0, 172, 0, 0, 0
922, 1, 1636467682135, 1636467682307, 172, 0, 172, 0, 0, 0
923, 1, 1636467682179, 1636467682351, 172, 0, 172, 0, 0, 0
924, 1, 1636467682423, 1636467682595, 172, 0, 172, 0, 0, 0
925, 1, 1636467682459, 1636467682631, 172, 0, 172, 0, 0, 0
926, 1, 1636467682627, 1636467682799, 172, 0, 172, 0, 0, 0
927, 1, 1636467682639, 1636467682811, 172, 0, 172, 0, 0, 0
928, 1, 1636467682963, 1636467683135, 172, 0, 172, 0, 0, 0
929, 1, 1636467683031, 1636467683203, 172, 0, 172, 0, 0, 0
930, 1, 1636467683339, 1636467683511, 172, 0, 172, 0, 0, 0
932, 1, 1636467683483, 1636467683655, 172, 0, 172, 0, 0, 0
933, 1, 1636467683491, 1636467683663, 172, 0, 172, 0, 0, 0
934, 1, 1636467683651, 1636467683823, 172, 0, 172, 0, 0, 0
931, 1, 1636467683687, 1636467683859, 172, 0, 172, 0, 0, 0
935, 1, 1636467684555, 1636467684727, 172, 0, 172, 0, 0, 0
936, 1, 1636467685207, 1636467685379, 172, 0, 172, 0, 0, 0
938, 1, 1636467685435, 1636467685607, 172, 0, 172, 0, 0, 0
937, 1, 1636467685559, 1636467685735, 176, 0, 176, 0, 0, 0
939, 1, 1636467685715, 1636467685891, 176, 0, 176, 0, 0, 0
940, 1, 1636467685939, 1636467686111, 172, 0, 172, 0, 0, 0
941, 1, 1636467685959, 1636467686131, 172, 0, 172, 0, 0, 0
942, 1, 1636467685987, 1636467686159, 172, 0, 172, 0, 0, 0
943, 1, 1636467686287, 1636467686459, 172, 0, 172, 0, 0, 0
944, 1, 1636467686319, 1636467686491, 172, 0, 172, 0, 0, 0
945, 1, 1636467686451, 1636467686623, 172, 0, 172, 0, 0, 0
946, 1, 1636467686659, 1636467686831, 172, 0, 172, 0, 0, 0
947, 1, 1636467686763, 1636467686935, 172, 0, 172, 0, 0, 0
948, 1, 1636467686807, 1636467686979, 172, 0, 172, 0, 0, 0
949, 1, 1636467686871, 1636467687043, 172, 0, 172, 0, 0, 0
950, 1, 1636467687087, 1636467687259, 172, 0, 172, 0, 0, 0
951, 1, 1636467687247, 1636467687423, 176, 0, 176, 0, 0, 0
953, 1, 1636467687323, 1636467687495, 172, 0, 172, 0, 0, 0
952, 1, 1636467687435, 1636467687611, 176, 0, 176, 0, 0, 0
954, 1, 1636467687515, 1636467687687, 172, 0, 172, 0, 0, 0
955, 1, 1636467688307, 1636467688479, 172, 0, 172, 0, 0, 0
956, 1, 1636467689027, 1636467689199, 172, 0, 172, 0, 0, 0
958, 1, 1636467689187, 1636467689359, 172, 0, 172, 0, 0, 0
957, 1, 1636467689375, 1636467689547, 172, 0, 172, 0, 0, 0
959, 1, 1636467689707, 1636467689879, 172, 0, 172, 0, 0, 0
960, 1, 1636467689739, 1636467689911, 172, 0, 172, 0, 0, 0
961, 1, 1636467689791, 1636467689963, 172, 0, 172, 0, 0, 0
963, 1, 1636467689895, 1636467690071, 176, 0, 176, 0, 0, 0
962, 1, 1636467690055, 1636467690227, 172, 0, 172, 0, 0, 0
964, 1, 1636467690203, 1636467690375, 172, 0, 172, 0, 0, 0
965, 1, 1636467690423, 1636467690595, 172, 0, 172, 0, 0, 0
966, 1, 1636467690431, 1636467690607, 176, 0, 176, 0, 0, 0
967, 1, 1636467690839, 1636467691011, 172, 0, 172, 0, 0, 0
968, 1, 1636467690875, 1636467691047, 172, 0, 172, 0, 0, 0
969, 1, 1636467691127, 1636467691299, 172, 0, 172, 0, 0, 0
970, 1, 1636467691187, 1636467691359, 172, 0, 172, 0, 0, 0
971, 1, 1636467691275, 1636467691447, 172, 0, 172, 0, 0, 0
972, 1, 1636467691283, 1636467691455, 172, 0, 172, 0, 0, 0
974, 1, 1636467691551, 1636467691723, 172, 0, 172, 0, 0, 0
973, 1, 1636467691623, 1636467691795, 172, 0, 172, 0, 0, 0
975, 1, 1636467692491, 1636467692663, 172, 0, 172, 0, 0, 0
976, 1, 1636467693235, 1636467693407, 172, 0, 172, 0, 0, 0
978, 1, 1636467693375, 1636467693547, 172, 0, 172, 0, 0, 0
977, 1, 1636467693583, 1636467693755, 172, 0, 172, 0, 0, 0
979, 1, 1636467693911, 1636467694083, 172, 0, 172, 0, 0, 0
980, 1, 1636467693923, 1636467694099, 176, 0, 176, 0, 0, 0
982, 1, 1636467694079, 1636467694251, 172, 0, 172, 0, 0, 0
983, 1, 1636467694107, 1636467694279, 172, 0, 172, 0, 0, 0
984, 1, 1636467694211, 1636467694383, 172, 0, 172, 0, 0, 0
981, 1, 1636467694259, 1636467694431, 172, 0, 172, 0, 0, 0
985, 1, 1636467694387, 1636467694563, 176, 0, 176, 0, 0, 0
986, 1, 1636467694551, 1636467694723, 172, 0, 172, 0, 0, 0
987, 1, 1636467694731, 1636467694903, 172, 0, 172, 0, 0, 0
988, 1, 1636467695075, 1636467695247, 172, 0, 172, 0, 0, 0
989, 1, 1636467695127, 1636467695299, 172, 0, 172, 0, 0, 0
991, 1, 1636467695439, 1636467695611, 172, 0, 172, 0, 0, 0
990, 1, 1636467695475, 1636467695647, 172, 0, 172, 0, 0, 0
993, 1, 1636467695587, 1636467695759, 172, 0, 172, 0, 0, 0
994, 1, 1636467695667, 1636467695839, 172, 0, 172, 0, 0, 0
992, 1, 1636467695787, 1636467695959, 172, 0, 172, 0, 0, 0
995, 1, 1636467696671, 1636467696843, 172, 0, 172, 0, 0, 0
996, 1, 1636467697327, 1636467697499, 172, 0, 172, 0, 0, 0
998, 1, 1636467697559, 1636467697731, 172, 0, 172, 0, 0, 0
997, 1, 1636467697675, 1636467697847, 172, 0, 172, 0, 0, 0
999, 1, 1636467697923, 1636467698095, 172, 0, 172, 0, 0, 0
1000, 1, 1636467698019, 1636467698191, 172, 0, 172, 0, 0, 0
1001, 1, 1636467698111, 1636467698283, 172, 0, 172, 0, 0, 0
1002, 1, 1636467698163, 1636467698335, 172, 0, 172, 0, 0, 0
1003, 1, 1636467698175, 1636467698347, 172, 0, 172, 0, 0, 0
1005, 1, 1636467698367, 1636467698539, 172, 1, 171, 0, 0, 0
1004, 1, 1636467698367, 1636467698543, 176, 1, 175, 0, 0, 0
1006, 1, 1636467698567, 1636467698739, 172, 0, 172, 0, 0, 0
1007, 1, 1636467698767, 1636467698939, 172, 0, 172, 0, 0, 0
1008, 1, 1636467698847, 1636467699019, 172, 0, 172, 0, 0, 0
1009, 1, 1636467699219, 1636467699391, 172, 0, 172, 0, 0, 0
1010, 1, 1636467699339, 1636467699511, 172, 0, 172, 0, 0, 0
1011, 1, 1636467699571, 1636467699743, 172, 0, 172, 0, 0, 0
1012, 1, 1636467699663, 1636467699835, 172, 0, 172, 0, 0, 0
1013, 1, 1636467699699, 1636467699871, 172, 0, 172, 0, 0, 0
1014, 1, 1636467700011, 1636467700183, 172, 0, 172, 0, 0, 0
1015, 1, 1636467700987, 1636467701159, 172, 0, 172, 0, 0, 0
1016, 1, 1636467701195, 1636467701367, 172, 0, 172, 0, 0, 0
1017, 1, 1636467701547, 1636467701723, 176, 0, 176, 0, 0, 0
1018, 1, 1636467701691, 1636467701863, 172, 0, 172, 0, 0, 0
1019, 1, 1636467701723, 1636467701899, 176, 0, 176, 0, 0, 0
1020, 1, 1636467701855, 1636467702027, 172, 0, 172, 0, 0, 0
1021, 1, 1636467701867, 1636467702043, 176, 0, 176, 0, 0, 0
1022, 1, 1636467702035, 1636467702207, 172, 0, 172, 0, 0, 0
1023, 1, 1636467702135, 1636467702311, 176, 0, 176, 0, 0, 0
1024, 1, 1636467702163, 1636467702335, 172, 0, 172, 0, 0, 0
1025, 1, 1636467702419, 1636467702591, 172, 0, 172, 0, 0, 0
1026, 1, 1636467702519, 1636467702691, 172, 0, 172, 0, 0, 0
1027, 1, 1636467702655, 1636467702827, 172, 0, 172, 0, 0, 0
1028, 1, 1636467702883, 1636467703055, 172, 0, 172, 0, 0, 0
1029, 1, 1636467703155, 1636467703327, 172, 0, 172, 0, 0, 0
1030, 1, 1636467703183, 1636467703355, 172, 0, 172, 0, 0, 0
1032, 1, 1636467703375, 1636467703547, 172, 0, 172, 0, 0, 0
1033, 1, 1636467703495, 1636467703667, 172, 0, 172, 0, 0, 0
1031, 1, 1636467703531, 1636467703703, 172, 0, 172, 0, 0, 0
1034, 1, 1636467703843, 1636467704019, 176, 0, 176, 0, 0, 0
1035, 1, 1636467704827, 1636467704999, 172, 0, 172, 0, 0, 0
1036, 1, 1636467705083, 1636467705255, 172, 0, 172, 0, 0, 0
1038, 1, 1636467705419, 1636467705591, 172, 0, 172, 0, 0, 0
1037, 1, 1636467705431, 1636467705603, 172, 0, 172, 0, 0, 0
1039, 1, 1636467705443, 1636467705619, 176, 0, 176, 0, 0, 0
1040, 1, 1636467705767, 1636467705939, 172, 0, 172, 0, 0, 0
1041, 1, 1636467705823, 1636467705995, 172, 0, 172, 0, 0, 0
1042, 1, 1636467705847, 1636467706019, 172, 0, 172, 0, 0, 0
1044, 1, 1636467705903, 1636467706079, 176, 0, 176, 0, 0, 0
1043, 1, 1636467706115, 1636467706287, 172, 0, 172, 0, 0, 0
1045, 1, 1636467706335, 1636467706507, 172, 0, 172, 0, 0, 0
1046, 1, 1636467706375, 1636467706547, 172, 0, 172, 0, 0, 0
1047, 1, 1636467706591, 1636467706763, 172, 0, 172, 0, 0, 0
1048, 1, 1636467706835, 1636467707011, 176, 0, 176, 0, 0, 0
1049, 1, 1636467706851, 1636467707023, 172, 0, 172, 0, 0, 0
1050, 1, 1636467707027, 1636467707199, 172, 0, 172, 0, 0, 0
1052, 1, 1636467707183, 1636467707355, 172, 0, 172, 0, 0, 0
1053, 1, 1636467707191, 1636467707363, 172, 0, 172, 0, 0, 0
1051, 1, 1636467707375, 1636467707547, 172, 0, 172, 0, 0, 0
1054, 1, 1636467707531, 1636467707703, 172, 0, 172, 0, 0, 0
1055, 1, 1636467708519, 1636467708691, 172, 0, 172, 0, 0, 0
1056, 1, 1636467709235, 1636467709407, 172, 0, 172, 0, 0, 0
1057, 1, 1636467709307, 1636467709479, 172, 0, 172, 0, 0, 0
1059, 1, 1636467709507, 1636467709679, 172, 0, 172, 0, 0, 0
1060, 1, 1636467709515, 1636467709687, 172, 0, 172, 0, 0, 0
1061, 1, 1636467709639, 1636467709811, 172, 0, 172, 0, 0, 0
1062, 1, 1636467709651, 1636467709823, 172, 0, 172, 0, 0, 0
1058, 1, 1636467709655, 1636467709827, 172, 0, 172, 0, 0, 0
1063, 1, 1636467710063, 1636467710235, 172, 0, 172, 0, 0, 0
1064, 1, 1636467710079, 1636467710251, 172, 0, 172, 0, 0, 0
1065, 1, 1636467710079, 1636467710251, 172, 0, 172, 0, 0, 0
1066, 1, 1636467710127, 1636467710299, 172, 0, 172, 0, 0, 0
1067, 1, 1636467710527, 1636467710699, 172, 0, 172, 0, 0, 0
1068, 1, 1636467710579, 1636467710751, 172, 0, 172, 0, 0, 0
1069, 1, 1636467710743, 1636467710915, 172, 0, 172, 0, 0, 0
1070, 1, 1636467710991, 1636467711163, 172, 0, 172, 0, 0, 0
1071, 1, 1636467711071, 1636467711247, 176, 0, 176, 0, 0, 0
1072, 1, 1636467711251, 1636467711423, 172, 0, 172, 0, 0, 0
1074, 1, 1636467711423, 1636467711595, 172, 0, 172, 0, 0, 0
1073, 1, 1636467711595, 1636467711767, 172, 0, 172, 0, 0, 0
1075, 1, 1636467712407, 1636467712579, 172, 0, 172, 0, 0, 0
1076, 1, 1636467712963, 1636467713135, 172, 0, 172, 0, 0, 0
1077, 1, 1636467713363, 1636467713535, 172, 0, 172, 0, 0, 0
1079, 1, 1636467713431, 1636467713603, 172, 0, 172, 0, 0, 0
1081, 1, 1636467713659, 1636467713831, 172, 0, 172, 0, 0, 0
1078, 1, 1636467713711, 1636467713883, 172, 0, 172, 0, 0, 0
1080, 1, 1636467713775, 1636467713947, 172, 0, 172, 0, 0, 0
1083, 1, 1636467713911, 1636467714083, 172, 0, 172, 0, 0, 0
1085, 1, 1636467714291, 1636467714463, 172, 0, 172, 0, 0, 0
1086, 1, 1636467714335, 1636467714507, 172, 0, 172, 0, 0, 0
1088, 1, 1636467714647, 1636467714819, 172, 0, 172, 0, 0, 0
1090, 1, 1636467714811, 1636467714983, 172, 0, 172, 0, 0, 0
1091, 1, 1636467715007, 1636467715179, 172, 0, 172, 0, 0, 0
1092, 1, 1636467715359, 1636467715539, 180, 0, 180, 0, 0, 0
1093, 1, 1636467715459, 1636467715631, 172, 0, 172, 0, 0, 0
1094, 1, 1636467715807, 1636467715979, 172, 0, 172, 0, 0, 0
1095, 1, 1636467716331, 1636467716503, 172, 0, 172, 0, 0, 0
1097, 1, 1636467716343, 1636467716519, 176, 0, 176, 0, 0, 0
1096, 1, 1636467716383, 1636467716555, 172, 0, 172, 0, 0, 0
1089, 1, 1636467716499, 1636467716671, 172, 0, 172, 0, 0, 0
1098, 1, 1636467716763, 1636467716935, 172, 0, 172, 0, 0, 0
1099, 1, 1636467717199, 1636467717371, 172, 0, 172, 0, 0, 0
1100, 1, 1636467717243, 1636467717415, 172, 0, 172, 0, 0, 0
1101, 1, 1636467717247, 1636467717419, 172, 0, 172, 0, 0, 0
1103, 1, 1636467717559, 1636467717731, 172, 0, 172, 0, 0, 0
1102, 1, 1636467717591, 1636467717763, 172, 0, 172, 0, 0, 0
1104, 1, 1636467717599, 1636467717771, 172, 0, 172, 0, 0, 0
1105, 1, 1636467717755, 1636467717931, 176, 0, 176, 0, 0, 0
1106, 1, 1636467718103, 1636467718275, 172, 0, 172, 0, 0, 0
1107, 1, 1636467718183, 1636467718355, 172, 0, 172, 0, 0, 0
1108, 1, 1636467718627, 1636467718799, 172, 0, 172, 0, 0, 0
1109, 1, 1636467718819, 1636467718991, 172, 0, 172, 0, 0, 0
1110, 1, 1636467719067, 1636467719239, 172, 0, 172, 0, 0, 0
1111, 1, 1636467719159, 1636467719331, 172, 0, 172, 0, 0, 0
1112, 1, 1636467719275, 1636467719447, 172, 0, 172, 0, 0, 0
1114, 1, 1636467719503, 1636467719675, 172, 0, 172, 0, 0, 0
1113, 1, 1636467719627, 1636467719799, 172, 0, 172, 0, 0, 0
1115, 1, 1636467720227, 1636467720399, 172, 0, 172, 0, 0, 0
1116, 1, 1636467720567, 1636467720739, 172, 0, 172, 0, 0, 0
1117, 1, 1636467720611, 1636467720783, 172, 0, 172, 0, 0, 0
1118, 1, 1636467720915, 1636467721087, 172, 0, 172, 0, 0, 0
1119, 1, 1636467721251, 1636467721423, 172, 0, 172, 0, 0, 0
1120, 1, 1636467721347, 1636467721519, 172, 0, 172, 0, 0, 0
1121, 1, 1636467721395, 1636467721567, 172, 0, 172, 0, 0, 0
1123, 1, 1636467721455, 1636467721627, 172, 0, 172, 0, 0, 0
1124, 1, 1636467721487, 1636467721659, 172, 0, 172, 0, 0, 0
1122, 1, 1636467721695, 1636467721867, 172, 0, 172, 0, 0, 0
1125, 1, 1636467721855, 1636467722027, 172, 0, 172, 0, 0, 0
1126, 1, 1636467721915, 1636467722087, 172, 0, 172, 0, 0, 0
1127, 1, 1636467722211, 1636467722383, 172, 0, 172, 0, 0, 0
1128, 1, 1636467722479, 1636467722651, 172, 0, 172, 0, 0, 0
1129, 1, 1636467723031, 1636467723203, 172, 0, 172, 0, 0, 0
1130, 1, 1636467723071, 1636467723243, 172, 0, 172, 0, 0, 0
1131, 1, 1636467723147, 1636467723319, 172, 0, 172, 0, 0, 0
1133, 1, 1636467723447, 1636467723619, 172, 0, 172, 0, 0, 0
1132, 1, 1636467723491, 1636467723663, 172, 0, 172, 0, 0, 0
1134, 1, 1636467723795, 1636467723967, 172, 0, 172, 0, 0, 0
1135, 1, 1636467724211, 1636467724383, 172, 0, 172, 0, 0, 0
1136, 1, 1636467724559, 1636467724731, 172, 0, 172, 0, 0, 0
1137, 1, 1636467724767, 1636467724943, 176, 0, 176, 0, 0, 0
1139, 1, 1636467725103, 1636467725275, 172, 0, 172, 0, 0, 0
1138, 1, 1636467725119, 1636467725291, 172, 0, 172, 0, 0, 0
1140, 1, 1636467725299, 1636467725471, 172, 0, 172, 0, 0, 0
1141, 1, 1636467725299, 1636467725471, 172, 0, 172, 0, 0, 0
1142, 1, 1636467725479, 1636467725651, 172, 0, 172, 0, 0, 0
1144, 1, 1636467725571, 1636467725743, 172, 0, 172, 0, 0, 0
1145, 1, 1636467725703, 1636467725875, 172, 0, 172, 0, 0, 0
1143, 1, 1636467725831, 1636467726003, 172, 0, 172, 0, 0, 0
1146, 1, 1636467725935, 1636467726107, 172, 0, 172, 0, 0, 0
1147, 1, 1636467726367, 1636467726539, 172, 0, 172, 0, 0, 0
1148, 1, 1636467726383, 1636467726555, 172, 0, 172, 0, 0, 0
1149, 1, 1636467726767, 1636467726939, 172, 0, 172, 0, 0, 0
1150, 1, 1636467726839, 1636467727011, 172, 0, 172, 0, 0, 0
1151, 1, 1636467726915, 1636467727087, 172, 0, 172, 0, 0, 0
1152, 1, 1636467727271, 1636467727443, 172, 0, 172, 0, 0, 0
1153, 1, 1636467727607, 1636467727779, 172, 0, 172, 0, 0, 0
1154, 1, 1636467727951, 1636467728123, 172, 0, 172, 0, 0, 0
1155, 1, 1636467728063, 1636467728235, 172, 0, 172, 0, 0, 0
1156, 1, 1636467728447, 1636467728619, 172, 0, 172, 0, 0, 0
1157, 1, 1636467728499, 1636467728671, 172, 0, 172, 0, 0, 0
1158, 1, 1636467728795, 1636467728967, 172, 0, 172, 0, 0, 0
1159, 1, 1636467729003, 1636467729175, 172, 0, 172, 0, 0, 0
1160, 1, 1636467729035, 1636467729207, 172, 0, 172, 0, 0, 0
1161, 1, 1636467729247, 1636467729421, 174, 0, 174, 0, 0, 0
1162, 1, 1636467729283, 1636467729463, 180, 0, 180, 0, 0, 0
1164, 1, 1636467729439, 1636467729611, 172, 0, 172, 0, 0, 0
1163, 1, 1636467729599, 1636467729771, 172, 0, 172, 0, 0, 0
1165, 1, 1636467729647, 1636467729819, 172, 0, 172, 0, 0, 0
1166, 1, 1636467730007, 1636467730179, 172, 0, 172, 0, 0, 0
1167, 1, 1636467730195, 1636467730367, 172, 0, 172, 0, 0, 0
1168, 1, 1636467730435, 1636467730607, 172, 0, 172, 0, 0, 0
1169, 1, 1636467730647, 1636467730819, 172, 0, 172, 0, 0, 0
1170, 1, 1636467730691, 1636467730863, 172, 0, 172, 0, 0, 0
1171, 1, 1636467730775, 1636467730947, 172, 0, 172, 0, 0, 0
1172, 1, 1636467731123, 1636467731295, 172, 0, 172, 0, 0, 0
1173, 1, 1636467731351, 1636467731523, 172, 0, 172, 0, 0, 0
1174, 1, 1636467731699, 1636467731871, 172, 0, 172, 0, 0, 0
1175, 1, 1636467731963, 1636467732135, 172, 0, 172, 0, 0, 0
1176, 1, 1636467732355, 1636467732527, 172, 0, 172, 0, 0, 0
1177, 1, 1636467732559, 1636467732731, 172, 0, 172, 0, 0, 0
1178, 1, 1636467732911, 1636467733083, 172, 0, 172, 0, 0, 0
1179, 1, 1636467732967, 1636467733139, 172, 0, 172, 0, 0, 0
1180, 1, 1636467733043, 1636467733215, 172, 0, 172, 0, 0, 0
1181, 1, 1636467733047, 1636467733219, 172, 0, 172, 0, 0, 0
1182, 1, 1636467733063, 1636467733235, 172, 0, 172, 0, 0, 0
1184, 1, 1636467733319, 1636467733495, 176, 0, 176, 0, 0, 0
1183, 1, 1636467733391, 1636467733563, 172, 0, 172, 0, 0, 0
1185, 1, 1636467733571, 1636467733743, 172, 0, 172, 0, 0, 0
1186, 1, 1636467733679, 1636467733851, 172, 0, 172, 0, 0, 0
1187, 1, 1636467733995, 1636467734167, 172, 0, 172, 0, 0, 0
1188, 1, 1636467734411, 1636467734583, 172, 0, 172, 0, 0, 0
1189, 1, 1636467734591, 1636467734767, 176, 0, 176, 0, 0, 0
1190, 1, 1636467734663, 1636467734835, 172, 0, 172, 0, 0, 0
1191, 1, 1636467734855, 1636467735027, 172, 0, 172, 0, 0, 0
1192, 1, 1636467735027, 1636467735199, 172, 0, 172, 0, 0, 0
1193, 1, 1636467735151, 1636467735323, 172, 0, 172, 0, 0, 0
1194, 1, 1636467735499, 1636467735671, 172, 0, 172, 0, 0, 0
1195, 1, 1636467736019, 1636467736191, 172, 0, 172, 0, 0, 0
1196, 1, 1636467736251, 1636467736423, 172, 0, 172, 0, 0, 0
1197, 1, 1636467736807, 1636467736983, 176, 0, 176, 0, 0, 0
1199, 1, 1636467736867, 1636467737055, 188, 0, 188, 0, 0, 0
1200, 1, 1636467737035, 1636467737207, 172, 0, 172, 0, 0, 0
1201, 1, 1636467737123, 1636467737295, 172, 0, 172, 0, 0, 0
1202, 1, 1636467737131, 1636467737307, 176, 0, 176, 0, 0, 0
1198, 1, 1636467737155, 1636467737327, 172, 0, 172, 0, 0, 0
1203, 1, 1636467737223, 1636467737395, 172, 0, 172, 0, 0, 0
1205, 1, 1636467737491, 1636467737663, 172, 0, 172, 0, 0, 0
1204, 1, 1636467737571, 1636467737743, 172, 0, 172, 0, 0, 0
1206, 1, 1636467737647, 1636467737819, 172, 0, 172, 0, 0, 0
1207, 1, 1636467738215, 1636467738387, 172, 0, 172, 0, 0, 0
1208, 1, 1636467738291, 1636467738463, 172, 0, 172, 0, 0, 0
1209, 1, 1636467738527, 1636467738699, 172, 0, 172, 0, 0, 0
1210, 1, 1636467738647, 1636467738819, 172, 0, 172, 0, 0, 0
1211, 1, 1636467738739, 1636467738911, 172, 0, 172, 0, 0, 0
1212, 1, 1636467739083, 1636467739255, 172, 0, 172, 0, 0, 0
1213, 1, 1636467739443, 1636467739615, 172, 0, 172, 0, 0, 0
1214, 1, 1636467739795, 1636467739967, 172, 0, 172, 0, 0, 0
1215, 1, 1636467739995, 1636467740167, 172, 0, 172, 0, 0, 0
1216, 1, 1636467740307, 1636467740479, 172, 0, 172, 0, 0, 0
1217, 1, 1636467740567, 1636467740739, 172, 0, 172, 0, 0, 0
1219, 1, 1636467740795, 1636467740967, 172, 0, 172, 0, 0, 0
1220, 1, 1636467740839, 1636467741011, 172, 0, 172, 0, 0, 0
1221, 1, 1636467740867, 1636467741039, 172, 0, 172, 0, 0, 0
1222, 1, 1636467740891, 1636467741063, 172, 0, 172, 0, 0, 0
1218, 1, 1636467740915, 1636467741087, 172, 0, 172, 0, 0, 0
1223, 1, 1636467741223, 1636467741395, 172, 0, 172, 0, 0, 0
1224, 1, 1636467741315, 1636467741487, 172, 0, 172, 0, 0, 0
1225, 1, 1636467741335, 1636467741511, 176, 0, 176, 0, 0, 0
1226, 1, 1636467741683, 1636467741855, 172, 0, 172, 0, 0, 0
1227, 1, 1636467742343, 1636467742515, 172, 0, 172, 0, 0, 0
1228, 1, 1636467742407, 1636467742579, 172, 0, 172, 0, 0, 0
1229, 1, 1636467742419, 1636467742591, 172, 0, 172, 0, 0, 0
1230, 1, 1636467742427, 1636467742599, 172, 0, 172, 0, 0, 0
1231, 1, 1636467742627, 1636467742803, 176, 0, 176, 0, 0, 0
1232, 1, 1636467743051, 1636467743223, 172, 0, 172, 0, 0, 0
1233, 1, 1636467743487, 1636467743667, 180, 0, 180, 0, 0, 0
1235, 1, 1636467743795, 1636467743967, 172, 0, 172, 0, 0, 0
1234, 1, 1636467743843, 1636467744019, 176, 0, 176, 0, 0, 0
1236, 1, 1636467744283, 1636467744455, 172, 0, 172, 0, 0, 0
1237, 1, 1636467744367, 1636467744539, 172, 0, 172, 0, 0, 0
1239, 1, 1636467744603, 1636467744775, 172, 0, 172, 0, 0, 0
1238, 1, 1636467744715, 1636467744887, 172, 0, 172, 0, 0, 0
1240, 1, 1636467744867, 1636467745043, 176, 0, 176, 0, 0, 0
1241, 1, 1636467745111, 1636467745283, 172, 0, 172, 0, 0, 0
1242, 1, 1636467745123, 1636467745295, 172, 0, 172, 0, 0, 0
1243, 1, 1636467745179, 1636467745351, 172, 0, 172, 0, 0, 0
1244, 1, 1636467745307, 1636467745479, 172, 0, 172, 0, 0, 0
1245, 1, 1636467745655, 1636467745827, 172, 0, 172, 0, 0, 0
1247, 1, 1636467746071, 1636467746247, 176, 0, 176, 0, 0, 0
1248, 1, 1636467746223, 1636467746395, 172, 0, 172, 0, 0, 0
1249, 1, 1636467746375, 1636467746547, 172, 0, 172, 0, 0, 0
1250, 1, 1636467746403, 1636467746575, 172, 0, 172, 0, 0, 0
1251, 1, 1636467746427, 1636467746599, 172, 0, 172, 0, 0, 0
1252, 1, 1636467746863, 1636467747035, 172, 0, 172, 0, 0, 0
1253, 1, 1636467747347, 1636467747519, 172, 0, 172, 0, 0, 0
1254, 1, 1636467747695, 1636467747867, 172, 0, 172, 0, 0, 0
1255, 1, 1636467748007, 1636467748183, 176, 0, 176, 0, 0, 0
1256, 1, 1636467748071, 1636467748243, 172, 0, 172, 0, 0, 0
1257, 1, 1636467748087, 1636467748259, 172, 0, 172, 0, 0, 0
1258, 1, 1636467748339, 1636467748511, 172, 0, 172, 0, 0, 0
1259, 1, 1636467748659, 1636467748831, 172, 0, 172, 0, 0, 0
1260, 1, 1636467748667, 1636467748843, 176, 0, 176, 0, 0, 0
1262, 1, 1636467748907, 1636467749079, 172, 0, 172, 0, 0, 0
1261, 1, 1636467749011, 1636467749183, 172, 0, 172, 0, 0, 0
1263, 1, 1636467749091, 1636467749263, 172, 0, 172, 0, 0, 0
1264, 1, 1636467749123, 1636467749295, 172, 0, 172, 0, 0, 0
1265, 1, 1636467749187, 1636467749359, 172, 0, 172, 0, 0, 0
1266, 1, 1636467749535, 1636467749707, 172, 0, 172, 0, 0, 0
1267, 1, 1636467749955, 1636467750127, 172, 0, 172, 0, 0, 0
1268, 1, 1636467750171, 1636467750343, 172, 0, 172, 0, 0, 0
1269, 1, 1636467750263, 1636467750439, 176, 0, 176, 0, 0, 0
1270, 1, 1636467750331, 1636467750503, 172, 0, 172, 0, 0, 0
1271, 1, 1636467750699, 1636467750871, 172, 0, 172, 0, 0, 0
1272, 1, 1636467751047, 1636467751223, 176, 0, 176, 0, 0, 0
1273, 1, 1636467751235, 1636467751407, 172, 0, 172, 0, 0, 0
1274, 1, 1636467751583, 1636467751755, 172, 0, 172, 0, 0, 0
1275, 1, 1636467751979, 1636467752155, 176, 0, 176, 0, 0, 0
1276, 1, 1636467752063, 1636467752235, 172, 0, 172, 0, 0, 0
1277, 1, 1636467752359, 1636467752531, 172, 0, 172, 0, 0, 0
1278, 1, 1636467752599, 1636467752771, 172, 0, 172, 0, 0, 0
1279, 1, 1636467752731, 1636467752903, 172, 0, 172, 0, 0, 0
1281, 1, 1636467752859, 1636467753031, 172, 0, 172, 0, 0, 0
1282, 1, 1636467752943, 1636467753115, 172, 0, 172, 0, 0, 0
1283, 1, 1636467753007, 1636467753179, 172, 0, 172, 0, 0, 0
1280, 1, 1636467753079, 1636467753251, 172, 0, 172, 0, 0, 0
1284, 1, 1636467753167, 1636467753339, 172, 0, 172, 0, 0, 0
1285, 1, 1636467753207, 1636467753379, 172, 0, 172, 0, 0, 0
1286, 1, 1636467753443, 1636467753615, 172, 0, 172, 0, 0, 0
1287, 1, 1636467753967, 1636467754139, 172, 0, 172, 0, 0, 0
1288, 1, 1636467754195, 1636467754367, 172, 0, 172, 0, 0, 0
1289, 1, 1636467754215, 1636467754387, 172, 0, 172, 0, 0, 0
1290, 1, 1636467754331, 1636467754503, 172, 0, 172, 0, 0, 0
1291, 1, 1636467754675, 1636467754847, 172, 0, 172, 0, 0, 0
1293, 1, 1636467754907, 1636467755079, 172, 0, 172, 0, 0, 0
1292, 1, 1636467755027, 1636467755199, 172, 0, 172, 0, 0, 0
1294, 1, 1636467755255, 1636467755427, 172, 0, 172, 0, 0, 0
1295, 1, 1636467755899, 1636467756071, 172, 0, 172, 0, 0, 0
1296, 1, 1636467756255, 1636467756427, 172, 0, 172, 0, 0, 0
1297, 1, 1636467756339, 1636467756511, 172, 0, 172, 0, 0, 0
1298, 1, 1636467756599, 1636467756771, 172, 0, 172, 0, 0, 0
1299, 1, 1636467756698, 1636467756871, 173, 1, 172, 0, 0, 0
1300, 1, 1636467756698, 1636467756871, 173, 1, 172, 0, 0, 0
1302, 1, 1636467756919, 1636467757091, 172, 0, 172, 0, 0, 0
1303, 1, 1636467757031, 1636467757203, 172, 0, 172, 0, 0, 0
1301, 1, 1636467757051, 1636467757226, 175, 0, 175, 0, 0, 0
1304, 1, 1636467757155, 1636467757327, 172, 0, 172, 0, 0, 0
1305, 1, 1636467757175, 1636467757347, 172, 0, 172, 0, 0, 0
1306, 1, 1636467757271, 1636467757443, 172, 0, 172, 0, 0, 0
1307, 1, 1636467757811, 1636467757983, 172, 0, 172, 0, 0, 0
1308, 1, 1636467758219, 1636467758391, 172, 0, 172, 0, 0, 0
1309, 1, 1636467758387, 1636467758559, 172, 0, 172, 0, 0, 0
1310, 1, 1636467758595, 1636467758767, 172, 0, 172, 0, 0, 0
1311, 1, 1636467758651, 1636467758823, 172, 0, 172, 0, 0, 0
1313, 1, 1636467758747, 1636467758919, 172, 0, 172, 0, 0, 0
1312, 1, 1636467758943, 1636467759115, 172, 0, 172, 0, 0, 0
1314, 1, 1636467759095, 1636467759267, 172, 0, 172, 0, 0, 0
1315, 1, 1636467759923, 1636467760095, 172, 0, 172, 0, 0, 0
1316, 1, 1636467760255, 1636467760431, 176, 0, 176, 0, 0, 0
1317, 1, 1636467760407, 1636467760579, 172, 0, 172, 0, 0, 0
1318, 1, 1636467760523, 1636467760695, 172, 0, 172, 0, 0, 0
1319, 1, 1636467760583, 1636467760755, 172, 0, 172, 0, 0, 0
1321, 1, 1636467760687, 1636467760863, 176, 0, 176, 0, 0, 0
1322, 1, 1636467760863, 1636467761035, 172, 0, 172, 0, 0, 0
1323, 1, 1636467760919, 1636467761095, 176, 0, 176, 0, 0, 0
1320, 1, 1636467760935, 1636467761107, 172, 0, 172, 0, 0, 0
1324, 1, 1636467761195, 1636467761367, 172, 0, 172, 0, 0, 0
1325, 1, 1636467761226, 1636467761399, 173, 1, 172, 0, 0, 0
1326, 1, 1636467761491, 1636467761663, 172, 0, 172, 0, 0, 0
1327, 1, 1636467761511, 1636467761683, 172, 0, 172, 0, 0, 0
1328, 1, 1636467762455, 1636467762627, 172, 0, 172, 0, 0, 0
1329, 1, 1636467762467, 1636467762639, 172, 0, 172, 0, 0, 0
1330, 1, 1636467762471, 1636467762647, 176, 0, 176, 0, 0, 0
1331, 1, 1636467762543, 1636467762719, 176, 0, 176, 0, 0, 0
1332, 1, 1636467762623, 1636467762799, 176, 0, 176, 0, 0, 0
1334, 1, 1636467762831, 1636467763003, 172, 0, 172, 0, 0, 0
1333, 1, 1636467762975, 1636467763147, 172, 0, 172, 0, 0, 0
1335, 1, 1636467764119, 1636467764291, 172, 0, 172, 0, 0, 0
1336, 1, 1636467764263, 1636467764435, 172, 0, 172, 0, 0, 0
1337, 1, 1636467764275, 1636467764447, 172, 0, 172, 0, 0, 0
1338, 1, 1636467764391, 1636467764563, 172, 0, 172, 0, 0, 0
1339, 1, 1636467764611, 1636467764783, 172, 0, 172, 0, 0, 0
1340, 1, 1636467764711, 1636467764883, 172, 0, 172, 0, 0, 0
1341, 1, 1636467764739, 1636467764911, 172, 0, 172, 0, 0, 0
1342, 1, 1636467764847, 1636467765019, 172, 0, 172, 0, 0, 0
1343, 1, 1636467764847, 1636467765019, 172, 0, 172, 0, 0, 0
1344, 1, 1636467765303, 1636467765475, 172, 0, 172, 0, 0, 0
1345, 1, 1636467765311, 1636467765483, 172, 0, 172, 0, 0, 0
1346, 1, 1636467765383, 1636467765555, 172, 0, 172, 0, 0, 0
1347, 1, 1636467765447, 1636467765619, 172, 0, 172, 0, 0, 0
1348, 1, 1636467766187, 1636467766359, 172, 0, 172, 0, 0, 0
1349, 1, 1636467766359, 1636467766530, 171, 0, 171, 0, 0, 0
1350, 1, 1636467766431, 1636467766607, 176, 0, 176, 0, 0, 0
1351, 1, 1636467766603, 1636467766779, 176, 0, 176, 0, 0, 0
1352, 1, 1636467766815, 1636467766987, 172, 0, 172, 0, 0, 0
1353, 1, 1636467766883, 1636467767059, 176, 0, 176, 0, 0, 0
1354, 1, 1636467767231, 1636467767403, 172, 0, 172, 0, 0, 0
1355, 1, 1636467768099, 1636467768275, 176, 0, 176, 0, 0, 0
1356, 1, 1636467768199, 1636467768371, 172, 0, 172, 0, 0, 0
1357, 1, 1636467768447, 1636467768619, 172, 0, 172, 0, 0, 0
1358, 1, 1636467768475, 1636467768647, 172, 0, 172, 0, 0, 0
1359, 1, 1636467768611, 1636467768783, 172, 0, 172, 0, 0, 0
1360, 1, 1636467768671, 1636467768843, 172, 0, 172, 0, 0, 0
1361, 1, 1636467768903, 1636467769075, 172, 0, 172, 0, 0, 0
1362, 1, 1636467769067, 1636467769239, 172, 0, 172, 0, 0, 0
1363, 1, 1636467769095, 1636467769266, 171, 0, 171, 0, 0, 0
1364, 1, 1636467769242, 1636467769415, 173, 1, 172, 1, 0, 1
1365, 1, 1636467769439, 1636467769611, 172, 0, 172, 0, 0, 0
1366, 1, 1636467769471, 1636467769643, 172, 0, 172, 0, 0, 0
1367, 1, 1636467769623, 1636467769799, 176, 0, 176, 0, 0, 0
1368, 1, 1636467770055, 1636467770227, 172, 0, 172, 0, 0, 0
1369, 1, 1636467770367, 1636467770539, 172, 0, 172, 0, 0, 0
1370, 1, 1636467770659, 1636467770831, 172, 0, 172, 0, 0, 0
1371, 1, 1636467770855, 1636467771027, 172, 0, 172, 0, 0, 0
1373, 1, 1636467771035, 1636467771207, 172, 0, 172, 0, 0, 0
1372, 1, 1636467771203, 1636467771379, 176, 0, 176, 0, 0, 0
1374, 1, 1636467771555, 1636467771727, 172, 0, 172, 0, 0, 0
1375, 1, 1636467771803, 1636467771975, 172, 0, 172, 0, 0, 0
1376, 1, 1636467772151, 1636467772327, 176, 0, 176, 0, 0, 0
1377, 1, 1636467772331, 1636467772503, 172, 0, 172, 0, 0, 0
1378, 1, 1636467772375, 1636467772551, 176, 0, 176, 0, 0, 0
1379, 1, 1636467772555, 1636467772731, 176, 0, 176, 0, 0, 0
1380, 1, 1636467772831, 1636467773003, 172, 0, 172, 0, 0, 0
1381, 1, 1636467772855, 1636467773027, 172, 0, 172, 0, 0, 0
1382, 1, 1636467772983, 1636467773155, 172, 0, 172, 0, 0, 0
1383, 1, 1636467773347, 1636467773519, 172, 0, 172, 0, 0, 0
1384, 1, 1636467773391, 1636467773563, 172, 0, 172, 0, 0, 0
1385, 1, 1636467773427, 1636467773599, 172, 0, 172, 0, 0, 0
1386, 1, 1636467773463, 1636467773635, 172, 0, 172, 0, 0, 0
1387, 1, 1636467773667, 1636467773839, 172, 0, 172, 0, 0, 0
1388, 1, 1636467774243, 1636467774415, 172, 0, 172, 0, 0, 0
1389, 1, 1636467774419, 1636467774591, 172, 0, 172, 0, 0, 0
1390, 1, 1636467774463, 1636467774635, 172, 0, 172, 0, 0, 0
1391, 1, 1636467774947, 1636467775119, 172, 0, 172, 0, 0, 0
1392, 1, 1636467775059, 1636467775235, 176, 0, 176, 0, 0, 0
1393, 1, 1636467775111, 1636467775283, 172, 0, 172, 0, 0, 0
1394, 1, 1636467775411, 1636467775583, 172, 0, 172, 0, 0, 0
1395, 1, 1636467775783, 1636467775955, 172, 0, 172, 0, 0, 0
1396, 1, 1636467776131, 1636467776303, 172, 0, 172, 0, 0, 0
1397, 1, 1636467776291, 1636467776463, 172, 0, 172, 0, 0, 0
1398, 1, 1636467776579, 1636467776751, 172, 0, 172, 0, 0, 0
1399, 1, 1636467776727, 1636467776899, 172, 0, 172, 0, 0, 0
1400, 1, 1636467776747, 1636467776919, 172, 0, 172, 0, 0, 0
1401, 1, 1636467776947, 1636467777119, 172, 0, 172, 0, 0, 0
1402, 1, 1636467777115, 1636467777287, 172, 0, 172, 0, 0, 0
1403, 1, 1636467777311, 1636467777483, 172, 0, 172, 0, 0, 0
1404, 1, 1636467777335, 1636467777507, 172, 0, 172, 0, 0, 0
1405, 1, 1636467777459, 1636467777631, 172, 0, 172, 0, 0, 0
1406, 1, 1636467777515, 1636467777687, 172, 0, 172, 0, 0, 0
1407, 1, 1636467777715, 1636467777887, 172, 0, 172, 0, 0, 0
1408, 1, 1636467778335, 1636467778507, 172, 0, 172, 0, 0, 0
1409, 1, 1636467778395, 1636467778567, 172, 0, 172, 0, 0, 0
1410, 1, 1636467778655, 1636467778831, 176, 0, 176, 0, 0, 0
1411, 1, 1636467778859, 1636467779031, 172, 0, 172, 0, 0, 0
1412, 1, 1636467779123, 1636467779295, 172, 0, 172, 0, 0, 0
1413, 1, 1636467779311, 1636467779483, 172, 0, 172, 0, 0, 0
1414, 1, 1636467779659, 1636467779831, 172, 0, 172, 0, 0, 0
1415, 1, 1636467779975, 1636467780147, 172, 0, 172, 0, 0, 0
1417, 1, 1636467780179, 1636467780351, 172, 0, 172, 0, 0, 0
1416, 1, 1636467780323, 1636467780495, 172, 0, 172, 0, 0, 0
1418, 1, 1636467780635, 1636467780807, 172, 0, 172, 0, 0, 0
1419, 1, 1636467780839, 1636467781011, 172, 0, 172, 0, 0, 0
1420, 1, 1636467780983, 1636467781155, 172, 0, 172, 0, 0, 0
1421, 1, 1636467781031, 1636467781203, 172, 0, 172, 0, 0, 0
1423, 1, 1636467781191, 1636467781363, 172, 0, 172, 0, 0, 0
1424, 1, 1636467781275, 1636467781447, 172, 0, 172, 0, 0, 0
1422, 1, 1636467781335, 1636467781507, 172, 0, 172, 0, 0, 0
1425, 1, 1636467781675, 1636467781847, 172, 0, 172, 0, 0, 0
1426, 1, 1636467781711, 1636467781883, 172, 0, 172, 0, 0, 0
1427, 1, 1636467781731, 1636467781903, 172, 0, 172, 0, 0, 0
1428, 1, 1636467782223, 1636467782395, 172, 0, 172, 0, 0, 0
1429, 1, 1636467782331, 1636467782503, 172, 0, 172, 0, 0, 0
1430, 1, 1636467782591, 1636467782763, 172, 0, 172, 0, 0, 0
1431, 1, 1636467782811, 1636467782983, 172, 0, 172, 0, 0, 0
1432, 1, 1636467783343, 1636467783515, 172, 0, 172, 0, 0, 0
1433, 1, 1636467783567, 1636467783739, 172, 0, 172, 0, 0, 0
1434, 1, 1636467783707, 1636467783879, 172, 0, 172, 0, 0, 0
1436, 1, 1636467783911, 1636467784083, 172, 0, 172, 0, 0, 0
1435, 1, 1636467784055, 1636467784227, 172, 0, 172, 0, 0, 0
1437, 1, 1636467784519, 1636467784691, 172, 0, 172, 0, 0, 0
1438, 1, 1636467784703, 1636467784875, 172, 0, 172, 0, 0, 0
1439, 1, 1636467784847, 1636467785019, 172, 0, 172, 0, 0, 0
1440, 1, 1636467784967, 1636467785139, 172, 0, 172, 0, 0, 0
1441, 1, 1636467785219, 1636467785395, 176, 0, 176, 0, 0, 0
1443, 1, 1636467785379, 1636467785551, 172, 0, 172, 0, 0, 0
1444, 1, 1636467785391, 1636467785563, 172, 0, 172, 0, 0, 0
1445, 1, 1636467785527, 1636467785699, 172, 0, 172, 0, 0, 0
1442, 1, 1636467785575, 1636467785747, 172, 0, 172, 0, 0, 0
1446, 1, 1636467785947, 1636467786119, 172, 0, 172, 0, 0, 0
1447, 1, 1636467785975, 1636467786147, 172, 0, 172, 0, 0, 0
1448, 1, 1636467786259, 1636467786431, 172, 0, 172, 0, 0, 0
1449, 1, 1636467786263, 1636467786435, 172, 0, 172, 0, 0, 0
1450, 1, 1636467786555, 1636467786727, 172, 0, 172, 0, 0, 0
1451, 1, 1636467787147, 1636467787319, 172, 0, 172, 0, 0, 0
1452, 1, 1636467787579, 1636467787751, 172, 0, 172, 0, 0, 0
1453, 1, 1636467787627, 1636467787799, 172, 0, 172, 0, 0, 0
1455, 1, 1636467787639, 1636467787811, 172, 0, 172, 0, 0, 0
1456, 1, 1636467787931, 1636467788103, 172, 0, 172, 0, 0, 0
1454, 1, 1636467787975, 1636467788147, 172, 0, 172, 0, 0, 0
1457, 1, 1636467788639, 1636467788811, 172, 0, 172, 0, 0, 0
1458, 1, 1636467788791, 1636467788963, 172, 0, 172, 0, 0, 0
1459, 1, 1636467789067, 1636467789239, 172, 0, 172, 0, 0, 0
1460, 1, 1636467789231, 1636467789403, 172, 0, 172, 0, 0, 0
1461, 1, 1636467789251, 1636467789423, 172, 0, 172, 0, 0, 0
1462, 1, 1636467789319, 1636467789491, 172, 0, 172, 0, 0, 0
1464, 1, 1636467789483, 1636467789655, 172, 0, 172, 0, 0, 0
1463, 1, 1636467789579, 1636467789751, 172, 0, 172, 0, 0, 0
1465, 1, 1636467789707, 1636467789879, 172, 0, 172, 0, 0, 0
1466, 1, 1636467789811, 1636467789983, 172, 0, 172, 0, 0, 0
1467, 1, 1636467790195, 1636467790367, 172, 0, 172, 0, 0, 0
1468, 1, 1636467790247, 1636467790419, 172, 0, 172, 0, 0, 0
1469, 1, 1636467790539, 1636467790711, 172, 0, 172, 0, 0, 0
1470, 1, 1636467790839, 1636467791011, 172, 0, 172, 0, 0, 0
1471, 1, 1636467791375, 1636467791547, 172, 0, 172, 0, 0, 0
1472, 1, 1636467791411, 1636467791583, 172, 0, 172, 0, 0, 0
1473, 1, 1636467791427, 1636467791603, 176, 0, 176, 0, 0, 0
1474, 1, 1636467791759, 1636467791931, 172, 0, 172, 0, 0, 0
1475, 1, 1636467791799, 1636467791971, 172, 0, 172, 0, 0, 0
1476, 1, 1636467792151, 1636467792323, 172, 0, 172, 0, 0, 0
1477, 1, 1636467792755, 1636467792927, 172, 0, 172, 0, 0, 0
1478, 1, 1636467792939, 1636467793111, 172, 0, 172, 0, 0, 0
1479, 1, 1636467793163, 1636467793335, 172, 0, 172, 0, 0, 0
1480, 1, 1636467793363, 1636467793535, 172, 0, 172, 0, 0, 0
1481, 1, 1636467793435, 1636467793607, 172, 0, 172, 0, 0, 0
1482, 1, 1636467793447, 1636467793619, 172, 0, 172, 0, 0, 0
1483, 1, 1636467793495, 1636467793667, 172, 0, 172, 0, 0, 0
1484, 1, 1636467793559, 1636467793731, 172, 0, 172, 0, 0, 0
1485, 1, 1636467793795, 1636467793967, 172, 0, 172, 0, 0, 0
1486, 1, 1636467793963, 1636467794135, 172, 0, 172, 0, 0, 0
1487, 1, 1636467793979, 1636467794151, 172, 0, 172, 0, 0, 0
1488, 1, 1636467794471, 1636467794643, 172, 0, 172, 0, 0, 0
1489, 1, 1636467794627, 1636467794799, 172, 0, 172, 0, 0, 0
1490, 1, 1636467794995, 1636467795167, 172, 0, 172, 0, 0, 0
1491, 1, 1636467795223, 1636467795399, 176, 0, 176, 0, 0, 0
1492, 1, 1636467795547, 1636467795719, 172, 0, 172, 0, 0, 0
1493, 1, 1636467795583, 1636467795755, 172, 0, 172, 0, 0, 0
1494, 1, 1636467795895, 1636467796067, 172, 0, 172, 0, 0, 0
1495, 1, 1636467796095, 1636467796267, 172, 0, 172, 0, 0, 0
1496, 1, 1636467796447, 1636467796623, 176, 0, 176, 0, 0, 0
1497, 1, 1636467796703, 1636467796875, 172, 0, 172, 0, 0, 0
1498, 1, 1636467796843, 1636467797015, 172, 0, 172, 0, 0, 0
1499, 1, 1636467797095, 1636467797267, 172, 0, 172, 0, 0, 0
1500, 1, 1636467797195, 1636467797367, 172, 0, 172, 0, 0, 0
1501, 1, 1636467797247, 1636467797419, 172, 0, 172, 0, 0, 0
1502, 1, 1636467797383, 1636467797555, 172, 0, 172, 0, 0, 0
1503, 1, 1636467797523, 1636467797695, 172, 0, 172, 0, 0, 0
1504, 1, 1636467797727, 1636467797899, 172, 0, 172, 0, 0, 0
1506, 1, 1636467797751, 1636467797923, 172, 0, 172, 0, 0, 0
1507, 1, 1636467797831, 1636467798003, 172, 0, 172, 0, 0, 0
1505, 1, 1636467798099, 1636467798275, 176, 0, 176, 0, 0, 0
1508, 1, 1636467798311, 1636467798483, 172, 0, 172, 0, 0, 0
1509, 1, 1636467798559, 1636467798731, 172, 0, 172, 0, 0, 0
1510, 1, 1636467798691, 1636467798863, 172, 0, 172, 0, 0, 0
1511, 1, 1636467799043, 1636467799215, 172, 0, 172, 0, 0, 0
1512, 1, 1636467799279, 1636467799451, 172, 0, 172, 0, 0, 0
1513, 1, 1636467799827, 1636467799999, 172, 0, 172, 0, 0, 0
1514, 1, 1636467799831, 1636467800003, 172, 0, 172, 0, 0, 0
1515, 1, 1636467800179, 1636467800351, 172, 0, 172, 0, 0, 0
1516, 1, 1636467800179, 1636467800351, 172, 0, 172, 0, 0, 0
1517, 1, 1636467800527, 1636467800699, 172, 0, 172, 0, 0, 0
1518, 1, 1636467800947, 1636467801119, 172, 0, 172, 0, 0, 0
1519, 1, 1636467800995, 1636467801167, 172, 0, 172, 0, 0, 0
1520, 1, 1636467801207, 1636467801383, 176, 0, 176, 0, 0, 0
1521, 1, 1636467801379, 1636467801551, 172, 0, 172, 0, 0, 0
1522, 1, 1636467801483, 1636467801655, 172, 0, 172, 0, 0, 0
1523, 1, 1636467801491, 1636467801667, 176, 0, 176, 0, 0, 0
1524, 1, 1636467801531, 1636467801703, 172, 0, 172, 0, 0, 0
1525, 1, 1636467801651, 1636467801823, 172, 0, 172, 0, 0, 0
1526, 1, 1636467801831, 1636467802003, 172, 0, 172, 0, 0, 0
1527, 1, 1636467802019, 1636467802191, 172, 0, 172, 0, 0, 0
1528, 1, 1636467802247, 1636467802419, 172, 0, 172, 0, 0, 0
1529, 1, 1636467802395, 1636467802567, 172, 0, 172, 0, 0, 0
1530, 1, 1636467802983, 1636467803155, 172, 0, 172, 0, 0, 0
1531, 1, 1636467803191, 1636467803363, 172, 0, 172, 0, 0, 0
1532, 1, 1636467803571, 1636467803747, 176, 0, 176, 0, 0, 0
1533, 1, 1636467803683, 1636467803855, 172, 0, 172, 0, 0, 0
1534, 1, 1636467803923, 1636467804095, 172, 0, 172, 0, 0, 0
1536, 1, 1636467804035, 1636467804207, 172, 0, 172, 0, 0, 0
1535, 1, 1636467804267, 1636467804439, 172, 0, 172, 0, 0, 0
1537, 1, 1636467804611, 1636467804783, 172, 0, 172, 0, 0, 0
1538, 1, 1636467804766, 1636467804939, 173, 1, 172, 0, 0, 0
1539, 1, 1636467805031, 1636467805207, 176, 0, 176, 0, 0, 0
1540, 1, 1636467805159, 1636467805331, 172, 0, 172, 0, 0, 0
1541, 1, 1636467805263, 1636467805435, 172, 0, 172, 0, 0, 0
1542, 1, 1636467805295, 1636467805467, 172, 0, 172, 0, 0, 0
1543, 1, 1636467805331, 1636467805507, 176, 0, 176, 0, 0, 0
1545, 1, 1636467805631, 1636467805803, 172, 0, 172, 0, 0, 0
1544, 1, 1636467805683, 1636467805855, 172, 0, 172, 0, 0, 0
1546, 1, 1636467805799, 1636467805971, 172, 0, 172, 0, 0, 0
1547, 1, 1636467806054, 1636467806231, 177, 1, 176, 1, 0, 1
1548, 1, 1636467806327, 1636467806503, 176, 0, 176, 0, 0, 0
1549, 1, 1636467806527, 1636467806699, 172, 0, 172, 0, 0, 0
1550, 1, 1636467806931, 1636467807103, 172, 0, 172, 0, 0, 0
1551, 1, 1636467807019, 1636467807191, 172, 0, 172, 0, 0, 0
1552, 1, 1636467807499, 1636467807671, 172, 0, 172, 0, 0, 0
1553, 1, 1636467807607, 1636467807779, 172, 0, 172, 0, 0, 0
1554, 1, 1636467807683, 1636467807859, 176, 0, 176, 0, 0, 0
1555, 1, 1636467807855, 1636467808027, 172, 0, 172, 0, 0, 0
1556, 1, 1636467808035, 1636467808211, 176, 0, 176, 0, 0, 0
1557, 1, 1636467808739, 1636467808911, 172, 0, 172, 0, 0, 0
1558, 1, 1636467808887, 1636467809059, 172, 0, 172, 0, 0, 0
1559, 1, 1636467808919, 1636467809091, 172, 0, 172, 0, 0, 0
1560, 1, 1636467809139, 1636467809311, 172, 0, 172, 0, 0, 0
1561, 1, 1636467809155, 1636467809327, 172, 0, 172, 0, 0, 0
1563, 1, 1636467809419, 1636467809591, 172, 0, 172, 0, 0, 0
1562, 1, 1636467809503, 1636467809675, 172, 0, 172, 0, 0, 0
1564, 1, 1636467809535, 1636467809711, 176, 0, 176, 0, 0, 0
1565, 1, 1636467809575, 1636467809747, 172, 0, 172, 0, 0, 0
1566, 1, 1636467809739, 1636467809911, 172, 0, 172, 0, 0, 0
1567, 1, 1636467810163, 1636467810335, 172, 0, 172, 0, 0, 0
1568, 1, 1636467810303, 1636467810475, 172, 0, 172, 0, 0, 0
1569, 1, 1636467810455, 1636467810627, 172, 0, 172, 0, 0, 0
1570, 1, 1636467811127, 1636467811299, 172, 0, 172, 0, 0, 0
1571, 1, 1636467811243, 1636467811415, 172, 0, 172, 0, 0, 0
1572, 1, 1636467811699, 1636467811871, 172, 0, 172, 0, 0, 0
1573, 1, 1636467811895, 1636467812067, 172, 0, 172, 0, 0, 0
1576, 1, 1636467812047, 1636467812219, 172, 0, 172, 0, 0, 0
1577, 1, 1636467812519, 1636467812691, 172, 0, 172, 0, 0, 0
1578, 1, 1636467812651, 1636467812823, 172, 0, 172, 0, 0, 0
1579, 1, 1636467813019, 1636467813191, 172, 0, 172, 0, 0, 0
1580, 1, 1636467813023, 1636467813195, 172, 0, 172, 0, 0, 0
1581, 1, 1636467813303, 1636467813475, 172, 0, 172, 0, 0, 0
1582, 1, 1636467813331, 1636467813503, 172, 0, 172, 0, 0, 0
1584, 1, 1636467813631, 1636467813803, 172, 0, 172, 0, 0, 0
1583, 1, 1636467813651, 1636467813823, 172, 0, 172, 0, 0, 0
1585, 1, 1636467813663, 1636467813835, 172, 0, 172, 0, 0, 0
1586, 1, 1636467813859, 1636467814031, 172, 0, 172, 0, 0, 0
1587, 1, 1636467814035, 1636467814207, 172, 0, 172, 0, 0, 0
1588, 1, 1636467814059, 1636467814231, 172, 0, 172, 0, 0, 0
1589, 1, 1636467814239, 1636467814411, 172, 0, 172, 0, 0, 0
1590, 1, 1636467814331, 1636467814503, 172, 0, 172, 0, 0, 0
1591, 1, 1636467814679, 1636467814851, 172, 0, 172, 0, 0, 0
1592, 1, 1636467815023, 1636467815199, 176, 0, 176, 0, 0, 0
1593, 1, 1636467815435, 1636467815607, 172, 0, 172, 0, 0, 0
1594, 1, 1636467815447, 1636467815619, 172, 0, 172, 0, 0, 0
1595, 1, 1636467815783, 1636467815955, 172, 0, 172, 0, 0, 0
1596, 1, 1636467815787, 1636467815959, 172, 0, 172, 0, 0, 0
1597, 1, 1636467816251, 1636467816423, 172, 0, 172, 0, 0, 0
1598, 1, 1636467816967, 1636467817139, 172, 0, 172, 0, 0, 0
1599, 1, 1636467817035, 1636467817207, 172, 0, 172, 0, 0, 0
1600, 1, 1636467817063, 1636467817235, 172, 0, 172, 0, 0, 0
1601, 1, 1636467817287, 1636467817459, 172, 0, 172, 0, 0, 0
1603, 1, 1636467817351, 1636467817523, 172, 0, 172, 0, 0, 0
1602, 1, 1636467817383, 1636467817555, 172, 0, 172, 0, 0, 0
1604, 1, 1636467817495, 1636467817667, 172, 0, 172, 0, 0, 0
1605, 1, 1636467817771, 1636467817947, 176, 0, 176, 0, 0, 0
1606, 1, 1636467817967, 1636467818139, 172, 0, 172, 0, 0, 0
1608, 1, 1636467818171, 1636467818343, 172, 0, 172, 0, 0, 0
1607, 1, 1636467818171, 1636467818343, 172, 0, 172, 0, 0, 0
1609, 1, 1636467818315, 1636467818487, 172, 0, 172, 0, 0, 0
1610, 1, 1636467818395, 1636467818567, 172, 0, 172, 0, 0, 0
1611, 1, 1636467818663, 1636467818835, 172, 0, 172, 0, 0, 0
1612, 1, 1636467819143, 1636467819315, 172, 0, 172, 0, 0, 0
1613, 1, 1636467819359, 1636467819531, 172, 0, 172, 0, 0, 0
1614, 1, 1636467819747, 1636467819923, 176, 0, 176, 0, 0, 0
1615, 1, 1636467820099, 1636467820271, 172, 0, 172, 0, 0, 0
1616, 1, 1636467820123, 1636467820295, 172, 0, 172, 0, 0, 0
1617, 1, 1636467820387, 1636467820559, 172, 0, 172, 0, 0, 0
1618, 1, 1636467821171, 1636467821343, 172, 0, 172, 0, 0, 0
1619, 1, 1636467821199, 1636467821371, 172, 0, 172, 0, 0, 0
1620, 1, 1636467821351, 1636467821523, 172, 0, 172, 0, 0, 0
1622, 1, 1636467821527, 1636467821699, 172, 0, 172, 0, 0, 0
1623, 1, 1636467821539, 1636467821711, 172, 0, 172, 0, 0, 0
1624, 1, 1636467821575, 1636467821747, 172, 0, 172, 0, 0, 0
1621, 1, 1636467821703, 1636467821875, 172, 0, 172, 0, 0, 0
1625, 1, 1636467821867, 1636467822039, 172, 0, 172, 0, 0, 0
1626, 1, 1636467821955, 1636467822127, 172, 0, 172, 0, 0, 0
1627, 1, 1636467822095, 1636467822271, 176, 0, 176, 0, 0, 0
1628, 1, 1636467822107, 1636467822283, 176, 0, 176, 0, 0, 0
1630, 1, 1636467822275, 1636467822447, 172, 0, 172, 0, 0, 0
1629, 1, 1636467822447, 1636467822619, 172, 0, 172, 0, 0, 0
1631, 1, 1636467822579, 1636467822751, 172, 0, 172, 0, 0, 0
1632, 1, 1636467823171, 1636467823343, 172, 0, 172, 0, 0, 0
1633, 1, 1636467823543, 1636467823715, 172, 0, 172, 0, 0, 0
1634, 1, 1636467823951, 1636467824123, 172, 0, 172, 0, 0, 0
1636, 1, 1636467824307, 1636467824479, 172, 0, 172, 0, 0, 0
1637, 1, 1636467824491, 1636467824663, 172, 0, 172, 0, 0, 0
1638, 1, 1636467824863, 1636467825035, 172, 0, 172, 0, 0, 0
1639, 1, 1636467825267, 1636467825439, 172, 0, 172, 0, 0, 0
1640, 1, 1636467825307, 1636467825479, 172, 0, 172, 0, 0, 0
1641, 1, 1636467825419, 1636467825591, 172, 0, 172, 0, 0, 0
1642, 1, 1636467825551, 1636467825723, 172, 0, 172, 0, 0, 0
1643, 1, 1636467825555, 1636467825731, 176, 0, 176, 0, 0, 0
1645, 1, 1636467825823, 1636467825995, 172, 0, 172, 0, 0, 0
1646, 1, 1636467825835, 1636467826007, 172, 0, 172, 0, 0, 0
1647, 1, 1636467825895, 1636467826067, 172, 0, 172, 0, 0, 0
1648, 1, 1636467826171, 1636467826343, 172, 0, 172, 0, 0, 0
1649, 1, 1636467826219, 1636467826395, 176, 0, 176, 0, 0, 0
1650, 1, 1636467826459, 1636467826631, 172, 0, 172, 0, 0, 0
1651, 1, 1636467826471, 1636467826647, 176, 0, 176, 0, 0, 0
1652, 1, 1636467827195, 1636467827367, 172, 0, 172, 0, 0, 0
1653, 1, 1636467827423, 1636467827595, 172, 0, 172, 0, 0, 0
1654, 1, 1636467827647, 1636467827819, 172, 0, 172, 0, 0, 0
1655, 1, 1636467828167, 1636467828339, 172, 0, 172, 0, 0, 0
1657, 1, 1636467828195, 1636467828367, 172, 0, 172, 0, 0, 0
1656, 1, 1636467828515, 1636467828687, 172, 0, 172, 0, 0, 0
1658, 1, 1636467828683, 1636467828855, 172, 0, 172, 0, 0, 0
1659, 1, 1636467828891, 1636467829063, 172, 0, 172, 0, 0, 0
1660, 1, 1636467829251, 1636467829423, 172, 0, 172, 0, 0, 0
1661, 1, 1636467829363, 1636467829535, 172, 0, 172, 0, 0, 0
1662, 1, 1636467829439, 1636467829611, 172, 0, 172, 0, 0, 0
1663, 1, 1636467829503, 1636467829675, 172, 0, 172, 0, 0, 0
1664, 1, 1636467829667, 1636467829839, 172, 0, 172, 0, 0, 0
1665, 1, 1636467829919, 1636467830091, 172, 0, 172, 0, 0, 0
1666, 1, 1636467829959, 1636467830131, 172, 0, 172, 0, 0, 0
1667, 1, 1636467830083, 1636467830259, 176, 0, 176, 0, 0, 0
1669, 1, 1636467830167, 1636467830339, 172, 0, 172, 0, 0, 0
1668, 1, 1636467830311, 1636467830483, 172, 0, 172, 0, 0, 0
1670, 1, 1636467830419, 1636467830591, 172, 0, 172, 0, 0, 0
1671, 1, 1636467830707, 1636467830879, 172, 0, 172, 0, 0, 0
1672, 1, 1636467831011, 1636467831183, 172, 0, 172, 0, 0, 0
1673, 1, 1636467831671, 1636467831843, 172, 0, 172, 0, 0, 0
1674, 1, 1636467831675, 1636467831847, 172, 0, 172, 0, 0, 0
1675, 1, 1636467832267, 1636467832439, 172, 0, 172, 0, 0, 0
1677, 1, 1636467832387, 1636467832559, 172, 0, 172, 0, 0, 0
1678, 1, 1636467832439, 1636467832611, 172, 0, 172, 0, 0, 0
1676, 1, 1636467832615, 1636467832787, 172, 0, 172, 0, 0, 0
1679, 1, 1636467832919, 1636467833091, 172, 0, 172, 0, 0, 0
1680, 1, 1636467833199, 1636467833371, 172, 0, 172, 0, 0, 0
1681, 1, 1636467833283, 1636467833455, 172, 0, 172, 0, 0, 0
1682, 1, 1636467833403, 1636467833575, 172, 0, 172, 0, 0, 0
1683, 1, 1636467833687, 1636467833859, 172, 0, 172, 0, 0, 0
1684, 1, 1636467833719, 1636467833891, 172, 0, 172, 0, 0, 0
1685, 1, 1636467833919, 1636467834091, 172, 0, 172, 0, 0, 0
1686, 1, 1636467834063, 1636467834235, 172, 0, 172, 0, 0, 0
1687, 1, 1636467834111, 1636467834283, 172, 0, 172, 0, 0, 0
1689, 1, 1636467834331, 1636467834503, 172, 0, 172, 0, 0, 0
1688, 1, 1636467834411, 1636467834583, 172, 0, 172, 0, 0, 0
1690, 1, 1636467834423, 1636467834599, 176, 0, 176, 0, 0, 0
1691, 1, 1636467834955, 1636467835127, 172, 0, 172, 0, 0, 0
1692, 1, 1636467835047, 1636467835219, 172, 0, 172, 0, 0, 0
1693, 1, 1636467835703, 1636467835875, 172, 0, 172, 0, 0, 0
1694, 1, 1636467835919, 1636467836091, 172, 0, 172, 0, 0, 0
1695, 1, 1636467836135, 1636467836307, 172, 0, 172, 0, 0, 0
1696, 1, 1636467836487, 1636467836659, 172, 0, 172, 0, 0, 0
1697, 1, 1636467836559, 1636467836731, 172, 0, 172, 0, 0, 0
1698, 1, 1636467836687, 1636467836859, 172, 0, 172, 0, 0, 0
1699, 1, 1636467836731, 1636467836903, 172, 0, 172, 0, 0, 0
1700, 1, 1636467837183, 1636467837355, 172, 0, 172, 0, 0, 0
1701, 1, 1636467837371, 1636467837543, 172, 0, 172, 0, 0, 0
1702, 1, 1636467837455, 1636467837627, 172, 0, 172, 0, 0, 0
1703, 1, 1636467837683, 1636467837855, 172, 0, 172, 0, 0, 0
1704, 1, 1636467837731, 1636467837907, 176, 0, 176, 0, 0, 0
1705, 1, 1636467838051, 1636467838223, 172, 0, 172, 0, 0, 0
1706, 1, 1636467838099, 1636467838271, 172, 0, 172, 0, 0, 0
1707, 1, 1636467838175, 1636467838347, 172, 0, 172, 0, 0, 0
1709, 1, 1636467838283, 1636467838455, 172, 0, 172, 0, 0, 0
1708, 1, 1636467838523, 1636467838695, 172, 0, 172, 0, 0, 0
1710, 1, 1636467838707, 1636467838879, 172, 0, 172, 0, 0, 0
1711, 1, 1636467838723, 1636467838899, 176, 0, 176, 0, 0, 0
1712, 1, 1636467838827, 1636467838999, 172, 0, 172, 0, 0, 0
1713, 1, 1636467839471, 1636467839643, 172, 0, 172, 0, 0, 0
1714, 1, 1636467839687, 1636467839859, 172, 0, 172, 0, 0, 0
1715, 1, 1636467840255, 1636467840427, 172, 0, 172, 0, 0, 0
1717, 1, 1636467840455, 1636467840631, 176, 0, 176, 0, 0, 0
1716, 1, 1636467840603, 1636467840775, 172, 0, 172, 0, 0, 0
1718, 1, 1636467840767, 1636467840939, 172, 0, 172, 0, 0, 0
1719, 1, 1636467840831, 1636467841003, 172, 0, 172, 0, 0, 0
1720, 1, 1636467840899, 1636467841071, 172, 0, 172, 0, 0, 0
1721, 1, 1636467841271, 1636467841443, 172, 0, 172, 0, 0, 0
1722, 1, 1636467841463, 1636467841635, 172, 0, 172, 0, 0, 0
1723, 1, 1636467841611, 1636467841783, 172, 0, 172, 0, 0, 0
1724, 1, 1636467841871, 1636467842043, 172, 0, 172, 0, 0, 0
1725, 1, 1636467841871, 1636467842043, 172, 0, 172, 0, 0, 0
1727, 1, 1636467841963, 1636467842135, 172, 0, 172, 0, 0, 0
1726, 1, 1636467842219, 1636467842391, 172, 0, 172, 0, 0, 0
1728, 1, 1636467842379, 1636467842551, 172, 0, 172, 0, 0, 0
1729, 1, 1636467842523, 1636467842695, 172, 0, 172, 0, 0, 0
1730, 1, 1636467842547, 1636467842719, 172, 0, 172, 0, 0, 0
1731, 1, 1636467843007, 1636467843179, 172, 0, 172, 0, 0, 0
1732, 1, 1636467843035, 1636467843207, 172, 0, 172, 0, 0, 0
1733, 1, 1636467843503, 1636467843675, 172, 0, 172, 0, 0, 0
1734, 1, 1636467843967, 1636467844139, 172, 0, 172, 0, 0, 0
1735, 1, 1636467844431, 1636467844603, 172, 0, 172, 0, 0, 0
1737, 1, 1636467844547, 1636467844719, 172, 0, 172, 0, 0, 0
1738, 1, 1636467844739, 1636467844911, 172, 0, 172, 0, 0, 0
1736, 1, 1636467844779, 1636467844951, 172, 0, 172, 0, 0, 0
1739, 1, 1636467844859, 1636467845031, 172, 0, 172, 0, 0, 0
1741, 1, 1636467845183, 1636467845355, 172, 0, 172, 0, 0, 0
1740, 1, 1636467845207, 1636467845379, 172, 0, 172, 0, 0, 0
1742, 1, 1636467845303, 1636467845475, 172, 0, 172, 0, 0, 0
1743, 1, 1636467845843, 1636467846015, 172, 0, 172, 0, 0, 0
1744, 1, 1636467845951, 1636467846123, 172, 0, 172, 0, 0, 0
1745, 1, 1636467846047, 1636467846219, 172, 0, 172, 0, 0, 0
1747, 1, 1636467846191, 1636467846363, 172, 0, 172, 0, 0, 0
1748, 1, 1636467846207, 1636467846379, 172, 0, 172, 0, 0, 0
1746, 1, 1636467846391, 1636467846563, 172, 0, 172, 0, 0, 0
1749, 1, 1636467846507, 1636467846679, 172, 0, 172, 0, 0, 0
1750, 1, 1636467846855, 1636467847027, 172, 0, 172, 0, 0, 0
1751, 1, 1636467846859, 1636467847031, 172, 0, 172, 0, 0, 0
1752, 1, 1636467846887, 1636467847059, 172, 0, 172, 0, 0, 0
1753, 1, 1636467847287, 1636467847459, 172, 0, 172, 0, 0, 0
1754, 1, 1636467847851, 1636467848023, 172, 0, 172, 0, 0, 0
1755, 1, 1636467848199, 1636467848371, 172, 0, 172, 0, 0, 0
1756, 1, 1636467848267, 1636467848439, 172, 0, 172, 0, 0, 0
1757, 1, 1636467848551, 1636467848723, 172, 0, 172, 0, 0, 0
1758, 1, 1636467848619, 1636467848791, 172, 0, 172, 0, 0, 0
1759, 1, 1636467848835, 1636467849007, 172, 0, 172, 0, 0, 0
1760, 1, 1636467848983, 1636467849155, 172, 0, 172, 0, 0, 0
1761, 1, 1636467849111, 1636467849287, 176, 0, 176, 0, 0, 0
1762, 1, 1636467849143, 1636467849315, 172, 0, 172, 0, 0, 0
1763, 1, 1636467849619, 1636467849791, 172, 0, 172, 0, 0, 0
1764, 1, 1636467849707, 1636467849879, 172, 0, 172, 0, 0, 0
1765, 1, 1636467849967, 1636467850139, 172, 0, 172, 0, 0, 0
1766, 1, 1636467850175, 1636467850347, 172, 0, 172, 0, 0, 0
1767, 1, 1636467850307, 1636467850479, 172, 0, 172, 0, 0, 0
1769, 1, 1636467850483, 1636467850655, 172, 0, 172, 0, 0, 0
1768, 1, 1636467850523, 1636467850695, 172, 0, 172, 0, 0, 0
1770, 1, 1636467850663, 1636467850835, 172, 0, 172, 0, 0, 0
1771, 1, 1636467850679, 1636467850851, 172, 0, 172, 0, 0, 0
1772, 1, 1636467851007, 1636467851179, 172, 0, 172, 0, 0, 0
1773, 1, 1636467851195, 1636467851367, 172, 0, 172, 0, 0, 0
1774, 1, 1636467851627, 1636467851799, 172, 0, 172, 0, 0, 0
1775, 1, 1636467852227, 1636467852399, 172, 0, 172, 0, 0, 0
1776, 1, 1636467852391, 1636467852563, 172, 0, 172, 0, 0, 0
1777, 1, 1636467852479, 1636467852651, 172, 0, 172, 0, 0, 0
1779, 1, 1636467852699, 1636467852871, 172, 0, 172, 0, 0, 0
1780, 1, 1636467852779, 1636467852959, 180, 0, 180, 0, 0, 0
1778, 1, 1636467852823, 1636467852995, 172, 0, 172, 0, 0, 0
1781, 1, 1636467853119, 1636467853291, 172, 0, 172, 0, 0, 0
1782, 1, 1636467853443, 1636467853615, 172, 0, 172, 0, 0, 0
1783, 1, 1636467853455, 1636467853627, 172, 0, 172, 0, 0, 0
1784, 1, 1636467853803, 1636467853975, 172, 0, 172, 0, 0, 0
1785, 1, 1636467854043, 1636467854215, 172, 0, 172, 0, 0, 0
1786, 1, 1636467854427, 1636467854599, 172, 0, 172, 0, 0, 0
1787, 1, 1636467854491, 1636467854663, 172, 0, 172, 0, 0, 0
1788, 1, 1636467854499, 1636467854671, 172, 0, 172, 0, 0, 0
1789, 1, 1636467854507, 1636467854679, 172, 0, 172, 0, 0, 0
1790, 1, 1636467854855, 1636467855027, 172, 0, 172, 0, 0, 0
1792, 1, 1636467855015, 1636467855191, 176, 0, 176, 0, 0, 0
1791, 1, 1636467855203, 1636467855375, 172, 0, 172, 0, 0, 0
1793, 1, 1636467855331, 1636467855503, 172, 0, 172, 0, 0, 0
1794, 1, 1636467855463, 1636467855635, 172, 0, 172, 0, 0, 0
1795, 1, 1636467856207, 1636467856379, 172, 0, 172, 0, 0, 0
1796, 1, 1636467856232, 1636467856403, 171, 0, 171, 0, 0, 0
1797, 1, 1636467856287, 1636467856459, 172, 0, 172, 0, 0, 0
1799, 1, 1636467856575, 1636467856747, 172, 0, 172, 0, 0, 0
1798, 1, 1636467856635, 1636467856807, 172, 0, 172, 0, 0, 0
1800, 1, 1636467856663, 1636467856835, 172, 0, 172, 0, 0, 0
1801, 1, 1636467857063, 1636467857235, 172, 0, 172, 0, 0, 0
1802, 1, 1636467857543, 1636467857715, 172, 0, 172, 0, 0, 0
1803, 1, 1636467857655, 1636467857831, 176, 0, 176, 0, 0, 0
1804, 1, 1636467858007, 1636467858179, 172, 0, 172, 0, 0, 0
1805, 1, 1636467858143, 1636467858319, 176, 0, 176, 0, 0, 0
1806, 1, 1636467858155, 1636467858327, 172, 0, 172, 0, 0, 0
1807, 1, 1636467858331, 1636467858503, 172, 0, 172, 0, 0, 0
1809, 1, 1636467858583, 1636467858755, 172, 0, 172, 0, 0, 0
1808, 1, 1636467858679, 1636467858851, 172, 0, 172, 0, 0, 0
1810, 1, 1636467858695, 1636467858867, 172, 0, 172, 0, 0, 0
1811, 1, 1636467858731, 1636467858903, 172, 0, 172, 0, 0, 0
1812, 1, 1636467859115, 1636467859287, 172, 0, 172, 0, 0, 0
1813, 1, 1636467859515, 1636467859687, 172, 0, 172, 0, 0, 0
1814, 1, 1636467859659, 1636467859831, 172, 0, 172, 0, 0, 0
1815, 1, 1636467860059, 1636467860231, 172, 0, 172, 0, 0, 0
1816, 1, 1636467860143, 1636467860315, 172, 0, 172, 0, 0, 0
1817, 1, 1636467860407, 1636467860579, 172, 0, 172, 0, 0, 0
1818, 1, 1636467860419, 1636467860591, 172, 0, 172, 0, 0, 0
1819, 1, 1636467860531, 1636467860707, 176, 0, 176, 0, 0, 0
1820, 1, 1636467860639, 1636467860811, 172, 0, 172, 0, 0, 0
1821, 1, 1636467860827, 1636467860999, 172, 0, 172, 0, 0, 0
1822, 1, 1636467861635, 1636467861807, 172, 0, 172, 0, 0, 0
1823, 1, 1636467861727, 1636467861899, 172, 0, 172, 0, 0, 0
1824, 1, 1636467861983, 1636467862155, 172, 0, 172, 0, 0, 0
1825, 1, 1636467862139, 1636467862311, 172, 0, 172, 0, 0, 0
1826, 1, 1636467862327, 1636467862499, 172, 0, 172, 0, 0, 0
1827, 1, 1636467862383, 1636467862555, 172, 0, 172, 0, 0, 0
1828, 1, 1636467862455, 1636467862627, 172, 0, 172, 0, 0, 0
1829, 1, 1636467862635, 1636467862807, 172, 0, 172, 0, 0, 0
1831, 1, 1636467862671, 1636467862843, 172, 0, 172, 0, 0, 0
1830, 1, 1636467862803, 1636467862975, 172, 0, 172, 0, 0, 0
1832, 1, 1636467863299, 1636467863471, 172, 0, 172, 0, 0, 0
1833, 1, 1636467863595, 1636467863767, 172, 0, 172, 0, 0, 0
1834, 1, 1636467863639, 1636467863811, 172, 0, 172, 0, 0, 0
1835, 1, 1636467863903, 1636467864075, 172, 0, 172, 0, 0, 0
1836, 1, 1636467863915, 1636467864091, 176, 0, 176, 0, 0, 0
1837, 1, 1636467864271, 1636467864443, 172, 0, 172, 0, 0, 0
1838, 1, 1636467864371, 1636467864543, 172, 0, 172, 0, 0, 0
1839, 1, 1636467864403, 1636467864575, 172, 0, 172, 0, 0, 0
1840, 1, 1636467864583, 1636467864755, 172, 0, 172, 0, 0, 0
1841, 1, 1636467864783, 1636467864955, 172, 0, 172, 0, 0, 0
1842, 1, 1636467865555, 1636467865727, 172, 0, 172, 0, 0, 0
1844, 1, 1636467865823, 1636467865995, 172, 0, 172, 0, 0, 0
1843, 1, 1636467865903, 1636467866075, 172, 0, 172, 0, 0, 0
1845, 1, 1636467866023, 1636467866195, 172, 0, 172, 0, 0, 0
1846, 1, 1636467866407, 1636467866579, 172, 0, 172, 0, 0, 0
1847, 1, 1636467866419, 1636467866591, 172, 0, 172, 0, 0, 0
1848, 1, 1636467866451, 1636467866623, 172, 0, 172, 0, 0, 0
1849, 1, 1636467866555, 1636467866727, 172, 0, 172, 0, 0, 0
1850, 1, 1636467866631, 1636467866803, 172, 0, 172, 0, 0, 0
1851, 1, 1636467866903, 1636467867075, 172, 0, 172, 0, 0, 0
1852, 1, 1636467867387, 1636467867559, 172, 0, 172, 0, 0, 0
1853, 1, 1636467867439, 1636467867611, 172, 0, 172, 0, 0, 0
1854, 1, 1636467867507, 1636467867679, 172, 0, 172, 0, 0, 0
1855, 1, 1636467867815, 1636467867987, 172, 0, 172, 0, 0, 0
1856, 1, 1636467868075, 1636467868247, 172, 0, 172, 0, 0, 0
1857, 1, 1636467868099, 1636467868271, 172, 0, 172, 0, 0, 0
1858, 1, 1636467868179, 1636467868351, 172, 0, 172, 0, 0, 0
1859, 1, 1636467868351, 1636467868523, 172, 0, 172, 0, 0, 0
1860, 1, 1636467868563, 1636467868735, 172, 0, 172, 0, 0, 0
1861, 1, 1636467868651, 1636467868823, 172, 0, 172, 0, 0, 0
1862, 1, 1636467869619, 1636467869791, 172, 0, 172, 0, 0, 0
1863, 1, 1636467869627, 1636467869799, 172, 0, 172, 0, 0, 0
1864, 1, 1636467869727, 1636467869899, 172, 0, 172, 0, 0, 0
1865, 1, 1636467869979, 1636467870151, 172, 0, 172, 0, 0, 0
1866, 1, 1636467870215, 1636467870387, 172, 0, 172, 0, 0, 0
1867, 1, 1636467870359, 1636467870531, 172, 0, 172, 0, 0, 0
1868, 1, 1636467870615, 1636467870787, 172, 0, 172, 0, 0, 0
1869, 1, 1636467870711, 1636467870883, 172, 0, 172, 0, 0, 0
1870, 1, 1636467870735, 1636467870907, 172, 0, 172, 0, 0, 0
1871, 1, 1636467871083, 1636467871255, 172, 0, 172, 0, 0, 0
1872, 1, 1636467871187, 1636467871359, 172, 0, 172, 0, 0, 0
1873, 1, 1636467871503, 1636467871675, 172, 0, 172, 0, 0, 0
1874, 1, 1636467871583, 1636467871755, 172, 0, 172, 0, 0, 0
1875, 1, 1636467871679, 1636467871851, 172, 0, 172, 0, 0, 0
1876, 1, 1636467872083, 1636467872259, 176, 0, 176, 0, 0, 0
1877, 1, 1636467872231, 1636467872403, 172, 0, 172, 0, 0, 0
1878, 1, 1636467872251, 1636467872423, 172, 0, 172, 0, 0, 0
1879, 1, 1636467872251, 1636467872427, 176, 0, 176, 0, 0, 0
1880, 1, 1636467872323, 1636467872495, 172, 0, 172, 0, 0, 0
1881, 1, 1636467872503, 1636467872675, 172, 0, 172, 0, 0, 0
1882, 1, 1636467873419, 1636467873591, 172, 0, 172, 0, 0, 0
1883, 1, 1636467873683, 1636467873855, 172, 0, 172, 0, 0, 0
1884, 1, 1636467873767, 1636467873939, 172, 0, 172, 0, 0, 0
1885, 1, 1636467873879, 1636467874051, 172, 0, 172, 0, 0, 0
1886, 1, 1636467874223, 1636467874395, 172, 0, 172, 0, 0, 0
1887, 1, 1636467874283, 1636467874455, 172, 0, 172, 0, 0, 0
1888, 1, 1636467874471, 1636467874647, 176, 0, 176, 0, 0, 0
1889, 1, 1636467874831, 1636467875003, 172, 0, 172, 0, 0, 0
1890, 1, 1636467874951, 1636467875123, 172, 0, 172, 0, 0, 0
1891, 1, 1636467875179, 1636467875351, 172, 0, 172, 0, 0, 0
1892, 1, 1636467875307, 1636467875479, 172, 0, 172, 0, 0, 0
1893, 1, 1636467875343, 1636467875515, 172, 0, 172, 0, 0, 0
1894, 1, 1636467875363, 1636467875535, 172, 0, 172, 0, 0, 0
1895, 1, 1636467875671, 1636467875843, 172, 0, 172, 0, 0, 0
1896, 1, 1636467875915, 1636467876087, 172, 0, 172, 0, 0, 0
1897, 1, 1636467875983, 1636467876155, 172, 0, 172, 0, 0, 0
1898, 1, 1636467876015, 1636467876187, 172, 0, 172, 0, 0, 0
1899, 1, 1636467876135, 1636467876307, 172, 0, 172, 0, 0, 0
1900, 1, 1636467876415, 1636467876587, 172, 0, 172, 0, 0, 0
1901, 1, 1636467876475, 1636467876647, 172, 0, 172, 0, 0, 0
1902, 1, 1636467877475, 1636467877647, 172, 0, 172, 0, 0, 0
1903, 1, 1636467877643, 1636467877815, 172, 0, 172, 0, 0, 0
1904, 1, 1636467877819, 1636467877991, 172, 0, 172, 0, 0, 0
1905, 1, 1636467877851, 1636467878023, 172, 0, 172, 0, 0, 0
1906, 1, 1636467877899, 1636467878071, 172, 0, 172, 0, 0, 0
1907, 1, 1636467878451, 1636467878623, 172, 0, 172, 0, 0, 0
1908, 1, 1636467878527, 1636467878699, 172, 0, 172, 0, 0, 0
1909, 1, 1636467878627, 1636467878799, 172, 0, 172, 0, 0, 0
1910, 1, 1636467878647, 1636467878819, 172, 0, 172, 0, 0, 0
1911, 1, 1636467878983, 1636467879155, 172, 0, 172, 0, 0, 0
1912, 1, 1636467879403, 1636467879575, 172, 0, 172, 0, 0, 0
1913, 1, 1636467879511, 1636467879683, 172, 0, 172, 0, 0, 0
1914, 1, 1636467879539, 1636467879711, 172, 0, 172, 0, 0, 0
1915, 1, 1636467879811, 1636467879983, 172, 0, 172, 0, 0, 0
1916, 1, 1636467879927, 1636467880103, 176, 0, 176, 0, 0, 0
1917, 1, 1636467879983, 1636467880155, 172, 0, 172, 0, 0, 0
1918, 1, 1636467880007, 1636467880179, 172, 0, 172, 0, 0, 0
1919, 1, 1636467880071, 1636467880243, 172, 0, 172, 0, 0, 0
1920, 1, 1636467880239, 1636467880411, 172, 0, 172, 0, 0, 0
1921, 1, 1636467880491, 1636467880667, 176, 0, 176, 0, 0, 0
1922, 1, 1636467881587, 1636467881759, 172, 0, 172, 0, 0, 0
1923, 1, 1636467881619, 1636467881791, 172, 0, 172, 0, 0, 0
1924, 1, 1636467881915, 1636467882087, 172, 0, 172, 0, 0, 0
1925, 1, 1636467882031, 1636467882207, 176, 0, 176, 0, 0, 0
1926, 1, 1636467882187, 1636467882359, 172, 0, 172, 0, 0, 0
1927, 1, 1636467882331, 1636467882503, 172, 0, 172, 0, 0, 0
1928, 1, 1636467882543, 1636467882715, 172, 0, 172, 0, 0, 0
1929, 1, 1636467882691, 1636467882863, 172, 0, 172, 0, 0, 0
1930, 1, 1636467882783, 1636467882955, 172, 0, 172, 0, 0, 0
1931, 1, 1636467883047, 1636467883219, 172, 0, 172, 0, 0, 0
1932, 1, 1636467883247, 1636467883419, 172, 0, 172, 0, 0, 0
1933, 1, 1636467883419, 1636467883591, 172, 0, 172, 0, 0, 0
1934, 1, 1636467883699, 1636467883883, 184, 0, 184, 0, 0, 0
1935, 1, 1636467883747, 1636467883919, 172, 0, 172, 0, 0, 0
1936, 1, 1636467883787, 1636467883967, 180, 0, 180, 0, 0, 0
1937, 1, 1636467883883, 1636467884055, 172, 0, 172, 0, 0, 0
1938, 1, 1636467883959, 1636467884131, 172, 0, 172, 0, 0, 0
1939, 1, 1636467884095, 1636467884271, 176, 0, 176, 0, 0, 0
1940, 1, 1636467884215, 1636467884387, 172, 0, 172, 0, 0, 0
1941, 1, 1636467884251, 1636467884423, 172, 0, 172, 0, 0, 0
1942, 1, 1636467885459, 1636467885631, 172, 0, 172, 0, 0, 0
1943, 1, 1636467885479, 1636467885651, 172, 0, 172, 0, 0, 0
1944, 1, 1636467885675, 1636467885847, 172, 0, 172, 0, 0, 0
1945, 1, 1636467885879, 1636467886051, 172, 0, 172, 0, 0, 0
1946, 1, 1636467885903, 1636467886075, 172, 0, 172, 0, 0, 0
1947, 1, 1636467886219, 1636467886391, 172, 0, 172, 0, 0, 0
1948, 1, 1636467886419, 1636467886591, 172, 0, 172, 0, 0, 0
1949, 1, 1636467886479, 1636467886651, 172, 0, 172, 0, 0, 0
1950, 1, 1636467886859, 1636467887031, 172, 0, 172, 0, 0, 0
1951, 1, 1636467887215, 1636467887387, 172, 0, 172, 0, 0, 0
1952, 1, 1636467887227, 1636467887399, 172, 0, 172, 0, 0, 0
1953, 1, 1636467887291, 1636467887463, 172, 0, 172, 0, 0, 0
1954, 1, 1636467887547, 1636467887719, 172, 0, 172, 0, 0, 0
1955, 1, 1636467887607, 1636467887779, 172, 0, 172, 0, 0, 0
1956, 1, 1636467887675, 1636467887847, 172, 0, 172, 0, 0, 0
1957, 1, 1636467887723, 1636467887895, 172, 0, 172, 0, 0, 0
1958, 1, 1636467887803, 1636467887975, 172, 0, 172, 0, 0, 0
1959, 1, 1636467887987, 1636467888159, 172, 0, 172, 0, 0, 0
1960, 1, 1636467888071, 1636467888243, 172, 0, 172, 0, 0, 0
1961, 1, 1636467888463, 1636467888635, 172, 0, 172, 0, 0, 0
1962, 1, 1636467889315, 1636467889487, 172, 0, 172, 0, 0, 0
1963, 1, 1636467889571, 1636467889747, 176, 0, 176, 0, 0, 0
1964, 1, 1636467889651, 1636467889823, 172, 0, 172, 0, 0, 0
1965, 1, 1636467889739, 1636467889911, 172, 0, 172, 0, 0, 0
1966, 1, 1636467889991, 1636467890163, 172, 0, 172, 0, 0, 0
1967, 1, 1636467890167, 1636467890339, 172, 0, 172, 0, 0, 0
1968, 1, 1636467890179, 1636467890351, 172, 0, 172, 0, 0, 0
1969, 1, 1636467890695, 1636467890867, 172, 0, 172, 0, 0, 0
1970, 1, 1636467891083, 1636467891255, 172, 0, 172, 0, 0, 0
1971, 1, 1636467891195, 1636467891367, 172, 0, 172, 0, 0, 0
1972, 1, 1636467891239, 1636467891415, 176, 0, 176, 0, 0, 0
1973, 1, 1636467891419, 1636467891595, 176, 0, 176, 0, 0, 0
1974, 1, 1636467891487, 1636467891663, 176, 0, 176, 0, 0, 0
1975, 1, 1636467891551, 1636467891723, 172, 0, 172, 0, 0, 0
1976, 1, 1636467891699, 1636467891875, 176, 0, 176, 0, 0, 0
1977, 1, 1636467891819, 1636467891991, 172, 0, 172, 0, 0, 0
1978, 1, 1636467891855, 1636467892027, 172, 0, 172, 0, 0, 0
1979, 1, 1636467891903, 1636467892075, 172, 0, 172, 0, 0, 0
1980, 1, 1636467892267, 1636467892439, 172, 0, 172, 0, 0, 0
1981, 1, 1636467892479, 1636467892651, 172, 0, 172, 0, 0, 0
1982, 1, 1636467893451, 1636467893623, 172, 0, 172, 0, 0, 0
1983, 1, 1636467893511, 1636467893683, 172, 0, 172, 0, 0, 0
1984, 1, 1636467893559, 1636467893731, 172, 0, 172, 0, 0, 0
1985, 1, 1636467893747, 1636467893919, 172, 0, 172, 0, 0, 0
1986, 1, 1636467894051, 1636467894223, 172, 0, 172, 0, 0, 0
1987, 1, 1636467894159, 1636467894331, 172, 0, 172, 0, 0, 0
1988, 1, 1636467894339, 1636467894515, 176, 0, 176, 0, 0, 0
1989, 1, 1636467894711, 1636467894883, 172, 0, 172, 0, 0, 0
1990, 1, 1636467894887, 1636467895059, 172, 0, 172, 0, 0, 0
1991, 1, 1636467894915, 1636467895087, 172, 0, 172, 0, 0, 0
1992, 1, 1636467895123, 1636467895295, 172, 0, 172, 0, 0, 0
1993, 1, 1636467895239, 1636467895411, 172, 0, 172, 0, 0, 0
1994, 1, 1636467895263, 1636467895435, 172, 0, 172, 0, 0, 0
1995, 1, 1636467895559, 1636467895731, 172, 0, 172, 0, 0, 0
1996, 1, 1636467895647, 1636467895819, 172, 0, 172, 0, 0, 0
1997, 1, 1636467895699, 1636467895871, 172, 0, 172, 0, 0, 0
1998, 1, 1636467895895, 1636467896067, 172, 0, 172, 0, 0, 0
1999, 1, 1636467896151, 1636467896323, 172, 0, 172, 0, 0, 0
2000, 1, 1636467896275, 1636467896447, 172, 0, 172, 0, 0, 0
2001, 1, 1636467896355, 1636467896527, 172, 0, 172, 0, 0, 0
2002, 1, 1636467897227, 1636467897399, 172, 0, 172, 0, 0, 0
2003, 1, 1636467897347, 1636467897519, 172, 0, 172, 0, 0, 0
2004, 1, 1636467897531, 1636467897703, 172, 0, 172, 0, 0, 0
2005, 1, 1636467897599, 1636467897771, 172, 0, 172, 0, 0, 0
2006, 1, 1636467897787, 1636467897959, 172, 0, 172, 0, 0, 0
2007, 1, 1636467897875, 1636467898047, 172, 0, 172, 0, 0, 0
2008, 1, 1636467898119, 1636467898291, 172, 0, 172, 0, 0, 0
2009, 1, 1636467898583, 1636467898759, 176, 0, 176, 0, 0, 0
2010, 1, 1636467898695, 1636467898867, 172, 0, 172, 0, 0, 0
2011, 1, 1636467898899, 1636467899071, 172, 0, 172, 0, 0, 0
2012, 1, 1636467899051, 1636467899223, 172, 0, 172, 0, 0, 0
2013, 1, 1636467899163, 1636467899335, 172, 0, 172, 0, 0, 0
2014, 1, 1636467899399, 1636467899571, 172, 0, 172, 0, 0, 0
2015, 1, 1636467899427, 1636467899599, 172, 0, 172, 0, 0, 0
2016, 1, 1636467899451, 1636467899623, 172, 0, 172, 0, 0, 0
2017, 1, 1636467899835, 1636467900007, 172, 0, 172, 0, 0, 0
2018, 1, 1636467899971, 1636467900147, 176, 0, 176, 0, 0, 0
2019, 1, 1636467900059, 1636467900231, 172, 0, 172, 0, 0, 0
2020, 1, 1636467900191, 1636467900367, 176, 0, 176, 0, 0, 0
2021, 1, 1636467900635, 1636467900807, 172, 0, 172, 0, 0, 0
2022, 1, 1636467901295, 1636467901471, 176, 0, 176, 0, 0, 0
2023, 1, 1636467901543, 1636467901715, 172, 0, 172, 0, 0, 0
2024, 1, 1636467901591, 1636467901763, 172, 0, 172, 0, 0, 0
2025, 1, 1636467901730, 1636467901903, 173, 1, 172, 0, 0, 0
2026, 1, 1636467901863, 1636467902035, 172, 0, 172, 0, 0, 0
2027, 1, 1636467901951, 1636467902123, 172, 0, 172, 0, 0, 0
2028, 1, 1636467902319, 1636467902491, 172, 0, 172, 0, 0, 0
2029, 1, 1636467902575, 1636467902747, 172, 0, 172, 0, 0, 0
2030, 1, 1636467902899, 1636467903070, 171, 0, 171, 0, 0, 0
2031, 1, 1636467902931, 1636467903107, 176, 0, 176, 0, 0, 0
2032, 1, 1636467903059, 1636467903231, 172, 0, 172, 0, 0, 0
2033, 1, 1636467903143, 1636467903315, 172, 0, 172, 0, 0, 0
2034, 1, 1636467903199, 1636467903371, 172, 0, 172, 0, 0, 0
2035, 1, 1636467903643, 1636467903815, 172, 0, 172, 0, 0, 0
2036, 1, 1636467903655, 1636467903827, 172, 0, 172, 0, 0, 0
2037, 1, 1636467903807, 1636467903979, 172, 0, 172, 0, 0, 0
2038, 1, 1636467903987, 1636467904159, 172, 0, 172, 0, 0, 0
2039, 1, 1636467904130, 1636467904303, 173, 1, 172, 0, 1, 1
2040, 1, 1636467904259, 1636467904431, 172, 0, 172, 0, 0, 0
2041, 1, 1636467904639, 1636467904811, 172, 0, 172, 0, 0, 0
2042, 1, 1636467905011, 1636467905187, 176, 0, 176, 0, 0, 0
2043, 1, 1636467905511, 1636467905683, 172, 0, 172, 0, 0, 0
2044, 1, 1636467905631, 1636467905803, 172, 0, 172, 0, 0, 0
2045, 1, 1636467905659, 1636467905831, 172, 0, 172, 0, 0, 0
2046, 1, 1636467905666, 1636467905839, 173, 1, 172, 0, 0, 0
2047, 1, 1636467905894, 1636467906071, 177, 1, 176, 0, 1, 1
2048, 1, 1636467906147, 1636467906319, 172, 0, 172, 0, 0, 0
2049, 1, 1636467906311, 1636467906487, 176, 0, 176, 0, 0, 0
2050, 1, 1636467906790, 1636467906963, 173, 1, 172, 0, 0, 0
2051, 1, 1636467906831, 1636467907007, 176, 0, 176, 0, 0, 0
2052, 1, 1636467906895, 1636467907071, 176, 0, 176, 0, 0, 0
2053, 1, 1636467907135, 1636467907307, 172, 0, 172, 0, 0, 0
2054, 1, 1636467907142, 1636467907315, 173, 1, 172, 0, 0, 0
2055, 1, 1636467907587, 1636467907759, 172, 0, 172, 0, 0, 0
2056, 1, 1636467907623, 1636467907795, 172, 0, 172, 0, 0, 0
2057, 1, 1636467907762, 1636467907939, 177, 1, 176, 1, 0, 1
2058, 1, 1636467907806, 1636467907979, 173, 1, 172, 0, 0, 0
2059, 1, 1636467908107, 1636467908279, 172, 0, 172, 0, 0, 0
2060, 1, 1636467908191, 1636467908363, 172, 0, 172, 0, 0, 0
2061, 1, 1636467908419, 1636467908591, 172, 0, 172, 0, 0, 0
2062, 1, 1636467909003, 1636467909175, 172, 0, 172, 0, 0, 0
2063, 1, 1636467909331, 1636467909503, 172, 0, 172, 0, 0, 0
2064, 1, 1636467909575, 1636467909747, 172, 0, 172, 0, 0, 0
2065, 1, 1636467909631, 1636467909803, 172, 0, 172, 0, 0, 0
2066, 1, 1636467909659, 1636467909831, 172, 0, 172, 0, 0, 0
2067, 1, 1636467909679, 1636467909851, 172, 0, 172, 0, 0, 0
2068, 1, 1636467910167, 1636467910339, 172, 0, 172, 0, 0, 0
2069, 1, 1636467910475, 1636467910647, 172, 0, 172, 0, 0, 0
2070, 1, 1636467910847, 1636467911019, 172, 0, 172, 0, 0, 0
2071, 1, 1636467910855, 1636467911035, 180, 0, 180, 0, 0, 0
2072, 1, 1636467910891, 1636467911063, 172, 0, 172, 0, 0, 0
2073, 1, 1636467911111, 1636467911283, 172, 0, 172, 0, 0, 0
2074, 1, 1636467911167, 1636467911343, 176, 0, 176, 0, 0, 0
2075, 1, 1636467911298, 1636467911471, 173, 1, 172, 1, 0, 1
2076, 1, 1636467911599, 1636467911771, 172, 0, 172, 0, 0, 0
2077, 1, 1636467911755, 1636467911927, 172, 0, 172, 0, 0, 0
2078, 1, 1636467911919, 1636467912091, 172, 0, 172, 0, 0, 0
2079, 1, 1636467911963, 1636467912139, 176, 0, 176, 0, 0, 0
2080, 1, 1636467912207, 1636467912379, 172, 0, 172, 0, 0, 0
2081, 1, 1636467912595, 1636467912767, 172, 0, 172, 0, 0, 0
2082, 1, 1636467913007, 1636467913179, 172, 0, 172, 0, 0, 0
2083, 1, 1636467913035, 1636467913207, 172, 0, 172, 0, 0, 0
2084, 1, 1636467913543, 1636467913715, 172, 0, 172, 0, 0, 0
2085, 1, 1636467913571, 1636467913743, 172, 0, 172, 0, 0, 0
2086, 1, 1636467913691, 1636467913863, 172, 0, 172, 0, 0, 0
2087, 1, 1636467913787, 1636467913959, 172, 0, 172, 0, 0, 0
2088, 1, 1636467914191, 1636467914363, 172, 0, 172, 0, 0, 0
2089, 1, 1636467914271, 1636467914443, 172, 0, 172, 0, 0, 0
2090, 1, 1636467914575, 1636467914747, 172, 0, 172, 0, 0, 0
2091, 1, 1636467914903, 1636467915075, 172, 0, 172, 0, 0, 0
2092, 1, 1636467914919, 1636467915095, 176, 0, 176, 0, 0, 0
2093, 1, 1636467914935, 1636467915111, 176, 0, 176, 0, 0, 0
2094, 1, 1636467914955, 1636467915127, 172, 0, 172, 0, 0, 0
2095, 1, 1636467915167, 1636467915339, 172, 0, 172, 0, 0, 0
2096, 1, 1636467915595, 1636467915767, 172, 0, 172, 0, 0, 0
2097, 1, 1636467915711, 1636467915883, 172, 0, 172, 0, 0, 0
2098, 1, 1636467915723, 1636467915895, 172, 0, 172, 0, 0, 0
2099, 1, 1636467915895, 1636467916067, 172, 0, 172, 0, 0, 0
2100, 1, 1636467916315, 1636467916487, 172, 0, 172, 0, 0, 0
2101, 1, 1636467916523, 1636467916695, 172, 0, 172, 0, 0, 0
2102, 1, 1636467916767, 1636467916939, 172, 0, 172, 0, 0, 0
2103, 1, 1636467916875, 1636467917047, 172, 0, 172, 0, 0, 0
2104, 1, 1636467917283, 1636467917455, 172, 0, 172, 0, 0, 0
2105, 1, 1636467917363, 1636467917535, 172, 0, 172, 0, 0, 0
2106, 1, 1636467917431, 1636467917603, 172, 0, 172, 0, 0, 0
2107, 1, 1636467917467, 1636467917639, 172, 0, 172, 0, 0, 0
2108, 1, 1636467917951, 1636467918127, 176, 0, 176, 0, 0, 0
2109, 1, 1636467918183, 1636467918355, 172, 0, 172, 0, 0, 0
2110, 1, 1636467918535, 1636467918707, 172, 0, 172, 0, 0, 0
2111, 1, 1636467918659, 1636467918831, 172, 0, 172, 0, 0, 0
2112, 1, 1636467918715, 1636467918887, 172, 0, 172, 0, 0, 0
2113, 1, 1636467918779, 1636467918951, 172, 0, 172, 0, 0, 0
2114, 1, 1636467918843, 1636467919015, 172, 0, 172, 0, 0, 0
2115, 1, 1636467919387, 1636467919559, 172, 0, 172, 0, 0, 0
2116, 1, 1636467919415, 1636467919587, 172, 0, 172, 0, 0, 0
2117, 1, 1636467919471, 1636467919643, 172, 0, 172, 0, 0, 0
2118, 1, 1636467919539, 1636467919711, 172, 0, 172, 0, 0, 0
2119, 1, 1636467919907, 1636467920079, 172, 0, 172, 0, 0, 0
2120, 1, 1636467919995, 1636467920167, 172, 0, 172, 0, 0, 0
2121, 1, 1636467920711, 1636467920883, 172, 0, 172, 0, 0, 0
2122, 1, 1636467920739, 1636467920911, 172, 0, 172, 0, 0, 0
2123, 1, 1636467921123, 1636467921295, 172, 0, 172, 0, 0, 0
2124, 1, 1636467921259, 1636467921431, 172, 0, 172, 0, 0, 0
2125, 1, 1636467921367, 1636467921539, 172, 0, 172, 0, 0, 0
2126, 1, 1636467921479, 1636467921651, 172, 0, 172, 0, 0, 0
2127, 1, 1636467921531, 1636467921703, 172, 0, 172, 0, 0, 0
2128, 1, 1636467922019, 1636467922191, 172, 0, 172, 0, 0, 0
2129, 1, 1636467922219, 1636467922395, 176, 0, 176, 0, 0, 0
2130, 1, 1636467922571, 1636467922743, 172, 0, 172, 0, 0, 0
2131, 1, 1636467922603, 1636467922775, 172, 0, 172, 0, 0, 0
2132, 1, 1636467922647, 1636467922819, 172, 0, 172, 0, 0, 0
2133, 1, 1636467922715, 1636467922887, 172, 0, 172, 0, 0, 0
2134, 1, 1636467922783, 1636467922955, 172, 0, 172, 0, 0, 0
2135, 1, 1636467923135, 1636467923307, 172, 0, 172, 0, 0, 0
2136, 1, 1636467923215, 1636467923387, 172, 0, 172, 0, 0, 0
2137, 1, 1636467923683, 1636467923855, 172, 0, 172, 0, 0, 0
2138, 1, 1636467923691, 1636467923867, 176, 0, 176, 0, 0, 0
2139, 1, 1636467924023, 1636467924195, 172, 0, 172, 0, 0, 0
2140, 1, 1636467924063, 1636467924235, 172, 0, 172, 0, 0, 0
2141, 1, 1636467924583, 1636467924755, 172, 0, 172, 0, 0, 0
2143, 1, 1636467924847, 1636467925023, 176, 0, 176, 0, 0, 0
2142, 1, 1636467924847, 1636467925023, 176, 0, 176, 0, 0, 0
2144, 1, 1636467925122, 1636467925295, 173, 1, 172, 0, 0, 0
2145, 1, 1636467925243, 1636467925415, 172, 0, 172, 0, 0, 0
2146, 1, 1636467925615, 1636467925787, 172, 0, 172, 0, 0, 0
2147, 1, 1636467925675, 1636467925851, 176, 0, 176, 0, 0, 0
2148, 1, 1636467926051, 1636467926223, 172, 0, 172, 0, 0, 0
2150, 1, 1636467926343, 1636467926515, 172, 0, 172, 0, 0, 0
2149, 1, 1636467926403, 1636467926575, 172, 0, 172, 0, 0, 0
2151, 1, 1636467926471, 1636467926647, 176, 0, 176, 0, 0, 0
2152, 1, 1636467926651, 1636467926823, 172, 0, 172, 0, 0, 0
2153, 1, 1636467926807, 1636467926979, 172, 0, 172, 0, 0, 0
2154, 1, 1636467927087, 1636467927263, 176, 0, 176, 0, 0, 0
2155, 1, 1636467927107, 1636467927279, 172, 0, 172, 0, 0, 0
2156, 1, 1636467927267, 1636467927439, 172, 0, 172, 0, 0, 0
2157, 1, 1636467927407, 1636467927583, 176, 0, 176, 0, 0, 0
2158, 1, 1636467927695, 1636467927867, 172, 0, 172, 0, 0, 0
2159, 1, 1636467927827, 1636467927999, 172, 0, 172, 0, 0, 0
2160, 1, 1636467928387, 1636467928559, 172, 0, 172, 0, 0, 0
2161, 1, 1636467928527, 1636467928699, 172, 0, 172, 0, 0, 0
2162, 1, 1636467928675, 1636467928847, 172, 0, 172, 0, 0, 0
2163, 1, 1636467928983, 1636467929159, 176, 0, 176, 0, 0, 0
2164, 1, 1636467929335, 1636467929507, 172, 0, 172, 0, 0, 0
2165, 1, 1636467929371, 1636467929543, 172, 0, 172, 0, 0, 0
2166, 1, 1636467929459, 1636467929631, 172, 0, 172, 0, 0, 0
2167, 1, 1636467929819, 1636467929991, 172, 0, 172, 0, 0, 0
2168, 1, 1636467929955, 1636467930127, 172, 0, 172, 0, 0, 0
2169, 1, 1636467930299, 1636467930471, 172, 0, 172, 0, 0, 0
2170, 1, 1636467930307, 1636467930479, 172, 0, 172, 0, 0, 0
2171, 1, 1636467930363, 1636467930535, 172, 0, 172, 0, 0, 0
2172, 1, 1636467930579, 1636467930751, 172, 0, 172, 0, 0, 0
2173, 1, 1636467930887, 1636467931059, 172, 0, 172, 0, 0, 0
2174, 1, 1636467930943, 1636467931115, 172, 0, 172, 0, 0, 0
2175, 1, 1636467931331, 1636467931503, 172, 0, 172, 0, 0, 0
2176, 1, 1636467931339, 1636467931511, 172, 0, 172, 0, 0, 0
2177, 1, 1636467931543, 1636467931715, 172, 0, 172, 0, 0, 0
2178, 1, 1636467931615, 1636467931787, 172, 0, 172, 0, 0, 0
2179, 1, 1636467931767, 1636467931939, 172, 0, 172, 0, 0, 0
2180, 1, 1636467932171, 1636467932343, 172, 0, 172, 0, 0, 0
2181, 1, 1636467932599, 1636467932771, 172, 0, 172, 0, 0, 0
2182, 1, 1636467932811, 1636467932983, 172, 0, 172, 0, 0, 0
2183, 1, 1636467933043, 1636467933215, 172, 0, 172, 0, 0, 0
2184, 1, 1636467933087, 1636467933259, 172, 0, 172, 0, 0, 0
2185, 1, 1636467933263, 1636467933435, 172, 0, 172, 0, 0, 0
2186, 1, 1636467933471, 1636467933643, 172, 0, 172, 0, 0, 0
2187, 1, 1636467933654, 1636467933827, 173, 1, 172, 0, 0, 0
2188, 1, 1636467933787, 1636467933959, 172, 0, 172, 0, 0, 0
2189, 1, 1636467934135, 1636467934307, 172, 0, 172, 0, 0, 0
2190, 1, 1636467934203, 1636467934375, 172, 0, 172, 0, 0, 0
2191, 1, 1636467934475, 1636467934647, 172, 0, 172, 0, 0, 0
2192, 1, 1636467934691, 1636467934863, 172, 0, 172, 0, 0, 0
2193, 1, 1636467934707, 1636467934879, 172, 0, 172, 0, 0, 0
2194, 1, 1636467935055, 1636467935227, 172, 0, 172, 0, 0, 0
2195, 1, 1636467935115, 1636467935287, 172, 0, 172, 0, 0, 0
2196, 1, 1636467935139, 1636467935311, 172, 0, 172, 0, 0, 0
2197, 1, 1636467935411, 1636467935583, 172, 0, 172, 0, 0, 0
2198, 1, 1636467935603, 1636467935775, 172, 0, 172, 0, 0, 0
2199, 1, 1636467935975, 1636467936147, 172, 0, 172, 0, 0, 0
2200, 1, 1636467936087, 1636467936259, 172, 0, 172, 0, 0, 0
2201, 1, 1636467936743, 1636467936915, 172, 0, 172, 0, 0, 0
2202, 1, 1636467936831, 1636467937003, 172, 0, 172, 0, 0, 0
2203, 1, 1636467937007, 1636467937179, 172, 0, 172, 0, 0, 0
2204, 1, 1636467937195, 1636467937371, 176, 0, 176, 0, 0, 0
2205, 1, 1636467937543, 1636467937715, 172, 0, 172, 0, 0, 0
2206, 1, 1636467937667, 1636467937839, 172, 0, 172, 0, 0, 0
2207, 1, 1636467937839, 1636467938011, 172, 0, 172, 0, 0, 0
2208, 1, 1636467937879, 1636467938055, 176, 0, 176, 0, 0, 0
2209, 1, 1636467938231, 1636467938403, 172, 0, 172, 0, 0, 0
2210, 1, 1636467938375, 1636467938547, 172, 0, 172, 0, 0, 0
2211, 1, 1636467938539, 1636467938711, 172, 0, 172, 0, 0, 0
2212, 1, 1636467938735, 1636467938907, 172, 0, 172, 0, 0, 0
2213, 1, 1636467938943, 1636467939115, 172, 0, 172, 0, 0, 0
2214, 1, 1636467938974, 1636467939147, 173, 1, 172, 0, 0, 0
2215, 1, 1636467939043, 1636467939215, 172, 0, 172, 0, 0, 0
2216, 1, 1636467939291, 1636467939463, 172, 0, 172, 0, 0, 0
2217, 1, 1636467939575, 1636467939747, 172, 0, 172, 0, 0, 0
2218, 1, 1636467939671, 1636467939843, 172, 0, 172, 0, 0, 0
2219, 1, 1636467939875, 1636467940047, 172, 0, 172, 0, 0, 0
2220, 1, 1636467940227, 1636467940399, 172, 0, 172, 0, 0, 0
2221, 1, 1636467940523, 1636467940695, 172, 0, 172, 0, 0, 0
2222, 1, 1636467940783, 1636467940955, 172, 0, 172, 0, 0, 0
2223, 1, 1636467940839, 1636467941011, 172, 0, 172, 0, 0, 0
2224, 1, 1636467941255, 1636467941427, 172, 0, 172, 0, 0, 0
2225, 1, 1636467941355, 1636467941527, 172, 0, 172, 0, 0, 0
2226, 1, 1636467941511, 1636467941683, 172, 0, 172, 0, 0, 0
2227, 1, 1636467941563, 1636467941735, 172, 0, 172, 0, 0, 0
2228, 1, 1636467942015, 1636467942187, 172, 0, 172, 0, 0, 0
2229, 1, 1636467942231, 1636467942403, 172, 0, 172, 0, 0, 0
2230, 1, 1636467942323, 1636467942499, 176, 0, 176, 0, 0, 0
2232, 1, 1636467942575, 1636467942747, 172, 0, 172, 0, 0, 0
2233, 1, 1636467942895, 1636467943067, 172, 0, 172, 0, 0, 0
2234, 1, 1636467943079, 1636467943259, 180, 0, 180, 0, 0, 0
2235, 1, 1636467943155, 1636467943327, 172, 0, 172, 0, 0, 0
2236, 1, 1636467943515, 1636467943695, 180, 0, 180, 0, 0, 0
2237, 1, 1636467943527, 1636467943699, 172, 0, 172, 0, 0, 0
2238, 1, 1636467943615, 1636467943791, 176, 0, 176, 0, 0, 0
2239, 1, 1636467943671, 1636467943843, 172, 0, 172, 0, 0, 0
2240, 1, 1636467944179, 1636467944351, 172, 0, 172, 0, 0, 0
2241, 1, 1636467944327, 1636467944499, 172, 0, 172, 0, 0, 0
2243, 1, 1636467944815, 1636467944987, 172, 0, 172, 0, 0, 0
2242, 1, 1636467944847, 1636467945019, 172, 0, 172, 0, 0, 0
2244, 1, 1636467945019, 1636467945191, 172, 0, 172, 0, 0, 0
2245, 1, 1636467945227, 1636467945399, 172, 0, 172, 0, 0, 0
2246, 1, 1636467945611, 1636467945783, 172, 0, 172, 0, 0, 0
2247, 1, 1636467945691, 1636467945863, 172, 0, 172, 0, 0, 0
2248, 1, 1636467945699, 1636467945871, 172, 0, 172, 0, 0, 0
2249, 1, 1636467946159, 1636467946331, 172, 0, 172, 0, 0, 0
2250, 1, 1636467946211, 1636467946383, 172, 0, 172, 0, 0, 0
2251, 1, 1636467946579, 1636467946751, 172, 0, 172, 0, 0, 0
2252, 1, 1636467946755, 1636467946927, 172, 0, 172, 0, 0, 0
2253, 1, 1636467946807, 1636467946979, 172, 0, 172, 0, 0, 0
2254, 1, 1636467946879, 1636467947051, 172, 0, 172, 0, 0, 0
2255, 1, 1636467947127, 1636467947299, 172, 0, 172, 0, 0, 0
2256, 1, 1636467947487, 1636467947659, 172, 0, 172, 0, 0, 0
2257, 1, 1636467947727, 1636467947899, 172, 0, 172, 0, 0, 0
2258, 1, 1636467947875, 1636467948047, 172, 0, 172, 0, 0, 0
2259, 1, 1636467947931, 1636467948103, 172, 0, 172, 0, 0, 0
2260, 1, 1636467948435, 1636467948607, 172, 0, 172, 0, 0, 0
2261, 1, 1636467948587, 1636467948759, 172, 0, 172, 0, 0, 0
2262, 1, 1636467948751, 1636467948923, 172, 0, 172, 0, 0, 0
2263, 1, 1636467948755, 1636467948927, 172, 0, 172, 0, 0, 0
2264, 1, 1636467949027, 1636467949199, 172, 0, 172, 0, 0, 0
2265, 1, 1636467949183, 1636467949355, 172, 0, 172, 0, 0, 0
2266, 1, 1636467949415, 1636467949587, 172, 0, 172, 0, 0, 0
2267, 1, 1636467949527, 1636467949699, 172, 0, 172, 0, 0, 0
2268, 1, 1636467949687, 1636467949859, 172, 0, 172, 0, 0, 0
2269, 1, 1636467950051, 1636467950223, 172, 0, 172, 0, 0, 0
2270, 1, 1636467950195, 1636467950367, 172, 0, 172, 0, 0, 0
2271, 1, 1636467950495, 1636467950667, 172, 0, 172, 0, 0, 0
2272, 1, 1636467950559, 1636467950731, 172, 0, 172, 0, 0, 0
2273, 1, 1636467950591, 1636467950763, 172, 0, 172, 0, 0, 0
2274, 1, 1636467951015, 1636467951187, 172, 0, 172, 0, 0, 0
2275, 1, 1636467951043, 1636467951215, 172, 0, 172, 0, 0, 0
2276, 1, 1636467951443, 1636467951615, 172, 0, 172, 0, 0, 0
2277, 1, 1636467951659, 1636467951831, 172, 0, 172, 0, 0, 0
2278, 1, 1636467951791, 1636467951963, 172, 0, 172, 0, 0, 0
2279, 1, 1636467951878, 1636467952051, 173, 1, 172, 0, 0, 0
2280, 1, 1636467952359, 1636467952531, 172, 0, 172, 0, 0, 0
2281, 1, 1636467952431, 1636467952603, 172, 0, 172, 0, 0, 0
2282, 1, 1636467952579, 1636467952751, 172, 0, 172, 0, 0, 0
2283, 1, 1636467952883, 1636467953055, 172, 0, 172, 0, 0, 0
2284, 1, 1636467952999, 1636467953171, 172, 0, 172, 0, 0, 0
2285, 1, 1636467953211, 1636467953383, 172, 0, 172, 0, 0, 0
2286, 1, 1636467953551, 1636467953723, 172, 0, 172, 0, 0, 0
2287, 1, 1636467953619, 1636467953791, 172, 0, 172, 0, 0, 0
2288, 1, 1636467953815, 1636467953987, 172, 0, 172, 0, 0, 0
2289, 1, 1636467954135, 1636467954307, 172, 0, 172, 0, 0, 0
2290, 1, 1636467954235, 1636467954407, 172, 0, 172, 0, 0, 0
2291, 1, 1636467954587, 1636467954759, 172, 0, 172, 0, 0, 0
2292, 1, 1636467954691, 1636467954863, 172, 0, 172, 0, 0, 0
2293, 1, 1636467954735, 1636467954907, 172, 0, 172, 0, 0, 0
2294, 1, 1636467954971, 1636467955143, 172, 0, 172, 0, 0, 0
2295, 1, 1636467955175, 1636467955347, 172, 0, 172, 0, 0, 0
2296, 1, 1636467955443, 1636467955615, 172, 0, 172, 0, 0, 0
2297, 1, 1636467955475, 1636467955647, 172, 0, 172, 0, 0, 0
2298, 1, 1636467955879, 1636467956051, 172, 0, 172, 0, 0, 0
2299, 1, 1636467956135, 1636467956307, 172, 0, 172, 0, 0, 0
2300, 1, 1636467956439, 1636467956611, 172, 0, 172, 0, 0, 0
2301, 1, 1636467956687, 1636467956859, 172, 0, 172, 0, 0, 0
2302, 1, 1636467956727, 1636467956899, 172, 0, 172, 0, 0, 0
2303, 1, 1636467956839, 1636467957011, 172, 0, 172, 0, 0, 0
2304, 1, 1636467956955, 1636467957127, 172, 0, 172, 0, 0, 0
2305, 1, 1636467957147, 1636467957319, 172, 0, 172, 0, 0, 0
2306, 1, 1636467957535, 1636467957715, 180, 0, 180, 0, 0, 0
2307, 1, 1636467957783, 1636467957955, 172, 0, 172, 0, 0, 0
2308, 1, 1636467957903, 1636467958075, 172, 0, 172, 0, 0, 0
2309, 1, 1636467957959, 1636467958131, 172, 0, 172, 0, 0, 0
2310, 1, 1636467958003, 1636467958175, 172, 0, 172, 0, 0, 0
2311, 1, 1636467958651, 1636467958823, 172, 0, 172, 0, 0, 0
2312, 1, 1636467958755, 1636467958927, 172, 0, 172, 0, 0, 0
2313, 1, 1636467958815, 1636467958987, 172, 0, 172, 0, 0, 0
2314, 1, 1636467959107, 1636467959279, 172, 0, 172, 0, 0, 0
2315, 1, 1636467959343, 1636467959515, 172, 0, 172, 0, 0, 0
2316, 1, 1636467959411, 1636467959583, 172, 0, 172, 0, 0, 0
2317, 1, 1636467959591, 1636467959763, 172, 0, 172, 0, 0, 0
2318, 1, 1636467960051, 1636467960223, 172, 0, 172, 0, 0, 0
2319, 1, 1636467960051, 1636467960223, 172, 0, 172, 0, 0, 0
2321, 1, 1636467960611, 1636467960783, 172, 0, 172, 0, 0, 0
2320, 1, 1636467960611, 1636467960783, 172, 0, 172, 0, 0, 0
2322, 1, 1636467960807, 1636467960979, 172, 0, 172, 0, 0, 0
2323, 1, 1636467960971, 1636467961143, 172, 0, 172, 0, 0, 0
2324, 1, 1636467960979, 1636467961151, 172, 0, 172, 0, 0, 0
2325, 1, 1636467960983, 1636467961159, 176, 0, 176, 0, 0, 0
2326, 1, 1636467961671, 1636467961843, 172, 0, 172, 0, 0, 0
2327, 1, 1636467961727, 1636467961899, 172, 0, 172, 0, 0, 0
2328, 1, 1636467961735, 1636467961907, 172, 0, 172, 0, 0, 0
2329, 1, 1636467962099, 1636467962271, 172, 0, 172, 0, 0, 0
2330, 1, 1636467962111, 1636467962283, 172, 0, 172, 0, 0, 0
2331, 1, 1636467962699, 1636467962871, 172, 0, 172, 0, 0, 0
2332, 1, 1636467962783, 1636467962955, 172, 0, 172, 0, 0, 0
2333, 1, 1636467962895, 1636467963067, 172, 0, 172, 0, 0, 0
2334, 1, 1636467963199, 1636467963371, 172, 0, 172, 0, 0, 0
2335, 1, 1636467963287, 1636467963459, 172, 0, 172, 0, 0, 0
2336, 1, 1636467963291, 1636467963471, 180, 0, 180, 0, 0, 0
2337, 1, 1636467963675, 1636467963847, 172, 0, 172, 0, 0, 0
2338, 1, 1636467963991, 1636467964163, 172, 0, 172, 0, 0, 0
2339, 1, 1636467964139, 1636467964315, 176, 0, 176, 0, 0, 0
2340, 1, 1636467964555, 1636467964727, 172, 0, 172, 0, 0, 0
2341, 1, 1636467964695, 1636467964867, 172, 0, 172, 0, 0, 0
2342, 1, 1636467964887, 1636467965059, 172, 0, 172, 0, 0, 0
2343, 1, 1636467964923, 1636467965095, 172, 0, 172, 0, 0, 0
2344, 1, 1636467965115, 1636467965287, 172, 0, 172, 0, 0, 0
2345, 1, 1636467965159, 1636467965331, 172, 0, 172, 0, 0, 0
2346, 1, 1636467965559, 1636467965731, 172, 0, 172, 0, 0, 0
2347, 1, 1636467965647, 1636467965819, 172, 0, 172, 0, 0, 0
2348, 1, 1636467965859, 1636467966031, 172, 0, 172, 0, 0, 0
2349, 1, 1636467966055, 1636467966227, 172, 0, 172, 0, 0, 0
2350, 1, 1636467966167, 1636467966339, 172, 0, 172, 0, 0, 0
2351, 1, 1636467966619, 1636467966791, 172, 0, 172, 0, 0, 0
2352, 1, 1636467966759, 1636467966931, 172, 0, 172, 0, 0, 0
2353, 1, 1636467966971, 1636467967143, 172, 0, 172, 0, 0, 0
2354, 1, 1636467967023, 1636467967195, 172, 0, 172, 0, 0, 0
2355, 1, 1636467967211, 1636467967383, 172, 0, 172, 0, 0, 0
2356, 1, 1636467967411, 1636467967583, 172, 0, 172, 0, 0, 0
2357, 1, 1636467967755, 1636467967927, 172, 0, 172, 0, 0, 0
2358, 1, 1636467967911, 1636467968083, 172, 0, 172, 0, 0, 0
2359, 1, 1636467968307, 1636467968479, 172, 0, 172, 0, 0, 0
2360, 1, 1636467968475, 1636467968647, 172, 0, 172, 0, 0, 0
2361, 1, 1636467968703, 1636467968875, 172, 0, 172, 0, 0, 0
2362, 1, 1636467968751, 1636467968923, 172, 0, 172, 0, 0, 0
2363, 1, 1636467968863, 1636467969035, 172, 0, 172, 0, 0, 0
2364, 1, 1636467969071, 1636467969243, 172, 0, 172, 0, 0, 0
2365, 1, 1636467969175, 1636467969347, 172, 0, 172, 0, 0, 0
2366, 1, 1636467969491, 1636467969663, 172, 0, 172, 0, 0, 0
2367, 1, 1636467969671, 1636467969847, 176, 0, 176, 0, 0, 0
2368, 1, 1636467969771, 1636467969947, 176, 0, 176, 0, 0, 0
2369, 1, 1636467970187, 1636467970359, 172, 0, 172, 0, 0, 0
2370, 1, 1636467970247, 1636467970419, 172, 0, 172, 0, 0, 0
2371, 1, 1636467970531, 1636467970703, 172, 0, 172, 0, 0, 0
2372, 1, 1636467970647, 1636467970819, 172, 0, 172, 0, 0, 0
2373, 1, 1636467970699, 1636467970871, 172, 0, 172, 0, 0, 0
2374, 1, 1636467971015, 1636467971187, 172, 0, 172, 0, 0, 0
2375, 1, 1636467971235, 1636467971407, 172, 0, 172, 0, 0, 0
2376, 1, 1636467971471, 1636467971643, 172, 0, 172, 0, 0, 0
2377, 1, 1636467971611, 1636467971783, 172, 0, 172, 0, 0, 0
2378, 1, 1636467971935, 1636467972107, 172, 0, 172, 0, 0, 0
2379, 1, 1636467972015, 1636467972187, 172, 0, 172, 0, 0, 0
2380, 1, 1636467972503, 1636467972675, 172, 0, 172, 0, 0, 0
2381, 1, 1636467972523, 1636467972695, 172, 0, 172, 0, 0, 0
2382, 1, 1636467972807, 1636467972979, 172, 0, 172, 0, 0, 0
2383, 1, 1636467972851, 1636467973023, 172, 0, 172, 0, 0, 0
2384, 1, 1636467972895, 1636467973071, 176, 0, 176, 0, 0, 0
2385, 1, 1636467973255, 1636467973427, 172, 0, 172, 0, 0, 0
2386, 1, 1636467973479, 1636467973651, 172, 0, 172, 0, 0, 0
2387, 1, 1636467973595, 1636467973767, 172, 0, 172, 0, 0, 0
2388, 1, 1636467973651, 1636467973823, 172, 0, 172, 0, 0, 0
2389, 1, 1636467974107, 1636467974279, 172, 0, 172, 0, 0, 0
2390, 1, 1636467974191, 1636467974367, 176, 0, 176, 0, 0, 0
2391, 1, 1636467974375, 1636467974547, 172, 0, 172, 0, 0, 0
2392, 1, 1636467974523, 1636467974695, 172, 0, 172, 0, 0, 0
2393, 1, 1636467974583, 1636467974755, 172, 0, 172, 0, 0, 0
2394, 1, 1636467974951, 1636467975123, 172, 0, 172, 0, 0, 0
2395, 1, 1636467975007, 1636467975179, 172, 0, 172, 0, 0, 0
2396, 1, 1636467975383, 1636467975555, 172, 0, 172, 0, 0, 0
2397, 1, 1636467975551, 1636467975723, 172, 0, 172, 0, 0, 0
2398, 1, 1636467975871, 1636467976043, 172, 0, 172, 0, 0, 0
2400, 1, 1636467976183, 1636467976355, 172, 0, 172, 0, 0, 0
2399, 1, 1636467976215, 1636467976387, 172, 0, 172, 0, 0, 0
2401, 1, 1636467976563, 1636467976735, 172, 0, 172, 0, 0, 0
2403, 1, 1636467976827, 1636467976998, 171, 0, 171, 0, 0, 0
2402, 1, 1636467976911, 1636467977087, 176, 0, 176, 0, 0, 0
2404, 1, 1636467976931, 1636467977107, 176, 0, 176, 0, 0, 0
2405, 1, 1636467977114, 1636467977287, 173, 1, 172, 1, 0, 1
2406, 1, 1636467977287, 1636467977459, 172, 0, 172, 0, 0, 0
2407, 1, 1636467977531, 1636467977707, 176, 0, 176, 0, 0, 0
2408, 1, 1636467977879, 1636467978055, 176, 0, 176, 0, 0, 0
2409, 1, 1636467977879, 1636467978055, 176, 0, 176, 0, 0, 0
2410, 1, 1636467978103, 1636467978275, 172, 0, 172, 0, 0, 0
2411, 1, 1636467978139, 1636467978311, 172, 0, 172, 0, 0, 0
2412, 1, 1636467978459, 1636467978631, 172, 0, 172, 0, 0, 0
2413, 1, 1636467978807, 1636467978979, 172, 0, 172, 0, 0, 0
2414, 1, 1636467978947, 1636467979119, 172, 0, 172, 0, 0, 0
2415, 1, 1636467979051, 1636467979223, 172, 0, 172, 0, 0, 0
2416, 1, 1636467979227, 1636467979403, 176, 0, 176, 0, 0, 0
2417, 1, 1636467979343, 1636467979515, 172, 0, 172, 0, 0, 0
2418, 1, 1636467979887, 1636467980059, 172, 0, 172, 0, 0, 0
2419, 1, 1636467979991, 1636467980167, 176, 0, 176, 0, 0, 0
2420, 1, 1636467980067, 1636467980243, 176, 0, 176, 0, 0, 0
2421, 1, 1636467980623, 1636467980795, 172, 0, 172, 0, 0, 0
2422, 1, 1636467980823, 1636467980995, 172, 0, 172, 0, 0, 0
2423, 1, 1636467980891, 1636467981063, 172, 0, 172, 0, 0, 0
2424, 1, 1636467980979, 1636467981154, 175, 0, 175, 0, 0, 0
2425, 1, 1636467981011, 1636467981183, 172, 0, 172, 0, 0, 0
2426, 1, 1636467981359, 1636467981531, 172, 0, 172, 0, 0, 0
2427, 1, 1636467981523, 1636467981695, 172, 0, 172, 0, 0, 0
2428, 1, 1636467981547, 1636467981719, 172, 0, 172, 0, 0, 0
2429, 1, 1636467981563, 1636467981735, 172, 0, 172, 0, 0, 0
2430, 1, 1636467982099, 1636467982271, 172, 0, 172, 0, 0, 0
2431, 1, 1636467982107, 1636467982283, 176, 0, 176, 0, 0, 0
2432, 1, 1636467982447, 1636467982619, 172, 0, 172, 0, 0, 0
2433, 1, 1636467982607, 1636467982779, 172, 0, 172, 0, 0, 0
2434, 1, 1636467982787, 1636467982959, 172, 0, 172, 0, 0, 0
2435, 1, 1636467982995, 1636467983167, 172, 0, 172, 0, 0, 0
2436, 1, 1636467983023, 1636467983195, 172, 0, 172, 0, 0, 0
2437, 1, 1636467983115, 1636467983295, 180, 0, 180, 0, 0, 0
2438, 1, 1636467983671, 1636467983843, 172, 0, 172, 0, 0, 0
2439, 1, 1636467983859, 1636467984031, 172, 0, 172, 0, 0, 0
2440, 1, 1636467984003, 1636467984175, 172, 0, 172, 0, 0, 0
2441, 1, 1636467984427, 1636467984599, 172, 0, 172, 0, 0, 0
2442, 1, 1636467984555, 1636467984727, 172, 0, 172, 0, 0, 0
2443, 1, 1636467984667, 1636467984839, 172, 0, 172, 0, 0, 0
2444, 1, 1636467984799, 1636467984970, 171, 0, 171, 0, 0, 0
2445, 1, 1636467984915, 1636467985091, 176, 0, 176, 0, 0, 0
2446, 1, 1636467985299, 1636467985471, 172, 0, 172, 0, 0, 0
2447, 1, 1636467985323, 1636467985495, 172, 0, 172, 0, 0, 0
2448, 1, 1636467985491, 1636467985671, 180, 0, 180, 0, 0, 0
2449, 1, 1636467985763, 1636467985935, 172, 0, 172, 0, 0, 0
2450, 1, 1636467985939, 1636467986115, 176, 0, 176, 0, 0, 0
2451, 1, 1636467986035, 1636467986207, 172, 0, 172, 0, 0, 0
2452, 1, 1636467986259, 1636467986431, 172, 0, 172, 0, 0, 0
2453, 1, 1636467986691, 1636467986863, 172, 0, 172, 0, 0, 0
2454, 1, 1636467986735, 1636467986911, 176, 0, 176, 0, 0, 0
2455, 1, 1636467986783, 1636467986959, 176, 0, 176, 0, 0, 0
2456, 1, 1636467986863, 1636467987039, 176, 0, 176, 0, 0, 0
2457, 1, 1636467987155, 1636467987327, 172, 0, 172, 0, 0, 0
2458, 1, 1636467987751, 1636467987922, 171, 0, 171, 0, 0, 0
2459, 1, 1636467987798, 1636467987971, 173, 1, 172, 0, 0, 0
2460, 1, 1636467988231, 1636467988403, 172, 0, 172, 0, 0, 0
2461, 1, 1636467988507, 1636467988679, 172, 0, 172, 0, 0, 0
2462, 1, 1636467988575, 1636467988747, 172, 0, 172, 0, 0, 0
2463, 1, 1636467988623, 1636467988795, 172, 0, 172, 0, 0, 0
2464, 1, 1636467988751, 1636467988923, 172, 0, 172, 0, 0, 0
2465, 1, 1636467989151, 1636467989327, 176, 0, 176, 0, 0, 0
2466, 1, 1636467989187, 1636467989359, 172, 0, 172, 0, 0, 0
2467, 1, 1636467989307, 1636467989479, 172, 0, 172, 0, 0, 0
2468, 1, 1636467989651, 1636467989823, 172, 0, 172, 0, 0, 0
2469, 1, 1636467989751, 1636467989923, 172, 0, 172, 0, 0, 0
2470, 1, 1636467990019, 1636467990191, 172, 0, 172, 0, 0, 0
2471, 1, 1636467990071, 1636467990243, 172, 0, 172, 0, 0, 0
2472, 1, 1636467990327, 1636467990503, 176, 0, 176, 0, 0, 0
2473, 1, 1636467990579, 1636467990751, 172, 0, 172, 0, 0, 0
2474, 1, 1636467990731, 1636467990903, 172, 0, 172, 0, 0, 0
2475, 1, 1636467990799, 1636467990975, 176, 0, 176, 0, 0, 0
2476, 1, 1636467991043, 1636467991215, 172, 0, 172, 0, 0, 0
2477, 1, 1636467991467, 1636467991639, 172, 0, 172, 0, 0, 0
2478, 1, 1636467991699, 1636467991871, 172, 0, 172, 0, 0, 0
2479, 1, 1636467992027, 1636467992203, 176, 0, 176, 0, 0, 0
2480, 1, 1636467992027, 1636467992207, 180, 0, 180, 0, 0, 0
2481, 1, 1636467992199, 1636467992371, 172, 0, 172, 0, 0, 0
2482, 1, 1636467992239, 1636467992411, 172, 0, 172, 0, 0, 0
2483, 1, 1636467992699, 1636467992871, 172, 0, 172, 0, 0, 0
2484, 1, 1636467992855, 1636467993027, 172, 0, 172, 0, 0, 0
2485, 1, 1636467993063, 1636467993239, 176, 0, 176, 0, 0, 0
2486, 1, 1636467993071, 1636467993243, 172, 0, 172, 0, 0, 0
2487, 1, 1636467993135, 1636467993307, 172, 0, 172, 0, 0, 0
2488, 1, 1636467993567, 1636467993747, 180, 0, 180, 0, 0, 0
2489, 1, 1636467993607, 1636467993779, 172, 0, 172, 0, 0, 0
2490, 1, 1636467993819, 1636467993991, 172, 0, 172, 0, 0, 0
2491, 1, 1636467994003, 1636467994175, 172, 0, 172, 0, 0, 0
2492, 1, 1636467994271, 1636467994443, 172, 0, 172, 0, 0, 0
2493, 1, 1636467994391, 1636467994563, 172, 0, 172, 0, 0, 0
2494, 1, 1636467994699, 1636467994871, 172, 0, 172, 0, 0, 0
2495, 1, 1636467994799, 1636467994971, 172, 0, 172, 0, 0, 0
2496, 1, 1636467994975, 1636467995147, 172, 0, 172, 0, 0, 0
2497, 1, 1636467995399, 1636467995571, 172, 0, 172, 0, 0, 0
2498, 1, 1636467995523, 1636467995695, 172, 0, 172, 0, 0, 0
2499, 1, 1636467995971, 1636467996143, 172, 0, 172, 0, 0, 0
2500, 1, 1636467996083, 1636467996255, 172, 0, 172, 0, 0, 0
2501, 1, 1636467996187, 1636467996359, 172, 0, 172, 0, 0, 0
2502, 1, 1636467996235, 1636467996411, 176, 0, 176, 0, 0, 0
2503, 1, 1636467996703, 1636467996875, 172, 0, 172, 0, 0, 0
2504, 1, 1636467996791, 1636467996963, 172, 0, 172, 0, 0, 0
2505, 1, 1636467996891, 1636467997063, 172, 0, 172, 0, 0, 0
2506, 1, 1636467997267, 1636467997439, 172, 0, 172, 0, 0, 0
2507, 1, 1636467997291, 1636467997463, 172, 0, 172, 0, 0, 0
2508, 1, 1636467997683, 1636467997855, 172, 0, 172, 0, 0, 0
2509, 1, 1636467997707, 1636467997883, 176, 0, 176, 0, 0, 0
2510, 1, 1636467997839, 1636467998011, 172, 0, 172, 0, 0, 0
2511, 1, 1636467998151, 1636467998323, 172, 0, 172, 0, 0, 0
2512, 1, 1636467998207, 1636467998379, 172, 0, 172, 0, 0, 0
2513, 1, 1636467998495, 1636467998667, 172, 0, 172, 0, 0, 0
2514, 1, 1636467998583, 1636467998755, 172, 0, 172, 0, 0, 0
2515, 1, 1636467998863, 1636467999035, 172, 0, 172, 0, 0, 0
2516, 1, 1636467999111, 1636467999283, 172, 0, 172, 0, 0, 0
2517, 1, 1636467999279, 1636467999451, 172, 0, 172, 0, 0, 0
2518, 1, 1636467999787, 1636467999959, 172, 0, 172, 0, 0, 0
2519, 1, 1636467999851, 1636468000023, 172, 0, 172, 0, 0, 0
2520, 1, 1636467999883, 1636468000055, 172, 0, 172, 0, 0, 0
2521, 1, 1636467999907, 1636468000079, 172, 0, 172, 0, 0, 0
2522, 1, 1636468000375, 1636468000547, 172, 0, 172, 0, 0, 0
2523, 1, 1636468000675, 1636468000847, 172, 0, 172, 0, 0, 0
2524, 1, 1636468000707, 1636468000879, 172, 0, 172, 0, 0, 0
2525, 1, 1636468001011, 1636468001183, 172, 0, 172, 0, 0, 0
2526, 1, 1636468001515, 1636468001687, 172, 0, 172, 0, 0, 0
2527, 1, 1636468001571, 1636468001743, 172, 0, 172, 0, 0, 0
2528, 1, 1636468001599, 1636468001771, 172, 0, 172, 0, 0, 0
2529, 1, 1636468001691, 1636468001867, 176, 0, 176, 0, 0, 0
2531, 1, 1636468001939, 1636468002111, 172, 0, 172, 0, 0, 0
2530, 1, 1636468002047, 1636468002219, 172, 0, 172, 0, 0, 0
2532, 1, 1636468002395, 1636468002567, 172, 0, 172, 0, 0, 0
2533, 1, 1636468002443, 1636468002615, 172, 0, 172, 0, 0, 0
2534, 1, 1636468002479, 1636468002651, 172, 0, 172, 0, 0, 0
2535, 1, 1636468002859, 1636468003031, 172, 0, 172, 0, 0, 0
2537, 1, 1636468003187, 1636468003359, 172, 0, 172, 0, 0, 0
2536, 1, 1636468003207, 1636468003379, 172, 0, 172, 0, 0, 0
2538, 1, 1636468003659, 1636468003831, 172, 0, 172, 0, 0, 0
2539, 1, 1636468003719, 1636468003891, 172, 0, 172, 0, 0, 0
2540, 1, 1636468003767, 1636468003939, 172, 0, 172, 0, 0, 0
2541, 1, 1636468003799, 1636468003971, 172, 0, 172, 0, 0, 0
2542, 1, 1636468004315, 1636468004487, 172, 0, 172, 0, 0, 0
2543, 1, 1636468004483, 1636468004655, 172, 0, 172, 0, 0, 0
2544, 1, 1636468004971, 1636468005143, 172, 0, 172, 0, 0, 0
2545, 1, 1636468005091, 1636468005263, 172, 0, 172, 0, 0, 0
2546, 1, 1636468005515, 1636468005687, 172, 0, 172, 0, 0, 0
2547, 1, 1636468005591, 1636468005771, 180, 0, 180, 0, 0, 0
2548, 1, 1636468005707, 1636468005879, 172, 0, 172, 0, 0, 0
2549, 1, 1636468005843, 1636468006015, 172, 0, 172, 0, 0, 0
2550, 1, 1636468005947, 1636468006119, 172, 0, 172, 0, 0, 0
2551, 1, 1636468005979, 1636468006151, 172, 0, 172, 0, 0, 0
2552, 1, 1636468006219, 1636468006391, 172, 0, 172, 0, 0, 0
2553, 1, 1636468006523, 1636468006695, 172, 0, 172, 0, 0, 0
2554, 1, 1636468006591, 1636468006763, 172, 0, 172, 0, 0, 0
2555, 1, 1636468006931, 1636468007103, 172, 0, 172, 0, 0, 0
2556, 1, 1636468007195, 1636468007367, 172, 0, 172, 0, 0, 0
2557, 1, 1636468007363, 1636468007535, 172, 0, 172, 0, 0, 0
2558, 1, 1636468007583, 1636468007755, 172, 0, 172, 0, 0, 0
2559, 1, 1636468007731, 1636468007903, 172, 0, 172, 0, 0, 0
2560, 1, 1636468007755, 1636468007931, 176, 0, 176, 0, 0, 0
2561, 1, 1636468007983, 1636468008155, 172, 0, 172, 0, 0, 0
2562, 1, 1636468008195, 1636468008367, 172, 0, 172, 0, 0, 0
2563, 1, 1636468008559, 1636468008731, 172, 0, 172, 0, 0, 0
2564, 1, 1636468008991, 1636468009163, 172, 0, 172, 0, 0, 0
2566, 1, 1636468009275, 1636468009447, 172, 0, 172, 0, 0, 0
2565, 1, 1636468009339, 1636468009511, 172, 0, 172, 0, 0, 0
2567, 1, 1636468009591, 1636468009763, 172, 0, 172, 0, 0, 0
2568, 1, 1636468009715, 1636468009887, 172, 0, 172, 0, 0, 0
2569, 1, 1636468010155, 1636468010327, 172, 0, 172, 0, 0, 0
2570, 1, 1636468010247, 1636468010423, 176, 0, 176, 0, 0, 0
2571, 1, 1636468010479, 1636468010651, 172, 0, 172, 0, 0, 0
2572, 1, 1636468010531, 1636468010703, 172, 0, 172, 0, 0, 0
2573, 1, 1636468010543, 1636468010715, 172, 0, 172, 0, 0, 0
2574, 1, 1636468010647, 1636468010819, 172, 0, 172, 0, 0, 0
2575, 1, 1636468011191, 1636468011363, 172, 0, 172, 0, 0, 0
2576, 1, 1636468011399, 1636468011571, 172, 0, 172, 0, 0, 0
2577, 1, 1636468011479, 1636468011651, 172, 0, 172, 0, 0, 0
2578, 1, 1636468011563, 1636468011735, 172, 0, 172, 0, 0, 0
2580, 1, 1636468012003, 1636468012175, 172, 0, 172, 0, 0, 0
2579, 1, 1636468012003, 1636468012175, 172, 0, 172, 0, 0, 0
2581, 1, 1636468012387, 1636468012559, 172, 0, 172, 0, 0, 0
2582, 1, 1636468012939, 1636468013111, 172, 0, 172, 0, 0, 0
2583, 1, 1636468013083, 1636468013255, 172, 0, 172, 0, 0, 0
2584, 1, 1636468013351, 1636468013523, 172, 0, 172, 0, 0, 0
2585, 1, 1636468013995, 1636468014167, 172, 0, 172, 0, 0, 0
2586, 1, 1636468014327, 1636468014499, 172, 0, 172, 0, 0, 0
2587, 1, 1636468014611, 1636468014783, 172, 0, 172, 0, 0, 0
2588, 1, 1636468014811, 1636468014983, 172, 0, 172, 0, 0, 0
2589, 1, 1636468015659, 1636468015831, 172, 0, 172, 0, 0, 0
2590, 1, 1636468015671, 1636468015843, 172, 0, 172, 0, 0, 0
2591, 1, 1636468015955, 1636468016127, 172, 0, 172, 0, 0, 0
2592, 1, 1636468016079, 1636468016251, 172, 0, 172, 0, 0, 0
2593, 1, 1636468017159, 1636468017331, 172, 0, 172, 0, 0, 0
2594, 1, 1636468017475, 1636468017647, 172, 0, 172, 0, 0, 0
2595, 1, 1636468018175, 1636468018351, 176, 0, 176, 0, 0, 0
2596, 1, 1636468018567, 1636468018739, 172, 0, 172, 0, 0, 0
2597, 1, 1636468018595, 1636468018767, 172, 0, 172, 0, 0, 0
2598, 1, 1636468018991, 1636468019163, 172, 0, 172, 0, 0, 0
2599, 1, 1636468019907, 1636468020079, 172, 0, 172, 0, 0, 0
2600, 1, 1636468020987, 1636468021159, 172, 0, 172, 0, 0, 0
2601, 1, 1636468110519, 1636468110691, 172, 0, 172, 0, 0, 0
2602, 1, 1636468110951, 1636468111123, 172, 0, 172, 0, 0, 0
2603, 1, 1636468111539, 1636468111711, 172, 0, 172, 0, 0, 0
2604, 1, 1636468112139, 1636468112311, 172, 0, 172, 0, 0, 0
2605, 1, 1636468112423, 1636468112595, 172, 0, 172, 0, 0, 0
2606, 1, 1636468112735, 1636468112907, 172, 0, 172, 0, 0, 0
2607, 1, 1636468112859, 1636468113031, 172, 0, 172, 0, 0, 0
2608, 1, 1636468113331, 1636468113503, 172, 0, 172, 0, 0, 0
2609, 1, 1636468113447, 1636468113619, 172, 0, 172, 0, 0, 0
2610, 1, 1636468114047, 1636468114219, 172, 0, 172, 0, 0, 0
2611, 1, 1636468114055, 1636468114227, 172, 0, 172, 0, 0, 0
2612, 1, 1636468114399, 1636468114571, 172, 0, 172, 0, 0, 0
2613, 1, 1636468114523, 1636468114695, 172, 0, 172, 0, 0, 0
2614, 1, 1636468114643, 1636468114815, 172, 0, 172, 0, 0, 0
2615, 1, 1636468114831, 1636468115003, 172, 0, 172, 0, 0, 0
2616, 1, 1636468115039, 1636468115211, 172, 0, 172, 0, 0, 0
2617, 1, 1636468115239, 1636468115411, 172, 0, 172, 0, 0, 0
2618, 1, 1636468115423, 1636468115595, 172, 0, 172, 0, 0, 0
2619, 1, 1636468115579, 1636468115751, 172, 0, 172, 0, 0, 0
2620, 1, 1636468115963, 1636468116135, 172, 0, 172, 0, 0, 0
2621, 1, 1636468116019, 1636468116191, 172, 0, 172, 0, 0, 0
2622, 1, 1636468116427, 1636468116599, 172, 0, 172, 0, 0, 0
2623, 1, 1636468116459, 1636468116631, 172, 0, 172, 0, 0, 0
2624, 1, 1636468116615, 1636468116787, 172, 0, 172, 0, 0, 0
2625, 1, 1636468116891, 1636468117063, 172, 0, 172, 0, 0, 0
2626, 1, 1636468116943, 1636468117119, 176, 0, 176, 0, 0, 0
2627, 1, 1636468117111, 1636468117283, 172, 0, 172, 0, 0, 0
2628, 1, 1636468117459, 1636468117631, 172, 0, 172, 0, 0, 0
2629, 1, 1636468117479, 1636468117651, 172, 0, 172, 0, 0, 0
2630, 1, 1636468117487, 1636468117659, 172, 0, 172, 0, 0, 0
2631, 1, 1636468117939, 1636468118111, 172, 0, 172, 0, 0, 0
2632, 1, 1636468118059, 1636468118231, 172, 0, 172, 0, 0, 0
2633, 1, 1636468118083, 1636468118255, 172, 0, 172, 0, 0, 0
2634, 1, 1636468118403, 1636468118575, 172, 0, 172, 0, 0, 0
2635, 1, 1636468118519, 1636468118691, 172, 0, 172, 0, 0, 0
2636, 1, 1636468118615, 1636468118787, 172, 0, 172, 0, 0, 0
2637, 1, 1636468118655, 1636468118827, 172, 0, 172, 0, 0, 0
2638, 1, 1636468118923, 1636468119095, 172, 0, 172, 0, 0, 0
2639, 1, 1636468118951, 1636468119123, 172, 0, 172, 0, 0, 0
2640, 1, 1636468119147, 1636468119319, 172, 0, 172, 0, 0, 0
2641, 1, 1636468119167, 1636468119339, 172, 0, 172, 0, 0, 0
2642, 1, 1636468119355, 1636468119527, 172, 0, 172, 0, 0, 0
2643, 1, 1636468119363, 1636468119535, 172, 0, 172, 0, 0, 0
2644, 1, 1636468119539, 1636468119711, 172, 0, 172, 0, 0, 0
2645, 1, 1636468119703, 1636468119875, 172, 0, 172, 0, 0, 0
2646, 1, 1636468119999, 1636468120171, 172, 0, 172, 0, 0, 0
2647, 1, 1636468120051, 1636468120223, 172, 0, 172, 0, 0, 0
2648, 1, 1636468120147, 1636468120323, 176, 0, 176, 0, 0, 0
2649, 1, 1636468120263, 1636468120435, 172, 0, 172, 0, 0, 0
2650, 1, 1636468120407, 1636468120579, 172, 0, 172, 0, 0, 0
2651, 1, 1636468120459, 1636468120631, 172, 0, 172, 0, 0, 0
2652, 1, 1636468120523, 1636468120695, 172, 0, 172, 0, 0, 0
2653, 1, 1636468120715, 1636468120887, 172, 0, 172, 0, 0, 0
2654, 1, 1636468120819, 1636468120995, 176, 0, 176, 0, 0, 0
2655, 1, 1636468120831, 1636468121003, 172, 0, 172, 0, 0, 0
2656, 1, 1636468120979, 1636468121151, 172, 0, 172, 0, 0, 0
2657, 1, 1636468121035, 1636468121207, 172, 0, 172, 0, 0, 0
2658, 1, 1636468121231, 1636468121403, 172, 0, 172, 0, 0, 0
2659, 1, 1636468121239, 1636468121411, 172, 0, 172, 0, 0, 0
2660, 1, 1636468121403, 1636468121575, 172, 0, 172, 0, 0, 0
2661, 1, 1636468121415, 1636468121587, 172, 0, 172, 0, 0, 0
2662, 1, 1636468121427, 1636468121603, 176, 0, 176, 0, 0, 0
2663, 1, 1636468121611, 1636468121783, 172, 0, 172, 0, 0, 0
2664, 1, 1636468122027, 1636468122199, 172, 0, 172, 0, 0, 0
2665, 1, 1636468122055, 1636468122227, 172, 0, 172, 0, 0, 0
2666, 1, 1636468122059, 1636468122231, 172, 0, 172, 0, 0, 0
2667, 1, 1636468122131, 1636468122303, 172, 0, 172, 0, 0, 0
2668, 1, 1636468122167, 1636468122339, 172, 0, 172, 0, 0, 0
2669, 1, 1636468122387, 1636468122559, 172, 0, 172, 0, 0, 0
2670, 1, 1636468122479, 1636468122651, 172, 0, 172, 0, 0, 0
2671, 1, 1636468122523, 1636468122695, 172, 0, 172, 0, 0, 0
2672, 1, 1636468122583, 1636468122755, 172, 0, 172, 0, 0, 0
2673, 1, 1636468122823, 1636468122995, 172, 0, 172, 0, 0, 0
2674, 1, 1636468122883, 1636468123055, 172, 0, 172, 0, 0, 0
2675, 1, 1636468123007, 1636468123179, 172, 0, 172, 0, 0, 0
2676, 1, 1636468123039, 1636468123211, 172, 0, 172, 0, 0, 0
2678, 1, 1636468123095, 1636468123267, 172, 0, 172, 0, 0, 0
2677, 1, 1636468123231, 1636468123403, 172, 0, 172, 0, 0, 0
2679, 1, 1636468123295, 1636468123467, 172, 0, 172, 0, 0, 0
2680, 1, 1636468123307, 1636468123479, 172, 0, 172, 0, 0, 0
2681, 1, 1636468123475, 1636468123647, 172, 0, 172, 0, 0, 0
2682, 1, 1636468123575, 1636468123747, 172, 0, 172, 0, 0, 0
2683, 1, 1636468123583, 1636468123755, 172, 0, 172, 0, 0, 0
2684, 1, 1636468123931, 1636468124103, 172, 0, 172, 0, 0, 0
2685, 1, 1636468124035, 1636468124207, 172, 0, 172, 0, 0, 0
2686, 1, 1636468124071, 1636468124243, 172, 0, 172, 0, 0, 0
2687, 1, 1636468124087, 1636468124259, 172, 0, 172, 0, 0, 0
2688, 1, 1636468124143, 1636468124315, 172, 0, 172, 0, 0, 0
2689, 1, 1636468124391, 1636468124563, 172, 0, 172, 0, 0, 0
2690, 1, 1636468124447, 1636468124619, 172, 0, 172, 0, 0, 0
2691, 1, 1636468124519, 1636468124691, 172, 0, 172, 0, 0, 0
2692, 1, 1636468124647, 1636468124819, 172, 0, 172, 0, 0, 0
2693, 1, 1636468124795, 1636468124967, 172, 0, 172, 0, 0, 0
2694, 1, 1636468124907, 1636468125079, 172, 0, 172, 0, 0, 0
2695, 1, 1636468124931, 1636468125103, 172, 0, 172, 0, 0, 0
2696, 1, 1636468125023, 1636468125195, 172, 0, 172, 0, 0, 0
2697, 1, 1636468125071, 1636468125243, 172, 0, 172, 0, 0, 0
2698, 1, 1636468125163, 1636468125335, 172, 0, 172, 0, 0, 0
2699, 1, 1636468125279, 1636468125451, 172, 0, 172, 0, 0, 0
2700, 1, 1636468125343, 1636468125519, 176, 0, 176, 0, 0, 0
2701, 1, 1636468125359, 1636468125531, 172, 0, 172, 0, 0, 0
2702, 1, 1636468125563, 1636468125735, 172, 0, 172, 0, 0, 0
2703, 1, 1636468125643, 1636468125815, 172, 0, 172, 0, 0, 0
2704, 1, 1636468125995, 1636468126167, 172, 0, 172, 0, 0, 0
2705, 1, 1636468126015, 1636468126187, 172, 0, 172, 0, 0, 0
2706, 1, 1636468126119, 1636468126291, 172, 0, 172, 0, 0, 0
2707, 1, 1636468126151, 1636468126323, 172, 0, 172, 0, 0, 0
2708, 1, 1636468126203, 1636468126375, 172, 0, 172, 0, 0, 0
2709, 1, 1636468126411, 1636468126583, 172, 0, 172, 0, 0, 0
2710, 1, 1636468126511, 1636468126683, 172, 0, 172, 0, 0, 0
2711, 1, 1636468126587, 1636468126759, 172, 0, 172, 0, 0, 0
2712, 1, 1636468126695, 1636468126867, 172, 0, 172, 0, 0, 0
2713, 1, 1636468126891, 1636468127063, 172, 0, 172, 0, 0, 0
2714, 1, 1636468126971, 1636468127143, 172, 0, 172, 0, 0, 0
2715, 1, 1636468126991, 1636468127163, 172, 0, 172, 0, 0, 0
2716, 1, 1636468126999, 1636468127175, 176, 0, 176, 0, 0, 0
2717, 1, 1636468127127, 1636468127299, 172, 0, 172, 0, 0, 0
2718, 1, 1636468127207, 1636468127379, 172, 0, 172, 0, 0, 0
2719, 1, 1636468127223, 1636468127395, 172, 0, 172, 0, 0, 0
2720, 1, 1636468127339, 1636468127511, 172, 0, 172, 0, 0, 0
2721, 1, 1636468127407, 1636468127579, 172, 0, 172, 0, 0, 0
2722, 1, 1636468127627, 1636468127799, 172, 0, 172, 0, 0, 0
2723, 1, 1636468127707, 1636468127879, 172, 0, 172, 0, 0, 0
2724, 1, 1636468128019, 1636468128195, 176, 0, 176, 0, 0, 0
2725, 1, 1636468128039, 1636468128211, 172, 0, 172, 0, 0, 0
2726, 1, 1636468128047, 1636468128219, 172, 0, 172, 0, 0, 0
2727, 1, 1636468128155, 1636468128327, 172, 0, 172, 0, 0, 0
2728, 1, 1636468128267, 1636468128439, 172, 0, 172, 0, 0, 0
2729, 1, 1636468128375, 1636468128547, 172, 0, 172, 0, 0, 0
2730, 1, 1636468128455, 1636468128631, 176, 0, 176, 0, 0, 0
2731, 1, 1636468128711, 1636468128883, 172, 0, 172, 0, 0, 0
2732, 1, 1636468128763, 1636468128935, 172, 0, 172, 0, 0, 0
2733, 1, 1636468128959, 1636468129131, 172, 0, 172, 0, 0, 0
2734, 1, 1636468128995, 1636468129167, 172, 0, 172, 0, 0, 0
2735, 1, 1636468129019, 1636468129191, 172, 0, 172, 0, 0, 0
2736, 1, 1636468129051, 1636468129223, 172, 0, 172, 0, 0, 0
2737, 1, 1636468129123, 1636468129295, 172, 0, 172, 0, 0, 0
2738, 1, 1636468129279, 1636468129451, 172, 0, 172, 0, 0, 0
2739, 1, 1636468129291, 1636468129463, 172, 0, 172, 0, 0, 0
2740, 1, 1636468129403, 1636468129575, 172, 0, 172, 0, 0, 0
2741, 1, 1636468129455, 1636468129627, 172, 0, 172, 0, 0, 0
2742, 1, 1636468129575, 1636468129747, 172, 0, 172, 0, 0, 0
2743, 1, 1636468129751, 1636468129927, 176, 0, 176, 0, 0, 0
2744, 1, 1636468130075, 1636468130247, 172, 0, 172, 0, 0, 0
2745, 1, 1636468130111, 1636468130283, 172, 0, 172, 0, 0, 0
2746, 1, 1636468130131, 1636468130303, 172, 0, 172, 0, 0, 0
2747, 1, 1636468130131, 1636468130303, 172, 0, 172, 0, 0, 0
2748, 1, 1636468130279, 1636468130451, 172, 0, 172, 0, 0, 0
2749, 1, 1636468130478, 1636468130651, 173, 1, 172, 1, 0, 1
2750, 1, 1636468130523, 1636468130695, 172, 0, 172, 0, 0, 0
2751, 1, 1636468130579, 1636468130751, 172, 0, 172, 0, 0, 0
2752, 1, 1636468130823, 1636468130995, 172, 0, 172, 0, 0, 0
2753, 1, 1636468130887, 1636468131059, 172, 0, 172, 0, 0, 0
2754, 1, 1636468130995, 1636468131167, 172, 0, 172, 0, 0, 0
2755, 1, 1636468131063, 1636468131235, 172, 0, 172, 0, 0, 0
2756, 1, 1636468131091, 1636468131263, 172, 0, 172, 0, 0, 0
2757, 1, 1636468131115, 1636468131287, 172, 0, 172, 0, 0, 0
2758, 1, 1636468131267, 1636468131439, 172, 0, 172, 0, 0, 0
2759, 1, 1636468131335, 1636468131511, 176, 0, 176, 0, 0, 0
2760, 1, 1636468131399, 1636468131571, 172, 0, 172, 0, 0, 0
2761, 1, 1636468131523, 1636468131695, 172, 0, 172, 0, 0, 0
2762, 1, 1636468131619, 1636468131795, 176, 0, 176, 0, 0, 0
2763, 1, 1636468131639, 1636468131811, 172, 0, 172, 0, 0, 0
2764, 1, 1636468131995, 1636468132167, 172, 0, 172, 0, 0, 0
2765, 1, 1636468132147, 1636468132319, 172, 0, 172, 0, 0, 0
2766, 1, 1636468132179, 1636468132351, 172, 0, 172, 0, 0, 0
2768, 1, 1636468132199, 1636468132371, 172, 0, 172, 0, 0, 0
2767, 1, 1636468132199, 1636468132371, 172, 0, 172, 0, 0, 0
2769, 1, 1636468132527, 1636468132699, 172, 0, 172, 0, 0, 0
2770, 1, 1636468132551, 1636468132723, 172, 0, 172, 0, 0, 0
2771, 1, 1636468132647, 1636468132819, 172, 0, 172, 0, 0, 0
2772, 1, 1636468132851, 1636468133031, 180, 0, 180, 0, 0, 0
2773, 1, 1636468132887, 1636468133063, 176, 0, 176, 0, 0, 0
2774, 1, 1636468132959, 1636468133131, 172, 0, 172, 0, 0, 0
2775, 1, 1636468132979, 1636468133155, 176, 0, 176, 0, 0, 0
2776, 1, 1636468133107, 1636468133279, 172, 0, 172, 0, 0, 0
2777, 1, 1636468133215, 1636468133387, 172, 0, 172, 0, 0, 0
2778, 1, 1636468133267, 1636468133439, 172, 0, 172, 0, 0, 0
2779, 1, 1636468133335, 1636468133507, 172, 0, 172, 0, 0, 0
2780, 1, 1636468133403, 1636468133575, 172, 0, 172, 0, 0, 0
2781, 1, 1636468133587, 1636468133763, 176, 0, 176, 0, 0, 0
2782, 1, 1636468133643, 1636468133815, 172, 0, 172, 0, 0, 0
2783, 1, 1636468133687, 1636468133863, 176, 0, 176, 0, 0, 0
2785, 1, 1636468134067, 1636468134239, 172, 0, 172, 0, 0, 0
2784, 1, 1636468134067, 1636468134239, 172, 0, 172, 0, 0, 0
2786, 1, 1636468134123, 1636468134299, 176, 0, 176, 0, 0, 0
2787, 1, 1636468134247, 1636468134419, 172, 0, 172, 0, 0, 0
2788, 1, 1636468134255, 1636468134427, 172, 0, 172, 0, 0, 0
2789, 1, 1636468134499, 1636468134671, 172, 0, 172, 0, 0, 0
2790, 1, 1636468134603, 1636468134775, 172, 0, 172, 0, 0, 0
2792, 1, 1636468134823, 1636468134995, 172, 0, 172, 0, 0, 0
2791, 1, 1636468134847, 1636468135019, 172, 0, 172, 0, 0, 0
2794, 1, 1636468134935, 1636468135107, 172, 0, 172, 0, 0, 0
2795, 1, 1636468135051, 1636468135223, 172, 0, 172, 0, 0, 0
2797, 1, 1636468135175, 1636468135347, 172, 0, 172, 0, 0, 0
2793, 1, 1636468135195, 1636468135367, 172, 0, 172, 0, 0, 0
2798, 1, 1636468135207, 1636468135379, 172, 0, 172, 0, 0, 0
2799, 1, 1636468135387, 1636468135559, 172, 0, 172, 0, 0, 0
2802, 1, 1636468135527, 1636468135699, 172, 0, 172, 0, 0, 0
2803, 1, 1636468135755, 1636468135927, 172, 0, 172, 0, 0, 0
2804, 1, 1636468136043, 1636468136215, 172, 0, 172, 0, 0, 0
2806, 1, 1636468136111, 1636468136283, 172, 0, 172, 0, 0, 0
2807, 1, 1636468136311, 1636468136483, 172, 0, 172, 0, 0, 0
2808, 1, 1636468136311, 1636468136483, 172, 0, 172, 0, 0, 0
2809, 1, 1636468136447, 1636468136619, 172, 0, 172, 0, 0, 0
2811, 1, 1636468136567, 1636468136739, 172, 0, 172, 0, 0, 0
2810, 1, 1636468136659, 1636468136831, 172, 0, 172, 0, 0, 0
2813, 1, 1636468136935, 1636468137107, 172, 0, 172, 0, 0, 0
2814, 1, 1636468136975, 1636468137147, 172, 0, 172, 0, 0, 0
2815, 1, 1636468137099, 1636468137271, 172, 0, 172, 0, 0, 0
2817, 1, 1636468137299, 1636468137471, 172, 0, 172, 0, 0, 0
2818, 1, 1636468137447, 1636468137619, 172, 0, 172, 0, 0, 0
2821, 1, 1636468137811, 1636468137983, 172, 0, 172, 0, 0, 0
2820, 1, 1636468137819, 1636468137991, 172, 0, 172, 0, 0, 0
2823, 1, 1636468137879, 1636468138051, 172, 0, 172, 0, 0, 0
2822, 1, 1636468138159, 1636468138335, 176, 0, 176, 0, 0, 0
2825, 1, 1636468138179, 1636468138351, 172, 0, 172, 0, 0, 0
2827, 1, 1636468138427, 1636468138599, 172, 0, 172, 0, 0, 0
2830, 1, 1636468138439, 1636468138611, 172, 0, 172, 0, 0, 0
2831, 1, 1636468138495, 1636468138667, 172, 0, 172, 0, 0, 0
2832, 1, 1636468138867, 1636468139039, 172, 0, 172, 0, 0, 0
2834, 1, 1636468139099, 1636468139271, 172, 0, 172, 0, 0, 0
2833, 1, 1636468139123, 1636468139295, 172, 0, 172, 0, 0, 0
2835, 1, 1636468139159, 1636468139331, 172, 0, 172, 0, 0, 0
2837, 1, 1636468139511, 1636468139683, 172, 0, 172, 0, 0, 0
2838, 1, 1636468139571, 1636468139743, 172, 0, 172, 0, 0, 0
2841, 1, 1636468139775, 1636468139947, 172, 0, 172, 0, 0, 0
2840, 1, 1636468139775, 1636468139947, 172, 0, 172, 0, 0, 0
2843, 1, 1636468139907, 1636468140083, 176, 0, 176, 0, 0, 0
2842, 1, 1636468140123, 1636468140295, 172, 0, 172, 0, 0, 0
2844, 1, 1636468140299, 1636468140471, 172, 0, 172, 0, 0, 0
2845, 1, 1636468140347, 1636468140523, 176, 0, 176, 0, 0, 0
2847, 1, 1636468140391, 1636468140563, 172, 0, 172, 0, 0, 0
2849, 1, 1636468140559, 1636468140731, 172, 0, 172, 0, 0, 0
2848, 1, 1636468140591, 1636468140763, 172, 0, 172, 0, 0, 0
2850, 1, 1636468140755, 1636468140927, 172, 0, 172, 0, 0, 0
2852, 1, 1636468140931, 1636468141107, 176, 0, 176, 0, 0, 0
2851, 1, 1636468140939, 1636468141115, 176, 0, 176, 0, 0, 0
2854, 1, 1636468141095, 1636468141267, 172, 0, 172, 0, 0, 0
2855, 1, 1636468141291, 1636468141463, 172, 0, 172, 0, 0, 0
2856, 1, 1636468141475, 1636468141647, 172, 0, 172, 0, 0, 0
2857, 1, 1636468141567, 1636468141739, 172, 0, 172, 0, 0, 0
2859, 1, 1636468141651, 1636468141823, 172, 0, 172, 0, 0, 0
2860, 1, 1636468141771, 1636468141943, 172, 0, 172, 0, 0, 0
2861, 1, 1636468141887, 1636468142059, 172, 0, 172, 0, 0, 0
2863, 1, 1636468142095, 1636468142267, 172, 0, 172, 0, 0, 0
2862, 1, 1636468142119, 1636468142291, 172, 0, 172, 0, 0, 0
2865, 1, 1636468142267, 1636468142439, 172, 0, 172, 0, 0, 0
2866, 1, 1636468142315, 1636468142487, 172, 0, 172, 0, 0, 0
2867, 1, 1636468142471, 1636468142643, 172, 0, 172, 0, 0, 0
2868, 1, 1636468142579, 1636468142751, 172, 0, 172, 0, 0, 0
2869, 1, 1636468142655, 1636468142827, 172, 0, 172, 0, 0, 0
2870, 1, 1636468142715, 1636468142891, 176, 0, 176, 0, 0, 0
2872, 1, 1636468142839, 1636468143011, 172, 0, 172, 0, 0, 0
2871, 1, 1636468142927, 1636468143099, 172, 0, 172, 0, 0, 0
2873, 1, 1636468143087, 1636468143259, 172, 0, 172, 0, 0, 0
2875, 1, 1636468143327, 1636468143499, 172, 0, 172, 0, 0, 0
2876, 1, 1636468143471, 1636468143643, 172, 0, 172, 0, 0, 0
2877, 1, 1636468143531, 1636468143703, 172, 0, 172, 0, 0, 0
2878, 1, 1636468143583, 1636468143755, 172, 0, 172, 0, 0, 0
2879, 1, 1636468143895, 1636468144067, 172, 0, 172, 0, 0, 0
2880, 1, 1636468143899, 1636468144071, 172, 0, 172, 0, 0, 0
2882, 1, 1636468144011, 1636468144183, 172, 0, 172, 0, 0, 0
2883, 1, 1636468144055, 1636468144227, 172, 0, 172, 0, 0, 0
2884, 1, 1636468144195, 1636468144367, 172, 0, 172, 0, 0, 0
2881, 1, 1636468144247, 1636468144419, 172, 0, 172, 0, 0, 0
2874, 1, 1636468144259, 1636468144431, 172, 0, 172, 0, 0, 0
2885, 1, 1636468144303, 1636468144475, 172, 0, 172, 0, 0, 0
2886, 1, 1636468144459, 1636468144635, 176, 0, 176, 0, 0, 0
2887, 1, 1636468144523, 1636468144699, 176, 0, 176, 0, 0, 0
2888, 1, 1636468144615, 1636468144791, 176, 0, 176, 0, 0, 0
2889, 1, 1636468144699, 1636468144871, 172, 0, 172, 0, 0, 0
2890, 1, 1636468144711, 1636468144883, 172, 0, 172, 0, 0, 0
2891, 1, 1636468144811, 1636468144987, 176, 0, 176, 0, 0, 0
2893, 1, 1636468144991, 1636468145163, 172, 0, 172, 0, 0, 0
2892, 1, 1636468145047, 1636468145219, 172, 0, 172, 0, 0, 0
2894, 1, 1636468145147, 1636468145319, 172, 0, 172, 0, 0, 0
2895, 1, 1636468145283, 1636468145455, 172, 0, 172, 0, 0, 0
2896, 1, 1636468145375, 1636468145551, 176, 0, 176, 0, 0, 0
2897, 1, 1636468145651, 1636468145823, 172, 0, 172, 0, 0, 0
2898, 1, 1636468145663, 1636468145835, 172, 0, 172, 0, 0, 0
2899, 1, 1636468145847, 1636468146019, 172, 0, 172, 0, 0, 0
2900, 1, 1636468145891, 1636468146067, 176, 0, 176, 0, 0, 0
2902, 1, 1636468146063, 1636468146235, 172, 0, 172, 0, 0, 0
2903, 1, 1636468146139, 1636468146315, 176, 0, 176, 0, 0, 0
2904, 1, 1636468146215, 1636468146387, 172, 0, 172, 0, 0, 0
2901, 1, 1636468146243, 1636468146415, 172, 0, 172, 0, 0, 0
2905, 1, 1636468146279, 1636468146451, 172, 0, 172, 0, 0, 0
2906, 1, 1636468146475, 1636468146647, 172, 0, 172, 0, 0, 0
2907, 1, 1636468146511, 1636468146683, 172, 0, 172, 0, 0, 0
2908, 1, 1636468146611, 1636468146783, 172, 0, 172, 0, 0, 0
2909, 1, 1636468146735, 1636468146907, 172, 0, 172, 0, 0, 0
2910, 1, 1636468146823, 1636468146995, 172, 0, 172, 0, 0, 0
2911, 1, 1636468146823, 1636468146995, 172, 0, 172, 0, 0, 0
2913, 1, 1636468147071, 1636468147243, 172, 0, 172, 0, 0, 0
2914, 1, 1636468147099, 1636468147271, 172, 0, 172, 0, 0, 0
2912, 1, 1636468147171, 1636468147343, 172, 0, 172, 0, 0, 0
2915, 1, 1636468147407, 1636468147579, 172, 0, 172, 0, 0, 0
2916, 1, 1636468147459, 1636468147635, 176, 0, 176, 0, 0, 0
2917, 1, 1636468147679, 1636468147851, 172, 0, 172, 0, 0, 0
2918, 1, 1636468147779, 1636468147951, 172, 0, 172, 0, 0, 0
2919, 1, 1636468147799, 1636468147971, 172, 0, 172, 0, 0, 0
2921, 1, 1636468147971, 1636468148147, 176, 0, 176, 0, 0, 0
2922, 1, 1636468148127, 1636468148303, 176, 0, 176, 0, 0, 0
2920, 1, 1636468148151, 1636468148327, 176, 0, 176, 0, 0, 0
2923, 1, 1636468148191, 1636468148363, 172, 0, 172, 0, 0, 0
2924, 1, 1636468148291, 1636468148463, 172, 0, 172, 0, 0, 0
2925, 1, 1636468148299, 1636468148471, 172, 0, 172, 0, 0, 0
2926, 1, 1636468148483, 1636468148659, 176, 0, 176, 0, 0, 0
2927, 1, 1636468148635, 1636468148807, 172, 0, 172, 0, 0, 0
2928, 1, 1636468148699, 1636468148871, 172, 0, 172, 0, 0, 0
2930, 1, 1636468148815, 1636468148987, 172, 0, 172, 0, 0, 0
2929, 1, 1636468148835, 1636468149007, 172, 0, 172, 0, 0, 0
2932, 1, 1636468148867, 1636468149039, 172, 0, 172, 0, 0, 0
2933, 1, 1636468149091, 1636468149263, 172, 0, 172, 0, 0, 0
2934, 1, 1636468149167, 1636468149339, 172, 0, 172, 0, 0, 0
2931, 1, 1636468149167, 1636468149339, 172, 0, 172, 0, 0, 0
2935, 1, 1636468149463, 1636468149635, 172, 0, 172, 0, 0, 0
2936, 1, 1636468149535, 1636468149707, 172, 0, 172, 0, 0, 0
2937, 1, 1636468149766, 1636468149939, 173, 1, 172, 0, 0, 0
2938, 1, 1636468149791, 1636468149963, 172, 0, 172, 0, 0, 0
2939, 1, 1636468149879, 1636468150055, 176, 0, 176, 0, 0, 0
2941, 1, 1636468150035, 1636468150207, 172, 0, 172, 0, 0, 0
2942, 1, 1636468150103, 1636468150275, 172, 0, 172, 0, 0, 0
2943, 1, 1636468150179, 1636468150351, 172, 0, 172, 0, 0, 0
2940, 1, 1636468150227, 1636468150399, 172, 0, 172, 0, 0, 0
2944, 1, 1636468150307, 1636468150479, 172, 0, 172, 0, 0, 0
2945, 1, 1636468150311, 1636468150483, 172, 0, 172, 0, 0, 0
2946, 1, 1636468150455, 1636468150627, 172, 0, 172, 0, 0, 0
2947, 1, 1636468150703, 1636468150875, 172, 0, 172, 0, 0, 0
2949, 1, 1636468150718, 1636468150895, 177, 1, 176, 0, 0, 0
2950, 1, 1636468150763, 1636468150939, 176, 0, 176, 0, 0, 0
2948, 1, 1636468150803, 1636468150975, 172, 0, 172, 0, 0, 0
2951, 1, 1636468150851, 1636468151027, 176, 0, 176, 0, 0, 0
2952, 1, 1636468151075, 1636468151247, 172, 0, 172, 0, 0, 0
2953, 1, 1636468151095, 1636468151267, 172, 0, 172, 0, 0, 0
2954, 1, 1636468151203, 1636468151375, 172, 0, 172, 0, 0, 0
2955, 1, 1636468151523, 1636468151695, 172, 0, 172, 0, 0, 0
2956, 1, 1636468151575, 1636468151747, 172, 0, 172, 0, 0, 0
2957, 1, 1636468151671, 1636468151843, 172, 0, 172, 0, 0, 0
2958, 1, 1636468151723, 1636468151895, 172, 0, 172, 0, 0, 0
2959, 1, 1636468151895, 1636468152067, 172, 0, 172, 0, 0, 0
2962, 1, 1636468152087, 1636468152259, 172, 0, 172, 0, 0, 0
2961, 1, 1636468152087, 1636468152259, 172, 0, 172, 0, 0, 0
2963, 1, 1636468152115, 1636468152287, 172, 0, 172, 0, 0, 0
2964, 1, 1636468152195, 1636468152367, 172, 0, 172, 0, 0, 0
2960, 1, 1636468152243, 1636468152415, 172, 0, 172, 0, 0, 0
2965, 1, 1636468152363, 1636468152535, 172, 0, 172, 0, 0, 0
2966, 1, 1636468152431, 1636468152603, 172, 0, 172, 0, 0, 0
2969, 1, 1636468152759, 1636468152935, 176, 0, 176, 0, 0, 0
2967, 1, 1636468152774, 1636468152947, 173, 1, 172, 0, 1, 1
2970, 1, 1636468152803, 1636468152979, 176, 0, 176, 0, 0, 0
2971, 1, 1636468152819, 1636468152991, 172, 0, 172, 0, 0, 0
2968, 1, 1636468153123, 1636468153295, 172, 0, 172, 0, 0, 0
2973, 1, 1636468153135, 1636468153307, 172, 0, 172, 0, 0, 0
2972, 1, 1636468153155, 1636468153327, 172, 0, 172, 0, 0, 0
2974, 1, 1636468153163, 1636468153335, 172, 0, 172, 0, 0, 0
2975, 1, 1636468153427, 1636468153599, 172, 0, 172, 0, 0, 0
2976, 1, 1636468153507, 1636468153679, 172, 0, 172, 0, 0, 0
2977, 1, 1636468153719, 1636468153891, 172, 0, 172, 0, 0, 0
2978, 1, 1636468153755, 1636468153927, 172, 0, 172, 0, 0, 0
2979, 1, 1636468154011, 1636468154183, 172, 0, 172, 0, 0, 0
2980, 1, 1636468154015, 1636468154187, 172, 0, 172, 0, 0, 0
2981, 1, 1636468154079, 1636468154251, 172, 0, 172, 0, 0, 0
2983, 1, 1636468154171, 1636468154343, 172, 0, 172, 0, 0, 0
2984, 1, 1636468154219, 1636468154391, 172, 0, 172, 0, 0, 0
2985, 1, 1636468154299, 1636468154475, 176, 0, 176, 0, 0, 0
2986, 1, 1636468154339, 1636468154511, 172, 0, 172, 0, 0, 0
2982, 1, 1636468154355, 1636468154527, 172, 0, 172, 0, 0, 0
2987, 1, 1636468154687, 1636468154859, 172, 0, 172, 0, 0, 0
2989, 1, 1636468154747, 1636468154919, 172, 0, 172, 0, 0, 0
2988, 1, 1636468154747, 1636468154919, 172, 0, 172, 0, 0, 0
2990, 1, 1636468154819, 1636468154991, 172, 0, 172, 0, 0, 0
2991, 1, 1636468154843, 1636468155015, 172, 0, 172, 0, 0, 0
2993, 1, 1636468155015, 1636468155187, 172, 0, 172, 0, 0, 0
2994, 1, 1636468155067, 1636468155239, 172, 0, 172, 0, 0, 0
2992, 1, 1636468155171, 1636468155343, 172, 0, 172, 0, 0, 0
2995, 1, 1636468155391, 1636468155563, 172, 0, 172, 0, 0, 0
2996, 1, 1636468155563, 1636468155735, 172, 0, 172, 0, 0, 0
2997, 1, 1636468155587, 1636468155759, 172, 0, 172, 0, 0, 0
2998, 1, 1636468155771, 1636468155943, 172, 0, 172, 0, 0, 0
2999, 1, 1636468155895, 1636468156067, 172, 0, 172, 0, 0, 0
3000, 1, 1636468155999, 1636468156171, 172, 0, 172, 0, 0, 0
3002, 1, 1636468156147, 1636468156319, 172, 0, 172, 0, 0, 0
3003, 1, 1636468156235, 1636468156407, 172, 0, 172, 0, 0, 0
3001, 1, 1636468156239, 1636468156411, 172, 0, 172, 0, 0, 0
3004, 1, 1636468156263, 1636468156435, 172, 0, 172, 0, 0, 0
3006, 1, 1636468156287, 1636468156459, 172, 0, 172, 0, 0, 0
3005, 1, 1636468156347, 1636468156519, 172, 0, 172, 0, 0, 0
3008, 1, 1636468156635, 1636468156807, 172, 0, 172, 0, 0, 0
3007, 1, 1636468156695, 1636468156867, 172, 0, 172, 0, 0, 0
3009, 1, 1636468156831, 1636468157003, 172, 0, 172, 0, 0, 0
3010, 1, 1636468156859, 1636468157035, 176, 0, 176, 0, 0, 0
3011, 1, 1636468156911, 1636468157087, 176, 0, 176, 0, 0, 0
3014, 1, 1636468156971, 1636468157143, 172, 0, 172, 0, 0, 0
3013, 1, 1636468157039, 1636468157211, 172, 0, 172, 0, 0, 0
3012, 1, 1636468157263, 1636468157435, 172, 0, 172, 0, 0, 0
3015, 1, 1636468157387, 1636468157559, 172, 0, 172, 0, 0, 0
3016, 1, 1636468157559, 1636468157731, 172, 0, 172, 0, 0, 0
3017, 1, 1636468157583, 1636468157755, 172, 0, 172, 0, 0, 0
3018, 1, 1636468157887, 1636468158059, 172, 0, 172, 0, 0, 0
3019, 1, 1636468157891, 1636468158063, 172, 0, 172, 0, 0, 0
3020, 1, 1636468157975, 1636468158147, 172, 0, 172, 0, 0, 0
3022, 1, 1636468158167, 1636468158339, 172, 0, 172, 0, 0, 0
3023, 1, 1636468158187, 1636468158359, 172, 0, 172, 0, 0, 0
3024, 1, 1636468158219, 1636468158391, 172, 0, 172, 0, 0, 0
3021, 1, 1636468158235, 1636468158407, 172, 0, 172, 0, 0, 0
3025, 1, 1636468158291, 1636468158463, 172, 0, 172, 0, 0, 0
3026, 1, 1636468158339, 1636468158511, 172, 0, 172, 0, 0, 0
3028, 1, 1636468158583, 1636468158755, 172, 0, 172, 0, 0, 0
3027, 1, 1636468158687, 1636468158859, 172, 0, 172, 0, 0, 0
3029, 1, 1636468158843, 1636468159015, 172, 0, 172, 0, 0, 0
3030, 1, 1636468158847, 1636468159019, 172, 0, 172, 0, 0, 0
3031, 1, 1636468158911, 1636468159083, 172, 0, 172, 0, 0, 0
3033, 1, 1636468158975, 1636468159147, 172, 0, 172, 0, 0, 0
3034, 1, 1636468159051, 1636468159223, 172, 0, 172, 0, 0, 0
3032, 1, 1636468159187, 1636468159359, 172, 0, 172, 0, 0, 0
3035, 1, 1636468159275, 1636468159447, 172, 0, 172, 0, 0, 0
3036, 1, 1636468159635, 1636468159807, 172, 0, 172, 0, 0, 0
3037, 1, 1636468159691, 1636468159863, 172, 0, 172, 0, 0, 0
3038, 1, 1636468159755, 1636468159927, 172, 0, 172, 0, 0, 0
3039, 1, 1636468159779, 1636468159951, 172, 0, 172, 0, 0, 0
3041, 1, 1636468160099, 1636468160271, 172, 0, 172, 0, 0, 0
3042, 1, 1636468160099, 1636468160275, 176, 0, 176, 0, 0, 0
3040, 1, 1636468160103, 1636468160279, 176, 0, 176, 0, 0, 0
3043, 1, 1636468160159, 1636468160331, 172, 0, 172, 0, 0, 0
3044, 1, 1636468160219, 1636468160391, 172, 0, 172, 0, 0, 0
3045, 1, 1636468160283, 1636468160455, 172, 0, 172, 0, 0, 0
3046, 1, 1636468160355, 1636468160527, 172, 0, 172, 0, 0, 0
3047, 1, 1636468160551, 1636468160727, 176, 0, 176, 0, 0, 0
3048, 1, 1636468160699, 1636468160871, 172, 0, 172, 0, 0, 0
3049, 1, 1636468160851, 1636468161023, 172, 0, 172, 0, 0, 0
3051, 1, 1636468160899, 1636468161071, 172, 0, 172, 0, 0, 0
3052, 1, 1636468160911, 1636468161083, 172, 0, 172, 0, 0, 0
3053, 1, 1636468161039, 1636468161211, 172, 0, 172, 0, 0, 0
3054, 1, 1636468161059, 1636468161231, 172, 0, 172, 0, 0, 0
3050, 1, 1636468161199, 1636468161371, 172, 0, 172, 0, 0, 0
3055, 1, 1636468161399, 1636468161571, 172, 0, 172, 0, 0, 0
3056, 1, 1636468161567, 1636468161739, 172, 0, 172, 0, 0, 0
3057, 1, 1636468161635, 1636468161807, 172, 0, 172, 0, 0, 0
3058, 1, 1636468161727, 1636468161903, 176, 0, 176, 0, 0, 0
3059, 1, 1636468161743, 1636468161915, 172, 0, 172, 0, 0, 0
3061, 1, 1636468162023, 1636468162195, 172, 0, 172, 0, 0, 0
3062, 1, 1636468162051, 1636468162223, 172, 0, 172, 0, 0, 0
3060, 1, 1636468162079, 1636468162251, 172, 0, 172, 0, 0, 0
3063, 1, 1636468162103, 1636468162275, 172, 0, 172, 0, 0, 0
3064, 1, 1636468162187, 1636468162359, 172, 0, 172, 0, 0, 0
3065, 1, 1636468162211, 1636468162383, 172, 0, 172, 0, 0, 0
3066, 1, 1636468162299, 1636468162471, 172, 0, 172, 0, 0, 0
3067, 1, 1636468162647, 1636468162819, 172, 0, 172, 0, 0, 0
3068, 1, 1636468162679, 1636468162851, 172, 0, 172, 0, 0, 0
3069, 1, 1636468162783, 1636468162955, 172, 0, 172, 0, 0, 0
3070, 1, 1636468162791, 1636468162963, 172, 0, 172, 0, 0, 0
3071, 1, 1636468162791, 1636468162971, 180, 0, 180, 0, 0, 0
3073, 1, 1636468162987, 1636468163159, 172, 0, 172, 0, 0, 0
3074, 1, 1636468163031, 1636468163203, 172, 0, 172, 0, 0, 0
3072, 1, 1636468163151, 1636468163323, 172, 0, 172, 0, 0, 0
3075, 1, 1636468163383, 1636468163555, 172, 0, 172, 0, 0, 0
3076, 1, 1636468163451, 1636468163623, 172, 0, 172, 0, 0, 0
3078, 1, 1636468163663, 1636468163837, 174, 0, 174, 0, 0, 0
3077, 1, 1636468163731, 1636468163903, 172, 0, 172, 0, 0, 0
3079, 1, 1636468163851, 1636468164023, 172, 0, 172, 0, 0, 0
3080, 1, 1636468163999, 1636468164171, 172, 0, 172, 0, 0, 0
3082, 1, 1636468164027, 1636468164199, 172, 0, 172, 0, 0, 0
3081, 1, 1636468164079, 1636468164251, 172, 0, 172, 0, 0, 0
3083, 1, 1636468164103, 1636468164275, 172, 0, 172, 0, 0, 0
3084, 1, 1636468164199, 1636468164371, 172, 0, 172, 0, 0, 0
3086, 1, 1636468164227, 1636468164399, 172, 0, 172, 0, 0, 0
3085, 1, 1636468164427, 1636468164599, 172, 0, 172, 0, 0, 0
3087, 1, 1636468164575, 1636468164747, 172, 0, 172, 0, 0, 0
3089, 1, 1636468164663, 1636468164835, 172, 0, 172, 0, 0, 0
3090, 1, 1636468164707, 1636468164879, 172, 0, 172, 0, 0, 0
3088, 1, 1636468164771, 1636468164943, 172, 0, 172, 0, 0, 0
3091, 1, 1636468164779, 1636468164951, 172, 0, 172, 0, 0, 0
3094, 1, 1636468164963, 1636468165139, 176, 0, 176, 0, 0, 0
3093, 1, 1636468165119, 1636468165291, 172, 0, 172, 0, 0, 0
3092, 1, 1636468165127, 1636468165299, 172, 0, 172, 0, 0, 0
3096, 1, 1636468165379, 1636468165551, 172, 0, 172, 0, 0, 0
3095, 1, 1636468165467, 1636468165643, 176, 0, 176, 0, 0, 0
3097, 1, 1636468165571, 1636468165743, 172, 0, 172, 0, 0, 0
3098, 1, 1636468165639, 1636468165811, 172, 0, 172, 0, 0, 0
3099, 1, 1636468165823, 1636468165995, 172, 0, 172, 0, 0, 0
3100, 1, 1636468165979, 1636468166151, 172, 0, 172, 0, 0, 0
3101, 1, 1636468166003, 1636468166175, 172, 0, 172, 0, 0, 0
3103, 1, 1636468166047, 1636468166219, 172, 0, 172, 0, 0, 0
3105, 1, 1636468166123, 1636468166295, 172, 0, 172, 0, 0, 0
3102, 1, 1636468166171, 1636468166343, 172, 0, 172, 0, 0, 0
3106, 1, 1636468166247, 1636468166423, 176, 0, 176, 0, 0, 0
3104, 1, 1636468166527, 1636468166703, 176, 0, 176, 0, 0, 0
3108, 1, 1636468166587, 1636468166759, 172, 0, 172, 0, 0, 0
3109, 1, 1636468166599, 1636468166771, 172, 0, 172, 0, 0, 0
3110, 1, 1636468166683, 1636468166855, 172, 0, 172, 0, 0, 0
3111, 1, 1636468166839, 1636468167011, 172, 0, 172, 0, 0, 0
3107, 1, 1636468166879, 1636468167055, 176, 0, 176, 0, 0, 0
3112, 1, 1636468166879, 1636468167055, 176, 0, 176, 0, 0, 0
3114, 1, 1636468166907, 1636468167079, 172, 0, 172, 0, 0, 0
3113, 1, 1636468167187, 1636468167359, 172, 0, 172, 0, 0, 0
3115, 1, 1636468167315, 1636468167487, 172, 0, 172, 0, 0, 0
3116, 1, 1636468167347, 1636468167519, 172, 0, 172, 0, 0, 0
3117, 1, 1636468167555, 1636468167727, 172, 0, 172, 0, 0, 0
3118, 1, 1636468167747, 1636468167919, 172, 0, 172, 0, 0, 0
3119, 1, 1636468167763, 1636468167935, 172, 0, 172, 0, 0, 0
3120, 1, 1636468167907, 1636468168079, 172, 0, 172, 0, 0, 0
3122, 1, 1636468168015, 1636468168187, 172, 0, 172, 0, 0, 0
3123, 1, 1636468168047, 1636468168219, 172, 0, 172, 0, 0, 0
3121, 1, 1636468168095, 1636468168267, 172, 0, 172, 0, 0, 0
3125, 1, 1636468168123, 1636468168295, 172, 0, 172, 0, 0, 0
3126, 1, 1636468168379, 1636468168555, 176, 0, 176, 0, 0, 0
3124, 1, 1636468168443, 1636468168619, 176, 0, 176, 0, 0, 0
3127, 1, 1636468168459, 1636468168635, 176, 0, 176, 0, 0, 0
3128, 1, 1636468168487, 1636468168659, 172, 0, 172, 0, 0, 0
3129, 1, 1636468168727, 1636468168899, 172, 0, 172, 0, 0, 0
3130, 1, 1636468168799, 1636468168971, 172, 0, 172, 0, 0, 0
3131, 1, 1636468168807, 1636468168979, 172, 0, 172, 0, 0, 0
3132, 1, 1636468168819, 1636468168991, 172, 0, 172, 0, 0, 0
3133, 1, 1636468168891, 1636468169063, 172, 0, 172, 0, 0, 0
3134, 1, 1636468169147, 1636468169319, 172, 0, 172, 0, 0, 0
3135, 1, 1636468169243, 1636468169415, 172, 0, 172, 0, 0, 0
3136, 1, 1636468169471, 1636468169643, 172, 0, 172, 0, 0, 0
3137, 1, 1636468169623, 1636468169799, 176, 0, 176, 0, 0, 0
3138, 1, 1636468169667, 1636468169839, 172, 0, 172, 0, 0, 0
3139, 1, 1636468169711, 1636468169895, 184, 0, 184, 0, 0, 0
3141, 1, 1636468169971, 1636468170143, 172, 0, 172, 0, 0, 0
3140, 1, 1636468169971, 1636468170143, 172, 0, 172, 0, 0, 0
3143, 1, 1636468170031, 1636468170203, 172, 0, 172, 0, 0, 0
3144, 1, 1636468170039, 1636468170215, 176, 0, 176, 0, 0, 0
3142, 1, 1636468170071, 1636468170243, 172, 0, 172, 0, 0, 0
3146, 1, 1636468170367, 1636468170543, 176, 0, 176, 0, 0, 0
3147, 1, 1636468170415, 1636468170591, 176, 0, 176, 0, 0, 0
3145, 1, 1636468170419, 1636468170591, 172, 0, 172, 0, 0, 0
3148, 1, 1636468170583, 1636468170755, 172, 0, 172, 0, 0, 0
3150, 1, 1636468170719, 1636468170891, 172, 0, 172, 0, 0, 0
3149, 1, 1636468170767, 1636468170939, 172, 0, 172, 0, 0, 0
3153, 1, 1636468170951, 1636468171123, 172, 0, 172, 0, 0, 0
3154, 1, 1636468171007, 1636468171179, 172, 0, 172, 0, 0, 0
3155, 1, 1636468171359, 1636468171531, 172, 0, 172, 0, 0, 0
3157, 1, 1636468171551, 1636468171723, 172, 0, 172, 0, 0, 0
3159, 1, 1636468171623, 1636468171795, 172, 0, 172, 0, 0, 0
3162, 1, 1636468171899, 1636468172071, 172, 0, 172, 0, 0, 0
3160, 1, 1636468171899, 1636468172071, 172, 0, 172, 0, 0, 0
3161, 1, 1636468171971, 1636468172143, 172, 0, 172, 0, 0, 0
3165, 1, 1636468172091, 1636468172263, 172, 0, 172, 0, 0, 0
3166, 1, 1636468172283, 1636468172455, 172, 0, 172, 0, 0, 0
3167, 1, 1636468172499, 1636468172671, 172, 0, 172, 0, 0, 0
3169, 1, 1636468172635, 1636468172807, 172, 0, 172, 0, 0, 0
3170, 1, 1636468172671, 1636468172843, 172, 0, 172, 0, 0, 0
3171, 1, 1636468172963, 1636468173139, 176, 0, 176, 0, 0, 0
3172, 1, 1636468172971, 1636468173143, 172, 0, 172, 0, 0, 0
3173, 1, 1636468173315, 1636468173487, 172, 0, 172, 0, 0, 0
3174, 1, 1636468173379, 1636468173551, 172, 0, 172, 0, 0, 0
3175, 1, 1636468173383, 1636468173555, 172, 0, 172, 0, 0, 0
3176, 1, 1636468173491, 1636468173667, 176, 0, 176, 0, 0, 0
3177, 1, 1636468173663, 1636468173835, 172, 0, 172, 0, 0, 0
3178, 1, 1636468173779, 1636468173951, 172, 0, 172, 0, 0, 0
3180, 1, 1636468173827, 1636468173999, 172, 0, 172, 0, 0, 0
3179, 1, 1636468173839, 1636468174015, 176, 0, 176, 0, 0, 0
3182, 1, 1636468173975, 1636468174147, 172, 0, 172, 0, 0, 0
3181, 1, 1636468174007, 1636468174179, 172, 0, 172, 0, 0, 0
3183, 1, 1636468174043, 1636468174215, 172, 0, 172, 0, 0, 0
3168, 1, 1636468174091, 1636468174263, 172, 0, 172, 0, 0, 0
3184, 1, 1636468174247, 1636468174419, 172, 0, 172, 0, 0, 0
3185, 1, 1636468174343, 1636468174515, 172, 0, 172, 0, 0, 0
3186, 1, 1636468174355, 1636468174527, 172, 0, 172, 0, 0, 0
3187, 1, 1636468174455, 1636468174627, 172, 0, 172, 0, 0, 0
3188, 1, 1636468174595, 1636468174767, 172, 0, 172, 0, 0, 0
3189, 1, 1636468174595, 1636468174767, 172, 0, 172, 0, 0, 0
3190, 1, 1636468174763, 1636468174935, 172, 0, 172, 0, 0, 0
3191, 1, 1636468174823, 1636468174995, 172, 0, 172, 0, 0, 0
3192, 1, 1636468174919, 1636468175091, 172, 0, 172, 0, 0, 0
3193, 1, 1636468175175, 1636468175347, 172, 0, 172, 0, 0, 0
3194, 1, 1636468175327, 1636468175499, 172, 0, 172, 0, 0, 0
3195, 1, 1636468175367, 1636468175539, 172, 0, 172, 0, 0, 0
3196, 1, 1636468175571, 1636468175747, 176, 0, 176, 0, 0, 0
3197, 1, 1636468175583, 1636468175759, 176, 0, 176, 0, 0, 0
3198, 1, 1636468175751, 1636468175923, 172, 0, 172, 0, 0, 0
3201, 1, 1636468175911, 1636468176083, 172, 0, 172, 0, 0, 0
3199, 1, 1636468175919, 1636468176091, 172, 0, 172, 0, 0, 0
3202, 1, 1636468175919, 1636468176091, 172, 0, 172, 0, 0, 0
3200, 1, 1636468175931, 1636468176103, 172, 0, 172, 0, 0, 0
3203, 1, 1636468175947, 1636468176119, 172, 0, 172, 0, 0, 0
3204, 1, 1636468176275, 1636468176447, 172, 0, 172, 0, 0, 0
3205, 1, 1636468176287, 1636468176459, 172, 0, 172, 0, 0, 0
3206, 1, 1636468176315, 1636468176491, 176, 0, 176, 0, 0, 0
3207, 1, 1636468176323, 1636468176495, 172, 0, 172, 0, 0, 0
3208, 1, 1636468176639, 1636468176811, 172, 0, 172, 0, 0, 0
3209, 1, 1636468176715, 1636468176887, 172, 0, 172, 0, 0, 0
3210, 1, 1636468176735, 1636468176907, 172, 0, 172, 0, 0, 0
3211, 1, 1636468176847, 1636468177019, 172, 0, 172, 0, 0, 0
3212, 1, 1636468176955, 1636468177127, 172, 0, 172, 0, 0, 0
3213, 1, 1636468177299, 1636468177471, 172, 0, 172, 0, 0, 0
3214, 1, 1636468177311, 1636468177483, 172, 0, 172, 0, 0, 0
3215, 1, 1636468177443, 1636468177615, 172, 0, 172, 0, 0, 0
3216, 1, 1636468177467, 1636468177639, 172, 0, 172, 0, 0, 0
3217, 1, 1636468177475, 1636468177647, 172, 0, 172, 0, 0, 0
3219, 1, 1636468177807, 1636468177979, 172, 0, 172, 0, 0, 0
3218, 1, 1636468177815, 1636468177987, 172, 0, 172, 0, 0, 0
3220, 1, 1636468177843, 1636468178015, 172, 0, 172, 0, 0, 0
3221, 1, 1636468177859, 1636468178031, 172, 0, 172, 0, 0, 0
3222, 1, 1636468177895, 1636468178067, 172, 0, 172, 0, 0, 0
3223, 1, 1636468177995, 1636468178167, 172, 0, 172, 0, 0, 0
3224, 1, 1636468178187, 1636468178359, 172, 0, 172, 0, 0, 0
3225, 1, 1636468178195, 1636468178367, 172, 0, 172, 0, 0, 0
3226, 1, 1636468178331, 1636468178503, 172, 0, 172, 0, 0, 0
3227, 1, 1636468178403, 1636468178575, 172, 0, 172, 0, 0, 0
3228, 1, 1636468178539, 1636468178711, 172, 0, 172, 0, 0, 0
3229, 1, 1636468178671, 1636468178843, 172, 0, 172, 0, 0, 0
3230, 1, 1636468178839, 1636468179011, 172, 0, 172, 0, 0, 0
3231, 1, 1636468178867, 1636468179039, 172, 0, 172, 0, 0, 0
3232, 1, 1636468178875, 1636468179047, 172, 0, 172, 0, 0, 0
3233, 1, 1636468179175, 1636468179347, 172, 0, 172, 0, 0, 0
3234, 1, 1636468179219, 1636468179391, 172, 0, 172, 0, 0, 0
3235, 1, 1636468179391, 1636468179563, 172, 0, 172, 0, 0, 0
3236, 1, 1636468179399, 1636468179575, 176, 0, 176, 0, 0, 0
3237, 1, 1636468179527, 1636468179699, 172, 0, 172, 0, 0, 0
3238, 1, 1636468179751, 1636468179923, 172, 0, 172, 0, 0, 0
3239, 1, 1636468179759, 1636468179935, 176, 0, 176, 0, 0, 0
3240, 1, 1636468179779, 1636468179951, 172, 0, 172, 0, 0, 0
3241, 1, 1636468179783, 1636468179955, 172, 0, 172, 0, 0, 0
3242, 1, 1636468179887, 1636468180059, 172, 0, 172, 0, 0, 0
3243, 1, 1636468179891, 1636468180063, 172, 0, 172, 0, 0, 0
3244, 1, 1636468180131, 1636468180303, 172, 0, 172, 0, 0, 0
3245, 1, 1636468180215, 1636468180387, 172, 0, 172, 0, 0, 0
3246, 1, 1636468180295, 1636468180467, 172, 0, 172, 0, 0, 0
3247, 1, 1636468180315, 1636468180487, 172, 0, 172, 0, 0, 0
3248, 1, 1636468180567, 1636468180743, 176, 0, 176, 0, 0, 0
3249, 1, 1636468180587, 1636468180767, 180, 0, 180, 0, 0, 0
3250, 1, 1636468180755, 1636468180927, 172, 0, 172, 0, 0, 0
3251, 1, 1636468180767, 1636468180939, 172, 0, 172, 0, 0, 0
3252, 1, 1636468180919, 1636468181091, 172, 0, 172, 0, 0, 0
3253, 1, 1636468181155, 1636468181327, 172, 0, 172, 0, 0, 0
3254, 1, 1636468181259, 1636468181431, 172, 0, 172, 0, 0, 0
3255, 1, 1636468181271, 1636468181443, 172, 0, 172, 0, 0, 0
3256, 1, 1636468181423, 1636468181595, 172, 0, 172, 0, 0, 0
3257, 1, 1636468181443, 1636468181615, 172, 0, 172, 0, 0, 0
3258, 1, 1636468181643, 1636468181819, 176, 0, 176, 0, 0, 0
3260, 1, 1636468181783, 1636468181955, 172, 0, 172, 0, 0, 0
3259, 1, 1636468181791, 1636468181963, 172, 0, 172, 0, 0, 0
3261, 1, 1636468181823, 1636468181995, 172, 0, 172, 0, 0, 0
3262, 1, 1636468181847, 1636468182019, 172, 0, 172, 0, 0, 0
3263, 1, 1636468181887, 1636468182059, 172, 0, 172, 0, 0, 0
3264, 1, 1636468182139, 1636468182311, 172, 0, 172, 0, 0, 0
3265, 1, 1636468182183, 1636468182355, 172, 0, 172, 0, 0, 0
3267, 1, 1636468182231, 1636468182407, 176, 0, 176, 0, 0, 0
3266, 1, 1636468182231, 1636468182407, 176, 0, 176, 0, 0, 0
3268, 1, 1636468182487, 1636468182659, 172, 0, 172, 0, 0, 0
3269, 1, 1636468182627, 1636468182799, 172, 0, 172, 0, 0, 0
3270, 1, 1636468182675, 1636468182847, 172, 0, 172, 0, 0, 0
3271, 1, 1636468182799, 1636468182971, 172, 0, 172, 0, 0, 0
3272, 1, 1636468182915, 1636468183087, 172, 0, 172, 0, 0, 0
3273, 1, 1636468183203, 1636468183375, 172, 0, 172, 0, 0, 0
3274, 1, 1636468183351, 1636468183523, 172, 0, 172, 0, 0, 0
3275, 1, 1636468183355, 1636468183527, 172, 0, 172, 0, 0, 0
3276, 1, 1636468183395, 1636468183571, 176, 0, 176, 0, 0, 0
3277, 1, 1636468183467, 1636468183639, 172, 0, 172, 0, 0, 0
3278, 1, 1636468183719, 1636468183895, 176, 0, 176, 0, 0, 0
3280, 1, 1636468183739, 1636468183911, 172, 0, 172, 0, 0, 0
3279, 1, 1636468183739, 1636468183911, 172, 0, 172, 0, 0, 0
3281, 1, 1636468183819, 1636468183991, 172, 0, 172, 0, 0, 0
3282, 1, 1636468183863, 1636468184035, 172, 0, 172, 0, 0, 0
3283, 1, 1636468184011, 1636468184183, 172, 0, 172, 0, 0, 0
3284, 1, 1636468184023, 1636468184195, 172, 0, 172, 0, 0, 0
3286, 1, 1636468184271, 1636468184443, 172, 0, 172, 0, 0, 0
3287, 1, 1636468184275, 1636468184451, 176, 0, 176, 0, 0, 0
3285, 1, 1636468184359, 1636468184531, 172, 0, 172, 0, 0, 0
3288, 1, 1636468184375, 1636468184547, 172, 0, 172, 0, 0, 0
3289, 1, 1636468184567, 1636468184747, 180, 0, 180, 0, 0, 0
3290, 1, 1636468184719, 1636468184891, 172, 0, 172, 0, 0, 0
3291, 1, 1636468184823, 1636468184995, 172, 0, 172, 0, 0, 0
3292, 1, 1636468184831, 1636468185003, 172, 0, 172, 0, 0, 0
3293, 1, 1636468185227, 1636468185399, 172, 0, 172, 0, 0, 0
3294, 1, 1636468185395, 1636468185571, 176, 0, 176, 0, 0, 0
3295, 1, 1636468185403, 1636468185575, 172, 0, 172, 0, 0, 0
3296, 1, 1636468185479, 1636468185651, 172, 0, 172, 0, 0, 0
3297, 1, 1636468185591, 1636468185763, 172, 0, 172, 0, 0, 0
3298, 1, 1636468185679, 1636468185851, 172, 0, 172, 0, 0, 0
3299, 1, 1636468185759, 1636468185935, 176, 0, 176, 0, 0, 0
3301, 1, 1636468185863, 1636468186035, 172, 0, 172, 0, 0, 0
3302, 1, 1636468185887, 1636468186059, 172, 0, 172, 0, 0, 0
3300, 1, 1636468185939, 1636468186111, 172, 0, 172, 0, 0, 0
3303, 1, 1636468186007, 1636468186179, 172, 0, 172, 0, 0, 0
3304, 1, 1636468186135, 1636468186307, 172, 0, 172, 0, 0, 0
3306, 1, 1636468186299, 1636468186471, 172, 0, 172, 0, 0, 0
3307, 1, 1636468186351, 1636468186523, 172, 0, 172, 0, 0, 0
3305, 1, 1636468186355, 1636468186531, 176, 0, 176, 0, 0, 0
3308, 1, 1636468186479, 1636468186651, 172, 0, 172, 0, 0, 0
3309, 1, 1636468186503, 1636468186675, 172, 0, 172, 0, 0, 0
3310, 1, 1636468186791, 1636468186963, 172, 0, 172, 0, 0, 0
3311, 1, 1636468186847, 1636468187019, 172, 0, 172, 0, 0, 0
3312, 1, 1636468186943, 1636468187115, 172, 0, 172, 0, 0, 0
3313, 1, 1636468187323, 1636468187495, 172, 0, 172, 0, 0, 0
3314, 1, 1636468187339, 1636468187511, 172, 0, 172, 0, 0, 0
3315, 1, 1636468187427, 1636468187599, 172, 0, 172, 0, 0, 0
3316, 1, 1636468187475, 1636468187647, 172, 0, 172, 0, 0, 0
3317, 1, 1636468187599, 1636468187771, 172, 0, 172, 0, 0, 0
3318, 1, 1636468187715, 1636468187887, 172, 0, 172, 0, 0, 0
3319, 1, 1636468187787, 1636468187959, 172, 0, 172, 0, 0, 0
3321, 1, 1636468187863, 1636468188035, 172, 0, 172, 0, 0, 0
3320, 1, 1636468187943, 1636468188115, 172, 0, 172, 0, 0, 0
3322, 1, 1636468187951, 1636468188123, 172, 0, 172, 0, 0, 0
3323, 1, 1636468187987, 1636468188159, 172, 0, 172, 0, 0, 0
3325, 1, 1636468188151, 1636468188323, 172, 0, 172, 0, 0, 0
3324, 1, 1636468188299, 1636468188471, 172, 0, 172, 0, 0, 0
3326, 1, 1636468188347, 1636468188523, 176, 0, 176, 0, 0, 0
3327, 1, 1636468188419, 1636468188595, 176, 0, 176, 0, 0, 0
3328, 1, 1636468188499, 1636468188671, 172, 0, 172, 0, 0, 0
3329, 1, 1636468188547, 1636468188719, 172, 0, 172, 0, 0, 0
3330, 1, 1636468188823, 1636468188999, 176, 0, 176, 0, 0, 0
3331, 1, 1636468188843, 1636468189015, 172, 0, 172, 0, 0, 0
3332, 1, 1636468188951, 1636468189123, 172, 0, 172, 0, 0, 0
3333, 1, 1636468189287, 1636468189459, 172, 0, 172, 0, 0, 0
3334, 1, 1636468189331, 1636468189503, 172, 0, 172, 0, 0, 0
3335, 1, 1636468189415, 1636468189587, 172, 0, 172, 0, 0, 0
3336, 1, 1636468189547, 1636468189719, 172, 0, 172, 0, 0, 0
3338, 1, 1636468189739, 1636468189915, 176, 0, 176, 0, 0, 0
3339, 1, 1636468189803, 1636468189975, 172, 0, 172, 0, 0, 0
3337, 1, 1636468189895, 1636468190067, 172, 0, 172, 0, 0, 0
3341, 1, 1636468189899, 1636468190071, 172, 0, 172, 0, 0, 0
3343, 1, 1636468189995, 1636468190167, 172, 0, 172, 0, 0, 0
3344, 1, 1636468190251, 1636468190423, 172, 0, 172, 0, 0, 0
3345, 1, 1636468190279, 1636468190451, 172, 0, 172, 0, 0, 0
3346, 1, 1636468190295, 1636468190467, 172, 0, 172, 0, 0, 0
3347, 1, 1636468190435, 1636468190607, 172, 0, 172, 0, 0, 0
3348, 1, 1636468190571, 1636468190743, 172, 0, 172, 0, 0, 0
3349, 1, 1636468190631, 1636468190803, 172, 0, 172, 0, 0, 0
3350, 1, 1636468190795, 1636468190967, 172, 0, 172, 0, 0, 0
3351, 1, 1636468190811, 1636468190987, 176, 0, 176, 0, 0, 0
3353, 1, 1636468191183, 1636468191359, 176, 0, 176, 0, 0, 0
3355, 1, 1636468191411, 1636468191583, 172, 0, 172, 0, 0, 0
3356, 1, 1636468191559, 1636468191731, 172, 0, 172, 0, 0, 0
3357, 1, 1636468191739, 1636468191911, 172, 0, 172, 0, 0, 0
3358, 1, 1636468191755, 1636468191927, 172, 0, 172, 0, 0, 0
3359, 1, 1636468191795, 1636468191971, 176, 0, 176, 0, 0, 0
3363, 1, 1636468192143, 1636468192315, 172, 0, 172, 0, 0, 0
3361, 1, 1636468192151, 1636468192323, 172, 0, 172, 0, 0, 0
3364, 1, 1636468192239, 1636468192411, 172, 0, 172, 0, 0, 0
3365, 1, 1636468192515, 1636468192687, 172, 0, 172, 0, 0, 0
3366, 1, 1636468192515, 1636468192687, 172, 0, 172, 0, 0, 0
3367, 1, 1636468192535, 1636468192711, 176, 0, 176, 0, 0, 0
3370, 1, 1636468192747, 1636468192919, 172, 0, 172, 0, 0, 0
3371, 1, 1636468192843, 1636468193015, 172, 0, 172, 0, 0, 0
3372, 1, 1636468193175, 1636468193347, 172, 0, 172, 0, 0, 0
3373, 1, 1636468193299, 1636468193471, 172, 0, 172, 0, 0, 0
3374, 1, 1636468193355, 1636468193527, 172, 0, 172, 0, 0, 0
3376, 1, 1636468193647, 1636468193819, 172, 0, 172, 0, 0, 0
3377, 1, 1636468193675, 1636468193847, 172, 0, 172, 0, 0, 0
3378, 1, 1636468193743, 1636468193915, 172, 0, 172, 0, 0, 0
3379, 1, 1636468193779, 1636468193951, 172, 0, 172, 0, 0, 0
3380, 1, 1636468194023, 1636468194195, 172, 0, 172, 0, 0, 0
3381, 1, 1636468194111, 1636468194283, 172, 0, 172, 0, 0, 0
3382, 1, 1636468194135, 1636468194307, 172, 0, 172, 0, 0, 0
3383, 1, 1636468194215, 1636468194387, 172, 0, 172, 0, 0, 0
3384, 1, 1636468194343, 1636468194515, 172, 0, 172, 0, 0, 0
3385, 1, 1636468194403, 1636468194575, 172, 0, 172, 0, 0, 0
3386, 1, 1636468194499, 1636468194671, 172, 0, 172, 0, 0, 0
3387, 1, 1636468194547, 1636468194719, 172, 0, 172, 0, 0, 0
3388, 1, 1636468194719, 1636468194891, 172, 0, 172, 0, 0, 0
3389, 1, 1636468194766, 1636468194939, 173, 1, 172, 0, 0, 0
3375, 1, 1636468194779, 1636468194951, 172, 0, 172, 0, 0, 0
3390, 1, 1636468194903, 1636468195075, 172, 0, 172, 0, 0, 0
3391, 1, 1636468195047, 1636468195219, 172, 0, 172, 0, 0, 0
3393, 1, 1636468195191, 1636468195363, 172, 0, 172, 0, 0, 0
3394, 1, 1636468195291, 1636468195463, 172, 0, 172, 0, 0, 0
3392, 1, 1636468195395, 1636468195571, 176, 0, 176, 0, 0, 0
3395, 1, 1636468195567, 1636468195739, 172, 0, 172, 0, 0, 0
3397, 1, 1636468195635, 1636468195807, 172, 0, 172, 0, 0, 0
3398, 1, 1636468195643, 1636468195815, 172, 0, 172, 0, 0, 0
3396, 1, 1636468195747, 1636468195919, 172, 0, 172, 0, 0, 0
3400, 1, 1636468195891, 1636468196063, 172, 0, 172, 0, 0, 0
3399, 1, 1636468196091, 1636468196263, 172, 0, 172, 0, 0, 0
3401, 1, 1636468196123, 1636468196295, 172, 0, 172, 0, 0, 0
3402, 1, 1636468196131, 1636468196303, 172, 0, 172, 0, 0, 0
3403, 1, 1636468196219, 1636468196391, 172, 0, 172, 0, 0, 0
3404, 1, 1636468196251, 1636468196423, 172, 0, 172, 0, 0, 0
3405, 1, 1636468196303, 1636468196475, 172, 0, 172, 0, 0, 0
3406, 1, 1636468196519, 1636468196695, 176, 0, 176, 0, 0, 0
3407, 1, 1636468196535, 1636468196707, 172, 0, 172, 0, 0, 0
3408, 1, 1636468196647, 1636468196819, 172, 0, 172, 0, 0, 0
3409, 1, 1636468196711, 1636468196883, 172, 0, 172, 0, 0, 0
3410, 1, 1636468196719, 1636468196891, 172, 0, 172, 0, 0, 0
3411, 1, 1636468197075, 1636468197247, 172, 0, 172, 0, 0, 0
3413, 1, 1636468197147, 1636468197319, 172, 0, 172, 0, 0, 0
3414, 1, 1636468197231, 1636468197403, 172, 0, 172, 0, 0, 0
3412, 1, 1636468197419, 1636468197591, 172, 0, 172, 0, 0, 0
3415, 1, 1636468197523, 1636468197695, 172, 0, 172, 0, 0, 0
3416, 1, 1636468197583, 1636468197755, 172, 0, 172, 0, 0, 0
3418, 1, 1636468197679, 1636468197851, 172, 0, 172, 0, 0, 0
3417, 1, 1636468197767, 1636468197939, 172, 0, 172, 0, 0, 0
3420, 1, 1636468197927, 1636468198099, 172, 0, 172, 0, 0, 0
3421, 1, 1636468198043, 1636468198215, 172, 0, 172, 0, 0, 0
3419, 1, 1636468198111, 1636468198283, 172, 0, 172, 0, 0, 0
3422, 1, 1636468198175, 1636468198347, 172, 0, 172, 0, 0, 0
3423, 1, 1636468198175, 1636468198347, 172, 0, 172, 0, 0, 0
3424, 1, 1636468198223, 1636468198395, 172, 0, 172, 0, 0, 0
3425, 1, 1636468198307, 1636468198479, 172, 0, 172, 0, 0, 0
3426, 1, 1636468198519, 1636468198691, 172, 0, 172, 0, 0, 0
3427, 1, 1636468198611, 1636468198783, 172, 0, 172, 0, 0, 0
3428, 1, 1636468198627, 1636468198799, 172, 0, 172, 0, 0, 0
3429, 1, 1636468198663, 1636468198835, 172, 0, 172, 0, 0, 0
3430, 1, 1636468198751, 1636468198923, 172, 0, 172, 0, 0, 0
3431, 1, 1636468199039, 1636468199215, 176, 0, 176, 0, 0, 0
3433, 1, 1636468199155, 1636468199327, 172, 0, 172, 0, 0, 0
3434, 1, 1636468199315, 1636468199487, 172, 0, 172, 0, 0, 0
3432, 1, 1636468199387, 1636468199559, 172, 0, 172, 0, 0, 0
3435, 1, 1636468199539, 1636468199711, 172, 0, 172, 0, 0, 0
3437, 1, 1636468199667, 1636468199843, 176, 0, 176, 0, 0, 0
3438, 1, 1636468199714, 1636468199887, 173, 1, 172, 0, 0, 0
3436, 1, 1636468199735, 1636468199907, 172, 0, 172, 0, 0, 0
3440, 1, 1636468199935, 1636468200107, 172, 0, 172, 0, 0, 0
3439, 1, 1636468200079, 1636468200251, 172, 0, 172, 0, 0, 0
3441, 1, 1636468200127, 1636468200299, 172, 0, 172, 0, 0, 0
3442, 1, 1636468200135, 1636468200307, 172, 0, 172, 0, 0, 0
3443, 1, 1636468200187, 1636468200359, 172, 0, 172, 0, 0, 0
3444, 1, 1636468200231, 1636468200403, 172, 0, 172, 0, 0, 0
3445, 1, 1636468200363, 1636468200535, 172, 0, 172, 0, 0, 0
3446, 1, 1636468200479, 1636468200651, 172, 0, 172, 0, 0, 0
3447, 1, 1636468200563, 1636468200735, 172, 0, 172, 0, 0, 0
3448, 1, 1636468200683, 1636468200863, 180, 0, 180, 0, 0, 0
3449, 1, 1636468200719, 1636468200891, 172, 0, 172, 0, 0, 0
3450, 1, 1636468200823, 1636468200995, 172, 0, 172, 0, 0, 0
3451, 1, 1636468201007, 1636468201179, 172, 0, 172, 0, 0, 0
3453, 1, 1636468201207, 1636468201379, 172, 0, 172, 0, 0, 0
3454, 1, 1636468201303, 1636468201475, 172, 0, 172, 0, 0, 0
3452, 1, 1636468201351, 1636468201523, 172, 0, 172, 0, 0, 0
3457, 1, 1636468201591, 1636468201763, 172, 0, 172, 0, 0, 0
3455, 1, 1636468201647, 1636468201819, 172, 0, 172, 0, 0, 0
3456, 1, 1636468201691, 1636468201863, 172, 0, 172, 0, 0, 0
3459, 1, 1636468201827, 1636468201999, 172, 0, 172, 0, 0, 0
3460, 1, 1636468201843, 1636468202015, 172, 0, 172, 0, 0, 0
3458, 1, 1636468202039, 1636468202211, 172, 0, 172, 0, 0, 0
3461, 1, 1636468202099, 1636468202271, 172, 0, 172, 0, 0, 0
3462, 1, 1636468202183, 1636468202355, 172, 0, 172, 0, 0, 0
3463, 1, 1636468202227, 1636468202399, 172, 0, 172, 0, 0, 0
3464, 1, 1636468202291, 1636468202463, 172, 0, 172, 0, 0, 0
3465, 1, 1636468202359, 1636468202531, 172, 0, 172, 0, 0, 0
3466, 1, 1636468202495, 1636468202667, 172, 0, 172, 0, 0, 0
3467, 1, 1636468202631, 1636468202803, 172, 0, 172, 0, 0, 0
3468, 1, 1636468202699, 1636468202871, 172, 0, 172, 0, 0, 0
3469, 1, 1636468202735, 1636468202911, 176, 0, 176, 0, 0, 0
3470, 1, 1636468202951, 1636468203123, 172, 0, 172, 0, 0, 0
3471, 1, 1636468202951, 1636468203123, 172, 0, 172, 0, 0, 0
3473, 1, 1636468203230, 1636468203403, 173, 0, 173, 0, 0, 0
3474, 1, 1636468203267, 1636468203439, 172, 0, 172, 0, 0, 0
3472, 1, 1636468203295, 1636468203467, 172, 0, 172, 0, 0, 0
3477, 1, 1636468203607, 1636468203779, 172, 0, 172, 0, 0, 0
3475, 1, 1636468203611, 1636468203786, 175, 0, 175, 0, 0, 0
3476, 1, 1636468203639, 1636468203811, 172, 0, 172, 0, 0, 0
3478, 1, 1636468203695, 1636468203866, 171, 0, 171, 0, 0, 0
3480, 1, 1636468203830, 1636468204003, 173, 0, 173, 0, 0, 0
3479, 1, 1636468203979, 1636468204155, 176, 0, 176, 0, 0, 0
3481, 1, 1636468204063, 1636468204235, 172, 0, 172, 0, 0, 0
3482, 1, 1636468204195, 1636468204367, 172, 0, 172, 0, 0, 0
3483, 1, 1636468204303, 1636468204475, 172, 0, 172, 0, 0, 0
3484, 1, 1636468204323, 1636468204495, 172, 0, 172, 0, 0, 0
3485, 1, 1636468204343, 1636468204515, 172, 0, 172, 0, 0, 0
3486, 1, 1636468204547, 1636468204719, 172, 0, 172, 0, 0, 0
3487, 1, 1636468204663, 1636468204835, 172, 0, 172, 0, 0, 0
3488, 1, 1636468204711, 1636468204883, 172, 0, 172, 0, 0, 0
3489, 1, 1636468204775, 1636468204947, 172, 0, 172, 0, 0, 0
3490, 1, 1636468204815, 1636468204987, 172, 0, 172, 0, 0, 0
3491, 1, 1636468204959, 1636468205131, 172, 0, 172, 0, 0, 0
3493, 1, 1636468205207, 1636468205379, 172, 0, 172, 0, 0, 0
3494, 1, 1636468205223, 1636468205395, 172, 0, 172, 0, 0, 0
3492, 1, 1636468205303, 1636468205475, 172, 0, 172, 0, 0, 0
3496, 1, 1636468205551, 1636468205727, 176, 0, 176, 0, 0, 0
3495, 1, 1636468205567, 1636468205739, 172, 0, 172, 0, 0, 0
3497, 1, 1636468205643, 1636468205815, 172, 0, 172, 0, 0, 0
3498, 1, 1636468205735, 1636468205907, 172, 0, 172, 0, 0, 0
3500, 1, 1636468205799, 1636468205975, 176, 0, 176, 0, 0, 0
3499, 1, 1636468205987, 1636468206163, 176, 0, 176, 0, 0, 0
3501, 1, 1636468206023, 1636468206195, 172, 0, 172, 0, 0, 0
3502, 1, 1636468206235, 1636468206407, 172, 0, 172, 0, 0, 0
3503, 1, 1636468206239, 1636468206411, 172, 0, 172, 0, 0, 0
3504, 1, 1636468206291, 1636468206463, 172, 0, 172, 0, 0, 0
3505, 1, 1636468206403, 1636468206575, 172, 0, 172, 0, 0, 0
3506, 1, 1636468206579, 1636468206751, 172, 0, 172, 0, 0, 0
3507, 1, 1636468206611, 1636468206783, 172, 0, 172, 0, 0, 0
3508, 1, 1636468206643, 1636468206815, 172, 0, 172, 0, 0, 0
3509, 1, 1636468206743, 1636468206915, 172, 0, 172, 0, 0, 0
3510, 1, 1636468206779, 1636468206951, 172, 0, 172, 0, 0, 0
3511, 1, 1636468207007, 1636468207179, 172, 0, 172, 0, 0, 0
3513, 1, 1636468207231, 1636468207403, 172, 0, 172, 0, 0, 0
3514, 1, 1636468207275, 1636468207447, 172, 0, 172, 0, 0, 0
3512, 1, 1636468207351, 1636468207523, 172, 0, 172, 0, 0, 0
3515, 1, 1636468207575, 1636468207747, 172, 0, 172, 0, 0, 0
3516, 1, 1636468207623, 1636468207795, 172, 0, 172, 0, 0, 0
3518, 1, 1636468207655, 1636468207827, 172, 0, 172, 0, 0, 0
3517, 1, 1636468207699, 1636468207871, 172, 0, 172, 0, 0, 0
3519, 1, 1636468207711, 1636468207887, 176, 0, 176, 0, 0, 0
3521, 1, 1636468208031, 1636468208203, 172, 0, 172, 0, 0, 0
3520, 1, 1636468208047, 1636468208227, 180, 0, 180, 0, 0, 0
3522, 1, 1636468208219, 1636468208391, 172, 0, 172, 0, 0, 0
3523, 1, 1636468208279, 1636468208455, 176, 0, 176, 0, 0, 0
3524, 1, 1636468208427, 1636468208599, 172, 0, 172, 0, 0, 0
3525, 1, 1636468208455, 1636468208627, 172, 0, 172, 0, 0, 0
3526, 1, 1636468208559, 1636468208735, 176, 0, 176, 0, 0, 0
3527, 1, 1636468208575, 1636468208747, 172, 0, 172, 0, 0, 0
3528, 1, 1636468208751, 1636468208927, 176, 0, 176, 0, 0, 0
3529, 1, 1636468208819, 1636468208995, 176, 0, 176, 0, 0, 0
3530, 1, 1636468208903, 1636468209075, 172, 0, 172, 0, 0, 0
3531, 1, 1636468209039, 1636468209211, 172, 0, 172, 0, 0, 0
3533, 1, 1636468209287, 1636468209459, 172, 0, 172, 0, 0, 0
3534, 1, 1636468209327, 1636468209499, 172, 0, 172, 0, 0, 0
3532, 1, 1636468209387, 1636468209559, 172, 0, 172, 0, 0, 0
3535, 1, 1636468209631, 1636468209803, 172, 0, 172, 0, 0, 0
3537, 1, 1636468209675, 1636468209847, 172, 0, 172, 0, 0, 0
3536, 1, 1636468209735, 1636468209911, 176, 0, 176, 0, 0, 0
3538, 1, 1636468209747, 1636468209919, 172, 0, 172, 0, 0, 0
3539, 1, 1636468209763, 1636468209935, 172, 0, 172, 0, 0, 0
3541, 1, 1636468210083, 1636468210255, 172, 0, 172, 0, 0, 0
3540, 1, 1636468210083, 1636468210255, 172, 0, 172, 0, 0, 0
3542, 1, 1636468210195, 1636468210367, 172, 0, 172, 0, 0, 0
3543, 1, 1636468210347, 1636468210519, 172, 0, 172, 0, 0, 0
3544, 1, 1636468210479, 1636468210651, 172, 0, 172, 0, 0, 0
3545, 1, 1636468210539, 1636468210711, 172, 0, 172, 0, 0, 0
3547, 1, 1636468210635, 1636468210807, 172, 0, 172, 0, 0, 0
3546, 1, 1636468210699, 1636468210875, 176, 0, 176, 0, 0, 0
3548, 1, 1636468210863, 1636468211039, 176, 0, 176, 0, 0, 0
3549, 1, 1636468210935, 1636468211107, 172, 0, 172, 0, 0, 0
3550, 1, 1636468210951, 1636468211123, 172, 0, 172, 0, 0, 0
3551, 1, 1636468210959, 1636468211131, 172, 0, 172, 0, 0, 0
3553, 1, 1636468211287, 1636468211463, 176, 0, 176, 0, 0, 0
3552, 1, 1636468211307, 1636468211479, 172, 0, 172, 0, 0, 0
3554, 1, 1636468211351, 1636468211523, 172, 0, 172, 0, 0, 0
3556, 1, 1636468211635, 1636468211807, 172, 0, 172, 0, 0, 0
3555, 1, 1636468211655, 1636468211827, 172, 0, 172, 0, 0, 0
3557, 1, 1636468211687, 1636468211859, 172, 0, 172, 0, 0, 0
3558, 1, 1636468211735, 1636468211907, 172, 0, 172, 0, 0, 0
3560, 1, 1636468211855, 1636468212027, 172, 0, 172, 0, 0, 0
3559, 1, 1636468212003, 1636468212175, 172, 0, 172, 0, 0, 0
3561, 1, 1636468212091, 1636468212263, 172, 0, 172, 0, 0, 0
3562, 1, 1636468212215, 1636468212387, 172, 0, 172, 0, 0, 0
3563, 1, 1636468212375, 1636468212551, 176, 0, 176, 0, 0, 0
3564, 1, 1636468212399, 1636468212571, 172, 0, 172, 0, 0, 0
3565, 1, 1636468212555, 1636468212731, 176, 0, 176, 0, 0, 0
3566, 1, 1636468212727, 1636468212903, 176, 0, 176, 0, 0, 0
3567, 1, 1636468212743, 1636468212915, 172, 0, 172, 0, 0, 0
3568, 1, 1636468212867, 1636468213039, 172, 0, 172, 0, 0, 0
3569, 1, 1636468212939, 1636468213111, 172, 0, 172, 0, 0, 0
3570, 1, 1636468212955, 1636468213127, 172, 0, 172, 0, 0, 0
3571, 1, 1636468213015, 1636468213187, 172, 0, 172, 0, 0, 0
3573, 1, 1636468213207, 1636468213379, 172, 0, 172, 0, 0, 0
3574, 1, 1636468213219, 1636468213391, 172, 0, 172, 0, 0, 0
3572, 1, 1636468213363, 1636468213535, 172, 0, 172, 0, 0, 0
3575, 1, 1636468213551, 1636468213727, 176, 0, 176, 0, 0, 0
3577, 1, 1636468213679, 1636468213851, 172, 0, 172, 0, 0, 0
3576, 1, 1636468213711, 1636468213883, 172, 0, 172, 0, 0, 0
3578, 1, 1636468213711, 1636468213883, 172, 0, 172, 0, 0, 0
3580, 1, 1636468213807, 1636468213983, 176, 0, 176, 0, 0, 0
3581, 1, 1636468214011, 1636468214183, 172, 0, 172, 0, 0, 0
3579, 1, 1636468214059, 1636468214231, 172, 0, 172, 0, 0, 0
3582, 1, 1636468214267, 1636468214439, 172, 0, 172, 0, 0, 0
3583, 1, 1636468214403, 1636468214575, 172, 0, 172, 0, 0, 0
3584, 1, 1636468214423, 1636468214599, 176, 0, 176, 0, 0, 0
3585, 1, 1636468214463, 1636468214635, 172, 0, 172, 0, 0, 0
3587, 1, 1636468214767, 1636468214939, 172, 0, 172, 0, 0, 0
3586, 1, 1636468214763, 1636468214939, 176, 0, 176, 0, 0, 0
3588, 1, 1636468214795, 1636468214967, 172, 0, 172, 0, 0, 0
3589, 1, 1636468214903, 1636468215075, 172, 0, 172, 0, 0, 0
3590, 1, 1636468215019, 1636468215191, 172, 0, 172, 0, 0, 0
3591, 1, 1636468215111, 1636468215283, 172, 0, 172, 0, 0, 0
3593, 1, 1636468215247, 1636468215419, 172, 0, 172, 0, 0, 0
3594, 1, 1636468215275, 1636468215447, 172, 0, 172, 0, 0, 0
3592, 1, 1636468215459, 1636468215631, 172, 0, 172, 0, 0, 0
3595, 1, 1636468215627, 1636468215799, 172, 0, 172, 0, 0, 0
3597, 1, 1636468215711, 1636468215883, 172, 0, 172, 0, 0, 0
3596, 1, 1636468215807, 1636468215979, 172, 0, 172, 0, 0, 0
3598, 1, 1636468215819, 1636468215991, 172, 0, 172, 0, 0, 0
3600, 1, 1636468215903, 1636468216075, 172, 0, 172, 0, 0, 0
3601, 1, 1636468216083, 1636468216255, 172, 0, 172, 0, 0, 0
3599, 1, 1636468216155, 1636468216327, 172, 0, 172, 0, 0, 0
3602, 1, 1636468216291, 1636468216463, 172, 0, 172, 0, 0, 0
3603, 1, 1636468216351, 1636468216523, 172, 0, 172, 0, 0, 0
3604, 1, 1636468216455, 1636468216627, 172, 0, 172, 0, 0, 0
3605, 1, 1636468216567, 1636468216743, 176, 0, 176, 0, 0, 0
3606, 1, 1636468216639, 1636468216811, 172, 0, 172, 0, 0, 0
3607, 1, 1636468216711, 1636468216883, 172, 0, 172, 0, 0, 0
3608, 1, 1636468216807, 1636468216979, 172, 0, 172, 0, 0, 0
3609, 1, 1636468216943, 1636468217115, 172, 0, 172, 0, 0, 0
3610, 1, 1636468217119, 1636468217291, 172, 0, 172, 0, 0, 0
3611, 1, 1636468217135, 1636468217307, 172, 0, 172, 0, 0, 0
3613, 1, 1636468217327, 1636468217503, 176, 0, 176, 0, 0, 0
3612, 1, 1636468217483, 1636468217655, 172, 0, 172, 0, 0, 0
3614, 1, 1636468217679, 1636468217851, 172, 0, 172, 0, 0, 0
3617, 1, 1636468217771, 1636468217947, 176, 0, 176, 0, 0, 0
3615, 1, 1636468217831, 1636468218003, 172, 0, 172, 0, 0, 0
3618, 1, 1636468218031, 1636468218203, 172, 0, 172, 0, 0, 0
3620, 1, 1636468218031, 1636468218203, 172, 0, 172, 0, 0, 0
3621, 1, 1636468218155, 1636468218327, 172, 0, 172, 0, 0, 0
3619, 1, 1636468218175, 1636468218347, 172, 0, 172, 0, 0, 0
3623, 1, 1636468218351, 1636468218523, 172, 0, 172, 0, 0, 0
3624, 1, 1636468218527, 1636468218699, 172, 0, 172, 0, 0, 0
3626, 1, 1636468218667, 1636468218839, 172, 0, 172, 0, 0, 0
3627, 1, 1636468218723, 1636468218895, 172, 0, 172, 0, 0, 0
3630, 1, 1636468219003, 1636468219175, 172, 0, 172, 0, 0, 0
3631, 1, 1636468219055, 1636468219227, 172, 0, 172, 0, 0, 0
3633, 1, 1636468219259, 1636468219431, 172, 0, 172, 0, 0, 0
3632, 1, 1636468219351, 1636468219523, 172, 0, 172, 0, 0, 0
3634, 1, 1636468219351, 1636468219523, 172, 0, 172, 0, 0, 0
3635, 1, 1636468219703, 1636468219875, 172, 0, 172, 0, 0, 0
3636, 1, 1636468219775, 1636468219947, 172, 0, 172, 0, 0, 0
3638, 1, 1636468219859, 1636468220031, 172, 0, 172, 0, 0, 0
3639, 1, 1636468219911, 1636468220083, 172, 0, 172, 0, 0, 0
3637, 1, 1636468220051, 1636468220223, 172, 0, 172, 0, 0, 0
3640, 1, 1636468220187, 1636468220359, 172, 0, 172, 0, 0, 0
3641, 1, 1636468220359, 1636468220539, 180, 0, 180, 0, 0, 0
3642, 1, 1636468220551, 1636468220723, 172, 0, 172, 0, 0, 0
3645, 1, 1636468220755, 1636468220927, 172, 0, 172, 0, 0, 0
3647, 1, 1636468220887, 1636468221059, 172, 0, 172, 0, 0, 0
3648, 1, 1636468220987, 1636468221159, 172, 0, 172, 0, 0, 0
3649, 1, 1636468221039, 1636468221211, 172, 0, 172, 0, 0, 0
3646, 1, 1636468221059, 1636468221231, 172, 0, 172, 0, 0, 0
3651, 1, 1636468221223, 1636468221395, 172, 0, 172, 0, 0, 0
3654, 1, 1636468221283, 1636468221455, 172, 0, 172, 0, 0, 0
3653, 1, 1636468221331, 1636468221507, 176, 0, 176, 0, 0, 0
3650, 1, 1636468221387, 1636468221559, 172, 0, 172, 0, 0, 0
3655, 1, 1636468221735, 1636468221907, 172, 0, 172, 0, 0, 0
3656, 1, 1636468221827, 1636468221999, 172, 0, 172, 0, 0, 0
3658, 1, 1636468221983, 1636468222155, 172, 0, 172, 0, 0, 0
3659, 1, 1636468221999, 1636468222175, 176, 0, 176, 0, 0, 0
3657, 1, 1636468222083, 1636468222255, 172, 0, 172, 0, 0, 0
3660, 1, 1636468222287, 1636468222459, 172, 0, 172, 0, 0, 0
3661, 1, 1636468222443, 1636468222619, 176, 0, 176, 0, 0, 0
3662, 1, 1636468222651, 1636468222823, 172, 0, 172, 0, 0, 0
3652, 1, 1636468222739, 1636468222911, 172, 0, 172, 0, 0, 0
3663, 1, 1636468222747, 1636468222927, 180, 0, 180, 0, 0, 0
3664, 1, 1636468222847, 1636468223019, 172, 0, 172, 0, 0, 0
3665, 1, 1636468222895, 1636468223067, 172, 0, 172, 0, 0, 0
3668, 1, 1636468223031, 1636468223203, 172, 0, 172, 0, 0, 0
3669, 1, 1636468223119, 1636468223291, 172, 0, 172, 0, 0, 0
3671, 1, 1636468223247, 1636468223419, 172, 0, 172, 0, 0, 0
3672, 1, 1636468223263, 1636468223439, 176, 0, 176, 0, 0, 0
3674, 1, 1636468223387, 1636468223559, 172, 0, 172, 0, 0, 0
3670, 1, 1636468223467, 1636468223639, 172, 0, 172, 0, 0, 0
3675, 1, 1636468223815, 1636468223987, 172, 0, 172, 0, 0, 0
3676, 1, 1636468223911, 1636468224087, 176, 0, 176, 0, 0, 0
3677, 1, 1636468223927, 1636468224099, 172, 0, 172, 0, 0, 0
3679, 1, 1636468223939, 1636468224111, 172, 0, 172, 0, 0, 0
3678, 1, 1636468224163, 1636468224339, 176, 0, 176, 0, 0, 0
3680, 1, 1636468224247, 1636468224419, 172, 0, 172, 0, 0, 0
3682, 1, 1636468224551, 1636468224723, 172, 0, 172, 0, 0, 0
3683, 1, 1636468224779, 1636468224951, 172, 0, 172, 0, 0, 0
3685, 1, 1636468224847, 1636468225019, 172, 0, 172, 0, 0, 0
3686, 1, 1636468225011, 1636468225187, 176, 0, 176, 0, 0, 0
3687, 1, 1636468225055, 1636468225227, 172, 0, 172, 0, 0, 0
3689, 1, 1636468225211, 1636468225383, 172, 0, 172, 0, 0, 0
3692, 1, 1636468225339, 1636468225511, 172, 0, 172, 0, 0, 0
3690, 1, 1636468225351, 1636468225523, 172, 0, 172, 0, 0, 0
3688, 1, 1636468225363, 1636468225535, 172, 0, 172, 0, 0, 0
3693, 1, 1636468225367, 1636468225539, 172, 0, 172, 0, 0, 0
3691, 1, 1636468225695, 1636468225867, 172, 0, 172, 0, 0, 0
3695, 1, 1636468225771, 1636468225943, 172, 0, 172, 0, 0, 0
3696, 1, 1636468225811, 1636468225983, 172, 0, 172, 0, 0, 0
3697, 1, 1636468225915, 1636468226087, 172, 0, 172, 0, 0, 0
3699, 1, 1636468225999, 1636468226175, 176, 0, 176, 0, 0, 0
3694, 1, 1636468226043, 1636468226215, 172, 0, 172, 0, 0, 0
3698, 1, 1636468226123, 1636468226295, 172, 0, 172, 0, 0, 0
3700, 1, 1636468226275, 1636468226447, 172, 0, 172, 0, 0, 0
3684, 1, 1636468226511, 1636468226682, 171, 0, 171, 0, 0, 0
3701, 1, 1636468226663, 1636468226835, 172, 0, 172, 0, 0, 0
3702, 1, 1636468226827, 1636468226999, 172, 0, 172, 0, 0, 0
3703, 1, 1636468226855, 1636468227027, 172, 0, 172, 0, 0, 0
3704, 1, 1636468226875, 1636468227047, 172, 0, 172, 0, 0, 0
3705, 1, 1636468227043, 1636468227223, 180, 0, 180, 0, 0, 0
3706, 1, 1636468227083, 1636468227255, 172, 0, 172, 0, 0, 0
3707, 1, 1636468227171, 1636468227343, 172, 0, 172, 0, 0, 0
3709, 1, 1636468227175, 1636468227347, 172, 0, 172, 0, 0, 0
3710, 1, 1636468227215, 1636468227387, 172, 0, 172, 0, 0, 0
3712, 1, 1636468227291, 1636468227463, 172, 0, 172, 0, 0, 0
3708, 1, 1636468227399, 1636468227570, 171, 0, 171, 0, 0, 0
3713, 1, 1636468227486, 1636468227659, 173, 1, 172, 0, 0, 0
3711, 1, 1636468227523, 1636468227695, 172, 0, 172, 0, 0, 0
3715, 1, 1636468227743, 1636468227919, 176, 0, 176, 0, 0, 0
3716, 1, 1636468227806, 1636468227979, 173, 1, 172, 0, 1, 1
3714, 1, 1636468227867, 1636468228043, 176, 0, 176, 0, 0, 0
3717, 1, 1636468227938, 1636468228111, 173, 1, 172, 0, 0, 0
3718, 1, 1636468227946, 1636468228123, 177, 1, 176, 1, 0, 1
3719, 1, 1636468228151, 1636468228323, 172, 0, 172, 0, 0, 0
3720, 1, 1636468228371, 1636468228543, 172, 0, 172, 0, 0, 0
3721, 1, 1636468228575, 1636468228751, 176, 0, 176, 0, 0, 0
3722, 1, 1636468228719, 1636468228891, 172, 0, 172, 0, 0, 0
3723, 1, 1636468228775, 1636468228951, 176, 0, 176, 0, 0, 0
3724, 1, 1636468228887, 1636468229059, 172, 0, 172, 0, 0, 0
3725, 1, 1636468229031, 1636468229203, 172, 0, 172, 0, 0, 0
3726, 1, 1636468229063, 1636468229235, 172, 0, 172, 0, 0, 0
3729, 1, 1636468229203, 1636468229375, 172, 0, 172, 0, 0, 0
3730, 1, 1636468229235, 1636468229406, 171, 0, 171, 0, 0, 0
3732, 1, 1636468229339, 1636468229510, 171, 0, 171, 0, 0, 0
3733, 1, 1636468229394, 1636468229566, 172, 1, 171, 0, 0, 0
3728, 1, 1636468229414, 1636468229590, 176, 1, 175, 0, 0, 0
3731, 1, 1636468229551, 1636468229726, 175, 0, 175, 0, 0, 0
3736, 1, 1636468229815, 1636468229987, 172, 0, 172, 0, 0, 0
3737, 1, 1636468229823, 1636468229995, 172, 0, 172, 0, 0, 0
3735, 1, 1636468229898, 1636468230071, 173, 1, 172, 0, 0, 0
3740, 1, 1636468230275, 1636468230447, 172, 0, 172, 0, 0, 0
3741, 1, 1636468230535, 1636468230707, 172, 0, 172, 0, 0, 0
3742, 1, 1636468230619, 1636468230795, 176, 0, 176, 0, 0, 0
3743, 1, 1636468230891, 1636468231063, 172, 0, 172, 0, 0, 0
3744, 1, 1636468230971, 1636468231143, 172, 0, 172, 0, 0, 0
3745, 1, 1636468231031, 1636468231203, 172, 0, 172, 0, 0, 0
3746, 1, 1636468231031, 1636468231203, 172, 0, 172, 0, 0, 0
3748, 1, 1636468231259, 1636468231435, 176, 0, 176, 0, 0, 0
3750, 1, 1636468231291, 1636468231463, 172, 0, 172, 0, 0, 0
3749, 1, 1636468231315, 1636468231487, 172, 0, 172, 0, 0, 0
3747, 1, 1636468231379, 1636468231551, 172, 0, 172, 0, 0, 0
3751, 1, 1636468231634, 1636468231811, 177, 1, 176, 0, 0, 0
3753, 1, 1636468231686, 1636468231859, 173, 1, 172, 0, 1, 1
3754, 1, 1636468231702, 1636468231879, 177, 1, 176, 0, 0, 0
3755, 1, 1636468231987, 1636468232163, 176, 0, 176, 0, 0, 0
3752, 1, 1636468232099, 1636468232275, 176, 0, 176, 0, 0, 0
3758, 1, 1636468232251, 1636468232423, 172, 0, 172, 0, 0, 0
3760, 1, 1636468232391, 1636468232563, 172, 0, 172, 0, 0, 0
3762, 1, 1636468232511, 1636468232687, 176, 0, 176, 0, 0, 0
3759, 1, 1636468232599, 1636468232771, 172, 0, 172, 0, 0, 0
3763, 1, 1636468232779, 1636468232959, 180, 0, 180, 0, 0, 0
3764, 1, 1636468232935, 1636468233107, 172, 0, 172, 0, 0, 0
3765, 1, 1636468233035, 1636468233207, 172, 0, 172, 0, 0, 0
3766, 1, 1636468233135, 1636468233307, 172, 0, 172, 0, 0, 0
3769, 1, 1636468233243, 1636468233415, 172, 0, 172, 0, 0, 0
3770, 1, 1636468233283, 1636468233459, 176, 0, 176, 0, 0, 0
3772, 1, 1636468233383, 1636468233559, 176, 0, 176, 0, 0, 0
3767, 1, 1636468233479, 1636468233655, 176, 0, 176, 0, 0, 0
3771, 1, 1636468233595, 1636468233767, 172, 0, 172, 0, 0, 0
3774, 1, 1636468233627, 1636468233803, 176, 0, 176, 0, 0, 0
3775, 1, 1636468233939, 1636468234114, 175, 0, 175, 0, 0, 0
3776, 1, 1636468234243, 1636468234419, 176, 0, 176, 0, 0, 0
3777, 1, 1636468234303, 1636468234479, 176, 0, 176, 0, 0, 0
3779, 1, 1636468234395, 1636468234571, 176, 0, 176, 0, 0, 0
3781, 1, 1636468234431, 1636468234603, 172, 0, 172, 0, 0, 0
3780, 1, 1636468234591, 1636468234763, 172, 0, 172, 0, 0, 0
3782, 1, 1636468234695, 1636468234867, 172, 0, 172, 0, 0, 0
3778, 1, 1636468234747, 1636468234923, 176, 0, 176, 0, 0, 0
3784, 1, 1636468234991, 1636468235163, 172, 0, 172, 0, 0, 0
3785, 1, 1636468235039, 1636468235215, 176, 0, 176, 0, 0, 0
3783, 1, 1636468235099, 1636468235271, 172, 0, 172, 0, 0, 0
3787, 1, 1636468235119, 1636468235291, 172, 0, 172, 0, 0, 0
3788, 1, 1636468235267, 1636468235443, 176, 0, 176, 0, 0, 0
3773, 1, 1636468235295, 1636468235467, 172, 0, 172, 0, 0, 0
3789, 1, 1636468235343, 1636468235515, 172, 0, 172, 0, 0, 0
3786, 1, 1636468235387, 1636468235559, 172, 0, 172, 0, 0, 0
3791, 1, 1636468235495, 1636468235667, 172, 0, 172, 0, 0, 0
3792, 1, 1636468235555, 1636468235727, 172, 0, 172, 0, 0, 0
3790, 1, 1636468235615, 1636468235791, 176, 0, 176, 0, 0, 0
3793, 1, 1636468235611, 1636468235791, 180, 0, 180, 0, 0, 0
3795, 1, 1636468235959, 1636468236135, 176, 0, 176, 0, 0, 0
3794, 1, 1636468235967, 1636468236139, 172, 0, 172, 0, 0, 0
3796, 1, 1636468236271, 1636468236443, 172, 0, 172, 0, 0, 0
3797, 1, 1636468236311, 1636468236487, 176, 0, 176, 0, 0, 0
3798, 1, 1636468236331, 1636468236507, 176, 0, 176, 0, 0, 0
3800, 1, 1636468236427, 1636468236599, 172, 0, 172, 0, 0, 0
3802, 1, 1636468236642, 1636468236819, 177, 1, 176, 0, 0, 0
3799, 1, 1636468236663, 1636468236835, 172, 0, 172, 0, 0, 0
3801, 1, 1636468236679, 1636468236851, 172, 0, 172, 0, 0, 0
3804, 1, 1636468237003, 1636468237175, 172, 0, 172, 0, 0, 0
3803, 1, 1636468237015, 1636468237187, 172, 0, 172, 0, 0, 0
3805, 1, 1636468237063, 1636468237235, 172, 0, 172, 0, 0, 0
3807, 1, 1636468237103, 1636468237275, 172, 0, 172, 0, 0, 0
3809, 1, 1636468237331, 1636468237507, 176, 0, 176, 0, 0, 0
3806, 1, 1636468237351, 1636468237527, 176, 0, 176, 0, 0, 0
3808, 1, 1636468237407, 1636468237579, 172, 0, 172, 0, 0, 0
3811, 1, 1636468237411, 1636468237583, 172, 0, 172, 0, 0, 0
3812, 1, 1636468237475, 1636468237647, 172, 0, 172, 0, 0, 0
3813, 1, 1636468237535, 1636468237707, 172, 0, 172, 0, 0, 0
3810, 1, 1636468237687, 1636468237859, 172, 0, 172, 0, 0, 0
3815, 1, 1636468237943, 1636468238115, 172, 0, 172, 0, 0, 0
3814, 1, 1636468238035, 1636468238207, 172, 0, 172, 0, 0, 0
3816, 1, 1636468238151, 1636468238327, 176, 0, 176, 0, 0, 0
3817, 1, 1636468238307, 1636468238479, 172, 0, 172, 0, 0, 0
3818, 1, 1636468238347, 1636468238519, 172, 0, 172, 0, 0, 0
3819, 1, 1636468238431, 1636468238603, 172, 0, 172, 0, 0, 0
3821, 1, 1636468238659, 1636468238835, 176, 0, 176, 0, 0, 0
3822, 1, 1636468238771, 1636468238943, 172, 0, 172, 0, 0, 0
3820, 1, 1636468238775, 1636468238951, 176, 0, 176, 0, 0, 0
3824, 1, 1636468238887, 1636468239059, 172, 0, 172, 0, 0, 0
3826, 1, 1636468239091, 1636468239263, 172, 0, 172, 0, 0, 0
3823, 1, 1636468239127, 1636468239303, 176, 0, 176, 0, 0, 0
3827, 1, 1636468239155, 1636468239331, 176, 0, 176, 0, 0, 0
3825, 1, 1636468239235, 1636468239407, 172, 0, 172, 0, 0, 0
3828, 1, 1636468239259, 1636468239431, 172, 0, 172, 0, 0, 0
3830, 1, 1636468239375, 1636468239547, 172, 0, 172, 0, 0, 0
3831, 1, 1636468239439, 1636468239611, 172, 0, 172, 0, 0, 0
3832, 1, 1636468239467, 1636468239643, 176, 0, 176, 0, 0, 0
3829, 1, 1636468239611, 1636468239783, 172, 1, 171, 0, 0, 0
3833, 1, 1636468239611, 1636468239783, 172, 0, 172, 0, 0, 0
3834, 1, 1636468239959, 1636468240131, 172, 0, 172, 0, 0, 0
3835, 1, 1636468240083, 1636468240255, 172, 0, 172, 0, 0, 0
3836, 1, 1636468240287, 1636468240459, 172, 0, 172, 0, 0, 0
3837, 1, 1636468240367, 1636468240539, 172, 0, 172, 0, 0, 0
3838, 1, 1636468240387, 1636468240559, 172, 0, 172, 0, 0, 0
3839, 1, 1636468240387, 1636468240559, 172, 0, 172, 0, 0, 0
3841, 1, 1636468240711, 1636468240883, 172, 0, 172, 0, 0, 0
3842, 1, 1636468240719, 1636468240891, 172, 0, 172, 0, 0, 0
3840, 1, 1636468240735, 1636468240907, 172, 0, 172, 0, 0, 0
3844, 1, 1636468241015, 1636468241187, 172, 0, 172, 0, 0, 0
3843, 1, 1636468241083, 1636468241255, 172, 0, 172, 0, 0, 0
3846, 1, 1636468241223, 1636468241395, 172, 0, 172, 0, 0, 0
3847, 1, 1636468241227, 1636468241399, 172, 0, 172, 0, 0, 0
3848, 1, 1636468241259, 1636468241431, 172, 0, 172, 0, 0, 0
3849, 1, 1636468241331, 1636468241507, 176, 0, 176, 0, 0, 0
3845, 1, 1636468241371, 1636468241547, 176, 0, 176, 0, 0, 0
3852, 1, 1636468241467, 1636468241639, 172, 0, 172, 0, 0, 0
3851, 1, 1636468241575, 1636468241751, 176, 0, 176, 0, 0, 0
3853, 1, 1636468241583, 1636468241759, 176, 0, 176, 0, 0, 0
3850, 1, 1636468241683, 1636468241855, 172, 0, 172, 0, 0, 0
3854, 1, 1636468242031, 1636468242203, 172, 0, 172, 0, 0, 0
3855, 1, 1636468242055, 1636468242227, 172, 0, 172, 0, 0, 0
3856, 1, 1636468242223, 1636468242395, 172, 0, 172, 0, 0, 0
3857, 1, 1636468242299, 1636468242471, 172, 0, 172, 0, 0, 0
3858, 1, 1636468242419, 1636468242591, 172, 0, 172, 0, 0, 0
3859, 1, 1636468242459, 1636468242631, 172, 0, 172, 0, 0, 0
3862, 1, 1636468242687, 1636468242859, 172, 0, 172, 0, 0, 0
3860, 1, 1636468242767, 1636468242943, 176, 0, 176, 0, 0, 0
3861, 1, 1636468242807, 1636468242979, 172, 0, 172, 0, 0, 0
3864, 1, 1636468242955, 1636468243127, 172, 0, 172, 0, 0, 0
3863, 1, 1636468243119, 1636468243291, 172, 0, 172, 0, 0, 0
3866, 1, 1636468243199, 1636468243371, 172, 0, 172, 0, 0, 0
3867, 1, 1636468243207, 1636468243379, 172, 0, 172, 0, 0, 0
3865, 1, 1636468243307, 1636468243479, 172, 0, 172, 0, 0, 0
3869, 1, 1636468243363, 1636468243535, 172, 0, 172, 0, 0, 0
3871, 1, 1636468243395, 1636468243567, 172, 0, 172, 0, 0, 0
3872, 1, 1636468243411, 1636468243583, 172, 0, 172, 0, 0, 0
3868, 1, 1636468243547, 1636468243719, 172, 0, 172, 0, 0, 0
3870, 1, 1636468243555, 1636468243727, 172, 0, 172, 0, 0, 0
3873, 1, 1636468243619, 1636468243791, 172, 0, 172, 0, 0, 0
3874, 1, 1636468243903, 1636468244079, 176, 0, 176, 0, 0, 0
3875, 1, 1636468244115, 1636468244287, 172, 0, 172, 0, 0, 0
3876, 1, 1636468244123, 1636468244295, 172, 0, 172, 0, 0, 0
3877, 1, 1636468244171, 1636468244347, 176, 0, 176, 0, 0, 0
3878, 1, 1636468244519, 1636468244691, 172, 0, 172, 0, 0, 0
3879, 1, 1636468244587, 1636468244759, 172, 0, 172, 0, 0, 0
3881, 1, 1636468244687, 1636468244859, 172, 0, 172, 0, 0, 0
3880, 1, 1636468244863, 1636468245035, 172, 0, 172, 0, 0, 0
3884, 1, 1636468244923, 1636468245095, 172, 0, 172, 0, 0, 0
3882, 1, 1636468244935, 1636468245107, 172, 0, 172, 0, 0, 0
3886, 1, 1636468245171, 1636468245343, 172, 0, 172, 0, 0, 0
3883, 1, 1636468245207, 1636468245379, 172, 0, 172, 0, 0, 0
3887, 1, 1636468245227, 1636468245403, 176, 0, 176, 0, 0, 0
3885, 1, 1636468245271, 1636468245443, 172, 0, 172, 0, 0, 0
3889, 1, 1636468245331, 1636468245503, 172, 0, 172, 0, 0, 0
3891, 1, 1636468245447, 1636468245619, 172, 0, 172, 0, 0, 0
3892, 1, 1636468245495, 1636468245667, 172, 0, 172, 0, 0, 0
3888, 1, 1636468245523, 1636468245695, 172, 0, 172, 0, 0, 0
3890, 1, 1636468245579, 1636468245751, 172, 0, 172, 0, 0, 0
3894, 1, 1636468245719, 1636468245891, 172, 0, 172, 0, 0, 0
3893, 1, 1636468245875, 1636468246051, 176, 0, 176, 0, 0, 0
3895, 1, 1636468246123, 1636468246295, 172, 0, 172, 0, 0, 0
3896, 1, 1636468246159, 1636468246331, 172, 0, 172, 0, 0, 0
3897, 1, 1636468246163, 1636468246339, 176, 0, 176, 0, 0, 0
3898, 1, 1636468246523, 1636468246695, 172, 0, 172, 0, 0, 0
3900, 1, 1636468246647, 1636468246819, 172, 0, 172, 0, 0, 0
3901, 1, 1636468246723, 1636468246895, 172, 0, 172, 0, 0, 0
3899, 1, 1636468246871, 1636468247043, 172, 0, 172, 0, 0, 0
3903, 1, 1636468246927, 1636468247099, 172, 0, 172, 0, 0, 0
3905, 1, 1636468247063, 1636468247239, 176, 0, 176, 0, 0, 0
3902, 1, 1636468247071, 1636468247243, 172, 0, 172, 0, 0, 0
3904, 1, 1636468247215, 1636468247387, 172, 0, 172, 0, 0, 0
3906, 1, 1636468247275, 1636468247447, 172, 0, 172, 0, 0, 0
3908, 1, 1636468247299, 1636468247471, 172, 0, 172, 0, 0, 0
3909, 1, 1636468247327, 1636468247499, 172, 0, 172, 0, 0, 0
3910, 1, 1636468247367, 1636468247539, 172, 0, 172, 0, 0, 0
3907, 1, 1636468247415, 1636468247587, 172, 0, 172, 0, 0, 0
3912, 1, 1636468247467, 1636468247639, 172, 0, 172, 0, 0, 0
3911, 1, 1636468247675, 1636468247847, 172, 0, 172, 0, 0, 0
3914, 1, 1636468247723, 1636468247895, 172, 0, 172, 0, 0, 0
3913, 1, 1636468247759, 1636468247931, 172, 0, 172, 0, 0, 0
3915, 1, 1636468248071, 1636468248243, 172, 0, 172, 0, 0, 0
3916, 1, 1636468248083, 1636468248255, 172, 0, 172, 0, 0, 0
3917, 1, 1636468248171, 1636468248343, 172, 0, 172, 0, 0, 0
3918, 1, 1636468248435, 1636468248607, 172, 0, 172, 0, 0, 0
3920, 1, 1636468248687, 1636468248859, 172, 0, 172, 0, 0, 0
3922, 1, 1636468248779, 1636468248951, 172, 0, 172, 0, 0, 0
3919, 1, 1636468248783, 1636468248955, 172, 0, 172, 0, 0, 0
3923, 1, 1636468248891, 1636468249063, 172, 0, 172, 0, 0, 0
3921, 1, 1636468249035, 1636468249207, 172, 0, 172, 0, 0, 0
3924, 1, 1636468249131, 1636468249303, 172, 0, 172, 0, 0, 0
3926, 1, 1636468249171, 1636468249343, 172, 0, 172, 0, 0, 0
3927, 1, 1636468249231, 1636468249403, 172, 0, 172, 0, 0, 0
3925, 1, 1636468249239, 1636468249411, 172, 0, 172, 0, 0, 0
3929, 1, 1636468249311, 1636468249483, 172, 0, 172, 0, 0, 0
3930, 1, 1636468249335, 1636468249507, 172, 0, 172, 0, 0, 0
3932, 1, 1636468249499, 1636468249671, 172, 0, 172, 0, 0, 0
3928, 1, 1636468249515, 1636468249687, 172, 0, 172, 0, 0, 0
3933, 1, 1636468249631, 1636468249803, 172, 0, 172, 0, 0, 0
3931, 1, 1636468249683, 1636468249855, 172, 0, 172, 0, 0, 0
3934, 1, 1636468249863, 1636468250035, 172, 0, 172, 0, 0, 0
3935, 1, 1636468250091, 1636468250263, 172, 0, 172, 0, 0, 0
3937, 1, 1636468250163, 1636468250335, 172, 0, 172, 0, 0, 0
3936, 1, 1636468250163, 1636468250335, 172, 0, 172, 0, 0, 0
3938, 1, 1636468250331, 1636468250503, 172, 0, 172, 0, 0, 0
3939, 1, 1636468250679, 1636468250851, 172, 0, 172, 0, 0, 0
3940, 1, 1636468250719, 1636468250891, 172, 0, 172, 0, 0, 0
3942, 1, 1636468250835, 1636468251007, 172, 0, 172, 0, 0, 0
3944, 1, 1636468250903, 1636468251079, 176, 0, 176, 0, 0, 0
3943, 1, 1636468251027, 1636468251199, 172, 0, 172, 0, 0, 0
3941, 1, 1636468251067, 1636468251239, 172, 0, 172, 0, 0, 0
3946, 1, 1636468251115, 1636468251287, 172, 0, 172, 0, 0, 0
3947, 1, 1636468251167, 1636468251339, 172, 0, 172, 0, 0, 0
3945, 1, 1636468251255, 1636468251427, 172, 0, 172, 0, 0, 0
3949, 1, 1636468251267, 1636468251439, 172, 0, 172, 0, 0, 0
3950, 1, 1636468251327, 1636468251499, 172, 0, 172, 0, 0, 0
3948, 1, 1636468251463, 1636468251635, 172, 0, 172, 0, 0, 0
3953, 1, 1636468251531, 1636468251703, 172, 0, 172, 0, 0, 0
3954, 1, 1636468251543, 1636468251715, 172, 0, 172, 0, 0, 0
3951, 1, 1636468251675, 1636468251851, 176, 0, 176, 0, 0, 0
3952, 1, 1636468251811, 1636468251983, 172, 0, 172, 0, 0, 0
3955, 1, 1636468252059, 1636468252231, 172, 0, 172, 0, 0, 0
3956, 1, 1636468252199, 1636468252371, 172, 0, 172, 0, 0, 0
3957, 1, 1636468252223, 1636468252395, 172, 0, 172, 0, 0, 0
3958, 1, 1636468252291, 1636468252463, 172, 0, 172, 0, 0, 0
3959, 1, 1636468252571, 1636468252743, 172, 0, 172, 0, 0, 0
3961, 1, 1636468252819, 1636468252991, 172, 0, 172, 0, 0, 0
3962, 1, 1636468252823, 1636468252995, 172, 0, 172, 0, 0, 0
3960, 1, 1636468252919, 1636468253091, 172, 0, 172, 0, 0, 0
3964, 1, 1636468252963, 1636468253135, 172, 0, 172, 0, 0, 0
3965, 1, 1636468253075, 1636468253247, 172, 0, 172, 0, 0, 0
3966, 1, 1636468253083, 1636468253255, 172, 0, 172, 0, 0, 0
3963, 1, 1636468253171, 1636468253343, 172, 0, 172, 0, 0, 0
3969, 1, 1636468253223, 1636468253395, 172, 0, 172, 0, 0, 0
3970, 1, 1636468253287, 1636468253459, 172, 0, 172, 0, 0, 0
3967, 1, 1636468253311, 1636468253483, 172, 0, 172, 0, 0, 0
3968, 1, 1636468253431, 1636468253603, 172, 0, 172, 0, 0, 0
3972, 1, 1636468253451, 1636468253623, 172, 0, 172, 0, 0, 0
3974, 1, 1636468253551, 1636468253723, 172, 0, 172, 0, 0, 0
3971, 1, 1636468253567, 1636468253739, 172, 0, 172, 0, 0, 0
3973, 1, 1636468253779, 1636468253951, 172, 0, 172, 0, 0, 0
3975, 1, 1636468253979, 1636468254151, 172, 0, 172, 0, 0, 0
3976, 1, 1636468254103, 1636468254279, 176, 0, 176, 0, 0, 0
3977, 1, 1636468254183, 1636468254355, 172, 0, 172, 0, 0, 0
3978, 1, 1636468254211, 1636468254383, 172, 0, 172, 0, 0, 0
3979, 1, 1636468254455, 1636468254627, 172, 0, 172, 0, 0, 0
3980, 1, 1636468254799, 1636468254971, 172, 0, 172, 0, 0, 0
3981, 1, 1636468254831, 1636468255003, 172, 0, 172, 0, 0, 0
3982, 1, 1636468254947, 1636468255119, 172, 0, 172, 0, 0, 0
3983, 1, 1636468254959, 1636468255135, 176, 0, 176, 0, 0, 0
3986, 1, 1636468255083, 1636468255255, 172, 0, 172, 0, 0, 0
3987, 1, 1636468255111, 1636468255283, 172, 0, 172, 0, 0, 0
3988, 1, 1636468255159, 1636468255331, 172, 0, 172, 0, 0, 0
3984, 1, 1636468255179, 1636468255351, 172, 0, 172, 0, 0, 0
3985, 1, 1636468255295, 1636468255467, 172, 0, 172, 0, 0, 0
3990, 1, 1636468255323, 1636468255495, 172, 0, 172, 0, 0, 0
3992, 1, 1636468255391, 1636468255563, 172, 0, 172, 0, 0, 0
3989, 1, 1636468255431, 1636468255603, 172, 0, 172, 0, 0, 0
3991, 1, 1636468255459, 1636468255631, 172, 0, 172, 0, 0, 0
3993, 1, 1636468255539, 1636468255711, 172, 0, 172, 0, 0, 0
3994, 1, 1636468255779, 1636468255951, 172, 0, 172, 0, 0, 0
3995, 1, 1636468255851, 1636468256023, 172, 0, 172, 0, 0, 0
3996, 1, 1636468256171, 1636468256343, 172, 0, 172, 0, 0, 0
3997, 1, 1636468256207, 1636468256379, 172, 0, 172, 0, 0, 0
3998, 1, 1636468256255, 1636468256427, 172, 0, 172, 0, 0, 0
3999, 1, 1636468256555, 1636468256727, 172, 0, 172, 0, 0, 0
4001, 1, 1636468256819, 1636468256991, 172, 0, 172, 0, 0, 0
4000, 1, 1636468256903, 1636468257075, 172, 0, 172, 0, 0, 0
4003, 1, 1636468257055, 1636468257227, 172, 0, 172, 0, 0, 0
4004, 1, 1636468257075, 1636468257251, 176, 0, 176, 0, 0, 0
4005, 1, 1636468257083, 1636468257255, 172, 0, 172, 0, 0, 0
4007, 1, 1636468257115, 1636468257287, 172, 0, 172, 0, 0, 0
4002, 1, 1636468257167, 1636468257339, 172, 0, 172, 0, 0, 0
4009, 1, 1636468257207, 1636468257379, 172, 0, 172, 0, 0, 0
4010, 1, 1636468257275, 1636468257447, 172, 0, 172, 0, 0, 0
4012, 1, 1636468257403, 1636468257575, 172, 0, 172, 0, 0, 0
4008, 1, 1636468257403, 1636468257575, 172, 0, 172, 0, 0, 0
4006, 1, 1636468257427, 1636468257599, 172, 0, 172, 0, 0, 0
4013, 1, 1636468257439, 1636468257611, 172, 0, 172, 0, 0, 0
4011, 1, 1636468257463, 1636468257635, 172, 0, 172, 0, 0, 0
4014, 1, 1636468257751, 1636468257923, 172, 0, 172, 0, 0, 0
4015, 1, 1636468257935, 1636468258107, 172, 0, 172, 0, 0, 0
4016, 1, 1636468258051, 1636468258223, 172, 0, 172, 0, 0, 0
4017, 1, 1636468258155, 1636468258327, 172, 0, 172, 0, 0, 0
4019, 1, 1636468258371, 1636468258543, 172, 0, 172, 0, 0, 0
4018, 1, 1636468258499, 1636468258671, 172, 0, 172, 0, 0, 0
4021, 1, 1636468258715, 1636468258887, 172, 0, 172, 0, 0, 0
4020, 1, 1636468258847, 1636468259019, 172, 0, 172, 0, 0, 0
4023, 1, 1636468258983, 1636468259159, 176, 0, 176, 0, 0, 0
4024, 1, 1636468259067, 1636468259239, 172, 0, 172, 0, 0, 0
4022, 1, 1636468259063, 1636468259239, 176, 0, 176, 0, 0, 0
4025, 1, 1636468259131, 1636468259303, 172, 0, 172, 0, 0, 0
4026, 1, 1636468259139, 1636468259311, 172, 0, 172, 0, 0, 0
4027, 1, 1636468259199, 1636468259371, 172, 0, 172, 0, 0, 0
4030, 1, 1636468259275, 1636468259451, 176, 0, 176, 0, 0, 0
4032, 1, 1636468259355, 1636468259527, 172, 0, 172, 0, 0, 0
4029, 1, 1636468259415, 1636468259587, 172, 0, 172, 0, 0, 0
4028, 1, 1636468259479, 1636468259651, 172, 0, 172, 0, 0, 0
4031, 1, 1636468259543, 1636468259715, 172, 0, 172, 0, 0, 0
4034, 1, 1636468259759, 1636468259931, 172, 0, 172, 0, 0, 0
4035, 1, 1636468259803, 1636468259979, 176, 0, 176, 0, 0, 0
4036, 1, 1636468260019, 1636468260191, 172, 0, 172, 0, 0, 0
4037, 1, 1636468260131, 1636468260303, 172, 0, 172, 0, 0, 0
4039, 1, 1636468260275, 1636468260447, 172, 0, 172, 0, 0, 0
4038, 1, 1636468260479, 1636468260651, 172, 0, 172, 0, 0, 0
4041, 1, 1636468260631, 1636468260803, 172, 0, 172, 0, 0, 0
4040, 1, 1636468260827, 1636468260999, 172, 0, 172, 0, 0, 0
4042, 1, 1636468260983, 1636468261155, 172, 0, 172, 0, 0, 0
4043, 1, 1636468261043, 1636468261215, 172, 0, 172, 0, 0, 0
4044, 1, 1636468261067, 1636468261239, 172, 0, 172, 0, 0, 0
4045, 1, 1636468261095, 1636468261267, 172, 0, 172, 0, 0, 0
4046, 1, 1636468261119, 1636468261291, 172, 0, 172, 0, 0, 0
4047, 1, 1636468261123, 1636468261295, 172, 0, 172, 0, 0, 0
4049, 1, 1636468261199, 1636468261375, 176, 0, 176, 0, 0, 0
4050, 1, 1636468261231, 1636468261403, 172, 0, 172, 0, 0, 0
4048, 1, 1636468261387, 1636468261563, 176, 0, 176, 0, 0, 0
4051, 1, 1636468261411, 1636468261587, 176, 0, 176, 0, 0, 0
4052, 1, 1636468261471, 1636468261647, 176, 0, 176, 0, 0, 0
4053, 1, 1636468261823, 1636468261995, 172, 0, 172, 0, 0, 0
4055, 1, 1636468261995, 1636468262167, 172, 0, 172, 0, 0, 0
4033, 1, 1636468262071, 1636468262243, 172, 0, 172, 0, 0, 0
4056, 1, 1636468262191, 1636468262363, 172, 0, 172, 0, 0, 0
4058, 1, 1636468262411, 1636468262583, 172, 0, 172, 0, 0, 0
4054, 1, 1636468262419, 1636468262591, 172, 0, 172, 0, 0, 0
4059, 1, 1636468262507, 1636468262679, 172, 0, 172, 0, 0, 0
4057, 1, 1636468262539, 1636468262711, 172, 0, 172, 0, 0, 0
4062, 1, 1636468262759, 1636468262935, 176, 0, 176, 0, 0, 0
4061, 1, 1636468262851, 1636468263023, 172, 0, 172, 0, 0, 0
4060, 1, 1636468262887, 1636468263059, 172, 0, 172, 0, 0, 0
4063, 1, 1636468262991, 1636468263163, 172, 0, 172, 0, 0, 0
4064, 1, 1636468263003, 1636468263175, 172, 0, 172, 0, 0, 0
4065, 1, 1636468263055, 1636468263227, 172, 0, 172, 0, 0, 0
4066, 1, 1636468263115, 1636468263287, 172, 0, 172, 0, 0, 0
4068, 1, 1636468263175, 1636468263347, 172, 0, 172, 0, 0, 0
4070, 1, 1636468263263, 1636468263435, 172, 0, 172, 0, 0, 0
4067, 1, 1636468263339, 1636468263511, 172, 0, 172, 0, 0, 0
4072, 1, 1636468263363, 1636468263535, 172, 0, 172, 0, 0, 0
4071, 1, 1636468263463, 1636468263635, 172, 0, 172, 0, 0, 0
4069, 1, 1636468263523, 1636468263695, 172, 0, 172, 0, 0, 0
4074, 1, 1636468263763, 1636468263935, 172, 0, 172, 0, 0, 0
4073, 1, 1636468263811, 1636468263983, 172, 0, 172, 0, 0, 0
4075, 1, 1636468264123, 1636468264295, 172, 0, 172, 0, 0, 0
4076, 1, 1636468264143, 1636468264315, 172, 0, 172, 0, 0, 0
4078, 1, 1636468264351, 1636468264523, 172, 0, 172, 0, 0, 0
4077, 1, 1636468264495, 1636468264667, 172, 0, 172, 0, 0, 0
4079, 1, 1636468264595, 1636468264767, 172, 0, 172, 0, 0, 0
4081, 1, 1636468264639, 1636468264811, 172, 0, 172, 0, 0, 0
4080, 1, 1636468264843, 1636468265015, 172, 0, 172, 0, 0, 0
4083, 1, 1636468264967, 1636468265139, 172, 0, 172, 0, 0, 0
4082, 1, 1636468264987, 1636468265163, 176, 0, 176, 0, 0, 0
4084, 1, 1636468265051, 1636468265223, 172, 0, 172, 0, 0, 0
4085, 1, 1636468265115, 1636468265287, 172, 0, 172, 0, 0, 0
4087, 1, 1636468265167, 1636468265339, 172, 0, 172, 0, 0, 0
4089, 1, 1636468265215, 1636468265387, 172, 0, 172, 0, 0, 0
4090, 1, 1636468265231, 1636468265407, 176, 0, 176, 0, 0, 0
4091, 1, 1636468265251, 1636468265423, 172, 0, 172, 0, 0, 0
4088, 1, 1636468265399, 1636468265571, 172, 0, 172, 0, 0, 0
4086, 1, 1636468265463, 1636468265635, 172, 0, 172, 0, 0, 0
4092, 1, 1636468265603, 1636468265775, 172, 0, 172, 0, 0, 0
4094, 1, 1636468265711, 1636468265883, 172, 0, 172, 0, 0, 0
4093, 1, 1636468265951, 1636468266123, 172, 0, 172, 0, 0, 0
4095, 1, 1636468266023, 1636468266195, 172, 0, 172, 0, 0, 0
4096, 1, 1636468266055, 1636468266227, 172, 0, 172, 0, 0, 0
4097, 1, 1636468266371, 1636468266543, 172, 0, 172, 0, 0, 0
4098, 1, 1636468266459, 1636468266631, 172, 0, 172, 0, 0, 0
4099, 1, 1636468266507, 1636468266679, 172, 0, 172, 0, 0, 0
4100, 1, 1636468266719, 1636468266895, 176, 0, 176, 0, 0, 0
4102, 1, 1636468266727, 1636468266899, 172, 0, 172, 0, 0, 0
4101, 1, 1636468266855, 1636468267026, 171, 0, 171, 0, 0, 0
4103, 1, 1636468266947, 1636468267119, 172, 0, 172, 0, 0, 0
4104, 1, 1636468267006, 1636468267183, 177, 0, 177, 0, 0, 0
4105, 1, 1636468267091, 1636468267263, 172, 0, 172, 0, 0, 0
4107, 1, 1636468267159, 1636468267331, 172, 0, 172, 0, 0, 0
4108, 1, 1636468267203, 1636468267375, 172, 0, 172, 0, 0, 0
4110, 1, 1636468267267, 1636468267439, 172, 0, 172, 0, 0, 0
4111, 1, 1636468267311, 1636468267483, 172, 0, 172, 0, 0, 0
4106, 1, 1636468267359, 1636468267531, 172, 0, 172, 0, 0, 0
4109, 1, 1636468267551, 1636468267727, 176, 0, 176, 0, 0, 0
4113, 1, 1636468267591, 1636468267763, 172, 0, 172, 0, 0, 0
4112, 1, 1636468267659, 1636468267831, 172, 0, 172, 0, 0, 0
4115, 1, 1636468267915, 1636468268087, 172, 0, 172, 0, 0, 0
4114, 1, 1636468268011, 1636468268183, 172, 0, 172, 0, 0, 0
4116, 1, 1636468268155, 1636468268327, 172, 0, 172, 0, 0, 0
4117, 1, 1636468268263, 1636468268439, 176, 0, 176, 0, 0, 0
4118, 1, 1636468268435, 1636468268607, 172, 0, 172, 0, 0, 0
4120, 1, 1636468268559, 1636468268731, 172, 0, 172, 0, 0, 0
4121, 1, 1636468268599, 1636468268771, 172, 0, 172, 0, 0, 0
4119, 1, 1636468268611, 1636468268783, 172, 0, 172, 0, 0, 0
4122, 1, 1636468268783, 1636468268959, 176, 0, 176, 0, 0, 0
4123, 1, 1636468268887, 1636468269059, 172, 0, 172, 0, 0, 0
4124, 1, 1636468268983, 1636468269155, 172, 0, 172, 0, 0, 0
4126, 1, 1636468269079, 1636468269251, 172, 0, 172, 0, 0, 0
4127, 1, 1636468269183, 1636468269355, 172, 0, 172, 0, 0, 0
4128, 1, 1636468269219, 1636468269391, 172, 0, 172, 0, 0, 0
4129, 1, 1636468269223, 1636468269395, 172, 0, 172, 0, 0, 0
4125, 1, 1636468269235, 1636468269407, 172, 0, 172, 0, 0, 0
4130, 1, 1636468269291, 1636468269463, 172, 0, 172, 0, 0, 0
4133, 1, 1636468269479, 1636468269651, 172, 0, 172, 0, 0, 0
4132, 1, 1636468269567, 1636468269739, 172, 0, 172, 0, 0, 0
4131, 1, 1636468269639, 1636468269811, 172, 0, 172, 0, 0, 0
4134, 1, 1636468269911, 1636468270083, 172, 0, 172, 0, 0, 0
4135, 1, 1636468270047, 1636468270219, 172, 0, 172, 0, 0, 0
4136, 1, 1636468270199, 1636468270371, 172, 0, 172, 0, 0, 0
4137, 1, 1636468270391, 1636468270563, 172, 0, 172, 0, 0, 0
4138, 1, 1636468270479, 1636468270651, 172, 0, 172, 0, 0, 0
4139, 1, 1636468270487, 1636468270659, 172, 0, 172, 0, 0, 0
4140, 1, 1636468270523, 1636468270695, 172, 0, 172, 0, 0, 0
4141, 1, 1636468270739, 1636468270911, 172, 0, 172, 0, 0, 0
4143, 1, 1636468270775, 1636468270951, 176, 0, 176, 0, 0, 0
4142, 1, 1636468270839, 1636468271015, 176, 0, 176, 0, 0, 0
4144, 1, 1636468271007, 1636468271179, 172, 0, 172, 0, 0, 0
4146, 1, 1636468271123, 1636468271295, 172, 0, 172, 0, 0, 0
4145, 1, 1636468271123, 1636468271295, 172, 0, 172, 0, 0, 0
4147, 1, 1636468271175, 1636468271347, 172, 0, 172, 0, 0, 0
4148, 1, 1636468271211, 1636468271383, 172, 0, 172, 0, 0, 0
4150, 1, 1636468271271, 1636468271447, 176, 0, 176, 0, 0, 0
4151, 1, 1636468271363, 1636468271535, 172, 0, 172, 0, 0, 0
4153, 1, 1636468271519, 1636468271695, 176, 0, 176, 0, 0, 0
4149, 1, 1636468271559, 1636468271731, 172, 0, 172, 0, 0, 0
4152, 1, 1636468271711, 1636468271883, 172, 0, 172, 0, 0, 0
4154, 1, 1636468272059, 1636468272231, 172, 0, 172, 0, 0, 0
4155, 1, 1636468272107, 1636468272279, 172, 0, 172, 0, 0, 0
4156, 1, 1636468272163, 1636468272335, 172, 0, 172, 0, 0, 0
4158, 1, 1636468272439, 1636468272611, 172, 0, 172, 0, 0, 0
4157, 1, 1636468272515, 1636468272687, 172, 0, 172, 0, 0, 0
4159, 1, 1636468272567, 1636468272739, 172, 0, 172, 0, 0, 0
4160, 1, 1636468272583, 1636468272755, 172, 0, 172, 0, 0, 0
4161, 1, 1636468272783, 1636468272955, 172, 0, 172, 0, 0, 0
4162, 1, 1636468272867, 1636468273039, 172, 0, 172, 0, 0, 0
4163, 1, 1636468272911, 1636468273087, 176, 0, 176, 0, 0, 0
4164, 1, 1636468273079, 1636468273251, 172, 0, 172, 0, 0, 0
4165, 1, 1636468273131, 1636468273311, 180, 0, 180, 0, 0, 0
4167, 1, 1636468273219, 1636468273395, 176, 0, 176, 0, 0, 0
4166, 1, 1636468273267, 1636468273439, 172, 0, 172, 0, 0, 0
4168, 1, 1636468273283, 1636468273455, 172, 0, 172, 0, 0, 0
4169, 1, 1636468273303, 1636468273475, 172, 0, 172, 0, 0, 0
4170, 1, 1636468273303, 1636468273475, 172, 0, 172, 0, 0, 0
4173, 1, 1636468273611, 1636468273783, 172, 0, 172, 0, 0, 0
4172, 1, 1636468273627, 1636468273799, 172, 0, 172, 0, 0, 0
4171, 1, 1636468273655, 1636468273827, 172, 0, 172, 0, 0, 0
4174, 1, 1636468273979, 1636468274151, 172, 0, 172, 0, 0, 0
4175, 1, 1636468273987, 1636468274159, 172, 0, 172, 0, 0, 0
4176, 1, 1636468274211, 1636468274383, 172, 0, 172, 0, 0, 0
4177, 1, 1636468274395, 1636468274567, 172, 0, 172, 0, 0, 0
4179, 1, 1636468274535, 1636468274707, 172, 0, 172, 0, 0, 0
4178, 1, 1636468274559, 1636468274731, 172, 0, 172, 0, 0, 0
4181, 1, 1636468274587, 1636468274759, 172, 0, 172, 0, 0, 0
4180, 1, 1636468274739, 1636468274911, 172, 0, 172, 0, 0, 0
4182, 1, 1636468274903, 1636468275075, 172, 0, 172, 0, 0, 0
4183, 1, 1636468274999, 1636468275171, 172, 0, 172, 0, 0, 0
4184, 1, 1636468275023, 1636468275195, 172, 0, 172, 0, 0, 0
4185, 1, 1636468275119, 1636468275291, 172, 0, 172, 0, 0, 0
4187, 1, 1636468275275, 1636468275447, 172, 0, 172, 0, 0, 0
4188, 1, 1636468275295, 1636468275467, 172, 0, 172, 0, 0, 0
4189, 1, 1636468275331, 1636468275503, 172, 0, 172, 0, 0, 0
4186, 1, 1636468275347, 1636468275519, 172, 0, 172, 0, 0, 0
4191, 1, 1636468275379, 1636468275551, 172, 0, 172, 0, 0, 0
4190, 1, 1636468275683, 1636468275855, 172, 0, 172, 0, 0, 0
4193, 1, 1636468275687, 1636468275859, 172, 0, 172, 0, 0, 0
4192, 1, 1636468275727, 1636468275899, 172, 0, 172, 0, 0, 0
4195, 1, 1636468276063, 1636468276235, 172, 0, 172, 0, 0, 0
4194, 1, 1636468276071, 1636468276247, 176, 0, 176, 0, 0, 0
4196, 1, 1636468276187, 1636468276359, 172, 0, 172, 0, 0, 0
4197, 1, 1636468276319, 1636468276491, 172, 0, 172, 0, 0, 0
4199, 1, 1636468276415, 1636468276591, 176, 0, 176, 0, 0, 0
4201, 1, 1636468276519, 1636468276691, 172, 0, 172, 0, 0, 0
4198, 1, 1636468276535, 1636468276707, 172, 0, 172, 0, 0, 0
4200, 1, 1636468276667, 1636468276839, 172, 0, 172, 0, 0, 0
4202, 1, 1636468276883, 1636468277055, 172, 0, 172, 0, 0, 0
4203, 1, 1636468277027, 1636468277199, 172, 0, 172, 0, 0, 0
4204, 1, 1636468277079, 1636468277251, 172, 0, 172, 0, 0, 0
4205, 1, 1636468277159, 1636468277331, 172, 0, 172, 0, 0, 0
4206, 1, 1636468277255, 1636468277427, 172, 0, 172, 0, 0, 0
4207, 1, 1636468277259, 1636468277431, 172, 0, 172, 0, 0, 0
4208, 1, 1636468277279, 1636468277451, 172, 0, 172, 0, 0, 0
4209, 1, 1636468277423, 1636468277595, 172, 0, 172, 0, 0, 0
4211, 1, 1636468277443, 1636468277615, 172, 0, 172, 0, 0, 0
4210, 1, 1636468277607, 1636468277779, 172, 0, 172, 0, 0, 0
4213, 1, 1636468277663, 1636468277835, 172, 0, 172, 0, 0, 0
4212, 1, 1636468277791, 1636468277963, 172, 0, 172, 0, 0, 0
4215, 1, 1636468278039, 1636468278211, 172, 0, 172, 0, 0, 0
4214, 1, 1636468278143, 1636468278315, 172, 0, 172, 0, 0, 0
4216, 1, 1636468278207, 1636468278379, 172, 0, 172, 0, 0, 0
4217, 1, 1636468278311, 1636468278487, 176, 0, 176, 0, 0, 0
4219, 1, 1636468278459, 1636468278631, 172, 0, 172, 0, 0, 0
4220, 1, 1636468278499, 1636468278671, 172, 0, 172, 0, 0, 0
4218, 1, 1636468278555, 1636468278727, 172, 0, 172, 0, 0, 0
4221, 1, 1636468278807, 1636468278979, 172, 0, 172, 0, 0, 0
4222, 1, 1636468278903, 1636468279079, 176, 0, 176, 0, 0, 0
4223, 1, 1636468278907, 1636468279079, 172, 0, 172, 0, 0, 0
4224, 1, 1636468279051, 1636468279223, 172, 0, 172, 0, 0, 0
4226, 1, 1636468279247, 1636468279419, 172, 0, 172, 0, 0, 0
4227, 1, 1636468279255, 1636468279427, 172, 0, 172, 0, 0, 0
4228, 1, 1636468279271, 1636468279443, 172, 0, 172, 0, 0, 0
4230, 1, 1636468279355, 1636468279527, 172, 0, 172, 0, 0, 0
4231, 1, 1636468279391, 1636468279563, 172, 0, 172, 0, 0, 0
4225, 1, 1636468279395, 1636468279567, 172, 0, 172, 0, 0, 0
4229, 1, 1636468279591, 1636468279763, 172, 0, 172, 0, 0, 0
4232, 1, 1636468279703, 1636468279875, 172, 0, 172, 0, 0, 0
4234, 1, 1636468279739, 1636468279911, 172, 0, 172, 0, 0, 0
4235, 1, 1636468279943, 1636468280115, 172, 0, 172, 0, 0, 0
4233, 1, 1636468280051, 1636468280223, 172, 0, 172, 0, 0, 0
4236, 1, 1636468280199, 1636468280371, 172, 0, 172, 0, 0, 0
4238, 1, 1636468280423, 1636468280595, 172, 0, 172, 0, 0, 0
4239, 1, 1636468280547, 1636468280719, 172, 0, 172, 0, 0, 0
4237, 1, 1636468280547, 1636468280719, 172, 0, 172, 0, 0, 0
4242, 1, 1636468280611, 1636468280787, 176, 0, 176, 0, 0, 0
4240, 1, 1636468280895, 1636468281067, 172, 0, 172, 0, 0, 0
4241, 1, 1636468280895, 1636468281067, 172, 0, 172, 0, 0, 0
4243, 1, 1636468280983, 1636468281155, 172, 0, 172, 0, 0, 0
4244, 1, 1636468281127, 1636468281303, 176, 0, 176, 0, 0, 0
4245, 1, 1636468281243, 1636468281415, 172, 0, 172, 0, 0, 0
4246, 1, 1636468281291, 1636468281463, 172, 0, 172, 0, 0, 0
4248, 1, 1636468281311, 1636468281483, 172, 0, 172, 0, 0, 0
4249, 1, 1636468281323, 1636468281495, 172, 0, 172, 0, 0, 0
4251, 1, 1636468281439, 1636468281611, 172, 0, 172, 0, 0, 0
4247, 1, 1636468281483, 1636468281655, 172, 0, 172, 0, 0, 0
4250, 1, 1636468281639, 1636468281811, 172, 0, 172, 0, 0, 0
4253, 1, 1636468281639, 1636468281811, 172, 0, 172, 0, 0, 0
4252, 1, 1636468281787, 1636468281959, 172, 0, 172, 0, 0, 0
4255, 1, 1636468282015, 1636468282187, 172, 0, 172, 0, 0, 0
4254, 1, 1636468282135, 1636468282307, 172, 0, 172, 0, 0, 0
4256, 1, 1636468282303, 1636468282475, 172, 0, 172, 0, 0, 0
4259, 1, 1636468282531, 1636468282703, 172, 0, 172, 0, 0, 0
4258, 1, 1636468282531, 1636468282703, 172, 0, 172, 0, 0, 0
4261, 1, 1636468282619, 1636468282791, 172, 0, 172, 0, 0, 0
4257, 1, 1636468282651, 1636468282823, 172, 0, 172, 0, 0, 0
4263, 1, 1636468282967, 1636468283139, 172, 0, 172, 0, 0, 0
4262, 1, 1636468282967, 1636468283139, 172, 0, 172, 0, 0, 0
4260, 1, 1636468282999, 1636468283171, 172, 0, 172, 0, 0, 0
4264, 1, 1636468283027, 1636468283199, 172, 0, 172, 0, 0, 0
4265, 1, 1636468283199, 1636468283371, 172, 0, 172, 0, 0, 0
4268, 1, 1636468283311, 1636468283487, 176, 0, 176, 0, 0, 0
4267, 1, 1636468283347, 1636468283523, 176, 0, 176, 0, 0, 0
4270, 1, 1636468283355, 1636468283535, 180, 0, 180, 0, 0, 0
4266, 1, 1636468283375, 1636468283547, 172, 0, 172, 0, 0, 0
4271, 1, 1636468283463, 1636468283635, 172, 0, 172, 0, 0, 0
4269, 1, 1636468283547, 1636468283719, 172, 0, 172, 0, 0, 0
4273, 1, 1636468283731, 1636468283907, 176, 0, 176, 0, 0, 0
4272, 1, 1636468283811, 1636468283983, 172, 0, 172, 0, 0, 0
4275, 1, 1636468284111, 1636468284283, 172, 0, 172, 0, 0, 0
4274, 1, 1636468284155, 1636468284327, 172, 0, 172, 0, 0, 0
4276, 1, 1636468284259, 1636468284435, 176, 0, 176, 0, 0, 0
4278, 1, 1636468284571, 1636468284743, 172, 0, 172, 0, 0, 0
4279, 1, 1636468284599, 1636468284771, 172, 0, 172, 0, 0, 0
4281, 1, 1636468284607, 1636468284779, 172, 0, 172, 0, 0, 0
4277, 1, 1636468284611, 1636468284787, 176, 0, 176, 0, 0, 0
4283, 1, 1636468284939, 1636468285115, 176, 0, 176, 0, 0, 0
4282, 1, 1636468284943, 1636468285115, 172, 0, 172, 0, 0, 0
4280, 1, 1636468284959, 1636468285131, 172, 0, 172, 0, 0, 0
4284, 1, 1636468285123, 1636468285295, 172, 0, 172, 0, 0, 0
4286, 1, 1636468285247, 1636468285419, 172, 0, 172, 0, 0, 0
4285, 1, 1636468285307, 1636468285479, 172, 0, 172, 0, 0, 0
4288, 1, 1636468285319, 1636468285491, 172, 0, 172, 0, 0, 0
4289, 1, 1636468285339, 1636468285511, 172, 0, 172, 0, 0, 0
4291, 1, 1636468285399, 1636468285571, 172, 0, 172, 0, 0, 0
4287, 1, 1636468285475, 1636468285647, 172, 0, 172, 0, 0, 0
4290, 1, 1636468285599, 1636468285771, 172, 0, 172, 0, 0, 0
4293, 1, 1636468285723, 1636468285895, 172, 0, 172, 0, 0, 0
4292, 1, 1636468285751, 1636468285923, 172, 0, 172, 0, 0, 0
4294, 1, 1636468286099, 1636468286271, 172, 0, 172, 0, 0, 0
4295, 1, 1636468286179, 1636468286351, 172, 0, 172, 0, 0, 0
4296, 1, 1636468286327, 1636468286499, 172, 0, 172, 0, 0, 0
4298, 1, 1636468286491, 1636468286663, 172, 0, 172, 0, 0, 0
4299, 1, 1636468286599, 1636468286771, 172, 0, 172, 0, 0, 0
4300, 1, 1636468286619, 1636468286791, 172, 0, 172, 0, 0, 0
4297, 1, 1636468286675, 1636468286847, 172, 0, 172, 0, 0, 0
4302, 1, 1636468286967, 1636468287139, 172, 0, 172, 0, 0, 0
4303, 1, 1636468287011, 1636468287183, 172, 0, 172, 0, 0, 0
4301, 1, 1636468287023, 1636468287195, 172, 0, 172, 0, 0, 0
4304, 1, 1636468287115, 1636468287287, 172, 0, 172, 0, 0, 0
4305, 1, 1636468287163, 1636468287335, 172, 0, 172, 0, 0, 0
4308, 1, 1636468287231, 1636468287403, 172, 0, 172, 0, 0, 0
4310, 1, 1636468287351, 1636468287523, 172, 0, 172, 0, 0, 0
4307, 1, 1636468287371, 1636468287543, 172, 0, 172, 0, 0, 0
4311, 1, 1636468287379, 1636468287551, 172, 0, 172, 0, 0, 0
4306, 1, 1636468287463, 1636468287635, 172, 0, 172, 0, 0, 0
4309, 1, 1636468287511, 1636468287683, 172, 0, 172, 0, 0, 0
4312, 1, 1636468287723, 1636468287895, 172, 0, 172, 0, 0, 0
4314, 1, 1636468287783, 1636468287959, 176, 0, 176, 0, 0, 0
4315, 1, 1636468288043, 1636468288215, 172, 0, 172, 0, 0, 0
4313, 1, 1636468288071, 1636468288243, 172, 0, 172, 0, 0, 0
4316, 1, 1636468288391, 1636468288563, 172, 0, 172, 0, 0, 0
4318, 1, 1636468288515, 1636468288687, 172, 0, 172, 0, 0, 0
4319, 1, 1636468288515, 1636468288687, 172, 0, 172, 0, 0, 0
4320, 1, 1636468288615, 1636468288787, 172, 0, 172, 0, 0, 0
4317, 1, 1636468288739, 1636468288911, 172, 0, 172, 0, 0, 0
4321, 1, 1636468288863, 1636468289035, 172, 0, 172, 0, 0, 0
4322, 1, 1636468289083, 1636468289255, 172, 0, 172, 0, 0, 0
4323, 1, 1636468289107, 1636468289279, 172, 0, 172, 0, 0, 0
4324, 1, 1636468289171, 1636468289343, 172, 0, 172, 0, 0, 0
4325, 1, 1636468289191, 1636468289363, 172, 0, 172, 0, 0, 0
4329, 1, 1636468289331, 1636468289503, 172, 0, 172, 0, 0, 0
4330, 1, 1636468289363, 1636468289535, 172, 0, 172, 0, 0, 0
4326, 1, 1636468289427, 1636468289599, 172, 0, 172, 0, 0, 0
4331, 1, 1636468289483, 1636468289655, 172, 0, 172, 0, 0, 0
4327, 1, 1636468289515, 1636468289687, 172, 0, 172, 0, 0, 0
4328, 1, 1636468289543, 1636468289715, 172, 0, 172, 0, 0, 0
4332, 1, 1636468289831, 1636468290003, 172, 0, 172, 0, 0, 0
4334, 1, 1636468289843, 1636468290019, 176, 0, 176, 0, 0, 0
4335, 1, 1636468289971, 1636468290143, 172, 0, 172, 0, 0, 0
4333, 1, 1636468290179, 1636468290351, 172, 0, 172, 0, 0, 0
4336, 1, 1636468290303, 1636468290475, 172, 0, 172, 0, 0, 0
4338, 1, 1636468290515, 1636468290687, 172, 0, 172, 0, 0, 0
4339, 1, 1636468290531, 1636468290703, 172, 0, 172, 0, 0, 0
4340, 1, 1636468290611, 1636468290783, 172, 0, 172, 0, 0, 0
4337, 1, 1636468290651, 1636468290823, 172, 0, 172, 0, 0, 0
4342, 1, 1636468290959, 1636468291135, 176, 0, 176, 0, 0, 0
4341, 1, 1636468291003, 1636468291179, 176, 0, 176, 0, 0, 0
4343, 1, 1636468291151, 1636468291323, 172, 0, 172, 0, 0, 0
4345, 1, 1636468291211, 1636468291383, 172, 0, 172, 0, 0, 0
4346, 1, 1636468291307, 1636468291479, 172, 0, 172, 0, 0, 0
4348, 1, 1636468291323, 1636468291495, 172, 0, 172, 0, 0, 0
4344, 1, 1636468291351, 1636468291523, 172, 0, 172, 0, 0, 0
4349, 1, 1636468291351, 1636468291523, 172, 0, 172, 0, 0, 0
4351, 1, 1636468291403, 1636468291575, 172, 0, 172, 0, 0, 0
4350, 1, 1636468291563, 1636468291735, 172, 0, 172, 0, 0, 0
4347, 1, 1636468291655, 1636468291827, 172, 0, 172, 0, 0, 0
4352, 1, 1636468291751, 1636468291923, 172, 0, 172, 0, 0, 0
4353, 1, 1636468291759, 1636468291931, 172, 0, 172, 0, 0, 0
4355, 1, 1636468291963, 1636468292139, 176, 0, 176, 0, 0, 0
4354, 1, 1636468292099, 1636468292271, 172, 0, 172, 0, 0, 0
4356, 1, 1636468292259, 1636468292431, 172, 0, 172, 0, 0, 0
4358, 1, 1636468292519, 1636468292691, 172, 0, 172, 0, 0, 0
4359, 1, 1636468292571, 1636468292743, 172, 0, 172, 0, 0, 0
4357, 1, 1636468292607, 1636468292783, 176, 0, 176, 0, 0, 0
4362, 1, 1636468292611, 1636468292783, 172, 0, 172, 0, 0, 0
4361, 1, 1636468292915, 1636468293087, 172, 0, 172, 0, 0, 0
4360, 1, 1636468292959, 1636468293131, 172, 0, 172, 0, 0, 0
4363, 1, 1636468293015, 1636468293187, 172, 0, 172, 0, 0, 0
4364, 1, 1636468293099, 1636468293271, 172, 0, 172, 0, 0, 0
4366, 1, 1636468293215, 1636468293387, 172, 0, 172, 0, 0, 0
4367, 1, 1636468293215, 1636468293387, 172, 0, 172, 0, 0, 0
4365, 1, 1636468293303, 1636468293475, 172, 0, 172, 0, 0, 0
4370, 1, 1636468293375, 1636468293547, 172, 0, 172, 0, 0, 0
4371, 1, 1636468293443, 1636468293615, 172, 0, 172, 0, 0, 0
4369, 1, 1636468293443, 1636468293615, 172, 0, 172, 0, 0, 0
4368, 1, 1636468293563, 1636468293735, 172, 0, 172, 0, 0, 0
4373, 1, 1636468293715, 1636468293887, 172, 0, 172, 0, 0, 0
4372, 1, 1636468293791, 1636468293963, 172, 0, 172, 0, 0, 0
4374, 1, 1636468293827, 1636468294003, 176, 0, 176, 0, 0, 0
4375, 1, 1636468294139, 1636468294311, 172, 0, 172, 0, 0, 0
4376, 1, 1636468294171, 1636468294343, 172, 0, 172, 0, 0, 0
4378, 1, 1636468294491, 1636468294663, 172, 0, 172, 0, 0, 0
4377, 1, 1636468294515, 1636468294687, 172, 0, 172, 0, 0, 0
4380, 1, 1636468294595, 1636468294767, 172, 0, 172, 0, 0, 0
4381, 1, 1636468294603, 1636468294775, 172, 0, 172, 0, 0, 0
4379, 1, 1636468294859, 1636468295031, 172, 0, 172, 0, 0, 0
4383, 1, 1636468294943, 1636468295115, 172, 0, 172, 0, 0, 0
4382, 1, 1636468294943, 1636468295115, 172, 0, 172, 0, 0, 0
4384, 1, 1636468295071, 1636468295243, 172, 0, 172, 0, 0, 0
4386, 1, 1636468295123, 1636468295295, 172, 0, 172, 0, 0, 0
4385, 1, 1636468295207, 1636468295379, 172, 0, 172, 0, 0, 0
4389, 1, 1636468295319, 1636468295491, 172, 0, 172, 0, 0, 0
4390, 1, 1636468295359, 1636468295531, 172, 0, 172, 0, 0, 0
4388, 1, 1636468295419, 1636468295591, 172, 0, 172, 0, 0, 0
4391, 1, 1636468295439, 1636468295615, 176, 0, 176, 0, 0, 0
4387, 1, 1636468295471, 1636468295643, 172, 0, 172, 0, 0, 0
4393, 1, 1636468295583, 1636468295755, 172, 0, 172, 0, 0, 0
4392, 1, 1636468295707, 1636468295879, 172, 0, 172, 0, 0, 0
4394, 1, 1636468295775, 1636468295947, 172, 0, 172, 0, 0, 0
4395, 1, 1636468296055, 1636468296231, 176, 0, 176, 0, 0, 0
4396, 1, 1636468296103, 1636468296275, 172, 0, 172, 0, 0, 0
4397, 1, 1636468296451, 1636468296623, 172, 0, 172, 0, 0, 0
4398, 1, 1636468296507, 1636468296679, 172, 0, 172, 0, 0, 0
4400, 1, 1636468296623, 1636468296795, 172, 0, 172, 0, 0, 0
4401, 1, 1636468296655, 1636468296827, 172, 0, 172, 0, 0, 0
4399, 1, 1636468296799, 1636468296971, 172, 0, 172, 0, 0, 0
4403, 1, 1636468296935, 1636468297107, 172, 0, 172, 0, 0, 0
4402, 1, 1636468297003, 1636468297179, 176, 0, 176, 0, 0, 0
4405, 1, 1636468297035, 1636468297211, 176, 0, 176, 0, 0, 0
4404, 1, 1636468297147, 1636468297319, 172, 0, 172, 0, 0, 0
4407, 1, 1636468297175, 1636468297347, 172, 0, 172, 0, 0, 0
4409, 1, 1636468297311, 1636468297483, 172, 0, 172, 0, 0, 0
4410, 1, 1636468297351, 1636468297523, 172, 0, 172, 0, 0, 0
4406, 1, 1636468297387, 1636468297559, 172, 0, 172, 0, 0, 0
4411, 1, 1636468297387, 1636468297559, 172, 0, 172, 0, 0, 0
4408, 1, 1636468297523, 1636468297695, 172, 0, 172, 0, 0, 0
4413, 1, 1636468297559, 1636468297731, 172, 0, 172, 0, 0, 0
4414, 1, 1636468297719, 1636468297895, 176, 0, 176, 0, 0, 0
4412, 1, 1636468297735, 1636468297911, 176, 0, 176, 0, 0, 0
4416, 1, 1636468298039, 1636468298211, 172, 0, 172, 0, 0, 0
4415, 1, 1636468298083, 1636468298255, 172, 0, 172, 0, 0, 0
4417, 1, 1636468298383, 1636468298555, 172, 0, 172, 0, 0, 0
4419, 1, 1636468298499, 1636468298671, 172, 0, 172, 0, 0, 0
4420, 1, 1636468298571, 1636468298743, 172, 0, 172, 0, 0, 0
4422, 1, 1636468298687, 1636468298859, 172, 0, 172, 0, 0, 0
4418, 1, 1636468298731, 1636468298903, 172, 0, 172, 0, 0, 0
4423, 1, 1636468298799, 1636468298971, 172, 0, 172, 0, 0, 0
4421, 1, 1636468298915, 1636468299087, 172, 0, 172, 0, 0, 0
4425, 1, 1636468299003, 1636468299175, 172, 0, 172, 0, 0, 0
4424, 1, 1636468299075, 1636468299247, 172, 0, 172, 0, 0, 0
4426, 1, 1636468299119, 1636468299291, 172, 0, 172, 0, 0, 0
4429, 1, 1636468299311, 1636468299483, 172, 0, 172, 0, 0, 0
4427, 1, 1636468299347, 1636468299519, 172, 0, 172, 0, 0, 0
4430, 1, 1636468299347, 1636468299519, 172, 0, 172, 0, 0, 0
4431, 1, 1636468299407, 1636468299579, 172, 0, 172, 0, 0, 0
4428, 1, 1636468299463, 1636468299635, 172, 0, 172, 0, 0, 0
4432, 1, 1636468299491, 1636468299663, 172, 0, 172, 0, 0, 0
4434, 1, 1636468299611, 1636468299783, 172, 0, 172, 0, 0, 0
4433, 1, 1636468299747, 1636468299919, 172, 0, 172, 0, 0, 0
4435, 1, 1636468300091, 1636468300263, 172, 0, 172, 0, 0, 0
4436, 1, 1636468300171, 1636468300343, 172, 0, 172, 0, 0, 0
4439, 1, 1636468300515, 1636468300687, 172, 0, 172, 0, 0, 0
4437, 1, 1636468300523, 1636468300699, 176, 0, 176, 0, 0, 0
4441, 1, 1636468300539, 1636468300715, 176, 0, 176, 0, 0, 0
4442, 1, 1636468300599, 1636468300771, 172, 0, 172, 0, 0, 0
4443, 1, 1636468300751, 1636468300923, 172, 0, 172, 0, 0, 0
4440, 1, 1636468300859, 1636468301031, 172, 0, 172, 0, 0, 0
4438, 1, 1636468300871, 1636468301043, 172, 0, 172, 0, 0, 0
4445, 1, 1636468300911, 1636468301083, 172, 0, 172, 0, 0, 0
4447, 1, 1636468301163, 1636468301335, 172, 0, 172, 0, 0, 0
4448, 1, 1636468301183, 1636468301359, 176, 0, 176, 0, 0, 0
4444, 1, 1636468301215, 1636468301387, 172, 0, 172, 0, 0, 0
4449, 1, 1636468301223, 1636468301395, 172, 0, 172, 0, 0, 0
4446, 1, 1636468301263, 1636468301435, 172, 0, 172, 0, 0, 0
4451, 1, 1636468301391, 1636468301563, 172, 0, 172, 0, 0, 0
4450, 1, 1636468301507, 1636468301679, 172, 0, 172, 0, 0, 0
4453, 1, 1636468301559, 1636468301731, 172, 0, 172, 0, 0, 0
4454, 1, 1636468301571, 1636468301743, 172, 0, 172, 0, 0, 0
4452, 1, 1636468301735, 1636468301911, 176, 0, 176, 0, 0, 0
4455, 1, 1636468302087, 1636468302259, 172, 0, 172, 0, 0, 0
4456, 1, 1636468302115, 1636468302287, 172, 0, 172, 0, 0, 0
4458, 1, 1636468302379, 1636468302551, 172, 0, 172, 0, 0, 0
4457, 1, 1636468302463, 1636468302635, 172, 0, 172, 0, 0, 0
4461, 1, 1636468302523, 1636468302699, 176, 0, 176, 0, 0, 0
4462, 1, 1636468302559, 1636468302731, 172, 0, 172, 0, 0, 0
4463, 1, 1636468302691, 1636468302867, 176, 0, 176, 0, 0, 0
4459, 1, 1636468302727, 1636468302903, 176, 0, 176, 0, 0, 0
4460, 1, 1636468302811, 1636468302983, 172, 0, 172, 0, 0, 0
4465, 1, 1636468302919, 1636468303091, 172, 0, 172, 0, 0, 0
4466, 1, 1636468303035, 1636468303211, 176, 0, 176, 0, 0, 0
4468, 1, 1636468303151, 1636468303323, 172, 0, 172, 0, 0, 0
4464, 1, 1636468303159, 1636468303331, 172, 0, 172, 0, 0, 0
4470, 1, 1636468303223, 1636468303395, 172, 0, 172, 0, 0, 0
4467, 1, 1636468303267, 1636468303439, 172, 0, 172, 0, 0, 0
4471, 1, 1636468303363, 1636468303535, 172, 0, 172, 0, 0, 0
4469, 1, 1636468303387, 1636468303559, 172, 0, 172, 0, 0, 0
4473, 1, 1636468303503, 1636468303675, 172, 0, 172, 0, 0, 0
4474, 1, 1636468303583, 1636468303755, 172, 0, 172, 0, 0, 0
4472, 1, 1636468303711, 1636468303883, 172, 0, 172, 0, 0, 0
4475, 1, 1636468304055, 1636468304231, 176, 0, 176, 0, 0, 0
4476, 1, 1636468304119, 1636468304291, 172, 0, 172, 0, 0, 0
4478, 1, 1636468304315, 1636468304487, 172, 0, 172, 0, 0, 0
4477, 1, 1636468304467, 1636468304639, 172, 0, 172, 0, 0, 0
4480, 1, 1636468304475, 1636468304647, 172, 0, 172, 0, 0, 0
4482, 1, 1636468304591, 1636468304763, 172, 0, 172, 0, 0, 0
4483, 1, 1636468304591, 1636468304763, 172, 0, 172, 0, 0, 0
4479, 1, 1636468304663, 1636468304835, 172, 0, 172, 0, 0, 0
4481, 1, 1636468304815, 1636468304995, 180, 0, 180, 0, 0, 0
4484, 1, 1636468304887, 1636468305059, 172, 0, 172, 0, 0, 0
4486, 1, 1636468305043, 1636468305219, 176, 0, 176, 0, 0, 0
4487, 1, 1636468305059, 1636468305231, 172, 0, 172, 0, 0, 0
4485, 1, 1636468305171, 1636468305343, 172, 0, 172, 0, 0, 0
4488, 1, 1636468305235, 1636468305407, 172, 0, 172, 0, 0, 0
4490, 1, 1636468305339, 1636468305511, 172, 0, 172, 0, 0, 0
4489, 1, 1636468305399, 1636468305571, 172, 0, 172, 0, 0, 0
4492, 1, 1636468305443, 1636468305615, 172, 0, 172, 0, 0, 0
4491, 1, 1636468305519, 1636468305691, 172, 0, 172, 0, 0, 0
4494, 1, 1636468305699, 1636468305871, 172, 0, 172, 0, 0, 0
4493, 1, 1636468305787, 1636468305959, 172, 0, 172, 0, 0, 0
4495, 1, 1636468306135, 1636468306307, 172, 0, 172, 0, 0, 0
4496, 1, 1636468306175, 1636468306347, 172, 0, 172, 0, 0, 0
4497, 1, 1636468306251, 1636468306423, 172, 0, 172, 0, 0, 0
4500, 1, 1636468306439, 1636468306611, 172, 0, 172, 0, 0, 0
4501, 1, 1636468306503, 1636468306675, 172, 0, 172, 0, 0, 0
4498, 1, 1636468306523, 1636468306695, 172, 0, 172, 0, 0, 0
4499, 1, 1636468306599, 1636468306771, 172, 0, 172, 0, 0, 0
4503, 1, 1636468306703, 1636468306875, 172, 0, 172, 0, 0, 0
4502, 1, 1636468306871, 1636468307043, 172, 0, 172, 0, 0, 0
4504, 1, 1636468306887, 1636468307059, 172, 0, 172, 0, 0, 0
4507, 1, 1636468307099, 1636468307271, 172, 0, 172, 0, 0, 0
4509, 1, 1636468307215, 1636468307387, 172, 0, 172, 0, 0, 0
4505, 1, 1636468307223, 1636468307395, 172, 0, 172, 0, 0, 0
4511, 1, 1636468307331, 1636468307503, 172, 0, 172, 0, 0, 0
4510, 1, 1636468307447, 1636468307619, 172, 0, 172, 0, 0, 0
4513, 1, 1636468307571, 1636468307743, 172, 0, 172, 0, 0, 0
4514, 1, 1636468307607, 1636468307779, 172, 0, 172, 0, 0, 0
4512, 1, 1636468307679, 1636468307851, 172, 0, 172, 0, 0, 0
4515, 1, 1636468308027, 1636468308207, 180, 0, 180, 0, 0, 0
4517, 1, 1636468308303, 1636468308475, 172, 0, 172, 0, 0, 0
4519, 1, 1636468308379, 1636468308551, 172, 0, 172, 0, 0, 0
4521, 1, 1636468308511, 1636468308683, 172, 0, 172, 0, 0, 0
4522, 1, 1636468308579, 1636468308751, 172, 0, 172, 0, 0, 0
4520, 1, 1636468308651, 1636468308823, 172, 0, 172, 0, 0, 0
4525, 1, 1636468308943, 1636468309115, 172, 0, 172, 0, 0, 0
4526, 1, 1636468308975, 1636468309147, 172, 0, 172, 0, 0, 0
4523, 1, 1636468308995, 1636468309167, 172, 0, 172, 0, 0, 0
4527, 1, 1636468309103, 1636468309275, 172, 0, 172, 0, 0, 0
4528, 1, 1636468309323, 1636468309495, 172, 0, 172, 0, 0, 0
4524, 1, 1636468309343, 1636468309515, 172, 0, 172, 0, 0, 0
4529, 1, 1636468309375, 1636468309547, 172, 0, 172, 0, 0, 0
4530, 1, 1636468309503, 1636468309679, 176, 0, 176, 0, 0, 0
4531, 1, 1636468309511, 1636468309683, 172, 0, 172, 0, 0, 0
4533, 1, 1636468309687, 1636468309859, 172, 0, 172, 0, 0, 0
4532, 1, 1636468309719, 1636468309891, 172, 0, 172, 0, 0, 0
4534, 1, 1636468310063, 1636468310235, 172, 0, 172, 0, 0, 0
4535, 1, 1636468310307, 1636468310479, 172, 0, 172, 0, 0, 0
4518, 1, 1636468310343, 1636468310515, 172, 0, 172, 0, 0, 0
4538, 1, 1636468310479, 1636468310651, 172, 0, 172, 0, 0, 0
4539, 1, 1636468310603, 1636468310779, 176, 0, 176, 0, 0, 0
4537, 1, 1636468310655, 1636468310831, 176, 0, 176, 0, 0, 0
4536, 1, 1636468310687, 1636468310859, 172, 0, 172, 0, 0, 0
4542, 1, 1636468310871, 1636468311047, 176, 0, 176, 0, 0, 0
4544, 1, 1636468310987, 1636468311159, 172, 0, 172, 0, 0, 0
4543, 1, 1636468311011, 1636468311183, 172, 0, 172, 0, 0, 0
4546, 1, 1636468311055, 1636468311227, 172, 0, 172, 0, 0, 0
4547, 1, 1636468311223, 1636468311395, 172, 0, 172, 0, 0, 0
4548, 1, 1636468311251, 1636468311423, 172, 0, 172, 0, 0, 0
4549, 1, 1636468311323, 1636468311495, 172, 0, 172, 0, 0, 0
4550, 1, 1636468311347, 1636468311519, 172, 0, 172, 0, 0, 0
4551, 1, 1636468311599, 1636468311775, 176, 0, 176, 0, 0, 0
4553, 1, 1636468311951, 1636468312123, 172, 0, 172, 0, 0, 0
4554, 1, 1636468312331, 1636468312503, 172, 0, 172, 0, 0, 0
4555, 1, 1636468312363, 1636468312535, 172, 0, 172, 0, 0, 0
4556, 1, 1636468312431, 1636468312603, 172, 0, 172, 0, 0, 0
4557, 1, 1636468312755, 1636468312927, 172, 0, 172, 0, 0, 0
4558, 1, 1636468312943, 1636468313115, 172, 0, 172, 0, 0, 0
4559, 1, 1636468313095, 1636468313267, 172, 0, 172, 0, 0, 0
4552, 1, 1636468313103, 1636468313275, 172, 0, 172, 0, 0, 0
4560, 1, 1636468313103, 1636468313275, 172, 0, 172, 0, 0, 0
4562, 1, 1636468313215, 1636468313387, 172, 0, 172, 0, 0, 0
4564, 1, 1636468313251, 1636468313423, 172, 0, 172, 0, 0, 0
4563, 1, 1636468313275, 1636468313447, 172, 0, 172, 0, 0, 0
4565, 1, 1636468313443, 1636468313619, 176, 0, 176, 0, 0, 0
4561, 1, 1636468313451, 1636468313623, 172, 0, 172, 0, 0, 0
4566, 1, 1636468313599, 1636468313771, 172, 0, 172, 0, 0, 0
4567, 1, 1636468313943, 1636468314115, 172, 0, 172, 0, 0, 0
4568, 1, 1636468314331, 1636468314503, 172, 0, 172, 0, 0, 0
4569, 1, 1636468314423, 1636468314595, 172, 0, 172, 0, 0, 0
4570, 1, 1636468314467, 1636468314643, 176, 0, 176, 0, 0, 0
4571, 1, 1636468314843, 1636468315015, 172, 0, 172, 0, 0, 0
4572, 1, 1636468314855, 1636468315027, 172, 0, 172, 0, 0, 0
4573, 1, 1636468315063, 1636468315235, 172, 0, 172, 0, 0, 0
4574, 1, 1636468315171, 1636468315343, 172, 0, 172, 0, 0, 0
4575, 1, 1636468315203, 1636468315375, 172, 0, 172, 0, 0, 0
4576, 1, 1636468315367, 1636468315539, 172, 0, 172, 0, 0, 0
4577, 1, 1636468315711, 1636468315883, 172, 0, 172, 0, 0, 0
4578, 1, 1636468316059, 1636468316231, 172, 0, 172, 0, 0, 0
4579, 1, 1636468316331, 1636468316503, 172, 0, 172, 0, 0, 0
4580, 1, 1636468316391, 1636468316563, 172, 0, 172, 0, 0, 0
4581, 1, 1636468316415, 1636468316587, 172, 0, 172, 0, 0, 0
4582, 1, 1636468316795, 1636468316967, 172, 0, 172, 0, 0, 0
4583, 1, 1636468316803, 1636468316975, 172, 0, 172, 0, 0, 0
4584, 1, 1636468317151, 1636468317323, 172, 0, 172, 0, 0, 0
4585, 1, 1636468317179, 1636468317351, 172, 0, 172, 0, 0, 0
4586, 1, 1636468317231, 1636468317403, 172, 0, 172, 0, 0, 0
4587, 1, 1636468317575, 1636468317747, 172, 0, 172, 0, 0, 0
4588, 1, 1636468317935, 1636468318107, 172, 0, 172, 0, 0, 0
4589, 1, 1636468318427, 1636468318599, 172, 0, 172, 0, 0, 0
4590, 1, 1636468318507, 1636468318679, 172, 0, 172, 0, 0, 0
4591, 1, 1636468318807, 1636468318979, 172, 0, 172, 0, 0, 0
4592, 1, 1636468319127, 1636468319299, 172, 0, 172, 0, 0, 0
4593, 1, 1636468319303, 1636468319475, 172, 0, 172, 0, 0, 0
4594, 1, 1636468319475, 1636468319647, 172, 0, 172, 0, 0, 0
4595, 1, 1636468319823, 1636468319995, 172, 0, 172, 0, 0, 0
4596, 1, 1636468320591, 1636468320767, 176, 0, 176, 0, 0, 0
4597, 1, 1636468321027, 1636468321199, 172, 0, 172, 0, 0, 0
4598, 1, 1636468321195, 1636468321367, 172, 0, 172, 0, 0, 0
4599, 1, 1636468321375, 1636468321547, 172, 0, 172, 0, 0, 0
4600, 1, 1636468321723, 1636468321895, 172, 0, 172, 0, 0, 0
4601, 1, 1636468433967, 1636468434139, 172, 0, 172, 0, 0, 0
4602, 1, 1636468434595, 1636468434767, 172, 0, 172, 0, 0, 0
4603, 1, 1636468435215, 1636468435391, 176, 0, 176, 0, 0, 0
4604, 1, 1636468435287, 1636468435459, 172, 0, 172, 0, 0, 0
4605, 1, 1636468435831, 1636468436003, 172, 0, 172, 0, 0, 0
4606, 1, 1636468435915, 1636468436087, 172, 0, 172, 0, 0, 0
4607, 1, 1636468436507, 1636468436679, 172, 0, 172, 0, 0, 0
4608, 1, 1636468436535, 1636468436707, 172, 0, 172, 0, 0, 0
4609, 1, 1636468436563, 1636468436735, 172, 0, 172, 0, 0, 0
4610, 1, 1636468436939, 1636468437111, 172, 0, 172, 0, 0, 0
4611, 1, 1636468437091, 1636468437263, 172, 0, 172, 0, 0, 0
4612, 1, 1636468437215, 1636468437387, 172, 0, 172, 0, 0, 0
4613, 1, 1636468437575, 1636468437747, 172, 0, 172, 0, 0, 0
4614, 1, 1636468437767, 1636468437939, 172, 0, 172, 0, 0, 0
4615, 1, 1636468437819, 1636468437991, 172, 0, 172, 0, 0, 0
4616, 1, 1636468437927, 1636468438099, 172, 0, 172, 0, 0, 0
4617, 1, 1636468438103, 1636468438275, 172, 0, 172, 0, 0, 0
4618, 1, 1636468438235, 1636468438407, 172, 0, 172, 0, 0, 0
4619, 1, 1636468438367, 1636468438539, 172, 0, 172, 0, 0, 0
4620, 1, 1636468438579, 1636468438751, 172, 0, 172, 0, 0, 0
4621, 1, 1636468438763, 1636468438935, 172, 0, 172, 0, 0, 0
4622, 1, 1636468438871, 1636468439043, 172, 0, 172, 0, 0, 0
4623, 1, 1636468439043, 1636468439215, 172, 0, 172, 0, 0, 0
4624, 1, 1636468439151, 1636468439327, 176, 0, 176, 0, 0, 0
4625, 1, 1636468439283, 1636468439455, 172, 0, 172, 0, 0, 0
4626, 1, 1636468439315, 1636468439487, 172, 0, 172, 0, 0, 0
4627, 1, 1636468439395, 1636468439567, 172, 0, 172, 0, 0, 0
4628, 1, 1636468439511, 1636468439683, 172, 0, 172, 0, 0, 0
4629, 1, 1636468439731, 1636468439903, 172, 0, 172, 0, 0, 0
4630, 1, 1636468439979, 1636468440151, 172, 0, 172, 0, 0, 0
4631, 1, 1636468440079, 1636468440251, 172, 0, 172, 0, 0, 0
4632, 1, 1636468440175, 1636468440347, 172, 0, 172, 0, 0, 0
4633, 1, 1636468440387, 1636468440559, 172, 0, 172, 0, 0, 0
4634, 1, 1636468440543, 1636468440715, 172, 0, 172, 0, 0, 0
4635, 1, 1636468440607, 1636468440779, 172, 0, 172, 0, 0, 0
4636, 1, 1636468440639, 1636468440811, 172, 0, 172, 0, 0, 0
4637, 1, 1636468440675, 1636468440851, 176, 0, 176, 0, 0, 0
4638, 1, 1636468440847, 1636468441019, 172, 0, 172, 0, 0, 0
4639, 1, 1636468440987, 1636468441159, 172, 0, 172, 0, 0, 0
4640, 1, 1636468441119, 1636468441295, 176, 0, 176, 0, 0, 0
4641, 1, 1636468441311, 1636468441483, 172, 0, 172, 0, 0, 0
4642, 1, 1636468441355, 1636468441527, 172, 0, 172, 0, 0, 0
4643, 1, 1636468441511, 1636468441683, 172, 0, 172, 0, 0, 0
4644, 1, 1636468441775, 1636468441947, 172, 0, 172, 0, 0, 0
4645, 1, 1636468441787, 1636468441959, 172, 0, 172, 0, 0, 0
4646, 1, 1636468441847, 1636468442019, 172, 0, 172, 0, 0, 0
4647, 1, 1636468441907, 1636468442079, 172, 0, 172, 0, 0, 0
4649, 1, 1636468442011, 1636468442183, 172, 0, 172, 0, 0, 0
4648, 1, 1636468442131, 1636468442303, 172, 0, 172, 0, 0, 0
4650, 1, 1636468442247, 1636468442419, 172, 0, 172, 0, 0, 0
4651, 1, 1636468442307, 1636468442479, 172, 0, 172, 0, 0, 0
4652, 1, 1636468442423, 1636468442595, 172, 0, 172, 0, 0, 0
4653, 1, 1636468442479, 1636468442651, 172, 0, 172, 0, 0, 0
4655, 1, 1636468442695, 1636468442867, 172, 0, 172, 0, 0, 0
4654, 1, 1636468442827, 1636468442999, 172, 0, 172, 0, 0, 0
4656, 1, 1636468442915, 1636468443087, 172, 0, 172, 0, 0, 0
4657, 1, 1636468443079, 1636468443251, 172, 0, 172, 0, 0, 0
4658, 1, 1636468443103, 1636468443275, 172, 0, 172, 0, 0, 0
4659, 1, 1636468443191, 1636468443363, 172, 0, 172, 0, 0, 0
4660, 1, 1636468443247, 1636468443423, 176, 0, 176, 0, 0, 0
4662, 1, 1636468443391, 1636468443563, 172, 0, 172, 0, 0, 0
4663, 1, 1636468443419, 1636468443591, 172, 0, 172, 0, 0, 0
4661, 1, 1636468443535, 1636468443707, 172, 0, 172, 0, 0, 0
4664, 1, 1636468443583, 1636468443755, 172, 0, 172, 0, 0, 0
4665, 1, 1636468443587, 1636468443759, 172, 0, 172, 0, 0, 0
4666, 1, 1636468443743, 1636468443915, 172, 0, 172, 0, 0, 0
4667, 1, 1636468443887, 1636468444059, 172, 0, 172, 0, 0, 0
4669, 1, 1636468443995, 1636468444167, 172, 0, 172, 0, 0, 0
4670, 1, 1636468444083, 1636468444255, 172, 0, 172, 0, 0, 0
4668, 1, 1636468444235, 1636468444407, 172, 0, 172, 0, 0, 0
4671, 1, 1636468444243, 1636468444415, 172, 0, 172, 0, 0, 0
4672, 1, 1636468444383, 1636468444555, 172, 0, 172, 0, 0, 0
4674, 1, 1636468444579, 1636468444751, 172, 0, 172, 0, 0, 0
4673, 1, 1636468444579, 1636468444751, 172, 0, 172, 0, 0, 0
4675, 1, 1636468444583, 1636468444759, 176, 0, 176, 0, 0, 0
4676, 1, 1636468444635, 1636468444807, 172, 0, 172, 0, 0, 0
4677, 1, 1636468444719, 1636468444891, 172, 0, 172, 0, 0, 0
4679, 1, 1636468444771, 1636468444943, 172, 0, 172, 0, 0, 0
4678, 1, 1636468444927, 1636468445099, 172, 0, 172, 0, 0, 0
4680, 1, 1636468444927, 1636468445099, 172, 0, 172, 0, 0, 0
4682, 1, 1636468445043, 1636468445215, 172, 0, 172, 0, 0, 0
4683, 1, 1636468445143, 1636468445315, 172, 0, 172, 0, 0, 0
4684, 1, 1636468445271, 1636468445443, 172, 0, 172, 0, 0, 0
4681, 1, 1636468445279, 1636468445451, 172, 0, 172, 0, 0, 0
4685, 1, 1636468445347, 1636468445523, 176, 0, 176, 0, 0, 0
4686, 1, 1636468445419, 1636468445591, 172, 0, 172, 0, 0, 0
4687, 1, 1636468445623, 1636468445803, 180, 0, 180, 0, 0, 0
4688, 1, 1636468445715, 1636468445895, 180, 0, 180, 0, 0, 0
4690, 1, 1636468445847, 1636468446019, 172, 0, 172, 0, 0, 0
4691, 1, 1636468445883, 1636468446055, 172, 0, 172, 0, 0, 0
4692, 1, 1636468445935, 1636468446107, 172, 0, 172, 0, 0, 0
4693, 1, 1636468445951, 1636468446123, 172, 0, 172, 0, 0, 0
4689, 1, 1636468445979, 1636468446155, 176, 0, 176, 0, 0, 0
4694, 1, 1636468446027, 1636468446199, 172, 0, 172, 0, 0, 0
4696, 1, 1636468446167, 1636468446339, 172, 0, 172, 0, 0, 0
4698, 1, 1636468446311, 1636468446483, 172, 0, 172, 0, 0, 0
4697, 1, 1636468446311, 1636468446483, 172, 0, 172, 0, 0, 0
4695, 1, 1636468446326, 1636468446499, 173, 1, 172, 0, 0, 0
4699, 1, 1636468446407, 1636468446583, 176, 0, 176, 0, 0, 0
4700, 1, 1636468446507, 1636468446679, 172, 0, 172, 0, 0, 0
4701, 1, 1636468446547, 1636468446719, 172, 0, 172, 0, 0, 0
4702, 1, 1636468446743, 1636468446915, 172, 0, 172, 0, 0, 0
4703, 1, 1636468446803, 1636468446975, 172, 0, 172, 0, 0, 0
4705, 1, 1636468446983, 1636468447155, 172, 0, 172, 0, 0, 0
4706, 1, 1636468447095, 1636468447267, 172, 0, 172, 0, 0, 0
4707, 1, 1636468447107, 1636468447283, 176, 0, 176, 0, 0, 0
4704, 1, 1636468447151, 1636468447327, 176, 0, 176, 0, 0, 0
4708, 1, 1636468447203, 1636468447375, 172, 0, 172, 0, 0, 0
4709, 1, 1636468447243, 1636468447415, 172, 0, 172, 0, 0, 0
4712, 1, 1636468447303, 1636468447475, 172, 0, 172, 0, 0, 0
4711, 1, 1636468447307, 1636468447479, 172, 0, 172, 0, 0, 0
4713, 1, 1636468447459, 1636468447631, 172, 0, 172, 0, 0, 0
4714, 1, 1636468447491, 1636468447667, 176, 0, 176, 0, 0, 0
4710, 1, 1636468447503, 1636468447675, 172, 0, 172, 0, 0, 0
4715, 1, 1636468447647, 1636468447819, 172, 0, 172, 0, 0, 0
4716, 1, 1636468447683, 1636468447855, 172, 0, 172, 0, 0, 0
4717, 1, 1636468447795, 1636468447967, 172, 0, 172, 0, 0, 0
4718, 1, 1636468447875, 1636468448047, 172, 0, 172, 0, 0, 0
4719, 1, 1636468447883, 1636468448055, 172, 0, 172, 0, 0, 0
4720, 1, 1636468447975, 1636468448147, 172, 0, 172, 0, 0, 0
4721, 1, 1636468448011, 1636468448183, 172, 0, 172, 0, 0, 0
4722, 1, 1636468448155, 1636468448327, 172, 0, 172, 0, 0, 0
4723, 1, 1636468448203, 1636468448375, 172, 0, 172, 0, 0, 0
4724, 1, 1636468448339, 1636468448511, 172, 0, 172, 0, 0, 0
4725, 1, 1636468448371, 1636468448543, 172, 0, 172, 0, 0, 0
4726, 1, 1636468448411, 1636468448583, 172, 0, 172, 0, 0, 0
4727, 1, 1636468448567, 1636468448739, 172, 0, 172, 0, 0, 0
4728, 1, 1636468448631, 1636468448803, 172, 0, 172, 0, 0, 0
4730, 1, 1636468448643, 1636468448815, 172, 0, 172, 0, 0, 0
4729, 1, 1636468448643, 1636468448815, 172, 0, 172, 0, 0, 0
4731, 1, 1636468448667, 1636468448843, 176, 0, 176, 0, 0, 0
4732, 1, 1636468448775, 1636468448947, 172, 0, 172, 0, 0, 0
4733, 1, 1636468448811, 1636468448983, 172, 0, 172, 0, 0, 0
4734, 1, 1636468449027, 1636468449199, 172, 0, 172, 0, 0, 0
4735, 1, 1636468449047, 1636468449219, 172, 0, 172, 0, 0, 0
4736, 1, 1636468449099, 1636468449271, 172, 0, 172, 0, 0, 0
4737, 1, 1636468449143, 1636468449315, 172, 0, 172, 0, 0, 0
4738, 1, 1636468449271, 1636468449443, 172, 0, 172, 0, 0, 0
4739, 1, 1636468449279, 1636468449451, 172, 0, 172, 0, 0, 0
4740, 1, 1636468449287, 1636468449459, 172, 0, 172, 0, 0, 0
4741, 1, 1636468449427, 1636468449599, 172, 0, 172, 0, 0, 0
4742, 1, 1636468449559, 1636468449735, 176, 0, 176, 0, 0, 0
4743, 1, 1636468449739, 1636468449911, 172, 0, 172, 0, 0, 0
4744, 1, 1636468449739, 1636468449915, 176, 0, 176, 0, 0, 0
4745, 1, 1636468449759, 1636468449931, 172, 0, 172, 0, 0, 0
4746, 1, 1636468449895, 1636468450067, 172, 0, 172, 0, 0, 0
4747, 1, 1636468449899, 1636468450071, 172, 0, 172, 0, 0, 0
4748, 1, 1636468449975, 1636468450147, 172, 0, 172, 0, 0, 0
4749, 1, 1636468450011, 1636468450183, 172, 0, 172, 0, 0, 0
4751, 1, 1636468450067, 1636468450243, 176, 0, 176, 0, 0, 0
4752, 1, 1636468450179, 1636468450351, 172, 0, 172, 0, 0, 0
4750, 1, 1636468450247, 1636468450419, 172, 0, 172, 0, 0, 0
4754, 1, 1636468450423, 1636468450595, 172, 0, 172, 0, 0, 0
4755, 1, 1636468450431, 1636468450603, 172, 0, 172, 0, 0, 0
4756, 1, 1636468450487, 1636468450659, 172, 0, 172, 0, 0, 0
4758, 1, 1636468450575, 1636468450747, 172, 0, 172, 0, 0, 0
4759, 1, 1636468450591, 1636468450763, 172, 0, 172, 0, 0, 0
4753, 1, 1636468450591, 1636468450763, 172, 0, 172, 0, 0, 0
4760, 1, 1636468450791, 1636468450963, 172, 0, 172, 0, 0, 0
4757, 1, 1636468450939, 1636468451111, 172, 0, 172, 0, 0, 0
4761, 1, 1636468450951, 1636468451123, 172, 0, 172, 0, 0, 0
4763, 1, 1636468451123, 1636468451295, 172, 0, 172, 0, 0, 0
4764, 1, 1636468451159, 1636468451331, 172, 0, 172, 0, 0, 0
4765, 1, 1636468451179, 1636468451351, 172, 0, 172, 0, 0, 0
4767, 1, 1636468451323, 1636468451499, 176, 0, 176, 0, 0, 0
4768, 1, 1636468451375, 1636468451547, 172, 0, 172, 0, 0, 0
4769, 1, 1636468451407, 1636468451579, 172, 0, 172, 0, 0, 0
4770, 1, 1636468451427, 1636468451599, 172, 0, 172, 0, 0, 0
4772, 1, 1636468451627, 1636468451799, 172, 0, 172, 0, 0, 0
4774, 1, 1636468451803, 1636468451979, 176, 0, 176, 0, 0, 0
4775, 1, 1636468451887, 1636468452059, 172, 0, 172, 0, 0, 0
4776, 1, 1636468451915, 1636468452087, 172, 0, 172, 0, 0, 0
4777, 1, 1636468451915, 1636468452087, 172, 0, 172, 0, 0, 0
4778, 1, 1636468451975, 1636468452147, 172, 0, 172, 0, 0, 0
4779, 1, 1636468452179, 1636468452355, 176, 0, 176, 0, 0, 0
4781, 1, 1636468452455, 1636468452627, 172, 0, 172, 0, 0, 0
4783, 1, 1636468452515, 1636468452687, 172, 0, 172, 0, 0, 0
4785, 1, 1636468452727, 1636468452899, 172, 0, 172, 0, 0, 0
4784, 1, 1636468452727, 1636468452899, 172, 0, 172, 0, 0, 0
4787, 1, 1636468452739, 1636468452911, 172, 0, 172, 0, 0, 0
4789, 1, 1636468453199, 1636468453371, 172, 0, 172, 0, 0, 0
4790, 1, 1636468453231, 1636468453403, 172, 0, 172, 0, 0, 0
4791, 1, 1636468453267, 1636468453439, 172, 0, 172, 0, 0, 0
4792, 1, 1636468453303, 1636468453475, 172, 0, 172, 0, 0, 0
4793, 1, 1636468453375, 1636468453547, 172, 0, 172, 0, 0, 0
4794, 1, 1636468453483, 1636468453655, 172, 0, 172, 0, 0, 0
4795, 1, 1636468453559, 1636468453731, 172, 0, 172, 0, 0, 0
4796, 1, 1636468453563, 1636468453735, 172, 0, 172, 0, 0, 0
4798, 1, 1636468453807, 1636468453983, 176, 0, 176, 0, 0, 0
4797, 1, 1636468453907, 1636468454079, 172, 0, 172, 0, 0, 0
4799, 1, 1636468453911, 1636468454087, 176, 0, 176, 0, 0, 0
4800, 1, 1636468454059, 1636468454231, 172, 0, 172, 0, 0, 0
4801, 1, 1636468454099, 1636468454271, 172, 0, 172, 0, 0, 0
4802, 1, 1636468454123, 1636468454295, 172, 0, 172, 0, 0, 0
4803, 1, 1636468454143, 1636468454315, 172, 0, 172, 0, 0, 0
4805, 1, 1636468454571, 1636468454747, 176, 0, 176, 0, 0, 0
4806, 1, 1636468454611, 1636468454783, 172, 0, 172, 0, 0, 0
4807, 1, 1636468454615, 1636468454791, 176, 0, 176, 0, 0, 0
4808, 1, 1636468454631, 1636468454803, 172, 0, 172, 0, 0, 0
4809, 1, 1636468454727, 1636468454899, 172, 0, 172, 0, 0, 0
4810, 1, 1636468454815, 1636468454987, 172, 0, 172, 0, 0, 0
4811, 1, 1636468454831, 1636468455003, 172, 0, 172, 0, 0, 0
4812, 1, 1636468454843, 1636468455015, 172, 0, 172, 0, 0, 0
4813, 1, 1636468454871, 1636468455043, 172, 0, 172, 0, 0, 0
4804, 1, 1636468454999, 1636468455171, 172, 0, 172, 0, 0, 0
4814, 1, 1636468455087, 1636468455259, 172, 0, 172, 0, 0, 0
4815, 1, 1636468455179, 1636468455351, 172, 0, 172, 0, 0, 0
4816, 1, 1636468455211, 1636468455383, 172, 0, 172, 0, 0, 0
4817, 1, 1636468455259, 1636468455431, 172, 0, 172, 0, 0, 0
4819, 1, 1636468455339, 1636468455511, 172, 0, 172, 0, 0, 0
4818, 1, 1636468455347, 1636468455519, 172, 0, 172, 0, 0, 0
4820, 1, 1636468455435, 1636468455607, 172, 0, 172, 0, 0, 0
4821, 1, 1636468455491, 1636468455663, 172, 0, 172, 0, 0, 0
4822, 1, 1636468455495, 1636468455667, 172, 0, 172, 0, 0, 0
4823, 1, 1636468455787, 1636468455959, 172, 0, 172, 0, 0, 0
4824, 1, 1636468455839, 1636468456010, 171, 0, 171, 0, 0, 0
4825, 1, 1636468455899, 1636468456071, 172, 0, 172, 0, 0, 0
4826, 1, 1636468455943, 1636468456115, 172, 0, 172, 0, 0, 0
4827, 1, 1636468455991, 1636468456163, 172, 0, 172, 0, 0, 0
4828, 1, 1636468456099, 1636468456271, 172, 0, 172, 0, 0, 0
4829, 1, 1636468456123, 1636468456295, 172, 0, 172, 0, 0, 0
4830, 1, 1636468456163, 1636468456335, 172, 0, 172, 0, 0, 0
4831, 1, 1636468456171, 1636468456343, 172, 0, 172, 0, 0, 0
4832, 1, 1636468456267, 1636468456443, 176, 0, 176, 0, 0, 0
4833, 1, 1636468456355, 1636468456531, 176, 0, 176, 0, 0, 0
4834, 1, 1636468456519, 1636468456691, 172, 0, 172, 0, 0, 0
4835, 1, 1636468456539, 1636468456715, 176, 0, 176, 0, 0, 0
4836, 1, 1636468456555, 1636468456727, 172, 0, 172, 0, 0, 0
4837, 1, 1636468456579, 1636468456751, 172, 0, 172, 0, 0, 0
4838, 1, 1636468456659, 1636468456831, 172, 0, 172, 0, 0, 0
4839, 1, 1636468456727, 1636468456899, 172, 0, 172, 0, 0, 0
4840, 1, 1636468456763, 1636468456935, 172, 0, 172, 0, 0, 0
4841, 1, 1636468456895, 1636468457067, 172, 0, 172, 0, 0, 0
4842, 1, 1636468457115, 1636468457287, 172, 0, 172, 0, 0, 0
4843, 1, 1636468457183, 1636468457355, 172, 0, 172, 0, 0, 0
4844, 1, 1636468457191, 1636468457363, 172, 0, 172, 0, 0, 0
4845, 1, 1636468457211, 1636468457383, 172, 0, 172, 0, 0, 0
4846, 1, 1636468457391, 1636468457563, 172, 0, 172, 0, 0, 0
4848, 1, 1636468457423, 1636468457595, 172, 0, 172, 0, 0, 0
4847, 1, 1636468457463, 1636468457635, 172, 0, 172, 0, 0, 0
4849, 1, 1636468457491, 1636468457663, 172, 0, 172, 0, 0, 0
4850, 1, 1636468457535, 1636468457707, 172, 0, 172, 0, 0, 0
4851, 1, 1636468457639, 1636468457811, 172, 0, 172, 0, 0, 0
4852, 1, 1636468457699, 1636468457871, 172, 0, 172, 0, 0, 0
4854, 1, 1636468457835, 1636468458007, 172, 0, 172, 0, 0, 0
4855, 1, 1636468457851, 1636468458023, 172, 0, 172, 0, 0, 0
4853, 1, 1636468457883, 1636468458055, 172, 0, 172, 0, 0, 0
4856, 1, 1636468457943, 1636468458115, 172, 0, 172, 0, 0, 0
4857, 1, 1636468457951, 1636468458123, 172, 0, 172, 0, 0, 0
4858, 1, 1636468458043, 1636468458215, 172, 0, 172, 0, 0, 0
4859, 1, 1636468458099, 1636468458271, 172, 0, 172, 0, 0, 0
4860, 1, 1636468458219, 1636468458395, 176, 0, 176, 0, 0, 0
4861, 1, 1636468458451, 1636468458623, 172, 0, 172, 0, 0, 0
4863, 1, 1636468458543, 1636468458719, 176, 0, 176, 0, 0, 0
4864, 1, 1636468458559, 1636468458731, 172, 0, 172, 0, 0, 0
4862, 1, 1636468458571, 1636468458743, 172, 0, 172, 0, 0, 0
4865, 1, 1636468458667, 1636468458839, 172, 0, 172, 0, 0, 0
4866, 1, 1636468458743, 1636468458915, 172, 0, 172, 0, 0, 0
4867, 1, 1636468458755, 1636468458927, 172, 0, 172, 0, 0, 0
4868, 1, 1636468458839, 1636468459015, 176, 0, 176, 0, 0, 0
4869, 1, 1636468458887, 1636468459067, 180, 0, 180, 0, 0, 0
4870, 1, 1636468459007, 1636468459183, 176, 0, 176, 0, 0, 0
4871, 1, 1636468459059, 1636468459231, 172, 0, 172, 0, 0, 0
4873, 1, 1636468459175, 1636468459347, 172, 0, 172, 0, 0, 0
4872, 1, 1636468459195, 1636468459367, 172, 0, 172, 0, 0, 0
4874, 1, 1636468459215, 1636468459387, 172, 0, 172, 0, 0, 0
4875, 1, 1636468459219, 1636468459391, 172, 0, 172, 0, 0, 0
4877, 1, 1636468459351, 1636468459531, 180, 0, 180, 0, 0, 0
4878, 1, 1636468459467, 1636468459639, 172, 0, 172, 0, 0, 0
4879, 1, 1636468459511, 1636468459683, 172, 0, 172, 0, 0, 0
4876, 1, 1636468459563, 1636468459735, 172, 0, 172, 0, 0, 0
4880, 1, 1636468459747, 1636468459919, 172, 0, 172, 0, 0, 0
4881, 1, 1636468459843, 1636468460015, 172, 0, 172, 0, 0, 0
4882, 1, 1636468459863, 1636468460039, 176, 0, 176, 0, 0, 0
4883, 1, 1636468459939, 1636468460111, 172, 0, 172, 0, 0, 0
4884, 1, 1636468459955, 1636468460131, 176, 0, 176, 0, 0, 0
4885, 1, 1636468460115, 1636468460287, 172, 0, 172, 0, 0, 0
4886, 1, 1636468460151, 1636468460327, 176, 0, 176, 0, 0, 0
4887, 1, 1636468460171, 1636468460343, 172, 0, 172, 0, 0, 0
4888, 1, 1636468460267, 1636468460439, 172, 0, 172, 0, 0, 0
4889, 1, 1636468460307, 1636468460483, 176, 0, 176, 0, 0, 0
4890, 1, 1636468460371, 1636468460543, 172, 0, 172, 0, 0, 0
4892, 1, 1636468460483, 1636468460655, 172, 0, 172, 0, 0, 0
4891, 1, 1636468460519, 1636468460691, 172, 0, 172, 0, 0, 0
4893, 1, 1636468460531, 1636468460707, 176, 0, 176, 0, 0, 0
4894, 1, 1636468460575, 1636468460747, 172, 0, 172, 0, 0, 0
4895, 1, 1636468460683, 1636468460855, 172, 0, 172, 0, 0, 0
4896, 1, 1636468460723, 1636468460895, 172, 0, 172, 0, 0, 0
4897, 1, 1636468460731, 1636468460903, 172, 0, 172, 0, 0, 0
4898, 1, 1636468460799, 1636468460971, 172, 0, 172, 0, 0, 0
4899, 1, 1636468461139, 1636468461311, 172, 0, 172, 0, 0, 0
4900, 1, 1636468461159, 1636468461335, 176, 0, 176, 0, 0, 0
4901, 1, 1636468461163, 1636468461335, 172, 0, 172, 0, 0, 0
4902, 1, 1636468461215, 1636468461387, 172, 0, 172, 0, 0, 0
4903, 1, 1636468461327, 1636468461499, 172, 0, 172, 0, 0, 0
4904, 1, 1636468461439, 1636468461615, 176, 0, 176, 0, 0, 0
4905, 1, 1636468461527, 1636468461703, 176, 0, 176, 0, 0, 0
4906, 1, 1636468461559, 1636468461731, 172, 0, 172, 0, 0, 0
4907, 1, 1636468461567, 1636468461739, 172, 0, 172, 0, 0, 0
4909, 1, 1636468461691, 1636468461863, 172, 0, 172, 0, 0, 0
4908, 1, 1636468461787, 1636468461959, 172, 0, 172, 0, 0, 0
4911, 1, 1636468461915, 1636468462087, 172, 0, 172, 0, 0, 0
4912, 1, 1636468461927, 1636468462099, 172, 0, 172, 0, 0, 0
4913, 1, 1636468461963, 1636468462135, 172, 0, 172, 0, 0, 0
4914, 1, 1636468461995, 1636468462167, 172, 0, 172, 0, 0, 0
4915, 1, 1636468462035, 1636468462207, 172, 0, 172, 0, 0, 0
4910, 1, 1636468462139, 1636468462311, 172, 0, 172, 0, 0, 0
4917, 1, 1636468462183, 1636468462355, 172, 0, 172, 0, 0, 0
4918, 1, 1636468462403, 1636468462583, 180, 0, 180, 0, 0, 0
4916, 1, 1636468462487, 1636468462659, 172, 0, 172, 0, 0, 0
4919, 1, 1636468462519, 1636468462691, 172, 0, 172, 0, 0, 0
4920, 1, 1636468462551, 1636468462723, 172, 0, 172, 0, 0, 0
4921, 1, 1636468462559, 1636468462731, 172, 0, 172, 0, 0, 0
4922, 1, 1636468462607, 1636468462779, 172, 0, 172, 0, 0, 0
4923, 1, 1636468462707, 1636468462879, 172, 0, 172, 0, 0, 0
4924, 1, 1636468462843, 1636468463015, 172, 0, 172, 0, 0, 0
4926, 1, 1636468462955, 1636468463127, 172, 0, 172, 0, 0, 0
4927, 1, 1636468462967, 1636468463139, 172, 0, 172, 0, 0, 0
4928, 1, 1636468463091, 1636468463263, 172, 0, 172, 0, 0, 0
4929, 1, 1636468463127, 1636468463299, 172, 0, 172, 0, 0, 0
4931, 1, 1636468463191, 1636468463367, 176, 0, 176, 0, 0, 0
4925, 1, 1636468463191, 1636468463367, 176, 0, 176, 0, 0, 0
4930, 1, 1636468463299, 1636468463471, 172, 0, 172, 0, 0, 0
4932, 1, 1636468463355, 1636468463527, 172, 0, 172, 0, 0, 0
4934, 1, 1636468463403, 1636468463575, 172, 0, 172, 0, 0, 0
4935, 1, 1636468463431, 1636468463603, 172, 0, 172, 0, 0, 0
4936, 1, 1636468463495, 1636468463667, 172, 0, 172, 0, 0, 0
4933, 1, 1636468463543, 1636468463715, 172, 0, 172, 0, 0, 0
4937, 1, 1636468463695, 1636468463867, 172, 0, 172, 0, 0, 0
4938, 1, 1636468463839, 1636468464011, 172, 0, 172, 0, 0, 0
4939, 1, 1636468463843, 1636468464015, 172, 0, 172, 0, 0, 0
4940, 1, 1636468463947, 1636468464119, 172, 0, 172, 0, 0, 0
4941, 1, 1636468463991, 1636468464163, 172, 0, 172, 0, 0, 0
4942, 1, 1636468464011, 1636468464183, 172, 0, 172, 0, 0, 0
4943, 1, 1636468464215, 1636468464387, 172, 0, 172, 0, 0, 0
4944, 1, 1636468464223, 1636468464395, 172, 0, 172, 0, 0, 0
4945, 1, 1636468464279, 1636468464451, 172, 0, 172, 0, 0, 0
4946, 1, 1636468464347, 1636468464519, 172, 0, 172, 0, 0, 0
4947, 1, 1636468464415, 1636468464587, 172, 0, 172, 0, 0, 0
4948, 1, 1636468464423, 1636468464595, 172, 0, 172, 0, 0, 0
4949, 1, 1636468464470, 1636468464643, 173, 1, 172, 1, 0, 1
4950, 1, 1636468464487, 1636468464659, 172, 0, 172, 0, 0, 0
4952, 1, 1636468464655, 1636468464835, 180, 0, 180, 0, 0, 0
4953, 1, 1636468464663, 1636468464835, 172, 0, 172, 0, 0, 0
4954, 1, 1636468464683, 1636468464859, 176, 0, 176, 0, 0, 0
4951, 1, 1636468464699, 1636468464871, 172, 0, 172, 0, 0, 0
4955, 1, 1636468464735, 1636468464907, 172, 0, 172, 0, 0, 0
4956, 1, 1636468464891, 1636468465063, 172, 0, 172, 0, 0, 0
4957, 1, 1636468465067, 1636468465243, 176, 0, 176, 0, 0, 0
4958, 1, 1636468465119, 1636468465291, 172, 0, 172, 0, 0, 0
4959, 1, 1636468465139, 1636468465311, 172, 0, 172, 0, 0, 0
4960, 1, 1636468465303, 1636468465479, 176, 0, 176, 0, 0, 0
4961, 1, 1636468465343, 1636468465515, 172, 0, 172, 0, 0, 0
4962, 1, 1636468465371, 1636468465543, 172, 0, 172, 0, 0, 0
4963, 1, 1636468465523, 1636468465695, 172, 0, 172, 0, 0, 0
4964, 1, 1636468465535, 1636468465711, 176, 0, 176, 0, 0, 0
4965, 1, 1636468465582, 1636468465759, 177, 1, 176, 0, 0, 0
4966, 1, 1636468465671, 1636468465843, 172, 0, 172, 0, 0, 0
4967, 1, 1636468465743, 1636468465915, 172, 0, 172, 0, 0, 0
4968, 1, 1636468465819, 1636468465991, 172, 0, 172, 0, 0, 0
4969, 1, 1636468465839, 1636468466015, 176, 0, 176, 0, 0, 0
4970, 1, 1636468465859, 1636468466031, 172, 0, 172, 0, 0, 0
4972, 1, 1636468465955, 1636468466127, 172, 0, 172, 0, 0, 0
4973, 1, 1636468465999, 1636468466171, 172, 0, 172, 0, 0, 0
4971, 1, 1636468466023, 1636468466195, 172, 0, 172, 0, 0, 0
4975, 1, 1636468466039, 1636468466211, 172, 0, 172, 0, 0, 0
4974, 1, 1636468466043, 1636468466215, 172, 0, 172, 0, 0, 0
4976, 1, 1636468466151, 1636468466323, 172, 0, 172, 0, 0, 0
4977, 1, 1636468466447, 1636468466623, 176, 0, 176, 0, 0, 0
4978, 1, 1636468466475, 1636468466647, 172, 0, 172, 0, 0, 0
4979, 1, 1636468466487, 1636468466663, 176, 0, 176, 0, 0, 0
4980, 1, 1636468466599, 1636468466771, 172, 0, 172, 0, 0, 0
4981, 1, 1636468466659, 1636468466831, 172, 0, 172, 0, 0, 0
4982, 1, 1636468466679, 1636468466851, 172, 0, 172, 0, 0, 0
4983, 1, 1636468466827, 1636468466999, 172, 0, 172, 0, 0, 0
4984, 1, 1636468466899, 1636468467071, 172, 0, 172, 0, 0, 0
4985, 1, 1636468466935, 1636468467107, 172, 0, 172, 0, 0, 0
4986, 1, 1636468466987, 1636468467159, 172, 0, 172, 0, 0, 0
4987, 1, 1636468467023, 1636468467195, 172, 0, 172, 0, 0, 0
4988, 1, 1636468467111, 1636468467283, 172, 0, 172, 0, 0, 0
4990, 1, 1636468467167, 1636468467339, 172, 0, 172, 0, 0, 0
4991, 1, 1636468467239, 1636468467415, 176, 0, 176, 0, 0, 0
4992, 1, 1636468467303, 1636468467475, 172, 0, 172, 0, 0, 0
4993, 1, 1636468467323, 1636468467495, 172, 0, 172, 0, 0, 0
4989, 1, 1636468467331, 1636468467503, 172, 0, 172, 0, 0, 0
4994, 1, 1636468467351, 1636468467523, 172, 0, 172, 0, 0, 0
4995, 1, 1636468467419, 1636468467591, 172, 0, 172, 0, 0, 0
4996, 1, 1636468467431, 1636468467603, 172, 0, 172, 0, 0, 0
4997, 1, 1636468467723, 1636468467895, 172, 0, 172, 0, 0, 0
4998, 1, 1636468467823, 1636468467995, 172, 0, 172, 0, 0, 0
4999, 1, 1636468467867, 1636468468039, 172, 0, 172, 0, 0, 0
5000, 1, 1636468467963, 1636468468135, 172, 0, 172, 0, 0, 0
5001, 1, 1636468467987, 1636468468159, 172, 0, 172, 0, 0, 0
5002, 1, 1636468468063, 1636468468235, 172, 0, 172, 0, 0, 0
5003, 1, 1636468468139, 1636468468315, 176, 0, 176, 0, 0, 0
5005, 1, 1636468468231, 1636468468407, 176, 0, 176, 0, 0, 0
5004, 1, 1636468468231, 1636468468407, 176, 0, 176, 0, 0, 0
5006, 1, 1636468468287, 1636468468459, 172, 0, 172, 0, 0, 0
5007, 1, 1636468468355, 1636468468527, 172, 0, 172, 0, 0, 0
5008, 1, 1636468468387, 1636468468559, 172, 0, 172, 0, 0, 0
5010, 1, 1636468468483, 1636468468655, 172, 0, 172, 0, 0, 0
5011, 1, 1636468468515, 1636468468687, 172, 0, 172, 0, 0, 0
5012, 1, 1636468468619, 1636468468790, 171, 0, 171, 0, 0, 0
5009, 1, 1636468468635, 1636468468807, 172, 0, 172, 0, 0, 0
5013, 1, 1636468468691, 1636468468863, 172, 0, 172, 0, 0, 0
5014, 1, 1636468468706, 1636468468879, 173, 1, 172, 0, 0, 0
5015, 1, 1636468468747, 1636468468919, 172, 0, 172, 0, 0, 0
5016, 1, 1636468468799, 1636468468971, 172, 0, 172, 0, 0, 0
5017, 1, 1636468469027, 1636468469199, 172, 0, 172, 0, 0, 0
5018, 1, 1636468469103, 1636468469275, 172, 0, 172, 0, 0, 0
5019, 1, 1636468469143, 1636468469315, 172, 0, 172, 0, 0, 0
5020, 1, 1636468469291, 1636468469467, 176, 0, 176, 0, 0, 0
5021, 1, 1636468469347, 1636468469519, 172, 0, 172, 0, 0, 0
5022, 1, 1636468469355, 1636468469535, 180, 0, 180, 0, 0, 0
5023, 1, 1636468469475, 1636468469647, 172, 0, 172, 0, 0, 0
5024, 1, 1636468469523, 1636468469699, 176, 0, 176, 0, 0, 0
5025, 1, 1636468469543, 1636468469715, 172, 0, 172, 0, 0, 0
5026, 1, 1636468469599, 1636468469771, 172, 0, 172, 0, 0, 0
5027, 1, 1636468469743, 1636468469915, 172, 0, 172, 0, 0, 0
5028, 1, 1636468469763, 1636468469935, 172, 0, 172, 0, 0, 0
5030, 1, 1636468469807, 1636468469979, 172, 0, 172, 0, 0, 0
5031, 1, 1636468469819, 1636468469991, 172, 0, 172, 0, 0, 0
5029, 1, 1636468469943, 1636468470115, 172, 0, 172, 0, 0, 0
5032, 1, 1636468469950, 1636468470123, 173, 1, 172, 0, 0, 0
5033, 1, 1636468469987, 1636468470159, 172, 0, 172, 0, 0, 0
5035, 1, 1636468470019, 1636468470191, 172, 0, 172, 0, 0, 0
5034, 1, 1636468470019, 1636468470191, 172, 0, 172, 0, 0, 0
5036, 1, 1636468470167, 1636468470339, 172, 0, 172, 0, 0, 0
5037, 1, 1636468470343, 1636468470515, 172, 0, 172, 0, 0, 0
5038, 1, 1636468470383, 1636468470559, 176, 0, 176, 0, 0, 0
5039, 1, 1636468470479, 1636468470651, 172, 0, 172, 0, 0, 0
5040, 1, 1636468470619, 1636468470791, 172, 0, 172, 0, 0, 0
5041, 1, 1636468470627, 1636468470799, 172, 0, 172, 0, 0, 0
5042, 1, 1636468470655, 1636468470827, 172, 0, 172, 0, 0, 0
5043, 1, 1636468470811, 1636468470983, 172, 0, 172, 0, 0, 0
5045, 1, 1636468470895, 1636468471067, 172, 0, 172, 0, 0, 0
5046, 1, 1636468470935, 1636468471107, 172, 0, 172, 0, 0, 0
5047, 1, 1636468471075, 1636468471247, 172, 0, 172, 0, 0, 0
5048, 1, 1636468471083, 1636468471255, 172, 0, 172, 0, 0, 0
5049, 1, 1636468471119, 1636468471291, 172, 0, 172, 0, 0, 0
5050, 1, 1636468471139, 1636468471315, 176, 0, 176, 0, 0, 0
5044, 1, 1636468471155, 1636468471327, 172, 0, 172, 0, 0, 0
5051, 1, 1636468471283, 1636468471455, 172, 0, 172, 0, 0, 0
5053, 1, 1636468471315, 1636468471487, 172, 0, 172, 0, 0, 0
5055, 1, 1636468471363, 1636468471535, 172, 0, 172, 0, 0, 0
5056, 1, 1636468471431, 1636468471603, 172, 0, 172, 0, 0, 0
5052, 1, 1636468471503, 1636468471675, 172, 0, 172, 0, 0, 0
5057, 1, 1636468471667, 1636468471839, 172, 0, 172, 0, 0, 0
5058, 1, 1636468471723, 1636468471895, 172, 0, 172, 0, 0, 0
5059, 1, 1636468471743, 1636468471915, 172, 0, 172, 0, 0, 0
5054, 1, 1636468471847, 1636468472023, 176, 0, 176, 0, 0, 0
5060, 1, 1636468471959, 1636468472131, 172, 0, 172, 0, 0, 0
5061, 1, 1636468471959, 1636468472131, 172, 0, 172, 0, 0, 0
5062, 1, 1636468472015, 1636468472187, 172, 0, 172, 0, 0, 0
5064, 1, 1636468472135, 1636468472307, 172, 0, 172, 0, 0, 0
5063, 1, 1636468472195, 1636468472367, 172, 0, 172, 0, 0, 0
5066, 1, 1636468472271, 1636468472443, 172, 0, 172, 0, 0, 0
5068, 1, 1636468472407, 1636468472579, 172, 0, 172, 0, 0, 0
5067, 1, 1636468472407, 1636468472579, 172, 0, 172, 0, 0, 0
5069, 1, 1636468472419, 1636468472595, 176, 0, 176, 0, 0, 0
5070, 1, 1636468472459, 1636468472631, 172, 0, 172, 0, 0, 0
5065, 1, 1636468472543, 1636468472715, 172, 0, 172, 0, 0, 0
5073, 1, 1636468472579, 1636468472751, 172, 0, 172, 0, 0, 0
5074, 1, 1636468472643, 1636468472815, 172, 0, 172, 0, 0, 0
5075, 1, 1636468472739, 1636468472911, 172, 0, 172, 0, 0, 0
5076, 1, 1636468472743, 1636468472915, 172, 0, 172, 0, 0, 0
5077, 1, 1636468473039, 1636468473211, 172, 0, 172, 0, 0, 0
5078, 1, 1636468473055, 1636468473227, 172, 0, 172, 0, 0, 0
5079, 1, 1636468473119, 1636468473291, 172, 0, 172, 0, 0, 0
5080, 1, 1636468473223, 1636468473395, 172, 0, 172, 0, 0, 0
5082, 1, 1636468473387, 1636468473559, 172, 0, 172, 0, 0, 0
5083, 1, 1636468473403, 1636468473575, 172, 0, 172, 0, 0, 0
5084, 1, 1636468473439, 1636468473611, 172, 0, 172, 0, 0, 0
5085, 1, 1636468473535, 1636468473707, 172, 0, 172, 0, 0, 0
5087, 1, 1636468473735, 1636468473907, 172, 0, 172, 0, 0, 0
5089, 1, 1636468473791, 1636468473963, 172, 0, 172, 0, 0, 0
5090, 1, 1636468473823, 1636468473995, 172, 0, 172, 0, 0, 0
5091, 1, 1636468473903, 1636468474075, 172, 0, 172, 0, 0, 0
5092, 1, 1636468473955, 1636468474127, 172, 0, 172, 0, 0, 0
5093, 1, 1636468473999, 1636468474171, 172, 0, 172, 0, 0, 0
5094, 1, 1636468474023, 1636468474195, 172, 0, 172, 0, 0, 0
5095, 1, 1636468474379, 1636468474551, 172, 0, 172, 0, 0, 0
5096, 1, 1636468474399, 1636468474571, 172, 0, 172, 0, 0, 0
5097, 1, 1636468474407, 1636468474579, 172, 0, 172, 0, 0, 0
5098, 1, 1636468474515, 1636468474687, 172, 0, 172, 0, 0, 0
5099, 1, 1636468474667, 1636468474843, 176, 0, 176, 0, 0, 0
5100, 1, 1636468474667, 1636468474843, 176, 0, 176, 0, 0, 0
5101, 1, 1636468474775, 1636468474947, 172, 0, 172, 0, 0, 0
5102, 1, 1636468474875, 1636468475047, 172, 0, 172, 0, 0, 0
5103, 1, 1636468475055, 1636468475227, 172, 0, 172, 0, 0, 0
5105, 1, 1636468475159, 1636468475331, 172, 0, 172, 0, 0, 0
5104, 1, 1636468475159, 1636468475335, 176, 0, 176, 0, 0, 0
5107, 1, 1636468475175, 1636468475347, 172, 0, 172, 0, 0, 0
5106, 1, 1636468475219, 1636468475391, 172, 0, 172, 0, 0, 0
5108, 1, 1636468475287, 1636468475459, 172, 0, 172, 0, 0, 0
5109, 1, 1636468475295, 1636468475467, 172, 0, 172, 0, 0, 0
5110, 1, 1636468475295, 1636468475467, 172, 0, 172, 0, 0, 0
5111, 1, 1636468475319, 1636468475491, 172, 0, 172, 0, 0, 0
5112, 1, 1636468475643, 1636468475815, 172, 0, 172, 0, 0, 0
5113, 1, 1636468475679, 1636468475851, 172, 0, 172, 0, 0, 0
5088, 1, 1636468475691, 1636468475863, 172, 0, 172, 0, 0, 0
5114, 1, 1636468475727, 1636468475899, 172, 0, 172, 0, 0, 0
5115, 1, 1636468475735, 1636468475911, 176, 0, 176, 0, 0, 0
5116, 1, 1636468475855, 1636468476031, 176, 0, 176, 0, 0, 0
5117, 1, 1636468475955, 1636468476127, 172, 0, 172, 0, 0, 0
5119, 1, 1636468476011, 1636468476183, 172, 0, 172, 0, 0, 0
5120, 1, 1636468476055, 1636468476231, 176, 0, 176, 0, 0, 0
5118, 1, 1636468476067, 1636468476239, 172, 0, 172, 0, 0, 0
5121, 1, 1636468476139, 1636468476311, 172, 0, 172, 0, 0, 0
5122, 1, 1636468476367, 1636468476539, 172, 0, 172, 0, 0, 0
5123, 1, 1636468476375, 1636468476551, 176, 0, 176, 0, 0, 0
5124, 1, 1636468476415, 1636468476591, 176, 0, 176, 0, 0, 0
5125, 1, 1636468476439, 1636468476611, 172, 0, 172, 0, 0, 0
5126, 1, 1636468476455, 1636468476631, 176, 0, 176, 0, 0, 0
5127, 1, 1636468476547, 1636468476719, 172, 0, 172, 0, 0, 0
5128, 1, 1636468476571, 1636468476743, 172, 0, 172, 0, 0, 0
5129, 1, 1636468476607, 1636468476779, 172, 0, 172, 0, 0, 0
5130, 1, 1636468476647, 1636468476819, 172, 0, 172, 0, 0, 0
5131, 1, 1636468476663, 1636468476839, 176, 0, 176, 0, 0, 0
5132, 1, 1636468476895, 1636468477067, 172, 0, 172, 0, 0, 0
5133, 1, 1636468476991, 1636468477167, 176, 0, 176, 0, 0, 0
5134, 1, 1636468477007, 1636468477183, 176, 0, 176, 0, 0, 0
5135, 1, 1636468477019, 1636468477195, 176, 0, 176, 0, 0, 0
5136, 1, 1636468477231, 1636468477403, 172, 0, 172, 0, 0, 0
5137, 1, 1636468477255, 1636468477427, 172, 0, 172, 0, 0, 0
5138, 1, 1636468477279, 1636468477451, 172, 0, 172, 0, 0, 0
5139, 1, 1636468477299, 1636468477475, 176, 0, 176, 0, 0, 0
5140, 1, 1636468477335, 1636468477511, 176, 0, 176, 0, 0, 0
5141, 1, 1636468477431, 1636468477603, 172, 0, 172, 0, 0, 0
5142, 1, 1636468477671, 1636468477843, 172, 0, 172, 0, 0, 0
5143, 1, 1636468477715, 1636468477887, 172, 0, 172, 0, 0, 0
5144, 1, 1636468477719, 1636468477895, 176, 0, 176, 0, 0, 0
5145, 1, 1636468477739, 1636468477915, 176, 0, 176, 0, 0, 0
5146, 1, 1636468477751, 1636468477923, 172, 0, 172, 0, 0, 0
5147, 1, 1636468477819, 1636468477991, 172, 0, 172, 0, 0, 0
5148, 1, 1636468477851, 1636468478023, 172, 0, 172, 0, 0, 0
5150, 1, 1636468477967, 1636468478139, 172, 0, 172, 0, 0, 0
5151, 1, 1636468478039, 1636468478211, 172, 0, 172, 0, 0, 0
5149, 1, 1636468478163, 1636468478335, 172, 0, 172, 0, 0, 0
5152, 1, 1636468478251, 1636468478423, 172, 0, 172, 0, 0, 0
5153, 1, 1636468478291, 1636468478463, 172, 0, 172, 0, 0, 0
5154, 1, 1636468478355, 1636468478531, 176, 0, 176, 0, 0, 0
5155, 1, 1636468478511, 1636468478683, 172, 0, 172, 0, 0, 0
5156, 1, 1636468478515, 1636468478687, 172, 0, 172, 0, 0, 0
5157, 1, 1636468478535, 1636468478707, 172, 0, 172, 0, 0, 0
5158, 1, 1636468478547, 1636468478719, 172, 0, 172, 0, 0, 0
5159, 1, 1636468478591, 1636468478763, 172, 0, 172, 0, 0, 0
5160, 1, 1636468478739, 1636468478911, 172, 0, 172, 0, 0, 0
5161, 1, 1636468478819, 1636468478991, 172, 0, 172, 0, 0, 0
5163, 1, 1636468479015, 1636468479187, 172, 0, 172, 0, 0, 0
5162, 1, 1636468479011, 1636468479187, 176, 0, 176, 0, 0, 0
5164, 1, 1636468479039, 1636468479215, 176, 0, 176, 0, 0, 0
5165, 1, 1636468479059, 1636468479235, 176, 0, 176, 0, 0, 0
5166, 1, 1636468479095, 1636468479267, 172, 0, 172, 0, 0, 0
5167, 1, 1636468479095, 1636468479267, 172, 0, 172, 0, 0, 0
5168, 1, 1636468479243, 1636468479419, 176, 0, 176, 0, 0, 0
5169, 1, 1636468479243, 1636468479419, 176, 0, 176, 0, 0, 0
5170, 1, 1636468479251, 1636468479427, 176, 0, 176, 0, 0, 0
5171, 1, 1636468479323, 1636468479495, 172, 0, 172, 0, 0, 0
5172, 1, 1636468479535, 1636468479707, 172, 0, 172, 0, 0, 0
5173, 1, 1636468479631, 1636468479807, 176, 0, 176, 0, 0, 0
5174, 1, 1636468479655, 1636468479827, 172, 0, 172, 0, 0, 0
5175, 1, 1636468479739, 1636468479915, 176, 0, 176, 0, 0, 0
5176, 1, 1636468479787, 1636468479959, 172, 0, 172, 0, 0, 0
5177, 1, 1636468479811, 1636468479983, 172, 0, 172, 0, 0, 0
5178, 1, 1636468479899, 1636468480071, 172, 0, 172, 0, 0, 0
5179, 1, 1636468479939, 1636468480111, 172, 0, 172, 0, 0, 0
5180, 1, 1636468480011, 1636468480183, 172, 0, 172, 0, 0, 0
5181, 1, 1636468480195, 1636468480367, 172, 0, 172, 0, 0, 0
5182, 1, 1636468480291, 1636468480463, 172, 0, 172, 0, 0, 0
5183, 1, 1636468480315, 1636468480491, 176, 0, 176, 0, 0, 0
5184, 1, 1636468480379, 1636468480555, 176, 0, 176, 0, 0, 0
5185, 1, 1636468480391, 1636468480563, 172, 0, 172, 0, 0, 0
5186, 1, 1636468480427, 1636468480599, 172, 0, 172, 0, 0, 0
5187, 1, 1636468480439, 1636468480615, 176, 0, 176, 0, 0, 0
5188, 1, 1636468480523, 1636468480695, 172, 0, 172, 0, 0, 0
5189, 1, 1636468480595, 1636468480767, 172, 0, 172, 0, 0, 0
5190, 1, 1636468480599, 1636468480771, 172, 0, 172, 0, 0, 0
5191, 1, 1636468480631, 1636468480803, 172, 0, 172, 0, 0, 0
5192, 1, 1636468480807, 1636468480979, 172, 0, 172, 0, 0, 0
5194, 1, 1636468481003, 1636468481175, 172, 0, 172, 0, 0, 0
5193, 1, 1636468480999, 1636468481175, 176, 0, 176, 0, 0, 0
5195, 1, 1636468481007, 1636468481183, 176, 0, 176, 0, 0, 0
5196, 1, 1636468481143, 1636468481315, 172, 0, 172, 0, 0, 0
5197, 1, 1636468481179, 1636468481351, 172, 0, 172, 0, 0, 0
5198, 1, 1636468481191, 1636468481363, 172, 0, 172, 0, 0, 0
5199, 1, 1636468481295, 1636468481467, 172, 0, 172, 0, 0, 0
5200, 1, 1636468481311, 1636468481483, 172, 0, 172, 0, 0, 0
5201, 1, 1636468481479, 1636468481651, 172, 0, 172, 0, 0, 0
5202, 1, 1636468481567, 1636468481739, 172, 0, 172, 0, 0, 0
5203, 1, 1636468481695, 1636468481867, 172, 0, 172, 0, 0, 0
5204, 1, 1636468481699, 1636468481871, 172, 0, 172, 0, 0, 0
5205, 1, 1636468481703, 1636468481875, 172, 0, 172, 0, 0, 0
5206, 1, 1636468481739, 1636468481911, 172, 0, 172, 0, 0, 0
5207, 1, 1636468481746, 1636468481923, 177, 1, 176, 0, 0, 0
5208, 1, 1636468481803, 1636468481975, 172, 0, 172, 0, 0, 0
5209, 1, 1636468481943, 1636468482115, 172, 0, 172, 0, 0, 0
5210, 1, 1636468481943, 1636468482115, 172, 0, 172, 0, 0, 0
5211, 1, 1636468481967, 1636468482139, 172, 0, 172, 0, 0, 0
5212, 1, 1636468482147, 1636468482323, 176, 0, 176, 0, 0, 0
5213, 1, 1636468482275, 1636468482447, 172, 0, 172, 0, 0, 0
5214, 1, 1636468482295, 1636468482471, 176, 0, 176, 0, 0, 0
5215, 1, 1636468482311, 1636468482483, 172, 0, 172, 0, 0, 0
5216, 1, 1636468482463, 1636468482639, 176, 0, 176, 0, 0, 0
5217, 1, 1636468482519, 1636468482691, 172, 0, 172, 0, 0, 0
5218, 1, 1636468482559, 1636468482731, 172, 0, 172, 0, 0, 0
5219, 1, 1636468482595, 1636468482771, 176, 0, 176, 0, 0, 0
5220, 1, 1636468482671, 1636468482843, 172, 0, 172, 0, 0, 0
5221, 1, 1636468482743, 1636468482919, 176, 0, 176, 0, 0, 0
5222, 1, 1636468482943, 1636468483115, 172, 0, 172, 0, 0, 0
5223, 1, 1636468482991, 1636468483163, 172, 0, 172, 0, 0, 0
5224, 1, 1636468483043, 1636468483215, 172, 0, 172, 0, 0, 0
5225, 1, 1636468483043, 1636468483215, 172, 0, 172, 0, 0, 0
5226, 1, 1636468483059, 1636468483231, 172, 0, 172, 0, 0, 0
5227, 1, 1636468483095, 1636468483267, 172, 0, 172, 0, 0, 0
5228, 1, 1636468483191, 1636468483363, 172, 0, 172, 0, 0, 0
5229, 1, 1636468483227, 1636468483399, 172, 0, 172, 0, 0, 0
5230, 1, 1636468483247, 1636468483423, 176, 0, 176, 0, 0, 0
5231, 1, 1636468483319, 1636468483491, 172, 0, 172, 0, 0, 0
5232, 1, 1636468483519, 1636468483691, 172, 0, 172, 0, 0, 0
5233, 1, 1636468483555, 1636468483727, 172, 0, 172, 0, 0, 0
5234, 1, 1636468483567, 1636468483743, 176, 0, 176, 0, 0, 0
5235, 1, 1636468483611, 1636468483783, 172, 0, 172, 0, 0, 0
5236, 1, 1636468483791, 1636468483963, 172, 0, 172, 0, 0, 0
5237, 1, 1636468483843, 1636468484015, 172, 0, 172, 0, 0, 0
5238, 1, 1636468483871, 1636468484043, 172, 0, 172, 0, 0, 0
5240, 1, 1636468484011, 1636468484183, 172, 0, 172, 0, 0, 0
5241, 1, 1636468484091, 1636468484263, 172, 0, 172, 0, 0, 0
5239, 1, 1636468484219, 1636468484391, 172, 0, 172, 0, 0, 0
5242, 1, 1636468484291, 1636468484467, 176, 0, 176, 0, 0, 0
5243, 1, 1636468484295, 1636468484467, 172, 0, 172, 0, 0, 0
5244, 1, 1636468484347, 1636468484523, 176, 0, 176, 0, 0, 0
5246, 1, 1636468484439, 1636468484611, 172, 0, 172, 0, 0, 0
5247, 1, 1636468484463, 1636468484635, 172, 0, 172, 0, 0, 0
5248, 1, 1636468484535, 1636468484711, 176, 0, 176, 0, 0, 0
5249, 1, 1636468484535, 1636468484711, 176, 0, 176, 0, 0, 0
5245, 1, 1636468484567, 1636468484739, 172, 0, 172, 0, 0, 0
5250, 1, 1636468484603, 1636468484779, 176, 0, 176, 0, 0, 0
5251, 1, 1636468484643, 1636468484815, 172, 0, 172, 0, 0, 0
5252, 1, 1636468484831, 1636468485007, 176, 0, 176, 0, 0, 0
5254, 1, 1636468484907, 1636468485079, 172, 0, 172, 0, 0, 0
5253, 1, 1636468484915, 1636468485091, 176, 0, 176, 0, 0, 0
5255, 1, 1636468484994, 1636468485167, 173, 1, 172, 0, 0, 0
5256, 1, 1636468485083, 1636468485259, 176, 0, 176, 0, 0, 0
5257, 1, 1636468485203, 1636468485375, 172, 0, 172, 0, 0, 0
5258, 1, 1636468485211, 1636468485383, 172, 0, 172, 0, 0, 0
5259, 1, 1636468485243, 1636468485415, 172, 0, 172, 0, 0, 0
5260, 1, 1636468485407, 1636468485579, 172, 0, 172, 0, 0, 0
5261, 1, 1636468485471, 1636468485643, 172, 0, 172, 0, 0, 0
5262, 1, 1636468485619, 1636468485791, 172, 0, 172, 0, 0, 0
5263, 1, 1636468485639, 1636468485811, 172, 0, 172, 0, 0, 0
5264, 1, 1636468485639, 1636468485811, 172, 0, 172, 0, 0, 0
5265, 1, 1636468485691, 1636468485863, 172, 0, 172, 0, 0, 0
5266, 1, 1636468485719, 1636468485891, 172, 0, 172, 0, 0, 0
5267, 1, 1636468485727, 1636468485899, 172, 0, 172, 0, 0, 0
5268, 1, 1636468485795, 1636468485967, 172, 0, 172, 0, 0, 0
5269, 1, 1636468485883, 1636468486055, 172, 0, 172, 0, 0, 0
5270, 1, 1636468485907, 1636468486079, 172, 0, 172, 0, 0, 0
5271, 1, 1636468486003, 1636468486175, 172, 0, 172, 0, 0, 0
5272, 1, 1636468486159, 1636468486335, 176, 0, 176, 0, 0, 0
5273, 1, 1636468486179, 1636468486355, 176, 0, 176, 0, 0, 0
5274, 1, 1636468486211, 1636468486383, 172, 0, 172, 0, 0, 0
5276, 1, 1636468486347, 1636468486519, 172, 0, 172, 0, 0, 0
5275, 1, 1636468486355, 1636468486527, 172, 0, 172, 0, 0, 0
5277, 1, 1636468486491, 1636468486663, 172, 0, 172, 0, 0, 0
5279, 1, 1636468486611, 1636468486783, 172, 0, 172, 0, 0, 0
5278, 1, 1636468486611, 1636468486783, 172, 0, 172, 0, 0, 0
5280, 1, 1636468486747, 1636468486919, 172, 0, 172, 0, 0, 0
5281, 1, 1636468486783, 1636468486955, 172, 0, 172, 0, 0, 0
5282, 1, 1636468486899, 1636468487075, 176, 0, 176, 0, 0, 0
5283, 1, 1636468486943, 1636468487115, 172, 0, 172, 0, 0, 0
5284, 1, 1636468486951, 1636468487123, 172, 0, 172, 0, 0, 0
5285, 1, 1636468486955, 1636468487131, 176, 0, 176, 0, 0, 0
5286, 1, 1636468487007, 1636468487179, 172, 0, 172, 0, 0, 0
5287, 1, 1636468487019, 1636468487195, 176, 0, 176, 0, 0, 0
5288, 1, 1636468487183, 1636468487355, 172, 0, 172, 0, 0, 0
5289, 1, 1636468487195, 1636468487367, 172, 0, 172, 0, 0, 0
5290, 1, 1636468487287, 1636468487463, 176, 0, 176, 0, 0, 0
5291, 1, 1636468487343, 1636468487515, 172, 0, 172, 0, 0, 0
5292, 1, 1636468487467, 1636468487639, 172, 0, 172, 0, 0, 0
5293, 1, 1636468487479, 1636468487655, 176, 0, 176, 0, 0, 0
5294, 1, 1636468487543, 1636468487715, 172, 0, 172, 0, 0, 0
5295, 1, 1636468487691, 1636468487863, 172, 0, 172, 0, 0, 0
5296, 1, 1636468487735, 1636468487907, 172, 0, 172, 0, 0, 0
5297, 1, 1636468487807, 1636468487979, 172, 0, 172, 0, 0, 0
5298, 1, 1636468487871, 1636468488043, 172, 0, 172, 0, 0, 0
5299, 1, 1636468487999, 1636468488171, 172, 0, 172, 0, 0, 0
5300, 1, 1636468488035, 1636468488211, 176, 0, 176, 0, 0, 0
5301, 1, 1636468488139, 1636468488311, 172, 0, 172, 0, 0, 0
5302, 1, 1636468488215, 1636468488387, 172, 0, 172, 0, 0, 0
5303, 1, 1636468488267, 1636468488439, 172, 0, 172, 0, 0, 0
5304, 1, 1636468488267, 1636468488439, 172, 0, 172, 0, 0, 0
5305, 1, 1636468488279, 1636468488455, 176, 0, 176, 0, 0, 0
5306, 1, 1636468488311, 1636468488483, 172, 0, 172, 0, 0, 0
5307, 1, 1636468488387, 1636468488559, 172, 0, 172, 0, 0, 0
5308, 1, 1636468488507, 1636468488679, 172, 0, 172, 0, 0, 0
5309, 1, 1636468488571, 1636468488747, 176, 0, 176, 0, 0, 0
5310, 1, 1636468488631, 1636468488803, 172, 0, 172, 0, 0, 0
5311, 1, 1636468488651, 1636468488827, 176, 0, 176, 0, 0, 0
5312, 1, 1636468488775, 1636468488951, 176, 0, 176, 0, 0, 0
5313, 1, 1636468488855, 1636468489027, 172, 0, 172, 0, 0, 0
5314, 1, 1636468488855, 1636468489027, 172, 0, 172, 0, 0, 0
5316, 1, 1636468488991, 1636468489163, 172, 0, 172, 0, 0, 0
5315, 1, 1636468488999, 1636468489171, 172, 0, 172, 0, 0, 0
5317, 1, 1636468489131, 1636468489303, 172, 0, 172, 0, 0, 0
5318, 1, 1636468489163, 1636468489335, 172, 0, 172, 0, 0, 0
5319, 1, 1636468489299, 1636468489471, 172, 0, 172, 0, 0, 0
5320, 1, 1636468489379, 1636468489551, 172, 0, 172, 0, 0, 0
5321, 1, 1636468489527, 1636468489699, 172, 0, 172, 0, 0, 0
5322, 1, 1636468489539, 1636468489711, 172, 0, 172, 0, 0, 0
5323, 1, 1636468489543, 1636468489715, 172, 0, 172, 0, 0, 0
5324, 1, 1636468489591, 1636468489763, 172, 0, 172, 0, 0, 0
5325, 1, 1636468489599, 1636468489771, 172, 0, 172, 0, 0, 0
5326, 1, 1636468489659, 1636468489831, 172, 0, 172, 0, 0, 0
5327, 1, 1636468489755, 1636468489927, 172, 0, 172, 0, 0, 0
5328, 1, 1636468489839, 1636468490011, 172, 0, 172, 0, 0, 0
5329, 1, 1636468489847, 1636468490019, 172, 0, 172, 0, 0, 0
5330, 1, 1636468489939, 1636468490111, 172, 0, 172, 0, 0, 0
5331, 1, 1636468490035, 1636468490207, 172, 0, 172, 0, 0, 0
5332, 1, 1636468490071, 1636468490243, 172, 0, 172, 0, 0, 0
5333, 1, 1636468490151, 1636468490323, 172, 0, 172, 0, 0, 0
5334, 1, 1636468490167, 1636468490339, 172, 0, 172, 0, 0, 0
5335, 1, 1636468490283, 1636468490455, 172, 0, 172, 0, 0, 0
5336, 1, 1636468490335, 1636468490507, 172, 0, 172, 0, 0, 0
5337, 1, 1636468490399, 1636468490571, 172, 0, 172, 0, 0, 0
5338, 1, 1636468490423, 1636468490595, 172, 0, 172, 0, 0, 0
5339, 1, 1636468490643, 1636468490819, 176, 0, 176, 0, 0, 0
5340, 1, 1636468490719, 1636468490891, 172, 0, 172, 0, 0, 0
5341, 1, 1636468490815, 1636468490987, 172, 0, 172, 0, 0, 0
5342, 1, 1636468490867, 1636468491039, 172, 0, 172, 0, 0, 0
5343, 1, 1636468490883, 1636468491063, 180, 0, 180, 0, 0, 0
5344, 1, 1636468490891, 1636468491063, 172, 0, 172, 0, 0, 0
5345, 1, 1636468490919, 1636468491095, 176, 0, 176, 0, 0, 0
5346, 1, 1636468490935, 1636468491107, 172, 0, 172, 0, 0, 0
5347, 1, 1636468491019, 1636468491191, 172, 0, 172, 0, 0, 0
5348, 1, 1636468491167, 1636468491339, 172, 0, 172, 0, 0, 0
5349, 1, 1636468491179, 1636468491351, 172, 0, 172, 0, 0, 0
5350, 1, 1636468491311, 1636468491483, 172, 0, 172, 0, 0, 0
5351, 1, 1636468491371, 1636468491543, 172, 0, 172, 0, 0, 0
5352, 1, 1636468491395, 1636468491571, 176, 0, 176, 0, 0, 0
5353, 1, 1636468491463, 1636468491635, 172, 0, 172, 0, 0, 0
5354, 1, 1636468491559, 1636468491735, 176, 0, 176, 0, 0, 0
5356, 1, 1636468491655, 1636468491831, 176, 0, 176, 0, 0, 0
5355, 1, 1636468491663, 1636468491843, 180, 0, 180, 0, 0, 0
5357, 1, 1636468491747, 1636468491919, 172, 0, 172, 0, 0, 0
5358, 1, 1636468491767, 1636468491943, 176, 0, 176, 0, 0, 0
5359, 1, 1636468491911, 1636468492083, 172, 0, 172, 0, 0, 0
5360, 1, 1636468492079, 1636468492251, 172, 0, 172, 0, 0, 0
5361, 1, 1636468492087, 1636468492259, 172, 0, 172, 0, 0, 0
5362, 1, 1636468492191, 1636468492367, 176, 0, 176, 0, 0, 0
5363, 1, 1636468492203, 1636468492379, 176, 0, 176, 0, 0, 0
5364, 1, 1636468492259, 1636468492435, 176, 0, 176, 0, 0, 0
5365, 1, 1636468492283, 1636468492459, 176, 0, 176, 0, 0, 0
5366, 1, 1636468492299, 1636468492475, 176, 0, 176, 0, 0, 0
5367, 1, 1636468492331, 1636468492507, 176, 0, 176, 0, 0, 0
5368, 1, 1636468492451, 1636468492623, 172, 0, 172, 0, 0, 0
5369, 1, 1636468492495, 1636468492667, 172, 0, 172, 0, 0, 0
5370, 1, 1636468492659, 1636468492831, 172, 0, 172, 0, 0, 0
5371, 1, 1636468492707, 1636468492879, 172, 0, 172, 0, 0, 0
5372, 1, 1636468492735, 1636468492911, 176, 0, 176, 0, 0, 0
5373, 1, 1636468492867, 1636468493039, 172, 0, 172, 0, 0, 0
5374, 1, 1636468492907, 1636468493079, 172, 0, 172, 0, 0, 0
5376, 1, 1636468492955, 1636468493127, 172, 0, 172, 0, 0, 0
5375, 1, 1636468493007, 1636468493179, 172, 0, 172, 0, 0, 0
5377, 1, 1636468493027, 1636468493199, 172, 0, 172, 0, 0, 0
5378, 1, 1636468493067, 1636468493239, 172, 0, 172, 0, 0, 0
5379, 1, 1636468493279, 1636468493451, 172, 0, 172, 0, 0, 0
5380, 1, 1636468493419, 1636468493591, 172, 0, 172, 0, 0, 0
5381, 1, 1636468493435, 1636468493607, 172, 0, 172, 0, 0, 0
5382, 1, 1636468493487, 1636468493659, 172, 0, 172, 0, 0, 0
5383, 1, 1636468493531, 1636468493703, 172, 0, 172, 0, 0, 0
5384, 1, 1636468493603, 1636468493775, 172, 0, 172, 0, 0, 0
5385, 1, 1636468493611, 1636468493783, 172, 0, 172, 0, 0, 0
5386, 1, 1636468493623, 1636468493795, 172, 0, 172, 0, 0, 0
5387, 1, 1636468493631, 1636468493803, 172, 0, 172, 0, 0, 0
5388, 1, 1636468493791, 1636468493963, 172, 0, 172, 0, 0, 0
5389, 1, 1636468493855, 1636468494031, 176, 0, 176, 0, 0, 0
5390, 1, 1636468493959, 1636468494131, 172, 0, 172, 0, 0, 0
5391, 1, 1636468494039, 1636468494215, 176, 0, 176, 0, 0, 0
5392, 1, 1636468494079, 1636468494251, 172, 0, 172, 0, 0, 0
5393, 1, 1636468494223, 1636468494395, 172, 0, 172, 0, 0, 0
5395, 1, 1636468494299, 1636468494471, 172, 0, 172, 0, 0, 0
5394, 1, 1636468494311, 1636468494483, 172, 0, 172, 0, 0, 0
5396, 1, 1636468494327, 1636468494499, 172, 0, 172, 0, 0, 0
5397, 1, 1636468494359, 1636468494531, 172, 0, 172, 0, 0, 0
5398, 1, 1636468494359, 1636468494531, 172, 0, 172, 0, 0, 0
5399, 1, 1636468494587, 1636468494759, 172, 0, 172, 0, 0, 0
5400, 1, 1636468494763, 1636468494935, 172, 0, 172, 0, 0, 0
5401, 1, 1636468494763, 1636468494935, 172, 0, 172, 0, 0, 0
5402, 1, 1636468494807, 1636468494979, 172, 0, 172, 0, 0, 0
5403, 1, 1636468494839, 1636468495011, 172, 0, 172, 0, 0, 0
5404, 1, 1636468494911, 1636468495083, 172, 0, 172, 0, 0, 0
5405, 1, 1636468494931, 1636468495103, 172, 0, 172, 0, 0, 0
5406, 1, 1636468494946, 1636468495119, 173, 1, 172, 0, 0, 0
5407, 1, 1636468494995, 1636468495167, 172, 0, 172, 0, 0, 0
5408, 1, 1636468495195, 1636468495367, 172, 0, 172, 0, 0, 0
5409, 1, 1636468495211, 1636468495383, 172, 0, 172, 0, 0, 0
5410, 1, 1636468495319, 1636468495491, 172, 0, 172, 0, 0, 0
5411, 1, 1636468495331, 1636468495503, 172, 0, 172, 0, 0, 0
5412, 1, 1636468495375, 1636468495547, 172, 0, 172, 0, 0, 0
5413, 1, 1636468495575, 1636468495747, 172, 0, 172, 0, 0, 0
5415, 1, 1636468495611, 1636468495783, 172, 0, 172, 0, 0, 0
5416, 1, 1636468495663, 1636468495835, 172, 0, 172, 0, 0, 0
5417, 1, 1636468495667, 1636468495839, 172, 0, 172, 0, 0, 0
5414, 1, 1636468495667, 1636468495839, 172, 0, 172, 0, 0, 0
5418, 1, 1636468495675, 1636468495847, 172, 0, 172, 0, 0, 0
5419, 1, 1636468495891, 1636468496063, 172, 0, 172, 0, 0, 0
5420, 1, 1636468496055, 1636468496227, 172, 0, 172, 0, 0, 0
5421, 1, 1636468496075, 1636468496247, 172, 0, 172, 0, 0, 0
5422, 1, 1636468496167, 1636468496343, 176, 0, 176, 0, 0, 0
5423, 1, 1636468496207, 1636468496379, 172, 0, 172, 0, 0, 0
5424, 1, 1636468496227, 1636468496399, 172, 0, 172, 0, 0, 0
5425, 1, 1636468496283, 1636468496455, 172, 0, 172, 0, 0, 0
5426, 1, 1636468496307, 1636468496479, 172, 0, 172, 0, 0, 0
5427, 1, 1636468496319, 1636468496491, 172, 0, 172, 0, 0, 0
5428, 1, 1636468496539, 1636468496711, 172, 0, 172, 0, 0, 0
5429, 1, 1636468496599, 1636468496771, 172, 0, 172, 0, 0, 0
5430, 1, 1636468496631, 1636468496807, 176, 0, 176, 0, 0, 0
5431, 1, 1636468496675, 1636468496847, 172, 0, 172, 0, 0, 0
5432, 1, 1636468496715, 1636468496887, 172, 0, 172, 0, 0, 0
5433, 1, 1636468496867, 1636468497039, 172, 0, 172, 0, 0, 0
5434, 1, 1636468496923, 1636468497095, 172, 0, 172, 0, 0, 0
5436, 1, 1636468496971, 1636468497143, 172, 0, 172, 0, 0, 0
5437, 1, 1636468497019, 1636468497191, 172, 0, 172, 0, 0, 0
5435, 1, 1636468497063, 1636468497235, 172, 0, 172, 0, 0, 0
5438, 1, 1636468497067, 1636468497239, 172, 0, 172, 0, 0, 0
5439, 1, 1636468497255, 1636468497427, 172, 0, 172, 0, 0, 0
5440, 1, 1636468497351, 1636468497523, 172, 0, 172, 0, 0, 0
5441, 1, 1636468497371, 1636468497543, 172, 0, 172, 0, 0, 0
5442, 1, 1636468497503, 1636468497679, 176, 0, 176, 0, 0, 0
5443, 1, 1636468497555, 1636468497727, 172, 0, 172, 0, 0, 0
5444, 1, 1636468497571, 1636468497743, 172, 0, 172, 0, 0, 0
5445, 1, 1636468497631, 1636468497803, 172, 0, 172, 0, 0, 0
5446, 1, 1636468497635, 1636468497807, 172, 0, 172, 0, 0, 0
5447, 1, 1636468497671, 1636468497843, 172, 0, 172, 0, 0, 0
5448, 1, 1636468497875, 1636468498047, 172, 0, 172, 0, 0, 0
5449, 1, 1636468497927, 1636468498099, 172, 0, 172, 0, 0, 0
5450, 1, 1636468497983, 1636468498155, 172, 0, 172, 0, 0, 0
5451, 1, 1636468497987, 1636468498159, 172, 0, 172, 0, 0, 0
5452, 1, 1636468498035, 1636468498207, 172, 0, 172, 0, 0, 0
5454, 1, 1636468498243, 1636468498415, 172, 0, 172, 0, 0, 0
5455, 1, 1636468498255, 1636468498427, 172, 0, 172, 0, 0, 0
5456, 1, 1636468498327, 1636468498499, 172, 0, 172, 0, 0, 0
5453, 1, 1636468498327, 1636468498499, 172, 0, 172, 0, 0, 0
5457, 1, 1636468498375, 1636468498547, 172, 0, 172, 0, 0, 0
5458, 1, 1636468498407, 1636468498579, 172, 0, 172, 0, 0, 0
5459, 1, 1636468498603, 1636468498775, 172, 0, 172, 0, 0, 0
5460, 1, 1636468498627, 1636468498799, 172, 0, 172, 0, 0, 0
5461, 1, 1636468498779, 1636468498955, 176, 0, 176, 0, 0, 0
5462, 1, 1636468498847, 1636468499019, 172, 0, 172, 0, 0, 0
5463, 1, 1636468498915, 1636468499087, 172, 0, 172, 0, 0, 0
5465, 1, 1636468498915, 1636468499087, 172, 0, 172, 0, 0, 0
5464, 1, 1636468498915, 1636468499087, 172, 0, 172, 0, 0, 0
5466, 1, 1636468499003, 1636468499175, 172, 0, 172, 0, 0, 0
5467, 1, 1636468499059, 1636468499231, 172, 0, 172, 0, 0, 0
5468, 1, 1636468499163, 1636468499335, 172, 0, 172, 0, 0, 0
5469, 1, 1636468499239, 1636468499411, 172, 0, 172, 0, 0, 0
5470, 1, 1636468499255, 1636468499427, 172, 0, 172, 0, 0, 0
5471, 1, 1636468499331, 1636468499507, 176, 0, 176, 0, 0, 0
5472, 1, 1636468499383, 1636468499555, 172, 0, 172, 0, 0, 0
5474, 1, 1636468499579, 1636468499751, 172, 0, 172, 0, 0, 0
5475, 1, 1636468499607, 1636468499779, 172, 0, 172, 0, 0, 0
5473, 1, 1636468499603, 1636468499779, 176, 0, 176, 0, 0, 0
5476, 1, 1636468499619, 1636468499795, 176, 0, 176, 0, 0, 0
5477, 1, 1636468499731, 1636468499903, 172, 0, 172, 0, 0, 0
5478, 1, 1636468499767, 1636468499939, 172, 0, 172, 0, 0, 0
5479, 1, 1636468499955, 1636468500127, 172, 0, 172, 0, 0, 0
5480, 1, 1636468499967, 1636468500143, 176, 0, 176, 0, 0, 0
5481, 1, 1636468500119, 1636468500291, 172, 0, 172, 0, 0, 0
5482, 1, 1636468500135, 1636468500307, 172, 0, 172, 0, 0, 0
5483, 1, 1636468500187, 1636468500359, 172, 0, 172, 0, 0, 0
5484, 1, 1636468500223, 1636468500395, 172, 0, 172, 0, 0, 0
5485, 1, 1636468500275, 1636468500447, 172, 0, 172, 0, 0, 0
5486, 1, 1636468500335, 1636468500507, 172, 0, 172, 0, 0, 0
5487, 1, 1636468500351, 1636468500523, 172, 0, 172, 0, 0, 0
5488, 1, 1636468500527, 1636468500699, 172, 0, 172, 0, 0, 0
5489, 1, 1636468500539, 1636468500711, 172, 0, 172, 0, 0, 0
5490, 1, 1636468500591, 1636468500763, 172, 0, 172, 0, 0, 0
5491, 1, 1636468500619, 1636468500791, 172, 0, 172, 0, 0, 0
5492, 1, 1636468500783, 1636468500955, 172, 0, 172, 0, 0, 0
5493, 1, 1636468500895, 1636468501067, 172, 0, 172, 0, 0, 0
5494, 1, 1636468500951, 1636468501123, 172, 0, 172, 0, 0, 0
5495, 1, 1636468500959, 1636468501131, 172, 0, 172, 0, 0, 0
5496, 1, 1636468500963, 1636468501135, 172, 0, 172, 0, 0, 0
5497, 1, 1636468501075, 1636468501247, 172, 0, 172, 0, 0, 0
5498, 1, 1636468501083, 1636468501255, 172, 0, 172, 0, 0, 0
5499, 1, 1636468501239, 1636468501411, 172, 0, 172, 0, 0, 0
5500, 1, 1636468501259, 1636468501431, 172, 0, 172, 0, 0, 0
5501, 1, 1636468501479, 1636468501655, 176, 0, 176, 0, 0, 0
5502, 1, 1636468501487, 1636468501663, 176, 0, 176, 0, 0, 0
5503, 1, 1636468501531, 1636468501703, 172, 0, 172, 0, 0, 0
5504, 1, 1636468501587, 1636468501763, 176, 0, 176, 0, 0, 0
5506, 1, 1636468501627, 1636468501799, 172, 0, 172, 0, 0, 0
5507, 1, 1636468501651, 1636468501823, 172, 0, 172, 0, 0, 0
5508, 1, 1636468501875, 1636468502047, 172, 0, 172, 0, 0, 0
5505, 1, 1636468501875, 1636468502047, 172, 0, 172, 0, 0, 0
5509, 1, 1636468501907, 1636468502079, 172, 0, 172, 0, 0, 0
5510, 1, 1636468501967, 1636468502139, 172, 0, 172, 0, 0, 0
5511, 1, 1636468501995, 1636468502167, 172, 0, 172, 0, 0, 0
5512, 1, 1636468502091, 1636468502263, 172, 0, 172, 0, 0, 0
5513, 1, 1636468502243, 1636468502415, 172, 0, 172, 0, 0, 0
5514, 1, 1636468502275, 1636468502447, 172, 0, 172, 0, 0, 0
5515, 1, 1636468502303, 1636468502475, 172, 0, 172, 0, 0, 0
5516, 1, 1636468502347, 1636468502519, 172, 0, 172, 0, 0, 0
5517, 1, 1636468502351, 1636468502523, 172, 0, 172, 0, 0, 0
5518, 1, 1636468502463, 1636468502635, 172, 0, 172, 0, 0, 0
5519, 1, 1636468502547, 1636468502719, 172, 0, 172, 0, 0, 0
5520, 1, 1636468502591, 1636468502763, 172, 0, 172, 0, 0, 0
5521, 1, 1636468502799, 1636468502971, 172, 0, 172, 0, 0, 0
5522, 1, 1636468502843, 1636468503015, 172, 0, 172, 0, 0, 0
5523, 1, 1636468502911, 1636468503083, 172, 0, 172, 0, 0, 0
5524, 1, 1636468502963, 1636468503135, 172, 0, 172, 0, 0, 0
5525, 1, 1636468502967, 1636468503143, 176, 0, 176, 0, 0, 0
5526, 1, 1636468502999, 1636468503171, 172, 0, 172, 0, 0, 0
5527, 1, 1636468502999, 1636468503171, 172, 0, 172, 0, 0, 0
5528, 1, 1636468503199, 1636468503371, 172, 0, 172, 0, 0, 0
5529, 1, 1636468503219, 1636468503395, 176, 0, 176, 0, 0, 0
5530, 1, 1636468503303, 1636468503475, 172, 0, 172, 0, 0, 0
5531, 1, 1636468503343, 1636468503515, 172, 0, 172, 0, 0, 0
5532, 1, 1636468503471, 1636468503643, 172, 0, 172, 0, 0, 0
5533, 1, 1636468503603, 1636468503775, 172, 0, 172, 0, 0, 0
5534, 1, 1636468503623, 1636468503795, 172, 0, 172, 0, 0, 0
5535, 1, 1636468503639, 1636468503815, 176, 0, 176, 0, 0, 0
5536, 1, 1636468503647, 1636468503819, 172, 0, 172, 0, 0, 0
5537, 1, 1636468503715, 1636468503887, 172, 0, 172, 0, 0, 0
5538, 1, 1636468503831, 1636468504007, 176, 0, 176, 0, 0, 0
5539, 1, 1636468503899, 1636468504071, 172, 0, 172, 0, 0, 0
5540, 1, 1636468503955, 1636468504127, 172, 0, 172, 0, 0, 0
5541, 1, 1636468504159, 1636468504331, 172, 0, 172, 0, 0, 0
5542, 1, 1636468504175, 1636468504351, 176, 0, 176, 0, 0, 0
5543, 1, 1636468504179, 1636468504351, 172, 0, 172, 0, 0, 0
5544, 1, 1636468504323, 1636468504495, 172, 0, 172, 0, 0, 0
5545, 1, 1636468504323, 1636468504495, 172, 0, 172, 0, 0, 0
5546, 1, 1636468504343, 1636468504519, 176, 0, 176, 0, 0, 0
5547, 1, 1636468504399, 1636468504571, 172, 0, 172, 0, 0, 0
5548, 1, 1636468504491, 1636468504671, 180, 0, 180, 0, 0, 0
5549, 1, 1636468504555, 1636468504727, 172, 0, 172, 0, 0, 0
5550, 1, 1636468504619, 1636468504791, 172, 0, 172, 0, 0, 0
5551, 1, 1636468504623, 1636468504795, 172, 0, 172, 0, 0, 0
5552, 1, 1636468504835, 1636468505007, 172, 0, 172, 0, 0, 0
5553, 1, 1636468504911, 1636468505083, 172, 0, 172, 0, 0, 0
5554, 1, 1636468504959, 1636468505131, 172, 0, 172, 0, 0, 0
5555, 1, 1636468504987, 1636468505159, 172, 0, 172, 0, 0, 0
5556, 1, 1636468504987, 1636468505159, 172, 0, 172, 0, 0, 0
5557, 1, 1636468505023, 1636468505195, 172, 0, 172, 0, 0, 0
5558, 1, 1636468505187, 1636468505359, 172, 0, 172, 0, 0, 0
5559, 1, 1636468505235, 1636468505407, 172, 0, 172, 0, 0, 0
5560, 1, 1636468505271, 1636468505447, 176, 0, 176, 0, 0, 0
5561, 1, 1636468505459, 1636468505631, 172, 0, 172, 0, 0, 0
5562, 1, 1636468505535, 1636468505707, 172, 0, 172, 0, 0, 0
5563, 1, 1636468505543, 1636468505715, 172, 0, 172, 0, 0, 0
5564, 1, 1636468505611, 1636468505791, 180, 0, 180, 0, 0, 0
5565, 1, 1636468505647, 1636468505823, 176, 0, 176, 0, 0, 0
5566, 1, 1636468505663, 1636468505843, 180, 0, 180, 0, 0, 0
5567, 1, 1636468505691, 1636468505867, 176, 0, 176, 0, 0, 0
5568, 1, 1636468505851, 1636468506027, 176, 0, 176, 0, 0, 0
5569, 1, 1636468505903, 1636468506075, 172, 0, 172, 0, 0, 0
5570, 1, 1636468505963, 1636468506135, 172, 0, 172, 0, 0, 0
5571, 1, 1636468506015, 1636468506187, 172, 0, 172, 0, 0, 0
5572, 1, 1636468506179, 1636468506351, 172, 0, 172, 0, 0, 0
5573, 1, 1636468506235, 1636468506407, 172, 0, 172, 0, 0, 0
5574, 1, 1636468506287, 1636468506459, 172, 0, 172, 0, 0, 0
5575, 1, 1636468506307, 1636468506479, 172, 0, 172, 0, 0, 0
5576, 1, 1636468506327, 1636468506503, 176, 0, 176, 0, 0, 0
5577, 1, 1636468506327, 1636468506503, 176, 0, 176, 0, 0, 0
5578, 1, 1636468506515, 1636468506687, 172, 0, 172, 0, 0, 0
5579, 1, 1636468506551, 1636468506727, 176, 0, 176, 0, 0, 0
5580, 1, 1636468506651, 1636468506827, 176, 0, 176, 0, 0, 0
5581, 1, 1636468506763, 1636468506939, 176, 0, 176, 0, 0, 0
5582, 1, 1636468506935, 1636468507107, 172, 0, 172, 0, 0, 0
5583, 1, 1636468506943, 1636468507123, 180, 0, 180, 0, 0, 0
5584, 1, 1636468506971, 1636468507143, 172, 0, 172, 0, 0, 0
5585, 1, 1636468506991, 1636468507163, 172, 0, 172, 0, 0, 0
5586, 1, 1636468506999, 1636468507171, 172, 0, 172, 0, 0, 0
5587, 1, 1636468507007, 1636468507179, 172, 0, 172, 0, 0, 0
5588, 1, 1636468507235, 1636468507411, 176, 0, 176, 0, 0, 0
5589, 1, 1636468507251, 1636468507427, 176, 0, 176, 0, 0, 0
5590, 1, 1636468507323, 1636468507495, 172, 0, 172, 0, 0, 0
5591, 1, 1636468507403, 1636468507575, 172, 0, 172, 0, 0, 0
5592, 1, 1636468507519, 1636468507691, 172, 0, 172, 0, 0, 0
5593, 1, 1636468507555, 1636468507727, 172, 0, 172, 0, 0, 0
5594, 1, 1636468507559, 1636468507731, 172, 0, 172, 0, 0, 0
5595, 1, 1636468507607, 1636468507779, 172, 0, 172, 0, 0, 0
5596, 1, 1636468507643, 1636468507815, 172, 0, 172, 0, 0, 0
5597, 1, 1636468507699, 1636468507871, 172, 0, 172, 0, 0, 0
5598, 1, 1636468507891, 1636468508063, 172, 0, 172, 0, 0, 0
5599, 1, 1636468507911, 1636468508087, 176, 0, 176, 0, 0, 0
5600, 1, 1636468508051, 1636468508223, 172, 0, 172, 0, 0, 0
5601, 1, 1636468508151, 1636468508323, 172, 0, 172, 0, 0, 0
5602, 1, 1636468508247, 1636468508419, 172, 0, 172, 0, 0, 0
5603, 1, 1636468508267, 1636468508439, 172, 0, 172, 0, 0, 0
5604, 1, 1636468508335, 1636468508507, 172, 0, 172, 0, 0, 0
5605, 1, 1636468508359, 1636468508531, 172, 0, 172, 0, 0, 0
5606, 1, 1636468508363, 1636468508535, 172, 0, 172, 0, 0, 0
5607, 1, 1636468508375, 1636468508547, 172, 0, 172, 0, 0, 0
5608, 1, 1636468508515, 1636468508687, 172, 0, 172, 0, 0, 0
5609, 1, 1636468508563, 1636468508735, 172, 0, 172, 0, 0, 0
5610, 1, 1636468508711, 1636468508887, 176, 0, 176, 0, 0, 0
5611, 1, 1636468508719, 1636468508891, 172, 0, 172, 0, 0, 0
5612, 1, 1636468508891, 1636468509067, 176, 0, 176, 0, 0, 0
5613, 1, 1636468508919, 1636468509095, 176, 0, 176, 0, 0, 0
5614, 1, 1636468508931, 1636468509107, 176, 0, 176, 0, 0, 0
5616, 1, 1636468508971, 1636468509143, 172, 0, 172, 0, 0, 0
5615, 1, 1636468509059, 1636468509231, 172, 0, 172, 0, 0, 0
5618, 1, 1636468509247, 1636468509423, 176, 0, 176, 0, 0, 0
5619, 1, 1636468509263, 1636468509435, 172, 0, 172, 0, 0, 0
5620, 1, 1636468509363, 1636468509535, 172, 0, 172, 0, 0, 0
5617, 1, 1636468509403, 1636468509575, 172, 0, 172, 0, 0, 0
5621, 1, 1636468509423, 1636468509595, 172, 0, 172, 0, 0, 0
5622, 1, 1636468509611, 1636468509783, 172, 0, 172, 0, 0, 0
5623, 1, 1636468509635, 1636468509807, 172, 0, 172, 0, 0, 0
5624, 1, 1636468509639, 1636468509811, 172, 0, 172, 0, 0, 0
5625, 1, 1636468509691, 1636468509863, 172, 0, 172, 0, 0, 0
5626, 1, 1636468509719, 1636468509891, 172, 0, 172, 0, 0, 0
5627, 1, 1636468509771, 1636468509943, 172, 0, 172, 0, 0, 0
5628, 1, 1636468509847, 1636468510019, 172, 0, 172, 0, 0, 0
5629, 1, 1636468509963, 1636468510135, 172, 0, 172, 0, 0, 0
5630, 1, 1636468510019, 1636468510191, 172, 0, 172, 0, 0, 0
5631, 1, 1636468510083, 1636468510255, 172, 0, 172, 0, 0, 0
5633, 1, 1636468510275, 1636468510447, 172, 0, 172, 0, 0, 0
5632, 1, 1636468510275, 1636468510447, 172, 0, 172, 0, 0, 0
5634, 1, 1636468510299, 1636468510471, 172, 0, 172, 0, 0, 0
5635, 1, 1636468510311, 1636468510483, 172, 0, 172, 0, 0, 0
5636, 1, 1636468510335, 1636468510507, 172, 0, 172, 0, 0, 0
5637, 1, 1636468510415, 1636468510587, 172, 0, 172, 0, 0, 0
5638, 1, 1636468510531, 1636468510703, 172, 0, 172, 0, 0, 0
5639, 1, 1636468510595, 1636468510771, 176, 0, 176, 0, 0, 0
5640, 1, 1636468510775, 1636468510951, 176, 0, 176, 0, 0, 0
5641, 1, 1636468510799, 1636468510979, 180, 0, 180, 0, 0, 0
5642, 1, 1636468510935, 1636468511107, 172, 0, 172, 0, 0, 0
5644, 1, 1636468510963, 1636468511135, 172, 0, 172, 0, 0, 0
5643, 1, 1636468510963, 1636468511135, 172, 0, 172, 0, 0, 0
5645, 1, 1636468510987, 1636468511159, 172, 0, 172, 0, 0, 0
5646, 1, 1636468511007, 1636468511179, 172, 0, 172, 0, 0, 0
5647, 1, 1636468511139, 1636468511315, 176, 0, 176, 0, 0, 0
5648, 1, 1636468511183, 1636468511355, 172, 0, 172, 0, 0, 0
5649, 1, 1636468511363, 1636468511535, 172, 0, 172, 0, 0, 0
5650, 1, 1636468511363, 1636468511535, 172, 0, 172, 0, 0, 0
5651, 1, 1636468511387, 1636468511563, 176, 0, 176, 0, 0, 0
5652, 1, 1636468511547, 1636468511719, 172, 0, 172, 0, 0, 0
5653, 1, 1636468511563, 1636468511735, 172, 0, 172, 0, 0, 0
5654, 1, 1636468511647, 1636468511819, 172, 0, 172, 0, 0, 0
5655, 1, 1636468511667, 1636468511839, 172, 0, 172, 0, 0, 0
5656, 1, 1636468511715, 1636468511887, 172, 0, 172, 0, 0, 0
5657, 1, 1636468511763, 1636468511939, 176, 0, 176, 0, 0, 0
5658, 1, 1636468511891, 1636468512063, 172, 0, 172, 0, 0, 0
5659, 1, 1636468511927, 1636468512099, 172, 0, 172, 0, 0, 0
5660, 1, 1636468512023, 1636468512195, 172, 0, 172, 0, 0, 0
5661, 1, 1636468512123, 1636468512295, 172, 0, 172, 0, 0, 0
5662, 1, 1636468512191, 1636468512363, 172, 0, 172, 0, 0, 0
5663, 1, 1636468512271, 1636468512447, 176, 0, 176, 0, 0, 0
5664, 1, 1636468512299, 1636468512471, 172, 0, 172, 0, 0, 0
5665, 1, 1636468512335, 1636468512507, 172, 0, 172, 0, 0, 0
5666, 1, 1636468512363, 1636468512539, 176, 0, 176, 0, 0, 0
5667, 1, 1636468512427, 1636468512599, 172, 0, 172, 0, 0, 0
5668, 1, 1636468512583, 1636468512755, 172, 0, 172, 0, 0, 0
5669, 1, 1636468512651, 1636468512823, 172, 0, 172, 0, 0, 0
5670, 1, 1636468512715, 1636468512887, 172, 0, 172, 0, 0, 0
5671, 1, 1636468512767, 1636468512939, 172, 0, 172, 0, 0, 0
5672, 1, 1636468512899, 1636468513071, 172, 0, 172, 0, 0, 0
5673, 1, 1636468512907, 1636468513079, 172, 0, 172, 0, 0, 0
5674, 1, 1636468512935, 1636468513107, 172, 0, 172, 0, 0, 0
5675, 1, 1636468512995, 1636468513167, 172, 0, 172, 0, 0, 0
5676, 1, 1636468513063, 1636468513235, 172, 0, 172, 0, 0, 0
5677, 1, 1636468513167, 1636468513339, 172, 0, 172, 0, 0, 0
5678, 1, 1636468513263, 1636468513435, 172, 0, 172, 0, 0, 0
5679, 1, 1636468513287, 1636468513459, 172, 0, 172, 0, 0, 0
5680, 1, 1636468513327, 1636468513499, 172, 0, 172, 0, 0, 0
5681, 1, 1636468513403, 1636468513575, 172, 0, 172, 0, 0, 0
5682, 1, 1636468513515, 1636468513687, 172, 0, 172, 0, 0, 0
5683, 1, 1636468513603, 1636468513775, 172, 0, 172, 0, 0, 0
5684, 1, 1636468513619, 1636468513795, 176, 0, 176, 0, 0, 0
5685, 1, 1636468513691, 1636468513863, 172, 0, 172, 0, 0, 0
5686, 1, 1636468513735, 1636468513907, 172, 0, 172, 0, 0, 0
5687, 1, 1636468513783, 1636468513959, 176, 0, 176, 0, 0, 0
5688, 1, 1636468513931, 1636468514103, 172, 0, 172, 0, 0, 0
5689, 1, 1636468513975, 1636468514147, 172, 0, 172, 0, 0, 0
5690, 1, 1636468513991, 1636468514163, 172, 0, 172, 0, 0, 0
5691, 1, 1636468514159, 1636468514331, 172, 0, 172, 0, 0, 0
5692, 1, 1636468514279, 1636468514451, 172, 0, 172, 0, 0, 0
5693, 1, 1636468514279, 1636468514451, 172, 0, 172, 0, 0, 0
5694, 1, 1636468514291, 1636468514463, 172, 0, 172, 0, 0, 0
5695, 1, 1636468514351, 1636468514527, 176, 0, 176, 0, 0, 0
5696, 1, 1636468514399, 1636468514571, 172, 0, 172, 0, 0, 0
5697, 1, 1636468514531, 1636468514703, 172, 0, 172, 0, 0, 0
5698, 1, 1636468514551, 1636468514727, 176, 0, 176, 0, 0, 0
5699, 1, 1636468514571, 1636468514743, 172, 0, 172, 0, 0, 0
5700, 1, 1636468514727, 1636468514903, 176, 0, 176, 0, 0, 0
5701, 1, 1636468514791, 1636468514963, 172, 0, 172, 0, 0, 0
5702, 1, 1636468514811, 1636468514983, 172, 0, 172, 0, 0, 0
5703, 1, 1636468514951, 1636468515123, 172, 0, 172, 0, 0, 0
5705, 1, 1636468515055, 1636468515227, 172, 0, 172, 0, 0, 0
5706, 1, 1636468515063, 1636468515235, 172, 0, 172, 0, 0, 0
5704, 1, 1636468515135, 1636468515307, 172, 0, 172, 0, 0, 0
5707, 1, 1636468515162, 1636468515335, 173, 1, 172, 0, 0, 0
5708, 1, 1636468515203, 1636468515375, 172, 0, 172, 0, 0, 0
5710, 1, 1636468515331, 1636468515503, 172, 0, 172, 0, 0, 0
5709, 1, 1636468515479, 1636468515651, 172, 0, 172, 0, 0, 0
5711, 1, 1636468515547, 1636468515723, 176, 0, 176, 0, 0, 0
5712, 1, 1636468515599, 1636468515771, 172, 0, 172, 0, 0, 0
5713, 1, 1636468515659, 1636468515835, 176, 0, 176, 0, 0, 0
5714, 1, 1636468515667, 1636468515851, 184, 0, 184, 0, 0, 0
5715, 1, 1636468515695, 1636468515871, 176, 0, 176, 0, 0, 0
5716, 1, 1636468515799, 1636468515975, 176, 0, 176, 0, 0, 0
5717, 1, 1636468515839, 1636468516011, 172, 0, 172, 0, 0, 0
5718, 1, 1636468515915, 1636468516087, 172, 0, 172, 0, 0, 0
5719, 1, 1636468515927, 1636468516099, 172, 0, 172, 0, 0, 0
5720, 1, 1636468516079, 1636468516255, 176, 0, 176, 0, 0, 0
5721, 1, 1636468516087, 1636468516259, 172, 0, 172, 0, 0, 0
5722, 1, 1636468516155, 1636468516327, 172, 0, 172, 0, 0, 0
5723, 1, 1636468516235, 1636468516407, 172, 0, 172, 0, 0, 0
5724, 1, 1636468516279, 1636468516451, 172, 0, 172, 0, 0, 0
5725, 1, 1636468516347, 1636468516519, 172, 0, 172, 0, 0, 0
5726, 1, 1636468516399, 1636468516571, 172, 0, 172, 0, 0, 0
5727, 1, 1636468516539, 1636468516711, 172, 0, 172, 0, 0, 0
5728, 1, 1636468516547, 1636468516719, 172, 0, 172, 0, 0, 0
5729, 1, 1636468516559, 1636468516731, 172, 0, 172, 0, 0, 0
5730, 1, 1636468516699, 1636468516871, 172, 0, 172, 0, 0, 0
5731, 1, 1636468516831, 1636468517003, 172, 0, 172, 0, 0, 0
5732, 1, 1636468516991, 1636468517167, 176, 0, 176, 0, 0, 0
5733, 1, 1636468517003, 1636468517175, 172, 0, 172, 0, 0, 0
5734, 1, 1636468517031, 1636468517203, 172, 0, 172, 0, 0, 0
5735, 1, 1636468517071, 1636468517243, 172, 0, 172, 0, 0, 0
5736, 1, 1636468517135, 1636468517307, 172, 0, 172, 0, 0, 0
5737, 1, 1636468517155, 1636468517327, 172, 0, 172, 0, 0, 0
5738, 1, 1636468517195, 1636468517367, 172, 0, 172, 0, 0, 0
5739, 1, 1636468517215, 1636468517387, 172, 0, 172, 0, 0, 0
5740, 1, 1636468517363, 1636468517535, 172, 0, 172, 0, 0, 0
5741, 1, 1636468517379, 1636468517551, 172, 0, 172, 0, 0, 0
5742, 1, 1636468517515, 1636468517687, 172, 0, 172, 0, 0, 0
5743, 1, 1636468517559, 1636468517731, 172, 0, 172, 0, 0, 0
5744, 1, 1636468517619, 1636468517791, 172, 0, 172, 0, 0, 0
5745, 1, 1636468517703, 1636468517875, 172, 0, 172, 0, 0, 0
5747, 1, 1636468517831, 1636468518003, 172, 0, 172, 0, 0, 0
5748, 1, 1636468517851, 1636468518023, 172, 0, 172, 0, 0, 0
5746, 1, 1636468517903, 1636468518075, 172, 0, 172, 0, 0, 0
5749, 1, 1636468517923, 1636468518099, 176, 0, 176, 0, 0, 0
5750, 1, 1636468518091, 1636468518263, 172, 0, 172, 0, 0, 0
5751, 1, 1636468518223, 1636468518395, 172, 0, 172, 0, 0, 0
5752, 1, 1636468518287, 1636468518459, 172, 0, 172, 0, 0, 0
5753, 1, 1636468518347, 1636468518519, 172, 0, 172, 0, 0, 0
5754, 1, 1636468518363, 1636468518535, 172, 0, 172, 0, 0, 0
5755, 1, 1636468518431, 1636468518603, 172, 0, 172, 0, 0, 0
5756, 1, 1636468518435, 1636468518607, 172, 0, 172, 0, 0, 0
5757, 1, 1636468518439, 1636468518611, 172, 0, 172, 0, 0, 0
5758, 1, 1636468518491, 1636468518663, 172, 0, 172, 0, 0, 0
5759, 1, 1636468518587, 1636468518759, 172, 0, 172, 0, 0, 0
5760, 1, 1636468518643, 1636468518819, 176, 0, 176, 0, 0, 0
5761, 1, 1636468518727, 1636468518899, 172, 0, 172, 0, 0, 0
5762, 1, 1636468518815, 1636468518987, 172, 0, 172, 0, 0, 0
5763, 1, 1636468518847, 1636468519019, 172, 0, 172, 0, 0, 0
5764, 1, 1636468518931, 1636468519103, 172, 0, 172, 0, 0, 0
5765, 1, 1636468518995, 1636468519167, 172, 0, 172, 0, 0, 0
5766, 1, 1636468519075, 1636468519247, 172, 0, 172, 0, 0, 0
5767, 1, 1636468519139, 1636468519311, 172, 0, 172, 0, 0, 0
5768, 1, 1636468519203, 1636468519375, 172, 0, 172, 0, 0, 0
5769, 1, 1636468519315, 1636468519487, 172, 0, 172, 0, 0, 0
5770, 1, 1636468519399, 1636468519571, 172, 0, 172, 0, 0, 0
5771, 1, 1636468519571, 1636468519743, 172, 0, 172, 0, 0, 0
5772, 1, 1636468519587, 1636468519759, 172, 0, 172, 0, 0, 0
5773, 1, 1636468519695, 1636468519867, 172, 0, 172, 0, 0, 0
5775, 1, 1636468519751, 1636468519923, 172, 0, 172, 0, 0, 0
5774, 1, 1636468519747, 1636468519923, 176, 0, 176, 0, 0, 0
5776, 1, 1636468519771, 1636468519943, 172, 0, 172, 0, 0, 0
5777, 1, 1636468519795, 1636468519967, 172, 0, 172, 0, 0, 0
5778, 1, 1636468519815, 1636468519991, 176, 0, 176, 0, 0, 0
5779, 1, 1636468519959, 1636468520131, 172, 0, 172, 0, 0, 0
5780, 1, 1636468519979, 1636468520151, 172, 0, 172, 0, 0, 0
5781, 1, 1636468520095, 1636468520267, 172, 0, 172, 0, 0, 0
5782, 1, 1636468520103, 1636468520275, 172, 0, 172, 0, 0, 0
5783, 1, 1636468520191, 1636468520363, 172, 0, 172, 0, 0, 0
5784, 1, 1636468520215, 1636468520387, 172, 0, 172, 0, 0, 0
5785, 1, 1636468520323, 1636468520495, 172, 0, 172, 0, 0, 0
5786, 1, 1636468520419, 1636468520591, 172, 0, 172, 0, 0, 0
5787, 1, 1636468520463, 1636468520635, 172, 0, 172, 0, 0, 0
5788, 1, 1636468520603, 1636468520775, 172, 0, 172, 0, 0, 0
5789, 1, 1636468520623, 1636468520795, 172, 0, 172, 0, 0, 0
5790, 1, 1636468520787, 1636468520959, 172, 0, 172, 0, 0, 0
5791, 1, 1636468520843, 1636468521015, 172, 0, 172, 0, 0, 0
5792, 1, 1636468520971, 1636468521143, 172, 0, 172, 0, 0, 0
5793, 1, 1636468520983, 1636468521159, 176, 0, 176, 0, 0, 0
5795, 1, 1636468521131, 1636468521303, 172, 0, 172, 0, 0, 0
5794, 1, 1636468521135, 1636468521307, 172, 0, 172, 0, 0, 0
5796, 1, 1636468521151, 1636468521323, 172, 0, 172, 0, 0, 0
5797, 1, 1636468521175, 1636468521347, 172, 0, 172, 0, 0, 0
5798, 1, 1636468521219, 1636468521391, 172, 0, 172, 0, 0, 0
5799, 1, 1636468521291, 1636468521463, 172, 0, 172, 0, 0, 0
5800, 1, 1636468521355, 1636468521527, 172, 0, 172, 0, 0, 0
5801, 1, 1636468521451, 1636468521627, 176, 0, 176, 0, 0, 0
5802, 1, 1636468521455, 1636468521635, 180, 0, 180, 0, 0, 0
5804, 1, 1636468521483, 1636468521659, 176, 0, 176, 0, 0, 0
5803, 1, 1636468521483, 1636468521659, 176, 0, 176, 0, 0, 0
5805, 1, 1636468521675, 1636468521847, 172, 0, 172, 0, 0, 0
5806, 1, 1636468521751, 1636468521923, 172, 0, 172, 0, 0, 0
5807, 1, 1636468521799, 1636468521971, 172, 0, 172, 0, 0, 0
5808, 1, 1636468521987, 1636468522159, 172, 0, 172, 0, 0, 0
5809, 1, 1636468522019, 1636468522191, 172, 0, 172, 0, 0, 0
5810, 1, 1636468522187, 1636468522359, 172, 0, 172, 0, 0, 0
5811, 1, 1636468522247, 1636468522419, 172, 0, 172, 0, 0, 0
5812, 1, 1636468522267, 1636468522439, 172, 0, 172, 0, 0, 0
5813, 1, 1636468522279, 1636468522451, 172, 0, 172, 0, 0, 0
5815, 1, 1636468522491, 1636468522663, 172, 0, 172, 0, 0, 0
5816, 1, 1636468522523, 1636468522695, 172, 0, 172, 0, 0, 0
5814, 1, 1636468522531, 1636468522703, 172, 0, 172, 0, 0, 0
5817, 1, 1636468522535, 1636468522707, 172, 0, 172, 0, 0, 0
5818, 1, 1636468522538, 1636468522711, 173, 1, 172, 0, 0, 0
5819, 1, 1636468522627, 1636468522799, 172, 0, 172, 0, 0, 0
5820, 1, 1636468522667, 1636468522839, 172, 0, 172, 0, 0, 0
5821, 1, 1636468522719, 1636468522891, 172, 0, 172, 0, 0, 0
5822, 1, 1636468522791, 1636468522967, 176, 0, 176, 0, 0, 0
5823, 1, 1636468522815, 1636468522991, 176, 0, 176, 0, 0, 0
5824, 1, 1636468522835, 1636468523011, 176, 0, 176, 0, 0, 0
5825, 1, 1636468522959, 1636468523131, 172, 0, 172, 0, 0, 0
5826, 1, 1636468523087, 1636468523259, 172, 0, 172, 0, 0, 0
5827, 1, 1636468523139, 1636468523311, 172, 0, 172, 0, 0, 0
5828, 1, 1636468523343, 1636468523515, 172, 0, 172, 0, 0, 0
5829, 1, 1636468523415, 1636468523587, 172, 0, 172, 0, 0, 0
5830, 1, 1636468523515, 1636468523687, 172, 0, 172, 0, 0, 0
5831, 1, 1636468523559, 1636468523735, 176, 0, 176, 0, 0, 0
5832, 1, 1636468523583, 1636468523755, 172, 0, 172, 0, 0, 0
5833, 1, 1636468523599, 1636468523771, 172, 0, 172, 0, 0, 0
5834, 1, 1636468523751, 1636468523927, 176, 0, 176, 0, 0, 0
5836, 1, 1636468523843, 1636468524019, 176, 0, 176, 0, 0, 0
5837, 1, 1636468523843, 1636468524019, 176, 0, 176, 0, 0, 0
5838, 1, 1636468523923, 1636468524095, 172, 0, 172, 0, 0, 0
5835, 1, 1636468523931, 1636468524103, 172, 0, 172, 0, 0, 0
5839, 1, 1636468523931, 1636468524103, 172, 0, 172, 0, 0, 0
5840, 1, 1636468523951, 1636468524127, 176, 0, 176, 0, 0, 0
5841, 1, 1636468524071, 1636468524243, 172, 0, 172, 0, 0, 0
5842, 1, 1636468524103, 1636468524275, 172, 0, 172, 0, 0, 0
5843, 1, 1636468524127, 1636468524299, 172, 0, 172, 0, 0, 0
5844, 1, 1636468524207, 1636468524379, 172, 0, 172, 0, 0, 0
5845, 1, 1636468524243, 1636468524415, 172, 0, 172, 0, 0, 0
5846, 1, 1636468524411, 1636468524583, 172, 0, 172, 0, 0, 0
5847, 1, 1636468524543, 1636468524715, 172, 0, 172, 0, 0, 0
5848, 1, 1636468524663, 1636468524835, 172, 0, 172, 0, 0, 0
5849, 1, 1636468524795, 1636468524967, 172, 0, 172, 0, 0, 0
5850, 1, 1636468524799, 1636468524975, 176, 0, 176, 0, 0, 0
5851, 1, 1636468524871, 1636468525043, 172, 0, 172, 0, 0, 0
5852, 1, 1636468524895, 1636468525067, 172, 0, 172, 0, 0, 0
5853, 1, 1636468524959, 1636468525131, 172, 0, 172, 0, 0, 0
5854, 1, 1636468525103, 1636468525275, 172, 0, 172, 0, 0, 0
5855, 1, 1636468525191, 1636468525363, 172, 0, 172, 0, 0, 0
5856, 1, 1636468525199, 1636468525375, 176, 0, 176, 0, 0, 0
5859, 1, 1636468525215, 1636468525387, 172, 0, 172, 0, 0, 0
5857, 1, 1636468525215, 1636468525387, 172, 0, 172, 0, 0, 0
5860, 1, 1636468525234, 1636468525407, 173, 1, 172, 0, 0, 0
5858, 1, 1636468525307, 1636468525479, 172, 0, 172, 0, 0, 0
5861, 1, 1636468525387, 1636468525559, 172, 0, 172, 0, 0, 0
5862, 1, 1636468525391, 1636468525563, 172, 0, 172, 0, 0, 0
5863, 1, 1636468525455, 1636468525627, 172, 0, 172, 0, 0, 0
5864, 1, 1636468525599, 1636468525771, 172, 0, 172, 0, 0, 0
5865, 1, 1636468525603, 1636468525775, 172, 0, 172, 0, 0, 0
5866, 1, 1636468525683, 1636468525859, 176, 0, 176, 0, 0, 0
5867, 1, 1636468525927, 1636468526099, 172, 0, 172, 0, 0, 0
5868, 1, 1636468526059, 1636468526231, 172, 0, 172, 0, 0, 0
5869, 1, 1636468526155, 1636468526327, 172, 0, 172, 0, 0, 0
5870, 1, 1636468526155, 1636468526327, 172, 0, 172, 0, 0, 0
5871, 1, 1636468526183, 1636468526355, 172, 0, 172, 0, 0, 0
5872, 1, 1636468526219, 1636468526391, 172, 0, 172, 0, 0, 0
5873, 1, 1636468526243, 1636468526414, 171, 0, 171, 0, 0, 0
5874, 1, 1636468526419, 1636468526591, 172, 0, 172, 0, 0, 0
5876, 1, 1636468526522, 1636468526695, 173, 1, 172, 1, 0, 1
5875, 1, 1636468526530, 1636468526703, 173, 1, 172, 0, 0, 0
5878, 1, 1636468526562, 1636468526735, 173, 1, 172, 0, 0, 0
5877, 1, 1636468526591, 1636468526763, 172, 0, 172, 0, 0, 0
5879, 1, 1636468526607, 1636468526783, 176, 0, 176, 0, 0, 0
5880, 1, 1636468526638, 1636468526811, 173, 1, 172, 0, 1, 1
5881, 1, 1636468526743, 1636468526919, 176, 0, 176, 0, 0, 0
5882, 1, 1636468526759, 1636468526931, 172, 0, 172, 0, 0, 0
5883, 1, 1636468526851, 1636468527023, 172, 0, 172, 0, 0, 0
5884, 1, 1636468526919, 1636468527091, 172, 0, 172, 0, 0, 0
5885, 1, 1636468526991, 1636468527163, 172, 0, 172, 0, 0, 0
5886, 1, 1636468526999, 1636468527171, 172, 0, 172, 0, 0, 0
5887, 1, 1636468527343, 1636468527519, 176, 0, 176, 0, 0, 0
5888, 1, 1636468527419, 1636468527591, 172, 0, 172, 0, 0, 0
5889, 1, 1636468527443, 1636468527615, 172, 0, 172, 0, 0, 0
5890, 1, 1636468527471, 1636468527643, 172, 0, 172, 0, 0, 0
5891, 1, 1636468527523, 1636468527695, 172, 0, 172, 0, 0, 0
5893, 1, 1636468527635, 1636468527811, 176, 0, 176, 0, 0, 0
5892, 1, 1636468527695, 1636468527867, 172, 0, 172, 0, 0, 0
5894, 1, 1636468527783, 1636468527959, 176, 0, 176, 0, 0, 0
5895, 1, 1636468527787, 1636468527963, 176, 0, 176, 0, 0, 0
5896, 1, 1636468527871, 1636468528043, 172, 0, 172, 0, 0, 0
5898, 1, 1636468527939, 1636468528111, 172, 0, 172, 0, 0, 0
5899, 1, 1636468527971, 1636468528143, 172, 0, 172, 0, 0, 0
5897, 1, 1636468527987, 1636468528159, 172, 0, 172, 0, 0, 0
5900, 1, 1636468528023, 1636468528195, 172, 0, 172, 0, 0, 0
5901, 1, 1636468528063, 1636468528235, 172, 0, 172, 0, 0, 0
5902, 1, 1636468528099, 1636468528271, 172, 0, 172, 0, 0, 0
5903, 1, 1636468528187, 1636468528359, 172, 0, 172, 0, 0, 0
5904, 1, 1636468528263, 1636468528435, 172, 0, 172, 0, 0, 0
5905, 1, 1636468528287, 1636468528459, 172, 0, 172, 0, 0, 0
5906, 1, 1636468528343, 1636468528515, 172, 0, 172, 0, 0, 0
5907, 1, 1636468528611, 1636468528783, 172, 0, 172, 0, 0, 0
5908, 1, 1636468528795, 1636468528967, 172, 0, 172, 0, 0, 0
5909, 1, 1636468528831, 1636468529003, 172, 0, 172, 0, 0, 0
5910, 1, 1636468528831, 1636468529003, 172, 0, 172, 0, 0, 0
5911, 1, 1636468528855, 1636468529027, 172, 0, 172, 0, 0, 0
5913, 1, 1636468528999, 1636468529175, 176, 0, 176, 0, 0, 0
5915, 1, 1636468529127, 1636468529299, 172, 0, 172, 0, 0, 0
5912, 1, 1636468529143, 1636468529315, 172, 0, 172, 0, 0, 0
5916, 1, 1636468529191, 1636468529367, 176, 0, 176, 0, 0, 0
5917, 1, 1636468529251, 1636468529423, 172, 0, 172, 0, 0, 0
5918, 1, 1636468529351, 1636468529523, 172, 0, 172, 0, 0, 0
5920, 1, 1636468529375, 1636468529547, 172, 0, 172, 0, 0, 0
5921, 1, 1636468529415, 1636468529587, 172, 0, 172, 0, 0, 0
5922, 1, 1636468529431, 1636468529603, 172, 0, 172, 0, 0, 0
5923, 1, 1636468529451, 1636468529623, 172, 0, 172, 0, 0, 0
5914, 1, 1636468529491, 1636468529663, 172, 0, 172, 0, 0, 0
5924, 1, 1636468529626, 1636468529799, 173, 1, 172, 0, 0, 0
5926, 1, 1636468529667, 1636468529839, 172, 0, 172, 0, 0, 0
5925, 1, 1636468529667, 1636468529839, 172, 0, 172, 0, 0, 0
5919, 1, 1636468529839, 1636468530011, 172, 0, 172, 0, 0, 0
5927, 1, 1636468530007, 1636468530179, 172, 0, 172, 0, 0, 0
5928, 1, 1636468530115, 1636468530287, 172, 0, 172, 0, 0, 0
5929, 1, 1636468530163, 1636468530339, 176, 0, 176, 0, 0, 0
5930, 1, 1636468530203, 1636468530375, 172, 0, 172, 0, 0, 0
5931, 1, 1636468530219, 1636468530391, 172, 0, 172, 0, 0, 0
5932, 1, 1636468530227, 1636468530399, 172, 0, 172, 0, 0, 0
5933, 1, 1636468530371, 1636468530543, 172, 0, 172, 0, 0, 0
5934, 1, 1636468530407, 1636468530579, 172, 0, 172, 0, 0, 0
5935, 1, 1636468530511, 1636468530683, 172, 0, 172, 0, 0, 0
5936, 1, 1636468530527, 1636468530699, 172, 0, 172, 0, 0, 0
5937, 1, 1636468530531, 1636468530707, 176, 0, 176, 0, 0, 0
5938, 1, 1636468530667, 1636468530839, 172, 0, 172, 0, 0, 0
5939, 1, 1636468530719, 1636468530891, 172, 0, 172, 0, 0, 0
5941, 1, 1636468530735, 1636468530907, 172, 0, 172, 0, 0, 0
5942, 1, 1636468530775, 1636468530947, 172, 0, 172, 0, 0, 0
5940, 1, 1636468530855, 1636468531027, 172, 0, 172, 0, 0, 0
5943, 1, 1636468530855, 1636468531031, 176, 0, 176, 0, 0, 0
5944, 1, 1636468530903, 1636468531075, 172, 0, 172, 0, 0, 0
5946, 1, 1636468531019, 1636468531191, 172, 0, 172, 0, 0, 0
5945, 1, 1636468531019, 1636468531191, 172, 0, 172, 0, 0, 0
5947, 1, 1636468531395, 1636468531567, 172, 0, 172, 0, 0, 0
5948, 1, 1636468531403, 1636468531575, 172, 0, 172, 0, 0, 0
5949, 1, 1636468531475, 1636468531647, 172, 0, 172, 0, 0, 0
5951, 1, 1636468531555, 1636468531727, 172, 0, 172, 0, 0, 0
5952, 1, 1636468531607, 1636468531779, 172, 0, 172, 0, 0, 0
5953, 1, 1636468531683, 1636468531855, 172, 0, 172, 0, 0, 0
5950, 1, 1636468531751, 1636468531923, 172, 0, 172, 0, 0, 0
5954, 1, 1636468531763, 1636468531939, 176, 0, 176, 0, 0, 0
5956, 1, 1636468531827, 1636468531999, 172, 0, 172, 0, 0, 0
5957, 1, 1636468531843, 1636468532019, 176, 0, 176, 0, 0, 0
5959, 1, 1636468532027, 1636468532199, 172, 0, 172, 0, 0, 0
5960, 1, 1636468532047, 1636468532219, 172, 0, 172, 0, 0, 0
5961, 1, 1636468532075, 1636468532247, 172, 0, 172, 0, 0, 0
5962, 1, 1636468532087, 1636468532259, 172, 0, 172, 0, 0, 0
5963, 1, 1636468532251, 1636468532423, 172, 0, 172, 0, 0, 0
5964, 1, 1636468532259, 1636468532431, 172, 0, 172, 0, 0, 0
5965, 1, 1636468532319, 1636468532491, 172, 0, 172, 0, 0, 0
5966, 1, 1636468532383, 1636468532559, 176, 0, 176, 0, 0, 0
5967, 1, 1636468532687, 1636468532859, 172, 0, 172, 0, 0, 0
5968, 1, 1636468532771, 1636468532943, 172, 0, 172, 0, 0, 0
5969, 1, 1636468532827, 1636468532999, 172, 0, 172, 0, 0, 0
5970, 1, 1636468532839, 1636468533011, 172, 0, 172, 0, 0, 0
5971, 1, 1636468532847, 1636468533019, 172, 0, 172, 0, 0, 0
5972, 1, 1636468532915, 1636468533087, 172, 0, 172, 0, 0, 0
5974, 1, 1636468533103, 1636468533275, 172, 0, 172, 0, 0, 0
5975, 1, 1636468533115, 1636468533287, 172, 0, 172, 0, 0, 0
5976, 1, 1636468533151, 1636468533323, 172, 0, 172, 0, 0, 0
5978, 1, 1636468533399, 1636468533571, 172, 0, 172, 0, 0, 0
5979, 1, 1636468533407, 1636468533579, 172, 0, 172, 0, 0, 0
5980, 1, 1636468533455, 1636468533627, 172, 0, 172, 0, 0, 0
5981, 1, 1636468533599, 1636468533771, 172, 0, 172, 0, 0, 0
5982, 1, 1636468533615, 1636468533787, 172, 0, 172, 0, 0, 0
5983, 1, 1636468533619, 1636468533795, 176, 0, 176, 0, 0, 0
5984, 1, 1636468533759, 1636468533931, 172, 0, 172, 0, 0, 0
5985, 1, 1636468533999, 1636468534171, 172, 0, 172, 0, 0, 0
5986, 1, 1636468534087, 1636468534259, 172, 0, 172, 0, 0, 0
5987, 1, 1636468534119, 1636468534287, 168, 0, 168, 0, 0, 0
5988, 1, 1636468534127, 1636468534299, 172, 0, 172, 0, 0, 0
5989, 1, 1636468534171, 1636468534347, 176, 0, 176, 0, 0, 0
5991, 1, 1636468534371, 1636468534543, 172, 0, 172, 0, 0, 0
5992, 1, 1636468534371, 1636468534543, 172, 0, 172, 0, 0, 0
5994, 1, 1636468534427, 1636468534599, 172, 0, 172, 0, 0, 0
5995, 1, 1636468534555, 1636468534727, 172, 0, 172, 0, 0, 0
5993, 1, 1636468534715, 1636468534891, 176, 0, 176, 0, 0, 0
5996, 1, 1636468534747, 1636468534919, 172, 0, 172, 0, 0, 0
5997, 1, 1636468534775, 1636468534947, 172, 0, 172, 0, 0, 0
5998, 1, 1636468534823, 1636468534995, 172, 0, 172, 0, 0, 0
6000, 1, 1636468534891, 1636468535063, 172, 0, 172, 0, 0, 0
6001, 1, 1636468534943, 1636468535123, 180, 0, 180, 0, 0, 0
5999, 1, 1636468535067, 1636468535243, 176, 0, 176, 0, 0, 0
6002, 1, 1636468535079, 1636468535251, 172, 0, 172, 0, 0, 0
6003, 1, 1636468535327, 1636468535499, 172, 0, 172, 0, 0, 0
5990, 1, 1636468535347, 1636468535519, 172, 0, 172, 0, 0, 0
6006, 1, 1636468535399, 1636468535571, 172, 0, 172, 0, 0, 0
6005, 1, 1636468535419, 1636468535591, 172, 0, 172, 0, 0, 0
6007, 1, 1636468535423, 1636468535595, 172, 0, 172, 0, 0, 0
6008, 1, 1636468535503, 1636468535675, 172, 0, 172, 0, 0, 0
6009, 1, 1636468535563, 1636468535735, 172, 0, 172, 0, 0, 0
6011, 1, 1636468535603, 1636468535775, 172, 0, 172, 0, 0, 0
6010, 1, 1636468535675, 1636468535847, 172, 0, 172, 0, 0, 0
6004, 1, 1636468535691, 1636468535863, 172, 0, 172, 0, 0, 0
6013, 1, 1636468535775, 1636468535947, 172, 0, 172, 0, 0, 0
6014, 1, 1636468535871, 1636468536043, 172, 0, 172, 0, 0, 0
6012, 1, 1636468535947, 1636468536127, 180, 0, 180, 0, 0, 0
6015, 1, 1636468536019, 1636468536191, 172, 0, 172, 0, 0, 0
6016, 1, 1636468536047, 1636468536223, 176, 0, 176, 0, 0, 0
6017, 1, 1636468536071, 1636468536243, 172, 0, 172, 0, 0, 0
6018, 1, 1636468536139, 1636468536311, 172, 0, 172, 0, 0, 0
6020, 1, 1636468536251, 1636468536423, 172, 0, 172, 0, 0, 0
6019, 1, 1636468536299, 1636468536471, 172, 0, 172, 0, 0, 0
6021, 1, 1636468536323, 1636468536495, 172, 0, 172, 0, 0, 0
6022, 1, 1636468536367, 1636468536539, 172, 0, 172, 0, 0, 0
6023, 1, 1636468536519, 1636468536691, 172, 0, 172, 0, 0, 0
6024, 1, 1636468536671, 1636468536843, 172, 0, 172, 0, 0, 0
6025, 1, 1636468536719, 1636468536891, 172, 0, 172, 0, 0, 0
6026, 1, 1636468536731, 1636468536903, 172, 0, 172, 0, 0, 0
6027, 1, 1636468536815, 1636468536991, 176, 0, 176, 0, 0, 0
6028, 1, 1636468536839, 1636468537011, 172, 0, 172, 0, 0, 0
6029, 1, 1636468536867, 1636468537039, 172, 0, 172, 0, 0, 0
6031, 1, 1636468536971, 1636468537143, 172, 0, 172, 0, 0, 0
6030, 1, 1636468537015, 1636468537187, 172, 0, 172, 0, 0, 0
6033, 1, 1636468537051, 1636468537223, 172, 0, 172, 0, 0, 0
6034, 1, 1636468537167, 1636468537339, 172, 0, 172, 0, 0, 0
6035, 1, 1636468537291, 1636468537463, 172, 0, 172, 0, 0, 0
6032, 1, 1636468537363, 1636468537535, 172, 0, 172, 0, 0, 0
6036, 1, 1636468537415, 1636468537587, 172, 0, 172, 0, 0, 0
6037, 1, 1636468537415, 1636468537587, 172, 0, 172, 0, 0, 0
6038, 1, 1636468537419, 1636468537591, 172, 0, 172, 0, 0, 0
6040, 1, 1636468537587, 1636468537759, 172, 0, 172, 0, 0, 0
6041, 1, 1636468537623, 1636468537799, 176, 0, 176, 0, 0, 0
6039, 1, 1636468537707, 1636468537879, 172, 0, 172, 0, 0, 0
6043, 1, 1636468537923, 1636468538095, 172, 0, 172, 0, 0, 0
6044, 1, 1636468537983, 1636468538155, 172, 0, 172, 0, 0, 0
6045, 1, 1636468538003, 1636468538175, 172, 0, 172, 0, 0, 0
6042, 1, 1636468538051, 1636468538223, 172, 0, 172, 0, 0, 0
6047, 1, 1636468538115, 1636468538287, 172, 0, 172, 0, 0, 0
6048, 1, 1636468538199, 1636468538371, 172, 0, 172, 0, 0, 0
6049, 1, 1636468538271, 1636468538443, 172, 0, 172, 0, 0, 0
6050, 1, 1636468538307, 1636468538479, 172, 0, 172, 0, 0, 0
6051, 1, 1636468538307, 1636468538479, 172, 0, 172, 0, 0, 0
6046, 1, 1636468538395, 1636468538567, 172, 0, 172, 0, 0, 0
6053, 1, 1636468538447, 1636468538619, 172, 0, 172, 0, 0, 0
6054, 1, 1636468538515, 1636468538691, 176, 0, 176, 0, 0, 0
6052, 1, 1636468538655, 1636468538827, 172, 0, 172, 0, 0, 0
6055, 1, 1636468538671, 1636468538847, 176, 0, 176, 0, 0, 0
6056, 1, 1636468538687, 1636468538859, 172, 0, 172, 0, 0, 0
6057, 1, 1636468538743, 1636468538919, 176, 0, 176, 0, 0, 0
6058, 1, 1636468538803, 1636468538975, 172, 0, 172, 0, 0, 0
6060, 1, 1636468538963, 1636468539135, 172, 0, 172, 0, 0, 0
6061, 1, 1636468538979, 1636468539155, 176, 0, 176, 0, 0, 0
6059, 1, 1636468538999, 1636468539171, 172, 0, 172, 0, 0, 0
6062, 1, 1636468538999, 1636468539171, 172, 0, 172, 0, 0, 0
6063, 1, 1636468539263, 1636468539435, 172, 0, 172, 0, 0, 0
6064, 1, 1636468539343, 1636468539515, 172, 0, 172, 0, 0, 0
6065, 1, 1636468539383, 1636468539555, 172, 0, 172, 0, 0, 0
6066, 1, 1636468539407, 1636468539579, 172, 0, 172, 0, 0, 0
6067, 1, 1636468539487, 1636468539659, 172, 0, 172, 0, 0, 0
6069, 1, 1636468539583, 1636468539755, 172, 0, 172, 0, 0, 0
6070, 1, 1636468539591, 1636468539763, 172, 0, 172, 0, 0, 0
6068, 1, 1636468539611, 1636468539783, 172, 0, 172, 0, 0, 0
6071, 1, 1636468539611, 1636468539783, 172, 0, 172, 0, 0, 0
6073, 1, 1636468539815, 1636468539987, 172, 0, 172, 0, 0, 0
6074, 1, 1636468539843, 1636468540014, 171, 0, 171, 0, 0, 0
6072, 1, 1636468539939, 1636468540106, 167, 0, 167, 0, 0, 0
6075, 1, 1636468540007, 1636468540179, 172, 0, 172, 0, 0, 0
6076, 1, 1636468540022, 1636468540195, 173, 1, 172, 0, 1, 1
6077, 1, 1636468540058, 1636468540231, 173, 1, 172, 0, 0, 0
6078, 1, 1636468540095, 1636468540267, 172, 0, 172, 0, 0, 0
6079, 1, 1636468540279, 1636468540455, 176, 0, 176, 0, 0, 0
6080, 1, 1636468540323, 1636468540499, 176, 0, 176, 0, 0, 0
6081, 1, 1636468540367, 1636468540543, 176, 0, 176, 0, 0, 0
6082, 1, 1636468540367, 1636468540543, 176, 0, 176, 0, 0, 0
6083, 1, 1636468540559, 1636468540731, 172, 0, 172, 0, 0, 0
6084, 1, 1636468540671, 1636468540843, 172, 0, 172, 0, 0, 0
6085, 1, 1636468540687, 1636468540863, 176, 0, 176, 0, 0, 0
6086, 1, 1636468540703, 1636468540879, 176, 0, 176, 0, 0, 0
6088, 1, 1636468540867, 1636468541039, 172, 0, 172, 0, 0, 0
6087, 1, 1636468540867, 1636468541039, 172, 0, 172, 0, 0, 0
6089, 1, 1636468540895, 1636468541067, 172, 0, 172, 0, 0, 0
6090, 1, 1636468540903, 1636468541075, 172, 0, 172, 0, 0, 0
6091, 1, 1636468540927, 1636468541099, 172, 0, 172, 0, 0, 0
6093, 1, 1636468541095, 1636468541267, 172, 0, 172, 0, 0, 0
6094, 1, 1636468541123, 1636468541295, 172, 0, 172, 0, 0, 0
6092, 1, 1636468541271, 1636468541443, 172, 0, 172, 0, 0, 0
6095, 1, 1636468541319, 1636468541491, 172, 0, 172, 0, 0, 0
6096, 1, 1636468541375, 1636468541547, 172, 0, 172, 0, 0, 0
6098, 1, 1636468541439, 1636468541611, 172, 0, 172, 0, 0, 0
6099, 1, 1636468541439, 1636468541611, 172, 0, 172, 0, 0, 0
6097, 1, 1636468541615, 1636468541791, 176, 0, 176, 0, 0, 0
6100, 1, 1636468541659, 1636468541831, 172, 0, 172, 0, 0, 0
6101, 1, 1636468541659, 1636468541831, 172, 0, 172, 0, 0, 0
6102, 1, 1636468541671, 1636468541843, 172, 0, 172, 0, 0, 0
6103, 1, 1636468541835, 1636468542007, 172, 0, 172, 0, 0, 0
6104, 1, 1636468541955, 1636468542127, 172, 0, 172, 0, 0, 0
6105, 1, 1636468541991, 1636468542167, 176, 0, 176, 0, 0, 0
6106, 1, 1636468542055, 1636468542227, 172, 0, 172, 0, 0, 0
6108, 1, 1636468542163, 1636468542335, 172, 0, 172, 0, 0, 0
6107, 1, 1636468542163, 1636468542335, 172, 0, 172, 0, 0, 0
6109, 1, 1636468542183, 1636468542355, 172, 0, 172, 0, 0, 0
6110, 1, 1636468542267, 1636468542439, 172, 0, 172, 0, 0, 0
6111, 1, 1636468542303, 1636468542479, 176, 0, 176, 0, 0, 0
6112, 1, 1636468542403, 1636468542575, 172, 0, 172, 0, 0, 0
6114, 1, 1636468542463, 1636468542635, 172, 0, 172, 0, 0, 0
6115, 1, 1636468542591, 1636468542763, 172, 0, 172, 0, 0, 0
6113, 1, 1636468542655, 1636468542827, 172, 0, 172, 0, 0, 0
6116, 1, 1636468542667, 1636468542839, 172, 0, 172, 0, 0, 0
6117, 1, 1636468542739, 1636468542911, 172, 0, 172, 0, 0, 0
6118, 1, 1636468542807, 1636468542983, 176, 0, 176, 0, 0, 0
6120, 1, 1636468542963, 1636468543135, 172, 0, 172, 0, 0, 0
6121, 1, 1636468543007, 1636468543179, 172, 0, 172, 0, 0, 0
6119, 1, 1636468543007, 1636468543179, 172, 0, 172, 0, 0, 0
6122, 1, 1636468543067, 1636468543239, 172, 0, 172, 0, 0, 0
6123, 1, 1636468543139, 1636468543311, 172, 0, 172, 0, 0, 0
6124, 1, 1636468543263, 1636468543435, 172, 0, 172, 0, 0, 0
6125, 1, 1636468543351, 1636468543523, 172, 0, 172, 0, 0, 0
6126, 1, 1636468543427, 1636468543599, 172, 0, 172, 0, 0, 0
6128, 1, 1636468543463, 1636468543639, 176, 0, 176, 0, 0, 0
6127, 1, 1636468543487, 1636468543659, 172, 0, 172, 0, 0, 0
6129, 1, 1636468543507, 1636468543683, 176, 0, 176, 0, 0, 0
6130, 1, 1636468543563, 1636468543735, 172, 0, 172, 0, 0, 0
6131, 1, 1636468543567, 1636468543739, 172, 0, 172, 0, 0, 0
6132, 1, 1636468543771, 1636468543943, 172, 0, 172, 0, 0, 0
6134, 1, 1636468543847, 1636468544023, 176, 0, 176, 0, 0, 0
6135, 1, 1636468543899, 1636468544071, 172, 0, 172, 0, 0, 0
6133, 1, 1636468543915, 1636468544087, 172, 0, 172, 0, 0, 0
6136, 1, 1636468543959, 1636468544131, 172, 0, 172, 0, 0, 0
6137, 1, 1636468544095, 1636468544267, 172, 0, 172, 0, 0, 0
6138, 1, 1636468544111, 1636468544283, 172, 0, 172, 0, 0, 0
6139, 1, 1636468544263, 1636468544439, 176, 0, 176, 0, 0, 0
6140, 1, 1636468544315, 1636468544487, 172, 0, 172, 0, 0, 0
6141, 1, 1636468544379, 1636468544555, 176, 0, 176, 0, 0, 0
6142, 1, 1636468544451, 1636468544623, 172, 0, 172, 0, 0, 0
6143, 1, 1636468544459, 1636468544631, 172, 0, 172, 0, 0, 0
6144, 1, 1636468544647, 1636468544819, 172, 0, 172, 0, 0, 0
6145, 1, 1636468544659, 1636468544831, 172, 0, 172, 0, 0, 0
6147, 1, 1636468544747, 1636468544923, 176, 0, 176, 0, 0, 0
6148, 1, 1636468544775, 1636468544951, 176, 0, 176, 0, 0, 0
6146, 1, 1636468544795, 1636468544971, 176, 0, 176, 0, 0, 0
6149, 1, 1636468544875, 1636468545047, 172, 0, 172, 0, 0, 0
6150, 1, 1636468544879, 1636468545055, 176, 0, 176, 0, 0, 0
6151, 1, 1636468544943, 1636468545115, 172, 0, 172, 0, 0, 0
6153, 1, 1636468545155, 1636468545327, 172, 0, 172, 0, 0, 0
6154, 1, 1636468545167, 1636468545339, 172, 0, 172, 0, 0, 0
6155, 1, 1636468545199, 1636468545371, 172, 0, 172, 0, 0, 0
6152, 1, 1636468545227, 1636468545399, 172, 0, 172, 0, 0, 0
6156, 1, 1636468545299, 1636468545471, 172, 0, 172, 0, 0, 0
6157, 1, 1636468545427, 1636468545599, 172, 0, 172, 0, 0, 0
6159, 1, 1636468545459, 1636468545631, 172, 0, 172, 0, 0, 0
6158, 1, 1636468545571, 1636468545743, 172, 0, 172, 0, 0, 0
6160, 1, 1636468545647, 1636468545819, 172, 0, 172, 0, 0, 0
6161, 1, 1636468545675, 1636468545847, 172, 0, 172, 0, 0, 0
6162, 1, 1636468545771, 1636468545943, 172, 0, 172, 0, 0, 0
6163, 1, 1636468545851, 1636468546023, 172, 0, 172, 0, 0, 0
6164, 1, 1636468545927, 1636468546103, 176, 0, 176, 0, 0, 0
6167, 1, 1636468546039, 1636468546211, 172, 0, 172, 0, 0, 0
6166, 1, 1636468546039, 1636468546211, 172, 0, 172, 0, 0, 0
6165, 1, 1636468546127, 1636468546299, 172, 0, 172, 0, 0, 0
6168, 1, 1636468546163, 1636468546335, 172, 0, 172, 0, 0, 0
6169, 1, 1636468546187, 1636468546367, 180, 0, 180, 0, 0, 0
6170, 1, 1636468546271, 1636468546443, 172, 0, 172, 0, 0, 0
6171, 1, 1636468546271, 1636468546443, 172, 0, 172, 0, 0, 0
6173, 1, 1636468546439, 1636468546615, 176, 0, 176, 0, 0, 0
6174, 1, 1636468546523, 1636468546699, 176, 0, 176, 0, 0, 0
6175, 1, 1636468546563, 1636468546735, 172, 0, 172, 0, 0, 0
6172, 1, 1636468546619, 1636468546791, 172, 0, 172, 0, 0, 0
6176, 1, 1636468546627, 1636468546799, 172, 0, 172, 0, 0, 0
6177, 1, 1636468546767, 1636468546943, 176, 0, 176, 0, 0, 0
6179, 1, 1636468546811, 1636468546983, 172, 0, 172, 0, 0, 0
6180, 1, 1636468546935, 1636468547115, 180, 0, 180, 0, 0, 0
6181, 1, 1636468546955, 1636468547127, 172, 0, 172, 0, 0, 0
6178, 1, 1636468546967, 1636468547139, 172, 0, 172, 0, 0, 0
6182, 1, 1636468547155, 1636468547327, 172, 0, 172, 0, 0, 0
6183, 1, 1636468547175, 1636468547347, 172, 0, 172, 0, 0, 0
6184, 1, 1636468547199, 1636468547371, 172, 0, 172, 0, 0, 0
6186, 1, 1636468547383, 1636468547555, 172, 0, 172, 0, 0, 0
6188, 1, 1636468547439, 1636468547611, 172, 0, 172, 0, 0, 0
6187, 1, 1636468547439, 1636468547611, 172, 0, 172, 0, 0, 0
6189, 1, 1636468547503, 1636468547675, 172, 0, 172, 0, 0, 0
6185, 1, 1636468547503, 1636468547675, 172, 0, 172, 0, 0, 0
6191, 1, 1636468547623, 1636468547795, 172, 0, 172, 0, 0, 0
6193, 1, 1636468547795, 1636468547967, 172, 0, 172, 0, 0, 0
6194, 1, 1636468547847, 1636468548019, 172, 0, 172, 0, 0, 0
6195, 1, 1636468547907, 1636468548079, 172, 0, 172, 0, 0, 0
6196, 1, 1636468547915, 1636468548087, 172, 0, 172, 0, 0, 0
6198, 1, 1636468548099, 1636468548271, 172, 0, 172, 0, 0, 0
6200, 1, 1636468548203, 1636468548375, 172, 0, 172, 0, 0, 0
6201, 1, 1636468548343, 1636468548523, 180, 0, 180, 0, 0, 0
6202, 1, 1636468548451, 1636468548623, 172, 0, 172, 0, 0, 0
6203, 1, 1636468548523, 1636468548695, 172, 0, 172, 0, 0, 0
6204, 1, 1636468548567, 1636468548739, 172, 0, 172, 0, 0, 0
6206, 1, 1636468548707, 1636468548879, 172, 0, 172, 0, 0, 0
6207, 1, 1636468548799, 1636468548971, 172, 0, 172, 0, 0, 0
6208, 1, 1636468548811, 1636468548983, 172, 0, 172, 0, 0, 0
6210, 1, 1636468549007, 1636468549179, 172, 0, 172, 0, 0, 0
6211, 1, 1636468549063, 1636468549235, 172, 0, 172, 0, 0, 0
6209, 1, 1636468549159, 1636468549331, 172, 0, 172, 0, 0, 0
6212, 1, 1636468549171, 1636468549343, 172, 0, 172, 0, 0, 0
6213, 1, 1636468549183, 1636468549355, 172, 0, 172, 0, 0, 0
6214, 1, 1636468549199, 1636468549371, 172, 0, 172, 0, 0, 0
6215, 1, 1636468549499, 1636468549671, 172, 0, 172, 0, 0, 0
6216, 1, 1636468549571, 1636468549743, 172, 0, 172, 0, 0, 0
6217, 1, 1636468549647, 1636468549819, 172, 0, 172, 0, 0, 0
6218, 1, 1636468549815, 1636468549987, 172, 0, 172, 0, 0, 0
6219, 1, 1636468549891, 1636468550063, 172, 0, 172, 0, 0, 0
6220, 1, 1636468549955, 1636468550127, 172, 0, 172, 0, 0, 0
6221, 1, 1636468550047, 1636468550223, 176, 0, 176, 0, 0, 0
6223, 1, 1636468550123, 1636468550295, 172, 0, 172, 0, 0, 0
6225, 1, 1636468550159, 1636468550331, 172, 0, 172, 0, 0, 0
6222, 1, 1636468550159, 1636468550331, 172, 0, 172, 0, 0, 0
6226, 1, 1636468550187, 1636468550359, 172, 0, 172, 0, 0, 0
6205, 1, 1636468550203, 1636468550375, 172, 0, 172, 0, 0, 0
6227, 1, 1636468550267, 1636468550439, 172, 0, 172, 0, 0, 0
6229, 1, 1636468550419, 1636468550591, 172, 0, 172, 0, 0, 0
6228, 1, 1636468550439, 1636468550611, 172, 0, 172, 0, 0, 0
6224, 1, 1636468550471, 1636468550643, 172, 0, 172, 0, 0, 0
6231, 1, 1636468550482, 1636468550655, 173, 1, 172, 0, 0, 0
6232, 1, 1636468550531, 1636468550703, 172, 0, 172, 0, 0, 0
6233, 1, 1636468550567, 1636468550739, 172, 0, 172, 0, 0, 0
6234, 1, 1636468550775, 1636468550947, 172, 0, 172, 0, 0, 0
6230, 1, 1636468550819, 1636468550991, 172, 0, 172, 0, 0, 0
6236, 1, 1636468550959, 1636468551135, 176, 0, 176, 0, 0, 0
6237, 1, 1636468551003, 1636468551179, 176, 0, 176, 0, 0, 0
6235, 1, 1636468551167, 1636468551339, 172, 0, 172, 0, 0, 0
6238, 1, 1636468551191, 1636468551363, 172, 0, 172, 0, 0, 0
6239, 1, 1636468551275, 1636468551447, 172, 0, 172, 0, 0, 0
6240, 1, 1636468551339, 1636468551511, 172, 0, 172, 0, 0, 0
6241, 1, 1636468551359, 1636468551531, 172, 0, 172, 0, 0, 0
6242, 1, 1636468551371, 1636468551543, 172, 0, 172, 0, 0, 0
6245, 1, 1636468551507, 1636468551679, 172, 0, 172, 0, 0, 0
6246, 1, 1636468551519, 1636468551691, 172, 0, 172, 0, 0, 0
6244, 1, 1636468551535, 1636468551707, 172, 0, 172, 0, 0, 0
6247, 1, 1636468551567, 1636468551739, 172, 0, 172, 0, 0, 0
6248, 1, 1636468551623, 1636468551795, 172, 0, 172, 0, 0, 0
6249, 1, 1636468551695, 1636468551867, 172, 0, 172, 0, 0, 0
6243, 1, 1636468551719, 1636468551891, 172, 0, 172, 0, 0, 0
6251, 1, 1636468551859, 1636468552031, 172, 0, 172, 0, 0, 0
6252, 1, 1636468551907, 1636468552083, 176, 0, 176, 0, 0, 0
6253, 1, 1636468551955, 1636468552131, 176, 0, 176, 0, 0, 0
6250, 1, 1636468552067, 1636468552239, 172, 0, 172, 0, 0, 0
6254, 1, 1636468552159, 1636468552335, 176, 0, 176, 0, 0, 0
6256, 1, 1636468552283, 1636468552455, 172, 0, 172, 0, 0, 0
6257, 1, 1636468552367, 1636468552539, 172, 0, 172, 0, 0, 0
6255, 1, 1636468552415, 1636468552591, 176, 0, 176, 0, 0, 0
6258, 1, 1636468552515, 1636468552687, 172, 0, 172, 0, 0, 0
6259, 1, 1636468552583, 1636468552755, 172, 0, 172, 0, 0, 0
6260, 1, 1636468552647, 1636468552823, 176, 0, 176, 0, 0, 0
6261, 1, 1636468552659, 1636468552831, 172, 0, 172, 0, 0, 0
6264, 1, 1636468552739, 1636468552911, 172, 0, 172, 0, 0, 0
6265, 1, 1636468552795, 1636468552967, 172, 0, 172, 0, 0, 0
6266, 1, 1636468552795, 1636468552967, 172, 0, 172, 0, 0, 0
6263, 1, 1636468552859, 1636468553031, 172, 0, 172, 0, 0, 0
6267, 1, 1636468552875, 1636468553051, 176, 0, 176, 0, 0, 0
6268, 1, 1636468552967, 1636468553139, 172, 0, 172, 0, 0, 0
6262, 1, 1636468553003, 1636468553175, 172, 0, 172, 0, 0, 0
6270, 1, 1636468553083, 1636468553255, 172, 0, 172, 0, 0, 0
6271, 1, 1636468553171, 1636468553343, 172, 0, 172, 0, 0, 0
6272, 1, 1636468553207, 1636468553379, 172, 0, 172, 0, 0, 0
6273, 1, 1636468553343, 1636468553519, 176, 0, 176, 0, 0, 0
6269, 1, 1636468553347, 1636468553519, 172, 0, 172, 0, 0, 0
6275, 1, 1636468553523, 1636468553699, 176, 0, 176, 0, 0, 0
6277, 1, 1636468553675, 1636468553847, 172, 0, 172, 0, 0, 0
6276, 1, 1636468553675, 1636468553847, 172, 0, 172, 0, 0, 0
6274, 1, 1636468553695, 1636468553871, 176, 0, 176, 0, 0, 0
6278, 1, 1636468553799, 1636468553971, 172, 0, 172, 0, 0, 0
6279, 1, 1636468553863, 1636468554035, 172, 0, 172, 0, 0, 0
6280, 1, 1636468553947, 1636468554123, 176, 0, 176, 0, 0, 0
6282, 1, 1636468554035, 1636468554207, 172, 0, 172, 0, 0, 0
6283, 1, 1636468554047, 1636468554219, 172, 0, 172, 0, 0, 0
6284, 1, 1636468554147, 1636468554319, 172, 0, 172, 0, 0, 0
6287, 1, 1636468554183, 1636468554355, 172, 0, 172, 0, 0, 0
6286, 1, 1636468554183, 1636468554355, 172, 0, 172, 0, 0, 0
6285, 1, 1636468554183, 1636468554363, 180, 0, 180, 0, 0, 0
6288, 1, 1636468554251, 1636468554423, 172, 0, 172, 0, 0, 0
6281, 1, 1636468554295, 1636468554467, 172, 0, 172, 0, 0, 0
6290, 1, 1636468554411, 1636468554583, 172, 0, 172, 0, 0, 0
6291, 1, 1636468554495, 1636468554671, 176, 0, 176, 0, 0, 0
6292, 1, 1636468554523, 1636468554699, 176, 0, 176, 0, 0, 0
6293, 1, 1636468554607, 1636468554779, 172, 0, 172, 0, 0, 0
6289, 1, 1636468554643, 1636468554819, 176, 0, 176, 0, 0, 0
6295, 1, 1636468554811, 1636468554983, 172, 0, 172, 0, 0, 0
6294, 1, 1636468554995, 1636468555167, 172, 0, 172, 0, 0, 0
6296, 1, 1636468555035, 1636468555207, 172, 0, 172, 0, 0, 0
6297, 1, 1636468555063, 1636468555235, 172, 0, 172, 0, 0, 0
6298, 1, 1636468555147, 1636468555319, 172, 0, 172, 0, 0, 0
6299, 1, 1636468555191, 1636468555363, 172, 0, 172, 0, 0, 0
6300, 1, 1636468555287, 1636468555459, 172, 0, 172, 0, 0, 0
6301, 1, 1636468555339, 1636468555511, 172, 0, 172, 0, 0, 0
6303, 1, 1636468555403, 1636468555575, 172, 0, 172, 0, 0, 0
6305, 1, 1636468555459, 1636468555631, 172, 0, 172, 0, 0, 0
6306, 1, 1636468555495, 1636468555667, 172, 0, 172, 0, 0, 0
6304, 1, 1636468555539, 1636468555711, 172, 0, 172, 0, 0, 0
6307, 1, 1636468555547, 1636468555719, 172, 0, 172, 0, 0, 0
6308, 1, 1636468555623, 1636468555795, 172, 0, 172, 0, 0, 0
6302, 1, 1636468555631, 1636468555803, 172, 0, 172, 0, 0, 0
6309, 1, 1636468555703, 1636468555879, 176, 0, 176, 0, 0, 0
6311, 1, 1636468555883, 1636468556055, 172, 0, 172, 0, 0, 0
6312, 1, 1636468555907, 1636468556079, 172, 0, 172, 0, 0, 0
6313, 1, 1636468555947, 1636468556123, 176, 0, 176, 0, 0, 0
6310, 1, 1636468555979, 1636468556151, 172, 0, 172, 0, 0, 0
6314, 1, 1636468556095, 1636468556267, 172, 0, 172, 0, 0, 0
6316, 1, 1636468556319, 1636468556491, 172, 0, 172, 0, 0, 0
6315, 1, 1636468556323, 1636468556495, 172, 0, 172, 0, 0, 0
6317, 1, 1636468556359, 1636468556531, 172, 0, 172, 0, 0, 0
6318, 1, 1636468556459, 1636468556631, 172, 0, 172, 0, 0, 0
6319, 1, 1636468556479, 1636468556651, 172, 0, 172, 0, 0, 0
6320, 1, 1636468556579, 1636468556751, 172, 0, 172, 0, 0, 0
6322, 1, 1636468556715, 1636468556887, 172, 0, 172, 0, 0, 0
6324, 1, 1636468556763, 1636468556935, 172, 0, 172, 0, 0, 0
6325, 1, 1636468556791, 1636468556967, 176, 0, 176, 0, 0, 0
6323, 1, 1636468556827, 1636468556999, 172, 0, 172, 0, 0, 0
6326, 1, 1636468556831, 1636468557003, 172, 0, 172, 0, 0, 0
6327, 1, 1636468556855, 1636468557027, 172, 0, 172, 0, 0, 0
6321, 1, 1636468556923, 1636468557095, 172, 0, 172, 0, 0, 0
6328, 1, 1636468556935, 1636468557107, 172, 0, 172, 0, 0, 0
6332, 1, 1636468557171, 1636468557343, 172, 0, 172, 0, 0, 0
6331, 1, 1636468557171, 1636468557347, 176, 0, 176, 0, 0, 0
6333, 1, 1636468557231, 1636468557403, 172, 0, 172, 0, 0, 0
6335, 1, 1636468557495, 1636468557671, 176, 0, 176, 0, 0, 0
6337, 1, 1636468557739, 1636468557911, 172, 0, 172, 0, 0, 0
6338, 1, 1636468557807, 1636468557979, 172, 0, 172, 0, 0, 0
6339, 1, 1636468557867, 1636468558039, 172, 0, 172, 0, 0, 0
6340, 1, 1636468557935, 1636468558107, 172, 0, 172, 0, 0, 0
6342, 1, 1636468558039, 1636468558219, 180, 0, 180, 0, 0, 0
6344, 1, 1636468558071, 1636468558243, 172, 0, 172, 0, 0, 0
6346, 1, 1636468558123, 1636468558299, 176, 0, 176, 0, 0, 0
6343, 1, 1636468558151, 1636468558323, 172, 0, 172, 0, 0, 0
6347, 1, 1636468558159, 1636468558331, 172, 0, 172, 0, 0, 0
6341, 1, 1636468558283, 1636468558455, 172, 0, 172, 0, 0, 0
6348, 1, 1636468558287, 1636468558459, 172, 0, 172, 0, 0, 0
6349, 1, 1636468558475, 1636468558647, 172, 0, 172, 0, 0, 0
6350, 1, 1636468558499, 1636468558675, 176, 0, 176, 0, 0, 0
6351, 1, 1636468558607, 1636468558779, 172, 0, 172, 0, 0, 0
6353, 1, 1636468559067, 1636468559239, 172, 0, 172, 0, 0, 0
6354, 1, 1636468559143, 1636468559315, 172, 0, 172, 0, 0, 0
6355, 1, 1636468559163, 1636468559335, 172, 0, 172, 0, 0, 0
6356, 1, 1636468559267, 1636468559439, 172, 0, 172, 0, 0, 0
6358, 1, 1636468559375, 1636468559551, 176, 0, 176, 0, 0, 0
6359, 1, 1636468559395, 1636468559567, 172, 0, 172, 0, 0, 0
6361, 1, 1636468559475, 1636468559647, 172, 0, 172, 0, 0, 0
6360, 1, 1636468559487, 1636468559663, 176, 0, 176, 0, 0, 0
6364, 1, 1636468559499, 1636468559675, 176, 0, 176, 0, 0, 0
6363, 1, 1636468559539, 1636468559711, 172, 0, 172, 0, 0, 0
6362, 1, 1636468559539, 1636468559711, 172, 0, 172, 0, 0, 0
6357, 1, 1636468559615, 1636468559787, 172, 0, 172, 0, 0, 0
6365, 1, 1636468559675, 1636468559847, 172, 0, 172, 0, 0, 0
6368, 1, 1636468559899, 1636468560071, 172, 0, 172, 0, 0, 0
6370, 1, 1636468559919, 1636468560091, 172, 0, 172, 0, 0, 0
6369, 1, 1636468559955, 1636468560127, 172, 0, 172, 0, 0, 0
6352, 1, 1636468560203, 1636468560375, 172, 0, 172, 0, 0, 0
6371, 1, 1636468560419, 1636468560591, 172, 0, 172, 0, 0, 0
6373, 1, 1636468560451, 1636468560623, 172, 0, 172, 0, 0, 0
6372, 1, 1636468560467, 1636468560639, 172, 0, 172, 0, 0, 0
6374, 1, 1636468560475, 1636468560647, 172, 0, 172, 0, 0, 0
6375, 1, 1636468560655, 1636468560827, 172, 0, 172, 0, 0, 0
6380, 1, 1636468560751, 1636468560923, 172, 0, 172, 0, 0, 0
6379, 1, 1636468560751, 1636468560923, 172, 0, 172, 0, 0, 0
6381, 1, 1636468560759, 1636468560931, 172, 0, 172, 0, 0, 0
6378, 1, 1636468560823, 1636468560999, 176, 0, 176, 0, 0, 0
6383, 1, 1636468560839, 1636468561011, 172, 0, 172, 0, 0, 0
6384, 1, 1636468560895, 1636468561067, 172, 0, 172, 0, 0, 0
6385, 1, 1636468560955, 1636468561127, 172, 0, 172, 0, 0, 0
6377, 1, 1636468560999, 1636468561175, 176, 0, 176, 0, 0, 0
6386, 1, 1636468561175, 1636468561351, 176, 0, 176, 0, 0, 0
6387, 1, 1636468561239, 1636468561411, 172, 0, 172, 0, 0, 0
6388, 1, 1636468561275, 1636468561447, 172, 0, 172, 0, 0, 0
6389, 1, 1636468561687, 1636468561859, 172, 0, 172, 0, 0, 0
6391, 1, 1636468561803, 1636468561975, 172, 0, 172, 0, 0, 0
6390, 1, 1636468561803, 1636468561975, 172, 0, 172, 0, 0, 0
6392, 1, 1636468561831, 1636468562003, 172, 0, 172, 0, 0, 0
6394, 1, 1636468562015, 1636468562187, 172, 0, 172, 0, 0, 0
6393, 1, 1636468562015, 1636468562187, 172, 0, 172, 0, 0, 0
6395, 1, 1636468562035, 1636468562211, 176, 0, 176, 0, 0, 0
6399, 1, 1636468562159, 1636468562331, 172, 0, 172, 0, 0, 0
6398, 1, 1636468562175, 1636468562347, 172, 0, 172, 0, 0, 0
6401, 1, 1636468562211, 1636468562383, 172, 0, 172, 0, 0, 0
6402, 1, 1636468562247, 1636468562419, 172, 0, 172, 0, 0, 0
6403, 1, 1636468562255, 1636468562431, 176, 0, 176, 0, 0, 0
6396, 1, 1636468562383, 1636468562555, 172, 0, 172, 0, 0, 0
6400, 1, 1636468562507, 1636468562679, 172, 0, 172, 0, 0, 0
6405, 1, 1636468562591, 1636468562763, 172, 0, 172, 0, 0, 0
6406, 1, 1636468562635, 1636468562811, 176, 0, 176, 0, 0, 0
6407, 1, 1636468563035, 1636468563207, 172, 0, 172, 0, 0, 0
6409, 1, 1636468563067, 1636468563239, 172, 0, 172, 0, 0, 0
6410, 1, 1636468563111, 1636468563283, 172, 0, 172, 0, 0, 0
6411, 1, 1636468563147, 1636468563319, 172, 0, 172, 0, 0, 0
6413, 1, 1636468563283, 1636468563455, 172, 0, 172, 0, 0, 0
6414, 1, 1636468563295, 1636468563471, 176, 0, 176, 0, 0, 0
6412, 1, 1636468563379, 1636468563551, 172, 0, 172, 0, 0, 0
6417, 1, 1636468563387, 1636468563559, 172, 0, 172, 0, 0, 0
6419, 1, 1636468563411, 1636468563583, 172, 0, 172, 0, 0, 0
6416, 1, 1636468563495, 1636468563667, 172, 0, 172, 0, 0, 0
6422, 1, 1636468563583, 1636468563759, 176, 0, 176, 0, 0, 0
6415, 1, 1636468563643, 1636468563815, 172, 0, 172, 0, 0, 0
6420, 1, 1636468563723, 1636468563895, 172, 0, 172, 0, 0, 0
6418, 1, 1636468563731, 1636468563903, 172, 0, 172, 0, 0, 0
6423, 1, 1636468563891, 1636468564063, 172, 0, 172, 0, 0, 0
6424, 1, 1636468563959, 1636468564131, 172, 0, 172, 0, 0, 0
6425, 1, 1636468564275, 1636468564447, 172, 0, 172, 0, 0, 0
6426, 1, 1636468564363, 1636468564535, 172, 0, 172, 0, 0, 0
6428, 1, 1636468564395, 1636468564567, 172, 0, 172, 0, 0, 0
6429, 1, 1636468564423, 1636468564595, 172, 0, 172, 0, 0, 0
6432, 1, 1636468564607, 1636468564779, 172, 0, 172, 0, 0, 0
6430, 1, 1636468564623, 1636468564795, 172, 0, 172, 0, 0, 0
6434, 1, 1636468564679, 1636468564851, 172, 0, 172, 0, 0, 0
6436, 1, 1636468564691, 1636468564863, 172, 0, 172, 0, 0, 0
6435, 1, 1636468564955, 1636468565127, 172, 0, 172, 0, 0, 0
6440, 1, 1636468564967, 1636468565139, 172, 0, 172, 0, 0, 0
6438, 1, 1636468564967, 1636468565139, 172, 0, 172, 0, 0, 0
6437, 1, 1636468565035, 1636468565207, 172, 0, 172, 0, 0, 0
6442, 1, 1636468565255, 1636468565427, 172, 0, 172, 0, 0, 0
6444, 1, 1636468565567, 1636468565739, 172, 0, 172, 0, 0, 0
6431, 1, 1636468565659, 1636468565835, 176, 0, 176, 0, 0, 0
6447, 1, 1636468565699, 1636468565871, 172, 0, 172, 0, 0, 0
6446, 1, 1636468565699, 1636468565871, 172, 0, 172, 0, 0, 0
6448, 1, 1636468565911, 1636468566083, 172, 0, 172, 0, 0, 0
6450, 1, 1636468565927, 1636468566099, 172, 0, 172, 0, 0, 0
6451, 1, 1636468565995, 1636468566167, 172, 0, 172, 0, 0, 0
6445, 1, 1636468566007, 1636468566179, 172, 0, 172, 0, 0, 0
6454, 1, 1636468566043, 1636468566215, 172, 0, 172, 0, 0, 0
6455, 1, 1636468566259, 1636468566431, 172, 0, 172, 0, 0, 0
6453, 1, 1636468566275, 1636468566447, 172, 0, 172, 0, 0, 0
6457, 1, 1636468566319, 1636468566491, 172, 0, 172, 0, 0, 0
6452, 1, 1636468566343, 1636468566515, 172, 0, 172, 0, 0, 0
6458, 1, 1636468566567, 1636468566739, 172, 0, 172, 0, 0, 0
6459, 1, 1636468566871, 1636468567047, 176, 0, 176, 0, 0, 0
6460, 1, 1636468566983, 1636468567155, 172, 0, 172, 0, 0, 0
6461, 1, 1636468566991, 1636468567163, 172, 0, 172, 0, 0, 0
6462, 1, 1636468567035, 1636468567207, 172, 0, 172, 0, 0, 0
6465, 1, 1636468567095, 1636468567267, 172, 0, 172, 0, 0, 0
6464, 1, 1636468567219, 1636468567391, 172, 0, 172, 0, 0, 0
6469, 1, 1636468567323, 1636468567495, 172, 0, 172, 0, 0, 0
6472, 1, 1636468567407, 1636468567579, 172, 0, 172, 0, 0, 0
6471, 1, 1636468567567, 1636468567739, 172, 0, 172, 0, 0, 0
6470, 1, 1636468567667, 1636468567839, 172, 0, 172, 0, 0, 0
6475, 1, 1636468567875, 1636468568047, 172, 0, 172, 0, 0, 0
6456, 1, 1636468568015, 1636468568191, 176, 0, 176, 0, 0, 0
6478, 1, 1636468568255, 1636468568427, 172, 0, 172, 0, 0, 0
6479, 1, 1636468568267, 1636468568439, 172, 0, 172, 0, 0, 0
6480, 1, 1636468568303, 1636468568479, 176, 0, 176, 0, 0, 0
6482, 1, 1636468568487, 1636468568659, 172, 0, 172, 0, 0, 0
6484, 1, 1636468568635, 1636468568807, 172, 0, 172, 0, 0, 0
6487, 1, 1636468568787, 1636468568959, 172, 0, 172, 0, 0, 0
6485, 1, 1636468568983, 1636468569155, 172, 0, 172, 0, 0, 0
6488, 1, 1636468569155, 1636468569327, 172, 0, 172, 0, 0, 0
6489, 1, 1636468569647, 1636468569819, 172, 0, 172, 0, 0, 0
6493, 1, 1636468569651, 1636468569823, 172, 0, 172, 0, 0, 0
6494, 1, 1636468569651, 1636468569823, 172, 0, 172, 0, 0, 0
6495, 1, 1636468569663, 1636468569835, 172, 0, 172, 0, 0, 0
6497, 1, 1636468569867, 1636468570039, 172, 0, 172, 0, 0, 0
6492, 1, 1636468569999, 1636468570171, 172, 0, 172, 0, 0, 0
6499, 1, 1636468570175, 1636468570351, 176, 0, 176, 0, 0, 0
6483, 1, 1636468570367, 1636468570543, 176, 0, 176, 0, 0, 0
6501, 1, 1636468570531, 1636468570703, 172, 0, 172, 0, 0, 0
6500, 1, 1636468570539, 1636468570711, 172, 0, 172, 0, 0, 0
6490, 1, 1636468570763, 1636468570935, 172, 0, 172, 0, 0, 0
6504, 1, 1636468570875, 1636468571047, 172, 0, 172, 0, 0, 0
6503, 1, 1636468570887, 1636468571059, 172, 0, 172, 0, 0, 0
6505, 1, 1636468570903, 1636468571075, 172, 0, 172, 0, 0, 0
6507, 1, 1636468570919, 1636468571095, 176, 0, 176, 0, 0, 0
6510, 1, 1636468571063, 1636468571235, 172, 0, 172, 0, 0, 0
6511, 1, 1636468571139, 1636468571311, 172, 0, 172, 0, 0, 0
6508, 1, 1636468571235, 1636468571407, 172, 0, 172, 0, 0, 0
6506, 1, 1636468571247, 1636468571419, 172, 0, 172, 0, 0, 0
6512, 1, 1636468571583, 1636468571755, 172, 0, 172, 0, 0, 0
6513, 1, 1636468571767, 1636468571939, 172, 0, 172, 0, 0, 0
6514, 1, 1636468571795, 1636468571967, 172, 0, 172, 0, 0, 0
6515, 1, 1636468572115, 1636468572287, 172, 0, 172, 0, 0, 0
6516, 1, 1636468572207, 1636468572383, 176, 0, 176, 0, 0, 0
6518, 1, 1636468572259, 1636468572431, 172, 0, 172, 0, 0, 0
6521, 1, 1636468572271, 1636468572443, 172, 0, 172, 0, 0, 0
6523, 1, 1636468572343, 1636468572515, 172, 0, 172, 0, 0, 0
6520, 1, 1636468572463, 1636468572635, 172, 0, 172, 0, 0, 0
6525, 1, 1636468572475, 1636468572647, 172, 0, 172, 0, 0, 0
6517, 1, 1636468572559, 1636468572731, 172, 0, 172, 0, 0, 0
6522, 1, 1636468572615, 1636468572791, 176, 0, 176, 0, 0, 0
6509, 1, 1636468572719, 1636468572891, 172, 0, 172, 0, 0, 0
6526, 1, 1636468572807, 1636468572979, 172, 0, 172, 0, 0, 0
6528, 1, 1636468573091, 1636468573263, 172, 0, 172, 0, 0, 0
6529, 1, 1636468573155, 1636468573327, 172, 0, 172, 0, 0, 0
6530, 1, 1636468573439, 1636468573611, 172, 0, 172, 0, 0, 0
6532, 1, 1636468573479, 1636468573651, 172, 0, 172, 0, 0, 0
6533, 1, 1636468573539, 1636468573715, 176, 0, 176, 0, 0, 0
6535, 1, 1636468573599, 1636468573771, 172, 0, 172, 0, 0, 0
6536, 1, 1636468573627, 1636468573803, 176, 0, 176, 0, 0, 0
6537, 1, 1636468573655, 1636468573831, 176, 0, 176, 0, 0, 0
6534, 1, 1636468573783, 1636468573955, 172, 0, 172, 0, 0, 0
6538, 1, 1636468574011, 1636468574183, 172, 0, 172, 0, 0, 0
6539, 1, 1636468574127, 1636468574299, 172, 0, 172, 0, 0, 0
6540, 1, 1636468574439, 1636468574611, 172, 0, 172, 0, 0, 0
6541, 1, 1636468574519, 1636468574695, 176, 0, 176, 0, 0, 0
6542, 1, 1636468574783, 1636468574955, 172, 0, 172, 0, 0, 0
6545, 1, 1636468574891, 1636468575063, 172, 0, 172, 0, 0, 0
6546, 1, 1636468574899, 1636468575071, 172, 0, 172, 0, 0, 0
6547, 1, 1636468574927, 1636468575099, 172, 0, 172, 0, 0, 0
6548, 1, 1636468574979, 1636468575151, 172, 0, 172, 0, 0, 0
6549, 1, 1636468575007, 1636468575179, 172, 0, 172, 0, 0, 0
6531, 1, 1636468575071, 1636468575243, 172, 0, 172, 0, 0, 0
6550, 1, 1636468575123, 1636468575295, 172, 0, 172, 0, 0, 0
6552, 1, 1636468575371, 1636468575543, 172, 0, 172, 0, 0, 0
6554, 1, 1636468575739, 1636468575911, 172, 0, 172, 0, 0, 0
6555, 1, 1636468575927, 1636468576099, 172, 0, 172, 0, 0, 0
6556, 1, 1636468576103, 1636468576275, 172, 0, 172, 0, 0, 0
6557, 1, 1636468576247, 1636468576419, 172, 0, 172, 0, 0, 0
6558, 1, 1636468576255, 1636468576427, 172, 0, 172, 0, 0, 0
6559, 1, 1636468576343, 1636468576515, 172, 0, 172, 0, 0, 0
6560, 1, 1636468576439, 1636468576611, 172, 0, 172, 0, 0, 0
6561, 1, 1636468576687, 1636468576859, 172, 0, 172, 0, 0, 0
6563, 1, 1636468577227, 1636468577399, 172, 0, 172, 0, 0, 0
6564, 1, 1636468577315, 1636468577487, 172, 0, 172, 0, 0, 0
6565, 1, 1636468577403, 1636468577575, 172, 0, 172, 0, 0, 0
6553, 1, 1636468577427, 1636468577599, 172, 0, 172, 0, 0, 0
6562, 1, 1636468577575, 1636468577747, 172, 0, 172, 0, 0, 0
6567, 1, 1636468577659, 1636468577831, 172, 0, 172, 0, 0, 0
6568, 1, 1636468577719, 1636468577891, 172, 0, 172, 0, 0, 0
6569, 1, 1636468577795, 1636468577971, 176, 0, 176, 0, 0, 0
6566, 1, 1636468577923, 1636468578095, 172, 0, 172, 0, 0, 0
6570, 1, 1636468578271, 1636468578443, 172, 0, 172, 0, 0, 0
6571, 1, 1636468578487, 1636468578659, 172, 0, 172, 0, 0, 0
6573, 1, 1636468578695, 1636468578867, 172, 0, 172, 0, 0, 0
6574, 1, 1636468578723, 1636468578895, 172, 0, 172, 0, 0, 0
6572, 1, 1636468578831, 1636468579003, 172, 0, 172, 0, 0, 0
6576, 1, 1636468579055, 1636468579227, 172, 0, 172, 0, 0, 0
6577, 1, 1636468579103, 1636468579275, 172, 0, 172, 0, 0, 0
6578, 1, 1636468579151, 1636468579323, 172, 0, 172, 0, 0, 0
6575, 1, 1636468579183, 1636468579355, 172, 0, 172, 0, 0, 0
6579, 1, 1636468579531, 1636468579703, 172, 0, 172, 0, 0, 0
6580, 1, 1636468579755, 1636468579927, 172, 0, 172, 0, 0, 0
6582, 1, 1636468580079, 1636468580251, 172, 0, 172, 0, 0, 0
6581, 1, 1636468580103, 1636468580275, 172, 0, 172, 0, 0, 0
6583, 1, 1636468580127, 1636468580299, 172, 0, 172, 0, 0, 0
6585, 1, 1636468580411, 1636468580583, 172, 0, 172, 0, 0, 0
6584, 1, 1636468580451, 1636468580623, 172, 0, 172, 0, 0, 0
6586, 1, 1636468580803, 1636468580975, 172, 0, 172, 0, 0, 0
6587, 1, 1636468581711, 1636468581883, 172, 0, 172, 0, 0, 0
6588, 1, 1636468582039, 1636468582211, 172, 0, 172, 0, 0, 0
6589, 1, 1636468583023, 1636468583195, 172, 0, 172, 0, 0, 0
6590, 1, 1636468583407, 1636468583579, 172, 0, 172, 0, 0, 0
6591, 1, 1636468584335, 1636468584507, 172, 0, 172, 0, 0, 0
6592, 1, 1636468585615, 1636468585787, 172, 0, 172, 0, 0, 0
6593, 1, 1636468586987, 1636468587159, 172, 0, 172, 0, 0, 0
6594, 1, 1636468588259, 1636468588431, 172, 0, 172, 0, 0, 0
6595, 1, 1636468589611, 1636468589783, 172, 0, 172, 0, 0, 0
6596, 1, 1636468590979, 1636468591151, 172, 0, 172, 0, 0, 0
6597, 1, 1636468592383, 1636468592555, 172, 0, 172, 0, 0, 0
6598, 1, 1636468593719, 1636468593891, 172, 0, 172, 0, 0, 0
6599, 1, 1636468595107, 1636468595279, 172, 0, 172, 0, 0, 0
6600, 1, 1636468596459, 1636468596631, 172, 0, 172, 0, 0, 0
6601, 1, 1636468683407, 1636468683579, 172, 0, 172, 0, 0, 0
6602, 1, 1636468684067, 1636468684239, 172, 0, 172, 0, 0, 0
6603, 1, 1636468684395, 1636468684567, 172, 0, 172, 0, 0, 0
6604, 1, 1636468684679, 1636468684851, 172, 0, 172, 0, 0, 0
6605, 1, 1636468685055, 1636468685227, 172, 0, 172, 0, 0, 0
6606, 1, 1636468685379, 1636468685551, 172, 0, 172, 0, 0, 0
6607, 1, 1636468685423, 1636468685595, 172, 0, 172, 0, 0, 0
6608, 1, 1636468685667, 1636468685839, 172, 0, 172, 0, 0, 0
6609, 1, 1636468686039, 1636468686211, 172, 0, 172, 0, 0, 0
6610, 1, 1636468686175, 1636468686347, 172, 0, 172, 0, 0, 0
6611, 1, 1636468686399, 1636468686571, 172, 0, 172, 0, 0, 0
6612, 1, 1636468686419, 1636468686591, 172, 0, 172, 0, 0, 0
6613, 1, 1636468686655, 1636468686827, 172, 0, 172, 0, 0, 0
6614, 1, 1636468686847, 1636468687019, 172, 0, 172, 0, 0, 0
6615, 1, 1636468687071, 1636468687243, 172, 0, 172, 0, 0, 0
6616, 1, 1636468687171, 1636468687347, 176, 0, 176, 0, 0, 0
6617, 1, 1636468687407, 1636468687579, 172, 0, 172, 0, 0, 0
6618, 1, 1636468687411, 1636468687587, 176, 0, 176, 0, 0, 0
6619, 1, 1636468687687, 1636468687859, 172, 0, 172, 0, 0, 0
6620, 1, 1636468687747, 1636468687919, 172, 0, 172, 0, 0, 0
6621, 1, 1636468687839, 1636468688011, 172, 0, 172, 0, 0, 0
6622, 1, 1636468688087, 1636468688259, 172, 0, 172, 0, 0, 0
6623, 1, 1636468688163, 1636468688335, 172, 0, 172, 0, 0, 0
6624, 1, 1636468688407, 1636468688579, 172, 0, 172, 0, 0, 0
6625, 1, 1636468688435, 1636468688607, 172, 0, 172, 0, 0, 0
6626, 1, 1636468688443, 1636468688615, 172, 0, 172, 0, 0, 0
6627, 1, 1636468688699, 1636468688875, 176, 0, 176, 0, 0, 0
6628, 1, 1636468688739, 1636468688911, 172, 0, 172, 0, 0, 0
6629, 1, 1636468688815, 1636468688987, 172, 0, 172, 0, 0, 0
6630, 1, 1636468689071, 1636468689247, 176, 0, 176, 0, 0, 0
6631, 1, 1636468689183, 1636468689355, 172, 0, 172, 0, 0, 0
6632, 1, 1636468689191, 1636468689363, 172, 0, 172, 0, 0, 0
6634, 1, 1636468689439, 1636468689611, 172, 0, 172, 0, 0, 0
6635, 1, 1636468689463, 1636468689635, 172, 0, 172, 0, 0, 0
6633, 1, 1636468689535, 1636468689707, 172, 0, 172, 0, 0, 0
6636, 1, 1636468689695, 1636468689867, 172, 0, 172, 0, 0, 0
6637, 1, 1636468689719, 1636468689891, 172, 0, 172, 0, 0, 0
6638, 1, 1636468689839, 1636468690011, 172, 0, 172, 0, 0, 0
6639, 1, 1636468689923, 1636468690099, 176, 0, 176, 0, 0, 0
6642, 1, 1636468690191, 1636468690363, 172, 0, 172, 0, 0, 0
6641, 1, 1636468690191, 1636468690363, 172, 0, 172, 0, 0, 0
6640, 1, 1636468690271, 1636468690443, 172, 0, 172, 0, 0, 0
6643, 1, 1636468690415, 1636468690587, 172, 0, 172, 0, 0, 0
6644, 1, 1636468690423, 1636468690595, 172, 0, 172, 0, 0, 0
6645, 1, 1636468690431, 1636468690603, 172, 0, 172, 0, 0, 0
6646, 1, 1636468690707, 1636468690879, 172, 0, 172, 0, 0, 0
6647, 1, 1636468690743, 1636468690915, 172, 0, 172, 0, 0, 0
6648, 1, 1636468690851, 1636468691023, 172, 0, 172, 0, 0, 0
6649, 1, 1636468690911, 1636468691083, 172, 0, 172, 0, 0, 0
6650, 1, 1636468691103, 1636468691275, 172, 0, 172, 0, 0, 0
6651, 1, 1636468691171, 1636468691343, 172, 0, 172, 0, 0, 0
6652, 1, 1636468691183, 1636468691355, 172, 0, 172, 0, 0, 0
6653, 1, 1636468691443, 1636468691615, 172, 0, 172, 0, 0, 0
6654, 1, 1636468691451, 1636468691623, 172, 0, 172, 0, 0, 0
6655, 1, 1636468691455, 1636468691631, 176, 0, 176, 0, 0, 0
6656, 1, 1636468691707, 1636468691879, 172, 0, 172, 0, 0, 0
6657, 1, 1636468691751, 1636468691923, 172, 0, 172, 0, 0, 0
6658, 1, 1636468691843, 1636468692015, 172, 0, 172, 0, 0, 0
6659, 1, 1636468691895, 1636468692067, 172, 0, 172, 0, 0, 0
6660, 1, 1636468692139, 1636468692311, 172, 0, 172, 0, 0, 0
6661, 1, 1636468692143, 1636468692319, 176, 0, 176, 0, 0, 0
6662, 1, 1636468692195, 1636468692367, 172, 0, 172, 0, 0, 0
6664, 1, 1636468692443, 1636468692615, 172, 0, 172, 0, 0, 0
6665, 1, 1636468692459, 1636468692631, 172, 0, 172, 0, 0, 0
6666, 1, 1636468692463, 1636468692635, 172, 0, 172, 0, 0, 0
6663, 1, 1636468692495, 1636468692667, 172, 0, 172, 0, 0, 0
6667, 1, 1636468692739, 1636468692911, 172, 0, 172, 0, 0, 0
6668, 1, 1636468692743, 1636468692919, 176, 0, 176, 0, 0, 0
6669, 1, 1636468692867, 1636468693039, 172, 0, 172, 0, 0, 0
6670, 1, 1636468692927, 1636468693099, 172, 0, 172, 0, 0, 0
6672, 1, 1636468693131, 1636468693303, 172, 0, 172, 0, 0, 0
6673, 1, 1636468693171, 1636468693343, 172, 0, 172, 0, 0, 0
6675, 1, 1636468693203, 1636468693375, 172, 0, 172, 0, 0, 0
6674, 1, 1636468693203, 1636468693375, 172, 0, 172, 0, 0, 0
6671, 1, 1636468693215, 1636468693391, 176, 0, 176, 0, 0, 0
6676, 1, 1636468693427, 1636468693599, 172, 0, 172, 0, 0, 0
6677, 1, 1636468693439, 1636468693611, 172, 0, 172, 0, 0, 0
6678, 1, 1636468693475, 1636468693651, 176, 0, 176, 0, 0, 0
6679, 1, 1636468693747, 1636468693923, 176, 0, 176, 0, 0, 0
6680, 1, 1636468693759, 1636468693931, 172, 0, 172, 0, 0, 0
6681, 1, 1636468693871, 1636468694043, 172, 0, 172, 0, 0, 0
6683, 1, 1636468693943, 1636468694115, 172, 0, 172, 0, 0, 0
6684, 1, 1636468693959, 1636468694131, 172, 0, 172, 0, 0, 0
6682, 1, 1636468694107, 1636468694279, 172, 0, 172, 0, 0, 0
6685, 1, 1636468694123, 1636468694299, 176, 0, 176, 0, 0, 0
6686, 1, 1636468694147, 1636468694319, 172, 0, 172, 0, 0, 0
6687, 1, 1636468694195, 1636468694367, 172, 0, 172, 0, 0, 0
6688, 1, 1636468694243, 1636468694419, 176, 0, 176, 0, 0, 0
6689, 1, 1636468694415, 1636468694587, 172, 0, 172, 0, 0, 0
6690, 1, 1636468694455, 1636468694627, 172, 0, 172, 0, 0, 0
6691, 1, 1636468694511, 1636468694683, 172, 0, 172, 0, 0, 0
6692, 1, 1636468694711, 1636468694883, 172, 0, 172, 0, 0, 0
6693, 1, 1636468694759, 1636468694935, 176, 0, 176, 0, 0, 0
6694, 1, 1636468694895, 1636468695067, 172, 0, 172, 0, 0, 0
6695, 1, 1636468694903, 1636468695075, 172, 0, 172, 0, 0, 0
6696, 1, 1636468694907, 1636468695083, 176, 0, 176, 0, 0, 0
6697, 1, 1636468694915, 1636468695091, 176, 0, 176, 0, 0, 0
6698, 1, 1636468694947, 1636468695119, 172, 0, 172, 0, 0, 0
6699, 1, 1636468695115, 1636468695287, 172, 0, 172, 0, 0, 0
6700, 1, 1636468695131, 1636468695303, 172, 0, 172, 0, 0, 0
6702, 1, 1636468695239, 1636468695411, 172, 0, 172, 0, 0, 0
6701, 1, 1636468695243, 1636468695415, 172, 0, 172, 0, 0, 0
6703, 1, 1636468695387, 1636468695559, 172, 0, 172, 0, 0, 0
6704, 1, 1636468695479, 1636468695651, 172, 0, 172, 0, 0, 0
6706, 1, 1636468695595, 1636468695767, 172, 0, 172, 0, 0, 0
6707, 1, 1636468695695, 1636468695867, 172, 0, 172, 0, 0, 0
6705, 1, 1636468695731, 1636468695903, 172, 0, 172, 0, 0, 0
6708, 1, 1636468695791, 1636468695963, 172, 0, 172, 0, 0, 0
6709, 1, 1636468695887, 1636468696059, 172, 0, 172, 0, 0, 0
6710, 1, 1636468695887, 1636468696059, 172, 0, 172, 0, 0, 0
6711, 1, 1636468695915, 1636468696087, 172, 0, 172, 0, 0, 0
6712, 1, 1636468695947, 1636468696119, 172, 0, 172, 0, 0, 0
6713, 1, 1636468695983, 1636468696155, 172, 0, 172, 0, 0, 0
6714, 1, 1636468696107, 1636468696279, 172, 0, 172, 0, 0, 0
6715, 1, 1636468696139, 1636468696311, 172, 0, 172, 0, 0, 0
6717, 1, 1636468696215, 1636468696387, 172, 0, 172, 0, 0, 0
6718, 1, 1636468696407, 1636468696583, 176, 0, 176, 0, 0, 0
6716, 1, 1636468696451, 1636468696623, 172, 0, 172, 0, 0, 0
6719, 1, 1636468696451, 1636468696623, 172, 0, 172, 0, 0, 0
6720, 1, 1636468696479, 1636468696651, 172, 0, 172, 0, 0, 0
6721, 1, 1636468696515, 1636468696687, 172, 0, 172, 0, 0, 0
6722, 1, 1636468696587, 1636468696759, 172, 0, 172, 0, 0, 0
6723, 1, 1636468696799, 1636468696971, 172, 0, 172, 0, 0, 0
6724, 1, 1636468696799, 1636468696971, 172, 0, 172, 0, 0, 0
6725, 1, 1636468696867, 1636468697039, 172, 0, 172, 0, 0, 0
6728, 1, 1636468696927, 1636468697103, 176, 0, 176, 0, 0, 0
6727, 1, 1636468696931, 1636468697111, 180, 0, 180, 0, 0, 0
6729, 1, 1636468696991, 1636468697163, 172, 0, 172, 0, 0, 0
6730, 1, 1636468697103, 1636468697275, 172, 0, 172, 0, 0, 0
6731, 1, 1636468697131, 1636468697303, 172, 0, 172, 0, 0, 0
6726, 1, 1636468697147, 1636468697323, 176, 0, 176, 0, 0, 0
6732, 1, 1636468697203, 1636468697375, 172, 0, 172, 0, 0, 0
6733, 1, 1636468697235, 1636468697407, 172, 0, 172, 0, 0, 0
6734, 1, 1636468697251, 1636468697423, 172, 0, 172, 0, 0, 0
6735, 1, 1636468697407, 1636468697579, 172, 0, 172, 0, 0, 0
6736, 1, 1636468697443, 1636468697615, 172, 0, 172, 0, 0, 0
6737, 1, 1636468697495, 1636468697667, 172, 0, 172, 0, 0, 0
6738, 1, 1636468697519, 1636468697691, 172, 0, 172, 0, 0, 0
6739, 1, 1636468697563, 1636468697735, 172, 0, 172, 0, 0, 0
6740, 1, 1636468697671, 1636468697843, 172, 0, 172, 0, 0, 0
6741, 1, 1636468697843, 1636468698015, 172, 0, 172, 0, 0, 0
6742, 1, 1636468697871, 1636468698043, 172, 0, 172, 0, 0, 0
6743, 1, 1636468697887, 1636468698063, 176, 0, 176, 0, 0, 0
6744, 1, 1636468697943, 1636468698115, 172, 0, 172, 0, 0, 0
6745, 1, 1636468697958, 1636468698131, 173, 1, 172, 0, 0, 0
6746, 1, 1636468697983, 1636468698155, 172, 0, 172, 0, 0, 0
6747, 1, 1636468698115, 1636468698291, 176, 0, 176, 0, 0, 0
6749, 1, 1636468698127, 1636468698299, 172, 0, 172, 0, 0, 0
6750, 1, 1636468698191, 1636468698367, 176, 0, 176, 0, 0, 0
6751, 1, 1636468698223, 1636468698395, 172, 0, 172, 0, 0, 0
6752, 1, 1636468698258, 1636468698431, 173, 1, 172, 1, 0, 1
6753, 1, 1636468698419, 1636468698591, 172, 0, 172, 0, 0, 0
6754, 1, 1636468698427, 1636468698599, 172, 0, 172, 0, 0, 0
6748, 1, 1636468698467, 1636468698643, 176, 0, 176, 0, 0, 0
6755, 1, 1636468698479, 1636468698655, 176, 0, 176, 0, 0, 0
6756, 1, 1636468698539, 1636468698711, 172, 0, 172, 0, 0, 0
6757, 1, 1636468698591, 1636468698763, 172, 0, 172, 0, 0, 0
6758, 1, 1636468698675, 1636468698855, 180, 0, 180, 0, 0, 0
6759, 1, 1636468698743, 1636468698915, 172, 0, 172, 0, 0, 0
6760, 1, 1636468698883, 1636468699055, 172, 0, 172, 0, 0, 0
6761, 1, 1636468698899, 1636468699071, 172, 0, 172, 0, 0, 0
6762, 1, 1636468698911, 1636468699083, 172, 0, 172, 0, 0, 0
6763, 1, 1636468698995, 1636468699167, 172, 0, 172, 0, 0, 0
6764, 1, 1636468698995, 1636468699167, 172, 0, 172, 0, 0, 0
6766, 1, 1636468699103, 1636468699275, 172, 0, 172, 0, 0, 0
6768, 1, 1636468699139, 1636468699311, 172, 0, 172, 0, 0, 0
6767, 1, 1636468699163, 1636468699335, 172, 0, 172, 0, 0, 0
6769, 1, 1636468699175, 1636468699347, 172, 0, 172, 0, 0, 0
6770, 1, 1636468699207, 1636468699379, 172, 0, 172, 0, 0, 0
6771, 1, 1636468699235, 1636468699407, 172, 0, 172, 0, 0, 0
6765, 1, 1636468699343, 1636468699515, 172, 0, 172, 0, 0, 0
6772, 1, 1636468699403, 1636468699575, 172, 0, 172, 0, 0, 0
6773, 1, 1636468699439, 1636468699611, 172, 0, 172, 0, 0, 0
6774, 1, 1636468699459, 1636468699631, 172, 0, 172, 0, 0, 0
6775, 1, 1636468699483, 1636468699655, 172, 0, 172, 0, 0, 0
6776, 1, 1636468699603, 1636468699775, 172, 0, 172, 0, 0, 0
6777, 1, 1636468699675, 1636468699847, 172, 0, 172, 0, 0, 0
6778, 1, 1636468699719, 1636468699891, 172, 0, 172, 0, 0, 0
6779, 1, 1636468699847, 1636468700019, 172, 0, 172, 0, 0, 0
6780, 1, 1636468699863, 1636468700039, 176, 0, 176, 0, 0, 0
6781, 1, 1636468699895, 1636468700067, 172, 0, 172, 0, 0, 0
6784, 1, 1636468699983, 1636468700159, 176, 0, 176, 0, 0, 0
6785, 1, 1636468700003, 1636468700175, 172, 0, 172, 0, 0, 0
6783, 1, 1636468700067, 1636468700239, 172, 0, 172, 0, 0, 0
6786, 1, 1636468700083, 1636468700259, 176, 0, 176, 0, 0, 0
6787, 1, 1636468700119, 1636468700291, 172, 0, 172, 0, 0, 0
6788, 1, 1636468700143, 1636468700315, 172, 0, 172, 0, 0, 0
6789, 1, 1636468700175, 1636468700347, 172, 0, 172, 0, 0, 0
6782, 1, 1636468700195, 1636468700367, 172, 0, 172, 0, 0, 0
6790, 1, 1636468700215, 1636468700391, 176, 0, 176, 0, 0, 0
6791, 1, 1636468700231, 1636468700403, 172, 0, 172, 0, 0, 0
6792, 1, 1636468700395, 1636468700567, 172, 0, 172, 0, 0, 0
6793, 1, 1636468700451, 1636468700623, 172, 0, 172, 0, 0, 0
6794, 1, 1636468700459, 1636468700635, 176, 0, 176, 0, 0, 0
6795, 1, 1636468700467, 1636468700643, 176, 0, 176, 0, 0, 0
6796, 1, 1636468700591, 1636468700767, 176, 0, 176, 0, 0, 0
6797, 1, 1636468700659, 1636468700831, 172, 0, 172, 0, 0, 0
6798, 1, 1636468700747, 1636468700919, 172, 0, 172, 0, 0, 0
6799, 1, 1636468700835, 1636468701007, 172, 0, 172, 0, 0, 0
6800, 1, 1636468700867, 1636468701039, 172, 0, 172, 0, 0, 0
6801, 1, 1636468700907, 1636468701079, 172, 0, 172, 0, 0, 0
6802, 1, 1636468700931, 1636468701103, 172, 0, 172, 0, 0, 0
6803, 1, 1636468700955, 1636468701127, 172, 0, 172, 0, 0, 0
6804, 1, 1636468700967, 1636468701139, 172, 0, 172, 0, 0, 0
6805, 1, 1636468701039, 1636468701211, 172, 0, 172, 0, 0, 0
6806, 1, 1636468701111, 1636468701283, 172, 0, 172, 0, 0, 0
6807, 1, 1636468701119, 1636468701291, 172, 0, 172, 0, 0, 0
6808, 1, 1636468701139, 1636468701315, 176, 0, 176, 0, 0, 0
6809, 1, 1636468701179, 1636468701351, 172, 0, 172, 0, 0, 0
6810, 1, 1636468701183, 1636468701359, 176, 0, 176, 0, 0, 0
6811, 1, 1636468701239, 1636468701411, 172, 0, 172, 0, 0, 0
6812, 1, 1636468701431, 1636468701603, 172, 0, 172, 0, 0, 0
6813, 1, 1636468701435, 1636468701607, 172, 0, 172, 0, 0, 0
6814, 1, 1636468701459, 1636468701631, 172, 0, 172, 0, 0, 0
6815, 1, 1636468701483, 1636468701663, 180, 0, 180, 0, 0, 0
6816, 1, 1636468701607, 1636468701779, 172, 0, 172, 0, 0, 0
6817, 1, 1636468701655, 1636468701827, 172, 0, 172, 0, 0, 0
6818, 1, 1636468701751, 1636468701923, 172, 0, 172, 0, 0, 0
6819, 1, 1636468701819, 1636468701991, 172, 0, 172, 0, 0, 0
6820, 1, 1636468701879, 1636468702051, 172, 0, 172, 0, 0, 0
6821, 1, 1636468701907, 1636468702079, 172, 0, 172, 0, 0, 0
6822, 1, 1636468701931, 1636468702103, 172, 0, 172, 0, 0, 0
6823, 1, 1636468701963, 1636468702135, 172, 0, 172, 0, 0, 0
6824, 1, 1636468701995, 1636468702167, 172, 0, 172, 0, 0, 0
6825, 1, 1636468702071, 1636468702243, 172, 0, 172, 0, 0, 0
6827, 1, 1636468702139, 1636468702311, 172, 0, 172, 0, 0, 0
6828, 1, 1636468702147, 1636468702319, 172, 0, 172, 0, 0, 0
6829, 1, 1636468702167, 1636468702339, 172, 0, 172, 0, 0, 0
6830, 1, 1636468702199, 1636468702371, 172, 0, 172, 0, 0, 0
6831, 1, 1636468702231, 1636468702403, 172, 0, 172, 0, 0, 0
6826, 1, 1636468702275, 1636468702451, 176, 0, 176, 0, 0, 0
6832, 1, 1636468702407, 1636468702579, 172, 0, 172, 0, 0, 0
6833, 1, 1636468702463, 1636468702635, 172, 0, 172, 0, 0, 0
6834, 1, 1636468702483, 1636468702655, 172, 0, 172, 0, 0, 0
6835, 1, 1636468702487, 1636468702659, 172, 0, 172, 0, 0, 0
6836, 1, 1636468702607, 1636468702783, 176, 0, 176, 0, 0, 0
6837, 1, 1636468702675, 1636468702847, 172, 0, 172, 0, 0, 0
6838, 1, 1636468702755, 1636468702927, 172, 0, 172, 0, 0, 0
6840, 1, 1636468702859, 1636468703031, 172, 0, 172, 0, 0, 0
6839, 1, 1636468702859, 1636468703031, 172, 0, 172, 0, 0, 0
6841, 1, 1636468702939, 1636468703111, 172, 0, 172, 0, 0, 0
6842, 1, 1636468702963, 1636468703135, 172, 0, 172, 0, 0, 0
6843, 1, 1636468702995, 1636468703167, 172, 0, 172, 0, 0, 0
6844, 1, 1636468703015, 1636468703187, 172, 0, 172, 0, 0, 0
6845, 1, 1636468703039, 1636468703211, 172, 0, 172, 0, 0, 0
6846, 1, 1636468703099, 1636468703271, 172, 0, 172, 0, 0, 0
6847, 1, 1636468703131, 1636468703303, 172, 0, 172, 0, 0, 0
6848, 1, 1636468703159, 1636468703331, 172, 0, 172, 0, 0, 0
6849, 1, 1636468703179, 1636468703359, 180, 0, 180, 0, 0, 0
6850, 1, 1636468703199, 1636468703371, 172, 0, 172, 0, 0, 0
6851, 1, 1636468703255, 1636468703427, 172, 0, 172, 0, 0, 0
6852, 1, 1636468703443, 1636468703615, 172, 0, 172, 0, 0, 0
6853, 1, 1636468703455, 1636468703635, 180, 0, 180, 0, 0, 0
6854, 1, 1636468703487, 1636468703663, 176, 0, 176, 0, 0, 0
6855, 1, 1636468703499, 1636468703671, 172, 0, 172, 0, 0, 0
6856, 1, 1636468703639, 1636468703811, 172, 0, 172, 0, 0, 0
6857, 1, 1636468703699, 1636468703871, 172, 0, 172, 0, 0, 0
6858, 1, 1636468703731, 1636468703903, 172, 0, 172, 0, 0, 0
6859, 1, 1636468703855, 1636468704027, 172, 0, 172, 0, 0, 0
6860, 1, 1636468703867, 1636468704039, 172, 0, 172, 0, 0, 0
6861, 1, 1636468703943, 1636468704115, 172, 0, 172, 0, 0, 0
6862, 1, 1636468703955, 1636468704127, 172, 0, 172, 0, 0, 0
6863, 1, 1636468703975, 1636468704147, 172, 0, 172, 0, 0, 0
6864, 1, 1636468703983, 1636468704159, 176, 0, 176, 0, 0, 0
6865, 1, 1636468704007, 1636468704179, 172, 0, 172, 0, 0, 0
6867, 1, 1636468704147, 1636468704319, 172, 0, 172, 0, 0, 0
6868, 1, 1636468704171, 1636468704343, 172, 0, 172, 0, 0, 0
6869, 1, 1636468704183, 1636468704359, 176, 0, 176, 0, 0, 0
6870, 1, 1636468704206, 1636468704379, 173, 1, 172, 0, 0, 0
6871, 1, 1636468704283, 1636468704455, 172, 0, 172, 0, 0, 0
6866, 1, 1636468704323, 1636468704499, 176, 0, 176, 0, 0, 0
6872, 1, 1636468704435, 1636468704607, 172, 0, 172, 0, 0, 0
6873, 1, 1636468704467, 1636468704639, 172, 0, 172, 0, 0, 0
6874, 1, 1636468704487, 1636468704659, 172, 0, 172, 0, 0, 0
6875, 1, 1636468704523, 1636468704695, 172, 0, 172, 0, 0, 0
6876, 1, 1636468704679, 1636468704851, 172, 0, 172, 0, 0, 0
6877, 1, 1636468704699, 1636468704875, 176, 0, 176, 0, 0, 0
6878, 1, 1636468704711, 1636468704891, 180, 0, 180, 0, 0, 0
6879, 1, 1636468704863, 1636468705039, 176, 0, 176, 0, 0, 0
6880, 1, 1636468704879, 1636468705051, 172, 0, 172, 0, 0, 0
6881, 1, 1636468704919, 1636468705091, 172, 0, 172, 0, 0, 0
6882, 1, 1636468704963, 1636468705135, 172, 0, 172, 0, 0, 0
6883, 1, 1636468704975, 1636468705147, 172, 0, 172, 0, 0, 0
6885, 1, 1636468704999, 1636468705171, 172, 0, 172, 0, 0, 0
6886, 1, 1636468705079, 1636468705251, 172, 0, 172, 0, 0, 0
6887, 1, 1636468705143, 1636468705315, 172, 0, 172, 0, 0, 0
6888, 1, 1636468705147, 1636468705323, 176, 0, 176, 0, 0, 0
6889, 1, 1636468705195, 1636468705371, 176, 0, 176, 0, 0, 0
6890, 1, 1636468705207, 1636468705383, 176, 0, 176, 0, 0, 0
6884, 1, 1636468705263, 1636468705435, 172, 0, 172, 0, 0, 0
6891, 1, 1636468705319, 1636468705490, 171, 0, 171, 0, 0, 0
6892, 1, 1636468705415, 1636468705587, 172, 0, 172, 0, 0, 0
6893, 1, 1636468705455, 1636468705631, 176, 0, 176, 0, 0, 0
6894, 1, 1636468705475, 1636468705647, 172, 0, 172, 0, 0, 0
6895, 1, 1636468705535, 1636468705707, 172, 0, 172, 0, 0, 0
6896, 1, 1636468705643, 1636468705815, 172, 0, 172, 0, 0, 0
6897, 1, 1636468705679, 1636468705851, 172, 0, 172, 0, 0, 0
6898, 1, 1636468705743, 1636468705915, 172, 0, 172, 0, 0, 0
6899, 1, 1636468705871, 1636468706043, 172, 0, 172, 0, 0, 0
6900, 1, 1636468705895, 1636468706067, 172, 0, 172, 0, 0, 0
6901, 1, 1636468705911, 1636468706087, 176, 0, 176, 0, 0, 0
6903, 1, 1636468705963, 1636468706135, 172, 0, 172, 0, 0, 0
6904, 1, 1636468705987, 1636468706163, 176, 0, 176, 0, 0, 0
6902, 1, 1636468705995, 1636468706167, 172, 0, 172, 0, 0, 0
6905, 1, 1636468705999, 1636468706171, 172, 0, 172, 0, 0, 0
6906, 1, 1636468706079, 1636468706251, 172, 0, 172, 0, 0, 0
6907, 1, 1636468706131, 1636468706303, 172, 0, 172, 0, 0, 0
6908, 1, 1636468706179, 1636468706351, 172, 0, 172, 0, 0, 0
6909, 1, 1636468706187, 1636468706359, 172, 0, 172, 0, 0, 0
6910, 1, 1636468706195, 1636468706367, 172, 0, 172, 0, 0, 0
6911, 1, 1636468706323, 1636468706499, 176, 0, 176, 0, 0, 0
6912, 1, 1636468706383, 1636468706555, 172, 0, 172, 0, 0, 0
6913, 1, 1636468706435, 1636468706607, 172, 0, 172, 0, 0, 0
6915, 1, 1636468706495, 1636468706671, 176, 0, 176, 0, 0, 0
6914, 1, 1636468706499, 1636468706671, 172, 0, 172, 0, 0, 0
6916, 1, 1636468706623, 1636468706799, 176, 0, 176, 0, 0, 0
6917, 1, 1636468706659, 1636468706831, 172, 0, 172, 0, 0, 0
6918, 1, 1636468706759, 1636468706931, 172, 0, 172, 0, 0, 0
6919, 1, 1636468706875, 1636468707047, 172, 0, 172, 0, 0, 0
6920, 1, 1636468706875, 1636468707047, 172, 0, 172, 0, 0, 0
6921, 1, 1636468706903, 1636468707075, 172, 0, 172, 0, 0, 0
6922, 1, 1636468706955, 1636468707127, 172, 0, 172, 0, 0, 0
6923, 1, 1636468706958, 1636468707131, 173, 1, 172, 0, 0, 0
6924, 1, 1636468706991, 1636468707167, 176, 0, 176, 0, 0, 0
6925, 1, 1636468707039, 1636468707211, 172, 0, 172, 0, 0, 0
6926, 1, 1636468707091, 1636468707263, 172, 0, 172, 0, 0, 0
6927, 1, 1636468707095, 1636468707271, 176, 0, 176, 0, 0, 0
6928, 1, 1636468707183, 1636468707355, 172, 0, 172, 0, 0, 0
6929, 1, 1636468707211, 1636468707383, 172, 0, 172, 0, 0, 0
6930, 1, 1636468707215, 1636468707387, 172, 0, 172, 0, 0, 0
6931, 1, 1636468707291, 1636468707463, 172, 0, 172, 0, 0, 0
6932, 1, 1636468707403, 1636468707575, 172, 0, 172, 0, 0, 0
6933, 1, 1636468707407, 1636468707579, 172, 0, 172, 0, 0, 0
6934, 1, 1636468707479, 1636468707651, 172, 0, 172, 0, 0, 0
6935, 1, 1636468707519, 1636468707691, 172, 0, 172, 0, 0, 0
6936, 1, 1636468707635, 1636468707807, 172, 0, 172, 0, 0, 0
6937, 1, 1636468707655, 1636468707827, 172, 0, 172, 0, 0, 0
6938, 1, 1636468707755, 1636468707927, 172, 0, 172, 0, 0, 0
6939, 1, 1636468707871, 1636468708043, 172, 0, 172, 0, 0, 0
6940, 1, 1636468707887, 1636468708059, 172, 0, 172, 0, 0, 0
6941, 1, 1636468707907, 1636468708079, 172, 0, 172, 0, 0, 0
6942, 1, 1636468707959, 1636468708131, 172, 0, 172, 0, 0, 0
6943, 1, 1636468707975, 1636468708147, 172, 0, 172, 0, 0, 0
6944, 1, 1636468707995, 1636468708167, 172, 0, 172, 0, 0, 0
6945, 1, 1636468708031, 1636468708207, 176, 0, 176, 0, 0, 0
6946, 1, 1636468708071, 1636468708243, 172, 0, 172, 0, 0, 0
6947, 1, 1636468708115, 1636468708287, 172, 0, 172, 0, 0, 0
6948, 1, 1636468708171, 1636468708343, 172, 0, 172, 0, 0, 0
6949, 1, 1636468708179, 1636468708355, 176, 0, 176, 0, 0, 0
6950, 1, 1636468708235, 1636468708407, 172, 0, 172, 0, 0, 0
6951, 1, 1636468708259, 1636468708435, 176, 0, 176, 0, 0, 0
6952, 1, 1636468708403, 1636468708575, 172, 0, 172, 0, 0, 0
6953, 1, 1636468708427, 1636468708602, 175, 0, 175, 0, 0, 0
6955, 1, 1636468708515, 1636468708691, 176, 0, 176, 0, 0, 0
6954, 1, 1636468708539, 1636468708715, 176, 0, 176, 0, 0, 0
6956, 1, 1636468708622, 1636468708795, 173, 1, 172, 1, 0, 1
6957, 1, 1636468708687, 1636468708863, 176, 0, 176, 0, 0, 0
6958, 1, 1636468708779, 1636468708955, 176, 0, 176, 0, 0, 0
6959, 1, 1636468708863, 1636468709035, 172, 0, 172, 0, 0, 0
6960, 1, 1636468708875, 1636468709047, 172, 0, 172, 0, 0, 0
6961, 1, 1636468708919, 1636468709091, 172, 0, 172, 0, 0, 0
6962, 1, 1636468708971, 1636468709143, 172, 0, 172, 0, 0, 0
6963, 1, 1636468708975, 1636468709147, 172, 0, 172, 0, 0, 0
6965, 1, 1636468708999, 1636468709171, 172, 0, 172, 0, 0, 0
6964, 1, 1636468708999, 1636468709171, 172, 0, 172, 0, 0, 0
6966, 1, 1636468709071, 1636468709243, 172, 0, 172, 0, 0, 0
6967, 1, 1636468709139, 1636468709311, 172, 0, 172, 0, 0, 0
6968, 1, 1636468709139, 1636468709311, 172, 0, 172, 0, 0, 0
6969, 1, 1636468709167, 1636468709339, 172, 0, 172, 0, 0, 0
6970, 1, 1636468709227, 1636468709399, 172, 0, 172, 0, 0, 0
6971, 1, 1636468709347, 1636468709519, 172, 0, 172, 0, 0, 0
6973, 1, 1636468709419, 1636468709591, 172, 0, 172, 0, 0, 0
6972, 1, 1636468709419, 1636468709591, 172, 0, 172, 0, 0, 0
6974, 1, 1636468709467, 1636468709643, 176, 0, 176, 0, 0, 0
6975, 1, 1636468709487, 1636468709659, 172, 0, 172, 0, 0, 0
6976, 1, 1636468709619, 1636468709795, 176, 0, 176, 0, 0, 0
6977, 1, 1636468709695, 1636468709871, 176, 0, 176, 0, 0, 0
6978, 1, 1636468709835, 1636468710007, 172, 0, 172, 0, 0, 0
6979, 1, 1636468709855, 1636468710027, 172, 0, 172, 0, 0, 0
6980, 1, 1636468709879, 1636468710051, 172, 0, 172, 0, 0, 0
6981, 1, 1636468709895, 1636468710067, 172, 0, 172, 0, 0, 0
6982, 1, 1636468709951, 1636468710123, 172, 0, 172, 0, 0, 0
6984, 1, 1636468709967, 1636468710143, 176, 0, 176, 0, 0, 0
6983, 1, 1636468709967, 1636468710143, 176, 0, 176, 0, 0, 0
6985, 1, 1636468709991, 1636468710167, 176, 0, 176, 0, 0, 0
6986, 1, 1636468710091, 1636468710263, 172, 0, 172, 0, 0, 0
6987, 1, 1636468710131, 1636468710303, 172, 0, 172, 0, 0, 0
6989, 1, 1636468710167, 1636468710339, 172, 0, 172, 0, 0, 0
6990, 1, 1636468710199, 1636468710371, 172, 0, 172, 0, 0, 0
6988, 1, 1636468710226, 1636468710399, 173, 1, 172, 0, 0, 0
6991, 1, 1636468710247, 1636468710418, 171, 0, 171, 0, 0, 0
6992, 1, 1636468710395, 1636468710571, 176, 0, 176, 0, 0, 0
6994, 1, 1636468710463, 1636468710639, 176, 0, 176, 0, 0, 0
6995, 1, 1636468710475, 1636468710647, 172, 0, 172, 0, 0, 0
6993, 1, 1636468710543, 1636468710715, 172, 0, 172, 0, 0, 0
6996, 1, 1636468710635, 1636468710811, 176, 0, 176, 0, 0, 0
6997, 1, 1636468710671, 1636468710847, 176, 0, 176, 0, 0, 0
6998, 1, 1636468710683, 1636468710859, 176, 0, 176, 0, 0, 0
6999, 1, 1636468710851, 1636468711023, 172, 0, 172, 0, 0, 0
7000, 1, 1636468710875, 1636468711047, 172, 0, 172, 0, 0, 0
7001, 1, 1636468710883, 1636468711055, 172, 0, 172, 0, 0, 0
7002, 1, 1636468710939, 1636468711111, 172, 0, 172, 0, 0, 0
7003, 1, 1636468710947, 1636468711119, 172, 0, 172, 0, 0, 0
7004, 1, 1636468710971, 1636468711143, 172, 0, 172, 0, 0, 0
7005, 1, 1636468710995, 1636468711167, 172, 0, 172, 0, 0, 0
7006, 1, 1636468711107, 1636468711279, 172, 0, 172, 0, 0, 0
7007, 1, 1636468711115, 1636468711295, 180, 0, 180, 0, 0, 0
7008, 1, 1636468711163, 1636468711339, 176, 0, 176, 0, 0, 0
7010, 1, 1636468711191, 1636468711363, 172, 0, 172, 0, 0, 0
7011, 1, 1636468711247, 1636468711419, 172, 0, 172, 0, 0, 0
7009, 1, 1636468711319, 1636468711491, 172, 0, 172, 0, 0, 0
7012, 1, 1636468711423, 1636468711599, 176, 0, 176, 0, 0, 0
7013, 1, 1636468711431, 1636468711603, 172, 0, 172, 0, 0, 0
7014, 1, 1636468711463, 1636468711635, 172, 0, 172, 0, 0, 0
7015, 1, 1636468711483, 1636468711659, 176, 0, 176, 0, 0, 0
7016, 1, 1636468711627, 1636468711799, 172, 0, 172, 0, 0, 0
7017, 1, 1636468711659, 1636468711835, 176, 0, 176, 0, 0, 0
7018, 1, 1636468711679, 1636468711855, 176, 0, 176, 0, 0, 0
7019, 1, 1636468711815, 1636468711991, 176, 0, 176, 0, 0, 0
7020, 1, 1636468711875, 1636468712047, 172, 0, 172, 0, 0, 0
7021, 1, 1636468711899, 1636468712071, 172, 0, 172, 0, 0, 0
7022, 1, 1636468711931, 1636468712107, 176, 0, 176, 0, 0, 0
7023, 1, 1636468711951, 1636468712127, 176, 0, 176, 0, 0, 0
7024, 1, 1636468711971, 1636468712143, 172, 0, 172, 0, 0, 0
7025, 1, 1636468712031, 1636468712203, 172, 0, 172, 0, 0, 0
7026, 1, 1636468712107, 1636468712279, 172, 0, 172, 0, 0, 0
7027, 1, 1636468712147, 1636468712319, 172, 0, 172, 0, 0, 0
7028, 1, 1636468712159, 1636468712331, 172, 0, 172, 0, 0, 0
7029, 1, 1636468712163, 1636468712335, 172, 0, 172, 0, 0, 0
7030, 1, 1636468712171, 1636468712347, 176, 0, 176, 0, 0, 0
7031, 1, 1636468712263, 1636468712435, 172, 0, 172, 0, 0, 0
7032, 1, 1636468712395, 1636468712567, 172, 0, 172, 0, 0, 0
7033, 1, 1636468712459, 1636468712631, 172, 0, 172, 0, 0, 0
7034, 1, 1636468712467, 1636468712639, 172, 0, 172, 0, 0, 0
7035, 1, 1636468712471, 1636468712643, 172, 0, 172, 0, 0, 0
7036, 1, 1636468712619, 1636468712791, 172, 0, 172, 0, 0, 0
7037, 1, 1636468712691, 1636468712863, 172, 0, 172, 0, 0, 0
7038, 1, 1636468712703, 1636468712875, 172, 0, 172, 0, 0, 0
7039, 1, 1636468712843, 1636468713015, 172, 0, 172, 0, 0, 0
7041, 1, 1636468712899, 1636468713071, 172, 0, 172, 0, 0, 0
7040, 1, 1636468712895, 1636468713071, 176, 0, 176, 0, 0, 0
7042, 1, 1636468712931, 1636468713103, 172, 0, 172, 0, 0, 0
7043, 1, 1636468712947, 1636468713123, 176, 0, 176, 0, 0, 0
7044, 1, 1636468712995, 1636468713171, 176, 0, 176, 0, 0, 0
7045, 1, 1636468713019, 1636468713199, 180, 0, 180, 0, 0, 0
7046, 1, 1636468713083, 1636468713263, 180, 0, 180, 0, 0, 0
7047, 1, 1636468713147, 1636468713319, 172, 0, 172, 0, 0, 0
7049, 1, 1636468713175, 1636468713351, 176, 0, 176, 0, 0, 0
7048, 1, 1636468713179, 1636468713351, 172, 0, 172, 0, 0, 0
7050, 1, 1636468713187, 1636468713363, 176, 0, 176, 0, 0, 0
7051, 1, 1636468713259, 1636468713435, 176, 0, 176, 0, 0, 0
7052, 1, 1636468713435, 1636468713611, 176, 0, 176, 0, 0, 0
7053, 1, 1636468713443, 1636468713615, 172, 0, 172, 0, 0, 0
7054, 1, 1636468713459, 1636468713635, 176, 0, 176, 0, 0, 0
7055, 1, 1636468713499, 1636468713671, 172, 0, 172, 0, 0, 0
7056, 1, 1636468713647, 1636468713819, 172, 0, 172, 0, 0, 0
7057, 1, 1636468713671, 1636468713843, 172, 0, 172, 0, 0, 0
7058, 1, 1636468713723, 1636468713895, 172, 0, 172, 0, 0, 0
7059, 1, 1636468713847, 1636468714023, 176, 0, 176, 0, 0, 0
7060, 1, 1636468713867, 1636468714039, 172, 0, 172, 0, 0, 0
7061, 1, 1636468713923, 1636468714095, 172, 0, 172, 0, 0, 0
7062, 1, 1636468713943, 1636468714115, 172, 0, 172, 0, 0, 0
7063, 1, 1636468713967, 1636468714143, 176, 0, 176, 0, 0, 0
7065, 1, 1636468713987, 1636468714159, 172, 0, 172, 0, 0, 0
7064, 1, 1636468713987, 1636468714159, 172, 0, 172, 0, 0, 0
7066, 1, 1636468714043, 1636468714215, 172, 0, 172, 0, 0, 0
7067, 1, 1636468714163, 1636468714339, 176, 0, 176, 0, 0, 0
7068, 1, 1636468714175, 1636468714347, 172, 0, 172, 0, 0, 0
7069, 1, 1636468714191, 1636468714363, 172, 0, 172, 0, 0, 0
7071, 1, 1636468714239, 1636468714411, 172, 0, 172, 0, 0, 0
7070, 1, 1636468714339, 1636468714511, 172, 0, 172, 0, 0, 0
7072, 1, 1636468714447, 1636468714619, 172, 0, 172, 0, 0, 0
7073, 1, 1636468714455, 1636468714627, 172, 0, 172, 0, 0, 0
7074, 1, 1636468714463, 1636468714639, 176, 0, 176, 0, 0, 0
7075, 1, 1636468714467, 1636468714647, 180, 0, 180, 0, 0, 0
7076, 1, 1636468714647, 1636468714827, 180, 0, 180, 0, 0, 0
7077, 1, 1636468714679, 1636468714851, 172, 0, 172, 0, 0, 0
7078, 1, 1636468714699, 1636468714875, 176, 0, 176, 0, 0, 0
7079, 1, 1636468714859, 1636468715031, 172, 0, 172, 0, 0, 0
7080, 1, 1636468714887, 1636468715059, 172, 0, 172, 0, 0, 0
7081, 1, 1636468714915, 1636468715091, 176, 0, 176, 0, 0, 0
7082, 1, 1636468714927, 1636468715099, 172, 0, 172, 0, 0, 0
7083, 1, 1636468714955, 1636468715127, 172, 0, 172, 0, 0, 0
7084, 1, 1636468714983, 1636468715155, 172, 0, 172, 0, 0, 0
7086, 1, 1636468715035, 1636468715211, 176, 0, 176, 0, 0, 0
7087, 1, 1636468715123, 1636468715299, 176, 0, 176, 0, 0, 0
7088, 1, 1636468715155, 1636468715331, 176, 0, 176, 0, 0, 0
7089, 1, 1636468715195, 1636468715367, 172, 0, 172, 0, 0, 0
7090, 1, 1636468715215, 1636468715387, 172, 0, 172, 0, 0, 0
7091, 1, 1636468715267, 1636468715443, 176, 0, 176, 0, 0, 0
7085, 1, 1636468715303, 1636468715475, 172, 0, 172, 0, 0, 0
7092, 1, 1636468715423, 1636468715595, 172, 0, 172, 0, 0, 0
7093, 1, 1636468715439, 1636468715615, 176, 0, 176, 0, 0, 0
7094, 1, 1636468715447, 1636468715619, 172, 0, 172, 0, 0, 0
7095, 1, 1636468715499, 1636468715671, 172, 0, 172, 0, 0, 0
7096, 1, 1636468715663, 1636468715839, 176, 0, 176, 0, 0, 0
7098, 1, 1636468715667, 1636468715839, 172, 0, 172, 0, 0, 0
7097, 1, 1636468715663, 1636468715839, 176, 0, 176, 0, 0, 0
7099, 1, 1636468715843, 1636468716015, 172, 0, 172, 0, 0, 0
7100, 1, 1636468715891, 1636468716063, 172, 0, 172, 0, 0, 0
7101, 1, 1636468715915, 1636468716087, 172, 0, 172, 0, 0, 0
7102, 1, 1636468715915, 1636468716091, 176, 0, 176, 0, 0, 0
7103, 1, 1636468715939, 1636468716115, 176, 0, 176, 0, 0, 0
7104, 1, 1636468715979, 1636468716151, 172, 0, 172, 0, 0, 0
7105, 1, 1636468715987, 1636468716159, 172, 0, 172, 0, 0, 0
7106, 1, 1636468716059, 1636468716231, 172, 0, 172, 0, 0, 0
7107, 1, 1636468716099, 1636468716271, 172, 0, 172, 0, 0, 0
7108, 1, 1636468716167, 1636468716339, 172, 0, 172, 0, 0, 0
7109, 1, 1636468716183, 1636468716355, 172, 0, 172, 0, 0, 0
7110, 1, 1636468716191, 1636468716363, 172, 0, 172, 0, 0, 0
7111, 1, 1636468716287, 1636468716459, 172, 0, 172, 0, 0, 0
7112, 1, 1636468716435, 1636468716607, 172, 0, 172, 0, 0, 0
7113, 1, 1636468716451, 1636468716623, 172, 0, 172, 0, 0, 0
7114, 1, 1636468716459, 1636468716631, 172, 0, 172, 0, 0, 0
7115, 1, 1636468716483, 1636468716655, 172, 0, 172, 0, 0, 0
7116, 1, 1636468716627, 1636468716799, 172, 0, 172, 0, 0, 0
7117, 1, 1636468716647, 1636468716823, 176, 0, 176, 0, 0, 0
7118, 1, 1636468716691, 1636468716863, 172, 0, 172, 0, 0, 0
7119, 1, 1636468716835, 1636468717007, 172, 0, 172, 0, 0, 0
7120, 1, 1636468716867, 1636468717043, 176, 0, 176, 0, 0, 0
7121, 1, 1636468716891, 1636468717063, 172, 0, 172, 0, 0, 0
7122, 1, 1636468716907, 1636468717079, 172, 0, 172, 0, 0, 0
7123, 1, 1636468716947, 1636468717119, 172, 0, 172, 0, 0, 0
7124, 1, 1636468716967, 1636468717139, 172, 0, 172, 0, 0, 0
7125, 1, 1636468717003, 1636468717175, 172, 0, 172, 0, 0, 0
7126, 1, 1636468717083, 1636468717259, 176, 0, 176, 0, 0, 0
7127, 1, 1636468717131, 1636468717303, 172, 0, 172, 0, 0, 0
7128, 1, 1636468717159, 1636468717331, 172, 0, 172, 0, 0, 0
7129, 1, 1636468717183, 1636468717355, 172, 0, 172, 0, 0, 0
7130, 1, 1636468717215, 1636468717387, 172, 0, 172, 0, 0, 0
7131, 1, 1636468717279, 1636468717451, 172, 0, 172, 0, 0, 0
7132, 1, 1636468717415, 1636468717587, 172, 0, 172, 0, 0, 0
7133, 1, 1636468717431, 1636468717603, 172, 0, 172, 0, 0, 0
7134, 1, 1636468717463, 1636468717635, 172, 0, 172, 0, 0, 0
7135, 1, 1636468717475, 1636468717647, 172, 0, 172, 0, 0, 0
7136, 1, 1636468717615, 1636468717787, 172, 0, 172, 0, 0, 0
7137, 1, 1636468717671, 1636468717843, 172, 0, 172, 0, 0, 0
7138, 1, 1636468717679, 1636468717855, 176, 0, 176, 0, 0, 0
7139, 1, 1636468717839, 1636468718015, 176, 0, 176, 0, 0, 0
7140, 1, 1636468717859, 1636468718031, 172, 0, 172, 0, 0, 0
7141, 1, 1636468717887, 1636468718059, 172, 0, 172, 0, 0, 0
7142, 1, 1636468717931, 1636468718103, 172, 0, 172, 0, 0, 0
7143, 1, 1636468717967, 1636468718143, 176, 0, 176, 0, 0, 0
7144, 1, 1636468717983, 1636468718155, 172, 0, 172, 0, 0, 0
7145, 1, 1636468718027, 1636468718199, 172, 0, 172, 0, 0, 0
7146, 1, 1636468718087, 1636468718262, 175, 0, 175, 0, 0, 0
7147, 1, 1636468718131, 1636468718306, 175, 0, 175, 0, 0, 0
7148, 1, 1636468718143, 1636468718314, 171, 0, 171, 0, 0, 0
7149, 1, 1636468718207, 1636468718378, 171, 0, 171, 0, 0, 0
7150, 1, 1636468718211, 1636468718387, 176, 0, 176, 0, 0, 0
7151, 1, 1636468718374, 1636468718546, 172, 1, 171, 0, 1, 1
7152, 1, 1636468718418, 1636468718591, 173, 1, 172, 1, 0, 1
7153, 1, 1636468718439, 1636468718611, 172, 0, 172, 0, 0, 0
7154, 1, 1636468718458, 1636468718631, 173, 1, 172, 0, 0, 0
7155, 1, 1636468718458, 1636468718631, 173, 1, 172, 1, 0, 1
7156, 1, 1636468718602, 1636468718775, 173, 1, 172, 0, 0, 0
7157, 1, 1636468718639, 1636468718811, 172, 0, 172, 0, 0, 0
7158, 1, 1636468718646, 1636468718823, 177, 1, 176, 0, 0, 0
7159, 1, 1636468718854, 1636468719027, 173, 1, 172, 1, 0, 1
7160, 1, 1636468718862, 1636468719035, 173, 1, 172, 0, 1, 1
7161, 1, 1636468718878, 1636468719051, 173, 1, 172, 0, 0, 0
7162, 1, 1636468718951, 1636468719123, 172, 0, 172, 0, 0, 0
7163, 1, 1636468718955, 1636468719127, 172, 0, 172, 0, 0, 0
7164, 1, 1636468719010, 1636468719187, 177, 0, 177, 0, 0, 0
7165, 1, 1636468719023, 1636468719195, 172, 0, 172, 0, 0, 0
7166, 1, 1636468719051, 1636468719223, 172, 0, 172, 0, 0, 0
7167, 1, 1636468719143, 1636468719315, 172, 0, 172, 0, 0, 0
7168, 1, 1636468719171, 1636468719347, 176, 0, 176, 0, 0, 0
7170, 1, 1636468719191, 1636468719371, 180, 0, 180, 0, 0, 0
7171, 1, 1636468719227, 1636468719399, 172, 0, 172, 0, 0, 0
7169, 1, 1636468719299, 1636468719471, 172, 0, 172, 0, 0, 0
7172, 1, 1636468719387, 1636468719559, 172, 0, 172, 0, 0, 0
7173, 1, 1636468719415, 1636468719587, 172, 0, 172, 0, 0, 0
7174, 1, 1636468719430, 1636468719606, 176, 1, 175, 0, 0, 0
7175, 1, 1636468719455, 1636468719626, 171, 0, 171, 0, 0, 0
7176, 1, 1636468719611, 1636468719783, 172, 0, 172, 0, 0, 0
7177, 1, 1636468719630, 1636468719807, 177, 1, 176, 0, 0, 0
7178, 1, 1636468719655, 1636468719827, 172, 0, 172, 0, 0, 0
7179, 1, 1636468719863, 1636468720035, 172, 0, 172, 0, 0, 0
7180, 1, 1636468719870, 1636468720043, 173, 1, 172, 1, 0, 1
7181, 1, 1636468719899, 1636468720071, 172, 0, 172, 0, 0, 0
7183, 1, 1636468719951, 1636468720123, 172, 0, 172, 0, 0, 0
7185, 1, 1636468719995, 1636468720167, 172, 0, 172, 0, 0, 0
7184, 1, 1636468719995, 1636468720167, 172, 0, 172, 0, 0, 0
7186, 1, 1636468720091, 1636468720263, 172, 0, 172, 0, 0, 0
7187, 1, 1636468720115, 1636468720287, 172, 0, 172, 0, 0, 0
7188, 1, 1636468720139, 1636468720311, 172, 0, 172, 0, 0, 0
7189, 1, 1636468720159, 1636468720335, 176, 0, 176, 0, 0, 0
7190, 1, 1636468720187, 1636468720363, 176, 0, 176, 0, 0, 0
7182, 1, 1636468720211, 1636468720387, 176, 0, 176, 0, 0, 0
7191, 1, 1636468720215, 1636468720387, 172, 0, 172, 0, 0, 0
7192, 1, 1636468720399, 1636468720571, 172, 0, 172, 0, 0, 0
7193, 1, 1636468720403, 1636468720579, 176, 0, 176, 0, 0, 0
7194, 1, 1636468720423, 1636468720599, 176, 0, 176, 0, 0, 0
7195, 1, 1636468720423, 1636468720599, 176, 0, 176, 0, 0, 0
7196, 1, 1636468720631, 1636468720803, 172, 0, 172, 0, 0, 0
7198, 1, 1636468720647, 1636468720819, 172, 0, 172, 0, 0, 0
7197, 1, 1636468720647, 1636468720819, 172, 0, 172, 0, 0, 0
7200, 1, 1636468720863, 1636468721035, 172, 0, 172, 0, 0, 0
7201, 1, 1636468720863, 1636468721035, 172, 0, 172, 0, 0, 0
7202, 1, 1636468720927, 1636468721099, 172, 0, 172, 0, 0, 0
7203, 1, 1636468720935, 1636468721111, 176, 0, 176, 0, 0, 0
7204, 1, 1636468720987, 1636468721159, 172, 0, 172, 0, 0, 0
7199, 1, 1636468721003, 1636468721175, 172, 0, 172, 0, 0, 0
7205, 1, 1636468721031, 1636468721203, 172, 0, 172, 0, 0, 0
7206, 1, 1636468721095, 1636468721267, 172, 0, 172, 0, 0, 0
7207, 1, 1636468721119, 1636468721291, 172, 0, 172, 0, 0, 0
7208, 1, 1636468721123, 1636468721299, 176, 0, 176, 0, 0, 0
7209, 1, 1636468721147, 1636468721319, 172, 0, 172, 0, 0, 0
7210, 1, 1636468721151, 1636468721323, 172, 0, 172, 0, 0, 0
7211, 1, 1636468721239, 1636468721411, 172, 0, 172, 0, 0, 0
7212, 1, 1636468721383, 1636468721555, 172, 0, 172, 0, 0, 0
7213, 1, 1636468721423, 1636468721595, 172, 0, 172, 0, 0, 0
7214, 1, 1636468721455, 1636468721627, 172, 0, 172, 0, 0, 0
7215, 1, 1636468721459, 1636468721631, 172, 0, 172, 0, 0, 0
7216, 1, 1636468721607, 1636468721783, 176, 0, 176, 0, 0, 0
7217, 1, 1636468721615, 1636468721791, 176, 0, 176, 0, 0, 0
7218, 1, 1636468721639, 1636468721811, 172, 0, 172, 0, 0, 0
7219, 1, 1636468721835, 1636468722007, 172, 0, 172, 0, 0, 0
7220, 1, 1636468721847, 1636468722019, 172, 0, 172, 0, 0, 0
7221, 1, 1636468721875, 1636468722047, 172, 0, 172, 0, 0, 0
7222, 1, 1636468721903, 1636468722075, 172, 0, 172, 0, 0, 0
7223, 1, 1636468721955, 1636468722127, 172, 0, 172, 0, 0, 0
7224, 1, 1636468721963, 1636468722135, 172, 0, 172, 0, 0, 0
7225, 1, 1636468722063, 1636468722235, 172, 0, 172, 0, 0, 0
7226, 1, 1636468722103, 1636468722275, 172, 0, 172, 0, 0, 0
7228, 1, 1636468722123, 1636468722295, 172, 0, 172, 0, 0, 0
7227, 1, 1636468722123, 1636468722295, 172, 0, 172, 0, 0, 0
7229, 1, 1636468722147, 1636468722319, 172, 0, 172, 0, 0, 0
7230, 1, 1636468722155, 1636468722327, 172, 0, 172, 0, 0, 0
7231, 1, 1636468722259, 1636468722431, 172, 0, 172, 0, 0, 0
7232, 1, 1636468722359, 1636468722531, 172, 0, 172, 0, 0, 0
7233, 1, 1636468722427, 1636468722599, 172, 0, 172, 0, 0, 0
7234, 1, 1636468722439, 1636468722611, 172, 0, 172, 0, 0, 0
7235, 1, 1636468722447, 1636468722619, 172, 0, 172, 0, 0, 0
7236, 1, 1636468722587, 1636468722763, 176, 0, 176, 0, 0, 0
7237, 1, 1636468722639, 1636468722811, 172, 0, 172, 0, 0, 0
7238, 1, 1636468722647, 1636468722823, 176, 0, 176, 0, 0, 0
7239, 1, 1636468722815, 1636468722991, 176, 0, 176, 0, 0, 0
7240, 1, 1636468722847, 1636468723023, 176, 0, 176, 0, 0, 0
7241, 1, 1636468722875, 1636468723051, 176, 0, 176, 0, 0, 0
7242, 1, 1636468722926, 1636468723107, 181, 1, 180, 1, 0, 1
7243, 1, 1636468722979, 1636468723158, 179, 0, 179, 0, 0, 0
7244, 1, 1636468723003, 1636468723180, 177, 0, 177, 0, 0, 0
7245, 1, 1636468723043, 1636468723215, 172, 0, 172, 0, 0, 0
7246, 1, 1636468723095, 1636468723270, 175, 0, 175, 0, 0, 0
7248, 1, 1636468723123, 1636468723295, 172, 0, 172, 0, 0, 0
7247, 1, 1636468723126, 1636468723302, 176, 0, 176, 0, 0, 0
7249, 1, 1636468723151, 1636468723323, 172, 0, 172, 0, 0, 0
7250, 1, 1636468723174, 1636468723351, 177, 1, 176, 0, 0, 0
7251, 1, 1636468723263, 1636468723435, 172, 0, 172, 0, 0, 0
7252, 1, 1636468723375, 1636468723547, 172, 0, 172, 0, 0, 0
7253, 1, 1636468723426, 1636468723603, 177, 0, 177, 0, 0, 0
7254, 1, 1636468723443, 1636468723615, 172, 0, 172, 0, 0, 0
7255, 1, 1636468723447, 1636468723623, 176, 0, 176, 0, 0, 0
7256, 1, 1636468723623, 1636468723795, 172, 0, 172, 0, 0, 0
7257, 1, 1636468723635, 1636468723811, 176, 0, 176, 0, 0, 0
7258, 1, 1636468723651, 1636468723823, 172, 0, 172, 0, 0, 0
7259, 1, 1636468723823, 1636468723995, 172, 0, 172, 0, 0, 0
7260, 1, 1636468723835, 1636468724007, 172, 0, 172, 0, 0, 0
7261, 1, 1636468723903, 1636468724079, 176, 0, 176, 0, 0, 0
7262, 1, 1636468723947, 1636468724119, 172, 0, 172, 0, 0, 0
7263, 1, 1636468723967, 1636468724139, 172, 0, 172, 0, 0, 0
7264, 1, 1636468723983, 1636468724155, 172, 0, 172, 0, 0, 0
7265, 1, 1636468724027, 1636468724199, 172, 0, 172, 0, 0, 0
7266, 1, 1636468724063, 1636468724235, 172, 0, 172, 0, 0, 0
7268, 1, 1636468724135, 1636468724307, 172, 0, 172, 0, 0, 0
7267, 1, 1636468724135, 1636468724307, 172, 0, 172, 0, 0, 0
7269, 1, 1636468724151, 1636468724323, 172, 0, 172, 0, 0, 0
7270, 1, 1636468724159, 1636468724331, 172, 0, 172, 0, 0, 0
7271, 1, 1636468724235, 1636468724407, 172, 0, 172, 0, 0, 0
7272, 1, 1636468724383, 1636468724563, 180, 0, 180, 0, 0, 0
7273, 1, 1636468724411, 1636468724583, 172, 0, 172, 0, 0, 0
7274, 1, 1636468724419, 1636468724591, 172, 0, 172, 0, 0, 0
7275, 1, 1636468724466, 1636468724639, 173, 1, 172, 0, 0, 0
7276, 1, 1636468724615, 1636468724790, 175, 0, 175, 0, 0, 0
7277, 1, 1636468724651, 1636468724827, 176, 0, 176, 0, 0, 0
7278, 1, 1636468724667, 1636468724843, 176, 0, 176, 0, 0, 0
7279, 1, 1636468724851, 1636468725023, 172, 0, 172, 0, 0, 0
7280, 1, 1636468724859, 1636468725031, 172, 0, 172, 0, 0, 0
7281, 1, 1636468724883, 1636468725059, 176, 0, 176, 0, 0, 0
7283, 1, 1636468724939, 1636468725111, 172, 0, 172, 0, 0, 0
7282, 1, 1636468724939, 1636468725111, 172, 0, 172, 0, 0, 0
7284, 1, 1636468724995, 1636468725171, 176, 0, 176, 0, 0, 0
7285, 1, 1636468725007, 1636468725179, 172, 0, 172, 0, 0, 0
7286, 1, 1636468725095, 1636468725267, 172, 0, 172, 0, 0, 0
7287, 1, 1636468725111, 1636468725283, 172, 0, 172, 0, 0, 0
7288, 1, 1636468725131, 1636468725303, 172, 0, 172, 0, 0, 0
7289, 1, 1636468725155, 1636468725327, 172, 0, 172, 0, 0, 0
7290, 1, 1636468725155, 1636468725327, 172, 0, 172, 0, 0, 0
7291, 1, 1636468725271, 1636468725447, 176, 0, 176, 0, 0, 0
7292, 1, 1636468725391, 1636468725563, 172, 0, 172, 0, 0, 0
7293, 1, 1636468725391, 1636468725571, 180, 0, 180, 0, 0, 0
7294, 1, 1636468725395, 1636468725571, 176, 0, 176, 0, 0, 0
7295, 1, 1636468725495, 1636468725671, 176, 0, 176, 0, 0, 0
7296, 1, 1636468725631, 1636468725803, 172, 0, 172, 0, 0, 0
7297, 1, 1636468725631, 1636468725803, 172, 0, 172, 0, 0, 0
7298, 1, 1636468725647, 1636468725823, 176, 0, 176, 0, 0, 0
7300, 1, 1636468725851, 1636468726023, 172, 0, 172, 0, 0, 0
7299, 1, 1636468725851, 1636468726023, 172, 0, 172, 0, 0, 0
7301, 1, 1636468725871, 1636468726047, 176, 0, 176, 0, 0, 0
7302, 1, 1636468725907, 1636468726087, 180, 0, 180, 0, 0, 0
7303, 1, 1636468725923, 1636468726095, 172, 0, 172, 0, 0, 0
7304, 1, 1636468725967, 1636468726139, 172, 0, 172, 0, 0, 0
7305, 1, 1636468726047, 1636468726219, 172, 0, 172, 0, 0, 0
7306, 1, 1636468726079, 1636468726251, 172, 0, 172, 0, 0, 0
7307, 1, 1636468726107, 1636468726279, 172, 0, 172, 0, 0, 0
7308, 1, 1636468726127, 1636468726299, 172, 0, 172, 0, 0, 0
7309, 1, 1636468726139, 1636468726311, 172, 0, 172, 0, 0, 0
7310, 1, 1636468726167, 1636468726339, 172, 0, 172, 0, 0, 0
7311, 1, 1636468726303, 1636468726475, 172, 0, 172, 0, 0, 0
7312, 1, 1636468726363, 1636468726543, 180, 0, 180, 0, 0, 0
7313, 1, 1636468726399, 1636468726571, 172, 0, 172, 0, 0, 0
7314, 1, 1636468726423, 1636468726595, 172, 0, 172, 0, 0, 0
7315, 1, 1636468726471, 1636468726643, 172, 0, 172, 0, 0, 0
7316, 1, 1636468726611, 1636468726783, 172, 0, 172, 0, 0, 0
7317, 1, 1636468726623, 1636468726795, 172, 0, 172, 0, 0, 0
7318, 1, 1636468726663, 1636468726835, 172, 0, 172, 0, 0, 0
7319, 1, 1636468726827, 1636468726999, 172, 0, 172, 0, 0, 0
7320, 1, 1636468726851, 1636468727027, 176, 0, 176, 0, 0, 0
7321, 1, 1636468726859, 1636468727039, 180, 0, 180, 0, 0, 0
7322, 1, 1636468726931, 1636468727111, 180, 0, 180, 0, 0, 0
7323, 1, 1636468726951, 1636468727135, 184, 0, 184, 0, 0, 0
7324, 1, 1636468726967, 1636468727139, 172, 0, 172, 0, 0, 0
7325, 1, 1636468727007, 1636468727187, 180, 0, 180, 0, 0, 0
7326, 1, 1636468727099, 1636468727271, 172, 0, 172, 0, 0, 0
7328, 1, 1636468727143, 1636468727315, 172, 0, 172, 0, 0, 0
7327, 1, 1636468727143, 1636468727315, 172, 0, 172, 0, 0, 0
7329, 1, 1636468727167, 1636468727339, 172, 0, 172, 0, 0, 0
7330, 1, 1636468727167, 1636468727339, 172, 0, 172, 0, 0, 0
7331, 1, 1636468727291, 1636468727463, 172, 0, 172, 0, 0, 0
7332, 1, 1636468727339, 1636468727511, 172, 0, 172, 0, 0, 0
7334, 1, 1636468727439, 1636468727611, 172, 0, 172, 0, 0, 0
7333, 1, 1636468727439, 1636468727611, 172, 0, 172, 0, 0, 0
7335, 1, 1636468727463, 1636468727635, 172, 0, 172, 0, 0, 0
7336, 1, 1636468727591, 1636468727767, 176, 0, 176, 0, 0, 0
7337, 1, 1636468727619, 1636468727799, 180, 0, 180, 0, 0, 0
7338, 1, 1636468727671, 1636468727851, 180, 0, 180, 0, 0, 0
7339, 1, 1636468727823, 1636468727995, 172, 0, 172, 0, 0, 0
7340, 1, 1636468727843, 1636468728015, 172, 0, 172, 0, 0, 0
7341, 1, 1636468727887, 1636468728059, 172, 0, 172, 0, 0, 0
7342, 1, 1636468727931, 1636468728103, 172, 0, 172, 0, 0, 0
7343, 1, 1636468727943, 1636468728115, 172, 0, 172, 0, 0, 0
7344, 1, 1636468727999, 1636468728175, 176, 0, 176, 0, 0, 0
7345, 1, 1636468728019, 1636468728191, 172, 0, 172, 0, 0, 0
7346, 1, 1636468728079, 1636468728255, 176, 0, 176, 0, 0, 0
7347, 1, 1636468728139, 1636468728311, 172, 0, 172, 0, 0, 0
7348, 1, 1636468728139, 1636468728311, 172, 0, 172, 0, 0, 0
7349, 1, 1636468728151, 1636468728327, 176, 0, 176, 0, 0, 0
7350, 1, 1636468728183, 1636468728355, 172, 0, 172, 0, 0, 0
7351, 1, 1636468728279, 1636468728451, 172, 0, 172, 0, 0, 0
7352, 1, 1636468728371, 1636468728543, 172, 0, 172, 0, 0, 0
7353, 1, 1636468728427, 1636468728599, 172, 0, 172, 0, 0, 0
7355, 1, 1636468728443, 1636468728615, 172, 0, 172, 0, 0, 0
7354, 1, 1636468728439, 1636468728615, 176, 0, 176, 0, 0, 0
7356, 1, 1636468728627, 1636468728803, 176, 0, 176, 0, 0, 0
7357, 1, 1636468728635, 1636468728807, 172, 0, 172, 0, 0, 0
7358, 1, 1636468728651, 1636468728823, 172, 0, 172, 0, 0, 0
7359, 1, 1636468728803, 1636468728979, 176, 0, 176, 0, 0, 0
7360, 1, 1636468728855, 1636468729031, 176, 0, 176, 0, 0, 0
7361, 1, 1636468728871, 1636468729047, 176, 0, 176, 0, 0, 0
7362, 1, 1636468728919, 1636468729095, 176, 0, 176, 0, 0, 0
7363, 1, 1636468728967, 1636468729143, 176, 0, 176, 0, 0, 0
7364, 1, 1636468728995, 1636468729167, 172, 0, 172, 0, 0, 0
7365, 1, 1636468729015, 1636468729187, 172, 0, 172, 0, 0, 0
7366, 1, 1636468729063, 1636468729235, 172, 0, 172, 0, 0, 0
7367, 1, 1636468729139, 1636468729311, 172, 0, 172, 0, 0, 0
7368, 1, 1636468729147, 1636468729319, 172, 0, 172, 0, 0, 0
7369, 1, 1636468729163, 1636468729339, 176, 0, 176, 0, 0, 0
7370, 1, 1636468729171, 1636468729343, 172, 0, 172, 0, 0, 0
7371, 1, 1636468729255, 1636468729427, 172, 0, 172, 0, 0, 0
7372, 1, 1636468729399, 1636468729575, 176, 0, 176, 0, 0, 0
7373, 1, 1636468729419, 1636468729595, 176, 0, 176, 0, 0, 0
7374, 1, 1636468729439, 1636468729611, 172, 0, 172, 0, 0, 0
7375, 1, 1636468729475, 1636468729647, 172, 0, 172, 0, 0, 0
7376, 1, 1636468729599, 1636468729771, 172, 0, 172, 0, 0, 0
7377, 1, 1636468729619, 1636468729795, 176, 0, 176, 0, 0, 0
7378, 1, 1636468729643, 1636468729815, 172, 0, 172, 0, 0, 0
7379, 1, 1636468729803, 1636468729982, 179, 0, 179, 0, 0, 0
7380, 1, 1636468729851, 1636468730027, 176, 0, 176, 0, 0, 0
7381, 1, 1636468729887, 1636468730059, 172, 0, 172, 0, 0, 0
7382, 1, 1636468729919, 1636468730095, 176, 0, 176, 0, 0, 0
7383, 1, 1636468729943, 1636468730115, 172, 0, 172, 0, 0, 0
7384, 1, 1636468729974, 1636468730147, 173, 1, 172, 0, 0, 0
7385, 1, 1636468730019, 1636468730191, 172, 0, 172, 0, 0, 0
7386, 1, 1636468730083, 1636468730255, 172, 0, 172, 0, 0, 0
7387, 1, 1636468730111, 1636468730287, 176, 0, 176, 0, 0, 0
7388, 1, 1636468730135, 1636468730311, 176, 0, 176, 0, 0, 0
7390, 1, 1636468730179, 1636468730351, 172, 0, 172, 0, 0, 0
7389, 1, 1636468730175, 1636468730351, 176, 0, 176, 0, 0, 0
7391, 1, 1636468730287, 1636468730459, 172, 0, 172, 0, 0, 0
7392, 1, 1636468730391, 1636468730567, 176, 0, 176, 0, 0, 0
7393, 1, 1636468730395, 1636468730571, 176, 0, 176, 0, 0, 0
7394, 1, 1636468730455, 1636468730627, 172, 0, 172, 0, 0, 0
7395, 1, 1636468730475, 1636468730651, 176, 0, 176, 0, 0, 0
7396, 1, 1636468730607, 1636468730779, 172, 0, 172, 0, 0, 0
7397, 1, 1636468730627, 1636468730799, 172, 0, 172, 0, 0, 0
7398, 1, 1636468730651, 1636468730827, 176, 0, 176, 0, 0, 0
7399, 1, 1636468730843, 1636468731019, 176, 0, 176, 0, 0, 0
7400, 1, 1636468730847, 1636468731019, 172, 0, 172, 0, 0, 0
7401, 1, 1636468730859, 1636468731031, 172, 0, 172, 0, 0, 0
7402, 1, 1636468730879, 1636468731051, 172, 0, 172, 0, 0, 0
7403, 1, 1636468730915, 1636468731087, 172, 0, 172, 0, 0, 0
7404, 1, 1636468730987, 1636468731159, 172, 0, 172, 0, 0, 0
7405, 1, 1636468731007, 1636468731179, 172, 0, 172, 0, 0, 0
7406, 1, 1636468731091, 1636468731263, 172, 0, 172, 0, 0, 0
7407, 1, 1636468731107, 1636468731279, 172, 0, 172, 0, 0, 0
7408, 1, 1636468731143, 1636468731315, 172, 0, 172, 0, 0, 0
7409, 1, 1636468731167, 1636468731339, 172, 0, 172, 0, 0, 0
7410, 1, 1636468731195, 1636468731367, 172, 0, 172, 0, 0, 0
7411, 1, 1636468731255, 1636468731427, 172, 0, 172, 0, 0, 0
7412, 1, 1636468731399, 1636468731571, 172, 0, 172, 0, 0, 0
7413, 1, 1636468731399, 1636468731571, 172, 0, 172, 0, 0, 0
7414, 1, 1636468731447, 1636468731619, 172, 0, 172, 0, 0, 0
7415, 1, 1636468731487, 1636468731663, 176, 0, 176, 0, 0, 0
7416, 1, 1636468731579, 1636468731751, 172, 0, 172, 0, 0, 0
7417, 1, 1636468731655, 1636468731827, 172, 0, 172, 0, 0, 0
7418, 1, 1636468731671, 1636468731847, 176, 0, 176, 0, 0, 0
7420, 1, 1636468731819, 1636468731991, 172, 0, 172, 0, 0, 0
7419, 1, 1636468731819, 1636468731991, 172, 0, 172, 0, 0, 0
7421, 1, 1636468731831, 1636468732003, 172, 0, 172, 0, 0, 0
7422, 1, 1636468731919, 1636468732091, 172, 0, 172, 0, 0, 0
7423, 1, 1636468731935, 1636468732111, 176, 0, 176, 0, 0, 0
7424, 1, 1636468731967, 1636468732143, 176, 0, 176, 0, 0, 0
7425, 1, 1636468732027, 1636468732199, 172, 0, 172, 0, 0, 0
7426, 1, 1636468732095, 1636468732271, 176, 0, 176, 0, 0, 0
7427, 1, 1636468732115, 1636468732287, 172, 0, 172, 0, 0, 0
7428, 1, 1636468732143, 1636468732319, 176, 0, 176, 0, 0, 0
7429, 1, 1636468732175, 1636468732347, 172, 0, 172, 0, 0, 0
7430, 1, 1636468732183, 1636468732355, 172, 0, 172, 0, 0, 0
7431, 1, 1636468732299, 1636468732471, 172, 0, 172, 0, 0, 0
7432, 1, 1636468732415, 1636468732587, 172, 0, 172, 0, 0, 0
7433, 1, 1636468732419, 1636468732591, 172, 0, 172, 0, 0, 0
7434, 1, 1636468732431, 1636468732603, 172, 0, 172, 0, 0, 0
7435, 1, 1636468732463, 1636468732635, 172, 0, 172, 0, 0, 0
7436, 1, 1636468732575, 1636468732747, 172, 0, 172, 0, 0, 0
7437, 1, 1636468732627, 1636468732803, 176, 0, 176, 0, 0, 0
7438, 1, 1636468732663, 1636468732835, 172, 0, 172, 0, 0, 0
7439, 1, 1636468732827, 1636468732999, 172, 0, 172, 0, 0, 0
7440, 1, 1636468732847, 1636468733019, 172, 0, 172, 0, 0, 0
7441, 1, 1636468732855, 1636468733027, 172, 0, 172, 0, 0, 0
7442, 1, 1636468732907, 1636468733079, 172, 0, 172, 0, 0, 0
7443, 1, 1636468732943, 1636468733115, 172, 0, 172, 0, 0, 0
7444, 1, 1636468732979, 1636468733155, 176, 0, 176, 0, 0, 0
7445, 1, 1636468733031, 1636468733203, 172, 0, 172, 0, 0, 0
7446, 1, 1636468733071, 1636468733247, 176, 0, 176, 0, 0, 0
7448, 1, 1636468733151, 1636468733323, 172, 0, 172, 0, 0, 0
7447, 1, 1636468733147, 1636468733323, 176, 0, 176, 0, 0, 0
7449, 1, 1636468733159, 1636468733331, 172, 0, 172, 0, 0, 0
7450, 1, 1636468733191, 1636468733363, 172, 0, 172, 0, 0, 0
7451, 1, 1636468733267, 1636468733439, 172, 0, 172, 0, 0, 0
7452, 1, 1636468733407, 1636468733579, 172, 0, 172, 0, 0, 0
7453, 1, 1636468733411, 1636468733583, 172, 0, 172, 0, 0, 0
7454, 1, 1636468733427, 1636468733599, 172, 0, 172, 0, 0, 0
7455, 1, 1636468733435, 1636468733607, 172, 0, 172, 0, 0, 0
7456, 1, 1636468733611, 1636468733783, 172, 0, 172, 0, 0, 0
7457, 1, 1636468733627, 1636468733799, 172, 0, 172, 0, 0, 0
7458, 1, 1636468733635, 1636468733807, 172, 0, 172, 0, 0, 0
7459, 1, 1636468733823, 1636468733995, 172, 0, 172, 0, 0, 0
7460, 1, 1636468733843, 1636468734019, 176, 0, 176, 0, 0, 0
7461, 1, 1636468733859, 1636468734035, 176, 0, 176, 0, 0, 0
7462, 1, 1636468733919, 1636468734091, 172, 0, 172, 0, 0, 0
7463, 1, 1636468733951, 1636468734123, 172, 0, 172, 0, 0, 0
7464, 1, 1636468733999, 1636468734171, 172, 0, 172, 0, 0, 0
7465, 1, 1636468734031, 1636468734203, 172, 0, 172, 0, 0, 0
7466, 1, 1636468734051, 1636468734223, 172, 0, 172, 0, 0, 0
7468, 1, 1636468734127, 1636468734299, 172, 0, 172, 0, 0, 0
7467, 1, 1636468734127, 1636468734299, 172, 0, 172, 0, 0, 0
7469, 1, 1636468734155, 1636468734327, 172, 0, 172, 0, 0, 0
7470, 1, 1636468734183, 1636468734359, 176, 0, 176, 0, 0, 0
7471, 1, 1636468734263, 1636468734435, 172, 0, 172, 0, 0, 0
7472, 1, 1636468734375, 1636468734547, 172, 0, 172, 0, 0, 0
7474, 1, 1636468734431, 1636468734603, 172, 0, 172, 0, 0, 0
7473, 1, 1636468734431, 1636468734607, 176, 0, 176, 0, 0, 0
7475, 1, 1636468734471, 1636468734647, 176, 0, 176, 0, 0, 0
7476, 1, 1636468734623, 1636468734795, 172, 0, 172, 0, 0, 0
7478, 1, 1636468734651, 1636468734823, 172, 0, 172, 0, 0, 0
7477, 1, 1636468734651, 1636468734827, 176, 0, 176, 0, 0, 0
7479, 1, 1636468734847, 1636468735023, 176, 0, 176, 0, 0, 0
7480, 1, 1636468734859, 1636468735035, 176, 0, 176, 0, 0, 0
7481, 1, 1636468734863, 1636468735043, 180, 0, 180, 0, 0, 0
7482, 1, 1636468734895, 1636468735071, 176, 0, 176, 0, 0, 0
7483, 1, 1636468734927, 1636468735103, 176, 0, 176, 0, 0, 0
7484, 1, 1636468734983, 1636468735163, 180, 0, 180, 0, 0, 0
7485, 1, 1636468735007, 1636468735179, 172, 0, 172, 0, 0, 0
7486, 1, 1636468735055, 1636468735227, 172, 0, 172, 0, 0, 0
7487, 1, 1636468735107, 1636468735279, 172, 0, 172, 0, 0, 0
7488, 1, 1636468735139, 1636468735311, 172, 0, 172, 0, 0, 0
7489, 1, 1636468735155, 1636468735327, 172, 0, 172, 0, 0, 0
7490, 1, 1636468735175, 1636468735351, 176, 0, 176, 0, 0, 0
7491, 1, 1636468735303, 1636468735475, 172, 0, 172, 0, 0, 0
7492, 1, 1636468735375, 1636468735547, 172, 0, 172, 0, 0, 0
7493, 1, 1636468735451, 1636468735623, 172, 0, 172, 0, 0, 0
7494, 1, 1636468735459, 1636468735635, 176, 0, 176, 0, 0, 0
7495, 1, 1636468735487, 1636468735659, 172, 0, 172, 0, 0, 0
7496, 1, 1636468735631, 1636468735803, 172, 0, 172, 0, 0, 0
7497, 1, 1636468735639, 1636468735811, 172, 0, 172, 0, 0, 0
7498, 1, 1636468735671, 1636468735843, 172, 0, 172, 0, 0, 0
7499, 1, 1636468735815, 1636468735987, 172, 0, 172, 0, 0, 0
7501, 1, 1636468735839, 1636468736011, 172, 0, 172, 0, 0, 0
7500, 1, 1636468735839, 1636468736011, 172, 0, 172, 0, 0, 0
7502, 1, 1636468735883, 1636468736055, 172, 0, 172, 0, 0, 0
7503, 1, 1636468735903, 1636468736075, 172, 0, 172, 0, 0, 0
7504, 1, 1636468735991, 1636468736167, 176, 0, 176, 0, 0, 0
7505, 1, 1636468736015, 1636468736191, 176, 0, 176, 0, 0, 0
7506, 1, 1636468736079, 1636468736251, 172, 0, 172, 0, 0, 0
7507, 1, 1636468736139, 1636468736311, 172, 0, 172, 0, 0, 0
7508, 1, 1636468736155, 1636468736327, 172, 0, 172, 0, 0, 0
7509, 1, 1636468736159, 1636468736335, 176, 0, 176, 0, 0, 0
7510, 1, 1636468736199, 1636468736371, 172, 0, 172, 0, 0, 0
7511, 1, 1636468736315, 1636468736491, 176, 0, 176, 0, 0, 0
7512, 1, 1636468736391, 1636468736567, 176, 0, 176, 0, 0, 0
7513, 1, 1636468736443, 1636468736615, 172, 0, 172, 0, 0, 0
7514, 1, 1636468736443, 1636468736615, 172, 0, 172, 0, 0, 0
7515, 1, 1636468736503, 1636468736675, 172, 0, 172, 0, 0, 0
7516, 1, 1636468736603, 1636468736775, 172, 0, 172, 0, 0, 0
7517, 1, 1636468736607, 1636468736783, 176, 0, 176, 0, 0, 0
7518, 1, 1636468736691, 1636468736863, 172, 0, 172, 0, 0, 0
7519, 1, 1636468736819, 1636468736991, 172, 0, 172, 0, 0, 0
7520, 1, 1636468736819, 1636468736991, 172, 0, 172, 0, 0, 0
7521, 1, 1636468736835, 1636468737007, 172, 0, 172, 0, 0, 0
7522, 1, 1636468736907, 1636468737079, 172, 0, 172, 0, 0, 0
7523, 1, 1636468736919, 1636468737095, 176, 0, 176, 0, 0, 0
7524, 1, 1636468736999, 1636468737175, 176, 0, 176, 0, 0, 0
7525, 1, 1636468737043, 1636468737215, 172, 0, 172, 0, 0, 0
7526, 1, 1636468737051, 1636468737223, 172, 0, 172, 0, 0, 0
7527, 1, 1636468737147, 1636468737319, 172, 0, 172, 0, 0, 0
7528, 1, 1636468737155, 1636468737327, 172, 0, 172, 0, 0, 0
7529, 1, 1636468737171, 1636468737343, 172, 0, 172, 0, 0, 0
7530, 1, 1636468737199, 1636468737371, 172, 0, 172, 0, 0, 0
7531, 1, 1636468737327, 1636468737499, 172, 0, 172, 0, 0, 0
7532, 1, 1636468737395, 1636468737567, 172, 0, 172, 0, 0, 0
7533, 1, 1636468737407, 1636468737579, 172, 0, 172, 0, 0, 0
7534, 1, 1636468737463, 1636468737635, 172, 0, 172, 0, 0, 0
7535, 1, 1636468737471, 1636468737643, 172, 0, 172, 0, 0, 0
7536, 1, 1636468737579, 1636468737751, 172, 0, 172, 0, 0, 0
7537, 1, 1636468737607, 1636468737779, 172, 0, 172, 0, 0, 0
7538, 1, 1636468737695, 1636468737867, 172, 0, 172, 0, 0, 0
7539, 1, 1636468737823, 1636468737995, 172, 0, 172, 0, 0, 0
7540, 1, 1636468737851, 1636468738023, 172, 0, 172, 0, 0, 0
7541, 1, 1636468737855, 1636468738031, 176, 0, 176, 0, 0, 0
7542, 1, 1636468737927, 1636468738099, 172, 0, 172, 0, 0, 0
7543, 1, 1636468737939, 1636468738111, 172, 0, 172, 0, 0, 0
7544, 1, 1636468737991, 1636468738163, 172, 0, 172, 0, 0, 0
7545, 1, 1636468738039, 1636468738211, 172, 0, 172, 0, 0, 0
7546, 1, 1636468738087, 1636468738263, 176, 0, 176, 0, 0, 0
7547, 1, 1636468738127, 1636468738299, 172, 0, 172, 0, 0, 0
7548, 1, 1636468738159, 1636468738331, 172, 0, 172, 0, 0, 0
7549, 1, 1636468738195, 1636468738371, 176, 0, 176, 0, 0, 0
7550, 1, 1636468738219, 1636468738391, 172, 0, 172, 0, 0, 0
7551, 1, 1636468738327, 1636468738499, 172, 0, 172, 0, 0, 0
7552, 1, 1636468738395, 1636468738567, 172, 0, 172, 0, 0, 0
7553, 1, 1636468738411, 1636468738587, 176, 0, 176, 0, 0, 0
7554, 1, 1636468738447, 1636468738619, 172, 0, 172, 0, 0, 0
7555, 1, 1636468738471, 1636468738643, 172, 0, 172, 0, 0, 0
7556, 1, 1636468738583, 1636468738755, 172, 0, 172, 0, 0, 0
7557, 1, 1636468738635, 1636468738807, 172, 0, 172, 0, 0, 0
7558, 1, 1636468738723, 1636468738899, 176, 0, 176, 0, 0, 0
7560, 1, 1636468738867, 1636468739039, 172, 0, 172, 0, 0, 0
7559, 1, 1636468738863, 1636468739039, 176, 0, 176, 0, 0, 0
7561, 1, 1636468738879, 1636468739055, 176, 0, 176, 0, 0, 0
7562, 1, 1636468738915, 1636468739091, 176, 0, 176, 0, 0, 0
7563, 1, 1636468738935, 1636468739111, 176, 0, 176, 0, 0, 0
7564, 1, 1636468738959, 1636468739139, 180, 0, 180, 0, 0, 0
7565, 1, 1636468739043, 1636468739215, 172, 0, 172, 0, 0, 0
7566, 1, 1636468739111, 1636468739283, 172, 0, 172, 0, 0, 0
7567, 1, 1636468739123, 1636468739295, 172, 0, 172, 0, 0, 0
7568, 1, 1636468739131, 1636468739303, 172, 0, 172, 0, 0, 0
7569, 1, 1636468739203, 1636468739375, 172, 0, 172, 0, 0, 0
7570, 1, 1636468739227, 1636468739399, 172, 0, 172, 0, 0, 0
7571, 1, 1636468739303, 1636468739479, 176, 0, 176, 0, 0, 0
7572, 1, 1636468739415, 1636468739587, 172, 0, 172, 0, 0, 0
7573, 1, 1636468739427, 1636468739607, 180, 0, 180, 0, 0, 0
7574, 1, 1636468739471, 1636468739643, 172, 0, 172, 0, 0, 0
7575, 1, 1636468739511, 1636468739683, 172, 0, 172, 0, 0, 0
7576, 1, 1636468739623, 1636468739795, 172, 0, 172, 0, 0, 0
7577, 1, 1636468739655, 1636468739827, 172, 0, 172, 0, 0, 0
7578, 1, 1636468739759, 1636468739931, 172, 0, 172, 0, 0, 0
7579, 1, 1636468739851, 1636468740023, 172, 0, 172, 0, 0, 0
7581, 1, 1636468739879, 1636468740051, 172, 0, 172, 0, 0, 0
7580, 1, 1636468739879, 1636468740059, 180, 0, 180, 0, 0, 0
7582, 1, 1636468739907, 1636468740079, 172, 0, 172, 0, 0, 0
7583, 1, 1636468739927, 1636468740103, 176, 0, 176, 0, 0, 0
7584, 1, 1636468739959, 1636468740131, 172, 0, 172, 0, 0, 0
7585, 1, 1636468740059, 1636468740238, 179, 0, 179, 0, 0, 0
7586, 1, 1636468740103, 1636468740279, 176, 0, 176, 0, 0, 0
7587, 1, 1636468740111, 1636468740282, 171, 0, 171, 0, 0, 0
7588, 1, 1636468740139, 1636468740310, 171, 0, 171, 0, 0, 0
7589, 1, 1636468740222, 1636468740394, 172, 1, 171, 0, 0, 0
7590, 1, 1636468740279, 1636468740454, 175, 0, 175, 0, 0, 0
7591, 1, 1636468740302, 1636468740474, 172, 1, 171, 0, 0, 0
7592, 1, 1636468740434, 1636468740607, 173, 1, 172, 0, 0, 0
7593, 1, 1636468740458, 1636468740630, 172, 1, 171, 0, 0, 0
7594, 1, 1636468740486, 1636468740667, 181, 1, 180, 1, 0, 1
7595, 1, 1636468740495, 1636468740671, 176, 0, 176, 0, 0, 0
7596, 1, 1636468740607, 1636468740779, 172, 0, 172, 0, 0, 0
7597, 1, 1636468740654, 1636468740827, 173, 1, 172, 1, 0, 1
7598, 1, 1636468740779, 1636468740951, 172, 0, 172, 0, 0, 0
7600, 1, 1636468740875, 1636468741047, 172, 0, 172, 0, 0, 0
7601, 1, 1636468740883, 1636468741059, 176, 0, 176, 0, 0, 0
7602, 1, 1636468740907, 1636468741079, 172, 0, 172, 0, 0, 0
7603, 1, 1636468740943, 1636468741115, 172, 0, 172, 0, 0, 0
7604, 1, 1636468740979, 1636468741151, 172, 0, 172, 0, 0, 0
7605, 1, 1636468741051, 1636468741223, 172, 0, 172, 0, 0, 0
7606, 1, 1636468741067, 1636468741239, 172, 0, 172, 0, 0, 0
7607, 1, 1636468741111, 1636468741283, 172, 0, 172, 0, 0, 0
7599, 1, 1636468741123, 1636468741299, 176, 0, 176, 0, 0, 0
7608, 1, 1636468741139, 1636468741311, 172, 0, 172, 0, 0, 0
7610, 1, 1636468741227, 1636468741399, 172, 0, 172, 0, 0, 0
7609, 1, 1636468741227, 1636468741399, 172, 0, 172, 0, 0, 0
7611, 1, 1636468741343, 1636468741519, 176, 0, 176, 0, 0, 0
7612, 1, 1636468741459, 1636468741635, 176, 0, 176, 0, 0, 0
7614, 1, 1636468741475, 1636468741647, 172, 0, 172, 0, 0, 0
7613, 1, 1636468741471, 1636468741647, 176, 0, 176, 0, 0, 0
7615, 1, 1636468741511, 1636468741687, 176, 0, 176, 0, 0, 0
7617, 1, 1636468741675, 1636468741847, 172, 0, 172, 0, 0, 0
7618, 1, 1636468741763, 1636468741935, 172, 0, 172, 0, 0, 0
7616, 1, 1636468741827, 1636468741999, 172, 0, 172, 0, 0, 0
7619, 1, 1636468741851, 1636468742023, 172, 0, 172, 0, 0, 0
7620, 1, 1636468741863, 1636468742043, 180, 0, 180, 0, 0, 0
7621, 1, 1636468741887, 1636468742063, 176, 0, 176, 0, 0, 0
7622, 1, 1636468741907, 1636468742083, 176, 0, 176, 0, 0, 0
7623, 1, 1636468741915, 1636468742087, 172, 0, 172, 0, 0, 0
7624, 1, 1636468742007, 1636468742179, 172, 0, 172, 0, 0, 0
7625, 1, 1636468742019, 1636468742191, 172, 0, 172, 0, 0, 0
7626, 1, 1636468742063, 1636468742235, 172, 0, 172, 0, 0, 0
7627, 1, 1636468742127, 1636468742299, 172, 0, 172, 0, 0, 0
7628, 1, 1636468742155, 1636468742327, 172, 0, 172, 0, 0, 0
7629, 1, 1636468742255, 1636468742427, 172, 0, 172, 0, 0, 0
7630, 1, 1636468742259, 1636468742431, 172, 0, 172, 0, 0, 0
7631, 1, 1636468742335, 1636468742507, 172, 0, 172, 0, 0, 0
7632, 1, 1636468742467, 1636468742639, 172, 0, 172, 0, 0, 0
7633, 1, 1636468742479, 1636468742651, 172, 0, 172, 0, 0, 0
7635, 1, 1636468742523, 1636468742695, 172, 0, 172, 0, 0, 0
7634, 1, 1636468742611, 1636468742783, 172, 0, 172, 0, 0, 0
7636, 1, 1636468742659, 1636468742835, 176, 0, 176, 0, 0, 0
7637, 1, 1636468742679, 1636468742851, 172, 0, 172, 0, 0, 0
7638, 1, 1636468742779, 1636468742951, 172, 0, 172, 0, 0, 0
7639, 1, 1636468742855, 1636468743027, 172, 0, 172, 0, 0, 0
7640, 1, 1636468742855, 1636468743027, 172, 0, 172, 0, 0, 0
7641, 1, 1636468742883, 1636468743059, 176, 0, 176, 0, 0, 0
7642, 1, 1636468742923, 1636468743095, 172, 0, 172, 0, 0, 0
7643, 1, 1636468742955, 1636468743131, 176, 0, 176, 0, 0, 0
7644, 1, 1636468743003, 1636468743175, 172, 0, 172, 0, 0, 0
7645, 1, 1636468743019, 1636468743191, 172, 0, 172, 0, 0, 0
7646, 1, 1636468743083, 1636468743255, 172, 0, 172, 0, 0, 0
7647, 1, 1636468743127, 1636468743299, 172, 0, 172, 0, 0, 0
7648, 1, 1636468743147, 1636468743319, 172, 0, 172, 0, 0, 0
7649, 1, 1636468743247, 1636468743419, 172, 0, 172, 0, 0, 0
7650, 1, 1636468743267, 1636468743443, 176, 0, 176, 0, 0, 0
7651, 1, 1636468743343, 1636468743515, 172, 0, 172, 0, 0, 0
7652, 1, 1636468743483, 1636468743659, 176, 0, 176, 0, 0, 0
7654, 1, 1636468743503, 1636468743679, 176, 0, 176, 0, 0, 0
7653, 1, 1636468743499, 1636468743683, 184, 0, 184, 0, 0, 0
7655, 1, 1636468743547, 1636468743723, 176, 0, 176, 0, 0, 0
7656, 1, 1636468743651, 1636468743831, 180, 0, 180, 0, 0, 0
7657, 1, 1636468743719, 1636468743891, 172, 0, 172, 0, 0, 0
7658, 1, 1636468743795, 1636468743971, 176, 0, 176, 0, 0, 0
7659, 1, 1636468743831, 1636468744011, 180, 0, 180, 0, 0, 0
7660, 1, 1636468743883, 1636468744063, 180, 0, 180, 0, 0, 0
7661, 1, 1636468743899, 1636468744075, 176, 0, 176, 0, 0, 0
7662, 1, 1636468743915, 1636468744091, 176, 0, 176, 0, 0, 0
7663, 1, 1636468743943, 1636468744127, 184, 0, 184, 0, 0, 0
7664, 1, 1636468744015, 1636468744191, 176, 0, 176, 0, 0, 0
7665, 1, 1636468744035, 1636468744215, 180, 0, 180, 0, 0, 0
7666, 1, 1636468744115, 1636468744291, 176, 0, 176, 0, 0, 0
7667, 1, 1636468744135, 1636468744311, 176, 0, 176, 0, 0, 0
7668, 1, 1636468744163, 1636468744343, 180, 0, 180, 0, 0, 0
7669, 1, 1636468744287, 1636468744467, 180, 0, 180, 0, 0, 0
7670, 1, 1636468744295, 1636468744467, 172, 0, 172, 0, 0, 0
7671, 1, 1636468744367, 1636468744543, 176, 0, 176, 0, 0, 0
7672, 1, 1636468744499, 1636468744675, 176, 0, 176, 0, 0, 0
7673, 1, 1636468744503, 1636468744682, 179, 0, 179, 0, 0, 0
7674, 1, 1636468744535, 1636468744711, 176, 0, 176, 0, 0, 0
7675, 1, 1636468744563, 1636468744735, 172, 0, 172, 0, 0, 0
7676, 1, 1636468744635, 1636468744807, 172, 0, 172, 0, 0, 0
7677, 1, 1636468744711, 1636468744883, 172, 0, 172, 0, 0, 0
7678, 1, 1636468744795, 1636468744967, 172, 0, 172, 0, 0, 0
7679, 1, 1636468744862, 1636468745035, 173, 1, 172, 0, 0, 0
7680, 1, 1636468744871, 1636468745043, 172, 0, 172, 0, 0, 0
7681, 1, 1636468744903, 1636468745075, 172, 0, 172, 0, 0, 0
7682, 1, 1636468744927, 1636468745099, 172, 0, 172, 0, 0, 0
7683, 1, 1636468744955, 1636468745127, 172, 0, 172, 0, 0, 0
7684, 1, 1636468745039, 1636468745211, 172, 0, 172, 0, 0, 0
7685, 1, 1636468745063, 1636468745235, 172, 0, 172, 0, 0, 0
7686, 1, 1636468745091, 1636468745263, 172, 0, 172, 0, 0, 0
7687, 1, 1636468745147, 1636468745319, 172, 0, 172, 0, 0, 0
7688, 1, 1636468745271, 1636468745443, 172, 0, 172, 0, 0, 0
7689, 1, 1636468745295, 1636468745467, 172, 0, 172, 0, 0, 0
7690, 1, 1636468745303, 1636468745475, 172, 0, 172, 0, 0, 0
7691, 1, 1636468745359, 1636468745531, 172, 0, 172, 0, 0, 0
7692, 1, 1636468745479, 1636468745655, 176, 0, 176, 0, 0, 0
7693, 1, 1636468745499, 1636468745671, 172, 0, 172, 0, 0, 0
7694, 1, 1636468745515, 1636468745687, 172, 0, 172, 0, 0, 0
7695, 1, 1636468745547, 1636468745719, 172, 0, 172, 0, 0, 0
7696, 1, 1636468745635, 1636468745807, 172, 0, 172, 0, 0, 0
7697, 1, 1636468745739, 1636468745915, 176, 0, 176, 0, 0, 0
7698, 1, 1636468745799, 1636468745971, 172, 0, 172, 0, 0, 0
7699, 1, 1636468745875, 1636468746051, 176, 0, 176, 0, 0, 0
7700, 1, 1636468745903, 1636468746075, 172, 0, 172, 0, 0, 0
7701, 1, 1636468745931, 1636468746107, 176, 0, 176, 0, 0, 0
7702, 1, 1636468745939, 1636468746111, 172, 0, 172, 0, 0, 0
7703, 1, 1636468745963, 1636468746143, 180, 0, 180, 0, 0, 0
7704, 1, 1636468746059, 1636468746231, 172, 0, 172, 0, 0, 0
7706, 1, 1636468746115, 1636468746287, 172, 0, 172, 0, 0, 0
7707, 1, 1636468746139, 1636468746311, 172, 0, 172, 0, 0, 0
7708, 1, 1636468746175, 1636468746347, 172, 0, 172, 0, 0, 0
7705, 1, 1636468746251, 1636468746423, 172, 0, 172, 0, 0, 0
7709, 1, 1636468746279, 1636468746451, 172, 0, 172, 0, 0, 0
7710, 1, 1636468746327, 1636468746499, 172, 0, 172, 0, 0, 0
7711, 1, 1636468746331, 1636468746503, 172, 0, 172, 0, 0, 0
7712, 1, 1636468746475, 1636468746647, 172, 0, 172, 0, 0, 0
7713, 1, 1636468746503, 1636468746675, 172, 0, 172, 0, 0, 0
7714, 1, 1636468746527, 1636468746703, 176, 0, 176, 0, 0, 0
7715, 1, 1636468746559, 1636468746731, 172, 0, 172, 0, 0, 0
7716, 1, 1636468746651, 1636468746823, 172, 0, 172, 0, 0, 0
7717, 1, 1636468746743, 1636468746915, 172, 0, 172, 0, 0, 0
7718, 1, 1636468746791, 1636468746963, 172, 0, 172, 0, 0, 0
7719, 1, 1636468746903, 1636468747075, 172, 0, 172, 0, 0, 0
7720, 1, 1636468746907, 1636468747083, 176, 0, 176, 0, 0, 0
7721, 1, 1636468746926, 1636468747099, 173, 1, 172, 1, 0, 1
7722, 1, 1636468746934, 1636468747107, 173, 1, 172, 0, 0, 0
7723, 1, 1636468746991, 1636468747163, 172, 0, 172, 0, 0, 0
7724, 1, 1636468747059, 1636468747231, 172, 0, 172, 0, 0, 0
7725, 1, 1636468747091, 1636468747263, 172, 0, 172, 0, 0, 0
7726, 1, 1636468747115, 1636468747287, 172, 0, 172, 0, 0, 0
7727, 1, 1636468747135, 1636468747307, 172, 0, 172, 0, 0, 0
7728, 1, 1636468747183, 1636468747355, 172, 0, 172, 0, 0, 0
7729, 1, 1636468747299, 1636468747471, 172, 0, 172, 0, 0, 0
7730, 1, 1636468747327, 1636468747499, 172, 0, 172, 0, 0, 0
7731, 1, 1636468747335, 1636468747507, 172, 0, 172, 0, 0, 0
7733, 1, 1636468747491, 1636468747663, 172, 0, 172, 0, 0, 0
7732, 1, 1636468747491, 1636468747663, 172, 0, 172, 0, 0, 0
7734, 1, 1636468747543, 1636468747715, 172, 0, 172, 0, 0, 0
7735, 1, 1636468747571, 1636468747743, 172, 0, 172, 0, 0, 0
7736, 1, 1636468747655, 1636468747835, 180, 0, 180, 0, 0, 0
7737, 1, 1636468747775, 1636468747947, 172, 0, 172, 0, 0, 0
7738, 1, 1636468747811, 1636468747987, 176, 0, 176, 0, 0, 0
7739, 1, 1636468747879, 1636468748051, 172, 0, 172, 0, 0, 0
7740, 1, 1636468747903, 1636468748075, 172, 0, 172, 0, 0, 0
7741, 1, 1636468747919, 1636468748091, 172, 0, 172, 0, 0, 0
7742, 1, 1636468747963, 1636468748135, 172, 0, 172, 0, 0, 0
7743, 1, 1636468748027, 1636468748199, 172, 0, 172, 0, 0, 0
7744, 1, 1636468748075, 1636468748247, 172, 0, 172, 0, 0, 0
7745, 1, 1636468748107, 1636468748279, 172, 0, 172, 0, 0, 0
7746, 1, 1636468748119, 1636468748291, 172, 0, 172, 0, 0, 0
7747, 1, 1636468748171, 1636468748343, 172, 0, 172, 0, 0, 0
7748, 1, 1636468748195, 1636468748367, 172, 0, 172, 0, 0, 0
7749, 1, 1636468748307, 1636468748479, 172, 0, 172, 0, 0, 0
7750, 1, 1636468748323, 1636468748495, 172, 0, 172, 0, 0, 0
7751, 1, 1636468748343, 1636468748519, 176, 0, 176, 0, 0, 0
7752, 1, 1636468748511, 1636468748683, 172, 0, 172, 0, 0, 0
7753, 1, 1636468748523, 1636468748695, 172, 0, 172, 0, 0, 0
7754, 1, 1636468748563, 1636468748735, 172, 0, 172, 0, 0, 0
7755, 1, 1636468748575, 1636468748747, 172, 0, 172, 0, 0, 0
7756, 1, 1636468748631, 1636468748803, 172, 0, 172, 0, 0, 0
7757, 1, 1636468748775, 1636468748951, 176, 0, 176, 0, 0, 0
7758, 1, 1636468748819, 1636468748991, 172, 0, 172, 0, 0, 0
7760, 1, 1636468748883, 1636468749055, 172, 0, 172, 0, 0, 0
7759, 1, 1636468748883, 1636468749055, 172, 0, 172, 0, 0, 0
7761, 1, 1636468748927, 1636468749099, 172, 0, 172, 0, 0, 0
7762, 1, 1636468748959, 1636468749131, 172, 0, 172, 0, 0, 0
7763, 1, 1636468749007, 1636468749179, 172, 0, 172, 0, 0, 0
7764, 1, 1636468749083, 1636468749255, 172, 0, 172, 0, 0, 0
7765, 1, 1636468749123, 1636468749299, 176, 0, 176, 0, 0, 0
7766, 1, 1636468749155, 1636468749327, 172, 0, 172, 0, 0, 0
7767, 1, 1636468749163, 1636468749335, 172, 0, 172, 0, 0, 0
7768, 1, 1636468749223, 1636468749399, 176, 0, 176, 0, 0, 0
7769, 1, 1636468749315, 1636468749487, 172, 0, 172, 0, 0, 0
7770, 1, 1636468749339, 1636468749515, 176, 0, 176, 0, 0, 0
7771, 1, 1636468749375, 1636468749547, 172, 0, 172, 0, 0, 0
7772, 1, 1636468749519, 1636468749691, 172, 0, 172, 0, 0, 0
7773, 1, 1636468749519, 1636468749691, 172, 0, 172, 0, 0, 0
7775, 1, 1636468749579, 1636468749751, 172, 0, 172, 0, 0, 0
7774, 1, 1636468749579, 1636468749751, 172, 0, 172, 0, 0, 0
7776, 1, 1636468749655, 1636468749831, 176, 0, 176, 0, 0, 0
7777, 1, 1636468749763, 1636468749935, 172, 0, 172, 0, 0, 0
7778, 1, 1636468749827, 1636468749999, 172, 0, 172, 0, 0, 0
7779, 1, 1636468749883, 1636468750055, 172, 0, 172, 0, 0, 0
7780, 1, 1636468749899, 1636468750071, 172, 0, 172, 0, 0, 0
7781, 1, 1636468749931, 1636468750103, 172, 0, 172, 0, 0, 0
7782, 1, 1636468749990, 1636468750163, 173, 0, 173, 0, 0, 0
7783, 1, 1636468750035, 1636468750207, 172, 0, 172, 0, 0, 0
7784, 1, 1636468750111, 1636468750283, 172, 0, 172, 0, 0, 0
7785, 1, 1636468750139, 1636468750311, 172, 0, 172, 0, 0, 0
7786, 1, 1636468750155, 1636468750331, 176, 0, 176, 0, 0, 0
7787, 1, 1636468750175, 1636468750347, 172, 0, 172, 0, 0, 0
7788, 1, 1636468750235, 1636468750407, 172, 0, 172, 0, 0, 0
7789, 1, 1636468750307, 1636468750479, 172, 0, 172, 0, 0, 0
7790, 1, 1636468750351, 1636468750523, 172, 0, 172, 0, 0, 0
7791, 1, 1636468750371, 1636468750543, 172, 0, 172, 0, 0, 0
7792, 1, 1636468750523, 1636468750695, 172, 0, 172, 0, 0, 0
7793, 1, 1636468750539, 1636468750715, 176, 0, 176, 0, 0, 0
7794, 1, 1636468750551, 1636468750723, 172, 0, 172, 0, 0, 0
7795, 1, 1636468750567, 1636468750743, 176, 0, 176, 0, 0, 0
7796, 1, 1636468750663, 1636468750839, 176, 0, 176, 0, 0, 0
7797, 1, 1636468750795, 1636468750967, 172, 0, 172, 0, 0, 0
7798, 1, 1636468750823, 1636468750995, 172, 0, 172, 0, 0, 0
7799, 1, 1636468750919, 1636468751091, 172, 0, 172, 0, 0, 0
7800, 1, 1636468750931, 1636468751111, 180, 0, 180, 0, 0, 0
7801, 1, 1636468750975, 1636468751147, 172, 0, 172, 0, 0, 0
7802, 1, 1636468750975, 1636468751147, 172, 0, 172, 0, 0, 0
7803, 1, 1636468751079, 1636468751251, 172, 0, 172, 0, 0, 0
7804, 1, 1636468751147, 1636468751319, 172, 0, 172, 0, 0, 0
7805, 1, 1636468751155, 1636468751331, 176, 0, 176, 0, 0, 0
7806, 1, 1636468751171, 1636468751347, 176, 0, 176, 0, 0, 0
7807, 1, 1636468751183, 1636468751359, 176, 0, 176, 0, 0, 0
7808, 1, 1636468751219, 1636468751391, 172, 0, 172, 0, 0, 0
7809, 1, 1636468751283, 1636468751455, 172, 0, 172, 0, 0, 0
7810, 1, 1636468751359, 1636468751531, 172, 0, 172, 0, 0, 0
7811, 1, 1636468751395, 1636468751566, 171, 0, 171, 0, 0, 0
7812, 1, 1636468751519, 1636468751695, 176, 0, 176, 0, 0, 0
7813, 1, 1636468751539, 1636468751715, 176, 0, 176, 0, 0, 0
7814, 1, 1636468751551, 1636468751722, 171, 0, 171, 0, 0, 0
7815, 1, 1636468751587, 1636468751763, 176, 0, 176, 0, 0, 0
7816, 1, 1636468751703, 1636468751875, 172, 0, 172, 0, 0, 0
7817, 1, 1636468751795, 1636468751967, 172, 0, 172, 0, 0, 0
7818, 1, 1636468751803, 1636468751975, 172, 0, 172, 0, 0, 0
7819, 1, 1636468751915, 1636468752087, 172, 0, 172, 0, 0, 0
7820, 1, 1636468751931, 1636468752107, 176, 0, 176, 0, 0, 0
7821, 1, 1636468751967, 1636468752139, 172, 0, 172, 0, 0, 0
7822, 1, 1636468751987, 1636468752159, 172, 0, 172, 0, 0, 0
7823, 1, 1636468752107, 1636468752279, 172, 0, 172, 0, 0, 0
7824, 1, 1636468752131, 1636468752303, 172, 0, 172, 0, 0, 0
7826, 1, 1636468752179, 1636468752351, 172, 0, 172, 0, 0, 0
7825, 1, 1636468752179, 1636468752354, 175, 0, 175, 0, 0, 0
7827, 1, 1636468752219, 1636468752391, 172, 0, 172, 0, 0, 0
7828, 1, 1636468752243, 1636468752415, 172, 0, 172, 0, 0, 0
7829, 1, 1636468752279, 1636468752451, 172, 0, 172, 0, 0, 0
7830, 1, 1636468752363, 1636468752535, 172, 0, 172, 0, 0, 0
7831, 1, 1636468752407, 1636468752582, 175, 0, 175, 0, 0, 0
7832, 1, 1636468752487, 1636468752659, 172, 0, 172, 0, 0, 0
7833, 1, 1636468752523, 1636468752695, 172, 0, 172, 0, 0, 0
7834, 1, 1636468752586, 1636468752759, 173, 1, 172, 0, 1, 1
7835, 1, 1636468752599, 1636468752771, 172, 0, 172, 0, 0, 0
7836, 1, 1636468752695, 1636468752867, 172, 0, 172, 0, 0, 0
7837, 1, 1636468752799, 1636468752971, 172, 0, 172, 0, 0, 0
7838, 1, 1636468752807, 1636468752983, 176, 0, 176, 0, 0, 0
7839, 1, 1636468752931, 1636468753103, 172, 0, 172, 0, 0, 0
7840, 1, 1636468752939, 1636468753119, 180, 0, 180, 0, 0, 0
7841, 1, 1636468752995, 1636468753167, 172, 0, 172, 0, 0, 0
7842, 1, 1636468752999, 1636468753175, 176, 0, 176, 0, 0, 0
7843, 1, 1636468753111, 1636468753283, 172, 0, 172, 0, 0, 0
7844, 1, 1636468753147, 1636468753319, 172, 0, 172, 0, 0, 0
7845, 1, 1636468753195, 1636468753367, 172, 0, 172, 0, 0, 0
7846, 1, 1636468753211, 1636468753383, 172, 0, 172, 0, 0, 0
7848, 1, 1636468753251, 1636468753423, 172, 0, 172, 0, 0, 0
7849, 1, 1636468753251, 1636468753423, 172, 0, 172, 0, 0, 0
7847, 1, 1636468753251, 1636468753427, 176, 0, 176, 0, 0, 0
7850, 1, 1636468753323, 1636468753495, 172, 0, 172, 0, 0, 0
7851, 1, 1636468753427, 1636468753599, 172, 0, 172, 0, 0, 0
7852, 1, 1636468753463, 1636468753635, 172, 0, 172, 0, 0, 0
7853, 1, 1636468753547, 1636468753719, 172, 0, 172, 0, 0, 0
7854, 1, 1636468753567, 1636468753739, 172, 0, 172, 0, 0, 0
7855, 1, 1636468753607, 1636468753783, 176, 0, 176, 0, 0, 0
7856, 1, 1636468753703, 1636468753875, 172, 0, 172, 0, 0, 0
7857, 1, 1636468753771, 1636468753943, 172, 0, 172, 0, 0, 0
7858, 1, 1636468753799, 1636468753971, 172, 0, 172, 0, 0, 0
7859, 1, 1636468753931, 1636468754103, 172, 0, 172, 0, 0, 0
7860, 1, 1636468753955, 1636468754127, 172, 0, 172, 0, 0, 0
7862, 1, 1636468754003, 1636468754175, 172, 0, 172, 0, 0, 0
7861, 1, 1636468754003, 1636468754175, 172, 0, 172, 0, 0, 0
7863, 1, 1636468754079, 1636468754251, 172, 0, 172, 0, 0, 0
7864, 1, 1636468754159, 1636468754331, 172, 0, 172, 0, 0, 0
7865, 1, 1636468754203, 1636468754379, 176, 0, 176, 0, 0, 0
7867, 1, 1636468754239, 1636468754411, 172, 0, 172, 0, 0, 0
7866, 1, 1636468754239, 1636468754411, 172, 0, 172, 0, 0, 0
7868, 1, 1636468754255, 1636468754427, 172, 0, 172, 0, 0, 0
7869, 1, 1636468754259, 1636468754439, 180, 0, 180, 0, 0, 0
7870, 1, 1636468754315, 1636468754487, 172, 0, 172, 0, 0, 0
7871, 1, 1636468754415, 1636468754587, 172, 0, 172, 0, 0, 0
7872, 1, 1636468754439, 1636468754611, 172, 0, 172, 0, 0, 0
7874, 1, 1636468754595, 1636468754767, 172, 0, 172, 0, 0, 0
7873, 1, 1636468754603, 1636468754775, 172, 0, 172, 0, 0, 0
7875, 1, 1636468754603, 1636468754775, 172, 0, 172, 0, 0, 0
7876, 1, 1636468754711, 1636468754883, 172, 0, 172, 0, 0, 0
7877, 1, 1636468754779, 1636468754951, 172, 0, 172, 0, 0, 0
7878, 1, 1636468754787, 1636468754959, 172, 0, 172, 0, 0, 0
7879, 1, 1636468754959, 1636468755131, 172, 0, 172, 0, 0, 0
7880, 1, 1636468754963, 1636468755135, 172, 0, 172, 0, 0, 0
7881, 1, 1636468755007, 1636468755187, 180, 0, 180, 0, 0, 0
7882, 1, 1636468755027, 1636468755199, 172, 0, 172, 0, 0, 0
7883, 1, 1636468755055, 1636468755231, 176, 0, 176, 0, 0, 0
7884, 1, 1636468755163, 1636468755335, 172, 0, 172, 0, 0, 0
7885, 1, 1636468755199, 1636468755375, 176, 0, 176, 0, 0, 0
7886, 1, 1636468755223, 1636468755395, 172, 0, 172, 0, 0, 0
7888, 1, 1636468755255, 1636468755427, 172, 0, 172, 0, 0, 0
7889, 1, 1636468755259, 1636468755431, 172, 0, 172, 0, 0, 0
7890, 1, 1636468755294, 1636468755467, 173, 1, 172, 0, 0, 0
7891, 1, 1636468755431, 1636468755603, 172, 0, 172, 0, 0, 0
7892, 1, 1636468755455, 1636468755627, 172, 0, 172, 0, 0, 0
7893, 1, 1636468755511, 1636468755683, 172, 0, 172, 0, 0, 0
7887, 1, 1636468755511, 1636468755683, 172, 0, 172, 0, 0, 0
7894, 1, 1636468755575, 1636468755747, 172, 0, 172, 0, 0, 0
7895, 1, 1636468755611, 1636468755783, 172, 0, 172, 0, 0, 0
7896, 1, 1636468755735, 1636468755907, 172, 0, 172, 0, 0, 0
7898, 1, 1636468755775, 1636468755947, 172, 0, 172, 0, 0, 0
7897, 1, 1636468755863, 1636468756035, 172, 0, 172, 0, 0, 0
7899, 1, 1636468755947, 1636468756119, 172, 0, 172, 0, 0, 0
7900, 1, 1636468756003, 1636468756175, 172, 0, 172, 0, 0, 0
7901, 1, 1636468756003, 1636468756179, 176, 0, 176, 0, 0, 0
7902, 1, 1636468756035, 1636468756207, 172, 0, 172, 0, 0, 0
7903, 1, 1636468756035, 1636468756207, 172, 0, 172, 0, 0, 0
7904, 1, 1636468756159, 1636468756331, 172, 0, 172, 0, 0, 0
7905, 1, 1636468756211, 1636468756387, 176, 0, 176, 0, 0, 0
7907, 1, 1636468756231, 1636468756403, 172, 0, 172, 0, 0, 0
7906, 1, 1636468756231, 1636468756403, 172, 0, 172, 0, 0, 0
7908, 1, 1636468756259, 1636468756431, 172, 0, 172, 0, 0, 0
7909, 1, 1636468756295, 1636468756467, 172, 0, 172, 0, 0, 0
7910, 1, 1636468756295, 1636468756467, 172, 0, 172, 0, 0, 0
7911, 1, 1636468756431, 1636468756603, 172, 0, 172, 0, 0, 0
7912, 1, 1636468756439, 1636468756611, 172, 0, 172, 0, 0, 0
7914, 1, 1636468756567, 1636468756739, 172, 0, 172, 0, 0, 0
7913, 1, 1636468756583, 1636468756755, 172, 0, 172, 0, 0, 0
7915, 1, 1636468756631, 1636468756803, 172, 0, 172, 0, 0, 0
7916, 1, 1636468756751, 1636468756923, 172, 0, 172, 0, 0, 0
7918, 1, 1636468756751, 1636468756923, 172, 0, 172, 0, 0, 0
7917, 1, 1636468756751, 1636468756923, 172, 0, 172, 0, 0, 0
7919, 1, 1636468756959, 1636468757135, 176, 0, 176, 0, 0, 0
7920, 1, 1636468756983, 1636468757154, 171, 0, 171, 0, 0, 0
7921, 1, 1636468757015, 1636468757187, 172, 0, 172, 0, 0, 0
7922, 1, 1636468757023, 1636468757195, 172, 0, 172, 0, 0, 0
7923, 1, 1636468757043, 1636468757211, 168, 0, 168, 0, 0, 0
7924, 1, 1636468757135, 1636468757315, 180, 0, 180, 0, 0, 0
7926, 1, 1636468757219, 1636468757399, 180, 0, 180, 0, 0, 0
7925, 1, 1636468757219, 1636468757403, 184, 0, 184, 0, 0, 0
7928, 1, 1636468757263, 1636468757435, 172, 0, 172, 0, 0, 0
7929, 1, 1636468757263, 1636468757435, 172, 0, 172, 0, 0, 0
7931, 1, 1636468757407, 1636468757579, 172, 0, 172, 0, 0, 0
7932, 1, 1636468757463, 1636468757635, 172, 0, 172, 0, 0, 0
7933, 1, 1636468757491, 1636468757663, 172, 0, 172, 0, 0, 0
7927, 1, 1636468757491, 1636468757663, 172, 0, 172, 0, 0, 0
7934, 1, 1636468757547, 1636468757719, 172, 0, 172, 0, 0, 0
7930, 1, 1636468757611, 1636468757783, 172, 0, 172, 0, 0, 0
7935, 1, 1636468757639, 1636468757811, 172, 0, 172, 0, 0, 0
7936, 1, 1636468757739, 1636468757915, 176, 0, 176, 0, 0, 0
7937, 1, 1636468757755, 1636468757931, 176, 0, 176, 0, 0, 0
7938, 1, 1636468757839, 1636468758011, 172, 0, 172, 0, 0, 0
7939, 1, 1636468757971, 1636468758142, 171, 0, 171, 0, 0, 0
7940, 1, 1636468757999, 1636468758175, 176, 0, 176, 0, 0, 0
7941, 1, 1636468758015, 1636468758191, 176, 0, 176, 0, 0, 0
7942, 1, 1636468758027, 1636468758199, 172, 0, 172, 0, 0, 0
7943, 1, 1636468758047, 1636468758223, 176, 0, 176, 0, 0, 0
7944, 1, 1636468758123, 1636468758295, 172, 0, 172, 0, 0, 0
7945, 1, 1636468758218, 1636468758391, 173, 1, 172, 0, 0, 0
7946, 1, 1636468758235, 1636468758407, 172, 0, 172, 0, 0, 0
7947, 1, 1636468758235, 1636468758407, 172, 0, 172, 0, 0, 0
7948, 1, 1636468758247, 1636468758419, 172, 0, 172, 0, 0, 0
7950, 1, 1636468758307, 1636468758479, 172, 0, 172, 0, 0, 0
7949, 1, 1636468758363, 1636468758535, 172, 0, 172, 0, 0, 0
7951, 1, 1636468758415, 1636468758587, 172, 0, 172, 0, 0, 0
7952, 1, 1636468758471, 1636468758643, 172, 0, 172, 0, 0, 0
7953, 1, 1636468758475, 1636468758647, 172, 0, 172, 0, 0, 0
7954, 1, 1636468758563, 1636468758735, 172, 0, 172, 0, 0, 0
7955, 1, 1636468758627, 1636468758799, 172, 0, 172, 0, 0, 0
7956, 1, 1636468758723, 1636468758895, 172, 0, 172, 0, 0, 0
7957, 1, 1636468758743, 1636468758915, 172, 0, 172, 0, 0, 0
7958, 1, 1636468758759, 1636468758935, 176, 0, 176, 0, 0, 0
7959, 1, 1636468758979, 1636468759155, 176, 0, 176, 0, 0, 0
7960, 1, 1636468758987, 1636468759159, 172, 0, 172, 0, 0, 0
7961, 1, 1636468759007, 1636468759179, 172, 0, 172, 0, 0, 0
7963, 1, 1636468759059, 1636468759231, 172, 0, 172, 0, 0, 0
7962, 1, 1636468759075, 1636468759247, 172, 0, 172, 0, 0, 0
7964, 1, 1636468759095, 1636468759267, 172, 0, 172, 0, 0, 0
7965, 1, 1636468759235, 1636468759411, 176, 0, 176, 0, 0, 0
7967, 1, 1636468759251, 1636468759423, 172, 0, 172, 0, 0, 0
7966, 1, 1636468759255, 1636468759431, 176, 0, 176, 0, 0, 0
7968, 1, 1636468759263, 1636468759435, 172, 0, 172, 0, 0, 0
7969, 1, 1636468759267, 1636468759443, 176, 0, 176, 0, 0, 0
7971, 1, 1636468759407, 1636468759579, 172, 0, 172, 0, 0, 0
7972, 1, 1636468759455, 1636468759627, 172, 0, 172, 0, 0, 0
7973, 1, 1636468759459, 1636468759631, 172, 0, 172, 0, 0, 0
7974, 1, 1636468759527, 1636468759703, 176, 0, 176, 0, 0, 0
7970, 1, 1636468759603, 1636468759775, 172, 0, 172, 0, 0, 0
7975, 1, 1636468759651, 1636468759823, 172, 0, 172, 0, 0, 0
7976, 1, 1636468759699, 1636468759871, 172, 0, 172, 0, 0, 0
7977, 1, 1636468759739, 1636468759911, 172, 0, 172, 0, 0, 0
7978, 1, 1636468759771, 1636468759943, 172, 0, 172, 0, 0, 0
7979, 1, 1636468759975, 1636468760147, 172, 0, 172, 0, 0, 0
7980, 1, 1636468760007, 1636468760179, 172, 0, 172, 0, 0, 0
7981, 1, 1636468760031, 1636468760203, 172, 0, 172, 0, 0, 0
7982, 1, 1636468760039, 1636468760211, 172, 0, 172, 0, 0, 0
7983, 1, 1636468760067, 1636468760239, 172, 0, 172, 0, 0, 0
7984, 1, 1636468760115, 1636468760287, 172, 0, 172, 0, 0, 0
7985, 1, 1636468760199, 1636468760371, 172, 0, 172, 0, 0, 0
7988, 1, 1636468760243, 1636468760415, 172, 0, 172, 0, 0, 0
7989, 1, 1636468760247, 1636468760419, 172, 0, 172, 0, 0, 0
7990, 1, 1636468760283, 1636468760455, 172, 0, 172, 0, 0, 0
7987, 1, 1636468760319, 1636468760491, 172, 0, 172, 0, 0, 0
7991, 1, 1636468760403, 1636468760575, 172, 0, 172, 0, 0, 0
7986, 1, 1636468760419, 1636468760599, 180, 0, 180, 0, 0, 0
7992, 1, 1636468760475, 1636468760647, 172, 0, 172, 0, 0, 0
7993, 1, 1636468760487, 1636468760659, 172, 0, 172, 0, 0, 0
7994, 1, 1636468760515, 1636468760687, 172, 0, 172, 0, 0, 0
7995, 1, 1636468760659, 1636468760831, 172, 0, 172, 0, 0, 0
7996, 1, 1636468760715, 1636468760887, 172, 0, 172, 0, 0, 0
7997, 1, 1636468760735, 1636468760907, 172, 0, 172, 0, 0, 0
7998, 1, 1636468760779, 1636468760951, 172, 0, 172, 0, 0, 0
7999, 1, 1636468760959, 1636468761131, 172, 0, 172, 0, 0, 0
8000, 1, 1636468760991, 1636468761163, 172, 0, 172, 0, 0, 0
8002, 1, 1636468761047, 1636468761218, 171, 0, 171, 0, 0, 0
8003, 1, 1636468761071, 1636468761243, 172, 0, 172, 0, 0, 0
8001, 1, 1636468761087, 1636468761259, 172, 0, 172, 0, 0, 0
8004, 1, 1636468761127, 1636468761299, 172, 0, 172, 0, 0, 0
8006, 1, 1636468761199, 1636468761371, 172, 0, 172, 0, 0, 0
8005, 1, 1636468761199, 1636468761371, 172, 0, 172, 0, 0, 0
8007, 1, 1636468761207, 1636468761379, 172, 0, 172, 0, 0, 0
8008, 1, 1636468761231, 1636468761407, 176, 0, 176, 0, 0, 0
8009, 1, 1636468761271, 1636468761443, 172, 0, 172, 0, 0, 0
8010, 1, 1636468761275, 1636468761447, 172, 0, 172, 0, 0, 0
8011, 1, 1636468761379, 1636468761551, 172, 0, 172, 0, 0, 0
8012, 1, 1636468761479, 1636468761655, 176, 0, 176, 0, 0, 0
8013, 1, 1636468761495, 1636468761667, 172, 0, 172, 0, 0, 0
8014, 1, 1636468761519, 1636468761695, 176, 0, 176, 0, 0, 0
8015, 1, 1636468761667, 1636468761847, 180, 0, 180, 0, 0, 0
8016, 1, 1636468761715, 1636468761887, 172, 0, 172, 0, 0, 0
8017, 1, 1636468761723, 1636468761895, 172, 0, 172, 0, 0, 0
8018, 1, 1636468761775, 1636468761947, 172, 0, 172, 0, 0, 0
8019, 1, 1636468761955, 1636468762131, 176, 0, 176, 0, 0, 0
8020, 1, 1636468761991, 1636468762167, 176, 0, 176, 0, 0, 0
8021, 1, 1636468762019, 1636468762195, 176, 0, 176, 0, 0, 0
8022, 1, 1636468762035, 1636468762215, 180, 0, 180, 0, 0, 0
8023, 1, 1636468762043, 1636468762223, 180, 0, 180, 0, 0, 0
8024, 1, 1636468762051, 1636468762231, 180, 0, 180, 0, 0, 0
8025, 1, 1636468762183, 1636468762363, 180, 0, 180, 0, 0, 0
8028, 1, 1636468762203, 1636468762375, 172, 0, 172, 0, 0, 0
8026, 1, 1636468762203, 1636468762375, 172, 0, 172, 0, 0, 0
8029, 1, 1636468762279, 1636468762451, 172, 0, 172, 0, 0, 0
8030, 1, 1636468762295, 1636468762471, 176, 0, 176, 0, 0, 0
8031, 1, 1636468762379, 1636468762559, 180, 0, 180, 0, 0, 0
8027, 1, 1636468762399, 1636468762575, 176, 0, 176, 0, 0, 0
8033, 1, 1636468762503, 1636468762675, 172, 0, 172, 0, 0, 0
8032, 1, 1636468762503, 1636468762675, 172, 0, 172, 0, 0, 0
8034, 1, 1636468762515, 1636468762687, 172, 0, 172, 0, 0, 0
8035, 1, 1636468762667, 1636468762839, 172, 0, 172, 0, 0, 0
8036, 1, 1636468762711, 1636468762887, 176, 0, 176, 0, 0, 0
8037, 1, 1636468762727, 1636468762899, 172, 0, 172, 0, 0, 0
8038, 1, 1636468762754, 1636468762927, 173, 1, 172, 0, 0, 0
8039, 1, 1636468762923, 1636468763095, 172, 0, 172, 0, 0, 0
8040, 1, 1636468762967, 1636468763143, 176, 0, 176, 0, 0, 0
8042, 1, 1636468763027, 1636468763203, 176, 0, 176, 0, 0, 0
8041, 1, 1636468763031, 1636468763207, 176, 0, 176, 0, 0, 0
8044, 1, 1636468763055, 1636468763231, 176, 0, 176, 0, 0, 0
8043, 1, 1636468763098, 1636468763271, 173, 1, 172, 0, 0, 0
8045, 1, 1636468763199, 1636468763371, 172, 0, 172, 0, 0, 0
8046, 1, 1636468763215, 1636468763395, 180, 0, 180, 0, 0, 0
8047, 1, 1636468763223, 1636468763395, 172, 0, 172, 0, 0, 0
8048, 1, 1636468763235, 1636468763407, 172, 0, 172, 0, 0, 0
8049, 1, 1636468763263, 1636468763435, 172, 0, 172, 0, 0, 0
8051, 1, 1636468763387, 1636468763563, 176, 0, 176, 0, 0, 0
8052, 1, 1636468763491, 1636468763667, 176, 0, 176, 0, 0, 0
8053, 1, 1636468763503, 1636468763675, 172, 0, 172, 0, 0, 0
8054, 1, 1636468763511, 1636468763682, 171, 0, 171, 0, 0, 0
8050, 1, 1636468763610, 1636468763782, 172, 1, 171, 0, 0, 0
8055, 1, 1636468763642, 1636468763815, 173, 1, 172, 0, 1, 1
8056, 1, 1636468763679, 1636468763855, 176, 0, 176, 0, 0, 0
8057, 1, 1636468763747, 1636468763919, 172, 0, 172, 0, 0, 0
8058, 1, 1636468763751, 1636468763923, 172, 0, 172, 0, 0, 0
8059, 1, 1636468763927, 1636468764103, 176, 0, 176, 0, 0, 0
8060, 1, 1636468763975, 1636468764151, 176, 0, 176, 0, 0, 0
8061, 1, 1636468764003, 1636468764175, 172, 0, 172, 0, 0, 0
8062, 1, 1636468764051, 1636468764223, 172, 0, 172, 0, 0, 0
8063, 1, 1636468764059, 1636468764231, 172, 0, 172, 0, 0, 0
8064, 1, 1636468764066, 1636468764239, 173, 1, 172, 0, 0, 0
8066, 1, 1636468764195, 1636468764367, 172, 0, 172, 0, 0, 0
8067, 1, 1636468764207, 1636468764379, 172, 0, 172, 0, 0, 0
8068, 1, 1636468764223, 1636468764395, 172, 0, 172, 0, 0, 0
8069, 1, 1636468764243, 1636468764415, 172, 0, 172, 0, 0, 0
8070, 1, 1636468764291, 1636468764463, 172, 0, 172, 0, 0, 0
8071, 1, 1636468764391, 1636468764563, 172, 0, 172, 0, 0, 0
8065, 1, 1636468764403, 1636468764579, 176, 0, 176, 0, 0, 0
8072, 1, 1636468764475, 1636468764651, 176, 0, 176, 0, 0, 0
8073, 1, 1636468764487, 1636468764659, 172, 0, 172, 0, 0, 0
8074, 1, 1636468764495, 1636468764667, 172, 0, 172, 0, 0, 0
8075, 1, 1636468764639, 1636468764815, 176, 0, 176, 0, 0, 0
8076, 1, 1636468764675, 1636468764847, 172, 0, 172, 0, 0, 0
8077, 1, 1636468764719, 1636468764891, 172, 0, 172, 0, 0, 0
8078, 1, 1636468764731, 1636468764903, 172, 0, 172, 0, 0, 0
8079, 1, 1636468764931, 1636468765103, 172, 0, 172, 0, 0, 0
8080, 1, 1636468764947, 1636468765118, 171, 0, 171, 0, 0, 0
8081, 1, 1636468765015, 1636468765191, 176, 0, 176, 0, 0, 0
8082, 1, 1636468765039, 1636468765211, 172, 0, 172, 0, 0, 0
8083, 1, 1636468765055, 1636468765231, 176, 0, 176, 0, 0, 0
8085, 1, 1636468765167, 1636468765339, 172, 0, 172, 0, 0, 0
8086, 1, 1636468765171, 1636468765343, 172, 0, 172, 0, 0, 0
8087, 1, 1636468765211, 1636468765391, 180, 0, 180, 0, 0, 0
8088, 1, 1636468765239, 1636468765411, 172, 0, 172, 0, 0, 0
8089, 1, 1636468765255, 1636468765427, 172, 0, 172, 0, 0, 0
8084, 1, 1636468765295, 1636468765467, 172, 0, 172, 0, 0, 0
8091, 1, 1636468765367, 1636468765539, 172, 0, 172, 0, 0, 0
8092, 1, 1636468765459, 1636468765631, 172, 0, 172, 0, 0, 0
8093, 1, 1636468765471, 1636468765651, 180, 0, 180, 0, 0, 0
8094, 1, 1636468765507, 1636468765679, 172, 0, 172, 0, 0, 0
8090, 1, 1636468765599, 1636468765779, 180, 0, 180, 0, 0, 0
8095, 1, 1636468765631, 1636468765807, 176, 0, 176, 0, 0, 0
8096, 1, 1636468765679, 1636468765851, 172, 0, 172, 0, 0, 0
8097, 1, 1636468765731, 1636468765903, 172, 0, 172, 0, 0, 0
8098, 1, 1636468765739, 1636468765911, 172, 0, 172, 0, 0, 0
8099, 1, 1636468765923, 1636468766095, 172, 0, 172, 0, 0, 0
8100, 1, 1636468765963, 1636468766135, 172, 0, 172, 0, 0, 0
8101, 1, 1636468765987, 1636468766159, 172, 0, 172, 0, 0, 0
8102, 1, 1636468766019, 1636468766191, 172, 0, 172, 0, 0, 0
8103, 1, 1636468766027, 1636468766199, 172, 0, 172, 0, 0, 0
8104, 1, 1636468766063, 1636468766235, 172, 0, 172, 0, 0, 0
8105, 1, 1636468766179, 1636468766351, 172, 0, 172, 0, 0, 0
8107, 1, 1636468766191, 1636468766363, 172, 0, 172, 0, 0, 0
8108, 1, 1636468766219, 1636468766399, 180, 0, 180, 0, 0, 0
8109, 1, 1636468766239, 1636468766411, 172, 0, 172, 0, 0, 0
8110, 1, 1636468766271, 1636468766443, 172, 0, 172, 0, 0, 0
8106, 1, 1636468766367, 1636468766539, 172, 0, 172, 0, 0, 0
8111, 1, 1636468766383, 1636468766555, 172, 0, 172, 0, 0, 0
8112, 1, 1636468766435, 1636468766607, 172, 0, 172, 0, 0, 0
8113, 1, 1636468766499, 1636468766671, 172, 0, 172, 0, 0, 0
8114, 1, 1636468766515, 1636468766687, 172, 0, 172, 0, 0, 0
8115, 1, 1636468766639, 1636468766811, 172, 0, 172, 0, 0, 0
8116, 1, 1636468766695, 1636468766867, 172, 0, 172, 0, 0, 0
8117, 1, 1636468766695, 1636468766867, 172, 0, 172, 0, 0, 0
8118, 1, 1636468766715, 1636468766887, 172, 0, 172, 0, 0, 0
8119, 1, 1636468766927, 1636468767099, 172, 0, 172, 0, 0, 0
8120, 1, 1636468766935, 1636468767107, 172, 0, 172, 0, 0, 0
8121, 1, 1636468766963, 1636468767135, 172, 0, 172, 0, 0, 0
8122, 1, 1636468767007, 1636468767179, 172, 0, 172, 0, 0, 0
8124, 1, 1636468767047, 1636468767219, 172, 0, 172, 0, 0, 0
8125, 1, 1636468767167, 1636468767339, 172, 0, 172, 0, 0, 0
8126, 1, 1636468767175, 1636468767347, 172, 0, 172, 0, 0, 0
8127, 1, 1636468767215, 1636468767387, 172, 0, 172, 0, 0, 0
8128, 1, 1636468767219, 1636468767391, 172, 0, 172, 0, 0, 0
8129, 1, 1636468767235, 1636468767407, 172, 0, 172, 0, 0, 0
8130, 1, 1636468767255, 1636468767431, 176, 0, 176, 0, 0, 0
8123, 1, 1636468767287, 1636468767459, 172, 0, 172, 0, 0, 0
8131, 1, 1636468767379, 1636468767551, 172, 0, 172, 0, 0, 0
8132, 1, 1636468767447, 1636468767619, 172, 0, 172, 0, 0, 0
8133, 1, 1636468767467, 1636468767639, 172, 0, 172, 0, 0, 0
8134, 1, 1636468767531, 1636468767703, 172, 0, 172, 0, 0, 0
8135, 1, 1636468767611, 1636468767783, 172, 0, 172, 0, 0, 0
8136, 1, 1636468767683, 1636468767859, 176, 0, 176, 0, 0, 0
8137, 1, 1636468767683, 1636468767859, 176, 0, 176, 0, 0, 0
8138, 1, 1636468767747, 1636468767923, 176, 0, 176, 0, 0, 0
8139, 1, 1636468767927, 1636468768103, 176, 0, 176, 0, 0, 0
8140, 1, 1636468767943, 1636468768115, 172, 0, 172, 0, 0, 0
8141, 1, 1636468767975, 1636468768151, 176, 0, 176, 0, 0, 0
8142, 1, 1636468767983, 1636468768159, 176, 0, 176, 0, 0, 0
8143, 1, 1636468768027, 1636468768199, 172, 0, 172, 0, 0, 0
8144, 1, 1636468768059, 1636468768231, 172, 0, 172, 0, 0, 0
8145, 1, 1636468768147, 1636468768319, 172, 0, 172, 0, 0, 0
8146, 1, 1636468768195, 1636468768367, 172, 0, 172, 0, 0, 0
8147, 1, 1636468768207, 1636468768383, 176, 0, 176, 0, 0, 0
8148, 1, 1636468768215, 1636468768387, 172, 0, 172, 0, 0, 0
8149, 1, 1636468768223, 1636468768395, 172, 0, 172, 0, 0, 0
8150, 1, 1636468768235, 1636468768411, 176, 0, 176, 0, 0, 0
8151, 1, 1636468768403, 1636468768575, 172, 0, 172, 0, 0, 0
8152, 1, 1636468768411, 1636468768583, 172, 0, 172, 0, 0, 0
8153, 1, 1636468768467, 1636468768639, 172, 0, 172, 0, 0, 0
8154, 1, 1636468768511, 1636468768683, 172, 0, 172, 0, 0, 0
8155, 1, 1636468768587, 1636468768759, 172, 0, 172, 0, 0, 0
8156, 1, 1636468768695, 1636468768867, 172, 0, 172, 0, 0, 0
8157, 1, 1636468768695, 1636468768867, 172, 0, 172, 0, 0, 0
8158, 1, 1636468768707, 1636468768879, 172, 0, 172, 0, 0, 0
8159, 1, 1636468768915, 1636468769091, 176, 0, 176, 0, 0, 0
8160, 1, 1636468768931, 1636468769107, 176, 0, 176, 0, 0, 0
8161, 1, 1636468768967, 1636468769139, 172, 0, 172, 0, 0, 0
8162, 1, 1636468768995, 1636468769171, 176, 0, 176, 0, 0, 0
8163, 1, 1636468769031, 1636468769203, 172, 0, 172, 0, 0, 0
8164, 1, 1636468769075, 1636468769247, 172, 0, 172, 0, 0, 0
8165, 1, 1636468769119, 1636468769291, 172, 0, 172, 0, 0, 0
8166, 1, 1636468769183, 1636468769355, 172, 0, 172, 0, 0, 0
8167, 1, 1636468769203, 1636468769375, 172, 0, 172, 0, 0, 0
8168, 1, 1636468769231, 1636468769403, 172, 0, 172, 0, 0, 0
8169, 1, 1636468769239, 1636468769411, 172, 0, 172, 0, 0, 0
8170, 1, 1636468769247, 1636468769419, 172, 0, 172, 0, 0, 0
8171, 1, 1636468769367, 1636468769539, 172, 0, 172, 0, 0, 0
8172, 1, 1636468769379, 1636468769551, 172, 0, 172, 0, 0, 0
8173, 1, 1636468769491, 1636468769663, 172, 0, 172, 0, 0, 0
8174, 1, 1636468769523, 1636468769695, 172, 0, 172, 0, 0, 0
8175, 1, 1636468769599, 1636468769771, 172, 0, 172, 0, 0, 0
8176, 1, 1636468769671, 1636468769843, 172, 0, 172, 0, 0, 0
8177, 1, 1636468769683, 1636468769855, 172, 0, 172, 0, 0, 0
8178, 1, 1636468769715, 1636468769891, 176, 0, 176, 0, 0, 0
8179, 1, 1636468769899, 1636468770071, 172, 0, 172, 0, 0, 0
8180, 1, 1636468769943, 1636468770115, 172, 0, 172, 0, 0, 0
8181, 1, 1636468769959, 1636468770131, 172, 0, 172, 0, 0, 0
8182, 1, 1636468769959, 1636468770131, 172, 0, 172, 0, 0, 0
8183, 1, 1636468770031, 1636468770203, 172, 0, 172, 0, 0, 0
8184, 1, 1636468770063, 1636468770235, 172, 0, 172, 0, 0, 0
8185, 1, 1636468770135, 1636468770307, 172, 0, 172, 0, 0, 0
8186, 1, 1636468770187, 1636468770359, 172, 0, 172, 0, 0, 0
8187, 1, 1636468770191, 1636468770363, 172, 0, 172, 0, 0, 0
8188, 1, 1636468770199, 1636468770371, 172, 0, 172, 0, 0, 0
8189, 1, 1636468770251, 1636468770423, 172, 0, 172, 0, 0, 0
8190, 1, 1636468770251, 1636468770423, 172, 0, 172, 0, 0, 0
8191, 1, 1636468770367, 1636468770539, 172, 0, 172, 0, 0, 0
8192, 1, 1636468770391, 1636468770563, 172, 0, 172, 0, 0, 0
8193, 1, 1636468770455, 1636468770627, 172, 0, 172, 0, 0, 0
8194, 1, 1636468770499, 1636468770671, 172, 0, 172, 0, 0, 0
8195, 1, 1636468770579, 1636468770755, 176, 0, 176, 0, 0, 0
8196, 1, 1636468770687, 1636468770859, 172, 0, 172, 0, 0, 0
8197, 1, 1636468770699, 1636468770870, 171, 0, 171, 0, 0, 0
8198, 1, 1636468770739, 1636468770915, 176, 0, 176, 0, 0, 0
8199, 1, 1636468770919, 1636468771091, 172, 0, 172, 0, 0, 0
8200, 1, 1636468770927, 1636468771103, 176, 0, 176, 0, 0, 0
8201, 1, 1636468770935, 1636468771111, 176, 0, 176, 0, 0, 0
8202, 1, 1636468770939, 1636468771115, 176, 0, 176, 0, 0, 0
8203, 1, 1636468770999, 1636468771171, 172, 0, 172, 0, 0, 0
8204, 1, 1636468771067, 1636468771239, 172, 0, 172, 0, 0, 0
8205, 1, 1636468771143, 1636468771315, 172, 0, 172, 0, 0, 0
8206, 1, 1636468771175, 1636468771348, 173, 0, 173, 0, 0, 0
8207, 1, 1636468771195, 1636468771367, 172, 0, 172, 0, 0, 0
8208, 1, 1636468771215, 1636468771387, 172, 0, 172, 0, 0, 0
8209, 1, 1636468771219, 1636468771391, 172, 0, 172, 0, 0, 0
8210, 1, 1636468771275, 1636468771447, 172, 0, 172, 0, 0, 0
8211, 1, 1636468771383, 1636468771555, 172, 0, 172, 0, 0, 0
8212, 1, 1636468771391, 1636468771567, 176, 0, 176, 0, 0, 0
8213, 1, 1636468771451, 1636468771623, 172, 0, 172, 0, 0, 0
8214, 1, 1636468771523, 1636468771695, 172, 0, 172, 0, 0, 0
8215, 1, 1636468771582, 1636468771759, 177, 0, 177, 0, 0, 0
8216, 1, 1636468771655, 1636468771831, 176, 0, 176, 0, 0, 0
8217, 1, 1636468771691, 1636468771863, 172, 0, 172, 0, 0, 0
8218, 1, 1636468771711, 1636468771887, 176, 0, 176, 0, 0, 0
8219, 1, 1636468771923, 1636468772095, 172, 0, 172, 0, 0, 0
8220, 1, 1636468771943, 1636468772115, 172, 0, 172, 0, 0, 0
8221, 1, 1636468771947, 1636468772119, 172, 0, 172, 0, 0, 0
8222, 1, 1636468771954, 1636468772127, 173, 1, 172, 0, 0, 0
8223, 1, 1636468771967, 1636468772139, 172, 0, 172, 0, 0, 0
8224, 1, 1636468772067, 1636468772239, 172, 0, 172, 0, 0, 0
8225, 1, 1636468772167, 1636468772339, 172, 0, 172, 0, 0, 0
8227, 1, 1636468772175, 1636468772347, 172, 0, 172, 0, 0, 0
8226, 1, 1636468772175, 1636468772347, 172, 0, 172, 0, 0, 0
8228, 1, 1636468772203, 1636468772375, 172, 0, 172, 0, 0, 0
8229, 1, 1636468772235, 1636468772411, 176, 0, 176, 0, 0, 0
8230, 1, 1636468772259, 1636468772435, 176, 0, 176, 0, 0, 0
8231, 1, 1636468772363, 1636468772535, 172, 0, 172, 0, 0, 0
8232, 1, 1636468772390, 1636468772563, 173, 1, 172, 0, 0, 0
8233, 1, 1636468772447, 1636468772619, 172, 0, 172, 0, 0, 0
8234, 1, 1636468772487, 1636468772659, 172, 0, 172, 0, 0, 0
8235, 1, 1636468772551, 1636468772723, 172, 0, 172, 0, 0, 0
8236, 1, 1636468772679, 1636468772851, 172, 0, 172, 0, 0, 0
8237, 1, 1636468772687, 1636468772859, 172, 0, 172, 0, 0, 0
8238, 1, 1636468772699, 1636468772871, 172, 0, 172, 0, 0, 0
8240, 1, 1636468772939, 1636468773115, 176, 0, 176, 0, 0, 0
8239, 1, 1636468772939, 1636468773115, 176, 0, 176, 0, 0, 0
8241, 1, 1636468772955, 1636468773127, 172, 0, 172, 0, 0, 0
8242, 1, 1636468772967, 1636468773139, 172, 0, 172, 0, 0, 0
8243, 1, 1636468772978, 1636468773159, 181, 1, 180, 0, 0, 0
8244, 1, 1636468773091, 1636468773263, 172, 0, 172, 0, 0, 0
8246, 1, 1636468773147, 1636468773323, 176, 0, 176, 0, 0, 0
8245, 1, 1636468773147, 1636468773323, 176, 0, 176, 0, 0, 0
8247, 1, 1636468773179, 1636468773351, 172, 0, 172, 0, 0, 0
8248, 1, 1636468773199, 1636468773371, 172, 0, 172, 0, 0, 0
8249, 1, 1636468773207, 1636468773379, 172, 0, 172, 0, 0, 0
8250, 1, 1636468773275, 1636468773451, 176, 0, 176, 0, 0, 0
8251, 1, 1636468773343, 1636468773515, 172, 0, 172, 0, 0, 0
8252, 1, 1636468773359, 1636468773531, 172, 0, 172, 0, 0, 0
8253, 1, 1636468773415, 1636468773587, 172, 0, 172, 0, 0, 0
8254, 1, 1636468773503, 1636468773675, 172, 0, 172, 0, 0, 0
8255, 1, 1636468773551, 1636468773723, 172, 0, 172, 0, 0, 0
8256, 1, 1636468773687, 1636468773859, 172, 0, 172, 0, 0, 0
8257, 1, 1636468773687, 1636468773859, 172, 0, 172, 0, 0, 0
8258, 1, 1636468773727, 1636468773903, 176, 0, 176, 0, 0, 0
8259, 1, 1636468773919, 1636468774091, 172, 0, 172, 0, 0, 0
8261, 1, 1636468773943, 1636468774115, 172, 0, 172, 0, 0, 0
8260, 1, 1636468773943, 1636468774115, 172, 0, 172, 0, 0, 0
8262, 1, 1636468773975, 1636468774151, 176, 0, 176, 0, 0, 0
8263, 1, 1636468773975, 1636468774155, 180, 0, 180, 0, 0, 0
8264, 1, 1636468774055, 1636468774235, 180, 0, 180, 0, 0, 0
8265, 1, 1636468774139, 1636468774311, 172, 0, 172, 0, 0, 0
8266, 1, 1636468774159, 1636468774335, 176, 0, 176, 0, 0, 0
8267, 1, 1636468774163, 1636468774343, 180, 0, 180, 0, 0, 0
8268, 1, 1636468774171, 1636468774343, 172, 0, 172, 0, 0, 0
8269, 1, 1636468774191, 1636468774363, 172, 0, 172, 0, 0, 0
8270, 1, 1636468774255, 1636468774427, 172, 0, 172, 0, 0, 0
8271, 1, 1636468774343, 1636468774515, 172, 0, 172, 0, 0, 0
8272, 1, 1636468774379, 1636468774551, 172, 0, 172, 0, 0, 0
8273, 1, 1636468774403, 1636468774579, 176, 0, 176, 0, 0, 0
8274, 1, 1636468774527, 1636468774703, 176, 0, 176, 0, 0, 0
8275, 1, 1636468774567, 1636468774739, 172, 0, 172, 0, 0, 0
8276, 1, 1636468774651, 1636468774827, 176, 0, 176, 0, 0, 0
8277, 1, 1636468774695, 1636468774867, 172, 0, 172, 0, 0, 0
8278, 1, 1636468774707, 1636468774879, 172, 0, 172, 0, 0, 0
8279, 1, 1636468774903, 1636468775075, 172, 0, 172, 0, 0, 0
8280, 1, 1636468774931, 1636468775103, 172, 0, 172, 0, 0, 0
8281, 1, 1636468774935, 1636468775107, 172, 0, 172, 0, 0, 0
8282, 1, 1636468774955, 1636468775131, 176, 0, 176, 0, 0, 0
8283, 1, 1636468774979, 1636468775155, 176, 0, 176, 0, 0, 0
8284, 1, 1636468775067, 1636468775239, 172, 0, 172, 0, 0, 0
8285, 1, 1636468775135, 1636468775311, 176, 0, 176, 0, 0, 0
8287, 1, 1636468775155, 1636468775331, 176, 0, 176, 0, 0, 0
8288, 1, 1636468775163, 1636468775335, 172, 0, 172, 0, 0, 0
8286, 1, 1636468775159, 1636468775339, 180, 0, 180, 0, 0, 0
8289, 1, 1636468775195, 1636468775367, 172, 0, 172, 0, 0, 0
8290, 1, 1636468775279, 1636468775451, 172, 0, 172, 0, 0, 0
8291, 1, 1636468775307, 1636468775483, 176, 0, 176, 0, 0, 0
8292, 1, 1636468775387, 1636468775563, 176, 0, 176, 0, 0, 0
8293, 1, 1636468775435, 1636468775611, 176, 0, 176, 0, 0, 0
8294, 1, 1636468775511, 1636468775683, 172, 0, 172, 0, 0, 0
8295, 1, 1636468775563, 1636468775739, 176, 0, 176, 0, 0, 0
8296, 1, 1636468775643, 1636468775815, 172, 0, 172, 0, 0, 0
8297, 1, 1636468775679, 1636468775851, 172, 0, 172, 0, 0, 0
8298, 1, 1636468775699, 1636468775871, 172, 0, 172, 0, 0, 0
8299, 1, 1636468775895, 1636468776087, 192, 0, 192, 0, 0, 0
8301, 1, 1636468776003, 1636468776175, 172, 0, 172, 0, 0, 0
8303, 1, 1636468776003, 1636468776175, 172, 0, 172, 0, 0, 0
8302, 1, 1636468776003, 1636468776175, 172, 0, 172, 0, 0, 0
8300, 1, 1636468776006, 1636468776179, 173, 1, 172, 0, 0, 0
8305, 1, 1636468776183, 1636468776355, 172, 0, 172, 0, 0, 0
8304, 1, 1636468776179, 1636468776355, 176, 0, 176, 0, 0, 0
8306, 1, 1636468776183, 1636468776355, 172, 0, 172, 0, 0, 0
8307, 1, 1636468776231, 1636468776403, 172, 0, 172, 0, 0, 0
8310, 1, 1636468776231, 1636468776403, 172, 0, 172, 0, 0, 0
8309, 1, 1636468776227, 1636468776403, 176, 0, 176, 0, 0, 0
8308, 1, 1636468776267, 1636468776439, 172, 0, 172, 0, 0, 0
8311, 1, 1636468776299, 1636468776471, 172, 0, 172, 0, 0, 0
8312, 1, 1636468776403, 1636468776575, 172, 0, 172, 0, 0, 0
8313, 1, 1636468776410, 1636468776587, 177, 0, 177, 0, 0, 0
8314, 1, 1636468776507, 1636468776679, 172, 0, 172, 0, 0, 0
8315, 1, 1636468776539, 1636468776711, 172, 0, 172, 0, 0, 0
8316, 1, 1636468776643, 1636468776815, 172, 0, 172, 0, 0, 0
8317, 1, 1636468776679, 1636468776851, 172, 0, 172, 0, 0, 0
8318, 1, 1636468776707, 1636468776879, 172, 0, 172, 0, 0, 0
8319, 1, 1636468776867, 1636468777043, 176, 0, 176, 0, 0, 0
8320, 1, 1636468776927, 1636468777099, 172, 0, 172, 0, 0, 0
8321, 1, 1636468776931, 1636468777103, 172, 0, 172, 0, 0, 0
8322, 1, 1636468776975, 1636468777147, 172, 0, 172, 0, 0, 0
8323, 1, 1636468776975, 1636468777147, 172, 0, 172, 0, 0, 0
8324, 1, 1636468777087, 1636468777259, 172, 0, 172, 0, 0, 0
8325, 1, 1636468777135, 1636468777315, 180, 0, 180, 0, 0, 0
8326, 1, 1636468777139, 1636468777315, 176, 0, 176, 0, 0, 0
8327, 1, 1636468777143, 1636468777319, 176, 0, 176, 0, 0, 0
8328, 1, 1636468777159, 1636468777335, 176, 0, 176, 0, 0, 0
8329, 1, 1636468777167, 1636468777343, 176, 0, 176, 0, 0, 0
8330, 1, 1636468777259, 1636468777430, 171, 0, 171, 0, 0, 0
8331, 1, 1636468777335, 1636468777507, 172, 0, 172, 0, 0, 0
8332, 1, 1636468777387, 1636468777559, 172, 0, 172, 0, 0, 0
8334, 1, 1636468777487, 1636468777659, 172, 0, 172, 0, 0, 0
8335, 1, 1636468777551, 1636468777723, 172, 0, 172, 0, 0, 0
8336, 1, 1636468777619, 1636468777791, 172, 0, 172, 0, 0, 0
8337, 1, 1636468777647, 1636468777823, 176, 0, 176, 0, 0, 0
8333, 1, 1636468777679, 1636468777851, 172, 0, 172, 0, 0, 0
8338, 1, 1636468777687, 1636468777859, 172, 0, 172, 0, 0, 0
8339, 1, 1636468777847, 1636468778023, 176, 0, 176, 0, 0, 0
8340, 1, 1636468777887, 1636468778059, 172, 0, 172, 0, 0, 0
8341, 1, 1636468777951, 1636468778123, 172, 0, 172, 0, 0, 0
8342, 1, 1636468777975, 1636468778151, 176, 0, 176, 0, 0, 0
8343, 1, 1636468777987, 1636468778159, 172, 0, 172, 0, 0, 0
8344, 1, 1636468778063, 1636468778239, 176, 0, 176, 0, 0, 0
8345, 1, 1636468778099, 1636468778271, 172, 0, 172, 0, 0, 0
8346, 1, 1636468778147, 1636468778319, 172, 0, 172, 0, 0, 0
8347, 1, 1636468778175, 1636468778347, 172, 0, 172, 0, 0, 0
8348, 1, 1636468778175, 1636468778347, 172, 0, 172, 0, 0, 0
8350, 1, 1636468778279, 1636468778451, 172, 0, 172, 0, 0, 0
8351, 1, 1636468778303, 1636468778475, 172, 0, 172, 0, 0, 0
8352, 1, 1636468778391, 1636468778565, 174, 0, 174, 0, 0, 0
8353, 1, 1636468778423, 1636468778595, 172, 0, 172, 0, 0, 0
8354, 1, 1636468778471, 1636468778647, 176, 0, 176, 0, 0, 0
8349, 1, 1636468778523, 1636468778695, 172, 0, 172, 0, 0, 0
8355, 1, 1636468778527, 1636468778699, 172, 0, 172, 0, 0, 0
8356, 1, 1636468778607, 1636468778783, 176, 0, 176, 0, 0, 0
8358, 1, 1636468778711, 1636468778883, 172, 0, 172, 0, 0, 0
8357, 1, 1636468778871, 1636468779047, 176, 0, 176, 0, 0, 0
8360, 1, 1636468778891, 1636468779067, 176, 0, 176, 0, 0, 0
8361, 1, 1636468778927, 1636468779099, 172, 0, 172, 0, 0, 0
8362, 1, 1636468778939, 1636468779111, 172, 0, 172, 0, 0, 0
8363, 1, 1636468778979, 1636468779155, 176, 0, 176, 0, 0, 0
8364, 1, 1636468779035, 1636468779211, 176, 0, 176, 0, 0, 0
8365, 1, 1636468779075, 1636468779247, 172, 0, 172, 0, 0, 0
8366, 1, 1636468779139, 1636468779311, 172, 0, 172, 0, 0, 0
8367, 1, 1636468779163, 1636468779335, 172, 0, 172, 0, 0, 0
8368, 1, 1636468779187, 1636468779359, 172, 0, 172, 0, 0, 0
8369, 1, 1636468779191, 1636468779371, 180, 0, 180, 0, 0, 0
8359, 1, 1636468779223, 1636468779395, 172, 0, 172, 0, 0, 0
8370, 1, 1636468779247, 1636468779423, 176, 0, 176, 0, 0, 0
8372, 1, 1636468779375, 1636468779547, 172, 0, 172, 0, 0, 0
8373, 1, 1636468779467, 1636468779639, 172, 0, 172, 0, 0, 0
8374, 1, 1636468779467, 1636468779639, 172, 0, 172, 0, 0, 0
8375, 1, 1636468779551, 1636468779723, 172, 0, 172, 0, 0, 0
8371, 1, 1636468779571, 1636468779743, 172, 0, 172, 0, 0, 0
8377, 1, 1636468779667, 1636468779839, 172, 0, 172, 0, 0, 0
8378, 1, 1636468779675, 1636468779851, 176, 0, 176, 0, 0, 0
8379, 1, 1636468779915, 1636468780087, 172, 0, 172, 0, 0, 0
8376, 1, 1636468779919, 1636468780099, 180, 0, 180, 0, 0, 0
8380, 1, 1636468779931, 1636468780115, 184, 0, 184, 0, 0, 0
8381, 1, 1636468779943, 1636468780115, 172, 0, 172, 0, 0, 0
8382, 1, 1636468779959, 1636468780131, 172, 0, 172, 0, 0, 0
8383, 1, 1636468779967, 1636468780143, 176, 0, 176, 0, 0, 0
8384, 1, 1636468780003, 1636468780179, 176, 0, 176, 0, 0, 0
8385, 1, 1636468780067, 1636468780239, 172, 0, 172, 0, 0, 0
8386, 1, 1636468780151, 1636468780323, 172, 0, 172, 0, 0, 0
8388, 1, 1636468780167, 1636468780339, 172, 0, 172, 0, 0, 0
8389, 1, 1636468780223, 1636468780399, 176, 0, 176, 0, 0, 0
8390, 1, 1636468780231, 1636468780411, 180, 0, 180, 0, 0, 0
8387, 1, 1636468780275, 1636468780447, 172, 0, 172, 0, 0, 0
8391, 1, 1636468780327, 1636468780499, 172, 0, 172, 0, 0, 0
8392, 1, 1636468780395, 1636468780567, 172, 0, 172, 0, 0, 0
8393, 1, 1636468780483, 1636468780655, 172, 0, 172, 0, 0, 0
8395, 1, 1636468780515, 1636468780691, 176, 0, 176, 0, 0, 0
8394, 1, 1636468780623, 1636468780795, 172, 0, 172, 0, 0, 0
8396, 1, 1636468780631, 1636468780803, 172, 0, 172, 0, 0, 0
8397, 1, 1636468780683, 1636468780855, 172, 0, 172, 0, 0, 0
8398, 1, 1636468780707, 1636468780879, 172, 0, 172, 0, 0, 0
8401, 1, 1636468780915, 1636468781087, 172, 0, 172, 0, 0, 0
8400, 1, 1636468780911, 1636468781087, 176, 0, 176, 0, 0, 0
8399, 1, 1636468780975, 1636468781151, 176, 0, 176, 0, 0, 0
8402, 1, 1636468780983, 1636468781155, 172, 0, 172, 0, 0, 0
8403, 1, 1636468780987, 1636468781159, 172, 0, 172, 0, 0, 0
8404, 1, 1636468780995, 1636468781167, 172, 0, 172, 0, 0, 0
8407, 1, 1636468781147, 1636468781319, 172, 0, 172, 0, 0, 0
8406, 1, 1636468781147, 1636468781319, 172, 0, 172, 0, 0, 0
8408, 1, 1636468781175, 1636468781351, 176, 0, 176, 0, 0, 0
8409, 1, 1636468781207, 1636468781383, 176, 0, 176, 0, 0, 0
8410, 1, 1636468781247, 1636468781419, 172, 0, 172, 0, 0, 0
8405, 1, 1636468781323, 1636468781495, 172, 0, 172, 0, 0, 0
8411, 1, 1636468781355, 1636468781527, 172, 0, 172, 0, 0, 0
8412, 1, 1636468781363, 1636468781535, 172, 0, 172, 0, 0, 0
8413, 1, 1636468781487, 1636468781659, 172, 0, 172, 0, 0, 0
8414, 1, 1636468781511, 1636468781683, 172, 0, 172, 0, 0, 0
8415, 1, 1636468781519, 1636468781691, 172, 0, 172, 0, 0, 0
8416, 1, 1636468781667, 1636468781839, 172, 0, 172, 0, 0, 0
8417, 1, 1636468781707, 1636468781879, 172, 0, 172, 0, 0, 0
8418, 1, 1636468781731, 1636468781907, 176, 0, 176, 0, 0, 0
8419, 1, 1636468781883, 1636468782055, 172, 0, 172, 0, 0, 0
8420, 1, 1636468781891, 1636468782063, 172, 0, 172, 0, 0, 0
8421, 1, 1636468781939, 1636468782111, 172, 0, 172, 0, 0, 0
8422, 1, 1636468781951, 1636468782123, 172, 0, 172, 0, 0, 0
8423, 1, 1636468781959, 1636468782131, 172, 0, 172, 0, 0, 0
8424, 1, 1636468782031, 1636468782203, 172, 0, 172, 0, 0, 0
8425, 1, 1636468782087, 1636468782259, 172, 0, 172, 0, 0, 0
8426, 1, 1636468782111, 1636468782283, 172, 0, 172, 0, 0, 0
8427, 1, 1636468782115, 1636468782287, 172, 0, 172, 0, 0, 0
8428, 1, 1636468782195, 1636468782367, 172, 0, 172, 0, 0, 0
8429, 1, 1636468782211, 1636468782383, 172, 0, 172, 0, 0, 0
8430, 1, 1636468782279, 1636468782451, 172, 0, 172, 0, 0, 0
8431, 1, 1636468782367, 1636468782543, 176, 0, 176, 0, 0, 0
8432, 1, 1636468782375, 1636468782551, 176, 0, 176, 0, 0, 0
8433, 1, 1636468782499, 1636468782671, 172, 0, 172, 0, 0, 0
8434, 1, 1636468782527, 1636468782699, 172, 0, 172, 0, 0, 0
8435, 1, 1636468782539, 1636468782711, 172, 0, 172, 0, 0, 0
8437, 1, 1636468782675, 1636468782847, 172, 0, 172, 0, 0, 0
8436, 1, 1636468782671, 1636468782847, 176, 0, 176, 0, 0, 0
8438, 1, 1636468782771, 1636468782943, 172, 0, 172, 0, 0, 0
8439, 1, 1636468782871, 1636468783043, 172, 0, 172, 0, 0, 0
8440, 1, 1636468782911, 1636468783083, 172, 0, 172, 0, 0, 0
8441, 1, 1636468782939, 1636468783111, 172, 0, 172, 0, 0, 0
8442, 1, 1636468782947, 1636468783119, 172, 0, 172, 0, 0, 0
8443, 1, 1636468782983, 1636468783155, 172, 0, 172, 0, 0, 0
8444, 1, 1636468783027, 1636468783199, 172, 0, 172, 0, 0, 0
8445, 1, 1636468783087, 1636468783259, 172, 0, 172, 0, 0, 0
8446, 1, 1636468783103, 1636468783275, 172, 0, 172, 0, 0, 0
8447, 1, 1636468783131, 1636468783303, 172, 0, 172, 0, 0, 0
8448, 1, 1636468783191, 1636468783363, 172, 0, 172, 0, 0, 0
8449, 1, 1636468783235, 1636468783411, 176, 0, 176, 0, 0, 0
8450, 1, 1636468783299, 1636468783471, 172, 0, 172, 0, 0, 0
8451, 1, 1636468783395, 1636468783571, 176, 0, 176, 0, 0, 0
8452, 1, 1636468783419, 1636468783591, 172, 0, 172, 0, 0, 0
8453, 1, 1636468783507, 1636468783679, 172, 0, 172, 0, 0, 0
8454, 1, 1636468783523, 1636468783695, 172, 0, 172, 0, 0, 0
8455, 1, 1636468783655, 1636468783827, 172, 0, 172, 0, 0, 0
8456, 1, 1636468783715, 1636468783891, 176, 0, 176, 0, 0, 0
8457, 1, 1636468783783, 1636468783959, 176, 0, 176, 0, 0, 0
8458, 1, 1636468783855, 1636468784027, 172, 0, 172, 0, 0, 0
8459, 1, 1636468783911, 1636468784083, 172, 0, 172, 0, 0, 0
8460, 1, 1636468783935, 1636468784107, 172, 0, 172, 0, 0, 0
8461, 1, 1636468783943, 1636468784115, 172, 0, 172, 0, 0, 0
8462, 1, 1636468783951, 1636468784123, 172, 0, 172, 0, 0, 0
8463, 1, 1636468784047, 1636468784219, 172, 0, 172, 0, 0, 0
8464, 1, 1636468784075, 1636468784247, 172, 0, 172, 0, 0, 0
8465, 1, 1636468784123, 1636468784295, 172, 0, 172, 0, 0, 0
8466, 1, 1636468784151, 1636468784323, 172, 0, 172, 0, 0, 0
8468, 1, 1636468784263, 1636468784439, 176, 0, 176, 0, 0, 0
8469, 1, 1636468784363, 1636468784535, 172, 0, 172, 0, 0, 0
8467, 1, 1636468784395, 1636468784567, 172, 0, 172, 0, 0, 0
8470, 1, 1636468784415, 1636468784591, 176, 0, 176, 0, 0, 0
8471, 1, 1636468784495, 1636468784667, 172, 0, 172, 0, 0, 0
8472, 1, 1636468784555, 1636468784727, 172, 0, 172, 0, 0, 0
8473, 1, 1636468784627, 1636468784799, 172, 0, 172, 0, 0, 0
8474, 1, 1636468784735, 1636468784907, 172, 0, 172, 0, 0, 0
8475, 1, 1636468784847, 1636468785019, 172, 0, 172, 0, 0, 0
8476, 1, 1636468784887, 1636468785059, 172, 0, 172, 0, 0, 0
8477, 1, 1636468784955, 1636468785131, 176, 0, 176, 0, 0, 0
8479, 1, 1636468784967, 1636468785139, 172, 0, 172, 0, 0, 0
8478, 1, 1636468784967, 1636468785139, 172, 0, 172, 0, 0, 0
8480, 1, 1636468785063, 1636468785239, 176, 0, 176, 0, 0, 0
8481, 1, 1636468785107, 1636468785279, 172, 0, 172, 0, 0, 0
8482, 1, 1636468785123, 1636468785295, 172, 0, 172, 0, 0, 0
8483, 1, 1636468785159, 1636468785331, 172, 0, 172, 0, 0, 0
8484, 1, 1636468785203, 1636468785375, 172, 0, 172, 0, 0, 0
8485, 1, 1636468785283, 1636468785455, 172, 0, 172, 0, 0, 0
8486, 1, 1636468785347, 1636468785519, 172, 0, 172, 0, 0, 0
8487, 1, 1636468785463, 1636468785635, 172, 0, 172, 0, 0, 0
8488, 1, 1636468785578, 1636468785751, 173, 1, 172, 0, 1, 1
8489, 1, 1636468785599, 1636468785775, 176, 0, 176, 0, 0, 0
8490, 1, 1636468785763, 1636468785935, 172, 0, 172, 0, 0, 0
8491, 1, 1636468785875, 1636468786047, 172, 0, 172, 0, 0, 0
8492, 1, 1636468785883, 1636468786059, 176, 0, 176, 0, 0, 0
8493, 1, 1636468785935, 1636468786107, 172, 0, 172, 0, 0, 0
8494, 1, 1636468785983, 1636468786159, 176, 0, 176, 0, 0, 0
8495, 1, 1636468785991, 1636468786163, 172, 0, 172, 0, 0, 0
8496, 1, 1636468786063, 1636468786235, 172, 0, 172, 0, 0, 0
8497, 1, 1636468786107, 1636468786283, 176, 0, 176, 0, 0, 0
8498, 1, 1636468786115, 1636468786287, 172, 0, 172, 0, 0, 0
8499, 1, 1636468786191, 1636468786363, 172, 0, 172, 0, 0, 0
8500, 1, 1636468786235, 1636468786411, 176, 0, 176, 0, 0, 0
8501, 1, 1636468786311, 1636468786483, 172, 0, 172, 0, 0, 0
8502, 1, 1636468786431, 1636468786603, 172, 0, 172, 0, 0, 0
8503, 1, 1636468786591, 1636468786767, 176, 0, 176, 0, 0, 0
8504, 1, 1636468786611, 1636468786783, 172, 0, 172, 0, 0, 0
8505, 1, 1636468786779, 1636468786955, 176, 0, 176, 0, 0, 0
8506, 1, 1636468786859, 1636468787031, 172, 0, 172, 0, 0, 0
8507, 1, 1636468786907, 1636468787079, 172, 0, 172, 0, 0, 0
8508, 1, 1636468786927, 1636468787099, 172, 0, 172, 0, 0, 0
8509, 1, 1636468786971, 1636468787143, 172, 0, 172, 0, 0, 0
8510, 1, 1636468787083, 1636468787255, 172, 0, 172, 0, 0, 0
8511, 1, 1636468787123, 1636468787295, 172, 0, 172, 0, 0, 0
8513, 1, 1636468787219, 1636468787391, 172, 0, 172, 0, 0, 0
8514, 1, 1636468787247, 1636468787419, 172, 0, 172, 0, 0, 0
8512, 1, 1636468787255, 1636468787427, 172, 0, 172, 0, 0, 0
8515, 1, 1636468787283, 1636468787455, 172, 0, 172, 0, 0, 0
8516, 1, 1636468787423, 1636468787595, 172, 0, 172, 0, 0, 0
8517, 1, 1636468787623, 1636468787795, 172, 0, 172, 0, 0, 0
8518, 1, 1636468787623, 1636468787795, 172, 0, 172, 0, 0, 0
8520, 1, 1636468787871, 1636468788043, 172, 0, 172, 0, 0, 0
8521, 1, 1636468787899, 1636468788071, 172, 0, 172, 0, 0, 0
8522, 1, 1636468787971, 1636468788143, 172, 0, 172, 0, 0, 0
8519, 1, 1636468787971, 1636468788143, 172, 0, 172, 0, 0, 0
8523, 1, 1636468788115, 1636468788287, 172, 0, 172, 0, 0, 0
8524, 1, 1636468788119, 1636468788291, 172, 0, 172, 0, 0, 0
8525, 1, 1636468788135, 1636468788307, 172, 0, 172, 0, 0, 0
8526, 1, 1636468788235, 1636468788407, 172, 0, 172, 0, 0, 0
8527, 1, 1636468788271, 1636468788443, 172, 0, 172, 0, 0, 0
8528, 1, 1636468788279, 1636468788451, 172, 0, 172, 0, 0, 0
8529, 1, 1636468788455, 1636468788631, 176, 0, 176, 0, 0, 0
8530, 1, 1636468788595, 1636468788767, 172, 0, 172, 0, 0, 0
8531, 1, 1636468788871, 1636468789043, 172, 0, 172, 0, 0, 0
8532, 1, 1636468788883, 1636468789055, 172, 0, 172, 0, 0, 0
8533, 1, 1636468788895, 1636468789067, 172, 0, 172, 0, 0, 0
8534, 1, 1636468788931, 1636468789103, 172, 0, 172, 0, 0, 0
8535, 1, 1636468789099, 1636468789271, 172, 0, 172, 0, 0, 0
8536, 1, 1636468789135, 1636468789311, 176, 0, 176, 0, 0, 0
8537, 1, 1636468789171, 1636468789347, 176, 0, 176, 0, 0, 0
8538, 1, 1636468789303, 1636468789475, 172, 0, 172, 0, 0, 0
8539, 1, 1636468789307, 1636468789483, 176, 0, 176, 0, 0, 0
8540, 1, 1636468789423, 1636468789595, 172, 0, 172, 0, 0, 0
8541, 1, 1636468789651, 1636468789823, 172, 0, 172, 0, 0, 0
8542, 1, 1636468789859, 1636468790031, 172, 0, 172, 0, 0, 0
8543, 1, 1636468789899, 1636468790075, 176, 0, 176, 0, 0, 0
8544, 1, 1636468789903, 1636468790079, 176, 0, 176, 0, 0, 0
8545, 1, 1636468789923, 1636468790099, 176, 0, 176, 0, 0, 0
8546, 1, 1636468790131, 1636468790303, 172, 0, 172, 0, 0, 0
8547, 1, 1636468790199, 1636468790371, 172, 0, 172, 0, 0, 0
8548, 1, 1636468790271, 1636468790443, 172, 0, 172, 0, 0, 0
8549, 1, 1636468790339, 1636468790511, 172, 0, 172, 0, 0, 0
8550, 1, 1636468790479, 1636468790651, 172, 0, 172, 0, 0, 0
8551, 1, 1636468790607, 1636468790783, 176, 0, 176, 0, 0, 0
8552, 1, 1636468790891, 1636468791063, 172, 0, 172, 0, 0, 0
8553, 1, 1636468790891, 1636468791063, 172, 0, 172, 0, 0, 0
8554, 1, 1636468790943, 1636468791115, 172, 0, 172, 0, 0, 0
8555, 1, 1636468790951, 1636468791123, 172, 0, 172, 0, 0, 0
8556, 1, 1636468791099, 1636468791271, 172, 0, 172, 0, 0, 0
8557, 1, 1636468791227, 1636468791399, 172, 0, 172, 0, 0, 0
8558, 1, 1636468791283, 1636468791455, 172, 0, 172, 0, 0, 0
8559, 1, 1636468791367, 1636468791539, 172, 0, 172, 0, 0, 0
8560, 1, 1636468791435, 1636468791607, 172, 0, 172, 0, 0, 0
8561, 1, 1636468791643, 1636468791815, 172, 0, 172, 0, 0, 0
8562, 1, 1636468791863, 1636468792035, 172, 0, 172, 0, 0, 0
8563, 1, 1636468791907, 1636468792079, 172, 0, 172, 0, 0, 0
8564, 1, 1636468791963, 1636468792135, 172, 0, 172, 0, 0, 0
8565, 1, 1636468791987, 1636468792159, 172, 0, 172, 0, 0, 0
8567, 1, 1636468792247, 1636468792419, 172, 0, 172, 0, 0, 0
8566, 1, 1636468792255, 1636468792427, 172, 0, 172, 0, 0, 0
8568, 1, 1636468792303, 1636468792475, 172, 0, 172, 0, 0, 0
8569, 1, 1636468792471, 1636468792643, 172, 0, 172, 0, 0, 0
8570, 1, 1636468792671, 1636468792843, 172, 0, 172, 0, 0, 0
8571, 1, 1636468792871, 1636468793043, 172, 0, 172, 0, 0, 0
8572, 1, 1636468792875, 1636468793051, 176, 0, 176, 0, 0, 0
8573, 1, 1636468792995, 1636468793167, 172, 0, 172, 0, 0, 0
8574, 1, 1636468793003, 1636468793179, 176, 0, 176, 0, 0, 0
8575, 1, 1636468793119, 1636468793291, 172, 0, 172, 0, 0, 0
8576, 1, 1636468793331, 1636468793503, 172, 0, 172, 0, 0, 0
8577, 1, 1636468793499, 1636468793671, 172, 0, 172, 0, 0, 0
8578, 1, 1636468793707, 1636468793879, 172, 0, 172, 0, 0, 0
8579, 1, 1636468793883, 1636468794055, 172, 0, 172, 0, 0, 0
8580, 1, 1636468793895, 1636468794067, 172, 0, 172, 0, 0, 0
8581, 1, 1636468794007, 1636468794179, 172, 0, 172, 0, 0, 0
8582, 1, 1636468794155, 1636468794327, 172, 0, 172, 0, 0, 0
8583, 1, 1636468794363, 1636468794535, 172, 0, 172, 0, 0, 0
8584, 1, 1636468794531, 1636468794703, 172, 0, 172, 0, 0, 0
8585, 1, 1636468794723, 1636468794895, 172, 0, 172, 0, 0, 0
8586, 1, 1636468794907, 1636468795079, 172, 0, 172, 0, 0, 0
8587, 1, 1636468794927, 1636468795099, 172, 0, 172, 0, 0, 0
8588, 1, 1636468795179, 1636468795351, 172, 0, 172, 0, 0, 0
8589, 1, 1636468795391, 1636468795567, 176, 0, 176, 0, 0, 0
8590, 1, 1636468795547, 1636468795719, 172, 0, 172, 0, 0, 0
8591, 1, 1636468795943, 1636468796119, 176, 0, 176, 0, 0, 0
8592, 1, 1636468795951, 1636468796123, 172, 0, 172, 0, 0, 0
8593, 1, 1636468796211, 1636468796383, 172, 0, 172, 0, 0, 0
8594, 1, 1636468796411, 1636468796583, 172, 0, 172, 0, 0, 0
8595, 1, 1636468796967, 1636468797139, 172, 0, 172, 0, 0, 0
8596, 1, 1636468796975, 1636468797147, 172, 0, 172, 0, 0, 0
8597, 1, 1636468797231, 1636468797403, 172, 0, 172, 0, 0, 0
8598, 1, 1636468797995, 1636468798167, 172, 0, 172, 0, 0, 0
8599, 1, 1636468797999, 1636468798171, 172, 0, 172, 0, 0, 0
8600, 1, 1636468799011, 1636468799183, 172, 0, 172, 0, 0, 0
8601, 1, 1636468896779, 1636468896951, 172, 0, 172, 0, 0, 0
8602, 1, 1636468897371, 1636468897543, 172, 0, 172, 0, 0, 0
8603, 1, 1636468897575, 1636468897747, 172, 0, 172, 0, 0, 0
8604, 1, 1636468898027, 1636468898199, 172, 0, 172, 0, 0, 0
8605, 1, 1636468898167, 1636468898339, 172, 0, 172, 0, 0, 0
8606, 1, 1636468898375, 1636468898547, 172, 0, 172, 0, 0, 0
8607, 1, 1636468898671, 1636468898843, 172, 0, 172, 0, 0, 0
8608, 1, 1636468898823, 1636468898995, 172, 0, 172, 0, 0, 0
8609, 1, 1636468898971, 1636468899143, 172, 0, 172, 0, 0, 0
8610, 1, 1636468899191, 1636468899363, 172, 0, 172, 0, 0, 0
8611, 1, 1636468899315, 1636468899487, 172, 0, 172, 0, 0, 0
8612, 1, 1636468899467, 1636468899639, 172, 0, 172, 0, 0, 0
8613, 1, 1636468899623, 1636468899795, 172, 0, 172, 0, 0, 0
8614, 1, 1636468899779, 1636468899951, 172, 0, 172, 0, 0, 0
8615, 1, 1636468899999, 1636468900171, 172, 0, 172, 0, 0, 0
8616, 1, 1636468900039, 1636468900211, 172, 0, 172, 0, 0, 0
8617, 1, 1636468900103, 1636468900275, 172, 0, 172, 0, 0, 0
8618, 1, 1636468900259, 1636468900431, 172, 0, 172, 0, 0, 0
8619, 1, 1636468900431, 1636468900603, 172, 0, 172, 0, 0, 0
8620, 1, 1636468900591, 1636468900763, 172, 0, 172, 0, 0, 0
8621, 1, 1636468900799, 1636468900971, 172, 0, 172, 0, 0, 0
8622, 1, 1636468900831, 1636468901003, 172, 0, 172, 0, 0, 0
8623, 1, 1636468900903, 1636468901075, 172, 0, 172, 0, 0, 0
8624, 1, 1636468901047, 1636468901219, 172, 0, 172, 0, 0, 0
8625, 1, 1636468901071, 1636468901243, 172, 0, 172, 0, 0, 0
8626, 1, 1636468901243, 1636468901415, 172, 0, 172, 0, 0, 0
8627, 1, 1636468901391, 1636468901563, 172, 0, 172, 0, 0, 0
8630, 1, 1636468901631, 1636468901803, 172, 0, 172, 0, 0, 0
8631, 1, 1636468901711, 1636468901883, 172, 0, 172, 0, 0, 0
8632, 1, 1636468901835, 1636468902007, 172, 0, 172, 0, 0, 0
8633, 1, 1636468901887, 1636468902059, 172, 0, 172, 0, 0, 0
8634, 1, 1636468902043, 1636468902215, 172, 0, 172, 0, 0, 0
8637, 1, 1636468902439, 1636468902611, 172, 0, 172, 0, 0, 0
8638, 1, 1636468902527, 1636468902699, 172, 0, 172, 0, 0, 0
8639, 1, 1636468902635, 1636468902807, 172, 0, 172, 0, 0, 0
8640, 1, 1636468902687, 1636468902859, 172, 0, 172, 0, 0, 0
8643, 1, 1636468903255, 1636468903427, 172, 0, 172, 0, 0, 0
8644, 1, 1636468903323, 1636468903495, 172, 0, 172, 0, 0, 0
8645, 1, 1636468903443, 1636468903615, 172, 0, 172, 0, 0, 0
8647, 1, 1636468903963, 1636468904135, 172, 0, 172, 0, 0, 0
8648, 1, 1636468903971, 1636468904143, 172, 0, 172, 0, 0, 0
8651, 1, 1636468904259, 1636468904431, 172, 0, 172, 0, 0, 0
8649, 1, 1636468904319, 1636468904491, 172, 0, 172, 0, 0, 0
8652, 1, 1636468904559, 1636468904731, 172, 0, 172, 0, 0, 0
8653, 1, 1636468904671, 1636468904843, 172, 0, 172, 0, 0, 0
8654, 1, 1636468904679, 1636468904855, 176, 0, 176, 0, 0, 0
8655, 1, 1636468904747, 1636468904919, 172, 0, 172, 0, 0, 0
8656, 1, 1636468904971, 1636468905143, 172, 0, 172, 0, 0, 0
8658, 1, 1636468905091, 1636468905263, 172, 0, 172, 0, 0, 0
8659, 1, 1636468905207, 1636468905379, 172, 0, 172, 0, 0, 0
8660, 1, 1636468905259, 1636468905431, 172, 0, 172, 0, 0, 0
8661, 1, 1636468905439, 1636468905611, 172, 0, 172, 0, 0, 0
8662, 1, 1636468905455, 1636468905627, 172, 0, 172, 0, 0, 0
8663, 1, 1636468905459, 1636468905631, 172, 0, 172, 0, 0, 0
8664, 1, 1636468905487, 1636468905659, 172, 0, 172, 0, 0, 0
8666, 1, 1636468905723, 1636468905895, 172, 0, 172, 0, 0, 0
8669, 1, 1636468905911, 1636468906083, 172, 0, 172, 0, 0, 0
8670, 1, 1636468906055, 1636468906227, 172, 0, 172, 0, 0, 0
8667, 1, 1636468906071, 1636468906243, 172, 0, 172, 0, 0, 0
8671, 1, 1636468906131, 1636468906303, 172, 0, 172, 0, 0, 0
8672, 1, 1636468906263, 1636468906435, 172, 0, 172, 0, 0, 0
8673, 1, 1636468906263, 1636468906435, 172, 0, 172, 0, 0, 0
8674, 1, 1636468906299, 1636468906471, 172, 0, 172, 0, 0, 0
8675, 1, 1636468906479, 1636468906651, 172, 0, 172, 0, 0, 0
8677, 1, 1636468906511, 1636468906683, 172, 0, 172, 0, 0, 0
8679, 1, 1636468906695, 1636468906867, 172, 0, 172, 0, 0, 0
8678, 1, 1636468906731, 1636468906903, 172, 0, 172, 0, 0, 0
8680, 1, 1636468906835, 1636468907007, 172, 0, 172, 0, 0, 0
8681, 1, 1636468906895, 1636468907067, 172, 0, 172, 0, 0, 0
8682, 1, 1636468907067, 1636468907239, 172, 0, 172, 0, 0, 0
8683, 1, 1636468907079, 1636468907255, 176, 0, 176, 0, 0, 0
8684, 1, 1636468907091, 1636468907263, 172, 0, 172, 0, 0, 0
8685, 1, 1636468907195, 1636468907367, 172, 0, 172, 0, 0, 0
8688, 1, 1636468907307, 1636468907479, 172, 0, 172, 0, 0, 0
8687, 1, 1636468907311, 1636468907487, 176, 0, 176, 0, 0, 0
8689, 1, 1636468907491, 1636468907663, 172, 0, 172, 0, 0, 0
8690, 1, 1636468907499, 1636468907675, 176, 0, 176, 0, 0, 0
8691, 1, 1636468907643, 1636468907819, 176, 0, 176, 0, 0, 0
8692, 1, 1636468907711, 1636468907883, 172, 0, 172, 0, 0, 0
8693, 1, 1636468907863, 1636468908035, 172, 0, 172, 0, 0, 0
8694, 1, 1636468907879, 1636468908055, 176, 0, 176, 0, 0, 0
8695, 1, 1636468907887, 1636468908059, 172, 0, 172, 0, 0, 0
8697, 1, 1636468907979, 1636468908155, 176, 0, 176, 0, 0, 0
8699, 1, 1636468908023, 1636468908195, 172, 0, 172, 0, 0, 0
8698, 1, 1636468908055, 1636468908227, 172, 0, 172, 0, 0, 0
8700, 1, 1636468908107, 1636468908279, 172, 0, 172, 0, 0, 0
8701, 1, 1636468908215, 1636468908387, 172, 0, 172, 0, 0, 0
8702, 1, 1636468908283, 1636468908455, 172, 0, 172, 0, 0, 0
8703, 1, 1636468908307, 1636468908483, 176, 0, 176, 0, 0, 0
8704, 1, 1636468908443, 1636468908615, 172, 0, 172, 0, 0, 0
8705, 1, 1636468908503, 1636468908675, 172, 0, 172, 0, 0, 0
8706, 1, 1636468908655, 1636468908827, 172, 0, 172, 0, 0, 0
8707, 1, 1636468908683, 1636468908855, 172, 0, 172, 0, 0, 0
8708, 1, 1636468908691, 1636468908863, 172, 0, 172, 0, 0, 0
8710, 1, 1636468908759, 1636468908931, 172, 0, 172, 0, 0, 0
8712, 1, 1636468908779, 1636468908955, 176, 0, 176, 0, 0, 0
8711, 1, 1636468908819, 1636468908991, 172, 0, 172, 0, 0, 0
8713, 1, 1636468908835, 1636468909007, 172, 0, 172, 0, 0, 0
8714, 1, 1636468908919, 1636468909091, 172, 0, 172, 0, 0, 0
8715, 1, 1636468908919, 1636468909091, 172, 0, 172, 0, 0, 0
8716, 1, 1636468909091, 1636468909267, 176, 0, 176, 0, 0, 0
8717, 1, 1636468909107, 1636468909283, 176, 0, 176, 0, 0, 0
8718, 1, 1636468909255, 1636468909427, 172, 0, 172, 0, 0, 0
8719, 1, 1636468909291, 1636468909463, 172, 0, 172, 0, 0, 0
8721, 1, 1636468909447, 1636468909619, 172, 0, 172, 0, 0, 0
8722, 1, 1636468909471, 1636468909643, 172, 0, 172, 0, 0, 0
8723, 1, 1636468909499, 1636468909675, 176, 0, 176, 0, 0, 0
8724, 1, 1636468909527, 1636468909699, 172, 0, 172, 0, 0, 0
8726, 1, 1636468909571, 1636468909743, 172, 0, 172, 0, 0, 0
8725, 1, 1636468909583, 1636468909755, 172, 0, 172, 0, 0, 0
8727, 1, 1636468909591, 1636468909763, 172, 0, 172, 0, 0, 0
8728, 1, 1636468909651, 1636468909823, 172, 0, 172, 0, 0, 0
8729, 1, 1636468909703, 1636468909875, 172, 0, 172, 0, 0, 0
8730, 1, 1636468909715, 1636468909887, 172, 0, 172, 0, 0, 0
8731, 1, 1636468909891, 1636468910063, 172, 0, 172, 0, 0, 0
8732, 1, 1636468909919, 1636468910091, 172, 0, 172, 0, 0, 0
8733, 1, 1636468910063, 1636468910235, 172, 0, 172, 0, 0, 0
8734, 1, 1636468910075, 1636468910247, 172, 0, 172, 0, 0, 0
8737, 1, 1636468910235, 1636468910407, 172, 0, 172, 0, 0, 0
8738, 1, 1636468910255, 1636468910427, 172, 0, 172, 0, 0, 0
8736, 1, 1636468910271, 1636468910443, 172, 0, 172, 0, 0, 0
8739, 1, 1636468910287, 1636468910459, 172, 0, 172, 0, 0, 0
8740, 1, 1636468910290, 1636468910467, 177, 0, 177, 0, 0, 0
8741, 1, 1636468910338, 1636468910511, 173, 1, 172, 0, 1, 1
8742, 1, 1636468910375, 1636468910551, 176, 0, 176, 0, 0, 0
8743, 1, 1636468910407, 1636468910579, 172, 0, 172, 0, 0, 0
8744, 1, 1636468910443, 1636468910615, 172, 0, 172, 0, 0, 0
8745, 1, 1636468910503, 1636468910675, 172, 0, 172, 0, 0, 0
8746, 1, 1636468910527, 1636468910699, 172, 0, 172, 0, 0, 0
8747, 1, 1636468910699, 1636468910871, 172, 0, 172, 0, 0, 0
8748, 1, 1636468910727, 1636468910899, 172, 0, 172, 0, 0, 0
8749, 1, 1636468910847, 1636468911019, 172, 0, 172, 0, 0, 0
8750, 1, 1636468910863, 1636468911035, 172, 0, 172, 0, 0, 0
8751, 1, 1636468910987, 1636468911159, 172, 0, 172, 0, 0, 0
8752, 1, 1636468911023, 1636468911195, 172, 0, 172, 0, 0, 0
8753, 1, 1636468911055, 1636468911227, 172, 0, 172, 0, 0, 0
8755, 1, 1636468911083, 1636468911255, 172, 0, 172, 0, 0, 0
8754, 1, 1636468911095, 1636468911267, 172, 0, 172, 0, 0, 0
8756, 1, 1636468911099, 1636468911271, 172, 0, 172, 0, 0, 0
8758, 1, 1636468911147, 1636468911319, 172, 0, 172, 0, 0, 0
8759, 1, 1636468911175, 1636468911347, 172, 0, 172, 0, 0, 0
8760, 1, 1636468911211, 1636468911383, 172, 0, 172, 0, 0, 0
8761, 1, 1636468911227, 1636468911399, 172, 0, 172, 0, 0, 0
8762, 1, 1636468911307, 1636468911479, 172, 0, 172, 0, 0, 0
8763, 1, 1636468911335, 1636468911507, 172, 0, 172, 0, 0, 0
8764, 1, 1636468911507, 1636468911679, 172, 0, 172, 0, 0, 0
8765, 1, 1636468911523, 1636468911699, 176, 0, 176, 0, 0, 0
8766, 1, 1636468911643, 1636468911815, 172, 0, 172, 0, 0, 0
8767, 1, 1636468911651, 1636468911827, 176, 0, 176, 0, 0, 0
8768, 1, 1636468911775, 1636468911947, 172, 0, 172, 0, 0, 0
8770, 1, 1636468911791, 1636468911963, 172, 0, 172, 0, 0, 0
8771, 1, 1636468911803, 1636468911975, 172, 0, 172, 0, 0, 0
8772, 1, 1636468911807, 1636468911979, 172, 0, 172, 0, 0, 0
8773, 1, 1636468911863, 1636468912035, 172, 0, 172, 0, 0, 0
8774, 1, 1636468911895, 1636468912067, 172, 0, 172, 0, 0, 0
8775, 1, 1636468911915, 1636468912087, 172, 0, 172, 0, 0, 0
8776, 1, 1636468911943, 1636468912115, 172, 0, 172, 0, 0, 0
8777, 1, 1636468911959, 1636468912135, 176, 0, 176, 0, 0, 0
8779, 1, 1636468912019, 1636468912191, 172, 0, 172, 0, 0, 0
8780, 1, 1636468912115, 1636468912287, 172, 0, 172, 0, 0, 0
8781, 1, 1636468912123, 1636468912295, 172, 0, 172, 0, 0, 0
8778, 1, 1636468912243, 1636468912415, 172, 0, 172, 0, 0, 0
8782, 1, 1636468912295, 1636468912467, 172, 0, 172, 0, 0, 0
8783, 1, 1636468912323, 1636468912495, 172, 0, 172, 0, 0, 0
8785, 1, 1636468912435, 1636468912611, 176, 0, 176, 0, 0, 0
8784, 1, 1636468912459, 1636468912635, 176, 0, 176, 0, 0, 0
8787, 1, 1636468912479, 1636468912651, 172, 0, 172, 0, 0, 0
8786, 1, 1636468912591, 1636468912763, 172, 0, 172, 0, 0, 0
8788, 1, 1636468912599, 1636468912771, 172, 0, 172, 0, 0, 0
8789, 1, 1636468912615, 1636468912787, 172, 0, 172, 0, 0, 0
8790, 1, 1636468912615, 1636468912787, 172, 0, 172, 0, 0, 0
8791, 1, 1636468912667, 1636468912839, 172, 0, 172, 0, 0, 0
8792, 1, 1636468912703, 1636468912875, 172, 0, 172, 0, 0, 0
8793, 1, 1636468912715, 1636468912887, 172, 0, 172, 0, 0, 0
8794, 1, 1636468912731, 1636468912903, 172, 0, 172, 0, 0, 0
8796, 1, 1636468912811, 1636468912983, 172, 0, 172, 0, 0, 0
8797, 1, 1636468912911, 1636468913083, 172, 0, 172, 0, 0, 0
8798, 1, 1636468912923, 1636468913095, 172, 0, 172, 0, 0, 0
8799, 1, 1636468912923, 1636468913095, 172, 0, 172, 0, 0, 0
8795, 1, 1636468912939, 1636468913111, 172, 0, 172, 0, 0, 0
8800, 1, 1636468913095, 1636468913271, 176, 0, 176, 0, 0, 0
8802, 1, 1636468913171, 1636468913343, 172, 0, 172, 0, 0, 0
8769, 1, 1636468913231, 1636468913407, 176, 0, 176, 0, 0, 0
8803, 1, 1636468913247, 1636468913419, 172, 0, 172, 0, 0, 0
8804, 1, 1636468913258, 1636468913435, 177, 1, 176, 0, 0, 0
8805, 1, 1636468913295, 1636468913466, 171, 0, 171, 0, 0, 0
8801, 1, 1636468913295, 1636468913470, 175, 0, 175, 0, 0, 0
8806, 1, 1636468913403, 1636468913575, 172, 0, 172, 0, 0, 0
8807, 1, 1636468913427, 1636468913599, 172, 0, 172, 0, 0, 0
8808, 1, 1636468913427, 1636468913599, 172, 0, 172, 0, 0, 0
8810, 1, 1636468913483, 1636468913655, 172, 0, 172, 0, 0, 0
8809, 1, 1636468913511, 1636468913683, 172, 0, 172, 0, 0, 0
8811, 1, 1636468913515, 1636468913687, 172, 0, 172, 0, 0, 0
8813, 1, 1636468913519, 1636468913691, 172, 0, 172, 0, 0, 0
8815, 1, 1636468913611, 1636468913783, 172, 0, 172, 0, 0, 0
8814, 1, 1636468913623, 1636468913799, 176, 0, 176, 0, 0, 0
8812, 1, 1636468913647, 1636468913819, 172, 0, 172, 0, 0, 0
8816, 1, 1636468913667, 1636468913839, 172, 0, 172, 0, 0, 0
8818, 1, 1636468913739, 1636468913911, 172, 0, 172, 0, 0, 0
8820, 1, 1636468913895, 1636468914067, 172, 0, 172, 0, 0, 0
8819, 1, 1636468913899, 1636468914075, 176, 0, 176, 0, 0, 0
8822, 1, 1636468913983, 1636468914155, 172, 0, 172, 0, 0, 0
8821, 1, 1636468913987, 1636468914163, 176, 0, 176, 0, 0, 0
8817, 1, 1636468913991, 1636468914163, 172, 0, 172, 0, 0, 0
8823, 1, 1636468914051, 1636468914227, 176, 0, 176, 0, 0, 0
8824, 1, 1636468914067, 1636468914243, 176, 0, 176, 0, 0, 0
8825, 1, 1636468914103, 1636468914279, 176, 0, 176, 0, 0, 0
8826, 1, 1636468914191, 1636468914363, 172, 0, 172, 0, 0, 0
8827, 1, 1636468914215, 1636468914387, 172, 0, 172, 0, 0, 0
8828, 1, 1636468914223, 1636468914395, 172, 0, 172, 0, 0, 0
8829, 1, 1636468914223, 1636468914395, 172, 0, 172, 0, 0, 0
8830, 1, 1636468914295, 1636468914467, 172, 0, 172, 0, 0, 0
8832, 1, 1636468914303, 1636468914479, 176, 0, 176, 0, 0, 0
8833, 1, 1636468914315, 1636468914491, 176, 0, 176, 0, 0, 0
8831, 1, 1636468914335, 1636468914515, 180, 0, 180, 0, 0, 0
8834, 1, 1636468914379, 1636468914555, 176, 0, 176, 0, 0, 0
8836, 1, 1636468914471, 1636468914643, 172, 0, 172, 0, 0, 0
8837, 1, 1636468914523, 1636468914695, 172, 0, 172, 0, 0, 0
8838, 1, 1636468914647, 1636468914819, 172, 0, 172, 0, 0, 0
8839, 1, 1636468914659, 1636468914831, 172, 0, 172, 0, 0, 0
8835, 1, 1636468914691, 1636468914863, 172, 0, 172, 0, 0, 0
8841, 1, 1636468914751, 1636468914927, 176, 0, 176, 0, 0, 0
8842, 1, 1636468914791, 1636468914963, 172, 0, 172, 0, 0, 0
8843, 1, 1636468914855, 1636468915031, 176, 0, 176, 0, 0, 0
8844, 1, 1636468914859, 1636468915031, 172, 0, 172, 0, 0, 0
8845, 1, 1636468914907, 1636468915079, 172, 0, 172, 0, 0, 0
8840, 1, 1636468914991, 1636468915163, 172, 0, 172, 0, 0, 0
8848, 1, 1636468915019, 1636468915191, 172, 0, 172, 0, 0, 0
8847, 1, 1636468915019, 1636468915191, 172, 0, 172, 0, 0, 0
8849, 1, 1636468915027, 1636468915199, 172, 0, 172, 0, 0, 0
8846, 1, 1636468915039, 1636468915211, 172, 0, 172, 0, 0, 0
8850, 1, 1636468915071, 1636468915243, 172, 0, 172, 0, 0, 0
8851, 1, 1636468915083, 1636468915255, 172, 0, 172, 0, 0, 0
8852, 1, 1636468915099, 1636468915271, 172, 0, 172, 0, 0, 0
8853, 1, 1636468915103, 1636468915275, 172, 0, 172, 0, 0, 0
8854, 1, 1636468915171, 1636468915343, 172, 0, 172, 0, 0, 0
8855, 1, 1636468915283, 1636468915455, 172, 0, 172, 0, 0, 0
8857, 1, 1636468915315, 1636468915491, 176, 0, 176, 0, 0, 0
8856, 1, 1636468915363, 1636468915539, 176, 0, 176, 0, 0, 0
8858, 1, 1636468915395, 1636468915571, 176, 0, 176, 0, 0, 0
8859, 1, 1636468915467, 1636468915639, 172, 0, 172, 0, 0, 0
8860, 1, 1636468915543, 1636468915715, 172, 0, 172, 0, 0, 0
8861, 1, 1636468915595, 1636468915767, 172, 0, 172, 0, 0, 0
8863, 1, 1636468915655, 1636468915827, 172, 0, 172, 0, 0, 0
8862, 1, 1636468915655, 1636468915827, 172, 0, 172, 0, 0, 0
8864, 1, 1636468915663, 1636468915835, 172, 0, 172, 0, 0, 0
8865, 1, 1636468915699, 1636468915871, 172, 0, 172, 0, 0, 0
8866, 1, 1636468915783, 1636468915955, 172, 0, 172, 0, 0, 0
8867, 1, 1636468915807, 1636468915979, 172, 0, 172, 0, 0, 0
8868, 1, 1636468915827, 1636468916003, 176, 0, 176, 0, 0, 0
8869, 1, 1636468915831, 1636468916003, 172, 0, 172, 0, 0, 0
8871, 1, 1636468915871, 1636468916043, 172, 0, 172, 0, 0, 0
8870, 1, 1636468915871, 1636468916043, 172, 0, 172, 0, 0, 0
8872, 1, 1636468915883, 1636468916055, 172, 0, 172, 0, 0, 0
8873, 1, 1636468915887, 1636468916059, 172, 0, 172, 0, 0, 0
8874, 1, 1636468915991, 1636468916163, 172, 0, 172, 0, 0, 0
8875, 1, 1636468916087, 1636468916259, 172, 0, 172, 0, 0, 0
8876, 1, 1636468916099, 1636468916271, 172, 0, 172, 0, 0, 0
8877, 1, 1636468916151, 1636468916323, 172, 0, 172, 0, 0, 0
8878, 1, 1636468916211, 1636468916383, 172, 0, 172, 0, 0, 0
8879, 1, 1636468916275, 1636468916451, 176, 0, 176, 0, 0, 0
8880, 1, 1636468916335, 1636468916507, 172, 0, 172, 0, 0, 0
8881, 1, 1636468916383, 1636468916559, 176, 0, 176, 0, 0, 0
8882, 1, 1636468916406, 1636468916579, 173, 1, 172, 0, 0, 0
8883, 1, 1636468916439, 1636468916611, 172, 0, 172, 0, 0, 0
8884, 1, 1636468916463, 1636468916635, 172, 0, 172, 0, 0, 0
8885, 1, 1636468916499, 1636468916671, 172, 0, 172, 0, 0, 0
8886, 1, 1636468916567, 1636468916739, 172, 0, 172, 0, 0, 0
8887, 1, 1636468916599, 1636468916771, 172, 0, 172, 0, 0, 0
8888, 1, 1636468916631, 1636468916803, 172, 0, 172, 0, 0, 0
8889, 1, 1636468916631, 1636468916803, 172, 0, 172, 0, 0, 0
8890, 1, 1636468916655, 1636468916827, 172, 0, 172, 0, 0, 0
8891, 1, 1636468916683, 1636468916855, 172, 0, 172, 0, 0, 0
8892, 1, 1636468916683, 1636468916855, 172, 0, 172, 0, 0, 0
8894, 1, 1636468916791, 1636468916963, 172, 0, 172, 0, 0, 0
8893, 1, 1636468916843, 1636468917015, 172, 0, 172, 0, 0, 0
8895, 1, 1636468916895, 1636468917067, 172, 0, 172, 0, 0, 0
8896, 1, 1636468916911, 1636468917083, 172, 0, 172, 0, 0, 0
8897, 1, 1636468916939, 1636468917111, 172, 0, 172, 0, 0, 0
8898, 1, 1636468917027, 1636468917199, 172, 0, 172, 0, 0, 0
8899, 1, 1636468917075, 1636468917247, 172, 0, 172, 0, 0, 0
8900, 1, 1636468917123, 1636468917295, 172, 0, 172, 0, 0, 0
8901, 1, 1636468917195, 1636468917367, 172, 0, 172, 0, 0, 0
8902, 1, 1636468917219, 1636468917391, 172, 0, 172, 0, 0, 0
8903, 1, 1636468917235, 1636468917415, 180, 0, 180, 0, 0, 0
8904, 1, 1636468917263, 1636468917435, 172, 0, 172, 0, 0, 0
8905, 1, 1636468917283, 1636468917455, 172, 0, 172, 0, 0, 0
8906, 1, 1636468917371, 1636468917543, 172, 0, 172, 0, 0, 0
8907, 1, 1636468917395, 1636468917567, 172, 0, 172, 0, 0, 0
8908, 1, 1636468917423, 1636468917595, 172, 0, 172, 0, 0, 0
8910, 1, 1636468917467, 1636468917639, 172, 0, 172, 0, 0, 0
8911, 1, 1636468917483, 1636468917659, 176, 0, 176, 0, 0, 0
8912, 1, 1636468917491, 1636468917667, 176, 0, 176, 0, 0, 0
8913, 1, 1636468917535, 1636468917707, 172, 0, 172, 0, 0, 0
8909, 1, 1636468917539, 1636468917719, 180, 0, 180, 0, 0, 0
8914, 1, 1636468917595, 1636468917771, 176, 0, 176, 0, 0, 0
8915, 1, 1636468917711, 1636468917883, 172, 0, 172, 0, 0, 0
8916, 1, 1636468917711, 1636468917887, 176, 0, 176, 0, 0, 0
8917, 1, 1636468917747, 1636468917927, 180, 0, 180, 0, 0, 0
8918, 1, 1636468917835, 1636468918015, 180, 0, 180, 0, 0, 0
8919, 1, 1636468917855, 1636468918031, 176, 0, 176, 0, 0, 0
8920, 1, 1636468917919, 1636468918095, 176, 0, 176, 0, 0, 0
8921, 1, 1636468917963, 1636468918135, 172, 0, 172, 0, 0, 0
8922, 1, 1636468918003, 1636468918175, 172, 0, 172, 0, 0, 0
8923, 1, 1636468918043, 1636468918215, 172, 0, 172, 0, 0, 0
8925, 1, 1636468918067, 1636468918239, 172, 0, 172, 0, 0, 0
8924, 1, 1636468918071, 1636468918243, 172, 0, 172, 0, 0, 0
8926, 1, 1636468918179, 1636468918355, 176, 0, 176, 0, 0, 0
8927, 1, 1636468918195, 1636468918367, 172, 0, 172, 0, 0, 0
8929, 1, 1636468918239, 1636468918411, 172, 0, 172, 0, 0, 0
8930, 1, 1636468918267, 1636468918443, 176, 0, 176, 0, 0, 0
8931, 1, 1636468918283, 1636468918455, 172, 0, 172, 0, 0, 0
8933, 1, 1636468918299, 1636468918471, 172, 0, 172, 0, 0, 0
8932, 1, 1636468918299, 1636468918471, 172, 0, 172, 0, 0, 0
8934, 1, 1636468918403, 1636468918575, 172, 0, 172, 0, 0, 0
8928, 1, 1636468918415, 1636468918587, 172, 0, 172, 0, 0, 0
8935, 1, 1636468918503, 1636468918675, 172, 0, 172, 0, 0, 0
8936, 1, 1636468918515, 1636468918687, 172, 0, 172, 0, 0, 0
8937, 1, 1636468918531, 1636468918703, 172, 0, 172, 0, 0, 0
8938, 1, 1636468918627, 1636468918799, 172, 0, 172, 0, 0, 0
8940, 1, 1636468918723, 1636468918895, 172, 0, 172, 0, 0, 0
8941, 1, 1636468918759, 1636468918931, 172, 0, 172, 0, 0, 0
8939, 1, 1636468918759, 1636468918931, 172, 0, 172, 0, 0, 0
8942, 1, 1636468918787, 1636468918959, 172, 0, 172, 0, 0, 0
8943, 1, 1636468918827, 1636468918999, 172, 0, 172, 0, 0, 0
8944, 1, 1636468918855, 1636468919027, 172, 0, 172, 0, 0, 0
8945, 1, 1636468918887, 1636468919059, 172, 0, 172, 0, 0, 0
8946, 1, 1636468918979, 1636468919151, 172, 0, 172, 0, 0, 0
8947, 1, 1636468918995, 1636468919167, 172, 0, 172, 0, 0, 0
8949, 1, 1636468919043, 1636468919219, 176, 0, 176, 0, 0, 0
8951, 1, 1636468919075, 1636468919247, 172, 0, 172, 0, 0, 0
8952, 1, 1636468919087, 1636468919259, 172, 0, 172, 0, 0, 0
8953, 1, 1636468919103, 1636468919275, 172, 0, 172, 0, 0, 0
8954, 1, 1636468919191, 1636468919363, 172, 0, 172, 0, 0, 0
8955, 1, 1636468919283, 1636468919455, 172, 0, 172, 0, 0, 0
8956, 1, 1636468919311, 1636468919487, 176, 0, 176, 0, 0, 0
8957, 1, 1636468919327, 1636468919499, 172, 0, 172, 0, 0, 0
8958, 1, 1636468919439, 1636468919615, 176, 0, 176, 0, 0, 0
8959, 1, 1636468919443, 1636468919619, 176, 0, 176, 0, 0, 0
8961, 1, 1636468919559, 1636468919731, 172, 0, 172, 0, 0, 0
8962, 1, 1636468919575, 1636468919747, 172, 0, 172, 0, 0, 0
8964, 1, 1636468919667, 1636468919839, 172, 0, 172, 0, 0, 0
8965, 1, 1636468919695, 1636468919867, 172, 0, 172, 0, 0, 0
8966, 1, 1636468919787, 1636468919959, 172, 0, 172, 0, 0, 0
8967, 1, 1636468919807, 1636468919979, 172, 0, 172, 0, 0, 0
8968, 1, 1636468919835, 1636468920007, 172, 0, 172, 0, 0, 0
8970, 1, 1636468919887, 1636468920059, 172, 0, 172, 0, 0, 0
8969, 1, 1636468919891, 1636468920063, 172, 0, 172, 0, 0, 0
8971, 1, 1636468919895, 1636468920067, 172, 0, 172, 0, 0, 0
8972, 1, 1636468919995, 1636468920166, 171, 0, 171, 0, 0, 0
8973, 1, 1636468920099, 1636468920271, 172, 0, 172, 0, 0, 0
8974, 1, 1636468920115, 1636468920287, 172, 0, 172, 0, 0, 0
8975, 1, 1636468920114, 1636468920287, 173, 0, 173, 0, 0, 0
8976, 1, 1636468920227, 1636468920399, 172, 0, 172, 0, 0, 0
8977, 1, 1636468920250, 1636468920423, 173, 1, 172, 0, 0, 0
8979, 1, 1636468920367, 1636468920543, 176, 0, 176, 0, 0, 0
8978, 1, 1636468920471, 1636468920643, 172, 0, 172, 0, 0, 0
8980, 1, 1636468920475, 1636468920647, 172, 0, 172, 0, 0, 0
8981, 1, 1636468920486, 1636468920659, 173, 1, 172, 0, 0, 0
8982, 1, 1636468920595, 1636468920767, 172, 0, 172, 0, 0, 0
8983, 1, 1636468920619, 1636468920791, 172, 0, 172, 0, 0, 0
8984, 1, 1636468920635, 1636468920807, 172, 0, 172, 0, 0, 0
8986, 1, 1636468920687, 1636468920863, 176, 0, 176, 0, 0, 0
8987, 1, 1636468920687, 1636468920863, 176, 0, 176, 0, 0, 0
8988, 1, 1636468920795, 1636468920967, 172, 0, 172, 0, 0, 0
8985, 1, 1636468920823, 1636468920995, 172, 0, 172, 0, 0, 0
8989, 1, 1636468920907, 1636468921079, 172, 0, 172, 0, 0, 0
8990, 1, 1636468920911, 1636468921083, 172, 0, 172, 0, 0, 0
8992, 1, 1636468921015, 1636468921187, 172, 0, 172, 0, 0, 0
8993, 1, 1636468921047, 1636468921219, 172, 0, 172, 0, 0, 0
8994, 1, 1636468921163, 1636468921335, 172, 0, 172, 0, 0, 0
8995, 1, 1636468921171, 1636468921343, 172, 0, 172, 0, 0, 0
8991, 1, 1636468921251, 1636468921423, 172, 0, 172, 0, 0, 0
8996, 1, 1636468921279, 1636468921451, 172, 0, 172, 0, 0, 0
8997, 1, 1636468921279, 1636468921451, 172, 0, 172, 0, 0, 0
8998, 1, 1636468921391, 1636468921563, 172, 0, 172, 0, 0, 0
9001, 1, 1636468921419, 1636468921591, 172, 0, 172, 0, 0, 0
9002, 1, 1636468921423, 1636468921595, 172, 0, 172, 0, 0, 0
8999, 1, 1636468921443, 1636468921619, 176, 0, 176, 0, 0, 0
9000, 1, 1636468921447, 1636468921623, 176, 0, 176, 0, 0, 0
9003, 1, 1636468921479, 1636468921651, 172, 0, 172, 0, 0, 0
9005, 1, 1636468921495, 1636468921667, 172, 0, 172, 0, 0, 0
9004, 1, 1636468921515, 1636468921687, 172, 0, 172, 0, 0, 0
9006, 1, 1636468921599, 1636468921771, 172, 0, 172, 0, 0, 0
8963, 1, 1636468921611, 1636468921783, 172, 0, 172, 0, 0, 0
9007, 1, 1636468921699, 1636468921870, 171, 0, 171, 0, 0, 0
9008, 1, 1636468921727, 1636468921899, 172, 0, 172, 0, 0, 0
9009, 1, 1636468921823, 1636468921995, 172, 0, 172, 0, 0, 0
9011, 1, 1636468921851, 1636468922023, 172, 0, 172, 0, 0, 0
9010, 1, 1636468921866, 1636468922039, 173, 1, 172, 0, 0, 0
9012, 1, 1636468921903, 1636468922079, 176, 0, 176, 0, 0, 0
9013, 1, 1636468921971, 1636468922143, 172, 0, 172, 0, 0, 0
9014, 1, 1636468921983, 1636468922155, 172, 0, 172, 0, 0, 0
9015, 1, 1636468922079, 1636468922251, 172, 0, 172, 0, 0, 0
9016, 1, 1636468922087, 1636468922259, 172, 0, 172, 0, 0, 0
9018, 1, 1636468922159, 1636468922331, 172, 0, 172, 0, 0, 0
9017, 1, 1636468922163, 1636468922335, 172, 0, 172, 0, 0, 0
9019, 1, 1636468922183, 1636468922355, 172, 0, 172, 0, 0, 0
9020, 1, 1636468922211, 1636468922382, 171, 0, 171, 0, 0, 0
9021, 1, 1636468922267, 1636468922443, 176, 0, 176, 0, 0, 0
9024, 1, 1636468922282, 1636468922455, 173, 1, 172, 1, 0, 1
9023, 1, 1636468922279, 1636468922455, 176, 0, 176, 0, 0, 0
9025, 1, 1636468922311, 1636468922483, 172, 0, 172, 0, 0, 0
9022, 1, 1636468922319, 1636468922491, 172, 0, 172, 0, 0, 0
9026, 1, 1636468922382, 1636468922555, 173, 1, 172, 0, 0, 0
9027, 1, 1636468922499, 1636468922671, 172, 0, 172, 0, 0, 0
9028, 1, 1636468922523, 1636468922695, 172, 0, 172, 0, 0, 0
9029, 1, 1636468922619, 1636468922791, 172, 0, 172, 0, 0, 0
9030, 1, 1636468922631, 1636468922807, 176, 0, 176, 0, 0, 0
9031, 1, 1636468922654, 1636468922827, 173, 1, 172, 0, 0, 0
9032, 1, 1636468922671, 1636468922843, 172, 0, 172, 0, 0, 0
9033, 1, 1636468922755, 1636468922927, 172, 0, 172, 0, 0, 0
9034, 1, 1636468922783, 1636468922955, 172, 0, 172, 0, 0, 0
9035, 1, 1636468922875, 1636468923047, 172, 0, 172, 0, 0, 0
9037, 1, 1636468922951, 1636468923127, 176, 0, 176, 0, 0, 0
9038, 1, 1636468922963, 1636468923135, 172, 0, 172, 0, 0, 0
9039, 1, 1636468922991, 1636468923163, 172, 0, 172, 0, 0, 0
9041, 1, 1636468923023, 1636468923195, 172, 0, 172, 0, 0, 0
9040, 1, 1636468923019, 1636468923195, 176, 0, 176, 0, 0, 0
9036, 1, 1636468923019, 1636468923195, 176, 0, 176, 0, 0, 0
9042, 1, 1636468923027, 1636468923203, 176, 0, 176, 0, 0, 0
9043, 1, 1636468923083, 1636468923255, 172, 0, 172, 0, 0, 0
9044, 1, 1636468923095, 1636468923271, 176, 0, 176, 0, 0, 0
9045, 1, 1636468923115, 1636468923291, 176, 0, 176, 0, 0, 0
9046, 1, 1636468923199, 1636468923375, 176, 0, 176, 0, 0, 0
9047, 1, 1636468923315, 1636468923487, 172, 0, 172, 0, 0, 0
9049, 1, 1636468923407, 1636468923579, 172, 0, 172, 0, 0, 0
9048, 1, 1636468923431, 1636468923607, 176, 0, 176, 0, 0, 0
9050, 1, 1636468923443, 1636468923615, 172, 0, 172, 0, 0, 0
9051, 1, 1636468923455, 1636468923627, 172, 0, 172, 0, 0, 0
9052, 1, 1636468923459, 1636468923635, 176, 0, 176, 0, 0, 0
9053, 1, 1636468923551, 1636468923723, 172, 0, 172, 0, 0, 0
9054, 1, 1636468923575, 1636468923747, 172, 0, 172, 0, 0, 0
9056, 1, 1636468923675, 1636468923847, 172, 0, 172, 0, 0, 0
9055, 1, 1636468923715, 1636468923887, 172, 0, 172, 0, 0, 0
9057, 1, 1636468923739, 1636468923915, 176, 0, 176, 0, 0, 0
9058, 1, 1636468923763, 1636468923935, 172, 0, 172, 0, 0, 0
9059, 1, 1636468923799, 1636468923971, 172, 0, 172, 0, 0, 0
9060, 1, 1636468923815, 1636468923987, 172, 0, 172, 0, 0, 0
9061, 1, 1636468923831, 1636468924003, 172, 0, 172, 0, 0, 0
9062, 1, 1636468923831, 1636468924007, 176, 0, 176, 0, 0, 0
9065, 1, 1636468923907, 1636468924079, 172, 0, 172, 0, 0, 0
9066, 1, 1636468924011, 1636468924183, 172, 0, 172, 0, 0, 0
9067, 1, 1636468924099, 1636468924271, 172, 0, 172, 0, 0, 0
9064, 1, 1636468924107, 1636468924279, 172, 0, 172, 0, 0, 0
9068, 1, 1636468924115, 1636468924287, 172, 0, 172, 0, 0, 0
9063, 1, 1636468924179, 1636468924351, 172, 0, 172, 0, 0, 0
9069, 1, 1636468924191, 1636468924363, 172, 0, 172, 0, 0, 0
9070, 1, 1636468924239, 1636468924411, 172, 0, 172, 0, 0, 0
9071, 1, 1636468924243, 1636468924415, 172, 0, 172, 0, 0, 0
9072, 1, 1636468924246, 1636468924419, 173, 0, 173, 0, 0, 0
9073, 1, 1636468924355, 1636468924527, 172, 0, 172, 0, 0, 0
9074, 1, 1636468924370, 1636468924547, 177, 1, 176, 0, 0, 0
9076, 1, 1636468924487, 1636468924659, 172, 0, 172, 0, 0, 0
9075, 1, 1636468924531, 1636468924703, 172, 0, 172, 0, 0, 0
9077, 1, 1636468924539, 1636468924711, 172, 0, 172, 0, 0, 0
9078, 1, 1636468924543, 1636468924715, 172, 0, 172, 0, 0, 0
9079, 1, 1636468924603, 1636468924775, 172, 0, 172, 0, 0, 0
9080, 1, 1636468924615, 1636468924787, 172, 0, 172, 0, 0, 0
9082, 1, 1636468924651, 1636468924823, 172, 0, 172, 0, 0, 0
9083, 1, 1636468924707, 1636468924879, 172, 0, 172, 0, 0, 0
9084, 1, 1636468924763, 1636468924935, 172, 0, 172, 0, 0, 0
9085, 1, 1636468924795, 1636468924967, 172, 0, 172, 0, 0, 0
9086, 1, 1636468924855, 1636468925027, 172, 0, 172, 0, 0, 0
9081, 1, 1636468924875, 1636468925047, 172, 0, 172, 0, 0, 0
9087, 1, 1636468924891, 1636468925063, 172, 0, 172, 0, 0, 0
9088, 1, 1636468924907, 1636468925079, 172, 0, 172, 0, 0, 0
9089, 1, 1636468924979, 1636468925151, 172, 0, 172, 0, 0, 0
9090, 1, 1636468925031, 1636468925203, 172, 0, 172, 0, 0, 0
9091, 1, 1636468925039, 1636468925211, 172, 0, 172, 0, 0, 0
9092, 1, 1636468925055, 1636468925231, 176, 0, 176, 0, 0, 0
9093, 1, 1636468925175, 1636468925347, 172, 0, 172, 0, 0, 0
9094, 1, 1636468925179, 1636468925351, 172, 0, 172, 0, 0, 0
9095, 1, 1636468925267, 1636468925439, 172, 0, 172, 0, 0, 0
9096, 1, 1636468925291, 1636468925463, 172, 0, 172, 0, 0, 0
9097, 1, 1636468925335, 1636468925507, 172, 0, 172, 0, 0, 0
9098, 1, 1636468925355, 1636468925531, 176, 0, 176, 0, 0, 0
9099, 1, 1636468925399, 1636468925579, 180, 0, 180, 0, 0, 0
9100, 1, 1636468925407, 1636468925583, 176, 0, 176, 0, 0, 0
9102, 1, 1636468925491, 1636468925663, 172, 0, 172, 0, 0, 0
9103, 1, 1636468925543, 1636468925719, 176, 0, 176, 0, 0, 0
9105, 1, 1636468925579, 1636468925751, 172, 0, 172, 0, 0, 0
9106, 1, 1636468925619, 1636468925791, 172, 0, 172, 0, 0, 0
9101, 1, 1636468925679, 1636468925851, 172, 0, 172, 0, 0, 0
9107, 1, 1636468925703, 1636468925875, 172, 0, 172, 0, 0, 0
9104, 1, 1636468925703, 1636468925875, 172, 0, 172, 0, 0, 0
9108, 1, 1636468925715, 1636468925887, 172, 0, 172, 0, 0, 0
9109, 1, 1636468925783, 1636468925955, 172, 0, 172, 0, 0, 0
9110, 1, 1636468925835, 1636468926007, 172, 0, 172, 0, 0, 0
9112, 1, 1636468925863, 1636468926035, 172, 0, 172, 0, 0, 0
9113, 1, 1636468925959, 1636468926135, 176, 0, 176, 0, 0, 0
9114, 1, 1636468925995, 1636468926166, 171, 0, 171, 0, 0, 0
9111, 1, 1636468926051, 1636468926223, 172, 0, 172, 0, 0, 0
9115, 1, 1636468926063, 1636468926235, 172, 0, 172, 0, 0, 0
9116, 1, 1636468926095, 1636468926267, 172, 0, 172, 0, 0, 0
9117, 1, 1636468926151, 1636468926323, 172, 0, 172, 0, 0, 0
9118, 1, 1636468926151, 1636468926323, 172, 0, 172, 0, 0, 0
9119, 1, 1636468926199, 1636468926371, 172, 0, 172, 0, 0, 0
9121, 1, 1636468926287, 1636468926463, 176, 0, 176, 0, 0, 0
9123, 1, 1636468926303, 1636468926483, 180, 0, 180, 0, 0, 0
9122, 1, 1636468926335, 1636468926507, 172, 0, 172, 0, 0, 0
9124, 1, 1636468926363, 1636468926539, 176, 0, 176, 0, 0, 0
9125, 1, 1636468926399, 1636468926575, 176, 0, 176, 0, 0, 0
9120, 1, 1636468926399, 1636468926575, 176, 0, 176, 0, 0, 0
9126, 1, 1636468926403, 1636468926583, 180, 0, 180, 0, 0, 0
9127, 1, 1636468926499, 1636468926671, 172, 0, 172, 0, 0, 0
9128, 1, 1636468926519, 1636468926695, 176, 0, 176, 0, 0, 0
9130, 1, 1636468926647, 1636468926819, 172, 0, 172, 0, 0, 0
9131, 1, 1636468926667, 1636468926839, 172, 0, 172, 0, 0, 0
9132, 1, 1636468926711, 1636468926883, 172, 0, 172, 0, 0, 0
9129, 1, 1636468926747, 1636468926919, 172, 0, 172, 0, 0, 0
9134, 1, 1636468926799, 1636468926971, 172, 0, 172, 0, 0, 0
9135, 1, 1636468926859, 1636468927031, 172, 0, 172, 0, 0, 0
9136, 1, 1636468926887, 1636468927059, 172, 0, 172, 0, 0, 0
9137, 1, 1636468926931, 1636468927103, 172, 0, 172, 0, 0, 0
9138, 1, 1636468926943, 1636468927115, 172, 0, 172, 0, 0, 0
9139, 1, 1636468926983, 1636468927155, 172, 0, 172, 0, 0, 0
9133, 1, 1636468927059, 1636468927231, 172, 0, 172, 0, 0, 0
9142, 1, 1636468927091, 1636468927263, 172, 0, 172, 0, 0, 0
9141, 1, 1636468927091, 1636468927263, 172, 0, 172, 0, 0, 0
9143, 1, 1636468927095, 1636468927267, 172, 0, 172, 0, 0, 0
9144, 1, 1636468927123, 1636468927295, 172, 0, 172, 0, 0, 0
9145, 1, 1636468927195, 1636468927367, 172, 0, 172, 0, 0, 0
9146, 1, 1636468927207, 1636468927383, 176, 0, 176, 0, 0, 0
9147, 1, 1636468927279, 1636468927451, 172, 0, 172, 0, 0, 0
9148, 1, 1636468927315, 1636468927487, 172, 0, 172, 0, 0, 0
9140, 1, 1636468927403, 1636468927575, 172, 0, 172, 0, 0, 0
9149, 1, 1636468927431, 1636468927607, 176, 0, 176, 0, 0, 0
9151, 1, 1636468927455, 1636468927631, 176, 0, 176, 0, 0, 0
9152, 1, 1636468927459, 1636468927634, 175, 0, 175, 0, 0, 0
9153, 1, 1636468927590, 1636468927767, 177, 1, 176, 0, 1, 1
9155, 1, 1636468927679, 1636468927851, 172, 0, 172, 0, 0, 0
9156, 1, 1636468927682, 1636468927859, 177, 1, 176, 0, 0, 0
9154, 1, 1636468927715, 1636468927887, 172, 0, 172, 0, 0, 0
9150, 1, 1636468927747, 1636468927919, 172, 0, 172, 0, 0, 0
9158, 1, 1636468927759, 1636468927935, 176, 0, 176, 0, 0, 0
9159, 1, 1636468927783, 1636468927959, 176, 0, 176, 0, 0, 0
9160, 1, 1636468927883, 1636468928055, 172, 0, 172, 0, 0, 0
9161, 1, 1636468927883, 1636468928055, 172, 0, 172, 0, 0, 0
9162, 1, 1636468927891, 1636468928063, 172, 0, 172, 0, 0, 0
9163, 1, 1636468927927, 1636468928099, 172, 0, 172, 0, 0, 0
9157, 1, 1636468927943, 1636468928119, 176, 0, 176, 0, 0, 0
9164, 1, 1636468927995, 1636468928167, 172, 0, 172, 0, 0, 0
9165, 1, 1636468927999, 1636468928171, 172, 0, 172, 0, 0, 0
9166, 1, 1636468928059, 1636468928231, 172, 0, 172, 0, 0, 0
9168, 1, 1636468928119, 1636468928291, 172, 0, 172, 0, 0, 0
9169, 1, 1636468928183, 1636468928355, 172, 0, 172, 0, 0, 0
9173, 1, 1636468928387, 1636468928559, 172, 0, 172, 0, 0, 0
9167, 1, 1636468928406, 1636468928583, 177, 1, 176, 0, 1, 1
9174, 1, 1636468928454, 1636468928627, 173, 1, 172, 0, 0, 0
9175, 1, 1636468928466, 1636468928639, 173, 0, 173, 0, 0, 0
9176, 1, 1636468928474, 1636468928647, 173, 1, 172, 0, 1, 1
9177, 1, 1636468928551, 1636468928723, 172, 0, 172, 0, 0, 0
9179, 1, 1636468928591, 1636468928767, 176, 0, 176, 0, 0, 0
9178, 1, 1636468928611, 1636468928783, 172, 0, 172, 0, 0, 0
9180, 1, 1636468928663, 1636468928835, 172, 0, 172, 0, 0, 0
9182, 1, 1636468928683, 1636468928855, 172, 0, 172, 0, 0, 0
9181, 1, 1636468928683, 1636468928855, 172, 0, 172, 0, 0, 0
9183, 1, 1636468928739, 1636468928911, 172, 0, 172, 0, 0, 0
9172, 1, 1636468928759, 1636468928931, 172, 0, 172, 0, 0, 0
9185, 1, 1636468928811, 1636468928983, 172, 0, 172, 0, 0, 0
9184, 1, 1636468928811, 1636468928983, 172, 0, 172, 0, 0, 0
9186, 1, 1636468928811, 1636468928983, 172, 0, 172, 0, 0, 0
9187, 1, 1636468928927, 1636468929099, 172, 0, 172, 0, 0, 0
9188, 1, 1636468928987, 1636468929159, 172, 0, 172, 0, 0, 0
9189, 1, 1636468929083, 1636468929255, 172, 0, 172, 0, 0, 0
9190, 1, 1636468929175, 1636468929351, 176, 0, 176, 0, 0, 0
9191, 1, 1636468929243, 1636468929419, 176, 0, 176, 0, 0, 0
9192, 1, 1636468929263, 1636468929439, 176, 0, 176, 0, 0, 0
9193, 1, 1636468929267, 1636468929447, 180, 0, 180, 0, 0, 0
9194, 1, 1636468929355, 1636468929527, 172, 0, 172, 0, 0, 0
9196, 1, 1636468929367, 1636468929543, 176, 0, 176, 0, 0, 0
9197, 1, 1636468929371, 1636468929547, 176, 0, 176, 0, 0, 0
9195, 1, 1636468929431, 1636468929603, 172, 0, 172, 0, 0, 0
9198, 1, 1636468929467, 1636468929639, 172, 0, 172, 0, 0, 0
9199, 1, 1636468929479, 1636468929655, 176, 0, 176, 0, 0, 0
9200, 1, 1636468929495, 1636468929667, 172, 0, 172, 0, 0, 0
9201, 1, 1636468929539, 1636468929711, 172, 0, 172, 0, 0, 0
9204, 1, 1636468929615, 1636468929787, 172, 0, 172, 0, 0, 0
9203, 1, 1636468929615, 1636468929787, 172, 0, 172, 0, 0, 0
9205, 1, 1636468929715, 1636468929887, 172, 0, 172, 0, 0, 0
9202, 1, 1636468929775, 1636468929946, 171, 0, 171, 0, 0, 0
9206, 1, 1636468929779, 1636468929950, 171, 0, 171, 0, 0, 0
9207, 1, 1636468929831, 1636468930003, 172, 0, 172, 0, 0, 0
9208, 1, 1636468929975, 1636468930147, 172, 0, 172, 0, 0, 0
9209, 1, 1636468930043, 1636468930215, 172, 0, 172, 0, 0, 0
9210, 1, 1636468930059, 1636468930231, 172, 0, 172, 0, 0, 0
9211, 1, 1636468930071, 1636468930243, 172, 0, 172, 0, 0, 0
9212, 1, 1636468930155, 1636468930327, 172, 0, 172, 0, 0, 0
9213, 1, 1636468930163, 1636468930335, 172, 0, 172, 0, 0, 0
9215, 1, 1636468930171, 1636468930343, 172, 0, 172, 0, 0, 0
9214, 1, 1636468930179, 1636468930351, 172, 0, 172, 0, 0, 0
9216, 1, 1636468930271, 1636468930443, 172, 0, 172, 0, 0, 0
9217, 1, 1636468930279, 1636468930451, 172, 0, 172, 0, 0, 0
9218, 1, 1636468930295, 1636468930467, 172, 0, 172, 0, 0, 0
9219, 1, 1636468930343, 1636468930519, 176, 0, 176, 0, 0, 0
9221, 1, 1636468930415, 1636468930587, 172, 0, 172, 0, 0, 0
9222, 1, 1636468930415, 1636468930595, 180, 0, 180, 0, 0, 0
9223, 1, 1636468930499, 1636468930675, 176, 0, 176, 0, 0, 0
9220, 1, 1636468930527, 1636468930703, 176, 0, 176, 0, 0, 0
9225, 1, 1636468930579, 1636468930755, 176, 0, 176, 0, 0, 0
9227, 1, 1636468930615, 1636468930787, 172, 0, 172, 0, 0, 0
9224, 1, 1636468930619, 1636468930791, 172, 0, 172, 0, 0, 0
9226, 1, 1636468930623, 1636468930799, 176, 0, 176, 0, 0, 0
9228, 1, 1636468930775, 1636468930947, 172, 0, 172, 0, 0, 0
9229, 1, 1636468930851, 1636468931023, 172, 0, 172, 0, 0, 0
9230, 1, 1636468930867, 1636468931039, 172, 0, 172, 0, 0, 0
9231, 1, 1636468930867, 1636468931039, 172, 0, 172, 0, 0, 0
9232, 1, 1636468930955, 1636468931127, 172, 0, 172, 0, 0, 0
9233, 1, 1636468930963, 1636468931135, 172, 0, 172, 0, 0, 0
9235, 1, 1636468930967, 1636468931139, 172, 0, 172, 0, 0, 0
9234, 1, 1636468930967, 1636468931143, 176, 0, 176, 0, 0, 0
9236, 1, 1636468931071, 1636468931243, 172, 0, 172, 0, 0, 0
9237, 1, 1636468931075, 1636468931247, 172, 0, 172, 0, 0, 0
9239, 1, 1636468931147, 1636468931318, 171, 0, 171, 0, 0, 0
9240, 1, 1636468931195, 1636468931367, 172, 0, 172, 0, 0, 0
9242, 1, 1636468931223, 1636468931395, 172, 0, 172, 0, 0, 0
9243, 1, 1636468931303, 1636468931475, 172, 0, 172, 0, 0, 0
9238, 1, 1636468931318, 1636468931495, 177, 1, 176, 0, 0, 0
9241, 1, 1636468931318, 1636468931495, 177, 1, 176, 0, 0, 0
9245, 1, 1636468931339, 1636468931511, 172, 0, 172, 0, 0, 0
9244, 1, 1636468931334, 1636468931511, 177, 1, 176, 1, 0, 1
9246, 1, 1636468931362, 1636468931535, 173, 1, 172, 0, 1, 1
9247, 1, 1636468931419, 1636468931591, 172, 0, 172, 0, 0, 0
9248, 1, 1636468931575, 1636468931747, 172, 0, 172, 0, 0, 0
9249, 1, 1636468931647, 1636468931819, 172, 0, 172, 0, 0, 0
9251, 1, 1636468931675, 1636468931847, 172, 0, 172, 0, 0, 0
9253, 1, 1636468931759, 1636468931931, 172, 0, 172, 0, 0, 0
9254, 1, 1636468931767, 1636468931939, 172, 0, 172, 0, 0, 0
9255, 1, 1636468931783, 1636468931955, 172, 0, 172, 0, 0, 0
9256, 1, 1636468931863, 1636468932035, 172, 0, 172, 0, 0, 0
9257, 1, 1636468931891, 1636468932067, 176, 0, 176, 0, 0, 0
9250, 1, 1636468931923, 1636468932095, 172, 0, 172, 0, 0, 0
9258, 1, 1636468931935, 1636468932107, 172, 0, 172, 0, 0, 0
9259, 1, 1636468931979, 1636468932151, 172, 0, 172, 0, 0, 0
9252, 1, 1636468931995, 1636468932167, 172, 0, 172, 0, 0, 0
9260, 1, 1636468931998, 1636468932171, 173, 1, 172, 0, 0, 0
9262, 1, 1636468932031, 1636468932203, 172, 0, 172, 0, 0, 0
9263, 1, 1636468932115, 1636468932287, 172, 0, 172, 0, 0, 0
9261, 1, 1636468932115, 1636468932287, 172, 0, 172, 0, 0, 0
9264, 1, 1636468932139, 1636468932311, 172, 0, 172, 0, 0, 0
9265, 1, 1636468932143, 1636468932315, 172, 0, 172, 0, 0, 0
9267, 1, 1636468932203, 1636468932375, 172, 0, 172, 0, 0, 0
9266, 1, 1636468932347, 1636468932518, 171, 0, 171, 0, 0, 0
9268, 1, 1636468932371, 1636468932543, 172, 0, 172, 0, 0, 0
9269, 1, 1636468932447, 1636468932623, 176, 0, 176, 0, 0, 0
9270, 1, 1636468932479, 1636468932651, 172, 0, 172, 0, 0, 0
9272, 1, 1636468932555, 1636468932727, 172, 0, 172, 0, 0, 0
9273, 1, 1636468932563, 1636468932734, 171, 0, 171, 0, 0, 0
9271, 1, 1636468932574, 1636468932751, 177, 1, 176, 0, 0, 0
9274, 1, 1636468932595, 1636468932767, 172, 0, 172, 0, 0, 0
9275, 1, 1636468932643, 1636468932815, 172, 0, 172, 0, 0, 0
9276, 1, 1636468932651, 1636468932823, 172, 0, 172, 0, 0, 0
9277, 1, 1636468932702, 1636468932875, 173, 1, 172, 0, 0, 0
9278, 1, 1636468932727, 1636468932899, 172, 0, 172, 0, 0, 0
9279, 1, 1636468932731, 1636468932903, 172, 0, 172, 0, 0, 0
9281, 1, 1636468932815, 1636468932991, 176, 0, 176, 0, 0, 0
9282, 1, 1636468932839, 1636468933011, 172, 0, 172, 0, 0, 0
9280, 1, 1636468932903, 1636468933075, 172, 0, 172, 0, 0, 0
9283, 1, 1636468932907, 1636468933079, 172, 0, 172, 0, 0, 0
9284, 1, 1636468932927, 1636468933099, 172, 0, 172, 0, 0, 0
9285, 1, 1636468932950, 1636468933123, 173, 1, 172, 0, 0, 0
9287, 1, 1636468932999, 1636468933171, 172, 0, 172, 0, 0, 0
9286, 1, 1636468933019, 1636468933191, 172, 0, 172, 0, 0, 0
9288, 1, 1636468933167, 1636468933339, 172, 0, 172, 0, 0, 0
9289, 1, 1636468933263, 1636468933439, 176, 0, 176, 0, 0, 0
9290, 1, 1636468933299, 1636468933471, 172, 0, 172, 0, 0, 0
9291, 1, 1636468933331, 1636468933503, 172, 0, 172, 0, 0, 0
9292, 1, 1636468933355, 1636468933527, 172, 0, 172, 0, 0, 0
9293, 1, 1636468933355, 1636468933527, 172, 0, 172, 0, 0, 0
9294, 1, 1636468933399, 1636468933571, 172, 0, 172, 0, 0, 0
9295, 1, 1636468933399, 1636468933571, 172, 0, 172, 0, 0, 0
9296, 1, 1636468933455, 1636468933635, 180, 0, 180, 0, 0, 0
9297, 1, 1636468933499, 1636468933671, 172, 0, 172, 0, 0, 0
9298, 1, 1636468933531, 1636468933707, 176, 0, 176, 0, 0, 0
9299, 1, 1636468933539, 1636468933715, 176, 0, 176, 0, 0, 0
9301, 1, 1636468933615, 1636468933791, 176, 0, 176, 0, 0, 0
9302, 1, 1636468933647, 1636468933819, 172, 0, 172, 0, 0, 0
9303, 1, 1636468933699, 1636468933871, 172, 0, 172, 0, 0, 0
9300, 1, 1636468933703, 1636468933875, 172, 0, 172, 0, 0, 0
9304, 1, 1636468933739, 1636468933911, 172, 0, 172, 0, 0, 0
9305, 1, 1636468933755, 1636468933927, 172, 0, 172, 0, 0, 0
9306, 1, 1636468933771, 1636468933943, 172, 0, 172, 0, 0, 0
9307, 1, 1636468933883, 1636468934059, 176, 0, 176, 0, 0, 0
9308, 1, 1636468933959, 1636468934131, 172, 0, 172, 0, 0, 0
9309, 1, 1636468934063, 1636468934235, 172, 0, 172, 0, 0, 0
9310, 1, 1636468934099, 1636468934271, 172, 0, 172, 0, 0, 0
9311, 1, 1636468934127, 1636468934303, 176, 0, 176, 0, 0, 0
9312, 1, 1636468934147, 1636468934319, 172, 0, 172, 0, 0, 0
9314, 1, 1636468934191, 1636468934363, 172, 0, 172, 0, 0, 0
9315, 1, 1636468934199, 1636468934371, 172, 0, 172, 0, 0, 0
9313, 1, 1636468934230, 1636468934403, 173, 1, 172, 0, 0, 0
9316, 1, 1636468934247, 1636468934427, 180, 0, 180, 0, 0, 0
9317, 1, 1636468934287, 1636468934463, 176, 0, 176, 0, 0, 0
9318, 1, 1636468934335, 1636468934511, 176, 0, 176, 0, 0, 0
9319, 1, 1636468934343, 1636468934515, 172, 0, 172, 0, 0, 0
9320, 1, 1636468934403, 1636468934575, 172, 0, 172, 0, 0, 0
9322, 1, 1636468934447, 1636468934619, 172, 0, 172, 0, 0, 0
9323, 1, 1636468934479, 1636468934651, 172, 0, 172, 0, 0, 0
9325, 1, 1636468934555, 1636468934727, 172, 0, 172, 0, 0, 0
9324, 1, 1636468934559, 1636468934731, 172, 0, 172, 0, 0, 0
9326, 1, 1636468934567, 1636468934743, 176, 0, 176, 0, 0, 0
9321, 1, 1636468934579, 1636468934751, 172, 0, 172, 0, 0, 0
9327, 1, 1636468934607, 1636468934779, 172, 0, 172, 0, 0, 0
9328, 1, 1636468934759, 1636468934931, 172, 0, 172, 0, 0, 0
9329, 1, 1636468934859, 1636468935031, 172, 0, 172, 0, 0, 0
9330, 1, 1636468934903, 1636468935075, 172, 0, 172, 0, 0, 0
9331, 1, 1636468934919, 1636468935091, 172, 0, 172, 0, 0, 0
9332, 1, 1636468934943, 1636468935115, 172, 0, 172, 0, 0, 0
9333, 1, 1636468934959, 1636468935131, 172, 0, 172, 0, 0, 0
9334, 1, 1636468934979, 1636468935151, 172, 0, 172, 0, 0, 0
9335, 1, 1636468934995, 1636468935167, 172, 0, 172, 0, 0, 0
9337, 1, 1636468935087, 1636468935259, 172, 0, 172, 0, 0, 0
9338, 1, 1636468935135, 1636468935307, 172, 0, 172, 0, 0, 0
9339, 1, 1636468935135, 1636468935307, 172, 0, 172, 0, 0, 0
9340, 1, 1636468935179, 1636468935351, 172, 0, 172, 0, 0, 0
9341, 1, 1636468935235, 1636468935407, 172, 0, 172, 0, 0, 0
9342, 1, 1636468935259, 1636468935431, 172, 0, 172, 0, 0, 0
9343, 1, 1636468935278, 1636468935451, 173, 1, 172, 0, 0, 0
9336, 1, 1636468935323, 1636468935495, 172, 0, 172, 0, 0, 0
9344, 1, 1636468935347, 1636468935519, 172, 0, 172, 0, 0, 0
9346, 1, 1636468935367, 1636468935539, 172, 0, 172, 0, 0, 0
9347, 1, 1636468935403, 1636468935575, 172, 0, 172, 0, 0, 0
9345, 1, 1636468935483, 1636468935655, 172, 0, 172, 0, 0, 0
9348, 1, 1636468935547, 1636468935719, 172, 0, 172, 0, 0, 0
9349, 1, 1636468935675, 1636468935847, 172, 0, 172, 0, 0, 0
9350, 1, 1636468935722, 1636468935895, 173, 1, 172, 0, 0, 0
9352, 1, 1636468935731, 1636468935903, 172, 0, 172, 0, 0, 0
9351, 1, 1636468935731, 1636468935903, 172, 0, 172, 0, 0, 0
9353, 1, 1636468935763, 1636468935935, 172, 0, 172, 0, 0, 0
9354, 1, 1636468935783, 1636468935954, 171, 0, 171, 0, 0, 0
9355, 1, 1636468935799, 1636468935970, 171, 0, 171, 0, 0, 0
9356, 1, 1636468935899, 1636468936071, 172, 0, 172, 0, 0, 0
9357, 1, 1636468935935, 1636468936107, 172, 0, 172, 0, 0, 0
9359, 1, 1636468935950, 1636468936123, 173, 0, 173, 0, 0, 0
9360, 1, 1636468935970, 1636468936143, 173, 1, 172, 0, 1, 1
9358, 1, 1636468935995, 1636468936167, 172, 0, 172, 0, 0, 0
9361, 1, 1636468936011, 1636468936183, 172, 0, 172, 0, 0, 0
9362, 1, 1636468936063, 1636468936235, 172, 0, 172, 0, 0, 0
9363, 1, 1636468936075, 1636468936247, 172, 0, 172, 0, 0, 0
9364, 1, 1636468936155, 1636468936327, 172, 0, 172, 0, 0, 0
9365, 1, 1636468936171, 1636468936343, 172, 0, 172, 0, 0, 0
9366, 1, 1636468936183, 1636468936355, 172, 0, 172, 0, 0, 0
9367, 1, 1636468936183, 1636468936355, 172, 0, 172, 0, 0, 0
9368, 1, 1636468936347, 1636468936519, 172, 0, 172, 0, 0, 0
9369, 1, 1636468936475, 1636468936647, 172, 0, 172, 0, 0, 0
9371, 1, 1636468936527, 1636468936703, 176, 0, 176, 0, 0, 0
9372, 1, 1636468936531, 1636468936703, 172, 0, 172, 0, 0, 0
9370, 1, 1636468936527, 1636468936707, 180, 0, 180, 0, 0, 0
9373, 1, 1636468936547, 1636468936723, 176, 0, 176, 0, 0, 0
9374, 1, 1636468936591, 1636468936763, 172, 0, 172, 0, 0, 0
9375, 1, 1636468936599, 1636468936771, 172, 0, 172, 0, 0, 0
9377, 1, 1636468936723, 1636468936895, 172, 0, 172, 0, 0, 0
9378, 1, 1636468936739, 1636468936915, 176, 0, 176, 0, 0, 0
9380, 1, 1636468936763, 1636468936935, 172, 0, 172, 0, 0, 0
9379, 1, 1636468936763, 1636468936935, 172, 0, 172, 0, 0, 0
9381, 1, 1636468936819, 1636468936995, 176, 0, 176, 0, 0, 0
9376, 1, 1636468936823, 1636468936995, 172, 0, 172, 0, 0, 0
9382, 1, 1636468936859, 1636468937031, 172, 0, 172, 0, 0, 0
9383, 1, 1636468936879, 1636468937051, 172, 0, 172, 0, 0, 0
9384, 1, 1636468936959, 1636468937131, 172, 0, 172, 0, 0, 0
9385, 1, 1636468936987, 1636468937159, 172, 0, 172, 0, 0, 0
9387, 1, 1636468936995, 1636468937167, 172, 0, 172, 0, 0, 0
9386, 1, 1636468936991, 1636468937167, 176, 0, 176, 0, 0, 0
9388, 1, 1636468937147, 1636468937319, 172, 0, 172, 0, 0, 0
9389, 1, 1636468937279, 1636468937451, 172, 0, 172, 0, 0, 0
9390, 1, 1636468937323, 1636468937495, 172, 0, 172, 0, 0, 0
9391, 1, 1636468937327, 1636468937499, 172, 0, 172, 0, 0, 0
9392, 1, 1636468937331, 1636468937503, 172, 0, 172, 0, 0, 0
9393, 1, 1636468937359, 1636468937531, 172, 0, 172, 0, 0, 0
9395, 1, 1636468937395, 1636468937567, 172, 0, 172, 0, 0, 0
9394, 1, 1636468937395, 1636468937567, 172, 0, 172, 0, 0, 0
9397, 1, 1636468937515, 1636468937687, 172, 0, 172, 0, 0, 0
9398, 1, 1636468937531, 1636468937707, 176, 0, 176, 0, 0, 0
9399, 1, 1636468937555, 1636468937731, 176, 0, 176, 0, 0, 0
9400, 1, 1636468937559, 1636468937731, 172, 0, 172, 0, 0, 0
9401, 1, 1636468937611, 1636468937783, 172, 0, 172, 0, 0, 0
9402, 1, 1636468937659, 1636468937831, 172, 0, 172, 0, 0, 0
9403, 1, 1636468937675, 1636468937847, 172, 0, 172, 0, 0, 0
9396, 1, 1636468937743, 1636468937915, 172, 0, 172, 0, 0, 0
9404, 1, 1636468937751, 1636468937923, 172, 0, 172, 0, 0, 0
9405, 1, 1636468937783, 1636468937955, 172, 0, 172, 0, 0, 0
9406, 1, 1636468937791, 1636468937963, 172, 0, 172, 0, 0, 0
9407, 1, 1636468937795, 1636468937967, 172, 0, 172, 0, 0, 0
9408, 1, 1636468937931, 1636468938103, 172, 0, 172, 0, 0, 0
9409, 1, 1636468938095, 1636468938271, 176, 0, 176, 0, 0, 0
9410, 1, 1636468938115, 1636468938287, 172, 0, 172, 0, 0, 0
9411, 1, 1636468938123, 1636468938299, 176, 0, 176, 0, 0, 0
9412, 1, 1636468938135, 1636468938311, 176, 0, 176, 0, 0, 0
9413, 1, 1636468938175, 1636468938347, 172, 0, 172, 0, 0, 0
9414, 1, 1636468938183, 1636468938359, 176, 0, 176, 0, 0, 0
9415, 1, 1636468938211, 1636468938391, 180, 0, 180, 0, 0, 0
9416, 1, 1636468938311, 1636468938487, 176, 0, 176, 0, 0, 0
9417, 1, 1636468938331, 1636468938503, 172, 0, 172, 0, 0, 0
9418, 1, 1636468938351, 1636468938523, 172, 0, 172, 0, 0, 0
9420, 1, 1636468938375, 1636468938551, 176, 0, 176, 0, 0, 0
9421, 1, 1636468938403, 1636468938579, 176, 0, 176, 0, 0, 0
9419, 1, 1636468938407, 1636468938583, 176, 0, 176, 0, 0, 0
9422, 1, 1636468938463, 1636468938639, 176, 0, 176, 0, 0, 0
9423, 1, 1636468938475, 1636468938647, 172, 0, 172, 0, 0, 0
9424, 1, 1636468938543, 1636468938715, 172, 0, 172, 0, 0, 0
9425, 1, 1636468938595, 1636468938767, 172, 0, 172, 0, 0, 0
9427, 1, 1636468938615, 1636468938791, 176, 0, 176, 0, 0, 0
9426, 1, 1636468938659, 1636468938831, 172, 0, 172, 0, 0, 0
9428, 1, 1636468938755, 1636468938927, 172, 0, 172, 0, 0, 0
9429, 1, 1636468938895, 1636468939067, 172, 0, 172, 0, 0, 0
9431, 1, 1636468938907, 1636468939079, 172, 0, 172, 0, 0, 0
9430, 1, 1636468938907, 1636468939079, 172, 0, 172, 0, 0, 0
9432, 1, 1636468938939, 1636468939111, 172, 0, 172, 0, 0, 0
9433, 1, 1636468938983, 1636468939159, 176, 0, 176, 0, 0, 0
9434, 1, 1636468938987, 1636468939159, 172, 0, 172, 0, 0, 0
9435, 1, 1636468939015, 1636468939187, 172, 0, 172, 0, 0, 0
9436, 1, 1636468939107, 1636468939279, 172, 0, 172, 0, 0, 0
9437, 1, 1636468939143, 1636468939315, 172, 0, 172, 0, 0, 0
9438, 1, 1636468939143, 1636468939315, 172, 0, 172, 0, 0, 0
9439, 1, 1636468939163, 1636468939335, 172, 0, 172, 0, 0, 0
9440, 1, 1636468939171, 1636468939347, 176, 0, 176, 0, 0, 0
9441, 1, 1636468939203, 1636468939375, 172, 0, 172, 0, 0, 0
9442, 1, 1636468939243, 1636468939419, 176, 0, 176, 0, 0, 0
9443, 1, 1636468939271, 1636468939447, 176, 0, 176, 0, 0, 0
9445, 1, 1636468939391, 1636468939563, 172, 0, 172, 0, 0, 0
9446, 1, 1636468939403, 1636468939575, 172, 0, 172, 0, 0, 0
9447, 1, 1636468939411, 1636468939591, 180, 0, 180, 0, 0, 0
9444, 1, 1636468939491, 1636468939663, 172, 0, 172, 0, 0, 0
9448, 1, 1636468939539, 1636468939711, 172, 0, 172, 0, 0, 0
9449, 1, 1636468939695, 1636468939867, 172, 0, 172, 0, 0, 0
9450, 1, 1636468939703, 1636468939875, 172, 0, 172, 0, 0, 0
9452, 1, 1636468939739, 1636468939911, 172, 0, 172, 0, 0, 0
9453, 1, 1636468939767, 1636468939939, 172, 0, 172, 0, 0, 0
9454, 1, 1636468939787, 1636468939959, 172, 0, 172, 0, 0, 0
9455, 1, 1636468939815, 1636468939987, 172, 0, 172, 0, 0, 0
9451, 1, 1636468939839, 1636468940015, 176, 0, 176, 0, 0, 0
9457, 1, 1636468939935, 1636468940107, 172, 0, 172, 0, 0, 0
9458, 1, 1636468939951, 1636468940123, 172, 0, 172, 0, 0, 0
9460, 1, 1636468939959, 1636468940131, 172, 0, 172, 0, 0, 0
9459, 1, 1636468939959, 1636468940139, 180, 0, 180, 0, 0, 0
9461, 1, 1636468940019, 1636468940191, 172, 0, 172, 0, 0, 0
9462, 1, 1636468940027, 1636468940207, 180, 0, 180, 0, 0, 0
9465, 1, 1636468940171, 1636468940343, 172, 0, 172, 0, 0, 0
9464, 1, 1636468940191, 1636468940363, 172, 0, 172, 0, 0, 0
9467, 1, 1636468940219, 1636468940391, 172, 0, 172, 0, 0, 0
9466, 1, 1636468940219, 1636468940391, 172, 0, 172, 0, 0, 0
9468, 1, 1636468940347, 1636468940519, 172, 0, 172, 0, 0, 0
9469, 1, 1636468940483, 1636468940655, 172, 0, 172, 0, 0, 0
9471, 1, 1636468940515, 1636468940687, 172, 0, 172, 0, 0, 0
9472, 1, 1636468940551, 1636468940723, 172, 0, 172, 0, 0, 0
9473, 1, 1636468940559, 1636468940735, 176, 0, 176, 0, 0, 0
9470, 1, 1636468940567, 1636468940739, 172, 0, 172, 0, 0, 0
9475, 1, 1636468940611, 1636468940783, 172, 0, 172, 0, 0, 0
9476, 1, 1636468940735, 1636468940907, 172, 0, 172, 0, 0, 0
9477, 1, 1636468940755, 1636468940927, 172, 0, 172, 0, 0, 0
9479, 1, 1636468940759, 1636468940931, 172, 0, 172, 0, 0, 0
9478, 1, 1636468940759, 1636468940931, 172, 0, 172, 0, 0, 0
9480, 1, 1636468940811, 1636468940983, 172, 0, 172, 0, 0, 0
9481, 1, 1636468940843, 1636468941015, 172, 0, 172, 0, 0, 0
9474, 1, 1636468940911, 1636468941083, 172, 0, 172, 0, 0, 0
9482, 1, 1636468940939, 1636468941111, 172, 0, 172, 0, 0, 0
9484, 1, 1636468941007, 1636468941179, 172, 0, 172, 0, 0, 0
9485, 1, 1636468941023, 1636468941195, 172, 0, 172, 0, 0, 0
9486, 1, 1636468941159, 1636468941335, 176, 0, 176, 0, 0, 0
9487, 1, 1636468941263, 1636468941439, 176, 0, 176, 0, 0, 0
9488, 1, 1636468941279, 1636468941455, 176, 0, 176, 0, 0, 0
9489, 1, 1636468941331, 1636468941507, 176, 0, 176, 0, 0, 0
9491, 1, 1636468941359, 1636468941535, 176, 0, 176, 0, 0, 0
9490, 1, 1636468941355, 1636468941535, 180, 0, 180, 0, 0, 0
9492, 1, 1636468941403, 1636468941575, 172, 0, 172, 0, 0, 0
9493, 1, 1636468941523, 1636468941695, 172, 0, 172, 0, 0, 0
9496, 1, 1636468941555, 1636468941727, 172, 0, 172, 0, 0, 0
9495, 1, 1636468941563, 1636468941735, 172, 0, 172, 0, 0, 0
9494, 1, 1636468941563, 1636468941735, 172, 0, 172, 0, 0, 0
9497, 1, 1636468941570, 1636468941743, 173, 1, 172, 0, 0, 0
9499, 1, 1636468941659, 1636468941831, 172, 0, 172, 0, 0, 0
9500, 1, 1636468941747, 1636468941919, 172, 0, 172, 0, 0, 0
9501, 1, 1636468941807, 1636468941979, 172, 0, 172, 0, 0, 0
9502, 1, 1636468941827, 1636468941999, 172, 0, 172, 0, 0, 0
9498, 1, 1636468941915, 1636468942087, 172, 0, 172, 0, 0, 0
9503, 1, 1636468941963, 1636468942135, 172, 0, 172, 0, 0, 0
9507, 1, 1636468942139, 1636468942311, 172, 0, 172, 0, 0, 0
9506, 1, 1636468942139, 1636468942311, 172, 0, 172, 0, 0, 0
9508, 1, 1636468942171, 1636468942343, 172, 0, 172, 0, 0, 0
9509, 1, 1636468942227, 1636468942399, 172, 0, 172, 0, 0, 0
9511, 1, 1636468942335, 1636468942507, 172, 0, 172, 0, 0, 0
9510, 1, 1636468942343, 1636468942515, 172, 0, 172, 0, 0, 0
9512, 1, 1636468942367, 1636468942539, 172, 0, 172, 0, 0, 0
9514, 1, 1636468942383, 1636468942555, 172, 0, 172, 0, 0, 0
9513, 1, 1636468942383, 1636468942558, 175, 0, 175, 0, 0, 0
9515, 1, 1636468942463, 1636468942635, 172, 0, 172, 0, 0, 0
9517, 1, 1636468942471, 1636468942643, 172, 0, 172, 0, 0, 0
9519, 1, 1636468942539, 1636468942711, 172, 0, 172, 0, 0, 0
9521, 1, 1636468942627, 1636468942799, 172, 0, 172, 0, 0, 0
9516, 1, 1636468942731, 1636468942907, 176, 0, 176, 0, 0, 0
9522, 1, 1636468942779, 1636468942955, 176, 0, 176, 0, 0, 0
9520, 1, 1636468942811, 1636468942983, 172, 0, 172, 0, 0, 0
9523, 1, 1636468942927, 1636468943099, 172, 0, 172, 0, 0, 0
9524, 1, 1636468942943, 1636468943115, 172, 0, 172, 0, 0, 0
9525, 1, 1636468942987, 1636468943159, 172, 0, 172, 0, 0, 0
9526, 1, 1636468943038, 1636468943211, 173, 1, 172, 0, 0, 0
9527, 1, 1636468943123, 1636468943299, 176, 0, 176, 0, 0, 0
9528, 1, 1636468943143, 1636468943315, 172, 0, 172, 0, 0, 0
9530, 1, 1636468943175, 1636468943347, 172, 0, 172, 0, 0, 0
9529, 1, 1636468943175, 1636468943347, 172, 0, 172, 0, 0, 0
9531, 1, 1636468943183, 1636468943355, 172, 0, 172, 0, 0, 0
9532, 1, 1636468943195, 1636468943367, 172, 0, 172, 0, 0, 0
9533, 1, 1636468943263, 1636468943435, 172, 0, 172, 0, 0, 0
9535, 1, 1636468943335, 1636468943507, 172, 0, 172, 0, 0, 0
9534, 1, 1636468943335, 1636468943507, 172, 0, 172, 0, 0, 0
9536, 1, 1636468943395, 1636468943571, 176, 0, 176, 0, 0, 0
9538, 1, 1636468943431, 1636468943603, 172, 0, 172, 0, 0, 0
9537, 1, 1636468943459, 1636468943635, 176, 0, 176, 0, 0, 0
9539, 1, 1636468943579, 1636468943751, 172, 0, 172, 0, 0, 0
9540, 1, 1636468943731, 1636468943903, 172, 0, 172, 0, 0, 0
9541, 1, 1636468943747, 1636468943919, 172, 0, 172, 0, 0, 0
9542, 1, 1636468943803, 1636468943975, 172, 0, 172, 0, 0, 0
9543, 1, 1636468943835, 1636468944007, 172, 0, 172, 0, 0, 0
9544, 1, 1636468943915, 1636468944087, 172, 0, 172, 0, 0, 0
9545, 1, 1636468943951, 1636468944123, 172, 0, 172, 0, 0, 0
9546, 1, 1636468943959, 1636468944131, 172, 0, 172, 0, 0, 0
9547, 1, 1636468943967, 1636468944139, 172, 0, 172, 0, 0, 0
9548, 1, 1636468943979, 1636468944151, 172, 0, 172, 0, 0, 0
9549, 1, 1636468943987, 1636468944163, 176, 0, 176, 0, 0, 0
9550, 1, 1636468944047, 1636468944219, 172, 0, 172, 0, 0, 0
9551, 1, 1636468944075, 1636468944255, 180, 0, 180, 0, 0, 0
9553, 1, 1636468944159, 1636468944331, 172, 0, 172, 0, 0, 0
9518, 1, 1636468944183, 1636468944355, 172, 0, 172, 0, 0, 0
9555, 1, 1636468944235, 1636468944407, 172, 0, 172, 0, 0, 0
9554, 1, 1636468944231, 1636468944407, 176, 0, 176, 0, 0, 0
9557, 1, 1636468944387, 1636468944559, 172, 0, 172, 0, 0, 0
9552, 1, 1636468944431, 1636468944607, 176, 0, 176, 0, 0, 0
9558, 1, 1636468944443, 1636468944615, 172, 0, 172, 0, 0, 0
9560, 1, 1636468944551, 1636468944723, 172, 0, 172, 0, 0, 0
9556, 1, 1636468944579, 1636468944751, 172, 0, 172, 0, 0, 0
9559, 1, 1636468944583, 1636468944759, 176, 0, 176, 0, 0, 0
9561, 1, 1636468944607, 1636468944779, 172, 0, 172, 0, 0, 0
9562, 1, 1636468944643, 1636468944815, 172, 0, 172, 0, 0, 0
9563, 1, 1636468944711, 1636468944883, 172, 0, 172, 0, 0, 0
9564, 1, 1636468944747, 1636468944919, 172, 0, 172, 0, 0, 0
9566, 1, 1636468944755, 1636468944927, 172, 0, 172, 0, 0, 0
9565, 1, 1636468944755, 1636468944927, 172, 0, 172, 0, 0, 0
9567, 1, 1636468944783, 1636468944955, 172, 0, 172, 0, 0, 0
9568, 1, 1636468944787, 1636468944959, 172, 0, 172, 0, 0, 0
9570, 1, 1636468944847, 1636468945019, 172, 0, 172, 0, 0, 0
9569, 1, 1636468944927, 1636468945099, 172, 0, 172, 0, 0, 0
9572, 1, 1636468944959, 1636468945131, 172, 0, 172, 0, 0, 0
9573, 1, 1636468945023, 1636468945195, 172, 0, 172, 0, 0, 0
9574, 1, 1636468945023, 1636468945195, 172, 0, 172, 0, 0, 0
9575, 1, 1636468945091, 1636468945263, 172, 0, 172, 0, 0, 0
9576, 1, 1636468945167, 1636468945339, 172, 0, 172, 0, 0, 0
9578, 1, 1636468945199, 1636468945375, 176, 0, 176, 0, 0, 0
9577, 1, 1636468945235, 1636468945411, 176, 0, 176, 0, 0, 0
9571, 1, 1636468945275, 1636468945447, 172, 0, 172, 0, 0, 0
9579, 1, 1636468945339, 1636468945511, 172, 0, 172, 0, 0, 0
9580, 1, 1636468945363, 1636468945535, 172, 0, 172, 0, 0, 0
9581, 1, 1636468945403, 1636468945575, 172, 0, 172, 0, 0, 0
9582, 1, 1636468945443, 1636468945615, 172, 0, 172, 0, 0, 0
9583, 1, 1636468945527, 1636468945703, 176, 0, 176, 0, 0, 0
9584, 1, 1636468945551, 1636468945723, 172, 0, 172, 0, 0, 0
9586, 1, 1636468945571, 1636468945743, 172, 0, 172, 0, 0, 0
9587, 1, 1636468945575, 1636468945747, 172, 0, 172, 0, 0, 0
9589, 1, 1636468945603, 1636468945775, 172, 0, 172, 0, 0, 0
9585, 1, 1636468945619, 1636468945795, 176, 0, 176, 0, 0, 0
9590, 1, 1636468945647, 1636468945823, 176, 0, 176, 0, 0, 0
9591, 1, 1636468945783, 1636468945959, 176, 0, 176, 0, 0, 0
9592, 1, 1636468945827, 1636468945999, 172, 0, 172, 0, 0, 0
9593, 1, 1636468945835, 1636468946007, 172, 0, 172, 0, 0, 0
9594, 1, 1636468945851, 1636468946023, 172, 0, 172, 0, 0, 0
9595, 1, 1636468945923, 1636468946095, 172, 0, 172, 0, 0, 0
9596, 1, 1636468945971, 1636468946143, 172, 0, 172, 0, 0, 0
9588, 1, 1636468945975, 1636468946147, 172, 0, 172, 0, 0, 0
9597, 1, 1636468945982, 1636468946155, 173, 1, 172, 0, 0, 0
9598, 1, 1636468946007, 1636468946179, 172, 0, 172, 0, 0, 0
9599, 1, 1636468946139, 1636468946315, 176, 0, 176, 0, 0, 0
9600, 1, 1636468946163, 1636468946335, 172, 0, 172, 0, 0, 0
9601, 1, 1636468946191, 1636468946363, 172, 0, 172, 0, 0, 0
9602, 1, 1636468946259, 1636468946431, 172, 0, 172, 0, 0, 0
9603, 1, 1636468946343, 1636468946523, 180, 0, 180, 0, 0, 0
9604, 1, 1636468946359, 1636468946531, 172, 0, 172, 0, 0, 0
9605, 1, 1636468946363, 1636468946539, 176, 0, 176, 0, 0, 0
9606, 1, 1636468946383, 1636468946559, 176, 0, 176, 0, 0, 0
9607, 1, 1636468946391, 1636468946567, 176, 0, 176, 0, 0, 0
9608, 1, 1636468946403, 1636468946575, 172, 0, 172, 0, 0, 0
9610, 1, 1636468946599, 1636468946771, 172, 0, 172, 0, 0, 0
9613, 1, 1636468946631, 1636468946803, 172, 0, 172, 0, 0, 0
9612, 1, 1636468946631, 1636468946803, 172, 0, 172, 0, 0, 0
9611, 1, 1636468946639, 1636468946815, 176, 0, 176, 0, 0, 0
9614, 1, 1636468946667, 1636468946839, 172, 0, 172, 0, 0, 0
9615, 1, 1636468946675, 1636468946851, 176, 0, 176, 0, 0, 0
9609, 1, 1636468946711, 1636468946883, 172, 0, 172, 0, 0, 0
9616, 1, 1636468946763, 1636468946935, 172, 0, 172, 0, 0, 0
9617, 1, 1636468946771, 1636468946943, 172, 0, 172, 0, 0, 0
9618, 1, 1636468946811, 1636468946983, 172, 0, 172, 0, 0, 0
9619, 1, 1636468946939, 1636468947111, 172, 0, 172, 0, 0, 0
9620, 1, 1636468946975, 1636468947147, 172, 0, 172, 0, 0, 0
9621, 1, 1636468946991, 1636468947163, 172, 0, 172, 0, 0, 0
9622, 1, 1636468947047, 1636468947223, 176, 0, 176, 0, 0, 0
9623, 1, 1636468947139, 1636468947311, 172, 0, 172, 0, 0, 0
9624, 1, 1636468947163, 1636468947335, 172, 0, 172, 0, 0, 0
9625, 1, 1636468947171, 1636468947347, 176, 0, 176, 0, 0, 0
9626, 1, 1636468947187, 1636468947359, 172, 0, 172, 0, 0, 0
9627, 1, 1636468947199, 1636468947375, 176, 0, 176, 0, 0, 0
9628, 1, 1636468947207, 1636468947383, 176, 0, 176, 0, 0, 0
9629, 1, 1636468947371, 1636468947543, 172, 0, 172, 0, 0, 0
9630, 1, 1636468947375, 1636468947547, 172, 0, 172, 0, 0, 0
9631, 1, 1636468947383, 1636468947554, 171, 0, 171, 0, 0, 0
9632, 1, 1636468947415, 1636468947587, 172, 0, 172, 0, 0, 0
9633, 1, 1636468947431, 1636468947603, 172, 0, 172, 0, 0, 0
9634, 1, 1636468947467, 1636468947643, 176, 0, 176, 0, 0, 0
9635, 1, 1636468947474, 1636468947647, 173, 1, 172, 0, 0, 0
9636, 1, 1636468947567, 1636468947739, 172, 0, 172, 0, 0, 0
9637, 1, 1636468947575, 1636468947747, 172, 0, 172, 0, 0, 0
9638, 1, 1636468947607, 1636468947779, 172, 0, 172, 0, 0, 0
9639, 1, 1636468947735, 1636468947907, 172, 0, 172, 0, 0, 0
9640, 1, 1636468947775, 1636468947947, 172, 0, 172, 0, 0, 0
9641, 1, 1636468947775, 1636468947947, 172, 0, 172, 0, 0, 0
9642, 1, 1636468947859, 1636468948031, 172, 0, 172, 0, 0, 0
9643, 1, 1636468947943, 1636468948115, 172, 0, 172, 0, 0, 0
9644, 1, 1636468947963, 1636468948139, 176, 0, 176, 0, 0, 0
9646, 1, 1636468947979, 1636468948151, 172, 0, 172, 0, 0, 0
9645, 1, 1636468947978, 1636468948151, 173, 1, 172, 1, 0, 1
9647, 1, 1636468947999, 1636468948171, 172, 0, 172, 0, 0, 0
9648, 1, 1636468948003, 1636468948175, 172, 0, 172, 0, 0, 0
9649, 1, 1636468948139, 1636468948311, 172, 0, 172, 0, 0, 0
9650, 1, 1636468948167, 1636468948339, 172, 0, 172, 0, 0, 0
9651, 1, 1636468948171, 1636468948343, 172, 0, 172, 0, 0, 0
9652, 1, 1636468948223, 1636468948399, 176, 0, 176, 0, 0, 0
9653, 1, 1636468948227, 1636468948399, 172, 0, 172, 0, 0, 0
9654, 1, 1636468948283, 1636468948455, 172, 0, 172, 0, 0, 0
9655, 1, 1636468948287, 1636468948459, 172, 0, 172, 0, 0, 0
9656, 1, 1636468948371, 1636468948547, 176, 0, 176, 0, 0, 0
9657, 1, 1636468948383, 1636468948555, 172, 0, 172, 0, 0, 0
9658, 1, 1636468948391, 1636468948563, 172, 0, 172, 0, 0, 0
9659, 1, 1636468948519, 1636468948695, 176, 0, 176, 0, 0, 0
9660, 1, 1636468948579, 1636468948755, 176, 0, 176, 0, 0, 0
9661, 1, 1636468948591, 1636468948763, 172, 0, 172, 0, 0, 0
9662, 1, 1636468948671, 1636468948843, 172, 0, 172, 0, 0, 0
9663, 1, 1636468948751, 1636468948923, 172, 0, 172, 0, 0, 0
9664, 1, 1636468948771, 1636468948943, 172, 0, 172, 0, 0, 0
9665, 1, 1636468948779, 1636468948951, 172, 0, 172, 0, 0, 0
9667, 1, 1636468948807, 1636468948979, 172, 0, 172, 0, 0, 0
9668, 1, 1636468948807, 1636468948979, 172, 0, 172, 0, 0, 0
9666, 1, 1636468948871, 1636468949043, 172, 0, 172, 0, 0, 0
9669, 1, 1636468948935, 1636468949107, 172, 0, 172, 0, 0, 0
9670, 1, 1636468948955, 1636468949127, 172, 0, 172, 0, 0, 0
9671, 1, 1636468948979, 1636468949151, 172, 0, 172, 0, 0, 0
9672, 1, 1636468949015, 1636468949187, 172, 0, 172, 0, 0, 0
9673, 1, 1636468949035, 1636468949207, 172, 0, 172, 0, 0, 0
9674, 1, 1636468949083, 1636468949255, 172, 0, 172, 0, 0, 0
9675, 1, 1636468949091, 1636468949263, 172, 0, 172, 0, 0, 0
9676, 1, 1636468949171, 1636468949343, 172, 0, 172, 0, 0, 0
9678, 1, 1636468949195, 1636468949367, 172, 0, 172, 0, 0, 0
9677, 1, 1636468949195, 1636468949375, 180, 0, 180, 0, 0, 0
9679, 1, 1636468949311, 1636468949483, 172, 0, 172, 0, 0, 0
9680, 1, 1636468949403, 1636468949575, 172, 0, 172, 0, 0, 0
9682, 1, 1636468949475, 1636468949647, 172, 0, 172, 0, 0, 0
9684, 1, 1636468949562, 1636468949735, 173, 1, 172, 0, 0, 0
9683, 1, 1636468949563, 1636468949735, 172, 0, 172, 0, 0, 0
9685, 1, 1636468949567, 1636468949739, 172, 0, 172, 0, 0, 0
9686, 1, 1636468949595, 1636468949771, 176, 0, 176, 0, 0, 0
9687, 1, 1636468949599, 1636468949775, 176, 0, 176, 0, 0, 0
9688, 1, 1636468949611, 1636468949783, 172, 0, 172, 0, 0, 0
9689, 1, 1636468949735, 1636468949907, 172, 0, 172, 0, 0, 0
9681, 1, 1636468949747, 1636468949919, 172, 0, 172, 0, 0, 0
9690, 1, 1636468949763, 1636468949935, 172, 0, 172, 0, 0, 0
9691, 1, 1636468949783, 1636468949955, 172, 0, 172, 0, 0, 0
9692, 1, 1636468949815, 1636468949987, 172, 0, 172, 0, 0, 0
9693, 1, 1636468949843, 1636468950015, 172, 0, 172, 0, 0, 0
9694, 1, 1636468949883, 1636468950055, 172, 0, 172, 0, 0, 0
9695, 1, 1636468949907, 1636468950079, 172, 0, 172, 0, 0, 0
9696, 1, 1636468949971, 1636468950143, 172, 0, 172, 0, 0, 0
9697, 1, 1636468949983, 1636468950155, 172, 0, 172, 0, 0, 0
9698, 1, 1636468949987, 1636468950159, 172, 0, 172, 0, 0, 0
9699, 1, 1636468950103, 1636468950275, 172, 0, 172, 0, 0, 0
9700, 1, 1636468950207, 1636468950379, 172, 0, 172, 0, 0, 0
9701, 1, 1636468950287, 1636468950459, 172, 0, 172, 0, 0, 0
9702, 1, 1636468950355, 1636468950527, 172, 0, 172, 0, 0, 0
9703, 1, 1636468950359, 1636468950531, 172, 0, 172, 0, 0, 0
9704, 1, 1636468950363, 1636468950535, 172, 0, 172, 0, 0, 0
9706, 1, 1636468950391, 1636468950567, 176, 0, 176, 0, 0, 0
9708, 1, 1636468950411, 1636468950583, 172, 0, 172, 0, 0, 0
9707, 1, 1636468950411, 1636468950583, 172, 0, 172, 0, 0, 0
9705, 1, 1636468950419, 1636468950591, 172, 0, 172, 0, 0, 0
9709, 1, 1636468950535, 1636468950707, 172, 0, 172, 0, 0, 0
9711, 1, 1636468950591, 1636468950763, 172, 0, 172, 0, 0, 0
9712, 1, 1636468950603, 1636468950775, 172, 0, 172, 0, 0, 0
9713, 1, 1636468950659, 1636468950831, 172, 0, 172, 0, 0, 0
9714, 1, 1636468950687, 1636468950859, 172, 0, 172, 0, 0, 0
9710, 1, 1636468950699, 1636468950875, 176, 0, 176, 0, 0, 0
9715, 1, 1636468950707, 1636468950883, 176, 0, 176, 0, 0, 0
9716, 1, 1636468950787, 1636468950959, 172, 0, 172, 0, 0, 0
9717, 1, 1636468950795, 1636468950967, 172, 0, 172, 0, 0, 0
9718, 1, 1636468950799, 1636468950975, 176, 0, 176, 0, 0, 0
9719, 1, 1636468950899, 1636468951075, 176, 0, 176, 0, 0, 0
9720, 1, 1636468951007, 1636468951179, 172, 0, 172, 0, 0, 0
9721, 1, 1636468951075, 1636468951246, 171, 0, 171, 0, 0, 0
9722, 1, 1636468951167, 1636468951339, 172, 0, 172, 0, 0, 0
9724, 1, 1636468951171, 1636468951343, 172, 0, 172, 0, 0, 0
9723, 1, 1636468951171, 1636468951343, 172, 0, 172, 0, 0, 0
9725, 1, 1636468951179, 1636468951351, 172, 0, 172, 0, 0, 0
9726, 1, 1636468951183, 1636468951355, 172, 0, 172, 0, 0, 0
9727, 1, 1636468951191, 1636468951363, 172, 0, 172, 0, 0, 0
9728, 1, 1636468951199, 1636468951371, 172, 0, 172, 0, 0, 0
9729, 1, 1636468951347, 1636468951519, 172, 0, 172, 0, 0, 0
9731, 1, 1636468951383, 1636468951555, 172, 0, 172, 0, 0, 0
9730, 1, 1636468951391, 1636468951563, 172, 0, 172, 0, 0, 0
9732, 1, 1636468951403, 1636468951575, 172, 0, 172, 0, 0, 0
9733, 1, 1636468951463, 1636468951635, 172, 0, 172, 0, 0, 0
9734, 1, 1636468951499, 1636468951671, 172, 0, 172, 0, 0, 0
9735, 1, 1636468951515, 1636468951695, 180, 0, 180, 0, 0, 0
9736, 1, 1636468951591, 1636468951763, 172, 0, 172, 0, 0, 0
9737, 1, 1636468951599, 1636468951775, 176, 0, 176, 0, 0, 0
9738, 1, 1636468951611, 1636468951783, 172, 0, 172, 0, 0, 0
9739, 1, 1636468951687, 1636468951863, 176, 0, 176, 0, 0, 0
9740, 1, 1636468951803, 1636468951975, 172, 0, 172, 0, 0, 0
9741, 1, 1636468951875, 1636468952047, 172, 0, 172, 0, 0, 0
9742, 1, 1636468951955, 1636468952127, 172, 0, 172, 0, 0, 0
9744, 1, 1636468951979, 1636468952151, 172, 0, 172, 0, 0, 0
9745, 1, 1636468951975, 1636468952151, 176, 0, 176, 0, 0, 0
9743, 1, 1636468951975, 1636468952151, 176, 0, 176, 0, 0, 0
9746, 1, 1636468951979, 1636468952155, 176, 0, 176, 0, 0, 0
9747, 1, 1636468952011, 1636468952183, 172, 0, 172, 0, 0, 0
9748, 1, 1636468952023, 1636468952195, 172, 0, 172, 0, 0, 0
9749, 1, 1636468952139, 1636468952311, 172, 0, 172, 0, 0, 0
9750, 1, 1636468952159, 1636468952331, 172, 0, 172, 0, 0, 0
9752, 1, 1636468952187, 1636468952359, 172, 0, 172, 0, 0, 0
9751, 1, 1636468952187, 1636468952359, 172, 0, 172, 0, 0, 0
9753, 1, 1636468952251, 1636468952423, 172, 0, 172, 0, 0, 0
9754, 1, 1636468952287, 1636468952459, 172, 0, 172, 0, 0, 0
9755, 1, 1636468952327, 1636468952499, 172, 0, 172, 0, 0, 0
9756, 1, 1636468952391, 1636468952563, 172, 0, 172, 0, 0, 0
9758, 1, 1636468952395, 1636468952567, 172, 0, 172, 0, 0, 0
9757, 1, 1636468952395, 1636468952567, 172, 0, 172, 0, 0, 0
9759, 1, 1636468952471, 1636468952647, 176, 0, 176, 0, 0, 0
9760, 1, 1636468952587, 1636468952759, 172, 0, 172, 0, 0, 0
9761, 1, 1636468952687, 1636468952859, 172, 0, 172, 0, 0, 0
9762, 1, 1636468952767, 1636468952939, 172, 0, 172, 0, 0, 0
9763, 1, 1636468952775, 1636468952947, 172, 0, 172, 0, 0, 0
9764, 1, 1636468952775, 1636468952947, 172, 0, 172, 0, 0, 0
9765, 1, 1636468952791, 1636468952963, 172, 0, 172, 0, 0, 0
9767, 1, 1636468952791, 1636468952963, 172, 0, 172, 0, 0, 0
9766, 1, 1636468952791, 1636468952971, 180, 0, 180, 0, 0, 0
9768, 1, 1636468952819, 1636468952991, 172, 0, 172, 0, 0, 0
9769, 1, 1636468952947, 1636468953119, 172, 0, 172, 0, 0, 0
9770, 1, 1636468952955, 1636468953127, 172, 0, 172, 0, 0, 0
9771, 1, 1636468952975, 1636468953150, 175, 0, 175, 0, 0, 0
9772, 1, 1636468952991, 1636468953167, 176, 0, 176, 0, 0, 0
9773, 1, 1636468953055, 1636468953227, 172, 0, 172, 0, 0, 0
9774, 1, 1636468953099, 1636468953271, 172, 0, 172, 0, 0, 0
9776, 1, 1636468953183, 1636468953359, 176, 0, 176, 0, 0, 0
9777, 1, 1636468953187, 1636468953359, 172, 0, 172, 0, 0, 0
9778, 1, 1636468953199, 1636468953375, 176, 0, 176, 0, 0, 0
9779, 1, 1636468953267, 1636468953443, 176, 0, 176, 0, 0, 0
9780, 1, 1636468953395, 1636468953567, 172, 0, 172, 0, 0, 0
9775, 1, 1636468953447, 1636468953619, 172, 0, 172, 0, 0, 0
9781, 1, 1636468953495, 1636468953667, 172, 0, 172, 0, 0, 0
9782, 1, 1636468953563, 1636468953735, 172, 0, 172, 0, 0, 0
9783, 1, 1636468953571, 1636468953743, 172, 0, 172, 0, 0, 0
9784, 1, 1636468953591, 1636468953763, 172, 0, 172, 0, 0, 0
9785, 1, 1636468953599, 1636468953771, 172, 0, 172, 0, 0, 0
9786, 1, 1636468953607, 1636468953783, 176, 0, 176, 0, 0, 0
9787, 1, 1636468953615, 1636468953787, 172, 0, 172, 0, 0, 0
9788, 1, 1636468953631, 1636468953803, 172, 0, 172, 0, 0, 0
9789, 1, 1636468953755, 1636468953927, 172, 0, 172, 0, 0, 0
9790, 1, 1636468953763, 1636468953935, 172, 0, 172, 0, 0, 0
9791, 1, 1636468953783, 1636468953955, 172, 0, 172, 0, 0, 0
9792, 1, 1636468953791, 1636468953963, 172, 0, 172, 0, 0, 0
9793, 1, 1636468953871, 1636468954043, 172, 0, 172, 0, 0, 0
9794, 1, 1636468953911, 1636468954083, 172, 0, 172, 0, 0, 0
9795, 1, 1636468953999, 1636468954171, 172, 0, 172, 0, 0, 0
9796, 1, 1636468954003, 1636468954175, 172, 0, 172, 0, 0, 0
9797, 1, 1636468954011, 1636468954183, 172, 0, 172, 0, 0, 0
9799, 1, 1636468954071, 1636468954243, 172, 0, 172, 0, 0, 0
9798, 1, 1636468954103, 1636468954275, 172, 0, 172, 0, 0, 0
9800, 1, 1636468954187, 1636468954359, 172, 0, 172, 0, 0, 0
9801, 1, 1636468954291, 1636468954463, 172, 0, 172, 0, 0, 0
9802, 1, 1636468954355, 1636468954531, 176, 0, 176, 0, 0, 0
9803, 1, 1636468954367, 1636468954539, 172, 0, 172, 0, 0, 0
9804, 1, 1636468954379, 1636468954551, 172, 0, 172, 0, 0, 0
9805, 1, 1636468954383, 1636468954559, 176, 0, 176, 0, 0, 0
9806, 1, 1636468954391, 1636468954563, 172, 0, 172, 0, 0, 0
9807, 1, 1636468954399, 1636468954575, 176, 0, 176, 0, 0, 0
9808, 1, 1636468954431, 1636468954611, 180, 0, 180, 0, 0, 0
9809, 1, 1636468954559, 1636468954731, 172, 0, 172, 0, 0, 0
9810, 1, 1636468954563, 1636468954739, 176, 0, 176, 0, 0, 0
9811, 1, 1636468954575, 1636468954747, 172, 0, 172, 0, 0, 0
9812, 1, 1636468954583, 1636468954759, 176, 0, 176, 0, 0, 0
9813, 1, 1636468954675, 1636468954847, 172, 0, 172, 0, 0, 0
9814, 1, 1636468954711, 1636468954887, 176, 0, 176, 0, 0, 0
9816, 1, 1636468954811, 1636468954983, 172, 0, 172, 0, 0, 0
9815, 1, 1636468954811, 1636468954983, 172, 0, 172, 0, 0, 0
9817, 1, 1636468954823, 1636468954995, 172, 0, 172, 0, 0, 0
9818, 1, 1636468954859, 1636468955031, 172, 0, 172, 0, 0, 0
9819, 1, 1636468954871, 1636468955043, 172, 0, 172, 0, 0, 0
9820, 1, 1636468955007, 1636468955179, 172, 0, 172, 0, 0, 0
9821, 1, 1636468955091, 1636468955263, 172, 0, 172, 0, 0, 0
9822, 1, 1636468955159, 1636468955331, 172, 0, 172, 0, 0, 0
9823, 1, 1636468955167, 1636468955339, 172, 0, 172, 0, 0, 0
9825, 1, 1636468955187, 1636468955359, 172, 0, 172, 0, 0, 0
9824, 1, 1636468955187, 1636468955359, 172, 0, 172, 0, 0, 0
9826, 1, 1636468955199, 1636468955371, 172, 0, 172, 0, 0, 0
9827, 1, 1636468955203, 1636468955375, 172, 0, 172, 0, 0, 0
9828, 1, 1636468955223, 1636468955395, 172, 0, 172, 0, 0, 0
9829, 1, 1636468955355, 1636468955527, 172, 0, 172, 0, 0, 0
9830, 1, 1636468955379, 1636468955551, 172, 0, 172, 0, 0, 0
9831, 1, 1636468955383, 1636468955555, 172, 0, 172, 0, 0, 0
9832, 1, 1636468955391, 1636468955567, 176, 0, 176, 0, 0, 0
9833, 1, 1636468955471, 1636468955643, 172, 0, 172, 0, 0, 0
9834, 1, 1636468955499, 1636468955671, 172, 0, 172, 0, 0, 0
9835, 1, 1636468955607, 1636468955779, 172, 0, 172, 0, 0, 0
9836, 1, 1636468955623, 1636468955799, 176, 0, 176, 0, 0, 0
9837, 1, 1636468955627, 1636468955799, 172, 0, 172, 0, 0, 0
9838, 1, 1636468955655, 1636468955827, 172, 0, 172, 0, 0, 0
9839, 1, 1636468955663, 1636468955835, 172, 0, 172, 0, 0, 0
9840, 1, 1636468955807, 1636468955979, 172, 0, 172, 0, 0, 0
9841, 1, 1636468955883, 1636468956055, 172, 0, 172, 0, 0, 0
9842, 1, 1636468955951, 1636468956123, 172, 0, 172, 0, 0, 0
9843, 1, 1636468955963, 1636468956135, 172, 0, 172, 0, 0, 0
9844, 1, 1636468955975, 1636468956147, 172, 0, 172, 0, 0, 0
9845, 1, 1636468955987, 1636468956159, 172, 0, 172, 0, 0, 0
9846, 1, 1636468956007, 1636468956179, 172, 0, 172, 0, 0, 0
9847, 1, 1636468956011, 1636468956183, 172, 0, 172, 0, 0, 0
9848, 1, 1636468956039, 1636468956211, 172, 0, 172, 0, 0, 0
9849, 1, 1636468956167, 1636468956339, 172, 0, 172, 0, 0, 0
9850, 1, 1636468956171, 1636468956343, 172, 0, 172, 0, 0, 0
9851, 1, 1636468956195, 1636468956367, 172, 0, 172, 0, 0, 0
9852, 1, 1636468956203, 1636468956375, 172, 0, 172, 0, 0, 0
9853, 1, 1636468956267, 1636468956439, 172, 0, 172, 0, 0, 0
9854, 1, 1636468956299, 1636468956471, 172, 0, 172, 0, 0, 0
9855, 1, 1636468956399, 1636468956571, 172, 0, 172, 0, 0, 0
9856, 1, 1636468956419, 1636468956595, 176, 0, 176, 0, 0, 0
9857, 1, 1636468956427, 1636468956603, 176, 0, 176, 0, 0, 0
9859, 1, 1636468956459, 1636468956631, 172, 0, 172, 0, 0, 0
9860, 1, 1636468956599, 1636468956771, 172, 0, 172, 0, 0, 0
9861, 1, 1636468956679, 1636468956851, 172, 0, 172, 0, 0, 0
9862, 1, 1636468956759, 1636468956931, 172, 0, 172, 0, 0, 0
9863, 1, 1636468956767, 1636468956939, 172, 0, 172, 0, 0, 0
9858, 1, 1636468956775, 1636468956947, 172, 0, 172, 0, 0, 0
9864, 1, 1636468956787, 1636468956959, 172, 0, 172, 0, 0, 0
9865, 1, 1636468956795, 1636468956971, 176, 0, 176, 0, 0, 0
9867, 1, 1636468956823, 1636468956995, 172, 0, 172, 0, 0, 0
9866, 1, 1636468956823, 1636468956995, 172, 0, 172, 0, 0, 0
9868, 1, 1636468956851, 1636468957023, 172, 0, 172, 0, 0, 0
9870, 1, 1636468956967, 1636468957139, 172, 0, 172, 0, 0, 0
9869, 1, 1636468956971, 1636468957147, 176, 0, 176, 0, 0, 0
9871, 1, 1636468956987, 1636468957163, 176, 0, 176, 0, 0, 0
9872, 1, 1636468957007, 1636468957187, 180, 0, 180, 0, 0, 0
9873, 1, 1636468957055, 1636468957227, 172, 0, 172, 0, 0, 0
9874, 1, 1636468957115, 1636468957287, 172, 0, 172, 0, 0, 0
9875, 1, 1636468957191, 1636468957363, 172, 0, 172, 0, 0, 0
9876, 1, 1636468957215, 1636468957387, 172, 0, 172, 0, 0, 0
9877, 1, 1636468957227, 1636468957399, 172, 0, 172, 0, 0, 0
9880, 1, 1636468957399, 1636468957571, 172, 0, 172, 0, 0, 0
9879, 1, 1636468957431, 1636468957603, 172, 0, 172, 0, 0, 0
9878, 1, 1636468957459, 1636468957631, 172, 0, 172, 0, 0, 0
9881, 1, 1636468957491, 1636468957663, 172, 0, 172, 0, 0, 0
9882, 1, 1636468957547, 1636468957719, 172, 0, 172, 0, 0, 0
9883, 1, 1636468957571, 1636468957743, 172, 0, 172, 0, 0, 0
9884, 1, 1636468957575, 1636468957751, 176, 0, 176, 0, 0, 0
9885, 1, 1636468957587, 1636468957759, 172, 0, 172, 0, 0, 0
9886, 1, 1636468957611, 1636468957787, 176, 0, 176, 0, 0, 0
9887, 1, 1636468957615, 1636468957791, 176, 0, 176, 0, 0, 0
9888, 1, 1636468957663, 1636468957835, 172, 0, 172, 0, 0, 0
9889, 1, 1636468957751, 1636468957923, 172, 0, 172, 0, 0, 0
9890, 1, 1636468957783, 1636468957955, 172, 0, 172, 0, 0, 0
9891, 1, 1636468957807, 1636468957979, 172, 0, 172, 0, 0, 0
9892, 1, 1636468957811, 1636468957983, 172, 0, 172, 0, 0, 0
9893, 1, 1636468957851, 1636468958027, 176, 0, 176, 0, 0, 0
9894, 1, 1636468957931, 1636468958103, 172, 0, 172, 0, 0, 0
9895, 1, 1636468957979, 1636468958151, 172, 0, 172, 0, 0, 0
9896, 1, 1636468958019, 1636468958195, 176, 0, 176, 0, 0, 0
9897, 1, 1636468958027, 1636468958203, 176, 0, 176, 0, 0, 0
9898, 1, 1636468958115, 1636468958295, 180, 0, 180, 0, 0, 0
9899, 1, 1636468958207, 1636468958379, 172, 0, 172, 0, 0, 0
9900, 1, 1636468958279, 1636468958451, 172, 0, 172, 0, 0, 0
9901, 1, 1636468958287, 1636468958459, 172, 0, 172, 0, 0, 0
9902, 1, 1636468958335, 1636468958511, 176, 0, 176, 0, 0, 0
9903, 1, 1636468958367, 1636468958539, 172, 0, 172, 0, 0, 0
9905, 1, 1636468958391, 1636468958563, 172, 0, 172, 0, 0, 0
9904, 1, 1636468958391, 1636468958567, 176, 0, 176, 0, 0, 0
9906, 1, 1636468958419, 1636468958591, 172, 0, 172, 0, 0, 0
9907, 1, 1636468958431, 1636468958603, 172, 0, 172, 0, 0, 0
9908, 1, 1636468958463, 1636468958635, 172, 0, 172, 0, 0, 0
9909, 1, 1636468958543, 1636468958715, 172, 0, 172, 0, 0, 0
9911, 1, 1636468958607, 1636468958779, 172, 0, 172, 0, 0, 0
9912, 1, 1636468958615, 1636468958787, 172, 0, 172, 0, 0, 0
9910, 1, 1636468958631, 1636468958803, 172, 0, 172, 0, 0, 0
9913, 1, 1636468958667, 1636468958839, 172, 0, 172, 0, 0, 0
9914, 1, 1636468958719, 1636468958891, 172, 0, 172, 0, 0, 0
9915, 1, 1636468958779, 1636468958951, 172, 0, 172, 0, 0, 0
9917, 1, 1636468958831, 1636468959007, 176, 0, 176, 0, 0, 0
9918, 1, 1636468958863, 1636468959035, 172, 0, 172, 0, 0, 0
9916, 1, 1636468958887, 1636468959059, 172, 0, 172, 0, 0, 0
9919, 1, 1636468958991, 1636468959163, 172, 0, 172, 0, 0, 0
9920, 1, 1636468959007, 1636468959187, 180, 0, 180, 0, 0, 0
9921, 1, 1636468959087, 1636468959259, 172, 0, 172, 0, 0, 0
9922, 1, 1636468959135, 1636468959311, 176, 0, 176, 0, 0, 0
9923, 1, 1636468959175, 1636468959347, 172, 0, 172, 0, 0, 0
9924, 1, 1636468959187, 1636468959363, 176, 0, 176, 0, 0, 0
9926, 1, 1636468959203, 1636468959375, 172, 0, 172, 0, 0, 0
9927, 1, 1636468959235, 1636468959407, 172, 0, 172, 0, 0, 0
9928, 1, 1636468959259, 1636468959431, 172, 0, 172, 0, 0, 0
9929, 1, 1636468959343, 1636468959515, 172, 0, 172, 0, 0, 0
9930, 1, 1636468959379, 1636468959555, 176, 0, 176, 0, 0, 0
9931, 1, 1636468959403, 1636468959575, 172, 0, 172, 0, 0, 0
9932, 1, 1636468959407, 1636468959579, 172, 0, 172, 0, 0, 0
9925, 1, 1636468959431, 1636468959603, 172, 0, 172, 0, 0, 0
9933, 1, 1636468959463, 1636468959643, 180, 0, 180, 0, 0, 0
9934, 1, 1636468959527, 1636468959699, 172, 0, 172, 0, 0, 0
9935, 1, 1636468959571, 1636468959743, 172, 0, 172, 0, 0, 0
9936, 1, 1636468959615, 1636468959787, 172, 0, 172, 0, 0, 0
9938, 1, 1636468959667, 1636468959839, 172, 0, 172, 0, 0, 0
9939, 1, 1636468959803, 1636468959975, 172, 0, 172, 0, 0, 0
9940, 1, 1636468959819, 1636468959991, 172, 0, 172, 0, 0, 0
9937, 1, 1636468959815, 1636468959991, 176, 0, 176, 0, 0, 0
9941, 1, 1636468959899, 1636468960071, 172, 0, 172, 0, 0, 0
9942, 1, 1636468959923, 1636468960095, 172, 0, 172, 0, 0, 0
9943, 1, 1636468959958, 1636468960131, 173, 1, 172, 0, 0, 0
9944, 1, 1636468959986, 1636468960159, 173, 0, 173, 0, 0, 0
9945, 1, 1636468960002, 1636468960175, 173, 0, 173, 0, 0, 0
9947, 1, 1636468960038, 1636468960210, 172, 1, 171, 0, 0, 0
9948, 1, 1636468960046, 1636468960218, 172, 0, 172, 0, 0, 0
9949, 1, 1636468960131, 1636468960303, 172, 0, 172, 0, 0, 0
9951, 1, 1636468960207, 1636468960379, 172, 0, 172, 0, 0, 0
9952, 1, 1636468960218, 1636468960391, 173, 1, 172, 0, 1, 1
9950, 1, 1636468960250, 1636468960423, 173, 1, 172, 0, 0, 0
9953, 1, 1636468960250, 1636468960423, 173, 1, 172, 1, 0, 1
9954, 1, 1636468960327, 1636468960503, 176, 0, 176, 0, 0, 0
9955, 1, 1636468960367, 1636468960543, 176, 0, 176, 0, 0, 0
9946, 1, 1636468960395, 1636468960571, 176, 0, 176, 0, 0, 0
9956, 1, 1636468960435, 1636468960607, 172, 0, 172, 0, 0, 0
9958, 1, 1636468960455, 1636468960631, 176, 0, 176, 0, 0, 0
9957, 1, 1636468960491, 1636468960663, 172, 0, 172, 0, 0, 0
9959, 1, 1636468960591, 1636468960763, 172, 0, 172, 0, 0, 0
9960, 1, 1636468960611, 1636468960783, 172, 0, 172, 0, 0, 0
9961, 1, 1636468960695, 1636468960871, 176, 0, 176, 0, 0, 0
9962, 1, 1636468960743, 1636468960915, 172, 0, 172, 0, 0, 0
9963, 1, 1636468960775, 1636468960951, 176, 0, 176, 0, 0, 0
9964, 1, 1636468960787, 1636468960963, 176, 0, 176, 0, 0, 0
9965, 1, 1636468960815, 1636468960987, 172, 0, 172, 0, 0, 0
9966, 1, 1636468960843, 1636468961015, 172, 0, 172, 0, 0, 0
9967, 1, 1636468960851, 1636468961023, 172, 0, 172, 0, 0, 0
9968, 1, 1636468960931, 1636468961103, 172, 0, 172, 0, 0, 0
9969, 1, 1636468960975, 1636468961147, 172, 0, 172, 0, 0, 0
9970, 1, 1636468961003, 1636468961175, 172, 0, 172, 0, 0, 0
9972, 1, 1636468961039, 1636468961211, 172, 0, 172, 0, 0, 0
9971, 1, 1636468961059, 1636468961231, 172, 0, 172, 0, 0, 0
9973, 1, 1636468961063, 1636468961235, 172, 0, 172, 0, 0, 0
9974, 1, 1636468961127, 1636468961299, 172, 0, 172, 0, 0, 0
9975, 1, 1636468961155, 1636468961327, 172, 0, 172, 0, 0, 0
9976, 1, 1636468961231, 1636468961403, 172, 0, 172, 0, 0, 0
9978, 1, 1636468961271, 1636468961443, 172, 0, 172, 0, 0, 0
9979, 1, 1636468961395, 1636468961567, 172, 0, 172, 0, 0, 0
9980, 1, 1636468961403, 1636468961579, 176, 0, 176, 0, 0, 0
9977, 1, 1636468961407, 1636468961579, 172, 0, 172, 0, 0, 0
9981, 1, 1636468961479, 1636468961655, 176, 0, 176, 0, 0, 0
9982, 1, 1636468961547, 1636468961723, 176, 0, 176, 0, 0, 0
9983, 1, 1636468961559, 1636468961735, 176, 0, 176, 0, 0, 0
9984, 1, 1636468961599, 1636468961771, 172, 0, 172, 0, 0, 0
9985, 1, 1636468961611, 1636468961783, 172, 0, 172, 0, 0, 0
9986, 1, 1636468961635, 1636468961811, 176, 0, 176, 0, 0, 0
9987, 1, 1636468961655, 1636468961827, 172, 0, 172, 0, 0, 0
9988, 1, 1636468961718, 1636468961891, 173, 1, 172, 0, 0, 0
9989, 1, 1636468961775, 1636468961951, 176, 0, 176, 0, 0, 0
9990, 1, 1636468961811, 1636468961982, 171, 0, 171, 0, 0, 0
9991, 1, 1636468961819, 1636468961991, 172, 0, 172, 0, 0, 0
9992, 1, 1636468961831, 1636468962003, 172, 0, 172, 0, 0, 0
9993, 1, 1636468961851, 1636468962023, 172, 0, 172, 0, 0, 0
9994, 1, 1636468961915, 1636468962087, 172, 0, 172, 0, 0, 0
9995, 1, 1636468961939, 1636468962111, 172, 0, 172, 0, 0, 0
9997, 1, 1636468962051, 1636468962223, 172, 0, 172, 0, 0, 0
9998, 1, 1636468962079, 1636468962251, 172, 0, 172, 0, 0, 0
9996, 1, 1636468962087, 1636468962259, 172, 0, 172, 0, 0, 0
9999, 1, 1636468962191, 1636468962363, 172, 0, 172, 0, 0, 0
10000, 1, 1636468962207, 1636468962383, 176, 0, 176, 0, 0, 0
10001, 1, 1636468962271, 1636468962451, 180, 0, 180, 0, 0, 0
10002, 1, 1636468962343, 1636468962515, 172, 0, 172, 0, 0, 0
10004, 1, 1636468962391, 1636468962563, 172, 0, 172, 0, 0, 0
10003, 1, 1636468962391, 1636468962563, 172, 0, 172, 0, 0, 0
10005, 1, 1636468962407, 1636468962579, 172, 0, 172, 0, 0, 0
10006, 1, 1636468962447, 1636468962619, 172, 0, 172, 0, 0, 0
10007, 1, 1636468962451, 1636468962623, 172, 0, 172, 0, 0, 0
10008, 1, 1636468962511, 1636468962683, 172, 0, 172, 0, 0, 0
10009, 1, 1636468962587, 1636468962763, 176, 0, 176, 0, 0, 0
10010, 1, 1636468962619, 1636468962795, 176, 0, 176, 0, 0, 0
10011, 1, 1636468962619, 1636468962795, 176, 0, 176, 0, 0, 0
10012, 1, 1636468962623, 1636468962803, 180, 0, 180, 0, 0, 0
10013, 1, 1636468962639, 1636468962815, 176, 0, 176, 0, 0, 0
10014, 1, 1636468962727, 1636468962903, 176, 0, 176, 0, 0, 0
10015, 1, 1636468962739, 1636468962915, 176, 0, 176, 0, 0, 0
10016, 1, 1636468962839, 1636468963011, 172, 0, 172, 0, 0, 0
10017, 1, 1636468962863, 1636468963035, 172, 0, 172, 0, 0, 0
10018, 1, 1636468962879, 1636468963051, 172, 0, 172, 0, 0, 0
10019, 1, 1636468962999, 1636468963171, 172, 0, 172, 0, 0, 0
10020, 1, 1636468962999, 1636468963171, 172, 0, 172, 0, 0, 0
10021, 1, 1636468963079, 1636468963251, 172, 0, 172, 0, 0, 0
10022, 1, 1636468963155, 1636468963327, 172, 0, 172, 0, 0, 0
10023, 1, 1636468963179, 1636468963351, 172, 0, 172, 0, 0, 0
10025, 1, 1636468963195, 1636468963367, 172, 0, 172, 0, 0, 0
10024, 1, 1636468963195, 1636468963367, 172, 0, 172, 0, 0, 0
10027, 1, 1636468963259, 1636468963435, 176, 0, 176, 0, 0, 0
10028, 1, 1636468963291, 1636468963463, 172, 0, 172, 0, 0, 0
10029, 1, 1636468963387, 1636468963563, 176, 0, 176, 0, 0, 0
10030, 1, 1636468963399, 1636468963575, 176, 0, 176, 0, 0, 0
10031, 1, 1636468963407, 1636468963587, 180, 0, 180, 0, 0, 0
10032, 1, 1636468963415, 1636468963591, 176, 0, 176, 0, 0, 0
10033, 1, 1636468963423, 1636468963595, 172, 0, 172, 0, 0, 0
10026, 1, 1636468963499, 1636468963671, 172, 0, 172, 0, 0, 0
10034, 1, 1636468963535, 1636468963707, 172, 0, 172, 0, 0, 0
10035, 1, 1636468963539, 1636468963711, 172, 0, 172, 0, 0, 0
10037, 1, 1636468963651, 1636468963823, 172, 0, 172, 0, 0, 0
10036, 1, 1636468963651, 1636468963823, 172, 0, 172, 0, 0, 0
10039, 1, 1636468963795, 1636468963967, 172, 0, 172, 0, 0, 0
10040, 1, 1636468963799, 1636468963975, 176, 0, 176, 0, 0, 0
10038, 1, 1636468963847, 1636468964019, 172, 0, 172, 0, 0, 0
10041, 1, 1636468963883, 1636468964055, 172, 0, 172, 0, 0, 0
10042, 1, 1636468963963, 1636468964135, 172, 0, 172, 0, 0, 0
10043, 1, 1636468963983, 1636468964155, 172, 0, 172, 0, 0, 0
10044, 1, 1636468963995, 1636468964171, 176, 0, 176, 0, 0, 0
10045, 1, 1636468964011, 1636468964183, 172, 0, 172, 0, 0, 0
10046, 1, 1636468964067, 1636468964239, 172, 0, 172, 0, 0, 0
10047, 1, 1636468964091, 1636468964263, 172, 0, 172, 0, 0, 0
10048, 1, 1636468964155, 1636468964327, 172, 0, 172, 0, 0, 0
10049, 1, 1636468964195, 1636468964367, 172, 0, 172, 0, 0, 0
10051, 1, 1636468964211, 1636468964383, 172, 0, 172, 0, 0, 0
10052, 1, 1636468964214, 1636468964387, 173, 1, 172, 0, 0, 0
10053, 1, 1636468964235, 1636468964407, 172, 0, 172, 0, 0, 0
10054, 1, 1636468964319, 1636468964491, 172, 0, 172, 0, 0, 0
10055, 1, 1636468964347, 1636468964523, 176, 0, 176, 0, 0, 0
10057, 1, 1636468964451, 1636468964623, 172, 0, 172, 0, 0, 0
10056, 1, 1636468964443, 1636468964623, 180, 0, 180, 0, 0, 0
10050, 1, 1636468964503, 1636468964675, 172, 0, 172, 0, 0, 0
10058, 1, 1636468964539, 1636468964711, 172, 0, 172, 0, 0, 0
10059, 1, 1636468964599, 1636468964775, 176, 0, 176, 0, 0, 0
10060, 1, 1636468964599, 1636468964775, 176, 0, 176, 0, 0, 0
10061, 1, 1636468964707, 1636468964879, 172, 0, 172, 0, 0, 0
10062, 1, 1636468964755, 1636468964927, 172, 0, 172, 0, 0, 0
10063, 1, 1636468964779, 1636468964951, 172, 0, 172, 0, 0, 0
10064, 1, 1636468964787, 1636468964959, 172, 0, 172, 0, 0, 0
10065, 1, 1636468964802, 1636468964975, 173, 1, 172, 0, 0, 0
10066, 1, 1636468964867, 1636468965039, 172, 0, 172, 0, 0, 0
10068, 1, 1636468964903, 1636468965075, 172, 0, 172, 0, 0, 0
10069, 1, 1636468964975, 1636468965147, 172, 0, 172, 0, 0, 0
10070, 1, 1636468965015, 1636468965187, 172, 0, 172, 0, 0, 0
10071, 1, 1636468965023, 1636468965195, 172, 0, 172, 0, 0, 0
10072, 1, 1636468965027, 1636468965199, 172, 0, 172, 0, 0, 0
10073, 1, 1636468965107, 1636468965279, 172, 0, 172, 0, 0, 0
10067, 1, 1636468965151, 1636468965323, 172, 0, 172, 0, 0, 0
10075, 1, 1636468965151, 1636468965323, 172, 0, 172, 0, 0, 0
10074, 1, 1636468965155, 1636468965327, 172, 0, 172, 0, 0, 0
10076, 1, 1636468965231, 1636468965403, 172, 0, 172, 0, 0, 0
10077, 1, 1636468965263, 1636468965435, 172, 0, 172, 0, 0, 0
10078, 1, 1636468965287, 1636468965459, 172, 0, 172, 0, 0, 0
10079, 1, 1636468965391, 1636468965563, 172, 0, 172, 0, 0, 0
10080, 1, 1636468965391, 1636468965563, 172, 0, 172, 0, 0, 0
10081, 1, 1636468965487, 1636468965659, 172, 0, 172, 0, 0, 0
10082, 1, 1636468965563, 1636468965739, 176, 0, 176, 0, 0, 0
10083, 1, 1636468965567, 1636468965739, 172, 0, 172, 0, 0, 0
10084, 1, 1636468965595, 1636468965769, 174, 0, 174, 0, 0, 0
10085, 1, 1636468965603, 1636468965779, 176, 0, 176, 0, 0, 0
10086, 1, 1636468965663, 1636468965839, 176, 0, 176, 0, 0, 0
10087, 1, 1636468965691, 1636468965871, 180, 0, 180, 0, 0, 0
10089, 1, 1636468965769, 1636468965943, 174, 1, 173, 0, 0, 0
10088, 1, 1636468965815, 1636468965987, 172, 0, 172, 0, 0, 0
10090, 1, 1636468965815, 1636468965987, 172, 0, 172, 0, 0, 0
10092, 1, 1636468965835, 1636468966011, 176, 0, 176, 0, 0, 0
10091, 1, 1636468965835, 1636468966011, 176, 0, 176, 0, 0, 0
10093, 1, 1636468965911, 1636468966083, 172, 0, 172, 0, 0, 0
10094, 1, 1636468965935, 1636468966111, 176, 0, 176, 0, 0, 0
10095, 1, 1636468965947, 1636468966123, 176, 0, 176, 0, 0, 0
10096, 1, 1636468966047, 1636468966219, 172, 0, 172, 0, 0, 0
10098, 1, 1636468966107, 1636468966283, 176, 0, 176, 0, 0, 0
10099, 1, 1636468966179, 1636468966359, 180, 0, 180, 0, 0, 0
10097, 1, 1636468966187, 1636468966363, 176, 0, 176, 0, 0, 0
10100, 1, 1636468966199, 1636468966370, 171, 0, 171, 0, 0, 0
10101, 1, 1636468966304, 1636468966475, 171, 0, 171, 0, 0, 0
10103, 1, 1636468966362, 1636468966535, 173, 1, 172, 1, 0, 1
10102, 1, 1636468966366, 1636468966543, 177, 1, 176, 0, 0, 0
10104, 1, 1636468966390, 1636468966563, 173, 1, 172, 0, 1, 1
10105, 1, 1636468966418, 1636468966591, 173, 0, 173, 0, 0, 0
10106, 1, 1636468966451, 1636468966623, 172, 0, 172, 0, 0, 0
10108, 1, 1636468966555, 1636468966727, 172, 0, 172, 0, 0, 0
10109, 1, 1636468966555, 1636468966727, 172, 0, 172, 0, 0, 0
10110, 1, 1636468966595, 1636468966767, 172, 0, 172, 0, 0, 0
10111, 1, 1636468966611, 1636468966783, 172, 0, 172, 0, 0, 0
10112, 1, 1636468966619, 1636468966791, 172, 0, 172, 0, 0, 0
10113, 1, 1636468966691, 1636468966863, 172, 0, 172, 0, 0, 0
10114, 1, 1636468966715, 1636468966887, 172, 0, 172, 0, 0, 0
10115, 1, 1636468966755, 1636468966927, 172, 0, 172, 0, 0, 0
10107, 1, 1636468966795, 1636468966967, 172, 0, 172, 0, 0, 0
10116, 1, 1636468966835, 1636468967007, 172, 0, 172, 0, 0, 0
10117, 1, 1636468966867, 1636468967039, 172, 0, 172, 0, 0, 0
10118, 1, 1636468966891, 1636468967063, 172, 0, 172, 0, 0, 0
10119, 1, 1636468966963, 1636468967135, 172, 0, 172, 0, 0, 0
10120, 1, 1636468967007, 1636468967179, 172, 0, 172, 0, 0, 0
10121, 1, 1636468967083, 1636468967255, 172, 0, 172, 0, 0, 0
10123, 1, 1636468967171, 1636468967343, 172, 0, 172, 0, 0, 0
10122, 1, 1636468967171, 1636468967343, 172, 0, 172, 0, 0, 0
10125, 1, 1636468967203, 1636468967375, 172, 0, 172, 0, 0, 0
10126, 1, 1636468967247, 1636468967419, 172, 0, 172, 0, 0, 0
10124, 1, 1636468967311, 1636468967483, 172, 0, 172, 0, 0, 0
10127, 1, 1636468967343, 1636468967519, 176, 0, 176, 0, 0, 0
10128, 1, 1636468967363, 1636468967535, 172, 0, 172, 0, 0, 0
10130, 1, 1636468967411, 1636468967583, 172, 0, 172, 0, 0, 0
10132, 1, 1636468967419, 1636468967591, 172, 0, 172, 0, 0, 0
10131, 1, 1636468967419, 1636468967591, 172, 0, 172, 0, 0, 0
10129, 1, 1636468967451, 1636468967623, 172, 0, 172, 0, 0, 0
10133, 1, 1636468967507, 1636468967679, 172, 0, 172, 0, 0, 0
10135, 1, 1636468967567, 1636468967739, 172, 0, 172, 0, 0, 0
10136, 1, 1636468967639, 1636468967811, 172, 0, 172, 0, 0, 0
10138, 1, 1636468967703, 1636468967875, 172, 0, 172, 0, 0, 0
10137, 1, 1636468967763, 1636468967935, 172, 0, 172, 0, 0, 0
10139, 1, 1636468967767, 1636468967939, 172, 0, 172, 0, 0, 0
10134, 1, 1636468967799, 1636468967971, 172, 0, 172, 0, 0, 0
10140, 1, 1636468967803, 1636468967975, 172, 0, 172, 0, 0, 0
10141, 1, 1636468967891, 1636468968063, 172, 0, 172, 0, 0, 0
10142, 1, 1636468967987, 1636468968159, 172, 0, 172, 0, 0, 0
10143, 1, 1636468967987, 1636468968159, 172, 0, 172, 0, 0, 0
10144, 1, 1636468967994, 1636468968167, 173, 0, 173, 0, 0, 0
10146, 1, 1636468968055, 1636468968227, 172, 0, 172, 0, 0, 0
10145, 1, 1636468968143, 1636468968315, 172, 0, 172, 0, 0, 0
10147, 1, 1636468968155, 1636468968331, 176, 0, 176, 0, 0, 0
10148, 1, 1636468968171, 1636468968343, 172, 0, 172, 0, 0, 0
10149, 1, 1636468968195, 1636468968367, 172, 0, 172, 0, 0, 0
10152, 1, 1636468968215, 1636468968387, 172, 0, 172, 0, 0, 0
10151, 1, 1636468968215, 1636468968387, 172, 0, 172, 0, 0, 0
10150, 1, 1636468968215, 1636468968387, 172, 0, 172, 0, 0, 0
10153, 1, 1636468968307, 1636468968479, 172, 0, 172, 0, 0, 0
10154, 1, 1636468968371, 1636468968543, 172, 0, 172, 0, 0, 0
10156, 1, 1636468968427, 1636468968599, 172, 0, 172, 0, 0, 0
10157, 1, 1636468968467, 1636468968639, 172, 0, 172, 0, 0, 0
10158, 1, 1636468968507, 1636468968679, 172, 0, 172, 0, 0, 0
10159, 1, 1636468968551, 1636468968723, 172, 0, 172, 0, 0, 0
10160, 1, 1636468968615, 1636468968786, 171, 0, 171, 0, 0, 0
10161, 1, 1636468968675, 1636468968847, 172, 0, 172, 0, 0, 0
10155, 1, 1636468968771, 1636468968942, 171, 0, 171, 0, 0, 0
10163, 1, 1636468968775, 1636468968951, 176, 0, 176, 0, 0, 0
10162, 1, 1636468968778, 1636468968954, 176, 1, 175, 0, 0, 0
10164, 1, 1636468968810, 1636468968987, 177, 1, 176, 0, 0, 0
10165, 1, 1636468968815, 1636468968987, 172, 0, 172, 0, 0, 0
10166, 1, 1636468968851, 1636468969023, 172, 0, 172, 0, 0, 0
10167, 1, 1636468968963, 1636468969139, 176, 0, 176, 0, 0, 0
10168, 1, 1636468968975, 1636468969147, 172, 0, 172, 0, 0, 0
10169, 1, 1636468969007, 1636468969179, 172, 0, 172, 0, 0, 0
10171, 1, 1636468969007, 1636468969179, 172, 0, 172, 0, 0, 0
10170, 1, 1636468969011, 1636468969183, 172, 0, 172, 0, 0, 0
10172, 1, 1636468969019, 1636468969191, 172, 0, 172, 0, 0, 0
10173, 1, 1636468969099, 1636468969271, 172, 0, 172, 0, 0, 0
10174, 1, 1636468969167, 1636468969339, 172, 0, 172, 0, 0, 0
10175, 1, 1636468969227, 1636468969399, 172, 0, 172, 0, 0, 0
10176, 1, 1636468969267, 1636468969443, 176, 0, 176, 0, 0, 0
10177, 1, 1636468969299, 1636468969475, 176, 0, 176, 0, 0, 0
10178, 1, 1636468969331, 1636468969503, 172, 0, 172, 0, 0, 0
10180, 1, 1636468969399, 1636468969571, 172, 0, 172, 0, 0, 0
10179, 1, 1636468969423, 1636468969595, 172, 0, 172, 0, 0, 0
10181, 1, 1636468969479, 1636468969651, 172, 0, 172, 0, 0, 0
10182, 1, 1636468969579, 1636468969751, 172, 0, 172, 0, 0, 0
10183, 1, 1636468969583, 1636468969763, 180, 0, 180, 0, 0, 0
10184, 1, 1636468969611, 1636468969783, 172, 0, 172, 0, 0, 0
10185, 1, 1636468969611, 1636468969783, 172, 0, 172, 0, 0, 0
10186, 1, 1636468969651, 1636468969827, 176, 0, 176, 0, 0, 0
10187, 1, 1636468969767, 1636468969939, 172, 0, 172, 0, 0, 0
10188, 1, 1636468969783, 1636468969955, 172, 1, 171, 0, 0, 0
10189, 1, 1636468969783, 1636468969955, 172, 1, 171, 0, 1, 1
10190, 1, 1636468969799, 1636468969971, 172, 0, 172, 0, 0, 0
10191, 1, 1636468969803, 1636468969975, 172, 0, 172, 0, 0, 0
10192, 1, 1636468969803, 1636468969975, 172, 0, 172, 0, 0, 0
10193, 1, 1636468969895, 1636468970067, 172, 0, 172, 0, 0, 0
10194, 1, 1636468969963, 1636468970135, 172, 0, 172, 0, 0, 0
10195, 1, 1636468970043, 1636468970215, 172, 0, 172, 0, 0, 0
10196, 1, 1636468970071, 1636468970243, 172, 0, 172, 0, 0, 0
10197, 1, 1636468970107, 1636468970279, 172, 0, 172, 0, 0, 0
10198, 1, 1636468970131, 1636468970303, 172, 0, 172, 0, 0, 0
10199, 1, 1636468970179, 1636468970355, 176, 0, 176, 0, 0, 0
10200, 1, 1636468970223, 1636468970395, 172, 0, 172, 0, 0, 0
10201, 1, 1636468970283, 1636468970459, 176, 0, 176, 0, 0, 0
10202, 1, 1636468970379, 1636468970551, 172, 0, 172, 0, 0, 0
10203, 1, 1636468970391, 1636468970563, 172, 0, 172, 0, 0, 0
10204, 1, 1636468970395, 1636468970571, 176, 0, 176, 0, 0, 0
10205, 1, 1636468970403, 1636468970579, 176, 0, 176, 0, 0, 0
10206, 1, 1636468970463, 1636468970635, 172, 0, 172, 0, 0, 0
10208, 1, 1636468970575, 1636468970747, 172, 0, 172, 0, 0, 0
10207, 1, 1636468970575, 1636468970747, 172, 0, 172, 0, 0, 0
10210, 1, 1636468970603, 1636468970775, 172, 0, 172, 0, 0, 0
10209, 1, 1636468970603, 1636468970775, 172, 0, 172, 0, 0, 0
10211, 1, 1636468970607, 1636468970779, 172, 0, 172, 0, 0, 0
10212, 1, 1636468970615, 1636468970787, 172, 0, 172, 0, 0, 0
10213, 1, 1636468970691, 1636468970867, 176, 0, 176, 0, 0, 0
10214, 1, 1636468970759, 1636468970935, 176, 0, 176, 0, 0, 0
10215, 1, 1636468970859, 1636468971031, 172, 0, 172, 0, 0, 0
10216, 1, 1636468970875, 1636468971047, 172, 0, 172, 0, 0, 0
10218, 1, 1636468970923, 1636468971103, 180, 0, 180, 0, 0, 0
10217, 1, 1636468970927, 1636468971103, 176, 0, 176, 0, 0, 0
10219, 1, 1636468970983, 1636468971155, 172, 0, 172, 0, 0, 0
10220, 1, 1636468971015, 1636468971191, 176, 0, 176, 0, 0, 0
10221, 1, 1636468971071, 1636468971243, 172, 0, 172, 0, 0, 0
10223, 1, 1636468971187, 1636468971359, 172, 0, 172, 0, 0, 0
10222, 1, 1636468971187, 1636468971359, 172, 0, 172, 0, 0, 0
10224, 1, 1636468971203, 1636468971379, 176, 0, 176, 0, 0, 0
10226, 1, 1636468971263, 1636468971435, 172, 0, 172, 0, 0, 0
10225, 1, 1636468971327, 1636468971499, 172, 0, 172, 0, 0, 0
10227, 1, 1636468971383, 1636468971555, 172, 0, 172, 0, 0, 0
10228, 1, 1636468971383, 1636468971555, 172, 0, 172, 0, 0, 0
10229, 1, 1636468971403, 1636468971575, 172, 0, 172, 0, 0, 0
10231, 1, 1636468971403, 1636468971579, 176, 0, 176, 0, 0, 0
10230, 1, 1636468971403, 1636468971579, 176, 0, 176, 0, 0, 0
10232, 1, 1636468971419, 1636468971591, 172, 0, 172, 0, 0, 0
10233, 1, 1636468971487, 1636468971663, 176, 0, 176, 0, 0, 0
10234, 1, 1636468971555, 1636468971735, 180, 0, 180, 0, 0, 0
10235, 1, 1636468971647, 1636468971823, 176, 0, 176, 0, 0, 0
10236, 1, 1636468971659, 1636468971835, 176, 0, 176, 0, 0, 0
10237, 1, 1636468971715, 1636468971887, 172, 0, 172, 0, 0, 0
10238, 1, 1636468971731, 1636468971903, 172, 0, 172, 0, 0, 0
10239, 1, 1636468971791, 1636468971967, 176, 0, 176, 0, 0, 0
10240, 1, 1636468971807, 1636468971979, 172, 0, 172, 0, 0, 0
10241, 1, 1636468971851, 1636468972023, 172, 0, 172, 0, 0, 0
10243, 1, 1636468971987, 1636468972159, 172, 0, 172, 0, 0, 0
10242, 1, 1636468971987, 1636468972159, 172, 0, 172, 0, 0, 0
10244, 1, 1636468972003, 1636468972179, 176, 0, 176, 0, 0, 0
10245, 1, 1636468972019, 1636468972191, 172, 0, 172, 0, 0, 0
10246, 1, 1636468972047, 1636468972219, 172, 0, 172, 0, 0, 0
10247, 1, 1636468972171, 1636468972343, 172, 0, 172, 0, 0, 0
10248, 1, 1636468972187, 1636468972359, 172, 0, 172, 0, 0, 0
10249, 1, 1636468972199, 1636468972371, 172, 0, 172, 0, 0, 0
10250, 1, 1636468972207, 1636468972379, 172, 0, 172, 0, 0, 0
10251, 1, 1636468972207, 1636468972379, 172, 0, 172, 0, 0, 0
10252, 1, 1636468972219, 1636468972391, 172, 0, 172, 0, 0, 0
10253, 1, 1636468972271, 1636468972443, 172, 0, 172, 0, 0, 0
10254, 1, 1636468972367, 1636468972539, 172, 0, 172, 0, 0, 0
10255, 1, 1636468972447, 1636468972619, 172, 0, 172, 0, 0, 0
10256, 1, 1636468972467, 1636468972639, 172, 0, 172, 0, 0, 0
10257, 1, 1636468972511, 1636468972683, 172, 0, 172, 0, 0, 0
10258, 1, 1636468972531, 1636468972703, 172, 0, 172, 0, 0, 0
10259, 1, 1636468972575, 1636468972746, 171, 0, 171, 0, 0, 0
10260, 1, 1636468972595, 1636468972767, 172, 0, 172, 0, 0, 0
10261, 1, 1636468972639, 1636468972811, 172, 0, 172, 0, 0, 0
10262, 1, 1636468972786, 1636468972959, 173, 1, 172, 0, 0, 0
10263, 1, 1636468972795, 1636468972971, 176, 0, 176, 0, 0, 0
10264, 1, 1636468972795, 1636468972975, 180, 0, 180, 0, 0, 0
10265, 1, 1636468972823, 1636468972995, 172, 0, 172, 0, 0, 0
10266, 1, 1636468972839, 1636468973010, 171, 0, 171, 0, 0, 0
10267, 1, 1636468972975, 1636468973151, 176, 0, 176, 0, 0, 0
10269, 1, 1636468972983, 1636468973159, 176, 0, 176, 0, 0, 0
10268, 1, 1636468972983, 1636468973159, 176, 0, 176, 0, 0, 0
10270, 1, 1636468972991, 1636468973167, 176, 0, 176, 0, 0, 0
10271, 1, 1636468972995, 1636468973175, 180, 0, 180, 0, 0, 0
10272, 1, 1636468973007, 1636468973183, 176, 0, 176, 0, 0, 0
10273, 1, 1636468973087, 1636468973259, 172, 0, 172, 0, 0, 0
10274, 1, 1636468973159, 1636468973335, 176, 0, 176, 0, 0, 0
10275, 1, 1636468973235, 1636468973411, 176, 0, 176, 0, 0, 0
10276, 1, 1636468973263, 1636468973435, 172, 0, 172, 0, 0, 0
10277, 1, 1636468973315, 1636468973487, 172, 0, 172, 0, 0, 0
10278, 1, 1636468973323, 1636468973503, 180, 0, 180, 0, 0, 0
10279, 1, 1636468973367, 1636468973539, 172, 0, 172, 0, 0, 0
10280, 1, 1636468973403, 1636468973575, 172, 0, 172, 0, 0, 0
10281, 1, 1636468973431, 1636468973603, 172, 0, 172, 0, 0, 0
10282, 1, 1636468973583, 1636468973759, 176, 0, 176, 0, 0, 0
10283, 1, 1636468973591, 1636468973767, 176, 0, 176, 0, 0, 0
10284, 1, 1636468973603, 1636468973779, 176, 0, 176, 0, 0, 0
10285, 1, 1636468973607, 1636468973779, 172, 0, 172, 0, 0, 0
10286, 1, 1636468973639, 1636468973811, 172, 0, 172, 0, 0, 0
10287, 1, 1636468973755, 1636468973927, 172, 0, 172, 0, 0, 0
10289, 1, 1636468973787, 1636468973959, 172, 0, 172, 0, 0, 0
10288, 1, 1636468973787, 1636468973959, 172, 0, 172, 0, 0, 0
10290, 1, 1636468973795, 1636468973967, 172, 0, 172, 0, 0, 0
10291, 1, 1636468973802, 1636468973975, 173, 1, 172, 0, 0, 0
10292, 1, 1636468973815, 1636468973987, 172, 0, 172, 0, 0, 0
10293, 1, 1636468973871, 1636468974043, 172, 0, 172, 0, 0, 0
10294, 1, 1636468973943, 1636468974115, 172, 0, 172, 0, 0, 0
10295, 1, 1636468974039, 1636468974215, 176, 0, 176, 0, 0, 0
10296, 1, 1636468974047, 1636468974223, 176, 0, 176, 0, 0, 0
10297, 1, 1636468974115, 1636468974287, 172, 0, 172, 0, 0, 0
10298, 1, 1636468974119, 1636468974295, 176, 0, 176, 0, 0, 0
10299, 1, 1636468974163, 1636468974335, 172, 0, 172, 0, 0, 0
10301, 1, 1636468974227, 1636468974399, 172, 0, 172, 0, 0, 0
10303, 1, 1636468974391, 1636468974563, 172, 0, 172, 0, 0, 0
10302, 1, 1636468974391, 1636468974563, 172, 0, 172, 0, 0, 0
10300, 1, 1636468974399, 1636468974571, 172, 0, 172, 0, 0, 0
10304, 1, 1636468974407, 1636468974579, 172, 0, 172, 0, 0, 0
10305, 1, 1636468974423, 1636468974599, 176, 0, 176, 0, 0, 0
10306, 1, 1636468974435, 1636468974611, 176, 0, 176, 0, 0, 0
10307, 1, 1636468974563, 1636468974735, 172, 0, 172, 0, 0, 0
10308, 1, 1636468974579, 1636468974755, 176, 0, 176, 0, 0, 0
10311, 1, 1636468974591, 1636468974763, 172, 0, 172, 0, 0, 0
10309, 1, 1636468974591, 1636468974763, 172, 0, 172, 0, 0, 0
10312, 1, 1636468974606, 1636468974779, 173, 1, 172, 0, 0, 0
10314, 1, 1636468974747, 1636468974919, 172, 0, 172, 0, 0, 0
10310, 1, 1636468974747, 1636468974919, 172, 0, 172, 0, 0, 0
10313, 1, 1636468974755, 1636468974927, 172, 0, 172, 0, 0, 0
10315, 1, 1636468974827, 1636468974999, 172, 0, 172, 0, 0, 0
10316, 1, 1636468974835, 1636468975007, 172, 0, 172, 0, 0, 0
10317, 1, 1636468974907, 1636468975079, 172, 0, 172, 0, 0, 0
10318, 1, 1636468974931, 1636468975103, 172, 0, 172, 0, 0, 0
10319, 1, 1636468974963, 1636468975139, 176, 0, 176, 0, 0, 0
10321, 1, 1636468975035, 1636468975207, 172, 0, 172, 0, 0, 0
10320, 1, 1636468975055, 1636468975231, 176, 0, 176, 0, 0, 0
10322, 1, 1636468975171, 1636468975343, 172, 0, 172, 0, 0, 0
10323, 1, 1636468975171, 1636468975343, 172, 0, 172, 0, 0, 0
10324, 1, 1636468975187, 1636468975363, 176, 0, 176, 0, 0, 0
10325, 1, 1636468975231, 1636468975407, 176, 0, 176, 0, 0, 0
10326, 1, 1636468975251, 1636468975423, 172, 0, 172, 0, 0, 0
10327, 1, 1636468975371, 1636468975547, 176, 0, 176, 0, 0, 0
10328, 1, 1636468975371, 1636468975547, 176, 0, 176, 0, 0, 0
10329, 1, 1636468975387, 1636468975563, 176, 0, 176, 0, 0, 0
10330, 1, 1636468975399, 1636468975571, 172, 0, 172, 0, 0, 0
10332, 1, 1636468975403, 1636468975575, 172, 0, 172, 0, 0, 0
10331, 1, 1636468975435, 1636468975607, 172, 0, 172, 0, 0, 0
10333, 1, 1636468975483, 1636468975655, 172, 0, 172, 0, 0, 0
10334, 1, 1636468975551, 1636468975723, 172, 0, 172, 0, 0, 0
10335, 1, 1636468975627, 1636468975799, 172, 0, 172, 0, 0, 0
10336, 1, 1636468975647, 1636468975819, 172, 0, 172, 0, 0, 0
10338, 1, 1636468975715, 1636468975887, 172, 0, 172, 0, 0, 0
10337, 1, 1636468975711, 1636468975887, 176, 0, 176, 0, 0, 0
10339, 1, 1636468975743, 1636468975915, 172, 0, 172, 0, 0, 0
10340, 1, 1636468975799, 1636468975975, 176, 0, 176, 0, 0, 0
10341, 1, 1636468975827, 1636468975999, 172, 0, 172, 0, 0, 0
10342, 1, 1636468975971, 1636468976147, 176, 0, 176, 0, 0, 0
10343, 1, 1636468975987, 1636468976159, 172, 0, 172, 0, 0, 0
10344, 1, 1636468975991, 1636468976163, 172, 0, 172, 0, 0, 0
10345, 1, 1636468976023, 1636468976195, 172, 0, 172, 0, 0, 0
10346, 1, 1636468976039, 1636468976211, 172, 0, 172, 0, 0, 0
10347, 1, 1636468976159, 1636468976335, 176, 0, 176, 0, 0, 0
10348, 1, 1636468976171, 1636468976343, 172, 0, 172, 0, 0, 0
10349, 1, 1636468976175, 1636468976347, 172, 0, 172, 0, 0, 0
10350, 1, 1636468976179, 1636468976351, 172, 0, 172, 0, 0, 0
10351, 1, 1636468976187, 1636468976359, 172, 0, 172, 0, 0, 0
10352, 1, 1636468976199, 1636468976371, 172, 0, 172, 0, 0, 0
10353, 1, 1636468976267, 1636468976443, 176, 0, 176, 0, 0, 0
10355, 1, 1636468976439, 1636468976615, 176, 0, 176, 0, 0, 0
10356, 1, 1636468976447, 1636468976627, 180, 0, 180, 0, 0, 0
10357, 1, 1636468976499, 1636468976675, 176, 0, 176, 0, 0, 0
10354, 1, 1636468976527, 1636468976699, 172, 0, 172, 0, 0, 0
10358, 1, 1636468976531, 1636468976707, 176, 0, 176, 0, 0, 0
10359, 1, 1636468976563, 1636468976735, 172, 0, 172, 0, 0, 0
10360, 1, 1636468976591, 1636468976763, 172, 0, 172, 0, 0, 0
10361, 1, 1636468976639, 1636468976815, 176, 0, 176, 0, 0, 0
10362, 1, 1636468976767, 1636468976943, 176, 0, 176, 0, 0, 0
10363, 1, 1636468976787, 1636468976963, 176, 0, 176, 0, 0, 0
10364, 1, 1636468976791, 1636468976963, 172, 0, 172, 0, 0, 0
10366, 1, 1636468976851, 1636468977023, 172, 0, 172, 0, 0, 0
10365, 1, 1636468976879, 1636468977051, 172, 0, 172, 0, 0, 0
10368, 1, 1636468976963, 1636468977135, 172, 0, 172, 0, 0, 0
10367, 1, 1636468976963, 1636468977135, 172, 0, 172, 0, 0, 0
10369, 1, 1636468976986, 1636468977158, 172, 1, 171, 0, 0, 0
10370, 1, 1636468976995, 1636468977166, 171, 0, 171, 0, 0, 0
10371, 1, 1636468976998, 1636468977174, 176, 1, 175, 0, 0, 0
10372, 1, 1636468977007, 1636468977183, 176, 0, 176, 0, 0, 0
10373, 1, 1636468977054, 1636468977227, 173, 1, 172, 1, 0, 1
10374, 1, 1636468977191, 1636468977367, 176, 0, 176, 0, 0, 0
10375, 1, 1636468977219, 1636468977391, 172, 0, 172, 0, 0, 0
10376, 1, 1636468977247, 1636468977419, 172, 0, 172, 0, 0, 0
10377, 1, 1636468977299, 1636468977471, 172, 0, 172, 0, 0, 0
10378, 1, 1636468977327, 1636468977499, 172, 0, 172, 0, 0, 0
10379, 1, 1636468977379, 1636468977555, 176, 0, 176, 0, 0, 0
10380, 1, 1636468977395, 1636468977571, 176, 0, 176, 0, 0, 0
10381, 1, 1636468977435, 1636468977607, 172, 0, 172, 0, 0, 0
10382, 1, 1636468977547, 1636468977719, 172, 0, 172, 0, 0, 0
10383, 1, 1636468977579, 1636468977751, 172, 0, 172, 0, 0, 0
10384, 1, 1636468977587, 1636468977759, 172, 0, 172, 0, 0, 0
10385, 1, 1636468977603, 1636468977779, 176, 0, 176, 0, 0, 0
10386, 1, 1636468977647, 1636468977819, 172, 0, 172, 0, 0, 0
10387, 1, 1636468977739, 1636468977910, 171, 0, 171, 0, 0, 0
10388, 1, 1636468977767, 1636468977942, 175, 0, 175, 0, 0, 0
10389, 1, 1636468977779, 1636468977950, 171, 0, 171, 0, 0, 0
10390, 1, 1636468977791, 1636468977963, 172, 0, 172, 0, 0, 0
10391, 1, 1636468977807, 1636468977979, 172, 0, 172, 0, 0, 0
10392, 1, 1636468977811, 1636468977987, 176, 0, 176, 0, 0, 0
10393, 1, 1636468977874, 1636468978047, 173, 1, 172, 0, 0, 0
10394, 1, 1636468977946, 1636468978123, 177, 1, 176, 0, 1, 1
10395, 1, 1636468978003, 1636468978175, 172, 0, 172, 0, 0, 0
10396, 1, 1636468978039, 1636468978211, 172, 0, 172, 0, 0, 0
10397, 1, 1636468978083, 1636468978259, 176, 0, 176, 0, 0, 0
10398, 1, 1636468978119, 1636468978295, 176, 0, 176, 0, 0, 0
10400, 1, 1636468978179, 1636468978355, 176, 0, 176, 0, 0, 0
10399, 1, 1636468978179, 1636468978355, 176, 0, 176, 0, 0, 0
10401, 1, 1636468978250, 1636468978423, 173, 1, 172, 0, 0, 0
10402, 1, 1636468978363, 1636468978535, 172, 0, 172, 0, 0, 0
10404, 1, 1636468978387, 1636468978559, 172, 0, 172, 0, 0, 0
10403, 1, 1636468978379, 1636468978559, 180, 0, 180, 0, 0, 0
10406, 1, 1636468978451, 1636468978623, 172, 0, 172, 0, 0, 0
10407, 1, 1636468978535, 1636468978711, 176, 0, 176, 0, 0, 0
10408, 1, 1636468978571, 1636468978742, 171, 0, 171, 0, 0, 0
10409, 1, 1636468978583, 1636468978758, 175, 0, 175, 0, 0, 0
10411, 1, 1636468978595, 1636468978767, 172, 0, 172, 0, 0, 0
10410, 1, 1636468978595, 1636468978775, 180, 0, 180, 0, 0, 0
10412, 1, 1636468978603, 1636468978778, 175, 0, 175, 0, 0, 0
10413, 1, 1636468978671, 1636468978843, 172, 0, 172, 0, 0, 0
10405, 1, 1636468978735, 1636468978911, 176, 0, 176, 0, 0, 0
10414, 1, 1636468978735, 1636468978911, 176, 0, 176, 0, 0, 0
10415, 1, 1636468978802, 1636468978975, 173, 0, 173, 0, 0, 0
10416, 1, 1636468978843, 1636468979015, 172, 0, 172, 0, 0, 0
10417, 1, 1636468978903, 1636468979079, 176, 0, 176, 0, 0, 0
10419, 1, 1636468978979, 1636468979151, 172, 0, 172, 0, 0, 0
10420, 1, 1636468978995, 1636468979167, 172, 0, 172, 0, 0, 0
10421, 1, 1636468979055, 1636468979227, 172, 0, 172, 0, 0, 0
10418, 1, 1636468979087, 1636468979259, 172, 0, 172, 0, 0, 0
10422, 1, 1636468979155, 1636468979327, 172, 0, 172, 0, 0, 0
10423, 1, 1636468979179, 1636468979351, 172, 0, 172, 0, 0, 0
10424, 1, 1636468979195, 1636468979367, 172, 0, 172, 0, 0, 0
10425, 1, 1636468979250, 1636468979423, 173, 1, 172, 0, 0, 0
10426, 1, 1636468979315, 1636468979487, 172, 0, 172, 0, 0, 0
10429, 1, 1636468979379, 1636468979551, 172, 0, 172, 0, 0, 0
10430, 1, 1636468979379, 1636468979551, 172, 0, 172, 0, 0, 0
10428, 1, 1636468979379, 1636468979551, 172, 0, 172, 0, 0, 0
10431, 1, 1636468979387, 1636468979559, 172, 0, 172, 0, 0, 0
10432, 1, 1636468979395, 1636468979567, 172, 0, 172, 0, 0, 0
10427, 1, 1636468979399, 1636468979571, 172, 0, 172, 0, 0, 0
10433, 1, 1636468979455, 1636468979627, 172, 0, 172, 0, 0, 0
10434, 1, 1636468979535, 1636468979707, 172, 0, 172, 0, 0, 0
10435, 1, 1636468979591, 1636468979763, 172, 0, 172, 0, 0, 0
10437, 1, 1636468979699, 1636468979871, 172, 0, 172, 0, 0, 0
10436, 1, 1636468979727, 1636468979899, 172, 0, 172, 0, 0, 0
10438, 1, 1636468979747, 1636468979923, 176, 0, 176, 0, 0, 0
10439, 1, 1636468979783, 1636468979955, 172, 0, 172, 0, 0, 0
10440, 1, 1636468979811, 1636468979983, 172, 0, 172, 0, 0, 0
10441, 1, 1636468979955, 1636468980131, 176, 0, 176, 0, 0, 0
10442, 1, 1636468979962, 1636468980139, 177, 1, 176, 0, 0, 0
10444, 1, 1636468980055, 1636468980227, 172, 0, 172, 0, 0, 0
10446, 1, 1636468980143, 1636468980315, 172, 0, 172, 0, 0, 0
10447, 1, 1636468980175, 1636468980347, 172, 0, 172, 0, 0, 0
10448, 1, 1636468980179, 1636468980351, 172, 0, 172, 0, 0, 0
10450, 1, 1636468980187, 1636468980359, 172, 0, 172, 0, 0, 0
10449, 1, 1636468980187, 1636468980359, 172, 0, 172, 0, 0, 0
10451, 1, 1636468980207, 1636468980379, 172, 0, 172, 0, 0, 0
10452, 1, 1636468980274, 1636468980447, 173, 1, 172, 0, 0, 0
10445, 1, 1636468980307, 1636468980479, 172, 0, 172, 0, 0, 0
10443, 1, 1636468980311, 1636468980483, 172, 0, 172, 0, 0, 0
10453, 1, 1636468980343, 1636468980515, 172, 0, 172, 0, 0, 0
10454, 1, 1636468980383, 1636468980555, 172, 0, 172, 0, 0, 0
10455, 1, 1636468980431, 1636468980603, 172, 0, 172, 0, 0, 0
10456, 1, 1636468980487, 1636468980663, 176, 0, 176, 0, 0, 0
10457, 1, 1636468980503, 1636468980675, 172, 0, 172, 0, 0, 0
10458, 1, 1636468980575, 1636468980751, 176, 0, 176, 0, 0, 0
10460, 1, 1636468980775, 1636468980947, 172, 0, 172, 0, 0, 0
10459, 1, 1636468980775, 1636468980951, 176, 0, 176, 0, 0, 0
10461, 1, 1636468980863, 1636468981035, 172, 0, 172, 0, 0, 0
10463, 1, 1636468980923, 1636468981095, 172, 0, 172, 0, 0, 0
10465, 1, 1636468980967, 1636468981139, 172, 0, 172, 0, 0, 0
10464, 1, 1636468980971, 1636468981143, 172, 0, 172, 0, 0, 0
10462, 1, 1636468980971, 1636468981143, 172, 0, 172, 0, 0, 0
10466, 1, 1636468980987, 1636468981159, 172, 0, 172, 0, 0, 0
10467, 1, 1636468980995, 1636468981167, 172, 0, 172, 0, 0, 0
10468, 1, 1636468981023, 1636468981195, 172, 0, 172, 0, 0, 0
10469, 1, 1636468981079, 1636468981251, 172, 0, 172, 0, 0, 0
10470, 1, 1636468981131, 1636468981303, 172, 0, 172, 0, 0, 0
10471, 1, 1636468981191, 1636468981363, 172, 0, 172, 0, 0, 0
10472, 1, 1636468981227, 1636468981399, 172, 0, 172, 0, 0, 0
10473, 1, 1636468981279, 1636468981455, 176, 0, 176, 0, 0, 0
10474, 1, 1636468981319, 1636468981491, 172, 0, 172, 0, 0, 0
10475, 1, 1636468981367, 1636468981539, 172, 0, 172, 0, 0, 0
10476, 1, 1636468981575, 1636468981747, 172, 0, 172, 0, 0, 0
10477, 1, 1636468981647, 1636468981818, 171, 0, 171, 0, 0, 0
10478, 1, 1636468981715, 1636468981891, 176, 0, 176, 0, 0, 0
10479, 1, 1636468981731, 1636468981903, 172, 0, 172, 0, 0, 0
10481, 1, 1636468981759, 1636468981931, 172, 0, 172, 0, 0, 0
10482, 1, 1636468981783, 1636468981955, 172, 0, 172, 0, 0, 0
10483, 1, 1636468981795, 1636468981967, 172, 0, 172, 0, 0, 0
10484, 1, 1636468981810, 1636468981983, 173, 1, 172, 0, 0, 0
10485, 1, 1636468981891, 1636468982063, 172, 0, 172, 0, 0, 0
10486, 1, 1636468981931, 1636468982103, 172, 0, 172, 0, 0, 0
10487, 1, 1636468981983, 1636468982155, 172, 0, 172, 0, 0, 0
10488, 1, 1636468982031, 1636468982203, 172, 0, 172, 0, 0, 0
10480, 1, 1636468982079, 1636468982251, 172, 0, 172, 0, 0, 0
10489, 1, 1636468982083, 1636468982255, 172, 0, 172, 0, 0, 0
10490, 1, 1636468982099, 1636468982271, 172, 0, 172, 0, 0, 0
10491, 1, 1636468982159, 1636468982331, 172, 0, 172, 0, 0, 0
10492, 1, 1636468982383, 1636468982555, 172, 0, 172, 0, 0, 0
10493, 1, 1636468982427, 1636468982599, 172, 0, 172, 0, 0, 0
10494, 1, 1636468982495, 1636468982667, 172, 0, 172, 0, 0, 0
10495, 1, 1636468982523, 1636468982699, 176, 0, 176, 0, 0, 0
10496, 1, 1636468982567, 1636468982739, 172, 0, 172, 0, 0, 0
10497, 1, 1636468982571, 1636468982743, 172, 0, 172, 0, 0, 0
10498, 1, 1636468982599, 1636468982779, 180, 0, 180, 0, 0, 0
10499, 1, 1636468982683, 1636468982855, 172, 0, 172, 0, 0, 0
10501, 1, 1636468982727, 1636468982899, 172, 0, 172, 0, 0, 0
10500, 1, 1636468982735, 1636468982907, 172, 0, 172, 0, 0, 0
10503, 1, 1636468982843, 1636468983015, 172, 0, 172, 0, 0, 0
10504, 1, 1636468982863, 1636468983035, 172, 0, 172, 0, 0, 0
10505, 1, 1636468982891, 1636468983063, 172, 0, 172, 0, 0, 0
10502, 1, 1636468982915, 1636468983087, 172, 0, 172, 0, 0, 0
10506, 1, 1636468983179, 1636468983351, 172, 0, 172, 0, 0, 0
10507, 1, 1636468983231, 1636468983407, 176, 0, 176, 0, 0, 0
10508, 1, 1636468983311, 1636468983483, 172, 0, 172, 0, 0, 0
10510, 1, 1636468983363, 1636468983535, 172, 0, 172, 0, 0, 0
10511, 1, 1636468983375, 1636468983547, 172, 0, 172, 0, 0, 0
10512, 1, 1636468983399, 1636468983571, 172, 0, 172, 0, 0, 0
10513, 1, 1636468983483, 1636468983655, 172, 0, 172, 0, 0, 0
10514, 1, 1636468983523, 1636468983695, 172, 0, 172, 0, 0, 0
10515, 1, 1636468983591, 1636468983763, 172, 0, 172, 0, 0, 0
10516, 1, 1636468983627, 1636468983803, 176, 0, 176, 0, 0, 0
10509, 1, 1636468983659, 1636468983835, 176, 0, 176, 0, 0, 0
10517, 1, 1636468983655, 1636468983835, 180, 0, 180, 0, 0, 0
10519, 1, 1636468984003, 1636468984175, 172, 0, 172, 0, 0, 0
10518, 1, 1636468984015, 1636468984187, 172, 0, 172, 0, 0, 0
10520, 1, 1636468984023, 1636468984195, 172, 0, 172, 0, 0, 0
10521, 1, 1636468984103, 1636468984275, 172, 0, 172, 0, 0, 0
10523, 1, 1636468984179, 1636468984351, 172, 0, 172, 0, 0, 0
10524, 1, 1636468984267, 1636468984439, 172, 0, 172, 0, 0, 0
10526, 1, 1636468984319, 1636468984491, 172, 0, 172, 0, 0, 0
10525, 1, 1636468984323, 1636468984495, 172, 0, 172, 0, 0, 0
10522, 1, 1636468984359, 1636468984531, 172, 0, 172, 0, 0, 0
10527, 1, 1636468984407, 1636468984579, 172, 0, 172, 0, 0, 0
10528, 1, 1636468984415, 1636468984587, 172, 0, 172, 0, 0, 0
10529, 1, 1636468984455, 1636468984627, 172, 0, 172, 0, 0, 0
10530, 1, 1636468984667, 1636468984839, 172, 0, 172, 0, 0, 0
10531, 1, 1636468984807, 1636468984979, 172, 0, 172, 0, 0, 0
10532, 1, 1636468984815, 1636468984987, 172, 0, 172, 0, 0, 0
10533, 1, 1636468984911, 1636468985087, 176, 0, 176, 0, 0, 0
10535, 1, 1636468984983, 1636468985155, 172, 0, 172, 0, 0, 0
10534, 1, 1636468985018, 1636468985191, 173, 1, 172, 0, 0, 0
10536, 1, 1636468985051, 1636468985223, 172, 0, 172, 0, 0, 0
10537, 1, 1636468985127, 1636468985299, 172, 0, 172, 0, 0, 0
10539, 1, 1636468985211, 1636468985383, 172, 0, 172, 0, 0, 0
10538, 1, 1636468985211, 1636468985383, 172, 0, 172, 0, 0, 0
10540, 1, 1636468985259, 1636468985431, 172, 0, 172, 0, 0, 0
10541, 1, 1636468985427, 1636468985603, 176, 0, 176, 0, 0, 0
10542, 1, 1636468985599, 1636468985771, 172, 0, 172, 0, 0, 0
10543, 1, 1636468985619, 1636468985795, 176, 0, 176, 0, 0, 0
10544, 1, 1636468985719, 1636468985895, 176, 0, 176, 0, 0, 0
10545, 1, 1636468985767, 1636468985939, 172, 0, 172, 0, 0, 0
10546, 1, 1636468985767, 1636468985939, 172, 0, 172, 0, 0, 0
10547, 1, 1636468985843, 1636468986019, 176, 0, 176, 0, 0, 0
10548, 1, 1636468985927, 1636468986099, 172, 0, 172, 0, 0, 0
10549, 1, 1636468986003, 1636468986175, 172, 0, 172, 0, 0, 0
10550, 1, 1636468986063, 1636468986235, 172, 0, 172, 0, 0, 0
10551, 1, 1636468986219, 1636468986391, 172, 0, 172, 0, 0, 0
10552, 1, 1636468986395, 1636468986567, 172, 0, 172, 0, 0, 0
10553, 1, 1636468986403, 1636468986575, 172, 0, 172, 0, 0, 0
10554, 1, 1636468986535, 1636468986711, 176, 0, 176, 0, 0, 0
10556, 1, 1636468986575, 1636468986747, 172, 0, 172, 0, 0, 0
10555, 1, 1636468986575, 1636468986747, 172, 0, 172, 0, 0, 0
10557, 1, 1636468986635, 1636468986807, 172, 0, 172, 0, 0, 0
10558, 1, 1636468986735, 1636468986907, 172, 0, 172, 0, 0, 0
10559, 1, 1636468986795, 1636468986967, 172, 0, 172, 0, 0, 0
10560, 1, 1636468986859, 1636468987035, 176, 0, 176, 0, 0, 0
10561, 1, 1636468987179, 1636468987351, 172, 0, 172, 0, 0, 0
10562, 1, 1636468987219, 1636468987391, 172, 0, 172, 0, 0, 0
10563, 1, 1636468987335, 1636468987507, 172, 0, 172, 0, 0, 0
10564, 1, 1636468987391, 1636468987563, 172, 0, 172, 0, 0, 0
10565, 1, 1636468987431, 1636468987603, 172, 0, 172, 0, 0, 0
10566, 1, 1636468987531, 1636468987703, 172, 0, 172, 0, 0, 0
10567, 1, 1636468987603, 1636468987775, 172, 0, 172, 0, 0, 0
10568, 1, 1636468987647, 1636468987819, 172, 0, 172, 0, 0, 0
10569, 1, 1636468987995, 1636468988167, 172, 0, 172, 0, 0, 0
10570, 1, 1636468988027, 1636468988203, 176, 0, 176, 0, 0, 0
10571, 1, 1636468988171, 1636468988343, 172, 0, 172, 0, 0, 0
10572, 1, 1636468988227, 1636468988399, 172, 0, 172, 0, 0, 0
10573, 1, 1636468988319, 1636468988491, 172, 0, 172, 0, 0, 0
10574, 1, 1636468988399, 1636468988571, 172, 0, 172, 0, 0, 0
10575, 1, 1636468988447, 1636468988623, 176, 0, 176, 0, 0, 0
10576, 1, 1636468988791, 1636468988963, 172, 0, 172, 0, 0, 0
10577, 1, 1636468988843, 1636468989015, 172, 0, 172, 0, 0, 0
10578, 1, 1636468988967, 1636468989139, 172, 0, 172, 0, 0, 0
10579, 1, 1636468989035, 1636468989211, 176, 0, 176, 0, 0, 0
10580, 1, 1636468989115, 1636468989291, 176, 0, 176, 0, 0, 0
10581, 1, 1636468989207, 1636468989379, 172, 0, 172, 0, 0, 0
10582, 1, 1636468989243, 1636468989415, 172, 0, 172, 0, 0, 0
10583, 1, 1636468989643, 1636468989815, 172, 0, 172, 0, 0, 0
10584, 1, 1636468989767, 1636468989939, 172, 0, 172, 0, 0, 0
10586, 1, 1636468989911, 1636468990083, 172, 0, 172, 0, 0, 0
10585, 1, 1636468989991, 1636468990167, 176, 0, 176, 0, 0, 0
10587, 1, 1636468990014, 1636468990187, 173, 1, 172, 0, 0, 0
10588, 1, 1636468990031, 1636468990203, 172, 0, 172, 0, 0, 0
10589, 1, 1636468990687, 1636468990859, 172, 0, 172, 0, 0, 0
10590, 1, 1636468990699, 1636468990871, 172, 0, 172, 0, 0, 0
10591, 1, 1636468990823, 1636468990995, 172, 0, 172, 0, 0, 0
10592, 1, 1636468990839, 1636468991011, 172, 0, 172, 0, 0, 0
10593, 1, 1636468991495, 1636468991667, 172, 0, 172, 0, 0, 0
10594, 1, 1636468991619, 1636468991791, 172, 0, 172, 0, 0, 0
10595, 1, 1636468991639, 1636468991811, 172, 0, 172, 0, 0, 0
10596, 1, 1636468992291, 1636468992463, 172, 0, 172, 0, 0, 0
10597, 1, 1636468992411, 1636468992583, 172, 0, 172, 0, 0, 0
10598, 1, 1636468993087, 1636468993259, 172, 0, 172, 0, 0, 0
10599, 1, 1636468993223, 1636468993395, 172, 0, 172, 0, 0, 0
10600, 1, 1636468993899, 1636468994071, 172, 0, 172, 0, 0, 0
10601, 1, 1636469072147, 1636469072319, 172, 0, 172, 0, 0, 0
10602, 1, 1636469072619, 1636469072791, 172, 0, 172, 0, 0, 0
10603, 1, 1636469072815, 1636469072987, 172, 0, 172, 0, 0, 0
10604, 1, 1636469073283, 1636469073455, 172, 0, 172, 0, 0, 0
10605, 1, 1636469073419, 1636469073591, 172, 0, 172, 0, 0, 0
10606, 1, 1636469073479, 1636469073651, 172, 0, 172, 0, 0, 0
10607, 1, 1636469073955, 1636469074127, 172, 0, 172, 0, 0, 0
10608, 1, 1636469073979, 1636469074155, 176, 0, 176, 0, 0, 0
10609, 1, 1636469074087, 1636469074259, 172, 0, 172, 0, 0, 0
10610, 1, 1636469074147, 1636469074319, 172, 0, 172, 0, 0, 0
10611, 1, 1636469074615, 1636469074787, 172, 0, 172, 0, 0, 0
10612, 1, 1636469074643, 1636469074815, 172, 0, 172, 0, 0, 0
10613, 1, 1636469074751, 1636469074923, 172, 0, 172, 0, 0, 0
10614, 1, 1636469074815, 1636469074987, 172, 0, 172, 0, 0, 0
10615, 1, 1636469075047, 1636469075219, 172, 0, 172, 0, 0, 0
10616, 1, 1636469075283, 1636469075455, 172, 0, 172, 0, 0, 0
10617, 1, 1636469075311, 1636469075483, 172, 0, 172, 0, 0, 0
10618, 1, 1636469075419, 1636469075591, 172, 0, 172, 0, 0, 0
10619, 1, 1636469075479, 1636469075651, 172, 0, 172, 0, 0, 0
10620, 1, 1636469075563, 1636469075735, 172, 0, 172, 0, 0, 0
10621, 1, 1636469075711, 1636469075887, 176, 0, 176, 0, 0, 0
10622, 1, 1636469075951, 1636469076123, 172, 0, 172, 0, 0, 0
10623, 1, 1636469075978, 1636469076151, 173, 1, 172, 0, 0, 0
10624, 1, 1636469076083, 1636469076255, 172, 0, 172, 0, 0, 0
10625, 1, 1636469076143, 1636469076315, 172, 0, 172, 0, 0, 0
10626, 1, 1636469076227, 1636469076399, 172, 0, 172, 0, 0, 0
10627, 1, 1636469076375, 1636469076547, 172, 0, 172, 0, 0, 0
10628, 1, 1636469076615, 1636469076787, 172, 0, 172, 0, 0, 0
10630, 1, 1636469076647, 1636469076819, 172, 0, 172, 0, 0, 0
10631, 1, 1636469076751, 1636469076923, 172, 0, 172, 0, 0, 0
10632, 1, 1636469076811, 1636469076983, 172, 0, 172, 0, 0, 0
10633, 1, 1636469076895, 1636469077067, 172, 0, 172, 0, 0, 0
10629, 1, 1636469076959, 1636469077131, 172, 0, 172, 0, 0, 0
10634, 1, 1636469077043, 1636469077215, 172, 0, 172, 0, 0, 0
10636, 1, 1636469077287, 1636469077459, 172, 0, 172, 0, 0, 0
10635, 1, 1636469077307, 1636469077479, 172, 0, 172, 0, 0, 0
10637, 1, 1636469077311, 1636469077483, 172, 0, 172, 0, 0, 0
10639, 1, 1636469077479, 1636469077651, 172, 0, 172, 0, 0, 0
10640, 1, 1636469077559, 1636469077731, 172, 0, 172, 0, 0, 0
10638, 1, 1636469077651, 1636469077823, 172, 0, 172, 0, 0, 0
10641, 1, 1636469077655, 1636469077827, 172, 0, 172, 0, 0, 0
10642, 1, 1636469077715, 1636469077887, 172, 0, 172, 0, 0, 0
10645, 1, 1636469077951, 1636469078123, 172, 0, 172, 0, 0, 0
10643, 1, 1636469077995, 1636469078167, 172, 0, 172, 0, 0, 0
10644, 1, 1636469077999, 1636469078171, 172, 0, 172, 0, 0, 0
10647, 1, 1636469078147, 1636469078323, 176, 0, 176, 0, 0, 0
10648, 1, 1636469078235, 1636469078407, 172, 0, 172, 0, 0, 0
10650, 1, 1636469078303, 1636469078475, 172, 0, 172, 0, 0, 0
10649, 1, 1636469078303, 1636469078475, 172, 0, 172, 0, 0, 0
10646, 1, 1636469078343, 1636469078515, 172, 0, 172, 0, 0, 0
10651, 1, 1636469078379, 1636469078551, 172, 0, 172, 0, 0, 0
10654, 1, 1636469078623, 1636469078799, 176, 0, 176, 0, 0, 0
10653, 1, 1636469078655, 1636469078827, 172, 0, 172, 0, 0, 0
10655, 1, 1636469078687, 1636469078859, 172, 0, 172, 0, 0, 0
10652, 1, 1636469078727, 1636469078899, 172, 0, 172, 0, 0, 0
10656, 1, 1636469078815, 1636469078987, 172, 0, 172, 0, 0, 0
10659, 1, 1636469078971, 1636469079147, 176, 0, 176, 0, 0, 0
10658, 1, 1636469078975, 1636469079155, 180, 0, 180, 0, 0, 0
10660, 1, 1636469078999, 1636469079175, 176, 0, 176, 0, 0, 0
10661, 1, 1636469079039, 1636469079211, 172, 0, 172, 0, 0, 0
10657, 1, 1636469079075, 1636469079247, 172, 0, 172, 0, 0, 0
10663, 1, 1636469079287, 1636469079459, 172, 0, 172, 0, 0, 0
10662, 1, 1636469079331, 1636469079503, 172, 0, 172, 0, 0, 0
10665, 1, 1636469079383, 1636469079559, 176, 0, 176, 0, 0, 0
10664, 1, 1636469079423, 1636469079595, 172, 0, 172, 0, 0, 0
10666, 1, 1636469079479, 1636469079655, 176, 0, 176, 0, 0, 0
10667, 1, 1636469079639, 1636469079811, 172, 0, 172, 0, 0, 0
10668, 1, 1636469079639, 1636469079811, 172, 0, 172, 0, 0, 0
10669, 1, 1636469079659, 1636469079831, 172, 0, 172, 0, 0, 0
10671, 1, 1636469079715, 1636469079887, 172, 0, 172, 0, 0, 0
10670, 1, 1636469079735, 1636469079907, 172, 0, 172, 0, 0, 0
10673, 1, 1636469079939, 1636469080111, 172, 0, 172, 0, 0, 0
10672, 1, 1636469079987, 1636469080159, 172, 0, 172, 0, 0, 0
10674, 1, 1636469080047, 1636469080219, 172, 0, 172, 0, 0, 0
10675, 1, 1636469080075, 1636469080247, 172, 0, 172, 0, 0, 0
10676, 1, 1636469080147, 1636469080319, 172, 0, 172, 0, 0, 0
10677, 1, 1636469080303, 1636469080475, 172, 0, 172, 0, 0, 0
10678, 1, 1636469080307, 1636469080483, 176, 0, 176, 0, 0, 0
10679, 1, 1636469080327, 1636469080499, 172, 0, 172, 0, 0, 0
10681, 1, 1636469080383, 1636469080555, 172, 0, 172, 0, 0, 0
10680, 1, 1636469080403, 1636469080579, 176, 0, 176, 0, 0, 0
10682, 1, 1636469080547, 1636469080719, 172, 0, 172, 0, 0, 0
10683, 1, 1636469080615, 1636469080787, 172, 0, 172, 0, 0, 0
10684, 1, 1636469080655, 1636469080827, 172, 0, 172, 0, 0, 0
10685, 1, 1636469080715, 1636469080887, 172, 0, 172, 0, 0, 0
10686, 1, 1636469080739, 1636469080911, 172, 0, 172, 0, 0, 0
10687, 1, 1636469080807, 1636469080979, 172, 0, 172, 0, 0, 0
10688, 1, 1636469080967, 1636469081139, 172, 0, 172, 0, 0, 0
10689, 1, 1636469080975, 1636469081147, 172, 0, 172, 0, 0, 0
10691, 1, 1636469081063, 1636469081235, 172, 0, 172, 0, 0, 0
10690, 1, 1636469081155, 1636469081327, 172, 0, 172, 0, 0, 0
10693, 1, 1636469081211, 1636469081383, 172, 0, 172, 0, 0, 0
10694, 1, 1636469081323, 1636469081495, 172, 0, 172, 0, 0, 0
10692, 1, 1636469081319, 1636469081495, 176, 0, 176, 0, 0, 0
10696, 1, 1636469081383, 1636469081559, 176, 0, 176, 0, 0, 0
10697, 1, 1636469081407, 1636469081583, 176, 0, 176, 0, 0, 0
10698, 1, 1636469081475, 1636469081647, 172, 0, 172, 0, 0, 0
10695, 1, 1636469081499, 1636469081671, 172, 0, 172, 0, 0, 0
10699, 1, 1636469081635, 1636469081807, 172, 0, 172, 0, 0, 0
10700, 1, 1636469081639, 1636469081811, 172, 0, 172, 0, 0, 0
10702, 1, 1636469081731, 1636469081903, 172, 0, 172, 0, 0, 0
10701, 1, 1636469081755, 1636469081927, 172, 0, 172, 0, 0, 0
10703, 1, 1636469081811, 1636469081983, 172, 0, 172, 0, 0, 0
10704, 1, 1636469081875, 1636469082047, 172, 0, 172, 0, 0, 0
10706, 1, 1636469081991, 1636469082163, 172, 0, 172, 0, 0, 0
10707, 1, 1636469082047, 1636469082219, 172, 0, 172, 0, 0, 0
10708, 1, 1636469082075, 1636469082247, 172, 0, 172, 0, 0, 0
10705, 1, 1636469082079, 1636469082251, 172, 0, 172, 0, 0, 0
10710, 1, 1636469082139, 1636469082311, 172, 0, 172, 0, 0, 0
10711, 1, 1636469082147, 1636469082319, 172, 0, 172, 0, 0, 0
10709, 1, 1636469082155, 1636469082327, 172, 0, 172, 0, 0, 0
10712, 1, 1636469082303, 1636469082479, 176, 0, 176, 0, 0, 0
10714, 1, 1636469082395, 1636469082567, 172, 0, 172, 0, 0, 0
10715, 1, 1636469082407, 1636469082579, 172, 0, 172, 0, 0, 0
10716, 1, 1636469082475, 1636469082647, 172, 0, 172, 0, 0, 0
10713, 1, 1636469082491, 1636469082663, 172, 0, 172, 0, 0, 0
10717, 1, 1636469082543, 1636469082715, 172, 0, 172, 0, 0, 0
10719, 1, 1636469082715, 1636469082887, 172, 0, 172, 0, 0, 0
10720, 1, 1636469082727, 1636469082899, 172, 0, 172, 0, 0, 0
10721, 1, 1636469082743, 1636469082919, 176, 0, 176, 0, 0, 0
10723, 1, 1636469082803, 1636469082975, 172, 0, 172, 0, 0, 0
10724, 1, 1636469082807, 1636469082979, 172, 0, 172, 0, 0, 0
10722, 1, 1636469082823, 1636469082995, 172, 0, 172, 0, 0, 0
10718, 1, 1636469082835, 1636469083007, 172, 0, 172, 0, 0, 0
10725, 1, 1636469082971, 1636469083143, 172, 0, 172, 0, 0, 0
10727, 1, 1636469083067, 1636469083239, 172, 0, 172, 0, 0, 0
10728, 1, 1636469083071, 1636469083243, 172, 0, 172, 0, 0, 0
10729, 1, 1636469083139, 1636469083311, 172, 0, 172, 0, 0, 0
10730, 1, 1636469083143, 1636469083315, 172, 0, 172, 0, 0, 0
10726, 1, 1636469083183, 1636469083359, 176, 0, 176, 0, 0, 0
10731, 1, 1636469083215, 1636469083387, 172, 0, 172, 0, 0, 0
10732, 1, 1636469083383, 1636469083559, 176, 0, 176, 0, 0, 0
10733, 1, 1636469083395, 1636469083571, 176, 0, 176, 0, 0, 0
10734, 1, 1636469083407, 1636469083579, 172, 0, 172, 0, 0, 0
10737, 1, 1636469083467, 1636469083647, 180, 0, 180, 0, 0, 0
10738, 1, 1636469083475, 1636469083651, 176, 0, 176, 0, 0, 0
10735, 1, 1636469083487, 1636469083663, 176, 0, 176, 0, 0, 0
10736, 1, 1636469083491, 1636469083671, 180, 0, 180, 0, 0, 0
10739, 1, 1636469083635, 1636469083811, 176, 0, 176, 0, 0, 0
10742, 1, 1636469083731, 1636469083903, 172, 0, 172, 0, 0, 0
10740, 1, 1636469083735, 1636469083907, 172, 0, 172, 0, 0, 0
10741, 1, 1636469083751, 1636469083923, 172, 0, 172, 0, 0, 0
10743, 1, 1636469083803, 1636469083975, 172, 0, 172, 0, 0, 0
10744, 1, 1636469083815, 1636469083991, 176, 0, 176, 0, 0, 0
10745, 1, 1636469083839, 1636469084011, 172, 0, 172, 0, 0, 0
10747, 1, 1636469084047, 1636469084219, 172, 0, 172, 0, 0, 0
10748, 1, 1636469084059, 1636469084235, 176, 0, 176, 0, 0, 0
10749, 1, 1636469084075, 1636469084247, 172, 0, 172, 0, 0, 0
10752, 1, 1636469084143, 1636469084315, 172, 0, 172, 0, 0, 0
10753, 1, 1636469084143, 1636469084315, 172, 0, 172, 0, 0, 0
10751, 1, 1636469084159, 1636469084330, 171, 0, 171, 0, 0, 0
10750, 1, 1636469084159, 1636469084330, 171, 0, 171, 0, 0, 0
10746, 1, 1636469084187, 1636469084359, 172, 0, 172, 0, 0, 0
10754, 1, 1636469084303, 1636469084475, 172, 0, 172, 0, 0, 0
10757, 1, 1636469084391, 1636469084567, 176, 0, 176, 0, 0, 0
10755, 1, 1636469084399, 1636469084579, 180, 0, 180, 0, 0, 0
10756, 1, 1636469084419, 1636469084591, 172, 0, 172, 0, 0, 0
10759, 1, 1636469084475, 1636469084647, 172, 0, 172, 0, 0, 0
10758, 1, 1636469084471, 1636469084647, 176, 0, 176, 0, 0, 0
10760, 1, 1636469084506, 1636469084679, 173, 1, 172, 0, 0, 0
10762, 1, 1636469084715, 1636469084887, 172, 0, 172, 0, 0, 0
10763, 1, 1636469084727, 1636469084903, 176, 0, 176, 0, 0, 0
10764, 1, 1636469084739, 1636469084911, 172, 0, 172, 0, 0, 0
10761, 1, 1636469084771, 1636469084943, 172, 0, 172, 0, 0, 0
10768, 1, 1636469084803, 1636469084975, 172, 0, 172, 0, 0, 0
10769, 1, 1636469084811, 1636469084983, 172, 0, 172, 0, 0, 0
10765, 1, 1636469084819, 1636469084991, 172, 0, 172, 0, 0, 0
10767, 1, 1636469084843, 1636469085015, 172, 0, 172, 0, 0, 0
10770, 1, 1636469084971, 1636469085143, 172, 0, 172, 0, 0, 0
10773, 1, 1636469085058, 1636469085231, 173, 1, 172, 0, 0, 0
10772, 1, 1636469085075, 1636469085255, 180, 0, 180, 0, 0, 0
10771, 1, 1636469085079, 1636469085259, 180, 0, 180, 0, 0, 0
10766, 1, 1636469085087, 1636469085263, 176, 0, 176, 0, 0, 0
10774, 1, 1636469085139, 1636469085311, 172, 0, 172, 0, 0, 0
10775, 1, 1636469085139, 1636469085311, 172, 0, 172, 0, 0, 0
10776, 1, 1636469085171, 1636469085347, 176, 0, 176, 0, 0, 0
10777, 1, 1636469085379, 1636469085551, 172, 0, 172, 0, 0, 0
10778, 1, 1636469085394, 1636469085575, 181, 1, 180, 1, 0, 1
10779, 1, 1636469085415, 1636469085590, 175, 0, 175, 0, 0, 0
10780, 1, 1636469085435, 1636469085615, 180, 0, 180, 0, 0, 0
10783, 1, 1636469085467, 1636469085639, 172, 0, 172, 0, 0, 0
10781, 1, 1636469085483, 1636469085655, 172, 0, 172, 0, 0, 0
10785, 1, 1636469085559, 1636469085732, 173, 0, 173, 0, 0, 0
10786, 1, 1636469085631, 1636469085815, 184, 0, 184, 0, 0, 0
10790, 1, 1636469085727, 1636469085898, 171, 0, 171, 0, 0, 0
10787, 1, 1636469085747, 1636469085922, 175, 0, 175, 0, 0, 0
10788, 1, 1636469085747, 1636469085923, 176, 0, 176, 0, 0, 0
10789, 1, 1636469085767, 1636469085938, 171, 0, 171, 0, 0, 0
10784, 1, 1636469085791, 1636469085962, 171, 0, 171, 0, 0, 0
10791, 1, 1636469085803, 1636469085974, 171, 0, 171, 0, 0, 0
10792, 1, 1636469085815, 1636469085987, 172, 0, 172, 0, 0, 0
10782, 1, 1636469085831, 1636469086003, 172, 0, 172, 0, 0, 0
10793, 1, 1636469085907, 1636469086079, 172, 0, 172, 0, 0, 0
10794, 1, 1636469086051, 1636469086231, 180, 0, 180, 0, 0, 0
10796, 1, 1636469086059, 1636469086231, 172, 0, 172, 0, 0, 0
10797, 1, 1636469086075, 1636469086251, 176, 0, 176, 0, 0, 0
10798, 1, 1636469086103, 1636469086279, 176, 0, 176, 0, 0, 0
10800, 1, 1636469086139, 1636469086315, 176, 0, 176, 0, 0, 0
10799, 1, 1636469086147, 1636469086327, 180, 0, 180, 0, 0, 0
10795, 1, 1636469086251, 1636469086423, 172, 0, 172, 0, 0, 0
10801, 1, 1636469086263, 1636469086439, 176, 0, 176, 0, 0, 0
10806, 1, 1636469086395, 1636469086571, 176, 0, 176, 0, 0, 0
10803, 1, 1636469086407, 1636469086582, 175, 0, 175, 0, 0, 0
10804, 1, 1636469086407, 1636469086582, 175, 0, 175, 0, 0, 0
10805, 1, 1636469086423, 1636469086594, 171, 0, 171, 0, 0, 0
10807, 1, 1636469086447, 1636469086623, 176, 0, 176, 0, 0, 0
10808, 1, 1636469086467, 1636469086643, 176, 0, 176, 0, 0, 0
10809, 1, 1636469086479, 1636469086651, 172, 0, 172, 0, 0, 0
10810, 1, 1636469086483, 1636469086659, 176, 0, 176, 0, 0, 0
10802, 1, 1636469086491, 1636469086671, 180, 0, 180, 0, 0, 0
10811, 1, 1636469086554, 1636469086731, 177, 0, 177, 0, 0, 0
10812, 1, 1636469086715, 1636469086891, 176, 0, 176, 0, 0, 0
10813, 1, 1636469086727, 1636469086903, 176, 0, 176, 0, 0, 0
10814, 1, 1636469086743, 1636469086919, 176, 0, 176, 0, 0, 0
10815, 1, 1636469086763, 1636469086935, 172, 0, 172, 0, 0, 0
10817, 1, 1636469086799, 1636469086975, 176, 0, 176, 0, 0, 0
10816, 1, 1636469086819, 1636469086995, 176, 0, 176, 0, 0, 0
10818, 1, 1636469086915, 1636469087091, 176, 0, 176, 0, 0, 0
10819, 1, 1636469086931, 1636469087103, 172, 0, 172, 0, 0, 0
10821, 1, 1636469087075, 1636469087247, 172, 0, 172, 0, 0, 0
10820, 1, 1636469087075, 1636469087247, 172, 0, 172, 0, 0, 0
10822, 1, 1636469087095, 1636469087271, 176, 0, 176, 0, 0, 0
10824, 1, 1636469087115, 1636469087291, 176, 0, 176, 0, 0, 0
10825, 1, 1636469087143, 1636469087319, 176, 0, 176, 0, 0, 0
10828, 1, 1636469087151, 1636469087323, 172, 0, 172, 0, 0, 0
10827, 1, 1636469087163, 1636469087335, 172, 0, 172, 0, 0, 0
10829, 1, 1636469087231, 1636469087407, 176, 0, 176, 0, 0, 0
10823, 1, 1636469087263, 1636469087435, 172, 0, 172, 0, 0, 0
10831, 1, 1636469087395, 1636469087567, 172, 0, 172, 0, 0, 0
10832, 1, 1636469087411, 1636469087583, 172, 0, 172, 0, 0, 0
10826, 1, 1636469087423, 1636469087595, 172, 0, 172, 0, 0, 0
10833, 1, 1636469087435, 1636469087606, 171, 0, 171, 0, 0, 0
10835, 1, 1636469087463, 1636469087635, 172, 0, 172, 0, 0, 0
10834, 1, 1636469087483, 1636469087655, 172, 0, 172, 0, 0, 0
10836, 1, 1636469087491, 1636469087663, 172, 0, 172, 0, 0, 0
10830, 1, 1636469087511, 1636469087687, 176, 0, 176, 0, 0, 0
10837, 1, 1636469087591, 1636469087767, 176, 0, 176, 0, 0, 0
10838, 1, 1636469087595, 1636469087771, 176, 0, 176, 0, 0, 0
10839, 1, 1636469087739, 1636469087911, 172, 0, 172, 0, 0, 0
10840, 1, 1636469087743, 1636469087919, 176, 0, 176, 0, 0, 0
10841, 1, 1636469087763, 1636469087935, 172, 0, 172, 0, 0, 0
10843, 1, 1636469087803, 1636469087983, 180, 0, 180, 0, 0, 0
10844, 1, 1636469087815, 1636469087987, 172, 0, 172, 0, 0, 0
10845, 1, 1636469087815, 1636469087987, 172, 0, 172, 0, 0, 0
10842, 1, 1636469087843, 1636469088015, 172, 0, 172, 0, 0, 0
10846, 1, 1636469087887, 1636469088059, 172, 0, 172, 0, 0, 0
10847, 1, 1636469087915, 1636469088087, 172, 0, 172, 0, 0, 0
10848, 1, 1636469088063, 1636469088235, 172, 0, 172, 0, 0, 0
10849, 1, 1636469088075, 1636469088247, 172, 0, 172, 0, 0, 0
10850, 1, 1636469088087, 1636469088259, 172, 0, 172, 0, 0, 0
10851, 1, 1636469088099, 1636469088271, 172, 0, 172, 0, 0, 0
10855, 1, 1636469088135, 1636469088307, 172, 0, 172, 0, 0, 0
10856, 1, 1636469088151, 1636469088327, 176, 0, 176, 0, 0, 0
10852, 1, 1636469088151, 1636469088327, 176, 0, 176, 0, 0, 0
10853, 1, 1636469088167, 1636469088343, 176, 0, 176, 0, 0, 0
10854, 1, 1636469088187, 1636469088359, 172, 0, 172, 0, 0, 0
10857, 1, 1636469088247, 1636469088423, 176, 0, 176, 0, 0, 0
10860, 1, 1636469088407, 1636469088579, 172, 0, 172, 0, 0, 0
10859, 1, 1636469088411, 1636469088583, 172, 0, 172, 0, 0, 0
10861, 1, 1636469088427, 1636469088603, 176, 0, 176, 0, 0, 0
10864, 1, 1636469088479, 1636469088651, 172, 0, 172, 0, 0, 0
10863, 1, 1636469088483, 1636469088655, 172, 0, 172, 0, 0, 0
10865, 1, 1636469088499, 1636469088670, 171, 0, 171, 0, 0, 0
10862, 1, 1636469088519, 1636469088691, 172, 0, 172, 0, 0, 0
10858, 1, 1636469088531, 1636469088703, 172, 0, 172, 0, 0, 0
10868, 1, 1636469088723, 1636469088895, 172, 0, 172, 0, 0, 0
10869, 1, 1636469088743, 1636469088915, 172, 0, 172, 0, 0, 0
10870, 1, 1636469088747, 1636469088919, 172, 0, 172, 0, 0, 0
10866, 1, 1636469088755, 1636469088927, 172, 0, 172, 0, 0, 0
10875, 1, 1636469088803, 1636469088975, 172, 0, 172, 0, 0, 0
10876, 1, 1636469088819, 1636469088995, 176, 0, 176, 0, 0, 0
10872, 1, 1636469088819, 1636469088995, 176, 0, 176, 0, 0, 0
10873, 1, 1636469088831, 1636469089003, 172, 0, 172, 0, 0, 0
10874, 1, 1636469088839, 1636469089011, 172, 0, 172, 0, 0, 0
10867, 1, 1636469088855, 1636469089027, 172, 0, 172, 0, 0, 0
10871, 1, 1636469088887, 1636469089059, 172, 0, 172, 0, 0, 0
10879, 1, 1636469089071, 1636469089243, 172, 0, 172, 0, 0, 0
10878, 1, 1636469089071, 1636469089243, 172, 0, 172, 0, 0, 0
10880, 1, 1636469089087, 1636469089263, 176, 0, 176, 0, 0, 0
10881, 1, 1636469089147, 1636469089319, 172, 0, 172, 0, 0, 0
10882, 1, 1636469089147, 1636469089323, 176, 0, 176, 0, 0, 0
10883, 1, 1636469089159, 1636469089331, 172, 0, 172, 0, 0, 0
10884, 1, 1636469089175, 1636469089347, 172, 0, 172, 0, 0, 0
10885, 1, 1636469089195, 1636469089371, 176, 0, 176, 0, 0, 0
10877, 1, 1636469089231, 1636469089403, 172, 0, 172, 0, 0, 0
10886, 1, 1636469089387, 1636469089559, 172, 0, 172, 0, 0, 0
10887, 1, 1636469089403, 1636469089575, 172, 0, 172, 0, 0, 0
10888, 1, 1636469089419, 1636469089591, 172, 0, 172, 0, 0, 0
10889, 1, 1636469089419, 1636469089591, 172, 0, 172, 0, 0, 0
10894, 1, 1636469089471, 1636469089643, 172, 0, 172, 0, 0, 0
10890, 1, 1636469089483, 1636469089655, 172, 0, 172, 0, 0, 0
10891, 1, 1636469089499, 1636469089671, 172, 0, 172, 0, 0, 0
10892, 1, 1636469089507, 1636469089679, 172, 0, 172, 0, 0, 0
10893, 1, 1636469089511, 1636469089687, 176, 0, 176, 0, 0, 0
10895, 1, 1636469089547, 1636469089723, 176, 0, 176, 0, 0, 0
10897, 1, 1636469089735, 1636469089907, 172, 0, 172, 0, 0, 0
10899, 1, 1636469089755, 1636469089927, 172, 0, 172, 0, 0, 0
10900, 1, 1636469089815, 1636469089987, 172, 0, 172, 0, 0, 0
10901, 1, 1636469089819, 1636469089995, 176, 0, 176, 0, 0, 0
10902, 1, 1636469089831, 1636469090007, 176, 0, 176, 0, 0, 0
10903, 1, 1636469089839, 1636469090019, 180, 0, 180, 0, 0, 0
10904, 1, 1636469089867, 1636469090039, 172, 0, 172, 0, 0, 0
10898, 1, 1636469089867, 1636469090043, 176, 0, 176, 0, 0, 0
10896, 1, 1636469089899, 1636469090075, 176, 0, 176, 0, 0, 0
10906, 1, 1636469090059, 1636469090235, 176, 0, 176, 0, 0, 0
10907, 1, 1636469090071, 1636469090243, 172, 0, 172, 0, 0, 0
10908, 1, 1636469090071, 1636469090247, 176, 0, 176, 0, 0, 0
10909, 1, 1636469090079, 1636469090251, 172, 0, 172, 0, 0, 0
10914, 1, 1636469090139, 1636469090315, 176, 0, 176, 0, 0, 0
10910, 1, 1636469090147, 1636469090323, 176, 0, 176, 0, 0, 0
10911, 1, 1636469090167, 1636469090339, 172, 0, 172, 0, 0, 0
10912, 1, 1636469090179, 1636469090351, 172, 0, 172, 0, 0, 0
10913, 1, 1636469090179, 1636469090351, 172, 0, 172, 0, 0, 0
10915, 1, 1636469090214, 1636469090387, 173, 1, 172, 0, 0, 0
10905, 1, 1636469090251, 1636469090423, 172, 0, 172, 0, 0, 0
10916, 1, 1636469090415, 1636469090587, 172, 0, 172, 0, 0, 0
10917, 1, 1636469090422, 1636469090595, 173, 1, 172, 0, 0, 0
10918, 1, 1636469090474, 1636469090647, 173, 1, 172, 0, 0, 0
10920, 1, 1636469090495, 1636469090667, 172, 0, 172, 0, 0, 0
10921, 1, 1636469090503, 1636469090675, 172, 0, 172, 0, 0, 0
10919, 1, 1636469090515, 1636469090687, 172, 0, 172, 0, 0, 0
10922, 1, 1636469090519, 1636469090691, 172, 0, 172, 0, 0, 0
10923, 1, 1636469090523, 1636469090699, 176, 0, 176, 0, 0, 0
10924, 1, 1636469090563, 1636469090735, 172, 0, 172, 0, 0, 0
10925, 1, 1636469090719, 1636469090891, 172, 0, 172, 0, 0, 0
10926, 1, 1636469090735, 1636469090911, 176, 0, 176, 0, 0, 0
10933, 1, 1636469090803, 1636469090975, 172, 0, 172, 0, 0, 0
10929, 1, 1636469090815, 1636469090995, 180, 0, 180, 0, 0, 0
10930, 1, 1636469090831, 1636469091007, 176, 0, 176, 0, 0, 0
10932, 1, 1636469090843, 1636469091015, 172, 0, 172, 0, 0, 0
10931, 1, 1636469090839, 1636469091015, 176, 0, 176, 0, 0, 0
10927, 1, 1636469090871, 1636469091043, 172, 0, 172, 0, 0, 0
10934, 1, 1636469090871, 1636469091043, 172, 0, 172, 0, 0, 0
10935, 1, 1636469090907, 1636469091079, 172, 0, 172, 0, 0, 0
10936, 1, 1636469091075, 1636469091251, 176, 0, 176, 0, 0, 0
10928, 1, 1636469091083, 1636469091259, 176, 0, 176, 0, 0, 0
10937, 1, 1636469091091, 1636469091267, 176, 0, 176, 0, 0, 0
10938, 1, 1636469091155, 1636469091331, 176, 0, 176, 0, 0, 0
10939, 1, 1636469091167, 1636469091339, 172, 0, 172, 0, 0, 0
10940, 1, 1636469091174, 1636469091347, 173, 1, 172, 0, 0, 0
10941, 1, 1636469091179, 1636469091351, 172, 0, 172, 0, 0, 0
10943, 1, 1636469091195, 1636469091367, 172, 0, 172, 0, 0, 0
10942, 1, 1636469091198, 1636469091371, 173, 1, 172, 1, 0, 1
10944, 1, 1636469091227, 1636469091399, 172, 0, 172, 0, 0, 0
10945, 1, 1636469091387, 1636469091559, 172, 0, 172, 0, 0, 0
10946, 1, 1636469091403, 1636469091579, 176, 0, 176, 0, 0, 0
10951, 1, 1636469091471, 1636469091643, 172, 0, 172, 0, 0, 0
10947, 1, 1636469091487, 1636469091659, 172, 0, 172, 0, 0, 0
10948, 1, 1636469091499, 1636469091671, 172, 0, 172, 0, 0, 0
10950, 1, 1636469091507, 1636469091679, 172, 0, 172, 0, 0, 0
10949, 1, 1636469091507, 1636469091679, 172, 0, 172, 0, 0, 0
10952, 1, 1636469091522, 1636469091695, 173, 1, 172, 0, 0, 0
10953, 1, 1636469091543, 1636469091715, 172, 0, 172, 0, 0, 0
10954, 1, 1636469091571, 1636469091743, 172, 0, 172, 0, 0, 0
10955, 1, 1636469091735, 1636469091907, 172, 0, 172, 0, 0, 0
10956, 1, 1636469091747, 1636469091919, 172, 0, 172, 0, 0, 0
10957, 1, 1636469091755, 1636469091927, 172, 0, 172, 0, 0, 0
10958, 1, 1636469091815, 1636469091991, 176, 0, 176, 0, 0, 0
10959, 1, 1636469091831, 1636469092003, 172, 0, 172, 0, 0, 0
10960, 1, 1636469091835, 1636469092007, 172, 0, 172, 0, 0, 0
10961, 1, 1636469091835, 1636469092007, 172, 0, 172, 0, 0, 0
10962, 1, 1636469091855, 1636469092026, 171, 0, 171, 0, 0, 0
10963, 1, 1636469091859, 1636469092030, 171, 0, 171, 0, 0, 0
10964, 1, 1636469091895, 1636469092067, 172, 0, 172, 0, 0, 0
10965, 1, 1636469092055, 1636469092231, 176, 0, 176, 0, 0, 0
10966, 1, 1636469092083, 1636469092255, 172, 0, 172, 0, 0, 0
10971, 1, 1636469092134, 1636469092307, 173, 1, 172, 0, 0, 0
10967, 1, 1636469092151, 1636469092323, 172, 0, 172, 0, 0, 0
10968, 1, 1636469092162, 1636469092335, 173, 1, 172, 0, 0, 0
10970, 1, 1636469092171, 1636469092342, 171, 0, 171, 0, 0, 0
10969, 1, 1636469092171, 1636469092343, 172, 0, 172, 0, 0, 0
10973, 1, 1636469092202, 1636469092379, 177, 1, 176, 1, 0, 1
10972, 1, 1636469092202, 1636469092379, 177, 1, 176, 1, 0, 1
10974, 1, 1636469092243, 1636469092419, 176, 0, 176, 0, 0, 0
10975, 1, 1636469092407, 1636469092579, 172, 0, 172, 0, 0, 0
10976, 1, 1636469092407, 1636469092579, 172, 0, 172, 0, 0, 0
10977, 1, 1636469092423, 1636469092595, 172, 0, 172, 0, 0, 0
10978, 1, 1636469092478, 1636469092655, 177, 1, 176, 0, 0, 0
10979, 1, 1636469092490, 1636469092662, 172, 1, 171, 0, 0, 0
10981, 1, 1636469092507, 1636469092679, 172, 0, 172, 0, 0, 0
10980, 1, 1636469092507, 1636469092679, 172, 0, 172, 0, 0, 0
10982, 1, 1636469092522, 1636469092695, 173, 1, 172, 1, 0, 1
10983, 1, 1636469092530, 1636469092703, 173, 1, 172, 0, 0, 0
10985, 1, 1636469092722, 1636469092895, 173, 1, 172, 1, 0, 1
10986, 1, 1636469092739, 1636469092911, 172, 0, 172, 0, 0, 0
10984, 1, 1636469092754, 1636469092927, 173, 1, 172, 0, 0, 0
10991, 1, 1636469092803, 1636469092975, 172, 0, 172, 0, 0, 0
10987, 1, 1636469092819, 1636469092991, 172, 0, 172, 0, 0, 0
10988, 1, 1636469092831, 1636469093003, 172, 0, 172, 0, 0, 0
10990, 1, 1636469092839, 1636469093011, 172, 0, 172, 0, 0, 0
10989, 1, 1636469092839, 1636469093015, 176, 0, 176, 0, 0, 0
10992, 1, 1636469092863, 1636469093035, 172, 0, 172, 0, 0, 0
10993, 1, 1636469092867, 1636469093043, 176, 0, 176, 0, 0, 0
10994, 1, 1636469092899, 1636469093075, 176, 0, 176, 0, 0, 0
10995, 1, 1636469093071, 1636469093243, 172, 0, 172, 0, 0, 0
10996, 1, 1636469093079, 1636469093255, 176, 0, 176, 0, 0, 0
10997, 1, 1636469093091, 1636469093267, 176, 0, 176, 0, 0, 0
10998, 1, 1636469093151, 1636469093322, 171, 0, 171, 0, 0, 0
10999, 1, 1636469093159, 1636469093331, 172, 0, 172, 0, 0, 0
11000, 1, 1636469093175, 1636469093347, 172, 0, 172, 0, 0, 0
11003, 1, 1636469093191, 1636469093362, 171, 0, 171, 0, 0, 0
11002, 1, 1636469093191, 1636469093362, 171, 0, 171, 0, 0, 0
11004, 1, 1636469093387, 1636469093559, 172, 0, 172, 0, 0, 0
11005, 1, 1636469093415, 1636469093587, 172, 0, 172, 0, 0, 0
11006, 1, 1636469093423, 1636469093595, 172, 0, 172, 0, 0, 0
11010, 1, 1636469093467, 1636469093639, 172, 0, 172, 0, 0, 0
11008, 1, 1636469093495, 1636469093667, 172, 0, 172, 0, 0, 0
11001, 1, 1636469093503, 1636469093675, 172, 0, 172, 0, 0, 0
11009, 1, 1636469093503, 1636469093679, 176, 0, 176, 0, 0, 0
11011, 1, 1636469093507, 1636469093683, 176, 0, 176, 0, 0, 0
11012, 1, 1636469093539, 1636469093711, 172, 0, 172, 0, 0, 0
11013, 1, 1636469093543, 1636469093715, 172, 0, 172, 0, 0, 0
11014, 1, 1636469093575, 1636469093747, 172, 0, 172, 0, 0, 0
11015, 1, 1636469093735, 1636469093907, 172, 0, 172, 0, 0, 0
11016, 1, 1636469093739, 1636469093911, 172, 0, 172, 0, 0, 0
11017, 1, 1636469093755, 1636469093927, 172, 0, 172, 0, 0, 0
11007, 1, 1636469093763, 1636469093939, 176, 0, 176, 0, 0, 0
11018, 1, 1636469093815, 1636469093987, 172, 0, 172, 0, 0, 0
11019, 1, 1636469093826, 1636469093999, 173, 1, 172, 0, 0, 0
11020, 1, 1636469093838, 1636469094011, 173, 1, 172, 0, 0, 0
11021, 1, 1636469093855, 1636469094027, 172, 0, 172, 0, 0, 0
11022, 1, 1636469093862, 1636469094039, 177, 1, 176, 0, 0, 0
11023, 1, 1636469094051, 1636469094223, 172, 0, 172, 0, 0, 0
11024, 1, 1636469094071, 1636469094243, 172, 0, 172, 0, 0, 0
11025, 1, 1636469094079, 1636469094255, 176, 0, 176, 0, 0, 0
11030, 1, 1636469094131, 1636469094303, 172, 0, 172, 0, 0, 0
11026, 1, 1636469094163, 1636469094335, 172, 0, 172, 0, 0, 0
11027, 1, 1636469094171, 1636469094343, 172, 0, 172, 0, 0, 0
11028, 1, 1636469094179, 1636469094351, 172, 0, 172, 0, 0, 0
11032, 1, 1636469094198, 1636469094371, 173, 0, 173, 0, 0, 0
11033, 1, 1636469094235, 1636469094407, 172, 0, 172, 0, 0, 0
11034, 1, 1636469094403, 1636469094575, 172, 0, 172, 0, 0, 0
11036, 1, 1636469094423, 1636469094595, 172, 0, 172, 0, 0, 0
11037, 1, 1636469094423, 1636469094595, 172, 0, 172, 0, 0, 0
11031, 1, 1636469094479, 1636469094651, 172, 0, 172, 0, 0, 0
11038, 1, 1636469094482, 1636469094655, 173, 1, 172, 0, 0, 0
11039, 1, 1636469094491, 1636469094663, 172, 0, 172, 0, 0, 0
11040, 1, 1636469094507, 1636469094679, 172, 0, 172, 0, 0, 0
11029, 1, 1636469094511, 1636469094683, 172, 0, 172, 0, 0, 0
11042, 1, 1636469094523, 1636469094695, 172, 0, 172, 0, 0, 0
11041, 1, 1636469094523, 1636469094699, 176, 0, 176, 0, 0, 0
11035, 1, 1636469094579, 1636469094755, 176, 0, 176, 0, 0, 0
11043, 1, 1636469094715, 1636469094887, 172, 0, 172, 0, 0, 0
11044, 1, 1636469094743, 1636469094919, 176, 0, 176, 0, 0, 0
11045, 1, 1636469094751, 1636469094927, 176, 0, 176, 0, 0, 0
11049, 1, 1636469094799, 1636469094979, 180, 0, 180, 0, 0, 0
11046, 1, 1636469094831, 1636469095007, 176, 0, 176, 0, 0, 0
11048, 1, 1636469094839, 1636469095019, 180, 0, 180, 0, 0, 0
11050, 1, 1636469094879, 1636469095055, 176, 0, 176, 0, 0, 0
11051, 1, 1636469094899, 1636469095071, 172, 0, 172, 0, 0, 0
11047, 1, 1636469094927, 1636469095099, 172, 0, 172, 0, 0, 0
11052, 1, 1636469095067, 1636469095239, 172, 0, 172, 0, 0, 0
11053, 1, 1636469095083, 1636469095259, 176, 0, 176, 0, 0, 0
11054, 1, 1636469095091, 1636469095267, 176, 0, 176, 0, 0, 0
11055, 1, 1636469095135, 1636469095307, 172, 0, 172, 0, 0, 0
11056, 1, 1636469095147, 1636469095323, 176, 0, 176, 0, 0, 0
11057, 1, 1636469095163, 1636469095335, 172, 0, 172, 0, 0, 0
11059, 1, 1636469095175, 1636469095347, 172, 0, 172, 0, 0, 0
11058, 1, 1636469095183, 1636469095355, 172, 0, 172, 0, 0, 0
11061, 1, 1636469095191, 1636469095363, 172, 0, 172, 0, 0, 0
11060, 1, 1636469095195, 1636469095367, 172, 0, 172, 0, 0, 0
11063, 1, 1636469095383, 1636469095555, 172, 0, 172, 0, 0, 0
11064, 1, 1636469095403, 1636469095575, 172, 0, 172, 0, 0, 0
11065, 1, 1636469095419, 1636469095591, 172, 0, 172, 0, 0, 0
11062, 1, 1636469095439, 1636469095611, 172, 0, 172, 0, 0, 0
11068, 1, 1636469095463, 1636469095635, 172, 0, 172, 0, 0, 0
11067, 1, 1636469095507, 1636469095679, 172, 0, 172, 0, 0, 0
11066, 1, 1636469095539, 1636469095715, 176, 0, 176, 0, 0, 0
11070, 1, 1636469095563, 1636469095739, 176, 0, 176, 0, 0, 0
11072, 1, 1636469095727, 1636469095899, 172, 0, 172, 0, 0, 0
11073, 1, 1636469095751, 1636469095923, 172, 0, 172, 0, 0, 0
11074, 1, 1636469095755, 1636469095931, 176, 0, 176, 0, 0, 0
11071, 1, 1636469095787, 1636469095959, 172, 0, 172, 0, 0, 0
11075, 1, 1636469095811, 1636469095987, 176, 0, 176, 0, 0, 0
11077, 1, 1636469095827, 1636469096007, 180, 0, 180, 0, 0, 0
11079, 1, 1636469095839, 1636469096015, 176, 0, 176, 0, 0, 0
11080, 1, 1636469095851, 1636469096023, 172, 0, 172, 0, 0, 0
11069, 1, 1636469095887, 1636469096059, 172, 0, 172, 0, 0, 0
11083, 1, 1636469096071, 1636469096243, 172, 0, 172, 0, 0, 0
11085, 1, 1636469096103, 1636469096275, 172, 0, 172, 0, 0, 0
11076, 1, 1636469096103, 1636469096275, 172, 0, 172, 0, 0, 0
11082, 1, 1636469096135, 1636469096307, 172, 0, 172, 0, 0, 0
11088, 1, 1636469096199, 1636469096371, 172, 0, 172, 0, 0, 0
11089, 1, 1636469096239, 1636469096411, 172, 0, 172, 0, 0, 0
11090, 1, 1636469096399, 1636469096571, 172, 0, 172, 0, 0, 0
11091, 1, 1636469096411, 1636469096583, 172, 0, 172, 0, 0, 0
11092, 1, 1636469096423, 1636469096595, 172, 0, 172, 0, 0, 0
11086, 1, 1636469096451, 1636469096623, 172, 0, 172, 0, 0, 0
11087, 1, 1636469096451, 1636469096623, 172, 0, 172, 0, 0, 0
11094, 1, 1636469096471, 1636469096647, 176, 0, 176, 0, 0, 0
11095, 1, 1636469096495, 1636469096667, 172, 0, 172, 0, 0, 0
11096, 1, 1636469096507, 1636469096679, 172, 0, 172, 0, 0, 0
11097, 1, 1636469096519, 1636469096691, 172, 0, 172, 0, 0, 0
11098, 1, 1636469096539, 1636469096711, 172, 0, 172, 0, 0, 0
11099, 1, 1636469096735, 1636469096911, 176, 0, 176, 0, 0, 0
11100, 1, 1636469096751, 1636469096923, 172, 0, 172, 0, 0, 0
11101, 1, 1636469096767, 1636469096947, 180, 0, 180, 0, 0, 0
11102, 1, 1636469096787, 1636469096967, 180, 0, 180, 0, 0, 0
11093, 1, 1636469096799, 1636469096975, 176, 0, 176, 0, 0, 0
11103, 1, 1636469096862, 1636469097035, 173, 1, 172, 0, 0, 0
11104, 1, 1636469096895, 1636469097067, 172, 0, 172, 0, 0, 0
11105, 1, 1636469097067, 1636469097243, 176, 0, 176, 0, 0, 0
11106, 1, 1636469097083, 1636469097259, 176, 0, 176, 0, 0, 0
11107, 1, 1636469097095, 1636469097267, 172, 0, 172, 0, 0, 0
11109, 1, 1636469097115, 1636469097287, 172, 0, 172, 0, 0, 0
11108, 1, 1636469097115, 1636469097291, 176, 0, 176, 0, 0, 0
11110, 1, 1636469097139, 1636469097315, 176, 0, 176, 0, 0, 0
11111, 1, 1636469097167, 1636469097339, 172, 0, 172, 0, 0, 0
11113, 1, 1636469097191, 1636469097363, 172, 0, 172, 0, 0, 0
11115, 1, 1636469097399, 1636469097575, 176, 0, 176, 0, 0, 0
11112, 1, 1636469097419, 1636469097591, 172, 0, 172, 0, 0, 0
11116, 1, 1636469097423, 1636469097595, 172, 0, 172, 0, 0, 0
11117, 1, 1636469097431, 1636469097603, 172, 0, 172, 0, 0, 0
11114, 1, 1636469097443, 1636469097619, 176, 0, 176, 0, 0, 0
11118, 1, 1636469097455, 1636469097627, 172, 0, 172, 0, 0, 0
11119, 1, 1636469097463, 1636469097635, 172, 0, 172, 0, 0, 0
11120, 1, 1636469097527, 1636469097699, 172, 0, 172, 0, 0, 0
11121, 1, 1636469097567, 1636469097739, 172, 0, 172, 0, 0, 0
11122, 1, 1636469097731, 1636469097903, 172, 0, 172, 0, 0, 0
11123, 1, 1636469097747, 1636469097919, 172, 0, 172, 0, 0, 0
11124, 1, 1636469097759, 1636469097931, 172, 0, 172, 0, 0, 0
11125, 1, 1636469097775, 1636469097951, 176, 0, 176, 0, 0, 0
11126, 1, 1636469097779, 1636469097955, 176, 0, 176, 0, 0, 0
11128, 1, 1636469097826, 1636469098007, 181, 1, 180, 0, 0, 0
11129, 1, 1636469097851, 1636469098023, 172, 0, 172, 0, 0, 0
11130, 1, 1636469098067, 1636469098238, 171, 0, 171, 0, 0, 0
11131, 1, 1636469098075, 1636469098247, 172, 0, 172, 0, 0, 0
11132, 1, 1636469098091, 1636469098263, 172, 0, 172, 0, 0, 0
11134, 1, 1636469098099, 1636469098271, 172, 0, 172, 0, 0, 0
11133, 1, 1636469098103, 1636469098279, 176, 0, 176, 0, 0, 0
11135, 1, 1636469098123, 1636469098295, 172, 0, 172, 0, 0, 0
11136, 1, 1636469098123, 1636469098295, 172, 0, 172, 0, 0, 0
11137, 1, 1636469098191, 1636469098363, 172, 0, 172, 0, 0, 0
11138, 1, 1636469098235, 1636469098407, 172, 0, 172, 0, 0, 0
11127, 1, 1636469098243, 1636469098415, 172, 0, 172, 0, 0, 0
11139, 1, 1636469098399, 1636469098571, 172, 0, 172, 0, 0, 0
11140, 1, 1636469098423, 1636469098599, 176, 0, 176, 0, 0, 0
11141, 1, 1636469098427, 1636469098603, 176, 0, 176, 0, 0, 0
11142, 1, 1636469098439, 1636469098615, 176, 0, 176, 0, 0, 0
11143, 1, 1636469098439, 1636469098615, 176, 0, 176, 0, 0, 0
11144, 1, 1636469098499, 1636469098671, 172, 0, 172, 0, 0, 0
11145, 1, 1636469098507, 1636469098679, 172, 0, 172, 0, 0, 0
11146, 1, 1636469098507, 1636469098679, 172, 0, 172, 0, 0, 0
11148, 1, 1636469098519, 1636469098691, 172, 0, 172, 0, 0, 0
11149, 1, 1636469098739, 1636469098911, 172, 0, 172, 0, 0, 0
11150, 1, 1636469098747, 1636469098919, 172, 0, 172, 0, 0, 0
11151, 1, 1636469098759, 1636469098931, 172, 0, 172, 0, 0, 0
11152, 1, 1636469098763, 1636469098935, 172, 0, 172, 0, 0, 0
11153, 1, 1636469098763, 1636469098935, 172, 0, 172, 0, 0, 0
11154, 1, 1636469098787, 1636469098959, 172, 0, 172, 0, 0, 0
11155, 1, 1636469098791, 1636469098967, 176, 0, 176, 0, 0, 0
11147, 1, 1636469098851, 1636469099027, 176, 0, 176, 0, 0, 0
11156, 1, 1636469098863, 1636469099035, 172, 0, 172, 0, 0, 0
11157, 1, 1636469098899, 1636469099075, 176, 0, 176, 0, 0, 0
11159, 1, 1636469099067, 1636469099239, 172, 0, 172, 0, 0, 0
11160, 1, 1636469099087, 1636469099259, 172, 0, 172, 0, 0, 0
11161, 1, 1636469099095, 1636469099267, 172, 0, 172, 0, 0, 0
11162, 1, 1636469099103, 1636469099275, 172, 0, 172, 0, 0, 0
11163, 1, 1636469099111, 1636469099283, 172, 0, 172, 0, 0, 0
11165, 1, 1636469099159, 1636469099331, 172, 0, 172, 0, 0, 0
11164, 1, 1636469099159, 1636469099331, 172, 0, 172, 0, 0, 0
11166, 1, 1636469099159, 1636469099331, 172, 0, 172, 0, 0, 0
11158, 1, 1636469099198, 1636469099371, 173, 1, 172, 0, 0, 0
11168, 1, 1636469099399, 1636469099571, 172, 0, 172, 0, 0, 0
11169, 1, 1636469099419, 1636469099591, 172, 0, 172, 0, 0, 0
11170, 1, 1636469099423, 1636469099595, 172, 0, 172, 0, 0, 0
11172, 1, 1636469099427, 1636469099599, 172, 0, 172, 0, 0, 0
11171, 1, 1636469099427, 1636469099599, 172, 0, 172, 0, 0, 0
11174, 1, 1636469099459, 1636469099631, 172, 0, 172, 0, 0, 0
11175, 1, 1636469099507, 1636469099679, 172, 0, 172, 0, 0, 0
11176, 1, 1636469099523, 1636469099695, 172, 0, 172, 0, 0, 0
11167, 1, 1636469099543, 1636469099715, 172, 0, 172, 0, 0, 0
11177, 1, 1636469099563, 1636469099735, 172, 0, 172, 0, 0, 0
11178, 1, 1636469099727, 1636469099899, 172, 0, 172, 0, 0, 0
11179, 1, 1636469099747, 1636469099923, 176, 0, 176, 0, 0, 0
11180, 1, 1636469099755, 1636469099931, 176, 0, 176, 0, 0, 0
11173, 1, 1636469099771, 1636469099947, 176, 0, 176, 0, 0, 0
11182, 1, 1636469099771, 1636469099947, 176, 0, 176, 0, 0, 0
11181, 1, 1636469099771, 1636469099947, 176, 0, 176, 0, 0, 0
11184, 1, 1636469099823, 1636469099995, 172, 0, 172, 0, 0, 0
11185, 1, 1636469099831, 1636469100006, 175, 0, 175, 0, 0, 0
11186, 1, 1636469099855, 1636469100027, 172, 0, 172, 0, 0, 0
11183, 1, 1636469099911, 1636469100083, 172, 0, 172, 0, 0, 0
11187, 1, 1636469100067, 1636469100243, 176, 0, 176, 0, 0, 0
11188, 1, 1636469100083, 1636469100259, 176, 0, 176, 0, 0, 0
11189, 1, 1636469100095, 1636469100267, 172, 0, 172, 0, 0, 0
11191, 1, 1636469100095, 1636469100275, 180, 0, 180, 0, 0, 0
11190, 1, 1636469100103, 1636469100279, 176, 0, 176, 0, 0, 0
11192, 1, 1636469100123, 1636469100299, 176, 0, 176, 0, 0, 0
11193, 1, 1636469100175, 1636469100347, 172, 0, 172, 0, 0, 0
11194, 1, 1636469100191, 1636469100367, 176, 0, 176, 0, 0, 0
11195, 1, 1636469100199, 1636469100375, 176, 0, 176, 0, 0, 0
11196, 1, 1636469100227, 1636469100399, 172, 0, 172, 0, 0, 0
11197, 1, 1636469100403, 1636469100575, 172, 0, 172, 0, 0, 0
11198, 1, 1636469100411, 1636469100583, 172, 0, 172, 0, 0, 0
11199, 1, 1636469100423, 1636469100595, 172, 0, 172, 0, 0, 0
11200, 1, 1636469100431, 1636469100603, 172, 0, 172, 0, 0, 0
11201, 1, 1636469100443, 1636469100619, 176, 0, 176, 0, 0, 0
11202, 1, 1636469100443, 1636469100627, 184, 0, 184, 0, 0, 0
11205, 1, 1636469100519, 1636469100691, 172, 0, 172, 0, 0, 0
11206, 1, 1636469100571, 1636469100743, 172, 0, 172, 0, 0, 0
11208, 1, 1636469100743, 1636469100915, 172, 0, 172, 0, 0, 0
11209, 1, 1636469100747, 1636469100919, 172, 0, 172, 0, 0, 0
11211, 1, 1636469100759, 1636469100935, 176, 0, 176, 0, 0, 0
11210, 1, 1636469100767, 1636469100939, 172, 0, 172, 0, 0, 0
11207, 1, 1636469100775, 1636469100947, 172, 0, 172, 0, 0, 0
11212, 1, 1636469100795, 1636469100971, 176, 0, 176, 0, 0, 0
11214, 1, 1636469100859, 1636469101035, 176, 0, 176, 0, 0, 0
11215, 1, 1636469100867, 1636469101047, 180, 0, 180, 0, 0, 0
11216, 1, 1636469100891, 1636469101063, 172, 0, 172, 0, 0, 0
11219, 1, 1636469101087, 1636469101259, 172, 0, 172, 0, 0, 0
11218, 1, 1636469101087, 1636469101259, 172, 0, 172, 0, 0, 0
11217, 1, 1636469101091, 1636469101267, 176, 0, 176, 0, 0, 0
11220, 1, 1636469101095, 1636469101275, 180, 0, 180, 0, 0, 0
11221, 1, 1636469101107, 1636469101283, 176, 0, 176, 0, 0, 0
11223, 1, 1636469101191, 1636469101363, 172, 0, 172, 0, 0, 0
11224, 1, 1636469101243, 1636469101415, 172, 0, 172, 0, 0, 0
11226, 1, 1636469101427, 1636469101599, 172, 0, 172, 0, 0, 0
11228, 1, 1636469101427, 1636469101599, 172, 0, 172, 0, 0, 0
11227, 1, 1636469101427, 1636469101603, 176, 0, 176, 0, 0, 0
11229, 1, 1636469101439, 1636469101611, 172, 0, 172, 0, 0, 0
11225, 1, 1636469101443, 1636469101615, 172, 0, 172, 0, 0, 0
11230, 1, 1636469101459, 1636469101631, 172, 0, 172, 0, 0, 0
11231, 1, 1636469101523, 1636469101695, 172, 0, 172, 0, 0, 0
11232, 1, 1636469101535, 1636469101707, 172, 0, 172, 0, 0, 0
11233, 1, 1636469101559, 1636469101731, 172, 0, 172, 0, 0, 0
11234, 1, 1636469101747, 1636469101919, 172, 0, 172, 0, 0, 0
11235, 1, 1636469101755, 1636469101927, 172, 0, 172, 0, 0, 0
11236, 1, 1636469101759, 1636469101931, 172, 0, 172, 0, 0, 0
11237, 1, 1636469101759, 1636469101931, 172, 0, 172, 0, 0, 0
11238, 1, 1636469101771, 1636469101947, 176, 0, 176, 0, 0, 0
11239, 1, 1636469101847, 1636469102019, 172, 0, 172, 0, 0, 0
11240, 1, 1636469101907, 1636469102083, 176, 0, 176, 0, 0, 0
11241, 1, 1636469102087, 1636469102259, 172, 0, 172, 0, 0, 0
11242, 1, 1636469102095, 1636469102267, 172, 0, 172, 0, 0, 0
11244, 1, 1636469102099, 1636469102271, 172, 0, 172, 0, 0, 0
11245, 1, 1636469102099, 1636469102271, 172, 0, 172, 0, 0, 0
11246, 1, 1636469102127, 1636469102299, 172, 0, 172, 0, 0, 0
11247, 1, 1636469102191, 1636469102363, 172, 0, 172, 0, 0, 0
11248, 1, 1636469102199, 1636469102375, 176, 0, 176, 0, 0, 0
11250, 1, 1636469102411, 1636469102583, 172, 0, 172, 0, 0, 0
11251, 1, 1636469102415, 1636469102591, 176, 0, 176, 0, 0, 0
11252, 1, 1636469102427, 1636469102599, 172, 0, 172, 0, 0, 0
11253, 1, 1636469102431, 1636469102603, 172, 0, 172, 0, 0, 0
11254, 1, 1636469102435, 1636469102611, 176, 0, 176, 0, 0, 0
11249, 1, 1636469102475, 1636469102651, 176, 0, 176, 0, 0, 0
11255, 1, 1636469102515, 1636469102687, 172, 0, 172, 0, 0, 0
11256, 1, 1636469102571, 1636469102743, 172, 0, 172, 0, 0, 0
11257, 1, 1636469102755, 1636469102927, 172, 0, 172, 0, 0, 0
11259, 1, 1636469102763, 1636469102935, 172, 0, 172, 0, 0, 0
11260, 1, 1636469102767, 1636469102939, 172, 0, 172, 0, 0, 0
11258, 1, 1636469102775, 1636469102947, 172, 0, 172, 0, 0, 0
11262, 1, 1636469102843, 1636469103015, 172, 0, 172, 0, 0, 0
11266, 1, 1636469103079, 1636469103251, 172, 0, 172, 0, 0, 0
11267, 1, 1636469103083, 1636469103255, 172, 0, 172, 0, 0, 0
11268, 1, 1636469103087, 1636469103259, 172, 0, 172, 0, 0, 0
11270, 1, 1636469103103, 1636469103275, 172, 0, 172, 0, 0, 0
11269, 1, 1636469103103, 1636469103283, 180, 0, 180, 0, 0, 0
11264, 1, 1636469103123, 1636469103295, 172, 0, 172, 0, 0, 0
11271, 1, 1636469103139, 1636469103311, 172, 0, 172, 0, 0, 0
11272, 1, 1636469103183, 1636469103355, 172, 0, 172, 0, 0, 0
11263, 1, 1636469103191, 1636469103363, 172, 0, 172, 0, 0, 0
11274, 1, 1636469103234, 1636469103407, 173, 1, 172, 0, 0, 0
11275, 1, 1636469103419, 1636469103591, 172, 0, 172, 0, 0, 0
11277, 1, 1636469103431, 1636469103603, 172, 0, 172, 0, 0, 0
11276, 1, 1636469103431, 1636469103603, 172, 0, 172, 0, 0, 0
11278, 1, 1636469103455, 1636469103627, 172, 0, 172, 0, 0, 0
11279, 1, 1636469103459, 1636469103631, 172, 0, 172, 0, 0, 0
11261, 1, 1636469103467, 1636469103643, 176, 0, 176, 0, 0, 0
11280, 1, 1636469103499, 1636469103671, 172, 0, 172, 0, 0, 0
11273, 1, 1636469103535, 1636469103707, 172, 0, 172, 0, 0, 0
11281, 1, 1636469103743, 1636469103915, 172, 0, 172, 0, 0, 0
11282, 1, 1636469103747, 1636469103919, 172, 0, 172, 0, 0, 0
11283, 1, 1636469103755, 1636469103927, 172, 0, 172, 0, 0, 0
11284, 1, 1636469103759, 1636469103931, 172, 0, 172, 0, 0, 0
11285, 1, 1636469103763, 1636469103935, 172, 0, 172, 0, 0, 0
11286, 1, 1636469103779, 1636469103951, 172, 0, 172, 0, 0, 0
11287, 1, 1636469103807, 1636469103979, 172, 0, 172, 0, 0, 0
11289, 1, 1636469103843, 1636469104015, 172, 0, 172, 0, 0, 0
11288, 1, 1636469103843, 1636469104015, 172, 0, 172, 0, 0, 0
11290, 1, 1636469103903, 1636469104075, 172, 0, 172, 0, 0, 0
11291, 1, 1636469104083, 1636469104255, 172, 0, 172, 0, 0, 0
11292, 1, 1636469104095, 1636469104267, 172, 0, 172, 0, 0, 0
11293, 1, 1636469104103, 1636469104275, 172, 0, 172, 0, 0, 0
11294, 1, 1636469104107, 1636469104283, 176, 0, 176, 0, 0, 0
11295, 1, 1636469104111, 1636469104287, 176, 0, 176, 0, 0, 0
11296, 1, 1636469104127, 1636469104303, 176, 0, 176, 0, 0, 0
11297, 1, 1636469104167, 1636469104339, 172, 0, 172, 0, 0, 0
11265, 1, 1636469104183, 1636469104359, 176, 0, 176, 0, 0, 0
11298, 1, 1636469104190, 1636469104363, 173, 1, 172, 0, 0, 0
11299, 1, 1636469104411, 1636469104583, 172, 0, 172, 0, 0, 0
11300, 1, 1636469104419, 1636469104591, 172, 0, 172, 0, 0, 0
11301, 1, 1636469104423, 1636469104599, 176, 0, 176, 0, 0, 0
11302, 1, 1636469104431, 1636469104607, 176, 0, 176, 0, 0, 0
11303, 1, 1636469104431, 1636469104607, 176, 0, 176, 0, 0, 0
11305, 1, 1636469104447, 1636469104619, 172, 0, 172, 0, 0, 0
11304, 1, 1636469104447, 1636469104619, 172, 0, 172, 0, 0, 0
11306, 1, 1636469104467, 1636469104643, 176, 0, 176, 0, 0, 0
11307, 1, 1636469104507, 1636469104679, 172, 0, 172, 0, 0, 0
11308, 1, 1636469104511, 1636469104691, 180, 0, 180, 0, 0, 0
11310, 1, 1636469104751, 1636469104923, 172, 0, 172, 0, 0, 0
11311, 1, 1636469104763, 1636469104935, 172, 0, 172, 0, 0, 0
11313, 1, 1636469104771, 1636469104943, 172, 0, 172, 0, 0, 0
11312, 1, 1636469104775, 1636469104955, 180, 0, 180, 0, 0, 0
11314, 1, 1636469104783, 1636469104955, 172, 0, 172, 0, 0, 0
11315, 1, 1636469104799, 1636469104975, 176, 0, 176, 0, 0, 0
11309, 1, 1636469104819, 1636469104991, 172, 0, 172, 0, 0, 0
11316, 1, 1636469104835, 1636469105011, 176, 0, 176, 0, 0, 0
11317, 1, 1636469104838, 1636469105011, 173, 1, 172, 0, 0, 0
11318, 1, 1636469104854, 1636469105027, 173, 1, 172, 0, 0, 0
11320, 1, 1636469105083, 1636469105255, 172, 0, 172, 0, 0, 0
11321, 1, 1636469105087, 1636469105259, 172, 0, 172, 0, 0, 0
11319, 1, 1636469105095, 1636469105271, 176, 0, 176, 0, 0, 0
11322, 1, 1636469105095, 1636469105271, 176, 0, 176, 0, 0, 0
11323, 1, 1636469105103, 1636469105275, 172, 0, 172, 0, 0, 0
11324, 1, 1636469105103, 1636469105279, 176, 0, 176, 0, 0, 0
11325, 1, 1636469105107, 1636469105279, 172, 0, 172, 0, 0, 0
11326, 1, 1636469105135, 1636469105307, 172, 0, 172, 0, 0, 0
11328, 1, 1636469105179, 1636469105351, 172, 0, 172, 0, 0, 0
11327, 1, 1636469105187, 1636469105359, 172, 0, 172, 0, 0, 0
11329, 1, 1636469105419, 1636469105595, 176, 0, 176, 0, 0, 0
11332, 1, 1636469105439, 1636469105611, 172, 0, 172, 0, 0, 0
11331, 1, 1636469105439, 1636469105611, 172, 0, 172, 0, 0, 0
11333, 1, 1636469105443, 1636469105615, 172, 0, 172, 0, 0, 0
11334, 1, 1636469105459, 1636469105630, 171, 0, 171, 0, 0, 0
11335, 1, 1636469105478, 1636469105651, 173, 1, 172, 0, 0, 0
11336, 1, 1636469105495, 1636469105667, 172, 0, 172, 0, 0, 0
11337, 1, 1636469105503, 1636469105675, 172, 0, 172, 0, 0, 0
11338, 1, 1636469105523, 1636469105695, 172, 0, 172, 0, 0, 0
11339, 1, 1636469105747, 1636469105919, 172, 0, 172, 0, 0, 0
11340, 1, 1636469105759, 1636469105931, 172, 0, 172, 0, 0, 0
11341, 1, 1636469105759, 1636469105931, 172, 0, 172, 0, 0, 0
11342, 1, 1636469105759, 1636469105931, 172, 0, 172, 0, 0, 0
11344, 1, 1636469105771, 1636469105943, 172, 0, 172, 0, 0, 0
11330, 1, 1636469105771, 1636469105943, 172, 0, 172, 0, 0, 0
11343, 1, 1636469105771, 1636469105943, 172, 0, 172, 0, 0, 0
11345, 1, 1636469105775, 1636469105947, 172, 0, 172, 0, 0, 0
11346, 1, 1636469105795, 1636469105967, 172, 0, 172, 0, 0, 0
11347, 1, 1636469105839, 1636469106011, 172, 0, 172, 0, 0, 0
11348, 1, 1636469105843, 1636469106019, 176, 0, 176, 0, 0, 0
11349, 1, 1636469106087, 1636469106259, 172, 0, 172, 0, 0, 0
11350, 1, 1636469106103, 1636469106275, 172, 0, 172, 0, 0, 0
11351, 1, 1636469106103, 1636469106275, 172, 0, 172, 0, 0, 0
11352, 1, 1636469106115, 1636469106287, 172, 0, 172, 0, 0, 0
11353, 1, 1636469106127, 1636469106299, 172, 0, 172, 0, 0, 0
11354, 1, 1636469106147, 1636469106319, 172, 0, 172, 0, 0, 0
11355, 1, 1636469106162, 1636469106335, 173, 1, 172, 0, 0, 0
11356, 1, 1636469106187, 1636469106359, 172, 0, 172, 0, 0, 0
11357, 1, 1636469106194, 1636469106367, 173, 1, 172, 0, 0, 0
11358, 1, 1636469106415, 1636469106587, 172, 0, 172, 0, 0, 0
11359, 1, 1636469106423, 1636469106595, 172, 0, 172, 0, 0, 0
11360, 1, 1636469106423, 1636469106595, 172, 0, 172, 0, 0, 0
11361, 1, 1636469106423, 1636469106595, 172, 0, 172, 0, 0, 0
11362, 1, 1636469106427, 1636469106607, 180, 0, 180, 0, 0, 0
11363, 1, 1636469106435, 1636469106607, 172, 0, 172, 0, 0, 0
11364, 1, 1636469106435, 1636469106611, 176, 0, 176, 0, 0, 0
11365, 1, 1636469106451, 1636469106623, 172, 0, 172, 0, 0, 0
11368, 1, 1636469106507, 1636469106683, 176, 0, 176, 0, 0, 0
11367, 1, 1636469106510, 1636469106683, 173, 1, 172, 0, 0, 0
11369, 1, 1636469106759, 1636469106931, 172, 0, 172, 0, 0, 0
11370, 1, 1636469106775, 1636469106947, 172, 0, 172, 0, 0, 0
11371, 1, 1636469106775, 1636469106947, 172, 0, 172, 0, 0, 0
11366, 1, 1636469106783, 1636469106955, 172, 0, 172, 0, 0, 0
11372, 1, 1636469106783, 1636469106955, 172, 0, 172, 0, 0, 0
11373, 1, 1636469106803, 1636469106975, 172, 0, 172, 0, 0, 0
11374, 1, 1636469106811, 1636469106983, 172, 0, 172, 0, 0, 0
11376, 1, 1636469106839, 1636469107011, 172, 0, 172, 0, 0, 0
11375, 1, 1636469106835, 1636469107011, 176, 0, 176, 0, 0, 0
11378, 1, 1636469107083, 1636469107259, 176, 0, 176, 0, 0, 0
11380, 1, 1636469107087, 1636469107259, 172, 0, 172, 0, 0, 0
11379, 1, 1636469107091, 1636469107263, 172, 0, 172, 0, 0, 0
11381, 1, 1636469107095, 1636469107267, 172, 0, 172, 0, 0, 0
11382, 1, 1636469107095, 1636469107271, 176, 0, 176, 0, 0, 0
11383, 1, 1636469107103, 1636469107275, 172, 0, 172, 0, 0, 0
11385, 1, 1636469107111, 1636469107283, 172, 0, 172, 0, 0, 0
11384, 1, 1636469107111, 1636469107283, 172, 0, 172, 0, 0, 0
11377, 1, 1636469107127, 1636469107303, 176, 0, 176, 0, 0, 0
11386, 1, 1636469107183, 1636469107355, 172, 0, 172, 0, 0, 0
11387, 1, 1636469107183, 1636469107355, 172, 0, 172, 0, 0, 0
11388, 1, 1636469107415, 1636469107587, 172, 0, 172, 0, 0, 0
11389, 1, 1636469107435, 1636469107607, 172, 0, 172, 0, 0, 0
11390, 1, 1636469107443, 1636469107615, 172, 0, 172, 0, 0, 0
11392, 1, 1636469107443, 1636469107615, 172, 0, 172, 0, 0, 0
11391, 1, 1636469107443, 1636469107615, 172, 0, 172, 0, 0, 0
11394, 1, 1636469107471, 1636469107643, 172, 0, 172, 0, 0, 0
11395, 1, 1636469107495, 1636469107671, 176, 0, 176, 0, 0, 0
11396, 1, 1636469107531, 1636469107703, 172, 0, 172, 0, 0, 0
11397, 1, 1636469107747, 1636469107919, 172, 0, 172, 0, 0, 0
11401, 1, 1636469107763, 1636469107935, 172, 0, 172, 0, 0, 0
11399, 1, 1636469107759, 1636469107935, 176, 0, 176, 0, 0, 0
11400, 1, 1636469107763, 1636469107935, 172, 0, 172, 0, 0, 0
11398, 1, 1636469107763, 1636469107943, 180, 0, 180, 0, 0, 0
11403, 1, 1636469107771, 1636469107947, 176, 0, 176, 0, 0, 0
11404, 1, 1636469107775, 1636469107947, 172, 0, 172, 0, 0, 0
11402, 1, 1636469107771, 1636469107951, 180, 0, 180, 0, 0, 0
11405, 1, 1636469107787, 1636469107959, 172, 0, 172, 0, 0, 0
11406, 1, 1636469107839, 1636469108011, 172, 0, 172, 0, 0, 0
11408, 1, 1636469108091, 1636469108263, 172, 0, 172, 0, 0, 0
11411, 1, 1636469108103, 1636469108279, 176, 0, 176, 0, 0, 0
11409, 1, 1636469108107, 1636469108279, 172, 0, 172, 0, 0, 0
11410, 1, 1636469108111, 1636469108287, 176, 0, 176, 0, 0, 0
11407, 1, 1636469108123, 1636469108303, 180, 0, 180, 0, 0, 0
11413, 1, 1636469108139, 1636469108315, 176, 0, 176, 0, 0, 0
11414, 1, 1636469108167, 1636469108339, 172, 0, 172, 0, 0, 0
11415, 1, 1636469108195, 1636469108367, 172, 0, 172, 0, 0, 0
11418, 1, 1636469108423, 1636469108595, 172, 0, 172, 0, 0, 0
11420, 1, 1636469108431, 1636469108603, 172, 0, 172, 0, 0, 0
11419, 1, 1636469108431, 1636469108603, 172, 0, 172, 0, 0, 0
11422, 1, 1636469108435, 1636469108611, 176, 0, 176, 0, 0, 0
11421, 1, 1636469108435, 1636469108611, 176, 0, 176, 0, 0, 0
11423, 1, 1636469108443, 1636469108619, 176, 0, 176, 0, 0, 0
11416, 1, 1636469108455, 1636469108627, 172, 0, 172, 0, 0, 0
11412, 1, 1636469108479, 1636469108655, 176, 0, 176, 0, 0, 0
11425, 1, 1636469108511, 1636469108683, 172, 0, 172, 0, 0, 0
11426, 1, 1636469108751, 1636469108927, 176, 0, 176, 0, 0, 0
11427, 1, 1636469108767, 1636469108943, 176, 0, 176, 0, 0, 0
11428, 1, 1636469108767, 1636469108943, 176, 0, 176, 0, 0, 0
11417, 1, 1636469108767, 1636469108943, 176, 0, 176, 0, 0, 0
11429, 1, 1636469108779, 1636469108951, 172, 0, 172, 0, 0, 0
11430, 1, 1636469108783, 1636469108955, 172, 0, 172, 0, 0, 0
11431, 1, 1636469108807, 1636469108979, 172, 0, 172, 0, 0, 0
11432, 1, 1636469108831, 1636469109003, 172, 0, 172, 0, 0, 0
11424, 1, 1636469108831, 1636469109003, 172, 0, 172, 0, 0, 0
11433, 1, 1636469108859, 1636469109031, 172, 0, 172, 0, 0, 0
11434, 1, 1636469109091, 1636469109267, 176, 0, 176, 0, 0, 0
11435, 1, 1636469109091, 1636469109267, 176, 0, 176, 0, 0, 0
11438, 1, 1636469109103, 1636469109279, 176, 0, 176, 0, 0, 0
11436, 1, 1636469109107, 1636469109279, 172, 0, 172, 0, 0, 0
11440, 1, 1636469109111, 1636469109287, 176, 0, 176, 0, 0, 0
11437, 1, 1636469109103, 1636469109287, 184, 0, 184, 0, 0, 0
11441, 1, 1636469109143, 1636469109315, 172, 0, 172, 0, 0, 0
11442, 1, 1636469109179, 1636469109351, 172, 0, 172, 0, 0, 0
11439, 1, 1636469109207, 1636469109379, 172, 0, 172, 0, 0, 0
11443, 1, 1636469109419, 1636469109591, 172, 0, 172, 0, 0, 0
11444, 1, 1636469109427, 1636469109603, 176, 0, 176, 0, 0, 0
11445, 1, 1636469109439, 1636469109611, 172, 0, 172, 0, 0, 0
11447, 1, 1636469109443, 1636469109619, 176, 0, 176, 0, 0, 0
11448, 1, 1636469109451, 1636469109623, 172, 0, 172, 0, 0, 0
11446, 1, 1636469109467, 1636469109639, 172, 0, 172, 0, 0, 0
11449, 1, 1636469109471, 1636469109647, 176, 0, 176, 0, 0, 0
11450, 1, 1636469109487, 1636469109659, 172, 0, 172, 0, 0, 0
11451, 1, 1636469109495, 1636469109667, 172, 0, 172, 0, 0, 0
11452, 1, 1636469109523, 1636469109695, 172, 0, 172, 0, 0, 0
11453, 1, 1636469109755, 1636469109930, 175, 0, 175, 0, 0, 0
11454, 1, 1636469109759, 1636469109934, 175, 0, 175, 0, 0, 0
11455, 1, 1636469109763, 1636469109938, 175, 0, 175, 0, 0, 0
11456, 1, 1636469109767, 1636469109939, 172, 0, 172, 0, 0, 0
11457, 1, 1636469109775, 1636469109946, 171, 0, 171, 0, 0, 0
11458, 1, 1636469109775, 1636469109946, 171, 0, 171, 0, 0, 0
11459, 1, 1636469109803, 1636469109979, 176, 0, 176, 0, 0, 0
11460, 1, 1636469109843, 1636469110015, 172, 0, 172, 0, 0, 0
11461, 1, 1636469109863, 1636469110039, 176, 0, 176, 0, 0, 0
11462, 1, 1636469109942, 1636469110127, 185, 1, 184, 0, 0, 0
11463, 1, 1636469110082, 1636469110255, 173, 1, 172, 0, 0, 0
11464, 1, 1636469110095, 1636469110270, 175, 0, 175, 0, 0, 0
11465, 1, 1636469110102, 1636469110275, 173, 1, 172, 0, 0, 0
11468, 1, 1636469110135, 1636469110311, 176, 0, 176, 0, 0, 0
11467, 1, 1636469110135, 1636469110314, 179, 0, 179, 0, 0, 0
11469, 1, 1636469110143, 1636469110319, 176, 0, 176, 0, 0, 0
11470, 1, 1636469110155, 1636469110335, 180, 0, 180, 0, 0, 0
11471, 1, 1636469110191, 1636469110363, 172, 0, 172, 0, 0, 0
11472, 1, 1636469110199, 1636469110371, 172, 0, 172, 0, 0, 0
11466, 1, 1636469110214, 1636469110395, 181, 1, 180, 1, 0, 1
11474, 1, 1636469110427, 1636469110598, 171, 0, 171, 0, 0, 0
11473, 1, 1636469110429, 1636469110603, 174, 0, 174, 0, 0, 0
11475, 1, 1636469110439, 1636469110610, 171, 0, 171, 0, 0, 0
11476, 1, 1636469110439, 1636469110614, 175, 0, 175, 0, 0, 0
11478, 1, 1636469110443, 1636469110615, 172, 0, 172, 0, 0, 0
11477, 1, 1636469110444, 1636469110615, 171, 0, 171, 0, 0, 0
11479, 1, 1636469110475, 1636469110647, 172, 0, 172, 0, 0, 0
11480, 1, 1636469110507, 1636469110679, 172, 0, 172, 0, 0, 0
11481, 1, 1636469110535, 1636469110707, 172, 0, 172, 0, 0, 0
11482, 1, 1636469110615, 1636469110787, 172, 0, 172, 0, 0, 0
11483, 1, 1636469110755, 1636469110931, 176, 0, 176, 0, 0, 0
11485, 1, 1636469110767, 1636469110943, 176, 0, 176, 0, 0, 0
11484, 1, 1636469110779, 1636469110963, 184, 0, 184, 0, 0, 0
11488, 1, 1636469110803, 1636469110987, 184, 0, 184, 0, 0, 0
11487, 1, 1636469110803, 1636469110987, 184, 0, 184, 0, 0, 0
11486, 1, 1636469110823, 1636469111003, 180, 0, 180, 0, 0, 0
11489, 1, 1636469110823, 1636469111003, 180, 0, 180, 0, 0, 0
11490, 1, 1636469110843, 1636469111019, 176, 0, 176, 0, 0, 0
11491, 1, 1636469110855, 1636469111030, 175, 0, 175, 0, 0, 0
11492, 1, 1636469110875, 1636469111047, 172, 0, 172, 0, 0, 0
11494, 1, 1636469111095, 1636469111267, 172, 0, 172, 0, 0, 0
11496, 1, 1636469111103, 1636469111275, 172, 0, 172, 0, 0, 0
11495, 1, 1636469111103, 1636469111275, 172, 0, 172, 0, 0, 0
11497, 1, 1636469111111, 1636469111283, 172, 0, 172, 0, 0, 0
11498, 1, 1636469111111, 1636469111283, 172, 0, 172, 0, 0, 0
11499, 1, 1636469111139, 1636469111311, 172, 0, 172, 0, 0, 0
11500, 1, 1636469111179, 1636469111351, 172, 0, 172, 0, 0, 0
11501, 1, 1636469111199, 1636469111375, 176, 0, 176, 0, 0, 0
11493, 1, 1636469111219, 1636469111391, 172, 0, 172, 0, 0, 0
11502, 1, 1636469111283, 1636469111455, 172, 0, 172, 0, 0, 0
11503, 1, 1636469111419, 1636469111591, 172, 0, 172, 0, 0, 0
11504, 1, 1636469111431, 1636469111603, 172, 0, 172, 0, 0, 0
11506, 1, 1636469111471, 1636469111643, 172, 0, 172, 0, 0, 0
11508, 1, 1636469111487, 1636469111659, 172, 1, 171, 0, 0, 0
11509, 1, 1636469111487, 1636469111659, 172, 1, 171, 0, 1, 1
11510, 1, 1636469111503, 1636469111675, 172, 0, 172, 0, 0, 0
11511, 1, 1636469111523, 1636469111695, 172, 0, 172, 0, 0, 0
11512, 1, 1636469111547, 1636469111719, 172, 0, 172, 0, 0, 0
11505, 1, 1636469111563, 1636469111735, 172, 0, 172, 0, 0, 0
11513, 1, 1636469111759, 1636469111935, 176, 0, 176, 0, 0, 0
11515, 1, 1636469111767, 1636469111939, 172, 0, 172, 0, 0, 0
11517, 1, 1636469111779, 1636469111951, 172, 0, 172, 0, 0, 0
11516, 1, 1636469111775, 1636469111951, 176, 0, 176, 0, 0, 0
11518, 1, 1636469111803, 1636469111979, 176, 0, 176, 0, 0, 0
11507, 1, 1636469111815, 1636469111991, 176, 0, 176, 0, 0, 0
11519, 1, 1636469111839, 1636469112015, 176, 0, 176, 0, 0, 0
11520, 1, 1636469111863, 1636469112035, 172, 0, 172, 0, 0, 0
11521, 1, 1636469111879, 1636469112051, 172, 0, 172, 0, 0, 0
11522, 1, 1636469111951, 1636469112127, 176, 0, 176, 0, 0, 0
11523, 1, 1636469112079, 1636469112251, 172, 0, 172, 0, 0, 0
11514, 1, 1636469112115, 1636469112291, 176, 0, 176, 0, 0, 0
11525, 1, 1636469112143, 1636469112315, 172, 0, 172, 0, 0, 0
11526, 1, 1636469112151, 1636469112327, 176, 0, 176, 0, 0, 0
11527, 1, 1636469112159, 1636469112335, 176, 0, 176, 0, 0, 0
11528, 1, 1636469112179, 1636469112351, 172, 0, 172, 0, 0, 0
11529, 1, 1636469112187, 1636469112363, 176, 0, 176, 0, 0, 0
11530, 1, 1636469112207, 1636469112379, 172, 0, 172, 0, 0, 0
11524, 1, 1636469112223, 1636469112399, 176, 0, 176, 0, 0, 0
11532, 1, 1636469112427, 1636469112603, 176, 0, 176, 0, 0, 0
11533, 1, 1636469112439, 1636469112611, 172, 0, 172, 0, 0, 0
11535, 1, 1636469112443, 1636469112619, 176, 0, 176, 0, 0, 0
11534, 1, 1636469112447, 1636469112619, 172, 0, 172, 0, 0, 0
11536, 1, 1636469112471, 1636469112643, 172, 0, 172, 0, 0, 0
11537, 1, 1636469112471, 1636469112643, 172, 0, 172, 0, 0, 0
11539, 1, 1636469112531, 1636469112703, 172, 0, 172, 0, 0, 0
11540, 1, 1636469112543, 1636469112719, 176, 0, 176, 0, 0, 0
11531, 1, 1636469112571, 1636469112743, 172, 0, 172, 0, 0, 0
11541, 1, 1636469112619, 1636469112791, 172, 0, 172, 0, 0, 0
11543, 1, 1636469112778, 1636469112955, 177, 1, 176, 0, 0, 0
11538, 1, 1636469112791, 1636469112963, 172, 0, 172, 0, 0, 0
11544, 1, 1636469112803, 1636469112975, 172, 0, 172, 0, 0, 0
11545, 1, 1636469112819, 1636469112991, 172, 0, 172, 0, 0, 0
11546, 1, 1636469112819, 1636469112991, 172, 0, 172, 0, 0, 0
11542, 1, 1636469112819, 1636469112991, 172, 0, 172, 0, 0, 0
11548, 1, 1636469112855, 1636469113027, 172, 0, 172, 0, 0, 0
11550, 1, 1636469112891, 1636469113063, 172, 0, 172, 0, 0, 0
11551, 1, 1636469113091, 1636469113271, 180, 0, 180, 0, 0, 0
11552, 1, 1636469113099, 1636469113271, 172, 0, 172, 0, 0, 0
11553, 1, 1636469113107, 1636469113279, 172, 0, 172, 0, 0, 0
11554, 1, 1636469113107, 1636469113287, 180, 0, 180, 0, 0, 0
11556, 1, 1636469113135, 1636469113307, 172, 0, 172, 0, 0, 0
11555, 1, 1636469113135, 1636469113307, 172, 0, 172, 0, 0, 0
11549, 1, 1636469113143, 1636469113315, 172, 0, 172, 0, 0, 0
11547, 1, 1636469113171, 1636469113351, 180, 0, 180, 0, 0, 0
11557, 1, 1636469113203, 1636469113379, 176, 0, 176, 0, 0, 0
11559, 1, 1636469113235, 1636469113411, 176, 0, 176, 0, 0, 0
11560, 1, 1636469113279, 1636469113451, 172, 0, 172, 0, 0, 0
11558, 1, 1636469113451, 1636469113623, 172, 0, 172, 0, 0, 0
11562, 1, 1636469113455, 1636469113627, 172, 0, 172, 0, 0, 0
11563, 1, 1636469113475, 1636469113647, 172, 0, 172, 0, 0, 0
11565, 1, 1636469113483, 1636469113655, 172, 0, 172, 0, 0, 0
11564, 1, 1636469113487, 1636469113659, 172, 0, 172, 0, 0, 0
11566, 1, 1636469113495, 1636469113667, 172, 0, 172, 0, 0, 0
11567, 1, 1636469113523, 1636469113695, 172, 0, 172, 0, 0, 0
11569, 1, 1636469113755, 1636469113927, 172, 0, 172, 0, 0, 0
11570, 1, 1636469113763, 1636469113939, 176, 0, 176, 0, 0, 0
11571, 1, 1636469113771, 1636469113947, 176, 0, 176, 0, 0, 0
11572, 1, 1636469113771, 1636469113947, 176, 0, 176, 0, 0, 0
11575, 1, 1636469113803, 1636469113975, 172, 0, 172, 0, 0, 0
11574, 1, 1636469113803, 1636469113975, 172, 0, 172, 0, 0, 0
11573, 1, 1636469113803, 1636469113975, 172, 0, 172, 0, 0, 0
11576, 1, 1636469113835, 1636469114007, 172, 0, 172, 0, 0, 0
11577, 1, 1636469113859, 1636469114035, 176, 0, 176, 0, 0, 0
11579, 1, 1636469113947, 1636469114123, 176, 0, 176, 0, 0, 0
11580, 1, 1636469114107, 1636469114279, 172, 0, 172, 0, 0, 0
11581, 1, 1636469114119, 1636469114295, 176, 0, 176, 0, 0, 0
11582, 1, 1636469114139, 1636469114311, 172, 0, 172, 0, 0, 0
11583, 1, 1636469114147, 1636469114323, 176, 0, 176, 0, 0, 0
11585, 1, 1636469114155, 1636469114331, 176, 0, 176, 0, 0, 0
11584, 1, 1636469114155, 1636469114331, 176, 0, 176, 0, 0, 0
11587, 1, 1636469114423, 1636469114595, 172, 0, 172, 0, 0, 0
11588, 1, 1636469114435, 1636469114607, 172, 0, 172, 0, 0, 0
11589, 1, 1636469114443, 1636469114615, 172, 0, 172, 0, 0, 0
11590, 1, 1636469114443, 1636469114615, 172, 0, 172, 0, 0, 0
11591, 1, 1636469114467, 1636469114639, 172, 0, 172, 0, 0, 0
11592, 1, 1636469114475, 1636469114647, 172, 0, 172, 0, 0, 0
11593, 1, 1636469114475, 1636469114647, 172, 0, 172, 0, 0, 0
11594, 1, 1636469114507, 1636469114679, 172, 0, 172, 0, 0, 0
11586, 1, 1636469114507, 1636469114679, 172, 0, 172, 0, 0, 0
11595, 1, 1636469114531, 1636469114703, 172, 0, 172, 0, 0, 0
11596, 1, 1636469114611, 1636469114783, 172, 0, 172, 0, 0, 0
11597, 1, 1636469114775, 1636469114951, 176, 0, 176, 0, 0, 0
11598, 1, 1636469114783, 1636469114963, 180, 0, 180, 0, 0, 0
11599, 1, 1636469114799, 1636469114975, 176, 0, 176, 0, 0, 0
11601, 1, 1636469114855, 1636469115027, 172, 0, 172, 0, 0, 0
11600, 1, 1636469114855, 1636469115031, 176, 0, 176, 0, 0, 0
11603, 1, 1636469115099, 1636469115271, 172, 0, 172, 0, 0, 0
11604, 1, 1636469115099, 1636469115271, 172, 0, 172, 0, 0, 0
11606, 1, 1636469115111, 1636469115287, 176, 0, 176, 0, 0, 0
11605, 1, 1636469115111, 1636469115287, 176, 0, 176, 0, 0, 0
11607, 1, 1636469115131, 1636469115303, 172, 0, 172, 0, 0, 0
11609, 1, 1636469115139, 1636469115311, 172, 0, 172, 0, 0, 0
11608, 1, 1636469115139, 1636469115311, 172, 0, 172, 0, 0, 0
11612, 1, 1636469115195, 1636469115367, 172, 0, 172, 0, 0, 0
11611, 1, 1636469115203, 1636469115375, 172, 0, 172, 0, 0, 0
11613, 1, 1636469115283, 1636469115455, 172, 0, 172, 0, 0, 0
11614, 1, 1636469115439, 1636469115611, 172, 0, 172, 0, 0, 0
11615, 1, 1636469115451, 1636469115623, 172, 0, 172, 0, 0, 0
11616, 1, 1636469115471, 1636469115647, 176, 0, 176, 0, 0, 0
11617, 1, 1636469115511, 1636469115683, 172, 0, 172, 0, 0, 0
11620, 1, 1636469115759, 1636469115935, 176, 0, 176, 0, 0, 0
11621, 1, 1636469115771, 1636469115943, 172, 0, 172, 0, 0, 0
11622, 1, 1636469115771, 1636469115943, 172, 0, 172, 0, 0, 0
11619, 1, 1636469115787, 1636469115959, 172, 0, 172, 0, 0, 0
11623, 1, 1636469115799, 1636469115971, 172, 0, 172, 0, 0, 0
11625, 1, 1636469115803, 1636469115979, 176, 0, 176, 0, 0, 0
11624, 1, 1636469115807, 1636469115979, 172, 0, 172, 0, 0, 0
11627, 1, 1636469115859, 1636469116031, 172, 0, 172, 0, 0, 0
11628, 1, 1636469115943, 1636469116119, 176, 0, 176, 0, 0, 0
11629, 1, 1636469116063, 1636469116239, 176, 0, 176, 0, 0, 0
11630, 1, 1636469116067, 1636469116239, 172, 0, 172, 0, 0, 0
11631, 1, 1636469116107, 1636469116283, 176, 0, 176, 0, 0, 0
11632, 1, 1636469116123, 1636469116295, 172, 0, 172, 0, 0, 0
11633, 1, 1636469116143, 1636469116315, 172, 0, 172, 0, 0, 0
11634, 1, 1636469116179, 1636469116351, 172, 0, 172, 0, 0, 0
11635, 1, 1636469116415, 1636469116587, 172, 0, 172, 0, 0, 0
11636, 1, 1636469116427, 1636469116599, 172, 0, 172, 0, 0, 0
11637, 1, 1636469116435, 1636469116607, 172, 0, 172, 0, 0, 0
11639, 1, 1636469116443, 1636469116615, 172, 0, 172, 0, 0, 0
11640, 1, 1636469116463, 1636469116635, 172, 0, 172, 0, 0, 0
11642, 1, 1636469116467, 1636469116639, 172, 0, 172, 0, 0, 0
11641, 1, 1636469116467, 1636469116639, 172, 0, 172, 0, 0, 0
11643, 1, 1636469116527, 1636469116699, 172, 0, 172, 0, 0, 0
11644, 1, 1636469116611, 1636469116787, 176, 0, 176, 0, 0, 0
11645, 1, 1636469116723, 1636469116895, 172, 0, 172, 0, 0, 0
11646, 1, 1636469116723, 1636469116899, 176, 0, 176, 0, 0, 0
11647, 1, 1636469116779, 1636469116951, 172, 0, 172, 0, 0, 0
11638, 1, 1636469116783, 1636469116955, 172, 0, 172, 0, 0, 0
11648, 1, 1636469116791, 1636469116963, 172, 0, 172, 0, 0, 0
11649, 1, 1636469116803, 1636469116979, 176, 0, 176, 0, 0, 0
11650, 1, 1636469116843, 1636469117015, 172, 0, 172, 0, 0, 0
11652, 1, 1636469117095, 1636469117267, 172, 0, 172, 0, 0, 0
11651, 1, 1636469117083, 1636469117267, 184, 0, 184, 0, 0, 0
11653, 1, 1636469117107, 1636469117279, 172, 0, 172, 0, 0, 0
11654, 1, 1636469117111, 1636469117287, 176, 0, 176, 0, 0, 0
11655, 1, 1636469117131, 1636469117303, 172, 0, 172, 0, 0, 0
11657, 1, 1636469117135, 1636469117307, 172, 0, 172, 0, 0, 0
11656, 1, 1636469117135, 1636469117307, 172, 0, 172, 0, 0, 0
11658, 1, 1636469117179, 1636469117355, 176, 0, 176, 0, 0, 0
11659, 1, 1636469117195, 1636469117367, 172, 0, 172, 0, 0, 0
11660, 1, 1636469117279, 1636469117451, 172, 0, 172, 0, 0, 0
11661, 1, 1636469117387, 1636469117559, 172, 0, 172, 0, 0, 0
11662, 1, 1636469117395, 1636469117567, 172, 0, 172, 0, 0, 0
11663, 1, 1636469117439, 1636469117611, 172, 0, 172, 0, 0, 0
11665, 1, 1636469117455, 1636469117627, 172, 0, 172, 0, 0, 0
11666, 1, 1636469117471, 1636469117647, 176, 0, 176, 0, 0, 0
11667, 1, 1636469117511, 1636469117683, 172, 0, 172, 0, 0, 0
11668, 1, 1636469117531, 1636469117703, 172, 0, 172, 0, 0, 0
11669, 1, 1636469117755, 1636469117927, 172, 0, 172, 0, 0, 0
11670, 1, 1636469117758, 1636469117931, 173, 1, 172, 0, 0, 0
11671, 1, 1636469117763, 1636469117935, 172, 0, 172, 0, 0, 0
11675, 1, 1636469117803, 1636469117975, 172, 0, 172, 0, 0, 0
11674, 1, 1636469117803, 1636469117975, 172, 0, 172, 0, 0, 0
11676, 1, 1636469117835, 1636469118007, 172, 0, 172, 0, 0, 0
11677, 1, 1636469117859, 1636469118031, 172, 0, 172, 0, 0, 0
11678, 1, 1636469117879, 1636469118051, 172, 0, 172, 0, 0, 0
11679, 1, 1636469117943, 1636469118115, 172, 0, 172, 0, 0, 0
11680, 1, 1636469118055, 1636469118227, 172, 0, 172, 0, 0, 0
11681, 1, 1636469118055, 1636469118227, 172, 0, 172, 0, 0, 0
11682, 1, 1636469118103, 1636469118275, 172, 0, 172, 0, 0, 0
11672, 1, 1636469118107, 1636469118279, 172, 0, 172, 0, 0, 0
11683, 1, 1636469118115, 1636469118287, 172, 0, 172, 0, 0, 0
11684, 1, 1636469118151, 1636469118322, 171, 0, 171, 0, 0, 0
11685, 1, 1636469118171, 1636469118347, 176, 0, 176, 0, 0, 0
11686, 1, 1636469118179, 1636469118351, 172, 0, 172, 0, 0, 0
11687, 1, 1636469118223, 1636469118399, 176, 0, 176, 0, 0, 0
11688, 1, 1636469118419, 1636469118591, 172, 0, 172, 0, 0, 0
11690, 1, 1636469118435, 1636469118607, 172, 0, 172, 0, 0, 0
11692, 1, 1636469118467, 1636469118639, 172, 0, 172, 0, 0, 0
11691, 1, 1636469118467, 1636469118643, 176, 0, 176, 0, 0, 0
11693, 1, 1636469118507, 1636469118679, 172, 0, 172, 0, 0, 0
11689, 1, 1636469118527, 1636469118699, 172, 0, 172, 0, 0, 0
11696, 1, 1636469118607, 1636469118779, 172, 0, 172, 0, 0, 0
11697, 1, 1636469118719, 1636469118891, 172, 0, 172, 0, 0, 0
11698, 1, 1636469118723, 1636469118895, 172, 0, 172, 0, 0, 0
11699, 1, 1636469118763, 1636469118939, 176, 0, 176, 0, 0, 0
11700, 1, 1636469118771, 1636469118947, 176, 0, 176, 0, 0, 0
11702, 1, 1636469118807, 1636469118979, 172, 0, 172, 0, 0, 0
11703, 1, 1636469118843, 1636469119019, 176, 0, 176, 0, 0, 0
11704, 1, 1636469118851, 1636469119027, 176, 0, 176, 0, 0, 0
11695, 1, 1636469118871, 1636469119043, 172, 0, 172, 0, 0, 0
11706, 1, 1636469119087, 1636469119263, 176, 0, 176, 0, 0, 0
11707, 1, 1636469119103, 1636469119275, 172, 0, 172, 0, 0, 0
11708, 1, 1636469119135, 1636469119307, 172, 0, 172, 0, 0, 0
11709, 1, 1636469119155, 1636469119327, 172, 0, 172, 0, 0, 0
11710, 1, 1636469119171, 1636469119343, 172, 0, 172, 0, 0, 0
11711, 1, 1636469119179, 1636469119355, 176, 0, 176, 0, 0, 0
11705, 1, 1636469119215, 1636469119391, 176, 0, 176, 0, 0, 0
11714, 1, 1636469119387, 1636469119559, 172, 0, 172, 0, 0, 0
11715, 1, 1636469119431, 1636469119603, 172, 0, 172, 0, 0, 0
11716, 1, 1636469119435, 1636469119607, 172, 0, 172, 0, 0, 0
11717, 1, 1636469119471, 1636469119643, 172, 0, 172, 0, 0, 0
11718, 1, 1636469119507, 1636469119683, 176, 0, 176, 0, 0, 0
11719, 1, 1636469119515, 1636469119691, 176, 0, 176, 0, 0, 0
11713, 1, 1636469119531, 1636469119703, 172, 0, 172, 0, 0, 0
11721, 1, 1636469119755, 1636469119927, 172, 0, 172, 0, 0, 0
11722, 1, 1636469119767, 1636469119939, 172, 0, 172, 0, 0, 0
11723, 1, 1636469119799, 1636469119975, 176, 0, 176, 0, 0, 0
11724, 1, 1636469119799, 1636469119975, 176, 0, 176, 0, 0, 0
11725, 1, 1636469119811, 1636469119983, 172, 0, 172, 0, 0, 0
11726, 1, 1636469119835, 1636469120011, 176, 0, 176, 0, 0, 0
11727, 1, 1636469119843, 1636469120019, 176, 0, 176, 0, 0, 0
11720, 1, 1636469119879, 1636469120051, 172, 0, 172, 0, 0, 0
11729, 1, 1636469120055, 1636469120227, 172, 0, 172, 0, 0, 0
11730, 1, 1636469120095, 1636469120267, 172, 0, 172, 0, 0, 0
11731, 1, 1636469120103, 1636469120275, 172, 0, 172, 0, 0, 0
11733, 1, 1636469120143, 1636469120315, 172, 0, 172, 0, 0, 0
11734, 1, 1636469120175, 1636469120347, 172, 0, 172, 0, 0, 0
11735, 1, 1636469120191, 1636469120367, 176, 0, 176, 0, 0, 0
11736, 1, 1636469120191, 1636469120367, 176, 0, 176, 0, 0, 0
11728, 1, 1636469120223, 1636469120399, 176, 0, 176, 0, 0, 0
11737, 1, 1636469120423, 1636469120599, 176, 0, 176, 0, 0, 0
11738, 1, 1636469120435, 1636469120611, 176, 0, 176, 0, 0, 0
11739, 1, 1636469120463, 1636469120635, 172, 0, 172, 0, 0, 0
11740, 1, 1636469120467, 1636469120639, 172, 0, 172, 0, 0, 0
11741, 1, 1636469120475, 1636469120647, 172, 0, 172, 0, 0, 0
11743, 1, 1636469120507, 1636469120679, 172, 0, 172, 0, 0, 0
11744, 1, 1636469120531, 1636469120703, 172, 0, 172, 0, 0, 0
11745, 1, 1636469120715, 1636469120887, 172, 0, 172, 0, 0, 0
11746, 1, 1636469120759, 1636469120935, 176, 0, 176, 0, 0, 0
11747, 1, 1636469120767, 1636469120943, 176, 0, 176, 0, 0, 0
11748, 1, 1636469120799, 1636469120971, 172, 0, 172, 0, 0, 0
11749, 1, 1636469120839, 1636469121011, 172, 0, 172, 0, 0, 0
11750, 1, 1636469120851, 1636469121023, 172, 0, 172, 0, 0, 0
11751, 1, 1636469120855, 1636469121027, 172, 0, 172, 0, 0, 0
11752, 1, 1636469120875, 1636469121051, 176, 0, 176, 0, 0, 0
11753, 1, 1636469120879, 1636469121051, 172, 0, 172, 0, 0, 0
11754, 1, 1636469121087, 1636469121259, 172, 0, 172, 0, 0, 0
11755, 1, 1636469121103, 1636469121275, 172, 0, 172, 0, 0, 0
11756, 1, 1636469121127, 1636469121299, 172, 0, 172, 0, 0, 0
11757, 1, 1636469121130, 1636469121303, 173, 1, 172, 0, 0, 0
11761, 1, 1636469121199, 1636469121371, 172, 0, 172, 0, 0, 0
11760, 1, 1636469121199, 1636469121371, 172, 0, 172, 0, 0, 0
11762, 1, 1636469121391, 1636469121563, 172, 0, 172, 0, 0, 0
11763, 1, 1636469121423, 1636469121595, 172, 0, 172, 0, 0, 0
11764, 1, 1636469121435, 1636469121607, 172, 0, 172, 0, 0, 0
11765, 1, 1636469121463, 1636469121635, 172, 0, 172, 0, 0, 0
11766, 1, 1636469121507, 1636469121679, 172, 0, 172, 0, 0, 0
11768, 1, 1636469121515, 1636469121687, 172, 0, 172, 0, 0, 0
11767, 1, 1636469121519, 1636469121691, 172, 0, 172, 0, 0, 0
11769, 1, 1636469121535, 1636469121707, 172, 0, 172, 0, 0, 0
11770, 1, 1636469121543, 1636469121715, 172, 0, 172, 0, 0, 0
11771, 1, 1636469121627, 1636469121799, 172, 0, 172, 0, 0, 0
11772, 1, 1636469121755, 1636469121931, 176, 0, 176, 0, 0, 0
11773, 1, 1636469121767, 1636469121943, 176, 0, 176, 0, 0, 0
11774, 1, 1636469121795, 1636469121967, 172, 0, 172, 0, 0, 0
11775, 1, 1636469121799, 1636469121971, 172, 0, 172, 0, 0, 0
11776, 1, 1636469121851, 1636469122023, 172, 0, 172, 0, 0, 0
11777, 1, 1636469121863, 1636469122035, 172, 0, 172, 0, 0, 0
11778, 1, 1636469122051, 1636469122223, 172, 0, 172, 0, 0, 0
11779, 1, 1636469122091, 1636469122267, 176, 0, 176, 0, 0, 0
11780, 1, 1636469122099, 1636469122275, 176, 0, 176, 0, 0, 0
11781, 1, 1636469122123, 1636469122299, 176, 0, 176, 0, 0, 0
11782, 1, 1636469122175, 1636469122347, 172, 0, 172, 0, 0, 0
11783, 1, 1636469122183, 1636469122355, 172, 0, 172, 0, 0, 0
11784, 1, 1636469122187, 1636469122363, 176, 0, 176, 0, 0, 0
11785, 1, 1636469122199, 1636469122371, 172, 0, 172, 0, 0, 0
11786, 1, 1636469122215, 1636469122387, 172, 0, 172, 0, 0, 0
11742, 1, 1636469122231, 1636469122403, 172, 0, 172, 0, 0, 0
11789, 1, 1636469122431, 1636469122603, 172, 0, 172, 0, 0, 0
11791, 1, 1636469122463, 1636469122635, 172, 0, 172, 0, 0, 0
11790, 1, 1636469122463, 1636469122635, 172, 0, 172, 0, 0, 0
11788, 1, 1636469122527, 1636469122699, 172, 0, 172, 0, 0, 0
11794, 1, 1636469122531, 1636469122707, 176, 0, 176, 0, 0, 0
11787, 1, 1636469122539, 1636469122715, 176, 0, 176, 0, 0, 0
11793, 1, 1636469122579, 1636469122751, 172, 0, 172, 0, 0, 0
11795, 1, 1636469122719, 1636469122891, 172, 0, 172, 0, 0, 0
11796, 1, 1636469122755, 1636469122927, 172, 0, 172, 0, 0, 0
11797, 1, 1636469122771, 1636469122943, 172, 0, 172, 0, 0, 0
11798, 1, 1636469122799, 1636469122975, 176, 0, 176, 0, 0, 0
11799, 1, 1636469122843, 1636469123015, 172, 0, 172, 0, 0, 0
11801, 1, 1636469122851, 1636469123023, 172, 0, 172, 0, 0, 0
11802, 1, 1636469122867, 1636469123039, 172, 0, 172, 0, 0, 0
11804, 1, 1636469122887, 1636469123063, 176, 0, 176, 0, 0, 0
11803, 1, 1636469122883, 1636469123063, 180, 0, 180, 0, 0, 0
11800, 1, 1636469122927, 1636469123099, 172, 0, 172, 0, 0, 0
11805, 1, 1636469123099, 1636469123271, 172, 0, 172, 0, 0, 0
11806, 1, 1636469123127, 1636469123299, 172, 0, 172, 0, 0, 0
11807, 1, 1636469123135, 1636469123307, 172, 0, 172, 0, 0, 0
11809, 1, 1636469123203, 1636469123375, 172, 0, 172, 0, 0, 0
11792, 1, 1636469123231, 1636469123403, 172, 0, 172, 0, 0, 0
11811, 1, 1636469123239, 1636469123411, 172, 0, 172, 0, 0, 0
11810, 1, 1636469123275, 1636469123447, 172, 0, 172, 0, 0, 0
11812, 1, 1636469123391, 1636469123563, 172, 0, 172, 0, 0, 0
11813, 1, 1636469123423, 1636469123595, 172, 0, 172, 0, 0, 0
11814, 1, 1636469123431, 1636469123603, 172, 0, 172, 0, 0, 0
11808, 1, 1636469123447, 1636469123619, 172, 0, 172, 0, 0, 0
11815, 1, 1636469123455, 1636469123631, 176, 0, 176, 0, 0, 0
11817, 1, 1636469123499, 1636469123671, 172, 0, 172, 0, 0, 0
11818, 1, 1636469123507, 1636469123679, 172, 0, 172, 0, 0, 0
11819, 1, 1636469123515, 1636469123687, 172, 0, 172, 0, 0, 0
11820, 1, 1636469123534, 1636469123711, 177, 1, 176, 0, 0, 0
11822, 1, 1636469123550, 1636469123723, 173, 1, 172, 0, 0, 0
11823, 1, 1636469123583, 1636469123755, 172, 0, 172, 0, 0, 0
11821, 1, 1636469123623, 1636469123795, 172, 0, 172, 0, 0, 0
11824, 1, 1636469123763, 1636469123939, 176, 0, 176, 0, 0, 0
11825, 1, 1636469123795, 1636469123971, 176, 0, 176, 0, 0, 0
11826, 1, 1636469123795, 1636469123971, 176, 0, 176, 0, 0, 0
11816, 1, 1636469123843, 1636469124015, 172, 0, 172, 0, 0, 0
11827, 1, 1636469123867, 1636469124043, 176, 0, 176, 0, 0, 0
11830, 1, 1636469123930, 1636469124107, 177, 1, 176, 0, 0, 0
11831, 1, 1636469124055, 1636469124231, 176, 0, 176, 0, 0, 0
11832, 1, 1636469124095, 1636469124267, 172, 0, 172, 0, 0, 0
11833, 1, 1636469124103, 1636469124275, 172, 0, 172, 0, 0, 0
11834, 1, 1636469124111, 1636469124287, 176, 0, 176, 0, 0, 0
11835, 1, 1636469124123, 1636469124295, 172, 0, 172, 0, 0, 0
11836, 1, 1636469124155, 1636469124327, 172, 0, 172, 0, 0, 0
11837, 1, 1636469124170, 1636469124343, 173, 1, 172, 0, 0, 0
11838, 1, 1636469124183, 1636469124355, 172, 0, 172, 0, 0, 0
11828, 1, 1636469124190, 1636469124363, 173, 1, 172, 0, 0, 0
11839, 1, 1636469124199, 1636469124375, 176, 0, 176, 0, 0, 0
11840, 1, 1636469124219, 1636469124395, 176, 0, 176, 0, 0, 0
11829, 1, 1636469124219, 1636469124395, 176, 0, 176, 0, 0, 0
11841, 1, 1636469124247, 1636469124419, 172, 0, 172, 0, 0, 0
11842, 1, 1636469124283, 1636469124459, 176, 0, 176, 0, 0, 0
11843, 1, 1636469124431, 1636469124603, 172, 0, 172, 0, 0, 0
11844, 1, 1636469124467, 1636469124639, 172, 0, 172, 0, 0, 0
11845, 1, 1636469124467, 1636469124639, 172, 0, 172, 0, 0, 0
11846, 1, 1636469124499, 1636469124671, 172, 0, 172, 0, 0, 0
11847, 1, 1636469124571, 1636469124743, 172, 0, 172, 0, 0, 0
11848, 1, 1636469124595, 1636469124767, 172, 0, 172, 0, 0, 0
11849, 1, 1636469124715, 1636469124887, 172, 0, 172, 0, 0, 0
11850, 1, 1636469124755, 1636469124927, 172, 0, 172, 0, 0, 0
11851, 1, 1636469124763, 1636469124935, 172, 0, 172, 0, 0, 0
11852, 1, 1636469124770, 1636469124943, 173, 1, 172, 0, 0, 0
11854, 1, 1636469124819, 1636469124991, 172, 0, 172, 0, 0, 0
11855, 1, 1636469124839, 1636469125011, 172, 0, 172, 0, 0, 0
11856, 1, 1636469124847, 1636469125019, 172, 0, 172, 0, 0, 0
11857, 1, 1636469124851, 1636469125023, 172, 0, 172, 0, 0, 0
11858, 1, 1636469124866, 1636469125043, 177, 1, 176, 0, 0, 0
11860, 1, 1636469124883, 1636469125055, 172, 0, 172, 0, 0, 0
11859, 1, 1636469124915, 1636469125087, 172, 0, 172, 0, 0, 0
11861, 1, 1636469124915, 1636469125087, 172, 0, 172, 0, 0, 0
11853, 1, 1636469124939, 1636469125111, 172, 0, 172, 0, 0, 0
11863, 1, 1636469125095, 1636469125267, 172, 0, 172, 0, 0, 0
11865, 1, 1636469125127, 1636469125303, 176, 0, 176, 0, 0, 0
11864, 1, 1636469125131, 1636469125311, 180, 0, 180, 0, 0, 0
11866, 1, 1636469125167, 1636469125343, 176, 0, 176, 0, 0, 0
11867, 1, 1636469125235, 1636469125411, 176, 0, 176, 0, 0, 0
11868, 1, 1636469125263, 1636469125439, 176, 0, 176, 0, 0, 0
11862, 1, 1636469125287, 1636469125459, 172, 0, 172, 0, 0, 0
11869, 1, 1636469125387, 1636469125559, 172, 0, 172, 0, 0, 0
11870, 1, 1636469125423, 1636469125595, 172, 0, 172, 0, 0, 0
11871, 1, 1636469125435, 1636469125607, 172, 0, 172, 0, 0, 0
11872, 1, 1636469125439, 1636469125611, 172, 0, 172, 0, 0, 0
11873, 1, 1636469125483, 1636469125655, 172, 0, 172, 0, 0, 0
11875, 1, 1636469125511, 1636469125683, 172, 0, 172, 0, 0, 0
11874, 1, 1636469125511, 1636469125683, 172, 0, 172, 0, 0, 0
11876, 1, 1636469125523, 1636469125695, 172, 0, 172, 0, 0, 0
11877, 1, 1636469125535, 1636469125707, 172, 0, 172, 0, 0, 0
11878, 1, 1636469125547, 1636469125719, 172, 0, 172, 0, 0, 0
11880, 1, 1636469125579, 1636469125751, 172, 0, 172, 0, 0, 0
11879, 1, 1636469125591, 1636469125763, 172, 0, 172, 0, 0, 0
11882, 1, 1636469125763, 1636469125935, 172, 0, 172, 0, 0, 0
11881, 1, 1636469125779, 1636469125951, 172, 0, 172, 0, 0, 0
11884, 1, 1636469125795, 1636469125967, 172, 0, 172, 0, 0, 0
11883, 1, 1636469125799, 1636469125975, 176, 0, 176, 0, 0, 0
11885, 1, 1636469125831, 1636469126003, 172, 0, 172, 0, 0, 0
11886, 1, 1636469125899, 1636469126071, 172, 0, 172, 0, 0, 0
11887, 1, 1636469125931, 1636469126103, 172, 0, 172, 0, 0, 0
11890, 1, 1636469126091, 1636469126267, 176, 0, 176, 0, 0, 0
11891, 1, 1636469126099, 1636469126275, 176, 0, 176, 0, 0, 0
11892, 1, 1636469126107, 1636469126283, 176, 0, 176, 0, 0, 0
11888, 1, 1636469126127, 1636469126303, 176, 0, 176, 0, 0, 0
11889, 1, 1636469126147, 1636469126319, 172, 0, 172, 0, 0, 0
11893, 1, 1636469126159, 1636469126331, 172, 0, 172, 0, 0, 0
11894, 1, 1636469126175, 1636469126347, 172, 0, 172, 0, 0, 0
11895, 1, 1636469126179, 1636469126359, 180, 0, 180, 0, 0, 0
11896, 1, 1636469126187, 1636469126367, 180, 0, 180, 0, 0, 0
11897, 1, 1636469126203, 1636469126375, 172, 0, 172, 0, 0, 0
11898, 1, 1636469126219, 1636469126395, 176, 0, 176, 0, 0, 0
11899, 1, 1636469126251, 1636469126423, 172, 0, 172, 0, 0, 0
11902, 1, 1636469126439, 1636469126611, 172, 0, 172, 0, 0, 0
11901, 1, 1636469126439, 1636469126611, 172, 0, 172, 0, 0, 0
11904, 1, 1636469126467, 1636469126639, 172, 0, 172, 0, 0, 0
11903, 1, 1636469126471, 1636469126647, 176, 0, 176, 0, 0, 0
11900, 1, 1636469126479, 1636469126651, 172, 0, 172, 0, 0, 0
11906, 1, 1636469126567, 1636469126743, 176, 0, 176, 0, 0, 0
11907, 1, 1636469126595, 1636469126771, 176, 0, 176, 0, 0, 0
11908, 1, 1636469126759, 1636469126931, 172, 0, 172, 0, 0, 0
11909, 1, 1636469126767, 1636469126939, 172, 0, 172, 0, 0, 0
11910, 1, 1636469126775, 1636469126947, 172, 0, 172, 0, 0, 0
11911, 1, 1636469126791, 1636469126963, 172, 0, 172, 0, 0, 0
11912, 1, 1636469126807, 1636469126979, 172, 0, 172, 0, 0, 0
11913, 1, 1636469126815, 1636469126995, 180, 0, 180, 0, 0, 0
11914, 1, 1636469126839, 1636469127011, 172, 0, 172, 0, 0, 0
11915, 1, 1636469126839, 1636469127011, 172, 0, 172, 0, 0, 0
11916, 1, 1636469126855, 1636469127027, 172, 0, 172, 0, 0, 0
11917, 1, 1636469126867, 1636469127039, 172, 0, 172, 0, 0, 0
11918, 1, 1636469126883, 1636469127055, 172, 0, 172, 0, 0, 0
11919, 1, 1636469126919, 1636469127091, 172, 0, 172, 0, 0, 0
11920, 1, 1636469127095, 1636469127267, 172, 0, 172, 0, 0, 0
11921, 1, 1636469127099, 1636469127275, 176, 0, 176, 0, 0, 0
11922, 1, 1636469127131, 1636469127303, 172, 0, 172, 0, 0, 0
11924, 1, 1636469127139, 1636469127311, 172, 0, 172, 0, 0, 0
11923, 1, 1636469127139, 1636469127315, 176, 0, 176, 0, 0, 0
11925, 1, 1636469127239, 1636469127411, 172, 0, 172, 0, 0, 0
11926, 1, 1636469127267, 1636469127439, 172, 0, 172, 0, 0, 0
11927, 1, 1636469127423, 1636469127595, 172, 0, 172, 0, 0, 0
11928, 1, 1636469127431, 1636469127603, 172, 0, 172, 0, 0, 0
11929, 1, 1636469127435, 1636469127607, 172, 0, 172, 0, 0, 0
11930, 1, 1636469127455, 1636469127631, 176, 0, 176, 0, 0, 0
11931, 1, 1636469127471, 1636469127643, 172, 0, 172, 0, 0, 0
11932, 1, 1636469127487, 1636469127659, 172, 0, 172, 0, 0, 0
11933, 1, 1636469127503, 1636469127679, 176, 0, 176, 0, 0, 0
11934, 1, 1636469127507, 1636469127679, 172, 0, 172, 0, 0, 0
11935, 1, 1636469127515, 1636469127687, 172, 0, 172, 0, 0, 0
11936, 1, 1636469127531, 1636469127703, 172, 0, 172, 0, 0, 0
11937, 1, 1636469127547, 1636469127719, 172, 0, 172, 0, 0, 0
11938, 1, 1636469127583, 1636469127754, 171, 0, 171, 0, 0, 0
11939, 1, 1636469127762, 1636469127935, 173, 1, 172, 1, 0, 1
11940, 1, 1636469127766, 1636469127943, 177, 1, 176, 0, 0, 0
11941, 1, 1636469127795, 1636469127967, 172, 0, 172, 0, 0, 0
11942, 1, 1636469127803, 1636469127979, 176, 0, 176, 0, 0, 0
11943, 1, 1636469127803, 1636469127979, 176, 0, 176, 0, 0, 0
11944, 1, 1636469127899, 1636469128075, 176, 0, 176, 0, 0, 0
11945, 1, 1636469127935, 1636469128115, 180, 0, 180, 0, 0, 0
11946, 1, 1636469128083, 1636469128259, 176, 0, 176, 0, 0, 0
11947, 1, 1636469128099, 1636469128271, 172, 0, 172, 0, 0, 0
11948, 1, 1636469128111, 1636469128287, 176, 0, 176, 0, 0, 0
11949, 1, 1636469128118, 1636469128291, 173, 1, 172, 0, 0, 0
11950, 1, 1636469128139, 1636469128311, 172, 0, 172, 0, 0, 0
11951, 1, 1636469128151, 1636469128323, 172, 0, 172, 0, 0, 0
11952, 1, 1636469128175, 1636469128347, 172, 0, 172, 0, 0, 0
11953, 1, 1636469128175, 1636469128347, 172, 0, 172, 0, 0, 0
11954, 1, 1636469128187, 1636469128359, 172, 0, 172, 0, 0, 0
11955, 1, 1636469128199, 1636469128371, 172, 0, 172, 0, 0, 0
11956, 1, 1636469128215, 1636469128387, 172, 0, 172, 0, 0, 0
11957, 1, 1636469128255, 1636469128431, 176, 0, 176, 0, 0, 0
11958, 1, 1636469128431, 1636469128607, 176, 0, 176, 0, 0, 0
11959, 1, 1636469128431, 1636469128607, 176, 0, 176, 0, 0, 0
11960, 1, 1636469128462, 1636469128635, 173, 1, 172, 1, 0, 1
11962, 1, 1636469128466, 1636469128639, 173, 1, 172, 0, 0, 0
11961, 1, 1636469128466, 1636469128639, 173, 1, 172, 1, 0, 1
11963, 1, 1636469128563, 1636469128735, 172, 0, 172, 0, 0, 0
11964, 1, 1636469128599, 1636469128771, 172, 0, 172, 0, 0, 0
11966, 1, 1636469128759, 1636469128935, 176, 0, 176, 0, 0, 0
11967, 1, 1636469128771, 1636469128943, 172, 0, 172, 0, 0, 0
11969, 1, 1636469128799, 1636469128971, 172, 0, 172, 0, 0, 0
11970, 1, 1636469128815, 1636469128991, 176, 0, 176, 0, 0, 0
11965, 1, 1636469128819, 1636469128999, 180, 0, 180, 0, 0, 0
11972, 1, 1636469128839, 1636469129019, 180, 0, 180, 0, 0, 0
11971, 1, 1636469128835, 1636469129019, 184, 0, 184, 0, 0, 0
11973, 1, 1636469128847, 1636469129027, 180, 0, 180, 0, 0, 0
11974, 1, 1636469128863, 1636469129039, 176, 0, 176, 0, 0, 0
11975, 1, 1636469128879, 1636469129051, 172, 0, 172, 0, 0, 0
11968, 1, 1636469128911, 1636469129087, 176, 0, 176, 0, 0, 0
11977, 1, 1636469128995, 1636469129167, 172, 0, 172, 0, 0, 0
11978, 1, 1636469129098, 1636469129271, 173, 1, 172, 0, 0, 0
11979, 1, 1636469129098, 1636469129271, 173, 1, 172, 1, 0, 1
11981, 1, 1636469129135, 1636469129307, 172, 0, 172, 0, 0, 0
11980, 1, 1636469129135, 1636469129307, 172, 0, 172, 0, 0, 0
11982, 1, 1636469129143, 1636469129315, 172, 0, 172, 0, 0, 0
11983, 1, 1636469129234, 1636469129407, 173, 1, 172, 0, 0, 0
11984, 1, 1636469129259, 1636469129435, 176, 0, 176, 0, 0, 0
11976, 1, 1636469129259, 1636469129435, 176, 0, 176, 0, 0, 0
11985, 1, 1636469129427, 1636469129599, 172, 0, 172, 0, 0, 0
11986, 1, 1636469129447, 1636469129619, 172, 0, 172, 0, 0, 0
11987, 1, 1636469129467, 1636469129639, 172, 0, 172, 0, 0, 0
11988, 1, 1636469129475, 1636469129647, 172, 0, 172, 0, 0, 0
11989, 1, 1636469129483, 1636469129659, 176, 0, 176, 0, 0, 0
11990, 1, 1636469129499, 1636469129671, 172, 0, 172, 0, 0, 0
11991, 1, 1636469129503, 1636469129679, 176, 0, 176, 0, 0, 0
11993, 1, 1636469129523, 1636469129695, 172, 0, 172, 0, 0, 0
11994, 1, 1636469129543, 1636469129715, 172, 0, 172, 0, 0, 0
11995, 1, 1636469129567, 1636469129739, 172, 0, 172, 0, 0, 0
11996, 1, 1636469129651, 1636469129823, 172, 0, 172, 0, 0, 0
11997, 1, 1636469129759, 1636469129931, 172, 0, 172, 0, 0, 0
11998, 1, 1636469129763, 1636469129935, 172, 0, 172, 0, 0, 0
11999, 1, 1636469129795, 1636469129967, 172, 0, 172, 0, 0, 0
11992, 1, 1636469129823, 1636469129995, 172, 0, 172, 0, 0, 0
12001, 1, 1636469129875, 1636469130047, 172, 0, 172, 0, 0, 0
12002, 1, 1636469129895, 1636469130067, 172, 0, 172, 0, 0, 0
12003, 1, 1636469129915, 1636469130087, 172, 0, 172, 0, 0, 0
12004, 1, 1636469129926, 1636469130099, 173, 1, 172, 0, 0, 0
12005, 1, 1636469130091, 1636469130263, 172, 0, 172, 0, 0, 0
12006, 1, 1636469130103, 1636469130283, 180, 0, 180, 0, 0, 0
12000, 1, 1636469130103, 1636469130283, 180, 0, 180, 0, 0, 0
12007, 1, 1636469130135, 1636469130307, 172, 0, 172, 0, 0, 0
12009, 1, 1636469130147, 1636469130319, 172, 0, 172, 0, 0, 0
12008, 1, 1636469130143, 1636469130323, 180, 0, 180, 0, 0, 0
12010, 1, 1636469130167, 1636469130339, 172, 0, 172, 0, 0, 0
12011, 1, 1636469130175, 1636469130347, 172, 0, 172, 0, 0, 0
12012, 1, 1636469130195, 1636469130367, 172, 0, 172, 0, 0, 0
12013, 1, 1636469130215, 1636469130387, 172, 0, 172, 0, 0, 0
12014, 1, 1636469130243, 1636469130415, 172, 0, 172, 0, 0, 0
12015, 1, 1636469130323, 1636469130495, 172, 0, 172, 0, 0, 0
12016, 1, 1636469130431, 1636469130603, 172, 0, 172, 0, 0, 0
12017, 1, 1636469130435, 1636469130607, 172, 0, 172, 0, 0, 0
12018, 1, 1636469130523, 1636469130695, 172, 0, 172, 0, 0, 0
12020, 1, 1636469130531, 1636469130703, 172, 0, 172, 0, 0, 0
12019, 1, 1636469130563, 1636469130735, 172, 0, 172, 0, 0, 0
12021, 1, 1636469130567, 1636469130739, 172, 0, 172, 0, 0, 0
12022, 1, 1636469130591, 1636469130763, 172, 0, 172, 0, 0, 0
12023, 1, 1636469130595, 1636469130767, 172, 0, 172, 0, 0, 0
12024, 1, 1636469130759, 1636469130931, 172, 0, 172, 0, 0, 0
12026, 1, 1636469130771, 1636469130943, 172, 0, 172, 0, 0, 0
12025, 1, 1636469130771, 1636469130947, 176, 0, 176, 0, 0, 0
12027, 1, 1636469130795, 1636469130967, 172, 0, 172, 0, 0, 0
12028, 1, 1636469130811, 1636469130983, 172, 0, 172, 0, 0, 0
12029, 1, 1636469130815, 1636469130995, 180, 0, 180, 0, 0, 0
12031, 1, 1636469130835, 1636469131007, 172, 0, 172, 0, 0, 0
12030, 1, 1636469130835, 1636469131007, 172, 0, 172, 0, 0, 0
12032, 1, 1636469130859, 1636469131031, 172, 0, 172, 0, 0, 0
12033, 1, 1636469130875, 1636469131051, 176, 0, 176, 0, 0, 0
12034, 1, 1636469130899, 1636469131071, 172, 0, 172, 0, 0, 0
12035, 1, 1636469130983, 1636469131155, 172, 0, 172, 0, 0, 0
12036, 1, 1636469131095, 1636469131271, 176, 0, 176, 0, 0, 0
12037, 1, 1636469131103, 1636469131275, 172, 0, 172, 0, 0, 0
12038, 1, 1636469131183, 1636469131359, 176, 0, 176, 0, 0, 0
12039, 1, 1636469131203, 1636469131375, 172, 0, 172, 0, 0, 0
12040, 1, 1636469131227, 1636469131403, 176, 0, 176, 0, 0, 0
12042, 1, 1636469131247, 1636469131423, 176, 0, 176, 0, 0, 0
12043, 1, 1636469131267, 1636469131450, 183, 0, 183, 0, 0, 0
12044, 1, 1636469131422, 1636469131595, 173, 1, 172, 0, 0, 0
12046, 1, 1636469131443, 1636469131617, 174, 0, 174, 0, 0, 0
12045, 1, 1636469131434, 1636469131610, 176, 1, 175, 0, 0, 0
12041, 1, 1636469131454, 1636469131631, 177, 1, 176, 0, 1, 1
12048, 1, 1636469131479, 1636469131659, 180, 0, 180, 0, 0, 0
12049, 1, 1636469131497, 1636469131681, 184, 0, 184, 0, 0, 0
12050, 1, 1636469131506, 1636469131683, 177, 0, 177, 0, 0, 0
12051, 1, 1636469131506, 1636469131688, 182, 1, 181, 0, 0, 0
12052, 1, 1636469131531, 1636469131707, 176, 0, 176, 0, 0, 0
12053, 1, 1636469131551, 1636469131743, 192, 0, 192, 0, 0, 0
12055, 1, 1636469131655, 1636469131839, 184, 0, 184, 0, 0, 0
12057, 1, 1636469131759, 1636469131931, 172, 0, 172, 0, 0, 0
12056, 1, 1636469131762, 1636469131935, 173, 0, 173, 0, 0, 0
12047, 1, 1636469131807, 1636469131979, 172, 0, 172, 0, 0, 0
12054, 1, 1636469131810, 1636469131987, 177, 0, 177, 0, 0, 0
12058, 1, 1636469131850, 1636469132027, 177, 1, 176, 1, 0, 1
12059, 1, 1636469131862, 1636469132039, 177, 1, 176, 0, 0, 0
12062, 1, 1636469131943, 1636469132115, 172, 0, 172, 0, 0, 0
12063, 1, 1636469132095, 1636469132267, 172, 0, 172, 0, 0, 0
12065, 1, 1636469132107, 1636469132279, 172, 1, 171, 0, 0, 0
12064, 1, 1636469132107, 1636469132279, 172, 1, 171, 0, 0, 0
12060, 1, 1636469132107, 1636469132279, 172, 0, 172, 0, 0, 0
12066, 1, 1636469132119, 1636469132295, 176, 0, 176, 0, 0, 0
12067, 1, 1636469132151, 1636469132323, 172, 0, 172, 0, 0, 0
12061, 1, 1636469132159, 1636469132331, 172, 0, 172, 0, 0, 0
12069, 1, 1636469132171, 1636469132343, 172, 0, 172, 0, 0, 0
12068, 1, 1636469132171, 1636469132343, 172, 0, 172, 0, 0, 0
12070, 1, 1636469132175, 1636469132347, 172, 0, 172, 0, 0, 0
12071, 1, 1636469132195, 1636469132367, 172, 0, 172, 0, 0, 0
12072, 1, 1636469132231, 1636469132407, 176, 0, 176, 0, 0, 0
12073, 1, 1636469132327, 1636469132499, 172, 0, 172, 0, 0, 0
12075, 1, 1636469132423, 1636469132599, 176, 0, 176, 0, 0, 0
12074, 1, 1636469132423, 1636469132599, 176, 0, 176, 0, 0, 0
12076, 1, 1636469132459, 1636469132631, 172, 0, 172, 0, 0, 0
12078, 1, 1636469132515, 1636469132687, 172, 0, 172, 0, 0, 0
12079, 1, 1636469132531, 1636469132711, 180, 0, 180, 0, 0, 0
12080, 1, 1636469132603, 1636469132779, 176, 0, 176, 0, 0, 0
12081, 1, 1636469132759, 1636469132935, 176, 0, 176, 0, 0, 0
12082, 1, 1636469132767, 1636469132943, 176, 0, 176, 0, 0, 0
12084, 1, 1636469132775, 1636469132951, 176, 0, 176, 0, 0, 0
12085, 1, 1636469132779, 1636469132955, 176, 0, 176, 0, 0, 0
12087, 1, 1636469132819, 1636469132995, 176, 0, 176, 0, 0, 0
12088, 1, 1636469132835, 1636469133007, 172, 0, 172, 0, 0, 0
12089, 1, 1636469132843, 1636469133019, 176, 0, 176, 0, 0, 0
12090, 1, 1636469132843, 1636469133023, 180, 0, 180, 0, 0, 0
12091, 1, 1636469132863, 1636469133037, 174, 0, 174, 0, 0, 0
12083, 1, 1636469132895, 1636469133071, 176, 0, 176, 0, 0, 0
12092, 1, 1636469132903, 1636469133083, 180, 0, 180, 0, 0, 0
12093, 1, 1636469132999, 1636469133171, 172, 0, 172, 0, 0, 0
12095, 1, 1636469133095, 1636469133267, 172, 0, 172, 0, 0, 0
12094, 1, 1636469133095, 1636469133267, 172, 0, 172, 0, 0, 0
12096, 1, 1636469133131, 1636469133303, 172, 0, 172, 0, 0, 0
12097, 1, 1636469133179, 1636469133355, 176, 0, 176, 0, 0, 0
12098, 1, 1636469133203, 1636469133375, 172, 0, 172, 0, 0, 0
12099, 1, 1636469133271, 1636469133447, 176, 0, 176, 0, 0, 0
12100, 1, 1636469133423, 1636469133595, 172, 0, 172, 0, 0, 0
12101, 1, 1636469133435, 1636469133607, 172, 0, 172, 0, 0, 0
12102, 1, 1636469133443, 1636469133615, 172, 0, 172, 0, 0, 0
12103, 1, 1636469133451, 1636469133627, 176, 0, 176, 0, 0, 0
12104, 1, 1636469133479, 1636469133651, 172, 0, 172, 0, 0, 0
12106, 1, 1636469133499, 1636469133671, 172, 0, 172, 0, 0, 0
12105, 1, 1636469133499, 1636469133671, 172, 0, 172, 0, 0, 0
12107, 1, 1636469133511, 1636469133683, 172, 0, 172, 0, 0, 0
12108, 1, 1636469133527, 1636469133699, 172, 0, 172, 0, 0, 0
12109, 1, 1636469133559, 1636469133731, 172, 0, 172, 0, 0, 0
12110, 1, 1636469133567, 1636469133739, 172, 0, 172, 0, 0, 0
12111, 1, 1636469133667, 1636469133839, 172, 0, 172, 0, 0, 0
12112, 1, 1636469133763, 1636469133935, 172, 0, 172, 0, 0, 0
12113, 1, 1636469133763, 1636469133943, 180, 0, 180, 0, 0, 0
12114, 1, 1636469133791, 1636469133963, 172, 0, 172, 0, 0, 0
12115, 1, 1636469133843, 1636469134015, 172, 0, 172, 0, 0, 0
12116, 1, 1636469133867, 1636469134039, 172, 0, 172, 0, 0, 0
12117, 1, 1636469133935, 1636469134107, 172, 0, 172, 0, 0, 0
12118, 1, 1636469134087, 1636469134259, 172, 0, 172, 0, 0, 0
12119, 1, 1636469134091, 1636469134263, 172, 0, 172, 0, 0, 0
12120, 1, 1636469134103, 1636469134275, 172, 0, 172, 0, 0, 0
12121, 1, 1636469134115, 1636469134287, 172, 0, 172, 0, 0, 0
12122, 1, 1636469134147, 1636469134327, 180, 0, 180, 0, 0, 0
12124, 1, 1636469134167, 1636469134339, 172, 0, 172, 0, 0, 0
12123, 1, 1636469134167, 1636469134339, 172, 0, 172, 0, 0, 0
12125, 1, 1636469134171, 1636469134343, 172, 0, 172, 0, 0, 0
12126, 1, 1636469134191, 1636469134363, 172, 0, 172, 0, 0, 0
12127, 1, 1636469134223, 1636469134395, 172, 0, 172, 0, 0, 0
12128, 1, 1636469134227, 1636469134399, 172, 0, 172, 0, 0, 0
12129, 1, 1636469134335, 1636469134507, 172, 0, 172, 0, 0, 0
12130, 1, 1636469134423, 1636469134595, 172, 0, 172, 0, 0, 0
12131, 1, 1636469134427, 1636469134599, 172, 0, 172, 0, 0, 0
12132, 1, 1636469134463, 1636469134639, 176, 0, 176, 0, 0, 0
12133, 1, 1636469134511, 1636469134683, 172, 0, 172, 0, 0, 0
12134, 1, 1636469134539, 1636469134711, 172, 0, 172, 0, 0, 0
12135, 1, 1636469134599, 1636469134771, 172, 0, 172, 0, 0, 0
12086, 1, 1636469134643, 1636469134815, 172, 0, 172, 0, 0, 0
12137, 1, 1636469134759, 1636469134931, 172, 0, 172, 0, 0, 0
12136, 1, 1636469134759, 1636469134939, 180, 0, 180, 0, 0, 0
12138, 1, 1636469134775, 1636469134947, 172, 0, 172, 0, 0, 0
12139, 1, 1636469134779, 1636469134951, 172, 0, 172, 0, 0, 0
12140, 1, 1636469134811, 1636469134983, 172, 0, 172, 0, 0, 0
12142, 1, 1636469134831, 1636469135003, 172, 0, 172, 0, 0, 0
12141, 1, 1636469134831, 1636469135003, 172, 0, 172, 0, 0, 0
12143, 1, 1636469134839, 1636469135011, 172, 0, 172, 0, 0, 0
12144, 1, 1636469134855, 1636469135027, 172, 0, 172, 0, 0, 0
12146, 1, 1636469134891, 1636469135063, 172, 0, 172, 0, 0, 0
12145, 1, 1636469134891, 1636469135067, 176, 0, 176, 0, 0, 0
12147, 1, 1636469134959, 1636469135131, 172, 0, 172, 0, 0, 0
12148, 1, 1636469134995, 1636469135167, 172, 0, 172, 0, 0, 0
12149, 1, 1636469135091, 1636469135263, 172, 0, 172, 0, 0, 0
12150, 1, 1636469135091, 1636469135263, 172, 0, 172, 0, 0, 0
12151, 1, 1636469135123, 1636469135295, 172, 0, 172, 0, 0, 0
12152, 1, 1636469135179, 1636469135355, 176, 0, 176, 0, 0, 0
12153, 1, 1636469135199, 1636469135371, 172, 0, 172, 0, 0, 0
12154, 1, 1636469135267, 1636469135443, 176, 0, 176, 0, 0, 0
12155, 1, 1636469135307, 1636469135479, 172, 0, 172, 0, 0, 0
12156, 1, 1636469135419, 1636469135591, 172, 0, 172, 0, 0, 0
12157, 1, 1636469135427, 1636469135599, 172, 0, 172, 0, 0, 0
12158, 1, 1636469135438, 1636469135615, 177, 1, 176, 0, 0, 0
12159, 1, 1636469135455, 1636469135627, 172, 0, 172, 0, 0, 0
12160, 1, 1636469135483, 1636469135655, 172, 0, 172, 0, 0, 0
12161, 1, 1636469135507, 1636469135679, 172, 0, 172, 0, 0, 0
12162, 1, 1636469135507, 1636469135679, 172, 0, 172, 0, 0, 0
12163, 1, 1636469135507, 1636469135679, 172, 0, 172, 0, 0, 0
12164, 1, 1636469135526, 1636469135699, 173, 1, 172, 0, 0, 0
12165, 1, 1636469135559, 1636469135731, 172, 0, 172, 0, 0, 0
12166, 1, 1636469135559, 1636469135735, 176, 0, 176, 0, 0, 0
12168, 1, 1636469135659, 1636469135831, 172, 0, 172, 0, 0, 0
12169, 1, 1636469135755, 1636469135927, 172, 0, 172, 0, 0, 0
12170, 1, 1636469135763, 1636469135935, 172, 0, 172, 0, 0, 0
12171, 1, 1636469135791, 1636469135963, 172, 0, 172, 0, 0, 0
12172, 1, 1636469135843, 1636469136015, 172, 0, 172, 0, 0, 0
12167, 1, 1636469135855, 1636469136027, 172, 0, 172, 0, 0, 0
12173, 1, 1636469135863, 1636469136035, 172, 0, 172, 0, 0, 0
12174, 1, 1636469135931, 1636469136103, 172, 0, 172, 0, 0, 0
12176, 1, 1636469136087, 1636469136263, 176, 0, 176, 0, 0, 0
12177, 1, 1636469136087, 1636469136263, 176, 0, 176, 0, 0, 0
12178, 1, 1636469136107, 1636469136283, 176, 0, 176, 0, 0, 0
12179, 1, 1636469136115, 1636469136291, 176, 0, 176, 0, 0, 0
12180, 1, 1636469136151, 1636469136327, 176, 0, 176, 0, 0, 0
12182, 1, 1636469136167, 1636469136339, 172, 0, 172, 0, 0, 0
12181, 1, 1636469136167, 1636469136343, 176, 0, 176, 0, 0, 0
12183, 1, 1636469136171, 1636469136343, 172, 0, 172, 0, 0, 0
12184, 1, 1636469136191, 1636469136367, 176, 0, 176, 0, 0, 0
12175, 1, 1636469136199, 1636469136371, 172, 0, 172, 0, 0, 0
12186, 1, 1636469136227, 1636469136399, 172, 0, 172, 0, 0, 0
12185, 1, 1636469136227, 1636469136403, 176, 0, 176, 0, 0, 0
12188, 1, 1636469136427, 1636469136607, 180, 0, 180, 0, 0, 0
12189, 1, 1636469136427, 1636469136607, 180, 0, 180, 0, 0, 0
12190, 1, 1636469136455, 1636469136631, 176, 0, 176, 0, 0, 0
12192, 1, 1636469136511, 1636469136683, 172, 0, 172, 0, 0, 0
12191, 1, 1636469136515, 1636469136687, 172, 0, 172, 0, 0, 0
12187, 1, 1636469136519, 1636469136695, 176, 0, 176, 0, 0, 0
12193, 1, 1636469136543, 1636469136719, 176, 0, 176, 0, 0, 0
12194, 1, 1636469136599, 1636469136771, 172, 0, 172, 0, 0, 0
12195, 1, 1636469136751, 1636469136923, 172, 0, 172, 0, 0, 0
12196, 1, 1636469136763, 1636469136939, 176, 0, 176, 0, 0, 0
12197, 1, 1636469136771, 1636469136947, 176, 0, 176, 0, 0, 0
12198, 1, 1636469136779, 1636469136955, 176, 0, 176, 0, 0, 0
12199, 1, 1636469136811, 1636469136983, 172, 0, 172, 0, 0, 0
12200, 1, 1636469136835, 1636469137007, 172, 0, 172, 0, 0, 0
12203, 1, 1636469136859, 1636469137031, 172, 0, 172, 0, 0, 0
12202, 1, 1636469136859, 1636469137031, 172, 0, 172, 0, 0, 0
12205, 1, 1636469136887, 1636469137059, 172, 0, 172, 0, 0, 0
12206, 1, 1636469136891, 1636469137063, 172, 0, 172, 0, 0, 0
12201, 1, 1636469136891, 1636469137067, 176, 0, 176, 0, 0, 0
12208, 1, 1636469137091, 1636469137263, 172, 0, 172, 0, 0, 0
12207, 1, 1636469137091, 1636469137267, 176, 0, 176, 0, 0, 0
12209, 1, 1636469137123, 1636469137295, 172, 0, 172, 0, 0, 0
12211, 1, 1636469137175, 1636469137347, 172, 0, 172, 0, 0, 0
12210, 1, 1636469137175, 1636469137347, 172, 0, 172, 0, 0, 0
12212, 1, 1636469137179, 1636469137351, 172, 0, 172, 0, 0, 0
12213, 1, 1636469137207, 1636469137379, 172, 0, 172, 0, 0, 0
12204, 1, 1636469137207, 1636469137379, 172, 0, 172, 0, 0, 0
12214, 1, 1636469137267, 1636469137447, 180, 0, 180, 0, 0, 0
12215, 1, 1636469137419, 1636469137591, 172, 0, 172, 0, 0, 0
12216, 1, 1636469137423, 1636469137595, 172, 0, 172, 0, 0, 0
12217, 1, 1636469137443, 1636469137615, 172, 0, 172, 0, 0, 0
12218, 1, 1636469137451, 1636469137623, 172, 0, 172, 0, 0, 0
12219, 1, 1636469137475, 1636469137647, 172, 0, 172, 0, 0, 0
12220, 1, 1636469137494, 1636469137667, 173, 1, 172, 0, 0, 0
12221, 1, 1636469137519, 1636469137691, 172, 0, 172, 0, 0, 0
12222, 1, 1636469137519, 1636469137691, 172, 0, 172, 0, 0, 0
12223, 1, 1636469137547, 1636469137723, 176, 0, 176, 0, 0, 0
12225, 1, 1636469137559, 1636469137731, 172, 0, 172, 0, 0, 0
12224, 1, 1636469137559, 1636469137739, 180, 0, 180, 0, 0, 0
12226, 1, 1636469137755, 1636469137927, 172, 0, 172, 0, 0, 0
12227, 1, 1636469137759, 1636469137931, 172, 0, 172, 0, 0, 0
12228, 1, 1636469137787, 1636469137959, 172, 0, 172, 0, 0, 0
12229, 1, 1636469137843, 1636469138015, 172, 0, 172, 0, 0, 0
12231, 1, 1636469137843, 1636469138015, 172, 0, 172, 0, 0, 0
12230, 1, 1636469137843, 1636469138015, 172, 0, 172, 0, 0, 0
12233, 1, 1636469137863, 1636469138035, 172, 0, 172, 0, 0, 0
12234, 1, 1636469137931, 1636469138103, 172, 0, 172, 0, 0, 0
12235, 1, 1636469138087, 1636469138259, 172, 0, 172, 0, 0, 0
12236, 1, 1636469138095, 1636469138267, 172, 0, 172, 0, 0, 0
12238, 1, 1636469138119, 1636469138291, 172, 0, 172, 0, 0, 0
12239, 1, 1636469138143, 1636469138315, 172, 0, 172, 0, 0, 0
12240, 1, 1636469138163, 1636469138335, 172, 0, 172, 0, 0, 0
12241, 1, 1636469138179, 1636469138351, 172, 0, 172, 0, 0, 0
12242, 1, 1636469138191, 1636469138363, 172, 0, 172, 0, 0, 0
12243, 1, 1636469138207, 1636469138383, 176, 0, 176, 0, 0, 0
12244, 1, 1636469138223, 1636469138395, 172, 0, 172, 0, 0, 0
12245, 1, 1636469138223, 1636469138395, 172, 0, 172, 0, 0, 0
12246, 1, 1636469138431, 1636469138603, 172, 0, 172, 0, 0, 0
12247, 1, 1636469138431, 1636469138603, 172, 0, 172, 0, 0, 0
12237, 1, 1636469138443, 1636469138615, 172, 0, 172, 0, 0, 0
12248, 1, 1636469138455, 1636469138631, 176, 0, 176, 0, 0, 0
12249, 1, 1636469138507, 1636469138679, 172, 0, 172, 0, 0, 0
12251, 1, 1636469138519, 1636469138691, 172, 0, 172, 0, 0, 0
12250, 1, 1636469138519, 1636469138691, 172, 0, 172, 0, 0, 0
12252, 1, 1636469138538, 1636469138711, 173, 1, 172, 0, 0, 0
12253, 1, 1636469138599, 1636469138775, 176, 0, 176, 0, 0, 0
12255, 1, 1636469138755, 1636469138927, 172, 0, 172, 0, 0, 0
12254, 1, 1636469138755, 1636469138927, 172, 0, 172, 0, 0, 0
12256, 1, 1636469138783, 1636469138955, 172, 0, 172, 0, 0, 0
12257, 1, 1636469138807, 1636469138983, 176, 0, 176, 0, 0, 0
12258, 1, 1636469138827, 1636469138999, 172, 0, 172, 0, 0, 0
12259, 1, 1636469138847, 1636469139018, 171, 0, 171, 0, 0, 0
12260, 1, 1636469138851, 1636469139023, 172, 0, 172, 0, 0, 0
12261, 1, 1636469138879, 1636469139051, 172, 0, 172, 0, 0, 0
12262, 1, 1636469138887, 1636469139059, 172, 0, 172, 0, 0, 0
12263, 1, 1636469138891, 1636469139063, 172, 0, 172, 0, 0, 0
12264, 1, 1636469139087, 1636469139263, 176, 0, 176, 0, 0, 0
12265, 1, 1636469139099, 1636469139271, 172, 0, 172, 0, 0, 0
12266, 1, 1636469139119, 1636469139291, 172, 0, 172, 0, 0, 0
12268, 1, 1636469139175, 1636469139347, 172, 0, 172, 0, 0, 0
12267, 1, 1636469139175, 1636469139351, 176, 0, 176, 0, 0, 0
12269, 1, 1636469139179, 1636469139351, 172, 0, 172, 0, 0, 0
12271, 1, 1636469139263, 1636469139439, 176, 0, 176, 0, 0, 0
12272, 1, 1636469139415, 1636469139587, 172, 0, 172, 0, 0, 0
12273, 1, 1636469139427, 1636469139599, 172, 0, 172, 0, 0, 0
12270, 1, 1636469139435, 1636469139607, 172, 0, 172, 0, 0, 0
12275, 1, 1636469139475, 1636469139647, 172, 1, 171, 0, 0, 0
12276, 1, 1636469139495, 1636469139667, 172, 0, 172, 0, 0, 0
12277, 1, 1636469139523, 1636469139695, 172, 0, 172, 0, 0, 0
12278, 1, 1636469139519, 1636469139695, 176, 0, 176, 0, 0, 0
12279, 1, 1636469139539, 1636469139711, 172, 0, 172, 0, 0, 0
12280, 1, 1636469139551, 1636469139727, 176, 0, 176, 0, 0, 0
12281, 1, 1636469139559, 1636469139731, 172, 0, 172, 0, 0, 0
12282, 1, 1636469139755, 1636469139927, 172, 0, 172, 0, 0, 0
12283, 1, 1636469139767, 1636469139939, 172, 0, 172, 0, 0, 0
12274, 1, 1636469139783, 1636469139955, 172, 0, 172, 0, 0, 0
12285, 1, 1636469139839, 1636469140011, 172, 0, 172, 0, 0, 0
12286, 1, 1636469139843, 1636469140015, 172, 0, 172, 0, 0, 0
12287, 1, 1636469139847, 1636469140019, 172, 0, 172, 0, 0, 0
12284, 1, 1636469139887, 1636469140059, 172, 0, 172, 0, 0, 0
12290, 1, 1636469140087, 1636469140259, 172, 0, 172, 0, 0, 0
12291, 1, 1636469140087, 1636469140259, 172, 0, 172, 0, 0, 0
12289, 1, 1636469140087, 1636469140263, 176, 0, 176, 0, 0, 0
12288, 1, 1636469140111, 1636469140283, 172, 0, 172, 0, 0, 0
12292, 1, 1636469140139, 1636469140315, 176, 0, 176, 0, 0, 0
12293, 1, 1636469140163, 1636469140335, 172, 0, 172, 0, 0, 0
12294, 1, 1636469140187, 1636469140359, 172, 0, 172, 0, 0, 0
12295, 1, 1636469140191, 1636469140367, 176, 0, 176, 0, 0, 0
12296, 1, 1636469140215, 1636469140387, 172, 0, 172, 0, 0, 0
12298, 1, 1636469140223, 1636469140399, 176, 0, 176, 0, 0, 0
12297, 1, 1636469140223, 1636469140399, 176, 0, 176, 0, 0, 0
12299, 1, 1636469140351, 1636469140523, 172, 0, 172, 0, 0, 0
12301, 1, 1636469140435, 1636469140607, 172, 0, 172, 0, 0, 0
12300, 1, 1636469140435, 1636469140607, 172, 0, 172, 0, 0, 0
12302, 1, 1636469140443, 1636469140619, 176, 0, 176, 0, 0, 0
12305, 1, 1636469140507, 1636469140679, 172, 0, 172, 0, 0, 0
12304, 1, 1636469140507, 1636469140683, 176, 1, 175, 0, 0, 0
12303, 1, 1636469140507, 1636469140683, 176, 0, 176, 0, 0, 0
12306, 1, 1636469140539, 1636469140715, 176, 0, 176, 0, 0, 0
12307, 1, 1636469140751, 1636469140923, 172, 0, 172, 0, 0, 0
12309, 1, 1636469140759, 1636469140935, 176, 0, 176, 0, 0, 0
12310, 1, 1636469140771, 1636469140947, 176, 0, 176, 0, 0, 0
12311, 1, 1636469140811, 1636469140983, 172, 0, 172, 0, 0, 0
12312, 1, 1636469140827, 1636469140999, 172, 0, 172, 0, 0, 0
12313, 1, 1636469140847, 1636469141019, 172, 0, 172, 0, 0, 0
12314, 1, 1636469140855, 1636469141027, 172, 0, 172, 0, 0, 0
12315, 1, 1636469140887, 1636469141059, 172, 0, 172, 0, 0, 0
12316, 1, 1636469140887, 1636469141059, 172, 0, 172, 0, 0, 0
12317, 1, 1636469140999, 1636469141175, 176, 0, 176, 0, 0, 0
12318, 1, 1636469141091, 1636469141271, 180, 0, 180, 0, 0, 0
12319, 1, 1636469141103, 1636469141279, 176, 0, 176, 0, 0, 0
12308, 1, 1636469141099, 1636469141279, 180, 0, 180, 0, 0, 0
12320, 1, 1636469141111, 1636469141287, 176, 0, 176, 0, 0, 0
12321, 1, 1636469141175, 1636469141347, 172, 0, 172, 0, 0, 0
12322, 1, 1636469141183, 1636469141359, 176, 0, 176, 0, 0, 0
12324, 1, 1636469141215, 1636469141391, 176, 0, 176, 0, 0, 0
12325, 1, 1636469141419, 1636469141591, 172, 0, 172, 0, 0, 0
12326, 1, 1636469141427, 1636469141599, 172, 0, 172, 0, 0, 0
12323, 1, 1636469141467, 1636469141643, 176, 0, 176, 0, 0, 0
12328, 1, 1636469141471, 1636469141647, 176, 0, 176, 0, 0, 0
12329, 1, 1636469141499, 1636469141671, 172, 0, 172, 0, 0, 0
12330, 1, 1636469141515, 1636469141687, 172, 0, 172, 0, 0, 0
12331, 1, 1636469141515, 1636469141687, 172, 0, 172, 0, 0, 0
12332, 1, 1636469141555, 1636469141727, 172, 0, 172, 0, 0, 0
12333, 1, 1636469141563, 1636469141735, 172, 0, 172, 0, 0, 0
12334, 1, 1636469141667, 1636469141839, 172, 0, 172, 0, 0, 0
12335, 1, 1636469141755, 1636469141931, 176, 0, 176, 0, 0, 0
12336, 1, 1636469141767, 1636469141939, 172, 0, 172, 0, 0, 0
12327, 1, 1636469141763, 1636469141939, 176, 0, 176, 0, 0, 0
12337, 1, 1636469141770, 1636469141943, 173, 1, 172, 1, 0, 1
12338, 1, 1636469141779, 1636469141951, 172, 0, 172, 0, 0, 0
12339, 1, 1636469141839, 1636469142015, 176, 0, 176, 0, 0, 0
12340, 1, 1636469141847, 1636469142019, 172, 0, 172, 0, 0, 0
12341, 1, 1636469141879, 1636469142051, 172, 0, 172, 0, 0, 0
12343, 1, 1636469142091, 1636469142270, 179, 0, 179, 0, 0, 0
12342, 1, 1636469142091, 1636469142270, 179, 0, 179, 0, 0, 0
12344, 1, 1636469142123, 1636469142299, 176, 0, 176, 0, 0, 0
12345, 1, 1636469142143, 1636469142315, 172, 0, 172, 0, 0, 0
12346, 1, 1636469142167, 1636469142339, 172, 0, 172, 0, 0, 0
12347, 1, 1636469142183, 1636469142359, 176, 0, 176, 0, 0, 0
12348, 1, 1636469142187, 1636469142359, 172, 0, 172, 0, 0, 0
12349, 1, 1636469142219, 1636469142391, 172, 0, 172, 0, 0, 0
12350, 1, 1636469142223, 1636469142399, 176, 0, 176, 0, 0, 0
12351, 1, 1636469142339, 1636469142515, 176, 0, 176, 0, 0, 0
12352, 1, 1636469142423, 1636469142595, 172, 0, 172, 0, 0, 0
12353, 1, 1636469142419, 1636469142595, 176, 0, 176, 0, 0, 0
12354, 1, 1636469142443, 1636469142615, 172, 0, 172, 0, 0, 0
12355, 1, 1636469142443, 1636469142615, 172, 0, 172, 0, 0, 0
12356, 1, 1636469142503, 1636469142679, 176, 0, 176, 0, 0, 0
12357, 1, 1636469142519, 1636469142691, 172, 0, 172, 0, 0, 0
12358, 1, 1636469142759, 1636469142931, 172, 0, 172, 0, 0, 0
12359, 1, 1636469142763, 1636469142935, 172, 0, 172, 0, 0, 0
12360, 1, 1636469142787, 1636469142959, 172, 0, 172, 0, 0, 0
12361, 1, 1636469142827, 1636469142999, 172, 0, 172, 0, 0, 0
12362, 1, 1636469142851, 1636469143023, 172, 0, 172, 0, 0, 0
12363, 1, 1636469142855, 1636469143027, 172, 0, 172, 0, 0, 0
12364, 1, 1636469142879, 1636469143051, 172, 0, 172, 0, 0, 0
12365, 1, 1636469142887, 1636469143059, 172, 0, 172, 0, 0, 0
12366, 1, 1636469142999, 1636469143171, 172, 0, 172, 0, 0, 0
12367, 1, 1636469143083, 1636469143255, 172, 0, 172, 0, 0, 0
12368, 1, 1636469143091, 1636469143263, 172, 0, 172, 0, 0, 0
12369, 1, 1636469143103, 1636469143275, 172, 0, 172, 0, 0, 0
12370, 1, 1636469143111, 1636469143283, 172, 0, 172, 0, 0, 0
12372, 1, 1636469143175, 1636469143347, 172, 0, 172, 0, 0, 0
12371, 1, 1636469143171, 1636469143347, 176, 0, 176, 0, 0, 0
12373, 1, 1636469143427, 1636469143599, 172, 0, 172, 0, 0, 0
12374, 1, 1636469143427, 1636469143599, 172, 0, 172, 0, 0, 0
12375, 1, 1636469143455, 1636469143627, 172, 0, 172, 0, 0, 0
12376, 1, 1636469143499, 1636469143671, 172, 0, 172, 0, 0, 0
12377, 1, 1636469143515, 1636469143687, 172, 0, 172, 0, 0, 0
12378, 1, 1636469143515, 1636469143687, 172, 0, 172, 0, 0, 0
12379, 1, 1636469143547, 1636469143719, 172, 0, 172, 0, 0, 0
12380, 1, 1636469143559, 1636469143731, 172, 0, 172, 0, 0, 0
12381, 1, 1636469143671, 1636469143843, 172, 0, 172, 0, 0, 0
12383, 1, 1636469143755, 1636469143927, 172, 0, 172, 0, 0, 0
12384, 1, 1636469143775, 1636469143947, 172, 0, 172, 0, 0, 0
12385, 1, 1636469143779, 1636469143951, 172, 0, 172, 0, 0, 0
12386, 1, 1636469143835, 1636469144007, 172, 0, 172, 0, 0, 0
12387, 1, 1636469143843, 1636469144015, 172, 0, 172, 0, 0, 0
12388, 1, 1636469144083, 1636469144259, 176, 0, 176, 0, 0, 0
12389, 1, 1636469144091, 1636469144263, 172, 0, 172, 0, 0, 0
12382, 1, 1636469144107, 1636469144283, 176, 0, 176, 0, 0, 0
12390, 1, 1636469144123, 1636469144299, 176, 0, 176, 0, 0, 0
12391, 1, 1636469144163, 1636469144335, 172, 0, 172, 0, 0, 0
12392, 1, 1636469144179, 1636469144351, 172, 0, 172, 0, 0, 0
12393, 1, 1636469144219, 1636469144391, 172, 0, 172, 0, 0, 0
12394, 1, 1636469144222, 1636469144395, 173, 1, 172, 1, 0, 1
12395, 1, 1636469144335, 1636469144507, 172, 0, 172, 0, 0, 0
12396, 1, 1636469144427, 1636469144599, 172, 0, 172, 0, 0, 0
12397, 1, 1636469144435, 1636469144607, 172, 0, 172, 0, 0, 0
12398, 1, 1636469144443, 1636469144615, 172, 0, 172, 0, 0, 0
12399, 1, 1636469144503, 1636469144675, 172, 0, 172, 0, 0, 0
12400, 1, 1636469144511, 1636469144683, 172, 0, 172, 0, 0, 0
12401, 1, 1636469144755, 1636469144927, 172, 0, 172, 0, 0, 0
12402, 1, 1636469144759, 1636469144931, 172, 0, 172, 0, 0, 0
12403, 1, 1636469144771, 1636469144943, 172, 0, 172, 0, 0, 0
12404, 1, 1636469144787, 1636469144959, 172, 0, 172, 0, 0, 0
12405, 1, 1636469144831, 1636469145003, 172, 0, 172, 0, 0, 0
12406, 1, 1636469144847, 1636469145019, 172, 0, 172, 0, 0, 0
12407, 1, 1636469144883, 1636469145055, 172, 0, 172, 0, 0, 0
12408, 1, 1636469144887, 1636469145063, 176, 0, 176, 0, 0, 0
12409, 1, 1636469144999, 1636469145171, 172, 0, 172, 0, 0, 0
12410, 1, 1636469145087, 1636469145259, 172, 0, 172, 0, 0, 0
12411, 1, 1636469145103, 1636469145275, 172, 0, 172, 0, 0, 0
12412, 1, 1636469145111, 1636469145283, 172, 0, 172, 0, 0, 0
12413, 1, 1636469145167, 1636469145343, 176, 0, 176, 0, 0, 0
12414, 1, 1636469145175, 1636469145347, 172, 0, 172, 0, 0, 0
12415, 1, 1636469145415, 1636469145587, 172, 0, 172, 0, 0, 0
12416, 1, 1636469145427, 1636469145599, 172, 0, 172, 0, 0, 0
12417, 1, 1636469145439, 1636469145611, 172, 0, 172, 0, 0, 0
12418, 1, 1636469145455, 1636469145631, 176, 0, 176, 0, 0, 0
12419, 1, 1636469145495, 1636469145667, 172, 0, 172, 0, 0, 0
12420, 1, 1636469145511, 1636469145683, 172, 0, 172, 0, 0, 0
12421, 1, 1636469145543, 1636469145715, 172, 0, 172, 0, 0, 0
12422, 1, 1636469145551, 1636469145723, 172, 0, 172, 0, 0, 0
12423, 1, 1636469145663, 1636469145835, 172, 0, 172, 0, 0, 0
12425, 1, 1636469145775, 1636469145947, 172, 0, 172, 0, 0, 0
12426, 1, 1636469145779, 1636469145951, 172, 0, 172, 0, 0, 0
12427, 1, 1636469145835, 1636469146007, 172, 0, 172, 0, 0, 0
12424, 1, 1636469145843, 1636469146015, 172, 0, 172, 0, 0, 0
12428, 1, 1636469145843, 1636469146015, 172, 0, 172, 0, 0, 0
12429, 1, 1636469146087, 1636469146259, 172, 0, 172, 0, 0, 0
12430, 1, 1636469146099, 1636469146271, 172, 0, 172, 0, 0, 0
12431, 1, 1636469146123, 1636469146295, 172, 0, 172, 0, 0, 0
12432, 1, 1636469146163, 1636469146334, 171, 0, 171, 0, 0, 0
12433, 1, 1636469146175, 1636469146351, 176, 0, 176, 0, 0, 0
12434, 1, 1636469146211, 1636469146383, 172, 0, 172, 0, 0, 0
12435, 1, 1636469146223, 1636469146395, 172, 0, 172, 0, 0, 0
12436, 1, 1636469146331, 1636469146503, 172, 0, 172, 0, 0, 0
12437, 1, 1636469146439, 1636469146611, 172, 0, 172, 0, 0, 0
12439, 1, 1636469146499, 1636469146671, 172, 0, 172, 0, 0, 0
12440, 1, 1636469146503, 1636469146679, 176, 0, 176, 0, 0, 0
12441, 1, 1636469146507, 1636469146683, 176, 0, 176, 0, 0, 0
12442, 1, 1636469146755, 1636469146927, 172, 0, 172, 0, 0, 0
12443, 1, 1636469146763, 1636469146935, 172, 0, 172, 0, 0, 0
12444, 1, 1636469146783, 1636469146955, 172, 0, 172, 0, 0, 0
12438, 1, 1636469146783, 1636469146955, 172, 0, 172, 0, 0, 0
12445, 1, 1636469146831, 1636469147003, 172, 0, 172, 0, 0, 0
12446, 1, 1636469146843, 1636469147019, 176, 0, 176, 0, 0, 0
12447, 1, 1636469146887, 1636469147059, 172, 0, 172, 0, 0, 0
12448, 1, 1636469146887, 1636469147059, 172, 0, 172, 0, 0, 0
12450, 1, 1636469147103, 1636469147279, 176, 0, 176, 0, 0, 0
12449, 1, 1636469147131, 1636469147303, 172, 0, 172, 0, 0, 0
12452, 1, 1636469147163, 1636469147335, 172, 0, 172, 0, 0, 0
12451, 1, 1636469147167, 1636469147339, 172, 0, 172, 0, 0, 0
12453, 1, 1636469147175, 1636469147355, 180, 0, 180, 0, 0, 0
12455, 1, 1636469147431, 1636469147603, 172, 0, 172, 0, 0, 0
12456, 1, 1636469147439, 1636469147611, 172, 0, 172, 0, 0, 0
12457, 1, 1636469147451, 1636469147623, 172, 0, 172, 0, 0, 0
12454, 1, 1636469147483, 1636469147655, 172, 0, 172, 0, 0, 0
12459, 1, 1636469147507, 1636469147679, 172, 0, 172, 0, 0, 0
12460, 1, 1636469147555, 1636469147727, 172, 0, 172, 0, 0, 0
12461, 1, 1636469147783, 1636469147955, 172, 0, 172, 0, 0, 0
12458, 1, 1636469147783, 1636469147955, 172, 0, 172, 0, 0, 0
12462, 1, 1636469147831, 1636469148007, 176, 0, 176, 0, 0, 0
12463, 1, 1636469147835, 1636469148007, 172, 0, 172, 0, 0, 0
12464, 1, 1636469147843, 1636469148019, 176, 0, 176, 0, 0, 0
12466, 1, 1636469148111, 1636469148283, 172, 0, 172, 0, 0, 0
12467, 1, 1636469148123, 1636469148295, 172, 0, 172, 0, 0, 0
12465, 1, 1636469148135, 1636469148307, 172, 0, 172, 0, 0, 0
12468, 1, 1636469148135, 1636469148307, 172, 0, 172, 0, 0, 0
12469, 1, 1636469148175, 1636469148351, 176, 0, 176, 0, 0, 0
12470, 1, 1636469148227, 1636469148399, 172, 0, 172, 0, 0, 0
12471, 1, 1636469148443, 1636469148615, 172, 0, 172, 0, 0, 0
12472, 1, 1636469148455, 1636469148631, 176, 0, 176, 0, 0, 0
12473, 1, 1636469148495, 1636469148667, 172, 0, 172, 0, 0, 0
12474, 1, 1636469148495, 1636469148667, 172, 0, 172, 0, 0, 0
12475, 1, 1636469148511, 1636469148691, 180, 0, 180, 0, 0, 0
12476, 1, 1636469148771, 1636469148943, 172, 0, 172, 0, 0, 0
12477, 1, 1636469148787, 1636469148959, 172, 0, 172, 0, 0, 0
12478, 1, 1636469148795, 1636469148967, 172, 0, 172, 0, 0, 0
12479, 1, 1636469148803, 1636469148975, 172, 0, 172, 0, 0, 0
12480, 1, 1636469148846, 1636469149023, 177, 0, 177, 0, 0, 0
12481, 1, 1636469148882, 1636469149055, 173, 1, 172, 0, 0, 0
12482, 1, 1636469149107, 1636469149279, 172, 0, 172, 0, 0, 0
12483, 1, 1636469149111, 1636469149283, 172, 0, 172, 0, 0, 0
12485, 1, 1636469149163, 1636469149335, 172, 0, 172, 0, 0, 0
12484, 1, 1636469149163, 1636469149335, 172, 0, 172, 0, 0, 0
12486, 1, 1636469149179, 1636469149351, 172, 0, 172, 0, 0, 0
12487, 1, 1636469149439, 1636469149611, 172, 0, 172, 0, 0, 0
12489, 1, 1636469149455, 1636469149627, 172, 0, 172, 0, 0, 0
12488, 1, 1636469149451, 1636469149627, 176, 0, 176, 0, 0, 0
12490, 1, 1636469149471, 1636469149643, 172, 0, 172, 0, 0, 0
12491, 1, 1636469149507, 1636469149679, 172, 0, 172, 0, 0, 0
12492, 1, 1636469149550, 1636469149723, 173, 1, 172, 0, 0, 0
12493, 1, 1636469149775, 1636469149947, 172, 0, 172, 0, 0, 0
12494, 1, 1636469149779, 1636469149951, 172, 0, 172, 0, 0, 0
12496, 1, 1636469149831, 1636469150003, 172, 0, 172, 0, 0, 0
12497, 1, 1636469149843, 1636469150015, 172, 0, 172, 0, 0, 0
12495, 1, 1636469149855, 1636469150027, 172, 0, 172, 0, 0, 0
12498, 1, 1636469150107, 1636469150279, 172, 0, 172, 0, 0, 0
12499, 1, 1636469150119, 1636469150291, 172, 0, 172, 0, 0, 0
12500, 1, 1636469150127, 1636469150299, 172, 0, 172, 0, 0, 0
12501, 1, 1636469150139, 1636469150315, 176, 0, 176, 0, 0, 0
12502, 1, 1636469150175, 1636469150347, 172, 0, 172, 0, 0, 0
12503, 1, 1636469150214, 1636469150387, 173, 1, 172, 0, 0, 0
12504, 1, 1636469150443, 1636469150623, 180, 0, 180, 0, 0, 0
12505, 1, 1636469150447, 1636469150623, 176, 0, 176, 0, 0, 0
12506, 1, 1636469150495, 1636469150667, 172, 0, 172, 0, 0, 0
12507, 1, 1636469150511, 1636469150683, 172, 0, 172, 0, 0, 0
12508, 1, 1636469150511, 1636469150683, 172, 0, 172, 0, 0, 0
12509, 1, 1636469150795, 1636469150971, 176, 0, 176, 0, 0, 0
12510, 1, 1636469150803, 1636469150975, 172, 0, 172, 0, 0, 0
12511, 1, 1636469150839, 1636469151011, 172, 0, 172, 0, 0, 0
12512, 1, 1636469150883, 1636469151055, 172, 0, 172, 0, 0, 0
12513, 1, 1636469151107, 1636469151279, 172, 0, 172, 0, 0, 0
12514, 1, 1636469151115, 1636469151287, 172, 0, 172, 0, 0, 0
12515, 1, 1636469151159, 1636469151335, 176, 0, 176, 0, 0, 0
12517, 1, 1636469151179, 1636469151351, 172, 0, 172, 0, 0, 0
12516, 1, 1636469151183, 1636469151355, 172, 0, 172, 0, 0, 0
12518, 1, 1636469151455, 1636469151627, 172, 0, 172, 0, 0, 0
12519, 1, 1636469151475, 1636469151647, 172, 0, 172, 0, 0, 0
12520, 1, 1636469151503, 1636469151675, 172, 0, 172, 0, 0, 0
12521, 1, 1636469151547, 1636469151723, 176, 0, 176, 0, 0, 0
12522, 1, 1636469151775, 1636469151947, 172, 0, 172, 0, 0, 0
12523, 1, 1636469151779, 1636469151951, 172, 0, 172, 0, 0, 0
12524, 1, 1636469151827, 1636469151999, 172, 0, 172, 0, 0, 0
12525, 1, 1636469151843, 1636469152015, 172, 0, 172, 0, 0, 0
12526, 1, 1636469151843, 1636469152015, 172, 0, 172, 0, 0, 0
12527, 1, 1636469152127, 1636469152299, 172, 0, 172, 0, 0, 0
12528, 1, 1636469152139, 1636469152311, 172, 0, 172, 0, 0, 0
12529, 1, 1636469152191, 1636469152363, 172, 0, 172, 0, 0, 0
12530, 1, 1636469152215, 1636469152387, 172, 0, 172, 0, 0, 0
12531, 1, 1636469152443, 1636469152619, 176, 0, 176, 0, 0, 0
12532, 1, 1636469152451, 1636469152627, 176, 0, 176, 0, 0, 0
12535, 1, 1636469152511, 1636469152683, 172, 0, 172, 0, 0, 0
12534, 1, 1636469152511, 1636469152683, 172, 0, 172, 0, 0, 0
12533, 1, 1636469152799, 1636469152971, 172, 0, 172, 0, 0, 0
12537, 1, 1636469152807, 1636469152983, 176, 0, 176, 0, 0, 0
12538, 1, 1636469152843, 1636469153015, 172, 0, 172, 0, 0, 0
12539, 1, 1636469152879, 1636469153051, 172, 0, 172, 0, 0, 0
12541, 1, 1636469153107, 1636469153279, 172, 0, 172, 0, 0, 0
12540, 1, 1636469153107, 1636469153283, 176, 0, 176, 0, 0, 0
12536, 1, 1636469153147, 1636469153319, 172, 0, 172, 0, 0, 0
12543, 1, 1636469153179, 1636469153351, 172, 0, 172, 0, 0, 0
12542, 1, 1636469153175, 1636469153351, 176, 0, 176, 0, 0, 0
12544, 1, 1636469153459, 1636469153631, 172, 0, 172, 0, 0, 0
12545, 1, 1636469153471, 1636469153643, 172, 0, 172, 0, 0, 0
12546, 1, 1636469153507, 1636469153683, 176, 0, 176, 0, 0, 0
12547, 1, 1636469153550, 1636469153723, 173, 1, 172, 0, 0, 0
12548, 1, 1636469153779, 1636469153951, 172, 0, 172, 0, 0, 0
12549, 1, 1636469153779, 1636469153951, 172, 0, 172, 0, 0, 0
12550, 1, 1636469153803, 1636469153975, 172, 0, 172, 0, 0, 0
12551, 1, 1636469153843, 1636469154019, 176, 0, 176, 0, 0, 0
12552, 1, 1636469153843, 1636469154023, 180, 0, 180, 0, 0, 0
12553, 1, 1636469154119, 1636469154291, 172, 0, 172, 0, 0, 0
12554, 1, 1636469154139, 1636469154311, 172, 0, 172, 0, 0, 0
12555, 1, 1636469154175, 1636469154347, 172, 0, 172, 0, 0, 0
12556, 1, 1636469154219, 1636469154391, 172, 0, 172, 0, 0, 0
12557, 1, 1636469154439, 1636469154615, 176, 0, 176, 0, 0, 0
12558, 1, 1636469154447, 1636469154619, 172, 0, 172, 0, 0, 0
12559, 1, 1636469154475, 1636469154647, 172, 0, 172, 0, 0, 0
12560, 1, 1636469154511, 1636469154683, 172, 0, 172, 0, 0, 0
12561, 1, 1636469154511, 1636469154683, 172, 0, 172, 0, 0, 0
12562, 1, 1636469154787, 1636469154963, 176, 0, 176, 0, 0, 0
12563, 1, 1636469154803, 1636469154975, 172, 0, 172, 0, 0, 0
12564, 1, 1636469154842, 1636469155015, 173, 1, 172, 0, 0, 0
12565, 1, 1636469155107, 1636469155283, 176, 0, 176, 0, 0, 0
12566, 1, 1636469155107, 1636469155283, 176, 0, 176, 0, 0, 0
12567, 1, 1636469155139, 1636469155311, 172, 0, 172, 0, 0, 0
12568, 1, 1636469155175, 1636469155347, 172, 0, 172, 0, 0, 0
12569, 1, 1636469155175, 1636469155347, 172, 0, 172, 0, 0, 0
12570, 1, 1636469155455, 1636469155627, 172, 0, 172, 0, 0, 0
12571, 1, 1636469155479, 1636469155651, 172, 0, 172, 0, 0, 0
12572, 1, 1636469155507, 1636469155679, 172, 0, 172, 0, 0, 0
12573, 1, 1636469155771, 1636469155947, 176, 0, 176, 0, 0, 0
12574, 1, 1636469155779, 1636469155959, 180, 0, 180, 0, 0, 0
12575, 1, 1636469155799, 1636469155971, 172, 0, 172, 0, 0, 0
12576, 1, 1636469155839, 1636469156011, 172, 0, 172, 0, 0, 0
12577, 1, 1636469155847, 1636469156023, 176, 0, 176, 0, 0, 0
12578, 1, 1636469156119, 1636469156291, 172, 0, 172, 0, 0, 0
12579, 1, 1636469156139, 1636469156311, 172, 0, 172, 0, 0, 0
12580, 1, 1636469156171, 1636469156343, 172, 0, 172, 0, 0, 0
12581, 1, 1636469156439, 1636469156611, 172, 0, 172, 0, 0, 0
12582, 1, 1636469156443, 1636469156615, 172, 0, 172, 0, 0, 0
12583, 1, 1636469156466, 1636469156639, 173, 1, 172, 0, 0, 0
12584, 1, 1636469156507, 1636469156679, 172, 0, 172, 0, 0, 0
12585, 1, 1636469156507, 1636469156679, 172, 0, 172, 0, 0, 0
12587, 1, 1636469157107, 1636469157279, 172, 0, 172, 0, 0, 0
12586, 1, 1636469157107, 1636469157279, 172, 0, 172, 0, 0, 0
12588, 1, 1636469157135, 1636469157307, 172, 0, 172, 0, 0, 0
12589, 1, 1636469157175, 1636469157347, 172, 0, 172, 0, 0, 0
12590, 1, 1636469157775, 1636469157947, 172, 0, 172, 0, 0, 0
12591, 1, 1636469157775, 1636469157947, 172, 0, 172, 0, 0, 0
12592, 1, 1636469157799, 1636469157971, 172, 0, 172, 0, 0, 0
12594, 1, 1636469158439, 1636469158611, 172, 0, 172, 0, 0, 0
12593, 1, 1636469158439, 1636469158611, 172, 0, 172, 0, 0, 0
12595, 1, 1636469158467, 1636469158639, 172, 0, 172, 0, 0, 0
12596, 1, 1636469159107, 1636469159279, 172, 0, 172, 0, 0, 0
12597, 1, 1636469159135, 1636469159307, 172, 0, 172, 0, 0, 0
12598, 1, 1636469159771, 1636469159943, 172, 0, 172, 0, 0, 0
12599, 1, 1636469160439, 1636469160611, 172, 0, 172, 0, 0, 0
12600, 1, 1636469161103, 1636469161275, 172, 0, 172, 0, 0, 0
12601, 1, 1636469266107, 1636469266279, 172, 0, 172, 0, 0, 0
12602, 1, 1636469266635, 1636469266807, 172, 0, 172, 0, 0, 0
12603, 1, 1636469266763, 1636469266935, 172, 0, 172, 0, 0, 0
12604, 1, 1636469267179, 1636469267351, 172, 0, 172, 0, 0, 0
12605, 1, 1636469267287, 1636469267459, 172, 0, 172, 0, 0, 0
12606, 1, 1636469267419, 1636469267591, 172, 0, 172, 0, 0, 0
12607, 1, 1636469267839, 1636469268011, 172, 0, 172, 0, 0, 0
12608, 1, 1636469267943, 1636469268115, 172, 0, 172, 0, 0, 0
12610, 1, 1636469268043, 1636469268215, 172, 0, 172, 0, 0, 0
12609, 1, 1636469268075, 1636469268247, 172, 0, 172, 0, 0, 0
12611, 1, 1636469268495, 1636469268667, 172, 0, 172, 0, 0, 0
12612, 1, 1636469268599, 1636469268771, 172, 0, 172, 0, 0, 0
12613, 1, 1636469268699, 1636469268871, 172, 0, 172, 0, 0, 0
12614, 1, 1636469268731, 1636469268903, 172, 0, 172, 0, 0, 0
12615, 1, 1636469268739, 1636469268911, 172, 0, 172, 0, 0, 0
12616, 1, 1636469269155, 1636469269327, 172, 0, 172, 0, 0, 0
12617, 1, 1636469269255, 1636469269427, 172, 0, 172, 0, 0, 0
12618, 1, 1636469269263, 1636469269435, 172, 0, 172, 0, 0, 0
12619, 1, 1636469269359, 1636469269531, 172, 0, 172, 0, 0, 0
12620, 1, 1636469269387, 1636469269559, 172, 0, 172, 0, 0, 0
12621, 1, 1636469269391, 1636469269563, 172, 0, 172, 0, 0, 0
12622, 1, 1636469269811, 1636469269983, 172, 0, 172, 0, 0, 0
12623, 1, 1636469269911, 1636469270083, 172, 0, 172, 0, 0, 0
12624, 1, 1636469269919, 1636469270095, 176, 0, 176, 0, 0, 0
12625, 1, 1636469270023, 1636469270195, 172, 0, 172, 0, 0, 0
12627, 1, 1636469270043, 1636469270215, 172, 0, 172, 0, 0, 0
12626, 1, 1636469270043, 1636469270215, 172, 0, 172, 0, 0, 0
12628, 1, 1636469270055, 1636469270227, 172, 0, 172, 0, 0, 0
12629, 1, 1636469270467, 1636469270639, 172, 0, 172, 0, 0, 0
12630, 1, 1636469270567, 1636469270739, 172, 0, 172, 0, 0, 0
12631, 1, 1636469270575, 1636469270751, 176, 0, 176, 0, 0, 0
12632, 1, 1636469270679, 1636469270855, 176, 0, 176, 0, 0, 0
12634, 1, 1636469270703, 1636469270875, 172, 0, 172, 0, 0, 0
12633, 1, 1636469270703, 1636469270875, 172, 0, 172, 0, 0, 0
12635, 1, 1636469270715, 1636469270887, 172, 0, 172, 0, 0, 0
12636, 1, 1636469270751, 1636469270923, 172, 0, 172, 0, 0, 0
12637, 1, 1636469271123, 1636469271295, 172, 0, 172, 0, 0, 0
12638, 1, 1636469271223, 1636469271395, 172, 0, 172, 0, 0, 0
12639, 1, 1636469271239, 1636469271411, 172, 0, 172, 0, 0, 0
12640, 1, 1636469271339, 1636469271511, 172, 0, 172, 0, 0, 0
12642, 1, 1636469271355, 1636469271527, 172, 0, 172, 0, 0, 0
12641, 1, 1636469271355, 1636469271527, 172, 0, 172, 0, 0, 0
12643, 1, 1636469271375, 1636469271547, 172, 0, 172, 0, 0, 0
12644, 1, 1636469271411, 1636469271583, 172, 0, 172, 0, 0, 0
12645, 1, 1636469271703, 1636469271875, 172, 0, 172, 0, 0, 0
12646, 1, 1636469271779, 1636469271955, 176, 0, 176, 0, 0, 0
12648, 1, 1636469271903, 1636469272075, 172, 0, 172, 0, 0, 0
12649, 1, 1636469271999, 1636469272171, 172, 0, 172, 0, 0, 0
12651, 1, 1636469272015, 1636469272191, 176, 0, 176, 0, 0, 0
12650, 1, 1636469272015, 1636469272191, 176, 0, 176, 0, 0, 0
12652, 1, 1636469272031, 1636469272203, 172, 0, 172, 0, 0, 0
12647, 1, 1636469272055, 1636469272227, 172, 0, 172, 0, 0, 0
12653, 1, 1636469272067, 1636469272239, 172, 0, 172, 0, 0, 0
12655, 1, 1636469272363, 1636469272535, 172, 0, 172, 0, 0, 0
12654, 1, 1636469272407, 1636469272579, 172, 0, 172, 0, 0, 0
12657, 1, 1636469272559, 1636469272731, 172, 0, 172, 0, 0, 0
12658, 1, 1636469272655, 1636469272827, 172, 0, 172, 0, 0, 0
12660, 1, 1636469272679, 1636469272851, 172, 0, 172, 0, 0, 0
12659, 1, 1636469272679, 1636469272851, 172, 0, 172, 0, 0, 0
12661, 1, 1636469272687, 1636469272859, 172, 0, 172, 0, 0, 0
12662, 1, 1636469272715, 1636469272887, 172, 0, 172, 0, 0, 0
12663, 1, 1636469272731, 1636469272903, 172, 0, 172, 0, 0, 0
12656, 1, 1636469272755, 1636469272927, 172, 0, 172, 0, 0, 0
12664, 1, 1636469273023, 1636469273195, 172, 0, 172, 0, 0, 0
12665, 1, 1636469273063, 1636469273235, 172, 0, 172, 0, 0, 0
12666, 1, 1636469273215, 1636469273391, 176, 0, 176, 0, 0, 0
12667, 1, 1636469273311, 1636469273483, 172, 0, 172, 0, 0, 0
12669, 1, 1636469273327, 1636469273499, 172, 0, 172, 0, 0, 0
12668, 1, 1636469273335, 1636469273507, 172, 0, 172, 0, 0, 0
12670, 1, 1636469273343, 1636469273515, 172, 0, 172, 0, 0, 0
12671, 1, 1636469273371, 1636469273543, 172, 0, 172, 0, 0, 0
12672, 1, 1636469273391, 1636469273563, 172, 0, 172, 0, 0, 0
12673, 1, 1636469273411, 1636469273583, 172, 0, 172, 0, 0, 0
12674, 1, 1636469273683, 1636469273855, 172, 0, 172, 0, 0, 0
12675, 1, 1636469273715, 1636469273887, 172, 0, 172, 0, 0, 0
12676, 1, 1636469273875, 1636469274047, 172, 0, 172, 0, 0, 0
12677, 1, 1636469273967, 1636469274139, 172, 0, 172, 0, 0, 0
12678, 1, 1636469273975, 1636469274147, 172, 0, 172, 0, 0, 0
12679, 1, 1636469273991, 1636469274163, 172, 0, 172, 0, 0, 0
12680, 1, 1636469273999, 1636469274171, 172, 0, 172, 0, 0, 0
12681, 1, 1636469274023, 1636469274195, 172, 0, 172, 0, 0, 0
12682, 1, 1636469274047, 1636469274219, 172, 0, 172, 0, 0, 0
12683, 1, 1636469274067, 1636469274239, 172, 0, 172, 0, 0, 0
12684, 1, 1636469274323, 1636469274503, 180, 0, 180, 0, 0, 0
12685, 1, 1636469274343, 1636469274515, 172, 0, 172, 0, 0, 0
12686, 1, 1636469274367, 1636469274539, 172, 0, 172, 0, 0, 0
12688, 1, 1636469274619, 1636469274791, 172, 0, 172, 0, 0, 0
12689, 1, 1636469274627, 1636469274799, 172, 0, 172, 0, 0, 0
12690, 1, 1636469274651, 1636469274827, 176, 0, 176, 0, 0, 0
12691, 1, 1636469274651, 1636469274827, 176, 0, 176, 0, 0, 0
12692, 1, 1636469274675, 1636469274847, 172, 0, 172, 0, 0, 0
12687, 1, 1636469274675, 1636469274847, 172, 0, 172, 0, 0, 0
12693, 1, 1636469274711, 1636469274883, 172, 0, 172, 0, 0, 0
12694, 1, 1636469274727, 1636469274899, 172, 0, 172, 0, 0, 0
12695, 1, 1636469274987, 1636469275159, 172, 0, 172, 0, 0, 0
12696, 1, 1636469275007, 1636469275179, 172, 0, 172, 0, 0, 0
12697, 1, 1636469275019, 1636469275191, 172, 0, 172, 0, 0, 0
12698, 1, 1636469275199, 1636469275371, 172, 0, 172, 0, 0, 0
12700, 1, 1636469275279, 1636469275451, 172, 0, 172, 0, 0, 0
12699, 1, 1636469275275, 1636469275451, 176, 0, 176, 0, 0, 0
12701, 1, 1636469275319, 1636469275491, 172, 0, 172, 0, 0, 0
12703, 1, 1636469275331, 1636469275503, 172, 0, 172, 0, 0, 0
12704, 1, 1636469275331, 1636469275507, 176, 0, 176, 0, 0, 0
12705, 1, 1636469275367, 1636469275543, 176, 0, 176, 0, 0, 0
12706, 1, 1636469275383, 1636469275559, 176, 0, 176, 0, 0, 0
12702, 1, 1636469275555, 1636469275727, 172, 0, 172, 0, 0, 0
12707, 1, 1636469275643, 1636469275819, 176, 0, 176, 0, 0, 0
12708, 1, 1636469275663, 1636469275839, 176, 0, 176, 0, 0, 0
12709, 1, 1636469275683, 1636469275859, 176, 0, 176, 0, 0, 0
12711, 1, 1636469275859, 1636469276035, 176, 0, 176, 0, 0, 0
12710, 1, 1636469275899, 1636469276071, 172, 0, 172, 0, 0, 0
12712, 1, 1636469275931, 1636469276103, 172, 0, 172, 0, 0, 0
12713, 1, 1636469275935, 1636469276107, 172, 0, 172, 0, 0, 0
12715, 1, 1636469275987, 1636469276159, 172, 0, 172, 0, 0, 0
12716, 1, 1636469275991, 1636469276163, 172, 0, 172, 0, 0, 0
12718, 1, 1636469276035, 1636469276211, 176, 0, 176, 0, 0, 0
12719, 1, 1636469276207, 1636469276379, 172, 0, 172, 0, 0, 0
12714, 1, 1636469276215, 1636469276387, 172, 0, 172, 0, 0, 0
12717, 1, 1636469276247, 1636469276419, 172, 0, 172, 0, 0, 0
12720, 1, 1636469276303, 1636469276475, 172, 0, 172, 0, 0, 0
12721, 1, 1636469276319, 1636469276491, 172, 0, 172, 0, 0, 0
12722, 1, 1636469276347, 1636469276519, 172, 0, 172, 0, 0, 0
12723, 1, 1636469276523, 1636469276695, 172, 0, 172, 0, 0, 0
12724, 1, 1636469276559, 1636469276731, 172, 0, 172, 0, 0, 0
12726, 1, 1636469276587, 1636469276759, 172, 0, 172, 0, 0, 0
12725, 1, 1636469276591, 1636469276763, 172, 0, 172, 0, 0, 0
12727, 1, 1636469276643, 1636469276815, 172, 0, 172, 0, 0, 0
12729, 1, 1636469276691, 1636469276863, 172, 0, 172, 0, 0, 0
12730, 1, 1636469276819, 1636469276991, 172, 0, 172, 0, 0, 0
12732, 1, 1636469276866, 1636469277043, 177, 1, 176, 1, 0, 1
12731, 1, 1636469276863, 1636469277043, 180, 0, 180, 0, 0, 0
12733, 1, 1636469276899, 1636469277071, 172, 0, 172, 0, 0, 0
12728, 1, 1636469276907, 1636469277079, 172, 0, 172, 0, 0, 0
12734, 1, 1636469276959, 1636469277135, 176, 0, 176, 0, 0, 0
12736, 1, 1636469277003, 1636469277175, 172, 0, 172, 0, 0, 0
12735, 1, 1636469277167, 1636469277339, 172, 0, 172, 0, 0, 0
12737, 1, 1636469277179, 1636469277351, 172, 0, 172, 0, 0, 0
12738, 1, 1636469277219, 1636469277391, 172, 0, 172, 0, 0, 0
12739, 1, 1636469277247, 1636469277419, 172, 0, 172, 0, 0, 0
12740, 1, 1636469277247, 1636469277419, 172, 0, 172, 0, 0, 0
12741, 1, 1636469277298, 1636469277471, 173, 1, 172, 0, 0, 0
12742, 1, 1636469277351, 1636469277523, 172, 0, 172, 0, 0, 0
12744, 1, 1636469277511, 1636469277687, 176, 0, 176, 0, 0, 0
12745, 1, 1636469277527, 1636469277699, 172, 0, 172, 0, 0, 0
12746, 1, 1636469277527, 1636469277699, 172, 0, 172, 0, 0, 0
12747, 1, 1636469277555, 1636469277727, 172, 0, 172, 0, 0, 0
12748, 1, 1636469277559, 1636469277731, 172, 0, 172, 0, 0, 0
12749, 1, 1636469277615, 1636469277787, 172, 0, 172, 0, 0, 0
12743, 1, 1636469277699, 1636469277871, 172, 0, 172, 0, 0, 0
12751, 1, 1636469277819, 1636469277991, 172, 0, 172, 0, 0, 0
12752, 1, 1636469277835, 1636469278011, 176, 0, 176, 0, 0, 0
12750, 1, 1636469277863, 1636469278035, 172, 0, 172, 0, 0, 0
12753, 1, 1636469277875, 1636469278051, 176, 0, 176, 0, 0, 0
12754, 1, 1636469277899, 1636469278075, 176, 0, 176, 0, 0, 0
12756, 1, 1636469277955, 1636469278127, 172, 0, 172, 0, 0, 0
12757, 1, 1636469278011, 1636469278183, 172, 0, 172, 0, 0, 0
12755, 1, 1636469278051, 1636469278223, 172, 0, 172, 0, 0, 0
12760, 1, 1636469278183, 1636469278355, 172, 0, 172, 0, 0, 0
12761, 1, 1636469278215, 1636469278387, 172, 0, 172, 0, 0, 0
12759, 1, 1636469278215, 1636469278387, 172, 0, 172, 0, 0, 0
12762, 1, 1636469278215, 1636469278391, 176, 0, 176, 0, 0, 0
12763, 1, 1636469278271, 1636469278443, 172, 0, 172, 0, 0, 0
12764, 1, 1636469278351, 1636469278523, 172, 0, 172, 0, 0, 0
12758, 1, 1636469278407, 1636469278578, 171, 0, 171, 0, 0, 0
12765, 1, 1636469278475, 1636469278647, 172, 0, 172, 0, 0, 0
12766, 1, 1636469278495, 1636469278671, 176, 0, 176, 0, 0, 0
12767, 1, 1636469278519, 1636469278691, 172, 0, 172, 0, 0, 0
12768, 1, 1636469278535, 1636469278707, 172, 0, 172, 0, 0, 0
12770, 1, 1636469278611, 1636469278783, 172, 0, 172, 0, 0, 0
12771, 1, 1636469278667, 1636469278839, 172, 0, 172, 0, 0, 0
12772, 1, 1636469278711, 1636469278883, 172, 0, 172, 0, 0, 0
12769, 1, 1636469278751, 1636469278923, 172, 0, 172, 0, 0, 0
12773, 1, 1636469278835, 1636469279007, 172, 0, 172, 0, 0, 0
12775, 1, 1636469278871, 1636469279043, 172, 0, 172, 0, 0, 0
12776, 1, 1636469278871, 1636469279047, 176, 0, 176, 0, 0, 0
12774, 1, 1636469278871, 1636469279051, 180, 0, 180, 0, 0, 0
12777, 1, 1636469278931, 1636469279103, 172, 0, 172, 0, 0, 0
12778, 1, 1636469279003, 1636469279175, 172, 0, 172, 0, 0, 0
12779, 1, 1636469279059, 1636469279231, 172, 0, 172, 0, 0, 0
12780, 1, 1636469279131, 1636469279303, 172, 0, 172, 0, 0, 0
12781, 1, 1636469279155, 1636469279327, 172, 0, 172, 0, 0, 0
12782, 1, 1636469279179, 1636469279351, 172, 0, 172, 0, 0, 0
12783, 1, 1636469279191, 1636469279363, 172, 0, 172, 0, 0, 0
12784, 1, 1636469279267, 1636469279439, 172, 0, 172, 0, 0, 0
12785, 1, 1636469279323, 1636469279495, 172, 0, 172, 0, 0, 0
12786, 1, 1636469279363, 1636469279539, 176, 0, 176, 0, 0, 0
12787, 1, 1636469279403, 1636469279575, 172, 0, 172, 0, 0, 0
12788, 1, 1636469279491, 1636469279667, 176, 0, 176, 0, 0, 0
12789, 1, 1636469279527, 1636469279703, 176, 0, 176, 0, 0, 0
12791, 1, 1636469279531, 1636469279707, 176, 0, 176, 0, 0, 0
12790, 1, 1636469279531, 1636469279707, 176, 0, 176, 0, 0, 0
12793, 1, 1636469279659, 1636469279835, 176, 0, 176, 0, 0, 0
12794, 1, 1636469279715, 1636469279887, 172, 0, 172, 0, 0, 0
12795, 1, 1636469279727, 1636469279899, 172, 0, 172, 0, 0, 0
12796, 1, 1636469279787, 1636469279959, 172, 0, 172, 0, 0, 0
12797, 1, 1636469279811, 1636469279983, 172, 0, 172, 0, 0, 0
12798, 1, 1636469279839, 1636469280011, 172, 0, 172, 0, 0, 0
12799, 1, 1636469279851, 1636469280023, 172, 0, 172, 0, 0, 0
12800, 1, 1636469279927, 1636469280099, 172, 0, 172, 0, 0, 0
12801, 1, 1636469279979, 1636469280147, 168, 0, 168, 0, 0, 0
12803, 1, 1636469280055, 1636469280231, 176, 0, 176, 0, 0, 0
12792, 1, 1636469280071, 1636469280247, 176, 0, 176, 0, 0, 0
12804, 1, 1636469280147, 1636469280323, 176, 0, 176, 0, 0, 0
12805, 1, 1636469280187, 1636469280363, 176, 0, 176, 0, 0, 0
12807, 1, 1636469280195, 1636469280371, 176, 0, 176, 0, 0, 0
12806, 1, 1636469280195, 1636469280371, 176, 0, 176, 0, 0, 0
12808, 1, 1636469280315, 1636469280487, 172, 0, 172, 0, 0, 0
12810, 1, 1636469280367, 1636469280539, 172, 0, 172, 0, 0, 0
12812, 1, 1636469280439, 1636469280611, 172, 0, 172, 0, 0, 0
12814, 1, 1636469280491, 1636469280663, 172, 0, 172, 0, 0, 0
12811, 1, 1636469280499, 1636469280671, 172, 0, 172, 0, 0, 0
12815, 1, 1636469280503, 1636469280678, 175, 0, 175, 0, 0, 0
12816, 1, 1636469280587, 1636469280759, 172, 0, 172, 0, 0, 0
12817, 1, 1636469280635, 1636469280811, 176, 0, 176, 0, 0, 0
12819, 1, 1636469280727, 1636469280899, 172, 0, 172, 0, 0, 0
12820, 1, 1636469280807, 1636469280983, 176, 0, 176, 0, 0, 0
12821, 1, 1636469280851, 1636469281023, 172, 0, 172, 0, 0, 0
12823, 1, 1636469280863, 1636469281035, 172, 0, 172, 0, 0, 0
12822, 1, 1636469280863, 1636469281035, 172, 0, 172, 0, 0, 0
12824, 1, 1636469280975, 1636469281147, 172, 0, 172, 0, 0, 0
12825, 1, 1636469281019, 1636469281191, 172, 0, 172, 0, 0, 0
12826, 1, 1636469281091, 1636469281263, 172, 0, 172, 0, 0, 0
12827, 1, 1636469281147, 1636469281319, 172, 0, 172, 0, 0, 0
12828, 1, 1636469281159, 1636469281331, 172, 0, 172, 0, 0, 0
12831, 1, 1636469281291, 1636469281463, 172, 0, 172, 0, 0, 0
12833, 1, 1636469281383, 1636469281555, 172, 0, 172, 0, 0, 0
12834, 1, 1636469281463, 1636469281639, 176, 0, 176, 0, 0, 0
12835, 1, 1636469281511, 1636469281683, 172, 0, 172, 0, 0, 0
12837, 1, 1636469281519, 1636469281691, 172, 0, 172, 0, 0, 0
12836, 1, 1636469281519, 1636469281691, 172, 0, 172, 0, 0, 0
12838, 1, 1636469281623, 1636469281799, 176, 0, 176, 0, 0, 0
12839, 1, 1636469281675, 1636469281851, 176, 0, 176, 0, 0, 0
12840, 1, 1636469281743, 1636469281919, 176, 0, 176, 0, 0, 0
12841, 1, 1636469281803, 1636469281975, 172, 0, 172, 0, 0, 0
12842, 1, 1636469281815, 1636469281987, 172, 0, 172, 0, 0, 0
12843, 1, 1636469281951, 1636469282123, 172, 0, 172, 0, 0, 0
12844, 1, 1636469282035, 1636469282207, 172, 0, 172, 0, 0, 0
12846, 1, 1636469282171, 1636469282347, 176, 0, 176, 0, 0, 0
12847, 1, 1636469282179, 1636469282351, 172, 0, 172, 0, 0, 0
12848, 1, 1636469282179, 1636469282355, 176, 0, 176, 0, 0, 0
12850, 1, 1636469282334, 1636469282507, 173, 1, 172, 0, 0, 0
12851, 1, 1636469282399, 1636469282571, 172, 0, 172, 0, 0, 0
12852, 1, 1636469282463, 1636469282635, 172, 0, 172, 0, 0, 0
12853, 1, 1636469282475, 1636469282651, 176, 0, 176, 0, 0, 0
12855, 1, 1636469282603, 1636469282775, 172, 0, 172, 0, 0, 0
12856, 1, 1636469282687, 1636469282859, 172, 0, 172, 0, 0, 0
12858, 1, 1636469282691, 1636469282863, 172, 0, 172, 0, 0, 0
12857, 1, 1636469282811, 1636469282983, 172, 0, 172, 0, 0, 0
12859, 1, 1636469282823, 1636469282995, 172, 0, 172, 0, 0, 0
12861, 1, 1636469282831, 1636469283003, 172, 0, 172, 0, 0, 0
12862, 1, 1636469282835, 1636469283007, 172, 0, 172, 0, 0, 0
12864, 1, 1636469283055, 1636469283227, 172, 0, 172, 0, 0, 0
12865, 1, 1636469283067, 1636469283239, 172, 0, 172, 0, 0, 0
12866, 1, 1636469283123, 1636469283295, 172, 0, 172, 0, 0, 0
12867, 1, 1636469283139, 1636469283311, 172, 0, 172, 0, 0, 0
12868, 1, 1636469283255, 1636469283427, 172, 0, 172, 0, 0, 0
12869, 1, 1636469283343, 1636469283515, 172, 0, 172, 0, 0, 0
12870, 1, 1636469283347, 1636469283519, 172, 0, 172, 0, 0, 0
12871, 1, 1636469283463, 1636469283635, 172, 0, 172, 0, 0, 0
12872, 1, 1636469283475, 1636469283651, 176, 0, 176, 0, 0, 0
12873, 1, 1636469283491, 1636469283663, 172, 0, 172, 0, 0, 0
12875, 1, 1636469283523, 1636469283699, 176, 0, 176, 0, 0, 0
12876, 1, 1636469283591, 1636469283763, 172, 0, 172, 0, 0, 0
12877, 1, 1636469283623, 1636469283795, 172, 0, 172, 0, 0, 0
12879, 1, 1636469283727, 1636469283899, 172, 0, 172, 0, 0, 0
12880, 1, 1636469283783, 1636469283955, 172, 0, 172, 0, 0, 0
12881, 1, 1636469283807, 1636469283979, 172, 0, 172, 0, 0, 0
12874, 1, 1636469283815, 1636469283987, 172, 0, 172, 0, 0, 0
12883, 1, 1636469284003, 1636469284175, 172, 0, 172, 0, 0, 0
12884, 1, 1636469284007, 1636469284179, 172, 0, 172, 0, 0, 0
12885, 1, 1636469284115, 1636469284287, 172, 0, 172, 0, 0, 0
12886, 1, 1636469284139, 1636469284315, 176, 0, 176, 0, 0, 0
12887, 1, 1636469284147, 1636469284323, 176, 0, 176, 0, 0, 0
12882, 1, 1636469284159, 1636469284331, 172, 0, 172, 0, 0, 0
12888, 1, 1636469284179, 1636469284351, 172, 0, 172, 0, 0, 0
12890, 1, 1636469284251, 1636469284423, 172, 0, 172, 0, 0, 0
12892, 1, 1636469284379, 1636469284555, 176, 0, 176, 0, 0, 0
12894, 1, 1636469284463, 1636469284639, 176, 0, 176, 0, 0, 0
12896, 1, 1636469284471, 1636469284647, 176, 0, 176, 0, 0, 0
12895, 1, 1636469284467, 1636469284647, 180, 0, 180, 0, 0, 0
12891, 1, 1636469284507, 1636469284683, 176, 0, 176, 0, 0, 0
12897, 1, 1636469284631, 1636469284807, 176, 0, 176, 0, 0, 0
12898, 1, 1636469284663, 1636469284839, 176, 0, 176, 0, 0, 0
12899, 1, 1636469284671, 1636469284847, 176, 0, 176, 0, 0, 0
12900, 1, 1636469284763, 1636469284939, 176, 0, 176, 0, 0, 0
12901, 1, 1636469284799, 1636469284971, 172, 0, 172, 0, 0, 0
12902, 1, 1636469284807, 1636469284979, 172, 0, 172, 0, 0, 0
12904, 1, 1636469284819, 1636469284995, 176, 0, 176, 0, 0, 0
12905, 1, 1636469284831, 1636469285003, 172, 0, 172, 0, 0, 0
12903, 1, 1636469285015, 1636469285187, 172, 0, 172, 0, 0, 0
12907, 1, 1636469285039, 1636469285211, 172, 0, 172, 0, 0, 0
12909, 1, 1636469285131, 1636469285303, 172, 0, 172, 0, 0, 0
12910, 1, 1636469285131, 1636469285303, 172, 0, 172, 0, 0, 0
12906, 1, 1636469285154, 1636469285327, 173, 1, 172, 0, 0, 0
12911, 1, 1636469285159, 1636469285335, 176, 0, 176, 0, 0, 0
12912, 1, 1636469285179, 1636469285351, 172, 0, 172, 0, 0, 0
12913, 1, 1636469285291, 1636469285463, 172, 0, 172, 0, 0, 0
12914, 1, 1636469285323, 1636469285495, 172, 0, 172, 0, 0, 0
12915, 1, 1636469285327, 1636469285499, 172, 0, 172, 0, 0, 0
12916, 1, 1636469285343, 1636469285515, 172, 0, 172, 0, 0, 0
12917, 1, 1636469285419, 1636469285591, 172, 0, 172, 0, 0, 0
12918, 1, 1636469285459, 1636469285631, 172, 0, 172, 0, 0, 0
12919, 1, 1636469285467, 1636469285639, 172, 0, 172, 0, 0, 0
12920, 1, 1636469285479, 1636469285651, 172, 0, 172, 0, 0, 0
12921, 1, 1636469285491, 1636469285663, 172, 0, 172, 0, 0, 0
12922, 1, 1636469285663, 1636469285839, 176, 0, 176, 0, 0, 0
12923, 1, 1636469285691, 1636469285863, 172, 0, 172, 0, 0, 0
12924, 1, 1636469285787, 1636469285959, 172, 0, 172, 0, 0, 0
12926, 1, 1636469285811, 1636469285983, 172, 0, 172, 0, 0, 0
12927, 1, 1636469285823, 1636469285995, 172, 0, 172, 0, 0, 0
12928, 1, 1636469285839, 1636469286011, 172, 0, 172, 0, 0, 0
12929, 1, 1636469285943, 1636469286115, 172, 0, 172, 0, 0, 0
12930, 1, 1636469285979, 1636469286151, 172, 0, 172, 0, 0, 0
12931, 1, 1636469285991, 1636469286163, 172, 0, 172, 0, 0, 0
12932, 1, 1636469286003, 1636469286175, 172, 0, 172, 0, 0, 0
12933, 1, 1636469286063, 1636469286235, 172, 0, 172, 0, 0, 0
12934, 1, 1636469286071, 1636469286243, 172, 0, 172, 0, 0, 0
12935, 1, 1636469286115, 1636469286287, 172, 0, 172, 0, 0, 0
12936, 1, 1636469286127, 1636469286303, 176, 0, 176, 0, 0, 0
12925, 1, 1636469286139, 1636469286311, 172, 0, 172, 0, 0, 0
12938, 1, 1636469286147, 1636469286319, 172, 0, 172, 0, 0, 0
12939, 1, 1636469286327, 1636469286499, 172, 0, 172, 0, 0, 0
12940, 1, 1636469286347, 1636469286519, 172, 0, 172, 0, 0, 0
12941, 1, 1636469286443, 1636469286615, 172, 0, 172, 0, 0, 0
12942, 1, 1636469286467, 1636469286639, 172, 0, 172, 0, 0, 0
12943, 1, 1636469286475, 1636469286647, 172, 0, 172, 0, 0, 0
12937, 1, 1636469286483, 1636469286655, 172, 0, 172, 0, 0, 0
12908, 1, 1636469286523, 1636469286695, 172, 0, 172, 0, 0, 0
12945, 1, 1636469286527, 1636469286699, 172, 0, 172, 0, 0, 0
12946, 1, 1636469286595, 1636469286767, 172, 0, 172, 0, 0, 0
12948, 1, 1636469286650, 1636469286823, 173, 1, 172, 0, 0, 0
12949, 1, 1636469286655, 1636469286827, 172, 0, 172, 0, 0, 0
12950, 1, 1636469286719, 1636469286891, 172, 0, 172, 0, 0, 0
12951, 1, 1636469286723, 1636469286895, 172, 0, 172, 0, 0, 0
12953, 1, 1636469286787, 1636469286959, 172, 0, 172, 0, 0, 0
12955, 1, 1636469286791, 1636469286963, 172, 0, 172, 0, 0, 0
12954, 1, 1636469286791, 1636469286963, 172, 0, 172, 0, 0, 0
12956, 1, 1636469286803, 1636469286975, 172, 0, 172, 0, 0, 0
12944, 1, 1636469286831, 1636469287003, 172, 0, 172, 0, 0, 0
12952, 1, 1636469286875, 1636469287047, 172, 0, 172, 0, 0, 0
12947, 1, 1636469286875, 1636469287047, 172, 0, 172, 0, 0, 0
12957, 1, 1636469286979, 1636469287151, 172, 0, 172, 0, 0, 0
12958, 1, 1636469287003, 1636469287175, 172, 0, 172, 0, 0, 0
12959, 1, 1636469287099, 1636469287271, 172, 0, 172, 0, 0, 0
12960, 1, 1636469287119, 1636469287295, 176, 0, 176, 0, 0, 0
12961, 1, 1636469287127, 1636469287299, 172, 0, 172, 0, 0, 0
12962, 1, 1636469287143, 1636469287315, 172, 0, 172, 0, 0, 0
12964, 1, 1636469287183, 1636469287355, 172, 0, 172, 0, 0, 0
12965, 1, 1636469287247, 1636469287419, 172, 0, 172, 0, 0, 0
12966, 1, 1636469287303, 1636469287475, 172, 0, 172, 0, 0, 0
12967, 1, 1636469287315, 1636469287491, 176, 0, 176, 0, 0, 0
12963, 1, 1636469287351, 1636469287523, 172, 0, 172, 0, 0, 0
12968, 1, 1636469287371, 1636469287543, 172, 0, 172, 0, 0, 0
12969, 1, 1636469287375, 1636469287547, 172, 0, 172, 0, 0, 0
12970, 1, 1636469287443, 1636469287615, 172, 0, 172, 0, 0, 0
12972, 1, 1636469287451, 1636469287623, 172, 0, 172, 0, 0, 0
12971, 1, 1636469287459, 1636469287631, 172, 0, 172, 0, 0, 0
12973, 1, 1636469287462, 1636469287639, 177, 1, 176, 0, 0, 0
12974, 1, 1636469287491, 1636469287671, 180, 0, 180, 0, 0, 0
12976, 1, 1636469287531, 1636469287703, 172, 0, 172, 0, 0, 0
12975, 1, 1636469287531, 1636469287707, 176, 0, 176, 0, 0, 0
12977, 1, 1636469287639, 1636469287811, 172, 0, 172, 0, 0, 0
12978, 1, 1636469287663, 1636469287839, 176, 0, 176, 0, 0, 0
12979, 1, 1636469287759, 1636469287931, 172, 0, 172, 0, 0, 0
12980, 1, 1636469287779, 1636469287951, 172, 0, 172, 0, 0, 0
12981, 1, 1636469287787, 1636469287959, 172, 0, 172, 0, 0, 0
12982, 1, 1636469287803, 1636469287979, 176, 0, 176, 0, 0, 0
12983, 1, 1636469287839, 1636469288011, 172, 0, 172, 0, 0, 0
12984, 1, 1636469287899, 1636469288071, 172, 0, 172, 0, 0, 0
12985, 1, 1636469287959, 1636469288131, 172, 0, 172, 0, 0, 0
12986, 1, 1636469287967, 1636469288143, 176, 0, 176, 0, 0, 0
12987, 1, 1636469288007, 1636469288179, 172, 0, 172, 0, 0, 0
12988, 1, 1636469288019, 1636469288191, 172, 0, 172, 0, 0, 0
12989, 1, 1636469288027, 1636469288203, 176, 0, 176, 0, 0, 0
12990, 1, 1636469288095, 1636469288267, 172, 0, 172, 0, 0, 0
12991, 1, 1636469288107, 1636469288279, 172, 0, 172, 0, 0, 0
12992, 1, 1636469288107, 1636469288279, 172, 0, 172, 0, 0, 0
12993, 1, 1636469288119, 1636469288291, 172, 0, 172, 0, 0, 0
12994, 1, 1636469288155, 1636469288327, 172, 0, 172, 0, 0, 0
12995, 1, 1636469288183, 1636469288355, 172, 0, 172, 0, 0, 0
12996, 1, 1636469288187, 1636469288359, 172, 0, 172, 0, 0, 0
12997, 1, 1636469288291, 1636469288463, 172, 0, 172, 0, 0, 0
12998, 1, 1636469288319, 1636469288491, 172, 0, 172, 0, 0, 0
12999, 1, 1636469288415, 1636469288587, 172, 0, 172, 0, 0, 0
13000, 1, 1636469288431, 1636469288603, 172, 0, 172, 0, 0, 0
13001, 1, 1636469288439, 1636469288611, 172, 0, 172, 0, 0, 0
13002, 1, 1636469288463, 1636469288635, 172, 0, 172, 0, 0, 0
13003, 1, 1636469288491, 1636469288667, 176, 0, 176, 0, 0, 0
13004, 1, 1636469288547, 1636469288719, 172, 0, 172, 0, 0, 0
13005, 1, 1636469288615, 1636469288791, 176, 0, 176, 0, 0, 0
13006, 1, 1636469288627, 1636469288803, 176, 0, 176, 0, 0, 0
13007, 1, 1636469288663, 1636469288843, 180, 0, 180, 0, 0, 0
13008, 1, 1636469288675, 1636469288851, 176, 0, 176, 0, 0, 0
13009, 1, 1636469288687, 1636469288859, 172, 0, 172, 0, 0, 0
13010, 1, 1636469288747, 1636469288919, 172, 0, 172, 0, 0, 0
13012, 1, 1636469288767, 1636469288939, 172, 0, 172, 0, 0, 0
13011, 1, 1636469288767, 1636469288939, 172, 0, 172, 0, 0, 0
13013, 1, 1636469288775, 1636469288947, 172, 0, 172, 0, 0, 0
13014, 1, 1636469288811, 1636469288987, 176, 0, 176, 0, 0, 0
13016, 1, 1636469288855, 1636469289027, 172, 0, 172, 0, 0, 0
13017, 1, 1636469288943, 1636469289115, 172, 0, 172, 0, 0, 0
13015, 1, 1636469288967, 1636469289139, 172, 0, 172, 0, 0, 0
13019, 1, 1636469289079, 1636469289251, 172, 0, 172, 0, 0, 0
13020, 1, 1636469289083, 1636469289255, 172, 0, 172, 0, 0, 0
13021, 1, 1636469289091, 1636469289263, 172, 0, 172, 0, 0, 0
13022, 1, 1636469289115, 1636469289287, 172, 0, 172, 0, 0, 0
13023, 1, 1636469289151, 1636469289323, 172, 0, 172, 0, 0, 0
13024, 1, 1636469289195, 1636469289367, 172, 0, 172, 0, 0, 0
13025, 1, 1636469289279, 1636469289451, 172, 0, 172, 0, 0, 0
13026, 1, 1636469289283, 1636469289455, 172, 0, 172, 0, 0, 0
13018, 1, 1636469289319, 1636469289495, 176, 0, 176, 0, 0, 0
13027, 1, 1636469289327, 1636469289499, 172, 0, 172, 0, 0, 0
13028, 1, 1636469289331, 1636469289503, 172, 0, 172, 0, 0, 0
13029, 1, 1636469289339, 1636469289511, 172, 0, 172, 0, 0, 0
13030, 1, 1636469289407, 1636469289579, 172, 0, 172, 0, 0, 0
13032, 1, 1636469289427, 1636469289599, 172, 0, 172, 0, 0, 0
13031, 1, 1636469289427, 1636469289599, 172, 0, 172, 0, 0, 0
13033, 1, 1636469289435, 1636469289607, 172, 0, 172, 0, 0, 0
13034, 1, 1636469289479, 1636469289651, 172, 0, 172, 0, 0, 0
13035, 1, 1636469289507, 1636469289679, 172, 0, 172, 0, 0, 0
13037, 1, 1636469289635, 1636469289807, 172, 0, 172, 0, 0, 0
13039, 1, 1636469289735, 1636469289907, 172, 0, 172, 0, 0, 0
13038, 1, 1636469289739, 1636469289911, 172, 0, 172, 0, 0, 0
13040, 1, 1636469289743, 1636469289919, 176, 0, 176, 0, 0, 0
13041, 1, 1636469289775, 1636469289951, 176, 0, 176, 0, 0, 0
13036, 1, 1636469289783, 1636469289955, 172, 0, 172, 0, 0, 0
13042, 1, 1636469289807, 1636469289979, 172, 0, 172, 0, 0, 0
13043, 1, 1636469289847, 1636469290019, 172, 0, 172, 0, 0, 0
13044, 1, 1636469289943, 1636469290115, 172, 0, 172, 0, 0, 0
13045, 1, 1636469289943, 1636469290115, 172, 0, 172, 0, 0, 0
13046, 1, 1636469289975, 1636469290147, 172, 0, 172, 0, 0, 0
13048, 1, 1636469289991, 1636469290167, 176, 0, 176, 0, 0, 0
13047, 1, 1636469289991, 1636469290167, 176, 0, 176, 0, 0, 0
13049, 1, 1636469290003, 1636469290179, 176, 0, 176, 0, 0, 0
13051, 1, 1636469290091, 1636469290263, 172, 0, 172, 0, 0, 0
13052, 1, 1636469290091, 1636469290263, 172, 0, 172, 0, 0, 0
13053, 1, 1636469290091, 1636469290267, 176, 0, 176, 0, 0, 0
13054, 1, 1636469290143, 1636469290315, 172, 0, 172, 0, 0, 0
13055, 1, 1636469290175, 1636469290351, 176, 0, 176, 0, 0, 0
13050, 1, 1636469290291, 1636469290463, 172, 0, 172, 0, 0, 0
13056, 1, 1636469290295, 1636469290467, 172, 0, 172, 0, 0, 0
13057, 1, 1636469290391, 1636469290563, 172, 0, 172, 0, 0, 0
13059, 1, 1636469290399, 1636469290571, 172, 0, 172, 0, 0, 0
13058, 1, 1636469290403, 1636469290575, 172, 0, 172, 0, 0, 0
13061, 1, 1636469290431, 1636469290606, 175, 0, 175, 0, 0, 0
13060, 1, 1636469290443, 1636469290615, 172, 0, 172, 0, 0, 0
13062, 1, 1636469290463, 1636469290635, 172, 0, 172, 0, 0, 0
13063, 1, 1636469290503, 1636469290675, 172, 0, 172, 0, 0, 0
13065, 1, 1636469290599, 1636469290771, 172, 0, 172, 0, 0, 0
13064, 1, 1636469290599, 1636469290771, 172, 0, 172, 0, 0, 0
13067, 1, 1636469290647, 1636469290819, 172, 0, 172, 0, 0, 0
13066, 1, 1636469290647, 1636469290819, 172, 0, 172, 0, 0, 0
13068, 1, 1636469290655, 1636469290831, 176, 0, 176, 0, 0, 0
13069, 1, 1636469290667, 1636469290839, 172, 0, 172, 0, 0, 0
13072, 1, 1636469290751, 1636469290923, 172, 0, 172, 0, 0, 0
13070, 1, 1636469290751, 1636469290923, 172, 0, 172, 0, 0, 0
13071, 1, 1636469290755, 1636469290927, 172, 0, 172, 0, 0, 0
13073, 1, 1636469290803, 1636469290975, 172, 0, 172, 0, 0, 0
13074, 1, 1636469290835, 1636469291007, 172, 0, 172, 0, 0, 0
13076, 1, 1636469290959, 1636469291131, 172, 0, 172, 0, 0, 0
13075, 1, 1636469290959, 1636469291131, 172, 0, 172, 0, 0, 0
13077, 1, 1636469291051, 1636469291223, 172, 0, 172, 0, 0, 0
13078, 1, 1636469291059, 1636469291235, 176, 0, 176, 0, 0, 0
13079, 1, 1636469291067, 1636469291239, 172, 0, 172, 0, 0, 0
13080, 1, 1636469291091, 1636469291263, 172, 0, 172, 0, 0, 0
13081, 1, 1636469291099, 1636469291271, 172, 0, 172, 0, 0, 0
13082, 1, 1636469291119, 1636469291291, 172, 0, 172, 0, 0, 0
13083, 1, 1636469291155, 1636469291327, 172, 0, 172, 0, 0, 0
13085, 1, 1636469291263, 1636469291435, 172, 0, 172, 0, 0, 0
13084, 1, 1636469291263, 1636469291435, 172, 0, 172, 0, 0, 0
13086, 1, 1636469291299, 1636469291471, 172, 0, 172, 0, 0, 0
13087, 1, 1636469291307, 1636469291479, 172, 0, 172, 0, 0, 0
13089, 1, 1636469291319, 1636469291491, 172, 0, 172, 0, 0, 0
13090, 1, 1636469291407, 1636469291579, 172, 0, 172, 0, 0, 0
13092, 1, 1636469291407, 1636469291579, 172, 0, 172, 0, 0, 0
13091, 1, 1636469291407, 1636469291579, 172, 0, 172, 0, 0, 0
13094, 1, 1636469291491, 1636469291663, 172, 0, 172, 0, 0, 0
13095, 1, 1636469291615, 1636469291787, 172, 0, 172, 0, 0, 0
13088, 1, 1636469291615, 1636469291787, 172, 0, 172, 0, 0, 0
13096, 1, 1636469291615, 1636469291791, 176, 0, 176, 0, 0, 0
13097, 1, 1636469291703, 1636469291875, 172, 0, 172, 0, 0, 0
13098, 1, 1636469291715, 1636469291887, 172, 0, 172, 0, 0, 0
13100, 1, 1636469291751, 1636469291923, 172, 0, 172, 0, 0, 0
13093, 1, 1636469291755, 1636469291927, 172, 0, 172, 0, 0, 0
13099, 1, 1636469291759, 1636469291931, 172, 0, 172, 0, 0, 0
13102, 1, 1636469291775, 1636469291947, 172, 0, 172, 0, 0, 0
13103, 1, 1636469291803, 1636469291975, 172, 0, 172, 0, 0, 0
13104, 1, 1636469291919, 1636469292091, 172, 0, 172, 0, 0, 0
13105, 1, 1636469291923, 1636469292095, 172, 0, 172, 0, 0, 0
13106, 1, 1636469291951, 1636469292123, 172, 0, 172, 0, 0, 0
13107, 1, 1636469291959, 1636469292131, 172, 0, 172, 0, 0, 0
13109, 1, 1636469292063, 1636469292239, 176, 0, 176, 0, 0, 0
13111, 1, 1636469292067, 1636469292239, 172, 0, 172, 0, 0, 0
13110, 1, 1636469292063, 1636469292239, 176, 0, 176, 0, 0, 0
13101, 1, 1636469292103, 1636469292275, 172, 0, 172, 0, 0, 0
13108, 1, 1636469292099, 1636469292275, 176, 0, 176, 0, 0, 0
13112, 1, 1636469292143, 1636469292323, 180, 0, 180, 0, 0, 0
13114, 1, 1636469292267, 1636469292439, 172, 0, 172, 0, 0, 0
13113, 1, 1636469292267, 1636469292439, 172, 0, 172, 0, 0, 0
13116, 1, 1636469292359, 1636469292531, 172, 0, 172, 0, 0, 0
13117, 1, 1636469292375, 1636469292551, 176, 0, 176, 0, 0, 0
13118, 1, 1636469292398, 1636469292575, 177, 1, 176, 0, 0, 0
13119, 1, 1636469292411, 1636469292583, 172, 0, 172, 0, 0, 0
13120, 1, 1636469292411, 1636469292587, 176, 0, 176, 0, 0, 0
13121, 1, 1636469292431, 1636469292607, 176, 0, 176, 0, 0, 0
13122, 1, 1636469292463, 1636469292635, 172, 0, 172, 0, 0, 0
13124, 1, 1636469292575, 1636469292747, 172, 0, 172, 0, 0, 0
13123, 1, 1636469292579, 1636469292755, 176, 0, 176, 0, 0, 0
13125, 1, 1636469292603, 1636469292779, 176, 0, 176, 0, 0, 0
13126, 1, 1636469292611, 1636469292783, 172, 0, 172, 0, 0, 0
13115, 1, 1636469292619, 1636469292791, 172, 0, 172, 0, 0, 0
13129, 1, 1636469292727, 1636469292899, 172, 0, 172, 0, 0, 0
13128, 1, 1636469292731, 1636469292903, 172, 0, 172, 0, 0, 0
13130, 1, 1636469292755, 1636469292927, 172, 0, 172, 0, 0, 0
13131, 1, 1636469292763, 1636469292935, 172, 0, 172, 0, 0, 0
13127, 1, 1636469292807, 1636469292979, 172, 0, 172, 0, 0, 0
13132, 1, 1636469292807, 1636469292979, 172, 0, 172, 0, 0, 0
13134, 1, 1636469292927, 1636469293103, 176, 0, 176, 0, 0, 0
13133, 1, 1636469292927, 1636469293103, 176, 0, 176, 0, 0, 0
13135, 1, 1636469293015, 1636469293191, 176, 0, 176, 0, 0, 0
13136, 1, 1636469293031, 1636469293203, 172, 0, 172, 0, 0, 0
13137, 1, 1636469293055, 1636469293227, 172, 0, 172, 0, 0, 0
13138, 1, 1636469293067, 1636469293239, 172, 0, 172, 0, 0, 0
13139, 1, 1636469293067, 1636469293243, 176, 0, 176, 0, 0, 0
13140, 1, 1636469293087, 1636469293259, 172, 0, 172, 0, 0, 0
13141, 1, 1636469293115, 1636469293287, 172, 0, 172, 0, 0, 0
13142, 1, 1636469293231, 1636469293407, 176, 0, 176, 0, 0, 0
13143, 1, 1636469293247, 1636469293427, 180, 0, 180, 0, 0, 0
13144, 1, 1636469293267, 1636469293439, 172, 0, 172, 0, 0, 0
13145, 1, 1636469293267, 1636469293443, 176, 0, 176, 0, 0, 0
13146, 1, 1636469293275, 1636469293451, 176, 0, 176, 0, 0, 0
13147, 1, 1636469293379, 1636469293555, 176, 0, 176, 0, 0, 0
13148, 1, 1636469293387, 1636469293559, 172, 0, 172, 0, 0, 0
13149, 1, 1636469293419, 1636469293595, 176, 0, 176, 0, 0, 0
13150, 1, 1636469293419, 1636469293595, 176, 0, 176, 0, 0, 0
13151, 1, 1636469293475, 1636469293647, 172, 0, 172, 0, 0, 0
13152, 1, 1636469293475, 1636469293647, 172, 0, 172, 0, 0, 0
13153, 1, 1636469293591, 1636469293763, 172, 0, 172, 0, 0, 0
13154, 1, 1636469293599, 1636469293771, 172, 0, 172, 0, 0, 0
13155, 1, 1636469293683, 1636469293859, 176, 0, 176, 0, 0, 0
13156, 1, 1636469293686, 1636469293859, 173, 1, 172, 0, 0, 0
13157, 1, 1636469293706, 1636469293879, 173, 1, 172, 0, 0, 0
13158, 1, 1636469293723, 1636469293895, 172, 0, 172, 0, 0, 0
13159, 1, 1636469293735, 1636469293911, 176, 0, 176, 0, 0, 0
13160, 1, 1636469293743, 1636469293919, 176, 0, 176, 0, 0, 0
13161, 1, 1636469293775, 1636469293947, 172, 0, 172, 0, 0, 0
13162, 1, 1636469293895, 1636469294071, 176, 0, 176, 0, 0, 0
13163, 1, 1636469293911, 1636469294083, 172, 0, 172, 0, 0, 0
13164, 1, 1636469293919, 1636469294091, 172, 0, 172, 0, 0, 0
13165, 1, 1636469293923, 1636469294095, 172, 0, 172, 0, 0, 0
13166, 1, 1636469293935, 1636469294107, 172, 0, 172, 0, 0, 0
13168, 1, 1636469294043, 1636469294219, 176, 0, 176, 0, 0, 0
13167, 1, 1636469294043, 1636469294219, 176, 0, 176, 0, 0, 0
13170, 1, 1636469294083, 1636469294255, 172, 0, 172, 0, 0, 0
13169, 1, 1636469294083, 1636469294255, 172, 0, 172, 0, 0, 0
13173, 1, 1636469294243, 1636469294415, 172, 0, 172, 0, 0, 0
13174, 1, 1636469294259, 1636469294431, 172, 0, 172, 0, 0, 0
13171, 1, 1636469294259, 1636469294431, 172, 0, 172, 0, 0, 0
13176, 1, 1636469294347, 1636469294519, 172, 0, 172, 0, 0, 0
13175, 1, 1636469294347, 1636469294519, 172, 0, 172, 0, 0, 0
13177, 1, 1636469294367, 1636469294543, 176, 0, 176, 0, 0, 0
13178, 1, 1636469294379, 1636469294551, 172, 0, 172, 0, 0, 0
13179, 1, 1636469294391, 1636469294567, 176, 0, 176, 0, 0, 0
13180, 1, 1636469294407, 1636469294579, 172, 0, 172, 0, 0, 0
13181, 1, 1636469294431, 1636469294603, 172, 0, 172, 0, 0, 0
13172, 1, 1636469294431, 1636469294603, 172, 0, 172, 0, 0, 0
13182, 1, 1636469294559, 1636469294731, 172, 0, 172, 0, 0, 0
13183, 1, 1636469294567, 1636469294743, 176, 0, 176, 0, 0, 0
13185, 1, 1636469294575, 1636469294751, 176, 0, 176, 0, 0, 0
13186, 1, 1636469294594, 1636469294767, 173, 1, 172, 0, 0, 0
13184, 1, 1636469294607, 1636469294779, 172, 0, 172, 0, 0, 0
13187, 1, 1636469294699, 1636469294871, 172, 0, 172, 0, 0, 0
13189, 1, 1636469294731, 1636469294903, 172, 0, 172, 0, 0, 0
13190, 1, 1636469294743, 1636469294919, 176, 0, 176, 0, 0, 0
13188, 1, 1636469294779, 1636469294951, 172, 0, 172, 0, 0, 0
13191, 1, 1636469294895, 1636469295067, 172, 0, 172, 0, 0, 0
13192, 1, 1636469294915, 1636469295091, 176, 0, 176, 0, 0, 0
13193, 1, 1636469294919, 1636469295095, 176, 0, 176, 0, 0, 0
13194, 1, 1636469295003, 1636469295175, 172, 0, 172, 0, 0, 0
13195, 1, 1636469295003, 1636469295175, 172, 0, 172, 0, 0, 0
13196, 1, 1636469295023, 1636469295195, 172, 0, 172, 0, 0, 0
13197, 1, 1636469295031, 1636469295203, 172, 0, 172, 0, 0, 0
13198, 1, 1636469295051, 1636469295227, 176, 0, 176, 0, 0, 0
13199, 1, 1636469295059, 1636469295231, 172, 0, 172, 0, 0, 0
13200, 1, 1636469295083, 1636469295255, 172, 0, 172, 0, 0, 0
13201, 1, 1636469295083, 1636469295255, 172, 0, 172, 0, 0, 0
13202, 1, 1636469295223, 1636469295395, 172, 0, 172, 0, 0, 0
13203, 1, 1636469295227, 1636469295403, 176, 0, 176, 0, 0, 0
13204, 1, 1636469295235, 1636469295411, 176, 0, 176, 0, 0, 0
13206, 1, 1636469295255, 1636469295427, 172, 0, 172, 0, 0, 0
13205, 1, 1636469295351, 1636469295523, 172, 0, 172, 0, 0, 0
13207, 1, 1636469295351, 1636469295523, 172, 0, 172, 0, 0, 0
13208, 1, 1636469295387, 1636469295559, 172, 0, 172, 0, 0, 0
13209, 1, 1636469295403, 1636469295575, 172, 0, 172, 0, 0, 0
13210, 1, 1636469295431, 1636469295603, 172, 0, 172, 0, 0, 0
13211, 1, 1636469295551, 1636469295723, 172, 0, 172, 0, 0, 0
13212, 1, 1636469295571, 1636469295751, 180, 0, 180, 0, 0, 0
13213, 1, 1636469295578, 1636469295759, 181, 1, 180, 0, 0, 0
13215, 1, 1636469295663, 1636469295839, 176, 0, 176, 0, 0, 0
13214, 1, 1636469295663, 1636469295839, 176, 0, 176, 0, 0, 0
13216, 1, 1636469295683, 1636469295859, 176, 0, 176, 0, 0, 0
13217, 1, 1636469295699, 1636469295875, 176, 0, 176, 0, 0, 0
13218, 1, 1636469295711, 1636469295887, 176, 0, 176, 0, 0, 0
13219, 1, 1636469295719, 1636469295891, 172, 0, 172, 0, 0, 0
13220, 1, 1636469295739, 1636469295911, 172, 0, 172, 0, 0, 0
13221, 1, 1636469295747, 1636469295923, 176, 0, 176, 0, 0, 0
13222, 1, 1636469295887, 1636469296059, 172, 0, 172, 0, 0, 0
13225, 1, 1636469295915, 1636469296091, 176, 0, 176, 0, 0, 0
13226, 1, 1636469296007, 1636469296187, 180, 0, 180, 0, 0, 0
13227, 1, 1636469296007, 1636469296187, 180, 0, 180, 0, 0, 0
13228, 1, 1636469296051, 1636469296223, 172, 0, 172, 0, 0, 0
13229, 1, 1636469296063, 1636469296235, 172, 0, 172, 0, 0, 0
13223, 1, 1636469296083, 1636469296259, 176, 0, 176, 0, 0, 0
13224, 1, 1636469296095, 1636469296271, 176, 0, 176, 0, 0, 0
13231, 1, 1636469296207, 1636469296383, 176, 0, 176, 0, 0, 0
13233, 1, 1636469296239, 1636469296411, 172, 0, 172, 0, 0, 0
13232, 1, 1636469296235, 1636469296411, 176, 0, 176, 0, 0, 0
13235, 1, 1636469296323, 1636469296499, 176, 0, 176, 0, 0, 0
13234, 1, 1636469296323, 1636469296499, 176, 0, 176, 0, 0, 0
13236, 1, 1636469296339, 1636469296511, 172, 0, 172, 0, 0, 0
13237, 1, 1636469296363, 1636469296535, 172, 0, 172, 0, 0, 0
13238, 1, 1636469296367, 1636469296539, 172, 0, 172, 0, 0, 0
13239, 1, 1636469296375, 1636469296547, 172, 0, 172, 0, 0, 0
13240, 1, 1636469296391, 1636469296563, 172, 0, 172, 0, 0, 0
13241, 1, 1636469296411, 1636469296583, 172, 0, 172, 0, 0, 0
13230, 1, 1636469296451, 1636469296623, 172, 0, 172, 0, 0, 0
13242, 1, 1636469296543, 1636469296715, 172, 0, 172, 0, 0, 0
13244, 1, 1636469296671, 1636469296843, 172, 0, 172, 0, 0, 0
13245, 1, 1636469296671, 1636469296843, 172, 0, 172, 0, 0, 0
13246, 1, 1636469296715, 1636469296887, 172, 0, 172, 0, 0, 0
13247, 1, 1636469296723, 1636469296895, 172, 0, 172, 0, 0, 0
13248, 1, 1636469296747, 1636469296919, 172, 0, 172, 0, 0, 0
13249, 1, 1636469296759, 1636469296931, 172, 0, 172, 0, 0, 0
13250, 1, 1636469296867, 1636469297039, 172, 0, 172, 0, 0, 0
13243, 1, 1636469296891, 1636469297063, 172, 0, 172, 0, 0, 0
13251, 1, 1636469296895, 1636469297067, 172, 0, 172, 0, 0, 0
13252, 1, 1636469296895, 1636469297067, 172, 0, 172, 0, 0, 0
13253, 1, 1636469296983, 1636469297155, 172, 0, 172, 0, 0, 0
13255, 1, 1636469296987, 1636469297159, 172, 0, 172, 0, 0, 0
13256, 1, 1636469297027, 1636469297199, 172, 0, 172, 0, 0, 0
13258, 1, 1636469297027, 1636469297199, 172, 0, 172, 0, 0, 0
13257, 1, 1636469297031, 1636469297203, 172, 0, 172, 0, 0, 0
13261, 1, 1636469297103, 1636469297275, 172, 0, 172, 0, 0, 0
13262, 1, 1636469297195, 1636469297367, 172, 0, 172, 0, 0, 0
13254, 1, 1636469297235, 1636469297411, 176, 0, 176, 0, 0, 0
13264, 1, 1636469297327, 1636469297499, 172, 0, 172, 0, 0, 0
13263, 1, 1636469297327, 1636469297499, 172, 0, 172, 0, 0, 0
13259, 1, 1636469297327, 1636469297503, 176, 0, 176, 0, 0, 0
13265, 1, 1636469297371, 1636469297543, 172, 0, 172, 0, 0, 0
13260, 1, 1636469297371, 1636469297543, 172, 0, 172, 0, 0, 0
13267, 1, 1636469297399, 1636469297571, 172, 0, 172, 0, 0, 0
13268, 1, 1636469297407, 1636469297579, 172, 0, 172, 0, 0, 0
13269, 1, 1636469297523, 1636469297695, 172, 0, 172, 0, 0, 0
13270, 1, 1636469297539, 1636469297711, 172, 0, 172, 0, 0, 0
13271, 1, 1636469297551, 1636469297723, 172, 0, 172, 0, 0, 0
13272, 1, 1636469297551, 1636469297731, 180, 0, 180, 0, 0, 0
13273, 1, 1636469297634, 1636469297807, 173, 1, 172, 0, 0, 0
13274, 1, 1636469297642, 1636469297823, 181, 1, 180, 0, 0, 0
13277, 1, 1636469297683, 1636469297855, 172, 0, 172, 0, 0, 0
13275, 1, 1636469297683, 1636469297859, 176, 0, 176, 0, 0, 0
13276, 1, 1636469297683, 1636469297859, 176, 0, 176, 0, 0, 0
13266, 1, 1636469297723, 1636469297895, 172, 0, 172, 0, 0, 0
13279, 1, 1636469297855, 1636469298027, 172, 0, 172, 0, 0, 0
13280, 1, 1636469297891, 1636469298067, 176, 0, 176, 0, 0, 0
13283, 1, 1636469297987, 1636469298159, 172, 0, 172, 0, 0, 0
13282, 1, 1636469297991, 1636469298163, 172, 0, 172, 0, 0, 0
13281, 1, 1636469297991, 1636469298163, 172, 0, 172, 0, 0, 0
13285, 1, 1636469298035, 1636469298207, 172, 0, 172, 0, 0, 0
13284, 1, 1636469298039, 1636469298215, 176, 0, 176, 0, 0, 0
13286, 1, 1636469298051, 1636469298223, 172, 0, 172, 0, 0, 0
13278, 1, 1636469298067, 1636469298239, 172, 0, 172, 0, 0, 0
13287, 1, 1636469298067, 1636469298239, 172, 0, 172, 0, 0, 0
13288, 1, 1636469298187, 1636469298359, 172, 0, 172, 0, 0, 0
13289, 1, 1636469298195, 1636469298367, 172, 0, 172, 0, 0, 0
13291, 1, 1636469298210, 1636469298387, 177, 1, 176, 0, 0, 0
13292, 1, 1636469298291, 1636469298467, 176, 0, 176, 0, 0, 0
13293, 1, 1636469298299, 1636469298479, 180, 0, 180, 0, 0, 0
13294, 1, 1636469298339, 1636469298511, 172, 0, 172, 0, 0, 0
13295, 1, 1636469298339, 1636469298511, 172, 0, 172, 0, 0, 0
13296, 1, 1636469298339, 1636469298511, 172, 0, 172, 0, 0, 0
13297, 1, 1636469298379, 1636469298551, 172, 0, 172, 0, 0, 0
13290, 1, 1636469298415, 1636469298587, 172, 0, 172, 0, 0, 0
13298, 1, 1636469298511, 1636469298683, 172, 0, 172, 0, 0, 0
13299, 1, 1636469298555, 1636469298727, 172, 0, 172, 0, 0, 0
13302, 1, 1636469298651, 1636469298823, 172, 0, 172, 0, 0, 0
13303, 1, 1636469298687, 1636469298863, 176, 0, 176, 0, 0, 0
13304, 1, 1636469298707, 1636469298879, 172, 0, 172, 0, 0, 0
13305, 1, 1636469298707, 1636469298879, 172, 0, 172, 0, 0, 0
13306, 1, 1636469298719, 1636469298895, 176, 0, 176, 0, 0, 0
13307, 1, 1636469298723, 1636469298895, 172, 0, 172, 0, 0, 0
13301, 1, 1636469298759, 1636469298931, 172, 0, 172, 0, 0, 0
13308, 1, 1636469298843, 1636469299015, 172, 0, 172, 0, 0, 0
13309, 1, 1636469298847, 1636469299019, 172, 0, 172, 0, 0, 0
13300, 1, 1636469298859, 1636469299031, 172, 0, 172, 0, 0, 0
13311, 1, 1636469298947, 1636469299119, 172, 0, 172, 0, 0, 0
13312, 1, 1636469298963, 1636469299135, 172, 0, 172, 0, 0, 0
13314, 1, 1636469298995, 1636469299167, 172, 0, 172, 0, 0, 0
13315, 1, 1636469298995, 1636469299167, 172, 1, 171, 0, 0, 0
13313, 1, 1636469298995, 1636469299167, 172, 0, 172, 0, 0, 0
13316, 1, 1636469299031, 1636469299203, 172, 0, 172, 0, 0, 0
13317, 1, 1636469299067, 1636469299239, 172, 0, 172, 0, 0, 0
13318, 1, 1636469299163, 1636469299335, 172, 0, 172, 0, 0, 0
13310, 1, 1636469299191, 1636469299363, 172, 0, 172, 0, 0, 0
13319, 1, 1636469299206, 1636469299383, 177, 1, 176, 0, 0, 0
13321, 1, 1636469299351, 1636469299522, 171, 0, 171, 0, 0, 0
13322, 1, 1636469299363, 1636469299535, 172, 0, 172, 0, 0, 0
13323, 1, 1636469299363, 1636469299539, 176, 0, 176, 0, 0, 0
13325, 1, 1636469299379, 1636469299551, 172, 0, 172, 0, 0, 0
13324, 1, 1636469299383, 1636469299559, 176, 0, 176, 0, 0, 0
13326, 1, 1636469299415, 1636469299587, 172, 0, 172, 0, 0, 0
13327, 1, 1636469299499, 1636469299671, 172, 0, 172, 0, 0, 0
13328, 1, 1636469299499, 1636469299671, 172, 0, 172, 0, 0, 0
13320, 1, 1636469299507, 1636469299679, 172, 0, 172, 0, 0, 0
13329, 1, 1636469299518, 1636469299691, 173, 1, 172, 0, 0, 0
13330, 1, 1636469299603, 1636469299775, 172, 0, 172, 0, 0, 0
13331, 1, 1636469299615, 1636469299787, 172, 0, 172, 0, 0, 0
13334, 1, 1636469299651, 1636469299823, 172, 0, 172, 0, 0, 0
13333, 1, 1636469299651, 1636469299823, 172, 0, 172, 0, 0, 0
13332, 1, 1636469299655, 1636469299827, 172, 0, 172, 0, 0, 0
13336, 1, 1636469299723, 1636469299895, 172, 0, 172, 0, 0, 0
13335, 1, 1636469299727, 1636469299899, 172, 0, 172, 0, 0, 0
13337, 1, 1636469299815, 1636469299987, 172, 0, 172, 0, 0, 0
13338, 1, 1636469299847, 1636469300019, 172, 0, 172, 0, 0, 0
13339, 1, 1636469299871, 1636469300047, 176, 0, 176, 0, 0, 0
13340, 1, 1636469300007, 1636469300179, 172, 0, 172, 0, 0, 0
13342, 1, 1636469300023, 1636469300199, 176, 0, 176, 0, 0, 0
13341, 1, 1636469300023, 1636469300199, 176, 0, 176, 0, 0, 0
13343, 1, 1636469300035, 1636469300207, 172, 0, 172, 0, 0, 0
13344, 1, 1636469300043, 1636469300215, 172, 0, 172, 0, 0, 0
13345, 1, 1636469300063, 1636469300235, 172, 0, 172, 0, 0, 0
13347, 1, 1636469300151, 1636469300323, 172, 0, 172, 0, 0, 0
13346, 1, 1636469300151, 1636469300323, 172, 0, 172, 0, 0, 0
13348, 1, 1636469300167, 1636469300339, 172, 0, 172, 0, 0, 0
13349, 1, 1636469300175, 1636469300347, 172, 0, 172, 0, 0, 0
13350, 1, 1636469300255, 1636469300427, 172, 0, 172, 0, 0, 0
13351, 1, 1636469300275, 1636469300447, 172, 0, 172, 0, 0, 0
13353, 1, 1636469300311, 1636469300483, 172, 0, 172, 0, 0, 0
13354, 1, 1636469300311, 1636469300483, 172, 0, 172, 0, 0, 0
13352, 1, 1636469300311, 1636469300487, 176, 0, 176, 0, 0, 0
13356, 1, 1636469300379, 1636469300551, 172, 0, 172, 0, 0, 0
13357, 1, 1636469300475, 1636469300651, 176, 0, 176, 0, 0, 0
13358, 1, 1636469300511, 1636469300683, 172, 0, 172, 0, 0, 0
13359, 1, 1636469300527, 1636469300699, 172, 0, 172, 0, 0, 0
13355, 1, 1636469300599, 1636469300775, 176, 0, 176, 0, 0, 0
13360, 1, 1636469300663, 1636469300835, 172, 0, 172, 0, 0, 0
13361, 1, 1636469300683, 1636469300855, 172, 0, 172, 0, 0, 0
13362, 1, 1636469300683, 1636469300859, 176, 0, 176, 0, 0, 0
13364, 1, 1636469300699, 1636469300875, 176, 0, 176, 0, 0, 0
13365, 1, 1636469300719, 1636469300895, 176, 0, 176, 0, 0, 0
13366, 1, 1636469300803, 1636469300979, 176, 0, 176, 0, 0, 0
13367, 1, 1636469300807, 1636469300983, 176, 0, 176, 0, 0, 0
13368, 1, 1636469300823, 1636469301003, 180, 0, 180, 0, 0, 0
13369, 1, 1636469300831, 1636469301007, 176, 0, 176, 0, 0, 0
13363, 1, 1636469300859, 1636469301035, 176, 0, 176, 0, 0, 0
13370, 1, 1636469300903, 1636469301074, 171, 0, 171, 0, 0, 0
13371, 1, 1636469300931, 1636469301103, 172, 0, 172, 0, 0, 0
13373, 1, 1636469300971, 1636469301143, 172, 0, 172, 0, 0, 0
13372, 1, 1636469300975, 1636469301147, 172, 0, 172, 0, 0, 0
13374, 1, 1636469300975, 1636469301147, 172, 0, 172, 0, 0, 0
13375, 1, 1636469301039, 1636469301211, 172, 0, 172, 0, 0, 0
13376, 1, 1636469301139, 1636469301311, 172, 0, 172, 0, 0, 0
13377, 1, 1636469301171, 1636469301343, 172, 0, 172, 0, 0, 0
13378, 1, 1636469301179, 1636469301351, 172, 0, 172, 0, 0, 0
13379, 1, 1636469301255, 1636469301427, 172, 0, 172, 0, 0, 0
13380, 1, 1636469301326, 1636469301499, 173, 1, 172, 0, 0, 0
13381, 1, 1636469301339, 1636469301511, 172, 0, 172, 0, 0, 0
13382, 1, 1636469301339, 1636469301511, 172, 0, 172, 0, 0, 0
13383, 1, 1636469301359, 1636469301531, 172, 0, 172, 0, 0, 0
13384, 1, 1636469301375, 1636469301547, 172, 0, 172, 0, 0, 0
13385, 1, 1636469301459, 1636469301631, 172, 0, 172, 0, 0, 0
13386, 1, 1636469301463, 1636469301635, 172, 0, 172, 0, 0, 0
13387, 1, 1636469301483, 1636469301655, 172, 0, 172, 0, 0, 0
13388, 1, 1636469301495, 1636469301667, 172, 0, 172, 0, 0, 0
13390, 1, 1636469301555, 1636469301727, 172, 0, 172, 0, 0, 0
13392, 1, 1636469301623, 1636469301795, 172, 0, 172, 0, 0, 0
13393, 1, 1636469301631, 1636469301807, 176, 0, 176, 0, 0, 0
13394, 1, 1636469301631, 1636469301807, 176, 0, 176, 0, 0, 0
13389, 1, 1636469301691, 1636469301863, 172, 0, 172, 0, 0, 0
13395, 1, 1636469301695, 1636469301867, 172, 0, 172, 0, 0, 0
13396, 1, 1636469301791, 1636469301963, 172, 0, 172, 0, 0, 0
13391, 1, 1636469301827, 1636469301999, 172, 0, 172, 0, 0, 0
13397, 1, 1636469301831, 1636469302003, 172, 0, 172, 0, 0, 0
13398, 1, 1636469301843, 1636469302015, 172, 0, 172, 0, 0, 0
13399, 1, 1636469301911, 1636469302083, 172, 0, 172, 0, 0, 0
13400, 1, 1636469301987, 1636469302159, 172, 0, 172, 0, 0, 0
13401, 1, 1636469301995, 1636469302167, 172, 0, 172, 0, 0, 0
13402, 1, 1636469301995, 1636469302167, 172, 0, 172, 0, 0, 0
13403, 1, 1636469302019, 1636469302191, 172, 0, 172, 0, 0, 0
13404, 1, 1636469302023, 1636469302195, 172, 0, 172, 0, 0, 0
13405, 1, 1636469302111, 1636469302283, 172, 0, 172, 0, 0, 0
13406, 1, 1636469302119, 1636469302291, 172, 0, 172, 0, 0, 0
13407, 1, 1636469302139, 1636469302311, 172, 0, 172, 0, 0, 0
13408, 1, 1636469302151, 1636469302323, 172, 0, 172, 0, 0, 0
13410, 1, 1636469302283, 1636469302455, 172, 0, 172, 0, 0, 0
13411, 1, 1636469302291, 1636469302467, 176, 0, 176, 0, 0, 0
13412, 1, 1636469302291, 1636469302467, 176, 0, 176, 0, 0, 0
13413, 1, 1636469302347, 1636469302519, 172, 0, 172, 0, 0, 0
13414, 1, 1636469302363, 1636469302539, 176, 0, 176, 0, 0, 0
13415, 1, 1636469302447, 1636469302619, 172, 0, 172, 0, 0, 0
13409, 1, 1636469302459, 1636469302635, 176, 0, 176, 0, 0, 0
13417, 1, 1636469302483, 1636469302659, 176, 0, 176, 0, 0, 0
13416, 1, 1636469302483, 1636469302659, 176, 0, 176, 0, 0, 0
13419, 1, 1636469302567, 1636469302743, 176, 0, 176, 0, 0, 0
13420, 1, 1636469302651, 1636469302823, 172, 0, 172, 0, 0, 0
13421, 1, 1636469302659, 1636469302831, 172, 1, 171, 0, 1, 1
13422, 1, 1636469302659, 1636469302831, 172, 0, 172, 0, 0, 0
13423, 1, 1636469302679, 1636469302851, 172, 0, 172, 0, 0, 0
13424, 1, 1636469302715, 1636469302887, 172, 0, 172, 0, 0, 0
13425, 1, 1636469302767, 1636469302939, 172, 0, 172, 0, 0, 0
13427, 1, 1636469302795, 1636469302967, 172, 0, 172, 0, 0, 0
13428, 1, 1636469302807, 1636469302979, 172, 0, 172, 0, 0, 0
13418, 1, 1636469302807, 1636469302979, 172, 0, 172, 0, 0, 0
13429, 1, 1636469302943, 1636469303115, 172, 0, 172, 0, 0, 0
13431, 1, 1636469302955, 1636469303127, 172, 0, 172, 0, 0, 0
13432, 1, 1636469303003, 1636469303175, 172, 0, 172, 0, 0, 0
13433, 1, 1636469303023, 1636469303195, 172, 0, 172, 0, 0, 0
13426, 1, 1636469303063, 1636469303235, 172, 0, 172, 0, 0, 0
13436, 1, 1636469303139, 1636469303311, 172, 0, 172, 0, 0, 0
13437, 1, 1636469303143, 1636469303315, 172, 0, 172, 0, 0, 0
13430, 1, 1636469303155, 1636469303327, 172, 0, 172, 0, 0, 0
13438, 1, 1636469303227, 1636469303399, 172, 0, 172, 0, 0, 0
13439, 1, 1636469303307, 1636469303479, 172, 0, 172, 0, 0, 0
13440, 1, 1636469303315, 1636469303487, 172, 0, 172, 0, 0, 0
13441, 1, 1636469303315, 1636469303487, 172, 0, 172, 0, 0, 0
13442, 1, 1636469303339, 1636469303515, 176, 0, 176, 0, 0, 0
13443, 1, 1636469303367, 1636469303539, 172, 0, 172, 0, 0, 0
13444, 1, 1636469303415, 1636469303591, 176, 0, 176, 0, 0, 0
13445, 1, 1636469303455, 1636469303627, 172, 0, 172, 0, 0, 0
13446, 1, 1636469303467, 1636469303639, 172, 0, 172, 0, 0, 0
13447, 1, 1636469303467, 1636469303643, 176, 0, 176, 0, 0, 0
13448, 1, 1636469303595, 1636469303767, 172, 0, 172, 0, 0, 0
13449, 1, 1636469303611, 1636469303783, 172, 0, 172, 0, 0, 0
13450, 1, 1636469303655, 1636469303827, 172, 0, 172, 0, 0, 0
13451, 1, 1636469303679, 1636469303855, 176, 0, 176, 0, 0, 0
13452, 1, 1636469303719, 1636469303891, 172, 0, 172, 0, 0, 0
13453, 1, 1636469303787, 1636469303959, 172, 0, 172, 0, 0, 0
13454, 1, 1636469303799, 1636469303971, 172, 0, 172, 0, 0, 0
13455, 1, 1636469303819, 1636469303995, 176, 0, 176, 0, 0, 0
13456, 1, 1636469303891, 1636469304063, 172, 0, 172, 0, 0, 0
13457, 1, 1636469303967, 1636469304139, 172, 0, 172, 0, 0, 0
13458, 1, 1636469303979, 1636469304151, 172, 0, 172, 0, 0, 0
13459, 1, 1636469303987, 1636469304158, 171, 0, 171, 0, 0, 0
13461, 1, 1636469304023, 1636469304195, 172, 0, 172, 0, 0, 0
13462, 1, 1636469304071, 1636469304243, 172, 0, 172, 0, 0, 0
13463, 1, 1636469304119, 1636469304291, 172, 0, 172, 0, 0, 0
13465, 1, 1636469304127, 1636469304299, 172, 0, 172, 0, 0, 0
13460, 1, 1636469304143, 1636469304315, 172, 0, 172, 0, 0, 0
13466, 1, 1636469304247, 1636469304423, 176, 0, 176, 0, 0, 0
13467, 1, 1636469304267, 1636469304439, 172, 0, 172, 0, 0, 0
13468, 1, 1636469304307, 1636469304479, 172, 0, 172, 0, 0, 0
13469, 1, 1636469304331, 1636469304503, 172, 0, 172, 0, 0, 0
13470, 1, 1636469304375, 1636469304547, 172, 0, 172, 0, 0, 0
13472, 1, 1636469304451, 1636469304623, 172, 0, 172, 0, 0, 0
13473, 1, 1636469304479, 1636469304651, 172, 0, 172, 0, 0, 0
13474, 1, 1636469304551, 1636469304727, 176, 0, 176, 0, 0, 0
13477, 1, 1636469304643, 1636469304819, 176, 0, 176, 0, 0, 0
13476, 1, 1636469304643, 1636469304819, 176, 0, 176, 0, 0, 0
13478, 1, 1636469304679, 1636469304851, 172, 0, 172, 0, 0, 0
13479, 1, 1636469304727, 1636469304899, 172, 0, 172, 0, 0, 0
13480, 1, 1636469304771, 1636469304943, 172, 0, 172, 0, 0, 0
13481, 1, 1636469304783, 1636469304955, 172, 0, 172, 0, 0, 0
13482, 1, 1636469304795, 1636469304971, 176, 0, 176, 0, 0, 0
13484, 1, 1636469304923, 1636469305095, 172, 0, 172, 0, 0, 0
13485, 1, 1636469304959, 1636469305131, 172, 0, 172, 0, 0, 0
13486, 1, 1636469304995, 1636469305167, 172, 0, 172, 0, 0, 0
13487, 1, 1636469305035, 1636469305207, 172, 0, 172, 0, 0, 0
13488, 1, 1636469305103, 1636469305275, 172, 0, 172, 0, 0, 0
13489, 1, 1636469305135, 1636469305307, 172, 0, 172, 0, 0, 0
13490, 1, 1636469305211, 1636469305383, 172, 0, 172, 0, 0, 0
13491, 1, 1636469305303, 1636469305475, 172, 0, 172, 0, 0, 0
13492, 1, 1636469305303, 1636469305479, 176, 0, 176, 0, 0, 0
13493, 1, 1636469305331, 1636469305503, 172, 0, 172, 0, 0, 0
13494, 1, 1636469305375, 1636469305547, 172, 0, 172, 0, 0, 0
13495, 1, 1636469305431, 1636469305603, 172, 0, 172, 0, 0, 0
13496, 1, 1636469305443, 1636469305615, 172, 0, 172, 0, 0, 0
13497, 1, 1636469305463, 1636469305635, 172, 0, 172, 0, 0, 0
13498, 1, 1636469305583, 1636469305755, 172, 0, 172, 0, 0, 0
13499, 1, 1636469305611, 1636469305787, 176, 0, 176, 0, 0, 0
13500, 1, 1636469305647, 1636469305819, 172, 0, 172, 0, 0, 0
13501, 1, 1636469305679, 1636469305851, 172, 0, 172, 0, 0, 0
13502, 1, 1636469305679, 1636469305851, 172, 0, 172, 0, 0, 0
13503, 1, 1636469305695, 1636469305871, 176, 0, 176, 0, 0, 0
13504, 1, 1636469305755, 1636469305927, 172, 0, 172, 0, 0, 0
13505, 1, 1636469305791, 1636469305963, 172, 0, 172, 0, 0, 0
13507, 1, 1636469305967, 1636469306139, 172, 0, 172, 0, 0, 0
13508, 1, 1636469305967, 1636469306139, 172, 0, 172, 0, 0, 0
13509, 1, 1636469305987, 1636469306159, 172, 0, 172, 0, 0, 0
13510, 1, 1636469306035, 1636469306207, 172, 0, 172, 0, 0, 0
13511, 1, 1636469306095, 1636469306267, 172, 0, 172, 0, 0, 0
13512, 1, 1636469306099, 1636469306271, 172, 0, 172, 0, 0, 0
13506, 1, 1636469306103, 1636469306275, 172, 0, 172, 0, 0, 0
13513, 1, 1636469306123, 1636469306299, 176, 0, 176, 0, 0, 0
13514, 1, 1636469306239, 1636469306411, 172, 0, 172, 0, 0, 0
13515, 1, 1636469306275, 1636469306447, 172, 0, 172, 0, 0, 0
13517, 1, 1636469306335, 1636469306507, 172, 0, 172, 0, 0, 0
13518, 1, 1636469306335, 1636469306507, 172, 0, 172, 0, 0, 0
13519, 1, 1636469306362, 1636469306535, 173, 1, 172, 0, 0, 0
13521, 1, 1636469306443, 1636469306615, 172, 0, 172, 0, 0, 0
13522, 1, 1636469306479, 1636469306651, 172, 0, 172, 0, 0, 0
13524, 1, 1636469306627, 1636469306799, 172, 0, 172, 0, 0, 0
13525, 1, 1636469306638, 1636469306811, 173, 1, 172, 0, 0, 0
13526, 1, 1636469306687, 1636469306859, 172, 0, 172, 0, 0, 0
13527, 1, 1636469306750, 1636469306923, 173, 1, 172, 0, 0, 0
13528, 1, 1636469306755, 1636469306927, 172, 0, 172, 0, 0, 0
13529, 1, 1636469306755, 1636469306927, 172, 0, 172, 0, 0, 0
13530, 1, 1636469306779, 1636469306951, 172, 0, 172, 0, 0, 0
13531, 1, 1636469306791, 1636469306963, 172, 0, 172, 0, 0, 0
13532, 1, 1636469306895, 1636469307071, 176, 0, 176, 0, 0, 0
13533, 1, 1636469306927, 1636469307099, 172, 0, 172, 0, 0, 0
13534, 1, 1636469306979, 1636469307151, 172, 0, 172, 0, 0, 0
13535, 1, 1636469306987, 1636469307159, 172, 0, 172, 0, 0, 0
13536, 1, 1636469306994, 1636469307171, 177, 1, 176, 0, 0, 0
13537, 1, 1636469307019, 1636469307195, 176, 0, 176, 0, 0, 0
13538, 1, 1636469307103, 1636469307275, 172, 0, 172, 0, 0, 0
13539, 1, 1636469307135, 1636469307307, 172, 0, 172, 0, 0, 0
13540, 1, 1636469307263, 1636469307443, 180, 0, 180, 0, 0, 0
13541, 1, 1636469307287, 1636469307459, 172, 0, 172, 0, 0, 0
13542, 1, 1636469307287, 1636469307463, 176, 0, 176, 0, 0, 0
13545, 1, 1636469307415, 1636469307587, 172, 0, 172, 0, 0, 0
13546, 1, 1636469307415, 1636469307587, 172, 0, 172, 0, 0, 0
13544, 1, 1636469307415, 1636469307591, 176, 0, 176, 0, 0, 0
13547, 1, 1636469307435, 1636469307607, 172, 0, 172, 0, 0, 0
13548, 1, 1636469307447, 1636469307619, 172, 0, 172, 0, 0, 0
13549, 1, 1636469307559, 1636469307731, 172, 0, 172, 0, 0, 0
13550, 1, 1636469307583, 1636469307759, 176, 0, 176, 0, 0, 0
13552, 1, 1636469307651, 1636469307823, 172, 0, 172, 0, 0, 0
13551, 1, 1636469307651, 1636469307827, 176, 0, 176, 0, 0, 0
13553, 1, 1636469307663, 1636469307835, 172, 0, 172, 0, 0, 0
13554, 1, 1636469307683, 1636469307855, 172, 0, 172, 0, 0, 0
13555, 1, 1636469307763, 1636469307935, 172, 0, 172, 0, 0, 0
13556, 1, 1636469307787, 1636469307959, 172, 0, 172, 0, 0, 0
13557, 1, 1636469307927, 1636469308099, 172, 0, 172, 0, 0, 0
13558, 1, 1636469307943, 1636469308115, 172, 0, 172, 0, 0, 0
13559, 1, 1636469307943, 1636469308115, 172, 0, 172, 0, 0, 0
13562, 1, 1636469308071, 1636469308243, 172, 0, 172, 0, 0, 0
13561, 1, 1636469308071, 1636469308243, 172, 0, 172, 0, 0, 0
13563, 1, 1636469308091, 1636469308263, 172, 0, 172, 0, 0, 0
13564, 1, 1636469308103, 1636469308279, 176, 0, 176, 0, 0, 0
13565, 1, 1636469308219, 1636469308391, 172, 0, 172, 0, 0, 0
13566, 1, 1636469308243, 1636469308415, 172, 0, 172, 0, 0, 0
13568, 1, 1636469308311, 1636469308487, 176, 0, 176, 0, 0, 0
13567, 1, 1636469308311, 1636469308487, 176, 0, 176, 0, 0, 0
13569, 1, 1636469308319, 1636469308491, 172, 0, 172, 0, 0, 0
13570, 1, 1636469308335, 1636469308507, 172, 0, 172, 0, 0, 0
13572, 1, 1636469308439, 1636469308611, 172, 0, 172, 0, 0, 0
13573, 1, 1636469308583, 1636469308755, 172, 0, 172, 0, 0, 0
13574, 1, 1636469308599, 1636469308771, 172, 0, 172, 0, 0, 0
13575, 1, 1636469308603, 1636469308779, 176, 0, 176, 0, 0, 0
13576, 1, 1636469308647, 1636469308819, 172, 0, 172, 0, 0, 0
13578, 1, 1636469308727, 1636469308899, 172, 0, 172, 0, 0, 0
13577, 1, 1636469308727, 1636469308899, 172, 0, 172, 0, 0, 0
13579, 1, 1636469308751, 1636469308923, 172, 0, 172, 0, 0, 0
13580, 1, 1636469308767, 1636469308939, 172, 0, 172, 0, 0, 0
13581, 1, 1636469308767, 1636469308939, 172, 0, 172, 0, 0, 0
13582, 1, 1636469308879, 1636469309051, 172, 0, 172, 0, 0, 0
13583, 1, 1636469308907, 1636469309083, 176, 0, 176, 0, 0, 0
13587, 1, 1636469308979, 1636469309151, 172, 0, 172, 0, 0, 0
13585, 1, 1636469308979, 1636469309151, 172, 0, 172, 0, 0, 0
13584, 1, 1636469308979, 1636469309155, 176, 1, 175, 0, 0, 0
13588, 1, 1636469308995, 1636469309171, 176, 0, 176, 0, 0, 0
13589, 1, 1636469309095, 1636469309267, 172, 0, 172, 0, 0, 0
13590, 1, 1636469309243, 1636469309415, 172, 0, 172, 0, 0, 0
13591, 1, 1636469309259, 1636469309435, 176, 0, 176, 0, 0, 0
13592, 1, 1636469309275, 1636469309447, 172, 0, 172, 0, 0, 0
13593, 1, 1636469309303, 1636469309475, 172, 0, 172, 0, 0, 0
13594, 1, 1636469309379, 1636469309550, 171, 0, 171, 0, 0, 0
13595, 1, 1636469309387, 1636469309562, 175, 0, 175, 0, 0, 0
13596, 1, 1636469309411, 1636469309583, 172, 0, 172, 0, 0, 0
13598, 1, 1636469309419, 1636469309591, 172, 0, 172, 0, 0, 0
13597, 1, 1636469309430, 1636469309607, 177, 1, 176, 0, 0, 0
13600, 1, 1636469309571, 1636469309742, 171, 0, 171, 0, 0, 0
13602, 1, 1636469309643, 1636469309819, 176, 0, 176, 0, 0, 0
13601, 1, 1636469309643, 1636469309819, 176, 0, 176, 0, 0, 0
13603, 1, 1636469309643, 1636469309819, 176, 0, 176, 0, 0, 0
13604, 1, 1636469309659, 1636469309831, 172, 0, 172, 0, 0, 0
13605, 1, 1636469309694, 1636469309871, 177, 1, 176, 0, 0, 0
13606, 1, 1636469309751, 1636469309927, 176, 0, 176, 0, 0, 0
13607, 1, 1636469309903, 1636469310079, 176, 0, 176, 0, 0, 0
13608, 1, 1636469309911, 1636469310091, 180, 0, 180, 0, 0, 0
13609, 1, 1636469309935, 1636469310107, 172, 0, 172, 0, 0, 0
13610, 1, 1636469309963, 1636469310135, 172, 0, 172, 0, 0, 0
13611, 1, 1636469310043, 1636469310215, 172, 0, 172, 0, 0, 0
13612, 1, 1636469310043, 1636469310215, 172, 0, 172, 0, 0, 0
13613, 1, 1636469310071, 1636469310243, 172, 0, 172, 0, 0, 0
13615, 1, 1636469310094, 1636469310271, 177, 1, 176, 0, 0, 0
13619, 1, 1636469310311, 1636469310483, 172, 0, 172, 0, 0, 0
13618, 1, 1636469310311, 1636469310483, 172, 0, 172, 0, 0, 0
13617, 1, 1636469310311, 1636469310483, 172, 0, 172, 0, 0, 0
13620, 1, 1636469310323, 1636469310495, 172, 0, 172, 0, 0, 0
13621, 1, 1636469310351, 1636469310523, 172, 0, 172, 0, 0, 0
13622, 1, 1636469310411, 1636469310583, 172, 0, 172, 0, 0, 0
13623, 1, 1636469310419, 1636469310591, 172, 0, 172, 0, 0, 0
13624, 1, 1636469310563, 1636469310735, 172, 0, 172, 0, 0, 0
13625, 1, 1636469310571, 1636469310743, 172, 0, 172, 0, 0, 0
13626, 1, 1636469310591, 1636469310767, 176, 0, 176, 0, 0, 0
13627, 1, 1636469310619, 1636469310795, 176, 0, 176, 0, 0, 0
13629, 1, 1636469310703, 1636469310875, 172, 0, 172, 0, 0, 0
13628, 1, 1636469310707, 1636469310883, 176, 0, 176, 0, 0, 0
13630, 1, 1636469310723, 1636469310895, 172, 0, 172, 0, 0, 0
13631, 1, 1636469310759, 1636469310931, 172, 0, 172, 0, 0, 0
13632, 1, 1636469310771, 1636469310943, 172, 0, 172, 0, 0, 0
13634, 1, 1636469310967, 1636469311139, 172, 0, 172, 0, 0, 0
13633, 1, 1636469310967, 1636469311139, 172, 0, 172, 0, 0, 0
13635, 1, 1636469310967, 1636469311143, 176, 0, 176, 0, 0, 0
13636, 1, 1636469310979, 1636469311151, 172, 0, 172, 0, 0, 0
13637, 1, 1636469311003, 1636469311179, 176, 0, 176, 0, 0, 0
13638, 1, 1636469311067, 1636469311239, 172, 0, 172, 0, 0, 0
13639, 1, 1636469311079, 1636469311251, 172, 0, 172, 0, 0, 0
13641, 1, 1636469311223, 1636469311395, 172, 0, 172, 0, 0, 0
13642, 1, 1636469311251, 1636469311427, 176, 0, 176, 0, 0, 0
13643, 1, 1636469311271, 1636469311443, 172, 0, 172, 0, 0, 0
13644, 1, 1636469311327, 1636469311499, 172, 0, 172, 0, 0, 0
13645, 1, 1636469311355, 1636469311527, 172, 0, 172, 0, 0, 0
13647, 1, 1636469311371, 1636469311547, 176, 0, 176, 0, 0, 0
13640, 1, 1636469311411, 1636469311583, 172, 0, 172, 0, 0, 0
13648, 1, 1636469311415, 1636469311587, 172, 0, 172, 0, 0, 0
13649, 1, 1636469311427, 1636469311599, 172, 0, 172, 0, 0, 0
13652, 1, 1636469311627, 1636469311799, 172, 0, 172, 0, 0, 0
13650, 1, 1636469311631, 1636469311803, 172, 0, 172, 0, 0, 0
13653, 1, 1636469311631, 1636469311803, 172, 0, 172, 0, 0, 0
13654, 1, 1636469311659, 1636469311831, 172, 0, 172, 0, 0, 0
13655, 1, 1636469311719, 1636469311891, 172, 0, 172, 0, 0, 0
13656, 1, 1636469311735, 1636469311907, 172, 0, 172, 0, 0, 0
13651, 1, 1636469311758, 1636469311931, 173, 1, 172, 0, 0, 0
13657, 1, 1636469311875, 1636469312047, 172, 0, 172, 0, 0, 0
13658, 1, 1636469311891, 1636469312071, 180, 0, 180, 0, 0, 0
13659, 1, 1636469311923, 1636469312095, 172, 0, 172, 0, 0, 0
13660, 1, 1636469311931, 1636469312107, 176, 0, 176, 0, 0, 0
13661, 1, 1636469311983, 1636469312155, 172, 0, 172, 0, 0, 0
13663, 1, 1636469312031, 1636469312203, 172, 0, 172, 0, 0, 0
13664, 1, 1636469312071, 1636469312243, 172, 0, 172, 0, 0, 0
13666, 1, 1636469312083, 1636469312255, 172, 0, 172, 0, 0, 0
13667, 1, 1636469312279, 1636469312451, 172, 0, 172, 0, 0, 0
13669, 1, 1636469312287, 1636469312459, 172, 0, 172, 0, 0, 0
13668, 1, 1636469312287, 1636469312459, 172, 0, 172, 0, 0, 0
13670, 1, 1636469312315, 1636469312491, 176, 0, 176, 0, 0, 0
13671, 1, 1636469312375, 1636469312547, 172, 0, 172, 0, 0, 0
13672, 1, 1636469312387, 1636469312563, 176, 0, 176, 0, 0, 0
13674, 1, 1636469312427, 1636469312607, 180, 0, 180, 0, 0, 0
13675, 1, 1636469312527, 1636469312703, 176, 0, 176, 0, 0, 0
13676, 1, 1636469312551, 1636469312723, 172, 0, 172, 0, 0, 0
13677, 1, 1636469312583, 1636469312755, 172, 0, 172, 0, 0, 0
13678, 1, 1636469312587, 1636469312759, 172, 0, 172, 0, 0, 0
13679, 1, 1636469312583, 1636469312759, 176, 0, 176, 0, 0, 0
13673, 1, 1636469312643, 1636469312815, 172, 0, 172, 0, 0, 0
13680, 1, 1636469312643, 1636469312815, 172, 0, 172, 0, 0, 0
13681, 1, 1636469312691, 1636469312863, 172, 0, 172, 0, 0, 0
13682, 1, 1636469312731, 1636469312903, 172, 0, 172, 0, 0, 0
13683, 1, 1636469312743, 1636469312915, 172, 0, 172, 0, 0, 0
13684, 1, 1636469312939, 1636469313111, 172, 0, 172, 0, 0, 0
13686, 1, 1636469312951, 1636469313123, 172, 0, 172, 0, 0, 0
13685, 1, 1636469312955, 1636469313127, 172, 0, 172, 0, 0, 0
13687, 1, 1636469312971, 1636469313143, 172, 0, 172, 0, 0, 0
13688, 1, 1636469313031, 1636469313203, 172, 0, 172, 0, 0, 0
13689, 1, 1636469313039, 1636469313211, 172, 0, 172, 0, 0, 0
13690, 1, 1636469313087, 1636469313259, 172, 0, 172, 0, 0, 0
13691, 1, 1636469313183, 1636469313355, 172, 0, 172, 0, 0, 0
13692, 1, 1636469313207, 1636469313383, 176, 0, 176, 0, 0, 0
13694, 1, 1636469313243, 1636469313415, 172, 0, 172, 0, 0, 0
13695, 1, 1636469313243, 1636469313415, 172, 0, 172, 0, 0, 0
13693, 1, 1636469313243, 1636469313419, 176, 0, 176, 0, 0, 0
13697, 1, 1636469313295, 1636469313467, 172, 0, 172, 0, 0, 0
13696, 1, 1636469313295, 1636469313471, 176, 0, 176, 0, 0, 0
13698, 1, 1636469313347, 1636469313519, 172, 0, 172, 0, 0, 0
13699, 1, 1636469313383, 1636469313555, 172, 0, 172, 0, 0, 0
13700, 1, 1636469313403, 1636469313579, 176, 0, 176, 0, 0, 0
13701, 1, 1636469313595, 1636469313767, 172, 0, 172, 0, 0, 0
13702, 1, 1636469313607, 1636469313783, 176, 0, 176, 0, 0, 0
13703, 1, 1636469313611, 1636469313791, 180, 0, 180, 0, 0, 0
13704, 1, 1636469313623, 1636469313799, 176, 0, 176, 0, 0, 0
13706, 1, 1636469313691, 1636469313863, 172, 0, 172, 0, 0, 0
13705, 1, 1636469313691, 1636469313863, 172, 0, 172, 0, 0, 0
13707, 1, 1636469313731, 1636469313907, 176, 0, 176, 0, 0, 0
13708, 1, 1636469313739, 1636469313915, 176, 0, 176, 0, 0, 0
13709, 1, 1636469313835, 1636469314011, 176, 0, 176, 0, 0, 0
13710, 1, 1636469313866, 1636469314039, 173, 1, 172, 0, 0, 0
13711, 1, 1636469313899, 1636469314071, 172, 0, 172, 0, 0, 0
13712, 1, 1636469313903, 1636469314079, 176, 0, 176, 0, 0, 0
13714, 1, 1636469313955, 1636469314131, 176, 0, 176, 0, 0, 0
13715, 1, 1636469313955, 1636469314131, 176, 0, 176, 0, 0, 0
13716, 1, 1636469314007, 1636469314183, 176, 0, 176, 0, 0, 0
13717, 1, 1636469314039, 1636469314219, 180, 0, 180, 0, 0, 0
13718, 1, 1636469314063, 1636469314235, 172, 0, 172, 0, 0, 0
13713, 1, 1636469314159, 1636469314331, 172, 0, 172, 0, 0, 0
13719, 1, 1636469314259, 1636469314431, 172, 0, 172, 0, 0, 0
13721, 1, 1636469314279, 1636469314451, 172, 0, 172, 0, 0, 0
13720, 1, 1636469314279, 1636469314451, 172, 0, 172, 0, 0, 0
13722, 1, 1636469314287, 1636469314459, 172, 0, 172, 0, 0, 0
13723, 1, 1636469314355, 1636469314527, 172, 0, 172, 0, 0, 0
13724, 1, 1636469314355, 1636469314527, 172, 0, 172, 0, 0, 0
13725, 1, 1636469314366, 1636469314543, 177, 1, 176, 0, 0, 0
13727, 1, 1636469314391, 1636469314563, 172, 0, 172, 0, 0, 0
13726, 1, 1636469314399, 1636469314575, 176, 0, 176, 0, 0, 0
13728, 1, 1636469314423, 1636469314599, 176, 0, 176, 0, 0, 0
13729, 1, 1636469314491, 1636469314662, 171, 0, 171, 0, 0, 0
13730, 1, 1636469314531, 1636469314703, 172, 0, 172, 0, 0, 0
13731, 1, 1636469314559, 1636469314731, 172, 0, 172, 0, 0, 0
13732, 1, 1636469314563, 1636469314735, 172, 0, 172, 0, 0, 0
13733, 1, 1636469314619, 1636469314791, 172, 0, 172, 0, 0, 0
13734, 1, 1636469314619, 1636469314791, 172, 0, 172, 0, 0, 0
13735, 1, 1636469314667, 1636469314839, 172, 0, 172, 0, 0, 0
13736, 1, 1636469314707, 1636469314879, 172, 0, 172, 0, 0, 0
13737, 1, 1636469314727, 1636469314903, 176, 0, 176, 0, 0, 0
13738, 1, 1636469314819, 1636469314991, 172, 0, 172, 0, 0, 0
13739, 1, 1636469314915, 1636469315087, 172, 0, 172, 0, 0, 0
13742, 1, 1636469314939, 1636469315111, 172, 0, 172, 0, 0, 0
13741, 1, 1636469314939, 1636469315111, 172, 0, 172, 0, 0, 0
13740, 1, 1636469314939, 1636469315111, 172, 0, 172, 0, 0, 0
13743, 1, 1636469315011, 1636469315183, 172, 0, 172, 0, 0, 0
13745, 1, 1636469315027, 1636469315199, 172, 0, 172, 0, 0, 0
13746, 1, 1636469315039, 1636469315211, 172, 0, 172, 0, 0, 0
13747, 1, 1636469315055, 1636469315231, 176, 0, 176, 0, 0, 0
13748, 1, 1636469315083, 1636469315255, 172, 0, 172, 0, 0, 0
13749, 1, 1636469315143, 1636469315315, 172, 0, 172, 0, 0, 0
13750, 1, 1636469315195, 1636469315371, 176, 0, 176, 0, 0, 0
13752, 1, 1636469315211, 1636469315383, 172, 0, 172, 0, 0, 0
13751, 1, 1636469315219, 1636469315391, 172, 0, 172, 0, 0, 0
13753, 1, 1636469315275, 1636469315447, 172, 0, 172, 0, 0, 0
13744, 1, 1636469315291, 1636469315463, 172, 0, 172, 0, 0, 0
13755, 1, 1636469315323, 1636469315495, 172, 0, 172, 0, 0, 0
13754, 1, 1636469315355, 1636469315527, 172, 0, 172, 0, 0, 0
13756, 1, 1636469315363, 1636469315535, 172, 0, 172, 0, 0, 0
13758, 1, 1636469315475, 1636469315647, 172, 0, 172, 0, 0, 0
13759, 1, 1636469315563, 1636469315735, 172, 0, 172, 0, 0, 0
13760, 1, 1636469315599, 1636469315771, 172, 0, 172, 0, 0, 0
13762, 1, 1636469315599, 1636469315771, 172, 0, 172, 0, 0, 0
13761, 1, 1636469315603, 1636469315775, 172, 0, 172, 0, 0, 0
13763, 1, 1636469315663, 1636469315835, 172, 0, 172, 0, 0, 0
13764, 1, 1636469315679, 1636469315851, 172, 0, 172, 0, 0, 0
13765, 1, 1636469315687, 1636469315859, 172, 0, 172, 0, 0, 0
13757, 1, 1636469315703, 1636469315875, 172, 0, 172, 0, 0, 0
13766, 1, 1636469315715, 1636469315887, 172, 0, 172, 0, 0, 0
13767, 1, 1636469315739, 1636469315911, 172, 0, 172, 0, 0, 0
13768, 1, 1636469315791, 1636469315963, 172, 0, 172, 0, 0, 0
13769, 1, 1636469315855, 1636469316031, 176, 0, 176, 0, 0, 0
13770, 1, 1636469315863, 1636469316039, 176, 0, 176, 0, 0, 0
13771, 1, 1636469315875, 1636469316047, 172, 0, 172, 0, 0, 0
13773, 1, 1636469315943, 1636469316115, 172, 0, 172, 0, 0, 0
13774, 1, 1636469315979, 1636469316151, 172, 0, 172, 0, 0, 0
13772, 1, 1636469316011, 1636469316183, 172, 0, 172, 0, 0, 0
13775, 1, 1636469316011, 1636469316183, 172, 0, 172, 0, 0, 0
13776, 1, 1636469316019, 1636469316191, 172, 0, 172, 0, 0, 0
13777, 1, 1636469316127, 1636469316299, 172, 0, 172, 0, 0, 0
13778, 1, 1636469316223, 1636469316395, 172, 0, 172, 0, 0, 0
13780, 1, 1636469316255, 1636469316427, 172, 0, 172, 0, 0, 0
13781, 1, 1636469316255, 1636469316427, 172, 0, 172, 0, 0, 0
13779, 1, 1636469316255, 1636469316427, 172, 0, 172, 0, 0, 0
13782, 1, 1636469316319, 1636469316491, 172, 0, 172, 0, 0, 0
13783, 1, 1636469316339, 1636469316511, 172, 0, 172, 0, 0, 0
13785, 1, 1636469316355, 1636469316535, 180, 0, 180, 0, 0, 0
13786, 1, 1636469316371, 1636469316543, 172, 0, 172, 0, 0, 0
13787, 1, 1636469316395, 1636469316567, 172, 0, 172, 0, 0, 0
13788, 1, 1636469316439, 1636469316611, 172, 0, 172, 0, 0, 0
13790, 1, 1636469316515, 1636469316691, 176, 0, 176, 0, 0, 0
13791, 1, 1636469316535, 1636469316711, 176, 0, 176, 0, 0, 0
13792, 1, 1636469316595, 1636469316771, 176, 0, 176, 0, 0, 0
13793, 1, 1636469316631, 1636469316803, 172, 0, 172, 0, 0, 0
13795, 1, 1636469316655, 1636469316827, 172, 0, 172, 0, 0, 0
13794, 1, 1636469316667, 1636469316839, 172, 0, 172, 0, 0, 0
13796, 1, 1636469316675, 1636469316847, 172, 0, 172, 0, 0, 0
13797, 1, 1636469316779, 1636469316955, 176, 0, 176, 0, 0, 0
13798, 1, 1636469316883, 1636469317055, 172, 0, 172, 0, 0, 0
13799, 1, 1636469316911, 1636469317083, 172, 0, 172, 0, 0, 0
13800, 1, 1636469316923, 1636469317095, 172, 0, 172, 0, 0, 0
13801, 1, 1636469316923, 1636469317095, 172, 0, 172, 0, 0, 0
13802, 1, 1636469316975, 1636469317147, 172, 0, 172, 0, 0, 0
13803, 1, 1636469317003, 1636469317175, 172, 0, 172, 0, 0, 0
13804, 1, 1636469317018, 1636469317191, 173, 1, 172, 0, 0, 0
13805, 1, 1636469317023, 1636469317199, 176, 0, 176, 0, 0, 0
13806, 1, 1636469317047, 1636469317223, 176, 0, 176, 0, 0, 0
13807, 1, 1636469317099, 1636469317271, 172, 0, 172, 0, 0, 0
13808, 1, 1636469317171, 1636469317343, 172, 0, 172, 0, 0, 0
13810, 1, 1636469317263, 1636469317435, 172, 0, 172, 0, 0, 0
13811, 1, 1636469317283, 1636469317455, 172, 0, 172, 0, 0, 0
13812, 1, 1636469317307, 1636469317483, 176, 0, 176, 0, 0, 0
13814, 1, 1636469317331, 1636469317503, 172, 0, 172, 0, 0, 0
13815, 1, 1636469317439, 1636469317611, 172, 0, 172, 0, 0, 0
13813, 1, 1636469317523, 1636469317695, 172, 0, 172, 0, 0, 0
13816, 1, 1636469317535, 1636469317707, 172, 0, 172, 0, 0, 0
13817, 1, 1636469317563, 1636469317735, 172, 0, 172, 0, 0, 0
13819, 1, 1636469317579, 1636469317751, 172, 0, 172, 0, 0, 0
13818, 1, 1636469317579, 1636469317755, 176, 0, 176, 0, 0, 0
13820, 1, 1636469317631, 1636469317803, 172, 0, 172, 0, 0, 0
13821, 1, 1636469317659, 1636469317831, 172, 0, 172, 0, 0, 0
13822, 1, 1636469317675, 1636469317851, 176, 0, 176, 0, 0, 0
13823, 1, 1636469317679, 1636469317851, 172, 0, 172, 0, 0, 0
13824, 1, 1636469317707, 1636469317879, 172, 0, 172, 0, 0, 0
13825, 1, 1636469317747, 1636469317919, 172, 0, 172, 0, 0, 0
13826, 1, 1636469317823, 1636469317995, 172, 0, 172, 0, 0, 0
13827, 1, 1636469317915, 1636469318087, 172, 0, 172, 0, 0, 0
13828, 1, 1636469317935, 1636469318107, 172, 0, 172, 0, 0, 0
13829, 1, 1636469317963, 1636469318135, 172, 0, 172, 0, 0, 0
13830, 1, 1636469317987, 1636469318159, 172, 0, 172, 0, 0, 0
13831, 1, 1636469318095, 1636469318267, 172, 0, 172, 0, 0, 0
13832, 1, 1636469318179, 1636469318351, 172, 0, 172, 0, 0, 0
13833, 1, 1636469318191, 1636469318363, 172, 0, 172, 0, 0, 0
13834, 1, 1636469318215, 1636469318387, 172, 0, 172, 0, 0, 0
13835, 1, 1636469318231, 1636469318403, 172, 0, 172, 0, 0, 0
13836, 1, 1636469318235, 1636469318407, 172, 0, 172, 0, 0, 0
13837, 1, 1636469318279, 1636469318451, 172, 0, 172, 0, 0, 0
13838, 1, 1636469318311, 1636469318483, 172, 0, 172, 0, 0, 0
13839, 1, 1636469318335, 1636469318507, 172, 0, 172, 0, 0, 0
13842, 1, 1636469318403, 1636469318575, 172, 0, 172, 0, 0, 0
13843, 1, 1636469318475, 1636469318651, 176, 0, 176, 0, 0, 0
13844, 1, 1636469318567, 1636469318739, 172, 0, 172, 0, 0, 0
13845, 1, 1636469318591, 1636469318763, 172, 0, 172, 0, 0, 0
13846, 1, 1636469318615, 1636469318787, 172, 0, 172, 0, 0, 0
13847, 1, 1636469318639, 1636469318811, 172, 0, 172, 0, 0, 0
13848, 1, 1636469318751, 1636469318923, 172, 0, 172, 0, 0, 0
13849, 1, 1636469318831, 1636469319003, 172, 0, 172, 0, 0, 0
13850, 1, 1636469318847, 1636469319023, 176, 0, 176, 0, 0, 0
13852, 1, 1636469318867, 1636469319039, 172, 0, 172, 0, 0, 0
13851, 1, 1636469318867, 1636469319039, 172, 0, 172, 0, 0, 0
13853, 1, 1636469318875, 1636469319047, 172, 0, 172, 0, 0, 0
13854, 1, 1636469318887, 1636469319059, 172, 0, 172, 0, 0, 0
13855, 1, 1636469318887, 1636469319063, 176, 0, 176, 0, 0, 0
13858, 1, 1636469318987, 1636469319159, 172, 0, 172, 0, 0, 0
13859, 1, 1636469319055, 1636469319227, 172, 0, 172, 0, 0, 0
13860, 1, 1636469319131, 1636469319303, 172, 0, 172, 0, 0, 0
13856, 1, 1636469319223, 1636469319395, 172, 0, 172, 0, 0, 0
13862, 1, 1636469319243, 1636469319419, 176, 0, 176, 0, 0, 0
13863, 1, 1636469319267, 1636469319439, 172, 0, 172, 0, 0, 0
13864, 1, 1636469319299, 1636469319475, 176, 0, 176, 0, 0, 0
13866, 1, 1636469319495, 1636469319667, 172, 0, 172, 0, 0, 0
13867, 1, 1636469319507, 1636469319679, 172, 0, 172, 0, 0, 0
13868, 1, 1636469319527, 1636469319703, 176, 0, 176, 0, 0, 0
13869, 1, 1636469319531, 1636469319703, 172, 0, 172, 0, 0, 0
13870, 1, 1636469319535, 1636469319707, 172, 0, 172, 0, 0, 0
13871, 1, 1636469319543, 1636469319715, 172, 0, 172, 0, 0, 0
13873, 1, 1636469319551, 1636469319723, 172, 0, 172, 0, 0, 0
13872, 1, 1636469319567, 1636469319739, 172, 0, 172, 0, 0, 0
13875, 1, 1636469319711, 1636469319887, 176, 0, 176, 0, 0, 0
13876, 1, 1636469319787, 1636469319959, 172, 0, 172, 0, 0, 0
13877, 1, 1636469319879, 1636469320051, 172, 0, 172, 0, 0, 0
13874, 1, 1636469319915, 1636469320087, 172, 0, 172, 0, 0, 0
13879, 1, 1636469319931, 1636469320103, 172, 0, 172, 0, 0, 0
13880, 1, 1636469319959, 1636469320131, 172, 0, 172, 0, 0, 0
13882, 1, 1636469320167, 1636469320339, 172, 0, 172, 0, 0, 0
13884, 1, 1636469320187, 1636469320359, 172, 0, 172, 0, 0, 0
13885, 1, 1636469320187, 1636469320359, 172, 0, 172, 0, 0, 0
13883, 1, 1636469320187, 1636469320359, 172, 0, 172, 0, 0, 0
13886, 1, 1636469320195, 1636469320367, 172, 0, 172, 0, 0, 0
13887, 1, 1636469320211, 1636469320383, 172, 0, 172, 0, 0, 0
13888, 1, 1636469320227, 1636469320399, 172, 0, 172, 0, 0, 0
13890, 1, 1636469320439, 1636469320611, 172, 0, 172, 0, 0, 0
13891, 1, 1636469320535, 1636469320707, 172, 0, 172, 0, 0, 0
13892, 1, 1636469320571, 1636469320747, 176, 0, 176, 0, 0, 0
13893, 1, 1636469320583, 1636469320759, 176, 0, 176, 0, 0, 0
13894, 1, 1636469320623, 1636469320795, 172, 0, 172, 0, 0, 0
13895, 1, 1636469320687, 1636469320859, 172, 0, 172, 0, 0, 0
13896, 1, 1636469320711, 1636469320883, 172, 0, 172, 0, 0, 0
13897, 1, 1636469320823, 1636469320995, 172, 0, 172, 0, 0, 0
13899, 1, 1636469320839, 1636469321011, 172, 0, 172, 0, 0, 0
13898, 1, 1636469320842, 1636469321015, 173, 1, 172, 0, 0, 0
13900, 1, 1636469320851, 1636469321023, 172, 0, 172, 0, 0, 0
13901, 1, 1636469320851, 1636469321023, 172, 0, 172, 0, 0, 0
13902, 1, 1636469320875, 1636469321047, 172, 0, 172, 0, 0, 0
13903, 1, 1636469320883, 1636469321055, 172, 0, 172, 0, 0, 0
13904, 1, 1636469321095, 1636469321271, 176, 0, 176, 0, 0, 0
13905, 1, 1636469321195, 1636469321367, 172, 0, 172, 0, 0, 0
13906, 1, 1636469321231, 1636469321403, 172, 0, 172, 0, 0, 0
13907, 1, 1636469321239, 1636469321411, 172, 0, 172, 0, 0, 0
13908, 1, 1636469321283, 1636469321455, 172, 0, 172, 0, 0, 0
13909, 1, 1636469321319, 1636469321491, 172, 0, 172, 0, 0, 0
13910, 1, 1636469321339, 1636469321515, 176, 0, 176, 0, 0, 0
13911, 1, 1636469321371, 1636469321543, 172, 0, 172, 0, 0, 0
13913, 1, 1636469321491, 1636469321663, 172, 0, 172, 0, 0, 0
13914, 1, 1636469321499, 1636469321675, 176, 0, 176, 0, 0, 0
13915, 1, 1636469321499, 1636469321675, 176, 0, 176, 0, 0, 0
13916, 1, 1636469321507, 1636469321679, 172, 0, 172, 0, 0, 0
13917, 1, 1636469321531, 1636469321703, 172, 0, 172, 0, 0, 0
13918, 1, 1636469321535, 1636469321711, 176, 0, 176, 0, 0, 0
13919, 1, 1636469321575, 1636469321747, 172, 0, 172, 0, 0, 0
13920, 1, 1636469321755, 1636469321927, 172, 0, 172, 0, 0, 0
13921, 1, 1636469321755, 1636469321931, 176, 0, 176, 0, 0, 0
13923, 1, 1636469321891, 1636469322063, 172, 0, 172, 0, 0, 0
13924, 1, 1636469321895, 1636469322067, 172, 0, 172, 0, 0, 0
13922, 1, 1636469321923, 1636469322095, 172, 0, 172, 0, 0, 0
13925, 1, 1636469321935, 1636469322107, 172, 0, 172, 0, 0, 0
13926, 1, 1636469321975, 1636469322151, 176, 0, 176, 0, 0, 0
13927, 1, 1636469321999, 1636469322171, 172, 0, 172, 0, 0, 0
13928, 1, 1636469322023, 1636469322199, 176, 0, 176, 0, 0, 0
13929, 1, 1636469322147, 1636469322319, 172, 0, 172, 0, 0, 0
13932, 1, 1636469322163, 1636469322335, 172, 0, 172, 0, 0, 0
13931, 1, 1636469322163, 1636469322335, 172, 0, 172, 0, 0, 0
13933, 1, 1636469322183, 1636469322355, 172, 0, 172, 0, 0, 0
13934, 1, 1636469322199, 1636469322375, 176, 0, 176, 0, 0, 0
13935, 1, 1636469322231, 1636469322403, 172, 0, 172, 0, 0, 0
13938, 1, 1636469322411, 1636469322587, 176, 0, 176, 0, 0, 0
13937, 1, 1636469322411, 1636469322587, 176, 0, 176, 0, 0, 0
13939, 1, 1636469322495, 1636469322667, 172, 0, 172, 0, 0, 0
13936, 1, 1636469322511, 1636469322683, 172, 0, 172, 0, 0, 0
13941, 1, 1636469322546, 1636469322719, 173, 1, 172, 0, 0, 0
13942, 1, 1636469322579, 1636469322751, 172, 0, 172, 0, 0, 0
13943, 1, 1636469322591, 1636469322763, 172, 0, 172, 0, 0, 0
13944, 1, 1636469322635, 1636469322807, 172, 0, 172, 0, 0, 0
13945, 1, 1636469322655, 1636469322827, 172, 0, 172, 0, 0, 0
13946, 1, 1636469322691, 1636469322867, 176, 0, 176, 0, 0, 0
13948, 1, 1636469322799, 1636469322971, 172, 0, 172, 0, 0, 0
13949, 1, 1636469322819, 1636469322991, 172, 0, 172, 0, 0, 0
13950, 1, 1636469322819, 1636469322995, 176, 0, 176, 0, 0, 0
13940, 1, 1636469322843, 1636469323023, 180, 0, 180, 0, 0, 0
13947, 1, 1636469322863, 1636469323035, 172, 0, 172, 0, 0, 0
13953, 1, 1636469322887, 1636469323059, 172, 0, 172, 0, 0, 0
13954, 1, 1636469323075, 1636469323247, 172, 0, 172, 0, 0, 0
13955, 1, 1636469323079, 1636469323251, 172, 0, 172, 0, 0, 0
13956, 1, 1636469323151, 1636469323323, 172, 0, 172, 0, 0, 0
13957, 1, 1636469323179, 1636469323351, 172, 0, 172, 0, 0, 0
13958, 1, 1636469323203, 1636469323375, 172, 0, 172, 0, 0, 0
13952, 1, 1636469323215, 1636469323387, 172, 0, 172, 0, 0, 0
13960, 1, 1636469323255, 1636469323427, 172, 0, 172, 0, 0, 0
13961, 1, 1636469323299, 1636469323471, 172, 0, 172, 0, 0, 0
13962, 1, 1636469323315, 1636469323487, 172, 0, 172, 0, 0, 0
13963, 1, 1636469323363, 1636469323535, 172, 0, 172, 0, 0, 0
13964, 1, 1636469323455, 1636469323627, 172, 0, 172, 0, 0, 0
13965, 1, 1636469323475, 1636469323647, 172, 0, 172, 0, 0, 0
13966, 1, 1636469323479, 1636469323651, 172, 0, 172, 0, 0, 0
13967, 1, 1636469323511, 1636469323683, 172, 0, 172, 0, 0, 0
13968, 1, 1636469323523, 1636469323695, 172, 0, 172, 0, 0, 0
13969, 1, 1636469323539, 1636469323711, 172, 0, 172, 0, 0, 0
13971, 1, 1636469323731, 1636469323903, 172, 0, 172, 0, 0, 0
13970, 1, 1636469323727, 1636469323903, 176, 0, 176, 0, 0, 0
13972, 1, 1636469323815, 1636469323987, 172, 0, 172, 0, 0, 0
13973, 1, 1636469323831, 1636469324007, 176, 0, 176, 0, 0, 0
13974, 1, 1636469323835, 1636469324007, 172, 0, 172, 0, 0, 0
13975, 1, 1636469323855, 1636469324031, 176, 0, 176, 0, 0, 0
13976, 1, 1636469323871, 1636469324043, 172, 0, 172, 0, 0, 0
13977, 1, 1636469323915, 1636469324087, 172, 0, 172, 0, 0, 0
13978, 1, 1636469323955, 1636469324127, 172, 0, 172, 0, 0, 0
13979, 1, 1636469323963, 1636469324135, 172, 0, 172, 0, 0, 0
13980, 1, 1636469324019, 1636469324191, 172, 0, 172, 0, 0, 0
13981, 1, 1636469324115, 1636469324287, 172, 0, 172, 0, 0, 0
13982, 1, 1636469324127, 1636469324299, 172, 0, 172, 0, 0, 0
13983, 1, 1636469324135, 1636469324307, 172, 0, 172, 0, 0, 0
13985, 1, 1636469324183, 1636469324355, 172, 0, 172, 0, 0, 0
13986, 1, 1636469324195, 1636469324371, 176, 0, 176, 0, 0, 0
13988, 1, 1636469324383, 1636469324555, 172, 0, 172, 0, 0, 0
13987, 1, 1636469324391, 1636469324563, 172, 0, 172, 0, 0, 0
13989, 1, 1636469324471, 1636469324643, 172, 0, 172, 0, 0, 0
13991, 1, 1636469324499, 1636469324671, 172, 0, 172, 0, 0, 0
13990, 1, 1636469324499, 1636469324675, 176, 0, 176, 0, 0, 0
13993, 1, 1636469324514, 1636469324691, 177, 1, 176, 0, 0, 0
13992, 1, 1636469324507, 1636469324691, 184, 0, 184, 0, 0, 0
13994, 1, 1636469324535, 1636469324707, 172, 0, 172, 0, 0, 0
13996, 1, 1636469324615, 1636469324787, 172, 0, 172, 0, 0, 0
13997, 1, 1636469324623, 1636469324799, 176, 0, 176, 0, 0, 0
13999, 1, 1636469324763, 1636469324935, 172, 0, 172, 0, 0, 0
14000, 1, 1636469324799, 1636469324971, 172, 0, 172, 0, 0, 0
14002, 1, 1636469324847, 1636469325023, 176, 0, 176, 0, 0, 0
14001, 1, 1636469324863, 1636469325039, 176, 0, 176, 0, 0, 0
14003, 1, 1636469324867, 1636469325039, 172, 0, 172, 0, 0, 0
13998, 1, 1636469324879, 1636469325051, 172, 0, 172, 0, 0, 0
14005, 1, 1636469325047, 1636469325219, 172, 0, 172, 0, 0, 0
14004, 1, 1636469325047, 1636469325219, 172, 0, 172, 0, 0, 0
14006, 1, 1636469325131, 1636469325303, 172, 0, 172, 0, 0, 0
14008, 1, 1636469325155, 1636469325327, 172, 0, 172, 0, 0, 0
14007, 1, 1636469325155, 1636469325327, 172, 0, 172, 0, 0, 0
14009, 1, 1636469325167, 1636469325339, 172, 0, 172, 0, 0, 0
14010, 1, 1636469325175, 1636469325347, 172, 0, 172, 0, 0, 0
14011, 1, 1636469325187, 1636469325363, 176, 0, 176, 0, 0, 0
14013, 1, 1636469325271, 1636469325443, 172, 0, 172, 0, 0, 0
14014, 1, 1636469325283, 1636469325455, 172, 0, 172, 0, 0, 0
14012, 1, 1636469325395, 1636469325567, 172, 0, 172, 0, 0, 0
14015, 1, 1636469325419, 1636469325591, 172, 0, 172, 0, 0, 0
14016, 1, 1636469325451, 1636469325623, 172, 0, 172, 0, 0, 0
14017, 1, 1636469325507, 1636469325679, 172, 0, 172, 0, 0, 0
14018, 1, 1636469325527, 1636469325699, 172, 0, 172, 0, 0, 0
14020, 1, 1636469325531, 1636469325703, 172, 0, 172, 0, 0, 0
14019, 1, 1636469325527, 1636469325703, 176, 0, 176, 0, 0, 0
14021, 1, 1636469325599, 1636469325775, 176, 0, 176, 0, 0, 0
14022, 1, 1636469325703, 1636469325875, 172, 0, 172, 0, 0, 0
14024, 1, 1636469325787, 1636469325959, 172, 0, 172, 0, 0, 0
14026, 1, 1636469325819, 1636469325991, 172, 0, 172, 0, 0, 0
14025, 1, 1636469325819, 1636469325991, 172, 0, 172, 0, 0, 0
14027, 1, 1636469325815, 1636469325995, 180, 0, 180, 0, 0, 0
14028, 1, 1636469325827, 1636469325999, 172, 0, 172, 0, 0, 0
14030, 1, 1636469325927, 1636469326099, 172, 0, 172, 0, 0, 0
14031, 1, 1636469325939, 1636469326111, 172, 0, 172, 0, 0, 0
14029, 1, 1636469325951, 1636469326123, 172, 0, 172, 0, 0, 0
14032, 1, 1636469326047, 1636469326219, 172, 0, 172, 0, 0, 0
14033, 1, 1636469326067, 1636469326243, 176, 0, 176, 0, 0, 0
14034, 1, 1636469326107, 1636469326279, 172, 0, 172, 0, 0, 0
14035, 1, 1636469326163, 1636469326335, 172, 0, 172, 0, 0, 0
14036, 1, 1636469326183, 1636469326355, 172, 0, 172, 0, 0, 0
14037, 1, 1636469326187, 1636469326359, 172, 0, 172, 0, 0, 0
14039, 1, 1636469326259, 1636469326431, 172, 0, 172, 0, 0, 0
14040, 1, 1636469326355, 1636469326527, 172, 0, 172, 0, 0, 0
14041, 1, 1636469326439, 1636469326611, 172, 0, 172, 0, 0, 0
14043, 1, 1636469326471, 1636469326643, 172, 0, 172, 0, 0, 0
14044, 1, 1636469326471, 1636469326643, 172, 0, 172, 0, 0, 0
14042, 1, 1636469326471, 1636469326643, 172, 0, 172, 0, 0, 0
14045, 1, 1636469326479, 1636469326651, 172, 0, 172, 0, 0, 0
14046, 1, 1636469326511, 1636469326683, 172, 0, 172, 0, 0, 0
14047, 1, 1636469326583, 1636469326759, 176, 0, 176, 0, 0, 0
14049, 1, 1636469326602, 1636469326775, 173, 1, 172, 0, 0, 0
14050, 1, 1636469326703, 1636469326883, 180, 0, 180, 0, 0, 0
14051, 1, 1636469326723, 1636469326895, 172, 0, 172, 0, 0, 0
14052, 1, 1636469326763, 1636469326939, 176, 0, 176, 0, 0, 0
14053, 1, 1636469326823, 1636469326995, 172, 0, 172, 0, 0, 0
14054, 1, 1636469326835, 1636469327007, 172, 0, 172, 0, 0, 0
14055, 1, 1636469326847, 1636469327019, 172, 0, 172, 0, 0, 0
14048, 1, 1636469326855, 1636469327027, 172, 0, 172, 0, 0, 0
14056, 1, 1636469326911, 1636469327083, 172, 0, 172, 0, 0, 0
14057, 1, 1636469326923, 1636469327095, 172, 0, 172, 0, 0, 0
14058, 1, 1636469327019, 1636469327191, 172, 0, 172, 0, 0, 0
14059, 1, 1636469327095, 1636469327267, 172, 0, 172, 0, 0, 0
14060, 1, 1636469327135, 1636469327307, 172, 1, 171, 0, 1, 1
14061, 1, 1636469327135, 1636469327307, 172, 0, 172, 0, 0, 0
14063, 1, 1636469327135, 1636469327311, 176, 0, 176, 0, 0, 0
14062, 1, 1636469327135, 1636469327311, 176, 1, 175, 0, 0, 0
14064, 1, 1636469327163, 1636469327335, 172, 0, 172, 0, 0, 0
14065, 1, 1636469327239, 1636469327411, 172, 0, 172, 0, 0, 0
14067, 1, 1636469327363, 1636469327535, 172, 0, 172, 0, 0, 0
14068, 1, 1636469327371, 1636469327543, 172, 0, 172, 0, 0, 0
14069, 1, 1636469327419, 1636469327591, 172, 0, 172, 0, 0, 0
14070, 1, 1636469327483, 1636469327655, 172, 0, 172, 0, 0, 0
14071, 1, 1636469327487, 1636469327659, 172, 0, 172, 0, 0, 0
14072, 1, 1636469327507, 1636469327679, 172, 0, 172, 0, 0, 0
14073, 1, 1636469327507, 1636469327679, 172, 0, 172, 0, 0, 0
14074, 1, 1636469327563, 1636469327735, 172, 0, 172, 0, 0, 0
14075, 1, 1636469327575, 1636469327747, 172, 0, 172, 0, 0, 0
14076, 1, 1636469327671, 1636469327842, 171, 0, 171, 0, 0, 0
14077, 1, 1636469327747, 1636469327919, 172, 0, 172, 0, 0, 0
14078, 1, 1636469327786, 1636469327963, 177, 1, 176, 0, 0, 0
14081, 1, 1636469327795, 1636469327967, 172, 0, 172, 0, 0, 0
14080, 1, 1636469327795, 1636469327967, 172, 0, 172, 0, 0, 0
14079, 1, 1636469327790, 1636469327971, 181, 1, 180, 0, 0, 0
14082, 1, 1636469327815, 1636469327987, 172, 0, 172, 0, 0, 0
14083, 1, 1636469327895, 1636469328071, 176, 0, 176, 0, 0, 0
14084, 1, 1636469328015, 1636469328187, 172, 0, 172, 0, 0, 0
14085, 1, 1636469328031, 1636469328203, 172, 0, 172, 0, 0, 0
14086, 1, 1636469328051, 1636469328223, 172, 0, 172, 0, 0, 0
14087, 1, 1636469328075, 1636469328247, 172, 0, 172, 0, 0, 0
14088, 1, 1636469328139, 1636469328311, 172, 0, 172, 0, 0, 0
14089, 1, 1636469328147, 1636469328319, 172, 0, 172, 0, 0, 0
14091, 1, 1636469328163, 1636469328335, 172, 0, 172, 0, 0, 0
14092, 1, 1636469328219, 1636469328391, 172, 0, 172, 0, 0, 0
14093, 1, 1636469328227, 1636469328399, 172, 0, 172, 0, 0, 0
14094, 1, 1636469328323, 1636469328495, 172, 0, 172, 0, 0, 0
14095, 1, 1636469328395, 1636469328571, 176, 0, 176, 0, 0, 0
14096, 1, 1636469328439, 1636469328611, 172, 0, 172, 0, 0, 0
14097, 1, 1636469328451, 1636469328623, 172, 0, 172, 0, 0, 0
14099, 1, 1636469328455, 1636469328627, 172, 0, 172, 0, 0, 0
14100, 1, 1636469328466, 1636469328639, 173, 1, 172, 0, 0, 0
14103, 1, 1636469328671, 1636469328847, 176, 0, 176, 0, 0, 0
14104, 1, 1636469328687, 1636469328859, 172, 0, 172, 0, 0, 0
14105, 1, 1636469328703, 1636469328875, 172, 0, 172, 0, 0, 0
14106, 1, 1636469328727, 1636469328899, 172, 0, 172, 0, 0, 0
14107, 1, 1636469328791, 1636469328967, 176, 0, 176, 0, 0, 0
14101, 1, 1636469328803, 1636469328979, 176, 0, 176, 0, 0, 0
14109, 1, 1636469328815, 1636469328987, 172, 0, 172, 0, 0, 0
14110, 1, 1636469328871, 1636469329043, 172, 0, 172, 0, 0, 0
14111, 1, 1636469328879, 1636469329055, 176, 0, 176, 0, 0, 0
14113, 1, 1636469329055, 1636469329227, 172, 0, 172, 0, 0, 0
14114, 1, 1636469329099, 1636469329271, 172, 0, 172, 0, 0, 0
14115, 1, 1636469329111, 1636469329283, 172, 0, 172, 0, 0, 0
14116, 1, 1636469329111, 1636469329283, 172, 0, 172, 0, 0, 0
14117, 1, 1636469329119, 1636469329291, 172, 0, 172, 0, 0, 0
14108, 1, 1636469329155, 1636469329327, 172, 0, 172, 0, 0, 0
14118, 1, 1636469329331, 1636469329507, 176, 0, 176, 0, 0, 0
14119, 1, 1636469329343, 1636469329515, 172, 0, 172, 0, 0, 0
14120, 1, 1636469329355, 1636469329527, 172, 0, 172, 0, 0, 0
14121, 1, 1636469329387, 1636469329559, 172, 0, 172, 0, 0, 0
14122, 1, 1636469329451, 1636469329627, 176, 0, 176, 0, 0, 0
14123, 1, 1636469329463, 1636469329635, 172, 0, 172, 0, 0, 0
14124, 1, 1636469329471, 1636469329643, 172, 0, 172, 0, 0, 0
14125, 1, 1636469329523, 1636469329695, 172, 0, 172, 0, 0, 0
14126, 1, 1636469329538, 1636469329715, 177, 1, 176, 0, 0, 0
14127, 1, 1636469329611, 1636469329783, 172, 0, 172, 0, 0, 0
14128, 1, 1636469329723, 1636469329895, 172, 0, 172, 0, 0, 0
14129, 1, 1636469329751, 1636469329923, 172, 0, 172, 0, 0, 0
14130, 1, 1636469329767, 1636469329939, 172, 0, 172, 0, 0, 0
14132, 1, 1636469329771, 1636469329947, 176, 0, 176, 0, 0, 0
14133, 1, 1636469329807, 1636469329983, 176, 0, 176, 0, 0, 0
14135, 1, 1636469329995, 1636469330167, 172, 0, 172, 0, 0, 0
14134, 1, 1636469329995, 1636469330167, 172, 0, 172, 0, 0, 0
14136, 1, 1636469330011, 1636469330182, 171, 0, 171, 0, 0, 0
14137, 1, 1636469330039, 1636469330211, 172, 0, 172, 0, 0, 0
14138, 1, 1636469330111, 1636469330283, 172, 0, 172, 0, 0, 0
14139, 1, 1636469330119, 1636469330291, 172, 0, 172, 0, 0, 0
14140, 1, 1636469330127, 1636469330299, 172, 0, 172, 0, 0, 0
14141, 1, 1636469330179, 1636469330351, 172, 0, 172, 0, 0, 0
14142, 1, 1636469330199, 1636469330371, 172, 0, 172, 0, 0, 0
14143, 1, 1636469330267, 1636469330439, 172, 0, 172, 0, 0, 0
14144, 1, 1636469330383, 1636469330555, 172, 0, 172, 0, 0, 0
14145, 1, 1636469330403, 1636469330575, 172, 0, 172, 0, 0, 0
14146, 1, 1636469330419, 1636469330591, 172, 0, 172, 0, 0, 0
14147, 1, 1636469330427, 1636469330599, 172, 0, 172, 0, 0, 0
14149, 1, 1636469330523, 1636469330695, 172, 0, 172, 0, 0, 0
14150, 1, 1636469330651, 1636469330823, 172, 0, 172, 0, 0, 0
14151, 1, 1636469330651, 1636469330823, 172, 0, 172, 0, 0, 0
14152, 1, 1636469330667, 1636469330839, 172, 0, 172, 0, 0, 0
14153, 1, 1636469330695, 1636469330867, 172, 0, 172, 0, 0, 0
14154, 1, 1636469330767, 1636469330939, 172, 0, 172, 0, 0, 0
14156, 1, 1636469330779, 1636469330951, 172, 0, 172, 0, 0, 0
14155, 1, 1636469330779, 1636469330959, 180, 0, 180, 0, 0, 0
14157, 1, 1636469330807, 1636469330979, 172, 0, 172, 0, 0, 0
14158, 1, 1636469330835, 1636469331007, 172, 0, 172, 0, 0, 0
14159, 1, 1636469330851, 1636469331023, 172, 0, 172, 0, 0, 0
14160, 1, 1636469330903, 1636469331075, 172, 0, 172, 0, 0, 0
14161, 1, 1636469330923, 1636469331095, 172, 0, 172, 0, 0, 0
14162, 1, 1636469331035, 1636469331207, 172, 0, 172, 0, 0, 0
14163, 1, 1636469331059, 1636469331231, 172, 0, 172, 0, 0, 0
14164, 1, 1636469331075, 1636469331247, 172, 0, 172, 0, 0, 0
14165, 1, 1636469331079, 1636469331255, 176, 0, 176, 0, 0, 0
14166, 1, 1636469331175, 1636469331347, 172, 0, 172, 0, 0, 0
14168, 1, 1636469331307, 1636469331479, 172, 0, 172, 0, 0, 0
14169, 1, 1636469331319, 1636469331491, 172, 0, 172, 0, 0, 0
14171, 1, 1636469331351, 1636469331523, 172, 0, 172, 0, 0, 0
14172, 1, 1636469331423, 1636469331595, 172, 0, 172, 0, 0, 0
14173, 1, 1636469331435, 1636469331607, 172, 0, 172, 0, 0, 0
14174, 1, 1636469331439, 1636469331611, 172, 0, 172, 0, 0, 0
14175, 1, 1636469331459, 1636469331631, 172, 0, 172, 0, 0, 0
14176, 1, 1636469331491, 1636469331663, 172, 0, 172, 0, 0, 0
14177, 1, 1636469331507, 1636469331679, 172, 0, 172, 0, 0, 0
14178, 1, 1636469331555, 1636469331727, 172, 0, 172, 0, 0, 0
14170, 1, 1636469331651, 1636469331823, 172, 0, 172, 0, 0, 0
14180, 1, 1636469331691, 1636469331863, 172, 0, 172, 0, 0, 0
14179, 1, 1636469331699, 1636469331871, 172, 0, 172, 0, 0, 0
14181, 1, 1636469331703, 1636469331875, 172, 0, 172, 0, 0, 0
14182, 1, 1636469331731, 1636469331903, 172, 0, 172, 0, 0, 0
14183, 1, 1636469331739, 1636469331911, 172, 0, 172, 0, 0, 0
14184, 1, 1636469331831, 1636469332003, 172, 0, 172, 0, 0, 0
14185, 1, 1636469331955, 1636469332127, 172, 0, 172, 0, 0, 0
14186, 1, 1636469331971, 1636469332143, 172, 0, 172, 0, 0, 0
14187, 1, 1636469332007, 1636469332179, 172, 0, 172, 0, 0, 0
14188, 1, 1636469332079, 1636469332251, 172, 0, 172, 0, 0, 0
14189, 1, 1636469332087, 1636469332259, 172, 0, 172, 0, 0, 0
14190, 1, 1636469332095, 1636469332271, 176, 0, 176, 0, 0, 0
14191, 1, 1636469332115, 1636469332287, 172, 0, 172, 0, 0, 0
14192, 1, 1636469332131, 1636469332307, 176, 0, 176, 0, 0, 0
14193, 1, 1636469332147, 1636469332319, 172, 0, 172, 0, 0, 0
14194, 1, 1636469332159, 1636469332331, 172, 0, 172, 0, 0, 0
14195, 1, 1636469332215, 1636469332387, 172, 0, 172, 0, 0, 0
14196, 1, 1636469332307, 1636469332479, 172, 0, 172, 0, 0, 0
14197, 1, 1636469332343, 1636469332515, 172, 0, 172, 0, 0, 0
14198, 1, 1636469332355, 1636469332527, 172, 0, 172, 0, 0, 0
14199, 1, 1636469332363, 1636469332535, 172, 0, 172, 0, 0, 0
14200, 1, 1636469332387, 1636469332563, 176, 0, 176, 0, 0, 0
14201, 1, 1636469332395, 1636469332571, 176, 0, 176, 0, 0, 0
14202, 1, 1636469332491, 1636469332667, 176, 0, 176, 0, 0, 0
14167, 1, 1636469332551, 1636469332723, 172, 0, 172, 0, 0, 0
14204, 1, 1636469332627, 1636469332803, 176, 0, 176, 0, 0, 0
14205, 1, 1636469332735, 1636469332907, 172, 0, 172, 0, 0, 0
14206, 1, 1636469332743, 1636469332915, 172, 0, 172, 0, 0, 0
14207, 1, 1636469332759, 1636469332931, 172, 0, 172, 0, 0, 0
14208, 1, 1636469332775, 1636469332947, 172, 0, 172, 0, 0, 0
14209, 1, 1636469332799, 1636469332971, 172, 0, 172, 0, 0, 0
14210, 1, 1636469332811, 1636469332983, 172, 0, 172, 0, 0, 0
14211, 1, 1636469332807, 1636469332983, 176, 0, 176, 0, 0, 0
14213, 1, 1636469332883, 1636469333059, 176, 0, 176, 0, 0, 0
14203, 1, 1636469332895, 1636469333067, 172, 0, 172, 0, 0, 0
14214, 1, 1636469332959, 1636469333131, 172, 0, 172, 0, 0, 0
14216, 1, 1636469333003, 1636469333175, 172, 0, 172, 0, 0, 0
14215, 1, 1636469333003, 1636469333175, 172, 0, 172, 0, 0, 0
14217, 1, 1636469333019, 1636469333191, 172, 0, 172, 0, 0, 0
14218, 1, 1636469333043, 1636469333215, 172, 0, 172, 0, 0, 0
14219, 1, 1636469333055, 1636469333227, 172, 0, 172, 0, 0, 0
14220, 1, 1636469333151, 1636469333323, 172, 0, 172, 0, 0, 0
14212, 1, 1636469333163, 1636469333335, 172, 0, 172, 0, 0, 0
14221, 1, 1636469333199, 1636469333371, 172, 0, 172, 0, 0, 0
14222, 1, 1636469333291, 1636469333463, 172, 0, 172, 0, 0, 0
14223, 1, 1636469333391, 1636469333563, 172, 0, 172, 0, 0, 0
14224, 1, 1636469333399, 1636469333571, 172, 0, 172, 0, 0, 0
14225, 1, 1636469333411, 1636469333587, 176, 0, 176, 0, 0, 0
14226, 1, 1636469333427, 1636469333603, 176, 0, 176, 0, 0, 0
14227, 1, 1636469333451, 1636469333623, 172, 0, 172, 0, 0, 0
14229, 1, 1636469333467, 1636469333639, 172, 0, 172, 0, 0, 0
14228, 1, 1636469333471, 1636469333647, 176, 0, 176, 0, 0, 0
14230, 1, 1636469333539, 1636469333711, 172, 0, 172, 0, 0, 0
14231, 1, 1636469333551, 1636469333723, 172, 0, 172, 0, 0, 0
14232, 1, 1636469333615, 1636469333787, 172, 0, 172, 0, 0, 0
14234, 1, 1636469333655, 1636469333827, 172, 0, 172, 0, 0, 0
14233, 1, 1636469333655, 1636469333827, 172, 0, 172, 0, 0, 0
14235, 1, 1636469333675, 1636469333847, 172, 0, 172, 0, 0, 0
14236, 1, 1636469333699, 1636469333875, 176, 0, 176, 0, 0, 0
14237, 1, 1636469333711, 1636469333883, 172, 0, 172, 0, 0, 0
14238, 1, 1636469333807, 1636469333979, 172, 0, 172, 0, 0, 0
14239, 1, 1636469333819, 1636469333995, 176, 0, 176, 0, 0, 0
14240, 1, 1636469333847, 1636469334019, 172, 0, 172, 0, 0, 0
14241, 1, 1636469333943, 1636469334119, 176, 0, 176, 0, 0, 0
14243, 1, 1636469334051, 1636469334223, 172, 0, 172, 0, 0, 0
14244, 1, 1636469334071, 1636469334247, 176, 0, 176, 0, 0, 0
14246, 1, 1636469334111, 1636469334283, 172, 0, 172, 0, 0, 0
14247, 1, 1636469334115, 1636469334287, 172, 0, 172, 0, 0, 0
14248, 1, 1636469334135, 1636469334307, 172, 0, 172, 0, 0, 0
14242, 1, 1636469334159, 1636469334331, 172, 0, 172, 0, 0, 0
14250, 1, 1636469334203, 1636469334375, 172, 0, 172, 0, 0, 0
14251, 1, 1636469334279, 1636469334451, 172, 0, 172, 0, 0, 0
14253, 1, 1636469334307, 1636469334479, 172, 0, 172, 0, 0, 0
14252, 1, 1636469334307, 1636469334479, 172, 0, 172, 0, 0, 0
14254, 1, 1636469334335, 1636469334515, 180, 0, 180, 0, 0, 0
14255, 1, 1636469334359, 1636469334531, 172, 0, 172, 0, 0, 0
14256, 1, 1636469334371, 1636469334547, 176, 0, 176, 0, 0, 0
14245, 1, 1636469334395, 1636469334567, 172, 0, 172, 0, 0, 0
14257, 1, 1636469334475, 1636469334647, 172, 0, 172, 0, 0, 0
14258, 1, 1636469334483, 1636469334655, 172, 0, 172, 0, 0, 0
14259, 1, 1636469334507, 1636469334683, 176, 0, 176, 0, 0, 0
14249, 1, 1636469334507, 1636469334683, 176, 0, 176, 0, 0, 0
14260, 1, 1636469334595, 1636469334771, 176, 0, 176, 0, 0, 0
14261, 1, 1636469334703, 1636469334875, 172, 0, 172, 0, 0, 0
14262, 1, 1636469334727, 1636469334903, 176, 0, 176, 0, 0, 0
14264, 1, 1636469334763, 1636469334939, 176, 0, 176, 0, 0, 0
14263, 1, 1636469334775, 1636469334947, 172, 0, 172, 0, 0, 0
14265, 1, 1636469334791, 1636469334963, 172, 0, 172, 0, 0, 0
14266, 1, 1636469334815, 1636469334991, 176, 0, 176, 0, 0, 0
14267, 1, 1636469334859, 1636469335030, 171, 0, 171, 0, 0, 0
14268, 1, 1636469334943, 1636469335115, 172, 0, 172, 0, 0, 0
14269, 1, 1636469334959, 1636469335131, 172, 0, 172, 0, 0, 0
14271, 1, 1636469334999, 1636469335175, 176, 0, 176, 0, 0, 0
14272, 1, 1636469335015, 1636469335187, 172, 0, 172, 0, 0, 0
14273, 1, 1636469335027, 1636469335199, 172, 0, 172, 0, 0, 0
14274, 1, 1636469335042, 1636469335215, 173, 1, 172, 0, 0, 0
14275, 1, 1636469335131, 1636469335303, 172, 0, 172, 0, 0, 0
14276, 1, 1636469335139, 1636469335311, 172, 0, 172, 0, 0, 0
14277, 1, 1636469335163, 1636469335335, 172, 0, 172, 0, 0, 0
14278, 1, 1636469335167, 1636469335343, 176, 0, 176, 0, 0, 0
14279, 1, 1636469335251, 1636469335423, 172, 0, 172, 0, 0, 0
14270, 1, 1636469335287, 1636469335459, 172, 0, 172, 0, 0, 0
14280, 1, 1636469335355, 1636469335527, 172, 0, 172, 0, 0, 0
14281, 1, 1636469335383, 1636469335555, 172, 0, 172, 0, 0, 0
14282, 1, 1636469335415, 1636469335587, 172, 0, 172, 0, 0, 0
14284, 1, 1636469335443, 1636469335615, 172, 0, 172, 0, 0, 0
14285, 1, 1636469335471, 1636469335643, 172, 0, 172, 0, 0, 0
14286, 1, 1636469335515, 1636469335687, 172, 0, 172, 0, 0, 0
14287, 1, 1636469335595, 1636469335767, 172, 0, 172, 0, 0, 0
14288, 1, 1636469335615, 1636469335791, 176, 0, 176, 0, 0, 0
14283, 1, 1636469335639, 1636469335811, 172, 0, 172, 0, 0, 0
14289, 1, 1636469335655, 1636469335827, 172, 0, 172, 0, 0, 0
14290, 1, 1636469335675, 1636469335847, 172, 0, 172, 0, 0, 0
14291, 1, 1636469335679, 1636469335851, 172, 0, 172, 0, 0, 0
14292, 1, 1636469335691, 1636469335867, 176, 0, 176, 0, 0, 0
14293, 1, 1636469335791, 1636469335963, 172, 0, 172, 0, 0, 0
14294, 1, 1636469335799, 1636469335971, 172, 0, 172, 0, 0, 0
14295, 1, 1636469335811, 1636469335983, 172, 0, 172, 0, 0, 0
14296, 1, 1636469335823, 1636469335999, 176, 0, 176, 0, 0, 0
14297, 1, 1636469335899, 1636469336071, 172, 0, 172, 0, 0, 0
14298, 1, 1636469335943, 1636469336115, 172, 0, 172, 0, 0, 0
14299, 1, 1636469336019, 1636469336191, 172, 0, 172, 0, 0, 0
14300, 1, 1636469336039, 1636469336211, 172, 0, 172, 0, 0, 0
14301, 1, 1636469336067, 1636469336239, 172, 0, 172, 0, 0, 0
14302, 1, 1636469336107, 1636469336279, 172, 0, 172, 0, 0, 0
14303, 1, 1636469336127, 1636469336299, 172, 0, 172, 0, 0, 0
14304, 1, 1636469336175, 1636469336347, 172, 0, 172, 0, 0, 0
14305, 1, 1636469336251, 1636469336423, 172, 0, 172, 0, 0, 0
14306, 1, 1636469336275, 1636469336447, 172, 0, 172, 0, 0, 0
14307, 1, 1636469336299, 1636469336471, 172, 0, 172, 0, 0, 0
14308, 1, 1636469336311, 1636469336483, 172, 0, 172, 0, 0, 0
14310, 1, 1636469336327, 1636469336499, 172, 0, 172, 0, 0, 0
14311, 1, 1636469336343, 1636469336515, 172, 0, 172, 0, 0, 0
14309, 1, 1636469336411, 1636469336583, 172, 0, 172, 0, 0, 0
14312, 1, 1636469336447, 1636469336619, 172, 0, 172, 0, 0, 0
14313, 1, 1636469336459, 1636469336631, 172, 0, 172, 0, 0, 0
14314, 1, 1636469336467, 1636469336639, 172, 0, 172, 0, 0, 0
14315, 1, 1636469336483, 1636469336655, 172, 0, 172, 0, 0, 0
14316, 1, 1636469336551, 1636469336723, 172, 0, 172, 0, 0, 0
14317, 1, 1636469336591, 1636469336767, 176, 0, 176, 0, 0, 0
14318, 1, 1636469336683, 1636469336859, 176, 0, 176, 0, 0, 0
14319, 1, 1636469336695, 1636469336867, 172, 0, 172, 0, 0, 0
14320, 1, 1636469336723, 1636469336895, 172, 0, 172, 0, 0, 0
14321, 1, 1636469336759, 1636469336931, 172, 0, 172, 0, 0, 0
14322, 1, 1636469336791, 1636469336967, 176, 0, 176, 0, 0, 0
14323, 1, 1636469336827, 1636469336999, 172, 0, 172, 0, 0, 0
14324, 1, 1636469336903, 1636469337075, 172, 0, 172, 0, 0, 0
14326, 1, 1636469336955, 1636469337127, 172, 0, 172, 0, 0, 0
14327, 1, 1636469336967, 1636469337139, 172, 0, 172, 0, 0, 0
14328, 1, 1636469336979, 1636469337151, 172, 0, 172, 0, 0, 0
14329, 1, 1636469337003, 1636469337175, 172, 0, 172, 0, 0, 0
14330, 1, 1636469337067, 1636469337239, 172, 0, 172, 0, 0, 0
14331, 1, 1636469337107, 1636469337279, 172, 0, 172, 0, 0, 0
14333, 1, 1636469337115, 1636469337287, 172, 0, 172, 0, 0, 0
14332, 1, 1636469337115, 1636469337287, 172, 0, 172, 0, 0, 0
14334, 1, 1636469337143, 1636469337315, 172, 0, 172, 0, 0, 0
14325, 1, 1636469337171, 1636469337343, 172, 0, 172, 0, 0, 0
14335, 1, 1636469337203, 1636469337375, 172, 0, 172, 0, 0, 0
14337, 1, 1636469337343, 1636469337515, 172, 0, 172, 0, 0, 0
14338, 1, 1636469337351, 1636469337523, 172, 0, 172, 0, 0, 0
14339, 1, 1636469337371, 1636469337543, 172, 0, 172, 0, 0, 0
14340, 1, 1636469337423, 1636469337595, 172, 0, 172, 0, 0, 0
14336, 1, 1636469337463, 1636469337635, 172, 0, 172, 0, 0, 0
14341, 1, 1636469337479, 1636469337651, 172, 0, 172, 0, 0, 0
14342, 1, 1636469337559, 1636469337731, 172, 0, 172, 0, 0, 0
14343, 1, 1636469337607, 1636469337779, 172, 0, 172, 0, 0, 0
14344, 1, 1636469337619, 1636469337791, 172, 0, 172, 0, 0, 0
14345, 1, 1636469337631, 1636469337803, 172, 0, 172, 0, 0, 0
14346, 1, 1636469337655, 1636469337827, 172, 0, 172, 0, 0, 0
14347, 1, 1636469337719, 1636469337891, 172, 0, 172, 0, 0, 0
14348, 1, 1636469337763, 1636469337935, 172, 0, 172, 0, 0, 0
14350, 1, 1636469337767, 1636469337939, 172, 0, 172, 0, 0, 0
14349, 1, 1636469337771, 1636469337943, 172, 0, 172, 0, 0, 0
14351, 1, 1636469337799, 1636469337971, 172, 0, 172, 0, 0, 0
14352, 1, 1636469337823, 1636469337995, 172, 0, 172, 0, 0, 0
14353, 1, 1636469337859, 1636469338031, 172, 0, 172, 0, 0, 0
14354, 1, 1636469337999, 1636469338171, 172, 0, 172, 0, 0, 0
14355, 1, 1636469338007, 1636469338179, 172, 0, 172, 0, 0, 0
14356, 1, 1636469338023, 1636469338195, 172, 0, 172, 0, 0, 0
14357, 1, 1636469338079, 1636469338251, 172, 0, 172, 0, 0, 0
14358, 1, 1636469338119, 1636469338291, 172, 0, 172, 0, 0, 0
14359, 1, 1636469338135, 1636469338307, 172, 0, 172, 0, 0, 0
14360, 1, 1636469338211, 1636469338383, 172, 0, 172, 0, 0, 0
14361, 1, 1636469338263, 1636469338435, 172, 0, 172, 0, 0, 0
14362, 1, 1636469338271, 1636469338443, 172, 0, 172, 0, 0, 0
14363, 1, 1636469338287, 1636469338463, 176, 0, 176, 0, 0, 0
14364, 1, 1636469338307, 1636469338479, 172, 0, 172, 0, 0, 0
14365, 1, 1636469338375, 1636469338547, 172, 0, 172, 0, 0, 0
14366, 1, 1636469338415, 1636469338586, 171, 0, 171, 0, 0, 0
14367, 1, 1636469338419, 1636469338595, 176, 0, 176, 0, 0, 0
14368, 1, 1636469338427, 1636469338602, 175, 0, 175, 0, 0, 0
14369, 1, 1636469338455, 1636469338630, 175, 0, 175, 0, 0, 0
14370, 1, 1636469338471, 1636469338643, 172, 0, 172, 0, 0, 0
14371, 1, 1636469338507, 1636469338679, 172, 0, 172, 0, 0, 0
14372, 1, 1636469338651, 1636469338827, 176, 0, 176, 0, 0, 0
14373, 1, 1636469338659, 1636469338831, 172, 0, 172, 0, 0, 0
14374, 1, 1636469338675, 1636469338851, 176, 0, 176, 0, 0, 0
14375, 1, 1636469338735, 1636469338907, 172, 0, 172, 0, 0, 0
14376, 1, 1636469338791, 1636469338963, 172, 0, 172, 0, 0, 0
14377, 1, 1636469338871, 1636469339043, 172, 0, 172, 0, 0, 0
14378, 1, 1636469338919, 1636469339091, 172, 0, 172, 0, 0, 0
14379, 1, 1636469338939, 1636469339111, 172, 0, 172, 0, 0, 0
14380, 1, 1636469338947, 1636469339123, 176, 0, 176, 0, 0, 0
14381, 1, 1636469338963, 1636469339139, 176, 0, 176, 0, 0, 0
14382, 1, 1636469339035, 1636469339207, 172, 0, 172, 0, 0, 0
14384, 1, 1636469339079, 1636469339251, 172, 0, 172, 0, 0, 0
14385, 1, 1636469339087, 1636469339263, 176, 0, 176, 0, 0, 0
14386, 1, 1636469339115, 1636469339287, 172, 0, 172, 0, 0, 0
14387, 1, 1636469339131, 1636469339303, 172, 0, 172, 0, 0, 0
14388, 1, 1636469339295, 1636469339471, 176, 0, 176, 0, 0, 0
14390, 1, 1636469339315, 1636469339487, 172, 0, 172, 0, 0, 0
14389, 1, 1636469339315, 1636469339487, 172, 0, 172, 0, 0, 0
14383, 1, 1636469339315, 1636469339487, 172, 0, 172, 0, 0, 0
14391, 1, 1636469339331, 1636469339503, 172, 0, 172, 0, 0, 0
14392, 1, 1636469339387, 1636469339559, 172, 0, 172, 0, 0, 0
14393, 1, 1636469339443, 1636469339615, 172, 0, 172, 0, 0, 0
14394, 1, 1636469339523, 1636469339695, 172, 0, 172, 0, 0, 0
14395, 1, 1636469339575, 1636469339751, 176, 0, 176, 0, 0, 0
14396, 1, 1636469339595, 1636469339767, 172, 0, 172, 0, 0, 0
14397, 1, 1636469339603, 1636469339775, 172, 0, 172, 0, 0, 0
14398, 1, 1636469339615, 1636469339795, 180, 0, 180, 0, 0, 0
14399, 1, 1636469339735, 1636469339911, 176, 0, 176, 0, 0, 0
14400, 1, 1636469339747, 1636469339919, 172, 0, 172, 0, 0, 0
14401, 1, 1636469339771, 1636469339943, 172, 0, 172, 0, 0, 0
14402, 1, 1636469339779, 1636469339951, 172, 0, 172, 0, 0, 0
14403, 1, 1636469339955, 1636469340131, 176, 0, 176, 0, 0, 0
14406, 1, 1636469339967, 1636469340139, 172, 0, 172, 0, 0, 0
14404, 1, 1636469339975, 1636469340147, 172, 0, 172, 0, 0, 0
14405, 1, 1636469339979, 1636469340151, 172, 0, 172, 0, 0, 0
14407, 1, 1636469339987, 1636469340159, 172, 0, 172, 0, 0, 0
14408, 1, 1636469340047, 1636469340219, 172, 0, 172, 0, 0, 0
14409, 1, 1636469340099, 1636469340271, 172, 0, 172, 0, 0, 0
14410, 1, 1636469340183, 1636469340355, 172, 0, 172, 0, 0, 0
14411, 1, 1636469340239, 1636469340411, 172, 0, 172, 0, 0, 0
14412, 1, 1636469340247, 1636469340419, 172, 0, 172, 0, 0, 0
14413, 1, 1636469340259, 1636469340431, 172, 0, 172, 0, 0, 0
14414, 1, 1636469340271, 1636469340447, 176, 0, 176, 0, 0, 0
14415, 1, 1636469340391, 1636469340563, 172, 0, 172, 0, 0, 0
14416, 1, 1636469340399, 1636469340571, 172, 0, 172, 0, 0, 0
14417, 1, 1636469340427, 1636469340603, 176, 0, 176, 0, 0, 0
14418, 1, 1636469340611, 1636469340783, 172, 0, 172, 0, 0, 0
14419, 1, 1636469340623, 1636469340795, 172, 0, 172, 0, 0, 0
14420, 1, 1636469340631, 1636469340803, 172, 0, 172, 0, 0, 0
14421, 1, 1636469340631, 1636469340807, 176, 0, 176, 0, 0, 0
14422, 1, 1636469340639, 1636469340811, 172, 0, 172, 0, 0, 0
14423, 1, 1636469340699, 1636469340871, 172, 0, 172, 0, 0, 0
14424, 1, 1636469340755, 1636469340931, 176, 0, 176, 0, 0, 0
14425, 1, 1636469340843, 1636469341015, 172, 0, 172, 0, 0, 0
14426, 1, 1636469340899, 1636469341071, 172, 0, 172, 0, 0, 0
14427, 1, 1636469340907, 1636469341079, 172, 0, 172, 0, 0, 0
14428, 1, 1636469340919, 1636469341091, 172, 0, 172, 0, 0, 0
14430, 1, 1636469341055, 1636469341227, 172, 0, 172, 0, 0, 0
14431, 1, 1636469341059, 1636469341231, 172, 0, 172, 0, 0, 0
14432, 1, 1636469341087, 1636469341259, 172, 0, 172, 0, 0, 0
14429, 1, 1636469341267, 1636469341439, 172, 0, 172, 0, 0, 0
14433, 1, 1636469341271, 1636469341443, 172, 0, 172, 0, 0, 0
14434, 1, 1636469341271, 1636469341443, 172, 0, 172, 0, 0, 0
14436, 1, 1636469341291, 1636469341463, 172, 0, 172, 0, 0, 0
14435, 1, 1636469341290, 1636469341463, 173, 1, 172, 0, 0, 0
14437, 1, 1636469341299, 1636469341475, 176, 0, 176, 0, 0, 0
14438, 1, 1636469341411, 1636469341583, 172, 0, 172, 0, 0, 0
14439, 1, 1636469341495, 1636469341667, 172, 0, 172, 0, 0, 0
14440, 1, 1636469341555, 1636469341727, 172, 0, 172, 0, 0, 0
14441, 1, 1636469341563, 1636469341735, 172, 0, 172, 0, 0, 0
14442, 1, 1636469341571, 1636469341743, 172, 0, 172, 0, 0, 0
14444, 1, 1636469341711, 1636469341887, 176, 0, 176, 0, 0, 0
14443, 1, 1636469341711, 1636469341887, 176, 0, 176, 0, 0, 0
14445, 1, 1636469341739, 1636469341911, 172, 0, 172, 0, 0, 0
14446, 1, 1636469341927, 1636469342099, 172, 0, 172, 0, 0, 0
14448, 1, 1636469341927, 1636469342099, 172, 0, 172, 0, 0, 0
14447, 1, 1636469341927, 1636469342099, 172, 0, 172, 0, 0, 0
14450, 1, 1636469341947, 1636469342123, 176, 0, 176, 0, 0, 0
14449, 1, 1636469341955, 1636469342127, 172, 0, 172, 0, 0, 0
14451, 1, 1636469341963, 1636469342135, 172, 0, 172, 0, 0, 0
14452, 1, 1636469342075, 1636469342247, 172, 0, 172, 0, 0, 0
14453, 1, 1636469342155, 1636469342327, 172, 0, 172, 0, 0, 0
14454, 1, 1636469342203, 1636469342375, 172, 0, 172, 0, 0, 0
14455, 1, 1636469342223, 1636469342399, 176, 0, 176, 0, 0, 0
14456, 1, 1636469342375, 1636469342547, 172, 0, 172, 0, 0, 0
14457, 1, 1636469342379, 1636469342551, 172, 0, 172, 0, 0, 0
14458, 1, 1636469342395, 1636469342567, 172, 0, 172, 0, 0, 0
14459, 1, 1636469342583, 1636469342755, 172, 0, 172, 0, 0, 0
14461, 1, 1636469342583, 1636469342759, 176, 0, 176, 0, 0, 0
14460, 1, 1636469342583, 1636469342759, 176, 0, 176, 0, 0, 0
14462, 1, 1636469342603, 1636469342775, 172, 0, 172, 0, 0, 0
14463, 1, 1636469342615, 1636469342787, 172, 0, 172, 0, 0, 0
14464, 1, 1636469342623, 1636469342795, 172, 0, 172, 0, 0, 0
14465, 1, 1636469342735, 1636469342907, 172, 0, 172, 0, 0, 0
14466, 1, 1636469342815, 1636469342987, 172, 0, 172, 0, 0, 0
14467, 1, 1636469342859, 1636469343031, 172, 0, 172, 0, 0, 0
14468, 1, 1636469342883, 1636469343055, 172, 0, 172, 0, 0, 0
14470, 1, 1636469343035, 1636469343207, 172, 0, 172, 0, 0, 0
14469, 1, 1636469343035, 1636469343207, 172, 0, 172, 0, 0, 0
14471, 1, 1636469343051, 1636469343227, 176, 0, 176, 0, 0, 0
14472, 1, 1636469343235, 1636469343407, 172, 0, 172, 0, 0, 0
14474, 1, 1636469343243, 1636469343415, 172, 0, 172, 0, 0, 0
14473, 1, 1636469343243, 1636469343415, 172, 0, 172, 0, 0, 0
14475, 1, 1636469343259, 1636469343431, 172, 0, 172, 0, 0, 0
14476, 1, 1636469343271, 1636469343443, 172, 0, 172, 0, 0, 0
14478, 1, 1636469343395, 1636469343567, 172, 0, 172, 0, 0, 0
14479, 1, 1636469343471, 1636469343643, 172, 0, 172, 0, 0, 0
14480, 1, 1636469343515, 1636469343691, 176, 0, 176, 0, 0, 0
14481, 1, 1636469343539, 1636469343715, 176, 0, 176, 0, 0, 0
14477, 1, 1636469343583, 1636469343755, 172, 0, 172, 0, 0, 0
14483, 1, 1636469343691, 1636469343863, 172, 0, 172, 0, 0, 0
14482, 1, 1636469343691, 1636469343863, 172, 0, 172, 0, 0, 0
14484, 1, 1636469343711, 1636469343883, 172, 0, 172, 0, 0, 0
14485, 1, 1636469343891, 1636469344067, 176, 0, 176, 0, 0, 0
14486, 1, 1636469343895, 1636469344071, 176, 0, 176, 0, 0, 0
14487, 1, 1636469343895, 1636469344071, 176, 0, 176, 0, 0, 0
14488, 1, 1636469343907, 1636469344079, 172, 0, 172, 0, 0, 0
14489, 1, 1636469343927, 1636469344099, 172, 0, 172, 0, 0, 0
14490, 1, 1636469344047, 1636469344219, 172, 0, 172, 0, 0, 0
14491, 1, 1636469344123, 1636469344295, 172, 0, 172, 0, 0, 0
14492, 1, 1636469344175, 1636469344347, 172, 0, 172, 0, 0, 0
14494, 1, 1636469344235, 1636469344407, 172, 0, 172, 0, 0, 0
14493, 1, 1636469344275, 1636469344447, 172, 0, 172, 0, 0, 0
14496, 1, 1636469344347, 1636469344519, 172, 0, 172, 0, 0, 0
14495, 1, 1636469344347, 1636469344519, 172, 0, 172, 0, 0, 0
14497, 1, 1636469344363, 1636469344539, 176, 0, 176, 0, 0, 0
14498, 1, 1636469344547, 1636469344719, 172, 0, 172, 0, 0, 0
14500, 1, 1636469344551, 1636469344723, 172, 0, 172, 0, 0, 0
14499, 1, 1636469344551, 1636469344723, 172, 0, 172, 0, 0, 0
14501, 1, 1636469344559, 1636469344731, 172, 0, 172, 0, 0, 0
14502, 1, 1636469344583, 1636469344755, 172, 0, 172, 0, 0, 0
14503, 1, 1636469344703, 1636469344875, 172, 0, 172, 0, 0, 0
14504, 1, 1636469344779, 1636469344951, 172, 0, 172, 0, 0, 0
14505, 1, 1636469344891, 1636469345063, 172, 0, 172, 0, 0, 0
14506, 1, 1636469344927, 1636469345099, 172, 0, 172, 0, 0, 0
14507, 1, 1636469345003, 1636469345175, 172, 0, 172, 0, 0, 0
14508, 1, 1636469345007, 1636469345179, 172, 0, 172, 0, 0, 0
14509, 1, 1636469345023, 1636469345195, 172, 0, 172, 0, 0, 0
14510, 1, 1636469345195, 1636469345371, 176, 0, 176, 0, 0, 0
14511, 1, 1636469345203, 1636469345379, 176, 0, 176, 0, 0, 0
14512, 1, 1636469345203, 1636469345383, 180, 0, 180, 0, 0, 0
14513, 1, 1636469345239, 1636469345411, 172, 0, 172, 0, 0, 0
14515, 1, 1636469345355, 1636469345527, 172, 0, 172, 0, 0, 0
14516, 1, 1636469345439, 1636469345611, 172, 0, 172, 0, 0, 0
14517, 1, 1636469345547, 1636469345723, 176, 0, 176, 0, 0, 0
14514, 1, 1636469345587, 1636469345759, 172, 0, 172, 0, 0, 0
14519, 1, 1636469345659, 1636469345831, 172, 0, 172, 0, 0, 0
14518, 1, 1636469345659, 1636469345835, 176, 0, 176, 0, 0, 0
14520, 1, 1636469345683, 1636469345855, 172, 0, 172, 0, 0, 0
14521, 1, 1636469345847, 1636469346023, 176, 0, 176, 0, 0, 0
14523, 1, 1636469345859, 1636469346031, 172, 0, 172, 0, 0, 0
14522, 1, 1636469345859, 1636469346031, 172, 0, 172, 0, 0, 0
14524, 1, 1636469345899, 1636469346071, 172, 0, 172, 0, 0, 0
14525, 1, 1636469346019, 1636469346195, 176, 0, 176, 0, 0, 0
14526, 1, 1636469346095, 1636469346267, 172, 0, 172, 0, 0, 0
14527, 1, 1636469346207, 1636469346379, 172, 0, 172, 0, 0, 0
14528, 1, 1636469346251, 1636469346423, 172, 0, 172, 0, 0, 0
14529, 1, 1636469346311, 1636469346483, 172, 0, 172, 0, 0, 0
14530, 1, 1636469346347, 1636469346519, 172, 0, 172, 0, 0, 0
14531, 1, 1636469346507, 1636469346679, 172, 0, 172, 0, 0, 0
14532, 1, 1636469346511, 1636469346683, 172, 0, 172, 0, 0, 0
14533, 1, 1636469346511, 1636469346683, 172, 0, 172, 0, 0, 0
14534, 1, 1636469346555, 1636469346727, 172, 0, 172, 0, 0, 0
14535, 1, 1636469346675, 1636469346847, 172, 0, 172, 0, 0, 0
14536, 1, 1636469346747, 1636469346919, 172, 0, 172, 0, 0, 0
14537, 1, 1636469346863, 1636469347035, 172, 0, 172, 0, 0, 0
14538, 1, 1636469346907, 1636469347079, 172, 0, 172, 0, 0, 0
14539, 1, 1636469346967, 1636469347139, 172, 0, 172, 0, 0, 0
14540, 1, 1636469347163, 1636469347335, 172, 0, 172, 0, 0, 0
14542, 1, 1636469347167, 1636469347339, 172, 0, 172, 0, 0, 0
14541, 1, 1636469347163, 1636469347339, 176, 0, 176, 0, 0, 0
14543, 1, 1636469347207, 1636469347379, 172, 0, 172, 0, 0, 0
14544, 1, 1636469347331, 1636469347503, 172, 0, 172, 0, 0, 0
14545, 1, 1636469347515, 1636469347687, 172, 0, 172, 0, 0, 0
14546, 1, 1636469347559, 1636469347731, 172, 0, 172, 0, 0, 0
14547, 1, 1636469347623, 1636469347795, 172, 0, 172, 0, 0, 0
14549, 1, 1636469347819, 1636469347991, 172, 0, 172, 0, 0, 0
14548, 1, 1636469347819, 1636469347991, 172, 0, 172, 0, 0, 0
14550, 1, 1636469347827, 1636469347999, 172, 0, 172, 0, 0, 0
14551, 1, 1636469347859, 1636469348031, 172, 0, 172, 0, 0, 0
14552, 1, 1636469347987, 1636469348159, 172, 0, 172, 0, 0, 0
14553, 1, 1636469348219, 1636469348391, 172, 0, 172, 0, 0, 0
14554, 1, 1636469348275, 1636469348447, 172, 0, 172, 0, 0, 0
14556, 1, 1636469348475, 1636469348647, 172, 0, 172, 0, 0, 0
14557, 1, 1636469348475, 1636469348647, 172, 0, 172, 0, 0, 0
14555, 1, 1636469348479, 1636469348651, 172, 0, 172, 0, 0, 0
14558, 1, 1636469348639, 1636469348811, 172, 0, 172, 0, 0, 0
14559, 1, 1636469348875, 1636469349047, 172, 0, 172, 0, 0, 0
14560, 1, 1636469348927, 1636469349099, 172, 0, 172, 0, 0, 0
14562, 1, 1636469349127, 1636469349299, 172, 0, 172, 0, 0, 0
14563, 1, 1636469349127, 1636469349303, 176, 0, 176, 0, 0, 0
14561, 1, 1636469349127, 1636469349303, 176, 0, 176, 0, 0, 0
14564, 1, 1636469349535, 1636469349715, 180, 0, 180, 0, 0, 0
14565, 1, 1636469349579, 1636469349751, 172, 0, 172, 0, 0, 0
14566, 1, 1636469349783, 1636469349955, 172, 0, 172, 0, 0, 0
14568, 1, 1636469349787, 1636469349959, 172, 0, 172, 0, 0, 0
14567, 1, 1636469349787, 1636469349959, 172, 0, 172, 0, 0, 0
14569, 1, 1636469350203, 1636469350375, 172, 0, 172, 0, 0, 0
14570, 1, 1636469350235, 1636469350407, 172, 0, 172, 0, 0, 0
14571, 1, 1636469350439, 1636469350611, 172, 0, 172, 0, 0, 0
14572, 1, 1636469350447, 1636469350619, 172, 0, 172, 0, 0, 0
14573, 1, 1636469350447, 1636469350619, 172, 0, 172, 0, 0, 0
14574, 1, 1636469350859, 1636469351031, 172, 0, 172, 0, 0, 0
14575, 1, 1636469351091, 1636469351263, 172, 0, 172, 0, 0, 0
14576, 1, 1636469351103, 1636469351275, 172, 0, 172, 0, 0, 0
14577, 1, 1636469351103, 1636469351275, 172, 0, 172, 0, 0, 0
14578, 1, 1636469351515, 1636469351687, 172, 0, 172, 0, 0, 0
14579, 1, 1636469351743, 1636469351915, 172, 0, 172, 0, 0, 0
14580, 1, 1636469351755, 1636469351927, 172, 0, 172, 0, 0, 0
14581, 1, 1636469352171, 1636469352343, 172, 0, 172, 0, 0, 0
14582, 1, 1636469352399, 1636469352571, 172, 0, 172, 0, 0, 0
14583, 1, 1636469352403, 1636469352575, 172, 0, 172, 0, 0, 0
14584, 1, 1636469352827, 1636469352999, 172, 0, 172, 0, 0, 0
14585, 1, 1636469353051, 1636469353223, 172, 0, 172, 0, 0, 0
14586, 1, 1636469353059, 1636469353231, 172, 0, 172, 0, 0, 0
14587, 1, 1636469353483, 1636469353655, 172, 0, 172, 0, 0, 0
14588, 1, 1636469353703, 1636469353875, 172, 0, 172, 0, 0, 0
14589, 1, 1636469353711, 1636469353883, 172, 0, 172, 0, 0, 0
14590, 1, 1636469354139, 1636469354311, 172, 0, 172, 0, 0, 0
14591, 1, 1636469354359, 1636469354531, 172, 0, 172, 0, 0, 0
14592, 1, 1636469354359, 1636469354531, 172, 0, 172, 0, 0, 0
14593, 1, 1636469354795, 1636469354967, 172, 0, 172, 0, 0, 0
14594, 1, 1636469355011, 1636469355183, 172, 0, 172, 0, 0, 0
14595, 1, 1636469355451, 1636469355623, 172, 0, 172, 0, 0, 0
14596, 1, 1636469355663, 1636469355835, 172, 0, 172, 0, 0, 0
14597, 1, 1636469356111, 1636469356287, 176, 0, 176, 0, 0, 0
14598, 1, 1636469356315, 1636469356487, 172, 0, 172, 0, 0, 0
14599, 1, 1636469356771, 1636469356947, 176, 0, 176, 0, 0, 0
14600, 1, 1636469357431, 1636469357603, 172, 0, 172, 0, 0, 0
14601, 1, 1636469396827, 1636469396999, 172, 0, 172, 0, 0, 0
14602, 1, 1636469397483, 1636469397655, 172, 0, 172, 0, 0, 0
14603, 1, 1636469397567, 1636469397739, 172, 0, 172, 0, 0, 0
14604, 1, 1636469398139, 1636469398311, 172, 0, 172, 0, 0, 0
14606, 1, 1636469398203, 1636469398375, 172, 0, 172, 0, 0, 0
14605, 1, 1636469398227, 1636469398403, 176, 0, 176, 0, 0, 0
14607, 1, 1636469398795, 1636469398967, 172, 0, 172, 0, 0, 0
14608, 1, 1636469398863, 1636469399035, 172, 0, 172, 0, 0, 0
14609, 1, 1636469398887, 1636469399059, 172, 0, 172, 0, 0, 0
14610, 1, 1636469398930, 1636469399104, 174, 1, 173, 0, 1, 1
14611, 1, 1636469399451, 1636469399623, 172, 0, 172, 0, 0, 0
14612, 1, 1636469399511, 1636469399683, 172, 0, 172, 0, 0, 0
14613, 1, 1636469399547, 1636469399719, 172, 0, 172, 0, 0, 0
14614, 1, 1636469399595, 1636469399767, 172, 0, 172, 0, 0, 0
14615, 1, 1636469399731, 1636469399907, 176, 0, 176, 0, 0, 0
14616, 1, 1636469400107, 1636469400279, 172, 0, 172, 0, 0, 0
14617, 1, 1636469400158, 1636469400331, 173, 1, 172, 0, 1, 1
14618, 1, 1636469400203, 1636469400375, 172, 0, 172, 0, 0, 0
14619, 1, 1636469400259, 1636469400431, 172, 0, 172, 0, 0, 0
14620, 1, 1636469400387, 1636469400559, 172, 0, 172, 0, 0, 0
14622, 1, 1636469400727, 1636469400903, 176, 0, 176, 0, 0, 0
14621, 1, 1636469400763, 1636469400935, 172, 0, 172, 0, 0, 0
14623, 1, 1636469400807, 1636469400978, 171, 0, 171, 0, 0, 0
14624, 1, 1636469400855, 1636469401027, 172, 0, 172, 0, 0, 0
14625, 1, 1636469400919, 1636469401091, 172, 0, 172, 0, 0, 0
14626, 1, 1636469401039, 1636469401211, 172, 0, 172, 0, 0, 0
14627, 1, 1636469401387, 1636469401559, 172, 0, 172, 0, 0, 0
14628, 1, 1636469401419, 1636469401591, 172, 0, 172, 0, 0, 0
14629, 1, 1636469401463, 1636469401635, 172, 0, 172, 0, 0, 0
14630, 1, 1636469401519, 1636469401691, 172, 0, 172, 0, 0, 0
14631, 1, 1636469401575, 1636469401747, 172, 0, 172, 0, 0, 0
14632, 1, 1636469401603, 1636469401775, 172, 0, 172, 0, 0, 0
14633, 1, 1636469401691, 1636469401863, 172, 0, 172, 0, 0, 0
14634, 1, 1636469402047, 1636469402219, 172, 0, 172, 0, 0, 0
14635, 1, 1636469402075, 1636469402251, 176, 0, 176, 0, 0, 0
14636, 1, 1636469402119, 1636469402291, 172, 0, 172, 0, 0, 0
14637, 1, 1636469402179, 1636469402351, 172, 0, 172, 0, 0, 0
14638, 1, 1636469402231, 1636469402403, 172, 0, 172, 0, 0, 0
14639, 1, 1636469402259, 1636469402431, 172, 0, 172, 0, 0, 0
14640, 1, 1636469402343, 1636469402515, 172, 0, 172, 0, 0, 0
14641, 1, 1636469402443, 1636469402615, 172, 0, 172, 0, 0, 0
14642, 1, 1636469402703, 1636469402875, 172, 0, 172, 0, 0, 0
14643, 1, 1636469402735, 1636469402907, 172, 0, 172, 0, 0, 0
14644, 1, 1636469402783, 1636469402955, 172, 0, 172, 0, 0, 0
14645, 1, 1636469402835, 1636469403007, 172, 0, 172, 0, 0, 0
14646, 1, 1636469402887, 1636469403059, 172, 0, 172, 0, 0, 0
14647, 1, 1636469402911, 1636469403083, 172, 0, 172, 0, 0, 0
14648, 1, 1636469402995, 1636469403167, 172, 0, 172, 0, 0, 0
14649, 1, 1636469403099, 1636469403271, 172, 0, 172, 0, 0, 0
14650, 1, 1636469403291, 1636469403463, 172, 0, 172, 0, 0, 0
14651, 1, 1636469403359, 1636469403535, 176, 0, 176, 0, 0, 0
14652, 1, 1636469403391, 1636469403567, 176, 0, 176, 0, 0, 0
14654, 1, 1636469403491, 1636469403667, 176, 0, 176, 0, 0, 0
14655, 1, 1636469403543, 1636469403715, 172, 0, 172, 0, 0, 0
14656, 1, 1636469403571, 1636469403743, 172, 0, 172, 0, 0, 0
14653, 1, 1636469403635, 1636469403807, 172, 0, 172, 0, 0, 0
14657, 1, 1636469403647, 1636469403819, 172, 0, 172, 0, 0, 0
14658, 1, 1636469403755, 1636469403927, 172, 0, 172, 0, 0, 0
14659, 1, 1636469403943, 1636469404115, 172, 0, 172, 0, 0, 0
14660, 1, 1636469404019, 1636469404191, 172, 0, 172, 0, 0, 0
14661, 1, 1636469404051, 1636469404223, 172, 0, 172, 0, 0, 0
14662, 1, 1636469404095, 1636469404267, 172, 0, 172, 0, 0, 0
14663, 1, 1636469404147, 1636469404319, 172, 0, 172, 0, 0, 0
14665, 1, 1636469404231, 1636469404403, 172, 0, 172, 0, 0, 0
14666, 1, 1636469404295, 1636469404467, 172, 0, 172, 0, 0, 0
14667, 1, 1636469404303, 1636469404475, 172, 0, 172, 0, 0, 0
14668, 1, 1636469404411, 1636469404583, 172, 0, 172, 0, 0, 0
14664, 1, 1636469404443, 1636469404620, 177, 0, 177, 0, 0, 0
14669, 1, 1636469404599, 1636469404771, 172, 0, 172, 0, 0, 0
14670, 1, 1636469404679, 1636469404851, 172, 0, 172, 0, 0, 0
14671, 1, 1636469404703, 1636469404875, 172, 0, 172, 0, 0, 0
14672, 1, 1636469404751, 1636469404923, 172, 0, 172, 0, 0, 0
14673, 1, 1636469404807, 1636469404979, 172, 0, 172, 0, 0, 0
14674, 1, 1636469404891, 1636469405063, 172, 0, 172, 0, 0, 0
14676, 1, 1636469404955, 1636469405127, 172, 0, 172, 0, 0, 0
14675, 1, 1636469404955, 1636469405127, 172, 0, 172, 0, 0, 0
14677, 1, 1636469405067, 1636469405239, 172, 0, 172, 0, 0, 0
14678, 1, 1636469405099, 1636469405271, 172, 0, 172, 0, 0, 0
14679, 1, 1636469405251, 1636469405427, 176, 0, 176, 0, 0, 0
14680, 1, 1636469405339, 1636469405511, 172, 0, 172, 0, 0, 0
14681, 1, 1636469405355, 1636469405527, 172, 0, 172, 0, 0, 0
14682, 1, 1636469405407, 1636469405579, 172, 0, 172, 0, 0, 0
14683, 1, 1636469405467, 1636469405639, 172, 0, 172, 0, 0, 0
14684, 1, 1636469405551, 1636469405723, 172, 0, 172, 0, 0, 0
14685, 1, 1636469405607, 1636469405779, 172, 0, 172, 0, 0, 0
14686, 1, 1636469405611, 1636469405787, 176, 0, 176, 0, 0, 0
14687, 1, 1636469405719, 1636469405891, 172, 0, 172, 0, 0, 0
14688, 1, 1636469405751, 1636469405923, 172, 0, 172, 0, 0, 0
14689, 1, 1636469405911, 1636469406083, 172, 0, 172, 0, 0, 0
14692, 1, 1636469405995, 1636469406167, 172, 0, 172, 0, 0, 0
14691, 1, 1636469406011, 1636469406183, 172, 0, 172, 0, 0, 0
14693, 1, 1636469406059, 1636469406231, 172, 0, 172, 0, 0, 0
14694, 1, 1636469406119, 1636469406291, 172, 0, 172, 0, 0, 0
14695, 1, 1636469406203, 1636469406375, 172, 0, 172, 0, 0, 0
14696, 1, 1636469406259, 1636469406431, 172, 0, 172, 0, 0, 0
14697, 1, 1636469406267, 1636469406439, 172, 0, 172, 0, 0, 0
14690, 1, 1636469406342, 1636469406515, 173, 1, 172, 1, 0, 1
14698, 1, 1636469406371, 1636469406543, 172, 0, 172, 0, 0, 0
14699, 1, 1636469406407, 1636469406579, 172, 0, 172, 0, 0, 0
14700, 1, 1636469406567, 1636469406739, 172, 0, 172, 0, 0, 0
14701, 1, 1636469406655, 1636469406827, 172, 0, 172, 0, 0, 0
14703, 1, 1636469406715, 1636469406887, 172, 0, 172, 0, 0, 0
14704, 1, 1636469406771, 1636469406943, 172, 0, 172, 0, 0, 0
14706, 1, 1636469406851, 1636469407023, 172, 0, 172, 0, 0, 0
14707, 1, 1636469406911, 1636469407083, 172, 0, 172, 0, 0, 0
14708, 1, 1636469406919, 1636469407091, 172, 0, 172, 0, 0, 0
14709, 1, 1636469406999, 1636469407171, 172, 0, 172, 0, 0, 0
14702, 1, 1636469406999, 1636469407171, 172, 0, 172, 0, 0, 0
14710, 1, 1636469407023, 1636469407195, 172, 0, 172, 0, 0, 0
14711, 1, 1636469407063, 1636469407235, 172, 0, 172, 0, 0, 0
14705, 1, 1636469407195, 1636469407367, 172, 0, 172, 0, 0, 0
14712, 1, 1636469407227, 1636469407399, 172, 0, 172, 0, 0, 0
14713, 1, 1636469407307, 1636469407479, 172, 0, 172, 0, 0, 0
14714, 1, 1636469407375, 1636469407551, 176, 0, 176, 0, 0, 0
14715, 1, 1636469407423, 1636469407595, 172, 0, 172, 0, 0, 0
14717, 1, 1636469407563, 1636469407739, 176, 0, 176, 0, 0, 0
14718, 1, 1636469407575, 1636469407747, 172, 0, 172, 0, 0, 0
14721, 1, 1636469407615, 1636469407787, 172, 0, 172, 0, 0, 0
14719, 1, 1636469407663, 1636469407835, 172, 0, 172, 0, 0, 0
14720, 1, 1636469407663, 1636469407835, 172, 0, 172, 0, 0, 0
14723, 1, 1636469407715, 1636469407887, 172, 0, 172, 0, 0, 0
14716, 1, 1636469407771, 1636469407943, 172, 0, 172, 0, 0, 0
14724, 1, 1636469407855, 1636469408031, 176, 0, 176, 0, 0, 0
14725, 1, 1636469407879, 1636469408054, 175, 0, 175, 0, 0, 0
14726, 1, 1636469407963, 1636469408135, 172, 0, 172, 0, 0, 0
14722, 1, 1636469407963, 1636469408135, 172, 0, 172, 0, 0, 0
14727, 1, 1636469408034, 1636469408207, 173, 1, 172, 0, 0, 0
14728, 1, 1636469408083, 1636469408255, 172, 0, 172, 0, 0, 0
14729, 1, 1636469408219, 1636469408391, 172, 0, 172, 0, 0, 0
14730, 1, 1636469408227, 1636469408403, 176, 0, 176, 0, 0, 0
14733, 1, 1636469408319, 1636469408495, 176, 0, 176, 0, 0, 0
14732, 1, 1636469408319, 1636469408495, 176, 0, 176, 0, 0, 0
14734, 1, 1636469408371, 1636469408543, 172, 0, 172, 0, 0, 0
14735, 1, 1636469408431, 1636469408603, 172, 0, 172, 0, 0, 0
14736, 1, 1636469408459, 1636469408635, 176, 0, 176, 0, 0, 0
14737, 1, 1636469408511, 1636469408683, 172, 0, 172, 0, 0, 0
14731, 1, 1636469408583, 1636469408759, 176, 0, 176, 0, 0, 0
14739, 1, 1636469408627, 1636469408799, 172, 0, 172, 0, 0, 0
14740, 1, 1636469408627, 1636469408799, 172, 0, 172, 0, 0, 0
14741, 1, 1636469408687, 1636469408859, 172, 0, 172, 0, 0, 0
14742, 1, 1636469408743, 1636469408919, 176, 0, 176, 0, 0, 0
14738, 1, 1636469408807, 1636469408983, 176, 0, 176, 0, 0, 0
14743, 1, 1636469408875, 1636469409047, 172, 0, 172, 0, 0, 0
14744, 1, 1636469408899, 1636469409071, 172, 0, 172, 0, 0, 0
14746, 1, 1636469408987, 1636469409159, 172, 0, 172, 0, 0, 0
14747, 1, 1636469409035, 1636469409207, 172, 0, 172, 0, 0, 0
14748, 1, 1636469409087, 1636469409259, 172, 0, 172, 0, 0, 0
14745, 1, 1636469409155, 1636469409327, 172, 0, 172, 0, 0, 0
14750, 1, 1636469409171, 1636469409343, 172, 0, 172, 0, 0, 0
14751, 1, 1636469409251, 1636469409427, 176, 0, 176, 0, 0, 0
14752, 1, 1636469409283, 1636469409455, 172, 0, 172, 0, 0, 0
14753, 1, 1636469409283, 1636469409459, 176, 0, 176, 0, 0, 0
14749, 1, 1636469409379, 1636469409551, 172, 0, 172, 0, 0, 0
14756, 1, 1636469409467, 1636469409639, 172, 0, 172, 0, 0, 0
14759, 1, 1636469409547, 1636469409719, 172, 0, 172, 0, 0, 0
14760, 1, 1636469409639, 1636469409811, 172, 0, 172, 0, 0, 0
14761, 1, 1636469409691, 1636469409863, 172, 0, 172, 0, 0, 0
14758, 1, 1636469409727, 1636469409903, 176, 0, 176, 0, 0, 0
14762, 1, 1636469409739, 1636469409911, 172, 0, 172, 0, 0, 0
14763, 1, 1636469409811, 1636469409983, 172, 0, 172, 0, 0, 0
14764, 1, 1636469409827, 1636469409999, 172, 0, 172, 0, 0, 0
14765, 1, 1636469409907, 1636469410079, 172, 0, 172, 0, 0, 0
14766, 1, 1636469409939, 1636469410111, 172, 0, 172, 0, 0, 0
14767, 1, 1636469409943, 1636469410115, 172, 0, 172, 0, 0, 0
14768, 1, 1636469410035, 1636469410207, 172, 0, 172, 0, 0, 0
14769, 1, 1636469410131, 1636469410303, 172, 0, 172, 0, 0, 0
14771, 1, 1636469410291, 1636469410463, 172, 0, 172, 0, 0, 0
14772, 1, 1636469410346, 1636469410519, 173, 1, 172, 0, 1, 1
14773, 1, 1636469410391, 1636469410563, 172, 0, 172, 0, 0, 0
14774, 1, 1636469410395, 1636469410567, 172, 0, 172, 0, 0, 0
14775, 1, 1636469410467, 1636469410639, 172, 0, 172, 0, 0, 0
14776, 1, 1636469410487, 1636469410663, 176, 0, 176, 0, 0, 0
14778, 1, 1636469410562, 1636469410739, 177, 1, 176, 0, 0, 0
14779, 1, 1636469410591, 1636469410763, 172, 0, 172, 0, 0, 0
14780, 1, 1636469410599, 1636469410771, 172, 0, 172, 0, 0, 0
14781, 1, 1636469410690, 1636469410863, 173, 1, 172, 0, 0, 0
14782, 1, 1636469410790, 1636469410963, 173, 1, 172, 0, 0, 0
14783, 1, 1636469410947, 1636469411119, 172, 0, 172, 0, 0, 0
14785, 1, 1636469411047, 1636469411219, 172, 0, 172, 0, 0, 0
14786, 1, 1636469411055, 1636469411227, 172, 0, 172, 0, 0, 0
14787, 1, 1636469411123, 1636469411295, 172, 0, 172, 0, 0, 0
14788, 1, 1636469411143, 1636469411319, 176, 0, 176, 0, 0, 0
14789, 1, 1636469411223, 1636469411395, 172, 0, 172, 0, 0, 0
14790, 1, 1636469411251, 1636469411423, 172, 0, 172, 0, 0, 0
14792, 1, 1636469411343, 1636469411515, 172, 0, 172, 0, 0, 0
14793, 1, 1636469411443, 1636469411619, 176, 0, 176, 0, 0, 0
14795, 1, 1636469411607, 1636469411778, 171, 0, 171, 0, 0, 0
14797, 1, 1636469411719, 1636469411891, 172, 0, 172, 0, 0, 0
14798, 1, 1636469411771, 1636469411943, 172, 0, 172, 0, 0, 0
14799, 1, 1636469411775, 1636469411947, 172, 0, 172, 0, 0, 0
14800, 1, 1636469411775, 1636469411947, 172, 0, 172, 0, 0, 0
14801, 1, 1636469411783, 1636469411959, 176, 0, 176, 0, 0, 0
14803, 1, 1636469411879, 1636469412055, 176, 0, 176, 0, 0, 0
14804, 1, 1636469411907, 1636469412079, 172, 0, 172, 0, 0, 0
14805, 1, 1636469411995, 1636469412167, 172, 0, 172, 0, 0, 0
14806, 1, 1636469412103, 1636469412275, 172, 0, 172, 0, 0, 0
14802, 1, 1636469412135, 1636469412311, 176, 0, 176, 0, 0, 0
14807, 1, 1636469412260, 1636469412451, 191, 1, 190, 0, 1, 1
14810, 1, 1636469412429, 1636469412603, 174, 0, 174, 0, 0, 0
14809, 1, 1636469412431, 1636469412603, 172, 0, 172, 0, 0, 0
14811, 1, 1636469412427, 1636469412603, 176, 0, 176, 0, 0, 0
14812, 1, 1636469412446, 1636469412619, 173, 0, 173, 0, 0, 0
14813, 1, 1636469412543, 1636469412715, 172, 0, 172, 0, 0, 0
14814, 1, 1636469412555, 1636469412727, 172, 0, 172, 0, 0, 0
14815, 1, 1636469412562, 1636469412735, 173, 0, 173, 0, 0, 0
14817, 1, 1636469412643, 1636469412815, 172, 0, 172, 0, 0, 0
14818, 1, 1636469412759, 1636469412931, 172, 0, 172, 0, 0, 0
14820, 1, 1636469412795, 1636469412967, 172, 0, 172, 0, 0, 0
14819, 1, 1636469412911, 1636469413083, 172, 0, 172, 0, 0, 0
14823, 1, 1636469413087, 1636469413259, 172, 0, 172, 0, 0, 0
14824, 1, 1636469413087, 1636469413259, 172, 0, 172, 0, 0, 0
14822, 1, 1636469413087, 1636469413259, 172, 0, 172, 0, 0, 0
14825, 1, 1636469413099, 1636469413271, 172, 0, 172, 0, 0, 0
14827, 1, 1636469413211, 1636469413383, 172, 0, 172, 0, 0, 0
14828, 1, 1636469413223, 1636469413394, 171, 0, 171, 0, 0, 0
14829, 1, 1636469413295, 1636469413467, 172, 0, 172, 0, 0, 0
14830, 1, 1636469413351, 1636469413523, 172, 0, 172, 0, 0, 0
14831, 1, 1636469413423, 1636469413595, 172, 0, 172, 0, 0, 0
14832, 1, 1636469413455, 1636469413627, 172, 0, 172, 0, 0, 0
14833, 1, 1636469413567, 1636469413739, 172, 0, 172, 0, 0, 0
14834, 1, 1636469413607, 1636469413779, 172, 0, 172, 0, 0, 0
14836, 1, 1636469413743, 1636469413915, 172, 0, 172, 0, 0, 0
14837, 1, 1636469413743, 1636469413915, 172, 0, 172, 0, 0, 0
14838, 1, 1636469413755, 1636469413927, 172, 0, 172, 0, 0, 0
14839, 1, 1636469413807, 1636469413979, 172, 0, 172, 0, 0, 0
14840, 1, 1636469413867, 1636469414039, 172, 0, 172, 0, 0, 0
14841, 1, 1636469413874, 1636469414051, 177, 1, 176, 0, 0, 0
14835, 1, 1636469413915, 1636469414087, 172, 0, 172, 0, 0, 0
14844, 1, 1636469414003, 1636469414175, 172, 0, 172, 0, 0, 0
14845, 1, 1636469414055, 1636469414231, 176, 0, 176, 0, 0, 0
14846, 1, 1636469414079, 1636469414251, 172, 0, 172, 0, 0, 0
14848, 1, 1636469414227, 1636469414399, 172, 0, 172, 0, 0, 0
14849, 1, 1636469414263, 1636469414439, 176, 0, 176, 0, 0, 0
14850, 1, 1636469414403, 1636469414575, 172, 0, 172, 0, 0, 0
14851, 1, 1636469414403, 1636469414575, 172, 0, 172, 0, 0, 0
14852, 1, 1636469414415, 1636469414587, 172, 0, 172, 0, 0, 0
14853, 1, 1636469414467, 1636469414639, 172, 0, 172, 0, 0, 0
14854, 1, 1636469414527, 1636469414699, 172, 0, 172, 0, 0, 0
14856, 1, 1636469414571, 1636469414747, 176, 0, 176, 0, 0, 0
14857, 1, 1636469414659, 1636469414835, 176, 0, 176, 0, 0, 0
14858, 1, 1636469414715, 1636469414887, 172, 0, 172, 0, 0, 0
14859, 1, 1636469414731, 1636469414903, 172, 0, 172, 0, 0, 0
14860, 1, 1636469414731, 1636469414903, 172, 0, 172, 0, 0, 0
14862, 1, 1636469414891, 1636469415063, 172, 0, 172, 0, 0, 0
14863, 1, 1636469414927, 1636469415099, 172, 0, 172, 0, 0, 0
14864, 1, 1636469414947, 1636469415119, 172, 0, 172, 0, 0, 0
14865, 1, 1636469415059, 1636469415235, 176, 0, 176, 0, 0, 0
14866, 1, 1636469415059, 1636469415235, 176, 0, 176, 0, 0, 0
14867, 1, 1636469415067, 1636469415243, 176, 0, 176, 0, 0, 0
14868, 1, 1636469415119, 1636469415291, 172, 0, 172, 0, 0, 0
14869, 1, 1636469415183, 1636469415355, 172, 0, 172, 0, 0, 0
14870, 1, 1636469415235, 1636469415407, 172, 0, 172, 0, 0, 0
14871, 1, 1636469415283, 1636469415455, 172, 0, 172, 0, 0, 0
14872, 1, 1636469415319, 1636469415491, 172, 0, 172, 0, 0, 0
14873, 1, 1636469415371, 1636469415551, 180, 0, 180, 0, 0, 0
14874, 1, 1636469415391, 1636469415563, 172, 0, 172, 0, 0, 0
14877, 1, 1636469415555, 1636469415727, 172, 0, 172, 0, 0, 0
14876, 1, 1636469415555, 1636469415727, 172, 0, 172, 0, 0, 0
14878, 1, 1636469415587, 1636469415759, 172, 0, 172, 0, 0, 0
14879, 1, 1636469415599, 1636469415771, 172, 0, 172, 0, 0, 0
14881, 1, 1636469415719, 1636469415891, 172, 0, 172, 0, 0, 0
14882, 1, 1636469415727, 1636469415899, 172, 0, 172, 0, 0, 0
14883, 1, 1636469415771, 1636469415943, 172, 0, 172, 0, 0, 0
14884, 1, 1636469415839, 1636469416011, 172, 0, 172, 0, 0, 0
14885, 1, 1636469415887, 1636469416059, 172, 0, 172, 0, 0, 0
14886, 1, 1636469415938, 1636469416111, 173, 1, 172, 0, 0, 0
14880, 1, 1636469415947, 1636469416118, 171, 0, 171, 0, 0, 0
14887, 1, 1636469415975, 1636469416147, 172, 0, 172, 0, 0, 0
14888, 1, 1636469416035, 1636469416207, 172, 0, 172, 0, 0, 0
14889, 1, 1636469416047, 1636469416219, 172, 0, 172, 0, 0, 0
14890, 1, 1636469416211, 1636469416383, 172, 0, 172, 0, 0, 0
14891, 1, 1636469416215, 1636469416387, 172, 0, 172, 0, 0, 0
14892, 1, 1636469416223, 1636469416395, 172, 0, 172, 0, 0, 0
14893, 1, 1636469416247, 1636469416423, 176, 0, 176, 0, 0, 0
14894, 1, 1636469416259, 1636469416431, 172, 0, 172, 0, 0, 0
14895, 1, 1636469416299, 1636469416471, 172, 0, 172, 0, 0, 0
14896, 1, 1636469416375, 1636469416547, 172, 0, 172, 0, 0, 0
14898, 1, 1636469416418, 1636469416591, 173, 1, 172, 0, 0, 0
14899, 1, 1636469416459, 1636469416635, 176, 0, 176, 0, 0, 0
14900, 1, 1636469416487, 1636469416659, 172, 0, 172, 0, 0, 0
14901, 1, 1636469416543, 1636469416715, 172, 0, 172, 0, 0, 0
14902, 1, 1636469416595, 1636469416767, 172, 0, 172, 0, 0, 0
14903, 1, 1636469416599, 1636469416771, 172, 0, 172, 0, 0, 0
14904, 1, 1636469416627, 1636469416799, 172, 0, 172, 0, 0, 0
14905, 1, 1636469416687, 1636469416859, 172, 0, 172, 0, 0, 0
14906, 1, 1636469416699, 1636469416875, 176, 0, 176, 0, 0, 0
14907, 1, 1636469416863, 1636469417039, 176, 0, 176, 0, 0, 0
14909, 1, 1636469416875, 1636469417047, 172, 0, 172, 0, 0, 0
14908, 1, 1636469416875, 1636469417047, 172, 0, 172, 0, 0, 0
14910, 1, 1636469416886, 1636469417059, 173, 1, 172, 0, 0, 0
14911, 1, 1636469416902, 1636469417075, 173, 1, 172, 0, 0, 0
14912, 1, 1636469416911, 1636469417087, 176, 0, 176, 0, 0, 0
14913, 1, 1636469416951, 1636469417123, 172, 0, 172, 0, 0, 0
14914, 1, 1636469417027, 1636469417199, 172, 0, 172, 0, 0, 0
14915, 1, 1636469417047, 1636469417219, 172, 0, 172, 0, 0, 0
14916, 1, 1636469417067, 1636469417243, 176, 0, 176, 0, 0, 0
14917, 1, 1636469417115, 1636469417287, 172, 0, 172, 0, 0, 0
14918, 1, 1636469417139, 1636469417311, 172, 0, 172, 0, 0, 0
14919, 1, 1636469417195, 1636469417367, 172, 0, 172, 0, 0, 0
14920, 1, 1636469417247, 1636469417419, 172, 0, 172, 0, 0, 0
14921, 1, 1636469417255, 1636469417431, 176, 0, 176, 0, 0, 0
14922, 1, 1636469417283, 1636469417455, 172, 0, 172, 0, 0, 0
14923, 1, 1636469417335, 1636469417507, 172, 0, 172, 0, 0, 0
14924, 1, 1636469417359, 1636469417531, 172, 0, 172, 0, 0, 0
14897, 1, 1636469417479, 1636469417651, 172, 0, 172, 0, 0, 0
14927, 1, 1636469417531, 1636469417703, 172, 0, 172, 0, 0, 0
14926, 1, 1636469417531, 1636469417703, 172, 0, 172, 0, 0, 0
14928, 1, 1636469417543, 1636469417715, 172, 0, 172, 0, 0, 0
14929, 1, 1636469417558, 1636469417731, 173, 1, 172, 0, 0, 0
14930, 1, 1636469417571, 1636469417743, 172, 0, 172, 0, 0, 0
14931, 1, 1636469417603, 1636469417775, 172, 0, 172, 0, 0, 0
14933, 1, 1636469417699, 1636469417871, 172, 0, 172, 0, 0, 0
14934, 1, 1636469417723, 1636469417895, 172, 0, 172, 0, 0, 0
14935, 1, 1636469417747, 1636469417919, 172, 0, 172, 0, 0, 0
14936, 1, 1636469417767, 1636469417939, 172, 0, 172, 0, 0, 0
14937, 1, 1636469417795, 1636469417967, 172, 0, 172, 0, 0, 0
14938, 1, 1636469417851, 1636469418023, 172, 0, 172, 0, 0, 0
14939, 1, 1636469417899, 1636469418071, 172, 0, 172, 0, 0, 0
14941, 1, 1636469417943, 1636469418115, 172, 0, 172, 0, 0, 0
14943, 1, 1636469418011, 1636469418183, 172, 0, 172, 0, 0, 0
14942, 1, 1636469418047, 1636469418219, 172, 0, 172, 0, 0, 0
14940, 1, 1636469418111, 1636469418283, 172, 0, 172, 0, 0, 0
14944, 1, 1636469418131, 1636469418303, 172, 0, 172, 0, 0, 0
14946, 1, 1636469418183, 1636469418355, 172, 0, 172, 0, 0, 0
14945, 1, 1636469418187, 1636469418359, 172, 0, 172, 0, 0, 0
14948, 1, 1636469418215, 1636469418387, 172, 0, 172, 0, 0, 0
14949, 1, 1636469418223, 1636469418398, 175, 0, 175, 0, 0, 0
14950, 1, 1636469418251, 1636469418423, 172, 0, 172, 0, 0, 0
14951, 1, 1636469418359, 1636469418531, 172, 0, 172, 0, 0, 0
14953, 1, 1636469418407, 1636469418579, 172, 0, 172, 0, 0, 0
14954, 1, 1636469418419, 1636469418591, 172, 0, 172, 0, 0, 0
14947, 1, 1636469418459, 1636469418631, 172, 0, 172, 0, 0, 0
14956, 1, 1636469418507, 1636469418683, 176, 0, 176, 0, 0, 0
14957, 1, 1636469418555, 1636469418731, 176, 0, 176, 0, 0, 0
14958, 1, 1636469418603, 1636469418779, 176, 0, 176, 0, 0, 0
14959, 1, 1636469418663, 1636469418839, 176, 0, 176, 0, 0, 0
14960, 1, 1636469418703, 1636469418875, 172, 0, 172, 0, 0, 0
14961, 1, 1636469418767, 1636469418939, 172, 0, 172, 0, 0, 0
14962, 1, 1636469418791, 1636469418963, 172, 0, 172, 0, 0, 0
14955, 1, 1636469418811, 1636469418987, 176, 0, 176, 0, 0, 0
14963, 1, 1636469418835, 1636469419011, 176, 0, 176, 0, 0, 0
14964, 1, 1636469418839, 1636469419015, 176, 0, 176, 0, 0, 0
14965, 1, 1636469418875, 1636469419047, 172, 0, 172, 0, 0, 0
14966, 1, 1636469418887, 1636469419059, 172, 0, 172, 0, 0, 0
14967, 1, 1636469418899, 1636469419071, 172, 0, 172, 0, 0, 0
14968, 1, 1636469419023, 1636469419195, 172, 0, 172, 0, 0, 0
14970, 1, 1636469419075, 1636469419247, 172, 0, 172, 0, 0, 0
14971, 1, 1636469419115, 1636469419287, 172, 0, 172, 0, 0, 0
14972, 1, 1636469419163, 1636469419339, 176, 0, 176, 0, 0, 0
14969, 1, 1636469419163, 1636469419339, 176, 0, 176, 0, 0, 0
14973, 1, 1636469419219, 1636469419391, 172, 0, 172, 0, 0, 0
14975, 1, 1636469419319, 1636469419491, 172, 0, 172, 0, 0, 0
14976, 1, 1636469419350, 1636469419523, 173, 1, 172, 0, 0, 0
14977, 1, 1636469419419, 1636469419591, 172, 0, 172, 0, 0, 0
14978, 1, 1636469419447, 1636469419619, 172, 0, 172, 0, 0, 0
14979, 1, 1636469419471, 1636469419647, 176, 0, 176, 0, 0, 0
14980, 1, 1636469419491, 1636469419663, 172, 0, 172, 0, 0, 0
14981, 1, 1636469419495, 1636469419667, 172, 0, 172, 0, 0, 0
14974, 1, 1636469419519, 1636469419691, 172, 0, 172, 0, 0, 0
14984, 1, 1636469419551, 1636469419727, 176, 0, 176, 0, 0, 0
14985, 1, 1636469419683, 1636469419855, 172, 0, 172, 0, 0, 0
14986, 1, 1636469419731, 1636469419903, 172, 0, 172, 0, 0, 0
14987, 1, 1636469419775, 1636469419947, 172, 0, 172, 0, 0, 0
14988, 1, 1636469419823, 1636469419995, 172, 0, 172, 0, 0, 0
14989, 1, 1636469419823, 1636469419995, 172, 0, 172, 0, 0, 0
14990, 1, 1636469419871, 1636469420043, 172, 0, 172, 0, 0, 0
14991, 1, 1636469419979, 1636469420151, 172, 0, 172, 0, 0, 0
14992, 1, 1636469420003, 1636469420179, 176, 0, 176, 0, 0, 0
14993, 1, 1636469420075, 1636469420251, 176, 0, 176, 0, 0, 0
14995, 1, 1636469420095, 1636469420271, 176, 0, 176, 0, 0, 0
14996, 1, 1636469420099, 1636469420271, 172, 0, 172, 0, 0, 0
14994, 1, 1636469420095, 1636469420271, 176, 0, 176, 0, 0, 0
14997, 1, 1636469420123, 1636469420299, 176, 0, 176, 0, 0, 0
14998, 1, 1636469420143, 1636469420315, 172, 0, 172, 0, 0, 0
14999, 1, 1636469420155, 1636469420327, 172, 0, 172, 0, 0, 0
15000, 1, 1636469420179, 1636469420351, 172, 0, 172, 0, 0, 0
15001, 1, 1636469420207, 1636469420379, 172, 0, 172, 0, 0, 0
15002, 1, 1636469420335, 1636469420507, 172, 0, 172, 0, 0, 0
15003, 1, 1636469420391, 1636469420563, 172, 0, 172, 0, 0, 0
15004, 1, 1636469420435, 1636469420607, 172, 0, 172, 0, 0, 0
15006, 1, 1636469420482, 1636469420655, 173, 1, 172, 0, 0, 0
15005, 1, 1636469420483, 1636469420655, 172, 0, 172, 0, 0, 0
15007, 1, 1636469420527, 1636469420703, 176, 0, 176, 0, 0, 0
15009, 1, 1636469420655, 1636469420827, 172, 0, 172, 0, 0, 0
15010, 1, 1636469420727, 1636469420899, 172, 0, 172, 0, 0, 0
15011, 1, 1636469420735, 1636469420907, 172, 0, 172, 0, 0, 0
15012, 1, 1636469420755, 1636469420927, 172, 0, 172, 0, 0, 0
15014, 1, 1636469420755, 1636469420927, 172, 0, 172, 0, 0, 0
15013, 1, 1636469420755, 1636469420927, 172, 1, 171, 0, 0, 0
15015, 1, 1636469420787, 1636469420959, 172, 0, 172, 0, 0, 0
15017, 1, 1636469420811, 1636469420983, 172, 0, 172, 0, 0, 0
15018, 1, 1636469420835, 1636469421015, 180, 0, 180, 0, 0, 0
15019, 1, 1636469420859, 1636469421035, 176, 0, 176, 0, 0, 0
15020, 1, 1636469420987, 1636469421159, 172, 0, 172, 0, 0, 0
15021, 1, 1636469421047, 1636469421219, 172, 0, 172, 0, 0, 0
15022, 1, 1636469421095, 1636469421267, 172, 0, 172, 0, 0, 0
15023, 1, 1636469421139, 1636469421315, 176, 0, 176, 0, 0, 0
15025, 1, 1636469421183, 1636469421355, 172, 0, 172, 0, 0, 0
15024, 1, 1636469421191, 1636469421367, 176, 0, 176, 0, 0, 0
15027, 1, 1636469421379, 1636469421551, 172, 0, 172, 0, 0, 0
15028, 1, 1636469421395, 1636469421567, 172, 0, 172, 0, 0, 0
15031, 1, 1636469421411, 1636469421583, 172, 0, 172, 0, 0, 0
15029, 1, 1636469421411, 1636469421583, 172, 0, 172, 0, 0, 0
15032, 1, 1636469421439, 1636469421615, 176, 0, 176, 0, 0, 0
15034, 1, 1636469421499, 1636469421675, 176, 0, 176, 0, 0, 0
15035, 1, 1636469421519, 1636469421691, 172, 0, 172, 0, 0, 0
15030, 1, 1636469421527, 1636469421699, 172, 0, 172, 0, 0, 0
15026, 1, 1636469421543, 1636469421719, 176, 0, 176, 0, 0, 0
15037, 1, 1636469421703, 1636469421875, 172, 0, 172, 0, 0, 0
15038, 1, 1636469421755, 1636469421927, 172, 0, 172, 0, 0, 0
15039, 1, 1636469421799, 1636469421971, 172, 0, 172, 0, 0, 0
15040, 1, 1636469421839, 1636469422011, 172, 0, 172, 0, 0, 0
15041, 1, 1636469421855, 1636469422027, 172, 0, 172, 0, 0, 0
15042, 1, 1636469421879, 1636469422051, 172, 0, 172, 0, 0, 0
15043, 1, 1636469421891, 1636469422063, 172, 0, 172, 0, 0, 0
15044, 1, 1636469422031, 1636469422203, 172, 0, 172, 0, 0, 0
15045, 1, 1636469422051, 1636469422223, 172, 0, 172, 0, 0, 0
15046, 1, 1636469422066, 1636469422239, 173, 1, 172, 1, 0, 1
15047, 1, 1636469422071, 1636469422243, 172, 0, 172, 0, 0, 0
15048, 1, 1636469422099, 1636469422271, 172, 0, 172, 0, 0, 0
15049, 1, 1636469422155, 1636469422327, 172, 0, 172, 0, 0, 0
15051, 1, 1636469422183, 1636469422355, 172, 0, 172, 0, 0, 0
15052, 1, 1636469422199, 1636469422371, 172, 0, 172, 0, 0, 0
15053, 1, 1636469422359, 1636469422531, 172, 0, 172, 0, 0, 0
15054, 1, 1636469422407, 1636469422579, 172, 0, 172, 0, 0, 0
15055, 1, 1636469422451, 1636469422623, 172, 0, 172, 0, 0, 0
15056, 1, 1636469422490, 1636469422663, 173, 1, 172, 0, 0, 0
15057, 1, 1636469422506, 1636469422679, 173, 1, 172, 0, 0, 0
15058, 1, 1636469422535, 1636469422711, 176, 0, 176, 0, 0, 0
15059, 1, 1636469422547, 1636469422723, 176, 0, 176, 0, 0, 0
15060, 1, 1636469422679, 1636469422851, 172, 0, 172, 0, 0, 0
15061, 1, 1636469422711, 1636469422883, 172, 0, 172, 0, 0, 0
15062, 1, 1636469422727, 1636469422899, 172, 0, 172, 0, 0, 0
15063, 1, 1636469422731, 1636469422903, 172, 0, 172, 0, 0, 0
15064, 1, 1636469422751, 1636469422923, 172, 0, 172, 0, 0, 0
15065, 1, 1636469422807, 1636469422979, 172, 0, 172, 0, 0, 0
15066, 1, 1636469422834, 1636469423007, 173, 1, 172, 0, 0, 0
15067, 1, 1636469422851, 1636469423027, 176, 0, 176, 0, 0, 0
15068, 1, 1636469422983, 1636469423155, 172, 0, 172, 0, 0, 0
15069, 1, 1636469423015, 1636469423187, 172, 0, 172, 0, 0, 0
15070, 1, 1636469423063, 1636469423239, 176, 0, 176, 0, 0, 0
15071, 1, 1636469423103, 1636469423274, 171, 0, 171, 0, 0, 0
15073, 1, 1636469423143, 1636469423315, 172, 0, 172, 0, 0, 0
15072, 1, 1636469423143, 1636469423315, 172, 0, 172, 0, 0, 0
15074, 1, 1636469423159, 1636469423331, 172, 0, 172, 0, 0, 0
15076, 1, 1636469423203, 1636469423375, 172, 0, 172, 0, 0, 0
15077, 1, 1636469423331, 1636469423503, 172, 0, 172, 0, 0, 0
15078, 1, 1636469423367, 1636469423539, 172, 0, 172, 0, 0, 0
15079, 1, 1636469423379, 1636469423555, 176, 0, 176, 0, 0, 0
15080, 1, 1636469423391, 1636469423563, 172, 0, 172, 0, 0, 0
15081, 1, 1636469423407, 1636469423579, 172, 0, 172, 0, 0, 0
15075, 1, 1636469423415, 1636469423587, 172, 0, 172, 0, 0, 0
15082, 1, 1636469423463, 1636469423635, 172, 0, 172, 0, 0, 0
15083, 1, 1636469423491, 1636469423663, 172, 0, 172, 0, 0, 0
15084, 1, 1636469423507, 1636469423683, 176, 0, 176, 0, 0, 0
15085, 1, 1636469423639, 1636469423815, 176, 0, 176, 0, 0, 0
15087, 1, 1636469423719, 1636469423891, 172, 0, 172, 0, 0, 0
15086, 1, 1636469423715, 1636469423891, 176, 0, 176, 0, 0, 0
15050, 1, 1636469423731, 1636469423911, 180, 0, 180, 0, 0, 0
15088, 1, 1636469423759, 1636469423935, 176, 0, 176, 0, 0, 0
15089, 1, 1636469423795, 1636469423971, 176, 0, 176, 0, 0, 0
15090, 1, 1636469423803, 1636469423983, 180, 0, 180, 0, 0, 0
15092, 1, 1636469423819, 1636469423995, 176, 0, 176, 0, 0, 0
15091, 1, 1636469423819, 1636469423995, 176, 0, 176, 0, 0, 0
15093, 1, 1636469423859, 1636469424031, 172, 0, 172, 0, 0, 0
15094, 1, 1636469423987, 1636469424159, 172, 0, 172, 0, 0, 0
15095, 1, 1636469423999, 1636469424171, 172, 0, 172, 0, 0, 0
15096, 1, 1636469424027, 1636469424199, 172, 0, 172, 0, 0, 0
15097, 1, 1636469424043, 1636469424215, 172, 0, 172, 0, 0, 0
15099, 1, 1636469424067, 1636469424239, 172, 0, 172, 0, 0, 0
15100, 1, 1636469424075, 1636469424247, 172, 0, 172, 0, 0, 0
15098, 1, 1636469424083, 1636469424255, 172, 0, 172, 0, 0, 0
15101, 1, 1636469424123, 1636469424295, 172, 0, 172, 0, 0, 0
15102, 1, 1636469424151, 1636469424323, 172, 0, 172, 0, 0, 0
15103, 1, 1636469424171, 1636469424343, 172, 0, 172, 0, 0, 0
15104, 1, 1636469424295, 1636469424467, 172, 0, 172, 0, 0, 0
15106, 1, 1636469424375, 1636469424547, 172, 0, 172, 0, 0, 0
15107, 1, 1636469424387, 1636469424559, 172, 0, 172, 0, 0, 0
15105, 1, 1636469424415, 1636469424587, 172, 0, 172, 0, 0, 0
15108, 1, 1636469424419, 1636469424595, 176, 0, 176, 0, 0, 0
15109, 1, 1636469424451, 1636469424623, 172, 0, 172, 0, 0, 0
15110, 1, 1636469424467, 1636469424643, 176, 0, 176, 0, 0, 0
15111, 1, 1636469424479, 1636469424651, 172, 0, 172, 0, 0, 0
15112, 1, 1636469424479, 1636469424651, 172, 0, 172, 0, 0, 0
15113, 1, 1636469424507, 1636469424679, 172, 0, 172, 0, 0, 0
15114, 1, 1636469424639, 1636469424811, 172, 0, 172, 0, 0, 0
15115, 1, 1636469424659, 1636469424831, 172, 0, 172, 0, 0, 0
15116, 1, 1636469424683, 1636469424855, 172, 0, 172, 0, 0, 0
15117, 1, 1636469424703, 1636469424875, 172, 0, 172, 0, 0, 0
15118, 1, 1636469424722, 1636469424895, 173, 1, 172, 0, 0, 0
15119, 1, 1636469424727, 1636469424899, 172, 0, 172, 0, 0, 0
15120, 1, 1636469424739, 1636469424911, 172, 0, 172, 0, 0, 0
15121, 1, 1636469424783, 1636469424955, 172, 0, 172, 0, 0, 0
15122, 1, 1636469424806, 1636469424979, 173, 1, 172, 0, 0, 0
15123, 1, 1636469424823, 1636469424995, 172, 0, 172, 0, 0, 0
15124, 1, 1636469424947, 1636469425119, 172, 0, 172, 0, 0, 0
15125, 1, 1636469425031, 1636469425203, 172, 0, 172, 0, 0, 0
15126, 1, 1636469425035, 1636469425207, 172, 0, 172, 0, 0, 0
15127, 1, 1636469425079, 1636469425251, 172, 0, 172, 0, 0, 0
15129, 1, 1636469425103, 1636469425275, 172, 0, 172, 0, 0, 0
15130, 1, 1636469425123, 1636469425295, 172, 0, 172, 0, 0, 0
15128, 1, 1636469425127, 1636469425303, 176, 0, 176, 0, 0, 0
15131, 1, 1636469425131, 1636469425307, 176, 0, 176, 0, 0, 0
15132, 1, 1636469425135, 1636469425307, 172, 0, 172, 0, 0, 0
15133, 1, 1636469425155, 1636469425331, 176, 0, 176, 0, 0, 0
15134, 1, 1636469425295, 1636469425467, 172, 0, 172, 0, 0, 0
15135, 1, 1636469425311, 1636469425483, 172, 0, 172, 0, 0, 0
15136, 1, 1636469425335, 1636469425507, 172, 0, 172, 0, 0, 0
15137, 1, 1636469425355, 1636469425527, 172, 0, 172, 0, 0, 0
15138, 1, 1636469425371, 1636469425543, 172, 0, 172, 0, 0, 0
15139, 1, 1636469425379, 1636469425551, 172, 0, 172, 0, 0, 0
15140, 1, 1636469425391, 1636469425563, 172, 0, 172, 0, 0, 0
15141, 1, 1636469425435, 1636469425607, 172, 0, 172, 0, 0, 0
15142, 1, 1636469425463, 1636469425635, 172, 0, 172, 0, 0, 0
15143, 1, 1636469425483, 1636469425659, 176, 0, 176, 0, 0, 0
15144, 1, 1636469425603, 1636469425779, 176, 0, 176, 0, 0, 0
15146, 1, 1636469425687, 1636469425859, 172, 0, 172, 0, 0, 0
15145, 1, 1636469425687, 1636469425859, 172, 0, 172, 0, 0, 0
15147, 1, 1636469425739, 1636469425915, 176, 0, 176, 0, 0, 0
15148, 1, 1636469425759, 1636469425935, 176, 0, 176, 0, 0, 0
15149, 1, 1636469425771, 1636469425943, 172, 0, 172, 0, 0, 0
15151, 1, 1636469425799, 1636469425971, 172, 0, 172, 0, 0, 0
15150, 1, 1636469425799, 1636469425971, 172, 0, 172, 0, 0, 0
15152, 1, 1636469425795, 1636469425971, 176, 0, 176, 0, 0, 0
15153, 1, 1636469425819, 1636469425991, 172, 0, 172, 0, 0, 0
15154, 1, 1636469425947, 1636469426119, 172, 0, 172, 0, 0, 0
15155, 1, 1636469425967, 1636469426143, 176, 0, 176, 0, 0, 0
15156, 1, 1636469425995, 1636469426167, 172, 0, 172, 0, 0, 0
15157, 1, 1636469426015, 1636469426187, 172, 0, 172, 0, 0, 0
15159, 1, 1636469426035, 1636469426207, 172, 0, 172, 0, 0, 0
15158, 1, 1636469426035, 1636469426207, 172, 0, 172, 0, 0, 0
15160, 1, 1636469426047, 1636469426219, 172, 0, 172, 0, 0, 0
15161, 1, 1636469426099, 1636469426271, 172, 0, 172, 0, 0, 0
15163, 1, 1636469426135, 1636469426307, 172, 0, 172, 0, 0, 0
15164, 1, 1636469426271, 1636469426443, 172, 0, 172, 0, 0, 0
15165, 1, 1636469426339, 1636469426511, 172, 0, 172, 0, 0, 0
15166, 1, 1636469426339, 1636469426511, 172, 0, 172, 0, 0, 0
15162, 1, 1636469426391, 1636469426563, 172, 0, 172, 0, 0, 0
15167, 1, 1636469426403, 1636469426579, 176, 0, 176, 0, 0, 0
15168, 1, 1636469426415, 1636469426591, 176, 0, 176, 0, 0, 0
15169, 1, 1636469426427, 1636469426599, 172, 0, 172, 0, 0, 0
15170, 1, 1636469426455, 1636469426627, 172, 0, 172, 0, 0, 0
15171, 1, 1636469426455, 1636469426627, 172, 0, 172, 0, 0, 0
15172, 1, 1636469426455, 1636469426627, 172, 0, 172, 0, 0, 0
15173, 1, 1636469426471, 1636469426643, 172, 0, 172, 0, 0, 0
15174, 1, 1636469426607, 1636469426779, 172, 0, 172, 0, 0, 0
15175, 1, 1636469426627, 1636469426803, 176, 0, 176, 0, 0, 0
15176, 1, 1636469426651, 1636469426823, 172, 0, 172, 0, 0, 0
15177, 1, 1636469426679, 1636469426855, 176, 0, 176, 0, 0, 0
15178, 1, 1636469426695, 1636469426867, 172, 0, 172, 0, 0, 0
15179, 1, 1636469426695, 1636469426867, 172, 0, 172, 0, 0, 0
15180, 1, 1636469426699, 1636469426871, 172, 0, 172, 0, 0, 0
15182, 1, 1636469426783, 1636469426955, 172, 0, 172, 0, 0, 0
15183, 1, 1636469426927, 1636469427099, 172, 0, 172, 0, 0, 0
15185, 1, 1636469426991, 1636469427167, 176, 0, 176, 0, 0, 0
15184, 1, 1636469426991, 1636469427167, 176, 0, 176, 0, 0, 0
15181, 1, 1636469427039, 1636469427215, 176, 0, 176, 0, 0, 0
15186, 1, 1636469427047, 1636469427223, 176, 0, 176, 0, 0, 0
15187, 1, 1636469427074, 1636469427247, 173, 1, 172, 0, 0, 0
15188, 1, 1636469427071, 1636469427251, 180, 0, 180, 0, 0, 0
15189, 1, 1636469427082, 1636469427259, 177, 1, 176, 0, 0, 0
15192, 1, 1636469427111, 1636469427283, 172, 0, 172, 0, 0, 0
15191, 1, 1636469427111, 1636469427283, 172, 0, 172, 0, 0, 0
15190, 1, 1636469427111, 1636469427283, 172, 0, 172, 0, 0, 0
15193, 1, 1636469427123, 1636469427295, 172, 0, 172, 0, 0, 0
15194, 1, 1636469427267, 1636469427443, 176, 0, 176, 0, 0, 0
15195, 1, 1636469427287, 1636469427459, 172, 0, 172, 0, 0, 0
15196, 1, 1636469427307, 1636469427487, 180, 0, 180, 0, 0, 0
15197, 1, 1636469427343, 1636469427519, 176, 0, 176, 0, 0, 0
15198, 1, 1636469427355, 1636469427527, 172, 0, 172, 0, 0, 0
15199, 1, 1636469427355, 1636469427527, 172, 0, 172, 0, 0, 0
15200, 1, 1636469427362, 1636469427539, 177, 1, 176, 0, 0, 0
15201, 1, 1636469427435, 1636469427607, 172, 0, 172, 0, 0, 0
15204, 1, 1636469427647, 1636469427819, 172, 0, 172, 0, 0, 0
15203, 1, 1636469427651, 1636469427827, 176, 0, 176, 0, 0, 0
15205, 1, 1636469427699, 1636469427871, 172, 0, 172, 0, 0, 0
15208, 1, 1636469427731, 1636469427903, 172, 0, 172, 0, 0, 0
15207, 1, 1636469427731, 1636469427903, 172, 0, 172, 0, 0, 0
15209, 1, 1636469427743, 1636469427915, 172, 0, 172, 0, 0, 0
15210, 1, 1636469427767, 1636469427939, 172, 0, 172, 0, 0, 0
15212, 1, 1636469427767, 1636469427939, 172, 0, 172, 0, 0, 0
15211, 1, 1636469427771, 1636469427943, 172, 0, 172, 0, 0, 0
15213, 1, 1636469427779, 1636469427951, 172, 0, 172, 0, 0, 0
15202, 1, 1636469427779, 1636469427951, 172, 0, 172, 0, 0, 0
15214, 1, 1636469427923, 1636469428095, 172, 0, 172, 0, 0, 0
15215, 1, 1636469427947, 1636469428119, 172, 0, 172, 0, 0, 0
15216, 1, 1636469427971, 1636469428147, 176, 0, 176, 0, 0, 0
15206, 1, 1636469428003, 1636469428175, 172, 0, 172, 0, 0, 0
15217, 1, 1636469428003, 1636469428175, 172, 0, 172, 0, 0, 0
15219, 1, 1636469428019, 1636469428191, 172, 0, 172, 0, 0, 0
15220, 1, 1636469428023, 1636469428195, 172, 0, 172, 0, 0, 0
15221, 1, 1636469428083, 1636469428255, 172, 0, 172, 0, 0, 0
15222, 1, 1636469428295, 1636469428467, 172, 0, 172, 0, 0, 0
15223, 1, 1636469428311, 1636469428487, 176, 0, 176, 0, 0, 0
15218, 1, 1636469428346, 1636469428519, 173, 1, 172, 0, 0, 0
15224, 1, 1636469428359, 1636469428531, 172, 0, 172, 0, 0, 0
15225, 1, 1636469428387, 1636469428563, 176, 0, 176, 0, 0, 0
15226, 1, 1636469428387, 1636469428563, 176, 0, 176, 0, 0, 0
15227, 1, 1636469428402, 1636469428579, 177, 0, 177, 0, 0, 0
15229, 1, 1636469428423, 1636469428599, 176, 0, 176, 0, 0, 0
15230, 1, 1636469428423, 1636469428599, 176, 0, 176, 0, 0, 0
15232, 1, 1636469428435, 1636469428611, 176, 0, 176, 0, 0, 0
15231, 1, 1636469428439, 1636469428615, 176, 0, 176, 0, 0, 0
15234, 1, 1636469428603, 1636469428775, 172, 0, 172, 0, 0, 0
15235, 1, 1636469428631, 1636469428803, 172, 0, 172, 0, 0, 0
15237, 1, 1636469428655, 1636469428827, 172, 0, 172, 0, 0, 0
15236, 1, 1636469428663, 1636469428835, 172, 0, 172, 0, 0, 0
15238, 1, 1636469428679, 1636469428851, 172, 0, 172, 0, 0, 0
15239, 1, 1636469428679, 1636469428851, 172, 0, 172, 0, 0, 0
15233, 1, 1636469428699, 1636469428871, 172, 0, 172, 0, 0, 0
15240, 1, 1636469428735, 1636469428907, 172, 0, 172, 0, 0, 0
15228, 1, 1636469428755, 1636469428927, 172, 0, 172, 0, 0, 0
15242, 1, 1636469428971, 1636469429143, 172, 0, 172, 0, 0, 0
15243, 1, 1636469429007, 1636469429179, 172, 0, 172, 0, 0, 0
15244, 1, 1636469429015, 1636469429187, 172, 0, 172, 0, 0, 0
15245, 1, 1636469429039, 1636469429211, 172, 0, 172, 0, 0, 0
15246, 1, 1636469429043, 1636469429215, 172, 0, 172, 0, 0, 0
15247, 1, 1636469429063, 1636469429239, 176, 0, 176, 0, 0, 0
15248, 1, 1636469429079, 1636469429251, 172, 0, 172, 0, 0, 0
15249, 1, 1636469429083, 1636469429259, 176, 0, 176, 0, 0, 0
15250, 1, 1636469429095, 1636469429267, 172, 0, 172, 0, 0, 0
15241, 1, 1636469429099, 1636469429271, 172, 0, 172, 0, 0, 0
15251, 1, 1636469429103, 1636469429283, 180, 0, 180, 0, 0, 0
15252, 1, 1636469429259, 1636469429431, 172, 0, 172, 0, 0, 0
15253, 1, 1636469429283, 1636469429455, 172, 0, 172, 0, 0, 0
15254, 1, 1636469429307, 1636469429479, 172, 0, 172, 0, 0, 0
15255, 1, 1636469429319, 1636469429491, 172, 0, 172, 0, 0, 0
15256, 1, 1636469429339, 1636469429511, 172, 0, 172, 0, 0, 0
15258, 1, 1636469429347, 1636469429523, 176, 0, 176, 0, 0, 0
15259, 1, 1636469429387, 1636469429559, 172, 0, 172, 0, 0, 0
15260, 1, 1636469429407, 1636469429579, 172, 0, 172, 0, 0, 0
15257, 1, 1636469429447, 1636469429619, 172, 0, 172, 0, 0, 0
15262, 1, 1636469429659, 1636469429831, 172, 0, 172, 0, 0, 0
15263, 1, 1636469429671, 1636469429847, 176, 0, 176, 0, 0, 0
15264, 1, 1636469429687, 1636469429859, 172, 0, 172, 0, 0, 0
15265, 1, 1636469429695, 1636469429867, 172, 0, 172, 0, 0, 0
15266, 1, 1636469429723, 1636469429899, 176, 0, 176, 0, 0, 0
15268, 1, 1636469429739, 1636469429911, 172, 0, 172, 0, 0, 0
15269, 1, 1636469429747, 1636469429919, 172, 0, 172, 0, 0, 0
15270, 1, 1636469429755, 1636469429927, 172, 0, 172, 0, 0, 0
15271, 1, 1636469429763, 1636469429935, 172, 0, 172, 0, 0, 0
15261, 1, 1636469429799, 1636469429971, 172, 0, 172, 0, 0, 0
15272, 1, 1636469429919, 1636469430091, 172, 0, 172, 0, 0, 0
15273, 1, 1636469429939, 1636469430111, 172, 0, 172, 0, 0, 0
15274, 1, 1636469429963, 1636469430135, 172, 0, 172, 0, 0, 0
15275, 1, 1636469429975, 1636469430146, 171, 0, 171, 0, 0, 0
15276, 1, 1636469429995, 1636469430167, 172, 0, 172, 0, 0, 0
15277, 1, 1636469429999, 1636469430175, 176, 0, 176, 0, 0, 0
15267, 1, 1636469430035, 1636469430207, 172, 0, 172, 0, 0, 0
15278, 1, 1636469430039, 1636469430211, 172, 0, 172, 0, 0, 0
15279, 1, 1636469430107, 1636469430279, 172, 0, 172, 0, 0, 0
15280, 1, 1636469430107, 1636469430279, 172, 0, 172, 0, 0, 0
15281, 1, 1636469430315, 1636469430491, 176, 0, 176, 0, 0, 0
15282, 1, 1636469430327, 1636469430499, 172, 0, 172, 0, 0, 0
15284, 1, 1636469430347, 1636469430523, 176, 0, 176, 0, 0, 0
15283, 1, 1636469430343, 1636469430523, 180, 0, 180, 0, 0, 0
15285, 1, 1636469430387, 1636469430559, 172, 0, 172, 0, 0, 0
15286, 1, 1636469430391, 1636469430563, 172, 0, 172, 0, 0, 0
15287, 1, 1636469430407, 1636469430587, 180, 0, 180, 0, 0, 0
15289, 1, 1636469430415, 1636469430587, 172, 0, 172, 0, 0, 0
15288, 1, 1636469430455, 1636469430631, 176, 0, 176, 0, 0, 0
15290, 1, 1636469430455, 1636469430631, 176, 0, 176, 0, 0, 0
15291, 1, 1636469430579, 1636469430751, 172, 0, 172, 0, 0, 0
15292, 1, 1636469430599, 1636469430771, 172, 0, 172, 0, 0, 0
15293, 1, 1636469430618, 1636469430791, 173, 1, 172, 0, 0, 0
15294, 1, 1636469430626, 1636469430799, 173, 1, 172, 0, 0, 0
15296, 1, 1636469430647, 1636469430819, 172, 0, 172, 0, 0, 0
15295, 1, 1636469430650, 1636469430823, 173, 1, 172, 1, 0, 1
15297, 1, 1636469430691, 1636469430863, 172, 0, 172, 0, 0, 0
15298, 1, 1636469430691, 1636469430867, 176, 0, 176, 0, 0, 0
15300, 1, 1636469430807, 1636469430979, 172, 0, 172, 0, 0, 0
15299, 1, 1636469430943, 1636469431115, 172, 0, 172, 0, 0, 0
15301, 1, 1636469430979, 1636469431155, 176, 0, 176, 0, 0, 0
15302, 1, 1636469430983, 1636469431159, 176, 0, 176, 0, 0, 0
15304, 1, 1636469431002, 1636469431175, 173, 1, 172, 0, 1, 1
15306, 1, 1636469431043, 1636469431215, 172, 0, 172, 0, 0, 0
15305, 1, 1636469431043, 1636469431215, 172, 0, 172, 0, 0, 0
15308, 1, 1636469431071, 1636469431243, 172, 0, 172, 0, 0, 0
15307, 1, 1636469431075, 1636469431247, 172, 0, 172, 0, 0, 0
15309, 1, 1636469431111, 1636469431283, 172, 0, 172, 0, 0, 0
15303, 1, 1636469431159, 1636469431331, 172, 0, 172, 0, 0, 0
15311, 1, 1636469431239, 1636469431415, 176, 0, 176, 0, 0, 0
15312, 1, 1636469431251, 1636469431423, 172, 0, 172, 0, 0, 0
15313, 1, 1636469431279, 1636469431451, 172, 0, 172, 0, 0, 0
15310, 1, 1636469431287, 1636469431459, 172, 0, 172, 0, 0, 0
15316, 1, 1636469431299, 1636469431471, 172, 0, 172, 0, 0, 0
15317, 1, 1636469431347, 1636469431519, 172, 0, 172, 0, 0, 0
15318, 1, 1636469431351, 1636469431523, 172, 0, 172, 0, 0, 0
15314, 1, 1636469431395, 1636469431567, 172, 0, 172, 0, 0, 0
15320, 1, 1636469431595, 1636469431767, 172, 0, 172, 0, 0, 0
15322, 1, 1636469431635, 1636469431807, 172, 0, 172, 0, 0, 0
15321, 1, 1636469431639, 1636469431811, 172, 0, 172, 0, 0, 0
15323, 1, 1636469431659, 1636469431835, 176, 0, 176, 0, 0, 0
15324, 1, 1636469431703, 1636469431879, 176, 0, 176, 0, 0, 0
15325, 1, 1636469431703, 1636469431879, 176, 0, 176, 0, 0, 0
15326, 1, 1636469431727, 1636469431899, 172, 0, 172, 0, 0, 0
15327, 1, 1636469431734, 1636469431907, 173, 1, 172, 0, 0, 0
15328, 1, 1636469431771, 1636469431943, 172, 0, 172, 0, 0, 0
15329, 1, 1636469431811, 1636469431983, 172, 0, 172, 0, 0, 0
15330, 1, 1636469431899, 1636469432071, 172, 0, 172, 0, 0, 0
15331, 1, 1636469431907, 1636469432079, 172, 0, 172, 0, 0, 0
15332, 1, 1636469431943, 1636469432115, 172, 0, 172, 0, 0, 0
15334, 1, 1636469431959, 1636469432131, 172, 0, 172, 0, 0, 0
15335, 1, 1636469432011, 1636469432183, 172, 0, 172, 0, 0, 0
15336, 1, 1636469432011, 1636469432183, 172, 0, 172, 0, 0, 0
15337, 1, 1636469432051, 1636469432223, 172, 0, 172, 0, 0, 0
15338, 1, 1636469432251, 1636469432423, 172, 0, 172, 0, 0, 0
15333, 1, 1636469432291, 1636469432463, 172, 0, 172, 0, 0, 0
15340, 1, 1636469432291, 1636469432463, 172, 0, 172, 0, 0, 0
15341, 1, 1636469432319, 1636469432491, 172, 0, 172, 0, 0, 0
15343, 1, 1636469432363, 1636469432535, 172, 0, 172, 0, 0, 0
15342, 1, 1636469432363, 1636469432543, 180, 0, 180, 0, 0, 0
15344, 1, 1636469432379, 1636469432555, 176, 0, 176, 0, 0, 0
15345, 1, 1636469432386, 1636469432559, 173, 1, 172, 0, 0, 0
15346, 1, 1636469432427, 1636469432599, 172, 0, 172, 0, 0, 0
15347, 1, 1636469432463, 1636469432635, 172, 0, 172, 0, 0, 0
15348, 1, 1636469432555, 1636469432731, 176, 0, 176, 0, 0, 0
15349, 1, 1636469432563, 1636469432735, 172, 0, 172, 0, 0, 0
15350, 1, 1636469432595, 1636469432767, 172, 0, 172, 0, 0, 0
15351, 1, 1636469432607, 1636469432783, 176, 0, 176, 0, 0, 0
15353, 1, 1636469432667, 1636469432839, 172, 0, 172, 0, 0, 0
15354, 1, 1636469432707, 1636469432879, 172, 0, 172, 0, 0, 0
15355, 1, 1636469432907, 1636469433079, 172, 0, 172, 0, 0, 0
15356, 1, 1636469432943, 1636469433115, 172, 0, 172, 0, 0, 0
15357, 1, 1636469432947, 1636469433123, 176, 0, 176, 0, 0, 0
15358, 1, 1636469432979, 1636469433151, 172, 0, 172, 0, 0, 0
15359, 1, 1636469433015, 1636469433187, 172, 0, 172, 0, 0, 0
15360, 1, 1636469433031, 1636469433203, 172, 0, 172, 0, 0, 0
15362, 1, 1636469433039, 1636469433211, 172, 0, 172, 0, 0, 0
15361, 1, 1636469433043, 1636469433223, 180, 0, 180, 0, 0, 0
15363, 1, 1636469433079, 1636469433251, 172, 0, 172, 0, 0, 0
15364, 1, 1636469433115, 1636469433287, 172, 0, 172, 0, 0, 0
15365, 1, 1636469433219, 1636469433391, 172, 0, 172, 0, 0, 0
15366, 1, 1636469433223, 1636469433395, 172, 0, 172, 0, 0, 0
15367, 1, 1636469433251, 1636469433423, 172, 0, 172, 0, 0, 0
15368, 1, 1636469433259, 1636469433431, 172, 0, 172, 0, 0, 0
15369, 1, 1636469433319, 1636469433491, 172, 0, 172, 0, 0, 0
15371, 1, 1636469433559, 1636469433731, 172, 0, 172, 0, 0, 0
15372, 1, 1636469433599, 1636469433775, 176, 0, 176, 0, 0, 0
15373, 1, 1636469433611, 1636469433783, 172, 0, 172, 0, 0, 0
15374, 1, 1636469433639, 1636469433811, 172, 0, 172, 0, 0, 0
15376, 1, 1636469433683, 1636469433855, 172, 0, 172, 0, 0, 0
15377, 1, 1636469433695, 1636469433871, 176, 0, 176, 0, 0, 0
15378, 1, 1636469433707, 1636469433879, 172, 0, 172, 0, 0, 0
15379, 1, 1636469433743, 1636469433915, 172, 0, 172, 0, 0, 0
15380, 1, 1636469433763, 1636469433935, 172, 0, 172, 0, 0, 0
15382, 1, 1636469433883, 1636469434055, 172, 0, 172, 0, 0, 0
15381, 1, 1636469433883, 1636469434055, 172, 0, 172, 0, 0, 0
15383, 1, 1636469433903, 1636469434075, 172, 0, 172, 0, 0, 0
15384, 1, 1636469433903, 1636469434075, 172, 0, 172, 0, 0, 0
15385, 1, 1636469433955, 1636469434127, 172, 0, 172, 0, 0, 0
15388, 1, 1636469434211, 1636469434383, 172, 0, 172, 0, 0, 0
15389, 1, 1636469434255, 1636469434435, 180, 0, 180, 0, 0, 0
15390, 1, 1636469434263, 1636469434439, 176, 0, 176, 0, 0, 0
15391, 1, 1636469434295, 1636469434467, 172, 0, 172, 0, 0, 0
15387, 1, 1636469434299, 1636469434471, 172, 0, 172, 0, 0, 0
15392, 1, 1636469434339, 1636469434511, 172, 0, 172, 0, 0, 0
15394, 1, 1636469434363, 1636469434543, 180, 0, 180, 0, 0, 0
15395, 1, 1636469434403, 1636469434575, 172, 0, 172, 0, 0, 0
15396, 1, 1636469434419, 1636469434591, 172, 0, 172, 0, 0, 0
15398, 1, 1636469434543, 1636469434715, 172, 0, 172, 0, 0, 0
15397, 1, 1636469434543, 1636469434715, 172, 0, 172, 0, 0, 0
15400, 1, 1636469434563, 1636469434735, 172, 0, 172, 0, 0, 0
15399, 1, 1636469434563, 1636469434735, 172, 0, 172, 0, 0, 0
15401, 1, 1636469434607, 1636469434780, 173, 0, 173, 0, 0, 0
15402, 1, 1636469434647, 1636469434819, 172, 0, 172, 0, 0, 0
15393, 1, 1636469434647, 1636469434823, 176, 0, 176, 0, 0, 0
15403, 1, 1636469434866, 1636469435039, 173, 1, 172, 1, 0, 1
15404, 1, 1636469434911, 1636469435087, 176, 0, 176, 0, 0, 0
15405, 1, 1636469434919, 1636469435091, 172, 0, 172, 0, 0, 0
15406, 1, 1636469434951, 1636469435123, 172, 0, 172, 0, 0, 0
15407, 1, 1636469434955, 1636469435127, 172, 0, 172, 0, 0, 0
15408, 1, 1636469434991, 1636469435163, 172, 0, 172, 0, 0, 0
15409, 1, 1636469435011, 1636469435183, 172, 0, 172, 0, 0, 0
15412, 1, 1636469435071, 1636469435243, 172, 0, 172, 0, 0, 0
15414, 1, 1636469435199, 1636469435371, 172, 0, 172, 0, 0, 0
15413, 1, 1636469435199, 1636469435371, 172, 0, 172, 0, 0, 0
15415, 1, 1636469435219, 1636469435391, 172, 0, 172, 0, 0, 0
15416, 1, 1636469435223, 1636469435395, 172, 0, 172, 0, 0, 0
15417, 1, 1636469435263, 1636469435435, 172, 0, 172, 0, 0, 0
15418, 1, 1636469435299, 1636469435471, 172, 0, 172, 0, 0, 0
15419, 1, 1636469435307, 1636469435483, 176, 0, 176, 0, 0, 0
15420, 1, 1636469435519, 1636469435695, 176, 0, 176, 0, 0, 0
15421, 1, 1636469435563, 1636469435739, 176, 0, 176, 0, 0, 0
15422, 1, 1636469435575, 1636469435747, 172, 0, 172, 0, 0, 0
15423, 1, 1636469435607, 1636469435779, 172, 0, 172, 0, 0, 0
15425, 1, 1636469435647, 1636469435819, 172, 0, 172, 0, 0, 0
15426, 1, 1636469435663, 1636469435835, 172, 0, 172, 0, 0, 0
15428, 1, 1636469435723, 1636469435895, 172, 0, 172, 0, 0, 0
15430, 1, 1636469435859, 1636469436031, 172, 0, 172, 0, 0, 0
15432, 1, 1636469435871, 1636469436043, 172, 0, 172, 0, 0, 0
15431, 1, 1636469435871, 1636469436043, 172, 0, 172, 0, 0, 0
15427, 1, 1636469435871, 1636469436043, 172, 0, 172, 0, 0, 0
15433, 1, 1636469435919, 1636469436091, 172, 0, 172, 0, 0, 0
15435, 1, 1636469435963, 1636469436135, 172, 0, 172, 0, 0, 0
15434, 1, 1636469435967, 1636469436139, 172, 0, 172, 0, 0, 0
15436, 1, 1636469436023, 1636469436195, 172, 0, 172, 0, 0, 0
15437, 1, 1636469436183, 1636469436355, 172, 0, 172, 0, 0, 0
15429, 1, 1636469436219, 1636469436391, 172, 0, 172, 0, 0, 0
15439, 1, 1636469436227, 1636469436399, 172, 0, 172, 0, 0, 0
15440, 1, 1636469436263, 1636469436435, 172, 0, 172, 0, 0, 0
15443, 1, 1636469436319, 1636469436491, 172, 0, 172, 0, 0, 0
15445, 1, 1636469436511, 1636469436683, 172, 0, 172, 0, 0, 0
15446, 1, 1636469436523, 1636469436703, 180, 0, 180, 0, 0, 0
15447, 1, 1636469436527, 1636469436707, 180, 0, 180, 0, 0, 0
15448, 1, 1636469436527, 1636469436707, 180, 0, 180, 0, 0, 0
15449, 1, 1636469436583, 1636469436755, 172, 0, 172, 0, 0, 0
15450, 1, 1636469436619, 1636469436791, 172, 0, 172, 0, 0, 0
15451, 1, 1636469436623, 1636469436795, 172, 0, 172, 0, 0, 0
15452, 1, 1636469436687, 1636469436859, 172, 0, 172, 0, 0, 0
15453, 1, 1636469436839, 1636469437011, 172, 0, 172, 0, 0, 0
15454, 1, 1636469436871, 1636469437043, 172, 0, 172, 0, 0, 0
15455, 1, 1636469436887, 1636469437059, 172, 0, 172, 0, 0, 0
15456, 1, 1636469436923, 1636469437095, 172, 0, 172, 0, 0, 0
15457, 1, 1636469436979, 1636469437151, 172, 0, 172, 0, 0, 0
15459, 1, 1636469437187, 1636469437359, 172, 0, 172, 0, 0, 0
15461, 1, 1636469437187, 1636469437359, 172, 0, 172, 0, 0, 0
15460, 1, 1636469437191, 1636469437363, 172, 0, 172, 0, 0, 0
15462, 1, 1636469437239, 1636469437415, 176, 0, 176, 0, 0, 0
15464, 1, 1636469437275, 1636469437447, 172, 0, 172, 0, 0, 0
15463, 1, 1636469437275, 1636469437447, 172, 0, 172, 0, 0, 0
15465, 1, 1636469437339, 1636469437511, 172, 0, 172, 0, 0, 0
15467, 1, 1636469437407, 1636469437583, 176, 0, 176, 0, 0, 0
15468, 1, 1636469437499, 1636469437671, 172, 0, 172, 0, 0, 0
15469, 1, 1636469437522, 1636469437695, 173, 1, 172, 0, 0, 0
15470, 1, 1636469437539, 1636469437711, 172, 0, 172, 0, 0, 0
15471, 1, 1636469437579, 1636469437751, 172, 0, 172, 0, 0, 0
15472, 1, 1636469437643, 1636469437815, 172, 0, 172, 0, 0, 0
15473, 1, 1636469437843, 1636469438015, 172, 0, 172, 0, 0, 0
15474, 1, 1636469437843, 1636469438015, 172, 0, 172, 0, 0, 0
15475, 1, 1636469437846, 1636469438019, 173, 1, 172, 0, 0, 0
15478, 1, 1636469437931, 1636469438103, 172, 0, 172, 0, 0, 0
15477, 1, 1636469437931, 1636469438103, 172, 0, 172, 0, 0, 0
15479, 1, 1636469437959, 1636469438131, 172, 0, 172, 0, 0, 0
15480, 1, 1636469437995, 1636469438167, 172, 0, 172, 0, 0, 0
15481, 1, 1636469438063, 1636469438235, 172, 0, 172, 0, 0, 0
15482, 1, 1636469438151, 1636469438323, 172, 0, 172, 0, 0, 0
15483, 1, 1636469438179, 1636469438351, 172, 0, 172, 0, 0, 0
15484, 1, 1636469438195, 1636469438367, 172, 0, 172, 0, 0, 0
15485, 1, 1636469438239, 1636469438415, 176, 0, 176, 0, 0, 0
15486, 1, 1636469438291, 1636469438467, 176, 0, 176, 0, 0, 0
15458, 1, 1636469438475, 1636469438647, 172, 0, 172, 0, 0, 0
15488, 1, 1636469438503, 1636469438675, 172, 0, 172, 0, 0, 0
15489, 1, 1636469438507, 1636469438679, 172, 0, 172, 0, 0, 0
15490, 1, 1636469438587, 1636469438759, 172, 0, 172, 0, 0, 0
15491, 1, 1636469438587, 1636469438759, 172, 0, 172, 0, 0, 0
15492, 1, 1636469438614, 1636469438787, 173, 1, 172, 0, 0, 0
15494, 1, 1636469438655, 1636469438827, 172, 0, 172, 0, 0, 0
15493, 1, 1636469438651, 1636469438831, 180, 0, 180, 0, 0, 0
15495, 1, 1636469438719, 1636469438891, 172, 0, 172, 0, 0, 0
15497, 1, 1636469438807, 1636469438979, 172, 0, 172, 0, 0, 0
15498, 1, 1636469438831, 1636469439003, 172, 0, 172, 0, 0, 0
15499, 1, 1636469438835, 1636469439007, 172, 0, 172, 0, 0, 0
15500, 1, 1636469438839, 1636469439011, 172, 0, 172, 0, 0, 0
15501, 1, 1636469438851, 1636469439023, 172, 0, 172, 0, 0, 0
15502, 1, 1636469438895, 1636469439067, 172, 0, 172, 0, 0, 0
15503, 1, 1636469438951, 1636469439123, 172, 0, 172, 0, 0, 0
15506, 1, 1636469439159, 1636469439335, 176, 0, 176, 0, 0, 0
15505, 1, 1636469439159, 1636469439335, 176, 0, 176, 0, 0, 0
15508, 1, 1636469439243, 1636469439415, 172, 0, 172, 0, 0, 0
15509, 1, 1636469439271, 1636469439443, 172, 0, 172, 0, 0, 0
15511, 1, 1636469439315, 1636469439487, 172, 0, 172, 0, 0, 0
15510, 1, 1636469439315, 1636469439487, 172, 0, 172, 0, 0, 0
15512, 1, 1636469439375, 1636469439551, 176, 0, 176, 0, 0, 0
15513, 1, 1636469439459, 1636469439631, 172, 0, 172, 0, 0, 0
15514, 1, 1636469439487, 1636469439659, 172, 0, 172, 0, 0, 0
15515, 1, 1636469439495, 1636469439667, 172, 0, 172, 0, 0, 0
15516, 1, 1636469439499, 1636469439671, 172, 0, 172, 0, 0, 0
15517, 1, 1636469439511, 1636469439683, 172, 0, 172, 0, 0, 0
15518, 1, 1636469439587, 1636469439759, 172, 0, 172, 0, 0, 0
15520, 1, 1636469439727, 1636469439899, 172, 0, 172, 0, 0, 0
15522, 1, 1636469439819, 1636469439991, 172, 0, 172, 0, 0, 0
15523, 1, 1636469439895, 1636469440067, 172, 0, 172, 0, 0, 0
15524, 1, 1636469439927, 1636469440103, 176, 0, 176, 0, 0, 0
15525, 1, 1636469439971, 1636469440143, 172, 0, 172, 0, 0, 0
15526, 1, 1636469439971, 1636469440143, 172, 0, 172, 0, 0, 0
15527, 1, 1636469440035, 1636469440207, 172, 0, 172, 0, 0, 0
15528, 1, 1636469440115, 1636469440287, 172, 0, 172, 0, 0, 0
15529, 1, 1636469440135, 1636469440307, 172, 0, 172, 0, 0, 0
15530, 1, 1636469440147, 1636469440319, 172, 0, 172, 0, 0, 0
15531, 1, 1636469440151, 1636469440327, 176, 0, 176, 0, 0, 0
15532, 1, 1636469440167, 1636469440339, 172, 0, 172, 0, 0, 0
15533, 1, 1636469440235, 1636469440407, 172, 0, 172, 0, 0, 0
15534, 1, 1636469440251, 1636469440427, 176, 0, 176, 0, 0, 0
15535, 1, 1636469440379, 1636469440551, 172, 0, 172, 0, 0, 0
15536, 1, 1636469440479, 1636469440651, 172, 0, 172, 0, 0, 0
15537, 1, 1636469440547, 1636469440723, 176, 0, 176, 0, 0, 0
15538, 1, 1636469440583, 1636469440755, 172, 0, 172, 0, 0, 0
15540, 1, 1636469440627, 1636469440803, 176, 0, 176, 0, 0, 0
15541, 1, 1636469440691, 1636469440863, 172, 0, 172, 0, 0, 0
15542, 1, 1636469440771, 1636469440943, 172, 0, 172, 0, 0, 0
15543, 1, 1636469440787, 1636469440959, 172, 0, 172, 0, 0, 0
15544, 1, 1636469440799, 1636469440971, 172, 0, 172, 0, 0, 0
15545, 1, 1636469440807, 1636469440983, 176, 0, 176, 0, 0, 0
15546, 1, 1636469440822, 1636469440999, 177, 1, 176, 0, 0, 0
15547, 1, 1636469440847, 1636469441019, 172, 0, 172, 0, 0, 0
15548, 1, 1636469440887, 1636469441059, 172, 0, 172, 0, 0, 0
15549, 1, 1636469440911, 1636469441083, 172, 0, 172, 0, 0, 0
15550, 1, 1636469441035, 1636469441207, 172, 0, 172, 0, 0, 0
15551, 1, 1636469441087, 1636469441263, 176, 0, 176, 0, 0, 0
15552, 1, 1636469441143, 1636469441319, 176, 0, 176, 0, 0, 0
15553, 1, 1636469441207, 1636469441379, 172, 0, 172, 0, 0, 0
15554, 1, 1636469441235, 1636469441407, 172, 0, 172, 0, 0, 0
15555, 1, 1636469441295, 1636469441467, 172, 0, 172, 0, 0, 0
15556, 1, 1636469441343, 1636469441515, 172, 0, 172, 0, 0, 0
15557, 1, 1636469441435, 1636469441607, 172, 0, 172, 0, 0, 0
15558, 1, 1636469441443, 1636469441619, 176, 0, 176, 0, 0, 0
15559, 1, 1636469441451, 1636469441623, 172, 0, 172, 0, 0, 0
15560, 1, 1636469441471, 1636469441647, 176, 0, 176, 0, 0, 0
15562, 1, 1636469441483, 1636469441655, 172, 0, 172, 0, 0, 0
15561, 1, 1636469441483, 1636469441655, 172, 0, 172, 0, 0, 0
15563, 1, 1636469441495, 1636469441667, 172, 0, 172, 0, 0, 0
15564, 1, 1636469441543, 1636469441715, 172, 0, 172, 0, 0, 0
15565, 1, 1636469441571, 1636469441743, 172, 0, 172, 0, 0, 0
15566, 1, 1636469441591, 1636469441763, 172, 0, 172, 0, 0, 0
15567, 1, 1636469441695, 1636469441867, 172, 0, 172, 0, 0, 0
15568, 1, 1636469441743, 1636469441915, 172, 0, 172, 0, 0, 0
15569, 1, 1636469441803, 1636469441983, 180, 0, 180, 0, 0, 0
15570, 1, 1636469441863, 1636469442039, 176, 0, 176, 0, 0, 0
15571, 1, 1636469441887, 1636469442063, 176, 0, 176, 0, 0, 0
15539, 1, 1636469441911, 1636469442083, 172, 0, 172, 0, 0, 0
15573, 1, 1636469441951, 1636469442127, 176, 0, 176, 0, 0, 0
15572, 1, 1636469441951, 1636469442127, 176, 0, 176, 0, 0, 0
15576, 1, 1636469442095, 1636469442267, 172, 0, 172, 0, 0, 0
15575, 1, 1636469442099, 1636469442271, 172, 0, 172, 0, 0, 0
15577, 1, 1636469442103, 1636469442275, 172, 0, 172, 0, 0, 0
15580, 1, 1636469442147, 1636469442319, 172, 0, 172, 0, 0, 0
15579, 1, 1636469442147, 1636469442319, 172, 0, 172, 0, 0, 0
15581, 1, 1636469442151, 1636469442323, 172, 0, 172, 0, 0, 0
15582, 1, 1636469442175, 1636469442347, 172, 0, 172, 0, 0, 0
15583, 1, 1636469442203, 1636469442379, 176, 0, 176, 0, 0, 0
15584, 1, 1636469442231, 1636469442403, 172, 0, 172, 0, 0, 0
15585, 1, 1636469442247, 1636469442419, 172, 0, 172, 0, 0, 0
15586, 1, 1636469442351, 1636469442523, 172, 0, 172, 0, 0, 0
15587, 1, 1636469442395, 1636469442567, 172, 0, 172, 0, 0, 0
15588, 1, 1636469442467, 1636469442639, 172, 0, 172, 0, 0, 0
15589, 1, 1636469442527, 1636469442703, 176, 0, 176, 0, 0, 0
15591, 1, 1636469442563, 1636469442735, 172, 0, 172, 0, 0, 0
15593, 1, 1636469442615, 1636469442787, 172, 0, 172, 0, 0, 0
15592, 1, 1636469442619, 1636469442791, 172, 0, 172, 0, 0, 0
15596, 1, 1636469442759, 1636469442931, 172, 0, 172, 0, 0, 0
15595, 1, 1636469442759, 1636469442931, 172, 0, 172, 0, 0, 0
15594, 1, 1636469442755, 1636469442931, 176, 0, 176, 0, 0, 0
15599, 1, 1636469442799, 1636469442975, 176, 0, 176, 0, 0, 0
15598, 1, 1636469442803, 1636469442975, 172, 0, 172, 0, 0, 0
15597, 1, 1636469442803, 1636469442975, 172, 0, 172, 0, 0, 0
15600, 1, 1636469442839, 1636469443011, 172, 0, 172, 0, 0, 0
15601, 1, 1636469442866, 1636469443039, 173, 1, 172, 0, 0, 0
15602, 1, 1636469442895, 1636469443067, 172, 0, 172, 0, 0, 0
15603, 1, 1636469442903, 1636469443075, 172, 0, 172, 0, 0, 0
15605, 1, 1636469443059, 1636469443231, 172, 0, 172, 0, 0, 0
15606, 1, 1636469443131, 1636469443303, 172, 0, 172, 0, 0, 0
15607, 1, 1636469443187, 1636469443359, 172, 0, 172, 0, 0, 0
15608, 1, 1636469443219, 1636469443391, 172, 0, 172, 0, 0, 0
15609, 1, 1636469443275, 1636469443455, 180, 0, 180, 0, 0, 0
15611, 1, 1636469443415, 1636469443587, 172, 0, 172, 0, 0, 0
15612, 1, 1636469443415, 1636469443587, 172, 0, 172, 0, 0, 0
15613, 1, 1636469443415, 1636469443587, 172, 0, 172, 0, 0, 0
15615, 1, 1636469443463, 1636469443635, 172, 0, 172, 0, 0, 0
15616, 1, 1636469443463, 1636469443635, 172, 0, 172, 0, 0, 0
15614, 1, 1636469443463, 1636469443639, 176, 0, 176, 0, 0, 0
15617, 1, 1636469443495, 1636469443667, 172, 0, 172, 0, 0, 0
15618, 1, 1636469443523, 1636469443695, 172, 0, 172, 0, 0, 0
15619, 1, 1636469443550, 1636469443723, 173, 1, 172, 0, 0, 0
15620, 1, 1636469443559, 1636469443731, 172, 0, 172, 0, 0, 0
15621, 1, 1636469443715, 1636469443887, 172, 0, 172, 0, 0, 0
15622, 1, 1636469443783, 1636469443955, 172, 0, 172, 0, 0, 0
15623, 1, 1636469443843, 1636469444015, 172, 0, 172, 0, 0, 0
15624, 1, 1636469443871, 1636469444047, 176, 0, 176, 0, 0, 0
15625, 1, 1636469443931, 1636469444103, 172, 0, 172, 0, 0, 0
15626, 1, 1636469444071, 1636469444243, 172, 0, 172, 0, 0, 0
15627, 1, 1636469444071, 1636469444243, 172, 0, 172, 0, 0, 0
15628, 1, 1636469444071, 1636469444247, 176, 0, 176, 0, 0, 0
15629, 1, 1636469444115, 1636469444287, 172, 0, 172, 0, 0, 0
15630, 1, 1636469444123, 1636469444295, 172, 0, 172, 0, 0, 0
15631, 1, 1636469444123, 1636469444295, 172, 0, 172, 0, 0, 0
15632, 1, 1636469444151, 1636469444323, 172, 0, 172, 0, 0, 0
15633, 1, 1636469444179, 1636469444351, 172, 0, 172, 0, 0, 0
15634, 1, 1636469444211, 1636469444383, 172, 0, 172, 0, 0, 0
15635, 1, 1636469444223, 1636469444399, 176, 0, 176, 0, 0, 0
15638, 1, 1636469444498, 1636469444675, 177, 1, 176, 0, 0, 0
15639, 1, 1636469444523, 1636469444695, 172, 0, 172, 0, 0, 0
15640, 1, 1636469444527, 1636469444703, 176, 0, 176, 0, 0, 0
15641, 1, 1636469444527, 1636469444707, 180, 0, 180, 0, 0, 0
15642, 1, 1636469444583, 1636469444755, 172, 0, 172, 0, 0, 0
15644, 1, 1636469444731, 1636469444907, 176, 0, 176, 0, 0, 0
15643, 1, 1636469444731, 1636469444907, 176, 0, 176, 0, 0, 0
15645, 1, 1636469444731, 1636469444907, 176, 0, 176, 0, 0, 0
15646, 1, 1636469444771, 1636469444943, 172, 0, 172, 0, 0, 0
15648, 1, 1636469444779, 1636469444951, 172, 0, 172, 0, 0, 0
15649, 1, 1636469444807, 1636469444979, 172, 0, 172, 0, 0, 0
15651, 1, 1636469444867, 1636469445039, 172, 0, 172, 0, 0, 0
15652, 1, 1636469444883, 1636469445055, 172, 0, 172, 0, 0, 0
15653, 1, 1636469444899, 1636469445071, 172, 0, 172, 0, 0, 0
15650, 1, 1636469445087, 1636469445259, 172, 0, 172, 0, 0, 0
15654, 1, 1636469445163, 1636469445335, 172, 0, 172, 0, 0, 0
15655, 1, 1636469445171, 1636469445343, 172, 0, 172, 0, 0, 0
15656, 1, 1636469445183, 1636469445355, 172, 0, 172, 0, 0, 0
15657, 1, 1636469445183, 1636469445355, 172, 0, 172, 0, 0, 0
15658, 1, 1636469445235, 1636469445407, 172, 0, 172, 0, 0, 0
15659, 1, 1636469445355, 1636469445527, 172, 0, 172, 0, 0, 0
15661, 1, 1636469445391, 1636469445563, 172, 0, 172, 0, 0, 0
15662, 1, 1636469445391, 1636469445563, 172, 0, 172, 0, 0, 0
15660, 1, 1636469445391, 1636469445563, 172, 0, 172, 0, 0, 0
15663, 1, 1636469445427, 1636469445599, 172, 0, 172, 0, 0, 0
15664, 1, 1636469445439, 1636469445611, 172, 0, 172, 0, 0, 0
15665, 1, 1636469445459, 1636469445631, 172, 0, 172, 0, 0, 0
15666, 1, 1636469445523, 1636469445695, 172, 0, 172, 0, 0, 0
15667, 1, 1636469445543, 1636469445715, 172, 0, 172, 0, 0, 0
15668, 1, 1636469445555, 1636469445727, 172, 0, 172, 0, 0, 0
15669, 1, 1636469445627, 1636469445799, 172, 0, 172, 0, 0, 0
15670, 1, 1636469445747, 1636469445919, 172, 0, 172, 0, 0, 0
15671, 1, 1636469445815, 1636469445987, 172, 0, 172, 0, 0, 0
15672, 1, 1636469445827, 1636469445999, 172, 0, 172, 0, 0, 0
15673, 1, 1636469445835, 1636469446011, 176, 0, 176, 0, 0, 0
15674, 1, 1636469445839, 1636469446015, 176, 0, 176, 0, 0, 0
15675, 1, 1636469445891, 1636469446063, 172, 0, 172, 0, 0, 0
15676, 1, 1636469446011, 1636469446183, 172, 0, 172, 0, 0, 0
15679, 1, 1636469446047, 1636469446219, 172, 0, 172, 0, 0, 0
15678, 1, 1636469446047, 1636469446219, 172, 0, 172, 0, 0, 0
15677, 1, 1636469446047, 1636469446223, 176, 0, 176, 0, 0, 0
15680, 1, 1636469446083, 1636469446255, 172, 0, 172, 0, 0, 0
15682, 1, 1636469446115, 1636469446287, 172, 0, 172, 0, 0, 0
15683, 1, 1636469446183, 1636469446355, 172, 0, 172, 0, 0, 0
15685, 1, 1636469446207, 1636469446379, 172, 0, 172, 0, 0, 0
15686, 1, 1636469446283, 1636469446455, 172, 0, 172, 0, 0, 0
15687, 1, 1636469446399, 1636469446571, 172, 0, 172, 0, 0, 0
15684, 1, 1636469446459, 1636469446631, 172, 0, 172, 0, 0, 0
15688, 1, 1636469446471, 1636469446647, 176, 0, 176, 0, 0, 0
15689, 1, 1636469446483, 1636469446655, 172, 0, 172, 0, 0, 0
15690, 1, 1636469446487, 1636469446658, 171, 0, 171, 0, 0, 0
15691, 1, 1636469446495, 1636469446671, 176, 0, 176, 0, 0, 0
15693, 1, 1636469446671, 1636469446843, 172, 0, 172, 0, 0, 0
15695, 1, 1636469446703, 1636469446875, 172, 0, 172, 0, 0, 0
15696, 1, 1636469446707, 1636469446879, 172, 0, 172, 0, 0, 0
15694, 1, 1636469446707, 1636469446879, 172, 0, 172, 0, 0, 0
15697, 1, 1636469446726, 1636469446898, 172, 1, 171, 0, 0, 0
15698, 1, 1636469446739, 1636469446911, 172, 0, 172, 0, 0, 0
15699, 1, 1636469446767, 1636469446943, 176, 0, 176, 0, 0, 0
15700, 1, 1636469446795, 1636469446967, 172, 0, 172, 0, 0, 0
15692, 1, 1636469446807, 1636469446979, 172, 0, 172, 0, 0, 0
15701, 1, 1636469446843, 1636469447015, 172, 0, 172, 0, 0, 0
15702, 1, 1636469446863, 1636469447035, 172, 0, 172, 0, 0, 0
15681, 1, 1636469446871, 1636469447047, 176, 0, 176, 0, 0, 0
15703, 1, 1636469446943, 1636469447115, 172, 0, 172, 0, 0, 0
15704, 1, 1636469447055, 1636469447227, 172, 0, 172, 0, 0, 0
15705, 1, 1636469447119, 1636469447291, 172, 0, 172, 0, 0, 0
15709, 1, 1636469447139, 1636469447311, 172, 0, 172, 0, 0, 0
15708, 1, 1636469447139, 1636469447311, 172, 0, 172, 0, 0, 0
15707, 1, 1636469447139, 1636469447315, 176, 0, 176, 0, 0, 0
15710, 1, 1636469447159, 1636469447331, 172, 0, 172, 0, 0, 0
15706, 1, 1636469447223, 1636469447395, 172, 0, 172, 0, 0, 0
15711, 1, 1636469447327, 1636469447499, 172, 0, 172, 0, 0, 0
15712, 1, 1636469447351, 1636469447523, 172, 0, 172, 0, 0, 0
15714, 1, 1636469447363, 1636469447539, 176, 0, 176, 0, 0, 0
15713, 1, 1636469447363, 1636469447539, 176, 0, 176, 0, 0, 0
15715, 1, 1636469447379, 1636469447551, 172, 0, 172, 0, 0, 0
15716, 1, 1636469447391, 1636469447563, 172, 0, 172, 0, 0, 0
15717, 1, 1636469447427, 1636469447599, 172, 0, 172, 0, 0, 0
15718, 1, 1636469447447, 1636469447619, 172, 0, 172, 0, 0, 0
15719, 1, 1636469447463, 1636469447635, 172, 0, 172, 0, 0, 0
15720, 1, 1636469447495, 1636469447667, 172, 0, 172, 0, 0, 0
15721, 1, 1636469447519, 1636469447691, 172, 0, 172, 0, 0, 0
15722, 1, 1636469447535, 1636469447707, 172, 0, 172, 0, 0, 0
15723, 1, 1636469447595, 1636469447767, 172, 0, 172, 0, 0, 0
15724, 1, 1636469447707, 1636469447883, 176, 0, 176, 0, 0, 0
15725, 1, 1636469447771, 1636469447951, 180, 0, 180, 0, 0, 0
15726, 1, 1636469447791, 1636469447967, 176, 0, 176, 0, 0, 0
15727, 1, 1636469447791, 1636469447967, 176, 0, 176, 0, 0, 0
15728, 1, 1636469447799, 1636469447979, 180, 0, 180, 0, 0, 0
15729, 1, 1636469447814, 1636469447991, 177, 1, 176, 0, 0, 0
15730, 1, 1636469447891, 1636469448067, 176, 0, 176, 0, 0, 0
15731, 1, 1636469447987, 1636469448159, 172, 0, 172, 0, 0, 0
15732, 1, 1636469447999, 1636469448171, 172, 0, 172, 0, 0, 0
15733, 1, 1636469448023, 1636469448199, 176, 0, 176, 0, 0, 0
15734, 1, 1636469448035, 1636469448207, 172, 0, 172, 0, 0, 0
15735, 1, 1636469448043, 1636469448215, 172, 0, 172, 0, 0, 0
15736, 1, 1636469448051, 1636469448223, 172, 0, 172, 0, 0, 0
15737, 1, 1636469448083, 1636469448267, 184, 0, 184, 0, 0, 0
15738, 1, 1636469448115, 1636469448287, 172, 0, 172, 0, 0, 0
15739, 1, 1636469448122, 1636469448295, 173, 1, 172, 0, 0, 0
15740, 1, 1636469448151, 1636469448323, 172, 0, 172, 0, 0, 0
15741, 1, 1636469448179, 1636469448355, 176, 0, 176, 0, 0, 0
15742, 1, 1636469448199, 1636469448371, 172, 0, 172, 0, 0, 0
15743, 1, 1636469448255, 1636469448427, 172, 0, 172, 0, 0, 0
15744, 1, 1636469448371, 1636469448543, 172, 0, 172, 0, 0, 0
15745, 1, 1636469448431, 1636469448603, 172, 0, 172, 0, 0, 0
15746, 1, 1636469448447, 1636469448619, 172, 0, 172, 0, 0, 0
15747, 1, 1636469448455, 1636469448627, 172, 0, 172, 0, 0, 0
15748, 1, 1636469448463, 1636469448635, 172, 0, 172, 0, 0, 0
15749, 1, 1636469448479, 1636469448655, 176, 0, 176, 0, 0, 0
15750, 1, 1636469448555, 1636469448727, 172, 0, 172, 0, 0, 0
15751, 1, 1636469448635, 1636469448807, 172, 0, 172, 0, 0, 0
15752, 1, 1636469448659, 1636469448831, 172, 0, 172, 0, 0, 0
15753, 1, 1636469448683, 1636469448855, 172, 0, 172, 0, 0, 0
15754, 1, 1636469448687, 1636469448859, 172, 0, 172, 0, 0, 0
15755, 1, 1636469448695, 1636469448871, 176, 0, 176, 0, 0, 0
15756, 1, 1636469448707, 1636469448883, 176, 0, 176, 0, 0, 0
15757, 1, 1636469448755, 1636469448927, 172, 0, 172, 0, 0, 0
15758, 1, 1636469448767, 1636469448939, 172, 0, 172, 0, 0, 0
15759, 1, 1636469448775, 1636469448951, 176, 0, 176, 0, 0, 0
15760, 1, 1636469448807, 1636469448983, 176, 0, 176, 0, 0, 0
15761, 1, 1636469448839, 1636469449011, 172, 0, 172, 0, 0, 0
15762, 1, 1636469448855, 1636469449031, 176, 0, 176, 0, 0, 0
15763, 1, 1636469448923, 1636469449095, 172, 0, 172, 0, 0, 0
15764, 1, 1636469449031, 1636469449203, 172, 0, 172, 0, 0, 0
15765, 1, 1636469449083, 1636469449255, 172, 0, 172, 0, 0, 0
15766, 1, 1636469449099, 1636469449271, 172, 0, 172, 0, 0, 0
15768, 1, 1636469449119, 1636469449291, 172, 0, 172, 0, 0, 0
15767, 1, 1636469449115, 1636469449291, 176, 0, 176, 0, 0, 0
15769, 1, 1636469449143, 1636469449315, 172, 0, 172, 0, 0, 0
15770, 1, 1636469449219, 1636469449391, 172, 0, 172, 0, 0, 0
15772, 1, 1636469449315, 1636469449487, 172, 0, 172, 0, 0, 0
15774, 1, 1636469449343, 1636469449515, 172, 0, 172, 0, 0, 0
15775, 1, 1636469449355, 1636469449527, 172, 0, 172, 0, 0, 0
15776, 1, 1636469449371, 1636469449543, 172, 0, 172, 0, 0, 0
15777, 1, 1636469449407, 1636469449579, 172, 0, 172, 0, 0, 0
15778, 1, 1636469449419, 1636469449591, 172, 0, 172, 0, 0, 0
15779, 1, 1636469449443, 1636469449615, 172, 0, 172, 0, 0, 0
15780, 1, 1636469449471, 1636469449643, 172, 0, 172, 0, 0, 0
15782, 1, 1636469449519, 1636469449695, 176, 0, 176, 0, 0, 0
15783, 1, 1636469449587, 1636469449759, 172, 0, 172, 0, 0, 0
15784, 1, 1636469449695, 1636469449871, 176, 0, 176, 0, 0, 0
15785, 1, 1636469449735, 1636469449907, 172, 0, 172, 0, 0, 0
15786, 1, 1636469449747, 1636469449919, 172, 0, 172, 0, 0, 0
15787, 1, 1636469449775, 1636469449947, 172, 0, 172, 0, 0, 0
15788, 1, 1636469449775, 1636469449951, 176, 0, 176, 0, 0, 0
15789, 1, 1636469449799, 1636469449971, 172, 0, 172, 0, 0, 0
15790, 1, 1636469449875, 1636469450047, 172, 0, 172, 0, 0, 0
15791, 1, 1636469449963, 1636469450135, 172, 0, 172, 0, 0, 0
15792, 1, 1636469449999, 1636469450171, 172, 0, 172, 0, 0, 0
15793, 1, 1636469450011, 1636469450183, 172, 0, 172, 0, 0, 0
15794, 1, 1636469450027, 1636469450199, 172, 0, 172, 0, 0, 0
15795, 1, 1636469450059, 1636469450231, 172, 0, 172, 0, 0, 0
15796, 1, 1636469450071, 1636469450243, 172, 0, 172, 0, 0, 0
15797, 1, 1636469450095, 1636469450267, 172, 0, 172, 0, 0, 0
15798, 1, 1636469450123, 1636469450295, 172, 0, 172, 0, 0, 0
15799, 1, 1636469450179, 1636469450351, 172, 0, 172, 0, 0, 0
15801, 1, 1636469450351, 1636469450523, 172, 0, 172, 0, 0, 0
15802, 1, 1636469450387, 1636469450559, 172, 0, 172, 0, 0, 0
15803, 1, 1636469450399, 1636469450571, 172, 0, 172, 0, 0, 0
15804, 1, 1636469450431, 1636469450603, 172, 0, 172, 0, 0, 0
15805, 1, 1636469450431, 1636469450603, 172, 0, 172, 0, 0, 0
15806, 1, 1636469450455, 1636469450627, 172, 0, 172, 0, 0, 0
15807, 1, 1636469450531, 1636469450703, 172, 0, 172, 0, 0, 0
15808, 1, 1636469450611, 1636469450783, 172, 0, 172, 0, 0, 0
15809, 1, 1636469450651, 1636469450823, 172, 0, 172, 0, 0, 0
15811, 1, 1636469450679, 1636469450851, 172, 0, 172, 0, 0, 0
15813, 1, 1636469450727, 1636469450899, 172, 0, 172, 0, 0, 0
15814, 1, 1636469450743, 1636469450915, 172, 0, 172, 0, 0, 0
15815, 1, 1636469450779, 1636469450951, 172, 0, 172, 0, 0, 0
15816, 1, 1636469450831, 1636469451003, 172, 0, 172, 0, 0, 0
15817, 1, 1636469451007, 1636469451179, 172, 0, 172, 0, 0, 0
15812, 1, 1636469451023, 1636469451195, 172, 0, 172, 0, 0, 0
15818, 1, 1636469451039, 1636469451215, 176, 0, 176, 0, 0, 0
15819, 1, 1636469451051, 1636469451235, 184, 0, 184, 0, 0, 0
15821, 1, 1636469451087, 1636469451263, 176, 0, 176, 0, 0, 0
15822, 1, 1636469451111, 1636469451283, 172, 0, 172, 0, 0, 0
15823, 1, 1636469451187, 1636469451359, 172, 0, 172, 0, 0, 0
15824, 1, 1636469451263, 1636469451435, 172, 0, 172, 0, 0, 0
15825, 1, 1636469451315, 1636469451487, 172, 0, 172, 0, 0, 0
15826, 1, 1636469451331, 1636469451503, 172, 0, 172, 0, 0, 0
15828, 1, 1636469451391, 1636469451563, 172, 0, 172, 0, 0, 0
15829, 1, 1636469451435, 1636469451607, 172, 0, 172, 0, 0, 0
15830, 1, 1636469451483, 1636469451655, 172, 0, 172, 0, 0, 0
15831, 1, 1636469451663, 1636469451835, 172, 0, 172, 0, 0, 0
15832, 1, 1636469451683, 1636469451855, 172, 0, 172, 0, 0, 0
15833, 1, 1636469451707, 1636469451883, 176, 0, 176, 0, 0, 0
15834, 1, 1636469451711, 1636469451883, 172, 0, 172, 0, 0, 0
15835, 1, 1636469451731, 1636469451903, 172, 0, 172, 0, 0, 0
15836, 1, 1636469451739, 1636469451911, 172, 0, 172, 0, 0, 0
15837, 1, 1636469451747, 1636469451919, 172, 0, 172, 0, 0, 0
15838, 1, 1636469451767, 1636469451939, 172, 0, 172, 0, 0, 0
15839, 1, 1636469451847, 1636469452019, 172, 0, 172, 0, 0, 0
15840, 1, 1636469451851, 1636469452023, 172, 0, 172, 0, 0, 0
15841, 1, 1636469451915, 1636469452087, 172, 0, 172, 0, 0, 0
15842, 1, 1636469451967, 1636469452139, 172, 0, 172, 0, 0, 0
15844, 1, 1636469452059, 1636469452231, 172, 0, 172, 0, 0, 0
15843, 1, 1636469452079, 1636469452251, 172, 0, 172, 0, 0, 0
15845, 1, 1636469452087, 1636469452259, 172, 0, 172, 0, 0, 0
15847, 1, 1636469452315, 1636469452487, 172, 0, 172, 0, 0, 0
15848, 1, 1636469452335, 1636469452507, 172, 0, 172, 0, 0, 0
15850, 1, 1636469452363, 1636469452535, 172, 0, 172, 0, 0, 0
15849, 1, 1636469452367, 1636469452539, 172, 0, 172, 0, 0, 0
15852, 1, 1636469452391, 1636469452563, 172, 0, 172, 0, 0, 0
15851, 1, 1636469452391, 1636469452563, 172, 0, 172, 0, 0, 0
15853, 1, 1636469452399, 1636469452575, 176, 0, 176, 0, 0, 0
15854, 1, 1636469452419, 1636469452595, 176, 0, 176, 0, 0, 0
15855, 1, 1636469452503, 1636469452675, 172, 0, 172, 0, 0, 0
15857, 1, 1636469452567, 1636469452739, 172, 0, 172, 0, 0, 0
15858, 1, 1636469452603, 1636469452775, 172, 0, 172, 0, 0, 0
15859, 1, 1636469452627, 1636469452799, 172, 0, 172, 0, 0, 0
15860, 1, 1636469452715, 1636469452891, 176, 0, 176, 0, 0, 0
15861, 1, 1636469452727, 1636469452899, 172, 0, 172, 0, 0, 0
15862, 1, 1636469452743, 1636469452915, 172, 0, 172, 0, 0, 0
15863, 1, 1636469452975, 1636469453147, 172, 0, 172, 0, 0, 0
15864, 1, 1636469452999, 1636469453171, 172, 0, 172, 0, 0, 0
15865, 1, 1636469453011, 1636469453187, 176, 0, 176, 0, 0, 0
15866, 1, 1636469453019, 1636469453191, 172, 0, 172, 0, 0, 0
15867, 1, 1636469453027, 1636469453199, 172, 0, 172, 0, 0, 0
15869, 1, 1636469453043, 1636469453215, 172, 0, 172, 0, 0, 0
15868, 1, 1636469453051, 1636469453223, 172, 0, 172, 0, 0, 0
15870, 1, 1636469453055, 1636469453227, 172, 0, 172, 0, 0, 0
15871, 1, 1636469453083, 1636469453255, 172, 0, 172, 0, 0, 0
15872, 1, 1636469453163, 1636469453335, 172, 0, 172, 0, 0, 0
15873, 1, 1636469453223, 1636469453395, 172, 0, 172, 0, 0, 0
15874, 1, 1636469453255, 1636469453427, 172, 0, 172, 0, 0, 0
15876, 1, 1636469453375, 1636469453551, 176, 0, 176, 0, 0, 0
15878, 1, 1636469453395, 1636469453571, 176, 0, 176, 0, 0, 0
15879, 1, 1636469453439, 1636469453619, 180, 0, 180, 0, 0, 0
15880, 1, 1636469453639, 1636469453815, 176, 0, 176, 0, 0, 0
15881, 1, 1636469453655, 1636469453835, 180, 0, 180, 0, 0, 0
15882, 1, 1636469453671, 1636469453843, 172, 0, 172, 0, 0, 0
15883, 1, 1636469453671, 1636469453847, 176, 0, 176, 0, 0, 0
15884, 1, 1636469453687, 1636469453859, 172, 0, 172, 0, 0, 0
15885, 1, 1636469453691, 1636469453867, 176, 0, 176, 0, 0, 0
15886, 1, 1636469453711, 1636469453887, 176, 0, 176, 0, 0, 0
15887, 1, 1636469453723, 1636469453895, 172, 0, 172, 0, 0, 0
15888, 1, 1636469453739, 1636469453911, 172, 0, 172, 0, 0, 0
15889, 1, 1636469453747, 1636469453919, 172, 0, 172, 0, 0, 0
15890, 1, 1636469453827, 1636469453999, 172, 0, 172, 0, 0, 0
15891, 1, 1636469453887, 1636469454059, 172, 0, 172, 0, 0, 0
15892, 1, 1636469453915, 1636469454087, 172, 0, 172, 0, 0, 0
15893, 1, 1636469454035, 1636469454207, 172, 0, 172, 0, 0, 0
15894, 1, 1636469454055, 1636469454227, 172, 0, 172, 0, 0, 0
15895, 1, 1636469454103, 1636469454279, 176, 0, 176, 0, 0, 0
15896, 1, 1636469454295, 1636469454471, 176, 0, 176, 0, 0, 0
15897, 1, 1636469454319, 1636469454491, 172, 0, 172, 0, 0, 0
15898, 1, 1636469454323, 1636469454499, 176, 0, 176, 0, 0, 0
15899, 1, 1636469454326, 1636469454507, 181, 1, 180, 0, 0, 0
15901, 1, 1636469454347, 1636469454519, 172, 0, 172, 0, 0, 0
15902, 1, 1636469454371, 1636469454543, 172, 0, 172, 0, 0, 0
15903, 1, 1636469454379, 1636469454555, 176, 0, 176, 0, 0, 0
15904, 1, 1636469454395, 1636469454567, 172, 0, 172, 0, 0, 0
15905, 1, 1636469454403, 1636469454575, 172, 0, 172, 0, 0, 0
15906, 1, 1636469454483, 1636469454655, 172, 0, 172, 0, 0, 0
15907, 1, 1636469454491, 1636469454663, 172, 0, 172, 0, 0, 0
15908, 1, 1636469454535, 1636469454711, 176, 0, 176, 0, 0, 0
15909, 1, 1636469454571, 1636469454747, 176, 0, 176, 0, 0, 0
15911, 1, 1636469454715, 1636469454891, 176, 0, 176, 0, 0, 0
15912, 1, 1636469454763, 1636469454939, 176, 0, 176, 0, 0, 0
15913, 1, 1636469454863, 1636469455035, 172, 0, 172, 0, 0, 0
15914, 1, 1636469454955, 1636469455127, 172, 0, 172, 0, 0, 0
15915, 1, 1636469454975, 1636469455147, 172, 0, 172, 0, 0, 0
15916, 1, 1636469454983, 1636469455155, 172, 0, 172, 0, 0, 0
15917, 1, 1636469454991, 1636469455167, 176, 0, 176, 0, 0, 0
15918, 1, 1636469454999, 1636469455175, 176, 0, 176, 0, 0, 0
15919, 1, 1636469455031, 1636469455203, 172, 0, 172, 0, 0, 0
15920, 1, 1636469455047, 1636469455219, 172, 0, 172, 0, 0, 0
15921, 1, 1636469455055, 1636469455227, 172, 0, 172, 0, 0, 0
15924, 1, 1636469455147, 1636469455319, 172, 0, 172, 0, 0, 0
15925, 1, 1636469455191, 1636469455363, 172, 0, 172, 0, 0, 0
15923, 1, 1636469455207, 1636469455379, 172, 0, 172, 0, 0, 0
15926, 1, 1636469455231, 1636469455403, 172, 0, 172, 0, 0, 0
15927, 1, 1636469455375, 1636469455547, 172, 0, 172, 0, 0, 0
15928, 1, 1636469455423, 1636469455599, 176, 0, 176, 0, 0, 0
15929, 1, 1636469455523, 1636469455695, 172, 0, 172, 0, 0, 0
15930, 1, 1636469455619, 1636469455791, 172, 0, 172, 0, 0, 0
15931, 1, 1636469455631, 1636469455803, 172, 0, 172, 0, 0, 0
15933, 1, 1636469455635, 1636469455807, 172, 0, 172, 0, 0, 0
15932, 1, 1636469455639, 1636469455815, 176, 0, 176, 0, 0, 0
15934, 1, 1636469455655, 1636469455831, 176, 0, 176, 0, 0, 0
15935, 1, 1636469455663, 1636469455839, 176, 0, 176, 0, 0, 0
15936, 1, 1636469455691, 1636469455863, 172, 0, 172, 0, 0, 0
15937, 1, 1636469455699, 1636469455871, 172, 0, 172, 0, 0, 0
15938, 1, 1636469455707, 1636469455879, 172, 0, 172, 0, 0, 0
15940, 1, 1636469455807, 1636469455979, 172, 0, 172, 0, 0, 0
15942, 1, 1636469455863, 1636469456035, 172, 0, 172, 0, 0, 0
15943, 1, 1636469455987, 1636469456159, 172, 0, 172, 0, 0, 0
15944, 1, 1636469456027, 1636469456199, 172, 0, 172, 0, 0, 0
15939, 1, 1636469456047, 1636469456223, 176, 0, 176, 0, 0, 0
15945, 1, 1636469456083, 1636469456255, 172, 0, 172, 0, 0, 0
15946, 1, 1636469456171, 1636469456343, 172, 0, 172, 0, 0, 0
15947, 1, 1636469456275, 1636469456447, 172, 0, 172, 0, 0, 0
15948, 1, 1636469456283, 1636469456455, 172, 0, 172, 0, 0, 0
15949, 1, 1636469456287, 1636469456459, 172, 0, 172, 0, 0, 0
15950, 1, 1636469456295, 1636469456467, 172, 0, 172, 0, 0, 0
15951, 1, 1636469456315, 1636469456487, 172, 0, 172, 0, 0, 0
15952, 1, 1636469456323, 1636469456495, 172, 0, 172, 0, 0, 0
15953, 1, 1636469456347, 1636469456519, 172, 0, 172, 0, 0, 0
15954, 1, 1636469456355, 1636469456527, 172, 0, 172, 0, 0, 0
15955, 1, 1636469456363, 1636469456535, 172, 0, 172, 0, 0, 0
15956, 1, 1636469456463, 1636469456639, 176, 0, 176, 0, 0, 0
15957, 1, 1636469456515, 1636469456687, 172, 0, 172, 0, 0, 0
15958, 1, 1636469456643, 1636469456815, 172, 0, 172, 0, 0, 0
15959, 1, 1636469456683, 1636469456859, 176, 0, 176, 0, 0, 0
15960, 1, 1636469456695, 1636469456867, 172, 0, 172, 0, 0, 0
15961, 1, 1636469456695, 1636469456867, 172, 0, 172, 0, 0, 0
15962, 1, 1636469456739, 1636469456911, 172, 0, 172, 0, 0, 0
15963, 1, 1636469456823, 1636469456995, 172, 0, 172, 0, 0, 0
15966, 1, 1636469456935, 1636469457107, 172, 0, 172, 0, 0, 0
15964, 1, 1636469456935, 1636469457107, 172, 0, 172, 0, 0, 0
15965, 1, 1636469456943, 1636469457115, 172, 0, 172, 0, 0, 0
15967, 1, 1636469456951, 1636469457123, 172, 0, 172, 0, 0, 0
15968, 1, 1636469456967, 1636469457143, 176, 0, 176, 0, 0, 0
15969, 1, 1636469456975, 1636469457151, 176, 0, 176, 0, 0, 0
15970, 1, 1636469457007, 1636469457179, 172, 0, 172, 0, 0, 0
15972, 1, 1636469457023, 1636469457195, 172, 0, 172, 0, 0, 0
15973, 1, 1636469457047, 1636469457219, 172, 0, 172, 0, 0, 0
15974, 1, 1636469457135, 1636469457311, 176, 0, 176, 0, 0, 0
15975, 1, 1636469457175, 1636469457347, 172, 0, 172, 0, 0, 0
15976, 1, 1636469457315, 1636469457487, 172, 0, 172, 0, 0, 0
15978, 1, 1636469457351, 1636469457523, 172, 0, 172, 0, 0, 0
15979, 1, 1636469457351, 1636469457523, 172, 0, 172, 0, 0, 0
15981, 1, 1636469457411, 1636469457583, 172, 0, 172, 0, 0, 0
15982, 1, 1636469457483, 1636469457655, 172, 0, 172, 0, 0, 0
15984, 1, 1636469457591, 1636469457763, 172, 0, 172, 0, 0, 0
15983, 1, 1636469457591, 1636469457763, 172, 0, 172, 0, 0, 0
15985, 1, 1636469457599, 1636469457771, 172, 0, 172, 0, 0, 0
15986, 1, 1636469457607, 1636469457779, 172, 0, 172, 0, 0, 0
15987, 1, 1636469457619, 1636469457799, 180, 0, 180, 0, 0, 0
15988, 1, 1636469457639, 1636469457819, 180, 0, 180, 0, 0, 0
15980, 1, 1636469457663, 1636469457835, 172, 0, 172, 0, 0, 0
15989, 1, 1636469457663, 1636469457839, 176, 0, 176, 0, 0, 0
15990, 1, 1636469457679, 1636469457851, 172, 0, 172, 0, 0, 0
15991, 1, 1636469457699, 1636469457875, 176, 0, 176, 0, 0, 0
15992, 1, 1636469457791, 1636469457963, 172, 0, 172, 0, 0, 0
15993, 1, 1636469457831, 1636469458003, 172, 0, 172, 0, 0, 0
15994, 1, 1636469457975, 1636469458147, 172, 0, 172, 0, 0, 0
15995, 1, 1636469458011, 1636469458183, 172, 0, 172, 0, 0, 0
15996, 1, 1636469458011, 1636469458183, 172, 0, 172, 0, 0, 0
15997, 1, 1636469458067, 1636469458243, 176, 0, 176, 0, 0, 0
15998, 1, 1636469458135, 1636469458307, 172, 0, 172, 0, 0, 0
16001, 1, 1636469458243, 1636469458415, 172, 0, 172, 0, 0, 0
16000, 1, 1636469458247, 1636469458419, 172, 0, 172, 0, 0, 0
16002, 1, 1636469458251, 1636469458423, 172, 0, 172, 0, 0, 0
16003, 1, 1636469458259, 1636469458435, 176, 0, 176, 0, 0, 0
16004, 1, 1636469458279, 1636469458455, 176, 0, 176, 0, 0, 0
16005, 1, 1636469458299, 1636469458471, 172, 0, 172, 0, 0, 0
16007, 1, 1636469458315, 1636469458487, 172, 0, 172, 0, 0, 0
16006, 1, 1636469458319, 1636469458491, 172, 0, 172, 0, 0, 0
16008, 1, 1636469458331, 1636469458503, 172, 0, 172, 0, 0, 0
16009, 1, 1636469458359, 1636469458531, 172, 0, 172, 0, 0, 0
16010, 1, 1636469458443, 1636469458615, 172, 0, 172, 0, 0, 0
15999, 1, 1636469458483, 1636469458655, 172, 0, 172, 0, 0, 0
16011, 1, 1636469458495, 1636469458667, 172, 0, 172, 0, 0, 0
16012, 1, 1636469458631, 1636469458803, 172, 0, 172, 0, 0, 0
16014, 1, 1636469458667, 1636469458843, 176, 0, 176, 0, 0, 0
16013, 1, 1636469458667, 1636469458847, 180, 0, 180, 0, 0, 0
16015, 1, 1636469458727, 1636469458899, 172, 0, 172, 0, 0, 0
16016, 1, 1636469458791, 1636469458967, 176, 0, 176, 0, 0, 0
16017, 1, 1636469458895, 1636469459071, 176, 0, 176, 0, 0, 0
16019, 1, 1636469458903, 1636469459075, 172, 0, 172, 0, 0, 0
16020, 1, 1636469458919, 1636469459091, 172, 0, 172, 0, 0, 0
16021, 1, 1636469458939, 1636469459111, 172, 0, 172, 0, 0, 0
16022, 1, 1636469458955, 1636469459131, 176, 0, 176, 0, 0, 0
16023, 1, 1636469458975, 1636469459151, 176, 0, 176, 0, 0, 0
16024, 1, 1636469458975, 1636469459155, 180, 0, 180, 0, 0, 0
16025, 1, 1636469458987, 1636469459159, 172, 0, 172, 0, 0, 0
16026, 1, 1636469459027, 1636469459199, 172, 0, 172, 0, 0, 0
15977, 1, 1636469459095, 1636469459267, 172, 0, 172, 0, 0, 0
16027, 1, 1636469459111, 1636469459283, 172, 0, 172, 0, 0, 0
16028, 1, 1636469459139, 1636469459311, 172, 0, 172, 0, 0, 0
16018, 1, 1636469459247, 1636469459419, 172, 0, 172, 0, 0, 0
16030, 1, 1636469459291, 1636469459467, 176, 0, 176, 0, 0, 0
16032, 1, 1636469459331, 1636469459507, 176, 0, 176, 0, 0, 0
16031, 1, 1636469459334, 1636469459507, 173, 1, 172, 0, 0, 0
16033, 1, 1636469459355, 1636469459527, 172, 0, 172, 0, 0, 0
16034, 1, 1636469459383, 1636469459559, 176, 0, 176, 0, 0, 0
16029, 1, 1636469459443, 1636469459615, 172, 0, 172, 0, 0, 0
16035, 1, 1636469459463, 1636469459635, 172, 0, 172, 0, 0, 0
16037, 1, 1636469459551, 1636469459723, 172, 0, 172, 0, 0, 0
16038, 1, 1636469459575, 1636469459747, 172, 0, 172, 0, 0, 0
16039, 1, 1636469459599, 1636469459771, 172, 0, 172, 0, 0, 0
16040, 1, 1636469459619, 1636469459795, 176, 0, 176, 0, 0, 0
16041, 1, 1636469459635, 1636469459807, 172, 0, 172, 0, 0, 0
16042, 1, 1636469459647, 1636469459819, 172, 0, 172, 0, 0, 0
16044, 1, 1636469459687, 1636469459863, 176, 0, 176, 0, 0, 0
16043, 1, 1636469459703, 1636469459879, 176, 0, 176, 0, 0, 0
16045, 1, 1636469459751, 1636469459927, 176, 0, 176, 0, 0, 0
16046, 1, 1636469459775, 1636469459951, 176, 0, 176, 0, 0, 0
16036, 1, 1636469459791, 1636469459963, 172, 0, 172, 0, 0, 0
16047, 1, 1636469459795, 1636469459967, 172, 0, 172, 0, 0, 0
16048, 1, 1636469459915, 1636469460087, 172, 0, 172, 0, 0, 0
16050, 1, 1636469459987, 1636469460159, 172, 0, 172, 0, 0, 0
16051, 1, 1636469459999, 1636469460171, 172, 0, 172, 0, 0, 0
16052, 1, 1636469460019, 1636469460191, 172, 0, 172, 0, 0, 0
16053, 1, 1636469460047, 1636469460219, 172, 0, 172, 0, 0, 0
16054, 1, 1636469460103, 1636469460275, 172, 0, 172, 0, 0, 0
16055, 1, 1636469460123, 1636469460295, 172, 0, 172, 0, 0, 0
16049, 1, 1636469460139, 1636469460311, 172, 0, 172, 0, 0, 0
16056, 1, 1636469460203, 1636469460375, 172, 0, 172, 0, 0, 0
16057, 1, 1636469460231, 1636469460403, 172, 0, 172, 0, 0, 0
16058, 1, 1636469460251, 1636469460423, 172, 0, 172, 0, 0, 0
16059, 1, 1636469460279, 1636469460451, 172, 0, 172, 0, 0, 0
16060, 1, 1636469460287, 1636469460459, 172, 0, 172, 0, 0, 0
16061, 1, 1636469460307, 1636469460479, 172, 0, 172, 0, 0, 0
16062, 1, 1636469460343, 1636469460515, 172, 0, 172, 0, 0, 0
16063, 1, 1636469460363, 1636469460535, 172, 0, 172, 0, 0, 0
16064, 1, 1636469460411, 1636469460583, 172, 0, 172, 0, 0, 0
16066, 1, 1636469460443, 1636469460615, 172, 0, 172, 0, 0, 0
16067, 1, 1636469460447, 1636469460619, 172, 0, 172, 0, 0, 0
16065, 1, 1636469460451, 1636469460623, 172, 0, 172, 0, 0, 0
16068, 1, 1636469460571, 1636469460743, 172, 0, 172, 0, 0, 0
16069, 1, 1636469460639, 1636469460815, 176, 0, 176, 0, 0, 0
16070, 1, 1636469460651, 1636469460823, 172, 0, 172, 0, 0, 0
16071, 1, 1636469460671, 1636469460843, 172, 0, 172, 0, 0, 0
16072, 1, 1636469460703, 1636469460875, 172, 0, 172, 0, 0, 0
16073, 1, 1636469460759, 1636469460935, 176, 0, 176, 0, 0, 0
16074, 1, 1636469460803, 1636469460975, 172, 0, 172, 0, 0, 0
16076, 1, 1636469460859, 1636469461031, 172, 0, 172, 0, 0, 0
16077, 1, 1636469460891, 1636469461063, 172, 0, 172, 0, 0, 0
16078, 1, 1636469460911, 1636469461083, 172, 0, 172, 0, 0, 0
16079, 1, 1636469460939, 1636469461111, 172, 0, 172, 0, 0, 0
16080, 1, 1636469460947, 1636469461119, 172, 0, 172, 0, 0, 0
16081, 1, 1636469460963, 1636469461135, 172, 0, 172, 0, 0, 0
16082, 1, 1636469461003, 1636469461175, 172, 0, 172, 0, 0, 0
16083, 1, 1636469461015, 1636469461191, 176, 0, 176, 0, 0, 0
16084, 1, 1636469461067, 1636469461239, 172, 0, 172, 0, 0, 0
16086, 1, 1636469461095, 1636469461267, 172, 0, 172, 0, 0, 0
16085, 1, 1636469461103, 1636469461283, 180, 0, 180, 0, 0, 0
16087, 1, 1636469461115, 1636469461291, 176, 0, 176, 0, 0, 0
16075, 1, 1636469461151, 1636469461323, 172, 0, 172, 0, 0, 0
16088, 1, 1636469461231, 1636469461403, 172, 0, 172, 0, 0, 0
16089, 1, 1636469461299, 1636469461475, 176, 0, 176, 0, 0, 0
16090, 1, 1636469461307, 1636469461483, 176, 0, 176, 0, 0, 0
16091, 1, 1636469461323, 1636469461495, 172, 0, 172, 0, 0, 0
16092, 1, 1636469461359, 1636469461531, 172, 0, 172, 0, 0, 0
16093, 1, 1636469461415, 1636469461587, 172, 0, 172, 0, 0, 0
16094, 1, 1636469461467, 1636469461639, 172, 0, 172, 0, 0, 0
16095, 1, 1636469461511, 1636469461683, 172, 0, 172, 0, 0, 0
16096, 1, 1636469461547, 1636469461719, 172, 0, 172, 0, 0, 0
16097, 1, 1636469461559, 1636469461731, 172, 0, 172, 0, 0, 0
16098, 1, 1636469461595, 1636469461771, 176, 0, 176, 0, 0, 0
16099, 1, 1636469461599, 1636469461771, 172, 0, 172, 0, 0, 0
16100, 1, 1636469461615, 1636469461791, 176, 0, 176, 0, 0, 0
16101, 1, 1636469461659, 1636469461831, 172, 0, 172, 0, 0, 0
16103, 1, 1636469461723, 1636469461899, 176, 0, 176, 0, 0, 0
16104, 1, 1636469461747, 1636469461923, 176, 0, 176, 0, 0, 0
16105, 1, 1636469461767, 1636469461943, 176, 0, 176, 0, 0, 0
16107, 1, 1636469461807, 1636469461983, 176, 0, 176, 0, 0, 0
16106, 1, 1636469461855, 1636469462027, 172, 0, 172, 0, 0, 0
16108, 1, 1636469461883, 1636469462059, 176, 0, 176, 0, 0, 0
16102, 1, 1636469461895, 1636469462071, 176, 0, 176, 0, 0, 0
16109, 1, 1636469461955, 1636469462127, 172, 0, 172, 0, 0, 0
16110, 1, 1636469461975, 1636469462147, 172, 0, 172, 0, 0, 0
16111, 1, 1636469461987, 1636469462159, 172, 0, 172, 0, 0, 0
16112, 1, 1636469462015, 1636469462187, 172, 0, 172, 0, 0, 0
16113, 1, 1636469462075, 1636469462247, 172, 0, 172, 0, 0, 0
16115, 1, 1636469462163, 1636469462335, 172, 0, 172, 0, 0, 0
16114, 1, 1636469462206, 1636469462379, 173, 1, 172, 0, 0, 0
16116, 1, 1636469462215, 1636469462386, 171, 0, 171, 0, 0, 0
16117, 1, 1636469462215, 1636469462387, 172, 0, 172, 0, 0, 0
16119, 1, 1636469462263, 1636469462435, 172, 0, 172, 0, 0, 0
16118, 1, 1636469462263, 1636469462435, 172, 0, 172, 0, 0, 0
16120, 1, 1636469462279, 1636469462451, 172, 0, 172, 0, 0, 0
16121, 1, 1636469462323, 1636469462495, 172, 0, 172, 0, 0, 0
16122, 1, 1636469462383, 1636469462558, 175, 0, 175, 0, 0, 0
16123, 1, 1636469462399, 1636469462571, 172, 0, 172, 0, 0, 0
16124, 1, 1636469462427, 1636469462603, 176, 0, 176, 0, 0, 0
16125, 1, 1636469462467, 1636469462643, 176, 0, 176, 0, 0, 0
16126, 1, 1636469462511, 1636469462683, 172, 0, 172, 0, 0, 0
16127, 1, 1636469462547, 1636469462723, 176, 0, 176, 0, 0, 0
16128, 1, 1636469462555, 1636469462727, 172, 0, 172, 0, 0, 0
16129, 1, 1636469462615, 1636469462787, 172, 0, 172, 0, 0, 0
16130, 1, 1636469462639, 1636469462811, 172, 0, 172, 0, 0, 0
16131, 1, 1636469462643, 1636469462815, 172, 0, 172, 0, 0, 0
16132, 1, 1636469462671, 1636469462843, 172, 0, 172, 0, 0, 0
16133, 1, 1636469462735, 1636469462907, 172, 0, 172, 0, 0, 0
16134, 1, 1636469462819, 1636469462991, 172, 0, 172, 0, 0, 0
16135, 1, 1636469462867, 1636469463039, 172, 0, 172, 0, 0, 0
16136, 1, 1636469462871, 1636469463043, 172, 0, 172, 0, 0, 0
16137, 1, 1636469462871, 1636469463043, 172, 0, 172, 0, 0, 0
16139, 1, 1636469462911, 1636469463083, 172, 0, 172, 0, 0, 0
16138, 1, 1636469462915, 1636469463087, 172, 0, 172, 0, 0, 0
16140, 1, 1636469462939, 1636469463111, 172, 0, 172, 0, 0, 0
16141, 1, 1636469462983, 1636469463159, 176, 0, 176, 0, 0, 0
16142, 1, 1636469463043, 1636469463215, 172, 0, 172, 0, 0, 0
16143, 1, 1636469463047, 1636469463223, 176, 0, 176, 0, 0, 0
16144, 1, 1636469463087, 1636469463259, 172, 0, 172, 0, 0, 0
16145, 1, 1636469463127, 1636469463299, 172, 0, 172, 0, 0, 0
16146, 1, 1636469463167, 1636469463339, 172, 0, 172, 0, 0, 0
16148, 1, 1636469463207, 1636469463379, 172, 0, 172, 0, 0, 0
16149, 1, 1636469463267, 1636469463439, 172, 0, 172, 0, 0, 0
16150, 1, 1636469463291, 1636469463463, 172, 0, 172, 0, 0, 0
16151, 1, 1636469463295, 1636469463467, 172, 0, 172, 0, 0, 0
16152, 1, 1636469463339, 1636469463515, 176, 0, 176, 0, 0, 0
16153, 1, 1636469463387, 1636469463559, 172, 0, 172, 0, 0, 0
16154, 1, 1636469463467, 1636469463643, 176, 0, 176, 0, 0, 0
16147, 1, 1636469463471, 1636469463643, 172, 0, 172, 0, 0, 0
16155, 1, 1636469463519, 1636469463695, 176, 0, 176, 0, 0, 0
16156, 1, 1636469463523, 1636469463695, 172, 0, 172, 0, 0, 0
16157, 1, 1636469463527, 1636469463699, 172, 0, 172, 0, 0, 0
16158, 1, 1636469463559, 1636469463731, 172, 0, 172, 0, 0, 0
16159, 1, 1636469463567, 1636469463739, 172, 0, 172, 0, 0, 0
16160, 1, 1636469463591, 1636469463763, 172, 0, 172, 0, 0, 0
16161, 1, 1636469463647, 1636469463819, 172, 0, 172, 0, 0, 0
16162, 1, 1636469463695, 1636469463875, 180, 0, 180, 0, 0, 0
16163, 1, 1636469463707, 1636469463883, 176, 0, 176, 0, 0, 0
16164, 1, 1636469463755, 1636469463927, 172, 0, 172, 0, 0, 0
16165, 1, 1636469463782, 1636469463955, 173, 1, 172, 0, 0, 0
16166, 1, 1636469463827, 1636469463999, 172, 0, 172, 0, 0, 0
16167, 1, 1636469463863, 1636469464035, 172, 0, 172, 0, 0, 0
16168, 1, 1636469463931, 1636469464107, 176, 0, 176, 0, 0, 0
16169, 1, 1636469463947, 1636469464118, 171, 0, 171, 0, 0, 0
16170, 1, 1636469463959, 1636469464138, 179, 0, 179, 0, 0, 0
16171, 1, 1636469464003, 1636469464175, 172, 0, 172, 0, 0, 0
16172, 1, 1636469464047, 1636469464223, 176, 0, 176, 0, 0, 0
16174, 1, 1636469464123, 1636469464295, 172, 0, 172, 0, 0, 0
16173, 1, 1636469464126, 1636469464299, 173, 1, 172, 0, 0, 0
16175, 1, 1636469464179, 1636469464351, 172, 0, 172, 0, 0, 0
16176, 1, 1636469464179, 1636469464351, 172, 0, 172, 0, 0, 0
16177, 1, 1636469464187, 1636469464359, 172, 0, 172, 0, 0, 0
16178, 1, 1636469464211, 1636469464383, 172, 0, 172, 0, 0, 0
16179, 1, 1636469464231, 1636469464403, 172, 0, 172, 0, 0, 0
16180, 1, 1636469464251, 1636469464423, 172, 0, 172, 0, 0, 0
16181, 1, 1636469464299, 1636469464471, 172, 0, 172, 0, 0, 0
16182, 1, 1636469464363, 1636469464535, 172, 0, 172, 0, 0, 0
16183, 1, 1636469464371, 1636469464543, 172, 0, 172, 0, 0, 0
16184, 1, 1636469464419, 1636469464591, 172, 0, 172, 0, 0, 0
16186, 1, 1636469464483, 1636469464655, 172, 0, 172, 0, 0, 0
16187, 1, 1636469464519, 1636469464691, 172, 0, 172, 0, 0, 0
16185, 1, 1636469464579, 1636469464751, 172, 0, 172, 0, 0, 0
16188, 1, 1636469464583, 1636469464755, 172, 0, 172, 0, 0, 0
16189, 1, 1636469464603, 1636469464775, 172, 0, 172, 0, 0, 0
16190, 1, 1636469464619, 1636469464791, 172, 0, 172, 0, 0, 0
16191, 1, 1636469464655, 1636469464827, 172, 0, 172, 0, 0, 0
16192, 1, 1636469464715, 1636469464887, 172, 0, 172, 0, 0, 0
16193, 1, 1636469464771, 1636469464947, 176, 0, 176, 0, 0, 0
16195, 1, 1636469464831, 1636469465003, 172, 0, 172, 0, 0, 0
16194, 1, 1636469464831, 1636469465003, 172, 0, 172, 0, 0, 0
16196, 1, 1636469464835, 1636469465007, 172, 0, 172, 0, 0, 0
16197, 1, 1636469464859, 1636469465031, 172, 0, 172, 0, 0, 0
16198, 1, 1636469464891, 1636469465063, 172, 0, 172, 0, 0, 0
16199, 1, 1636469464903, 1636469465079, 176, 0, 176, 0, 0, 0
16200, 1, 1636469464951, 1636469465123, 172, 0, 172, 0, 0, 0
16201, 1, 1636469465015, 1636469465187, 172, 0, 172, 0, 0, 0
16202, 1, 1636469465027, 1636469465199, 172, 0, 172, 0, 0, 0
16203, 1, 1636469465079, 1636469465251, 172, 0, 172, 0, 0, 0
16204, 1, 1636469465139, 1636469465311, 172, 0, 172, 0, 0, 0
16205, 1, 1636469465175, 1636469465347, 172, 0, 172, 0, 0, 0
16206, 1, 1636469465235, 1636469465407, 172, 0, 172, 0, 0, 0
16207, 1, 1636469465235, 1636469465407, 172, 0, 172, 0, 0, 0
16208, 1, 1636469465259, 1636469465431, 172, 0, 172, 0, 0, 0
16209, 1, 1636469465275, 1636469465451, 176, 0, 176, 0, 0, 0
16210, 1, 1636469465311, 1636469465483, 172, 0, 172, 0, 0, 0
16211, 1, 1636469465371, 1636469465547, 176, 0, 176, 0, 0, 0
16212, 1, 1636469465423, 1636469465595, 172, 0, 172, 0, 0, 0
16213, 1, 1636469465483, 1636469465655, 172, 0, 172, 0, 0, 0
16215, 1, 1636469465487, 1636469465659, 172, 0, 172, 0, 0, 0
16214, 1, 1636469465487, 1636469465659, 172, 0, 172, 0, 0, 0
16216, 1, 1636469465515, 1636469465687, 172, 0, 172, 0, 0, 0
16217, 1, 1636469465539, 1636469465715, 176, 0, 176, 0, 0, 0
16218, 1, 1636469465563, 1636469465739, 176, 0, 176, 0, 0, 0
16219, 1, 1636469465603, 1636469465775, 172, 0, 172, 0, 0, 0
16220, 1, 1636469465667, 1636469465839, 172, 0, 172, 0, 0, 0
16222, 1, 1636469465739, 1636469465911, 172, 0, 172, 0, 0, 0
16223, 1, 1636469465795, 1636469465967, 172, 0, 172, 0, 0, 0
16221, 1, 1636469465827, 1636469465999, 172, 0, 172, 0, 0, 0
16224, 1, 1636469465831, 1636469466003, 172, 0, 172, 0, 0, 0
16225, 1, 1636469465883, 1636469466055, 172, 0, 172, 0, 0, 0
16226, 1, 1636469465887, 1636469466059, 172, 0, 172, 0, 0, 0
16227, 1, 1636469465911, 1636469466083, 172, 0, 172, 0, 0, 0
16228, 1, 1636469465939, 1636469466111, 172, 0, 172, 0, 0, 0
16229, 1, 1636469465963, 1636469466135, 172, 0, 172, 0, 0, 0
16230, 1, 1636469466035, 1636469466207, 172, 0, 172, 0, 0, 0
16231, 1, 1636469466083, 1636469466255, 172, 0, 172, 0, 0, 0
16232, 1, 1636469466135, 1636469466307, 172, 0, 172, 0, 0, 0
16234, 1, 1636469466147, 1636469466319, 172, 0, 172, 0, 0, 0
16233, 1, 1636469466147, 1636469466323, 176, 0, 176, 0, 0, 0
16235, 1, 1636469466170, 1636469466343, 173, 1, 172, 0, 0, 0
16236, 1, 1636469466199, 1636469466371, 172, 0, 172, 0, 0, 0
16237, 1, 1636469466223, 1636469466395, 172, 0, 172, 0, 0, 0
16238, 1, 1636469466255, 1636469466427, 172, 0, 172, 0, 0, 0
16239, 1, 1636469466323, 1636469466499, 176, 0, 176, 0, 0, 0
16240, 1, 1636469466395, 1636469466567, 172, 0, 172, 0, 0, 0
16241, 1, 1636469466447, 1636469466619, 172, 0, 172, 0, 0, 0
16243, 1, 1636469466483, 1636469466655, 172, 0, 172, 0, 0, 0
16245, 1, 1636469466535, 1636469466707, 172, 0, 172, 0, 0, 0
16244, 1, 1636469466535, 1636469466707, 172, 0, 172, 0, 0, 0
16246, 1, 1636469466563, 1636469466735, 172, 0, 172, 0, 0, 0
16247, 1, 1636469466591, 1636469466762, 171, 0, 171, 0, 0, 0
16248, 1, 1636469466619, 1636469466795, 176, 0, 176, 0, 0, 0
16249, 1, 1636469466691, 1636469466863, 172, 0, 172, 0, 0, 0
16250, 1, 1636469466735, 1636469466907, 172, 0, 172, 0, 0, 0
16242, 1, 1636469466743, 1636469466915, 172, 0, 172, 0, 0, 0
16251, 1, 1636469466795, 1636469466967, 172, 0, 172, 0, 0, 0
16253, 1, 1636469466803, 1636469466975, 172, 0, 172, 0, 0, 0
16252, 1, 1636469466803, 1636469466975, 172, 0, 172, 0, 0, 0
16254, 1, 1636469466827, 1636469466999, 172, 0, 172, 0, 0, 0
16255, 1, 1636469466851, 1636469467023, 172, 0, 172, 0, 0, 0
16256, 1, 1636469466879, 1636469467051, 172, 0, 172, 0, 0, 0
16257, 1, 1636469466915, 1636469467087, 172, 0, 172, 0, 0, 0
16258, 1, 1636469466983, 1636469467155, 172, 0, 172, 0, 0, 0
16259, 1, 1636469467055, 1636469467227, 172, 0, 172, 0, 0, 0
16260, 1, 1636469467103, 1636469467275, 172, 0, 172, 0, 0, 0
16261, 1, 1636469467135, 1636469467307, 172, 0, 172, 0, 0, 0
16262, 1, 1636469467179, 1636469467351, 172, 0, 172, 0, 0, 0
16263, 1, 1636469467191, 1636469467363, 172, 0, 172, 0, 0, 0
16264, 1, 1636469467219, 1636469467391, 172, 0, 172, 0, 0, 0
16265, 1, 1636469467243, 1636469467415, 172, 0, 172, 0, 0, 0
16266, 1, 1636469467275, 1636469467447, 172, 0, 172, 0, 0, 0
16267, 1, 1636469467359, 1636469467531, 172, 0, 172, 0, 0, 0
16268, 1, 1636469467387, 1636469467563, 176, 0, 176, 0, 0, 0
16269, 1, 1636469467395, 1636469467567, 172, 0, 172, 0, 0, 0
16270, 1, 1636469467447, 1636469467619, 172, 0, 172, 0, 0, 0
16272, 1, 1636469467459, 1636469467639, 180, 0, 180, 0, 0, 0
16271, 1, 1636469467459, 1636469467639, 180, 0, 180, 0, 0, 0
16273, 1, 1636469467479, 1636469467659, 180, 0, 180, 0, 0, 0
16274, 1, 1636469467543, 1636469467719, 176, 0, 176, 0, 0, 0
16275, 1, 1636469467571, 1636469467747, 176, 0, 176, 0, 0, 0
16276, 1, 1636469467643, 1636469467819, 176, 0, 176, 0, 0, 0
16277, 1, 1636469467711, 1636469467883, 172, 0, 172, 0, 0, 0
16278, 1, 1636469467759, 1636469467931, 172, 0, 172, 0, 0, 0
16279, 1, 1636469467791, 1636469467963, 172, 0, 172, 0, 0, 0
16280, 1, 1636469467839, 1636469468011, 172, 0, 172, 0, 0, 0
16281, 1, 1636469467859, 1636469468031, 172, 0, 172, 0, 0, 0
16282, 1, 1636469467883, 1636469468059, 176, 0, 176, 0, 0, 0
16283, 1, 1636469467903, 1636469468079, 176, 0, 176, 0, 0, 0
16284, 1, 1636469467935, 1636469468107, 172, 0, 172, 0, 0, 0
16285, 1, 1636469468019, 1636469468195, 176, 0, 176, 0, 0, 0
16286, 1, 1636469468043, 1636469468215, 172, 0, 172, 0, 0, 0
16287, 1, 1636469468055, 1636469468231, 176, 0, 176, 0, 0, 0
16288, 1, 1636469468095, 1636469468267, 172, 0, 172, 0, 0, 0
16290, 1, 1636469468123, 1636469468295, 172, 0, 172, 0, 0, 0
16289, 1, 1636469468131, 1636469468303, 172, 0, 172, 0, 0, 0
16291, 1, 1636469468151, 1636469468327, 176, 0, 176, 0, 0, 0
16292, 1, 1636469468211, 1636469468383, 172, 0, 172, 0, 0, 0
16293, 1, 1636469468239, 1636469468410, 171, 0, 171, 0, 0, 0
16294, 1, 1636469468307, 1636469468479, 172, 0, 172, 0, 0, 0
16295, 1, 1636469468387, 1636469468559, 172, 0, 172, 0, 0, 0
16296, 1, 1636469468423, 1636469468595, 172, 0, 172, 0, 0, 0
16297, 1, 1636469468451, 1636469468623, 172, 0, 172, 0, 0, 0
16298, 1, 1636469468499, 1636469468671, 172, 0, 172, 0, 0, 0
16299, 1, 1636469468515, 1636469468691, 176, 0, 176, 0, 0, 0
16300, 1, 1636469468547, 1636469468719, 172, 0, 172, 0, 0, 0
16301, 1, 1636469468563, 1636469468735, 172, 0, 172, 0, 0, 0
16302, 1, 1636469468591, 1636469468763, 172, 0, 172, 0, 0, 0
16303, 1, 1636469468679, 1636469468855, 176, 0, 176, 0, 0, 0
16304, 1, 1636469468695, 1636469468867, 172, 0, 172, 0, 0, 0
16305, 1, 1636469468711, 1636469468887, 176, 0, 176, 0, 0, 0
16306, 1, 1636469468751, 1636469468923, 172, 0, 172, 0, 0, 0
16307, 1, 1636469468779, 1636469468951, 172, 0, 172, 0, 0, 0
16308, 1, 1636469468783, 1636469468955, 172, 0, 172, 0, 0, 0
16309, 1, 1636469468811, 1636469468983, 172, 0, 172, 0, 0, 0
16310, 1, 1636469468867, 1636469469039, 172, 0, 172, 0, 0, 0
16311, 1, 1636469468891, 1636469469063, 172, 0, 172, 0, 0, 0
16312, 1, 1636469468963, 1636469469135, 172, 0, 172, 0, 0, 0
16313, 1, 1636469469047, 1636469469219, 172, 0, 172, 0, 0, 0
16314, 1, 1636469469079, 1636469469251, 172, 0, 172, 0, 0, 0
16315, 1, 1636469469107, 1636469469283, 176, 0, 176, 0, 0, 0
16316, 1, 1636469469159, 1636469469331, 172, 0, 172, 0, 0, 0
16317, 1, 1636469469175, 1636469469347, 172, 0, 172, 0, 0, 0
16318, 1, 1636469469199, 1636469469375, 176, 0, 176, 0, 0, 0
16319, 1, 1636469469219, 1636469469391, 172, 0, 172, 0, 0, 0
16320, 1, 1636469469243, 1636469469415, 172, 0, 172, 0, 0, 0
16321, 1, 1636469469339, 1636469469511, 172, 0, 172, 0, 0, 0
16322, 1, 1636469469347, 1636469469519, 172, 0, 172, 0, 0, 0
16323, 1, 1636469469367, 1636469469543, 176, 0, 176, 0, 0, 0
16324, 1, 1636469469403, 1636469469575, 172, 0, 172, 0, 0, 0
16325, 1, 1636469469431, 1636469469603, 172, 0, 172, 0, 0, 0
16326, 1, 1636469469443, 1636469469615, 172, 0, 172, 0, 0, 0
16327, 1, 1636469469463, 1636469469635, 172, 0, 172, 0, 0, 0
16328, 1, 1636469469519, 1636469469691, 172, 0, 172, 0, 0, 0
16329, 1, 1636469469551, 1636469469723, 172, 0, 172, 0, 0, 0
16330, 1, 1636469469615, 1636469469791, 176, 0, 176, 0, 0, 0
16331, 1, 1636469469703, 1636469469883, 180, 0, 180, 0, 0, 0
16332, 1, 1636469469727, 1636469469899, 172, 0, 172, 0, 0, 0
16333, 1, 1636469469763, 1636469469939, 176, 0, 176, 0, 0, 0
16334, 1, 1636469469819, 1636469469991, 172, 0, 172, 0, 0, 0
16335, 1, 1636469469827, 1636469470003, 176, 0, 176, 0, 0, 0
16336, 1, 1636469469859, 1636469470031, 172, 0, 172, 0, 0, 0
16337, 1, 1636469469878, 1636469470055, 177, 1, 176, 0, 0, 0
16338, 1, 1636469469903, 1636469470079, 176, 0, 176, 0, 0, 0
16339, 1, 1636469469991, 1636469470167, 176, 0, 176, 0, 0, 0
16340, 1, 1636469470007, 1636469470178, 171, 0, 171, 0, 0, 0
16342, 1, 1636469470055, 1636469470227, 172, 0, 172, 0, 0, 0
16343, 1, 1636469470087, 1636469470263, 176, 0, 176, 0, 0, 0
16344, 1, 1636469470115, 1636469470287, 172, 0, 172, 0, 0, 0
16345, 1, 1636469470123, 1636469470295, 172, 0, 172, 0, 0, 0
16346, 1, 1636469470174, 1636469470351, 177, 1, 176, 0, 0, 0
16347, 1, 1636469470211, 1636469470383, 172, 0, 172, 0, 0, 0
16341, 1, 1636469470255, 1636469470427, 172, 0, 172, 0, 0, 0
16348, 1, 1636469470275, 1636469470447, 172, 0, 172, 0, 0, 0
16349, 1, 1636469470363, 1636469470535, 172, 0, 172, 0, 0, 0
16350, 1, 1636469470383, 1636469470559, 176, 0, 176, 0, 0, 0
16351, 1, 1636469470423, 1636469470595, 172, 0, 172, 0, 0, 0
16353, 1, 1636469470487, 1636469470659, 172, 0, 172, 0, 0, 0
16354, 1, 1636469470515, 1636469470687, 172, 0, 172, 0, 0, 0
16355, 1, 1636469470539, 1636469470711, 172, 0, 172, 0, 0, 0
16356, 1, 1636469470563, 1636469470739, 176, 0, 176, 0, 0, 0
16357, 1, 1636469470651, 1636469470827, 176, 0, 176, 0, 0, 0
16358, 1, 1636469470659, 1636469470835, 176, 0, 176, 0, 0, 0
16359, 1, 1636469470711, 1636469470883, 172, 0, 172, 0, 0, 0
16352, 1, 1636469470719, 1636469470891, 172, 0, 172, 0, 0, 0
16360, 1, 1636469470751, 1636469470927, 176, 0, 176, 0, 0, 0
16361, 1, 1636469470775, 1636469470947, 172, 0, 172, 0, 0, 0
16362, 1, 1636469470775, 1636469470955, 180, 0, 180, 0, 0, 0
16363, 1, 1636469470831, 1636469471003, 172, 0, 172, 0, 0, 0
16364, 1, 1636469470863, 1636469471035, 172, 0, 172, 0, 0, 0
16365, 1, 1636469470911, 1636469471083, 172, 0, 172, 0, 0, 0
16366, 1, 1636469470939, 1636469471111, 172, 0, 172, 0, 0, 0
16367, 1, 1636469471023, 1636469471195, 172, 0, 172, 0, 0, 0
16368, 1, 1636469471047, 1636469471219, 172, 0, 172, 0, 0, 0
16369, 1, 1636469471079, 1636469471251, 172, 0, 172, 0, 0, 0
16370, 1, 1636469471143, 1636469471315, 172, 0, 172, 0, 0, 0
16371, 1, 1636469471171, 1636469471343, 172, 0, 172, 0, 0, 0
16372, 1, 1636469471195, 1636469471367, 172, 0, 172, 0, 0, 0
16373, 1, 1636469471227, 1636469471399, 172, 0, 172, 0, 0, 0
16374, 1, 1636469471315, 1636469471487, 172, 0, 172, 0, 0, 0
16375, 1, 1636469471315, 1636469471487, 172, 0, 172, 0, 0, 0
16377, 1, 1636469471363, 1636469471535, 172, 0, 172, 0, 0, 0
16376, 1, 1636469471367, 1636469471543, 176, 0, 176, 0, 0, 0
16378, 1, 1636469471407, 1636469471579, 172, 0, 172, 0, 0, 0
16380, 1, 1636469471431, 1636469471607, 176, 0, 176, 0, 0, 0
16379, 1, 1636469471435, 1636469471607, 172, 0, 172, 0, 0, 0
16381, 1, 1636469471487, 1636469471659, 172, 0, 172, 0, 0, 0
16382, 1, 1636469471515, 1636469471687, 172, 0, 172, 0, 0, 0
16383, 1, 1636469471559, 1636469471731, 172, 0, 172, 0, 0, 0
16384, 1, 1636469471599, 1636469471771, 172, 0, 172, 0, 0, 0
16385, 1, 1636469471683, 1636469471855, 172, 0, 172, 0, 0, 0
16386, 1, 1636469471699, 1636469471871, 172, 0, 172, 0, 0, 0
16387, 1, 1636469471731, 1636469471903, 172, 0, 172, 0, 0, 0
16388, 1, 1636469471803, 1636469471975, 172, 0, 172, 0, 0, 0
16389, 1, 1636469471823, 1636469471995, 172, 0, 172, 0, 0, 0
16391, 1, 1636469471879, 1636469472051, 172, 0, 172, 0, 0, 0
16393, 1, 1636469471971, 1636469472147, 176, 0, 176, 0, 0, 0
16394, 1, 1636469472031, 1636469472207, 176, 0, 176, 0, 0, 0
16390, 1, 1636469472031, 1636469472207, 176, 0, 176, 0, 0, 0
16395, 1, 1636469472063, 1636469472235, 172, 0, 172, 0, 0, 0
16396, 1, 1636469472087, 1636469472259, 172, 0, 172, 0, 0, 0
16397, 1, 1636469472091, 1636469472267, 176, 0, 176, 0, 0, 0
16398, 1, 1636469472143, 1636469472315, 172, 0, 172, 0, 0, 0
16399, 1, 1636469472171, 1636469472343, 172, 0, 172, 0, 0, 0
16400, 1, 1636469472211, 1636469472383, 172, 0, 172, 0, 0, 0
16392, 1, 1636469472231, 1636469472403, 172, 0, 172, 0, 0, 0
16401, 1, 1636469472259, 1636469472431, 172, 0, 172, 0, 0, 0
16402, 1, 1636469472339, 1636469472511, 172, 0, 172, 0, 0, 0
16403, 1, 1636469472351, 1636469472523, 172, 0, 172, 0, 0, 0
16404, 1, 1636469472387, 1636469472559, 172, 0, 172, 0, 0, 0
16405, 1, 1636469472459, 1636469472631, 172, 0, 172, 0, 0, 0
16406, 1, 1636469472539, 1636469472715, 176, 0, 176, 0, 0, 0
16407, 1, 1636469472631, 1636469472803, 172, 0, 172, 0, 0, 0
16409, 1, 1636469472687, 1636469472859, 172, 0, 172, 0, 0, 0
16408, 1, 1636469472699, 1636469472871, 172, 0, 172, 0, 0, 0
16410, 1, 1636469472727, 1636469472899, 172, 0, 172, 0, 0, 0
16411, 1, 1636469472747, 1636469472919, 172, 0, 172, 0, 0, 0
16412, 1, 1636469472751, 1636469472923, 172, 0, 172, 0, 0, 0
16414, 1, 1636469472867, 1636469473039, 172, 0, 172, 0, 0, 0
16415, 1, 1636469472887, 1636469473059, 172, 0, 172, 0, 0, 0
16416, 1, 1636469472923, 1636469473095, 172, 0, 172, 0, 0, 0
16417, 1, 1636469472995, 1636469473167, 172, 0, 172, 0, 0, 0
16418, 1, 1636469473011, 1636469473183, 172, 0, 172, 0, 0, 0
16419, 1, 1636469473047, 1636469473219, 172, 0, 172, 0, 0, 0
16413, 1, 1636469473095, 1636469473267, 172, 0, 172, 0, 0, 0
16420, 1, 1636469473111, 1636469473283, 172, 0, 172, 0, 0, 0
16421, 1, 1636469473283, 1636469473455, 172, 0, 172, 0, 0, 0
16422, 1, 1636469473335, 1636469473507, 172, 0, 172, 0, 0, 0
16423, 1, 1636469473351, 1636469473527, 176, 0, 176, 0, 0, 0
16424, 1, 1636469473391, 1636469473563, 172, 0, 172, 0, 0, 0
16425, 1, 1636469473399, 1636469473571, 172, 0, 172, 0, 0, 0
16426, 1, 1636469473407, 1636469473579, 172, 0, 172, 0, 0, 0
16427, 1, 1636469473527, 1636469473699, 172, 0, 172, 0, 0, 0
16428, 1, 1636469473539, 1636469473711, 172, 0, 172, 0, 0, 0
16429, 1, 1636469473575, 1636469473747, 172, 0, 172, 0, 0, 0
16430, 1, 1636469473655, 1636469473831, 176, 0, 176, 0, 0, 0
16431, 1, 1636469473667, 1636469473839, 172, 0, 172, 0, 0, 0
16432, 1, 1636469473695, 1636469473867, 172, 0, 172, 0, 0, 0
16433, 1, 1636469473751, 1636469473927, 176, 0, 176, 0, 0, 0
16434, 1, 1636469473891, 1636469474063, 172, 0, 172, 0, 0, 0
16435, 1, 1636469473943, 1636469474115, 172, 0, 172, 0, 0, 0
16436, 1, 1636469473987, 1636469474159, 172, 0, 172, 0, 0, 0
16437, 1, 1636469474007, 1636469474179, 172, 0, 172, 0, 0, 0
16438, 1, 1636469474055, 1636469474227, 172, 0, 172, 0, 0, 0
16439, 1, 1636469474055, 1636469474227, 172, 0, 172, 0, 0, 0
16440, 1, 1636469474067, 1636469474239, 172, 0, 172, 0, 0, 0
16441, 1, 1636469474183, 1636469474355, 172, 0, 172, 0, 0, 0
16442, 1, 1636469474203, 1636469474375, 172, 0, 172, 0, 0, 0
16443, 1, 1636469474235, 1636469474407, 172, 0, 172, 0, 0, 0
16444, 1, 1636469474315, 1636469474487, 172, 0, 172, 0, 0, 0
16445, 1, 1636469474319, 1636469474491, 172, 0, 172, 0, 0, 0
16446, 1, 1636469474351, 1636469474523, 172, 0, 172, 0, 0, 0
16447, 1, 1636469474407, 1636469474579, 172, 0, 172, 0, 0, 0
16448, 1, 1636469474543, 1636469474715, 172, 0, 172, 0, 0, 0
16449, 1, 1636469474599, 1636469474771, 172, 0, 172, 0, 0, 0
16450, 1, 1636469474639, 1636469474815, 176, 0, 176, 0, 0, 0
16451, 1, 1636469474663, 1636469474835, 172, 0, 172, 0, 0, 0
16452, 1, 1636469474715, 1636469474887, 172, 0, 172, 0, 0, 0
16454, 1, 1636469474719, 1636469474899, 180, 0, 180, 0, 0, 0
16455, 1, 1636469474835, 1636469475011, 176, 0, 176, 0, 0, 0
16456, 1, 1636469474859, 1636469475031, 172, 0, 172, 0, 0, 0
16457, 1, 1636469474891, 1636469475063, 172, 0, 172, 0, 0, 0
16453, 1, 1636469474947, 1636469475119, 172, 0, 172, 0, 0, 0
16459, 1, 1636469474975, 1636469475147, 172, 0, 172, 0, 0, 0
16458, 1, 1636469474975, 1636469475147, 172, 0, 172, 0, 0, 0
16460, 1, 1636469475015, 1636469475187, 172, 0, 172, 0, 0, 0
16461, 1, 1636469475067, 1636469475239, 172, 0, 172, 0, 0, 0
16462, 1, 1636469475203, 1636469475379, 176, 0, 176, 0, 0, 0
16463, 1, 1636469475255, 1636469475427, 172, 0, 172, 0, 0, 0
16464, 1, 1636469475295, 1636469475467, 172, 0, 172, 0, 0, 0
16465, 1, 1636469475367, 1636469475539, 172, 0, 172, 0, 0, 0
16466, 1, 1636469475383, 1636469475555, 172, 0, 172, 0, 0, 0
16467, 1, 1636469475491, 1636469475667, 176, 0, 176, 0, 0, 0
16468, 1, 1636469475507, 1636469475679, 172, 0, 172, 0, 0, 0
16469, 1, 1636469475551, 1636469475723, 172, 0, 172, 0, 0, 0
16470, 1, 1636469475603, 1636469475775, 172, 0, 172, 0, 0, 0
16472, 1, 1636469475635, 1636469475807, 172, 0, 172, 0, 0, 0
16471, 1, 1636469475635, 1636469475807, 172, 0, 172, 0, 0, 0
16473, 1, 1636469475667, 1636469475839, 172, 0, 172, 0, 0, 0
16474, 1, 1636469475723, 1636469475895, 172, 0, 172, 0, 0, 0
16475, 1, 1636469475871, 1636469476043, 172, 0, 172, 0, 0, 0
16477, 1, 1636469476031, 1636469476203, 172, 0, 172, 0, 0, 0
16478, 1, 1636469476035, 1636469476215, 180, 0, 180, 0, 0, 0
16479, 1, 1636469476147, 1636469476319, 172, 0, 172, 0, 0, 0
16480, 1, 1636469476159, 1636469476331, 172, 0, 172, 0, 0, 0
16476, 1, 1636469476219, 1636469476391, 172, 0, 172, 0, 0, 0
16481, 1, 1636469476219, 1636469476391, 172, 0, 172, 0, 0, 0
16483, 1, 1636469476295, 1636469476471, 176, 0, 176, 0, 0, 0
16484, 1, 1636469476295, 1636469476471, 176, 0, 176, 0, 0, 0
16482, 1, 1636469476375, 1636469476547, 172, 0, 172, 0, 0, 0
16486, 1, 1636469476375, 1636469476547, 172, 0, 172, 0, 0, 0
16487, 1, 1636469476527, 1636469476699, 172, 0, 172, 0, 0, 0
16485, 1, 1636469476567, 1636469476739, 172, 0, 172, 0, 0, 0
16488, 1, 1636469476687, 1636469476863, 176, 0, 176, 0, 0, 0
16489, 1, 1636469476703, 1636469476879, 176, 0, 176, 0, 0, 0
16490, 1, 1636469476803, 1636469476979, 176, 0, 176, 0, 0, 0
16491, 1, 1636469476811, 1636469476987, 176, 0, 176, 0, 0, 0
16492, 1, 1636469476883, 1636469477055, 172, 0, 172, 0, 0, 0
16493, 1, 1636469476883, 1636469477055, 172, 0, 172, 0, 0, 0
16495, 1, 1636469476963, 1636469477135, 172, 0, 172, 0, 0, 0
16494, 1, 1636469476963, 1636469477135, 172, 0, 172, 0, 0, 0
16497, 1, 1636469477035, 1636469477207, 172, 0, 172, 0, 0, 0
16498, 1, 1636469477227, 1636469477399, 172, 0, 172, 0, 0, 0
16496, 1, 1636469477315, 1636469477487, 172, 0, 172, 0, 0, 0
16499, 1, 1636469477351, 1636469477523, 172, 0, 172, 0, 0, 0
16501, 1, 1636469477459, 1636469477631, 172, 0, 172, 0, 0, 0
16502, 1, 1636469477463, 1636469477635, 172, 0, 172, 0, 0, 0
16504, 1, 1636469477535, 1636469477707, 172, 0, 172, 0, 0, 0
16503, 1, 1636469477543, 1636469477719, 176, 0, 176, 0, 0, 0
16506, 1, 1636469477623, 1636469477799, 176, 0, 176, 0, 0, 0
16505, 1, 1636469477623, 1636469477799, 176, 0, 176, 0, 0, 0
16500, 1, 1636469477667, 1636469477839, 172, 0, 172, 0, 0, 0
16507, 1, 1636469477695, 1636469477867, 172, 0, 172, 0, 0, 0
16508, 1, 1636469477975, 1636469478147, 172, 0, 172, 0, 0, 0
16509, 1, 1636469478019, 1636469478191, 172, 0, 172, 0, 0, 0
16510, 1, 1636469478107, 1636469478279, 172, 0, 172, 0, 0, 0
16511, 1, 1636469478119, 1636469478295, 176, 0, 176, 0, 0, 0
16512, 1, 1636469478187, 1636469478359, 172, 0, 172, 0, 0, 0
16513, 1, 1636469478203, 1636469478375, 172, 0, 172, 0, 0, 0
16514, 1, 1636469478287, 1636469478459, 172, 0, 172, 0, 0, 0
16515, 1, 1636469478327, 1636469478499, 172, 0, 172, 0, 0, 0
16516, 1, 1636469478347, 1636469478519, 172, 0, 172, 0, 0, 0
16517, 1, 1636469478631, 1636469478803, 172, 0, 172, 0, 0, 0
16518, 1, 1636469478675, 1636469478847, 172, 0, 172, 0, 0, 0
16519, 1, 1636469478759, 1636469478931, 172, 0, 172, 0, 0, 0
16520, 1, 1636469478775, 1636469478951, 176, 0, 176, 0, 0, 0
16521, 1, 1636469478843, 1636469479015, 172, 0, 172, 0, 0, 0
16522, 1, 1636469478863, 1636469479035, 172, 0, 172, 0, 0, 0
16523, 1, 1636469478943, 1636469479115, 172, 0, 172, 0, 0, 0
16524, 1, 1636469478999, 1636469479171, 172, 0, 172, 0, 0, 0
16525, 1, 1636469479287, 1636469479459, 172, 0, 172, 0, 0, 0
16526, 1, 1636469479411, 1636469479583, 172, 0, 172, 0, 0, 0
16527, 1, 1636469479427, 1636469479599, 172, 0, 172, 0, 0, 0
16528, 1, 1636469479495, 1636469479671, 176, 0, 176, 0, 0, 0
16529, 1, 1636469479519, 1636469479691, 172, 0, 172, 0, 0, 0
16530, 1, 1636469479603, 1636469479775, 172, 0, 172, 0, 0, 0
16531, 1, 1636469479651, 1636469479827, 176, 0, 176, 0, 0, 0
16532, 1, 1636469479943, 1636469480115, 172, 0, 172, 0, 0, 0
16533, 1, 1636469480067, 1636469480239, 172, 0, 172, 0, 0, 0
16534, 1, 1636469480079, 1636469480251, 172, 0, 172, 0, 0, 0
16535, 1, 1636469480151, 1636469480323, 172, 0, 172, 0, 0, 0
16536, 1, 1636469480171, 1636469480343, 172, 0, 172, 0, 0, 0
16537, 1, 1636469480259, 1636469480431, 172, 0, 172, 0, 0, 0
16538, 1, 1636469480307, 1636469480479, 172, 0, 172, 0, 0, 0
16539, 1, 1636469480595, 1636469480767, 172, 0, 172, 0, 0, 0
16540, 1, 1636469480715, 1636469480887, 172, 0, 172, 0, 0, 0
16541, 1, 1636469480731, 1636469480903, 172, 0, 172, 0, 0, 0
16542, 1, 1636469480803, 1636469480979, 176, 0, 176, 0, 0, 0
16543, 1, 1636469480827, 1636469480999, 172, 0, 172, 0, 0, 0
16544, 1, 1636469480915, 1636469481087, 172, 0, 172, 0, 0, 0
16545, 1, 1636469480959, 1636469481131, 172, 0, 172, 0, 0, 0
16546, 1, 1636469481247, 1636469481419, 172, 0, 172, 0, 0, 0
16547, 1, 1636469481371, 1636469481543, 172, 0, 172, 0, 0, 0
16548, 1, 1636469481387, 1636469481559, 172, 0, 172, 0, 0, 0
16549, 1, 1636469481463, 1636469481635, 172, 0, 172, 0, 0, 0
16550, 1, 1636469481483, 1636469481655, 172, 0, 172, 0, 0, 0
16551, 1, 1636469481567, 1636469481739, 172, 0, 172, 0, 0, 0
16552, 1, 1636469481615, 1636469481787, 172, 0, 172, 0, 0, 0
16553, 1, 1636469481903, 1636469482075, 172, 0, 172, 0, 0, 0
16554, 1, 1636469482027, 1636469482199, 172, 0, 172, 0, 0, 0
16555, 1, 1636469482039, 1636469482211, 172, 0, 172, 0, 0, 0
16556, 1, 1636469482115, 1636469482287, 172, 0, 172, 0, 0, 0
16557, 1, 1636469482135, 1636469482307, 172, 0, 172, 0, 0, 0
16558, 1, 1636469482219, 1636469482391, 172, 0, 172, 0, 0, 0
16559, 1, 1636469482267, 1636469482439, 172, 0, 172, 0, 0, 0
16560, 1, 1636469482567, 1636469482739, 172, 0, 172, 0, 0, 0
16561, 1, 1636469482691, 1636469482863, 172, 0, 172, 0, 0, 0
16562, 1, 1636469482763, 1636469482935, 172, 0, 172, 0, 0, 0
16563, 1, 1636469482795, 1636469482967, 172, 0, 172, 0, 0, 0
16564, 1, 1636469482879, 1636469483051, 172, 0, 172, 0, 0, 0
16565, 1, 1636469482915, 1636469483087, 172, 0, 172, 0, 0, 0
16566, 1, 1636469483223, 1636469483395, 172, 0, 172, 0, 0, 0
16567, 1, 1636469483343, 1636469483515, 172, 0, 172, 0, 0, 0
16568, 1, 1636469483415, 1636469483587, 172, 0, 172, 0, 0, 0
16569, 1, 1636469483531, 1636469483703, 172, 0, 172, 0, 0, 0
16570, 1, 1636469483563, 1636469483735, 172, 0, 172, 0, 0, 0
16571, 1, 1636469483875, 1636469484047, 172, 0, 172, 0, 0, 0
16572, 1, 1636469483995, 1636469484167, 172, 0, 172, 0, 0, 0
16573, 1, 1636469484067, 1636469484239, 172, 0, 172, 0, 0, 0
16574, 1, 1636469484211, 1636469484383, 172, 0, 172, 0, 0, 0
16575, 1, 1636469484531, 1636469484703, 172, 0, 172, 0, 0, 0
16576, 1, 1636469484647, 1636469484819, 172, 0, 172, 0, 0, 0
16577, 1, 1636469484719, 1636469484891, 172, 0, 172, 0, 0, 0
16578, 1, 1636469484867, 1636469485039, 172, 0, 172, 0, 0, 0
16579, 1, 1636469485187, 1636469485359, 172, 0, 172, 0, 0, 0
16580, 1, 1636469485299, 1636469485471, 172, 0, 172, 0, 0, 0
16581, 1, 1636469485371, 1636469485543, 172, 0, 172, 0, 0, 0
16582, 1, 1636469485519, 1636469485691, 172, 0, 172, 0, 0, 0
16583, 1, 1636469485843, 1636469486015, 172, 0, 172, 0, 0, 0
16584, 1, 1636469486023, 1636469486195, 172, 0, 172, 0, 0, 0
16585, 1, 1636469486175, 1636469486347, 172, 0, 172, 0, 0, 0
16586, 1, 1636469486499, 1636469486671, 172, 0, 172, 0, 0, 0
16587, 1, 1636469486679, 1636469486851, 172, 0, 172, 0, 0, 0
16588, 1, 1636469486831, 1636469487007, 176, 0, 176, 0, 0, 0
16589, 1, 1636469487151, 1636469487323, 172, 0, 172, 0, 0, 0
16590, 1, 1636469487339, 1636469487511, 172, 0, 172, 0, 0, 0
16591, 1, 1636469487491, 1636469487663, 172, 0, 172, 0, 0, 0
16592, 1, 1636469487811, 1636469487983, 172, 0, 172, 0, 0, 0
16593, 1, 1636469487995, 1636469488167, 172, 0, 172, 0, 0, 0
16594, 1, 1636469488147, 1636469488319, 172, 0, 172, 0, 0, 0
16595, 1, 1636469488467, 1636469488639, 172, 0, 172, 0, 0, 0
16596, 1, 1636469488647, 1636469488819, 172, 0, 172, 0, 0, 0
16597, 1, 1636469489123, 1636469489295, 172, 0, 172, 0, 0, 0
16598, 1, 1636469489303, 1636469489475, 172, 0, 172, 0, 0, 0
16599, 1, 1636469489779, 1636469489951, 172, 0, 172, 0, 0, 0
16600, 1, 1636469490435, 1636469490607, 172, 0, 172, 0, 0, 0
16601, 1, 1636469697935, 1636469698107, 172, 0, 172, 0, 0, 0
16602, 1, 1636469698499, 1636469698671, 172, 0, 172, 0, 0, 0
16603, 1, 1636469699167, 1636469699339, 172, 0, 172, 0, 0, 0
16604, 1, 1636469699823, 1636469699999, 176, 0, 176, 0, 0, 0
16605, 1, 1636469700483, 1636469700655, 172, 0, 172, 0, 0, 0
16606, 1, 1636469701131, 1636469701303, 172, 0, 172, 0, 0, 0
16607, 1, 1636469701871, 1636469702047, 176, 0, 176, 0, 0, 0
16608, 1, 1636469701983, 1636469702155, 172, 0, 172, 0, 0, 0
16609, 1, 1636469702243, 1636469702415, 172, 0, 172, 0, 0, 0
16610, 1, 1636469702463, 1636469702635, 172, 0, 172, 0, 0, 0
16611, 1, 1636469703103, 1636469703275, 172, 0, 172, 0, 0, 0
16612, 1, 1636469703163, 1636469703335, 172, 0, 172, 0, 0, 0
16613, 1, 1636469703542, 1636469703715, 173, 1, 172, 0, 0, 0
16614, 1, 1636469703791, 1636469703963, 172, 0, 172, 0, 0, 0
16615, 1, 1636469704419, 1636469704591, 172, 0, 172, 0, 0, 0
16616, 1, 1636469705067, 1636469705239, 172, 0, 172, 0, 0, 0
16617, 1, 1636469705827, 1636469705999, 172, 0, 172, 0, 0, 0
16618, 1, 1636469705923, 1636469706095, 172, 0, 172, 0, 0, 0
16619, 1, 1636469706039, 1636469706211, 172, 0, 172, 0, 0, 0
16620, 1, 1636469706175, 1636469706347, 172, 0, 172, 0, 0, 0
16621, 1, 1636469706399, 1636469706571, 172, 0, 172, 0, 0, 0
16622, 1, 1636469706843, 1636469707015, 172, 0, 172, 0, 0, 0
16623, 1, 1636469706907, 1636469707079, 172, 0, 172, 0, 0, 0
16624, 1, 1636469707063, 1636469707235, 172, 0, 172, 0, 0, 0
16625, 1, 1636469707503, 1636469707675, 172, 0, 172, 0, 0, 0
16626, 1, 1636469707571, 1636469707743, 172, 0, 172, 0, 0, 0
16627, 1, 1636469707727, 1636469707899, 172, 0, 172, 0, 0, 0
16628, 1, 1636469708255, 1636469708427, 172, 0, 172, 0, 0, 0
16629, 1, 1636469708379, 1636469708551, 172, 0, 172, 0, 0, 0
16630, 1, 1636469709023, 1636469709195, 172, 0, 172, 0, 0, 0
16631, 1, 1636469709027, 1636469709199, 172, 0, 172, 0, 0, 0
16632, 1, 1636469709743, 1636469709915, 172, 0, 172, 0, 0, 0
16633, 1, 1636469709879, 1636469710051, 172, 0, 172, 0, 0, 0
16634, 1, 1636469709971, 1636469710143, 172, 0, 172, 0, 0, 0
16635, 1, 1636469710079, 1636469710251, 172, 0, 172, 0, 0, 0
16637, 1, 1636469710355, 1636469710527, 172, 0, 172, 0, 0, 0
16636, 1, 1636469710427, 1636469710599, 172, 0, 172, 0, 0, 0
16638, 1, 1636469710519, 1636469710691, 172, 0, 172, 0, 0, 0
16639, 1, 1636469710779, 1636469710951, 172, 0, 172, 0, 0, 0
16640, 1, 1636469710867, 1636469711039, 172, 0, 172, 0, 0, 0
16641, 1, 1636469711315, 1636469711487, 172, 0, 172, 0, 0, 0
16642, 1, 1636469711359, 1636469711535, 176, 0, 176, 0, 0, 0
16643, 1, 1636469711503, 1636469711675, 172, 0, 172, 0, 0, 0
16644, 1, 1636469711687, 1636469711859, 172, 0, 172, 0, 0, 0
16645, 1, 1636469711751, 1636469711923, 172, 0, 172, 0, 0, 0
16646, 1, 1636469712191, 1636469712363, 172, 0, 172, 0, 0, 0
16647, 1, 1636469712267, 1636469712439, 172, 0, 172, 0, 0, 0
16648, 1, 1636469712671, 1636469712843, 172, 0, 172, 0, 0, 0
16649, 1, 1636469712771, 1636469712943, 172, 0, 172, 0, 0, 0
16650, 1, 1636469712859, 1636469713031, 172, 0, 172, 0, 0, 0
16651, 1, 1636469713319, 1636469713491, 172, 0, 172, 0, 0, 0
16652, 1, 1636469713679, 1636469713851, 172, 0, 172, 0, 0, 0
16653, 1, 1636469713863, 1636469714035, 172, 0, 172, 0, 0, 0
16654, 1, 1636469714123, 1636469714295, 172, 0, 172, 0, 0, 0
16655, 1, 1636469714171, 1636469714343, 172, 0, 172, 0, 0, 0
16656, 1, 1636469714451, 1636469714623, 172, 0, 172, 0, 0, 0
16657, 1, 1636469714511, 1636469714683, 172, 0, 172, 0, 0, 0
16658, 1, 1636469714655, 1636469714827, 172, 0, 172, 0, 0, 0
16659, 1, 1636469714743, 1636469714915, 172, 0, 172, 0, 0, 0
16660, 1, 1636469715115, 1636469715287, 172, 0, 172, 0, 0, 0
16661, 1, 1636469715251, 1636469715423, 172, 0, 172, 0, 0, 0
16662, 1, 1636469715391, 1636469715563, 172, 0, 172, 0, 0, 0
16663, 1, 1636469715403, 1636469715574, 171, 0, 171, 0, 0, 0
16664, 1, 1636469715795, 1636469715967, 172, 0, 172, 0, 0, 0
16665, 1, 1636469715983, 1636469716155, 172, 0, 172, 0, 0, 0
16666, 1, 1636469716151, 1636469716323, 172, 0, 172, 0, 0, 0
16667, 1, 1636469716207, 1636469716379, 172, 0, 172, 0, 0, 0
16668, 1, 1636469716719, 1636469716891, 172, 0, 172, 0, 0, 0
16669, 1, 1636469716731, 1636469716903, 172, 0, 172, 0, 0, 0
16670, 1, 1636469716787, 1636469716963, 176, 0, 176, 0, 0, 0
16671, 1, 1636469717367, 1636469717539, 172, 0, 172, 0, 0, 0
16672, 1, 1636469717635, 1636469717807, 172, 0, 172, 0, 0, 0
16673, 1, 1636469717962, 1636469718135, 173, 1, 172, 1, 0, 1
16674, 1, 1636469718163, 1636469718335, 172, 0, 172, 0, 0, 0
16675, 1, 1636469718310, 1636469718487, 177, 1, 176, 0, 0, 0
16677, 1, 1636469718343, 1636469718515, 172, 0, 172, 0, 0, 0
16676, 1, 1636469718663, 1636469718835, 172, 0, 172, 0, 0, 0
16678, 1, 1636469719011, 1636469719183, 172, 0, 172, 0, 0, 0
16679, 1, 1636469719035, 1636469719207, 172, 0, 172, 0, 0, 0
16681, 1, 1636469719207, 1636469719379, 172, 0, 172, 0, 0, 0
16682, 1, 1636469719359, 1636469719531, 172, 0, 172, 0, 0, 0
16684, 1, 1636469719682, 1636469719855, 173, 1, 172, 0, 0, 0
16686, 1, 1636469720159, 1636469720331, 172, 0, 172, 0, 0, 0
16687, 1, 1636469720447, 1636469720619, 172, 0, 172, 0, 0, 0
16689, 1, 1636469720747, 1636469720919, 172, 0, 172, 0, 0, 0
16690, 1, 1636469720983, 1636469721155, 172, 0, 172, 0, 0, 0
16692, 1, 1636469721891, 1636469722063, 172, 0, 172, 0, 0, 0
16694, 1, 1636469721983, 1636469722155, 172, 0, 172, 0, 0, 0
16693, 1, 1636469721983, 1636469722155, 172, 0, 172, 0, 0, 0
16696, 1, 1636469722027, 1636469722203, 176, 0, 176, 0, 0, 0
16697, 1, 1636469722387, 1636469722559, 172, 0, 172, 0, 0, 0
16700, 1, 1636469722451, 1636469722623, 172, 0, 172, 0, 0, 0
16701, 1, 1636469722639, 1636469722811, 172, 0, 172, 0, 0, 0
16702, 1, 1636469722887, 1636469723059, 172, 0, 172, 0, 0, 0
16704, 1, 1636469723227, 1636469723399, 172, 0, 172, 0, 0, 0
16706, 1, 1636469723503, 1636469723675, 172, 0, 172, 0, 0, 0
16705, 1, 1636469723539, 1636469723711, 172, 0, 172, 0, 0, 0
16708, 1, 1636469724307, 1636469724479, 172, 0, 172, 0, 0, 0
16709, 1, 1636469724455, 1636469724627, 172, 0, 172, 0, 0, 0
16711, 1, 1636469724715, 1636469724887, 172, 0, 172, 0, 0, 0
16712, 1, 1636469724767, 1636469724939, 172, 0, 172, 0, 0, 0
16714, 1, 1636469725039, 1636469725211, 172, 0, 172, 0, 0, 0
16715, 1, 1636469725431, 1636469725607, 176, 0, 176, 0, 0, 0
16716, 1, 1636469725583, 1636469725755, 172, 0, 172, 0, 0, 0
16717, 1, 1636469725795, 1636469725967, 172, 0, 172, 0, 0, 0
16719, 1, 1636469725991, 1636469726163, 172, 0, 172, 0, 0, 0
16720, 1, 1636469726087, 1636469726259, 172, 0, 172, 0, 0, 0
16721, 1, 1636469726339, 1636469726511, 172, 0, 172, 0, 0, 0
16723, 1, 1636469726691, 1636469726863, 172, 0, 172, 0, 0, 0
16724, 1, 1636469726727, 1636469726899, 172, 0, 172, 0, 0, 0
16725, 1, 1636469726843, 1636469727015, 172, 0, 172, 0, 0, 0
16727, 1, 1636469727339, 1636469727511, 172, 0, 172, 0, 0, 0
16726, 1, 1636469727371, 1636469727543, 172, 0, 172, 0, 0, 0
16728, 1, 1636469727499, 1636469727671, 172, 0, 172, 0, 0, 0
16730, 1, 1636469728111, 1636469728283, 172, 0, 172, 0, 0, 0
16731, 1, 1636469728287, 1636469728463, 176, 0, 176, 0, 0, 0
16733, 1, 1636469728531, 1636469728703, 172, 0, 172, 0, 0, 0
16734, 1, 1636469728563, 1636469728735, 172, 0, 172, 0, 0, 0
16736, 1, 1636469729039, 1636469729211, 172, 0, 172, 0, 0, 0
16735, 1, 1636469729039, 1636469729215, 176, 0, 176, 0, 0, 0
16738, 1, 1636469729447, 1636469729619, 172, 0, 172, 0, 0, 0
16739, 1, 1636469729535, 1636469729707, 172, 0, 172, 0, 0, 0
16741, 1, 1636469729855, 1636469730027, 172, 0, 172, 0, 0, 0
16740, 1, 1636469729891, 1636469730063, 172, 0, 172, 0, 0, 0
16742, 1, 1636469729899, 1636469730075, 176, 0, 176, 0, 0, 0
16743, 1, 1636469730343, 1636469730515, 172, 0, 172, 0, 0, 0
16737, 1, 1636469730591, 1636469730763, 172, 0, 172, 0, 0, 0
16744, 1, 1636469730663, 1636469730835, 172, 0, 172, 0, 0, 0
16745, 1, 1636469730691, 1636469730863, 172, 0, 172, 0, 0, 0
16746, 1, 1636469730855, 1636469731027, 172, 0, 172, 0, 0, 0
16747, 1, 1636469730879, 1636469731051, 172, 0, 172, 0, 0, 0
16748, 1, 1636469731063, 1636469731235, 172, 0, 172, 0, 0, 0
16749, 1, 1636469731075, 1636469731247, 172, 0, 172, 0, 0, 0
16750, 1, 1636469731647, 1636469731823, 176, 0, 176, 0, 0, 0
16751, 1, 1636469731850, 1636469732023, 173, 1, 172, 0, 1, 1
16752, 1, 1636469731895, 1636469732067, 172, 0, 172, 0, 0, 0
16753, 1, 1636469732395, 1636469732567, 172, 0, 172, 0, 0, 0
16754, 1, 1636469732555, 1636469732727, 172, 0, 172, 0, 0, 0
16755, 1, 1636469732647, 1636469732819, 172, 0, 172, 0, 0, 0
16756, 1, 1636469733043, 1636469733215, 172, 0, 172, 0, 0, 0
16757, 1, 1636469733059, 1636469733231, 172, 0, 172, 0, 0, 0
16758, 1, 1636469733187, 1636469733359, 172, 0, 172, 0, 0, 0
16759, 1, 1636469733491, 1636469733663, 172, 0, 172, 0, 0, 0
16760, 1, 1636469733591, 1636469733763, 172, 0, 172, 0, 0, 0
16761, 1, 1636469733707, 1636469733879, 172, 0, 172, 0, 0, 0
16762, 1, 1636469733763, 1636469733935, 172, 0, 172, 0, 0, 0
16763, 1, 1636469734431, 1636469734603, 172, 0, 172, 0, 0, 0
16764, 1, 1636469734519, 1636469734691, 172, 0, 172, 0, 0, 0
16765, 1, 1636469734655, 1636469734827, 172, 0, 172, 0, 0, 0
16766, 1, 1636469734671, 1636469734843, 172, 0, 172, 0, 0, 0
16767, 1, 1636469734927, 1636469735099, 172, 0, 172, 0, 0, 0
16768, 1, 1636469734963, 1636469735135, 172, 0, 172, 0, 0, 0
16769, 1, 1636469735051, 1636469735223, 172, 0, 172, 0, 0, 0
16770, 1, 1636469735743, 1636469735915, 172, 0, 172, 0, 0, 0
16771, 1, 1636469735827, 1636469735999, 172, 0, 172, 0, 0, 0
16772, 1, 1636469735903, 1636469736075, 172, 0, 172, 0, 0, 0
16773, 1, 1636469736135, 1636469736307, 172, 0, 172, 0, 0, 0
16774, 1, 1636469736511, 1636469736683, 172, 0, 172, 0, 0, 0
16775, 1, 1636469736523, 1636469736695, 172, 0, 172, 0, 0, 0
16776, 1, 1636469736779, 1636469736950, 171, 0, 171, 0, 0, 0
16777, 1, 1636469737155, 1636469737327, 172, 0, 172, 0, 0, 0
16778, 1, 1636469737287, 1636469737458, 171, 0, 171, 0, 0, 0
16779, 1, 1636469737371, 1636469737543, 172, 0, 172, 0, 0, 0
16780, 1, 1636469737502, 1636469737675, 173, 1, 172, 0, 1, 1
16781, 1, 1636469737567, 1636469737739, 172, 0, 172, 0, 0, 0
16782, 1, 1636469737570, 1636469737743, 173, 1, 172, 0, 1, 1
16783, 1, 1636469738151, 1636469738323, 172, 0, 172, 0, 0, 0
16784, 1, 1636469738259, 1636469738431, 172, 0, 172, 0, 0, 0
16785, 1, 1636469738451, 1636469738622, 171, 0, 171, 0, 0, 0
16786, 1, 1636469738531, 1636469738703, 172, 0, 172, 0, 0, 0
16787, 1, 1636469738655, 1636469738827, 172, 0, 172, 0, 0, 0
16788, 1, 1636469738663, 1636469738835, 172, 0, 172, 0, 0, 0
16789, 1, 1636469739003, 1636469739175, 172, 0, 172, 0, 0, 0
16790, 1, 1636469739427, 1636469739599, 172, 0, 172, 0, 0, 0
16791, 1, 1636469739779, 1636469739951, 172, 0, 172, 0, 0, 0
16792, 1, 1636469739799, 1636469739971, 172, 0, 172, 0, 0, 0
16793, 1, 1636469740107, 1636469740279, 172, 0, 172, 0, 0, 0
16794, 1, 1636469740323, 1636469740495, 172, 0, 172, 0, 0, 0
16795, 1, 1636469740507, 1636469740679, 172, 0, 172, 0, 0, 0
16796, 1, 1636469740747, 1636469740919, 172, 0, 172, 0, 0, 0
16797, 1, 1636469740963, 1636469741135, 172, 0, 172, 0, 0, 0
16798, 1, 1636469741311, 1636469741483, 172, 0, 172, 0, 0, 0
16799, 1, 1636469741355, 1636469741527, 172, 0, 172, 0, 0, 0
16801, 1, 1636469741475, 1636469741647, 172, 0, 172, 0, 0, 0
16802, 1, 1636469741483, 1636469741655, 172, 0, 172, 0, 0, 0
16800, 1, 1636469741703, 1636469741875, 172, 0, 172, 0, 0, 0
16803, 1, 1636469742079, 1636469742251, 172, 0, 172, 0, 0, 0
16804, 1, 1636469742231, 1636469742407, 176, 0, 176, 0, 0, 0
16805, 1, 1636469742271, 1636469742443, 172, 0, 172, 0, 0, 0
16806, 1, 1636469742579, 1636469742751, 172, 0, 172, 0, 0, 0
16807, 1, 1636469742631, 1636469742803, 172, 0, 172, 0, 0, 0
16808, 1, 1636469742643, 1636469742815, 172, 0, 172, 0, 0, 0
16809, 1, 1636469743199, 1636469743371, 172, 0, 172, 0, 0, 0
16810, 1, 1636469743359, 1636469743531, 172, 0, 172, 0, 0, 0
16811, 1, 1636469743771, 1636469743943, 172, 0, 172, 0, 0, 0
16812, 1, 1636469743899, 1636469744071, 172, 0, 172, 0, 0, 0
16813, 1, 1636469743975, 1636469744147, 172, 0, 172, 0, 0, 0
16814, 1, 1636469744479, 1636469744651, 172, 0, 172, 0, 0, 0
16815, 1, 1636469744515, 1636469744687, 172, 0, 172, 0, 0, 0
16816, 1, 1636469744543, 1636469744715, 172, 0, 172, 0, 0, 0
16817, 1, 1636469745159, 1636469745335, 176, 0, 176, 0, 0, 0
16818, 1, 1636469745263, 1636469745435, 172, 0, 172, 0, 0, 0
16819, 1, 1636469745267, 1636469745439, 172, 0, 172, 0, 0, 0
16820, 1, 1636469745495, 1636469745667, 172, 0, 172, 0, 0, 0
16821, 1, 1636469745551, 1636469745723, 172, 0, 172, 0, 0, 0
16822, 1, 1636469745675, 1636469745847, 172, 0, 172, 0, 0, 0
16823, 1, 1636469745795, 1636469745967, 172, 0, 172, 0, 0, 0
16824, 1, 1636469746019, 1636469746191, 172, 0, 172, 0, 0, 0
16825, 1, 1636469746239, 1636469746411, 172, 0, 172, 0, 0, 0
16826, 1, 1636469746299, 1636469746471, 172, 0, 172, 0, 0, 0
16827, 1, 1636469746427, 1636469746599, 172, 0, 172, 0, 0, 0
16828, 1, 1636469746659, 1636469746831, 172, 0, 172, 0, 0, 0
16829, 1, 1636469747075, 1636469747247, 172, 0, 172, 0, 0, 0
16830, 1, 1636469747215, 1636469747387, 172, 0, 172, 0, 0, 0
16831, 1, 1636469747559, 1636469747731, 172, 0, 172, 0, 0, 0
16832, 1, 1636469747987, 1636469748159, 172, 0, 172, 0, 0, 0
16833, 1, 1636469748091, 1636469748263, 172, 0, 172, 0, 0, 0
16834, 1, 1636469748271, 1636469748443, 172, 0, 172, 0, 0, 0
16835, 1, 1636469748527, 1636469748699, 172, 0, 172, 0, 0, 0
16836, 1, 1636469748739, 1636469748911, 172, 0, 172, 0, 0, 0
16837, 1, 1636469749063, 1636469749235, 172, 0, 172, 0, 0, 0
16838, 1, 1636469749175, 1636469749347, 172, 0, 172, 0, 0, 0
16839, 1, 1636469749459, 1636469749631, 172, 0, 172, 0, 0, 0
16840, 1, 1636469749527, 1636469749699, 172, 0, 172, 0, 0, 0
16841, 1, 1636469749563, 1636469749735, 172, 0, 172, 0, 0, 0
16842, 1, 1636469749763, 1636469749935, 172, 0, 172, 0, 0, 0
16843, 1, 1636469750031, 1636469750207, 176, 0, 176, 0, 0, 0
16844, 1, 1636469750115, 1636469750287, 172, 0, 172, 0, 0, 0
16845, 1, 1636469750219, 1636469750391, 172, 0, 172, 0, 0, 0
16847, 1, 1636469750619, 1636469750791, 172, 0, 172, 0, 0, 0
16846, 1, 1636469750619, 1636469750791, 172, 0, 172, 0, 0, 0
16848, 1, 1636469750691, 1636469750863, 172, 0, 172, 0, 0, 0
16849, 1, 1636469751247, 1636469751419, 172, 0, 172, 0, 0, 0
16850, 1, 1636469751395, 1636469751567, 172, 0, 172, 0, 0, 0
16851, 1, 1636469751755, 1636469751927, 172, 0, 172, 0, 0, 0
16852, 1, 1636469752023, 1636469752199, 176, 0, 176, 0, 0, 0
16853, 1, 1636469752319, 1636469752491, 172, 0, 172, 0, 0, 0
16854, 1, 1636469752467, 1636469752639, 172, 0, 172, 0, 0, 0
16855, 1, 1636469752703, 1636469752875, 172, 0, 172, 0, 0, 0
16856, 1, 1636469752755, 1636469752927, 172, 0, 172, 0, 0, 0
16857, 1, 1636469753207, 1636469753383, 176, 0, 176, 0, 0, 0
16858, 1, 1636469753255, 1636469753432, 177, 0, 177, 0, 0, 0
16859, 1, 1636469753451, 1636469753623, 172, 0, 172, 0, 0, 0
16860, 1, 1636469753475, 1636469753647, 172, 0, 172, 0, 0, 0
16861, 1, 1636469753599, 1636469753771, 172, 0, 172, 0, 0, 0
16862, 1, 1636469753819, 1636469753991, 172, 0, 172, 0, 0, 0
16863, 1, 1636469753843, 1636469754015, 172, 0, 172, 0, 0, 0
16864, 1, 1636469754227, 1636469754399, 172, 0, 172, 0, 0, 0
16865, 1, 1636469754235, 1636469754407, 172, 0, 172, 0, 0, 0
16866, 1, 1636469754319, 1636469754491, 172, 0, 172, 0, 0, 0
16867, 1, 1636469754635, 1636469754807, 172, 0, 172, 0, 0, 0
16868, 1, 1636469755003, 1636469755175, 172, 0, 172, 0, 0, 0
16869, 1, 1636469755095, 1636469755267, 172, 0, 172, 0, 0, 0
16870, 1, 1636469755563, 1636469755735, 172, 0, 172, 0, 0, 0
16871, 1, 1636469755771, 1636469755943, 172, 0, 172, 0, 0, 0
16872, 1, 1636469756339, 1636469756515, 176, 0, 176, 0, 0, 0
16873, 1, 1636469756363, 1636469756539, 176, 0, 176, 0, 0, 0
16874, 1, 1636469756487, 1636469756659, 172, 0, 172, 0, 0, 0
16875, 1, 1636469756787, 1636469756959, 172, 0, 172, 0, 0, 0
16876, 1, 1636469757015, 1636469757187, 172, 0, 172, 0, 0, 0
16877, 1, 1636469757271, 1636469757443, 172, 0, 172, 0, 0, 0
16878, 1, 1636469757379, 1636469757551, 172, 0, 172, 0, 0, 0
16879, 1, 1636469757503, 1636469757675, 172, 0, 172, 0, 0, 0
16880, 1, 1636469757523, 1636469757699, 176, 0, 176, 0, 0, 0
16881, 1, 1636469757651, 1636469758134, 483, 0, 483, 0, 0, 0
16883, 1, 1636469758134, 1636469758307, 173, 1, 172, 0, 1, 1
16882, 1, 1636469758134, 1636469758307, 173, 1, 172, 0, 1, 1
16884, 1, 1636469758243, 1636469758415, 172, 0, 172, 0, 0, 0
16885, 1, 1636469758263, 1636469758439, 176, 0, 176, 0, 0, 0
16886, 1, 1636469758483, 1636469758655, 172, 0, 172, 0, 0, 0
16887, 1, 1636469758671, 1636469758843, 172, 0, 172, 0, 0, 0
16888, 1, 1636469758815, 1636469758987, 172, 0, 172, 0, 0, 0
16889, 1, 1636469759131, 1636469759303, 172, 0, 172, 0, 0, 0
16890, 1, 1636469759371, 1636469759543, 172, 0, 172, 0, 0, 0
16891, 1, 1636469759803, 1636469759975, 172, 0, 172, 0, 0, 0
16892, 1, 1636469760303, 1636469760475, 172, 0, 172, 0, 0, 0
16893, 1, 1636469760515, 1636469760687, 172, 0, 172, 0, 0, 0
16894, 1, 1636469760667, 1636469760839, 172, 0, 172, 0, 0, 0
16895, 1, 1636469760823, 1636469760995, 172, 0, 172, 0, 0, 0
16896, 1, 1636469761099, 1636469761271, 172, 0, 172, 0, 0, 0
16897, 1, 1636469761099, 1636469761271, 172, 0, 172, 0, 0, 0
16898, 1, 1636469761303, 1636469761475, 172, 0, 172, 0, 0, 0
16899, 1, 1636469761391, 1636469761563, 172, 0, 172, 0, 0, 0
16900, 1, 1636469761491, 1636469761663, 172, 0, 172, 0, 0, 0
16901, 1, 1636469761579, 1636469761751, 172, 0, 172, 0, 0, 0
16902, 1, 1636469761843, 1636469762019, 176, 0, 176, 0, 0, 0
16903, 1, 1636469761923, 1636469762095, 172, 0, 172, 0, 0, 0
16904, 1, 1636469762275, 1636469762451, 176, 0, 176, 0, 0, 0
16905, 1, 1636469762283, 1636469762455, 172, 0, 172, 0, 0, 0
16906, 1, 1636469762563, 1636469762735, 172, 0, 172, 0, 0, 0
16907, 1, 1636469762579, 1636469762751, 172, 0, 172, 0, 0, 0
16908, 1, 1636469762983, 1636469763155, 172, 0, 172, 0, 0, 0
16909, 1, 1636469762995, 1636469763171, 176, 0, 176, 0, 0, 0
16910, 1, 1636469763123, 1636469763295, 172, 0, 172, 0, 0, 0
16911, 1, 1636469764055, 1636469764227, 172, 0, 172, 0, 0, 0
16912, 1, 1636469764115, 1636469764287, 172, 0, 172, 0, 0, 0
16913, 1, 1636469764503, 1636469764675, 172, 0, 172, 0, 0, 0
16914, 1, 1636469764575, 1636469764747, 172, 0, 172, 0, 0, 0
16915, 1, 1636469764595, 1636469764767, 172, 0, 172, 0, 0, 0
16916, 1, 1636469764911, 1636469765083, 172, 0, 172, 0, 0, 0
16917, 1, 1636469765243, 1636469765415, 172, 0, 172, 0, 0, 0
16918, 1, 1636469765375, 1636469765547, 172, 0, 172, 0, 0, 0
16920, 1, 1636469765419, 1636469765591, 172, 0, 172, 0, 0, 0
16921, 1, 1636469765419, 1636469765591, 172, 0, 172, 0, 0, 0
16922, 1, 1636469765575, 1636469765747, 172, 0, 172, 0, 0, 0
16919, 1, 1636469765591, 1636469765763, 172, 0, 172, 0, 0, 0
16923, 1, 1636469765691, 1636469765863, 172, 0, 172, 0, 0, 0
16924, 1, 1636469766043, 1636469766215, 172, 0, 172, 0, 0, 0
16925, 1, 1636469766391, 1636469766563, 172, 0, 172, 0, 0, 0
16926, 1, 1636469766591, 1636469766767, 176, 0, 176, 0, 0, 0
16927, 1, 1636469766755, 1636469766927, 172, 0, 172, 0, 0, 0
16928, 1, 1636469766763, 1636469766935, 172, 0, 172, 0, 0, 0
16929, 1, 1636469766791, 1636469766963, 172, 0, 172, 0, 0, 0
16930, 1, 1636469767311, 1636469767483, 172, 0, 172, 0, 0, 0
16931, 1, 1636469767927, 1636469768099, 172, 0, 172, 0, 0, 0
16932, 1, 1636469768243, 1636469768415, 172, 0, 172, 0, 0, 0
16933, 1, 1636469768255, 1636469768427, 172, 0, 172, 0, 0, 0
16934, 1, 1636469768399, 1636469768571, 172, 0, 172, 0, 0, 0
16935, 1, 1636469768659, 1636469768831, 172, 0, 172, 0, 0, 0
16936, 1, 1636469768759, 1636469768931, 172, 0, 172, 0, 0, 0
16937, 1, 1636469769123, 1636469769295, 172, 0, 172, 0, 0, 0
16938, 1, 1636469769167, 1636469769339, 172, 0, 172, 0, 0, 0
16939, 1, 1636469769211, 1636469769383, 172, 0, 172, 0, 0, 0
16940, 1, 1636469769427, 1636469769599, 172, 0, 172, 0, 0, 0
16942, 1, 1636469769755, 1636469769927, 172, 0, 172, 0, 0, 0
16941, 1, 1636469769775, 1636469769947, 172, 0, 172, 0, 0, 0
16943, 1, 1636469769999, 1636469770171, 172, 0, 172, 0, 0, 0
16944, 1, 1636469770135, 1636469770303, 168, 0, 168, 0, 0, 0
16945, 1, 1636469770355, 1636469770527, 172, 0, 172, 0, 0, 0
16946, 1, 1636469770399, 1636469770575, 176, 0, 176, 0, 0, 0
16947, 1, 1636469770567, 1636469770739, 172, 0, 172, 0, 0, 0
16948, 1, 1636469770935, 1636469771107, 172, 0, 172, 0, 0, 0
16949, 1, 1636469771067, 1636469771243, 176, 0, 176, 0, 0, 0
16950, 1, 1636469771487, 1636469771659, 172, 0, 172, 0, 0, 0
16951, 1, 1636469771675, 1636469771847, 172, 0, 172, 0, 0, 0
16952, 1, 1636469772175, 1636469772347, 172, 0, 172, 0, 0, 0
16953, 1, 1636469772415, 1636469772587, 172, 0, 172, 0, 0, 0
16954, 1, 1636469772439, 1636469772611, 172, 0, 172, 0, 0, 0
16955, 1, 1636469772947, 1636469773123, 176, 0, 176, 0, 0, 0
16956, 1, 1636469772975, 1636469773147, 172, 0, 172, 0, 0, 0
16957, 1, 1636469772987, 1636469773159, 172, 0, 172, 0, 0, 0
16958, 1, 1636469773155, 1636469773327, 172, 0, 172, 0, 0, 0
16959, 1, 1636469773483, 1636469773655, 172, 0, 172, 0, 0, 0
16960, 1, 1636469773615, 1636469773787, 172, 0, 172, 0, 0, 0
16961, 1, 1636469773963, 1636469774135, 172, 0, 172, 0, 0, 0
16962, 1, 1636469774071, 1636469774243, 172, 0, 172, 0, 0, 0
16963, 1, 1636469774111, 1636469774283, 172, 0, 172, 0, 0, 0
16964, 1, 1636469774147, 1636469774319, 172, 0, 172, 0, 0, 0
16965, 1, 1636469774451, 1636469774623, 172, 0, 172, 0, 0, 0
16966, 1, 1636469774463, 1636469774635, 172, 0, 172, 0, 0, 0
16967, 1, 1636469774799, 1636469774971, 172, 0, 172, 0, 0, 0
16968, 1, 1636469775179, 1636469775351, 172, 0, 172, 0, 0, 0
16969, 1, 1636469775247, 1636469775419, 172, 0, 172, 0, 0, 0
16970, 1, 1636469775803, 1636469775975, 172, 0, 172, 0, 0, 0
16971, 1, 1636469775863, 1636469776035, 172, 0, 172, 0, 0, 0
16972, 1, 1636469776363, 1636469776539, 176, 0, 176, 0, 0, 0
16973, 1, 1636469776627, 1636469776799, 172, 0, 172, 0, 0, 0
16974, 1, 1636469776695, 1636469776867, 172, 0, 172, 0, 0, 0
16975, 1, 1636469777019, 1636469777191, 172, 0, 172, 0, 0, 0
16976, 1, 1636469777155, 1636469777331, 176, 0, 176, 0, 0, 0
16977, 1, 1636469777263, 1636469777439, 176, 0, 176, 0, 0, 0
16978, 1, 1636469777299, 1636469777471, 172, 0, 172, 0, 0, 0
16979, 1, 1636469777663, 1636469777835, 172, 0, 172, 0, 0, 0
16980, 1, 1636469777839, 1636469778011, 172, 0, 172, 0, 0, 0
16982, 1, 1636469778023, 1636469778195, 172, 0, 172, 0, 0, 0
16981, 1, 1636469778187, 1636469778359, 172, 0, 172, 0, 0, 0
16985, 1, 1636469778335, 1636469778507, 172, 0, 172, 0, 0, 0
16986, 1, 1636469778631, 1636469778803, 172, 0, 172, 0, 0, 0
16988, 1, 1636469778979, 1636469779151, 172, 0, 172, 0, 0, 0
16991, 1, 1636469780043, 1636469780215, 172, 0, 172, 0, 0, 0
16992, 1, 1636469780543, 1636469780715, 172, 0, 172, 0, 0, 0
16994, 1, 1636469780635, 1636469780807, 172, 0, 172, 0, 0, 0
16996, 1, 1636469780683, 1636469780855, 172, 0, 172, 0, 0, 0
16997, 1, 1636469780939, 1636469781115, 176, 0, 176, 0, 0, 0
16993, 1, 1636469780979, 1636469781151, 172, 0, 172, 0, 0, 0
16998, 1, 1636469781327, 1636469781499, 172, 0, 172, 0, 0, 0
17000, 1, 1636469781475, 1636469781651, 176, 0, 176, 0, 0, 0
17001, 1, 1636469781487, 1636469781663, 176, 0, 176, 0, 0, 0
17002, 1, 1636469781547, 1636469781727, 180, 0, 180, 0, 0, 0
17003, 1, 1636469781719, 1636469781895, 176, 0, 176, 0, 0, 0
17006, 1, 1636469781979, 1636469782151, 172, 0, 172, 0, 0, 0
17007, 1, 1636469782107, 1636469782279, 172, 0, 172, 0, 0, 0
17008, 1, 1636469782515, 1636469782687, 172, 0, 172, 0, 0, 0
17009, 1, 1636469782947, 1636469783119, 172, 0, 172, 0, 0, 0
17010, 1, 1636469782995, 1636469783167, 172, 0, 172, 0, 0, 0
17011, 1, 1636469783295, 1636469783467, 172, 0, 172, 0, 0, 0
17012, 1, 1636469783563, 1636469783735, 172, 0, 172, 0, 0, 0
17013, 1, 1636469784107, 1636469784279, 172, 0, 172, 0, 0, 0
17015, 1, 1636469784359, 1636469784531, 172, 0, 172, 0, 0, 0
17014, 1, 1636469784455, 1636469784627, 172, 0, 172, 0, 0, 0
17016, 1, 1636469784459, 1636469784631, 172, 0, 172, 0, 0, 0
17017, 1, 1636469784803, 1636469784975, 172, 0, 172, 0, 0, 0
17018, 1, 1636469784859, 1636469785031, 172, 0, 172, 0, 0, 0
17019, 1, 1636469784891, 1636469785067, 176, 0, 176, 0, 0, 0
17020, 1, 1636469784915, 1636469785087, 172, 0, 172, 0, 0, 0
17021, 1, 1636469785151, 1636469785323, 172, 0, 172, 0, 0, 0
17022, 1, 1636469785243, 1636469785415, 172, 0, 172, 0, 0, 0
17023, 1, 1636469785271, 1636469785443, 172, 0, 172, 0, 0, 0
17024, 1, 1636469785499, 1636469785671, 172, 0, 172, 0, 0, 0
17025, 1, 1636469785639, 1636469785811, 172, 0, 172, 0, 0, 0
17026, 1, 1636469785823, 1636469785995, 172, 0, 172, 0, 0, 0
17027, 1, 1636469785931, 1636469786103, 172, 0, 172, 0, 0, 0
17028, 1, 1636469786715, 1636469786887, 172, 0, 172, 0, 0, 0
17029, 1, 1636469786835, 1636469787007, 172, 0, 172, 0, 0, 0
17030, 1, 1636469786899, 1636469787075, 176, 0, 176, 0, 0, 0
17031, 1, 1636469787251, 1636469787423, 172, 0, 172, 0, 0, 0
17032, 1, 1636469787283, 1636469787455, 172, 0, 172, 0, 0, 0
17033, 1, 1636469787803, 1636469787975, 172, 0, 172, 0, 0, 0
17034, 1, 1636469788151, 1636469788327, 176, 0, 176, 0, 0, 0
17035, 1, 1636469788179, 1636469788351, 172, 0, 172, 0, 0, 0
17036, 1, 1636469788311, 1636469788483, 172, 0, 172, 0, 0, 0
17037, 1, 1636469788527, 1636469788699, 172, 0, 172, 0, 0, 0
17038, 1, 1636469788583, 1636469788755, 172, 0, 172, 0, 0, 0
17039, 1, 1636469788815, 1636469788987, 172, 0, 172, 0, 0, 0
17040, 1, 1636469788979, 1636469789151, 172, 0, 172, 0, 0, 0
17041, 1, 1636469789023, 1636469789195, 172, 0, 172, 0, 0, 0
17042, 1, 1636469789027, 1636469789203, 176, 0, 176, 0, 0, 0
17043, 1, 1636469789123, 1636469789295, 172, 0, 172, 0, 0, 0
17044, 1, 1636469789359, 1636469789531, 172, 0, 172, 0, 0, 0
17045, 1, 1636469789579, 1636469789751, 172, 0, 172, 0, 0, 0
17046, 1, 1636469789591, 1636469789763, 172, 0, 172, 0, 0, 0
17047, 1, 1636469789623, 1636469789795, 172, 0, 172, 0, 0, 0
17048, 1, 1636469790471, 1636469790643, 172, 0, 172, 0, 0, 0
17049, 1, 1636469790591, 1636469790763, 172, 0, 172, 0, 0, 0
17051, 1, 1636469790787, 1636469790959, 172, 0, 172, 0, 0, 0
17050, 1, 1636469790939, 1636469791111, 172, 0, 172, 0, 0, 0
17052, 1, 1636469791243, 1636469791415, 172, 0, 172, 0, 0, 0
17053, 1, 1636469791591, 1636469791763, 172, 0, 172, 0, 0, 0
17054, 1, 1636469791939, 1636469792111, 172, 0, 172, 0, 0, 0
17055, 1, 1636469791999, 1636469792171, 172, 0, 172, 0, 0, 0
17056, 1, 1636469792331, 1636469792503, 172, 0, 172, 0, 0, 0
17057, 1, 1636469792471, 1636469792643, 172, 0, 172, 0, 0, 0
17058, 1, 1636469792487, 1636469792659, 172, 0, 172, 0, 0, 0
17059, 1, 1636469792679, 1636469792851, 172, 0, 172, 0, 0, 0
17060, 1, 1636469792699, 1636469792871, 172, 0, 172, 0, 0, 0
17061, 1, 1636469793007, 1636469793179, 172, 0, 172, 0, 0, 0
17062, 1, 1636469793127, 1636469793299, 172, 0, 172, 0, 0, 0
17063, 1, 1636469793251, 1636469793423, 172, 0, 172, 0, 0, 0
17064, 1, 1636469793287, 1636469793459, 172, 0, 172, 0, 0, 0
17065, 1, 1636469793507, 1636469793683, 176, 0, 176, 0, 0, 0
17066, 1, 1636469793511, 1636469793687, 176, 0, 176, 0, 0, 0
17067, 1, 1636469793807, 1636469793979, 172, 0, 172, 0, 0, 0
17068, 1, 1636469794479, 1636469794651, 172, 0, 172, 0, 0, 0
17069, 1, 1636469794479, 1636469794651, 172, 0, 172, 0, 0, 0
17071, 1, 1636469794695, 1636469794867, 172, 0, 172, 0, 0, 0
17070, 1, 1636469794827, 1636469794999, 172, 0, 172, 0, 0, 0
17072, 1, 1636469795463, 1636469795635, 172, 0, 172, 0, 0, 0
17073, 1, 1636469795811, 1636469795983, 172, 0, 172, 0, 0, 0
17075, 1, 1636469795995, 1636469796167, 172, 0, 172, 0, 0, 0
17074, 1, 1636469796159, 1636469796331, 172, 0, 172, 0, 0, 0
17076, 1, 1636469796195, 1636469796367, 172, 0, 172, 0, 0, 0
17077, 1, 1636469796235, 1636469796407, 172, 0, 172, 0, 0, 0
17078, 1, 1636469796483, 1636469796655, 172, 0, 172, 0, 0, 0
17079, 1, 1636469796511, 1636469796683, 172, 0, 172, 0, 0, 0
17080, 1, 1636469796583, 1636469796755, 172, 0, 172, 0, 0, 0
17081, 1, 1636469796947, 1636469797119, 172, 0, 172, 0, 0, 0
17082, 1, 1636469797119, 1636469797291, 172, 0, 172, 0, 0, 0
17083, 1, 1636469797171, 1636469797343, 172, 0, 172, 0, 0, 0
17085, 1, 1636469797447, 1636469797623, 176, 0, 176, 0, 0, 0
17084, 1, 1636469797463, 1636469797635, 172, 0, 172, 0, 0, 0
17086, 1, 1636469797463, 1636469797635, 172, 0, 172, 0, 0, 0
17087, 1, 1636469798015, 1636469798187, 172, 0, 172, 0, 0, 0
17088, 1, 1636469798363, 1636469798535, 172, 0, 172, 0, 0, 0
17089, 1, 1636469798415, 1636469798587, 172, 0, 172, 0, 0, 0
17090, 1, 1636469798763, 1636469798935, 172, 0, 172, 0, 0, 0
17091, 1, 1636469798911, 1636469799083, 172, 0, 172, 0, 0, 0
17092, 1, 1636469799675, 1636469799847, 172, 0, 172, 0, 0, 0
17094, 1, 1636469799931, 1636469800103, 172, 0, 172, 0, 0, 0
17096, 1, 1636469800215, 1636469800387, 172, 0, 172, 0, 0, 0
17097, 1, 1636469800307, 1636469800479, 172, 0, 172, 0, 0, 0
17098, 1, 1636469800343, 1636469800519, 176, 0, 176, 0, 0, 0
17099, 1, 1636469800419, 1636469800591, 172, 0, 172, 0, 0, 0
17100, 1, 1636469800563, 1636469800735, 172, 0, 172, 0, 0, 0
17101, 1, 1636469800915, 1636469801087, 172, 0, 172, 0, 0, 0
17102, 1, 1636469801095, 1636469801267, 172, 0, 172, 0, 0, 0
17103, 1, 1636469801107, 1636469801279, 172, 0, 172, 0, 0, 0
17105, 1, 1636469801139, 1636469801311, 172, 0, 172, 0, 0, 0
17104, 1, 1636469801267, 1636469801439, 172, 0, 172, 0, 0, 0
17106, 1, 1636469801595, 1636469801767, 172, 0, 172, 0, 0, 0
17107, 1, 1636469801695, 1636469801867, 172, 0, 172, 0, 0, 0
17109, 1, 1636469802291, 1636469802463, 172, 0, 172, 0, 0, 0
17110, 1, 1636469802303, 1636469802479, 176, 0, 176, 0, 0, 0
17111, 1, 1636469802563, 1636469802735, 172, 0, 172, 0, 0, 0
17112, 1, 1636469802587, 1636469802759, 172, 0, 172, 0, 0, 0
17108, 1, 1636469802639, 1636469802811, 172, 0, 172, 0, 0, 0
17113, 1, 1636469802911, 1636469803083, 172, 0, 172, 0, 0, 0
17114, 1, 1636469803491, 1636469803663, 172, 0, 172, 0, 0, 0
17115, 1, 1636469804035, 1636469804207, 172, 0, 172, 0, 0, 0
17116, 1, 1636469804067, 1636469804239, 172, 0, 172, 0, 0, 0
17117, 1, 1636469804079, 1636469804255, 176, 0, 176, 0, 0, 0
17118, 1, 1636469804247, 1636469804419, 172, 0, 172, 0, 0, 0
17119, 1, 1636469804415, 1636469804587, 172, 0, 172, 0, 0, 0
17121, 1, 1636469804571, 1636469804743, 172, 0, 172, 0, 0, 0
17120, 1, 1636469804763, 1636469804939, 176, 0, 176, 0, 0, 0
17123, 1, 1636469804995, 1636469805167, 172, 0, 172, 0, 0, 0
17122, 1, 1636469805115, 1636469805287, 172, 0, 172, 0, 0, 0
17124, 1, 1636469805255, 1636469805427, 172, 0, 172, 0, 0, 0
17125, 1, 1636469805343, 1636469805515, 172, 0, 172, 0, 0, 0
17126, 1, 1636469805499, 1636469805671, 172, 0, 172, 0, 0, 0
17127, 1, 1636469805803, 1636469805975, 172, 0, 172, 0, 0, 0
17128, 1, 1636469806247, 1636469806419, 172, 0, 172, 0, 0, 0
17130, 1, 1636469806467, 1636469806639, 172, 0, 172, 0, 0, 0
17131, 1, 1636469806571, 1636469806743, 172, 0, 172, 0, 0, 0
17129, 1, 1636469806595, 1636469806767, 172, 0, 172, 0, 0, 0
17132, 1, 1636469806695, 1636469806867, 172, 0, 172, 0, 0, 0
17133, 1, 1636469806835, 1636469807007, 172, 0, 172, 0, 0, 0
17134, 1, 1636469807595, 1636469807767, 172, 0, 172, 0, 0, 0
17135, 1, 1636469807967, 1636469808143, 176, 0, 176, 0, 0, 0
17136, 1, 1636469807987, 1636469808159, 172, 0, 172, 0, 0, 0
17138, 1, 1636469808271, 1636469808443, 172, 0, 172, 0, 0, 0
17139, 1, 1636469808323, 1636469808495, 172, 0, 172, 0, 0, 0
17137, 1, 1636469808335, 1636469808507, 172, 0, 172, 0, 0, 0
17140, 1, 1636469808671, 1636469808843, 172, 0, 172, 0, 0, 0
17141, 1, 1636469808683, 1636469808855, 172, 0, 172, 0, 0, 0
17143, 1, 1636469809019, 1636469809191, 172, 0, 172, 0, 0, 0
17142, 1, 1636469809031, 1636469809203, 172, 0, 172, 0, 0, 0
17144, 1, 1636469809375, 1636469809547, 172, 0, 172, 0, 0, 0
17146, 1, 1636469809503, 1636469809675, 172, 0, 172, 0, 0, 0
17145, 1, 1636469809723, 1636469809895, 172, 0, 172, 0, 0, 0
17147, 1, 1636469809963, 1636469810139, 176, 0, 176, 0, 0, 0
17148, 1, 1636469810095, 1636469810267, 172, 0, 172, 0, 0, 0
17149, 1, 1636469810443, 1636469810615, 172, 0, 172, 0, 0, 0
17150, 1, 1636469810447, 1636469810623, 176, 0, 176, 0, 0, 0
17151, 1, 1636469810799, 1636469810971, 172, 0, 172, 0, 0, 0
17153, 1, 1636469810855, 1636469811027, 172, 0, 172, 0, 0, 0
17152, 1, 1636469811147, 1636469811319, 172, 0, 172, 0, 0, 0
17154, 1, 1636469811755, 1636469811927, 172, 0, 172, 0, 0, 0
17155, 1, 1636469811967, 1636469812143, 176, 0, 176, 0, 0, 0
17156, 1, 1636469811987, 1636469812159, 172, 0, 172, 0, 0, 0
17157, 1, 1636469812023, 1636469812195, 172, 0, 172, 0, 0, 0
17158, 1, 1636469812319, 1636469812491, 172, 0, 172, 0, 0, 0
17159, 1, 1636469812375, 1636469812551, 176, 0, 176, 0, 0, 0
17161, 1, 1636469812523, 1636469812695, 172, 0, 172, 0, 0, 0
17160, 1, 1636469812727, 1636469812899, 172, 0, 172, 0, 0, 0
17162, 1, 1636469812827, 1636469812999, 172, 0, 172, 0, 0, 0
17163, 1, 1636469812991, 1636469813163, 172, 0, 172, 0, 0, 0
17164, 1, 1636469813203, 1636469813375, 172, 0, 172, 0, 0, 0
17165, 1, 1636469813327, 1636469813499, 172, 0, 172, 0, 0, 0
17166, 1, 1636469813343, 1636469813515, 172, 0, 172, 0, 0, 0
17167, 1, 1636469813787, 1636469813959, 172, 0, 172, 0, 0, 0
17168, 1, 1636469813823, 1636469813995, 172, 0, 172, 0, 0, 0
17169, 1, 1636469814171, 1636469814343, 172, 0, 172, 0, 0, 0
17170, 1, 1636469814299, 1636469814471, 172, 0, 172, 0, 0, 0
17171, 1, 1636469814363, 1636469814535, 172, 0, 172, 0, 0, 0
17172, 1, 1636469814679, 1636469814851, 172, 0, 172, 0, 0, 0
17173, 1, 1636469814703, 1636469814875, 172, 0, 172, 0, 0, 0
17174, 1, 1636469815579, 1636469815751, 172, 0, 172, 0, 0, 0
17175, 1, 1636469815747, 1636469815919, 172, 0, 172, 0, 0, 0
17176, 1, 1636469815819, 1636469815995, 176, 0, 176, 0, 0, 0
17177, 1, 1636469815999, 1636469816175, 176, 0, 176, 0, 0, 0
17178, 1, 1636469816171, 1636469816343, 172, 0, 172, 0, 0, 0
17179, 1, 1636469816351, 1636469816523, 172, 0, 172, 0, 0, 0
17181, 1, 1636469816375, 1636469816547, 172, 0, 172, 0, 0, 0
17180, 1, 1636469816699, 1636469816871, 172, 0, 172, 0, 0, 0
17182, 1, 1636469816731, 1636469816903, 172, 0, 172, 0, 0, 0
17183, 1, 1636469816847, 1636469817019, 172, 0, 172, 0, 0, 0
17184, 1, 1636469817103, 1636469817275, 172, 0, 172, 0, 0, 0
17185, 1, 1636469817127, 1636469817299, 172, 0, 172, 0, 0, 0
17186, 1, 1636469817179, 1636469817351, 172, 0, 172, 0, 0, 0
17187, 1, 1636469817587, 1636469817759, 172, 0, 172, 0, 0, 0
17188, 1, 1636469817839, 1636469818011, 172, 0, 172, 0, 0, 0
17189, 1, 1636469818203, 1636469818379, 176, 0, 176, 0, 0, 0
17190, 1, 1636469818211, 1636469818383, 172, 0, 172, 0, 0, 0
17191, 1, 1636469818307, 1636469818479, 172, 0, 172, 0, 0, 0
17192, 1, 1636469818479, 1636469818651, 172, 0, 172, 0, 0, 0
17193, 1, 1636469818603, 1636469818775, 172, 0, 172, 0, 0, 0
17194, 1, 1636469819379, 1636469819551, 172, 0, 172, 0, 0, 0
17195, 1, 1636469819719, 1636469819891, 172, 0, 172, 0, 0, 0
17197, 1, 1636469819803, 1636469819975, 172, 0, 172, 0, 0, 0
17196, 1, 1636469819799, 1636469819975, 176, 0, 176, 0, 0, 0
17198, 1, 1636469820067, 1636469820239, 172, 0, 172, 0, 0, 0
17200, 1, 1636469820103, 1636469820275, 172, 0, 172, 0, 0, 0
17199, 1, 1636469820151, 1636469820323, 172, 0, 172, 0, 0, 0
17201, 1, 1636469820495, 1636469820667, 172, 0, 172, 0, 0, 0
17202, 1, 1636469820747, 1636469820919, 172, 0, 172, 0, 0, 0
17203, 1, 1636469820787, 1636469820959, 172, 0, 172, 0, 0, 0
17204, 1, 1636469820979, 1636469821151, 172, 0, 172, 0, 0, 0
17205, 1, 1636469821159, 1636469821331, 172, 0, 172, 0, 0, 0
17206, 1, 1636469821419, 1636469821591, 172, 0, 172, 0, 0, 0
17207, 1, 1636469821879, 1636469822051, 172, 0, 172, 0, 0, 0
17208, 1, 1636469821915, 1636469822087, 172, 0, 172, 0, 0, 0
17209, 1, 1636469822115, 1636469822287, 172, 0, 172, 0, 0, 0
17210, 1, 1636469822259, 1636469822431, 172, 0, 172, 0, 0, 0
17211, 1, 1636469822383, 1636469822559, 176, 0, 176, 0, 0, 0
17212, 1, 1636469822663, 1636469822835, 172, 0, 172, 0, 0, 0
17213, 1, 1636469822775, 1636469822947, 172, 0, 172, 0, 0, 0
17214, 1, 1636469823675, 1636469823847, 172, 0, 172, 0, 0, 0
17215, 1, 1636469823775, 1636469823947, 172, 0, 172, 0, 0, 0
17216, 1, 1636469823783, 1636469823955, 172, 0, 172, 0, 0, 0
17218, 1, 1636469823967, 1636469824139, 172, 0, 172, 0, 0, 0
17217, 1, 1636469824123, 1636469824295, 172, 0, 172, 0, 0, 0
17220, 1, 1636469824187, 1636469824359, 172, 0, 172, 0, 0, 0
17219, 1, 1636469824315, 1636469824487, 172, 0, 172, 0, 0, 0
17221, 1, 1636469824663, 1636469824835, 172, 0, 172, 0, 0, 0
17222, 1, 1636469824767, 1636469824943, 176, 0, 176, 0, 0, 0
17223, 1, 1636469824931, 1636469825103, 172, 0, 172, 0, 0, 0
17224, 1, 1636469825135, 1636469825307, 172, 0, 172, 0, 0, 0
17225, 1, 1636469825251, 1636469825423, 172, 0, 172, 0, 0, 0
17226, 1, 1636469825535, 1636469825707, 172, 0, 172, 0, 0, 0
17227, 1, 1636469825587, 1636469825759, 172, 0, 172, 0, 0, 0
17228, 1, 1636469825995, 1636469826167, 172, 0, 172, 0, 0, 0
17229, 1, 1636469826055, 1636469826227, 172, 0, 172, 0, 0, 0
17230, 1, 1636469826167, 1636469826339, 172, 0, 172, 0, 0, 0
17231, 1, 1636469826235, 1636469826407, 172, 0, 172, 0, 0, 0
17232, 1, 1636469826639, 1636469826811, 172, 0, 172, 0, 0, 0
17233, 1, 1636469826887, 1636469827059, 172, 0, 172, 0, 0, 0
17234, 1, 1636469827579, 1636469827751, 172, 0, 172, 0, 0, 0
17235, 1, 1636469827587, 1636469827759, 172, 0, 172, 0, 0, 0
17237, 1, 1636469827791, 1636469827963, 172, 0, 172, 0, 0, 0
17236, 1, 1636469827935, 1636469828107, 172, 0, 172, 0, 0, 0
17238, 1, 1636469827943, 1636469828115, 172, 0, 172, 0, 0, 0
17240, 1, 1636469828267, 1636469828439, 172, 0, 172, 0, 0, 0
17239, 1, 1636469828291, 1636469828463, 172, 0, 172, 0, 0, 0
17242, 1, 1636469828563, 1636469828735, 172, 0, 172, 0, 0, 0
17241, 1, 1636469828643, 1636469828815, 172, 0, 172, 0, 0, 0
17243, 1, 1636469828907, 1636469829079, 172, 0, 172, 0, 0, 0
17244, 1, 1636469828935, 1636469829107, 172, 0, 172, 0, 0, 0
17245, 1, 1636469829231, 1636469829403, 172, 0, 172, 0, 0, 0
17246, 1, 1636469829451, 1636469829623, 172, 0, 172, 0, 0, 0
17247, 1, 1636469829503, 1636469829675, 172, 0, 172, 0, 0, 0
17248, 1, 1636469829867, 1636469830043, 176, 0, 176, 0, 0, 0
17249, 1, 1636469829967, 1636469830139, 172, 0, 172, 0, 0, 0
17250, 1, 1636469830031, 1636469830203, 172, 0, 172, 0, 0, 0
17251, 1, 1636469830035, 1636469830207, 172, 0, 172, 0, 0, 0
17252, 1, 1636469830383, 1636469830555, 172, 0, 172, 0, 0, 0
17253, 1, 1636469830859, 1636469831031, 172, 0, 172, 0, 0, 0
17254, 1, 1636469831395, 1636469831567, 172, 0, 172, 0, 0, 0
17256, 1, 1636469831715, 1636469831887, 172, 0, 172, 0, 0, 0
17255, 1, 1636469831743, 1636469831915, 172, 0, 172, 0, 0, 0
17257, 1, 1636469831767, 1636469831939, 172, 0, 172, 0, 0, 0
17258, 1, 1636469831855, 1636469832027, 172, 0, 172, 0, 0, 0
17260, 1, 1636469831935, 1636469832111, 176, 0, 176, 0, 0, 0
17259, 1, 1636469832063, 1636469832235, 172, 0, 172, 0, 0, 0
17261, 1, 1636469832411, 1636469832583, 172, 0, 172, 0, 0, 0
17262, 1, 1636469832711, 1636469832883, 172, 0, 172, 0, 0, 0
17263, 1, 1636469832779, 1636469832951, 172, 0, 172, 0, 0, 0
17264, 1, 1636469833147, 1636469833319, 172, 0, 172, 0, 0, 0
17265, 1, 1636469833179, 1636469833351, 172, 0, 172, 0, 0, 0
17266, 1, 1636469833211, 1636469833383, 172, 0, 172, 0, 0, 0
17267, 1, 1636469833399, 1636469833571, 172, 0, 172, 0, 0, 0
17268, 1, 1636469833599, 1636469833771, 172, 0, 172, 0, 0, 0
17269, 1, 1636469833831, 1636469834003, 172, 0, 172, 0, 0, 0
17270, 1, 1636469833851, 1636469834023, 172, 0, 172, 0, 0, 0
17271, 1, 1636469834307, 1636469834479, 172, 0, 172, 0, 0, 0
17272, 1, 1636469834655, 1636469834827, 172, 0, 172, 0, 0, 0
17273, 1, 1636469834747, 1636469834919, 172, 0, 172, 0, 0, 0
17274, 1, 1636469835651, 1636469835827, 176, 0, 176, 0, 0, 0
17275, 1, 1636469835667, 1636469835839, 172, 0, 172, 0, 0, 0
17277, 1, 1636469835735, 1636469835907, 172, 0, 172, 0, 0, 0
17278, 1, 1636469835751, 1636469835927, 176, 0, 176, 0, 0, 0
17279, 1, 1636469835763, 1636469835935, 172, 0, 172, 0, 0, 0
17276, 1, 1636469836011, 1636469836187, 176, 0, 176, 0, 0, 0
17280, 1, 1636469836083, 1636469836255, 172, 0, 172, 0, 0, 0
17281, 1, 1636469836431, 1636469836603, 172, 0, 172, 0, 0, 0
17282, 1, 1636469836755, 1636469836927, 172, 0, 172, 0, 0, 0
17283, 1, 1636469836983, 1636469837155, 172, 0, 172, 0, 0, 0
17284, 1, 1636469837063, 1636469837235, 172, 0, 172, 0, 0, 0
17285, 1, 1636469837171, 1636469837343, 172, 0, 172, 0, 0, 0
17286, 1, 1636469837187, 1636469837359, 172, 0, 172, 0, 0, 0
17287, 1, 1636469837435, 1636469837607, 172, 0, 172, 0, 0, 0
17288, 1, 1636469837523, 1636469837699, 176, 0, 176, 0, 0, 0
17289, 1, 1636469837859, 1636469838031, 172, 0, 172, 0, 0, 0
17290, 1, 1636469838103, 1636469838275, 172, 0, 172, 0, 0, 0
17291, 1, 1636469838243, 1636469838415, 172, 0, 172, 0, 0, 0
17293, 1, 1636469838423, 1636469838595, 172, 0, 172, 0, 0, 0
17292, 1, 1636469838591, 1636469838763, 172, 0, 172, 0, 0, 0
17294, 1, 1636469839327, 1636469839503, 176, 0, 176, 0, 0, 0
17295, 1, 1636469839411, 1636469839583, 172, 0, 172, 0, 0, 0
17296, 1, 1636469839447, 1636469839619, 172, 0, 172, 0, 0, 0
17298, 1, 1636469839683, 1636469839855, 172, 0, 172, 0, 0, 0
17297, 1, 1636469839799, 1636469839971, 172, 0, 172, 0, 0, 0
17299, 1, 1636469840011, 1636469840183, 172, 0, 172, 0, 0, 0
17300, 1, 1636469840359, 1636469840531, 172, 0, 172, 0, 0, 0
17301, 1, 1636469840527, 1636469840699, 172, 0, 172, 0, 0, 0
17302, 1, 1636469840707, 1636469840879, 172, 0, 172, 0, 0, 0
17303, 1, 1636469840903, 1636469841075, 172, 0, 172, 0, 0, 0
17304, 1, 1636469840951, 1636469841123, 172, 0, 172, 0, 0, 0
17305, 1, 1636469840959, 1636469841131, 172, 0, 172, 0, 0, 0
17306, 1, 1636469841355, 1636469841527, 172, 0, 172, 0, 0, 0
17308, 1, 1636469841363, 1636469841535, 172, 0, 172, 0, 0, 0
17307, 1, 1636469841363, 1636469841535, 172, 0, 172, 0, 0, 0
17309, 1, 1636469841859, 1636469842031, 172, 0, 172, 0, 0, 0
17310, 1, 1636469842091, 1636469842262, 171, 0, 171, 0, 0, 0
17311, 1, 1636469842159, 1636469842331, 172, 0, 172, 0, 0, 0
17313, 1, 1636469842258, 1636469842431, 173, 1, 172, 0, 0, 0
17312, 1, 1636469842503, 1636469842675, 172, 0, 172, 0, 0, 0
17314, 1, 1636469843107, 1636469843279, 172, 0, 172, 0, 0, 0
17315, 1, 1636469843295, 1636469843467, 172, 0, 172, 0, 0, 0
17316, 1, 1636469843523, 1636469843695, 172, 0, 172, 0, 0, 0
17317, 1, 1636469843675, 1636469843847, 172, 0, 172, 0, 0, 0
17318, 1, 1636469843979, 1636469844151, 172, 0, 172, 0, 0, 0
17319, 1, 1636469844123, 1636469844295, 172, 0, 172, 0, 0, 0
17320, 1, 1636469844471, 1636469844643, 172, 0, 172, 0, 0, 0
17321, 1, 1636469844547, 1636469844719, 172, 0, 172, 0, 0, 0
17322, 1, 1636469844611, 1636469844783, 172, 0, 172, 0, 0, 0
17323, 1, 1636469844867, 1636469845039, 172, 0, 172, 0, 0, 0
17324, 1, 1636469844879, 1636469845055, 176, 0, 176, 0, 0, 0
17325, 1, 1636469845075, 1636469845247, 172, 0, 172, 0, 0, 0
17326, 1, 1636469845251, 1636469845423, 172, 0, 172, 0, 0, 0
17327, 1, 1636469845447, 1636469845619, 172, 0, 172, 0, 0, 0
17328, 1, 1636469845675, 1636469845847, 172, 0, 172, 0, 0, 0
17329, 1, 1636469845963, 1636469846135, 172, 0, 172, 0, 0, 0
17330, 1, 1636469846003, 1636469846175, 172, 0, 172, 0, 0, 0
17331, 1, 1636469846183, 1636469846355, 172, 0, 172, 0, 0, 0
17332, 1, 1636469846427, 1636469846599, 172, 0, 172, 0, 0, 0
17333, 1, 1636469846775, 1636469846947, 172, 0, 172, 0, 0, 0
17334, 1, 1636469847079, 1636469847251, 172, 0, 172, 0, 0, 0
17335, 1, 1636469847127, 1636469847299, 172, 0, 172, 0, 0, 0
17336, 1, 1636469847543, 1636469847715, 172, 0, 172, 0, 0, 0
17337, 1, 1636469847679, 1636469847851, 172, 0, 172, 0, 0, 0
17338, 1, 1636469848175, 1636469848347, 172, 0, 172, 0, 0, 0
17339, 1, 1636469848255, 1636469848431, 176, 0, 176, 0, 0, 0
17341, 1, 1636469848587, 1636469848759, 172, 0, 172, 0, 0, 0
17340, 1, 1636469848611, 1636469848783, 172, 0, 172, 0, 0, 0
17342, 1, 1636469848739, 1636469848911, 172, 0, 172, 0, 0, 0
17343, 1, 1636469848991, 1636469849163, 172, 0, 172, 0, 0, 0
17344, 1, 1636469849003, 1636469849175, 172, 0, 172, 0, 0, 0
17345, 1, 1636469849055, 1636469849227, 172, 0, 172, 0, 0, 0
17346, 1, 1636469849443, 1636469849619, 176, 0, 176, 0, 0, 0
17347, 1, 1636469849495, 1636469849667, 172, 0, 172, 0, 0, 0
17348, 1, 1636469849579, 1636469849751, 172, 0, 172, 0, 0, 0
17349, 1, 1636469849947, 1636469850119, 172, 0, 172, 0, 0, 0
17350, 1, 1636469850003, 1636469850175, 172, 0, 172, 0, 0, 0
17351, 1, 1636469850027, 1636469850203, 176, 0, 176, 0, 0, 0
17352, 1, 1636469850571, 1636469850743, 172, 0, 172, 0, 0, 0
17353, 1, 1636469850919, 1636469851091, 172, 0, 172, 0, 0, 0
17354, 1, 1636469851059, 1636469851231, 172, 0, 172, 0, 0, 0
17355, 1, 1636469851319, 1636469851491, 172, 0, 172, 0, 0, 0
17356, 1, 1636469851735, 1636469851907, 172, 0, 172, 0, 0, 0
17357, 1, 1636469851995, 1636469852167, 172, 0, 172, 0, 0, 0
17358, 1, 1636469852255, 1636469852427, 172, 0, 172, 0, 0, 0
17359, 1, 1636469852603, 1636469852775, 172, 0, 172, 0, 0, 0
17361, 1, 1636469852811, 1636469852983, 172, 0, 172, 0, 0, 0
17363, 1, 1636469853183, 1636469853355, 172, 0, 172, 0, 0, 0
17365, 1, 1636469853275, 1636469853447, 172, 0, 172, 0, 0, 0
17366, 1, 1636469853427, 1636469853599, 172, 0, 172, 0, 0, 0
17369, 1, 1636469853931, 1636469854103, 172, 0, 172, 0, 0, 0
17370, 1, 1636469854167, 1636469854339, 172, 0, 172, 0, 0, 0
17371, 1, 1636469854311, 1636469854483, 172, 0, 172, 0, 0, 0
17374, 1, 1636469855223, 1636469855395, 172, 0, 172, 0, 0, 0
17375, 1, 1636469855223, 1636469855399, 176, 0, 176, 0, 0, 0
17376, 1, 1636469855287, 1636469855459, 172, 0, 172, 0, 0, 0
17378, 1, 1636469855603, 1636469855775, 172, 0, 172, 0, 0, 0
17379, 1, 1636469855723, 1636469855895, 172, 0, 172, 0, 0, 0
17381, 1, 1636469855875, 1636469856047, 172, 0, 172, 0, 0, 0
17382, 1, 1636469856187, 1636469856359, 172, 0, 172, 0, 0, 0
17383, 1, 1636469856387, 1636469856559, 172, 0, 172, 0, 0, 0
17384, 1, 1636469856575, 1636469856747, 172, 0, 172, 0, 0, 0
17385, 1, 1636469856727, 1636469856899, 172, 0, 172, 0, 0, 0
17386, 1, 1636469856999, 1636469857175, 176, 0, 176, 0, 0, 0
17387, 1, 1636469857039, 1636469857211, 172, 0, 172, 0, 0, 0
17388, 1, 1636469857351, 1636469857523, 172, 0, 172, 0, 0, 0
17390, 1, 1636469857607, 1636469857779, 172, 0, 172, 0, 0, 0
17391, 1, 1636469857751, 1636469857923, 172, 0, 172, 0, 0, 0
17389, 1, 1636469857907, 1636469858079, 172, 0, 172, 0, 0, 0
17392, 1, 1636469857931, 1636469858103, 172, 0, 172, 0, 0, 0
17393, 1, 1636469858115, 1636469858287, 172, 0, 172, 0, 0, 0
17394, 1, 1636469858171, 1636469858343, 172, 0, 172, 0, 0, 0
17395, 1, 1636469858391, 1636469858563, 172, 0, 172, 0, 0, 0
17396, 1, 1636469858823, 1636469858995, 172, 0, 172, 0, 0, 0
17397, 1, 1636469859047, 1636469859219, 172, 0, 172, 0, 0, 0
17398, 1, 1636469859271, 1636469859443, 172, 0, 172, 0, 0, 0
17399, 1, 1636469859335, 1636469859507, 172, 0, 172, 0, 0, 0
17400, 1, 1636469859655, 1636469859831, 176, 0, 176, 0, 0, 0
17401, 1, 1636469859783, 1636469859955, 172, 0, 172, 0, 0, 0
17402, 1, 1636469859927, 1636469860099, 172, 0, 172, 0, 0, 0
17403, 1, 1636469860495, 1636469860667, 172, 0, 172, 0, 0, 0
17404, 1, 1636469860643, 1636469860815, 172, 0, 172, 0, 0, 0
17405, 1, 1636469860735, 1636469860907, 172, 0, 172, 0, 0, 0
17406, 1, 1636469860955, 1636469861127, 172, 0, 172, 0, 0, 0
17407, 1, 1636469861059, 1636469861231, 172, 0, 172, 0, 0, 0
17409, 1, 1636469861379, 1636469861551, 172, 0, 172, 0, 0, 0
17408, 1, 1636469861407, 1636469861579, 172, 0, 172, 0, 0, 0
17410, 1, 1636469861703, 1636469861875, 172, 0, 172, 0, 0, 0
17411, 1, 1636469861807, 1636469861979, 172, 0, 172, 0, 0, 0
17412, 1, 1636469861851, 1636469862023, 172, 0, 172, 0, 0, 0
17413, 1, 1636469862211, 1636469862383, 172, 0, 172, 0, 0, 0
17414, 1, 1636469862227, 1636469862399, 172, 0, 172, 0, 0, 0
17415, 1, 1636469862711, 1636469862883, 172, 0, 172, 0, 0, 0
17416, 1, 1636469862719, 1636469862891, 172, 0, 172, 0, 0, 0
17417, 1, 1636469862963, 1636469863135, 172, 0, 172, 0, 0, 0
17418, 1, 1636469863035, 1636469863207, 172, 0, 172, 0, 0, 0
17419, 1, 1636469863223, 1636469863395, 172, 0, 172, 0, 0, 0
17420, 1, 1636469863671, 1636469863843, 172, 0, 172, 0, 0, 0
17421, 1, 1636469863691, 1636469863863, 172, 0, 172, 0, 0, 0
17422, 1, 1636469863839, 1636469864011, 172, 0, 172, 0, 0, 0
17423, 1, 1636469864379, 1636469864551, 172, 0, 172, 0, 0, 0
17424, 1, 1636469864823, 1636469864995, 172, 0, 172, 0, 0, 0
17425, 1, 1636469864839, 1636469865011, 172, 0, 172, 0, 0, 0
17426, 1, 1636469864895, 1636469865067, 172, 0, 172, 0, 0, 0
17427, 1, 1636469864955, 1636469865127, 172, 0, 172, 0, 0, 0
17428, 1, 1636469865171, 1636469865343, 172, 0, 172, 0, 0, 0
17429, 1, 1636469865567, 1636469865739, 172, 0, 172, 0, 0, 0
17430, 1, 1636469865631, 1636469865803, 172, 0, 172, 0, 0, 0
17431, 1, 1636469865735, 1636469865907, 172, 0, 172, 0, 0, 0
17433, 1, 1636469865995, 1636469866167, 172, 0, 172, 0, 0, 0
17432, 1, 1636469866083, 1636469866255, 172, 0, 172, 0, 0, 0
17434, 1, 1636469866431, 1636469866603, 172, 0, 172, 0, 0, 0
17435, 1, 1636469866851, 1636469867023, 172, 0, 172, 0, 0, 0
17436, 1, 1636469866955, 1636469867127, 172, 0, 172, 0, 0, 0
17437, 1, 1636469866967, 1636469867139, 172, 0, 172, 0, 0, 0
17438, 1, 1636469866975, 1636469867147, 172, 0, 172, 0, 0, 0
17439, 1, 1636469867555, 1636469867727, 172, 0, 172, 0, 0, 0
17440, 1, 1636469867607, 1636469867779, 172, 0, 172, 0, 0, 0
17441, 1, 1636469867931, 1636469868103, 172, 0, 172, 0, 0, 0
17442, 1, 1636469868003, 1636469868175, 172, 0, 172, 0, 0, 0
17443, 1, 1636469868715, 1636469868887, 172, 0, 172, 0, 0, 0
17444, 1, 1636469868739, 1636469868911, 172, 0, 172, 0, 0, 0
17446, 1, 1636469868907, 1636469869079, 172, 0, 172, 0, 0, 0
17445, 1, 1636469869087, 1636469869259, 172, 0, 172, 0, 0, 0
17447, 1, 1636469869175, 1636469869347, 172, 0, 172, 0, 0, 0
17448, 1, 1636469869251, 1636469869423, 172, 0, 172, 0, 0, 0
17449, 1, 1636469869483, 1636469869655, 172, 0, 172, 0, 0, 0
17450, 1, 1636469869719, 1636469869895, 176, 0, 176, 0, 0, 0
17451, 1, 1636469869883, 1636469870055, 172, 0, 172, 0, 0, 0
17452, 1, 1636469869911, 1636469870083, 172, 0, 172, 0, 0, 0
17453, 1, 1636469870067, 1636469870239, 172, 0, 172, 0, 0, 0
17454, 1, 1636469870207, 1636469870379, 172, 0, 172, 0, 0, 0
17455, 1, 1636469870839, 1636469871011, 172, 0, 172, 0, 0, 0
17456, 1, 1636469871183, 1636469871355, 172, 0, 172, 0, 0, 0
17457, 1, 1636469871219, 1636469871391, 172, 0, 172, 0, 0, 0
17458, 1, 1636469871255, 1636469871427, 172, 0, 172, 0, 0, 0
17459, 1, 1636469871495, 1636469871667, 172, 0, 172, 0, 0, 0
17460, 1, 1636469871843, 1636469872015, 172, 0, 172, 0, 0, 0
17462, 1, 1636469872127, 1636469872303, 176, 0, 176, 0, 0, 0
17461, 1, 1636469872191, 1636469872363, 172, 0, 172, 0, 0, 0
17463, 1, 1636469872623, 1636469872795, 172, 0, 172, 0, 0, 0
17465, 1, 1636469872927, 1636469873099, 172, 0, 172, 0, 0, 0
17464, 1, 1636469872971, 1636469873143, 172, 0, 172, 0, 0, 0
17466, 1, 1636469872995, 1636469873167, 172, 0, 172, 0, 0, 0
17467, 1, 1636469873127, 1636469873299, 172, 0, 172, 0, 0, 0
17468, 1, 1636469873371, 1636469873543, 172, 0, 172, 0, 0, 0
17469, 1, 1636469873463, 1636469873639, 176, 0, 176, 0, 0, 0
17470, 1, 1636469873659, 1636469873831, 172, 0, 172, 0, 0, 0
17471, 1, 1636469873795, 1636469873967, 172, 0, 172, 0, 0, 0
17472, 1, 1636469873895, 1636469874067, 172, 0, 172, 0, 0, 0
17473, 1, 1636469874147, 1636469874319, 172, 0, 172, 0, 0, 0
17474, 1, 1636469874355, 1636469874527, 172, 0, 172, 0, 0, 0
17475, 1, 1636469875179, 1636469875351, 172, 0, 172, 0, 0, 0
17476, 1, 1636469875195, 1636469875371, 176, 0, 176, 0, 0, 0
17477, 1, 1636469875231, 1636469875403, 172, 0, 172, 0, 0, 0
17478, 1, 1636469875411, 1636469875583, 172, 0, 172, 0, 0, 0
17479, 1, 1636469875799, 1636469875971, 172, 0, 172, 0, 0, 0
17480, 1, 1636469875835, 1636469876007, 172, 0, 172, 0, 0, 0
17481, 1, 1636469875995, 1636469876167, 172, 0, 172, 0, 0, 0
17482, 1, 1636469876343, 1636469876515, 172, 0, 172, 0, 0, 0
17483, 1, 1636469876695, 1636469876867, 172, 0, 172, 0, 0, 0
17484, 1, 1636469876779, 1636469876951, 172, 0, 172, 0, 0, 0
17485, 1, 1636469877043, 1636469877215, 172, 0, 172, 0, 0, 0
17486, 1, 1636469877151, 1636469877323, 172, 0, 172, 0, 0, 0
17487, 1, 1636469877423, 1636469877595, 172, 0, 172, 0, 0, 0
17488, 1, 1636469877503, 1636469877675, 172, 0, 172, 0, 0, 0
17489, 1, 1636469877631, 1636469877803, 172, 0, 172, 0, 0, 0
17490, 1, 1636469877775, 1636469877947, 172, 0, 172, 0, 0, 0
17491, 1, 1636469878115, 1636469878287, 172, 0, 172, 0, 0, 0
17492, 1, 1636469878135, 1636469878307, 172, 0, 172, 0, 0, 0
17493, 1, 1636469878259, 1636469878435, 176, 0, 176, 0, 0, 0
17494, 1, 1636469878511, 1636469878683, 172, 0, 172, 0, 0, 0
17495, 1, 1636469879079, 1636469879251, 172, 0, 172, 0, 0, 0
17496, 1, 1636469879343, 1636469879519, 176, 0, 176, 0, 0, 0
17497, 1, 1636469879451, 1636469879623, 172, 0, 172, 0, 0, 0
17498, 1, 1636469879459, 1636469879631, 172, 0, 172, 0, 0, 0
17499, 1, 1636469879691, 1636469879863, 172, 0, 172, 0, 0, 0
17500, 1, 1636469879735, 1636469879907, 172, 0, 172, 0, 0, 0
17501, 1, 1636469880039, 1636469880211, 172, 0, 172, 0, 0, 0
17502, 1, 1636469880115, 1636469880287, 172, 0, 172, 0, 0, 0
17503, 1, 1636469880599, 1636469880771, 172, 0, 172, 0, 0, 0
17504, 1, 1636469880847, 1636469881019, 172, 0, 172, 0, 0, 0
17505, 1, 1636469880979, 1636469881151, 172, 0, 172, 0, 0, 0
17506, 1, 1636469881099, 1636469881271, 172, 0, 172, 0, 0, 0
17508, 1, 1636469881231, 1636469881407, 176, 0, 176, 0, 0, 0
17507, 1, 1636469881327, 1636469881499, 172, 0, 172, 0, 0, 0
17509, 1, 1636469881915, 1636469882087, 172, 0, 172, 0, 0, 0
17510, 1, 1636469881967, 1636469882139, 172, 0, 172, 0, 0, 0
17511, 1, 1636469882179, 1636469882355, 176, 0, 176, 0, 0, 0
17512, 1, 1636469882351, 1636469882523, 172, 0, 172, 0, 0, 0
17513, 1, 1636469882411, 1636469882583, 172, 0, 172, 0, 0, 0
17514, 1, 1636469882415, 1636469882587, 172, 0, 172, 0, 0, 0
17515, 1, 1636469883043, 1636469883215, 172, 0, 172, 0, 0, 0
17516, 1, 1636469883371, 1636469883543, 172, 0, 172, 0, 0, 0
17517, 1, 1636469883615, 1636469883787, 172, 0, 172, 0, 0, 0
17518, 1, 1636469883643, 1636469883819, 176, 0, 176, 0, 0, 0
17519, 1, 1636469883851, 1636469884023, 172, 0, 172, 0, 0, 0
17520, 1, 1636469883979, 1636469884151, 172, 0, 172, 0, 0, 0
17521, 1, 1636469884267, 1636469884439, 172, 0, 172, 0, 0, 0
17522, 1, 1636469884331, 1636469884503, 172, 0, 172, 0, 0, 0
17523, 1, 1636469884747, 1636469884919, 172, 0, 172, 0, 0, 0
17524, 1, 1636469884955, 1636469885127, 172, 0, 172, 0, 0, 0
17525, 1, 1636469885131, 1636469885303, 172, 0, 172, 0, 0, 0
17526, 1, 1636469885139, 1636469885311, 172, 0, 172, 0, 0, 0
17527, 1, 1636469885479, 1636469885651, 172, 0, 172, 0, 0, 0
17528, 1, 1636469885527, 1636469885699, 172, 0, 172, 0, 0, 0
17529, 1, 1636469885651, 1636469885823, 172, 0, 172, 0, 0, 0
17530, 1, 1636469886035, 1636469886207, 172, 0, 172, 0, 0, 0
17531, 1, 1636469886067, 1636469886239, 172, 0, 172, 0, 0, 0
17532, 1, 1636469886143, 1636469886315, 172, 0, 172, 0, 0, 0
17533, 1, 1636469886491, 1636469886663, 172, 0, 172, 0, 0, 0
17534, 1, 1636469886571, 1636469886743, 172, 0, 172, 0, 0, 0
17535, 1, 1636469887335, 1636469887507, 172, 0, 172, 0, 0, 0
17537, 1, 1636469887375, 1636469887547, 172, 0, 172, 0, 0, 0
17538, 1, 1636469887407, 1636469887579, 172, 0, 172, 0, 0, 0
17536, 1, 1636469887679, 1636469887855, 176, 0, 176, 0, 0, 0
17539, 1, 1636469887939, 1636469888111, 172, 0, 172, 0, 0, 0
17540, 1, 1636469888031, 1636469888203, 172, 0, 172, 0, 0, 0
17541, 1, 1636469888131, 1636469888303, 172, 0, 172, 0, 0, 0
17542, 1, 1636469888479, 1636469888651, 172, 0, 172, 0, 0, 0
17543, 1, 1636469888483, 1636469888659, 176, 0, 176, 0, 0, 0
17544, 1, 1636469888771, 1636469888943, 172, 0, 172, 0, 0, 0
17545, 1, 1636469888835, 1636469889007, 172, 0, 172, 0, 0, 0
17547, 1, 1636469889175, 1636469889347, 172, 0, 172, 0, 0, 0
17546, 1, 1636469889183, 1636469889355, 172, 0, 172, 0, 0, 0
17548, 1, 1636469889559, 1636469889731, 172, 0, 172, 0, 0, 0
17549, 1, 1636469889735, 1636469889911, 176, 0, 176, 0, 0, 0
17550, 1, 1636469889767, 1636469889939, 172, 0, 172, 0, 0, 0
17551, 1, 1636469889995, 1636469890167, 172, 0, 172, 0, 0, 0
17552, 1, 1636469890119, 1636469890291, 172, 0, 172, 0, 0, 0
17553, 1, 1636469890267, 1636469890439, 172, 0, 172, 0, 0, 0
17554, 1, 1636469890743, 1636469890915, 172, 0, 172, 0, 0, 0
17555, 1, 1636469891187, 1636469891363, 176, 0, 176, 0, 0, 0
17556, 1, 1636469891483, 1636469891655, 172, 0, 172, 0, 0, 0
17557, 1, 1636469891519, 1636469891691, 172, 0, 172, 0, 0, 0
17558, 1, 1636469891663, 1636469891835, 172, 0, 172, 0, 0, 0
17559, 1, 1636469891671, 1636469891843, 172, 0, 172, 0, 0, 0
17560, 1, 1636469892247, 1636469892419, 172, 0, 172, 0, 0, 0
17561, 1, 1636469892323, 1636469892495, 172, 0, 172, 0, 0, 0
17562, 1, 1636469892595, 1636469892767, 172, 0, 172, 0, 0, 0
17563, 1, 1636469892795, 1636469892967, 172, 0, 172, 0, 0, 0
17564, 1, 1636469892919, 1636469893091, 172, 0, 172, 0, 0, 0
17565, 1, 1636469893123, 1636469893295, 172, 0, 172, 0, 0, 0
17567, 1, 1636469893283, 1636469893455, 172, 0, 172, 0, 0, 0
17566, 1, 1636469893467, 1636469893639, 172, 0, 172, 0, 0, 0
17568, 1, 1636469893671, 1636469893843, 172, 0, 172, 0, 0, 0
17569, 1, 1636469893815, 1636469893987, 172, 0, 172, 0, 0, 0
17570, 1, 1636469893863, 1636469894035, 172, 0, 172, 0, 0, 0
17571, 1, 1636469894059, 1636469894231, 172, 0, 172, 0, 0, 0
17572, 1, 1636469894247, 1636469894419, 172, 0, 172, 0, 0, 0
17573, 1, 1636469894559, 1636469894731, 172, 0, 172, 0, 0, 0
17574, 1, 1636469894855, 1636469895027, 172, 0, 172, 0, 0, 0
17575, 1, 1636469895007, 1636469895179, 172, 0, 172, 0, 0, 0
17576, 1, 1636469895411, 1636469895583, 172, 0, 172, 0, 0, 0
17577, 1, 1636469895591, 1636469895763, 172, 0, 172, 0, 0, 0
17578, 1, 1636469895699, 1636469895871, 172, 0, 172, 0, 0, 0
17579, 1, 1636469895747, 1636469895919, 172, 0, 172, 0, 0, 0
17580, 1, 1636469896135, 1636469896307, 172, 0, 172, 0, 0, 0
17582, 1, 1636469896359, 1636469896531, 172, 0, 172, 0, 0, 0
17581, 1, 1636469896483, 1636469896655, 172, 0, 172, 0, 0, 0
17583, 1, 1636469896659, 1636469896835, 176, 0, 176, 0, 0, 0
17584, 1, 1636469896999, 1636469897171, 172, 0, 172, 0, 0, 0
17585, 1, 1636469897179, 1636469897355, 176, 0, 176, 0, 0, 0
17586, 1, 1636469897275, 1636469897447, 172, 0, 172, 0, 0, 0
17588, 1, 1636469897563, 1636469897735, 172, 0, 172, 0, 0, 0
17587, 1, 1636469897623, 1636469897795, 172, 0, 172, 0, 0, 0
17589, 1, 1636469897643, 1636469897815, 172, 0, 172, 0, 0, 0
17590, 1, 1636469897963, 1636469898135, 172, 0, 172, 0, 0, 0
17591, 1, 1636469898027, 1636469898199, 172, 0, 172, 0, 0, 0
17592, 1, 1636469898095, 1636469898267, 172, 0, 172, 0, 0, 0
17593, 1, 1636469898595, 1636469898767, 172, 0, 172, 0, 0, 0
17594, 1, 1636469898747, 1636469898919, 172, 0, 172, 0, 0, 0
17595, 1, 1636469899151, 1636469899323, 172, 0, 172, 0, 0, 0
17596, 1, 1636469899487, 1636469899659, 172, 0, 172, 0, 0, 0
17597, 1, 1636469899747, 1636469899919, 172, 0, 172, 0, 0, 0
17598, 1, 1636469899875, 1636469900047, 172, 0, 172, 0, 0, 0
17599, 1, 1636469899991, 1636469900163, 172, 0, 172, 0, 0, 0
17600, 1, 1636469900363, 1636469900535, 172, 0, 172, 0, 0, 0
17602, 1, 1636469900647, 1636469900819, 172, 0, 172, 0, 0, 0
17603, 1, 1636469900695, 1636469900867, 172, 0, 172, 0, 0, 0
17601, 1, 1636469900707, 1636469900883, 176, 0, 176, 0, 0, 0
17604, 1, 1636469900971, 1636469901143, 172, 0, 172, 0, 0, 0
17605, 1, 1636469901371, 1636469901543, 172, 0, 172, 0, 0, 0
17606, 1, 1636469901379, 1636469901551, 172, 0, 172, 0, 0, 0
17607, 1, 1636469901515, 1636469901687, 172, 0, 172, 0, 0, 0
17609, 1, 1636469901699, 1636469901871, 172, 0, 172, 0, 0, 0
17608, 1, 1636469901723, 1636469901895, 172, 0, 172, 0, 0, 0
17610, 1, 1636469901763, 1636469901935, 172, 0, 172, 0, 0, 0
17611, 1, 1636469901895, 1636469902067, 172, 0, 172, 0, 0, 0
17612, 1, 1636469902203, 1636469902375, 172, 0, 172, 0, 0, 0
17613, 1, 1636469902703, 1636469902875, 172, 0, 172, 0, 0, 0
17614, 1, 1636469902891, 1636469903063, 172, 0, 172, 0, 0, 0
17615, 1, 1636469903079, 1636469903251, 172, 0, 172, 0, 0, 0
17616, 1, 1636469903655, 1636469903827, 172, 0, 172, 0, 0, 0
17617, 1, 1636469903823, 1636469903995, 172, 0, 172, 0, 0, 0
17618, 1, 1636469903887, 1636469904059, 172, 0, 172, 0, 0, 0
17619, 1, 1636469903931, 1636469904103, 172, 0, 172, 0, 0, 0
17620, 1, 1636469904543, 1636469904715, 172, 0, 172, 0, 0, 0
17621, 1, 1636469904587, 1636469904759, 172, 0, 172, 0, 0, 0
17623, 1, 1636469904723, 1636469904895, 172, 0, 172, 0, 0, 0
17622, 1, 1636469904935, 1636469905111, 176, 0, 176, 0, 0, 0
17624, 1, 1636469905059, 1636469905231, 172, 0, 172, 0, 0, 0
17625, 1, 1636469905259, 1636469905431, 172, 0, 172, 0, 0, 0
17626, 1, 1636469905511, 1636469905683, 172, 0, 172, 0, 0, 0
17627, 1, 1636469905607, 1636469905779, 172, 0, 172, 0, 0, 0
17628, 1, 1636469905703, 1636469905875, 172, 0, 172, 0, 0, 0
17629, 1, 1636469905899, 1636469906071, 172, 0, 172, 0, 0, 0
17630, 1, 1636469906015, 1636469906187, 172, 0, 172, 0, 0, 0
17631, 1, 1636469906099, 1636469906271, 172, 0, 172, 0, 0, 0
17632, 1, 1636469906223, 1636469906395, 172, 0, 172, 0, 0, 0
17633, 1, 1636469906583, 1636469906755, 172, 0, 172, 0, 0, 0
17634, 1, 1636469907203, 1636469907375, 172, 0, 172, 0, 0, 0
17635, 1, 1636469907267, 1636469907439, 172, 0, 172, 0, 0, 0
17636, 1, 1636469907383, 1636469907555, 172, 0, 172, 0, 0, 0
17637, 1, 1636469907811, 1636469907983, 172, 0, 172, 0, 0, 0
17638, 1, 1636469908143, 1636469908319, 176, 0, 176, 0, 0, 0
17639, 1, 1636469908223, 1636469908395, 172, 0, 172, 0, 0, 0
17640, 1, 1636469908443, 1636469908615, 172, 0, 172, 0, 0, 0
17642, 1, 1636469908747, 1636469908919, 172, 0, 172, 0, 0, 0
17643, 1, 1636469908755, 1636469908931, 176, 0, 176, 0, 0, 0
17641, 1, 1636469908787, 1636469908959, 172, 0, 172, 0, 0, 0
17644, 1, 1636469908883, 1636469909055, 172, 0, 172, 0, 0, 0
17645, 1, 1636469909395, 1636469909567, 172, 0, 172, 0, 0, 0
17646, 1, 1636469909579, 1636469909751, 172, 0, 172, 0, 0, 0
17647, 1, 1636469909611, 1636469909783, 172, 0, 172, 0, 0, 0
17648, 1, 1636469909943, 1636469910115, 172, 0, 172, 0, 0, 0
17649, 1, 1636469909999, 1636469910171, 172, 0, 172, 0, 0, 0
17650, 1, 1636469910099, 1636469910271, 172, 0, 172, 0, 0, 0
17651, 1, 1636469910219, 1636469910391, 172, 0, 172, 0, 0, 0
17652, 1, 1636469910431, 1636469910607, 176, 0, 176, 0, 0, 0
17653, 1, 1636469910783, 1636469910955, 172, 0, 172, 0, 0, 0
17654, 1, 1636469911143, 1636469911315, 172, 0, 172, 0, 0, 0
17655, 1, 1636469911407, 1636469911579, 172, 0, 172, 0, 0, 0
17656, 1, 1636469911523, 1636469911695, 172, 0, 172, 0, 0, 0
17657, 1, 1636469912023, 1636469912195, 172, 0, 172, 0, 0, 0
17658, 1, 1636469912059, 1636469912231, 172, 0, 172, 0, 0, 0
17659, 1, 1636469912407, 1636469912579, 172, 0, 172, 0, 0, 0
17660, 1, 1636469912507, 1636469912679, 172, 0, 172, 0, 0, 0
17661, 1, 1636469912563, 1636469912735, 172, 0, 172, 0, 0, 0
17663, 1, 1636469912783, 1636469912955, 172, 0, 172, 0, 0, 0
17662, 1, 1636469912863, 1636469913035, 172, 0, 172, 0, 0, 0
17664, 1, 1636469913063, 1636469913235, 172, 0, 172, 0, 0, 0
17665, 1, 1636469913579, 1636469913751, 172, 0, 172, 0, 0, 0
17666, 1, 1636469913807, 1636469913979, 172, 0, 172, 0, 0, 0
17667, 1, 1636469913823, 1636469913995, 172, 0, 172, 0, 0, 0
17668, 1, 1636469914051, 1636469914223, 172, 0, 172, 0, 0, 0
17669, 1, 1636469914131, 1636469914303, 172, 0, 172, 0, 0, 0
17670, 1, 1636469914195, 1636469914367, 172, 0, 172, 0, 0, 0
17671, 1, 1636469914347, 1636469914519, 172, 0, 172, 0, 0, 0
17672, 1, 1636469914619, 1636469914791, 172, 0, 172, 0, 0, 0
17673, 1, 1636469915043, 1636469915215, 172, 0, 172, 0, 0, 0
17674, 1, 1636469915107, 1636469915279, 172, 0, 172, 0, 0, 0
17675, 1, 1636469915391, 1636469915563, 172, 0, 172, 0, 0, 0
17676, 1, 1636469915627, 1636469915799, 172, 0, 172, 0, 0, 0
17677, 1, 1636469916271, 1636469916443, 172, 0, 172, 0, 0, 0
17678, 1, 1636469916287, 1636469916459, 172, 0, 172, 0, 0, 0
17679, 1, 1636469916307, 1636469916479, 172, 0, 172, 0, 0, 0
17680, 1, 1636469916595, 1636469916767, 172, 0, 172, 0, 0, 0
17681, 1, 1636469916747, 1636469916919, 172, 0, 172, 0, 0, 0
17682, 1, 1636469916807, 1636469916979, 172, 0, 172, 0, 0, 0
17683, 1, 1636469916947, 1636469917119, 172, 0, 172, 0, 0, 0
17684, 1, 1636469917095, 1636469917267, 172, 0, 172, 0, 0, 0
17685, 1, 1636469917459, 1636469917631, 172, 0, 172, 0, 0, 0
17686, 1, 1636469917503, 1636469917675, 172, 0, 172, 0, 0, 0
17687, 1, 1636469917899, 1636469918071, 172, 0, 172, 0, 0, 0
17688, 1, 1636469918011, 1636469918183, 172, 0, 172, 0, 0, 0
17689, 1, 1636469918075, 1636469918247, 172, 0, 172, 0, 0, 0
17690, 1, 1636469918079, 1636469918255, 176, 0, 176, 0, 0, 0
17691, 1, 1636469918495, 1636469918667, 172, 0, 172, 0, 0, 0
17692, 1, 1636469918599, 1636469918771, 172, 0, 172, 0, 0, 0
17693, 1, 1636469918923, 1636469919095, 172, 0, 172, 0, 0, 0
17694, 1, 1636469919131, 1636469919303, 172, 0, 172, 0, 0, 0
17695, 1, 1636469919643, 1636469919815, 172, 0, 172, 0, 0, 0
17696, 1, 1636469919819, 1636469919995, 176, 0, 176, 0, 0, 0
17697, 1, 1636469920111, 1636469920283, 172, 0, 172, 0, 0, 0
17698, 1, 1636469920375, 1636469920547, 172, 0, 172, 0, 0, 0
17701, 1, 1636469920535, 1636469920707, 172, 0, 172, 0, 0, 0
17702, 1, 1636469920575, 1636469920747, 172, 0, 172, 0, 0, 0
17704, 1, 1636469921187, 1636469921359, 172, 0, 172, 0, 0, 0
17705, 1, 1636469921675, 1636469921847, 172, 0, 172, 0, 0, 0
17706, 1, 1636469921703, 1636469921875, 172, 0, 172, 0, 0, 0
17708, 1, 1636469922067, 1636469922239, 172, 0, 172, 0, 0, 0
17709, 1, 1636469922103, 1636469922275, 172, 0, 172, 0, 0, 0
17710, 1, 1636469922255, 1636469922427, 172, 0, 172, 0, 0, 0
17712, 1, 1636469922743, 1636469922915, 172, 0, 172, 0, 0, 0
17713, 1, 1636469922863, 1636469923035, 172, 0, 172, 0, 0, 0
17714, 1, 1636469922867, 1636469923039, 172, 0, 172, 0, 0, 0
17715, 1, 1636469923155, 1636469923327, 172, 0, 172, 0, 0, 0
17717, 1, 1636469923167, 1636469923339, 172, 0, 172, 0, 0, 0
17716, 1, 1636469923211, 1636469923383, 172, 0, 172, 0, 0, 0
17719, 1, 1636469923523, 1636469923695, 172, 0, 172, 0, 0, 0
17720, 1, 1636469924099, 1636469924271, 172, 0, 172, 0, 0, 0
17721, 1, 1636469924195, 1636469924367, 172, 0, 172, 0, 0, 0
17722, 1, 1636469924243, 1636469924419, 176, 0, 176, 0, 0, 0
17718, 1, 1636469924451, 1636469924623, 172, 0, 172, 0, 0, 0
17723, 1, 1636469924715, 1636469924887, 172, 0, 172, 0, 0, 0
17724, 1, 1636469924775, 1636469924947, 172, 0, 172, 0, 0, 0
17725, 1, 1636469924799, 1636469924971, 172, 0, 172, 0, 0, 0
17726, 1, 1636469925439, 1636469925611, 172, 0, 172, 0, 0, 0
17727, 1, 1636469925923, 1636469926095, 172, 0, 172, 0, 0, 0
17729, 1, 1636469925951, 1636469926123, 172, 0, 172, 0, 0, 0
17728, 1, 1636469925955, 1636469926127, 172, 0, 172, 0, 0, 0
17730, 1, 1636469926343, 1636469926515, 172, 0, 172, 0, 0, 0
17731, 1, 1636469926507, 1636469926679, 172, 0, 172, 0, 0, 0
17732, 1, 1636469926971, 1636469927143, 172, 0, 172, 0, 0, 0
17733, 1, 1636469926979, 1636469927151, 172, 0, 172, 0, 0, 0
17734, 1, 1636469926995, 1636469927167, 172, 0, 172, 0, 0, 0
17735, 1, 1636469927075, 1636469927247, 172, 0, 172, 0, 0, 0
17736, 1, 1636469927419, 1636469927591, 172, 0, 172, 0, 0, 0
17737, 1, 1636469927419, 1636469927591, 172, 0, 172, 0, 0, 0
17738, 1, 1636469927559, 1636469927731, 172, 0, 172, 0, 0, 0
17739, 1, 1636469927695, 1636469927867, 172, 0, 172, 0, 0, 0
17740, 1, 1636469928059, 1636469928231, 172, 0, 172, 0, 0, 0
17741, 1, 1636469928127, 1636469928299, 172, 0, 172, 0, 0, 0
17742, 1, 1636469928403, 1636469928575, 172, 0, 172, 0, 0, 0
17743, 1, 1636469928555, 1636469928727, 172, 0, 172, 0, 0, 0
17744, 1, 1636469928631, 1636469928803, 172, 0, 172, 0, 0, 0
17745, 1, 1636469928923, 1636469929095, 172, 0, 172, 0, 0, 0
17746, 1, 1636469929207, 1636469929379, 172, 0, 172, 0, 0, 0
17747, 1, 1636469929759, 1636469929931, 172, 0, 172, 0, 0, 0
17748, 1, 1636469929951, 1636469930123, 172, 0, 172, 0, 0, 0
17749, 1, 1636469930035, 1636469930211, 176, 0, 176, 0, 0, 0
17750, 1, 1636469930275, 1636469930447, 172, 0, 172, 0, 0, 0
17751, 1, 1636469930423, 1636469930595, 172, 0, 172, 0, 0, 0
17752, 1, 1636469930759, 1636469930935, 176, 0, 176, 0, 0, 0
17753, 1, 1636469930807, 1636469930979, 172, 0, 172, 0, 0, 0
17754, 1, 1636469931003, 1636469931179, 176, 0, 176, 0, 0, 0
17755, 1, 1636469931059, 1636469931235, 176, 0, 176, 0, 0, 0
17756, 1, 1636469931187, 1636469931359, 172, 0, 172, 0, 0, 0
17757, 1, 1636469931243, 1636469931415, 172, 0, 172, 0, 0, 0
17758, 1, 1636469931439, 1636469931611, 172, 0, 172, 0, 0, 0
17759, 1, 1636469931775, 1636469931947, 172, 0, 172, 0, 0, 0
17760, 1, 1636469931899, 1636469932071, 172, 0, 172, 0, 0, 0
17761, 1, 1636469931971, 1636469932143, 172, 0, 172, 0, 0, 0
17762, 1, 1636469932227, 1636469932399, 172, 0, 172, 0, 0, 0
17763, 1, 1636469932275, 1636469932447, 172, 0, 172, 0, 0, 0
17764, 1, 1636469932747, 1636469932923, 176, 0, 176, 0, 0, 0
17765, 1, 1636469932915, 1636469933087, 172, 0, 172, 0, 0, 0
17766, 1, 1636469933487, 1636469933663, 176, 0, 176, 0, 0, 0
17767, 1, 1636469933731, 1636469933903, 172, 0, 172, 0, 0, 0
17768, 1, 1636469933855, 1636469934027, 172, 0, 172, 0, 0, 0
17769, 1, 1636469934043, 1636469934219, 176, 0, 176, 0, 0, 0
17770, 1, 1636469934247, 1636469934419, 172, 0, 172, 0, 0, 0
17771, 1, 1636469934555, 1636469934727, 172, 0, 172, 0, 0, 0
17772, 1, 1636469934783, 1636469934955, 172, 0, 172, 0, 0, 0
17773, 1, 1636469934879, 1636469935051, 172, 0, 172, 0, 0, 0
17774, 1, 1636469935043, 1636469935215, 172, 0, 172, 0, 0, 0
17775, 1, 1636469935103, 1636469935275, 172, 0, 172, 0, 0, 0
17776, 1, 1636469935215, 1636469935387, 172, 0, 172, 0, 0, 0
17777, 1, 1636469935467, 1636469935639, 172, 0, 172, 0, 0, 0
17778, 1, 1636469935575, 1636469935747, 172, 0, 172, 0, 0, 0
17779, 1, 1636469935719, 1636469935891, 172, 0, 172, 0, 0, 0
17780, 1, 1636469935735, 1636469935907, 172, 0, 172, 0, 0, 0
17781, 1, 1636469936239, 1636469936411, 172, 0, 172, 0, 0, 0
17783, 1, 1636469936563, 1636469936735, 172, 0, 172, 0, 0, 0
17782, 1, 1636469936591, 1636469936763, 172, 0, 172, 0, 0, 0
17784, 1, 1636469936795, 1636469936967, 172, 0, 172, 0, 0, 0
17785, 1, 1636469937083, 1636469937255, 172, 0, 172, 0, 0, 0
17786, 1, 1636469937371, 1636469937543, 172, 0, 172, 0, 0, 0
17787, 1, 1636469937451, 1636469937623, 172, 0, 172, 0, 0, 0
17788, 1, 1636469937923, 1636469938095, 172, 0, 172, 0, 0, 0
17789, 1, 1636469938195, 1636469938371, 176, 0, 176, 0, 0, 0
17790, 1, 1636469938367, 1636469938543, 176, 0, 176, 0, 0, 0
17791, 1, 1636469938507, 1636469938679, 172, 0, 172, 0, 0, 0
17792, 1, 1636469938587, 1636469938759, 172, 0, 172, 0, 0, 0
17793, 1, 1636469938923, 1636469939095, 172, 0, 172, 0, 0, 0
17794, 1, 1636469939051, 1636469939223, 172, 0, 172, 0, 0, 0
17795, 1, 1636469939179, 1636469939355, 176, 0, 176, 0, 0, 0
17797, 1, 1636469939351, 1636469939523, 172, 0, 172, 0, 0, 0
17798, 1, 1636469939483, 1636469939655, 172, 0, 172, 0, 0, 0
17796, 1, 1636469939531, 1636469939703, 172, 0, 172, 0, 0, 0
17799, 1, 1636469939879, 1636469940051, 172, 0, 172, 0, 0, 0
17800, 1, 1636469939935, 1636469940107, 172, 0, 172, 0, 0, 0
17801, 1, 1636469940091, 1636469940263, 172, 0, 172, 0, 0, 0
17802, 1, 1636469940215, 1636469940387, 172, 0, 172, 0, 0, 0
17803, 1, 1636469940571, 1636469940743, 172, 0, 172, 0, 0, 0
17804, 1, 1636469940659, 1636469940831, 172, 0, 172, 0, 0, 0
17805, 1, 1636469941127, 1636469941299, 172, 0, 172, 0, 0, 0
17806, 1, 1636469941147, 1636469941319, 172, 0, 172, 0, 0, 0
17807, 1, 1636469941179, 1636469941351, 172, 0, 172, 0, 0, 0
17808, 1, 1636469941699, 1636469941871, 172, 0, 172, 0, 0, 0
17809, 1, 1636469942143, 1636469942315, 172, 0, 172, 0, 0, 0
17810, 1, 1636469942463, 1636469942635, 172, 0, 172, 0, 0, 0
17811, 1, 1636469942475, 1636469942647, 172, 0, 172, 0, 0, 0
17813, 1, 1636469942703, 1636469942875, 172, 0, 172, 0, 0, 0
17812, 1, 1636469942823, 1636469942995, 172, 0, 172, 0, 0, 0
17814, 1, 1636469943127, 1636469943299, 172, 0, 172, 0, 0, 0
17815, 1, 1636469943207, 1636469943379, 172, 0, 172, 0, 0, 0
17816, 1, 1636469943275, 1636469943447, 172, 0, 172, 0, 0, 0
17817, 1, 1636469943399, 1636469943571, 172, 0, 172, 0, 0, 0
17818, 1, 1636469943435, 1636469943607, 172, 0, 172, 0, 0, 0
17819, 1, 1636469943871, 1636469944047, 176, 0, 176, 0, 0, 0
17820, 1, 1636469943895, 1636469944067, 172, 0, 172, 0, 0, 0
17821, 1, 1636469944155, 1636469944331, 176, 0, 176, 0, 0, 0
17822, 1, 1636469944427, 1636469944603, 176, 0, 176, 0, 0, 0
17823, 1, 1636469944547, 1636469944719, 172, 0, 172, 0, 0, 0
17824, 1, 1636469944967, 1636469945139, 172, 0, 172, 0, 0, 0
17825, 1, 1636469944991, 1636469945163, 172, 0, 172, 0, 0, 0
17826, 1, 1636469945107, 1636469945279, 172, 0, 172, 0, 0, 0
17827, 1, 1636469945363, 1636469945535, 172, 0, 172, 0, 0, 0
17828, 1, 1636469945535, 1636469945707, 172, 0, 172, 0, 0, 0
17829, 1, 1636469945979, 1636469946151, 172, 0, 172, 0, 0, 0
17830, 1, 1636469946183, 1636469946355, 172, 0, 172, 0, 0, 0
17831, 1, 1636469946535, 1636469946707, 172, 0, 172, 0, 0, 0
17832, 1, 1636469946699, 1636469946871, 172, 0, 172, 0, 0, 0
17834, 1, 1636469946963, 1636469947139, 176, 0, 176, 0, 0, 0
17833, 1, 1636469947047, 1636469947219, 172, 0, 172, 0, 0, 0
17835, 1, 1636469947151, 1636469947323, 172, 0, 172, 0, 0, 0
17836, 1, 1636469947303, 1636469947475, 172, 0, 172, 0, 0, 0
17837, 1, 1636469947459, 1636469947631, 172, 0, 172, 0, 0, 0
17838, 1, 1636469947491, 1636469947663, 172, 0, 172, 0, 0, 0
17839, 1, 1636469947787, 1636469947959, 172, 0, 172, 0, 0, 0
17840, 1, 1636469947919, 1636469948091, 172, 0, 172, 0, 0, 0
17841, 1, 1636469947987, 1636469948159, 172, 0, 172, 0, 0, 0
17842, 1, 1636469948711, 1636469948883, 172, 0, 172, 0, 0, 0
17843, 1, 1636469948739, 1636469948911, 172, 0, 172, 0, 0, 0
17844, 1, 1636469949019, 1636469949191, 172, 0, 172, 0, 0, 0
17845, 1, 1636469949087, 1636469949259, 172, 0, 172, 0, 0, 0
17846, 1, 1636469949271, 1636469949443, 172, 0, 172, 0, 0, 0
17847, 1, 1636469949619, 1636469949791, 172, 0, 172, 0, 0, 0
17848, 1, 1636469949727, 1636469949899, 172, 0, 172, 0, 0, 0
17849, 1, 1636469950011, 1636469950187, 176, 0, 176, 0, 0, 0
17850, 1, 1636469950171, 1636469950343, 172, 0, 172, 0, 0, 0
17851, 1, 1636469950727, 1636469950899, 172, 0, 172, 0, 0, 0
17852, 1, 1636469950791, 1636469950963, 172, 0, 172, 0, 0, 0
17853, 1, 1636469951007, 1636469951179, 172, 0, 172, 0, 0, 0
17855, 1, 1636469951059, 1636469951231, 172, 0, 172, 0, 0, 0
17854, 1, 1636469951143, 1636469951315, 172, 0, 172, 0, 0, 0
17856, 1, 1636469951155, 1636469951327, 172, 0, 172, 0, 0, 0
17857, 1, 1636469951291, 1636469951463, 172, 0, 172, 0, 0, 0
17858, 1, 1636469951551, 1636469951723, 172, 0, 172, 0, 0, 0
17859, 1, 1636469951787, 1636469951959, 172, 0, 172, 0, 0, 0
17860, 1, 1636469951859, 1636469952031, 172, 0, 172, 0, 0, 0
17861, 1, 1636469951911, 1636469952083, 172, 0, 172, 0, 0, 0
17862, 1, 1636469952679, 1636469952851, 172, 0, 172, 0, 0, 0
17863, 1, 1636469952783, 1636469952955, 172, 0, 172, 0, 0, 0
17865, 1, 1636469953007, 1636469953179, 172, 0, 172, 0, 0, 0
17864, 1, 1636469953027, 1636469953199, 172, 0, 172, 0, 0, 0
17866, 1, 1636469953071, 1636469953243, 172, 0, 172, 0, 0, 0
17867, 1, 1636469953419, 1636469953591, 172, 0, 172, 0, 0, 0
17868, 1, 1636469953667, 1636469953839, 172, 0, 172, 0, 0, 0
17869, 1, 1636469953775, 1636469953947, 172, 0, 172, 0, 0, 0
17870, 1, 1636469954115, 1636469954287, 172, 0, 172, 0, 0, 0
17871, 1, 1636469954571, 1636469954743, 172, 0, 172, 0, 0, 0
17872, 1, 1636469954591, 1636469954763, 172, 0, 172, 0, 0, 0
17873, 1, 1636469954939, 1636469955111, 172, 0, 172, 0, 0, 0
17874, 1, 1636469955099, 1636469955271, 172, 0, 172, 0, 0, 0
17875, 1, 1636469955131, 1636469955303, 172, 0, 172, 0, 0, 0
17876, 1, 1636469955151, 1636469955323, 172, 0, 172, 0, 0, 0
17877, 1, 1636469955351, 1636469955523, 172, 0, 172, 0, 0, 0
17878, 1, 1636469955355, 1636469955527, 172, 0, 172, 0, 0, 0
17879, 1, 1636469955623, 1636469955795, 172, 0, 172, 0, 0, 0
17880, 1, 1636469955771, 1636469955943, 172, 0, 172, 0, 0, 0
17881, 1, 1636469955855, 1636469956027, 172, 0, 172, 0, 0, 0
17882, 1, 1636469956611, 1636469956783, 172, 0, 172, 0, 0, 0
17884, 1, 1636469956739, 1636469956911, 172, 0, 172, 0, 0, 0
17883, 1, 1636469956963, 1636469957135, 172, 0, 172, 0, 0, 0
17885, 1, 1636469957103, 1636469957275, 172, 0, 172, 0, 0, 0
17886, 1, 1636469957135, 1636469957307, 172, 0, 172, 0, 0, 0
17887, 1, 1636469957483, 1636469957655, 172, 0, 172, 0, 0, 0
17888, 1, 1636469957583, 1636469957755, 172, 0, 172, 0, 0, 0
17889, 1, 1636469957731, 1636469957903, 172, 0, 172, 0, 0, 0
17890, 1, 1636469958031, 1636469958203, 172, 0, 172, 0, 0, 0
17891, 1, 1636469958487, 1636469958659, 172, 0, 172, 0, 0, 0
17892, 1, 1636469958659, 1636469958831, 172, 0, 172, 0, 0, 0
17893, 1, 1636469958911, 1636469959083, 172, 0, 172, 0, 0, 0
17894, 1, 1636469959095, 1636469959267, 172, 0, 172, 0, 0, 0
17895, 1, 1636469959107, 1636469959279, 172, 0, 172, 0, 0, 0
17896, 1, 1636469959231, 1636469959403, 172, 0, 172, 0, 0, 0
17898, 1, 1636469959475, 1636469959647, 172, 0, 172, 0, 0, 0
17899, 1, 1636469959523, 1636469959695, 172, 0, 172, 0, 0, 0
17897, 1, 1636469959579, 1636469959751, 172, 0, 172, 0, 0, 0
17900, 1, 1636469959679, 1636469959851, 172, 0, 172, 0, 0, 0
17901, 1, 1636469960023, 1636469960195, 172, 0, 172, 0, 0, 0
17902, 1, 1636469960603, 1636469960775, 172, 0, 172, 0, 0, 0
17903, 1, 1636469960679, 1636469960851, 172, 0, 172, 0, 0, 0
17905, 1, 1636469960899, 1636469961071, 172, 0, 172, 0, 0, 0
17904, 1, 1636469961027, 1636469961199, 172, 0, 172, 0, 0, 0
17906, 1, 1636469961299, 1636469961471, 172, 0, 172, 0, 0, 0
17907, 1, 1636469961595, 1636469961767, 172, 0, 172, 0, 0, 0
17908, 1, 1636469961655, 1636469961827, 172, 0, 172, 0, 0, 0
17909, 1, 1636469961707, 1636469961879, 172, 0, 172, 0, 0, 0
17910, 1, 1636469962103, 1636469962275, 172, 0, 172, 0, 0, 0
17911, 1, 1636469962559, 1636469962731, 172, 0, 172, 0, 0, 0
17912, 1, 1636469962823, 1636469962995, 172, 0, 172, 0, 0, 0
17913, 1, 1636469962895, 1636469963067, 172, 0, 172, 0, 0, 0
17914, 1, 1636469963159, 1636469963331, 172, 0, 172, 0, 0, 0
17915, 1, 1636469963199, 1636469963371, 172, 0, 172, 0, 0, 0
17916, 1, 1636469963399, 1636469963571, 172, 0, 172, 0, 0, 0
17918, 1, 1636469963623, 1636469963795, 172, 0, 172, 0, 0, 0
17919, 1, 1636469963695, 1636469963867, 172, 0, 172, 0, 0, 0
17917, 1, 1636469963743, 1636469963915, 172, 0, 172, 0, 0, 0
17920, 1, 1636469963859, 1636469964031, 172, 0, 172, 0, 0, 0
17921, 1, 1636469964283, 1636469964455, 172, 0, 172, 0, 0, 0
17922, 1, 1636469964359, 1636469964531, 172, 0, 172, 0, 0, 0
17923, 1, 1636469964567, 1636469964739, 172, 0, 172, 0, 0, 0
17924, 1, 1636469964915, 1636469965087, 172, 0, 172, 0, 0, 0
17925, 1, 1636469964963, 1636469965135, 172, 0, 172, 0, 0, 0
17926, 1, 1636469965295, 1636469965467, 172, 0, 172, 0, 0, 0
17927, 1, 1636469965419, 1636469965591, 172, 0, 172, 0, 0, 0
17928, 1, 1636469965427, 1636469965599, 172, 0, 172, 0, 0, 0
17929, 1, 1636469965863, 1636469966035, 172, 0, 172, 0, 0, 0
17930, 1, 1636469966043, 1636469966215, 172, 0, 172, 0, 0, 0
17931, 1, 1636469966319, 1636469966491, 172, 0, 172, 0, 0, 0
17932, 1, 1636469966751, 1636469966927, 176, 0, 176, 0, 0, 0
17933, 1, 1636469966963, 1636469967135, 172, 0, 172, 0, 0, 0
17934, 1, 1636469967159, 1636469967331, 172, 0, 172, 0, 0, 0
17935, 1, 1636469967271, 1636469967443, 172, 0, 172, 0, 0, 0
17936, 1, 1636469967387, 1636469967563, 176, 0, 176, 0, 0, 0
17937, 1, 1636469967523, 1636469967695, 172, 0, 172, 0, 0, 0
17938, 1, 1636469967555, 1636469967727, 172, 0, 172, 0, 0, 0
17939, 1, 1636469967571, 1636469967747, 176, 0, 176, 0, 0, 0
17940, 1, 1636469967871, 1636469968043, 172, 0, 172, 0, 0, 0
17941, 1, 1636469968047, 1636469968219, 172, 0, 172, 0, 0, 0
17942, 1, 1636469968431, 1636469968606, 175, 0, 175, 0, 0, 0
17943, 1, 1636469968623, 1636469968795, 172, 0, 172, 0, 0, 0
17944, 1, 1636469968971, 1636469969143, 172, 0, 172, 0, 0, 0
17945, 1, 1636469969119, 1636469969291, 172, 0, 172, 0, 0, 0
17946, 1, 1636469969131, 1636469969303, 172, 0, 172, 0, 0, 0
17947, 1, 1636469969447, 1636469969619, 172, 0, 172, 0, 0, 0
17948, 1, 1636469969475, 1636469969647, 172, 0, 172, 0, 0, 0
17949, 1, 1636469969735, 1636469969907, 172, 0, 172, 0, 0, 0
17950, 1, 1636469970079, 1636469970251, 172, 0, 172, 0, 0, 0
17951, 1, 1636469970531, 1636469970703, 172, 0, 172, 0, 0, 0
17952, 1, 1636469970583, 1636469970755, 172, 0, 172, 0, 0, 0
17953, 1, 1636469971023, 1636469971195, 172, 0, 172, 0, 0, 0
17954, 1, 1636469971043, 1636469971215, 172, 0, 172, 0, 0, 0
17955, 1, 1636469971147, 1636469971319, 172, 0, 172, 0, 0, 0
17957, 1, 1636469971243, 1636469971415, 172, 0, 172, 0, 0, 0
17958, 1, 1636469971363, 1636469971535, 172, 0, 172, 0, 0, 0
17956, 1, 1636469971391, 1636469971563, 172, 0, 172, 0, 0, 0
17959, 1, 1636469971739, 1636469971911, 172, 0, 172, 0, 0, 0
17960, 1, 1636469971739, 1636469971911, 172, 0, 172, 0, 0, 0
17961, 1, 1636469971851, 1636469972023, 172, 0, 172, 0, 0, 0
17962, 1, 1636469972195, 1636469972367, 172, 0, 172, 0, 0, 0
17963, 1, 1636469972647, 1636469972819, 172, 0, 172, 0, 0, 0
17965, 1, 1636469972927, 1636469973115, 188, 0, 188, 0, 0, 0
17964, 1, 1636469972999, 1636469973171, 172, 0, 172, 0, 0, 0
17966, 1, 1636469973207, 1636469973383, 176, 0, 176, 0, 0, 0
17967, 1, 1636469973259, 1636469973431, 172, 0, 172, 0, 0, 0
17968, 1, 1636469973423, 1636469973595, 172, 0, 172, 0, 0, 0
17969, 1, 1636469973491, 1636469973663, 172, 0, 172, 0, 0, 0
17970, 1, 1636469974291, 1636469974463, 172, 0, 172, 0, 0, 0
17971, 1, 1636469974639, 1636469974811, 172, 0, 172, 0, 0, 0
17972, 1, 1636469974735, 1636469974911, 176, 0, 176, 0, 0, 0
17973, 1, 1636469974835, 1636469975007, 172, 0, 172, 0, 0, 0
17974, 1, 1636469975035, 1636469975207, 172, 0, 172, 0, 0, 0
17975, 1, 1636469975111, 1636469975283, 172, 0, 172, 0, 0, 0
17976, 1, 1636469975123, 1636469975295, 172, 0, 172, 0, 0, 0
17977, 1, 1636469975223, 1636469975395, 172, 0, 172, 0, 0, 0
17979, 1, 1636469975423, 1636469975595, 172, 0, 172, 0, 0, 0
17978, 1, 1636469975459, 1636469975635, 176, 0, 176, 0, 0, 0
17980, 1, 1636469975623, 1636469975795, 172, 0, 172, 0, 0, 0
17981, 1, 1636469975859, 1636469976031, 172, 0, 172, 0, 0, 0
17982, 1, 1636469976171, 1636469976343, 172, 0, 172, 0, 0, 0
17983, 1, 1636469976519, 1636469976691, 172, 0, 172, 0, 0, 0
17985, 1, 1636469976755, 1636469976927, 172, 0, 172, 0, 0, 0
17984, 1, 1636469976867, 1636469977039, 172, 0, 172, 0, 0, 0
17986, 1, 1636469976951, 1636469977123, 172, 0, 172, 0, 0, 0
17987, 1, 1636469977163, 1636469977335, 172, 0, 172, 0, 0, 0
17988, 1, 1636469977187, 1636469977359, 172, 0, 172, 0, 0, 0
17989, 1, 1636469977367, 1636469977539, 172, 0, 172, 0, 0, 0
17990, 1, 1636469978127, 1636469978299, 172, 0, 172, 0, 0, 0
17991, 1, 1636469978475, 1636469978647, 172, 0, 172, 0, 0, 0
17992, 1, 1636469978731, 1636469978903, 172, 0, 172, 0, 0, 0
17993, 1, 1636469978863, 1636469979035, 172, 0, 172, 0, 0, 0
17994, 1, 1636469978867, 1636469979039, 172, 0, 172, 0, 0, 0
17995, 1, 1636469978911, 1636469979083, 172, 0, 172, 0, 0, 0
17997, 1, 1636469979055, 1636469979227, 172, 0, 172, 0, 0, 0
17996, 1, 1636469979079, 1636469979251, 172, 0, 172, 0, 0, 0
17999, 1, 1636469979399, 1636469979571, 172, 0, 172, 0, 0, 0
17998, 1, 1636469979427, 1636469979599, 172, 0, 172, 0, 0, 0
18000, 1, 1636469979583, 1636469979755, 172, 0, 172, 0, 0, 0
18001, 1, 1636469979639, 1636469979811, 172, 0, 172, 0, 0, 0
18002, 1, 1636469980031, 1636469980203, 172, 0, 172, 0, 0, 0
18003, 1, 1636469980531, 1636469980703, 172, 0, 172, 0, 0, 0
18004, 1, 1636469980639, 1636469980811, 172, 0, 172, 0, 0, 0
18005, 1, 1636469980795, 1636469980967, 172, 0, 172, 0, 0, 0
18007, 1, 1636469980939, 1636469981111, 172, 0, 172, 0, 0, 0
18008, 1, 1636469981043, 1636469981215, 172, 0, 172, 0, 0, 0
18006, 1, 1636469981143, 1636469981319, 176, 0, 176, 0, 0, 0
18009, 1, 1636469981643, 1636469981815, 172, 0, 172, 0, 0, 0
18010, 1, 1636469982407, 1636469982579, 172, 0, 172, 0, 0, 0
18011, 1, 1636469982507, 1636469982679, 172, 0, 172, 0, 0, 0
18012, 1, 1636469982755, 1636469982927, 172, 0, 172, 0, 0, 0
18013, 1, 1636469982807, 1636469982979, 172, 0, 172, 0, 0, 0
18014, 1, 1636469982855, 1636469983027, 172, 0, 172, 0, 0, 0
18015, 1, 1636469983019, 1636469983191, 172, 0, 172, 0, 0, 0
18017, 1, 1636469983191, 1636469983363, 172, 0, 172, 0, 0, 0
18016, 1, 1636469983203, 1636469983375, 172, 0, 172, 0, 0, 0
18018, 1, 1636469983235, 1636469983407, 172, 0, 172, 0, 0, 0
18019, 1, 1636469983391, 1636469983567, 176, 0, 176, 0, 0, 0
18020, 1, 1636469983559, 1636469983731, 172, 0, 172, 0, 0, 0
18021, 1, 1636469983843, 1636469984015, 172, 0, 172, 0, 0, 0
18022, 1, 1636469983859, 1636469984031, 172, 0, 172, 0, 0, 0
18023, 1, 1636469984523, 1636469984695, 172, 0, 172, 0, 0, 0
18024, 1, 1636469984691, 1636469984863, 172, 0, 172, 0, 0, 0
18025, 1, 1636469984807, 1636469984979, 172, 0, 172, 0, 0, 0
18026, 1, 1636469984875, 1636469985047, 172, 0, 172, 0, 0, 0
18027, 1, 1636469985103, 1636469985275, 172, 0, 172, 0, 0, 0
18028, 1, 1636469985183, 1636469985355, 172, 0, 172, 0, 0, 0
18029, 1, 1636469985651, 1636469985823, 172, 0, 172, 0, 0, 0
18030, 1, 1636469986415, 1636469986587, 172, 0, 172, 0, 0, 0
18031, 1, 1636469986575, 1636469986747, 172, 0, 172, 0, 0, 0
18032, 1, 1636469986763, 1636469986935, 172, 0, 172, 0, 0, 0
18033, 1, 1636469986779, 1636469986951, 172, 0, 172, 0, 0, 0
18034, 1, 1636469986859, 1636469987035, 176, 0, 176, 0, 0, 0
18035, 1, 1636469987099, 1636469987275, 176, 0, 176, 0, 0, 0
18036, 1, 1636469987199, 1636469987371, 172, 0, 172, 0, 0, 0
18039, 1, 1636469987275, 1636469987447, 172, 0, 172, 0, 0, 0
18038, 1, 1636469987275, 1636469987447, 172, 0, 172, 0, 0, 0
18037, 1, 1636469987451, 1636469987623, 172, 0, 172, 0, 0, 0
18040, 1, 1636469987591, 1636469987763, 172, 0, 172, 0, 0, 0
18041, 1, 1636469987771, 1636469987943, 172, 0, 172, 0, 0, 0
18042, 1, 1636469988107, 1636469988279, 172, 0, 172, 0, 0, 0
18043, 1, 1636469988259, 1636469988431, 172, 0, 172, 0, 0, 0
18044, 1, 1636469988411, 1636469988583, 172, 0, 172, 0, 0, 0
18045, 1, 1636469988591, 1636469988763, 172, 0, 172, 0, 0, 0
18046, 1, 1636469988819, 1636469988991, 172, 0, 172, 0, 0, 0
18047, 1, 1636469988963, 1636469989135, 172, 0, 172, 0, 0, 0
18048, 1, 1636469989123, 1636469989295, 172, 0, 172, 0, 0, 0
18049, 1, 1636469989435, 1636469989607, 172, 0, 172, 0, 0, 0
18050, 1, 1636469990195, 1636469990367, 172, 0, 172, 0, 0, 0
18051, 1, 1636469990291, 1636469990463, 172, 0, 172, 0, 0, 0
18052, 1, 1636469990543, 1636469990715, 172, 0, 172, 0, 0, 0
18053, 1, 1636469990599, 1636469990775, 176, 0, 176, 0, 0, 0
18054, 1, 1636469990815, 1636469990987, 172, 0, 172, 0, 0, 0
18055, 1, 1636469990851, 1636469991023, 172, 0, 172, 0, 0, 0
18057, 1, 1636469990979, 1636469991155, 176, 0, 176, 0, 0, 0
18056, 1, 1636469991167, 1636469991339, 172, 0, 172, 0, 0, 0
18058, 1, 1636469991215, 1636469991387, 172, 0, 172, 0, 0, 0
18059, 1, 1636469991271, 1636469991443, 172, 0, 172, 0, 0, 0
18060, 1, 1636469991523, 1636469991695, 172, 0, 172, 0, 0, 0
18061, 1, 1636469991787, 1636469991959, 172, 0, 172, 0, 0, 0
18062, 1, 1636469992147, 1636469992319, 172, 0, 172, 0, 0, 0
18063, 1, 1636469992403, 1636469992575, 172, 0, 172, 0, 0, 0
18064, 1, 1636469992423, 1636469992595, 172, 0, 172, 0, 0, 0
18065, 1, 1636469992795, 1636469992966, 171, 0, 171, 0, 0, 0
18066, 1, 1636469992811, 1636469992983, 172, 0, 172, 0, 0, 0
18068, 1, 1636469993163, 1636469993335, 172, 0, 172, 0, 0, 0
18067, 1, 1636469993162, 1636469993335, 173, 1, 172, 0, 0, 0
18069, 1, 1636469993635, 1636469993807, 172, 0, 172, 0, 0, 0
18070, 1, 1636469994011, 1636469994183, 172, 0, 172, 0, 0, 0
18071, 1, 1636469994271, 1636469994443, 172, 0, 172, 0, 0, 0
18072, 1, 1636469994399, 1636469994571, 172, 0, 172, 0, 0, 0
18073, 1, 1636469994747, 1636469994919, 172, 0, 172, 0, 0, 0
18074, 1, 1636469994811, 1636469994983, 172, 0, 172, 0, 0, 0
18076, 1, 1636469994887, 1636469995059, 172, 0, 172, 0, 0, 0
18075, 1, 1636469995159, 1636469995331, 172, 0, 172, 0, 0, 0
18077, 1, 1636469995183, 1636469995355, 172, 0, 172, 0, 0, 0
18078, 1, 1636469995191, 1636469995367, 176, 0, 176, 0, 0, 0
18079, 1, 1636469995303, 1636469995475, 172, 0, 172, 0, 0, 0
18080, 1, 1636469995539, 1636469995711, 172, 0, 172, 0, 0, 0
18081, 1, 1636469995895, 1636469996067, 172, 0, 172, 0, 0, 0
18082, 1, 1636469996087, 1636469996263, 176, 0, 176, 0, 0, 0
18083, 1, 1636469996139, 1636469996311, 172, 0, 172, 0, 0, 0
18084, 1, 1636469996435, 1636469996607, 172, 0, 172, 0, 0, 0
18085, 1, 1636469996727, 1636469996899, 172, 0, 172, 0, 0, 0
18086, 1, 1636469996839, 1636469997011, 172, 0, 172, 0, 0, 0
18087, 1, 1636469997091, 1636469997263, 172, 0, 172, 0, 0, 0
18088, 1, 1636469997107, 1636469997279, 172, 0, 172, 0, 0, 0
18089, 1, 1636469997567, 1636469997739, 172, 0, 172, 0, 0, 0
18090, 1, 1636469998035, 1636469998207, 172, 0, 172, 0, 0, 0
18091, 1, 1636469998131, 1636469998303, 172, 0, 172, 0, 0, 0
18092, 1, 1636469998327, 1636469998499, 172, 0, 172, 0, 0, 0
18093, 1, 1636469998611, 1636469998783, 172, 0, 172, 0, 0, 0
18094, 1, 1636469998667, 1636469998839, 172, 0, 172, 0, 0, 0
18095, 1, 1636469998835, 1636469999007, 172, 0, 172, 0, 0, 0
18097, 1, 1636469998999, 1636469999171, 172, 0, 172, 0, 0, 0
18098, 1, 1636469999039, 1636469999211, 172, 0, 172, 0, 0, 0
18099, 1, 1636469999115, 1636469999287, 172, 0, 172, 0, 0, 0
18096, 1, 1636469999179, 1636469999351, 172, 0, 172, 0, 0, 0
18100, 1, 1636469999575, 1636469999747, 172, 0, 172, 0, 0, 0
18101, 1, 1636469999647, 1636469999819, 172, 0, 172, 0, 0, 0
18102, 1, 1636470000063, 1636470000235, 172, 0, 172, 0, 0, 0
18103, 1, 1636470000135, 1636470000307, 172, 0, 172, 0, 0, 0
18104, 1, 1636470000167, 1636470000339, 172, 0, 172, 0, 0, 0
18105, 1, 1636470000635, 1636470000807, 172, 0, 172, 0, 0, 0
18106, 1, 1636470000735, 1636470000907, 172, 0, 172, 0, 0, 0
18107, 1, 1636470000939, 1636470001111, 172, 0, 172, 0, 0, 0
18108, 1, 1636470001307, 1636470001479, 172, 0, 172, 0, 0, 0
18109, 1, 1636470001775, 1636470001947, 172, 0, 172, 0, 0, 0
18110, 1, 1636470001823, 1636470001999, 176, 0, 176, 0, 0, 0
18111, 1, 1636470002139, 1636470002311, 172, 0, 172, 0, 0, 0
18112, 1, 1636470002539, 1636470002711, 172, 0, 172, 0, 0, 0
18113, 1, 1636470002551, 1636470002723, 172, 0, 172, 0, 0, 0
18114, 1, 1636470002627, 1636470002799, 172, 0, 172, 0, 0, 0
18116, 1, 1636470002883, 1636470003055, 172, 0, 172, 0, 0, 0
18117, 1, 1636470002891, 1636470003063, 172, 0, 172, 0, 0, 0
18115, 1, 1636470002971, 1636470003143, 172, 0, 172, 0, 0, 0
18118, 1, 1636470002975, 1636470003147, 172, 0, 172, 0, 0, 0
18119, 1, 1636470003227, 1636470003399, 172, 0, 172, 0, 0, 0
18120, 1, 1636470003579, 1636470003751, 172, 0, 172, 0, 0, 0
18121, 1, 1636470003643, 1636470003819, 176, 0, 176, 0, 0, 0
18122, 1, 1636470003875, 1636470004047, 172, 0, 172, 0, 0, 0
18123, 1, 1636470004111, 1636470004283, 172, 0, 172, 0, 0, 0
18124, 1, 1636470004163, 1636470004335, 172, 0, 172, 0, 0, 0
18125, 1, 1636470004575, 1636470004747, 172, 0, 172, 0, 0, 0
18126, 1, 1636470004731, 1636470004903, 172, 0, 172, 0, 0, 0
18127, 1, 1636470004843, 1636470005019, 176, 0, 176, 0, 0, 0
18128, 1, 1636470005319, 1636470005491, 172, 0, 172, 0, 0, 0
18129, 1, 1636470005535, 1636470005711, 176, 0, 176, 0, 0, 0
18130, 1, 1636470005791, 1636470005963, 172, 0, 172, 0, 0, 0
18131, 1, 1636470005863, 1636470006035, 172, 0, 172, 0, 0, 0
18132, 1, 1636470006339, 1636470006511, 172, 0, 172, 0, 0, 0
18133, 1, 1636470006487, 1636470006659, 172, 0, 172, 0, 0, 0
18134, 1, 1636470006547, 1636470006719, 172, 0, 172, 0, 0, 0
18135, 1, 1636470006683, 1636470006855, 172, 0, 172, 0, 0, 0
18136, 1, 1636470006763, 1636470006935, 172, 0, 172, 0, 0, 0
18137, 1, 1636470006847, 1636470007019, 172, 0, 172, 0, 0, 0
18138, 1, 1636470006903, 1636470007079, 176, 0, 176, 0, 0, 0
18139, 1, 1636470007315, 1636470007487, 172, 0, 172, 0, 0, 0
18140, 1, 1636470007491, 1636470007663, 172, 0, 172, 0, 0, 0
18141, 1, 1636470007543, 1636470007719, 176, 0, 176, 0, 0, 0
18142, 1, 1636470007779, 1636470007947, 168, 0, 168, 0, 0, 0
18143, 1, 1636470007819, 1636470007991, 172, 0, 172, 0, 0, 0
18144, 1, 1636470007951, 1636470008127, 176, 0, 176, 0, 0, 0
18145, 1, 1636470008291, 1636470008463, 172, 0, 172, 0, 0, 0
18146, 1, 1636470008603, 1636470008775, 172, 0, 172, 0, 0, 0
18147, 1, 1636470008623, 1636470008795, 172, 0, 172, 0, 0, 0
18148, 1, 1636470008999, 1636470009171, 172, 0, 172, 0, 0, 0
18149, 1, 1636470009411, 1636470009583, 172, 0, 172, 0, 0, 0
18150, 1, 1636470009547, 1636470009719, 172, 0, 172, 0, 0, 0
18151, 1, 1636470009971, 1636470010143, 172, 0, 172, 0, 0, 0
18152, 1, 1636470010047, 1636470010219, 172, 0, 172, 0, 0, 0
18153, 1, 1636470010311, 1636470010487, 176, 0, 176, 0, 0, 0
18154, 1, 1636470010555, 1636470010727, 172, 0, 172, 0, 0, 0
18155, 1, 1636470010667, 1636470010839, 172, 0, 172, 0, 0, 0
18157, 1, 1636470010771, 1636470010943, 172, 0, 172, 0, 0, 0
18156, 1, 1636470010899, 1636470011071, 172, 0, 172, 0, 0, 0
18159, 1, 1636470011079, 1636470011251, 172, 0, 172, 0, 0, 0
18158, 1, 1636470011247, 1636470011419, 172, 0, 172, 0, 0, 0
18160, 1, 1636470011423, 1636470011595, 172, 0, 172, 0, 0, 0
18161, 1, 1636470011599, 1636470011771, 172, 0, 172, 0, 0, 0
18162, 1, 1636470011663, 1636470011835, 172, 0, 172, 0, 0, 0
18163, 1, 1636470011695, 1636470011867, 172, 0, 172, 0, 0, 0
18164, 1, 1636470012019, 1636470012191, 172, 0, 172, 0, 0, 0
18165, 1, 1636470012383, 1636470012555, 172, 0, 172, 0, 0, 0
18166, 1, 1636470012491, 1636470012663, 172, 0, 172, 0, 0, 0
18167, 1, 1636470012675, 1636470012851, 176, 0, 176, 0, 0, 0
18168, 1, 1636470013067, 1636470013239, 172, 0, 172, 0, 0, 0
18169, 1, 1636470013499, 1636470013671, 172, 0, 172, 0, 0, 0
18170, 1, 1636470013615, 1636470013787, 172, 0, 172, 0, 0, 0
18171, 1, 1636470014027, 1636470014199, 172, 0, 172, 0, 0, 0
18172, 1, 1636470014247, 1636470014419, 172, 0, 172, 0, 0, 0
18173, 1, 1636470014387, 1636470014559, 172, 0, 172, 0, 0, 0
18174, 1, 1636470014487, 1636470014659, 172, 0, 172, 0, 0, 0
18175, 1, 1636470014731, 1636470014903, 172, 0, 172, 0, 0, 0
18176, 1, 1636470014755, 1636470014927, 172, 0, 172, 0, 0, 0
18177, 1, 1636470014875, 1636470015047, 172, 0, 172, 0, 0, 0
18178, 1, 1636470015151, 1636470015323, 172, 0, 172, 0, 0, 0
18179, 1, 1636470015267, 1636470015439, 172, 0, 172, 0, 0, 0
18180, 1, 1636470015399, 1636470015571, 172, 0, 172, 0, 0, 0
18181, 1, 1636470015535, 1636470015707, 172, 0, 172, 0, 0, 0
18182, 1, 1636470015659, 1636470015831, 172, 0, 172, 0, 0, 0
18183, 1, 1636470015671, 1636470015843, 172, 0, 172, 0, 0, 0
18184, 1, 1636470016071, 1636470016243, 172, 0, 172, 0, 0, 0
18185, 1, 1636470016519, 1636470016691, 172, 0, 172, 0, 0, 0
18186, 1, 1636470016739, 1636470016911, 172, 0, 172, 0, 0, 0
18187, 1, 1636470016819, 1636470016991, 172, 0, 172, 0, 0, 0
18188, 1, 1636470017211, 1636470017383, 172, 0, 172, 0, 0, 0
18189, 1, 1636470017635, 1636470017807, 172, 0, 172, 0, 0, 0
18190, 1, 1636470017759, 1636470017931, 172, 0, 172, 0, 0, 0
18191, 1, 1636470017999, 1636470018171, 172, 0, 172, 0, 0, 0
18192, 1, 1636470018383, 1636470018555, 172, 0, 172, 0, 0, 0
18193, 1, 1636470018595, 1636470018767, 172, 0, 172, 0, 0, 0
18194, 1, 1636470018691, 1636470018863, 172, 0, 172, 0, 0, 0
18196, 1, 1636470018887, 1636470019059, 172, 0, 172, 0, 0, 0
18195, 1, 1636470019043, 1636470019215, 172, 0, 172, 0, 0, 0
18197, 1, 1636470019075, 1636470019247, 172, 0, 172, 0, 0, 0
18199, 1, 1636470019387, 1636470019559, 172, 0, 172, 0, 0, 0
18198, 1, 1636470019387, 1636470019559, 172, 0, 172, 0, 0, 0
18200, 1, 1636470019459, 1636470019631, 172, 0, 172, 0, 0, 0
18201, 1, 1636470019467, 1636470019639, 172, 0, 172, 0, 0, 0
18202, 1, 1636470019571, 1636470019743, 172, 0, 172, 0, 0, 0
18203, 1, 1636470019623, 1636470019795, 172, 0, 172, 0, 0, 0
18204, 1, 1636470020271, 1636470020443, 172, 0, 172, 0, 0, 0
18205, 1, 1636470020455, 1636470020627, 172, 0, 172, 0, 0, 0
18206, 1, 1636470020603, 1636470020775, 172, 0, 172, 0, 0, 0
18207, 1, 1636470020715, 1636470020887, 172, 0, 172, 0, 0, 0
18208, 1, 1636470020995, 1636470021167, 172, 0, 172, 0, 0, 0
18209, 1, 1636470021543, 1636470021715, 172, 0, 172, 0, 0, 0
18210, 1, 1636470021831, 1636470022003, 172, 0, 172, 0, 0, 0
18211, 1, 1636470021951, 1636470022123, 172, 0, 172, 0, 0, 0
18212, 1, 1636470022479, 1636470022651, 172, 0, 172, 0, 0, 0
18213, 1, 1636470022579, 1636470022751, 172, 0, 172, 0, 0, 0
18215, 1, 1636470022655, 1636470022827, 172, 0, 172, 0, 0, 0
18214, 1, 1636470022827, 1636470022999, 172, 0, 172, 0, 0, 0
18216, 1, 1636470022915, 1636470023087, 172, 0, 172, 0, 0, 0
18217, 1, 1636470023083, 1636470023255, 172, 0, 172, 0, 0, 0
18218, 1, 1636470023175, 1636470023347, 172, 0, 172, 0, 0, 0
18219, 1, 1636470023303, 1636470023475, 172, 0, 172, 0, 0, 0
18220, 1, 1636470023519, 1636470023691, 172, 0, 172, 0, 0, 0
18221, 1, 1636470023531, 1636470023703, 172, 0, 172, 0, 0, 0
18223, 1, 1636470023759, 1636470023931, 172, 0, 172, 0, 0, 0
18222, 1, 1636470023879, 1636470024051, 172, 0, 172, 0, 0, 0
18224, 1, 1636470024115, 1636470024287, 172, 0, 172, 0, 0, 0
18225, 1, 1636470024403, 1636470024575, 172, 0, 172, 0, 0, 0
18226, 1, 1636470024559, 1636470024731, 172, 0, 172, 0, 0, 0
18227, 1, 1636470024591, 1636470024763, 172, 0, 172, 0, 0, 0
18228, 1, 1636470024799, 1636470024971, 172, 0, 172, 0, 0, 0
18229, 1, 1636470025347, 1636470025519, 172, 0, 172, 0, 0, 0
18230, 1, 1636470025667, 1636470025839, 172, 0, 172, 0, 0, 0
18231, 1, 1636470025983, 1636470026155, 172, 0, 172, 0, 0, 0
18232, 1, 1636470026275, 1636470026447, 172, 0, 172, 0, 0, 0
18234, 1, 1636470026423, 1636470026595, 172, 0, 172, 0, 0, 0
18235, 1, 1636470026439, 1636470026611, 172, 0, 172, 0, 0, 0
18233, 1, 1636470026623, 1636470026795, 172, 0, 172, 0, 0, 0
18236, 1, 1636470026927, 1636470027099, 172, 0, 172, 0, 0, 0
18237, 1, 1636470026971, 1636470027143, 172, 0, 172, 0, 0, 0
18238, 1, 1636470027099, 1636470027275, 176, 0, 176, 0, 0, 0
18239, 1, 1636470027487, 1636470027663, 176, 0, 176, 0, 0, 0
18240, 1, 1636470027535, 1636470027707, 172, 0, 172, 0, 0, 0
18241, 1, 1636470027587, 1636470027759, 172, 0, 172, 0, 0, 0
18242, 1, 1636470027775, 1636470027947, 172, 0, 172, 0, 0, 0
18243, 1, 1636470027959, 1636470028131, 172, 0, 172, 0, 0, 0
18244, 1, 1636470028295, 1636470028467, 172, 0, 172, 0, 0, 0
18245, 1, 1636470028651, 1636470028827, 176, 0, 176, 0, 0, 0
18246, 1, 1636470028663, 1636470028835, 172, 0, 172, 0, 0, 0
18247, 1, 1636470028739, 1636470028911, 172, 0, 172, 0, 0, 0
18248, 1, 1636470029051, 1636470029223, 172, 0, 172, 0, 0, 0
18249, 1, 1636470029599, 1636470029771, 172, 0, 172, 0, 0, 0
18250, 1, 1636470029847, 1636470030019, 172, 0, 172, 0, 0, 0
18251, 1, 1636470029919, 1636470030091, 172, 0, 172, 0, 0, 0
18252, 1, 1636470030391, 1636470030563, 172, 0, 172, 0, 0, 0
18253, 1, 1636470030463, 1636470030635, 172, 0, 172, 0, 0, 0
18255, 1, 1636470030603, 1636470030775, 172, 0, 172, 0, 0, 0
18254, 1, 1636470030811, 1636470030983, 172, 0, 172, 0, 0, 0
18256, 1, 1636470030823, 1636470030995, 172, 0, 172, 0, 0, 0
18257, 1, 1636470031107, 1636470031279, 172, 0, 172, 0, 0, 0
18258, 1, 1636470031211, 1636470031383, 172, 0, 172, 0, 0, 0
18259, 1, 1636470031223, 1636470031395, 172, 0, 172, 0, 0, 0
18260, 1, 1636470031539, 1636470031711, 172, 0, 172, 0, 0, 0
18261, 1, 1636470031559, 1636470031731, 172, 0, 172, 0, 0, 0
18262, 1, 1636470031767, 1636470031939, 172, 0, 172, 0, 0, 0
18263, 1, 1636470031799, 1636470031971, 172, 0, 172, 0, 0, 0
18264, 1, 1636470032019, 1636470032191, 172, 0, 172, 0, 0, 0
18265, 1, 1636470032471, 1636470032643, 172, 0, 172, 0, 0, 0
18266, 1, 1636470032611, 1636470032783, 172, 0, 172, 0, 0, 0
18267, 1, 1636470032623, 1636470032795, 172, 0, 172, 0, 0, 0
18268, 1, 1636470032971, 1636470033143, 172, 0, 172, 0, 0, 0
18269, 1, 1636470033551, 1636470033723, 172, 0, 172, 0, 0, 0
18270, 1, 1636470033571, 1636470033743, 172, 0, 172, 0, 0, 0
18271, 1, 1636470033703, 1636470033875, 172, 0, 172, 0, 0, 0
18272, 1, 1636470034299, 1636470034471, 172, 0, 172, 0, 0, 0
18273, 1, 1636470034331, 1636470034503, 172, 0, 172, 0, 0, 0
18275, 1, 1636470034427, 1636470034599, 172, 0, 172, 0, 0, 0
18274, 1, 1636470034647, 1636470034819, 172, 0, 172, 0, 0, 0
18276, 1, 1636470034903, 1636470035087, 184, 0, 184, 0, 0, 0
18277, 1, 1636470034959, 1636470035135, 176, 0, 176, 0, 0, 0
18278, 1, 1636470035167, 1636470035339, 172, 0, 172, 0, 0, 0
18279, 1, 1636470035347, 1636470035519, 172, 0, 172, 0, 0, 0
18280, 1, 1636470035487, 1636470035659, 172, 0, 172, 0, 0, 0
18281, 1, 1636470035627, 1636470035799, 172, 0, 172, 0, 0, 0
18282, 1, 1636470035687, 1636470035859, 172, 0, 172, 0, 0, 0
18283, 1, 1636470035983, 1636470036155, 172, 0, 172, 0, 0, 0
18284, 1, 1636470036155, 1636470036327, 172, 0, 172, 0, 0, 0
18285, 1, 1636470036575, 1636470036747, 172, 0, 172, 0, 0, 0
18286, 1, 1636470036603, 1636470036775, 172, 0, 172, 0, 0, 0
18287, 1, 1636470036867, 1636470037039, 172, 0, 172, 0, 0, 0
18288, 1, 1636470037227, 1636470037399, 172, 0, 172, 0, 0, 0
18289, 1, 1636470037711, 1636470037883, 172, 0, 172, 0, 0, 0
18290, 1, 1636470037815, 1636470037987, 172, 0, 172, 0, 0, 0
18291, 1, 1636470037851, 1636470038023, 172, 0, 172, 0, 0, 0
18292, 1, 1636470038363, 1636470038535, 172, 0, 172, 0, 0, 0
18293, 1, 1636470038467, 1636470038639, 172, 0, 172, 0, 0, 0
18294, 1, 1636470038555, 1636470038727, 172, 0, 172, 0, 0, 0
18295, 1, 1636470038903, 1636470039075, 172, 0, 172, 0, 0, 0
18296, 1, 1636470038915, 1636470039087, 172, 0, 172, 0, 0, 0
18297, 1, 1636470039035, 1636470039207, 172, 0, 172, 0, 0, 0
18298, 1, 1636470039335, 1636470039507, 172, 0, 172, 0, 0, 0
18299, 1, 1636470039403, 1636470039575, 172, 0, 172, 0, 0, 0
18300, 1, 1636470039519, 1636470039691, 172, 0, 172, 0, 0, 0
18301, 1, 1636470039707, 1636470039879, 172, 0, 172, 0, 0, 0
18302, 1, 1636470039771, 1636470039943, 172, 0, 172, 0, 0, 0
18303, 1, 1636470039795, 1636470039967, 172, 0, 172, 0, 0, 0
18304, 1, 1636470040111, 1636470040283, 172, 0, 172, 0, 0, 0
18305, 1, 1636470040559, 1636470040731, 172, 0, 172, 0, 0, 0
18306, 1, 1636470040607, 1636470040779, 172, 0, 172, 0, 0, 0
18307, 1, 1636470040783, 1636470040955, 172, 0, 172, 0, 0, 0
18308, 1, 1636470041143, 1636470041315, 172, 0, 172, 0, 0, 0
18309, 1, 1636470041667, 1636470041839, 172, 0, 172, 0, 0, 0
18310, 1, 1636470041723, 1636470041895, 172, 0, 172, 0, 0, 0
18311, 1, 1636470041931, 1636470042107, 176, 0, 176, 0, 0, 0
18312, 1, 1636470042143, 1636470042315, 172, 0, 172, 0, 0, 0
18313, 1, 1636470042423, 1636470042595, 172, 0, 172, 0, 0, 0
18314, 1, 1636470042475, 1636470042647, 172, 0, 172, 0, 0, 0
18315, 1, 1636470042823, 1636470042995, 172, 0, 172, 0, 0, 0
18316, 1, 1636470042991, 1636470043163, 172, 0, 172, 0, 0, 0
18317, 1, 1636470043051, 1636470043223, 172, 0, 172, 0, 0, 0
18318, 1, 1636470043315, 1636470043487, 172, 0, 172, 0, 0, 0
18319, 1, 1636470043455, 1636470043627, 172, 0, 172, 0, 0, 0
18320, 1, 1636470043467, 1636470043639, 172, 0, 172, 0, 0, 0
18321, 1, 1636470043503, 1636470043675, 172, 0, 172, 0, 0, 0
18322, 1, 1636470043819, 1636470043991, 172, 0, 172, 0, 0, 0
18323, 1, 1636470043843, 1636470044015, 172, 0, 172, 0, 0, 0
18324, 1, 1636470044243, 1636470044415, 172, 0, 172, 0, 0, 0
18325, 1, 1636470044547, 1636470044719, 172, 0, 172, 0, 0, 0
18326, 1, 1636470044695, 1636470044867, 172, 0, 172, 0, 0, 0
18327, 1, 1636470044871, 1636470045043, 172, 0, 172, 0, 0, 0
18328, 1, 1636470045231, 1636470045403, 172, 0, 172, 0, 0, 0
18329, 1, 1636470045803, 1636470045975, 172, 0, 172, 0, 0, 0
18330, 1, 1636470045811, 1636470045983, 172, 0, 172, 0, 0, 0
18331, 1, 1636470046007, 1636470046179, 172, 0, 172, 0, 0, 0
18332, 1, 1636470046323, 1636470046495, 172, 0, 172, 0, 0, 0
18334, 1, 1636470046563, 1636470046735, 172, 0, 172, 0, 0, 0
18333, 1, 1636470046639, 1636470046811, 172, 0, 172, 0, 0, 0
18335, 1, 1636470046987, 1636470047159, 172, 0, 172, 0, 0, 0
18336, 1, 1636470047123, 1636470047299, 176, 0, 176, 0, 0, 0
18337, 1, 1636470047235, 1636470047411, 176, 0, 176, 0, 0, 0
18338, 1, 1636470047235, 1636470047411, 176, 0, 176, 0, 0, 0
18339, 1, 1636470047427, 1636470047599, 172, 0, 172, 0, 0, 0
18340, 1, 1636470047447, 1636470047619, 172, 0, 172, 0, 0, 0
18341, 1, 1636470047655, 1636470047827, 172, 0, 172, 0, 0, 0
18342, 1, 1636470047763, 1636470047935, 172, 0, 172, 0, 0, 0
18343, 1, 1636470047799, 1636470047971, 172, 0, 172, 0, 0, 0
18344, 1, 1636470048327, 1636470048499, 172, 0, 172, 0, 0, 0
18345, 1, 1636470048543, 1636470048715, 172, 0, 172, 0, 0, 0
18346, 1, 1636470048891, 1636470049063, 172, 0, 172, 0, 0, 0
18347, 1, 1636470049051, 1636470049223, 172, 0, 172, 0, 0, 0
18348, 1, 1636470049403, 1636470049575, 172, 0, 172, 0, 0, 0
18349, 1, 1636470049867, 1636470050039, 172, 0, 172, 0, 0, 0
18350, 1, 1636470049983, 1636470050155, 172, 0, 172, 0, 0, 0
18351, 1, 1636470049987, 1636470050159, 172, 0, 172, 0, 0, 0
18352, 1, 1636470050403, 1636470050575, 172, 0, 172, 0, 0, 0
18353, 1, 1636470050571, 1636470050743, 172, 0, 172, 0, 0, 0
18354, 1, 1636470050747, 1636470050919, 172, 0, 172, 0, 0, 0
18355, 1, 1636470050919, 1636470051091, 172, 0, 172, 0, 0, 0
18356, 1, 1636470050967, 1636470051139, 172, 0, 172, 0, 0, 0
18357, 1, 1636470051311, 1636470051483, 172, 0, 172, 0, 0, 0
18358, 1, 1636470051383, 1636470051555, 172, 0, 172, 0, 0, 0
18359, 1, 1636470051383, 1636470051555, 172, 0, 172, 0, 0, 0
18360, 1, 1636470051451, 1636470051623, 172, 0, 172, 0, 0, 0
18361, 1, 1636470051603, 1636470051775, 172, 0, 172, 0, 0, 0
18362, 1, 1636470051619, 1636470051791, 172, 0, 172, 0, 0, 0
18363, 1, 1636470052079, 1636470052251, 172, 0, 172, 0, 0, 0
18364, 1, 1636470052275, 1636470052447, 172, 0, 172, 0, 0, 0
18365, 1, 1636470052475, 1636470052647, 172, 0, 172, 0, 0, 0
18366, 1, 1636470052623, 1636470052795, 172, 0, 172, 0, 0, 0
18367, 1, 1636470052871, 1636470053043, 172, 0, 172, 0, 0, 0
18368, 1, 1636470053347, 1636470053519, 172, 0, 172, 0, 0, 0
18369, 1, 1636470053643, 1636470053815, 172, 0, 172, 0, 0, 0
18370, 1, 1636470053899, 1636470054071, 172, 0, 172, 0, 0, 0
18371, 1, 1636470053935, 1636470054107, 172, 0, 172, 0, 0, 0
18372, 1, 1636470054475, 1636470054647, 172, 0, 172, 0, 0, 0
18373, 1, 1636470054483, 1636470054655, 172, 0, 172, 0, 0, 0
18374, 1, 1636470054515, 1636470054687, 172, 0, 172, 0, 0, 0
18376, 1, 1636470054791, 1636470054963, 172, 0, 172, 0, 0, 0
18375, 1, 1636470054863, 1636470055035, 172, 0, 172, 0, 0, 0
18377, 1, 1636470055043, 1636470055215, 172, 0, 172, 0, 0, 0
18378, 1, 1636470055207, 1636470055379, 172, 0, 172, 0, 0, 0
18379, 1, 1636470055383, 1636470055559, 176, 0, 176, 0, 0, 0
18380, 1, 1636470055463, 1636470055635, 172, 0, 172, 0, 0, 0
18381, 1, 1636470055563, 1636470055735, 172, 0, 172, 0, 0, 0
18382, 1, 1636470055631, 1636470055803, 172, 0, 172, 0, 0, 0
18383, 1, 1636470056099, 1636470056271, 172, 0, 172, 0, 0, 0
18384, 1, 1636470056267, 1636470056443, 176, 0, 176, 0, 0, 0
18385, 1, 1636470056451, 1636470056627, 176, 0, 176, 0, 0, 0
18386, 1, 1636470056551, 1636470056727, 176, 0, 176, 0, 0, 0
18387, 1, 1636470056715, 1636470056887, 172, 0, 172, 0, 0, 0
18388, 1, 1636470057187, 1636470057359, 172, 0, 172, 0, 0, 0
18389, 1, 1636470057307, 1636470057479, 172, 0, 172, 0, 0, 0
18390, 1, 1636470057723, 1636470057895, 172, 0, 172, 0, 0, 0
18391, 1, 1636470057927, 1636470058099, 172, 0, 172, 0, 0, 0
18392, 1, 1636470058299, 1636470058471, 172, 0, 172, 0, 0, 0
18393, 1, 1636470058343, 1636470058515, 172, 0, 172, 0, 0, 0
18394, 1, 1636470058435, 1636470058611, 176, 0, 176, 0, 0, 0
18396, 1, 1636470058727, 1636470058899, 172, 0, 172, 0, 0, 0
18395, 1, 1636470058787, 1636470058959, 172, 0, 172, 0, 0, 0
18397, 1, 1636470058871, 1636470059043, 172, 0, 172, 0, 0, 0
18398, 1, 1636470059139, 1636470059311, 172, 0, 172, 0, 0, 0
18399, 1, 1636470059411, 1636470059583, 172, 0, 172, 0, 0, 0
18401, 1, 1636470059547, 1636470059719, 172, 0, 172, 0, 0, 0
18402, 1, 1636470059615, 1636470059787, 172, 0, 172, 0, 0, 0
18400, 1, 1636470059759, 1636470059931, 172, 0, 172, 0, 0, 0
18403, 1, 1636470059999, 1636470060171, 172, 0, 172, 0, 0, 0
18404, 1, 1636470060031, 1636470060203, 172, 0, 172, 0, 0, 0
18405, 1, 1636470060383, 1636470060555, 172, 0, 172, 0, 0, 0
18406, 1, 1636470060631, 1636470060803, 172, 0, 172, 0, 0, 0
18407, 1, 1636470060739, 1636470060911, 172, 0, 172, 0, 0, 0
18408, 1, 1636470061211, 1636470061383, 172, 0, 172, 0, 0, 0
18409, 1, 1636470061255, 1636470061427, 172, 0, 172, 0, 0, 0
18410, 1, 1636470061659, 1636470061831, 172, 0, 172, 0, 0, 0
18411, 1, 1636470062035, 1636470062207, 172, 0, 172, 0, 0, 0
18412, 1, 1636470062119, 1636470062291, 172, 0, 172, 0, 0, 0
18413, 1, 1636470062243, 1636470062415, 172, 0, 172, 0, 0, 0
18414, 1, 1636470062591, 1636470062763, 172, 0, 172, 0, 0, 0
18416, 1, 1636470062715, 1636470062887, 172, 0, 172, 0, 0, 0
18417, 1, 1636470062803, 1636470062975, 172, 0, 172, 0, 0, 0
18415, 1, 1636470062939, 1636470063115, 176, 0, 176, 0, 0, 0
18418, 1, 1636470063059, 1636470063231, 172, 0, 172, 0, 0, 0
18419, 1, 1636470063295, 1636470063467, 172, 0, 172, 0, 0, 0
18420, 1, 1636470063403, 1636470063575, 172, 0, 172, 0, 0, 0
18421, 1, 1636470063463, 1636470063635, 172, 0, 172, 0, 0, 0
18422, 1, 1636470063551, 1636470063723, 172, 0, 172, 0, 0, 0
18423, 1, 1636470063823, 1636470063995, 172, 0, 172, 0, 0, 0
18424, 1, 1636470063867, 1636470064039, 172, 0, 172, 0, 0, 0
18425, 1, 1636470064215, 1636470064387, 172, 0, 172, 0, 0, 0
18426, 1, 1636470064491, 1636470064667, 176, 0, 176, 0, 0, 0
18427, 1, 1636470064679, 1636470064851, 172, 0, 172, 0, 0, 0
18428, 1, 1636470064947, 1636470065119, 172, 0, 172, 0, 0, 0
18429, 1, 1636470065147, 1636470065319, 172, 0, 172, 0, 0, 0
18430, 1, 1636470065647, 1636470065819, 172, 0, 172, 0, 0, 0
18431, 1, 1636470065803, 1636470065975, 172, 0, 172, 0, 0, 0
18432, 1, 1636470065995, 1636470066167, 172, 0, 172, 0, 0, 0
18433, 1, 1636470066179, 1636470066355, 176, 0, 176, 0, 0, 0
18434, 1, 1636470066399, 1636470066571, 172, 0, 172, 0, 0, 0
18435, 1, 1636470066531, 1636470066703, 172, 0, 172, 0, 0, 0
18437, 1, 1636470066743, 1636470066915, 172, 0, 172, 0, 0, 0
18438, 1, 1636470066791, 1636470066967, 176, 0, 176, 0, 0, 0
18436, 1, 1636470066879, 1636470067055, 176, 0, 176, 0, 0, 0
18439, 1, 1636470067175, 1636470067351, 176, 0, 176, 0, 0, 0
18440, 1, 1636470067259, 1636470067431, 172, 0, 172, 0, 0, 0
18441, 1, 1636470067423, 1636470067595, 172, 0, 172, 0, 0, 0
18442, 1, 1636470067487, 1636470067659, 172, 0, 172, 0, 0, 0
18443, 1, 1636470067559, 1636470067735, 176, 0, 176, 0, 0, 0
18444, 1, 1636470067675, 1636470067847, 172, 0, 172, 0, 0, 0
18445, 1, 1636470068023, 1636470068195, 172, 0, 172, 0, 0, 0
18446, 1, 1636470068267, 1636470068439, 172, 0, 172, 0, 0, 0
18447, 1, 1636470068835, 1636470069007, 172, 0, 172, 0, 0, 0
18448, 1, 1636470068903, 1636470069075, 172, 0, 172, 0, 0, 0
18449, 1, 1636470069375, 1636470069547, 172, 0, 172, 0, 0, 0
18450, 1, 1636470069451, 1636470069623, 172, 0, 172, 0, 0, 0
18452, 1, 1636470069755, 1636470069927, 172, 0, 172, 0, 0, 0
18453, 1, 1636470070407, 1636470070579, 172, 0, 172, 0, 0, 0
18455, 1, 1636470070595, 1636470070767, 172, 0, 172, 0, 0, 0
18456, 1, 1636470070727, 1636470070899, 172, 0, 172, 0, 0, 0
18454, 1, 1636470070759, 1636470070931, 172, 0, 172, 0, 0, 0
18459, 1, 1636470070843, 1636470071015, 172, 0, 172, 0, 0, 0
18451, 1, 1636470070947, 1636470071123, 176, 0, 176, 0, 0, 0
18458, 1, 1636470071075, 1636470071247, 172, 0, 172, 0, 0, 0
18457, 1, 1636470071107, 1636470071279, 172, 0, 172, 0, 0, 0
18460, 1, 1636470071459, 1636470071631, 172, 0, 172, 0, 0, 0
18461, 1, 1636470071551, 1636470071723, 172, 0, 172, 0, 0, 0
18462, 1, 1636470071611, 1636470071783, 172, 0, 172, 0, 0, 0
18463, 1, 1636470071655, 1636470071827, 172, 0, 172, 0, 0, 0
18464, 1, 1636470071871, 1636470072043, 172, 0, 172, 0, 0, 0
18465, 1, 1636470071931, 1636470072103, 172, 0, 172, 0, 0, 0
18466, 1, 1636470072219, 1636470072391, 172, 0, 172, 0, 0, 0
18467, 1, 1636470072583, 1636470072755, 172, 0, 172, 0, 0, 0
18468, 1, 1636470072651, 1636470072823, 172, 0, 172, 0, 0, 0
18469, 1, 1636470073175, 1636470073347, 172, 0, 172, 0, 0, 0
18470, 1, 1636470073447, 1636470073619, 172, 0, 172, 0, 0, 0
18471, 1, 1636470073527, 1636470073699, 172, 0, 172, 0, 0, 0
18472, 1, 1636470073875, 1636470074047, 172, 0, 172, 0, 0, 0
18473, 1, 1636470074091, 1636470074263, 172, 0, 172, 0, 0, 0
18474, 1, 1636470074439, 1636470074611, 172, 0, 172, 0, 0, 0
18475, 1, 1636470074659, 1636470074831, 172, 0, 172, 0, 0, 0
18477, 1, 1636470074675, 1636470074847, 172, 0, 172, 0, 0, 0
18476, 1, 1636470074787, 1636470074959, 172, 0, 172, 0, 0, 0
18479, 1, 1636470074791, 1636470074963, 172, 0, 172, 0, 0, 0
18478, 1, 1636470075007, 1636470075179, 172, 0, 172, 0, 0, 0
18480, 1, 1636470075291, 1636470075463, 172, 0, 172, 0, 0, 0
18481, 1, 1636470075351, 1636470075523, 172, 0, 172, 0, 0, 0
18482, 1, 1636470075587, 1636470075759, 172, 0, 172, 0, 0, 0
18483, 1, 1636470075767, 1636470075939, 172, 0, 172, 0, 0, 0
18484, 1, 1636470075803, 1636470075975, 172, 0, 172, 0, 0, 0
18485, 1, 1636470075879, 1636470076051, 172, 0, 172, 0, 0, 0
18486, 1, 1636470076151, 1636470076323, 172, 0, 172, 0, 0, 0
18487, 1, 1636470076451, 1636470076623, 172, 0, 172, 0, 0, 0
18488, 1, 1636470076787, 1636470076959, 172, 0, 172, 0, 0, 0
18489, 1, 1636470077335, 1636470077507, 172, 0, 172, 0, 0, 0
18490, 1, 1636470077375, 1636470077547, 172, 0, 172, 0, 0, 0
18491, 1, 1636470077459, 1636470077631, 172, 0, 172, 0, 0, 0
18492, 1, 1636470077807, 1636470077979, 172, 0, 172, 0, 0, 0
18493, 1, 1636470078291, 1636470078463, 172, 0, 172, 0, 0, 0
18494, 1, 1636470078483, 1636470078655, 172, 0, 172, 0, 0, 0
18495, 1, 1636470078607, 1636470078779, 172, 0, 172, 0, 0, 0
18496, 1, 1636470078663, 1636470078835, 172, 0, 172, 0, 0, 0
18497, 1, 1636470078671, 1636470078843, 172, 0, 172, 0, 0, 0
18499, 1, 1636470079011, 1636470079183, 172, 0, 172, 0, 0, 0
18498, 1, 1636470079019, 1636470079191, 172, 0, 172, 0, 0, 0
18500, 1, 1636470079287, 1636470079459, 172, 0, 172, 0, 0, 0
18501, 1, 1636470079431, 1636470079603, 172, 0, 172, 0, 0, 0
18502, 1, 1636470079495, 1636470079667, 172, 0, 172, 0, 0, 0
18503, 1, 1636470079571, 1636470079743, 172, 0, 172, 0, 0, 0
18504, 1, 1636470079699, 1636470079871, 172, 0, 172, 0, 0, 0
18505, 1, 1636470079811, 1636470079983, 172, 0, 172, 0, 0, 0
18506, 1, 1636470080175, 1636470080347, 172, 0, 172, 0, 0, 0
18507, 1, 1636470080715, 1636470080887, 172, 0, 172, 0, 0, 0
18508, 1, 1636470081091, 1636470081263, 172, 0, 172, 0, 0, 0
18509, 1, 1636470081151, 1636470081323, 172, 0, 172, 0, 0, 0
18510, 1, 1636470081559, 1636470081731, 172, 0, 172, 0, 0, 0
18511, 1, 1636470081607, 1636470081779, 172, 0, 172, 0, 0, 0
18512, 1, 1636470081907, 1636470082079, 172, 0, 172, 0, 0, 0
18513, 1, 1636470082367, 1636470082539, 172, 0, 172, 0, 0, 0
18514, 1, 1636470082595, 1636470082767, 172, 0, 172, 0, 0, 0
18515, 1, 1636470082611, 1636470082783, 172, 0, 172, 0, 0, 0
18516, 1, 1636470082943, 1636470083115, 172, 0, 172, 0, 0, 0
18517, 1, 1636470082967, 1636470083139, 172, 0, 172, 0, 0, 0
18520, 1, 1636470083103, 1636470083275, 172, 0, 172, 0, 0, 0
18518, 1, 1636470083291, 1636470083463, 172, 0, 172, 0, 0, 0
18519, 1, 1636470083315, 1636470083487, 172, 0, 172, 0, 0, 0
18521, 1, 1636470083359, 1636470083531, 172, 0, 172, 0, 0, 0
18522, 1, 1636470083399, 1636470083571, 172, 0, 172, 0, 0, 0
18523, 1, 1636470083459, 1636470083631, 172, 0, 172, 0, 0, 0
18524, 1, 1636470083803, 1636470083975, 172, 0, 172, 0, 0, 0
18525, 1, 1636470084115, 1636470084287, 172, 0, 172, 0, 0, 0
18526, 1, 1636470084479, 1636470084651, 172, 0, 172, 0, 0, 0
18527, 1, 1636470084731, 1636470084903, 172, 0, 172, 0, 0, 0
18528, 1, 1636470084967, 1636470085139, 172, 0, 172, 0, 0, 0
18529, 1, 1636470085031, 1636470085203, 172, 0, 172, 0, 0, 0
18530, 1, 1636470085543, 1636470085719, 176, 0, 176, 0, 0, 0
18531, 1, 1636470085863, 1636470086035, 172, 0, 172, 0, 0, 0
18533, 1, 1636470086183, 1636470086355, 172, 0, 172, 0, 0, 0
18532, 1, 1636470086211, 1636470086387, 176, 0, 176, 0, 0, 0
18534, 1, 1636470086535, 1636470086707, 172, 0, 172, 0, 0, 0
18537, 1, 1636470086919, 1636470087095, 176, 0, 176, 0, 0, 0
18538, 1, 1636470087047, 1636470087218, 171, 0, 171, 0, 0, 0
18539, 1, 1636470087215, 1636470087391, 176, 0, 176, 0, 0, 0
18541, 1, 1636470087303, 1636470087475, 172, 0, 172, 0, 0, 0
18540, 1, 1636470087395, 1636470087567, 172, 0, 172, 0, 0, 0
18542, 1, 1636470087435, 1636470087607, 172, 0, 172, 0, 0, 0
18543, 1, 1636470087515, 1636470087687, 172, 0, 172, 0, 0, 0
18545, 1, 1636470088195, 1636470088367, 172, 0, 172, 0, 0, 0
18546, 1, 1636470088563, 1636470088739, 176, 0, 176, 0, 0, 0
18547, 1, 1636470088683, 1636470088855, 172, 0, 172, 0, 0, 0
18544, 1, 1636470088891, 1636470089063, 172, 0, 172, 0, 0, 0
18548, 1, 1636470088911, 1636470089083, 172, 0, 172, 0, 0, 0
18549, 1, 1636470089147, 1636470089319, 172, 0, 172, 0, 0, 0
18551, 1, 1636470089235, 1636470089407, 172, 0, 172, 0, 0, 0
18552, 1, 1636470089427, 1636470089599, 172, 0, 172, 0, 0, 0
18550, 1, 1636470089495, 1636470089671, 176, 0, 176, 0, 0, 0
18553, 1, 1636470089947, 1636470090119, 172, 0, 172, 0, 0, 0
18554, 1, 1636470090003, 1636470090175, 172, 0, 172, 0, 0, 0
18555, 1, 1636470090295, 1636470090467, 172, 0, 172, 0, 0, 0
18556, 1, 1636470090415, 1636470090587, 172, 0, 172, 0, 0, 0
18557, 1, 1636470090995, 1636470091167, 172, 0, 172, 0, 0, 0
18558, 1, 1636470091059, 1636470091231, 172, 0, 172, 0, 0, 0
18559, 1, 1636470091123, 1636470091295, 172, 0, 172, 0, 0, 0
18560, 1, 1636470091255, 1636470091427, 172, 0, 172, 0, 0, 0
18561, 1, 1636470091283, 1636470091455, 172, 0, 172, 0, 0, 0
18562, 1, 1636470091407, 1636470091579, 172, 0, 172, 0, 0, 0
18563, 1, 1636470091611, 1636470091783, 172, 0, 172, 0, 0, 0
18564, 1, 1636470091643, 1636470091815, 172, 0, 172, 0, 0, 0
18565, 1, 1636470092199, 1636470092371, 172, 0, 172, 0, 0, 0
18566, 1, 1636470092571, 1636470092743, 172, 0, 172, 0, 0, 0
18567, 1, 1636470092723, 1636470092895, 172, 0, 172, 0, 0, 0
18568, 1, 1636470093179, 1636470093351, 172, 0, 172, 0, 0, 0
18569, 1, 1636470093243, 1636470093415, 172, 0, 172, 0, 0, 0
18570, 1, 1636470093251, 1636470093423, 172, 0, 172, 0, 0, 0
18571, 1, 1636470093527, 1636470093699, 172, 0, 172, 0, 0, 0
18572, 1, 1636470093951, 1636470094123, 172, 0, 172, 0, 0, 0
18574, 1, 1636470094234, 1636470094407, 173, 1, 172, 0, 0, 0
18575, 1, 1636470094267, 1636470094439, 172, 0, 172, 0, 0, 0
18573, 1, 1636470094299, 1636470094471, 172, 0, 172, 0, 0, 0
18576, 1, 1636470095003, 1636470095175, 172, 0, 172, 0, 0, 0
18577, 1, 1636470095263, 1636470095435, 172, 0, 172, 0, 0, 0
18578, 1, 1636470095419, 1636470095591, 172, 0, 172, 0, 0, 0
18579, 1, 1636470095515, 1636470095687, 172, 0, 172, 0, 0, 0
18580, 1, 1636470095719, 1636470095891, 172, 0, 172, 0, 0, 0
18581, 1, 1636470096795, 1636470096967, 172, 0, 172, 0, 0, 0
18582, 1, 1636470097203, 1636470097375, 172, 0, 172, 0, 0, 0
18583, 1, 1636470097255, 1636470097427, 172, 0, 172, 0, 0, 0
18584, 1, 1636470097363, 1636470097535, 172, 0, 172, 0, 0, 0
18585, 1, 1636470097603, 1636470097775, 172, 0, 172, 0, 0, 0
18586, 1, 1636470098283, 1636470098459, 176, 0, 176, 0, 0, 0
18587, 1, 1636470098351, 1636470098523, 172, 0, 172, 0, 0, 0
18588, 1, 1636470099491, 1636470099663, 172, 0, 172, 0, 0, 0
18589, 1, 1636470099647, 1636470099819, 172, 0, 172, 0, 0, 0
18590, 1, 1636470099995, 1636470100167, 172, 0, 172, 0, 0, 0
18591, 1, 1636470100619, 1636470100791, 172, 0, 172, 0, 0, 0
18592, 1, 1636470101083, 1636470101255, 172, 0, 172, 0, 0, 0
18593, 1, 1636470101263, 1636470101435, 172, 0, 172, 0, 0, 0
18594, 1, 1636470101651, 1636470101823, 172, 0, 172, 0, 0, 0
18595, 1, 1636470102179, 1636470102351, 172, 0, 172, 0, 0, 0
18596, 1, 1636470102235, 1636470102407, 172, 0, 172, 0, 0, 0
18597, 1, 1636470103215, 1636470103387, 172, 0, 172, 0, 0, 0
18598, 1, 1636470103603, 1636470103775, 172, 0, 172, 0, 0, 0
18599, 1, 1636470103987, 1636470104159, 172, 0, 172, 0, 0, 0
18600, 1, 1636470108167, 1636470108339, 172, 0, 172, 0, 0, 0
18601, 1, 1636470242031, 1636470242203, 172, 0, 172, 0, 0, 0
18602, 1, 1636470242591, 1636470242763, 172, 0, 172, 0, 0, 0
18603, 1, 1636470243279, 1636470243451, 172, 0, 172, 0, 0, 0
18604, 1, 1636470243891, 1636470244063, 172, 0, 172, 0, 0, 0
18605, 1, 1636470243939, 1636470244115, 176, 0, 176, 0, 0, 0
18606, 1, 1636470244503, 1636470244675, 172, 0, 172, 0, 0, 0
18607, 1, 1636470244511, 1636470244683, 172, 0, 172, 0, 0, 0
18608, 1, 1636470245179, 1636470245351, 172, 0, 172, 0, 0, 0
18609, 1, 1636470245187, 1636470245359, 172, 0, 172, 0, 0, 0
18610, 1, 1636470245799, 1636470245971, 172, 0, 172, 0, 0, 0
18611, 1, 1636470245895, 1636470246067, 172, 0, 172, 0, 0, 0
18612, 1, 1636470245911, 1636470246083, 172, 0, 172, 0, 0, 0
18613, 1, 1636470246415, 1636470246587, 172, 0, 172, 0, 0, 0
18614, 1, 1636470246471, 1636470246643, 172, 0, 172, 0, 0, 0
18615, 1, 1636470246863, 1636470247035, 172, 0, 172, 0, 0, 0
18616, 1, 1636470247087, 1636470247259, 172, 0, 172, 0, 0, 0
18617, 1, 1636470247159, 1636470247331, 172, 0, 172, 0, 0, 0
18618, 1, 1636470247575, 1636470247747, 172, 0, 172, 0, 0, 0
18619, 1, 1636470247771, 1636470247943, 172, 0, 172, 0, 0, 0
18620, 1, 1636470247779, 1636470247951, 172, 0, 172, 0, 0, 0
18621, 1, 1636470247971, 1636470248143, 172, 0, 172, 0, 0, 0
18622, 1, 1636470248283, 1636470248455, 172, 0, 172, 0, 0, 0
18623, 1, 1636470248387, 1636470248567, 180, 0, 180, 0, 0, 0
18624, 1, 1636470248531, 1636470248703, 172, 0, 172, 0, 0, 0
18625, 1, 1636470248771, 1636470248943, 172, 0, 172, 0, 0, 0
18626, 1, 1636470249059, 1636470249231, 172, 0, 172, 0, 0, 0
18627, 1, 1636470249219, 1636470249391, 172, 0, 172, 0, 0, 0
18628, 1, 1636470249483, 1636470249655, 172, 0, 172, 0, 0, 0
18629, 1, 1636470249647, 1636470249819, 172, 0, 172, 0, 0, 0
18630, 1, 1636470249831, 1636470250003, 172, 0, 172, 0, 0, 0
18631, 1, 1636470249879, 1636470250051, 172, 0, 172, 0, 0, 0
18632, 1, 1636470250031, 1636470250203, 172, 0, 172, 0, 0, 0
18633, 1, 1636470250187, 1636470250359, 172, 0, 172, 0, 0, 0
18634, 1, 1636470250447, 1636470250619, 172, 0, 172, 0, 0, 0
18635, 1, 1636470250531, 1636470250703, 172, 0, 172, 0, 0, 0
18636, 1, 1636470250595, 1636470250767, 172, 0, 172, 0, 0, 0
18637, 1, 1636470250743, 1636470250915, 172, 0, 172, 0, 0, 0
18638, 1, 1636470251119, 1636470251291, 172, 0, 172, 0, 0, 0
18639, 1, 1636470251243, 1636470251415, 172, 0, 172, 0, 0, 0
18640, 1, 1636470251279, 1636470251451, 172, 0, 172, 0, 0, 0
18641, 1, 1636470251459, 1636470251631, 172, 0, 172, 0, 0, 0
18642, 1, 1636470251711, 1636470251887, 176, 0, 176, 0, 0, 0
18643, 1, 1636470251783, 1636470251955, 172, 0, 172, 0, 0, 0
18644, 1, 1636470251851, 1636470252023, 172, 0, 172, 0, 0, 0
18645, 1, 1636470251895, 1636470252067, 172, 0, 172, 0, 0, 0
18647, 1, 1636470252055, 1636470252231, 176, 0, 176, 0, 0, 0
18646, 1, 1636470252243, 1636470252419, 176, 0, 176, 0, 0, 0
18648, 1, 1636470252439, 1636470252611, 172, 0, 172, 0, 0, 0
18651, 1, 1636470252575, 1636470252747, 172, 0, 172, 0, 0, 0
18649, 1, 1636470252595, 1636470252771, 176, 0, 176, 0, 0, 0
18652, 1, 1636470252803, 1636470252975, 172, 0, 172, 0, 0, 0
18650, 1, 1636470252947, 1636470253119, 172, 0, 172, 0, 0, 0
18654, 1, 1636470253147, 1636470253319, 172, 0, 172, 0, 0, 0
18656, 1, 1636470253283, 1636470253455, 172, 0, 172, 0, 0, 0
18655, 1, 1636470253299, 1636470253471, 172, 0, 172, 0, 0, 0
18657, 1, 1636470253515, 1636470253687, 172, 0, 172, 0, 0, 0
18653, 1, 1636470253643, 1636470253815, 172, 0, 172, 0, 0, 0
18659, 1, 1636470253755, 1636470253927, 172, 0, 172, 0, 0, 0
18658, 1, 1636470253755, 1636470253927, 172, 0, 172, 0, 0, 0
18662, 1, 1636470253983, 1636470254155, 172, 0, 172, 0, 0, 0
18664, 1, 1636470254119, 1636470254291, 172, 0, 172, 0, 0, 0
18663, 1, 1636470254339, 1636470254511, 172, 0, 172, 0, 0, 0
18665, 1, 1636470254411, 1636470254595, 184, 0, 184, 0, 0, 0
18667, 1, 1636470254483, 1636470254655, 172, 0, 172, 0, 0, 0
18666, 1, 1636470254687, 1636470254859, 172, 0, 172, 0, 0, 0
18669, 1, 1636470255031, 1636470255203, 172, 0, 172, 0, 0, 0
18672, 1, 1636470255123, 1636470255295, 172, 0, 172, 0, 0, 0
18674, 1, 1636470255191, 1636470255363, 172, 0, 172, 0, 0, 0
18673, 1, 1636470255379, 1636470255555, 176, 0, 176, 0, 0, 0
18677, 1, 1636470255727, 1636470255903, 176, 0, 176, 0, 0, 0
18676, 1, 1636470255735, 1636470255911, 176, 0, 176, 0, 0, 0
18678, 1, 1636470255819, 1636470255991, 172, 0, 172, 0, 0, 0
18679, 1, 1636470256015, 1636470256187, 172, 0, 172, 0, 0, 0
18680, 1, 1636470256031, 1636470256203, 172, 0, 172, 0, 0, 0
18682, 1, 1636470256207, 1636470256379, 172, 0, 172, 0, 0, 0
18683, 1, 1636470256255, 1636470256427, 172, 0, 172, 0, 0, 0
18684, 1, 1636470256375, 1636470256551, 176, 0, 176, 0, 0, 0
18685, 1, 1636470256451, 1636470256623, 172, 0, 172, 0, 0, 0
18686, 1, 1636470256463, 1636470256635, 172, 0, 172, 0, 0, 0
18688, 1, 1636470256659, 1636470256831, 172, 0, 172, 0, 0, 0
18687, 1, 1636470256727, 1636470256903, 176, 0, 176, 0, 0, 0
18689, 1, 1636470257079, 1636470257251, 172, 0, 172, 0, 0, 0
18690, 1, 1636470257163, 1636470257335, 172, 0, 172, 0, 0, 0
18692, 1, 1636470257183, 1636470257355, 172, 0, 172, 0, 0, 0
18691, 1, 1636470257219, 1636470257391, 172, 0, 172, 0, 0, 0
18693, 1, 1636470257423, 1636470257595, 172, 0, 172, 0, 0, 0
18695, 1, 1636470257523, 1636470257695, 172, 0, 172, 0, 0, 0
18681, 1, 1636470257667, 1636470257839, 172, 0, 172, 0, 0, 0
18694, 1, 1636470257775, 1636470257947, 172, 0, 172, 0, 0, 0
18696, 1, 1636470257787, 1636470257959, 172, 0, 172, 0, 0, 0
18698, 1, 1636470257931, 1636470258103, 172, 0, 172, 0, 0, 0
18699, 1, 1636470257987, 1636470258159, 172, 0, 172, 0, 0, 0
18697, 1, 1636470258015, 1636470258187, 172, 0, 172, 0, 0, 0
18700, 1, 1636470258067, 1636470258243, 176, 0, 176, 0, 0, 0
18702, 1, 1636470258115, 1636470258287, 172, 0, 172, 0, 0, 0
18701, 1, 1636470258127, 1636470258299, 172, 0, 172, 0, 0, 0
18703, 1, 1636470258151, 1636470258323, 172, 0, 172, 0, 0, 0
18704, 1, 1636470258327, 1636470258499, 172, 0, 172, 0, 0, 0
18706, 1, 1636470258519, 1636470258691, 172, 0, 172, 0, 0, 0
18705, 1, 1636470258519, 1636470258691, 172, 0, 172, 0, 0, 0
18707, 1, 1636470258631, 1636470258803, 172, 0, 172, 0, 0, 0
18708, 1, 1636470258647, 1636470258819, 172, 0, 172, 0, 0, 0
18709, 1, 1636470258659, 1636470258831, 172, 0, 172, 0, 0, 0
18710, 1, 1636470259071, 1636470259243, 172, 0, 172, 0, 0, 0
18711, 1, 1636470259223, 1636470259395, 172, 0, 172, 0, 0, 0
18712, 1, 1636470259243, 1636470259415, 172, 0, 172, 0, 0, 0
18713, 1, 1636470259287, 1636470259459, 172, 0, 172, 0, 0, 0
18714, 1, 1636470259351, 1636470259523, 172, 0, 172, 0, 0, 0
18715, 1, 1636470259495, 1636470259667, 172, 0, 172, 0, 0, 0
18716, 1, 1636470259787, 1636470259959, 172, 0, 172, 0, 0, 0
18717, 1, 1636470259791, 1636470259963, 172, 0, 172, 0, 0, 0
18719, 1, 1636470260083, 1636470260255, 172, 0, 172, 0, 0, 0
18721, 1, 1636470260091, 1636470260263, 172, 0, 172, 0, 0, 0
18720, 1, 1636470260087, 1636470260263, 176, 0, 176, 0, 0, 0
18722, 1, 1636470260107, 1636470260283, 176, 0, 176, 0, 0, 0
18718, 1, 1636470260143, 1636470260315, 172, 0, 172, 0, 0, 0
18723, 1, 1636470260191, 1636470260363, 172, 0, 172, 0, 0, 0
18724, 1, 1636470260267, 1636470260443, 176, 0, 176, 0, 0, 0
18725, 1, 1636470260491, 1636470260663, 172, 0, 172, 0, 0, 0
18727, 1, 1636470260615, 1636470260791, 176, 0, 176, 0, 0, 0
18728, 1, 1636470260695, 1636470260867, 172, 0, 172, 0, 0, 0
18729, 1, 1636470260771, 1636470260943, 172, 0, 172, 0, 0, 0
18726, 1, 1636470260839, 1636470261011, 172, 0, 172, 0, 0, 0
18730, 1, 1636470261023, 1636470261195, 172, 0, 172, 0, 0, 0
18731, 1, 1636470261187, 1636470261359, 172, 0, 172, 0, 0, 0
18732, 1, 1636470261243, 1636470261415, 172, 0, 172, 0, 0, 0
18734, 1, 1636470261475, 1636470261647, 172, 0, 172, 0, 0, 0
18733, 1, 1636470261535, 1636470261707, 172, 0, 172, 0, 0, 0
18735, 1, 1636470261583, 1636470261755, 172, 0, 172, 0, 0, 0
18736, 1, 1636470261731, 1636470261903, 172, 0, 172, 0, 0, 0
18738, 1, 1636470261859, 1636470262035, 176, 0, 176, 0, 0, 0
18737, 1, 1636470261883, 1636470262055, 172, 0, 172, 0, 0, 0
18739, 1, 1636470262031, 1636470262203, 172, 0, 172, 0, 0, 0
18740, 1, 1636470262047, 1636470262219, 172, 0, 172, 0, 0, 0
18741, 1, 1636470262059, 1636470262235, 176, 0, 176, 0, 0, 0
18743, 1, 1636470262151, 1636470262323, 172, 0, 172, 0, 0, 0
18744, 1, 1636470262211, 1636470262383, 172, 0, 172, 0, 0, 0
18742, 1, 1636470262235, 1636470262407, 172, 0, 172, 0, 0, 0
18745, 1, 1636470262391, 1636470262567, 176, 0, 176, 0, 0, 0
18746, 1, 1636470262555, 1636470262727, 172, 0, 172, 0, 0, 0
18747, 1, 1636470262587, 1636470262759, 172, 0, 172, 0, 0, 0
18748, 1, 1636470262735, 1636470262907, 172, 0, 172, 0, 0, 0
18749, 1, 1636470262935, 1636470263107, 172, 0, 172, 0, 0, 0
18750, 1, 1636470262979, 1636470263151, 172, 0, 172, 0, 0, 0
18751, 1, 1636470263187, 1636470263359, 172, 0, 172, 0, 0, 0
18752, 1, 1636470263231, 1636470263403, 172, 0, 172, 0, 0, 0
18753, 1, 1636470263283, 1636470263455, 172, 0, 172, 0, 0, 0
18754, 1, 1636470263339, 1636470263511, 172, 0, 172, 0, 0, 0
18755, 1, 1636470263651, 1636470263823, 172, 0, 172, 0, 0, 0
18756, 1, 1636470263691, 1636470263863, 172, 0, 172, 0, 0, 0
18757, 1, 1636470263907, 1636470264079, 172, 0, 172, 0, 0, 0
18759, 1, 1636470263939, 1636470264111, 172, 0, 172, 0, 0, 0
18760, 1, 1636470263971, 1636470264143, 172, 0, 172, 0, 0, 0
18761, 1, 1636470264031, 1636470264203, 172, 0, 172, 0, 0, 0
18762, 1, 1636470264127, 1636470264303, 176, 0, 176, 0, 0, 0
18763, 1, 1636470264171, 1636470264343, 172, 0, 172, 0, 0, 0
18758, 1, 1636470264255, 1636470264427, 172, 0, 172, 0, 0, 0
18764, 1, 1636470264479, 1636470264651, 172, 0, 172, 0, 0, 0
18765, 1, 1636470264603, 1636470264775, 172, 0, 172, 0, 0, 0
18767, 1, 1636470264647, 1636470264819, 172, 0, 172, 0, 0, 0
18768, 1, 1636470264711, 1636470264883, 172, 0, 172, 0, 0, 0
18769, 1, 1636470264827, 1636470264999, 172, 0, 172, 0, 0, 0
18770, 1, 1636470264919, 1636470265091, 172, 0, 172, 0, 0, 0
18766, 1, 1636470264951, 1636470265123, 172, 0, 172, 0, 0, 0
18773, 1, 1636470265287, 1636470265459, 172, 0, 172, 0, 0, 0
18771, 1, 1636470265303, 1636470265475, 172, 0, 172, 0, 0, 0
18774, 1, 1636470265315, 1636470265487, 172, 0, 172, 0, 0, 0
18775, 1, 1636470265519, 1636470265691, 172, 0, 172, 0, 0, 0
18776, 1, 1636470265631, 1636470265803, 172, 0, 172, 0, 0, 0
18772, 1, 1636470265655, 1636470265831, 176, 0, 176, 0, 0, 0
18778, 1, 1636470265971, 1636470266147, 176, 0, 176, 0, 0, 0
18779, 1, 1636470265979, 1636470266151, 172, 0, 172, 0, 0, 0
18781, 1, 1636470265983, 1636470266159, 176, 0, 176, 0, 0, 0
18777, 1, 1636470266007, 1636470266183, 176, 0, 176, 0, 0, 0
18782, 1, 1636470266115, 1636470266291, 176, 0, 176, 0, 0, 0
18783, 1, 1636470266191, 1636470266367, 176, 0, 176, 0, 0, 0
18784, 1, 1636470266211, 1636470266383, 172, 0, 172, 0, 0, 0
18780, 1, 1636470266363, 1636470266535, 172, 0, 172, 0, 0, 0
18785, 1, 1636470266515, 1636470266687, 172, 0, 172, 0, 0, 0
18786, 1, 1636470266591, 1636470266763, 172, 0, 172, 0, 0, 0
18787, 1, 1636470266623, 1636470266799, 176, 0, 176, 0, 0, 0
18788, 1, 1636470266715, 1636470266887, 172, 0, 172, 0, 0, 0
18789, 1, 1636470266875, 1636470267047, 172, 0, 172, 0, 0, 0
18790, 1, 1636470267063, 1636470267239, 176, 0, 176, 0, 0, 0
18791, 1, 1636470267255, 1636470267427, 172, 0, 172, 0, 0, 0
18792, 1, 1636470267263, 1636470267435, 172, 0, 172, 0, 0, 0
18793, 1, 1636470267283, 1636470267455, 172, 0, 172, 0, 0, 0
18794, 1, 1636470267415, 1636470267587, 172, 0, 172, 0, 0, 0
18795, 1, 1636470267583, 1636470267755, 172, 0, 172, 0, 0, 0
18796, 1, 1636470267767, 1636470267939, 172, 0, 172, 0, 0, 0
18797, 1, 1636470267983, 1636470268155, 172, 0, 172, 0, 0, 0
18798, 1, 1636470267999, 1636470268171, 172, 0, 172, 0, 0, 0
18800, 1, 1636470268027, 1636470268203, 176, 0, 176, 0, 0, 0
18801, 1, 1636470268047, 1636470268219, 172, 0, 172, 0, 0, 0
18802, 1, 1636470268099, 1636470268271, 172, 0, 172, 0, 0, 0
18799, 1, 1636470268114, 1636470268287, 173, 1, 172, 1, 0, 1
18803, 1, 1636470268231, 1636470268403, 172, 0, 172, 0, 0, 0
18804, 1, 1636470268462, 1636470268635, 173, 1, 172, 0, 0, 0
18805, 1, 1636470268651, 1636470268823, 172, 0, 172, 0, 0, 0
18806, 1, 1636470268687, 1636470268859, 172, 0, 172, 0, 0, 0
18807, 1, 1636470268719, 1636470268891, 172, 0, 172, 0, 0, 0
18808, 1, 1636470268787, 1636470268959, 172, 0, 172, 0, 0, 0
18809, 1, 1636470268931, 1636470269103, 172, 0, 172, 0, 0, 0
18810, 1, 1636470269007, 1636470269183, 176, 0, 176, 0, 0, 0
18811, 1, 1636470269299, 1636470269471, 172, 0, 172, 0, 0, 0
18812, 1, 1636470269331, 1636470269507, 176, 0, 176, 0, 0, 0
18814, 1, 1636470269407, 1636470269579, 172, 0, 172, 0, 0, 0
18813, 1, 1636470269407, 1636470269579, 172, 0, 172, 0, 0, 0
18815, 1, 1636470269631, 1636470269803, 172, 0, 172, 0, 0, 0
18816, 1, 1636470269711, 1636470269883, 172, 0, 172, 0, 0, 0
18817, 1, 1636470269967, 1636470270139, 172, 0, 172, 0, 0, 0
18818, 1, 1636470269979, 1636470270155, 176, 0, 176, 0, 0, 0
18819, 1, 1636470270027, 1636470270203, 176, 0, 176, 0, 0, 0
18820, 1, 1636470270047, 1636470270219, 172, 0, 172, 0, 0, 0
18821, 1, 1636470270082, 1636470270255, 173, 1, 172, 0, 0, 0
18822, 1, 1636470270107, 1636470270283, 176, 0, 176, 0, 0, 0
18823, 1, 1636470270275, 1636470270447, 172, 0, 172, 0, 0, 0
18824, 1, 1636470270339, 1636470270511, 172, 0, 172, 0, 0, 0
18825, 1, 1636470270619, 1636470270791, 172, 0, 172, 0, 0, 0
18826, 1, 1636470270631, 1636470270803, 172, 0, 172, 0, 0, 0
18827, 1, 1636470270847, 1636470271019, 172, 0, 172, 0, 0, 0
18828, 1, 1636470270903, 1636470271079, 176, 0, 176, 0, 0, 0
18829, 1, 1636470270995, 1636470271171, 176, 0, 176, 0, 0, 0
18830, 1, 1636470271059, 1636470271231, 172, 0, 172, 0, 0, 0
18831, 1, 1636470271263, 1636470271435, 172, 0, 172, 0, 0, 0
18832, 1, 1636470271271, 1636470271447, 176, 0, 176, 0, 0, 0
18833, 1, 1636470271311, 1636470271483, 172, 0, 172, 0, 0, 0
18834, 1, 1636470271527, 1636470271703, 176, 0, 176, 0, 0, 0
18835, 1, 1636470271667, 1636470271839, 172, 0, 172, 0, 0, 0
18836, 1, 1636470271767, 1636470271939, 172, 0, 172, 0, 0, 0
18837, 1, 1636470271939, 1636470272111, 172, 0, 172, 0, 0, 0
18838, 1, 1636470271975, 1636470272147, 172, 0, 172, 0, 0, 0
18839, 1, 1636470272039, 1636470272211, 172, 0, 172, 0, 0, 0
18840, 1, 1636470272135, 1636470272307, 172, 0, 172, 0, 0, 0
18841, 1, 1636470272155, 1636470272327, 172, 0, 172, 0, 0, 0
18842, 1, 1636470272167, 1636470272339, 172, 0, 172, 0, 0, 0
18843, 1, 1636470272311, 1636470272483, 172, 0, 172, 0, 0, 0
18844, 1, 1636470272463, 1636470272635, 172, 0, 172, 0, 0, 0
18845, 1, 1636470272599, 1636470272771, 172, 0, 172, 0, 0, 0
18846, 1, 1636470272683, 1636470272855, 172, 0, 172, 0, 0, 0
18847, 1, 1636470272771, 1636470272943, 172, 0, 172, 0, 0, 0
18848, 1, 1636470272971, 1636470273147, 176, 0, 176, 0, 0, 0
18849, 1, 1636470273119, 1636470273291, 172, 0, 172, 0, 0, 0
18850, 1, 1636470273183, 1636470273355, 172, 0, 172, 0, 0, 0
18851, 1, 1636470273243, 1636470273415, 172, 0, 172, 0, 0, 0
18852, 1, 1636470273323, 1636470273495, 172, 0, 172, 0, 0, 0
18853, 1, 1636470273399, 1636470273571, 172, 0, 172, 0, 0, 0
18854, 1, 1636470273442, 1636470273614, 172, 1, 171, 0, 0, 0
18855, 1, 1636470273790, 1636470273962, 172, 1, 171, 0, 0, 0
18856, 1, 1636470273887, 1636470274059, 172, 0, 172, 0, 0, 0
18857, 1, 1636470273895, 1636470274067, 172, 0, 172, 0, 0, 0
18858, 1, 1636470273919, 1636470274091, 172, 0, 172, 0, 0, 0
18859, 1, 1636470273947, 1636470274119, 172, 0, 172, 0, 0, 0
18860, 1, 1636470274151, 1636470274323, 172, 0, 172, 0, 0, 0
18861, 1, 1636470274187, 1636470274359, 172, 0, 172, 0, 0, 0
18862, 1, 1636470274255, 1636470274427, 172, 0, 172, 0, 0, 0
18863, 1, 1636470274334, 1636470274507, 173, 1, 172, 0, 0, 0
18864, 1, 1636470274435, 1636470274607, 172, 0, 172, 0, 0, 0
18866, 1, 1636470274591, 1636470274763, 172, 0, 172, 0, 0, 0
18865, 1, 1636470274683, 1636470274855, 172, 0, 172, 0, 0, 0
18867, 1, 1636470274743, 1636470274915, 172, 0, 172, 0, 0, 0
18868, 1, 1636470274959, 1636470275131, 172, 0, 172, 0, 0, 0
18869, 1, 1636470275035, 1636470275211, 176, 0, 176, 0, 0, 0
18871, 1, 1636470275231, 1636470275403, 172, 0, 172, 0, 0, 0
18872, 1, 1636470275307, 1636470275479, 172, 0, 172, 0, 0, 0
18873, 1, 1636470275367, 1636470275539, 172, 0, 172, 0, 0, 0
18870, 1, 1636470275387, 1636470275559, 172, 0, 172, 0, 0, 0
18874, 1, 1636470275427, 1636470275599, 172, 0, 172, 0, 0, 0
18875, 1, 1636470275739, 1636470275911, 172, 0, 172, 0, 0, 0
18876, 1, 1636470275819, 1636470275991, 172, 0, 172, 0, 0, 0
18878, 1, 1636470275963, 1636470276135, 172, 0, 172, 0, 0, 0
18879, 1, 1636470276015, 1636470276187, 172, 0, 172, 0, 0, 0
18880, 1, 1636470276043, 1636470276215, 172, 0, 172, 0, 0, 0
18877, 1, 1636470276087, 1636470276259, 172, 0, 172, 0, 0, 0
18881, 1, 1636470276175, 1636470276347, 172, 0, 172, 0, 0, 0
18882, 1, 1636470276303, 1636470276475, 172, 0, 172, 0, 0, 0
18884, 1, 1636470276383, 1636470276555, 172, 0, 172, 0, 0, 0
18883, 1, 1636470276439, 1636470276615, 176, 0, 176, 0, 0, 0
18885, 1, 1636470276495, 1636470276667, 172, 0, 172, 0, 0, 0
18886, 1, 1636470276587, 1636470276759, 172, 0, 172, 0, 0, 0
18887, 1, 1636470276791, 1636470276967, 176, 0, 176, 0, 0, 0
18888, 1, 1636470276863, 1636470277035, 172, 0, 172, 0, 0, 0
18889, 1, 1636470276879, 1636470277055, 176, 0, 176, 0, 0, 0
18890, 1, 1636470277135, 1636470277307, 172, 0, 172, 0, 0, 0
18891, 1, 1636470277135, 1636470277307, 172, 0, 172, 0, 0, 0
18892, 1, 1636470277187, 1636470277363, 176, 0, 176, 0, 0, 0
18893, 1, 1636470277323, 1636470277495, 172, 0, 172, 0, 0, 0
18894, 1, 1636470277331, 1636470277503, 172, 0, 172, 0, 0, 0
18895, 1, 1636470277535, 1636470277707, 172, 0, 172, 0, 0, 0
18896, 1, 1636470277839, 1636470278011, 172, 0, 172, 0, 0, 0
18897, 1, 1636470277891, 1636470278063, 172, 0, 172, 0, 0, 0
18898, 1, 1636470277979, 1636470278151, 172, 0, 172, 0, 0, 0
18899, 1, 1636470278003, 1636470278175, 172, 0, 172, 0, 0, 0
18900, 1, 1636470278083, 1636470278255, 172, 0, 172, 0, 0, 0
18901, 1, 1636470278123, 1636470278295, 172, 0, 172, 0, 0, 0
18902, 1, 1636470278247, 1636470278419, 172, 0, 172, 0, 0, 0
18903, 1, 1636470278259, 1636470278435, 176, 0, 176, 0, 0, 0
18904, 1, 1636470278371, 1636470278543, 172, 0, 172, 0, 0, 0
18905, 1, 1636470278511, 1636470278683, 172, 0, 172, 0, 0, 0
18906, 1, 1636470278519, 1636470278691, 172, 0, 172, 0, 0, 0
18907, 1, 1636470278763, 1636470278935, 172, 0, 172, 0, 0, 0
18908, 1, 1636470278827, 1636470278999, 172, 0, 172, 0, 0, 0
18909, 1, 1636470278947, 1636470279119, 172, 0, 172, 0, 0, 0
18910, 1, 1636470279063, 1636470279235, 172, 0, 172, 0, 0, 0
18911, 1, 1636470279091, 1636470279263, 172, 0, 172, 0, 0, 0
18912, 1, 1636470279151, 1636470279323, 172, 0, 172, 0, 0, 0
18913, 1, 1636470279387, 1636470279559, 172, 0, 172, 0, 0, 0
18914, 1, 1636470279415, 1636470279587, 172, 0, 172, 0, 0, 0
18915, 1, 1636470279487, 1636470279659, 172, 0, 172, 0, 0, 0
18916, 1, 1636470279847, 1636470280019, 172, 0, 172, 0, 0, 0
18917, 1, 1636470279903, 1636470280075, 172, 0, 172, 0, 0, 0
18918, 1, 1636470279911, 1636470280083, 172, 0, 172, 0, 0, 0
18919, 1, 1636470279951, 1636470280123, 172, 0, 172, 0, 0, 0
18920, 1, 1636470280143, 1636470280315, 172, 0, 172, 0, 0, 0
18921, 1, 1636470280163, 1636470280335, 172, 0, 172, 0, 0, 0
18922, 1, 1636470280199, 1636470280371, 172, 0, 172, 0, 0, 0
18923, 1, 1636470280279, 1636470280451, 172, 0, 172, 0, 0, 0
18924, 1, 1636470280327, 1636470280499, 172, 0, 172, 0, 0, 0
18925, 1, 1636470280523, 1636470280699, 176, 0, 176, 0, 0, 0
18926, 1, 1636470280651, 1636470280823, 172, 0, 172, 0, 0, 0
18927, 1, 1636470280691, 1636470280863, 172, 0, 172, 0, 0, 0
18928, 1, 1636470280895, 1636470281067, 172, 0, 172, 0, 0, 0
18929, 1, 1636470280963, 1636470281135, 172, 0, 172, 0, 0, 0
18930, 1, 1636470281163, 1636470281335, 172, 0, 172, 0, 0, 0
18931, 1, 1636470281175, 1636470281347, 172, 0, 172, 0, 0, 0
18932, 1, 1636470281195, 1636470281367, 172, 0, 172, 0, 0, 0
18933, 1, 1636470281387, 1636470281559, 172, 0, 172, 0, 0, 0
18934, 1, 1636470281427, 1636470281603, 176, 0, 176, 0, 0, 0
18935, 1, 1636470281551, 1636470281723, 172, 0, 172, 0, 0, 0
18936, 1, 1636470281819, 1636470281999, 180, 0, 180, 0, 0, 0
18937, 1, 1636470281863, 1636470282035, 172, 0, 172, 0, 0, 0
18938, 1, 1636470281967, 1636470282139, 172, 0, 172, 0, 0, 0
18939, 1, 1636470281991, 1636470282163, 172, 0, 172, 0, 0, 0
18940, 1, 1636470282187, 1636470282359, 172, 0, 172, 0, 0, 0
18942, 1, 1636470282255, 1636470282431, 176, 0, 176, 0, 0, 0
18941, 1, 1636470282255, 1636470282435, 180, 0, 180, 0, 0, 0
18943, 1, 1636470282271, 1636470282443, 172, 0, 172, 0, 0, 0
18944, 1, 1636470282415, 1636470282587, 172, 0, 172, 0, 0, 0
18945, 1, 1636470282499, 1636470282671, 172, 0, 172, 0, 0, 0
18946, 1, 1636470282559, 1636470282731, 172, 0, 172, 0, 0, 0
18947, 1, 1636470282755, 1636470282927, 172, 0, 172, 0, 0, 0
18948, 1, 1636470282823, 1636470282995, 172, 0, 172, 0, 0, 0
18949, 1, 1636470283019, 1636470283191, 172, 0, 172, 0, 0, 0
18950, 1, 1636470283107, 1636470283279, 172, 0, 172, 0, 0, 0
18951, 1, 1636470283135, 1636470283307, 172, 0, 172, 0, 0, 0
18952, 1, 1636470283187, 1636470283359, 172, 0, 172, 0, 0, 0
18953, 1, 1636470283447, 1636470283618, 171, 0, 171, 0, 0, 0
18955, 1, 1636470283483, 1636470283655, 172, 0, 172, 0, 0, 0
18954, 1, 1636470283483, 1636470283655, 172, 0, 172, 0, 0, 0
18956, 1, 1636470283695, 1636470283867, 172, 0, 172, 0, 0, 0
18957, 1, 1636470283851, 1636470284027, 176, 0, 176, 0, 0, 0
18958, 1, 1636470283879, 1636470284055, 176, 0, 176, 0, 0, 0
18959, 1, 1636470284007, 1636470284179, 172, 0, 172, 0, 0, 0
18960, 1, 1636470284187, 1636470284359, 172, 0, 172, 0, 0, 0
18961, 1, 1636470284195, 1636470284371, 176, 0, 176, 0, 0, 0
18962, 1, 1636470284295, 1636470284467, 172, 0, 172, 0, 0, 0
18963, 1, 1636470284319, 1636470284491, 172, 0, 172, 0, 0, 0
18964, 1, 1636470284423, 1636470284595, 172, 0, 172, 0, 0, 0
18965, 1, 1636470284427, 1636470284603, 176, 0, 176, 0, 0, 0
18966, 1, 1636470284547, 1636470284719, 172, 0, 172, 0, 0, 0
18967, 1, 1636470284667, 1636470284839, 172, 0, 172, 0, 0, 0
18968, 1, 1636470284887, 1636470285063, 176, 0, 176, 0, 0, 0
18969, 1, 1636470284955, 1636470285127, 172, 0, 172, 0, 0, 0
18970, 1, 1636470285007, 1636470285179, 172, 0, 172, 0, 0, 0
18971, 1, 1636470285063, 1636470285235, 172, 0, 172, 0, 0, 0
18972, 1, 1636470285243, 1636470285415, 172, 0, 172, 0, 0, 0
18973, 1, 1636470285358, 1636470285531, 173, 1, 172, 0, 0, 0
18974, 1, 1636470285415, 1636470285587, 172, 0, 172, 0, 0, 0
18975, 1, 1636470285551, 1636470285723, 172, 0, 172, 0, 0, 0
18976, 1, 1636470285607, 1636470285783, 176, 0, 176, 0, 0, 0
18977, 1, 1636470285779, 1636470285951, 172, 0, 172, 0, 0, 0
18978, 1, 1636470285867, 1636470286039, 172, 0, 172, 0, 0, 0
18979, 1, 1636470286071, 1636470286243, 172, 0, 172, 0, 0, 0
18980, 1, 1636470286123, 1636470286295, 172, 0, 172, 0, 0, 0
18981, 1, 1636470286227, 1636470286399, 172, 0, 172, 0, 0, 0
18982, 1, 1636470286231, 1636470286403, 172, 0, 172, 0, 0, 0
18983, 1, 1636470286259, 1636470286431, 172, 0, 172, 0, 0, 0
18984, 1, 1636470286407, 1636470286579, 172, 0, 172, 0, 0, 0
18985, 1, 1636470286547, 1636470286719, 172, 0, 172, 0, 0, 0
18986, 1, 1636470286571, 1636470286743, 172, 0, 172, 0, 0, 0
18987, 1, 1636470286627, 1636470286799, 172, 0, 172, 0, 0, 0
18988, 1, 1636470286799, 1636470286971, 172, 0, 172, 0, 0, 0
18989, 1, 1636470286923, 1636470287095, 172, 0, 172, 0, 0, 0
18990, 1, 1636470286975, 1636470287147, 172, 0, 172, 0, 0, 0
18991, 1, 1636470287027, 1636470287199, 172, 0, 172, 0, 0, 0
18992, 1, 1636470287127, 1636470287299, 172, 0, 172, 0, 0, 0
18993, 1, 1636470287259, 1636470287431, 172, 0, 172, 0, 0, 0
18994, 1, 1636470287299, 1636470287471, 172, 0, 172, 0, 0, 0
18995, 1, 1636470287455, 1636470287627, 172, 0, 172, 0, 0, 0
18996, 1, 1636470287555, 1636470287727, 172, 0, 172, 0, 0, 0
18997, 1, 1636470287859, 1636470288035, 176, 0, 176, 0, 0, 0
18998, 1, 1636470287899, 1636470288071, 172, 0, 172, 0, 0, 0
19000, 1, 1636470288059, 1636470288231, 172, 0, 172, 0, 0, 0
19001, 1, 1636470288111, 1636470288283, 172, 0, 172, 0, 0, 0
19002, 1, 1636470288131, 1636470288303, 172, 0, 172, 0, 0, 0
19003, 1, 1636470288139, 1636470288311, 172, 0, 172, 0, 0, 0
18999, 1, 1636470288247, 1636470288419, 172, 0, 172, 0, 0, 0
19005, 1, 1636470288475, 1636470288647, 172, 0, 172, 0, 0, 0
19006, 1, 1636470288587, 1636470288759, 172, 0, 172, 0, 0, 0
19004, 1, 1636470288599, 1636470288771, 172, 0, 172, 0, 0, 0
19008, 1, 1636470288791, 1636470288963, 172, 0, 172, 0, 0, 0
19011, 1, 1636470289011, 1636470289183, 172, 0, 172, 0, 0, 0
19014, 1, 1636470289279, 1636470289451, 172, 0, 172, 0, 0, 0
19015, 1, 1636470289359, 1636470289531, 172, 0, 172, 0, 0, 0
19016, 1, 1636470289687, 1636470289859, 172, 0, 172, 0, 0, 0
19017, 1, 1636470289843, 1636470290015, 172, 0, 172, 0, 0, 0
19019, 1, 1636470289939, 1636470290111, 172, 0, 172, 0, 0, 0
19020, 1, 1636470289979, 1636470290151, 172, 0, 172, 0, 0, 0
19022, 1, 1636470290047, 1636470290219, 172, 0, 172, 0, 0, 0
19023, 1, 1636470290151, 1636470290323, 172, 0, 172, 0, 0, 0
19024, 1, 1636470290339, 1636470290511, 172, 0, 172, 0, 0, 0
19025, 1, 1636470290359, 1636470290535, 176, 0, 176, 0, 0, 0
19027, 1, 1636470290807, 1636470290979, 172, 0, 172, 0, 0, 0
19029, 1, 1636470291215, 1636470291387, 172, 0, 172, 0, 0, 0
19030, 1, 1636470291223, 1636470291395, 172, 0, 172, 0, 0, 0
19031, 1, 1636470291275, 1636470291447, 172, 0, 172, 0, 0, 0
19034, 1, 1636470291375, 1636470291551, 176, 0, 176, 0, 0, 0
19033, 1, 1636470291563, 1636470291735, 172, 0, 172, 0, 0, 0
19035, 1, 1636470291575, 1636470291747, 172, 0, 172, 0, 0, 0
19036, 1, 1636470291703, 1636470291875, 172, 0, 172, 0, 0, 0
19037, 1, 1636470292051, 1636470292227, 176, 0, 176, 0, 0, 0
19039, 1, 1636470292063, 1636470292235, 172, 0, 172, 0, 0, 0
19040, 1, 1636470292107, 1636470292279, 172, 0, 172, 0, 0, 0
19042, 1, 1636470292231, 1636470292403, 172, 0, 172, 0, 0, 0
19044, 1, 1636470292383, 1636470292559, 176, 0, 176, 0, 0, 0
19045, 1, 1636470292403, 1636470292575, 172, 0, 172, 0, 0, 0
19047, 1, 1636470292947, 1636470293119, 172, 0, 172, 0, 0, 0
19048, 1, 1636470293051, 1636470293223, 172, 0, 172, 0, 0, 0
19049, 1, 1636470293091, 1636470293267, 176, 0, 176, 0, 0, 0
19050, 1, 1636470293175, 1636470293347, 172, 0, 172, 0, 0, 0
19051, 1, 1636470293283, 1636470293455, 172, 0, 172, 0, 0, 0
19052, 1, 1636470293399, 1636470293571, 172, 0, 172, 0, 0, 0
19054, 1, 1636470293551, 1636470293723, 172, 0, 172, 0, 0, 0
19055, 1, 1636470293639, 1636470293811, 172, 0, 172, 0, 0, 0
19056, 1, 1636470293647, 1636470293819, 172, 0, 172, 0, 0, 0
19057, 1, 1636470293767, 1636470293939, 172, 0, 172, 0, 0, 0
19058, 1, 1636470294051, 1636470294223, 172, 0, 172, 0, 0, 0
19060, 1, 1636470294135, 1636470294311, 176, 0, 176, 0, 0, 0
19061, 1, 1636470294215, 1636470294387, 172, 0, 172, 0, 0, 0
19062, 1, 1636470294227, 1636470294403, 176, 0, 176, 0, 0, 0
19063, 1, 1636470294343, 1636470294515, 172, 0, 172, 0, 0, 0
19064, 1, 1636470294515, 1636470294687, 172, 0, 172, 0, 0, 0
19065, 1, 1636470294659, 1636470294831, 172, 0, 172, 0, 0, 0
19066, 1, 1636470294791, 1636470294967, 176, 0, 176, 0, 0, 0
19068, 1, 1636470295059, 1636470295231, 172, 0, 172, 0, 0, 0
19069, 1, 1636470295199, 1636470295371, 172, 0, 172, 0, 0, 0
19071, 1, 1636470295231, 1636470295403, 172, 0, 172, 0, 0, 0
19072, 1, 1636470295235, 1636470295407, 172, 0, 172, 0, 0, 0
19073, 1, 1636470295479, 1636470295651, 172, 0, 172, 0, 0, 0
19074, 1, 1636470295571, 1636470295747, 176, 0, 176, 0, 0, 0
19075, 1, 1636470295603, 1636470295775, 172, 0, 172, 0, 0, 0
19076, 1, 1636470295739, 1636470295915, 176, 0, 176, 0, 0, 0
19078, 1, 1636470296027, 1636470296199, 172, 0, 172, 0, 0, 0
19080, 1, 1636470296159, 1636470296331, 172, 0, 172, 0, 0, 0
19081, 1, 1636470296171, 1636470296343, 172, 0, 172, 0, 0, 0
19082, 1, 1636470296351, 1636470296523, 172, 0, 172, 0, 0, 0
19084, 1, 1636470296395, 1636470296567, 172, 0, 172, 0, 0, 0
19083, 1, 1636470296423, 1636470296595, 172, 0, 172, 0, 0, 0
19085, 1, 1636470296615, 1636470296787, 172, 0, 172, 0, 0, 0
19087, 1, 1636470296971, 1636470297143, 172, 0, 172, 0, 0, 0
19088, 1, 1636470297039, 1636470297211, 172, 0, 172, 0, 0, 0
19089, 1, 1636470297111, 1636470297283, 172, 0, 172, 0, 0, 0
19091, 1, 1636470297295, 1636470297471, 176, 0, 176, 0, 0, 0
19090, 1, 1636470297327, 1636470297499, 172, 0, 172, 0, 0, 0
19093, 1, 1636470297511, 1636470297683, 172, 0, 172, 0, 0, 0
19095, 1, 1636470297591, 1636470297763, 172, 0, 172, 0, 0, 0
19096, 1, 1636470297651, 1636470297823, 172, 0, 172, 0, 0, 0
19094, 1, 1636470297675, 1636470297847, 172, 0, 172, 0, 0, 0
19097, 1, 1636470297935, 1636470298107, 172, 0, 172, 0, 0, 0
19098, 1, 1636470298067, 1636470298239, 172, 0, 172, 0, 0, 0
19099, 1, 1636470298179, 1636470298351, 172, 0, 172, 0, 0, 0
19100, 1, 1636470298227, 1636470298399, 172, 0, 172, 0, 0, 0
19101, 1, 1636470298267, 1636470298439, 172, 0, 172, 0, 0, 0
19103, 1, 1636470298303, 1636470298475, 172, 0, 172, 0, 0, 0
19104, 1, 1636470298415, 1636470298587, 172, 0, 172, 0, 0, 0
19105, 1, 1636470298667, 1636470298839, 172, 0, 172, 0, 0, 0
19106, 1, 1636470298955, 1636470299131, 176, 0, 176, 0, 0, 0
19108, 1, 1636470299063, 1636470299235, 172, 0, 172, 0, 0, 0
19109, 1, 1636470299191, 1636470299363, 172, 0, 172, 0, 0, 0
19110, 1, 1636470299203, 1636470299379, 176, 0, 176, 0, 0, 0
19111, 1, 1636470299287, 1636470299463, 176, 0, 176, 0, 0, 0
19114, 1, 1636470299587, 1636470299759, 172, 0, 172, 0, 0, 0
19113, 1, 1636470299639, 1636470299811, 172, 0, 172, 0, 0, 0
19115, 1, 1636470299643, 1636470299815, 172, 0, 172, 0, 0, 0
19116, 1, 1636470299751, 1636470299927, 176, 0, 176, 0, 0, 0
19117, 1, 1636470299863, 1636470300035, 172, 0, 172, 0, 0, 0
19118, 1, 1636470299883, 1636470300059, 176, 0, 176, 0, 0, 0
19119, 1, 1636470300139, 1636470300311, 172, 0, 172, 0, 0, 0
19121, 1, 1636470300303, 1636470300475, 172, 0, 172, 0, 0, 0
19122, 1, 1636470300331, 1636470300503, 172, 0, 172, 0, 0, 0
19123, 1, 1636470300375, 1636470300547, 172, 0, 172, 0, 0, 0
19124, 1, 1636470300575, 1636470300747, 172, 0, 172, 0, 0, 0
19125, 1, 1636470300631, 1636470300807, 176, 0, 176, 0, 0, 0
19126, 1, 1636470301019, 1636470301191, 172, 0, 172, 0, 0, 0
19127, 1, 1636470301071, 1636470301243, 172, 0, 172, 0, 0, 0
19128, 1, 1636470301211, 1636470301383, 172, 0, 172, 0, 0, 0
19130, 1, 1636470301307, 1636470301479, 172, 0, 172, 0, 0, 0
19129, 1, 1636470301315, 1636470301487, 172, 0, 172, 0, 0, 0
19131, 1, 1636470301323, 1636470301495, 172, 0, 172, 0, 0, 0
19120, 1, 1636470301603, 1636470301775, 172, 0, 172, 0, 0, 0
19133, 1, 1636470301639, 1636470301811, 172, 0, 172, 0, 0, 0
19132, 1, 1636470301671, 1636470301843, 172, 0, 172, 0, 0, 0
19134, 1, 1636470301695, 1636470301867, 172, 0, 172, 0, 0, 0
19135, 1, 1636470301711, 1636470301883, 172, 0, 172, 0, 0, 0
19137, 1, 1636470301863, 1636470302035, 172, 0, 172, 0, 0, 0
19136, 1, 1636470301867, 1636470302043, 176, 0, 176, 0, 0, 0
19138, 1, 1636470301971, 1636470302143, 172, 0, 172, 0, 0, 0
19139, 1, 1636470302147, 1636470302319, 172, 0, 172, 0, 0, 0
19140, 1, 1636470302259, 1636470302431, 172, 0, 172, 0, 0, 0
19141, 1, 1636470302295, 1636470302467, 172, 0, 172, 0, 0, 0
19142, 1, 1636470302431, 1636470302603, 172, 0, 172, 0, 0, 0
19143, 1, 1636470302435, 1636470302607, 172, 0, 172, 0, 0, 0
19144, 1, 1636470302587, 1636470302759, 172, 0, 172, 0, 0, 0
19145, 1, 1636470302651, 1636470302823, 172, 0, 172, 0, 0, 0
19146, 1, 1636470303023, 1636470303195, 172, 0, 172, 0, 0, 0
19147, 1, 1636470303075, 1636470303247, 172, 0, 172, 0, 0, 0
19148, 1, 1636470303223, 1636470303395, 172, 0, 172, 0, 0, 0
19149, 1, 1636470303279, 1636470303451, 172, 0, 172, 0, 0, 0
19150, 1, 1636470303295, 1636470303467, 172, 0, 172, 0, 0, 0
19151, 1, 1636470303319, 1636470303491, 172, 0, 172, 0, 0, 0
19153, 1, 1636470303547, 1636470303719, 172, 0, 172, 0, 0, 0
19152, 1, 1636470303567, 1636470303743, 176, 0, 176, 0, 0, 0
19154, 1, 1636470303623, 1636470303799, 176, 0, 176, 0, 0, 0
19155, 1, 1636470303735, 1636470303907, 172, 0, 172, 0, 0, 0
19156, 1, 1636470303763, 1636470303935, 172, 0, 172, 0, 0, 0
19157, 1, 1636470303847, 1636470304019, 172, 0, 172, 0, 0, 0
19158, 1, 1636470303927, 1636470304099, 172, 0, 172, 0, 0, 0
19159, 1, 1636470304155, 1636470304327, 172, 0, 172, 0, 0, 0
19160, 1, 1636470304211, 1636470304383, 172, 0, 172, 0, 0, 0
19161, 1, 1636470304299, 1636470304471, 172, 0, 172, 0, 0, 0
19162, 1, 1636470304331, 1636470304503, 172, 0, 172, 0, 0, 0
19163, 1, 1636470304355, 1636470304527, 172, 0, 172, 0, 0, 0
19164, 1, 1636470304643, 1636470304815, 172, 0, 172, 0, 0, 0
19165, 1, 1636470304663, 1636470304835, 172, 0, 172, 0, 0, 0
19166, 1, 1636470304887, 1636470305059, 172, 0, 172, 0, 0, 0
19167, 1, 1636470304979, 1636470305151, 172, 0, 172, 0, 0, 0
19168, 1, 1636470305215, 1636470305387, 172, 0, 172, 0, 0, 0
19169, 1, 1636470305243, 1636470305415, 172, 0, 172, 0, 0, 0
19170, 1, 1636470305251, 1636470305423, 172, 0, 172, 0, 0, 0
19171, 1, 1636470305347, 1636470305519, 172, 0, 172, 0, 0, 0
19172, 1, 1636470305487, 1636470305659, 172, 0, 172, 0, 0, 0
19174, 1, 1636470305579, 1636470305751, 172, 0, 172, 0, 0, 0
19173, 1, 1636470305599, 1636470305771, 172, 0, 172, 0, 0, 0
19176, 1, 1636470305659, 1636470305831, 172, 0, 172, 0, 0, 0
19175, 1, 1636470305659, 1636470305835, 176, 0, 176, 0, 0, 0
19177, 1, 1636470305851, 1636470306027, 176, 0, 176, 0, 0, 0
19178, 1, 1636470305903, 1636470306075, 172, 0, 172, 0, 0, 0
19179, 1, 1636470306139, 1636470306315, 176, 0, 176, 0, 0, 0
19180, 1, 1636470306175, 1636470306351, 176, 0, 176, 0, 0, 0
19181, 1, 1636470306223, 1636470306395, 172, 0, 172, 0, 0, 0
19182, 1, 1636470306351, 1636470306523, 172, 0, 172, 0, 0, 0
19183, 1, 1636470306363, 1636470306535, 172, 0, 172, 0, 0, 0
19184, 1, 1636470306551, 1636470306723, 172, 0, 172, 0, 0, 0
19185, 1, 1636470306591, 1636470306763, 172, 0, 172, 0, 0, 0
19186, 1, 1636470306971, 1636470307143, 172, 0, 172, 0, 0, 0
19187, 1, 1636470307059, 1636470307231, 172, 0, 172, 0, 0, 0
19188, 1, 1636470307175, 1636470307347, 172, 0, 172, 0, 0, 0
19189, 1, 1636470307251, 1636470307423, 172, 0, 172, 0, 0, 0
19190, 1, 1636470307307, 1636470307479, 172, 0, 172, 0, 0, 0
19191, 1, 1636470307355, 1636470307531, 176, 0, 176, 0, 0, 0
19192, 1, 1636470307527, 1636470307699, 172, 0, 172, 0, 0, 0
19194, 1, 1636470307675, 1636470307847, 172, 0, 172, 0, 0, 0
19193, 1, 1636470307707, 1636470307879, 172, 0, 172, 0, 0, 0
19195, 1, 1636470307743, 1636470307915, 172, 0, 172, 0, 0, 0
19196, 1, 1636470307779, 1636470307951, 172, 0, 172, 0, 0, 0
19197, 1, 1636470307807, 1636470307979, 172, 0, 172, 0, 0, 0
19198, 1, 1636470307883, 1636470308055, 172, 0, 172, 0, 0, 0
19199, 1, 1636470308007, 1636470308179, 172, 0, 172, 0, 0, 0
19200, 1, 1636470308219, 1636470308391, 172, 0, 172, 0, 0, 0
19201, 1, 1636470308255, 1636470308427, 172, 0, 172, 0, 0, 0
19202, 1, 1636470308319, 1636470308491, 172, 0, 172, 0, 0, 0
19203, 1, 1636470308419, 1636470308591, 172, 0, 172, 0, 0, 0
19204, 1, 1636470308451, 1636470308623, 172, 0, 172, 0, 0, 0
19205, 1, 1636470308631, 1636470308803, 172, 0, 172, 0, 0, 0
19206, 1, 1636470308895, 1636470309067, 172, 0, 172, 0, 0, 0
19207, 1, 1636470309071, 1636470309243, 172, 0, 172, 0, 0, 0
19208, 1, 1636470309267, 1636470309439, 172, 0, 172, 0, 0, 0
19209, 1, 1636470309279, 1636470309451, 172, 0, 172, 0, 0, 0
19210, 1, 1636470309331, 1636470309503, 172, 0, 172, 0, 0, 0
19211, 1, 1636470309431, 1636470309603, 172, 0, 172, 0, 0, 0
19212, 1, 1636470309483, 1636470309655, 172, 0, 172, 0, 0, 0
19213, 1, 1636470309627, 1636470309799, 172, 0, 172, 0, 0, 0
19214, 1, 1636470309735, 1636470309907, 172, 0, 172, 0, 0, 0
19215, 1, 1636470309783, 1636470309955, 172, 0, 172, 0, 0, 0
19216, 1, 1636470309803, 1636470309975, 172, 0, 172, 0, 0, 0
19217, 1, 1636470309847, 1636470310019, 172, 0, 172, 0, 0, 0
19218, 1, 1636470309887, 1636470310059, 172, 0, 172, 0, 0, 0
19219, 1, 1636470310099, 1636470310271, 172, 0, 172, 0, 0, 0
19220, 1, 1636470310115, 1636470310287, 172, 0, 172, 0, 0, 0
19221, 1, 1636470310335, 1636470310507, 172, 0, 172, 0, 0, 0
19222, 1, 1636470310347, 1636470310519, 172, 0, 172, 0, 0, 0
19223, 1, 1636470310443, 1636470310615, 172, 0, 172, 0, 0, 0
19224, 1, 1636470310543, 1636470310715, 172, 0, 172, 0, 0, 0
19225, 1, 1636470310735, 1636470310907, 172, 0, 172, 0, 0, 0
19226, 1, 1636470310823, 1636470310995, 172, 0, 172, 0, 0, 0
19227, 1, 1636470310995, 1636470311167, 172, 0, 172, 0, 0, 0
19228, 1, 1636470311143, 1636470311315, 172, 0, 172, 0, 0, 0
19229, 1, 1636470311399, 1636470311571, 172, 0, 172, 0, 0, 0
19230, 1, 1636470311431, 1636470311603, 172, 0, 172, 0, 0, 0
19231, 1, 1636470311439, 1636470311611, 172, 0, 172, 0, 0, 0
19232, 1, 1636470311511, 1636470311683, 172, 0, 172, 0, 0, 0
19233, 1, 1636470311543, 1636470311715, 172, 0, 172, 0, 0, 0
19234, 1, 1636470311599, 1636470311771, 172, 0, 172, 0, 0, 0
19235, 1, 1636470311711, 1636470311883, 172, 0, 172, 0, 0, 0
19236, 1, 1636470311767, 1636470311939, 172, 0, 172, 0, 0, 0
19237, 1, 1636470311803, 1636470311975, 172, 0, 172, 0, 0, 0
19238, 1, 1636470311999, 1636470312171, 172, 0, 172, 0, 0, 0
19239, 1, 1636470312123, 1636470312295, 172, 0, 172, 0, 0, 0
19240, 1, 1636470312147, 1636470312319, 172, 0, 172, 0, 0, 0
19241, 1, 1636470312211, 1636470312383, 172, 0, 172, 0, 0, 0
19242, 1, 1636470312439, 1636470312611, 172, 0, 172, 0, 0, 0
19243, 1, 1636470312447, 1636470312619, 172, 0, 172, 0, 0, 0
19244, 1, 1636470312675, 1636470312847, 172, 0, 172, 0, 0, 0
19245, 1, 1636470312719, 1636470312891, 172, 0, 172, 0, 0, 0
19246, 1, 1636470312859, 1636470313031, 172, 0, 172, 0, 0, 0
19247, 1, 1636470312871, 1636470313043, 172, 0, 172, 0, 0, 0
19248, 1, 1636470313235, 1636470313407, 172, 0, 172, 0, 0, 0
19249, 1, 1636470313363, 1636470313535, 172, 0, 172, 0, 0, 0
19250, 1, 1636470313375, 1636470313547, 172, 0, 172, 0, 0, 0
19251, 1, 1636470313399, 1636470313571, 172, 0, 172, 0, 0, 0
19252, 1, 1636470313435, 1636470313607, 172, 0, 172, 0, 0, 0
19253, 1, 1636470313631, 1636470313803, 172, 0, 172, 0, 0, 0
19254, 1, 1636470313635, 1636470313807, 172, 0, 172, 0, 0, 0
19255, 1, 1636470313727, 1636470313899, 172, 0, 172, 0, 0, 0
19256, 1, 1636470313743, 1636470313915, 172, 0, 172, 0, 0, 0
19257, 1, 1636470313751, 1636470313923, 172, 0, 172, 0, 0, 0
19258, 1, 1636470313923, 1636470314095, 172, 0, 172, 0, 0, 0
19259, 1, 1636470314043, 1636470314215, 172, 0, 172, 0, 0, 0
19260, 1, 1636470314123, 1636470314295, 172, 0, 172, 0, 0, 0
19261, 1, 1636470314299, 1636470314471, 172, 0, 172, 0, 0, 0
19262, 1, 1636470314367, 1636470314539, 172, 0, 172, 0, 0, 0
19263, 1, 1636470314379, 1636470314551, 172, 0, 172, 0, 0, 0
19264, 1, 1636470314655, 1636470314831, 176, 0, 176, 0, 0, 0
19265, 1, 1636470314671, 1636470314843, 172, 0, 172, 0, 0, 0
19266, 1, 1636470314951, 1636470315123, 172, 0, 172, 0, 0, 0
19267, 1, 1636470314959, 1636470315131, 172, 0, 172, 0, 0, 0
19268, 1, 1636470315227, 1636470315399, 172, 0, 172, 0, 0, 0
19269, 1, 1636470315263, 1636470315435, 172, 0, 172, 0, 0, 0
19270, 1, 1636470315319, 1636470315491, 172, 0, 172, 0, 0, 0
19271, 1, 1636470315323, 1636470315499, 176, 0, 176, 0, 0, 0
19272, 1, 1636470315339, 1636470315511, 172, 0, 172, 0, 0, 0
19273, 1, 1636470315643, 1636470315815, 172, 0, 172, 0, 0, 0
19274, 1, 1636470315655, 1636470315827, 172, 0, 172, 0, 0, 0
19275, 1, 1636470315691, 1636470315863, 172, 0, 172, 0, 0, 0
19276, 1, 1636470315759, 1636470315931, 172, 0, 172, 0, 0, 0
19277, 1, 1636470315779, 1636470315951, 172, 0, 172, 0, 0, 0
19278, 1, 1636470315783, 1636470315955, 172, 0, 172, 0, 0, 0
19279, 1, 1636470315927, 1636470316099, 172, 0, 172, 0, 0, 0
19280, 1, 1636470316067, 1636470316239, 172, 0, 172, 0, 0, 0
19281, 1, 1636470316299, 1636470316471, 172, 0, 172, 0, 0, 0
19282, 1, 1636470316327, 1636470316499, 172, 0, 172, 0, 0, 0
19283, 1, 1636470316427, 1636470316599, 172, 0, 172, 0, 0, 0
19284, 1, 1636470316615, 1636470316791, 176, 0, 176, 0, 0, 0
19285, 1, 1636470316747, 1636470316919, 172, 0, 172, 0, 0, 0
19286, 1, 1636470316975, 1636470317147, 172, 0, 172, 0, 0, 0
19287, 1, 1636470317079, 1636470317251, 172, 0, 172, 0, 0, 0
19288, 1, 1636470317219, 1636470317391, 172, 0, 172, 0, 0, 0
19289, 1, 1636470317259, 1636470317435, 176, 0, 176, 0, 0, 0
19290, 1, 1636470317287, 1636470317459, 172, 0, 172, 0, 0, 0
19291, 1, 1636470317319, 1636470317491, 172, 0, 172, 0, 0, 0
19292, 1, 1636470317427, 1636470317599, 172, 0, 172, 0, 0, 0
19293, 1, 1636470317587, 1636470317759, 172, 0, 172, 0, 0, 0
19294, 1, 1636470317631, 1636470317803, 172, 0, 172, 0, 0, 0
19295, 1, 1636470317631, 1636470317803, 172, 0, 172, 0, 0, 0
19296, 1, 1636470317775, 1636470317947, 172, 0, 172, 0, 0, 0
19297, 1, 1636470317795, 1636470317967, 172, 0, 172, 0, 0, 0
19298, 1, 1636470317907, 1636470318079, 172, 0, 172, 0, 0, 0
19299, 1, 1636470318015, 1636470318187, 172, 0, 172, 0, 0, 0
19300, 1, 1636470318035, 1636470318207, 172, 0, 172, 0, 0, 0
19301, 1, 1636470318223, 1636470318395, 172, 0, 172, 0, 0, 0
19302, 1, 1636470318311, 1636470318483, 172, 0, 172, 0, 0, 0
19303, 1, 1636470318427, 1636470318599, 172, 0, 172, 0, 0, 0
19304, 1, 1636470318563, 1636470318735, 172, 0, 172, 0, 0, 0
19305, 1, 1636470318847, 1636470319023, 176, 0, 176, 0, 0, 0
19306, 1, 1636470318875, 1636470319047, 172, 0, 172, 0, 0, 0
19307, 1, 1636470319091, 1636470319263, 172, 0, 172, 0, 0, 0
19308, 1, 1636470319203, 1636470319375, 172, 0, 172, 0, 0, 0
19309, 1, 1636470319203, 1636470319375, 172, 0, 172, 0, 0, 0
19310, 1, 1636470319211, 1636470319383, 172, 0, 172, 0, 0, 0
19311, 1, 1636470319447, 1636470319619, 172, 0, 172, 0, 0, 0
19312, 1, 1636470319447, 1636470319619, 172, 0, 172, 0, 0, 0
19314, 1, 1636470319578, 1636470319751, 173, 1, 172, 0, 0, 0
19313, 1, 1636470319582, 1636470319755, 173, 1, 172, 0, 1, 1
19315, 1, 1636470319683, 1636470319855, 172, 0, 172, 0, 0, 0
19316, 1, 1636470319771, 1636470319943, 172, 0, 172, 0, 0, 0
19317, 1, 1636470319911, 1636470320083, 172, 0, 172, 0, 0, 0
19318, 1, 1636470319919, 1636470320091, 172, 0, 172, 0, 0, 0
19319, 1, 1636470320015, 1636470320187, 172, 0, 172, 0, 0, 0
19320, 1, 1636470320055, 1636470320227, 172, 0, 172, 0, 0, 0
19321, 1, 1636470320147, 1636470320323, 176, 0, 176, 0, 0, 0
19322, 1, 1636470320371, 1636470320543, 172, 0, 172, 0, 0, 0
19323, 1, 1636470320439, 1636470320611, 172, 0, 172, 0, 0, 0
19324, 1, 1636470320459, 1636470320631, 172, 0, 172, 0, 0, 0
19325, 1, 1636470320791, 1636470320963, 172, 0, 172, 0, 0, 0
19326, 1, 1636470320875, 1636470321047, 172, 0, 172, 0, 0, 0
19327, 1, 1636470321131, 1636470321303, 172, 0, 172, 0, 0, 0
19328, 1, 1636470321147, 1636470321319, 172, 0, 172, 0, 0, 0
19329, 1, 1636470321155, 1636470321327, 172, 0, 172, 0, 0, 0
19330, 1, 1636470321191, 1636470321363, 172, 0, 172, 0, 0, 0
19331, 1, 1636470321447, 1636470321623, 176, 0, 176, 0, 0, 0
19332, 1, 1636470321523, 1636470321695, 172, 0, 172, 0, 0, 0
19333, 1, 1636470321531, 1636470321703, 172, 0, 172, 0, 0, 0
19334, 1, 1636470321575, 1636470321747, 172, 0, 172, 0, 0, 0
19335, 1, 1636470321715, 1636470321887, 172, 0, 172, 0, 0, 0
19336, 1, 1636470321715, 1636470321887, 172, 0, 172, 0, 0, 0
19337, 1, 1636470321907, 1636470322079, 172, 0, 172, 0, 0, 0
19338, 1, 1636470321919, 1636470322095, 176, 0, 176, 0, 0, 0
19339, 1, 1636470322071, 1636470322243, 172, 0, 172, 0, 0, 0
19340, 1, 1636470322075, 1636470322247, 172, 0, 172, 0, 0, 0
19341, 1, 1636470322183, 1636470322355, 172, 0, 172, 0, 0, 0
19342, 1, 1636470322323, 1636470322495, 172, 0, 172, 0, 0, 0
19343, 1, 1636470322439, 1636470322611, 172, 0, 172, 0, 0, 0
19344, 1, 1636470322447, 1636470322623, 176, 0, 176, 0, 0, 0
19345, 1, 1636470322779, 1636470322951, 172, 0, 172, 0, 0, 0
19346, 1, 1636470322815, 1636470322987, 172, 0, 172, 0, 0, 0
19347, 1, 1636470323051, 1636470323223, 172, 0, 172, 0, 0, 0
19348, 1, 1636470323135, 1636470323311, 176, 0, 176, 0, 0, 0
19349, 1, 1636470323147, 1636470323319, 172, 0, 172, 0, 0, 0
19350, 1, 1636470323251, 1636470323423, 172, 0, 172, 0, 0, 0
19351, 1, 1636470323391, 1636470323563, 172, 0, 172, 0, 0, 0
19352, 1, 1636470323419, 1636470323591, 172, 0, 172, 0, 0, 0
19353, 1, 1636470323439, 1636470323611, 172, 0, 172, 0, 0, 0
19354, 1, 1636470323539, 1636470323711, 172, 0, 172, 0, 0, 0
19355, 1, 1636470323663, 1636470323835, 172, 0, 172, 0, 0, 0
19356, 1, 1636470323827, 1636470323999, 172, 0, 172, 0, 0, 0
19357, 1, 1636470323831, 1636470324003, 172, 0, 172, 0, 0, 0
19358, 1, 1636470323863, 1636470324035, 172, 0, 172, 0, 0, 0
19359, 1, 1636470324079, 1636470324255, 176, 0, 176, 0, 0, 0
19360, 1, 1636470324095, 1636470324271, 176, 0, 176, 0, 0, 0
19361, 1, 1636470324179, 1636470324351, 172, 0, 172, 0, 0, 0
19362, 1, 1636470324211, 1636470324383, 172, 0, 172, 0, 0, 0
19363, 1, 1636470324375, 1636470324547, 172, 0, 172, 0, 0, 0
19364, 1, 1636470324383, 1636470324559, 176, 0, 176, 0, 0, 0
19365, 1, 1636470324695, 1636470324867, 172, 0, 172, 0, 0, 0
19366, 1, 1636470324807, 1636470324979, 172, 0, 172, 0, 0, 0
19367, 1, 1636470324927, 1636470325099, 172, 0, 172, 0, 0, 0
19368, 1, 1636470325123, 1636470325295, 172, 0, 172, 0, 0, 0
19369, 1, 1636470325143, 1636470325315, 172, 0, 172, 0, 0, 0
19370, 1, 1636470325291, 1636470325463, 172, 0, 172, 0, 0, 0
19371, 1, 1636470325339, 1636470325511, 172, 0, 172, 0, 0, 0
19373, 1, 1636470325407, 1636470325579, 172, 0, 172, 0, 0, 0
19374, 1, 1636470325523, 1636470325695, 172, 0, 172, 0, 0, 0
19375, 1, 1636470325579, 1636470325751, 172, 0, 172, 0, 0, 0
19372, 1, 1636470325687, 1636470325859, 172, 0, 172, 0, 0, 0
19377, 1, 1636470325835, 1636470326007, 172, 0, 172, 0, 0, 0
19378, 1, 1636470325839, 1636470326015, 176, 0, 176, 0, 0, 0
19379, 1, 1636470325955, 1636470326127, 172, 0, 172, 0, 0, 0
19376, 1, 1636470326035, 1636470326207, 172, 0, 172, 0, 0, 0
19381, 1, 1636470326207, 1636470326379, 172, 0, 172, 0, 0, 0
19382, 1, 1636470326219, 1636470326391, 172, 0, 172, 0, 0, 0
19384, 1, 1636470326383, 1636470326555, 172, 0, 172, 0, 0, 0
19380, 1, 1636470326383, 1636470326555, 172, 0, 172, 0, 0, 0
19385, 1, 1636470326623, 1636470326795, 172, 0, 172, 0, 0, 0
19386, 1, 1636470326699, 1636470326871, 172, 0, 172, 0, 0, 0
19383, 1, 1636470326731, 1636470326903, 172, 0, 172, 0, 0, 0
19387, 1, 1636470326851, 1636470327023, 172, 0, 172, 0, 0, 0
19388, 1, 1636470327087, 1636470327259, 172, 0, 172, 0, 0, 0
19389, 1, 1636470327127, 1636470327299, 172, 0, 172, 0, 0, 0
19390, 1, 1636470327231, 1636470327403, 172, 0, 172, 0, 0, 0
19392, 1, 1636470327331, 1636470327503, 172, 0, 172, 0, 0, 0
19391, 1, 1636470327331, 1636470327503, 172, 0, 172, 0, 0, 0
19393, 1, 1636470327471, 1636470327643, 172, 0, 172, 0, 0, 0
19394, 1, 1636470327483, 1636470327655, 172, 0, 172, 0, 0, 0
19395, 1, 1636470327571, 1636470327743, 172, 0, 172, 0, 0, 0
19396, 1, 1636470327803, 1636470327975, 172, 0, 172, 0, 0, 0
19397, 1, 1636470327807, 1636470327979, 172, 0, 172, 0, 0, 0
19398, 1, 1636470327899, 1636470328071, 172, 0, 172, 0, 0, 0
19399, 1, 1636470327919, 1636470328091, 172, 0, 172, 0, 0, 0
19400, 1, 1636470328079, 1636470328251, 172, 0, 172, 0, 0, 0
19401, 1, 1636470328127, 1636470328299, 172, 0, 172, 0, 0, 0
19402, 1, 1636470328255, 1636470328431, 176, 0, 176, 0, 0, 0
19403, 1, 1636470328263, 1636470328435, 172, 0, 172, 0, 0, 0
19404, 1, 1636470328363, 1636470328535, 172, 0, 172, 0, 0, 0
19405, 1, 1636470328547, 1636470328719, 172, 0, 172, 0, 0, 0
19406, 1, 1636470328687, 1636470328859, 172, 0, 172, 0, 0, 0
19407, 1, 1636470328859, 1636470329031, 172, 0, 172, 0, 0, 0
19408, 1, 1636470329043, 1636470329215, 172, 0, 172, 0, 0, 0
19409, 1, 1636470329091, 1636470329263, 172, 0, 172, 0, 0, 0
19410, 1, 1636470329223, 1636470329395, 172, 0, 172, 0, 0, 0
19411, 1, 1636470329339, 1636470329515, 176, 0, 176, 0, 0, 0
19412, 1, 1636470329379, 1636470329551, 172, 0, 172, 0, 0, 0
19413, 1, 1636470329443, 1636470329615, 172, 0, 172, 0, 0, 0
19414, 1, 1636470329495, 1636470329667, 172, 0, 172, 0, 0, 0
19415, 1, 1636470329515, 1636470329687, 172, 0, 172, 0, 0, 0
19416, 1, 1636470329787, 1636470329963, 176, 0, 176, 0, 0, 0
19417, 1, 1636470329795, 1636470329971, 176, 0, 176, 0, 0, 0
19418, 1, 1636470329879, 1636470330051, 172, 0, 172, 0, 0, 0
19419, 1, 1636470330003, 1636470330175, 172, 0, 172, 0, 0, 0
19420, 1, 1636470330131, 1636470330303, 172, 0, 172, 0, 0, 0
19421, 1, 1636470330135, 1636470330307, 172, 0, 172, 0, 0, 0
19422, 1, 1636470330255, 1636470330427, 172, 0, 172, 0, 0, 0
19423, 1, 1636470330303, 1636470330475, 172, 0, 172, 0, 0, 0
19424, 1, 1636470330347, 1636470330523, 176, 0, 176, 0, 0, 0
19425, 1, 1636470330551, 1636470330723, 172, 0, 172, 0, 0, 0
19426, 1, 1636470330611, 1636470330783, 172, 0, 172, 0, 0, 0
19427, 1, 1636470330843, 1636470331015, 172, 0, 172, 0, 0, 0
19428, 1, 1636470331047, 1636470331219, 172, 0, 172, 0, 0, 0
19429, 1, 1636470331067, 1636470331239, 172, 0, 172, 0, 0, 0
19430, 1, 1636470331147, 1636470331319, 172, 0, 172, 0, 0, 0
19431, 1, 1636470331275, 1636470331447, 172, 0, 172, 0, 0, 0
19432, 1, 1636470331323, 1636470331495, 172, 0, 172, 0, 0, 0
19433, 1, 1636470331467, 1636470331639, 172, 0, 172, 0, 0, 0
19435, 1, 1636470331503, 1636470331679, 176, 0, 176, 0, 0, 0
19434, 1, 1636470331503, 1636470331679, 176, 0, 176, 0, 0, 0
19436, 1, 1636470331719, 1636470331891, 172, 0, 172, 0, 0, 0
19437, 1, 1636470331747, 1636470331919, 172, 0, 172, 0, 0, 0
19438, 1, 1636470331903, 1636470332083, 180, 0, 180, 0, 0, 0
19439, 1, 1636470332015, 1636470332187, 172, 0, 172, 0, 0, 0
19441, 1, 1636470332119, 1636470332291, 172, 0, 172, 0, 0, 0
19440, 1, 1636470332115, 1636470332291, 176, 0, 176, 0, 0, 0
19442, 1, 1636470332183, 1636470332359, 176, 0, 176, 0, 0, 0
19443, 1, 1636470332195, 1636470332371, 176, 0, 176, 0, 0, 0
19444, 1, 1636470332303, 1636470332475, 172, 0, 172, 0, 0, 0
19445, 1, 1636470332519, 1636470332691, 172, 0, 172, 0, 0, 0
19446, 1, 1636470332615, 1636470332787, 172, 0, 172, 0, 0, 0
19447, 1, 1636470332827, 1636470333003, 176, 0, 176, 0, 0, 0
19448, 1, 1636470333075, 1636470333247, 172, 0, 172, 0, 0, 0
19449, 1, 1636470333155, 1636470333327, 172, 0, 172, 0, 0, 0
19450, 1, 1636470333175, 1636470333347, 172, 0, 172, 0, 0, 0
19451, 1, 1636470333187, 1636470333363, 176, 0, 176, 0, 0, 0
19452, 1, 1636470333311, 1636470333483, 172, 0, 172, 0, 0, 0
19453, 1, 1636470333487, 1636470333659, 172, 0, 172, 0, 0, 0
19454, 1, 1636470333579, 1636470333751, 172, 0, 172, 0, 0, 0
19455, 1, 1636470333587, 1636470333759, 172, 0, 172, 0, 0, 0
19456, 1, 1636470333727, 1636470333899, 172, 0, 172, 0, 0, 0
19457, 1, 1636470333771, 1636470333943, 172, 0, 172, 0, 0, 0
19458, 1, 1636470333971, 1636470334143, 172, 0, 172, 0, 0, 0
19459, 1, 1636470334099, 1636470334271, 172, 0, 172, 0, 0, 0
19460, 1, 1636470334103, 1636470334279, 176, 0, 176, 0, 0, 0
19461, 1, 1636470334119, 1636470334295, 176, 0, 176, 0, 0, 0
19462, 1, 1636470334187, 1636470334359, 172, 0, 172, 0, 0, 0
19463, 1, 1636470334191, 1636470334363, 172, 0, 172, 0, 0, 0
19464, 1, 1636470334331, 1636470334503, 172, 0, 172, 0, 0, 0
19465, 1, 1636470334483, 1636470334655, 172, 0, 172, 0, 0, 0
19466, 1, 1636470334591, 1636470334763, 172, 0, 172, 0, 0, 0
19467, 1, 1636470334783, 1636470334955, 172, 0, 172, 0, 0, 0
19468, 1, 1636470335099, 1636470335271, 172, 0, 172, 0, 0, 0
19469, 1, 1636470335139, 1636470335311, 172, 0, 172, 0, 0, 0
19471, 1, 1636470335187, 1636470335359, 172, 0, 172, 0, 0, 0
19470, 1, 1636470335187, 1636470335359, 172, 0, 172, 0, 0, 0
19472, 1, 1636470335267, 1636470335439, 172, 0, 172, 0, 0, 0
19473, 1, 1636470335475, 1636470335647, 172, 0, 172, 0, 0, 0
19474, 1, 1636470335587, 1636470335759, 172, 0, 172, 0, 0, 0
19475, 1, 1636470335687, 1636470335859, 172, 0, 172, 0, 0, 0
19476, 1, 1636470335711, 1636470335883, 172, 0, 172, 0, 0, 0
19477, 1, 1636470335827, 1636470335999, 172, 0, 172, 0, 0, 0
19478, 1, 1636470335975, 1636470336147, 172, 0, 172, 0, 0, 0
19479, 1, 1636470336023, 1636470336195, 172, 0, 172, 0, 0, 0
19480, 1, 1636470336059, 1636470336231, 172, 0, 172, 0, 0, 0
19481, 1, 1636470336159, 1636470336331, 172, 0, 172, 0, 0, 0
19482, 1, 1636470336167, 1636470336339, 172, 0, 172, 0, 0, 0
19483, 1, 1636470336195, 1636470336367, 172, 0, 172, 0, 0, 0
19484, 1, 1636470336439, 1636470336615, 176, 0, 176, 0, 0, 0
19485, 1, 1636470336447, 1636470336623, 176, 0, 176, 0, 0, 0
19486, 1, 1636470336575, 1636470336747, 172, 0, 172, 0, 0, 0
19487, 1, 1636470336791, 1636470336963, 172, 0, 172, 0, 0, 0
19488, 1, 1636470337107, 1636470337279, 172, 0, 172, 0, 0, 0
19489, 1, 1636470337123, 1636470337295, 172, 0, 172, 0, 0, 0
19490, 1, 1636470337191, 1636470337363, 172, 0, 172, 0, 0, 0
19491, 1, 1636470337203, 1636470337375, 172, 0, 172, 0, 0, 0
19492, 1, 1636470337291, 1636470337463, 172, 0, 172, 0, 0, 0
19493, 1, 1636470337427, 1636470337599, 172, 0, 172, 0, 0, 0
19494, 1, 1636470337507, 1636470337683, 176, 0, 176, 0, 0, 0
19495, 1, 1636470337675, 1636470337847, 172, 0, 172, 0, 0, 0
19496, 1, 1636470337699, 1636470337871, 172, 0, 172, 0, 0, 0
19497, 1, 1636470337831, 1636470338003, 172, 0, 172, 0, 0, 0
19498, 1, 1636470337947, 1636470338119, 172, 0, 172, 0, 0, 0
19499, 1, 1636470338091, 1636470338263, 172, 0, 172, 0, 0, 0
19500, 1, 1636470338131, 1636470338303, 172, 0, 172, 0, 0, 0
19501, 1, 1636470338143, 1636470338315, 172, 0, 172, 0, 0, 0
19502, 1, 1636470338147, 1636470338323, 176, 0, 176, 0, 0, 0
19503, 1, 1636470338187, 1636470338359, 172, 0, 172, 0, 0, 0
19504, 1, 1636470338451, 1636470338623, 172, 0, 172, 0, 0, 0
19505, 1, 1636470338467, 1636470338639, 172, 0, 172, 0, 0, 0
19506, 1, 1636470338539, 1636470338715, 176, 0, 176, 0, 0, 0
19507, 1, 1636470338907, 1636470339079, 172, 0, 172, 0, 0, 0
19508, 1, 1636470339079, 1636470339251, 172, 0, 172, 0, 0, 0
19510, 1, 1636470339111, 1636470339283, 172, 0, 172, 0, 0, 0
19509, 1, 1636470339111, 1636470339283, 172, 0, 172, 0, 0, 0
19511, 1, 1636470339179, 1636470339351, 172, 0, 172, 0, 0, 0
19512, 1, 1636470339407, 1636470339579, 172, 0, 172, 0, 0, 0
19513, 1, 1636470339435, 1636470339607, 172, 0, 172, 0, 0, 0
19514, 1, 1636470339571, 1636470339743, 172, 0, 172, 0, 0, 0
19515, 1, 1636470339579, 1636470339751, 172, 0, 172, 0, 0, 0
19516, 1, 1636470339655, 1636470339827, 172, 0, 172, 0, 0, 0
19517, 1, 1636470339751, 1636470339923, 172, 0, 172, 0, 0, 0
19518, 1, 1636470340019, 1636470340191, 172, 0, 172, 0, 0, 0
19519, 1, 1636470340035, 1636470340207, 172, 0, 172, 0, 0, 0
19520, 1, 1636470340047, 1636470340219, 172, 0, 172, 0, 0, 0
19521, 1, 1636470340079, 1636470340251, 172, 0, 172, 0, 0, 0
19522, 1, 1636470340099, 1636470340271, 172, 0, 172, 0, 0, 0
19523, 1, 1636470340155, 1636470340327, 172, 0, 172, 0, 0, 0
19524, 1, 1636470340367, 1636470340539, 172, 0, 172, 0, 0, 0
19525, 1, 1636470340583, 1636470340755, 172, 0, 172, 0, 0, 0
19526, 1, 1636470340623, 1636470340799, 176, 0, 176, 0, 0, 0
19527, 1, 1636470340911, 1636470341083, 172, 0, 172, 0, 0, 0
19528, 1, 1636470341107, 1636470341279, 172, 0, 172, 0, 0, 0
19529, 1, 1636470341147, 1636470341323, 176, 0, 176, 0, 0, 0
19530, 1, 1636470341183, 1636470341355, 172, 0, 172, 0, 0, 0
19531, 1, 1636470341231, 1636470341403, 172, 0, 172, 0, 0, 0
19532, 1, 1636470341415, 1636470341587, 172, 0, 172, 0, 0, 0
19533, 1, 1636470341559, 1636470341731, 172, 0, 172, 0, 0, 0
19534, 1, 1636470341631, 1636470341803, 172, 0, 172, 0, 0, 0
19535, 1, 1636470341663, 1636470341835, 172, 0, 172, 0, 0, 0
19536, 1, 1636470341703, 1636470341875, 172, 0, 172, 0, 0, 0
19537, 1, 1636470341823, 1636470341995, 172, 0, 172, 0, 0, 0
19538, 1, 1636470341975, 1636470342147, 172, 0, 172, 0, 0, 0
19539, 1, 1636470342075, 1636470342247, 172, 0, 172, 0, 0, 0
19540, 1, 1636470342119, 1636470342291, 172, 0, 172, 0, 0, 0
19541, 1, 1636470342127, 1636470342299, 172, 0, 172, 0, 0, 0
19542, 1, 1636470342135, 1636470342307, 172, 0, 172, 0, 0, 0
19543, 1, 1636470342159, 1636470342331, 172, 0, 172, 0, 0, 0
19544, 1, 1636470342443, 1636470342615, 172, 0, 172, 0, 0, 0
19545, 1, 1636470342591, 1636470342763, 172, 0, 172, 0, 0, 0
19546, 1, 1636470342739, 1636470342911, 172, 0, 172, 0, 0, 0
19547, 1, 1636470342831, 1636470343003, 172, 0, 172, 0, 0, 0
19548, 1, 1636470343223, 1636470343395, 172, 0, 172, 0, 0, 0
19549, 1, 1636470343235, 1636470343411, 176, 0, 176, 0, 0, 0
19550, 1, 1636470343255, 1636470343427, 172, 0, 172, 0, 0, 0
19551, 1, 1636470343303, 1636470343475, 172, 0, 172, 0, 0, 0
19552, 1, 1636470343331, 1636470343503, 172, 0, 172, 0, 0, 0
19553, 1, 1636470343555, 1636470343727, 172, 0, 172, 0, 0, 0
19554, 1, 1636470343707, 1636470343879, 172, 0, 172, 0, 0, 0
19555, 1, 1636470343731, 1636470343907, 176, 0, 176, 0, 0, 0
19556, 1, 1636470343779, 1636470343955, 176, 0, 176, 0, 0, 0
19557, 1, 1636470343879, 1636470344051, 172, 0, 172, 0, 0, 0
19558, 1, 1636470344079, 1636470344251, 172, 0, 172, 0, 0, 0
19559, 1, 1636470344087, 1636470344259, 172, 0, 172, 0, 0, 0
19560, 1, 1636470344147, 1636470344319, 172, 0, 172, 0, 0, 0
19561, 1, 1636470344159, 1636470344331, 172, 0, 172, 0, 0, 0
19562, 1, 1636470344183, 1636470344355, 172, 0, 172, 0, 0, 0
19563, 1, 1636470344243, 1636470344415, 172, 0, 172, 0, 0, 0
19564, 1, 1636470344507, 1636470344679, 172, 0, 172, 0, 0, 0
19565, 1, 1636470344559, 1636470344731, 172, 0, 172, 0, 0, 0
19566, 1, 1636470344743, 1636470344915, 172, 0, 172, 0, 0, 0
19567, 1, 1636470344903, 1636470345075, 172, 0, 172, 0, 0, 0
19568, 1, 1636470345171, 1636470345343, 172, 0, 172, 0, 0, 0
19569, 1, 1636470345207, 1636470345379, 172, 0, 172, 0, 0, 0
19570, 1, 1636470345227, 1636470345399, 172, 0, 172, 0, 0, 0
19571, 1, 1636470345259, 1636470345431, 172, 0, 172, 0, 0, 0
19572, 1, 1636470345407, 1636470345583, 176, 0, 176, 0, 0, 0
19573, 1, 1636470345531, 1636470345703, 172, 0, 172, 0, 0, 0
19574, 1, 1636470345575, 1636470345747, 172, 0, 172, 0, 0, 0
19575, 1, 1636470345759, 1636470345931, 172, 0, 172, 0, 0, 0
19576, 1, 1636470345783, 1636470345955, 172, 0, 172, 0, 0, 0
19577, 1, 1636470345899, 1636470346075, 176, 0, 176, 0, 0, 0
19578, 1, 1636470345991, 1636470346163, 172, 0, 172, 0, 0, 0
19579, 1, 1636470346023, 1636470346195, 172, 0, 172, 0, 0, 0
19580, 1, 1636470346115, 1636470346287, 172, 0, 172, 0, 0, 0
19581, 1, 1636470346151, 1636470346323, 172, 0, 172, 0, 0, 0
19582, 1, 1636470346175, 1636470346347, 172, 0, 172, 0, 0, 0
19583, 1, 1636470346246, 1636470346419, 173, 1, 172, 0, 0, 0
19584, 1, 1636470346583, 1636470346755, 172, 0, 172, 0, 0, 0
19585, 1, 1636470346631, 1636470346803, 172, 0, 172, 0, 0, 0
19586, 1, 1636470346663, 1636470346835, 172, 0, 172, 0, 0, 0
19587, 1, 1636470347019, 1636470347191, 172, 0, 172, 0, 0, 0
19588, 1, 1636470347127, 1636470347299, 172, 0, 172, 0, 0, 0
19589, 1, 1636470347151, 1636470347323, 172, 0, 172, 0, 0, 0
19590, 1, 1636470347203, 1636470347375, 172, 0, 172, 0, 0, 0
19591, 1, 1636470347295, 1636470347467, 172, 0, 172, 0, 0, 0
19592, 1, 1636470347515, 1636470347687, 172, 0, 172, 0, 0, 0
19594, 1, 1636470347603, 1636470347775, 172, 0, 172, 0, 0, 0
19593, 1, 1636470347603, 1636470347775, 172, 0, 172, 0, 0, 0
19595, 1, 1636470347703, 1636470347875, 172, 0, 172, 0, 0, 0
19596, 1, 1636470347711, 1636470347883, 172, 0, 172, 0, 0, 0
19597, 1, 1636470347767, 1636470347939, 172, 0, 172, 0, 0, 0
19598, 1, 1636470348027, 1636470348199, 172, 0, 172, 0, 0, 0
19599, 1, 1636470348083, 1636470348259, 176, 0, 176, 0, 0, 0
19600, 1, 1636470348123, 1636470348295, 172, 0, 172, 0, 0, 0
19601, 1, 1636470348167, 1636470348339, 172, 0, 172, 0, 0, 0
19602, 1, 1636470348199, 1636470348371, 172, 0, 172, 0, 0, 0
19603, 1, 1636470348271, 1636470348443, 172, 0, 172, 0, 0, 0
19604, 1, 1636470348499, 1636470348671, 172, 0, 172, 0, 0, 0
19605, 1, 1636470348699, 1636470348871, 172, 0, 172, 0, 0, 0
19606, 1, 1636470348735, 1636470348907, 172, 0, 172, 0, 0, 0
19607, 1, 1636470349043, 1636470349219, 176, 0, 176, 0, 0, 0
19608, 1, 1636470349187, 1636470349359, 172, 0, 172, 0, 0, 0
19609, 1, 1636470349223, 1636470349395, 172, 0, 172, 0, 0, 0
19610, 1, 1636470349287, 1636470349463, 176, 0, 176, 0, 0, 0
19611, 1, 1636470349411, 1636470349583, 172, 0, 172, 0, 0, 0
19612, 1, 1636470349595, 1636470349767, 172, 0, 172, 0, 0, 0
19613, 1, 1636470349655, 1636470349827, 172, 0, 172, 0, 0, 0
19615, 1, 1636470349707, 1636470349879, 172, 0, 172, 0, 0, 0
19616, 1, 1636470349779, 1636470349951, 172, 0, 172, 0, 0, 0
19617, 1, 1636470349795, 1636470349967, 172, 0, 172, 0, 0, 0
19614, 1, 1636470350003, 1636470350179, 176, 0, 176, 0, 0, 0
19618, 1, 1636470350123, 1636470350295, 172, 0, 172, 0, 0, 0
19619, 1, 1636470350155, 1636470350327, 172, 0, 172, 0, 0, 0
19621, 1, 1636470350239, 1636470350411, 172, 0, 172, 0, 0, 0
19622, 1, 1636470350287, 1636470350459, 172, 0, 172, 0, 0, 0
19623, 1, 1636470350307, 1636470350479, 172, 0, 172, 0, 0, 0
19620, 1, 1636470350351, 1636470350523, 172, 0, 172, 0, 0, 0
19624, 1, 1636470350527, 1636470350699, 172, 0, 172, 0, 0, 0
19625, 1, 1636470350723, 1636470350895, 172, 0, 172, 0, 0, 0
19626, 1, 1636470350851, 1636470351023, 172, 0, 172, 0, 0, 0
19627, 1, 1636470350911, 1636470351083, 172, 0, 172, 0, 0, 0
19628, 1, 1636470351243, 1636470351419, 176, 0, 176, 0, 0, 0
19629, 1, 1636470351275, 1636470351447, 172, 0, 172, 0, 0, 0
19630, 1, 1636470351287, 1636470351467, 180, 0, 180, 0, 0, 0
19632, 1, 1636470351459, 1636470351631, 172, 0, 172, 0, 0, 0
19631, 1, 1636470351623, 1636470351795, 172, 0, 172, 0, 0, 0
19633, 1, 1636470351675, 1636470351851, 176, 0, 176, 0, 0, 0
19634, 1, 1636470351675, 1636470351851, 176, 0, 176, 0, 0, 0
19635, 1, 1636470351715, 1636470351887, 172, 0, 172, 0, 0, 0
19636, 1, 1636470351967, 1636470352139, 172, 0, 172, 0, 0, 0
19638, 1, 1636470352063, 1636470352235, 172, 0, 172, 0, 0, 0
19639, 1, 1636470352079, 1636470352251, 172, 0, 172, 0, 0, 0
19640, 1, 1636470352131, 1636470352303, 172, 0, 172, 0, 0, 0
19641, 1, 1636470352159, 1636470352331, 172, 0, 172, 0, 0, 0
19642, 1, 1636470352187, 1636470352359, 172, 0, 172, 0, 0, 0
19637, 1, 1636470352315, 1636470352487, 172, 0, 172, 0, 0, 0
19644, 1, 1636470352587, 1636470352759, 172, 0, 172, 0, 0, 0
19643, 1, 1636470352663, 1636470352835, 172, 0, 172, 0, 0, 0
19646, 1, 1636470352875, 1636470353047, 172, 0, 172, 0, 0, 0
19647, 1, 1636470352971, 1636470353143, 172, 0, 172, 0, 0, 0
19645, 1, 1636470353011, 1636470353183, 172, 0, 172, 0, 0, 0
19648, 1, 1636470353235, 1636470353407, 172, 0, 172, 0, 0, 0
19649, 1, 1636470353271, 1636470353443, 172, 0, 172, 0, 0, 0
19650, 1, 1636470353367, 1636470353539, 172, 0, 172, 0, 0, 0
19651, 1, 1636470353379, 1636470353551, 172, 0, 172, 0, 0, 0
19652, 1, 1636470353491, 1636470353663, 172, 0, 172, 0, 0, 0
19653, 1, 1636470353543, 1636470353715, 172, 0, 172, 0, 0, 0
19654, 1, 1636470353703, 1636470353875, 172, 0, 172, 0, 0, 0
19655, 1, 1636470353799, 1636470353975, 176, 0, 176, 0, 0, 0
19656, 1, 1636470353895, 1636470354067, 172, 0, 172, 0, 0, 0
19657, 1, 1636470353903, 1636470354075, 172, 0, 172, 0, 0, 0
19658, 1, 1636470354087, 1636470354263, 176, 0, 176, 0, 0, 0
19659, 1, 1636470354167, 1636470354343, 176, 0, 176, 0, 0, 0
19660, 1, 1636470354187, 1636470354359, 172, 0, 172, 0, 0, 0
19661, 1, 1636470354215, 1636470354387, 172, 0, 172, 0, 0, 0
19662, 1, 1636470354279, 1636470354451, 172, 0, 172, 0, 0, 0
19663, 1, 1636470354419, 1636470354591, 172, 0, 172, 0, 0, 0
19664, 1, 1636470354527, 1636470354699, 172, 0, 172, 0, 0, 0
19665, 1, 1636470354651, 1636470354823, 172, 0, 172, 0, 0, 0
19666, 1, 1636470354739, 1636470354911, 172, 0, 172, 0, 0, 0
19667, 1, 1636470355059, 1636470355231, 172, 0, 172, 0, 0, 0
19668, 1, 1636470355235, 1636470355407, 172, 0, 172, 0, 0, 0
19669, 1, 1636470355259, 1636470355431, 172, 0, 172, 0, 0, 0
19670, 1, 1636470355367, 1636470355539, 172, 0, 172, 0, 0, 0
19671, 1, 1636470355371, 1636470355543, 172, 0, 172, 0, 0, 0
19673, 1, 1636470355575, 1636470355747, 172, 0, 172, 0, 0, 0
19672, 1, 1636470355575, 1636470355747, 172, 0, 172, 0, 0, 0
19674, 1, 1636470355771, 1636470355943, 172, 0, 172, 0, 0, 0
19675, 1, 1636470355799, 1636470355971, 172, 0, 172, 0, 0, 0
19676, 1, 1636470355807, 1636470355979, 172, 0, 172, 0, 0, 0
19677, 1, 1636470355919, 1636470356095, 176, 0, 176, 0, 0, 0
19678, 1, 1636470356191, 1636470356363, 172, 0, 172, 0, 0, 0
19679, 1, 1636470356195, 1636470356371, 176, 0, 176, 0, 0, 0
19680, 1, 1636470356219, 1636470356391, 172, 0, 172, 0, 0, 0
19681, 1, 1636470356271, 1636470356443, 172, 0, 172, 0, 0, 0
19682, 1, 1636470356279, 1636470356451, 172, 0, 172, 0, 0, 0
19683, 1, 1636470356287, 1636470356459, 172, 0, 172, 0, 0, 0
19684, 1, 1636470356551, 1636470356723, 172, 0, 172, 0, 0, 0
19685, 1, 1636470356739, 1636470356911, 172, 0, 172, 0, 0, 0
19686, 1, 1636470356807, 1636470356979, 172, 0, 172, 0, 0, 0
19687, 1, 1636470357015, 1636470357195, 180, 0, 180, 0, 0, 0
19689, 1, 1636470357267, 1636470357439, 172, 0, 172, 0, 0, 0
19688, 1, 1636470357267, 1636470357439, 172, 0, 172, 0, 0, 0
19690, 1, 1636470357359, 1636470357531, 172, 0, 172, 0, 0, 0
19692, 1, 1636470357535, 1636470357707, 172, 0, 172, 0, 0, 0
19691, 1, 1636470357615, 1636470357787, 172, 0, 172, 0, 0, 0
19693, 1, 1636470357671, 1636470357843, 172, 0, 172, 0, 0, 0
19695, 1, 1636470357807, 1636470357979, 172, 0, 172, 0, 0, 0
19696, 1, 1636470357871, 1636470358043, 172, 0, 172, 0, 0, 0
19694, 1, 1636470357967, 1636470358139, 172, 0, 172, 0, 0, 0
19699, 1, 1636470358199, 1636470358371, 172, 0, 172, 0, 0, 0
19700, 1, 1636470358207, 1636470358379, 172, 0, 172, 0, 0, 0
19701, 1, 1636470358227, 1636470358403, 176, 0, 176, 0, 0, 0
19702, 1, 1636470358255, 1636470358427, 172, 0, 172, 0, 0, 0
19703, 1, 1636470358351, 1636470358523, 172, 0, 172, 0, 0, 0
19705, 1, 1636470358695, 1636470358867, 172, 0, 172, 0, 0, 0
19706, 1, 1636470358903, 1636470359075, 172, 0, 172, 0, 0, 0
19707, 1, 1636470359043, 1636470359215, 172, 0, 172, 0, 0, 0
19708, 1, 1636470359279, 1636470359451, 172, 0, 172, 0, 0, 0
19710, 1, 1636470359351, 1636470359523, 172, 0, 172, 0, 0, 0
19711, 1, 1636470359391, 1636470359563, 172, 0, 172, 0, 0, 0
19712, 1, 1636470359583, 1636470359755, 172, 0, 172, 0, 0, 0
19713, 1, 1636470359659, 1636470359831, 172, 0, 172, 0, 0, 0
19714, 1, 1636470359863, 1636470360035, 172, 0, 172, 0, 0, 0
19715, 1, 1636470359887, 1636470360059, 172, 0, 172, 0, 0, 0
19716, 1, 1636470359939, 1636470360111, 172, 0, 172, 0, 0, 0
19717, 1, 1636470360127, 1636470360299, 172, 0, 172, 0, 0, 0
19718, 1, 1636470360255, 1636470360427, 172, 0, 172, 0, 0, 0
19719, 1, 1636470360295, 1636470360467, 172, 0, 172, 0, 0, 0
19720, 1, 1636470360323, 1636470360495, 172, 0, 172, 0, 0, 0
19721, 1, 1636470360435, 1636470360607, 172, 0, 172, 0, 0, 0
19722, 1, 1636470360579, 1636470360751, 172, 0, 172, 0, 0, 0
19723, 1, 1636470360587, 1636470360759, 172, 0, 172, 0, 0, 0
19709, 1, 1636470360687, 1636470360863, 176, 0, 176, 0, 0, 0
19724, 1, 1636470360727, 1636470360899, 172, 0, 172, 0, 0, 0
19725, 1, 1636470360895, 1636470361067, 172, 0, 172, 0, 0, 0
19726, 1, 1636470360947, 1636470361119, 172, 0, 172, 0, 0, 0
19727, 1, 1636470361143, 1636470361315, 172, 0, 172, 0, 0, 0
19729, 1, 1636470361299, 1636470361471, 172, 0, 172, 0, 0, 0
19731, 1, 1636470361307, 1636470361479, 172, 0, 172, 0, 0, 0
19730, 1, 1636470361347, 1636470361519, 172, 0, 172, 0, 0, 0
19728, 1, 1636470361491, 1636470361667, 176, 0, 176, 0, 0, 0
19733, 1, 1636470361691, 1636470361863, 172, 0, 172, 0, 0, 0
19734, 1, 1636470361771, 1636470361947, 176, 0, 176, 0, 0, 0
19735, 1, 1636470361847, 1636470362019, 172, 0, 172, 0, 0, 0
19732, 1, 1636470361843, 1636470362019, 176, 0, 176, 0, 0, 0
19737, 1, 1636470362067, 1636470362239, 172, 0, 172, 0, 0, 0
19736, 1, 1636470362195, 1636470362371, 176, 0, 176, 0, 0, 0
19738, 1, 1636470362283, 1636470362463, 180, 0, 180, 0, 0, 0
19739, 1, 1636470362331, 1636470362503, 172, 0, 172, 0, 0, 0
19741, 1, 1636470362455, 1636470362631, 176, 0, 176, 0, 0, 0
19742, 1, 1636470362519, 1636470362691, 172, 0, 172, 0, 0, 0
19740, 1, 1636470362551, 1636470362723, 172, 0, 172, 0, 0, 0
19743, 1, 1636470362627, 1636470362799, 172, 0, 172, 0, 0, 0
19745, 1, 1636470362879, 1636470363051, 172, 0, 172, 0, 0, 0
19744, 1, 1636470362899, 1636470363071, 172, 0, 172, 0, 0, 0
19746, 1, 1636470362919, 1636470363091, 172, 0, 172, 0, 0, 0
19748, 1, 1636470363143, 1636470363315, 172, 0, 172, 0, 0, 0
19747, 1, 1636470363243, 1636470363415, 172, 0, 172, 0, 0, 0
19749, 1, 1636470363267, 1636470363439, 172, 0, 172, 0, 0, 0
19750, 1, 1636470363331, 1636470363503, 172, 0, 172, 0, 0, 0
19751, 1, 1636470363399, 1636470363571, 172, 0, 172, 0, 0, 0
19752, 1, 1636470363679, 1636470363851, 172, 0, 172, 0, 0, 0
19753, 1, 1636470363735, 1636470363907, 172, 0, 172, 0, 0, 0
19755, 1, 1636470363871, 1636470364043, 172, 0, 172, 0, 0, 0
19756, 1, 1636470363983, 1636470364155, 172, 0, 172, 0, 0, 0
19754, 1, 1636470364027, 1636470364203, 176, 0, 176, 0, 0, 0
19757, 1, 1636470364199, 1636470364371, 172, 0, 172, 0, 0, 0
19758, 1, 1636470364243, 1636470364415, 172, 0, 172, 0, 0, 0
19760, 1, 1636470364355, 1636470364527, 172, 0, 172, 0, 0, 0
19759, 1, 1636470364379, 1636470364551, 172, 0, 172, 0, 0, 0
19761, 1, 1636470364587, 1636470364759, 172, 0, 172, 0, 0, 0
19762, 1, 1636470364599, 1636470364775, 176, 0, 176, 0, 0, 0
19763, 1, 1636470364607, 1636470364779, 172, 0, 172, 0, 0, 0
19764, 1, 1636470364727, 1636470364899, 172, 0, 172, 0, 0, 0
19765, 1, 1636470364963, 1636470365135, 172, 0, 172, 0, 0, 0
19766, 1, 1636470365075, 1636470365247, 172, 0, 172, 0, 0, 0
19767, 1, 1636470365091, 1636470365267, 176, 0, 176, 0, 0, 0
19768, 1, 1636470365131, 1636470365303, 172, 0, 172, 0, 0, 0
19769, 1, 1636470365147, 1636470365319, 172, 0, 172, 0, 0, 0
19770, 1, 1636470365375, 1636470365555, 180, 0, 180, 0, 0, 0
19771, 1, 1636470365435, 1636470365607, 172, 0, 172, 0, 0, 0
19772, 1, 1636470365623, 1636470365795, 172, 0, 172, 0, 0, 0
19773, 1, 1636470365783, 1636470365955, 172, 0, 172, 0, 0, 0
19774, 1, 1636470365799, 1636470365971, 172, 0, 172, 0, 0, 0
19775, 1, 1636470365939, 1636470366111, 172, 0, 172, 0, 0, 0
19776, 1, 1636470366135, 1636470366307, 172, 0, 172, 0, 0, 0
19777, 1, 1636470366139, 1636470366311, 172, 0, 172, 0, 0, 0
19778, 1, 1636470366175, 1636470366347, 172, 0, 172, 0, 0, 0
19779, 1, 1636470366318, 1636470366491, 173, 1, 172, 0, 0, 0
19780, 1, 1636470366483, 1636470366655, 172, 0, 172, 0, 0, 0
19781, 1, 1636470366563, 1636470366735, 172, 0, 172, 0, 0, 0
19782, 1, 1636470366583, 1636470366755, 172, 0, 172, 0, 0, 0
19783, 1, 1636470366659, 1636470366831, 172, 0, 172, 0, 0, 0
19784, 1, 1636470366747, 1636470366919, 172, 0, 172, 0, 0, 0
19785, 1, 1636470366939, 1636470367111, 172, 0, 172, 0, 0, 0
19786, 1, 1636470367007, 1636470367179, 172, 0, 172, 0, 0, 0
19787, 1, 1636470367027, 1636470367199, 172, 0, 172, 0, 0, 0
19788, 1, 1636470367043, 1636470367215, 172, 0, 172, 0, 0, 0
19789, 1, 1636470367275, 1636470367447, 172, 0, 172, 0, 0, 0
19790, 1, 1636470367411, 1636470367583, 172, 0, 172, 0, 0, 0
19791, 1, 1636470367439, 1636470367611, 172, 0, 172, 0, 0, 0
19792, 1, 1636470367707, 1636470367879, 172, 0, 172, 0, 0, 0
19793, 1, 1636470367747, 1636470367919, 172, 0, 172, 0, 0, 0
19794, 1, 1636470367851, 1636470368023, 172, 0, 172, 0, 0, 0
19795, 1, 1636470367875, 1636470368047, 172, 0, 172, 0, 0, 0
19796, 1, 1636470367967, 1636470368139, 172, 0, 172, 0, 0, 0
19798, 1, 1636470368211, 1636470368383, 172, 0, 172, 0, 0, 0
19799, 1, 1636470368231, 1636470368403, 172, 0, 172, 0, 0, 0
19797, 1, 1636470368315, 1636470368487, 172, 0, 172, 0, 0, 0
19801, 1, 1636470368599, 1636470368771, 172, 0, 172, 0, 0, 0
19802, 1, 1636470368643, 1636470368815, 172, 0, 172, 0, 0, 0
19803, 1, 1636470368655, 1636470368827, 172, 0, 172, 0, 0, 0
19800, 1, 1636470368663, 1636470368835, 172, 0, 172, 0, 0, 0
19805, 1, 1636470368963, 1636470369135, 172, 0, 172, 0, 0, 0
19804, 1, 1636470368991, 1636470369163, 172, 0, 172, 0, 0, 0
19807, 1, 1636470369007, 1636470369179, 172, 0, 172, 0, 0, 0
19808, 1, 1636470369127, 1636470369299, 172, 0, 172, 0, 0, 0
19809, 1, 1636470369219, 1636470369391, 172, 0, 172, 0, 0, 0
19806, 1, 1636470369339, 1636470369511, 172, 0, 172, 0, 0, 0
19811, 1, 1636470369535, 1636470369707, 172, 0, 172, 0, 0, 0
19812, 1, 1636470369575, 1636470369747, 172, 0, 172, 0, 0, 0
19813, 1, 1636470369691, 1636470369863, 172, 0, 172, 0, 0, 0
19810, 1, 1636470369691, 1636470369863, 172, 0, 172, 0, 0, 0
19814, 1, 1636470369763, 1636470369935, 172, 0, 172, 0, 0, 0
19815, 1, 1636470369871, 1636470370043, 172, 0, 172, 0, 0, 0
19816, 1, 1636470369979, 1636470370151, 172, 0, 172, 0, 0, 0
19817, 1, 1636470370087, 1636470370259, 172, 0, 172, 0, 0, 0
19818, 1, 1636470370195, 1636470370367, 172, 0, 172, 0, 0, 0
19819, 1, 1636470370307, 1636470370479, 172, 0, 172, 0, 0, 0
19820, 1, 1636470370483, 1636470370655, 172, 0, 172, 0, 0, 0
19821, 1, 1636470370619, 1636470370795, 176, 0, 176, 0, 0, 0
19822, 1, 1636470370695, 1636470370867, 172, 0, 172, 0, 0, 0
19823, 1, 1636470370715, 1636470370887, 172, 0, 172, 0, 0, 0
19824, 1, 1636470370799, 1636470370971, 172, 0, 172, 0, 0, 0
19825, 1, 1636470370875, 1636470371047, 172, 0, 172, 0, 0, 0
19826, 1, 1636470370887, 1636470371059, 172, 0, 172, 0, 0, 0
19827, 1, 1636470371039, 1636470371211, 172, 0, 172, 0, 0, 0
19828, 1, 1636470371075, 1636470371251, 176, 0, 176, 0, 0, 0
19829, 1, 1636470371187, 1636470371359, 172, 0, 172, 0, 0, 0
19830, 1, 1636470371443, 1636470371615, 172, 0, 172, 0, 0, 0
19831, 1, 1636470371463, 1636470371635, 172, 0, 172, 0, 0, 0
19832, 1, 1636470371559, 1636470371731, 172, 0, 172, 0, 0, 0
19833, 1, 1636470371659, 1636470371831, 172, 0, 172, 0, 0, 0
19834, 1, 1636470371727, 1636470371899, 172, 0, 172, 0, 0, 0
19835, 1, 1636470371815, 1636470371991, 176, 0, 176, 0, 0, 0
19836, 1, 1636470371867, 1636470372039, 172, 0, 172, 0, 0, 0
19837, 1, 1636470372003, 1636470372175, 172, 0, 172, 0, 0, 0
19838, 1, 1636470372079, 1636470372251, 172, 0, 172, 0, 0, 0
19839, 1, 1636470372319, 1636470372491, 172, 0, 172, 0, 0, 0
19840, 1, 1636470372371, 1636470372543, 172, 0, 172, 0, 0, 0
19841, 1, 1636470372503, 1636470372679, 176, 0, 176, 0, 0, 0
19842, 1, 1636470372775, 1636470372947, 172, 0, 172, 0, 0, 0
19843, 1, 1636470372839, 1636470373011, 172, 0, 172, 0, 0, 0
19844, 1, 1636470372935, 1636470373107, 172, 0, 172, 0, 0, 0
19845, 1, 1636470372963, 1636470373135, 172, 0, 172, 0, 0, 0
19846, 1, 1636470372975, 1636470373147, 172, 0, 172, 0, 0, 0
19847, 1, 1636470373003, 1636470373175, 172, 0, 172, 0, 0, 0
19848, 1, 1636470373203, 1636470373375, 172, 0, 172, 0, 0, 0
19849, 1, 1636470373311, 1636470373483, 172, 0, 172, 0, 0, 0
19850, 1, 1636470373411, 1636470373583, 172, 0, 172, 0, 0, 0
19851, 1, 1636470373591, 1636470373763, 172, 0, 172, 0, 0, 0
19852, 1, 1636470373611, 1636470373783, 172, 0, 172, 0, 0, 0
19853, 1, 1636470373663, 1636470373835, 172, 0, 172, 0, 0, 0
19854, 1, 1636470373695, 1636470373867, 172, 0, 172, 0, 0, 0
19855, 1, 1636470373807, 1636470373979, 172, 0, 172, 0, 0, 0
19856, 1, 1636470373851, 1636470374023, 172, 0, 172, 0, 0, 0
19857, 1, 1636470373959, 1636470374131, 172, 0, 172, 0, 0, 0
19858, 1, 1636470374207, 1636470374379, 172, 0, 172, 0, 0, 0
19859, 1, 1636470374307, 1636470374479, 172, 0, 172, 0, 0, 0
19860, 1, 1636470374331, 1636470374503, 172, 0, 172, 0, 0, 0
19861, 1, 1636470374630, 1636470374803, 173, 1, 172, 0, 0, 0
19862, 1, 1636470374667, 1636470374839, 172, 0, 172, 0, 0, 0
19863, 1, 1636470374891, 1636470375067, 176, 0, 176, 0, 0, 0
19864, 1, 1636470374891, 1636470375067, 176, 0, 176, 0, 0, 0
19866, 1, 1636470374907, 1636470375083, 176, 0, 176, 0, 0, 0
19865, 1, 1636470374907, 1636470375083, 176, 0, 176, 0, 0, 0
19867, 1, 1636470374975, 1636470375147, 172, 0, 172, 0, 0, 0
19868, 1, 1636470375275, 1636470375447, 172, 0, 172, 0, 0, 0
19869, 1, 1636470375299, 1636470375471, 172, 0, 172, 0, 0, 0
19870, 1, 1636470375335, 1636470375507, 172, 0, 172, 0, 0, 0
19871, 1, 1636470375531, 1636470375703, 172, 0, 172, 0, 0, 0
19872, 1, 1636470375627, 1636470375799, 172, 0, 172, 0, 0, 0
19873, 1, 1636470375671, 1636470375843, 172, 0, 172, 0, 0, 0
19874, 1, 1636470375739, 1636470375911, 172, 0, 172, 0, 0, 0
19875, 1, 1636470375767, 1636470375939, 172, 0, 172, 0, 0, 0
19876, 1, 1636470375803, 1636470375975, 172, 0, 172, 0, 0, 0
19877, 1, 1636470375843, 1636470376015, 172, 0, 172, 0, 0, 0
19878, 1, 1636470376151, 1636470376323, 172, 0, 172, 0, 0, 0
19879, 1, 1636470376203, 1636470376375, 172, 0, 172, 0, 0, 0
19880, 1, 1636470376215, 1636470376387, 172, 0, 172, 0, 0, 0
19881, 1, 1636470376567, 1636470376739, 172, 0, 172, 0, 0, 0
19882, 1, 1636470376575, 1636470376747, 172, 0, 172, 0, 0, 0
19883, 1, 1636470376759, 1636470376931, 172, 0, 172, 0, 0, 0
19884, 1, 1636470376875, 1636470377047, 172, 0, 172, 0, 0, 0
19885, 1, 1636470376943, 1636470377115, 172, 0, 172, 0, 0, 0
19886, 1, 1636470376951, 1636470377123, 172, 0, 172, 0, 0, 0
19887, 1, 1636470376995, 1636470377167, 172, 0, 172, 0, 0, 0
19888, 1, 1636470377283, 1636470377455, 172, 0, 172, 0, 0, 0
19889, 1, 1636470377311, 1636470377483, 172, 0, 172, 0, 0, 0
19890, 1, 1636470377431, 1636470377603, 172, 0, 172, 0, 0, 0
19891, 1, 1636470377495, 1636470377671, 176, 0, 176, 0, 0, 0
19892, 1, 1636470377635, 1636470377807, 172, 0, 172, 0, 0, 0
19893, 1, 1636470377683, 1636470377855, 172, 0, 172, 0, 0, 0
19894, 1, 1636470377707, 1636470377883, 176, 0, 176, 0, 0, 0
19895, 1, 1636470377747, 1636470377919, 172, 0, 172, 0, 0, 0
19896, 1, 1636470377755, 1636470377927, 172, 0, 172, 0, 0, 0
19897, 1, 1636470377975, 1636470378147, 172, 0, 172, 0, 0, 0
19899, 1, 1636470378123, 1636470378295, 172, 0, 172, 0, 0, 0
19898, 1, 1636470378123, 1636470378295, 172, 0, 172, 0, 0, 0
19900, 1, 1636470378343, 1636470378515, 172, 0, 172, 0, 0, 0
19901, 1, 1636470378491, 1636470378663, 172, 0, 172, 0, 0, 0
19902, 1, 1636470378543, 1636470378715, 172, 0, 172, 0, 0, 0
19903, 1, 1636470378687, 1636470378859, 172, 0, 172, 0, 0, 0
19904, 1, 1636470378879, 1636470379055, 176, 0, 176, 0, 0, 0
19905, 1, 1636470378939, 1636470379111, 172, 0, 172, 0, 0, 0
19906, 1, 1636470378987, 1636470379159, 172, 0, 172, 0, 0, 0
19907, 1, 1636470379039, 1636470379211, 172, 0, 172, 0, 0, 0
19908, 1, 1636470379347, 1636470379519, 172, 0, 172, 0, 0, 0
19909, 1, 1636470379367, 1636470379539, 172, 0, 172, 0, 0, 0
19910, 1, 1636470379387, 1636470379559, 172, 0, 172, 0, 0, 0
19911, 1, 1636470379575, 1636470379747, 172, 0, 172, 0, 0, 0
19912, 1, 1636470379615, 1636470379787, 172, 0, 172, 0, 0, 0
19913, 1, 1636470379623, 1636470379799, 176, 0, 176, 0, 0, 0
19914, 1, 1636470379783, 1636470379955, 172, 0, 172, 0, 0, 0
19915, 1, 1636470379807, 1636470379979, 172, 0, 172, 0, 0, 0
19916, 1, 1636470379815, 1636470379987, 172, 0, 172, 0, 0, 0
19917, 1, 1636470379923, 1636470380095, 172, 0, 172, 0, 0, 0
19918, 1, 1636470379995, 1636470380167, 172, 0, 172, 0, 0, 0
19919, 1, 1636470380199, 1636470380371, 172, 0, 172, 0, 0, 0
19920, 1, 1636470380343, 1636470380515, 172, 0, 172, 0, 0, 0
19921, 1, 1636470380479, 1636470380651, 172, 0, 172, 0, 0, 0
19922, 1, 1636470380547, 1636470380719, 172, 0, 172, 0, 0, 0
19923, 1, 1636470380599, 1636470380771, 172, 0, 172, 0, 0, 0
19924, 1, 1636470380843, 1636470381015, 172, 0, 172, 0, 0, 0
19925, 1, 1636470380907, 1636470381079, 172, 0, 172, 0, 0, 0
19926, 1, 1636470381047, 1636470381219, 172, 0, 172, 0, 0, 0
19927, 1, 1636470381083, 1636470381255, 172, 0, 172, 0, 0, 0
19928, 1, 1636470381267, 1636470381439, 172, 0, 172, 0, 0, 0
19929, 1, 1636470381335, 1636470381511, 176, 0, 176, 0, 0, 0
19930, 1, 1636470381443, 1636470381615, 172, 0, 172, 0, 0, 0
19931, 1, 1636470381579, 1636470381751, 172, 0, 172, 0, 0, 0
19932, 1, 1636470381587, 1636470381759, 172, 0, 172, 0, 0, 0
19933, 1, 1636470381611, 1636470381783, 172, 0, 172, 0, 0, 0
19934, 1, 1636470381699, 1636470381871, 172, 0, 172, 0, 0, 0
19935, 1, 1636470381803, 1636470381975, 172, 0, 172, 0, 0, 0
19936, 1, 1636470381811, 1636470381983, 172, 0, 172, 0, 0, 0
19937, 1, 1636470381883, 1636470382055, 172, 0, 172, 0, 0, 0
19938, 1, 1636470382127, 1636470382299, 172, 0, 172, 0, 0, 0
19939, 1, 1636470382159, 1636470382331, 172, 0, 172, 0, 0, 0
19940, 1, 1636470382307, 1636470382479, 172, 0, 172, 0, 0, 0
19941, 1, 1636470382507, 1636470382679, 172, 0, 172, 0, 0, 0
19942, 1, 1636470382559, 1636470382735, 176, 0, 176, 0, 0, 0
19943, 1, 1636470382687, 1636470382859, 172, 0, 172, 0, 0, 0
19944, 1, 1636470382855, 1636470383027, 172, 0, 172, 0, 0, 0
19945, 1, 1636470382907, 1636470383079, 172, 0, 172, 0, 0, 0
19946, 1, 1636470383039, 1636470383211, 172, 0, 172, 0, 0, 0
19947, 1, 1636470383091, 1636470383263, 172, 0, 172, 0, 0, 0
19948, 1, 1636470383339, 1636470383511, 172, 0, 172, 0, 0, 0
19949, 1, 1636470383403, 1636470383575, 172, 0, 172, 0, 0, 0
19950, 1, 1636470383511, 1636470383683, 172, 0, 172, 0, 0, 0
19951, 1, 1636470383543, 1636470383719, 176, 0, 176, 0, 0, 0
19952, 1, 1636470383647, 1636470383819, 172, 0, 172, 0, 0, 0
19953, 1, 1636470383703, 1636470383875, 172, 0, 172, 0, 0, 0
19954, 1, 1636470383723, 1636470383895, 172, 0, 172, 0, 0, 0
19955, 1, 1636470383803, 1636470383975, 172, 0, 172, 0, 0, 0
19956, 1, 1636470383939, 1636470384111, 172, 0, 172, 0, 0, 0
19957, 1, 1636470384011, 1636470384183, 172, 0, 172, 0, 0, 0
19958, 1, 1636470384071, 1636470384243, 172, 0, 172, 0, 0, 0
19959, 1, 1636470384171, 1636470384343, 172, 0, 172, 0, 0, 0
19960, 1, 1636470384359, 1636470384535, 176, 0, 176, 0, 0, 0
19961, 1, 1636470384507, 1636470384679, 172, 0, 172, 0, 0, 0
19962, 1, 1636470384531, 1636470384703, 172, 0, 172, 0, 0, 0
19963, 1, 1636470384815, 1636470384987, 172, 0, 172, 0, 0, 0
19964, 1, 1636470384843, 1636470385015, 172, 0, 172, 0, 0, 0
19965, 1, 1636470384911, 1636470385083, 172, 0, 172, 0, 0, 0
19966, 1, 1636470384939, 1636470385111, 172, 0, 172, 0, 0, 0
19967, 1, 1636470385087, 1636470385259, 172, 0, 172, 0, 0, 0
19968, 1, 1636470385307, 1636470385479, 172, 0, 172, 0, 0, 0
19969, 1, 1636470385507, 1636470385679, 172, 0, 172, 0, 0, 0
19970, 1, 1636470385523, 1636470385695, 172, 0, 172, 0, 0, 0
19971, 1, 1636470385567, 1636470385739, 172, 0, 172, 0, 0, 0
19972, 1, 1636470385627, 1636470385799, 172, 0, 172, 0, 0, 0
19973, 1, 1636470385699, 1636470385871, 172, 0, 172, 0, 0, 0
19974, 1, 1636470385771, 1636470385943, 172, 0, 172, 0, 0, 0
19975, 1, 1636470385827, 1636470385999, 172, 0, 172, 0, 0, 0
19976, 1, 1636470385975, 1636470386147, 172, 0, 172, 0, 0, 0
19977, 1, 1636470385999, 1636470386171, 172, 0, 172, 0, 0, 0
19978, 1, 1636470386051, 1636470386223, 172, 0, 172, 0, 0, 0
19979, 1, 1636470386227, 1636470386399, 172, 0, 172, 0, 0, 0
19980, 1, 1636470386323, 1636470386503, 180, 0, 180, 0, 0, 0
19981, 1, 1636470386483, 1636470386655, 172, 0, 172, 0, 0, 0
19982, 1, 1636470386591, 1636470386763, 172, 0, 172, 0, 0, 0
19983, 1, 1636470386739, 1636470386915, 176, 0, 176, 0, 0, 0
19984, 1, 1636470386851, 1636470387023, 172, 0, 172, 0, 0, 0
19985, 1, 1636470386855, 1636470387027, 172, 0, 172, 0, 0, 0
19986, 1, 1636470386903, 1636470387075, 172, 0, 172, 0, 0, 0
19987, 1, 1636470386979, 1636470387151, 172, 0, 172, 0, 0, 0
19988, 1, 1636470387319, 1636470387491, 172, 0, 172, 0, 0, 0
19989, 1, 1636470387399, 1636470387571, 172, 0, 172, 0, 0, 0
19990, 1, 1636470387427, 1636470387599, 172, 0, 172, 0, 0, 0
19991, 1, 1636470387539, 1636470387711, 172, 0, 172, 0, 0, 0
19992, 1, 1636470387619, 1636470387791, 172, 0, 172, 0, 0, 0
19993, 1, 1636470387663, 1636470387835, 172, 0, 172, 0, 0, 0
19994, 1, 1636470387751, 1636470387923, 172, 0, 172, 0, 0, 0
19995, 1, 1636470387767, 1636470387939, 172, 0, 172, 0, 0, 0
19996, 1, 1636470387955, 1636470388127, 172, 0, 172, 0, 0, 0
19997, 1, 1636470387983, 1636470388155, 172, 0, 172, 0, 0, 0
19998, 1, 1636470388059, 1636470388231, 172, 0, 172, 0, 0, 0
19999, 1, 1636470388215, 1636470388387, 172, 0, 172, 0, 0, 0
20000, 1, 1636470388331, 1636470388503, 172, 0, 172, 0, 0, 0
20001, 1, 1636470388543, 1636470388719, 176, 0, 176, 0, 0, 0
20002, 1, 1636470388575, 1636470388747, 172, 0, 172, 0, 0, 0
20003, 1, 1636470388695, 1636470388871, 176, 0, 176, 0, 0, 0
20004, 1, 1636470388727, 1636470388899, 172, 0, 172, 0, 0, 0
20005, 1, 1636470388907, 1636470389079, 172, 0, 172, 0, 0, 0
20006, 1, 1636470388911, 1636470389083, 172, 0, 172, 0, 0, 0
20007, 1, 1636470389035, 1636470389211, 176, 0, 176, 0, 0, 0
20008, 1, 1636470389319, 1636470389491, 172, 0, 172, 0, 0, 0
20009, 1, 1636470389371, 1636470389543, 172, 0, 172, 0, 0, 0
20010, 1, 1636470389491, 1636470389663, 172, 0, 172, 0, 0, 0
20011, 1, 1636470389555, 1636470389727, 172, 0, 172, 0, 0, 0
20012, 1, 1636470389571, 1636470389743, 172, 0, 172, 0, 0, 0
20013, 1, 1636470389627, 1636470389799, 172, 0, 172, 0, 0, 0
20014, 1, 1636470389651, 1636470389823, 172, 0, 172, 0, 0, 0
20015, 1, 1636470389899, 1636470390071, 172, 0, 172, 0, 0, 0
20016, 1, 1636470390011, 1636470390183, 172, 0, 172, 0, 0, 0
20017, 1, 1636470390039, 1636470390211, 172, 0, 172, 0, 0, 0
20018, 1, 1636470390091, 1636470390263, 172, 0, 172, 0, 0, 0
20019, 1, 1636470390351, 1636470390523, 172, 0, 172, 0, 0, 0
20020, 1, 1636470390387, 1636470390563, 176, 0, 176, 0, 0, 0
20021, 1, 1636470390495, 1636470390667, 172, 0, 172, 0, 0, 0
20022, 1, 1636470390583, 1636470390755, 172, 0, 172, 0, 0, 0
20023, 1, 1636470390711, 1636470390883, 172, 0, 172, 0, 0, 0
20024, 1, 1636470390807, 1636470390979, 172, 0, 172, 0, 0, 0
20025, 1, 1636470390895, 1636470391067, 172, 0, 172, 0, 0, 0
20026, 1, 1636470390903, 1636470391075, 172, 0, 172, 0, 0, 0
20027, 1, 1636470391155, 1636470391327, 172, 0, 172, 0, 0, 0
20028, 1, 1636470391243, 1636470391415, 172, 0, 172, 0, 0, 0
20029, 1, 1636470391359, 1636470391531, 172, 0, 172, 0, 0, 0
20030, 1, 1636470391495, 1636470391667, 172, 0, 172, 0, 0, 0
20031, 1, 1636470391535, 1636470391711, 176, 0, 176, 0, 0, 0
20032, 1, 1636470391575, 1636470391747, 172, 0, 172, 0, 0, 0
20033, 1, 1636470391683, 1636470391855, 172, 0, 172, 0, 0, 0
20034, 1, 1636470391755, 1636470391927, 172, 0, 172, 0, 0, 0
20035, 1, 1636470391887, 1636470392059, 172, 0, 172, 0, 0, 0
20036, 1, 1636470392015, 1636470392187, 172, 0, 172, 0, 0, 0
20037, 1, 1636470392027, 1636470392203, 176, 0, 176, 0, 0, 0
20038, 1, 1636470392035, 1636470392207, 172, 0, 172, 0, 0, 0
20039, 1, 1636470392375, 1636470392547, 172, 0, 172, 0, 0, 0
20040, 1, 1636470392383, 1636470392555, 172, 0, 172, 0, 0, 0
20041, 1, 1636470392467, 1636470392643, 176, 0, 176, 0, 0, 0
20042, 1, 1636470392543, 1636470392715, 172, 0, 172, 0, 0, 0
20043, 1, 1636470392679, 1636470392851, 172, 0, 172, 0, 0, 0
20044, 1, 1636470392839, 1636470393011, 172, 0, 172, 0, 0, 0
20045, 1, 1636470393027, 1636470393199, 172, 0, 172, 0, 0, 0
20046, 1, 1636470393039, 1636470393211, 172, 0, 172, 0, 0, 0
20047, 1, 1636470393059, 1636470393231, 172, 0, 172, 0, 0, 0
20048, 1, 1636470393375, 1636470393547, 172, 0, 172, 0, 0, 0
20049, 1, 1636470393443, 1636470393615, 172, 0, 172, 0, 0, 0
20050, 1, 1636470393495, 1636470393667, 172, 0, 172, 0, 0, 0
20051, 1, 1636470393499, 1636470393671, 172, 0, 172, 0, 0, 0
20052, 1, 1636470393595, 1636470393767, 172, 0, 172, 0, 0, 0
20053, 1, 1636470393675, 1636470393847, 172, 0, 172, 0, 0, 0
20054, 1, 1636470393779, 1636470393951, 172, 0, 172, 0, 0, 0
20055, 1, 1636470393799, 1636470393971, 172, 0, 172, 0, 0, 0
20056, 1, 1636470393923, 1636470394095, 172, 0, 172, 0, 0, 0
20057, 1, 1636470394139, 1636470394311, 172, 0, 172, 0, 0, 0
20058, 1, 1636470394167, 1636470394343, 176, 0, 176, 0, 0, 0
20059, 1, 1636470394263, 1636470394435, 172, 0, 172, 0, 0, 0
20060, 1, 1636470394375, 1636470394547, 172, 0, 172, 0, 0, 0
20062, 1, 1636470394515, 1636470394687, 172, 0, 172, 0, 0, 0
20061, 1, 1636470394519, 1636470394691, 172, 0, 172, 0, 0, 0
20064, 1, 1636470394743, 1636470394915, 172, 0, 172, 0, 0, 0
20063, 1, 1636470394867, 1636470395039, 172, 0, 172, 0, 0, 0
20065, 1, 1636470394899, 1636470395075, 176, 0, 176, 0, 0, 0
20066, 1, 1636470395099, 1636470395271, 172, 0, 172, 0, 0, 0
20068, 1, 1636470395199, 1636470395371, 172, 0, 172, 0, 0, 0
20067, 1, 1636470395247, 1636470395419, 172, 0, 172, 0, 0, 0
20069, 1, 1636470395371, 1636470395543, 172, 0, 172, 0, 0, 0
20070, 1, 1636470395471, 1636470395643, 172, 0, 172, 0, 0, 0
20071, 1, 1636470395611, 1636470395783, 172, 0, 172, 0, 0, 0
20072, 1, 1636470395631, 1636470395803, 172, 0, 172, 0, 0, 0
20073, 1, 1636470395695, 1636470395867, 172, 0, 172, 0, 0, 0
20074, 1, 1636470395707, 1636470395879, 172, 0, 172, 0, 0, 0
20075, 1, 1636470395915, 1636470396087, 172, 0, 172, 0, 0, 0
20076, 1, 1636470396059, 1636470396231, 172, 0, 172, 0, 0, 0
20077, 1, 1636470396239, 1636470396411, 172, 0, 172, 0, 0, 0
20078, 1, 1636470396283, 1636470396455, 172, 0, 172, 0, 0, 0
20079, 1, 1636470396399, 1636470396571, 172, 0, 172, 0, 0, 0
20080, 1, 1636470396511, 1636470396683, 172, 0, 172, 0, 0, 0
20081, 1, 1636470396631, 1636470396803, 172, 0, 172, 0, 0, 0
20082, 1, 1636470396635, 1636470396807, 172, 0, 172, 0, 0, 0
20083, 1, 1636470396643, 1636470396815, 172, 0, 172, 0, 0, 0
20084, 1, 1636470396827, 1636470396999, 172, 0, 172, 0, 0, 0
20085, 1, 1636470396883, 1636470397055, 172, 0, 172, 0, 0, 0
20086, 1, 1636470397007, 1636470397179, 172, 0, 172, 0, 0, 0
20088, 1, 1636470397131, 1636470397303, 172, 0, 172, 0, 0, 0
20087, 1, 1636470397175, 1636470397351, 176, 0, 176, 0, 0, 0
20089, 1, 1636470397431, 1636470397603, 172, 0, 172, 0, 0, 0
20090, 1, 1636470397511, 1636470397683, 172, 0, 172, 0, 0, 0
20091, 1, 1636470397539, 1636470397711, 172, 0, 172, 0, 0, 0
20092, 1, 1636470397599, 1636470397771, 172, 0, 172, 0, 0, 0
20093, 1, 1636470397611, 1636470397783, 172, 0, 172, 0, 0, 0
20094, 1, 1636470397843, 1636470398015, 172, 0, 172, 0, 0, 0
20095, 1, 1636470397995, 1636470398167, 172, 0, 172, 0, 0, 0
20096, 1, 1636470398007, 1636470398179, 172, 0, 172, 0, 0, 0
20097, 1, 1636470398155, 1636470398327, 172, 0, 172, 0, 0, 0
20098, 1, 1636470398187, 1636470398359, 172, 0, 172, 0, 0, 0
20099, 1, 1636470398451, 1636470398623, 172, 0, 172, 0, 0, 0
20101, 1, 1636470398495, 1636470398667, 172, 0, 172, 0, 0, 0
20100, 1, 1636470398535, 1636470398707, 172, 0, 172, 0, 0, 0
20102, 1, 1636470398575, 1636470398747, 172, 0, 172, 0, 0, 0
20103, 1, 1636470398591, 1636470398767, 176, 0, 176, 0, 0, 0
20104, 1, 1636470398819, 1636470398991, 172, 0, 172, 0, 0, 0
20105, 1, 1636470398887, 1636470399059, 172, 0, 172, 0, 0, 0
20106, 1, 1636470399143, 1636470399315, 172, 0, 172, 0, 0, 0
20107, 1, 1636470399235, 1636470399407, 172, 0, 172, 0, 0, 0
20108, 1, 1636470399247, 1636470399419, 172, 0, 172, 0, 0, 0
20109, 1, 1636470399403, 1636470399579, 176, 0, 176, 0, 0, 0
20110, 1, 1636470399507, 1636470399679, 172, 0, 172, 0, 0, 0
20111, 1, 1636470399531, 1636470399703, 172, 0, 172, 0, 0, 0
20112, 1, 1636470399647, 1636470399819, 172, 0, 172, 0, 0, 0
20113, 1, 1636470399671, 1636470399843, 172, 0, 172, 0, 0, 0
20114, 1, 1636470399831, 1636470400003, 172, 0, 172, 0, 0, 0
20115, 1, 1636470400079, 1636470400251, 172, 0, 172, 0, 0, 0
20116, 1, 1636470400107, 1636470400279, 172, 0, 172, 0, 0, 0
20117, 1, 1636470400243, 1636470400415, 172, 0, 172, 0, 0, 0
20118, 1, 1636470400323, 1636470400495, 172, 0, 172, 0, 0, 0
20119, 1, 1636470400467, 1636470400639, 172, 0, 172, 0, 0, 0
20121, 1, 1636470400563, 1636470400735, 172, 0, 172, 0, 0, 0
20122, 1, 1636470400563, 1636470400735, 172, 0, 172, 0, 0, 0
20120, 1, 1636470400671, 1636470400847, 176, 0, 176, 0, 0, 0
20123, 1, 1636470400675, 1636470400851, 176, 0, 176, 0, 0, 0
20124, 1, 1636470400839, 1636470401011, 172, 0, 172, 0, 0, 0
20125, 1, 1636470400915, 1636470401087, 172, 0, 172, 0, 0, 0
20126, 1, 1636470401083, 1636470401255, 172, 0, 172, 0, 0, 0
20127, 1, 1636470401187, 1636470401359, 172, 0, 172, 0, 0, 0
20128, 1, 1636470401279, 1636470401451, 172, 0, 172, 0, 0, 0
20129, 1, 1636470401343, 1636470401519, 176, 0, 176, 0, 0, 0
20130, 1, 1636470401487, 1636470401659, 172, 0, 172, 0, 0, 0
20131, 1, 1636470401583, 1636470401755, 172, 0, 172, 0, 0, 0
20132, 1, 1636470401631, 1636470401803, 172, 0, 172, 0, 0, 0
20133, 1, 1636470401699, 1636470401871, 172, 0, 172, 0, 0, 0
20134, 1, 1636470401943, 1636470402115, 172, 0, 172, 0, 0, 0
20135, 1, 1636470402055, 1636470402227, 172, 0, 172, 0, 0, 0
20136, 1, 1636470402207, 1636470402379, 172, 0, 172, 0, 0, 0
20137, 1, 1636470402263, 1636470402435, 172, 0, 172, 0, 0, 0
20138, 1, 1636470402287, 1636470402459, 172, 0, 172, 0, 0, 0
20139, 1, 1636470402359, 1636470402531, 172, 0, 172, 0, 0, 0
20141, 1, 1636470402543, 1636470402715, 172, 0, 172, 0, 0, 0
20140, 1, 1636470402615, 1636470402787, 172, 0, 172, 0, 0, 0
20142, 1, 1636470402663, 1636470402839, 176, 0, 176, 0, 0, 0
20144, 1, 1636470402719, 1636470402891, 172, 0, 172, 0, 0, 0
20143, 1, 1636470402723, 1636470402895, 172, 0, 172, 0, 0, 0
20145, 1, 1636470403015, 1636470403187, 172, 0, 172, 0, 0, 0
20146, 1, 1636470403075, 1636470403247, 172, 0, 172, 0, 0, 0
20147, 1, 1636470403175, 1636470403347, 172, 0, 172, 0, 0, 0
20148, 1, 1636470403195, 1636470403367, 172, 0, 172, 0, 0, 0
20149, 1, 1636470403543, 1636470403715, 172, 0, 172, 0, 0, 0
20150, 1, 1636470403615, 1636470403787, 172, 0, 172, 0, 0, 0
20151, 1, 1636470403623, 1636470403795, 172, 0, 172, 0, 0, 0
20152, 1, 1636470403675, 1636470403847, 172, 0, 172, 0, 0, 0
20153, 1, 1636470403895, 1636470404067, 172, 0, 172, 0, 0, 0
20154, 1, 1636470403959, 1636470404131, 172, 0, 172, 0, 0, 0
20155, 1, 1636470404079, 1636470404255, 176, 0, 176, 0, 0, 0
20157, 1, 1636470404211, 1636470404383, 172, 0, 172, 0, 0, 0
20156, 1, 1636470404243, 1636470404415, 172, 0, 172, 0, 0, 0
20159, 1, 1636470404495, 1636470404667, 172, 0, 172, 0, 0, 0
20161, 1, 1636470404563, 1636470404735, 172, 0, 172, 0, 0, 0
20158, 1, 1636470404591, 1636470404763, 172, 0, 172, 0, 0, 0
20164, 1, 1636470404627, 1636470404799, 172, 0, 172, 0, 0, 0
20163, 1, 1636470404843, 1636470405015, 172, 0, 172, 0, 0, 0
20166, 1, 1636470405191, 1636470405363, 172, 0, 172, 0, 0, 0
20167, 1, 1636470405295, 1636470405467, 172, 0, 172, 0, 0, 0
20169, 1, 1636470405315, 1636470405487, 172, 0, 172, 0, 0, 0
20170, 1, 1636470405543, 1636470405715, 172, 0, 172, 0, 0, 0
20168, 1, 1636470405543, 1636470405719, 176, 0, 176, 0, 0, 0
20171, 1, 1636470405583, 1636470405755, 172, 0, 172, 0, 0, 0
20172, 1, 1636470405607, 1636470405779, 172, 0, 172, 0, 0, 0
20173, 1, 1636470405723, 1636470405895, 172, 0, 172, 0, 0, 0
20175, 1, 1636470405979, 1636470406151, 172, 0, 172, 0, 0, 0
20176, 1, 1636470406199, 1636470406371, 172, 0, 172, 0, 0, 0
20177, 1, 1636470406219, 1636470406391, 172, 0, 172, 0, 0, 0
20178, 1, 1636470406391, 1636470406563, 172, 0, 172, 0, 0, 0
20179, 1, 1636470406463, 1636470406635, 172, 0, 172, 0, 0, 0
20181, 1, 1636470406583, 1636470406755, 172, 0, 172, 0, 0, 0
20182, 1, 1636470406731, 1636470406903, 172, 0, 172, 0, 0, 0
20180, 1, 1636470406735, 1636470406911, 176, 0, 176, 0, 0, 0
20174, 1, 1636470406939, 1636470407111, 172, 0, 172, 0, 0, 0
20183, 1, 1636470407087, 1636470407259, 172, 0, 172, 0, 0, 0
20184, 1, 1636470407203, 1636470407375, 172, 0, 172, 0, 0, 0
20185, 1, 1636470407203, 1636470407375, 172, 0, 172, 0, 0, 0
20187, 1, 1636470407291, 1636470407463, 172, 0, 172, 0, 0, 0
20188, 1, 1636470407323, 1636470407495, 172, 0, 172, 0, 0, 0
20189, 1, 1636470407363, 1636470407535, 172, 0, 172, 0, 0, 0
20190, 1, 1636470407463, 1636470407635, 172, 0, 172, 0, 0, 0
20186, 1, 1636470407551, 1636470407723, 172, 0, 172, 0, 0, 0
20191, 1, 1636470407639, 1636470407811, 172, 0, 172, 0, 0, 0
20192, 1, 1636470407643, 1636470407815, 172, 0, 172, 0, 0, 0
20194, 1, 1636470407899, 1636470408071, 172, 0, 172, 0, 0, 0
20193, 1, 1636470407995, 1636470408171, 176, 0, 176, 0, 0, 0
20195, 1, 1636470408071, 1636470408247, 176, 0, 176, 0, 0, 0
20196, 1, 1636470408243, 1636470408415, 172, 0, 172, 0, 0, 0
20197, 1, 1636470408347, 1636470408519, 172, 0, 172, 0, 0, 0
20198, 1, 1636470408371, 1636470408543, 172, 0, 172, 0, 0, 0
20199, 1, 1636470408531, 1636470408703, 172, 0, 172, 0, 0, 0
20200, 1, 1636470408555, 1636470408727, 172, 0, 172, 0, 0, 0
20201, 1, 1636470408659, 1636470408831, 172, 0, 172, 0, 0, 0
20202, 1, 1636470408823, 1636470409003, 180, 0, 180, 0, 0, 0
20203, 1, 1636470409067, 1636470409239, 172, 0, 172, 0, 0, 0
20205, 1, 1636470409115, 1636470409287, 172, 0, 172, 0, 0, 0
20206, 1, 1636470409179, 1636470409351, 172, 0, 172, 0, 0, 0
20207, 1, 1636470409287, 1636470409463, 176, 0, 176, 0, 0, 0
20208, 1, 1636470409311, 1636470409487, 176, 0, 176, 0, 0, 0
20204, 1, 1636470409415, 1636470409587, 172, 0, 172, 0, 0, 0
20209, 1, 1636470409423, 1636470409595, 172, 0, 172, 0, 0, 0
20210, 1, 1636470409539, 1636470409711, 172, 0, 172, 0, 0, 0
20211, 1, 1636470409679, 1636470409851, 172, 0, 172, 0, 0, 0
20212, 1, 1636470409695, 1636470409867, 172, 0, 172, 0, 0, 0
20213, 1, 1636470409719, 1636470409891, 172, 0, 172, 0, 0, 0
20214, 1, 1636470409923, 1636470410095, 172, 0, 172, 0, 0, 0
20215, 1, 1636470410063, 1636470410235, 172, 0, 172, 0, 0, 0
20216, 1, 1636470410171, 1636470410343, 172, 0, 172, 0, 0, 0
20217, 1, 1636470410303, 1636470410475, 172, 0, 172, 0, 0, 0
20218, 1, 1636470410455, 1636470410627, 172, 0, 172, 0, 0, 0
20219, 1, 1636470410515, 1636470410687, 172, 0, 172, 0, 0, 0
20220, 1, 1636470410551, 1636470410723, 172, 0, 172, 0, 0, 0
20221, 1, 1636470410635, 1636470410807, 172, 0, 172, 0, 0, 0
20222, 1, 1636470410879, 1636470411051, 172, 0, 172, 0, 0, 0
20223, 1, 1636470411011, 1636470411183, 172, 0, 172, 0, 0, 0
20224, 1, 1636470411175, 1636470411347, 172, 0, 172, 0, 0, 0
20226, 1, 1636470411227, 1636470411399, 172, 0, 172, 0, 0, 0
20227, 1, 1636470411279, 1636470411451, 172, 0, 172, 0, 0, 0
20228, 1, 1636470411343, 1636470411515, 172, 0, 172, 0, 0, 0
20229, 1, 1636470411395, 1636470411571, 176, 0, 176, 0, 0, 0
20225, 1, 1636470411523, 1636470411695, 172, 0, 172, 0, 0, 0
20231, 1, 1636470411599, 1636470411771, 172, 0, 172, 0, 0, 0
20230, 1, 1636470411627, 1636470411799, 172, 0, 172, 0, 0, 0
20232, 1, 1636470411719, 1636470411891, 172, 0, 172, 0, 0, 0
20234, 1, 1636470411855, 1636470412027, 172, 0, 172, 0, 0, 0
20235, 1, 1636470412067, 1636470412239, 172, 0, 172, 0, 0, 0
20233, 1, 1636470412067, 1636470412239, 172, 0, 172, 0, 0, 0
20236, 1, 1636470412087, 1636470412259, 172, 0, 172, 0, 0, 0
20237, 1, 1636470412415, 1636470412587, 172, 0, 172, 0, 0, 0
20239, 1, 1636470412487, 1636470412659, 172, 0, 172, 0, 0, 0
20240, 1, 1636470412603, 1636470412775, 172, 0, 172, 0, 0, 0
20241, 1, 1636470412659, 1636470412835, 176, 0, 176, 0, 0, 0
20238, 1, 1636470412767, 1636470412939, 172, 0, 172, 0, 0, 0
20242, 1, 1636470412855, 1636470413031, 176, 0, 176, 0, 0, 0
20243, 1, 1636470412907, 1636470413079, 172, 0, 172, 0, 0, 0
20244, 1, 1636470413203, 1636470413379, 176, 0, 176, 0, 0, 0
20245, 1, 1636470413215, 1636470413387, 172, 0, 172, 0, 0, 0
20247, 1, 1636470413271, 1636470413443, 172, 0, 172, 0, 0, 0
20248, 1, 1636470413387, 1636470413559, 172, 0, 172, 0, 0, 0
20249, 1, 1636470413419, 1636470413591, 172, 0, 172, 0, 0, 0
20250, 1, 1636470413483, 1636470413655, 172, 0, 172, 0, 0, 0
20251, 1, 1636470413519, 1636470413691, 172, 0, 172, 0, 0, 0
20246, 1, 1636470413563, 1636470413739, 176, 0, 176, 0, 0, 0
20252, 1, 1636470413635, 1636470413807, 172, 0, 172, 0, 0, 0
20253, 1, 1636470413711, 1636470413883, 172, 0, 172, 0, 0, 0
20254, 1, 1636470413847, 1636470414019, 172, 0, 172, 0, 0, 0
20255, 1, 1636470414147, 1636470414323, 176, 0, 176, 0, 0, 0
20256, 1, 1636470414187, 1636470414359, 172, 0, 172, 0, 0, 0
20257, 1, 1636470414263, 1636470414439, 176, 0, 176, 0, 0, 0
20258, 1, 1636470414443, 1636470414615, 172, 0, 172, 0, 0, 0
20259, 1, 1636470414559, 1636470414731, 172, 0, 172, 0, 0, 0
20260, 1, 1636470414559, 1636470414731, 172, 0, 172, 0, 0, 0
20261, 1, 1636470414667, 1636470414839, 172, 0, 172, 0, 0, 0
20262, 1, 1636470414879, 1636470415051, 172, 0, 172, 0, 0, 0
20263, 1, 1636470415043, 1636470415215, 172, 0, 172, 0, 0, 0
20264, 1, 1636470415227, 1636470415399, 172, 0, 172, 0, 0, 0
20265, 1, 1636470415255, 1636470415427, 172, 0, 172, 0, 0, 0
20266, 1, 1636470415287, 1636470415459, 172, 0, 172, 0, 0, 0
20267, 1, 1636470415299, 1636470415471, 172, 0, 172, 0, 0, 0
20268, 1, 1636470415323, 1636470415499, 176, 0, 176, 0, 0, 0
20270, 1, 1636470415555, 1636470415731, 176, 0, 176, 0, 0, 0
20271, 1, 1636470415619, 1636470415791, 172, 0, 172, 0, 0, 0
20269, 1, 1636470415635, 1636470415807, 172, 0, 172, 0, 0, 0
20272, 1, 1636470415667, 1636470415839, 172, 0, 172, 0, 0, 0
20273, 1, 1636470415687, 1636470415859, 172, 0, 172, 0, 0, 0
20274, 1, 1636470415839, 1636470416011, 172, 0, 172, 0, 0, 0
20275, 1, 1636470416059, 1636470416231, 172, 0, 172, 0, 0, 0
20276, 1, 1636470416147, 1636470416319, 172, 0, 172, 0, 0, 0
20277, 1, 1636470416291, 1636470416467, 176, 0, 176, 0, 0, 0
20278, 1, 1636470416335, 1636470416507, 172, 0, 172, 0, 0, 0
20279, 1, 1636470416579, 1636470416751, 172, 0, 172, 0, 0, 0
20280, 1, 1636470416651, 1636470416823, 172, 0, 172, 0, 0, 0
20281, 1, 1636470416659, 1636470416835, 176, 0, 176, 0, 0, 0
20282, 1, 1636470416927, 1636470417099, 172, 0, 172, 0, 0, 0
20284, 1, 1636470417131, 1636470417303, 172, 0, 172, 0, 0, 0
20285, 1, 1636470417267, 1636470417439, 172, 0, 172, 0, 0, 0
20283, 1, 1636470417283, 1636470417455, 172, 0, 172, 0, 0, 0
20287, 1, 1636470417343, 1636470417515, 172, 0, 172, 0, 0, 0
20288, 1, 1636470417347, 1636470417519, 172, 0, 172, 0, 0, 0
20289, 1, 1636470417443, 1636470417615, 172, 0, 172, 0, 0, 0
20290, 1, 1636470417539, 1636470417711, 172, 0, 172, 0, 0, 0
20286, 1, 1636470417615, 1636470417787, 172, 0, 172, 0, 0, 0
20291, 1, 1636470417679, 1636470417855, 176, 0, 176, 0, 0, 0
20292, 1, 1636470417719, 1636470417891, 172, 0, 172, 0, 0, 0
20293, 1, 1636470417755, 1636470417927, 172, 0, 172, 0, 0, 0
20294, 1, 1636470417795, 1636470417967, 172, 0, 172, 0, 0, 0
20295, 1, 1636470418019, 1636470418191, 172, 0, 172, 0, 0, 0
20296, 1, 1636470418155, 1636470418327, 172, 0, 172, 0, 0, 0
20297, 1, 1636470418307, 1636470418479, 172, 0, 172, 0, 0, 0
20298, 1, 1636470418447, 1636470418619, 172, 0, 172, 0, 0, 0
20299, 1, 1636470418543, 1636470418715, 172, 0, 172, 0, 0, 0
20300, 1, 1636470418579, 1636470418751, 172, 0, 172, 0, 0, 0
20301, 1, 1636470418723, 1636470418895, 172, 0, 172, 0, 0, 0
20302, 1, 1636470418823, 1636470418995, 172, 0, 172, 0, 0, 0
20303, 1, 1636470419227, 1636470419399, 172, 0, 172, 0, 0, 0
20304, 1, 1636470419247, 1636470419423, 176, 0, 176, 0, 0, 0
20305, 1, 1636470419259, 1636470419431, 172, 0, 172, 0, 0, 0
20306, 1, 1636470419259, 1636470419431, 172, 0, 172, 0, 0, 0
20307, 1, 1636470419287, 1636470419459, 172, 0, 172, 0, 0, 0
20309, 1, 1636470419435, 1636470419607, 172, 0, 172, 0, 0, 0
20310, 1, 1636470419511, 1636470419683, 172, 0, 172, 0, 0, 0
20308, 1, 1636470419635, 1636470419807, 172, 0, 172, 0, 0, 0
20311, 1, 1636470419667, 1636470419839, 172, 0, 172, 0, 0, 0
20312, 1, 1636470419711, 1636470419883, 172, 0, 172, 0, 0, 0
20313, 1, 1636470419783, 1636470419955, 172, 0, 172, 0, 0, 0
20314, 1, 1636470419799, 1636470419971, 172, 0, 172, 0, 0, 0
20315, 1, 1636470419887, 1636470420059, 172, 0, 172, 0, 0, 0
20316, 1, 1636470420071, 1636470420243, 172, 0, 172, 0, 0, 0
20317, 1, 1636470420299, 1636470420471, 172, 0, 172, 0, 0, 0
20318, 1, 1636470420363, 1636470420535, 172, 0, 172, 0, 0, 0
20319, 1, 1636470420451, 1636470420623, 172, 0, 172, 0, 0, 0
20320, 1, 1636470420591, 1636470420763, 172, 0, 172, 0, 0, 0
20321, 1, 1636470420635, 1636470420807, 172, 0, 172, 0, 0, 0
20322, 1, 1636470420815, 1636470420987, 172, 0, 172, 0, 0, 0
20323, 1, 1636470421187, 1636470421359, 172, 0, 172, 0, 0, 0
20324, 1, 1636470421203, 1636470421375, 172, 0, 172, 0, 0, 0
20325, 1, 1636470421239, 1636470421411, 172, 0, 172, 0, 0, 0
20326, 1, 1636470421303, 1636470421475, 172, 0, 172, 0, 0, 0
20328, 1, 1636470421375, 1636470421547, 172, 0, 172, 0, 0, 0
20329, 1, 1636470421491, 1636470421663, 172, 0, 172, 0, 0, 0
20327, 1, 1636470421531, 1636470421707, 176, 0, 176, 0, 0, 0
20330, 1, 1636470421531, 1636470421707, 176, 0, 176, 0, 0, 0
20331, 1, 1636470421587, 1636470421759, 172, 0, 172, 0, 0, 0
20332, 1, 1636470421659, 1636470421831, 172, 0, 172, 0, 0, 0
20333, 1, 1636470421719, 1636470421891, 172, 0, 172, 0, 0, 0
20334, 1, 1636470421755, 1636470421927, 172, 0, 172, 0, 0, 0
20335, 1, 1636470421823, 1636470421995, 172, 0, 172, 0, 0, 0
20336, 1, 1636470422099, 1636470422275, 176, 0, 176, 0, 0, 0
20337, 1, 1636470422159, 1636470422339, 180, 0, 180, 0, 0, 0
20338, 1, 1636470422411, 1636470422583, 172, 0, 172, 0, 0, 0
20339, 1, 1636470422419, 1636470422591, 172, 0, 172, 0, 0, 0
20340, 1, 1636470422519, 1636470422691, 172, 0, 172, 0, 0, 0
20341, 1, 1636470422699, 1636470422871, 172, 0, 172, 0, 0, 0
20342, 1, 1636470422867, 1636470423039, 172, 0, 172, 0, 0, 0
20343, 1, 1636470423219, 1636470423395, 176, 0, 176, 0, 0, 0
20344, 1, 1636470423223, 1636470423395, 172, 0, 172, 0, 0, 0
20345, 1, 1636470423295, 1636470423467, 172, 0, 172, 0, 0, 0
20346, 1, 1636470423303, 1636470423475, 172, 0, 172, 0, 0, 0
20347, 1, 1636470423391, 1636470423563, 172, 0, 172, 0, 0, 0
20349, 1, 1636470423587, 1636470423759, 172, 0, 172, 0, 0, 0
20350, 1, 1636470423627, 1636470423799, 172, 0, 172, 0, 0, 0
20351, 1, 1636470423635, 1636470423807, 172, 0, 172, 0, 0, 0
20348, 1, 1636470423655, 1636470423827, 172, 0, 172, 0, 0, 0
20352, 1, 1636470423675, 1636470423851, 176, 0, 176, 0, 0, 0
20353, 1, 1636470423679, 1636470423851, 172, 0, 172, 0, 0, 0
20354, 1, 1636470423751, 1636470423923, 172, 0, 172, 0, 0, 0
20355, 1, 1636470423763, 1636470423935, 172, 0, 172, 0, 0, 0
20356, 1, 1636470424127, 1636470424299, 172, 0, 172, 0, 0, 0
20357, 1, 1636470424263, 1636470424435, 172, 0, 172, 0, 0, 0
20358, 1, 1636470424323, 1636470424495, 172, 0, 172, 0, 0, 0
20359, 1, 1636470424355, 1636470424527, 172, 0, 172, 0, 0, 0
20360, 1, 1636470424511, 1636470424683, 172, 0, 172, 0, 0, 0
20361, 1, 1636470424611, 1636470424783, 172, 0, 172, 0, 0, 0
20362, 1, 1636470424931, 1636470425103, 172, 0, 172, 0, 0, 0
20363, 1, 1636470425219, 1636470425391, 172, 0, 172, 0, 0, 0
20364, 1, 1636470425243, 1636470425415, 172, 0, 172, 0, 0, 0
20365, 1, 1636470425291, 1636470425463, 172, 0, 172, 0, 0, 0
20366, 1, 1636470425315, 1636470425487, 172, 0, 172, 0, 0, 0
20367, 1, 1636470425359, 1636470425531, 172, 0, 172, 0, 0, 0
20369, 1, 1636470425567, 1636470425739, 172, 0, 172, 0, 0, 0
20370, 1, 1636470425579, 1636470425751, 172, 0, 172, 0, 0, 0
20371, 1, 1636470425623, 1636470425795, 172, 0, 172, 0, 0, 0
20368, 1, 1636470425639, 1636470425815, 176, 0, 176, 0, 0, 0
20372, 1, 1636470425747, 1636470425919, 172, 0, 172, 0, 0, 0
20373, 1, 1636470425747, 1636470425919, 172, 0, 172, 0, 0, 0
20374, 1, 1636470425759, 1636470425931, 172, 0, 172, 0, 0, 0
20375, 1, 1636470425771, 1636470425943, 172, 0, 172, 0, 0, 0
20376, 1, 1636470426111, 1636470426283, 172, 0, 172, 0, 0, 0
20377, 1, 1636470426251, 1636470426422, 171, 0, 171, 0, 0, 0
20378, 1, 1636470426347, 1636470426519, 172, 0, 172, 0, 0, 0
20379, 1, 1636470426363, 1636470426535, 172, 0, 172, 0, 0, 0
20380, 1, 1636470426375, 1636470426547, 172, 0, 172, 0, 0, 0
20381, 1, 1636470426571, 1636470426743, 172, 0, 172, 0, 0, 0
20382, 1, 1636470426843, 1636470427019, 176, 0, 176, 0, 0, 0
20383, 1, 1636470427183, 1636470427355, 172, 0, 172, 0, 0, 0
20384, 1, 1636470427263, 1636470427435, 172, 0, 172, 0, 0, 0
20385, 1, 1636470427267, 1636470427439, 172, 0, 172, 0, 0, 0
20386, 1, 1636470427311, 1636470427487, 176, 0, 176, 0, 0, 0
20387, 1, 1636470427351, 1636470427523, 172, 0, 172, 0, 0, 0
20388, 1, 1636470427435, 1636470427607, 172, 0, 172, 0, 0, 0
20390, 1, 1636470427559, 1636470427731, 172, 0, 172, 0, 0, 0
20391, 1, 1636470427615, 1636470427787, 172, 0, 172, 0, 0, 0
20392, 1, 1636470427663, 1636470427835, 172, 0, 172, 0, 0, 0
20389, 1, 1636470427695, 1636470427867, 172, 0, 172, 0, 0, 0
20393, 1, 1636470427699, 1636470427871, 172, 0, 172, 0, 0, 0
20394, 1, 1636470427731, 1636470427903, 172, 0, 172, 0, 0, 0
20395, 1, 1636470427763, 1636470427935, 172, 0, 172, 0, 0, 0
20396, 1, 1636470427975, 1636470428147, 172, 0, 172, 0, 0, 0
20397, 1, 1636470428291, 1636470428463, 172, 0, 172, 0, 0, 0
20398, 1, 1636470428307, 1636470428479, 172, 0, 172, 0, 0, 0
20399, 1, 1636470428331, 1636470428503, 172, 0, 172, 0, 0, 0
20400, 1, 1636470428367, 1636470428539, 172, 0, 172, 0, 0, 0
20401, 1, 1636470428439, 1636470428611, 172, 0, 172, 0, 0, 0
20402, 1, 1636470428803, 1636470428975, 172, 0, 172, 0, 0, 0
20403, 1, 1636470429199, 1636470429371, 172, 0, 172, 0, 0, 0
20404, 1, 1636470429235, 1636470429407, 172, 0, 172, 0, 0, 0
20405, 1, 1636470429247, 1636470429419, 172, 0, 172, 0, 0, 0
20406, 1, 1636470429307, 1636470429479, 172, 0, 172, 0, 0, 0
20407, 1, 1636470429351, 1636470429523, 172, 0, 172, 0, 0, 0
20408, 1, 1636470429411, 1636470429583, 172, 0, 172, 0, 0, 0
20409, 1, 1636470429475, 1636470429647, 172, 0, 172, 0, 0, 0
20410, 1, 1636470429499, 1636470429671, 172, 0, 172, 0, 0, 0
20412, 1, 1636470429563, 1636470429735, 172, 0, 172, 0, 0, 0
20413, 1, 1636470429631, 1636470429803, 172, 0, 172, 0, 0, 0
20414, 1, 1636470429751, 1636470429923, 172, 0, 172, 0, 0, 0
20411, 1, 1636470429759, 1636470429931, 172, 0, 172, 0, 0, 0
20415, 1, 1636470429771, 1636470429943, 172, 0, 172, 0, 0, 0
20416, 1, 1636470430079, 1636470430251, 172, 0, 172, 0, 0, 0
20417, 1, 1636470430243, 1636470430415, 172, 0, 172, 0, 0, 0
20418, 1, 1636470430259, 1636470430431, 172, 0, 172, 0, 0, 0
20419, 1, 1636470430335, 1636470430507, 172, 0, 172, 0, 0, 0
20420, 1, 1636470430355, 1636470430527, 172, 0, 172, 0, 0, 0
20421, 1, 1636470430411, 1636470430587, 176, 0, 176, 0, 0, 0
20422, 1, 1636470430711, 1636470430883, 172, 0, 172, 0, 0, 0
20423, 1, 1636470431115, 1636470431287, 172, 0, 172, 0, 0, 0
20424, 1, 1636470431143, 1636470431315, 172, 0, 172, 0, 0, 0
20426, 1, 1636470431315, 1636470431491, 176, 0, 176, 0, 0, 0
20427, 1, 1636470431323, 1636470431495, 172, 0, 172, 0, 0, 0
20428, 1, 1636470431359, 1636470431531, 172, 0, 172, 0, 0, 0
20429, 1, 1636470431383, 1636470431559, 176, 0, 176, 0, 0, 0
20425, 1, 1636470431467, 1636470431639, 172, 0, 172, 0, 0, 0
20431, 1, 1636470431495, 1636470431667, 172, 0, 172, 0, 0, 0
20433, 1, 1636470431635, 1636470431807, 172, 0, 172, 0, 0, 0
20434, 1, 1636470431671, 1636470431843, 172, 0, 172, 0, 0, 0
20430, 1, 1636470431671, 1636470431843, 172, 0, 172, 0, 0, 0
20432, 1, 1636470431815, 1636470431987, 172, 0, 172, 0, 0, 0
20435, 1, 1636470431827, 1636470431999, 172, 0, 172, 0, 0, 0
20436, 1, 1636470432163, 1636470432335, 172, 0, 172, 0, 0, 0
20438, 1, 1636470432243, 1636470432415, 172, 0, 172, 0, 0, 0
20439, 1, 1636470432263, 1636470432439, 176, 0, 176, 0, 0, 0
20440, 1, 1636470432347, 1636470432519, 172, 0, 172, 0, 0, 0
20441, 1, 1636470432387, 1636470432563, 176, 0, 176, 0, 0, 0
20437, 1, 1636470432511, 1636470432683, 172, 0, 172, 0, 0, 0
20442, 1, 1636470432643, 1636470432815, 172, 0, 172, 0, 0, 0
20443, 1, 1636470433111, 1636470433287, 176, 0, 176, 0, 0, 0
20444, 1, 1636470433219, 1636470433395, 176, 0, 176, 0, 0, 0
20446, 1, 1636470433255, 1636470433427, 172, 0, 172, 0, 0, 0
20445, 1, 1636470433255, 1636470433427, 172, 0, 172, 0, 0, 0
20447, 1, 1636470433283, 1636470433455, 172, 0, 172, 0, 0, 0
20448, 1, 1636470433291, 1636470433463, 172, 0, 172, 0, 0, 0
20450, 1, 1636470433423, 1636470433595, 172, 0, 172, 0, 0, 0
20451, 1, 1636470433491, 1636470433663, 172, 0, 172, 0, 0, 0
20449, 1, 1636470433627, 1636470433799, 172, 0, 172, 0, 0, 0
20452, 1, 1636470433647, 1636470433819, 172, 0, 172, 0, 0, 0
20453, 1, 1636470433687, 1636470433859, 172, 0, 172, 0, 0, 0
20454, 1, 1636470433751, 1636470433923, 172, 0, 172, 0, 0, 0
20455, 1, 1636470433947, 1636470434119, 172, 0, 172, 0, 0, 0
20456, 1, 1636470434027, 1636470434207, 180, 0, 180, 0, 0, 0
20457, 1, 1636470434195, 1636470434367, 172, 0, 172, 0, 0, 0
20458, 1, 1636470434275, 1636470434447, 172, 0, 172, 0, 0, 0
20459, 1, 1636470434351, 1636470434523, 172, 0, 172, 0, 0, 0
20460, 1, 1636470434379, 1636470434551, 172, 0, 172, 0, 0, 0
20461, 1, 1636470434503, 1636470434675, 172, 0, 172, 0, 0, 0
20462, 1, 1636470434583, 1636470434755, 172, 0, 172, 0, 0, 0
20463, 1, 1636470435051, 1636470435223, 172, 0, 172, 0, 0, 0
20464, 1, 1636470435155, 1636470435327, 172, 0, 172, 0, 0, 0
20465, 1, 1636470435207, 1636470435379, 172, 0, 172, 0, 0, 0
20466, 1, 1636470435239, 1636470435411, 172, 0, 172, 0, 0, 0
20468, 1, 1636470435255, 1636470435427, 172, 0, 172, 0, 0, 0
20467, 1, 1636470435255, 1636470435431, 176, 0, 176, 0, 0, 0
20470, 1, 1636470435307, 1636470435479, 172, 0, 172, 0, 0, 0
20471, 1, 1636470435395, 1636470435567, 172, 0, 172, 0, 0, 0
20469, 1, 1636470435503, 1636470435675, 172, 0, 172, 0, 0, 0
20472, 1, 1636470435627, 1636470435799, 172, 0, 172, 0, 0, 0
20473, 1, 1636470435671, 1636470435843, 172, 0, 172, 0, 0, 0
20474, 1, 1636470435687, 1636470435863, 176, 0, 176, 0, 0, 0
20475, 1, 1636470435995, 1636470436167, 172, 0, 172, 0, 0, 0
20476, 1, 1636470436055, 1636470436227, 172, 0, 172, 0, 0, 0
20477, 1, 1636470436207, 1636470436379, 172, 0, 172, 0, 0, 0
20478, 1, 1636470436255, 1636470436427, 172, 0, 172, 0, 0, 0
20479, 1, 1636470436263, 1636470436435, 172, 0, 172, 0, 0, 0
20480, 1, 1636470436319, 1636470436491, 172, 0, 172, 0, 0, 0
20481, 1, 1636470436583, 1636470436755, 172, 0, 172, 0, 0, 0
20482, 1, 1636470436591, 1636470436763, 172, 0, 172, 0, 0, 0
20483, 1, 1636470437119, 1636470437291, 172, 0, 172, 0, 0, 0
20485, 1, 1636470437175, 1636470437347, 172, 0, 172, 0, 0, 0
20486, 1, 1636470437191, 1636470437363, 172, 0, 172, 0, 0, 0
20487, 1, 1636470437231, 1636470437407, 176, 0, 176, 0, 0, 0
20488, 1, 1636470437247, 1636470437419, 172, 0, 172, 0, 0, 0
20489, 1, 1636470437263, 1636470437435, 172, 0, 172, 0, 0, 0
20490, 1, 1636470437347, 1636470437519, 172, 0, 172, 0, 0, 0
20484, 1, 1636470437467, 1636470437639, 172, 0, 172, 0, 0, 0
20492, 1, 1636470437515, 1636470437687, 172, 0, 172, 0, 0, 0
20491, 1, 1636470437611, 1636470437783, 172, 0, 172, 0, 0, 0
20493, 1, 1636470437659, 1636470437835, 176, 0, 176, 0, 0, 0
20494, 1, 1636470437715, 1636470437887, 172, 0, 172, 0, 0, 0
20495, 1, 1636470437999, 1636470438171, 172, 0, 172, 0, 0, 0
20496, 1, 1636470438147, 1636470438319, 172, 0, 172, 0, 0, 0
20497, 1, 1636470438171, 1636470438343, 172, 0, 172, 0, 0, 0
20498, 1, 1636470438303, 1636470438475, 172, 0, 172, 0, 0, 0
20499, 1, 1636470438323, 1636470438495, 172, 0, 172, 0, 0, 0
20500, 1, 1636470438331, 1636470438503, 172, 0, 172, 0, 0, 0
20501, 1, 1636470438559, 1636470438735, 176, 0, 176, 0, 0, 0
20502, 1, 1636470438707, 1636470438883, 176, 0, 176, 0, 0, 0
20503, 1, 1636470439067, 1636470439239, 172, 0, 172, 0, 0, 0
20504, 1, 1636470439087, 1636470439259, 172, 0, 172, 0, 0, 0
20505, 1, 1636470439127, 1636470439299, 172, 0, 172, 0, 0, 0
20507, 1, 1636470439151, 1636470439323, 172, 0, 172, 0, 0, 0
20508, 1, 1636470439175, 1636470439347, 172, 0, 172, 0, 0, 0
20509, 1, 1636470439283, 1636470439455, 172, 0, 172, 0, 0, 0
20510, 1, 1636470439399, 1636470439575, 176, 0, 176, 0, 0, 0
20506, 1, 1636470439411, 1636470439583, 172, 0, 172, 0, 0, 0
20511, 1, 1636470439459, 1636470439631, 172, 0, 172, 0, 0, 0
20512, 1, 1636470439479, 1636470439651, 172, 0, 172, 0, 0, 0
20513, 1, 1636470439663, 1636470439835, 172, 0, 172, 0, 0, 0
20514, 1, 1636470439683, 1636470439863, 180, 0, 180, 0, 0, 0
20515, 1, 1636470440035, 1636470440207, 172, 0, 172, 0, 0, 0
20516, 1, 1636470440119, 1636470440291, 172, 0, 172, 0, 0, 0
20517, 1, 1636470440223, 1636470440395, 172, 0, 172, 0, 0, 0
20518, 1, 1636470440243, 1636470440415, 172, 0, 172, 0, 0, 0
20519, 1, 1636470440275, 1636470440447, 172, 0, 172, 0, 0, 0
20520, 1, 1636470440379, 1636470440551, 172, 0, 172, 0, 0, 0
20521, 1, 1636470440611, 1636470440783, 172, 0, 172, 0, 0, 0
20522, 1, 1636470440775, 1636470440947, 172, 0, 172, 0, 0, 0
20523, 1, 1636470441039, 1636470441211, 172, 0, 172, 0, 0, 0
20524, 1, 1636470441063, 1636470441235, 172, 0, 172, 0, 0, 0
20525, 1, 1636470441127, 1636470441303, 176, 0, 176, 0, 0, 0
20526, 1, 1636470441143, 1636470441315, 172, 0, 172, 0, 0, 0
20529, 1, 1636470441335, 1636470441507, 172, 0, 172, 0, 0, 0
20530, 1, 1636470441339, 1636470441511, 172, 0, 172, 0, 0, 0
20531, 1, 1636470441387, 1636470441563, 176, 0, 176, 0, 0, 0
20532, 1, 1636470441507, 1636470441679, 172, 0, 172, 0, 0, 0
20533, 1, 1636470441755, 1636470441927, 172, 0, 172, 0, 0, 0
20534, 1, 1636470441779, 1636470441951, 172, 0, 172, 0, 0, 0
20535, 1, 1636470441991, 1636470442163, 172, 0, 172, 0, 0, 0
20536, 1, 1636470442135, 1636470442307, 172, 0, 172, 0, 0, 0
20537, 1, 1636470442275, 1636470442451, 176, 0, 176, 0, 0, 0
20538, 1, 1636470442495, 1636470442671, 176, 0, 176, 0, 0, 0
20539, 1, 1636470442667, 1636470442839, 172, 0, 172, 0, 0, 0
20540, 1, 1636470443031, 1636470443203, 172, 0, 172, 0, 0, 0
20541, 1, 1636470443047, 1636470443223, 176, 0, 176, 0, 0, 0
20542, 1, 1636470443087, 1636470443259, 172, 0, 172, 0, 0, 0
20543, 1, 1636470443223, 1636470443399, 176, 0, 176, 0, 0, 0
20544, 1, 1636470443243, 1636470443419, 176, 0, 176, 0, 0, 0
20545, 1, 1636470443455, 1636470443627, 172, 0, 172, 0, 0, 0
20546, 1, 1636470443455, 1636470443631, 176, 0, 176, 0, 0, 0
20549, 1, 1636470443651, 1636470443823, 172, 0, 172, 0, 0, 0
20547, 1, 1636470443683, 1636470443855, 172, 0, 172, 0, 0, 0
20548, 1, 1636470443683, 1636470443855, 172, 0, 172, 0, 0, 0
20550, 1, 1636470443871, 1636470444043, 172, 0, 172, 0, 0, 0
20551, 1, 1636470443875, 1636470444047, 172, 0, 172, 0, 0, 0
20552, 1, 1636470444087, 1636470444263, 176, 0, 176, 0, 0, 0
20553, 1, 1636470444391, 1636470444571, 180, 0, 180, 0, 0, 0
20554, 1, 1636470444607, 1636470444783, 176, 0, 176, 0, 0, 0
20555, 1, 1636470444799, 1636470444975, 176, 0, 176, 0, 0, 0
20556, 1, 1636470445043, 1636470445219, 176, 0, 176, 0, 0, 0
20558, 1, 1636470445111, 1636470445287, 176, 0, 176, 0, 0, 0
20559, 1, 1636470445127, 1636470445303, 176, 0, 176, 0, 0, 0
20560, 1, 1636470445175, 1636470445347, 172, 0, 172, 0, 0, 0
20557, 1, 1636470445391, 1636470445567, 176, 0, 176, 0, 0, 0
20561, 1, 1636470445499, 1636470445671, 172, 0, 172, 0, 0, 0
20562, 1, 1636470445531, 1636470445703, 172, 0, 172, 0, 0, 0
20563, 1, 1636470445551, 1636470445727, 176, 0, 176, 0, 0, 0
20564, 1, 1636470445571, 1636470445743, 172, 0, 172, 0, 0, 0
20565, 1, 1636470445759, 1636470445931, 172, 0, 172, 0, 0, 0
20566, 1, 1636470445779, 1636470445951, 172, 0, 172, 0, 0, 0
20567, 1, 1636470446287, 1636470446463, 176, 0, 176, 0, 0, 0
20568, 1, 1636470446819, 1636470446995, 176, 0, 176, 0, 0, 0
20570, 1, 1636470447035, 1636470447207, 172, 0, 172, 0, 0, 0
20569, 1, 1636470447035, 1636470447211, 176, 0, 176, 0, 0, 0
20571, 1, 1636470447091, 1636470447263, 172, 0, 172, 0, 0, 0
20572, 1, 1636470447123, 1636470447299, 176, 0, 176, 0, 0, 0
20573, 1, 1636470447207, 1636470447379, 172, 0, 172, 0, 0, 0
20574, 1, 1636470447387, 1636470447559, 172, 0, 172, 0, 0, 0
20575, 1, 1636470447431, 1636470447603, 172, 0, 172, 0, 0, 0
20576, 1, 1636470447579, 1636470447751, 172, 0, 172, 0, 0, 0
20577, 1, 1636470447651, 1636470447823, 172, 0, 172, 0, 0, 0
20578, 1, 1636470447879, 1636470448055, 176, 0, 176, 0, 0, 0
20579, 1, 1636470448203, 1636470448375, 172, 0, 172, 0, 0, 0
20580, 1, 1636470448923, 1636470449095, 172, 0, 172, 0, 0, 0
20581, 1, 1636470449075, 1636470449247, 172, 0, 172, 0, 0, 0
20582, 1, 1636470449179, 1636470449355, 176, 0, 176, 0, 0, 0
20583, 1, 1636470449243, 1636470449419, 176, 0, 176, 0, 0, 0
20584, 1, 1636470449343, 1636470449515, 172, 0, 172, 0, 0, 0
20585, 1, 1636470449507, 1636470449683, 176, 0, 176, 0, 0, 0
20586, 1, 1636470449539, 1636470449711, 172, 0, 172, 0, 0, 0
20587, 1, 1636470449831, 1636470450003, 172, 0, 172, 0, 0, 0
20588, 1, 1636470450099, 1636470450271, 172, 0, 172, 0, 0, 0
20589, 1, 1636470451031, 1636470451203, 172, 0, 172, 0, 0, 0
20590, 1, 1636470451127, 1636470451299, 172, 0, 172, 0, 0, 0
20591, 1, 1636470451355, 1636470451527, 172, 0, 172, 0, 0, 0
20592, 1, 1636470451443, 1636470451615, 172, 0, 172, 0, 0, 0
20593, 1, 1636470451455, 1636470451627, 172, 0, 172, 0, 0, 0
20594, 1, 1636470451635, 1636470451807, 172, 0, 172, 0, 0, 0
20595, 1, 1636470452179, 1636470452355, 176, 0, 176, 0, 0, 0
20596, 1, 1636470452983, 1636470453155, 172, 0, 172, 0, 0, 0
20597, 1, 1636470453243, 1636470453415, 172, 0, 172, 0, 0, 0
20598, 1, 1636470453587, 1636470453759, 172, 0, 172, 0, 0, 0
20599, 1, 1636470454127, 1636470454299, 172, 0, 172, 0, 0, 0
20600, 1, 1636470455351, 1636470455523, 172, 0, 172, 0, 0, 0
20601, 1, 1636470586679, 1636470586855, 176, 0, 176, 0, 0, 0
20602, 1, 1636470587255, 1636470587427, 172, 0, 172, 0, 0, 0
20603, 1, 1636470587791, 1636470587963, 172, 0, 172, 0, 0, 0
20604, 1, 1636470588003, 1636470588179, 176, 0, 176, 0, 0, 0
20605, 1, 1636470588323, 1636470588495, 172, 0, 172, 0, 0, 0
20606, 1, 1636470588554, 1636470588727, 173, 0, 173, 0, 0, 0
20607, 1, 1636470588847, 1636470589019, 172, 0, 172, 0, 0, 0
20608, 1, 1636470589091, 1636470589263, 172, 0, 172, 0, 0, 0
20609, 1, 1636470589307, 1636470589483, 176, 0, 176, 0, 0, 0
20610, 1, 1636470589471, 1636470589643, 172, 0, 172, 0, 0, 0
20611, 1, 1636470589619, 1636470589791, 172, 0, 172, 0, 0, 0
20612, 1, 1636470589855, 1636470590027, 172, 0, 172, 0, 0, 0
20613, 1, 1636470590051, 1636470590223, 172, 0, 172, 0, 0, 0
20614, 1, 1636470590147, 1636470590319, 172, 0, 172, 0, 0, 0
20615, 1, 1636470590387, 1636470590563, 176, 0, 176, 0, 0, 0
20616, 1, 1636470590643, 1636470590815, 172, 0, 172, 0, 0, 0
20617, 1, 1636470590763, 1636470590935, 172, 0, 172, 0, 0, 0
20618, 1, 1636470590899, 1636470591075, 176, 0, 176, 0, 0, 0
20619, 1, 1636470590987, 1636470591159, 172, 0, 172, 0, 0, 0
20620, 1, 1636470591191, 1636470591363, 172, 0, 172, 0, 0, 0
20621, 1, 1636470591347, 1636470591519, 172, 0, 172, 0, 0, 0
20622, 1, 1636470591451, 1636470591623, 172, 0, 172, 0, 0, 0
20623, 1, 1636470591611, 1636470591787, 176, 0, 176, 0, 0, 0
20624, 1, 1636470591731, 1636470591903, 172, 0, 172, 0, 0, 0
20625, 1, 1636470592039, 1636470592211, 172, 0, 172, 0, 0, 0
20626, 1, 1636470592047, 1636470592219, 172, 0, 172, 0, 0, 0
20627, 1, 1636470592159, 1636470592331, 172, 0, 172, 0, 0, 0
20628, 1, 1636470592235, 1636470592407, 172, 0, 172, 0, 0, 0
20629, 1, 1636470592307, 1636470592479, 172, 0, 172, 0, 0, 0
20630, 1, 1636470592599, 1636470592771, 172, 0, 172, 0, 0, 0
20631, 1, 1636470592647, 1636470592819, 172, 0, 172, 0, 0, 0
20632, 1, 1636470592783, 1636470592955, 172, 0, 172, 0, 0, 0
20633, 1, 1636470592931, 1636470593103, 172, 0, 172, 0, 0, 0
20634, 1, 1636470593127, 1636470593299, 172, 0, 172, 0, 0, 0
20636, 1, 1636470593407, 1636470593579, 172, 0, 172, 0, 0, 0
20635, 1, 1636470593475, 1636470593647, 172, 0, 172, 0, 0, 0
20637, 1, 1636470593479, 1636470593651, 172, 0, 172, 0, 0, 0
20638, 1, 1636470593583, 1636470593755, 172, 0, 172, 0, 0, 0
20639, 1, 1636470593819, 1636470593991, 172, 0, 172, 0, 0, 0
20641, 1, 1636470594015, 1636470594187, 172, 0, 172, 0, 0, 0
20640, 1, 1636470594167, 1636470594339, 172, 0, 172, 0, 0, 0
20643, 1, 1636470594215, 1636470594387, 172, 0, 172, 0, 0, 0
20644, 1, 1636470594315, 1636470594487, 172, 0, 172, 0, 0, 0
20642, 1, 1636470594515, 1636470594687, 172, 0, 172, 0, 0, 0
20646, 1, 1636470594739, 1636470594911, 172, 0, 172, 0, 0, 0
20647, 1, 1636470594755, 1636470594927, 172, 0, 172, 0, 0, 0
20645, 1, 1636470594867, 1636470595039, 172, 0, 172, 0, 0, 0
20649, 1, 1636470594947, 1636470595123, 176, 0, 176, 0, 0, 0
20651, 1, 1636470595087, 1636470595259, 172, 0, 172, 0, 0, 0
20652, 1, 1636470595439, 1636470595611, 172, 0, 172, 0, 0, 0
20655, 1, 1636470595547, 1636470595719, 172, 0, 172, 0, 0, 0
20656, 1, 1636470595635, 1636470595807, 172, 0, 172, 0, 0, 0
20657, 1, 1636470595787, 1636470595959, 172, 0, 172, 0, 0, 0
20659, 1, 1636470596119, 1636470596291, 172, 0, 172, 0, 0, 0
20660, 1, 1636470596127, 1636470596299, 172, 0, 172, 0, 0, 0
20658, 1, 1636470596135, 1636470596307, 172, 0, 172, 0, 0, 0
20663, 1, 1636470596355, 1636470596527, 172, 0, 172, 0, 0, 0
20661, 1, 1636470596483, 1636470596655, 172, 0, 172, 0, 0, 0
20664, 1, 1636470596623, 1636470596795, 172, 0, 172, 0, 0, 0
20665, 1, 1636470596911, 1636470597083, 172, 0, 172, 0, 0, 0
20667, 1, 1636470596987, 1636470597159, 172, 0, 172, 0, 0, 0
20668, 1, 1636470597047, 1636470597219, 172, 0, 172, 0, 0, 0
20669, 1, 1636470597131, 1636470597303, 172, 0, 172, 0, 0, 0
20670, 1, 1636470597483, 1636470597655, 172, 0, 172, 0, 0, 0
20672, 1, 1636470597483, 1636470597655, 172, 0, 172, 0, 0, 0
20671, 1, 1636470597495, 1636470597667, 172, 0, 172, 0, 0, 0
20674, 1, 1636470597583, 1636470597755, 172, 0, 172, 0, 0, 0
20675, 1, 1636470597651, 1636470597831, 180, 0, 180, 0, 0, 0
20677, 1, 1636470597755, 1636470597931, 176, 0, 176, 0, 0, 0
20676, 1, 1636470597831, 1636470598003, 172, 0, 172, 0, 0, 0
20678, 1, 1636470597859, 1636470598031, 172, 0, 172, 0, 0, 0
20679, 1, 1636470597979, 1636470598151, 172, 0, 172, 0, 0, 0
20680, 1, 1636470598275, 1636470598447, 172, 0, 172, 0, 0, 0
20681, 1, 1636470598283, 1636470598455, 172, 0, 172, 0, 0, 0
20682, 1, 1636470598323, 1636470598495, 172, 0, 172, 0, 0, 0
20683, 1, 1636470598363, 1636470598534, 171, 0, 171, 0, 0, 0
20684, 1, 1636470598487, 1636470598659, 172, 0, 172, 0, 0, 0
20685, 1, 1636470598683, 1636470598859, 176, 0, 176, 0, 0, 0
20686, 1, 1636470598683, 1636470598859, 176, 0, 176, 0, 0, 0
20687, 1, 1636470598699, 1636470598871, 172, 0, 172, 0, 0, 0
20688, 1, 1636470598847, 1636470599019, 172, 0, 172, 0, 0, 0
20689, 1, 1636470598855, 1636470599027, 172, 0, 172, 0, 0, 0
20690, 1, 1636470598935, 1636470599107, 172, 0, 172, 0, 0, 0
20692, 1, 1636470598995, 1636470599167, 172, 0, 172, 0, 0, 0
20673, 1, 1636470599039, 1636470599211, 172, 0, 172, 0, 0, 0
20691, 1, 1636470599051, 1636470599223, 172, 0, 172, 0, 0, 0
20693, 1, 1636470599051, 1636470599223, 172, 0, 172, 0, 0, 0
20694, 1, 1636470599075, 1636470599247, 172, 0, 172, 0, 0, 0
20695, 1, 1636470599303, 1636470599475, 172, 0, 172, 0, 0, 0
20696, 1, 1636470599371, 1636470599543, 172, 0, 172, 0, 0, 0
20698, 1, 1636470599643, 1636470599819, 176, 0, 176, 0, 0, 0
20697, 1, 1636470599643, 1636470599819, 176, 0, 176, 0, 0, 0
20699, 1, 1636470599655, 1636470599831, 176, 0, 176, 0, 0, 0
20701, 1, 1636470599662, 1636470599835, 173, 1, 172, 1, 0, 1
20700, 1, 1636470599694, 1636470599867, 173, 1, 172, 0, 0, 0
20702, 1, 1636470599783, 1636470599955, 172, 0, 172, 0, 0, 0
20703, 1, 1636470599887, 1636470600059, 172, 0, 172, 0, 0, 0
20704, 1, 1636470599919, 1636470600091, 172, 0, 172, 0, 0, 0
20705, 1, 1636470599975, 1636470600151, 176, 0, 176, 0, 0, 0
20706, 1, 1636470599991, 1636470600163, 172, 0, 172, 0, 0, 0
20707, 1, 1636470600115, 1636470600287, 172, 0, 172, 0, 0, 0
20708, 1, 1636470600227, 1636470600399, 172, 0, 172, 0, 0, 0
20709, 1, 1636470600255, 1636470600427, 172, 0, 172, 0, 0, 0
20710, 1, 1636470600323, 1636470600495, 172, 0, 172, 0, 0, 0
20711, 1, 1636470600355, 1636470600527, 172, 0, 172, 0, 0, 0
20712, 1, 1636470600367, 1636470600543, 176, 0, 176, 0, 0, 0
20713, 1, 1636470600391, 1636470600563, 172, 0, 172, 0, 0, 0
20714, 1, 1636470600391, 1636470600563, 172, 0, 172, 0, 0, 0
20715, 1, 1636470600527, 1636470600699, 172, 0, 172, 0, 0, 0
20716, 1, 1636470600639, 1636470600815, 176, 0, 176, 0, 0, 0
20717, 1, 1636470600943, 1636470601119, 176, 0, 176, 0, 0, 0
20719, 1, 1636470600971, 1636470601143, 172, 0, 172, 0, 0, 0
20718, 1, 1636470600967, 1636470601143, 176, 0, 176, 0, 0, 0
20720, 1, 1636470600983, 1636470601159, 176, 0, 176, 0, 0, 0
20722, 1, 1636470601083, 1636470601255, 172, 0, 172, 0, 0, 0
20723, 1, 1636470601203, 1636470601375, 172, 0, 172, 0, 0, 0
20724, 1, 1636470601215, 1636470601387, 172, 0, 172, 0, 0, 0
20725, 1, 1636470601255, 1636470601427, 172, 0, 172, 0, 0, 0
20726, 1, 1636470601275, 1636470601447, 172, 0, 172, 0, 0, 0
20721, 1, 1636470601319, 1636470601491, 172, 0, 172, 0, 0, 0
20727, 1, 1636470601383, 1636470601559, 176, 0, 176, 0, 0, 0
20728, 1, 1636470601559, 1636470601731, 172, 0, 172, 0, 0, 0
20729, 1, 1636470601627, 1636470601799, 172, 0, 172, 0, 0, 0
20731, 1, 1636470601659, 1636470601831, 172, 0, 172, 0, 0, 0
20730, 1, 1636470601667, 1636470601839, 172, 0, 172, 0, 0, 0
20732, 1, 1636470601694, 1636470601867, 173, 0, 173, 0, 0, 0
20734, 1, 1636470601715, 1636470601887, 172, 0, 172, 0, 0, 0
20735, 1, 1636470601819, 1636470601991, 172, 0, 172, 0, 0, 0
20736, 1, 1636470601915, 1636470602087, 172, 0, 172, 0, 0, 0
20733, 1, 1636470602015, 1636470602187, 172, 0, 172, 0, 0, 0
20737, 1, 1636470602235, 1636470602407, 172, 0, 172, 0, 0, 0
20738, 1, 1636470602307, 1636470602479, 172, 0, 172, 0, 0, 0
20740, 1, 1636470602355, 1636470602527, 172, 0, 172, 0, 0, 0
20739, 1, 1636470602359, 1636470602530, 171, 0, 171, 0, 0, 0
20742, 1, 1636470602383, 1636470602555, 172, 0, 172, 0, 0, 0
20743, 1, 1636470602479, 1636470602651, 172, 0, 172, 0, 0, 0
20744, 1, 1636470602503, 1636470602675, 172, 0, 172, 0, 0, 0
20745, 1, 1636470602535, 1636470602707, 172, 0, 172, 0, 0, 0
20746, 1, 1636470602575, 1636470602747, 172, 0, 172, 0, 0, 0
20747, 1, 1636470602679, 1636470602851, 172, 0, 172, 0, 0, 0
20741, 1, 1636470602707, 1636470602879, 172, 0, 172, 0, 0, 0
20748, 1, 1636470602883, 1636470603059, 176, 0, 176, 0, 0, 0
20750, 1, 1636470602891, 1636470603067, 176, 0, 176, 0, 0, 0
20751, 1, 1636470602979, 1636470603155, 176, 0, 176, 0, 0, 0
20752, 1, 1636470602994, 1636470603167, 173, 1, 172, 1, 0, 1
20749, 1, 1636470603055, 1636470603227, 172, 0, 172, 0, 0, 0
20753, 1, 1636470603071, 1636470603243, 172, 0, 172, 0, 0, 0
20755, 1, 1636470603114, 1636470603287, 173, 1, 172, 0, 0, 0
20756, 1, 1636470603203, 1636470603375, 172, 0, 172, 0, 0, 0
20754, 1, 1636470603402, 1636470603575, 173, 1, 172, 0, 0, 0
20757, 1, 1636470603499, 1636470603671, 172, 0, 172, 0, 0, 0
20759, 1, 1636470603699, 1636470603871, 172, 0, 172, 0, 0, 0
20761, 1, 1636470603743, 1636470603915, 172, 0, 172, 0, 0, 0
20758, 1, 1636470603751, 1636470603923, 172, 0, 172, 0, 0, 0
20762, 1, 1636470603759, 1636470603931, 172, 0, 172, 0, 0, 0
20763, 1, 1636470603763, 1636470603939, 176, 0, 176, 0, 0, 0
20764, 1, 1636470603803, 1636470603975, 172, 0, 172, 0, 0, 0
20766, 1, 1636470603955, 1636470604127, 172, 0, 172, 0, 0, 0
20767, 1, 1636470604063, 1636470604235, 172, 0, 172, 0, 0, 0
20760, 1, 1636470604099, 1636470604271, 172, 0, 172, 0, 0, 0
20765, 1, 1636470604107, 1636470604279, 172, 0, 172, 0, 0, 0
20769, 1, 1636470604219, 1636470604391, 172, 0, 172, 0, 0, 0
20771, 1, 1636470604331, 1636470604503, 172, 0, 172, 0, 0, 0
20772, 1, 1636470604371, 1636470604543, 172, 0, 172, 0, 0, 0
20773, 1, 1636470604383, 1636470604555, 172, 0, 172, 0, 0, 0
20770, 1, 1636470604447, 1636470604619, 172, 0, 172, 0, 0, 0
20768, 1, 1636470604459, 1636470604631, 172, 0, 172, 0, 0, 0
20776, 1, 1636470604587, 1636470604759, 172, 0, 172, 0, 0, 0
20777, 1, 1636470604775, 1636470604947, 172, 0, 172, 0, 0, 0
20774, 1, 1636470604791, 1636470604971, 180, 0, 180, 0, 0, 0
20775, 1, 1636470604807, 1636470604979, 172, 0, 172, 0, 0, 0
20779, 1, 1636470605043, 1636470605215, 172, 0, 172, 0, 0, 0
20782, 1, 1636470605131, 1636470605303, 172, 0, 172, 0, 0, 0
20783, 1, 1636470605131, 1636470605303, 172, 0, 172, 0, 0, 0
20778, 1, 1636470605147, 1636470605319, 172, 0, 172, 0, 0, 0
20780, 1, 1636470605155, 1636470605331, 176, 0, 176, 0, 0, 0
20785, 1, 1636470605195, 1636470605367, 172, 0, 172, 0, 0, 0
20786, 1, 1636470605323, 1636470605495, 172, 0, 172, 0, 0, 0
20787, 1, 1636470605355, 1636470605527, 172, 0, 172, 0, 0, 0
20784, 1, 1636470605495, 1636470605667, 172, 0, 172, 0, 0, 0
20781, 1, 1636470605507, 1636470605679, 172, 0, 172, 0, 0, 0
20788, 1, 1636470605539, 1636470605711, 172, 0, 172, 0, 0, 0
20793, 1, 1636470605743, 1636470605915, 172, 0, 172, 0, 0, 0
20794, 1, 1636470605759, 1636470605931, 172, 0, 172, 0, 0, 0
20795, 1, 1636470605827, 1636470605999, 172, 0, 172, 0, 0, 0
20796, 1, 1636470605871, 1636470606043, 172, 0, 172, 0, 0, 0
20798, 1, 1636470606410, 1636470606587, 177, 1, 176, 0, 0, 0
20799, 1, 1636470606451, 1636470606623, 172, 0, 172, 0, 0, 0
20801, 1, 1636470606455, 1636470606631, 176, 0, 176, 0, 0, 0
20803, 1, 1636470606486, 1636470606659, 173, 1, 172, 0, 1, 1
20804, 1, 1636470606539, 1636470606711, 172, 0, 172, 0, 0, 0
20805, 1, 1636470606567, 1636470606739, 172, 0, 172, 0, 0, 0
20806, 1, 1636470606703, 1636470606875, 172, 0, 172, 0, 0, 0
20807, 1, 1636470606755, 1636470606927, 172, 0, 172, 0, 0, 0
20808, 1, 1636470606915, 1636470607087, 172, 0, 172, 0, 0, 0
20809, 1, 1636470607091, 1636470607263, 172, 0, 172, 0, 0, 0
20811, 1, 1636470607191, 1636470607363, 172, 0, 172, 0, 0, 0
20812, 1, 1636470607271, 1636470607443, 172, 0, 172, 0, 0, 0
20813, 1, 1636470607799, 1636470607971, 172, 0, 172, 0, 0, 0
20815, 1, 1636470607831, 1636470608007, 176, 0, 176, 0, 0, 0
20816, 1, 1636470607839, 1636470608015, 176, 0, 176, 0, 0, 0
20802, 1, 1636470607847, 1636470608027, 180, 0, 180, 0, 0, 0
20817, 1, 1636470607855, 1636470608027, 172, 0, 172, 0, 0, 0
20818, 1, 1636470607951, 1636470608123, 172, 0, 172, 0, 0, 0
20819, 1, 1636470608019, 1636470608191, 172, 0, 172, 0, 0, 0
20820, 1, 1636470608063, 1636470608235, 172, 0, 172, 0, 0, 0
20821, 1, 1636470608107, 1636470608283, 176, 0, 176, 0, 0, 0
20824, 1, 1636470608127, 1636470608299, 172, 0, 172, 0, 0, 0
20823, 1, 1636470608127, 1636470608299, 172, 0, 172, 0, 0, 0
20825, 1, 1636470608299, 1636470608471, 172, 0, 172, 0, 0, 0
20827, 1, 1636470608471, 1636470608643, 172, 0, 172, 0, 0, 0
20829, 1, 1636470608475, 1636470608647, 172, 0, 172, 0, 0, 0
20826, 1, 1636470608475, 1636470608647, 172, 0, 172, 0, 0, 0
20830, 1, 1636470608563, 1636470608735, 172, 0, 172, 0, 0, 0
20831, 1, 1636470608791, 1636470608963, 172, 0, 172, 0, 0, 0
20832, 1, 1636470609067, 1636470609239, 172, 0, 172, 0, 0, 0
20833, 1, 1636470609103, 1636470609275, 172, 0, 172, 0, 0, 0
20834, 1, 1636470609123, 1636470609295, 172, 0, 172, 0, 0, 0
20835, 1, 1636470609179, 1636470609351, 172, 0, 172, 0, 0, 0
20836, 1, 1636470609303, 1636470609479, 176, 0, 176, 0, 0, 0
20837, 1, 1636470609323, 1636470609495, 172, 0, 172, 0, 0, 0
20839, 1, 1636470609335, 1636470609507, 172, 0, 172, 0, 0, 0
20840, 1, 1636470609387, 1636470609559, 172, 0, 172, 0, 0, 0
20841, 1, 1636470609419, 1636470609591, 172, 0, 172, 0, 0, 0
20842, 1, 1636470609503, 1636470609679, 176, 0, 176, 0, 0, 0
20843, 1, 1636470609683, 1636470609855, 172, 0, 172, 0, 0, 0
20845, 1, 1636470609747, 1636470609919, 172, 0, 172, 0, 0, 0
20844, 1, 1636470609771, 1636470609943, 172, 0, 172, 0, 0, 0
20846, 1, 1636470609799, 1636470609971, 172, 0, 172, 0, 0, 0
20847, 1, 1636470609843, 1636470610019, 176, 0, 176, 0, 0, 0
20848, 1, 1636470609995, 1636470610167, 172, 0, 172, 0, 0, 0
20849, 1, 1636470610171, 1636470610343, 172, 0, 172, 0, 0, 0
20850, 1, 1636470610359, 1636470610535, 176, 0, 176, 0, 0, 0
20851, 1, 1636470610387, 1636470610567, 180, 0, 180, 0, 0, 0
20852, 1, 1636470610395, 1636470610571, 176, 0, 176, 0, 0, 0
20853, 1, 1636470610467, 1636470610639, 172, 0, 172, 0, 0, 0
20854, 1, 1636470610575, 1636470610747, 172, 0, 172, 0, 0, 0
20838, 1, 1636470610595, 1636470610771, 176, 0, 176, 0, 0, 0
20856, 1, 1636470610659, 1636470610831, 172, 0, 172, 0, 0, 0
20857, 1, 1636470610671, 1636470610843, 172, 0, 172, 0, 0, 0
20858, 1, 1636470610707, 1636470610879, 172, 0, 172, 0, 0, 0
20859, 1, 1636470610719, 1636470610891, 172, 0, 172, 0, 0, 0
20860, 1, 1636470610783, 1636470610959, 176, 0, 176, 0, 0, 0
20861, 1, 1636470610867, 1636470611039, 172, 0, 172, 0, 0, 0
20855, 1, 1636470610951, 1636470611123, 172, 0, 172, 0, 0, 0
20862, 1, 1636470611007, 1636470611179, 172, 0, 172, 0, 0, 0
20863, 1, 1636470611039, 1636470611211, 172, 0, 172, 0, 0, 0
20865, 1, 1636470611095, 1636470611271, 176, 0, 176, 0, 0, 0
20864, 1, 1636470611131, 1636470611311, 180, 0, 180, 0, 0, 0
20866, 1, 1636470611211, 1636470611383, 172, 0, 172, 0, 0, 0
20867, 1, 1636470611259, 1636470611431, 172, 0, 172, 0, 0, 0
20868, 1, 1636470611315, 1636470611487, 172, 0, 172, 0, 0, 0
20869, 1, 1636470611367, 1636470611539, 172, 0, 172, 0, 0, 0
20870, 1, 1636470611683, 1636470611855, 172, 0, 172, 0, 0, 0
20871, 1, 1636470611687, 1636470611859, 172, 0, 172, 0, 0, 0
20872, 1, 1636470611747, 1636470611919, 172, 0, 172, 0, 0, 0
20873, 1, 1636470611751, 1636470611923, 172, 0, 172, 0, 0, 0
20874, 1, 1636470611883, 1636470612055, 172, 0, 172, 0, 0, 0
20875, 1, 1636470611951, 1636470612123, 172, 0, 172, 0, 0, 0
20876, 1, 1636470611991, 1636470612163, 172, 0, 172, 0, 0, 0
20877, 1, 1636470612019, 1636470612191, 172, 0, 172, 0, 0, 0
20878, 1, 1636470612039, 1636470612211, 172, 0, 172, 0, 0, 0
20879, 1, 1636470612071, 1636470612243, 172, 0, 172, 0, 0, 0
20880, 1, 1636470612107, 1636470612279, 172, 0, 172, 0, 0, 0
20881, 1, 1636470612147, 1636470612319, 172, 0, 172, 0, 0, 0
20882, 1, 1636470612299, 1636470612471, 172, 0, 172, 0, 0, 0
20883, 1, 1636470612395, 1636470612567, 172, 0, 172, 0, 0, 0
20884, 1, 1636470612495, 1636470612667, 172, 0, 172, 0, 0, 0
20885, 1, 1636470612495, 1636470612667, 172, 0, 172, 0, 0, 0
20886, 1, 1636470612495, 1636470612671, 176, 0, 176, 0, 0, 0
20887, 1, 1636470612583, 1636470612755, 172, 0, 172, 0, 0, 0
20888, 1, 1636470612679, 1636470612851, 172, 0, 172, 0, 0, 0
20889, 1, 1636470612695, 1636470612867, 172, 0, 172, 0, 0, 0
20890, 1, 1636470612955, 1636470613127, 172, 0, 172, 0, 0, 0
20891, 1, 1636470613031, 1636470613203, 172, 0, 172, 0, 0, 0
20892, 1, 1636470613051, 1636470613227, 176, 0, 176, 0, 0, 0
20893, 1, 1636470613119, 1636470613291, 172, 0, 172, 0, 0, 0
20894, 1, 1636470613207, 1636470613379, 172, 0, 172, 0, 0, 0
20895, 1, 1636470613311, 1636470613483, 172, 0, 172, 0, 0, 0
20896, 1, 1636470613343, 1636470613515, 172, 0, 172, 0, 0, 0
20897, 1, 1636470613347, 1636470613519, 172, 0, 172, 0, 0, 0
20898, 1, 1636470613371, 1636470613543, 172, 0, 172, 0, 0, 0
20899, 1, 1636470613399, 1636470613571, 172, 0, 172, 0, 0, 0
20900, 1, 1636470613443, 1636470613615, 172, 0, 172, 0, 0, 0
20901, 1, 1636470613495, 1636470613671, 176, 0, 176, 0, 0, 0
20902, 1, 1636470613695, 1636470613867, 172, 0, 172, 0, 0, 0
20904, 1, 1636470613707, 1636470613879, 172, 0, 172, 0, 0, 0
20905, 1, 1636470613767, 1636470613939, 172, 0, 172, 0, 0, 0
20903, 1, 1636470613791, 1636470613967, 176, 0, 176, 0, 0, 0
20906, 1, 1636470613843, 1636470614015, 172, 0, 172, 0, 0, 0
20907, 1, 1636470613871, 1636470614047, 176, 0, 176, 0, 0, 0
20908, 1, 1636470614071, 1636470614243, 172, 0, 172, 0, 0, 0
20909, 1, 1636470614075, 1636470614247, 172, 0, 172, 0, 0, 0
20910, 1, 1636470614219, 1636470614395, 176, 0, 176, 0, 0, 0
20911, 1, 1636470614363, 1636470614535, 172, 0, 172, 0, 0, 0
20912, 1, 1636470614379, 1636470614551, 172, 0, 172, 0, 0, 0
20913, 1, 1636470614435, 1636470614607, 172, 0, 172, 0, 0, 0
20914, 1, 1636470614603, 1636470614775, 172, 0, 172, 0, 0, 0
20916, 1, 1636470614639, 1636470614811, 172, 0, 172, 0, 0, 0
20915, 1, 1636470614635, 1636470614815, 180, 0, 180, 0, 0, 0
20917, 1, 1636470614711, 1636470614883, 172, 0, 172, 0, 0, 0
20918, 1, 1636470614735, 1636470614907, 172, 0, 172, 0, 0, 0
20919, 1, 1636470614747, 1636470614919, 172, 0, 172, 0, 0, 0
20920, 1, 1636470614775, 1636470614951, 176, 0, 176, 0, 0, 0
20921, 1, 1636470614859, 1636470615031, 172, 0, 172, 0, 0, 0
20924, 1, 1636470615063, 1636470615239, 176, 0, 176, 0, 0, 0
20922, 1, 1636470615083, 1636470615255, 172, 0, 172, 0, 0, 0
20923, 1, 1636470615099, 1636470615275, 176, 0, 176, 0, 0, 0
20925, 1, 1636470615119, 1636470615291, 172, 0, 172, 0, 0, 0
20926, 1, 1636470615147, 1636470615323, 176, 0, 176, 0, 0, 0
20927, 1, 1636470615243, 1636470615415, 172, 0, 172, 0, 0, 0
20928, 1, 1636470615411, 1636470615583, 172, 0, 172, 0, 0, 0
20929, 1, 1636470615427, 1636470615599, 172, 0, 172, 0, 0, 0
20930, 1, 1636470615575, 1636470615747, 172, 0, 172, 0, 0, 0
20931, 1, 1636470615683, 1636470615855, 172, 0, 172, 0, 0, 0
20932, 1, 1636470615727, 1636470615899, 172, 0, 172, 0, 0, 0
20933, 1, 1636470615763, 1636470615935, 172, 0, 172, 0, 0, 0
20934, 1, 1636470615903, 1636470616079, 176, 0, 176, 0, 0, 0
20935, 1, 1636470615983, 1636470616155, 172, 0, 172, 0, 0, 0
20936, 1, 1636470616003, 1636470616175, 172, 0, 172, 0, 0, 0
20938, 1, 1636470616107, 1636470616279, 172, 0, 172, 0, 0, 0
20939, 1, 1636470616119, 1636470616291, 172, 0, 172, 0, 0, 0
20940, 1, 1636470616127, 1636470616299, 172, 0, 172, 0, 0, 0
20941, 1, 1636470616187, 1636470616359, 172, 0, 172, 0, 0, 0
20937, 1, 1636470616351, 1636470616527, 176, 0, 176, 0, 0, 0
20944, 1, 1636470616375, 1636470616547, 172, 0, 172, 0, 0, 0
20945, 1, 1636470616411, 1636470616583, 172, 0, 172, 0, 0, 0
20942, 1, 1636470616475, 1636470616647, 172, 0, 172, 0, 0, 0
20947, 1, 1636470616571, 1636470616747, 176, 0, 176, 0, 0, 0
20948, 1, 1636470616791, 1636470616963, 172, 0, 172, 0, 0, 0
20949, 1, 1636470616807, 1636470616979, 172, 0, 172, 0, 0, 0
20950, 1, 1636470616911, 1636470617083, 172, 0, 172, 0, 0, 0
20952, 1, 1636470617007, 1636470617179, 172, 0, 172, 0, 0, 0
20951, 1, 1636470617007, 1636470617179, 172, 0, 172, 0, 0, 0
20953, 1, 1636470617055, 1636470617231, 176, 0, 176, 0, 0, 0
20954, 1, 1636470617195, 1636470617367, 172, 0, 172, 0, 0, 0
20955, 1, 1636470617375, 1636470617547, 172, 0, 172, 0, 0, 0
20956, 1, 1636470617383, 1636470617555, 172, 0, 172, 0, 0, 0
20957, 1, 1636470617391, 1636470617563, 172, 0, 172, 0, 0, 0
20958, 1, 1636470617411, 1636470617587, 176, 0, 176, 0, 0, 0
20959, 1, 1636470617451, 1636470617623, 172, 0, 172, 0, 0, 0
20960, 1, 1636470617479, 1636470617651, 172, 0, 172, 0, 0, 0
20961, 1, 1636470617499, 1636470617675, 176, 0, 176, 0, 0, 0
20963, 1, 1636470617655, 1636470617831, 176, 0, 176, 0, 0, 0
20964, 1, 1636470617711, 1636470617883, 172, 0, 172, 0, 0, 0
20962, 1, 1636470617799, 1636470617971, 172, 0, 172, 0, 0, 0
20965, 1, 1636470617887, 1636470618059, 172, 0, 172, 0, 0, 0
20966, 1, 1636470618127, 1636470618299, 172, 0, 172, 0, 0, 0
20967, 1, 1636470618151, 1636470618323, 172, 0, 172, 0, 0, 0
20969, 1, 1636470618299, 1636470618475, 176, 0, 176, 0, 0, 0
20968, 1, 1636470618299, 1636470618475, 176, 0, 176, 0, 0, 0
20970, 1, 1636470618351, 1636470618523, 172, 0, 172, 0, 0, 0
20971, 1, 1636470618375, 1636470618547, 172, 0, 172, 0, 0, 0
20972, 1, 1636470618543, 1636470618719, 176, 0, 176, 0, 0, 0
20973, 1, 1636470618699, 1636470618871, 172, 0, 172, 0, 0, 0
20974, 1, 1636470618727, 1636470618899, 172, 0, 172, 0, 0, 0
20975, 1, 1636470618738, 1636470618911, 173, 1, 172, 0, 0, 0
20976, 1, 1636470618742, 1636470618919, 177, 1, 176, 0, 0, 0
20977, 1, 1636470618767, 1636470618939, 172, 0, 172, 0, 0, 0
20978, 1, 1636470618787, 1636470618963, 176, 0, 176, 0, 0, 0
20979, 1, 1636470618827, 1636470618999, 172, 0, 172, 0, 0, 0
20982, 1, 1636470618963, 1636470619139, 176, 0, 176, 0, 0, 0
20981, 1, 1636470618971, 1636470619143, 172, 0, 172, 0, 0, 0
20983, 1, 1636470619019, 1636470619191, 172, 0, 172, 0, 0, 0
20984, 1, 1636470619095, 1636470619267, 172, 0, 172, 0, 0, 0
20980, 1, 1636470619115, 1636470619287, 172, 0, 172, 0, 0, 0
20985, 1, 1636470619211, 1636470619383, 172, 0, 172, 0, 0, 0
20986, 1, 1636470619455, 1636470619627, 172, 0, 172, 0, 0, 0
20987, 1, 1636470619463, 1636470619639, 176, 0, 176, 0, 0, 0
20988, 1, 1636470619671, 1636470619843, 172, 0, 172, 0, 0, 0
20989, 1, 1636470619695, 1636470619867, 172, 0, 172, 0, 0, 0
20990, 1, 1636470619719, 1636470619891, 172, 0, 172, 0, 0, 0
20991, 1, 1636470619743, 1636470619915, 172, 0, 172, 0, 0, 0
20992, 1, 1636470619919, 1636470620091, 172, 0, 172, 0, 0, 0
20993, 1, 1636470620011, 1636470620183, 172, 0, 172, 0, 0, 0
20994, 1, 1636470620047, 1636470620223, 176, 0, 176, 0, 0, 0
20996, 1, 1636470620111, 1636470620283, 172, 0, 172, 0, 0, 0
20997, 1, 1636470620119, 1636470620291, 172, 0, 172, 0, 0, 0
20998, 1, 1636470620135, 1636470620307, 172, 0, 172, 0, 0, 0
20999, 1, 1636470620139, 1636470620311, 172, 0, 172, 0, 0, 0
21000, 1, 1636470620167, 1636470620339, 172, 0, 172, 0, 0, 0
21002, 1, 1636470620191, 1636470620363, 172, 0, 172, 0, 0, 0
21004, 1, 1636470620443, 1636470620615, 172, 0, 172, 0, 0, 0
21005, 1, 1636470620543, 1636470620715, 172, 0, 172, 0, 0, 0
21006, 1, 1636470620787, 1636470620959, 172, 0, 172, 0, 0, 0
21007, 1, 1636470620855, 1636470621031, 176, 0, 176, 0, 0, 0
21008, 1, 1636470620967, 1636470621143, 176, 0, 176, 0, 0, 0
21009, 1, 1636470621007, 1636470621179, 172, 0, 172, 0, 0, 0
21010, 1, 1636470621071, 1636470621243, 172, 0, 172, 0, 0, 0
21012, 1, 1636470621207, 1636470621379, 172, 0, 172, 0, 0, 0
21014, 1, 1636470621391, 1636470621563, 172, 0, 172, 0, 0, 0
21015, 1, 1636470621415, 1636470621587, 172, 0, 172, 0, 0, 0
21016, 1, 1636470621451, 1636470621623, 172, 0, 172, 0, 0, 0
21017, 1, 1636470621479, 1636470621651, 172, 0, 172, 0, 0, 0
21018, 1, 1636470621507, 1636470621679, 172, 0, 172, 0, 0, 0
21019, 1, 1636470621519, 1636470621691, 172, 0, 172, 0, 0, 0
21020, 1, 1636470621563, 1636470621735, 172, 0, 172, 0, 0, 0
21021, 1, 1636470621727, 1636470621899, 172, 0, 172, 0, 0, 0
21022, 1, 1636470621883, 1636470622059, 176, 0, 176, 0, 0, 0
21023, 1, 1636470622191, 1636470622363, 172, 0, 172, 0, 0, 0
21024, 1, 1636470622231, 1636470622407, 176, 0, 176, 0, 0, 0
21025, 1, 1636470622279, 1636470622455, 176, 0, 176, 0, 0, 0
21026, 1, 1636470622315, 1636470622487, 172, 0, 172, 0, 0, 0
21027, 1, 1636470622347, 1636470622519, 172, 0, 172, 0, 0, 0
21028, 1, 1636470622479, 1636470622651, 172, 0, 172, 0, 0, 0
21029, 1, 1636470622543, 1636470622715, 172, 0, 172, 0, 0, 0
21031, 1, 1636470622723, 1636470622895, 172, 0, 172, 0, 0, 0
21032, 1, 1636470622743, 1636470622915, 172, 0, 172, 0, 0, 0
21033, 1, 1636470622807, 1636470622979, 172, 0, 172, 0, 0, 0
21034, 1, 1636470622831, 1636470623003, 172, 0, 172, 0, 0, 0
21030, 1, 1636470622891, 1636470623063, 172, 0, 172, 0, 0, 0
21035, 1, 1636470622895, 1636470623067, 172, 0, 172, 0, 0, 0
21036, 1, 1636470622915, 1636470623087, 172, 0, 172, 0, 0, 0
21038, 1, 1636470622999, 1636470623171, 172, 0, 172, 0, 0, 0
21039, 1, 1636470623187, 1636470623363, 176, 0, 176, 0, 0, 0
21040, 1, 1636470623563, 1636470623735, 172, 0, 172, 0, 0, 0
21041, 1, 1636470623575, 1636470623747, 172, 0, 172, 0, 0, 0
21042, 1, 1636470623599, 1636470623771, 172, 0, 172, 0, 0, 0
21043, 1, 1636470623603, 1636470623775, 172, 0, 172, 0, 0, 0
21044, 1, 1636470623619, 1636470623791, 172, 0, 172, 0, 0, 0
21045, 1, 1636470623819, 1636470623991, 172, 0, 172, 0, 0, 0
21046, 1, 1636470623839, 1636470624011, 172, 0, 172, 0, 0, 0
21048, 1, 1636470624047, 1636470624219, 172, 0, 172, 0, 0, 0
21049, 1, 1636470624083, 1636470624255, 172, 0, 172, 0, 0, 0
21050, 1, 1636470624103, 1636470624275, 172, 0, 172, 0, 0, 0
21051, 1, 1636470624147, 1636470624319, 172, 0, 172, 0, 0, 0
21047, 1, 1636470624187, 1636470624359, 172, 0, 172, 0, 0, 0
21052, 1, 1636470624239, 1636470624411, 172, 0, 172, 0, 0, 0
21053, 1, 1636470624291, 1636470624463, 172, 0, 172, 0, 0, 0
21054, 1, 1636470624339, 1636470624511, 172, 0, 172, 0, 0, 0
21037, 1, 1636470624359, 1636470624531, 172, 0, 172, 0, 0, 0
21055, 1, 1636470624495, 1636470624667, 172, 0, 172, 0, 0, 0
21056, 1, 1636470624623, 1636470624799, 176, 0, 176, 0, 0, 0
21057, 1, 1636470624627, 1636470624799, 172, 0, 172, 0, 0, 0
21059, 1, 1636470624899, 1636470625071, 172, 0, 172, 0, 0, 0
21060, 1, 1636470624907, 1636470625079, 172, 0, 172, 0, 0, 0
21062, 1, 1636470624955, 1636470625131, 176, 0, 176, 0, 0, 0
21063, 1, 1636470624963, 1636470625143, 180, 0, 180, 0, 0, 0
21058, 1, 1636470624975, 1636470625151, 176, 0, 176, 0, 0, 0
21066, 1, 1636470625215, 1636470625387, 172, 0, 172, 0, 0, 0
21065, 1, 1636470625251, 1636470625423, 172, 0, 172, 0, 0, 0
21070, 1, 1636470625383, 1636470625555, 172, 0, 172, 0, 0, 0
21069, 1, 1636470625387, 1636470625559, 172, 0, 172, 0, 0, 0
21071, 1, 1636470625547, 1636470625719, 172, 0, 172, 0, 0, 0
21072, 1, 1636470625555, 1636470625727, 172, 0, 172, 0, 0, 0
21068, 1, 1636470625599, 1636470625771, 172, 0, 172, 0, 0, 0
21074, 1, 1636470625735, 1636470625911, 176, 0, 176, 0, 0, 0
21075, 1, 1636470625787, 1636470625959, 172, 0, 172, 0, 0, 0
21076, 1, 1636470625903, 1636470626079, 176, 0, 176, 0, 0, 0
21078, 1, 1636470625915, 1636470626091, 176, 0, 176, 0, 0, 0
21067, 1, 1636470625951, 1636470626123, 172, 0, 172, 0, 0, 0
21079, 1, 1636470626207, 1636470626383, 176, 0, 176, 0, 0, 0
21077, 1, 1636470626255, 1636470626427, 172, 0, 172, 0, 0, 0
21080, 1, 1636470626287, 1636470626459, 172, 0, 172, 0, 0, 0
21082, 1, 1636470626343, 1636470626515, 172, 0, 172, 0, 0, 0
21083, 1, 1636470626487, 1636470626659, 172, 0, 172, 0, 0, 0
21084, 1, 1636470626495, 1636470626671, 176, 0, 176, 0, 0, 0
21085, 1, 1636470626639, 1636470626811, 172, 0, 172, 0, 0, 0
21086, 1, 1636470626647, 1636470626819, 172, 0, 172, 0, 0, 0
21087, 1, 1636470626671, 1636470626843, 172, 0, 172, 0, 0, 0
21088, 1, 1636470626751, 1636470626923, 172, 0, 172, 0, 0, 0
21089, 1, 1636470626807, 1636470626979, 172, 0, 172, 0, 0, 0
21090, 1, 1636470626883, 1636470627055, 172, 0, 172, 0, 0, 0
21091, 1, 1636470627003, 1636470627175, 172, 0, 172, 0, 0, 0
21092, 1, 1636470627099, 1636470627271, 172, 0, 172, 0, 0, 0
21093, 1, 1636470627231, 1636470627407, 176, 0, 176, 0, 0, 0
21095, 1, 1636470627283, 1636470627459, 176, 0, 176, 0, 0, 0
21096, 1, 1636470627539, 1636470627711, 172, 0, 172, 0, 0, 0
21097, 1, 1636470627587, 1636470627759, 172, 0, 172, 0, 0, 0
21094, 1, 1636470627591, 1636470627767, 176, 0, 176, 0, 0, 0
21099, 1, 1636470627619, 1636470627791, 172, 0, 172, 0, 0, 0
21100, 1, 1636470627671, 1636470627843, 172, 0, 172, 0, 0, 0
21081, 1, 1636470627703, 1636470627875, 172, 0, 172, 0, 0, 0
21101, 1, 1636470627787, 1636470627959, 172, 0, 172, 0, 0, 0
21102, 1, 1636470627855, 1636470628027, 172, 0, 172, 0, 0, 0
21098, 1, 1636470627935, 1636470628111, 176, 0, 176, 0, 0, 0
21105, 1, 1636470627991, 1636470628163, 172, 0, 172, 0, 0, 0
21104, 1, 1636470628015, 1636470628191, 176, 0, 176, 0, 0, 0
21106, 1, 1636470628023, 1636470628203, 180, 0, 180, 0, 0, 0
21107, 1, 1636470628067, 1636470628239, 172, 0, 172, 0, 0, 0
21108, 1, 1636470628099, 1636470628271, 172, 0, 172, 0, 0, 0
21109, 1, 1636470628215, 1636470628387, 172, 0, 172, 0, 0, 0
21103, 1, 1636470628283, 1636470628455, 172, 0, 172, 0, 0, 0
21110, 1, 1636470628283, 1636470628455, 172, 0, 172, 0, 0, 0
21113, 1, 1636470628439, 1636470628611, 172, 0, 172, 0, 0, 0
21112, 1, 1636470628563, 1636470628735, 172, 0, 172, 0, 0, 0
21115, 1, 1636470628575, 1636470628751, 176, 0, 176, 0, 0, 0
21111, 1, 1636470628631, 1636470628803, 172, 0, 172, 0, 0, 0
21116, 1, 1636470628839, 1636470629011, 172, 0, 172, 0, 0, 0
21119, 1, 1636470628907, 1636470629079, 172, 0, 172, 0, 0, 0
21114, 1, 1636470628907, 1636470629079, 172, 0, 172, 0, 0, 0
21118, 1, 1636470628979, 1636470629151, 172, 0, 172, 0, 0, 0
21120, 1, 1636470628995, 1636470629167, 172, 0, 172, 0, 0, 0
21121, 1, 1636470629043, 1636470629215, 172, 0, 172, 0, 0, 0
21117, 1, 1636470629191, 1636470629363, 172, 0, 172, 0, 0, 0
21123, 1, 1636470629227, 1636470629399, 172, 0, 172, 0, 0, 0
21125, 1, 1636470629271, 1636470629443, 172, 0, 172, 0, 0, 0
21124, 1, 1636470629339, 1636470629514, 175, 0, 175, 0, 0, 0
21127, 1, 1636470629411, 1636470629587, 176, 0, 176, 0, 0, 0
21126, 1, 1636470629411, 1636470629587, 176, 0, 176, 0, 0, 0
21128, 1, 1636470629471, 1636470629643, 172, 0, 172, 0, 0, 0
21122, 1, 1636470629539, 1636470629711, 172, 0, 172, 0, 0, 0
21129, 1, 1636470629551, 1636470629723, 172, 0, 172, 0, 0, 0
21130, 1, 1636470629591, 1636470629767, 176, 0, 176, 0, 0, 0
21132, 1, 1636470629711, 1636470629883, 172, 0, 172, 0, 0, 0
21131, 1, 1636470629891, 1636470630067, 176, 0, 176, 0, 0, 0
21133, 1, 1636470629899, 1636470630075, 176, 0, 176, 0, 0, 0
21135, 1, 1636470629959, 1636470630131, 172, 0, 172, 0, 0, 0
21136, 1, 1636470630111, 1636470630283, 172, 0, 172, 0, 0, 0
21139, 1, 1636470630207, 1636470630379, 172, 0, 172, 0, 0, 0
21137, 1, 1636470630243, 1636470630415, 172, 0, 172, 0, 0, 0
21134, 1, 1636470630247, 1636470630419, 172, 0, 172, 0, 0, 0
21140, 1, 1636470630267, 1636470630439, 172, 0, 172, 0, 0, 0
21141, 1, 1636470630387, 1636470630563, 176, 0, 176, 0, 0, 0
21138, 1, 1636470630463, 1636470630639, 176, 0, 176, 0, 0, 0
21142, 1, 1636470630507, 1636470630679, 172, 0, 172, 0, 0, 0
21144, 1, 1636470630555, 1636470630731, 176, 0, 176, 0, 0, 0
21145, 1, 1636470630615, 1636470630787, 172, 0, 172, 0, 0, 0
21146, 1, 1636470630675, 1636470630851, 176, 0, 176, 0, 0, 0
21147, 1, 1636470630755, 1636470630931, 176, 0, 176, 0, 0, 0
21143, 1, 1636470630811, 1636470630983, 172, 0, 172, 0, 0, 0
21149, 1, 1636470630851, 1636470631023, 172, 0, 172, 0, 0, 0
21148, 1, 1636470630851, 1636470631027, 176, 0, 176, 0, 0, 0
21151, 1, 1636470630975, 1636470631147, 172, 0, 172, 0, 0, 0
21152, 1, 1636470630979, 1636470631151, 172, 0, 172, 0, 0, 0
21150, 1, 1636470631155, 1636470631327, 172, 0, 172, 0, 0, 0
21153, 1, 1636470631199, 1636470631371, 172, 0, 172, 0, 0, 0
21155, 1, 1636470631311, 1636470631483, 172, 0, 172, 0, 0, 0
21156, 1, 1636470631503, 1636470631675, 172, 0, 172, 0, 0, 0
21157, 1, 1636470631515, 1636470631687, 172, 0, 172, 0, 0, 0
21154, 1, 1636470631547, 1636470631719, 172, 0, 172, 0, 0, 0
21159, 1, 1636470631551, 1636470631723, 172, 0, 172, 0, 0, 0
21160, 1, 1636470631611, 1636470631783, 172, 0, 172, 0, 0, 0
21161, 1, 1636470631711, 1636470631883, 172, 0, 172, 0, 0, 0
21162, 1, 1636470631783, 1636470631955, 172, 0, 172, 0, 0, 0
21158, 1, 1636470631867, 1636470632039, 172, 0, 172, 0, 0, 0
21165, 1, 1636470631935, 1636470632107, 172, 0, 172, 0, 0, 0
21166, 1, 1636470631947, 1636470632119, 172, 0, 172, 0, 0, 0
21164, 1, 1636470631955, 1636470632135, 180, 0, 180, 0, 0, 0
21167, 1, 1636470632071, 1636470632243, 172, 0, 172, 0, 0, 0
21168, 1, 1636470632119, 1636470632291, 172, 0, 172, 0, 0, 0
21169, 1, 1636470632151, 1636470632323, 172, 0, 172, 0, 0, 0
21163, 1, 1636470632215, 1636470632391, 176, 0, 176, 0, 0, 0
21170, 1, 1636470632243, 1636470632415, 172, 0, 172, 0, 0, 0
21172, 1, 1636470632331, 1636470632503, 172, 0, 172, 0, 0, 0
21173, 1, 1636470632499, 1636470632675, 176, 0, 176, 0, 0, 0
21171, 1, 1636470632567, 1636470632739, 172, 0, 172, 0, 0, 0
21175, 1, 1636470632595, 1636470632771, 176, 0, 176, 0, 0, 0
21176, 1, 1636470632823, 1636470632995, 172, 0, 172, 0, 0, 0
21174, 1, 1636470632851, 1636470633027, 176, 0, 176, 0, 0, 0
21178, 1, 1636470632883, 1636470633059, 176, 0, 176, 0, 0, 0
21177, 1, 1636470632911, 1636470633083, 172, 0, 172, 0, 0, 0
21180, 1, 1636470633011, 1636470633187, 176, 0, 176, 0, 0, 0
21181, 1, 1636470633051, 1636470633227, 176, 0, 176, 0, 0, 0
21182, 1, 1636470633159, 1636470633331, 172, 0, 172, 0, 0, 0
21184, 1, 1636470633219, 1636470633391, 172, 0, 172, 0, 0, 0
21179, 1, 1636470633235, 1636470633407, 172, 0, 172, 0, 0, 0
21185, 1, 1636470633283, 1636470633455, 172, 0, 172, 0, 0, 0
21187, 1, 1636470633339, 1636470633511, 172, 0, 172, 0, 0, 0
21186, 1, 1636470633359, 1636470633531, 172, 0, 172, 0, 0, 0
21188, 1, 1636470633419, 1636470633591, 172, 0, 172, 0, 0, 0
21189, 1, 1636470633443, 1636470633619, 176, 0, 176, 0, 0, 0
21183, 1, 1636470633579, 1636470633751, 172, 0, 172, 0, 0, 0
21190, 1, 1636470633611, 1636470633787, 176, 0, 176, 0, 0, 0
21191, 1, 1636470633619, 1636470633795, 176, 0, 176, 0, 0, 0
21193, 1, 1636470633795, 1636470633971, 176, 0, 176, 0, 0, 0
21195, 1, 1636470633879, 1636470634051, 172, 0, 172, 0, 0, 0
21192, 1, 1636470633927, 1636470634099, 172, 0, 172, 0, 0, 0
21194, 1, 1636470634147, 1636470634319, 172, 0, 172, 0, 0, 0
21196, 1, 1636470634171, 1636470634343, 172, 0, 172, 0, 0, 0
21197, 1, 1636470634199, 1636470634371, 172, 0, 172, 0, 0, 0
21200, 1, 1636470634271, 1636470634443, 172, 0, 172, 0, 0, 0
21199, 1, 1636470634275, 1636470634447, 172, 0, 172, 0, 0, 0
21201, 1, 1636470634367, 1636470634539, 172, 0, 172, 0, 0, 0
21202, 1, 1636470634499, 1636470634671, 172, 0, 172, 0, 0, 0
21204, 1, 1636470634511, 1636470634683, 172, 0, 172, 0, 0, 0
21198, 1, 1636470634522, 1636470634695, 173, 0, 173, 0, 0, 0
21205, 1, 1636470634627, 1636470634799, 172, 0, 172, 0, 0, 0
21206, 1, 1636470634655, 1636470634827, 172, 0, 172, 0, 0, 0
21207, 1, 1636470634675, 1636470634847, 172, 0, 172, 0, 0, 0
21208, 1, 1636470634711, 1636470634883, 172, 0, 172, 0, 0, 0
21209, 1, 1636470634739, 1636470634911, 172, 0, 172, 0, 0, 0
21203, 1, 1636470634871, 1636470635051, 180, 0, 180, 0, 0, 0
21210, 1, 1636470634899, 1636470635071, 172, 0, 172, 0, 0, 0
21211, 1, 1636470634935, 1636470635107, 172, 0, 172, 0, 0, 0
21212, 1, 1636470635059, 1636470635231, 172, 0, 172, 0, 0, 0
21213, 1, 1636470635227, 1636470635399, 172, 0, 172, 0, 0, 0
21215, 1, 1636470635259, 1636470635431, 172, 0, 172, 0, 0, 0
21214, 1, 1636470635411, 1636470635587, 176, 0, 176, 0, 0, 0
21217, 1, 1636470635511, 1636470635683, 172, 0, 172, 0, 0, 0
21220, 1, 1636470635555, 1636470635727, 172, 0, 172, 0, 0, 0
21216, 1, 1636470635571, 1636470635751, 180, 0, 180, 0, 0, 0
21221, 1, 1636470635655, 1636470635831, 176, 0, 176, 0, 0, 0
21222, 1, 1636470635839, 1636470636015, 176, 0, 176, 0, 0, 0
21225, 1, 1636470635891, 1636470636067, 176, 0, 176, 0, 0, 0
21224, 1, 1636470635903, 1636470636079, 176, 0, 176, 0, 0, 0
21226, 1, 1636470635943, 1636470636119, 176, 0, 176, 0, 0, 0
21227, 1, 1636470636027, 1636470636199, 172, 0, 172, 0, 0, 0
21228, 1, 1636470636051, 1636470636223, 172, 0, 172, 0, 0, 0
21229, 1, 1636470636059, 1636470636231, 172, 0, 172, 0, 0, 0
21230, 1, 1636470636239, 1636470636411, 172, 0, 172, 0, 0, 0
21231, 1, 1636470636279, 1636470636451, 172, 0, 172, 0, 0, 0
21233, 1, 1636470636407, 1636470636579, 172, 0, 172, 0, 0, 0
21235, 1, 1636470636627, 1636470636799, 172, 0, 172, 0, 0, 0
21234, 1, 1636470636759, 1636470636931, 172, 0, 172, 0, 0, 0
21236, 1, 1636470636795, 1636470636967, 172, 0, 172, 0, 0, 0
21237, 1, 1636470636859, 1636470637035, 176, 0, 176, 0, 0, 0
21239, 1, 1636470637031, 1636470637203, 172, 0, 172, 0, 0, 0
21240, 1, 1636470637131, 1636470637303, 172, 0, 172, 0, 0, 0
21241, 1, 1636470637211, 1636470637383, 172, 0, 172, 0, 0, 0
21242, 1, 1636470637231, 1636470637403, 172, 0, 172, 0, 0, 0
21244, 1, 1636470637335, 1636470637507, 172, 0, 172, 0, 0, 0
21245, 1, 1636470637355, 1636470637527, 172, 0, 172, 0, 0, 0
21246, 1, 1636470637419, 1636470637591, 172, 0, 172, 0, 0, 0
21247, 1, 1636470637611, 1636470637783, 172, 0, 172, 0, 0, 0
21249, 1, 1636470637675, 1636470637851, 176, 0, 176, 0, 0, 0
21248, 1, 1636470637683, 1636470637855, 172, 0, 172, 0, 0, 0
21251, 1, 1636470637903, 1636470638075, 172, 0, 172, 0, 0, 0
21253, 1, 1636470637955, 1636470638127, 172, 0, 172, 0, 0, 0
21250, 1, 1636470638027, 1636470638199, 172, 0, 172, 0, 0, 0
21255, 1, 1636470638203, 1636470638375, 172, 0, 172, 0, 0, 0
21252, 1, 1636470638251, 1636470638423, 172, 0, 172, 0, 0, 0
21256, 1, 1636470638375, 1636470638547, 172, 0, 172, 0, 0, 0
21257, 1, 1636470638387, 1636470638563, 176, 0, 176, 0, 0, 0
21258, 1, 1636470638395, 1636470638567, 172, 0, 172, 0, 0, 0
21254, 1, 1636470638599, 1636470638770, 171, 0, 171, 0, 0, 0
21260, 1, 1636470638615, 1636470638787, 172, 0, 172, 0, 0, 0
21261, 1, 1636470638627, 1636470638799, 172, 0, 172, 0, 0, 0
21263, 1, 1636470638691, 1636470638867, 176, 0, 176, 0, 0, 0
21259, 1, 1636470638723, 1636470638895, 172, 0, 172, 0, 0, 0
21264, 1, 1636470638767, 1636470638939, 172, 0, 172, 0, 0, 0
21262, 1, 1636470638947, 1636470639119, 172, 0, 172, 0, 0, 0
21266, 1, 1636470638967, 1636470639139, 172, 0, 172, 0, 0, 0
21265, 1, 1636470638967, 1636470639139, 172, 0, 172, 0, 0, 0
21243, 1, 1636470638991, 1636470639163, 172, 0, 172, 0, 0, 0
21267, 1, 1636470639071, 1636470639243, 172, 0, 172, 0, 0, 0
21269, 1, 1636470639131, 1636470639307, 176, 0, 176, 0, 0, 0
21272, 1, 1636470639287, 1636470639459, 172, 0, 172, 0, 0, 0
21271, 1, 1636470639295, 1636470639467, 172, 0, 172, 0, 0, 0
21268, 1, 1636470639319, 1636470639491, 172, 0, 172, 0, 0, 0
21270, 1, 1636470639483, 1636470639655, 172, 0, 172, 0, 0, 0
21274, 1, 1636470639531, 1636470639707, 176, 0, 176, 0, 0, 0
21275, 1, 1636470639555, 1636470639727, 172, 0, 172, 0, 0, 0
21276, 1, 1636470639643, 1636470639815, 172, 0, 172, 0, 0, 0
21277, 1, 1636470639699, 1636470639871, 172, 0, 172, 0, 0, 0
21278, 1, 1636470639731, 1636470639903, 172, 0, 172, 0, 0, 0
21273, 1, 1636470639835, 1636470640007, 172, 0, 172, 0, 0, 0
21279, 1, 1636470639883, 1636470640055, 172, 0, 172, 0, 0, 0
21281, 1, 1636470639971, 1636470640143, 172, 0, 172, 0, 0, 0
21282, 1, 1636470639979, 1636470640151, 172, 0, 172, 0, 0, 0
21283, 1, 1636470640015, 1636470640187, 172, 0, 172, 0, 0, 0
21284, 1, 1636470640051, 1636470640223, 172, 0, 172, 0, 0, 0
21280, 1, 1636470640183, 1636470640355, 172, 0, 172, 0, 0, 0
21285, 1, 1636470640307, 1636470640479, 172, 0, 172, 0, 0, 0
21286, 1, 1636470640363, 1636470640535, 172, 0, 172, 0, 0, 0
21287, 1, 1636470640447, 1636470640623, 176, 0, 176, 0, 0, 0
21288, 1, 1636470640479, 1636470640651, 172, 0, 172, 0, 0, 0
21289, 1, 1636470640531, 1636470640703, 172, 0, 172, 0, 0, 0
21292, 1, 1636470640579, 1636470640751, 172, 0, 172, 0, 0, 0
21290, 1, 1636470640711, 1636470640883, 172, 0, 172, 0, 0, 0
21291, 1, 1636470640827, 1636470640999, 172, 0, 172, 0, 0, 0
21294, 1, 1636470640911, 1636470641083, 172, 0, 172, 0, 0, 0
21295, 1, 1636470640915, 1636470641087, 172, 0, 172, 0, 0, 0
21296, 1, 1636470640943, 1636470641115, 172, 0, 172, 0, 0, 0
21297, 1, 1636470641007, 1636470641179, 172, 0, 172, 0, 0, 0
21299, 1, 1636470641251, 1636470641423, 172, 0, 172, 0, 0, 0
21300, 1, 1636470641255, 1636470641427, 172, 0, 172, 0, 0, 0
21302, 1, 1636470641283, 1636470641455, 172, 0, 172, 0, 0, 0
21303, 1, 1636470641327, 1636470641499, 172, 0, 172, 0, 0, 0
21304, 1, 1636470641395, 1636470641567, 172, 0, 172, 0, 0, 0
21305, 1, 1636470641583, 1636470641755, 172, 0, 172, 0, 0, 0
21306, 1, 1636470641647, 1636470641819, 172, 0, 172, 0, 0, 0
21308, 1, 1636470641799, 1636470641975, 176, 0, 176, 0, 0, 0
21309, 1, 1636470641855, 1636470642027, 172, 0, 172, 0, 0, 0
21311, 1, 1636470641883, 1636470642055, 172, 0, 172, 0, 0, 0
21307, 1, 1636470641995, 1636470642167, 172, 0, 172, 0, 0, 0
21312, 1, 1636470642203, 1636470642375, 172, 0, 172, 0, 0, 0
21314, 1, 1636470642223, 1636470642395, 172, 0, 172, 0, 0, 0
21313, 1, 1636470642231, 1636470642403, 172, 0, 172, 0, 0, 0
21316, 1, 1636470642295, 1636470642467, 172, 0, 172, 0, 0, 0
21318, 1, 1636470642579, 1636470642751, 172, 0, 172, 0, 0, 0
21317, 1, 1636470642643, 1636470642815, 172, 0, 172, 0, 0, 0
21321, 1, 1636470642731, 1636470642903, 172, 0, 172, 0, 0, 0
21322, 1, 1636470642991, 1636470643163, 172, 0, 172, 0, 0, 0
21325, 1, 1636470643139, 1636470643311, 172, 0, 172, 0, 0, 0
21326, 1, 1636470643199, 1636470643371, 172, 0, 172, 0, 0, 0
21329, 1, 1636470643439, 1636470643611, 172, 0, 172, 0, 0, 0
21330, 1, 1636470643439, 1636470643611, 172, 0, 172, 0, 0, 0
21328, 1, 1636470643487, 1636470643659, 172, 0, 172, 0, 0, 0
21331, 1, 1636470643523, 1636470643695, 172, 0, 172, 0, 0, 0
21334, 1, 1636470643675, 1636470643847, 172, 0, 172, 0, 0, 0
21333, 1, 1636470643787, 1636470643959, 172, 0, 172, 0, 0, 0
21335, 1, 1636470643871, 1636470644043, 172, 0, 172, 0, 0, 0
21336, 1, 1636470643891, 1636470644063, 172, 0, 172, 0, 0, 0
21337, 1, 1636470644123, 1636470644295, 172, 0, 172, 0, 0, 0
21338, 1, 1636470644231, 1636470644403, 172, 0, 172, 0, 0, 0
21339, 1, 1636470644239, 1636470644411, 172, 0, 172, 0, 0, 0
21340, 1, 1636470644427, 1636470644599, 172, 0, 172, 0, 0, 0
21343, 1, 1636470644595, 1636470644767, 172, 0, 172, 0, 0, 0
21342, 1, 1636470644615, 1636470644787, 172, 0, 172, 0, 0, 0
21344, 1, 1636470644635, 1636470644807, 172, 0, 172, 0, 0, 0
21345, 1, 1636470644687, 1636470644859, 172, 0, 172, 0, 0, 0
21327, 1, 1636470644759, 1636470644931, 172, 0, 172, 0, 0, 0
21341, 1, 1636470644771, 1636470644947, 176, 0, 176, 0, 0, 0
21348, 1, 1636470644927, 1636470645099, 172, 0, 172, 0, 0, 0
21347, 1, 1636470644967, 1636470645139, 172, 0, 172, 0, 0, 0
21346, 1, 1636470644983, 1636470645155, 172, 0, 172, 0, 0, 0
21349, 1, 1636470645019, 1636470645191, 172, 0, 172, 0, 0, 0
21350, 1, 1636470645031, 1636470645203, 172, 0, 172, 0, 0, 0
21351, 1, 1636470645243, 1636470645415, 172, 0, 172, 0, 0, 0
21352, 1, 1636470645279, 1636470645451, 172, 0, 172, 0, 0, 0
21332, 1, 1636470645347, 1636470645519, 172, 0, 172, 0, 0, 0
21353, 1, 1636470645415, 1636470645587, 172, 0, 172, 0, 0, 0
21354, 1, 1636470645447, 1636470645619, 172, 0, 172, 0, 0, 0
21355, 1, 1636470645471, 1636470645643, 172, 0, 172, 0, 0, 0
21358, 1, 1636470645591, 1636470645763, 172, 0, 172, 0, 0, 0
21359, 1, 1636470645683, 1636470645855, 172, 0, 172, 0, 0, 0
21361, 1, 1636470645855, 1636470646031, 176, 0, 176, 0, 0, 0
21362, 1, 1636470645903, 1636470646075, 172, 0, 172, 0, 0, 0
21363, 1, 1636470645947, 1636470646119, 172, 0, 172, 0, 0, 0
21364, 1, 1636470645999, 1636470646171, 172, 0, 172, 0, 0, 0
21360, 1, 1636470646035, 1636470646207, 172, 0, 172, 0, 0, 0
21365, 1, 1636470646063, 1636470646235, 172, 0, 172, 0, 0, 0
21367, 1, 1636470646203, 1636470646375, 172, 0, 172, 0, 0, 0
21368, 1, 1636470646227, 1636470646399, 172, 0, 172, 0, 0, 0
21366, 1, 1636470646251, 1636470646423, 172, 0, 172, 0, 0, 0
21369, 1, 1636470646283, 1636470646455, 172, 0, 172, 0, 0, 0
21370, 1, 1636470646331, 1636470646503, 172, 0, 172, 0, 0, 0
21371, 1, 1636470646631, 1636470646807, 176, 0, 176, 0, 0, 0
21372, 1, 1636470646634, 1636470646807, 173, 1, 172, 0, 0, 0
21373, 1, 1636470646679, 1636470646851, 172, 0, 172, 0, 0, 0
21374, 1, 1636470646727, 1636470646899, 172, 0, 172, 0, 0, 0
21375, 1, 1636470646811, 1636470646983, 172, 0, 172, 0, 0, 0
21376, 1, 1636470646903, 1636470647079, 176, 0, 176, 0, 0, 0
21377, 1, 1636470647071, 1636470647243, 172, 0, 172, 0, 0, 0
21378, 1, 1636470647123, 1636470647295, 172, 0, 172, 0, 0, 0
21381, 1, 1636470647259, 1636470647431, 172, 0, 172, 0, 0, 0
21380, 1, 1636470647263, 1636470647435, 172, 0, 172, 0, 0, 0
21382, 1, 1636470647287, 1636470647463, 176, 0, 176, 0, 0, 0
21379, 1, 1636470647415, 1636470647587, 172, 0, 172, 0, 0, 0
21383, 1, 1636470647423, 1636470647595, 172, 0, 172, 0, 0, 0
21385, 1, 1636470647499, 1636470647671, 172, 0, 172, 0, 0, 0
21386, 1, 1636470647611, 1636470647783, 172, 0, 172, 0, 0, 0
21384, 1, 1636470647615, 1636470647787, 172, 0, 172, 0, 0, 0
21387, 1, 1636470647671, 1636470647847, 176, 0, 176, 0, 0, 0
21388, 1, 1636470647679, 1636470647855, 176, 0, 176, 0, 0, 0
21392, 1, 1636470648015, 1636470648191, 176, 0, 176, 0, 0, 0
21391, 1, 1636470648027, 1636470648199, 172, 0, 172, 0, 0, 0
21393, 1, 1636470648083, 1636470648255, 172, 0, 172, 0, 0, 0
21394, 1, 1636470648087, 1636470648263, 176, 0, 176, 0, 0, 0
21395, 1, 1636470648111, 1636470648291, 180, 0, 180, 0, 0, 0
21396, 1, 1636470648267, 1636470648439, 172, 0, 172, 0, 0, 0
21398, 1, 1636470648479, 1636470648651, 172, 0, 172, 0, 0, 0
21400, 1, 1636470648539, 1636470648711, 172, 0, 172, 0, 0, 0
21401, 1, 1636470648559, 1636470648731, 172, 0, 172, 0, 0, 0
21402, 1, 1636470648579, 1636470648751, 172, 0, 172, 0, 0, 0
21403, 1, 1636470648763, 1636470648935, 172, 0, 172, 0, 0, 0
21405, 1, 1636470648855, 1636470649027, 172, 0, 172, 0, 0, 0
21404, 1, 1636470648887, 1636470649059, 172, 0, 172, 0, 0, 0
21406, 1, 1636470648967, 1636470649139, 172, 0, 172, 0, 0, 0
21407, 1, 1636470648987, 1636470649159, 172, 0, 172, 0, 0, 0
21408, 1, 1636470649035, 1636470649207, 172, 0, 172, 0, 0, 0
21409, 1, 1636470649339, 1636470649511, 172, 0, 172, 0, 0, 0
21410, 1, 1636470649359, 1636470649535, 176, 0, 176, 0, 0, 0
21411, 1, 1636470649387, 1636470649559, 172, 0, 172, 0, 0, 0
21412, 1, 1636470649407, 1636470649583, 176, 0, 176, 0, 0, 0
21413, 1, 1636470649443, 1636470649615, 172, 0, 172, 0, 0, 0
21414, 1, 1636470649619, 1636470649791, 172, 0, 172, 0, 0, 0
21415, 1, 1636470649751, 1636470649923, 172, 0, 172, 0, 0, 0
21416, 1, 1636470649823, 1636470649995, 172, 0, 172, 0, 0, 0
21417, 1, 1636470649871, 1636470650043, 172, 0, 172, 0, 0, 0
21418, 1, 1636470649879, 1636470650051, 172, 0, 172, 0, 0, 0
21419, 1, 1636470650039, 1636470650211, 172, 0, 172, 0, 0, 0
21421, 1, 1636470650135, 1636470650307, 172, 0, 172, 0, 0, 0
21420, 1, 1636470650171, 1636470650343, 172, 0, 172, 0, 0, 0
21422, 1, 1636470650323, 1636470650495, 172, 0, 172, 0, 0, 0
21425, 1, 1636470650355, 1636470650527, 172, 0, 172, 0, 0, 0
21426, 1, 1636470650367, 1636470650539, 172, 0, 172, 0, 0, 0
21399, 1, 1636470650427, 1636470650603, 176, 0, 176, 0, 0, 0
21424, 1, 1636470650515, 1636470650687, 172, 0, 172, 0, 0, 0
21423, 1, 1636470650671, 1636470650843, 172, 0, 172, 0, 0, 0
21430, 1, 1636470650687, 1636470650859, 172, 0, 172, 0, 0, 0
21431, 1, 1636470650719, 1636470650891, 172, 0, 172, 0, 0, 0
21432, 1, 1636470650831, 1636470651003, 172, 0, 172, 0, 0, 0
21427, 1, 1636470650867, 1636470651039, 172, 0, 172, 0, 0, 0
21433, 1, 1636470650951, 1636470651123, 172, 0, 172, 0, 0, 0
21429, 1, 1636470651019, 1636470651191, 172, 0, 172, 0, 0, 0
21436, 1, 1636470651155, 1636470651327, 172, 0, 172, 0, 0, 0
21438, 1, 1636470651215, 1636470651391, 176, 0, 176, 0, 0, 0
21437, 1, 1636470651367, 1636470651539, 172, 0, 172, 0, 0, 0
21442, 1, 1636470651575, 1636470651747, 172, 0, 172, 0, 0, 0
21444, 1, 1636470651663, 1636470651835, 172, 0, 172, 0, 0, 0
21445, 1, 1636470651667, 1636470651839, 172, 0, 172, 0, 0, 0
21446, 1, 1636470651695, 1636470651867, 172, 0, 172, 0, 0, 0
21443, 1, 1636470651923, 1636470652095, 172, 0, 172, 0, 0, 0
21447, 1, 1636470652011, 1636470652187, 176, 0, 176, 0, 0, 0
21449, 1, 1636470652027, 1636470652199, 172, 0, 172, 0, 0, 0
21450, 1, 1636470652079, 1636470652251, 172, 0, 172, 0, 0, 0
21451, 1, 1636470652107, 1636470652279, 172, 0, 172, 0, 0, 0
21452, 1, 1636470652223, 1636470652395, 172, 0, 172, 0, 0, 0
21448, 1, 1636470652271, 1636470652443, 172, 0, 172, 0, 0, 0
21453, 1, 1636470652495, 1636470652667, 172, 0, 172, 0, 0, 0
21454, 1, 1636470652503, 1636470652675, 172, 0, 172, 0, 0, 0
21455, 1, 1636470652619, 1636470652791, 172, 0, 172, 0, 0, 0
21456, 1, 1636470652935, 1636470653107, 172, 0, 172, 0, 0, 0
21459, 1, 1636470652999, 1636470653171, 172, 0, 172, 0, 0, 0
21460, 1, 1636470653103, 1636470653275, 172, 0, 172, 0, 0, 0
21457, 1, 1636470653287, 1636470653459, 172, 0, 172, 0, 0, 0
21463, 1, 1636470653315, 1636470653487, 172, 0, 172, 0, 0, 0
21462, 1, 1636470653351, 1636470653523, 172, 0, 172, 0, 0, 0
21465, 1, 1636470653427, 1636470653599, 172, 0, 172, 0, 0, 0
21468, 1, 1636470653562, 1636470653735, 173, 1, 172, 0, 0, 0
21461, 1, 1636470653635, 1636470653811, 176, 0, 176, 0, 0, 0
21469, 1, 1636470653675, 1636470653847, 172, 0, 172, 0, 0, 0
21471, 1, 1636470653763, 1636470653935, 172, 0, 172, 0, 0, 0
21472, 1, 1636470653855, 1636470654027, 172, 0, 172, 0, 0, 0
21474, 1, 1636470653983, 1636470654155, 172, 0, 172, 0, 0, 0
21473, 1, 1636470653987, 1636470654159, 172, 0, 172, 0, 0, 0
21476, 1, 1636470654311, 1636470654487, 176, 0, 176, 0, 0, 0
21478, 1, 1636470654319, 1636470654491, 172, 0, 172, 0, 0, 0
21475, 1, 1636470654335, 1636470654507, 172, 0, 172, 0, 0, 0
21479, 1, 1636470654507, 1636470654679, 172, 0, 172, 0, 0, 0
21482, 1, 1636470654659, 1636470654831, 172, 0, 172, 0, 0, 0
21477, 1, 1636470654659, 1636470654831, 172, 0, 172, 0, 0, 0
21480, 1, 1636470654663, 1636470654839, 176, 0, 176, 0, 0, 0
21483, 1, 1636470654771, 1636470654943, 172, 0, 172, 0, 0, 0
21484, 1, 1636470654899, 1636470655075, 176, 0, 176, 0, 0, 0
21485, 1, 1636470654911, 1636470655083, 172, 0, 172, 0, 0, 0
21481, 1, 1636470655011, 1636470655183, 172, 0, 172, 0, 0, 0
21486, 1, 1636470655115, 1636470655287, 172, 0, 172, 0, 0, 0
21487, 1, 1636470655195, 1636470655367, 172, 0, 172, 0, 0, 0
21488, 1, 1636470655259, 1636470655431, 172, 0, 172, 0, 0, 0
21490, 1, 1636470655355, 1636470655527, 172, 0, 172, 0, 0, 0
21491, 1, 1636470655351, 1636470655527, 176, 0, 176, 0, 0, 0
21470, 1, 1636470655579, 1636470655751, 172, 0, 172, 0, 0, 0
21489, 1, 1636470655611, 1636470655783, 172, 0, 172, 0, 0, 0
21492, 1, 1636470655667, 1636470655843, 176, 0, 176, 0, 0, 0
21493, 1, 1636470655675, 1636470655847, 172, 0, 172, 0, 0, 0
21495, 1, 1636470655755, 1636470655927, 172, 0, 172, 0, 0, 0
21498, 1, 1636470655855, 1636470656027, 172, 0, 172, 0, 0, 0
21500, 1, 1636470656023, 1636470656199, 176, 0, 176, 0, 0, 0
21501, 1, 1636470656031, 1636470656203, 172, 0, 172, 0, 0, 0
21494, 1, 1636470656031, 1636470656203, 172, 0, 172, 0, 0, 0
21502, 1, 1636470656063, 1636470656239, 176, 0, 176, 0, 0, 0
21504, 1, 1636470656215, 1636470656387, 172, 0, 172, 0, 0, 0
21505, 1, 1636470656251, 1636470656427, 176, 0, 176, 0, 0, 0
21499, 1, 1636470656379, 1636470656551, 172, 0, 172, 0, 0, 0
21506, 1, 1636470656455, 1636470656627, 172, 0, 172, 0, 0, 0
21507, 1, 1636470656467, 1636470656639, 172, 0, 172, 0, 0, 0
21508, 1, 1636470656535, 1636470656707, 172, 0, 172, 0, 0, 0
21509, 1, 1636470656543, 1636470656715, 172, 0, 172, 0, 0, 0
21511, 1, 1636470656727, 1636470656899, 172, 0, 172, 0, 0, 0
21510, 1, 1636470656883, 1636470657055, 172, 0, 172, 0, 0, 0
21512, 1, 1636470656935, 1636470657107, 172, 0, 172, 0, 0, 0
21513, 1, 1636470657023, 1636470657195, 172, 0, 172, 0, 0, 0
21514, 1, 1636470657031, 1636470657203, 172, 0, 172, 0, 0, 0
21516, 1, 1636470657143, 1636470657315, 172, 0, 172, 0, 0, 0
21517, 1, 1636470657299, 1636470657475, 176, 0, 176, 0, 0, 0
21519, 1, 1636470657363, 1636470657535, 172, 0, 172, 0, 0, 0
21515, 1, 1636470657379, 1636470657551, 172, 0, 172, 0, 0, 0
21521, 1, 1636470657483, 1636470657655, 172, 0, 172, 0, 0, 0
21522, 1, 1636470657539, 1636470657711, 172, 0, 172, 0, 0, 0
21518, 1, 1636470657727, 1636470657899, 172, 0, 172, 0, 0, 0
21523, 1, 1636470657771, 1636470657943, 172, 0, 172, 0, 0, 0
21524, 1, 1636470657839, 1636470658011, 172, 0, 172, 0, 0, 0
21525, 1, 1636470657847, 1636470658019, 172, 0, 172, 0, 0, 0
21526, 1, 1636470657871, 1636470658043, 172, 0, 172, 0, 0, 0
21503, 1, 1636470657931, 1636470658103, 172, 0, 172, 0, 0, 0
21528, 1, 1636470658071, 1636470658243, 172, 0, 172, 0, 0, 0
21529, 1, 1636470658195, 1636470658367, 172, 0, 172, 0, 0, 0
21527, 1, 1636470658223, 1636470658395, 172, 0, 172, 0, 0, 0
21531, 1, 1636470658231, 1636470658403, 172, 0, 172, 0, 0, 0
21532, 1, 1636470658355, 1636470658531, 176, 0, 176, 0, 0, 0
21533, 1, 1636470658387, 1636470658563, 176, 0, 176, 0, 0, 0
21535, 1, 1636470658499, 1636470658675, 176, 0, 176, 0, 0, 0
21530, 1, 1636470658543, 1636470658715, 172, 0, 172, 0, 0, 0
21537, 1, 1636470658651, 1636470658827, 176, 0, 176, 0, 0, 0
21538, 1, 1636470658691, 1636470658863, 172, 0, 172, 0, 0, 0
21534, 1, 1636470658743, 1636470658915, 172, 0, 172, 0, 0, 0
21540, 1, 1636470658835, 1636470659007, 172, 0, 172, 0, 0, 0
21541, 1, 1636470658895, 1636470659067, 172, 0, 172, 0, 0, 0
21536, 1, 1636470658891, 1636470659067, 176, 0, 176, 0, 0, 0
21539, 1, 1636470659091, 1636470659263, 172, 0, 172, 0, 0, 0
21542, 1, 1636470659151, 1636470659327, 176, 0, 176, 0, 0, 0
21543, 1, 1636470659159, 1636470659335, 176, 0, 176, 0, 0, 0
21544, 1, 1636470659191, 1636470659363, 172, 0, 172, 0, 0, 0
21546, 1, 1636470659239, 1636470659411, 172, 0, 172, 0, 0, 0
21547, 1, 1636470659435, 1636470659607, 172, 0, 172, 0, 0, 0
21550, 1, 1636470659507, 1636470659679, 172, 0, 172, 0, 0, 0
21545, 1, 1636470659539, 1636470659711, 172, 0, 172, 0, 0, 0
21551, 1, 1636470659683, 1636470659855, 172, 0, 172, 0, 0, 0
21552, 1, 1636470659735, 1636470659907, 172, 0, 172, 0, 0, 0
21554, 1, 1636470659855, 1636470660027, 172, 0, 172, 0, 0, 0
21555, 1, 1636470659887, 1636470660059, 172, 0, 172, 0, 0, 0
21558, 1, 1636470660051, 1636470660223, 172, 0, 172, 0, 0, 0
21553, 1, 1636470660079, 1636470660251, 172, 0, 172, 0, 0, 0
21559, 1, 1636470660079, 1636470660255, 176, 0, 176, 0, 0, 0
21560, 1, 1636470660199, 1636470660371, 172, 0, 172, 0, 0, 0
21561, 1, 1636470660271, 1636470660447, 176, 0, 176, 0, 0, 0
21557, 1, 1636470660423, 1636470660595, 172, 0, 172, 0, 0, 0
21562, 1, 1636470660495, 1636470660666, 171, 0, 171, 0, 0, 0
21564, 1, 1636470660531, 1636470660703, 172, 0, 172, 0, 0, 0
21566, 1, 1636470660555, 1636470660727, 172, 0, 172, 0, 0, 0
21565, 1, 1636470660555, 1636470660727, 172, 0, 172, 0, 0, 0
21567, 1, 1636470660767, 1636470660939, 172, 0, 172, 0, 0, 0
21563, 1, 1636470660843, 1636470661019, 176, 0, 176, 0, 0, 0
21568, 1, 1636470660907, 1636470661079, 172, 0, 172, 0, 0, 0
21569, 1, 1636470661075, 1636470661251, 176, 0, 176, 0, 0, 0
21570, 1, 1636470661099, 1636470661275, 176, 0, 176, 0, 0, 0
21571, 1, 1636470661134, 1636470661312, 178, 0, 178, 0, 0, 0
21573, 1, 1636470661226, 1636470661403, 177, 1, 176, 0, 0, 0
21574, 1, 1636470661355, 1636470661535, 180, 0, 180, 0, 0, 0
21575, 1, 1636470661375, 1636470661547, 172, 0, 172, 0, 0, 0
21572, 1, 1636470661427, 1636470661603, 176, 0, 176, 0, 0, 0
21577, 1, 1636470661495, 1636470661667, 172, 0, 172, 0, 0, 0
21556, 1, 1636470661543, 1636470661715, 172, 0, 172, 0, 0, 0
21578, 1, 1636470661639, 1636470661811, 172, 0, 172, 0, 0, 0
21576, 1, 1636470661775, 1636470661947, 172, 0, 172, 0, 0, 0
21581, 1, 1636470661799, 1636470661975, 176, 0, 176, 0, 0, 0
21579, 1, 1636470661807, 1636470661979, 172, 0, 172, 0, 0, 0
21583, 1, 1636470661831, 1636470662003, 172, 0, 172, 0, 0, 0
21584, 1, 1636470661839, 1636470662011, 172, 0, 172, 0, 0, 0
21585, 1, 1636470661915, 1636470662087, 172, 0, 172, 0, 0, 0
21586, 1, 1636470662123, 1636470662295, 172, 0, 172, 0, 0, 0
21582, 1, 1636470662151, 1636470662323, 172, 0, 172, 0, 0, 0
21580, 1, 1636470662155, 1636470662331, 176, 0, 176, 0, 0, 0
21587, 1, 1636470662179, 1636470662355, 176, 0, 176, 0, 0, 0
21590, 1, 1636470662439, 1636470662611, 172, 0, 172, 0, 0, 0
21592, 1, 1636470662495, 1636470662667, 172, 0, 172, 0, 0, 0
21593, 1, 1636470662531, 1636470662703, 172, 0, 172, 0, 0, 0
21595, 1, 1636470662695, 1636470662867, 172, 0, 172, 0, 0, 0
21596, 1, 1636470662731, 1636470662903, 172, 0, 172, 0, 0, 0
21597, 1, 1636470662847, 1636470663019, 172, 0, 172, 0, 0, 0
21598, 1, 1636470662939, 1636470663111, 172, 0, 172, 0, 0, 0
21599, 1, 1636470663011, 1636470663183, 172, 0, 172, 0, 0, 0
21601, 1, 1636470663147, 1636470663319, 172, 0, 172, 0, 0, 0
21602, 1, 1636470663175, 1636470663347, 172, 0, 172, 0, 0, 0
21604, 1, 1636470663211, 1636470663383, 172, 0, 172, 0, 0, 0
21605, 1, 1636470663227, 1636470663399, 172, 0, 172, 0, 0, 0
21600, 1, 1636470663359, 1636470663531, 172, 0, 172, 0, 0, 0
21603, 1, 1636470663495, 1636470663667, 172, 0, 172, 0, 0, 0
21607, 1, 1636470663531, 1636470663703, 172, 0, 172, 0, 0, 0
21608, 1, 1636470663791, 1636470663963, 172, 0, 172, 0, 0, 0
21609, 1, 1636470663811, 1636470663983, 172, 0, 172, 0, 0, 0
21610, 1, 1636470663911, 1636470664083, 172, 0, 172, 0, 0, 0
21611, 1, 1636470664023, 1636470664195, 172, 0, 172, 0, 0, 0
21612, 1, 1636470664035, 1636470664207, 172, 0, 172, 0, 0, 0
21613, 1, 1636470664163, 1636470664339, 176, 0, 176, 0, 0, 0
21614, 1, 1636470664331, 1636470664503, 172, 0, 172, 0, 0, 0
21615, 1, 1636470664363, 1636470664535, 172, 0, 172, 0, 0, 0
21617, 1, 1636470664475, 1636470664647, 172, 0, 172, 0, 0, 0
21618, 1, 1636470664495, 1636470664667, 172, 0, 172, 0, 0, 0
21619, 1, 1636470664527, 1636470664699, 172, 0, 172, 0, 0, 0
21620, 1, 1636470664538, 1636470664711, 173, 1, 172, 0, 0, 0
21616, 1, 1636470664711, 1636470664883, 172, 0, 172, 0, 0, 0
21606, 1, 1636470664767, 1636470664939, 172, 0, 172, 0, 0, 0
21622, 1, 1636470664775, 1636470664947, 172, 0, 172, 0, 0, 0
21623, 1, 1636470664779, 1636470664951, 172, 0, 172, 0, 0, 0
21621, 1, 1636470664843, 1636470665015, 172, 0, 172, 0, 0, 0
21625, 1, 1636470664887, 1636470665063, 176, 0, 176, 0, 0, 0
21627, 1, 1636470665075, 1636470665247, 172, 0, 172, 0, 0, 0
21628, 1, 1636470665191, 1636470665363, 172, 0, 172, 0, 0, 0
21629, 1, 1636470665291, 1636470665463, 172, 0, 172, 0, 0, 0
21630, 1, 1636470665315, 1636470665487, 172, 0, 172, 0, 0, 0
21631, 1, 1636470665355, 1636470665527, 172, 0, 172, 0, 0, 0
21633, 1, 1636470665535, 1636470665711, 176, 0, 176, 0, 0, 0
21636, 1, 1636470665731, 1636470665907, 176, 0, 176, 0, 0, 0
21637, 1, 1636470665783, 1636470665955, 172, 0, 172, 0, 0, 0
21638, 1, 1636470665803, 1636470665979, 176, 0, 176, 0, 0, 0
21639, 1, 1636470665811, 1636470665987, 176, 0, 176, 0, 0, 0
21642, 1, 1636470665971, 1636470666143, 172, 0, 172, 0, 0, 0
21643, 1, 1636470666027, 1636470666199, 172, 0, 172, 0, 0, 0
21644, 1, 1636470666187, 1636470666359, 172, 0, 172, 0, 0, 0
21645, 1, 1636470666431, 1636470666603, 172, 0, 172, 0, 0, 0
21646, 1, 1636470666591, 1636470666763, 172, 0, 172, 0, 0, 0
21647, 1, 1636470666615, 1636470666787, 172, 0, 172, 0, 0, 0
21648, 1, 1636470666695, 1636470666867, 172, 0, 172, 0, 0, 0
21649, 1, 1636470666707, 1636470666879, 172, 0, 172, 0, 0, 0
21650, 1, 1636470666939, 1636470667115, 176, 0, 176, 0, 0, 0
21651, 1, 1636470667063, 1636470667235, 172, 0, 172, 0, 0, 0
21652, 1, 1636470667107, 1636470667279, 172, 0, 172, 0, 0, 0
21653, 1, 1636470667119, 1636470667291, 172, 0, 172, 0, 0, 0
21654, 1, 1636470667167, 1636470667343, 176, 0, 176, 0, 0, 0
21655, 1, 1636470667355, 1636470667527, 172, 0, 172, 0, 0, 0
21657, 1, 1636470667395, 1636470667567, 172, 0, 172, 0, 0, 0
21658, 1, 1636470667399, 1636470667571, 172, 0, 172, 0, 0, 0
21659, 1, 1636470667563, 1636470667735, 172, 0, 172, 0, 0, 0
21656, 1, 1636470667743, 1636470667915, 172, 0, 172, 0, 0, 0
21661, 1, 1636470667803, 1636470667975, 172, 0, 172, 0, 0, 0
21662, 1, 1636470667883, 1636470668055, 172, 0, 172, 0, 0, 0
21663, 1, 1636470667907, 1636470668079, 172, 0, 172, 0, 0, 0
21664, 1, 1636470668035, 1636470668207, 172, 0, 172, 0, 0, 0
21666, 1, 1636470668051, 1636470668227, 176, 0, 176, 0, 0, 0
21660, 1, 1636470668087, 1636470668259, 172, 0, 172, 0, 0, 0
21667, 1, 1636470668103, 1636470668275, 172, 0, 172, 0, 0, 0
21670, 1, 1636470668255, 1636470668427, 172, 0, 172, 0, 0, 0
21671, 1, 1636470668359, 1636470668531, 172, 0, 172, 0, 0, 0
21665, 1, 1636470668379, 1636470668551, 172, 0, 172, 0, 0, 0
21672, 1, 1636470668379, 1636470668555, 176, 0, 176, 0, 0, 0
21673, 1, 1636470668475, 1636470668647, 172, 0, 172, 0, 0, 0
21674, 1, 1636470668563, 1636470668735, 172, 0, 172, 0, 0, 0
21675, 1, 1636470668595, 1636470668767, 172, 0, 172, 0, 0, 0
21677, 1, 1636470668719, 1636470668891, 172, 0, 172, 0, 0, 0
21678, 1, 1636470668759, 1636470668931, 172, 0, 172, 0, 0, 0
21676, 1, 1636470668943, 1636470669115, 172, 0, 172, 0, 0, 0
21679, 1, 1636470668967, 1636470669139, 172, 0, 172, 0, 0, 0
21681, 1, 1636470669187, 1636470669359, 172, 0, 172, 0, 0, 0
21682, 1, 1636470669191, 1636470669363, 172, 0, 172, 0, 0, 0
21680, 1, 1636470669287, 1636470669459, 172, 0, 172, 0, 0, 0
21683, 1, 1636470669287, 1636470669459, 172, 0, 172, 0, 0, 0
21684, 1, 1636470669299, 1636470669475, 176, 0, 176, 0, 0, 0
21686, 1, 1636470669339, 1636470669511, 172, 0, 172, 0, 0, 0
21687, 1, 1636470669391, 1636470669563, 172, 0, 172, 0, 0, 0
21685, 1, 1636470669635, 1636470669807, 172, 0, 172, 0, 0, 0
21688, 1, 1636470669651, 1636470669831, 180, 0, 180, 0, 0, 0
21689, 1, 1636470669659, 1636470669831, 172, 0, 172, 0, 0, 0
21690, 1, 1636470669687, 1636470669859, 172, 0, 172, 0, 0, 0
21691, 1, 1636470669755, 1636470669927, 172, 0, 172, 0, 0, 0
21692, 1, 1636470669879, 1636470670051, 172, 0, 172, 0, 0, 0
21693, 1, 1636470669955, 1636470670127, 172, 0, 172, 0, 0, 0
21695, 1, 1636470670079, 1636470670251, 172, 0, 172, 0, 0, 0
21696, 1, 1636470670103, 1636470670279, 176, 0, 176, 0, 0, 0
21697, 1, 1636470670255, 1636470670431, 176, 0, 176, 0, 0, 0
21694, 1, 1636470670311, 1636470670487, 176, 0, 176, 0, 0, 0
21699, 1, 1636470670495, 1636470670667, 172, 0, 172, 0, 0, 0
21700, 1, 1636470670495, 1636470670667, 172, 0, 172, 0, 0, 0
21701, 1, 1636470670599, 1636470670771, 172, 0, 172, 0, 0, 0
21703, 1, 1636470670611, 1636470670783, 172, 0, 172, 0, 0, 0
21698, 1, 1636470670659, 1636470670831, 172, 0, 172, 0, 0, 0
21706, 1, 1636470670691, 1636470670863, 172, 0, 172, 0, 0, 0
21704, 1, 1636470670703, 1636470670879, 176, 0, 176, 0, 0, 0
21707, 1, 1636470670747, 1636470670919, 172, 0, 172, 0, 0, 0
21709, 1, 1636470670923, 1636470671095, 172, 0, 172, 0, 0, 0
21702, 1, 1636470670947, 1636470671119, 172, 0, 172, 0, 0, 0
21708, 1, 1636470670963, 1636470671135, 172, 0, 172, 0, 0, 0
21710, 1, 1636470670999, 1636470671171, 172, 0, 172, 0, 0, 0
21705, 1, 1636470671051, 1636470671227, 176, 0, 176, 0, 0, 0
21711, 1, 1636470671147, 1636470671323, 176, 0, 176, 0, 0, 0
21712, 1, 1636470671247, 1636470671423, 176, 0, 176, 0, 0, 0
21713, 1, 1636470671311, 1636470671483, 172, 0, 172, 0, 0, 0
21715, 1, 1636470671371, 1636470671547, 176, 0, 176, 0, 0, 0
21716, 1, 1636470671415, 1636470671591, 176, 0, 176, 0, 0, 0
21717, 1, 1636470671643, 1636470671815, 172, 0, 172, 0, 0, 0
21714, 1, 1636470671659, 1636470671831, 172, 0, 172, 0, 0, 0
21719, 1, 1636470671763, 1636470671935, 172, 0, 172, 0, 0, 0
21720, 1, 1636470671887, 1636470672059, 172, 0, 172, 0, 0, 0
21721, 1, 1636470671915, 1636470672087, 172, 0, 172, 0, 0, 0
21722, 1, 1636470671923, 1636470672099, 176, 0, 176, 0, 0, 0
21724, 1, 1636470671935, 1636470672107, 172, 0, 172, 0, 0, 0
21718, 1, 1636470672011, 1636470672183, 172, 0, 172, 0, 0, 0
21726, 1, 1636470672051, 1636470672223, 172, 0, 172, 0, 0, 0
21727, 1, 1636470672059, 1636470672231, 172, 0, 172, 0, 0, 0
21728, 1, 1636470672203, 1636470672375, 172, 0, 172, 0, 0, 0
21730, 1, 1636470672263, 1636470672435, 172, 0, 172, 0, 0, 0
21723, 1, 1636470672263, 1636470672435, 172, 0, 172, 0, 0, 0
21725, 1, 1636470672275, 1636470672447, 172, 0, 172, 0, 0, 0
21729, 1, 1636470672283, 1636470672455, 172, 0, 172, 0, 0, 0
21731, 1, 1636470672507, 1636470672679, 172, 0, 172, 0, 0, 0
21732, 1, 1636470672539, 1636470672711, 172, 0, 172, 0, 0, 0
21733, 1, 1636470672631, 1636470672803, 172, 0, 172, 0, 0, 0
21735, 1, 1636470672747, 1636470672919, 172, 0, 172, 0, 0, 0
21736, 1, 1636470672751, 1636470672923, 172, 0, 172, 0, 0, 0
21737, 1, 1636470672939, 1636470673111, 172, 0, 172, 0, 0, 0
21734, 1, 1636470672979, 1636470673151, 172, 0, 172, 0, 0, 0
21739, 1, 1636470673047, 1636470673223, 176, 0, 176, 0, 0, 0
21740, 1, 1636470673219, 1636470673391, 172, 0, 172, 0, 0, 0
21741, 1, 1636470673259, 1636470673431, 172, 0, 172, 0, 0, 0
21743, 1, 1636470673291, 1636470673463, 172, 0, 172, 0, 0, 0
21744, 1, 1636470673291, 1636470673467, 176, 0, 176, 0, 0, 0
21738, 1, 1636470673327, 1636470673499, 172, 0, 172, 0, 0, 0
21747, 1, 1636470673427, 1636470673599, 172, 0, 172, 0, 0, 0
21749, 1, 1636470673535, 1636470673707, 172, 0, 172, 0, 0, 0
21750, 1, 1636470673543, 1636470673715, 172, 0, 172, 0, 0, 0
21748, 1, 1636470673567, 1636470673739, 172, 0, 172, 0, 0, 0
21742, 1, 1636470673607, 1636470673779, 172, 0, 172, 0, 0, 0
21745, 1, 1636470673647, 1636470673819, 172, 0, 172, 0, 0, 0
21746, 1, 1636470673675, 1636470673847, 172, 0, 172, 0, 0, 0
21752, 1, 1636470673843, 1636470674019, 176, 0, 176, 0, 0, 0
21753, 1, 1636470673919, 1636470674091, 172, 0, 172, 0, 0, 0
21751, 1, 1636470674023, 1636470674195, 172, 0, 172, 0, 0, 0
21756, 1, 1636470674095, 1636470674267, 172, 0, 172, 0, 0, 0
21755, 1, 1636470674095, 1636470674267, 172, 0, 172, 0, 0, 0
21754, 1, 1636470674191, 1636470674363, 172, 0, 172, 0, 0, 0
21757, 1, 1636470674367, 1636470674539, 172, 0, 172, 0, 0, 0
21759, 1, 1636470674375, 1636470674547, 172, 0, 172, 0, 0, 0
21760, 1, 1636470674487, 1636470674659, 172, 0, 172, 0, 0, 0
21758, 1, 1636470674539, 1636470674711, 172, 0, 172, 0, 0, 0
21761, 1, 1636470674579, 1636470674755, 176, 0, 176, 0, 0, 0
21762, 1, 1636470674599, 1636470674771, 172, 0, 172, 0, 0, 0
21765, 1, 1636470674667, 1636470674843, 176, 0, 176, 0, 0, 0
21766, 1, 1636470674675, 1636470674851, 176, 0, 176, 0, 0, 0
21767, 1, 1636470674739, 1636470674911, 172, 0, 172, 0, 0, 0
21768, 1, 1636470674835, 1636470675007, 172, 0, 172, 0, 0, 0
21769, 1, 1636470674875, 1636470675047, 172, 0, 172, 0, 0, 0
21770, 1, 1636470674875, 1636470675047, 172, 0, 172, 0, 0, 0
21764, 1, 1636470674931, 1636470675103, 172, 0, 172, 0, 0, 0
21763, 1, 1636470674943, 1636470675119, 176, 0, 176, 0, 0, 0
21771, 1, 1636470675063, 1636470675235, 172, 0, 172, 0, 0, 0
21772, 1, 1636470675231, 1636470675403, 172, 0, 172, 0, 0, 0
21773, 1, 1636470675247, 1636470675419, 172, 0, 172, 0, 0, 0
21775, 1, 1636470675379, 1636470675551, 172, 0, 172, 0, 0, 0
21776, 1, 1636470675439, 1636470675611, 172, 0, 172, 0, 0, 0
21777, 1, 1636470675519, 1636470675691, 172, 0, 172, 0, 0, 0
21774, 1, 1636470675595, 1636470675767, 172, 0, 172, 0, 0, 0
21779, 1, 1636470675711, 1636470675883, 172, 0, 172, 0, 0, 0
21780, 1, 1636470675783, 1636470675955, 172, 0, 172, 0, 0, 0
21781, 1, 1636470675915, 1636470676087, 172, 0, 172, 0, 0, 0
21782, 1, 1636470675923, 1636470676099, 176, 0, 176, 0, 0, 0
21778, 1, 1636470675939, 1636470676119, 180, 0, 180, 0, 0, 0
21784, 1, 1636470675939, 1636470676119, 180, 0, 180, 0, 0, 0
21786, 1, 1636470676019, 1636470676191, 172, 0, 172, 0, 0, 0
21788, 1, 1636470676063, 1636470676235, 172, 0, 172, 0, 0, 0
21787, 1, 1636470676139, 1636470676311, 172, 0, 172, 0, 0, 0
21789, 1, 1636470676203, 1636470676375, 172, 0, 172, 0, 0, 0
21790, 1, 1636470676215, 1636470676387, 172, 0, 172, 0, 0, 0
21783, 1, 1636470676263, 1636470676435, 172, 0, 172, 0, 0, 0
21785, 1, 1636470676279, 1636470676455, 176, 0, 176, 0, 0, 0
21791, 1, 1636470676335, 1636470676507, 172, 0, 172, 0, 0, 0
21792, 1, 1636470676511, 1636470676683, 172, 0, 172, 0, 0, 0
21793, 1, 1636470676647, 1636470676823, 176, 0, 176, 0, 0, 0
21795, 1, 1636470676731, 1636470676903, 172, 0, 172, 0, 0, 0
21796, 1, 1636470676739, 1636470676911, 172, 0, 172, 0, 0, 0
21797, 1, 1636470676791, 1636470676963, 172, 0, 172, 0, 0, 0
21794, 1, 1636470676995, 1636470677175, 180, 0, 180, 0, 0, 0
21798, 1, 1636470677007, 1636470677179, 172, 0, 172, 0, 0, 0
21801, 1, 1636470677243, 1636470677415, 172, 0, 172, 0, 0, 0
21802, 1, 1636470677275, 1636470677455, 180, 0, 180, 0, 0, 0
21804, 1, 1636470677287, 1636470677463, 176, 0, 176, 0, 0, 0
21805, 1, 1636470677303, 1636470677475, 172, 0, 172, 0, 0, 0
21808, 1, 1636470677391, 1636470677563, 172, 0, 172, 0, 0, 0
21809, 1, 1636470677515, 1636470677687, 172, 0, 172, 0, 0, 0
21810, 1, 1636470677531, 1636470677703, 172, 0, 172, 0, 0, 0
21803, 1, 1636470677631, 1636470677803, 172, 0, 172, 0, 0, 0
21806, 1, 1636470677635, 1636470677807, 172, 0, 172, 0, 0, 0
21811, 1, 1636470677635, 1636470677807, 172, 0, 172, 0, 0, 0
21812, 1, 1636470677823, 1636470677995, 172, 0, 172, 0, 0, 0
21813, 1, 1636470677999, 1636470678171, 172, 0, 172, 0, 0, 0
21815, 1, 1636470678087, 1636470678259, 172, 0, 172, 0, 0, 0
21816, 1, 1636470678099, 1636470678271, 172, 0, 172, 0, 0, 0
21817, 1, 1636470678107, 1636470678287, 180, 0, 180, 0, 0, 0
21818, 1, 1636470678279, 1636470678451, 172, 0, 172, 0, 0, 0
21814, 1, 1636470678347, 1636470678527, 180, 0, 180, 0, 0, 0
21820, 1, 1636470678591, 1636470678763, 172, 0, 172, 0, 0, 0
21821, 1, 1636470678607, 1636470678779, 172, 0, 172, 0, 0, 0
21822, 1, 1636470678626, 1636470678799, 173, 1, 172, 0, 1, 1
21825, 1, 1636470678751, 1636470678923, 172, 0, 172, 0, 0, 0
21826, 1, 1636470678803, 1636470678975, 172, 0, 172, 0, 0, 0
21827, 1, 1636470678847, 1636470679023, 176, 0, 176, 0, 0, 0
21824, 1, 1636470678955, 1636470679127, 172, 0, 172, 0, 0, 0
21823, 1, 1636470678971, 1636470679143, 172, 0, 172, 0, 0, 0
21829, 1, 1636470679099, 1636470679271, 172, 0, 172, 0, 0, 0
21830, 1, 1636470679267, 1636470679439, 172, 0, 172, 0, 0, 0
21833, 1, 1636470679435, 1636470679607, 172, 0, 172, 0, 0, 0
21834, 1, 1636470679451, 1636470679622, 171, 0, 171, 0, 0, 0
21837, 1, 1636470679607, 1636470679779, 172, 0, 172, 0, 0, 0
21836, 1, 1636470679619, 1636470679795, 176, 0, 176, 0, 0, 0
21835, 1, 1636470679619, 1636470679795, 176, 0, 176, 0, 0, 0
21831, 1, 1636470679619, 1636470679795, 176, 0, 176, 0, 0, 0
21839, 1, 1636470679963, 1636470680135, 172, 0, 172, 0, 0, 0
21840, 1, 1636470679971, 1636470680143, 172, 0, 172, 0, 0, 0
21838, 1, 1636470679971, 1636470680143, 172, 0, 172, 0, 0, 0
21842, 1, 1636470679975, 1636470680151, 176, 0, 176, 0, 0, 0
21844, 1, 1636470680115, 1636470680291, 176, 0, 176, 0, 0, 0
21845, 1, 1636470680139, 1636470680315, 176, 0, 176, 0, 0, 0
21846, 1, 1636470680171, 1636470680347, 176, 0, 176, 0, 0, 0
21841, 1, 1636470680311, 1636470680483, 172, 0, 172, 0, 0, 0
21843, 1, 1636470680323, 1636470680499, 176, 0, 176, 0, 0, 0
21847, 1, 1636470680443, 1636470680615, 172, 0, 172, 0, 0, 0
21848, 1, 1636470680635, 1636470680807, 172, 0, 172, 0, 0, 0
21849, 1, 1636470680715, 1636470680887, 172, 0, 172, 0, 0, 0
21851, 1, 1636470680811, 1636470680983, 172, 0, 172, 0, 0, 0
21852, 1, 1636470680827, 1636470680999, 172, 0, 172, 0, 0, 0
21854, 1, 1636470680883, 1636470681055, 172, 0, 172, 0, 0, 0
21853, 1, 1636470680911, 1636470681083, 172, 0, 172, 0, 0, 0
21855, 1, 1636470680923, 1636470681095, 172, 0, 172, 0, 0, 0
21850, 1, 1636470680983, 1636470681155, 172, 0, 172, 0, 0, 0
21832, 1, 1636470681035, 1636470681207, 172, 0, 172, 0, 0, 0
21856, 1, 1636470681159, 1636470681331, 172, 0, 172, 0, 0, 0
21858, 1, 1636470681271, 1636470681447, 176, 0, 176, 0, 0, 0
21859, 1, 1636470681279, 1636470681455, 176, 0, 176, 0, 0, 0
21861, 1, 1636470681299, 1636470681471, 172, 0, 172, 0, 0, 0
21857, 1, 1636470681299, 1636470681471, 172, 0, 172, 0, 0, 0
21863, 1, 1636470681443, 1636470681615, 172, 0, 172, 0, 0, 0
21865, 1, 1636470681555, 1636470681727, 172, 0, 172, 0, 0, 0
21864, 1, 1636470681623, 1636470681795, 172, 0, 172, 0, 0, 0
21860, 1, 1636470681627, 1636470681799, 172, 0, 172, 0, 0, 0
21862, 1, 1636470681647, 1636470681819, 172, 0, 172, 0, 0, 0
21866, 1, 1636470681695, 1636470681867, 172, 0, 172, 0, 0, 0
21867, 1, 1636470681971, 1636470682147, 176, 0, 176, 0, 0, 0
21868, 1, 1636470682003, 1636470682179, 176, 0, 176, 0, 0, 0
21869, 1, 1636470682039, 1636470682211, 172, 0, 172, 0, 0, 0
21871, 1, 1636470682135, 1636470682307, 172, 0, 172, 0, 0, 0
21872, 1, 1636470682159, 1636470682335, 176, 0, 176, 0, 0, 0
21873, 1, 1636470682167, 1636470682343, 176, 0, 176, 0, 0, 0
21874, 1, 1636470682203, 1636470682379, 176, 0, 176, 0, 0, 0
21876, 1, 1636470682331, 1636470682503, 172, 0, 172, 0, 0, 0
21870, 1, 1636470682363, 1636470682535, 172, 0, 172, 0, 0, 0
21875, 1, 1636470682519, 1636470682695, 176, 0, 176, 0, 0, 0
21877, 1, 1636470682543, 1636470682715, 172, 0, 172, 0, 0, 0
21878, 1, 1636470682567, 1636470682739, 172, 0, 172, 0, 0, 0
21879, 1, 1636470682611, 1636470682783, 172, 0, 172, 0, 0, 0
21880, 1, 1636470682615, 1636470682787, 172, 0, 172, 0, 0, 0
21883, 1, 1636470682787, 1636470682959, 172, 0, 172, 0, 0, 0
21884, 1, 1636470682847, 1636470683019, 172, 0, 172, 0, 0, 0
21885, 1, 1636470682907, 1636470683079, 172, 0, 172, 0, 0, 0
21886, 1, 1636470682943, 1636470683115, 172, 0, 172, 0, 0, 0
21881, 1, 1636470682959, 1636470683131, 172, 0, 172, 0, 0, 0
21882, 1, 1636470682963, 1636470683135, 172, 0, 172, 0, 0, 0
21887, 1, 1636470683059, 1636470683231, 172, 0, 172, 0, 0, 0
21888, 1, 1636470683371, 1636470683543, 172, 0, 172, 0, 0, 0
21889, 1, 1636470683415, 1636470683587, 172, 0, 172, 0, 0, 0
21891, 1, 1636470683443, 1636470683615, 172, 0, 172, 0, 0, 0
21892, 1, 1636470683471, 1636470683647, 176, 0, 176, 0, 0, 0
21893, 1, 1636470683511, 1636470683683, 172, 0, 172, 0, 0, 0
21894, 1, 1636470683559, 1636470683731, 172, 0, 172, 0, 0, 0
21896, 1, 1636470683667, 1636470683839, 172, 0, 172, 0, 0, 0
21890, 1, 1636470683719, 1636470683895, 176, 0, 176, 0, 0, 0
21895, 1, 1636470683823, 1636470683995, 172, 0, 172, 0, 0, 0
21897, 1, 1636470683895, 1636470684067, 172, 0, 172, 0, 0, 0
21898, 1, 1636470683915, 1636470684087, 172, 0, 172, 0, 0, 0
21899, 1, 1636470683971, 1636470684143, 172, 0, 172, 0, 0, 0
21900, 1, 1636470683975, 1636470684147, 172, 0, 172, 0, 0, 0
21904, 1, 1636470684191, 1636470684363, 172, 0, 172, 0, 0, 0
21905, 1, 1636470684215, 1636470684387, 172, 0, 172, 0, 0, 0
21902, 1, 1636470684267, 1636470684439, 172, 0, 172, 0, 0, 0
21906, 1, 1636470684295, 1636470684467, 172, 0, 172, 0, 0, 0
21903, 1, 1636470684327, 1636470684499, 172, 0, 172, 0, 0, 0
21901, 1, 1636470684327, 1636470684499, 172, 0, 172, 0, 0, 0
21907, 1, 1636470684615, 1636470684787, 172, 0, 172, 0, 0, 0
21908, 1, 1636470684679, 1636470684851, 172, 0, 172, 0, 0, 0
21909, 1, 1636470684739, 1636470684911, 172, 0, 172, 0, 0, 0
21911, 1, 1636470684827, 1636470684999, 172, 0, 172, 0, 0, 0
21912, 1, 1636470684839, 1636470685011, 172, 0, 172, 0, 0, 0
21914, 1, 1636470684871, 1636470685043, 172, 0, 172, 0, 0, 0
21913, 1, 1636470684875, 1636470685047, 172, 0, 172, 0, 0, 0
21915, 1, 1636470684959, 1636470685131, 172, 0, 172, 0, 0, 0
21910, 1, 1636470685027, 1636470685199, 172, 0, 172, 0, 0, 0
21916, 1, 1636470685215, 1636470685387, 172, 0, 172, 0, 0, 0
21917, 1, 1636470685215, 1636470685387, 172, 0, 172, 0, 0, 0
21918, 1, 1636470685251, 1636470685423, 172, 0, 172, 0, 0, 0
21919, 1, 1636470685287, 1636470685463, 176, 0, 176, 0, 0, 0
21920, 1, 1636470685323, 1636470685495, 172, 0, 172, 0, 0, 0
21922, 1, 1636470685371, 1636470685543, 172, 0, 172, 0, 0, 0
21924, 1, 1636470685483, 1636470685655, 172, 0, 172, 0, 0, 0
21925, 1, 1636470685507, 1636470685679, 172, 0, 172, 0, 0, 0
21926, 1, 1636470685619, 1636470685791, 172, 0, 172, 0, 0, 0
21923, 1, 1636470685643, 1636470685819, 176, 0, 176, 0, 0, 0
21921, 1, 1636470685675, 1636470685847, 172, 0, 172, 0, 0, 0
21927, 1, 1636470685711, 1636470685887, 176, 0, 176, 0, 0, 0
21928, 1, 1636470686079, 1636470686251, 172, 0, 172, 0, 0, 0
21930, 1, 1636470686131, 1636470686303, 172, 0, 172, 0, 0, 0
21931, 1, 1636470686143, 1636470686315, 172, 0, 172, 0, 0, 0
21932, 1, 1636470686207, 1636470686379, 172, 0, 172, 0, 0, 0
21933, 1, 1636470686215, 1636470686387, 172, 0, 172, 0, 0, 0
21934, 1, 1636470686231, 1636470686403, 172, 0, 172, 0, 0, 0
21935, 1, 1636470686263, 1636470686439, 176, 0, 176, 0, 0, 0
21929, 1, 1636470686431, 1636470686603, 172, 0, 172, 0, 0, 0
21937, 1, 1636470686535, 1636470686707, 172, 0, 172, 0, 0, 0
21936, 1, 1636470686563, 1636470686735, 172, 0, 172, 0, 0, 0
21938, 1, 1636470686583, 1636470686755, 172, 0, 172, 0, 0, 0
21939, 1, 1636470686595, 1636470686767, 172, 0, 172, 0, 0, 0
21940, 1, 1636470686611, 1636470686783, 172, 0, 172, 0, 0, 0
21942, 1, 1636470686683, 1636470686855, 172, 0, 172, 0, 0, 0
21944, 1, 1636470686763, 1636470686935, 172, 0, 172, 0, 0, 0
21941, 1, 1636470686943, 1636470687119, 176, 0, 176, 0, 0, 0
21943, 1, 1636470686959, 1636470687139, 180, 0, 180, 0, 0, 0
21946, 1, 1636470687003, 1636470687175, 172, 0, 172, 0, 0, 0
21947, 1, 1636470687019, 1636470687195, 176, 0, 176, 0, 0, 0
21945, 1, 1636470687115, 1636470687287, 172, 0, 172, 0, 0, 0
21948, 1, 1636470687427, 1636470687603, 176, 0, 176, 0, 0, 0
21949, 1, 1636470687459, 1636470687631, 172, 0, 172, 0, 0, 0
21950, 1, 1636470687475, 1636470687647, 172, 0, 172, 0, 0, 0
21951, 1, 1636470687483, 1636470687659, 176, 0, 176, 0, 0, 0
21953, 1, 1636470687539, 1636470687711, 172, 0, 172, 0, 0, 0
21955, 1, 1636470687579, 1636470687751, 172, 0, 172, 0, 0, 0
21954, 1, 1636470687579, 1636470687751, 172, 0, 172, 0, 0, 0
21952, 1, 1636470687819, 1636470687991, 172, 0, 172, 0, 0, 0
21957, 1, 1636470687839, 1636470688011, 172, 0, 172, 0, 0, 0
21956, 1, 1636470687887, 1636470688059, 172, 0, 172, 0, 0, 0
21958, 1, 1636470687927, 1636470688099, 172, 0, 172, 0, 0, 0
21959, 1, 1636470687939, 1636470688111, 172, 0, 172, 0, 0, 0
21960, 1, 1636470687950, 1636470688123, 173, 1, 172, 0, 0, 0
21963, 1, 1636470688027, 1636470688199, 172, 0, 172, 0, 0, 0
21964, 1, 1636470688039, 1636470688211, 172, 0, 172, 0, 0, 0
21965, 1, 1636470688115, 1636470688287, 172, 0, 172, 0, 0, 0
21966, 1, 1636470688263, 1636470688435, 172, 0, 172, 0, 0, 0
21962, 1, 1636470688287, 1636470688459, 172, 0, 172, 0, 0, 0
21961, 1, 1636470688299, 1636470688471, 172, 0, 172, 0, 0, 0
21967, 1, 1636470688407, 1636470688579, 172, 0, 172, 0, 0, 0
21968, 1, 1636470688699, 1636470688875, 176, 0, 176, 0, 0, 0
21969, 1, 1636470688723, 1636470688895, 172, 0, 172, 0, 0, 0
21970, 1, 1636470688823, 1636470688999, 176, 0, 176, 0, 0, 0
21971, 1, 1636470688859, 1636470689031, 172, 0, 172, 0, 0, 0
21973, 1, 1636470688875, 1636470689047, 172, 0, 172, 0, 0, 0
21975, 1, 1636470688903, 1636470689075, 172, 0, 172, 0, 0, 0
21974, 1, 1636470688903, 1636470689083, 180, 0, 180, 0, 0, 0
21977, 1, 1636470689207, 1636470689379, 172, 0, 172, 0, 0, 0
21972, 1, 1636470689207, 1636470689379, 172, 0, 172, 0, 0, 0
21978, 1, 1636470689211, 1636470689383, 172, 0, 172, 0, 0, 0
21976, 1, 1636470689259, 1636470689431, 172, 0, 172, 0, 0, 0
21979, 1, 1636470689259, 1636470689431, 172, 0, 172, 0, 0, 0
21981, 1, 1636470689323, 1636470689495, 172, 0, 172, 0, 0, 0
21982, 1, 1636470689327, 1636470689499, 172, 0, 172, 0, 0, 0
21983, 1, 1636470689343, 1636470689523, 180, 0, 180, 0, 0, 0
21985, 1, 1636470689431, 1636470689603, 172, 0, 172, 0, 0, 0
21980, 1, 1636470689559, 1636470689731, 172, 0, 172, 0, 0, 0
21986, 1, 1636470689659, 1636470689831, 172, 0, 172, 0, 0, 0
21984, 1, 1636470689675, 1636470689851, 176, 0, 176, 0, 0, 0
21987, 1, 1636470689691, 1636470689867, 176, 0, 176, 0, 0, 0
21988, 1, 1636470690023, 1636470690195, 172, 0, 172, 0, 0, 0
21989, 1, 1636470690047, 1636470690219, 172, 0, 172, 0, 0, 0
21990, 1, 1636470690187, 1636470690359, 172, 0, 172, 0, 0, 0
21991, 1, 1636470690203, 1636470690383, 180, 0, 180, 0, 0, 0
21992, 1, 1636470690211, 1636470690387, 176, 0, 176, 0, 0, 0
21994, 1, 1636470690255, 1636470690427, 172, 0, 172, 0, 0, 0
21995, 1, 1636470690255, 1636470690427, 172, 0, 172, 0, 0, 0
21997, 1, 1636470690511, 1636470690683, 172, 0, 172, 0, 0, 0
21993, 1, 1636470690583, 1636470690755, 172, 0, 172, 0, 0, 0
21998, 1, 1636470690631, 1636470690803, 172, 0, 172, 0, 0, 0
21999, 1, 1636470690635, 1636470690807, 172, 0, 172, 0, 0, 0
21996, 1, 1636470690635, 1636470690807, 172, 0, 172, 0, 0, 0
22002, 1, 1636470690647, 1636470690819, 172, 0, 172, 0, 0, 0
22003, 1, 1636470690695, 1636470690867, 172, 0, 172, 0, 0, 0
22005, 1, 1636470690807, 1636470690979, 172, 0, 172, 0, 0, 0
22001, 1, 1636470690863, 1636470691035, 172, 0, 172, 0, 0, 0
22000, 1, 1636470690983, 1636470691155, 172, 0, 172, 0, 0, 0
22004, 1, 1636470691043, 1636470691215, 172, 0, 172, 0, 0, 0
22006, 1, 1636470691051, 1636470691223, 172, 0, 172, 0, 0, 0
22007, 1, 1636470691331, 1636470691503, 172, 0, 172, 0, 0, 0
22008, 1, 1636470691339, 1636470691515, 176, 0, 176, 0, 0, 0
22009, 1, 1636470691367, 1636470691543, 176, 0, 176, 0, 0, 0
22010, 1, 1636470691523, 1636470691695, 172, 0, 172, 0, 0, 0
22011, 1, 1636470691551, 1636470691723, 172, 0, 172, 0, 0, 0
22012, 1, 1636470691559, 1636470691731, 172, 0, 172, 0, 0, 0
22014, 1, 1636470691583, 1636470691755, 172, 0, 172, 0, 0, 0
22015, 1, 1636470691607, 1636470691779, 172, 0, 172, 0, 0, 0
22017, 1, 1636470691823, 1636470691995, 172, 0, 172, 0, 0, 0
22013, 1, 1636470691867, 1636470692039, 172, 0, 172, 0, 0, 0
22016, 1, 1636470691927, 1636470692099, 172, 0, 172, 0, 0, 0
22019, 1, 1636470691951, 1636470692123, 172, 0, 172, 0, 0, 0
22020, 1, 1636470691955, 1636470692131, 176, 0, 176, 0, 0, 0
22021, 1, 1636470691963, 1636470692135, 172, 0, 172, 0, 0, 0
22022, 1, 1636470692011, 1636470692183, 172, 0, 172, 0, 0, 0
22024, 1, 1636470692023, 1636470692195, 172, 0, 172, 0, 0, 0
22025, 1, 1636470692091, 1636470692263, 172, 0, 172, 0, 0, 0
22018, 1, 1636470692171, 1636470692343, 172, 0, 172, 0, 0, 0
22023, 1, 1636470692371, 1636470692543, 172, 0, 172, 0, 0, 0
22026, 1, 1636470692431, 1636470692603, 172, 0, 172, 0, 0, 0
22027, 1, 1636470692455, 1636470692627, 172, 0, 172, 0, 0, 0
22028, 1, 1636470692599, 1636470692771, 172, 0, 172, 0, 0, 0
22029, 1, 1636470692771, 1636470692943, 172, 0, 172, 0, 0, 0
22030, 1, 1636470692831, 1636470693003, 172, 0, 172, 0, 0, 0
22031, 1, 1636470692867, 1636470693043, 176, 0, 176, 0, 0, 0
22032, 1, 1636470692899, 1636470693071, 172, 0, 172, 0, 0, 0
22034, 1, 1636470692935, 1636470693107, 172, 0, 172, 0, 0, 0
22035, 1, 1636470692951, 1636470693123, 172, 0, 172, 0, 0, 0
22037, 1, 1636470693091, 1636470693271, 180, 0, 180, 0, 0, 0
22038, 1, 1636470693227, 1636470693399, 172, 0, 172, 0, 0, 0
22033, 1, 1636470693243, 1636470693419, 176, 0, 176, 0, 0, 0
22040, 1, 1636470693283, 1636470693455, 172, 0, 172, 0, 0, 0
22041, 1, 1636470693291, 1636470693463, 172, 0, 172, 0, 0, 0
22036, 1, 1636470693295, 1636470693467, 172, 0, 172, 0, 0, 0
22042, 1, 1636470693311, 1636470693483, 172, 0, 172, 0, 0, 0
22043, 1, 1636470693371, 1636470693543, 172, 0, 172, 0, 0, 0
22045, 1, 1636470693427, 1636470693599, 172, 0, 172, 0, 0, 0
22039, 1, 1636470693447, 1636470693619, 172, 0, 172, 0, 0, 0
22044, 1, 1636470693715, 1636470693887, 172, 0, 172, 0, 0, 0
22046, 1, 1636470693715, 1636470693887, 172, 0, 172, 0, 0, 0
22047, 1, 1636470693775, 1636470693951, 176, 0, 176, 0, 0, 0
22048, 1, 1636470693887, 1636470694059, 172, 0, 172, 0, 0, 0
22049, 1, 1636470694111, 1636470694287, 176, 0, 176, 0, 0, 0
22050, 1, 1636470694167, 1636470694339, 172, 0, 172, 0, 0, 0
22051, 1, 1636470694227, 1636470694403, 176, 0, 176, 0, 0, 0
22052, 1, 1636470694255, 1636470694427, 172, 0, 172, 0, 0, 0
22053, 1, 1636470694263, 1636470694435, 172, 0, 172, 0, 0, 0
22055, 1, 1636470694279, 1636470694451, 172, 0, 172, 0, 0, 0
22057, 1, 1636470694415, 1636470694587, 172, 0, 172, 0, 0, 0
22059, 1, 1636470694567, 1636470694739, 172, 0, 172, 0, 0, 0
22056, 1, 1636470694579, 1636470694751, 172, 0, 172, 0, 0, 0
22054, 1, 1636470694603, 1636470694775, 172, 0, 172, 0, 0, 0
22060, 1, 1636470694615, 1636470694787, 172, 0, 172, 0, 0, 0
22061, 1, 1636470694667, 1636470694839, 172, 0, 172, 0, 0, 0
22062, 1, 1636470694675, 1636470694847, 172, 0, 172, 0, 0, 0
22063, 1, 1636470694727, 1636470694899, 172, 0, 172, 0, 0, 0
22058, 1, 1636470694763, 1636470694935, 172, 0, 172, 0, 0, 0
22065, 1, 1636470694799, 1636470694975, 176, 0, 176, 0, 0, 0
22066, 1, 1636470695055, 1636470695227, 172, 0, 172, 0, 0, 0
22064, 1, 1636470695075, 1636470695251, 176, 0, 176, 0, 0, 0
22067, 1, 1636470695151, 1636470695323, 172, 0, 172, 0, 0, 0
22069, 1, 1636470695391, 1636470695563, 172, 0, 172, 0, 0, 0
22068, 1, 1636470695499, 1636470695671, 172, 0, 172, 0, 0, 0
22070, 1, 1636470695539, 1636470695711, 172, 0, 172, 0, 0, 0
22071, 1, 1636470695563, 1636470695735, 172, 0, 172, 0, 0, 0
22072, 1, 1636470695603, 1636470695775, 172, 0, 172, 0, 0, 0
22073, 1, 1636470695619, 1636470695791, 172, 0, 172, 0, 0, 0
22075, 1, 1636470695659, 1636470695831, 172, 0, 172, 0, 0, 0
22077, 1, 1636470695847, 1636470696019, 172, 0, 172, 0, 0, 0
22079, 1, 1636470695875, 1636470696047, 172, 0, 172, 0, 0, 0
22080, 1, 1636470695911, 1636470696083, 172, 0, 172, 0, 0, 0
22081, 1, 1636470695935, 1636470696107, 172, 0, 172, 0, 0, 0
22074, 1, 1636470695951, 1636470696127, 176, 0, 176, 0, 0, 0
22076, 1, 1636470695967, 1636470696143, 176, 0, 176, 0, 0, 0
22082, 1, 1636470696051, 1636470696223, 172, 0, 172, 0, 0, 0
22083, 1, 1636470696071, 1636470696243, 172, 0, 172, 0, 0, 0
22084, 1, 1636470696111, 1636470696283, 172, 0, 172, 0, 0, 0
22078, 1, 1636470696195, 1636470696371, 176, 0, 176, 0, 0, 0
22086, 1, 1636470696355, 1636470696527, 172, 0, 172, 0, 0, 0
22087, 1, 1636470696423, 1636470696595, 172, 0, 172, 0, 0, 0
22085, 1, 1636470696455, 1636470696627, 172, 0, 172, 0, 0, 0
22088, 1, 1636470696543, 1636470696715, 172, 0, 172, 0, 0, 0
22089, 1, 1636470696735, 1636470696907, 172, 0, 172, 0, 0, 0
22090, 1, 1636470696863, 1636470697035, 172, 0, 172, 0, 0, 0
22091, 1, 1636470696915, 1636470697091, 176, 0, 176, 0, 0, 0
22092, 1, 1636470696939, 1636470697111, 172, 0, 172, 0, 0, 0
22094, 1, 1636470697003, 1636470697179, 176, 0, 176, 0, 0, 0
22096, 1, 1636470697047, 1636470697219, 172, 0, 172, 0, 0, 0
22097, 1, 1636470697063, 1636470697235, 172, 0, 172, 0, 0, 0
22093, 1, 1636470697267, 1636470697439, 172, 0, 172, 0, 0, 0
22099, 1, 1636470697271, 1636470697447, 176, 0, 176, 0, 0, 0
22100, 1, 1636470697291, 1636470697471, 180, 0, 180, 0, 0, 0
22101, 1, 1636470697319, 1636470697491, 172, 0, 172, 0, 0, 0
22102, 1, 1636470697343, 1636470697519, 176, 0, 176, 0, 0, 0
22095, 1, 1636470697355, 1636470697527, 172, 0, 172, 0, 0, 0
22098, 1, 1636470697406, 1636470697579, 173, 1, 172, 0, 0, 0
22104, 1, 1636470697463, 1636470697635, 172, 0, 172, 0, 0, 0
22103, 1, 1636470697699, 1636470697871, 172, 0, 172, 0, 0, 0
22106, 1, 1636470697755, 1636470697927, 172, 0, 172, 0, 0, 0
22107, 1, 1636470697795, 1636470697967, 172, 0, 172, 0, 0, 0
22105, 1, 1636470697811, 1636470697983, 172, 0, 172, 0, 0, 0
22108, 1, 1636470697863, 1636470698035, 172, 0, 172, 0, 0, 0
22109, 1, 1636470698083, 1636470698255, 172, 0, 172, 0, 0, 0
22110, 1, 1636470698151, 1636470698323, 172, 0, 172, 0, 0, 0
22111, 1, 1636470698207, 1636470698379, 172, 0, 172, 0, 0, 0
22113, 1, 1636470698295, 1636470698467, 172, 0, 172, 0, 0, 0
22116, 1, 1636470698383, 1636470698555, 172, 0, 172, 0, 0, 0
22117, 1, 1636470698407, 1636470698583, 176, 0, 176, 0, 0, 0
22114, 1, 1636470698499, 1636470698671, 172, 0, 172, 0, 0, 0
22112, 1, 1636470698551, 1636470698723, 172, 0, 172, 0, 0, 0
22119, 1, 1636470698559, 1636470698731, 172, 0, 172, 0, 0, 0
22115, 1, 1636470698643, 1636470698815, 172, 0, 172, 0, 0, 0
22121, 1, 1636470698659, 1636470698835, 176, 0, 176, 0, 0, 0
22123, 1, 1636470698715, 1636470698895, 180, 0, 180, 0, 0, 0
22118, 1, 1636470698727, 1636470698899, 172, 0, 172, 0, 0, 0
22124, 1, 1636470698787, 1636470698959, 172, 0, 172, 0, 0, 0
22126, 1, 1636470699067, 1636470699239, 172, 0, 172, 0, 0, 0
22127, 1, 1636470699131, 1636470699303, 172, 0, 172, 0, 0, 0
22125, 1, 1636470699131, 1636470699303, 172, 0, 172, 0, 0, 0
22129, 1, 1636470699403, 1636470699575, 172, 0, 172, 0, 0, 0
22130, 1, 1636470699499, 1636470699671, 172, 0, 172, 0, 0, 0
22131, 1, 1636470699543, 1636470699715, 172, 0, 172, 0, 0, 0
22134, 1, 1636470699635, 1636470699807, 172, 0, 172, 0, 0, 0
22133, 1, 1636470699635, 1636470699807, 172, 0, 172, 0, 0, 0
22136, 1, 1636470699687, 1636470699859, 172, 0, 172, 0, 0, 0
22132, 1, 1636470699847, 1636470700019, 172, 0, 172, 0, 0, 0
22139, 1, 1636470699911, 1636470700083, 172, 0, 172, 0, 0, 0
22140, 1, 1636470700007, 1636470700179, 172, 0, 172, 0, 0, 0
22141, 1, 1636470700055, 1636470700227, 172, 0, 172, 0, 0, 0
22142, 1, 1636470700147, 1636470700323, 176, 0, 176, 0, 0, 0
22144, 1, 1636470700419, 1636470700591, 172, 0, 172, 0, 0, 0
22145, 1, 1636470700463, 1636470700635, 172, 0, 172, 0, 0, 0
22143, 1, 1636470700499, 1636470700671, 172, 0, 172, 0, 0, 0
22146, 1, 1636470700747, 1636470700923, 176, 0, 176, 0, 0, 0
22147, 1, 1636470700771, 1636470700943, 172, 0, 172, 0, 0, 0
22148, 1, 1636470700831, 1636470701003, 172, 0, 172, 0, 0, 0
22128, 1, 1636470700851, 1636470701027, 176, 0, 176, 0, 0, 0
22151, 1, 1636470701027, 1636470701199, 172, 0, 172, 0, 0, 0
22154, 1, 1636470701083, 1636470701255, 172, 0, 172, 0, 0, 0
22149, 1, 1636470701119, 1636470701291, 172, 0, 172, 0, 0, 0
22153, 1, 1636470701119, 1636470701291, 172, 0, 172, 0, 0, 0
22155, 1, 1636470701267, 1636470701439, 172, 0, 172, 0, 0, 0
22156, 1, 1636470701295, 1636470701475, 180, 0, 180, 0, 0, 0
22157, 1, 1636470701323, 1636470701499, 176, 0, 176, 0, 0, 0
22152, 1, 1636470701371, 1636470701547, 176, 0, 176, 0, 0, 0
22158, 1, 1636470701511, 1636470701683, 172, 0, 172, 0, 0, 0
22159, 1, 1636470701539, 1636470701711, 172, 0, 172, 0, 0, 0
22161, 1, 1636470701779, 1636470701955, 176, 0, 176, 0, 0, 0
22162, 1, 1636470701803, 1636470701975, 172, 0, 172, 0, 0, 0
22160, 1, 1636470701887, 1636470702059, 172, 0, 172, 0, 0, 0
22150, 1, 1636470701987, 1636470702167, 180, 0, 180, 0, 0, 0
22163, 1, 1636470702031, 1636470702203, 172, 0, 172, 0, 0, 0
22164, 1, 1636470702159, 1636470702339, 180, 0, 180, 0, 0, 0
22165, 1, 1636470702175, 1636470702347, 172, 0, 172, 0, 0, 0
22167, 1, 1636470702251, 1636470702427, 176, 0, 176, 0, 0, 0
22166, 1, 1636470702251, 1636470702427, 176, 0, 176, 0, 0, 0
22170, 1, 1636470702331, 1636470702503, 172, 0, 172, 0, 0, 0
22171, 1, 1636470702351, 1636470702527, 176, 0, 176, 0, 0, 0
22172, 1, 1636470702363, 1636470702539, 176, 0, 176, 0, 0, 0
22173, 1, 1636470702475, 1636470702647, 172, 0, 172, 0, 0, 0
22169, 1, 1636470702523, 1636470702695, 172, 0, 172, 0, 0, 0
22174, 1, 1636470702583, 1636470702755, 172, 0, 172, 0, 0, 0
22168, 1, 1636470702603, 1636470702775, 172, 0, 172, 0, 0, 0
22176, 1, 1636470702643, 1636470702819, 176, 0, 176, 0, 0, 0
22177, 1, 1636470702719, 1636470702891, 172, 0, 172, 0, 0, 0
22178, 1, 1636470702751, 1636470702923, 172, 0, 172, 0, 0, 0
22175, 1, 1636470702823, 1636470702999, 176, 0, 176, 0, 0, 0
22181, 1, 1636470703067, 1636470703239, 172, 0, 172, 0, 0, 0
22182, 1, 1636470703163, 1636470703335, 172, 0, 172, 0, 0, 0
22183, 1, 1636470703431, 1636470703603, 172, 0, 172, 0, 0, 0
22185, 1, 1636470703519, 1636470703691, 172, 0, 172, 0, 0, 0
22186, 1, 1636470703519, 1636470703691, 172, 0, 172, 0, 0, 0
22189, 1, 1636470703559, 1636470703731, 172, 0, 172, 0, 0, 0
22190, 1, 1636470703607, 1636470703779, 172, 0, 172, 0, 0, 0
22192, 1, 1636470703699, 1636470703871, 172, 0, 172, 0, 0, 0
22193, 1, 1636470703847, 1636470704019, 172, 0, 172, 0, 0, 0
22188, 1, 1636470703867, 1636470704039, 172, 0, 172, 0, 0, 0
22191, 1, 1636470703867, 1636470704039, 172, 0, 172, 0, 0, 0
22195, 1, 1636470703951, 1636470704123, 172, 0, 172, 0, 0, 0
22198, 1, 1636470704015, 1636470704187, 172, 0, 172, 0, 0, 0
22199, 1, 1636470704327, 1636470704499, 172, 0, 172, 0, 0, 0
22200, 1, 1636470704515, 1636470704691, 176, 0, 176, 0, 0, 0
22201, 1, 1636470704835, 1636470705011, 176, 0, 176, 0, 0, 0
22202, 1, 1636470704867, 1636470705039, 172, 0, 172, 0, 0, 0
22203, 1, 1636470704899, 1636470705071, 172, 0, 172, 0, 0, 0
22204, 1, 1636470704899, 1636470705071, 172, 0, 172, 0, 0, 0
22207, 1, 1636470704987, 1636470705159, 172, 0, 172, 0, 0, 0
22208, 1, 1636470705035, 1636470705207, 172, 0, 172, 0, 0, 0
22209, 1, 1636470705159, 1636470705331, 172, 0, 172, 0, 0, 0
22205, 1, 1636470705215, 1636470705387, 172, 0, 172, 0, 0, 0
22212, 1, 1636470705311, 1636470705483, 172, 0, 172, 0, 0, 0
22213, 1, 1636470705391, 1636470705563, 172, 0, 172, 0, 0, 0
22194, 1, 1636470705631, 1636470705803, 172, 0, 172, 0, 0, 0
22214, 1, 1636470705639, 1636470705811, 172, 0, 172, 0, 0, 0
22216, 1, 1636470705807, 1636470705979, 172, 0, 172, 0, 0, 0
22218, 1, 1636470706139, 1636470706315, 176, 0, 176, 0, 0, 0
22219, 1, 1636470706187, 1636470706359, 172, 0, 172, 0, 0, 0
22206, 1, 1636470706223, 1636470706399, 176, 0, 176, 0, 0, 0
22222, 1, 1636470706259, 1636470706431, 172, 0, 172, 0, 0, 0
22223, 1, 1636470706295, 1636470706467, 172, 0, 172, 0, 0, 0
22224, 1, 1636470706303, 1636470706475, 172, 0, 172, 0, 0, 0
22225, 1, 1636470706323, 1636470706499, 176, 0, 176, 0, 0, 0
22228, 1, 1636470706471, 1636470706647, 176, 0, 176, 0, 0, 0
22226, 1, 1636470706487, 1636470706659, 172, 0, 172, 0, 0, 0
22227, 1, 1636470706487, 1636470706659, 172, 0, 172, 0, 0, 0
22220, 1, 1636470706535, 1636470706711, 176, 0, 176, 0, 0, 0
22229, 1, 1636470706611, 1636470706783, 172, 0, 172, 0, 0, 0
22230, 1, 1636470706703, 1636470706879, 176, 0, 176, 0, 0, 0
22231, 1, 1636470706883, 1636470707055, 172, 0, 172, 0, 0, 0
22232, 1, 1636470706951, 1636470707123, 172, 0, 172, 0, 0, 0
22233, 1, 1636470707091, 1636470707263, 172, 0, 172, 0, 0, 0
22221, 1, 1636470707387, 1636470707559, 172, 0, 172, 0, 0, 0
22234, 1, 1636470707483, 1636470707655, 172, 0, 172, 0, 0, 0
22235, 1, 1636470707555, 1636470707727, 172, 0, 172, 0, 0, 0
22236, 1, 1636470707559, 1636470707731, 172, 0, 172, 0, 0, 0
22238, 1, 1636470707599, 1636470707771, 172, 0, 172, 0, 0, 0
22241, 1, 1636470707643, 1636470707815, 172, 0, 172, 0, 0, 0
22239, 1, 1636470707647, 1636470707819, 172, 0, 172, 0, 0, 0
22242, 1, 1636470707651, 1636470707823, 172, 0, 172, 0, 0, 0
22243, 1, 1636470707707, 1636470707883, 176, 0, 176, 0, 0, 0
22244, 1, 1636470707735, 1636470707907, 172, 0, 172, 0, 0, 0
22245, 1, 1636470707747, 1636470707919, 172, 0, 172, 0, 0, 0
22246, 1, 1636470707883, 1636470708055, 172, 0, 172, 0, 0, 0
22237, 1, 1636470707907, 1636470708079, 172, 0, 172, 0, 0, 0
22240, 1, 1636470707995, 1636470708167, 172, 0, 172, 0, 0, 0
22248, 1, 1636470708059, 1636470708231, 172, 0, 172, 0, 0, 0
22249, 1, 1636470708207, 1636470708379, 172, 0, 172, 0, 0, 0
22250, 1, 1636470708227, 1636470708399, 172, 0, 172, 0, 0, 0
22247, 1, 1636470708343, 1636470708515, 172, 0, 172, 0, 0, 0
22251, 1, 1636470708363, 1636470708535, 172, 0, 172, 0, 0, 0
22252, 1, 1636470708419, 1636470708591, 172, 0, 172, 0, 0, 0
22253, 1, 1636470708767, 1636470708939, 172, 0, 172, 0, 0, 0
22255, 1, 1636470708867, 1636470709039, 172, 0, 172, 0, 0, 0
22256, 1, 1636470708867, 1636470709039, 172, 0, 172, 0, 0, 0
22257, 1, 1636470708879, 1636470709051, 172, 0, 172, 0, 0, 0
22258, 1, 1636470708895, 1636470709067, 172, 0, 172, 0, 0, 0
22261, 1, 1636470708975, 1636470709147, 172, 0, 172, 0, 0, 0
22262, 1, 1636470709051, 1636470709222, 171, 0, 171, 0, 0, 0
22263, 1, 1636470709095, 1636470709267, 172, 0, 172, 0, 0, 0
22264, 1, 1636470709107, 1636470709279, 172, 0, 172, 0, 0, 0
22265, 1, 1636470709135, 1636470709307, 172, 0, 172, 0, 0, 0
22266, 1, 1636470709195, 1636470709367, 172, 0, 172, 0, 0, 0
22259, 1, 1636470709214, 1636470709387, 173, 1, 172, 1, 0, 1
22268, 1, 1636470709443, 1636470709615, 172, 0, 172, 0, 0, 0
22267, 1, 1636470709563, 1636470709735, 172, 0, 172, 0, 0, 0
22269, 1, 1636470709583, 1636470709755, 172, 0, 172, 0, 0, 0
22270, 1, 1636470709619, 1636470709791, 172, 0, 172, 0, 0, 0
22271, 1, 1636470709663, 1636470709835, 172, 0, 172, 0, 0, 0
22273, 1, 1636470709679, 1636470709851, 172, 0, 172, 0, 0, 0
22272, 1, 1636470710027, 1636470710199, 172, 0, 172, 0, 0, 0
22274, 1, 1636470710167, 1636470710339, 172, 0, 172, 0, 0, 0
22276, 1, 1636470710191, 1636470710367, 176, 0, 176, 0, 0, 0
22275, 1, 1636470710191, 1636470710367, 176, 0, 176, 0, 0, 0
22277, 1, 1636470710227, 1636470710399, 172, 0, 172, 0, 0, 0
22279, 1, 1636470710355, 1636470710527, 172, 0, 172, 0, 0, 0
22280, 1, 1636470710363, 1636470710535, 172, 0, 172, 0, 0, 0
22281, 1, 1636470710411, 1636470710583, 172, 0, 172, 0, 0, 0
22282, 1, 1636470710431, 1636470710603, 172, 0, 172, 0, 0, 0
22283, 1, 1636470710471, 1636470710643, 172, 0, 172, 0, 0, 0
22284, 1, 1636470710503, 1636470710675, 172, 0, 172, 0, 0, 0
22278, 1, 1636470710571, 1636470710743, 172, 0, 172, 0, 0, 0
22286, 1, 1636470710707, 1636470710879, 172, 0, 172, 0, 0, 0
22287, 1, 1636470710851, 1636470711023, 172, 0, 172, 0, 0, 0
22288, 1, 1636470710891, 1636470711063, 172, 0, 172, 0, 0, 0
22285, 1, 1636470710919, 1636470711091, 172, 0, 172, 0, 0, 0
22289, 1, 1636470710979, 1636470711151, 172, 0, 172, 0, 0, 0
22290, 1, 1636470711007, 1636470711179, 172, 0, 172, 0, 0, 0
22291, 1, 1636470711355, 1636470711527, 172, 0, 172, 0, 0, 0
22292, 1, 1636470711383, 1636470711555, 172, 0, 172, 0, 0, 0
22294, 1, 1636470711443, 1636470711615, 172, 0, 172, 0, 0, 0
22295, 1, 1636470711499, 1636470711671, 172, 0, 172, 0, 0, 0
22296, 1, 1636470711575, 1636470711747, 172, 0, 172, 0, 0, 0
22297, 1, 1636470711595, 1636470711767, 172, 0, 172, 0, 0, 0
22299, 1, 1636470711695, 1636470711867, 172, 0, 172, 0, 0, 0
22300, 1, 1636470711723, 1636470711895, 172, 0, 172, 0, 0, 0
22301, 1, 1636470711723, 1636470711895, 172, 0, 172, 0, 0, 0
22293, 1, 1636470711731, 1636470711903, 172, 0, 172, 0, 0, 0
22302, 1, 1636470711739, 1636470711911, 172, 0, 172, 0, 0, 0
22303, 1, 1636470711767, 1636470711939, 172, 0, 172, 0, 0, 0
22298, 1, 1636470711927, 1636470712099, 172, 0, 172, 0, 0, 0
22305, 1, 1636470712003, 1636470712175, 172, 0, 172, 0, 0, 0
22304, 1, 1636470712083, 1636470712255, 172, 0, 172, 0, 0, 0
22307, 1, 1636470712143, 1636470712315, 172, 0, 172, 0, 0, 0
22308, 1, 1636470712247, 1636470712419, 172, 0, 172, 0, 0, 0
22306, 1, 1636470712271, 1636470712443, 172, 0, 172, 0, 0, 0
22309, 1, 1636470712311, 1636470712483, 172, 0, 172, 0, 0, 0
22310, 1, 1636470712347, 1636470712519, 172, 0, 172, 0, 0, 0
22312, 1, 1636470712635, 1636470712807, 172, 0, 172, 0, 0, 0
22311, 1, 1636470712659, 1636470712831, 172, 0, 172, 0, 0, 0
22314, 1, 1636470712803, 1636470712975, 172, 0, 172, 0, 0, 0
22315, 1, 1636470712827, 1636470712999, 172, 0, 172, 0, 0, 0
22316, 1, 1636470712891, 1636470713063, 172, 0, 172, 0, 0, 0
22318, 1, 1636470712923, 1636470713095, 172, 0, 172, 0, 0, 0
22313, 1, 1636470712979, 1636470713151, 172, 0, 172, 0, 0, 0
22319, 1, 1636470712983, 1636470713155, 172, 0, 172, 0, 0, 0
22320, 1, 1636470713047, 1636470713219, 172, 0, 172, 0, 0, 0
22321, 1, 1636470713059, 1636470713231, 172, 0, 172, 0, 0, 0
22322, 1, 1636470713067, 1636470713239, 172, 0, 172, 0, 0, 0
22323, 1, 1636470713115, 1636470713287, 172, 0, 172, 0, 0, 0
22324, 1, 1636470713135, 1636470713307, 172, 0, 172, 0, 0, 0
22317, 1, 1636470713239, 1636470713411, 172, 0, 172, 0, 0, 0
22325, 1, 1636470713315, 1636470713487, 172, 0, 172, 0, 0, 0
22327, 1, 1636470713531, 1636470713703, 172, 0, 172, 0, 0, 0
22326, 1, 1636470713587, 1636470713759, 172, 0, 172, 0, 0, 0
22328, 1, 1636470713595, 1636470713767, 172, 0, 172, 0, 0, 0
22329, 1, 1636470713627, 1636470713803, 176, 0, 176, 0, 0, 0
22330, 1, 1636470713655, 1636470713827, 172, 0, 172, 0, 0, 0
22332, 1, 1636470713963, 1636470714135, 172, 0, 172, 0, 0, 0
22331, 1, 1636470713999, 1636470714171, 172, 0, 172, 0, 0, 0
22334, 1, 1636470714094, 1636470714271, 177, 1, 176, 0, 0, 0
22335, 1, 1636470714111, 1636470714283, 172, 0, 172, 0, 0, 0
22337, 1, 1636470714235, 1636470714407, 172, 0, 172, 0, 0, 0
22338, 1, 1636470714263, 1636470714439, 176, 0, 176, 0, 0, 0
22339, 1, 1636470714275, 1636470714447, 172, 0, 172, 0, 0, 0
22333, 1, 1636470714307, 1636470714483, 176, 0, 176, 0, 0, 0
22340, 1, 1636470714387, 1636470714559, 172, 0, 172, 0, 0, 0
22341, 1, 1636470714395, 1636470714571, 176, 0, 176, 0, 0, 0
22342, 1, 1636470714435, 1636470714607, 172, 0, 172, 0, 0, 0
22343, 1, 1636470714451, 1636470714627, 176, 0, 176, 0, 0, 0
22344, 1, 1636470714539, 1636470714715, 176, 0, 176, 0, 0, 0
22336, 1, 1636470714583, 1636470714759, 176, 0, 176, 0, 0, 0
22345, 1, 1636470714623, 1636470714795, 172, 0, 172, 0, 0, 0
22347, 1, 1636470714847, 1636470715019, 172, 0, 172, 0, 0, 0
22346, 1, 1636470714935, 1636470715107, 172, 0, 172, 0, 0, 0
22348, 1, 1636470714999, 1636470715171, 172, 0, 172, 0, 0, 0
22349, 1, 1636470714999, 1636470715171, 172, 0, 172, 0, 0, 0
22350, 1, 1636470715043, 1636470715215, 172, 0, 172, 0, 0, 0
22352, 1, 1636470715247, 1636470715419, 172, 0, 172, 0, 0, 0
22351, 1, 1636470715391, 1636470715563, 172, 0, 172, 0, 0, 0
22354, 1, 1636470715439, 1636470715611, 172, 0, 172, 0, 0, 0
22356, 1, 1636470715507, 1636470715679, 172, 0, 172, 0, 0, 0
22353, 1, 1636470715591, 1636470715763, 172, 0, 172, 0, 0, 0
22358, 1, 1636470715659, 1636470715831, 172, 0, 172, 0, 0, 0
22359, 1, 1636470715667, 1636470715839, 172, 0, 172, 0, 0, 0
22360, 1, 1636470715675, 1636470715851, 176, 0, 176, 0, 0, 0
22361, 1, 1636470715715, 1636470715887, 172, 0, 172, 0, 0, 0
22355, 1, 1636470715739, 1636470715911, 172, 0, 172, 0, 0, 0
22362, 1, 1636470715747, 1636470715919, 172, 0, 172, 0, 0, 0
22363, 1, 1636470715799, 1636470715971, 172, 0, 172, 0, 0, 0
22357, 1, 1636470715851, 1636470716023, 172, 0, 172, 0, 0, 0
22364, 1, 1636470715899, 1636470716071, 172, 0, 172, 0, 0, 0
22365, 1, 1636470715931, 1636470716103, 172, 0, 172, 0, 0, 0
22367, 1, 1636470716171, 1636470716347, 176, 0, 176, 0, 0, 0
22366, 1, 1636470716195, 1636470716371, 176, 0, 176, 0, 0, 0
22368, 1, 1636470716343, 1636470716515, 172, 0, 172, 0, 0, 0
22369, 1, 1636470716387, 1636470716559, 172, 0, 172, 0, 0, 0
22370, 1, 1636470716395, 1636470716571, 176, 0, 176, 0, 0, 0
22372, 1, 1636470716551, 1636470716727, 176, 0, 176, 0, 0, 0
22371, 1, 1636470716691, 1636470716863, 172, 0, 172, 0, 0, 0
22374, 1, 1636470716715, 1636470716887, 172, 0, 172, 0, 0, 0
22375, 1, 1636470716815, 1636470716987, 172, 0, 172, 0, 0, 0
22376, 1, 1636470716879, 1636470717051, 172, 0, 172, 0, 0, 0
22373, 1, 1636470716903, 1636470717075, 172, 0, 172, 0, 0, 0
22378, 1, 1636470716939, 1636470717115, 176, 0, 176, 0, 0, 0
22379, 1, 1636470716971, 1636470717143, 172, 0, 172, 0, 0, 0
22381, 1, 1636470717011, 1636470717183, 172, 0, 172, 0, 0, 0
22380, 1, 1636470717011, 1636470717183, 172, 0, 172, 0, 0, 0
22382, 1, 1636470717083, 1636470717255, 172, 0, 172, 0, 0, 0
22383, 1, 1636470717107, 1636470717279, 172, 0, 172, 0, 0, 0
22377, 1, 1636470717227, 1636470717399, 172, 0, 172, 0, 0, 0
22384, 1, 1636470717295, 1636470717467, 172, 0, 172, 0, 0, 0
22385, 1, 1636470717307, 1636470717479, 172, 0, 172, 0, 0, 0
22387, 1, 1636470717507, 1636470717679, 172, 0, 172, 0, 0, 0
22386, 1, 1636470717571, 1636470717743, 172, 0, 172, 0, 0, 0
22388, 1, 1636470717619, 1636470717791, 172, 0, 172, 0, 0, 0
22389, 1, 1636470717663, 1636470717835, 172, 0, 172, 0, 0, 0
22391, 1, 1636470717783, 1636470717955, 172, 0, 172, 0, 0, 0
22392, 1, 1636470717923, 1636470718103, 180, 0, 180, 0, 0, 0
22390, 1, 1636470717963, 1636470718139, 176, 0, 176, 0, 0, 0
22394, 1, 1636470718059, 1636470718235, 176, 0, 176, 0, 0, 0
22395, 1, 1636470718199, 1636470718371, 172, 0, 172, 0, 0, 0
22397, 1, 1636470718255, 1636470718427, 172, 0, 172, 0, 0, 0
22393, 1, 1636470718275, 1636470718447, 172, 0, 172, 0, 0, 0
22399, 1, 1636470718343, 1636470718515, 172, 0, 172, 0, 0, 0
22400, 1, 1636470718347, 1636470718523, 176, 0, 176, 0, 0, 0
22401, 1, 1636470718363, 1636470718535, 172, 0, 172, 0, 0, 0
22402, 1, 1636470718399, 1636470718571, 172, 0, 172, 0, 0, 0
22396, 1, 1636470718415, 1636470718591, 176, 0, 176, 0, 0, 0
22403, 1, 1636470718447, 1636470718619, 172, 0, 172, 0, 0, 0
22404, 1, 1636470718563, 1636470718735, 172, 0, 172, 0, 0, 0
22398, 1, 1636470718599, 1636470718771, 172, 0, 172, 0, 0, 0
22405, 1, 1636470718659, 1636470718831, 172, 0, 172, 0, 0, 0
22407, 1, 1636470718843, 1636470719019, 176, 0, 176, 0, 0, 0
22406, 1, 1636470718947, 1636470719119, 172, 0, 172, 0, 0, 0
22409, 1, 1636470719003, 1636470719175, 172, 0, 172, 0, 0, 0
22411, 1, 1636470719167, 1636470719339, 172, 0, 172, 0, 0, 0
22408, 1, 1636470719295, 1636470719475, 180, 0, 180, 0, 0, 0
22412, 1, 1636470719311, 1636470719487, 176, 0, 176, 0, 0, 0
22410, 1, 1636470719351, 1636470719523, 172, 0, 172, 0, 0, 0
22414, 1, 1636470719455, 1636470719627, 172, 0, 172, 0, 0, 0
22415, 1, 1636470719519, 1636470719695, 176, 0, 176, 0, 0, 0
22416, 1, 1636470719539, 1636470719715, 176, 0, 176, 0, 0, 0
22417, 1, 1636470719563, 1636470719735, 172, 0, 172, 0, 0, 0
22419, 1, 1636470719655, 1636470719831, 176, 0, 176, 0, 0, 0
22413, 1, 1636470719663, 1636470719839, 176, 0, 176, 0, 0, 0
22420, 1, 1636470719675, 1636470719855, 180, 0, 180, 0, 0, 0
22422, 1, 1636470719683, 1636470719855, 172, 0, 172, 0, 0, 0
22421, 1, 1636470719683, 1636470719855, 172, 0, 172, 0, 0, 0
22423, 1, 1636470719799, 1636470719971, 172, 0, 172, 0, 0, 0
22418, 1, 1636470719915, 1636470720087, 172, 0, 172, 0, 0, 0
22424, 1, 1636470719923, 1636470720099, 176, 0, 176, 0, 0, 0
22426, 1, 1636470720247, 1636470720419, 172, 0, 172, 0, 0, 0
22425, 1, 1636470720263, 1636470720435, 172, 0, 172, 0, 0, 0
22427, 1, 1636470720271, 1636470720446, 175, 0, 175, 0, 0, 0
22428, 1, 1636470720323, 1636470720495, 172, 0, 172, 0, 0, 0
22429, 1, 1636470720623, 1636470720795, 172, 0, 172, 0, 0, 0
22430, 1, 1636470720667, 1636470720843, 176, 0, 176, 0, 0, 0
22432, 1, 1636470720739, 1636470720911, 172, 0, 172, 0, 0, 0
22433, 1, 1636470720819, 1636470720991, 172, 0, 172, 0, 0, 0
22434, 1, 1636470720827, 1636470720999, 172, 0, 172, 0, 0, 0
22435, 1, 1636470720915, 1636470721087, 172, 0, 172, 0, 0, 0
22431, 1, 1636470721019, 1636470721191, 172, 0, 172, 0, 0, 0
22437, 1, 1636470721047, 1636470721219, 172, 0, 172, 0, 0, 0
22438, 1, 1636470721071, 1636470721247, 176, 0, 176, 0, 0, 0
22439, 1, 1636470721087, 1636470721259, 172, 0, 172, 0, 0, 0
22440, 1, 1636470721115, 1636470721287, 172, 0, 172, 0, 0, 0
22436, 1, 1636470721263, 1636470721435, 172, 0, 172, 0, 0, 0
22441, 1, 1636470721291, 1636470721471, 180, 0, 180, 0, 0, 0
22443, 1, 1636470721547, 1636470721719, 172, 0, 172, 0, 0, 0
22442, 1, 1636470721611, 1636470721783, 172, 0, 172, 0, 0, 0
22444, 1, 1636470721635, 1636470721807, 172, 0, 172, 0, 0, 0
22445, 1, 1636470721671, 1636470721843, 172, 0, 172, 0, 0, 0
22447, 1, 1636470721935, 1636470722107, 172, 0, 172, 0, 0, 0
22446, 1, 1636470722019, 1636470722195, 176, 0, 176, 0, 0, 0
22449, 1, 1636470722095, 1636470722267, 172, 0, 172, 0, 0, 0
22450, 1, 1636470722103, 1636470722275, 172, 0, 172, 0, 0, 0
22448, 1, 1636470722283, 1636470722455, 172, 0, 172, 0, 0, 0
22453, 1, 1636470722383, 1636470722555, 172, 0, 172, 0, 0, 0
22454, 1, 1636470722387, 1636470722559, 172, 0, 172, 0, 0, 0
22455, 1, 1636470722387, 1636470722563, 176, 0, 176, 0, 0, 0
22456, 1, 1636470722447, 1636470722623, 176, 0, 176, 0, 0, 0
22457, 1, 1636470722671, 1636470722843, 172, 0, 172, 0, 0, 0
22459, 1, 1636470722831, 1636470723007, 176, 0, 176, 0, 0, 0
22460, 1, 1636470722899, 1636470723071, 172, 0, 172, 0, 0, 0
22461, 1, 1636470722951, 1636470723123, 172, 0, 172, 0, 0, 0
22463, 1, 1636470723275, 1636470723447, 172, 0, 172, 0, 0, 0
22462, 1, 1636470723299, 1636470723471, 172, 0, 172, 0, 0, 0
22465, 1, 1636470723487, 1636470723659, 172, 0, 172, 0, 0, 0
22466, 1, 1636470723503, 1636470723679, 176, 0, 176, 0, 0, 0
22464, 1, 1636470723623, 1636470723795, 172, 0, 172, 0, 0, 0
22467, 1, 1636470723655, 1636470723827, 172, 0, 172, 0, 0, 0
22468, 1, 1636470723667, 1636470723839, 172, 0, 172, 0, 0, 0
22469, 1, 1636470723731, 1636470723903, 172, 0, 172, 0, 0, 0
22470, 1, 1636470724003, 1636470724175, 172, 0, 172, 0, 0, 0
22471, 1, 1636470724107, 1636470724279, 172, 0, 172, 0, 0, 0
22472, 1, 1636470724231, 1636470724403, 172, 0, 172, 0, 0, 0
22473, 1, 1636470724335, 1636470724507, 172, 0, 172, 0, 0, 0
22458, 1, 1636470724374, 1636470724547, 173, 1, 172, 0, 0, 0
22475, 1, 1636470724563, 1636470724735, 172, 0, 172, 0, 0, 0
22476, 1, 1636470724643, 1636470724815, 172, 0, 172, 0, 0, 0
22474, 1, 1636470724683, 1636470724855, 172, 0, 172, 0, 0, 0
22479, 1, 1636470724755, 1636470724927, 172, 0, 172, 0, 0, 0
22480, 1, 1636470724811, 1636470724983, 172, 0, 172, 0, 0, 0
22478, 1, 1636470724915, 1636470725087, 172, 0, 172, 0, 0, 0
22481, 1, 1636470724971, 1636470725143, 172, 0, 172, 0, 0, 0
22482, 1, 1636470724975, 1636470725147, 172, 0, 172, 0, 0, 0
22477, 1, 1636470724991, 1636470725163, 172, 0, 172, 0, 0, 0
22484, 1, 1636470725263, 1636470725435, 172, 0, 172, 0, 0, 0
22483, 1, 1636470725339, 1636470725511, 172, 0, 172, 0, 0, 0
22485, 1, 1636470725379, 1636470725551, 172, 0, 172, 0, 0, 0
22486, 1, 1636470725399, 1636470725571, 172, 0, 172, 0, 0, 0
22487, 1, 1636470725567, 1636470725739, 172, 0, 172, 0, 0, 0
22488, 1, 1636470725667, 1636470725839, 172, 0, 172, 0, 0, 0
22490, 1, 1636470725895, 1636470726071, 176, 0, 176, 0, 0, 0
22492, 1, 1636470725963, 1636470726135, 172, 0, 172, 0, 0, 0
22489, 1, 1636470726015, 1636470726187, 172, 0, 172, 0, 0, 0
22494, 1, 1636470726115, 1636470726287, 172, 0, 172, 0, 0, 0
22495, 1, 1636470726191, 1636470726363, 172, 0, 172, 0, 0, 0
22491, 1, 1636470726247, 1636470726419, 172, 0, 172, 0, 0, 0
22496, 1, 1636470726247, 1636470726419, 172, 0, 172, 0, 0, 0
22497, 1, 1636470726275, 1636470726451, 176, 0, 176, 0, 0, 0
22498, 1, 1636470726307, 1636470726479, 172, 0, 172, 0, 0, 0
22493, 1, 1636470726307, 1636470726479, 172, 0, 172, 0, 0, 0
22499, 1, 1636470726595, 1636470726767, 172, 0, 172, 0, 0, 0
22500, 1, 1636470726703, 1636470726875, 172, 0, 172, 0, 0, 0
22501, 1, 1636470726731, 1636470726903, 172, 0, 172, 0, 0, 0
22502, 1, 1636470726955, 1636470727127, 172, 0, 172, 0, 0, 0
22503, 1, 1636470726975, 1636470727147, 172, 0, 172, 0, 0, 0
22505, 1, 1636470727271, 1636470727443, 172, 0, 172, 0, 0, 0
22506, 1, 1636470727279, 1636470727451, 172, 0, 172, 0, 0, 0
22504, 1, 1636470727303, 1636470727475, 172, 0, 172, 0, 0, 0
22509, 1, 1636470727479, 1636470727655, 176, 0, 176, 0, 0, 0
22510, 1, 1636470727503, 1636470727675, 172, 0, 172, 0, 0, 0
22511, 1, 1636470727551, 1636470727723, 172, 0, 172, 0, 0, 0
22512, 1, 1636470727563, 1636470727735, 172, 0, 172, 0, 0, 0
22507, 1, 1636470727619, 1636470727791, 172, 0, 172, 0, 0, 0
22508, 1, 1636470727627, 1636470727799, 172, 0, 172, 0, 0, 0
22513, 1, 1636470727967, 1636470728139, 172, 0, 172, 0, 0, 0
22514, 1, 1636470728011, 1636470728183, 172, 0, 172, 0, 0, 0
22515, 1, 1636470728239, 1636470728411, 172, 0, 172, 0, 0, 0
22516, 1, 1636470728271, 1636470728443, 172, 0, 172, 0, 0, 0
22518, 1, 1636470728559, 1636470728735, 176, 0, 176, 0, 0, 0
22517, 1, 1636470728587, 1636470728763, 176, 0, 176, 0, 0, 0
22520, 1, 1636470728631, 1636470728803, 172, 0, 172, 0, 0, 0
22523, 1, 1636470728863, 1636470729035, 172, 0, 172, 0, 0, 0
22522, 1, 1636470728863, 1636470729035, 172, 0, 172, 0, 0, 0
22524, 1, 1636470728891, 1636470729063, 172, 0, 172, 0, 0, 0
22519, 1, 1636470728911, 1636470729083, 172, 0, 172, 0, 0, 0
22521, 1, 1636470728979, 1636470729151, 172, 0, 172, 0, 0, 0
22525, 1, 1636470729259, 1636470729431, 172, 0, 172, 0, 0, 0
22526, 1, 1636470729339, 1636470729511, 172, 0, 172, 0, 0, 0
22527, 1, 1636470729555, 1636470729727, 172, 0, 172, 0, 0, 0
22528, 1, 1636470729583, 1636470729755, 172, 0, 172, 0, 0, 0
22529, 1, 1636470729931, 1636470730103, 172, 0, 172, 0, 0, 0
22530, 1, 1636470729951, 1636470730123, 172, 0, 172, 0, 0, 0
22532, 1, 1636470729987, 1636470730159, 172, 0, 172, 0, 0, 0
22534, 1, 1636470730135, 1636470730307, 172, 0, 172, 0, 0, 0
22535, 1, 1636470730167, 1636470730339, 172, 0, 172, 0, 0, 0
22536, 1, 1636470730291, 1636470730463, 172, 0, 172, 0, 0, 0
22531, 1, 1636470730299, 1636470730471, 172, 0, 172, 0, 0, 0
22533, 1, 1636470730331, 1636470730503, 172, 0, 172, 0, 0, 0
22537, 1, 1636470730647, 1636470730819, 172, 0, 172, 0, 0, 0
22538, 1, 1636470730831, 1636470731003, 172, 0, 172, 0, 0, 0
22539, 1, 1636470730887, 1636470731059, 172, 0, 172, 0, 0, 0
22540, 1, 1636470731235, 1636470731407, 172, 0, 172, 0, 0, 0
22541, 1, 1636470731247, 1636470731419, 172, 0, 172, 0, 0, 0
22545, 1, 1636470731483, 1636470731655, 172, 0, 172, 0, 0, 0
22546, 1, 1636470731571, 1636470731743, 172, 0, 172, 0, 0, 0
22548, 1, 1636470732123, 1636470732295, 172, 0, 172, 0, 0, 0
22549, 1, 1636470732267, 1636470732439, 172, 0, 172, 0, 0, 0
22551, 1, 1636470732547, 1636470732719, 172, 0, 172, 0, 0, 0
22550, 1, 1636470732615, 1636470732787, 172, 0, 172, 0, 0, 0
22553, 1, 1636470733395, 1636470733567, 172, 0, 172, 0, 0, 0
22554, 1, 1636470733579, 1636470733751, 172, 0, 172, 0, 0, 0
22552, 1, 1636470733763, 1636470733935, 172, 0, 172, 0, 0, 0
22559, 1, 1636470733855, 1636470734027, 172, 0, 172, 0, 0, 0
22556, 1, 1636470733863, 1636470734035, 172, 0, 172, 0, 0, 0
22557, 1, 1636470733863, 1636470734035, 172, 0, 172, 0, 0, 0
22555, 1, 1636470733927, 1636470734099, 172, 0, 172, 0, 0, 0
22561, 1, 1636470734423, 1636470734595, 172, 0, 172, 0, 0, 0
22562, 1, 1636470734703, 1636470734879, 176, 0, 176, 0, 0, 0
22563, 1, 1636470734971, 1636470735143, 172, 0, 172, 0, 0, 0
22564, 1, 1636470735071, 1636470735243, 172, 0, 172, 0, 0, 0
22565, 1, 1636470735091, 1636470735263, 172, 0, 172, 0, 0, 0
22567, 1, 1636470735167, 1636470735339, 172, 0, 172, 0, 0, 0
22566, 1, 1636470735319, 1636470735491, 172, 0, 172, 0, 0, 0
22568, 1, 1636470736011, 1636470736183, 172, 0, 172, 0, 0, 0
22569, 1, 1636470736319, 1636470736491, 172, 0, 172, 0, 0, 0
22570, 1, 1636470736351, 1636470736523, 172, 0, 172, 0, 0, 0
22571, 1, 1636470736419, 1636470736591, 172, 0, 172, 0, 0, 0
22572, 1, 1636470736431, 1636470736603, 172, 0, 172, 0, 0, 0
22573, 1, 1636470736475, 1636470736647, 172, 0, 172, 0, 0, 0
22575, 1, 1636470736667, 1636470736839, 172, 0, 172, 0, 0, 0
22574, 1, 1636470736823, 1636470736999, 176, 0, 176, 0, 0, 0
22576, 1, 1636470737615, 1636470737787, 172, 0, 172, 0, 0, 0
22577, 1, 1636470737667, 1636470737843, 176, 0, 176, 0, 0, 0
22579, 1, 1636470737743, 1636470737915, 172, 0, 172, 0, 0, 0
22580, 1, 1636470737751, 1636470737927, 176, 0, 176, 0, 0, 0
22578, 1, 1636470737963, 1636470738135, 172, 0, 172, 0, 0, 0
22581, 1, 1636470738091, 1636470738263, 172, 0, 172, 0, 0, 0
22582, 1, 1636470738975, 1636470739151, 176, 0, 176, 0, 0, 0
22583, 1, 1636470739103, 1636470739279, 176, 0, 176, 0, 0, 0
22585, 1, 1636470739143, 1636470739315, 172, 0, 172, 0, 0, 0
22584, 1, 1636470739455, 1636470739627, 172, 0, 172, 0, 0, 0
22586, 1, 1636470740243, 1636470740415, 172, 0, 172, 0, 0, 0
22587, 1, 1636470740391, 1636470740563, 172, 0, 172, 0, 0, 0
22589, 1, 1636470740543, 1636470740715, 172, 0, 172, 0, 0, 0
22588, 1, 1636470740739, 1636470740911, 172, 0, 172, 0, 0, 0
22590, 1, 1636470741711, 1636470741883, 172, 0, 172, 0, 0, 0
22592, 1, 1636470741843, 1636470742015, 172, 0, 172, 0, 0, 0
22591, 1, 1636470742059, 1636470742231, 172, 0, 172, 0, 0, 0
22593, 1, 1636470743091, 1636470743263, 172, 0, 172, 0, 0, 0
22595, 1, 1636470743123, 1636470743295, 172, 0, 172, 0, 0, 0
22594, 1, 1636470743439, 1636470743611, 172, 0, 172, 0, 0, 0
22596, 1, 1636470744395, 1636470744567, 172, 0, 172, 0, 0, 0
22598, 1, 1636470744435, 1636470744607, 172, 0, 172, 0, 0, 0
22597, 1, 1636470744743, 1636470744915, 172, 0, 172, 0, 0, 0
22599, 1, 1636470745751, 1636470745923, 172, 0, 172, 0, 0, 0
22600, 1, 1636470746099, 1636470746271, 172, 0, 172, 0, 0, 0
22601, 1, 1636470916007, 1636470916179, 172, 0, 172, 0, 0, 0
22602, 1, 1636470916543, 1636470916715, 172, 0, 172, 0, 0, 0
22603, 1, 1636470916999, 1636470917171, 172, 0, 172, 0, 0, 0
22604, 1, 1636470917059, 1636470917231, 172, 0, 172, 0, 0, 0
22605, 1, 1636470917531, 1636470917703, 172, 0, 172, 0, 0, 0
22606, 1, 1636470917703, 1636470917875, 172, 0, 172, 0, 0, 0
22607, 1, 1636470917979, 1636470918151, 172, 0, 172, 0, 0, 0
22608, 1, 1636470918047, 1636470918219, 172, 0, 172, 0, 0, 0
22609, 1, 1636470918315, 1636470918487, 172, 0, 172, 0, 0, 0
22610, 1, 1636470918515, 1636470918687, 172, 0, 172, 0, 0, 0
22611, 1, 1636470918703, 1636470918875, 172, 0, 172, 0, 0, 0
22612, 1, 1636470918839, 1636470919011, 172, 0, 172, 0, 0, 0
22613, 1, 1636470919015, 1636470919191, 176, 0, 176, 0, 0, 0
22614, 1, 1636470919039, 1636470919211, 172, 0, 172, 0, 0, 0
22615, 1, 1636470919303, 1636470919475, 172, 0, 172, 0, 0, 0
22616, 1, 1636470919547, 1636470919719, 172, 0, 172, 0, 0, 0
22617, 1, 1636470919663, 1636470919835, 172, 0, 172, 0, 0, 0
22618, 1, 1636470919687, 1636470919859, 172, 0, 172, 0, 0, 0
22619, 1, 1636470919827, 1636470919999, 172, 0, 172, 0, 0, 0
22620, 1, 1636470920023, 1636470920195, 172, 0, 172, 0, 0, 0
22621, 1, 1636470920067, 1636470920239, 172, 0, 172, 0, 0, 0
22622, 1, 1636470920127, 1636470920299, 172, 0, 172, 0, 0, 0
22623, 1, 1636470920287, 1636470920459, 172, 0, 172, 0, 0, 0
22624, 1, 1636470920555, 1636470920727, 172, 0, 172, 0, 0, 0
22625, 1, 1636470920655, 1636470920831, 176, 0, 176, 0, 0, 0
22626, 1, 1636470920719, 1636470920895, 176, 0, 176, 0, 0, 0
22627, 1, 1636470920771, 1636470920943, 172, 0, 172, 0, 0, 0
22628, 1, 1636470920811, 1636470920983, 172, 0, 172, 0, 0, 0
22629, 1, 1636470921023, 1636470921195, 172, 0, 172, 0, 0, 0
22631, 1, 1636470921115, 1636470921287, 172, 0, 172, 0, 0, 0
22632, 1, 1636470921223, 1636470921395, 172, 0, 172, 0, 0, 0
22633, 1, 1636470921311, 1636470921483, 172, 0, 172, 0, 0, 0
22630, 1, 1636470921371, 1636470921543, 172, 0, 172, 0, 0, 0
22635, 1, 1636470921639, 1636470921811, 172, 0, 172, 0, 0, 0
22634, 1, 1636470921723, 1636470921895, 172, 0, 172, 0, 0, 0
22637, 1, 1636470921775, 1636470921947, 172, 0, 172, 0, 0, 0
22638, 1, 1636470921835, 1636470922007, 172, 0, 172, 0, 0, 0
22639, 1, 1636470922031, 1636470922203, 172, 0, 172, 0, 0, 0
22636, 1, 1636470922067, 1636470922239, 172, 0, 172, 0, 0, 0
22641, 1, 1636470922099, 1636470922271, 172, 0, 172, 0, 0, 0
22642, 1, 1636470922211, 1636470922383, 172, 0, 172, 0, 0, 0
22644, 1, 1636470922539, 1636470922711, 172, 0, 172, 0, 0, 0
22645, 1, 1636470922667, 1636470922839, 172, 0, 172, 0, 0, 0
22647, 1, 1636470922755, 1636470922927, 172, 0, 172, 0, 0, 0
22649, 1, 1636470923035, 1636470923207, 172, 0, 172, 0, 0, 0
22650, 1, 1636470923131, 1636470923303, 172, 0, 172, 0, 0, 0
22651, 1, 1636470923199, 1636470923371, 172, 0, 172, 0, 0, 0
22652, 1, 1636470923243, 1636470923415, 172, 0, 172, 0, 0, 0
22653, 1, 1636470923539, 1636470923711, 172, 0, 172, 0, 0, 0
22655, 1, 1636470923791, 1636470923963, 172, 0, 172, 0, 0, 0
22656, 1, 1636470924075, 1636470924247, 172, 0, 172, 0, 0, 0
22658, 1, 1636470924235, 1636470924407, 172, 0, 172, 0, 0, 0
22659, 1, 1636470924247, 1636470924419, 172, 0, 172, 0, 0, 0
22660, 1, 1636470924575, 1636470924747, 172, 0, 172, 0, 0, 0
22661, 1, 1636470924683, 1636470924855, 172, 0, 172, 0, 0, 0
22662, 1, 1636470924691, 1636470924863, 172, 0, 172, 0, 0, 0
22665, 1, 1636470925075, 1636470925247, 172, 0, 172, 0, 0, 0
22664, 1, 1636470925075, 1636470925247, 172, 0, 172, 0, 0, 0
22667, 1, 1636470925187, 1636470925359, 172, 0, 172, 0, 0, 0
22666, 1, 1636470925199, 1636470925371, 172, 0, 172, 0, 0, 0
22668, 1, 1636470925227, 1636470925399, 172, 0, 172, 0, 0, 0
22671, 1, 1636470925579, 1636470925755, 176, 0, 176, 0, 0, 0
22670, 1, 1636470925579, 1636470925755, 176, 0, 176, 0, 0, 0
22672, 1, 1636470925587, 1636470925759, 172, 0, 172, 0, 0, 0
22673, 1, 1636470925967, 1636470926143, 176, 0, 176, 0, 0, 0
22674, 1, 1636470926031, 1636470926203, 172, 0, 172, 0, 0, 0
22675, 1, 1636470926043, 1636470926215, 172, 0, 172, 0, 0, 0
22676, 1, 1636470926091, 1636470926263, 172, 0, 172, 0, 0, 0
22677, 1, 1636470926111, 1636470926283, 172, 0, 172, 0, 0, 0
22678, 1, 1636470926179, 1636470926351, 172, 0, 172, 0, 0, 0
22679, 1, 1636470926259, 1636470926431, 172, 0, 172, 0, 0, 0
22680, 1, 1636470926495, 1636470926667, 172, 0, 172, 0, 0, 0
22681, 1, 1636470926551, 1636470926723, 172, 0, 172, 0, 0, 0
22682, 1, 1636470926559, 1636470926731, 172, 0, 172, 0, 0, 0
22683, 1, 1636470926575, 1636470926747, 172, 0, 172, 0, 0, 0
22669, 1, 1636470926891, 1636470927063, 172, 0, 172, 0, 0, 0
22684, 1, 1636470926903, 1636470927075, 172, 0, 172, 0, 0, 0
22685, 1, 1636470926931, 1636470927103, 172, 0, 172, 0, 0, 0
22686, 1, 1636470926943, 1636470927115, 172, 0, 172, 0, 0, 0
22687, 1, 1636470927027, 1636470927199, 172, 0, 172, 0, 0, 0
22688, 1, 1636470927091, 1636470927263, 172, 0, 172, 0, 0, 0
22689, 1, 1636470927099, 1636470927275, 176, 0, 176, 0, 0, 0
22690, 1, 1636470927151, 1636470927323, 172, 0, 172, 0, 0, 0
22691, 1, 1636470927155, 1636470927327, 172, 0, 172, 0, 0, 0
22692, 1, 1636470927287, 1636470927459, 172, 0, 172, 0, 0, 0
22693, 1, 1636470927395, 1636470927567, 172, 0, 172, 0, 0, 0
22695, 1, 1636470927535, 1636470927711, 176, 0, 176, 0, 0, 0
22696, 1, 1636470927543, 1636470927715, 172, 0, 172, 0, 0, 0
22697, 1, 1636470927551, 1636470927723, 172, 0, 172, 0, 0, 0
22694, 1, 1636470927547, 1636470927723, 176, 0, 176, 0, 0, 0
22698, 1, 1636470927615, 1636470927791, 176, 0, 176, 0, 0, 0
22699, 1, 1636470927891, 1636470928067, 176, 0, 176, 0, 0, 0
22700, 1, 1636470927911, 1636470928083, 172, 0, 172, 0, 0, 0
22701, 1, 1636470927919, 1636470928095, 176, 0, 176, 0, 0, 0
22702, 1, 1636470928003, 1636470928179, 176, 0, 176, 0, 0, 0
22704, 1, 1636470928063, 1636470928235, 172, 0, 172, 0, 0, 0
22703, 1, 1636470928059, 1636470928235, 176, 0, 176, 0, 0, 0
22705, 1, 1636470928083, 1636470928255, 172, 0, 172, 0, 0, 0
22706, 1, 1636470928183, 1636470928359, 176, 0, 176, 0, 0, 0
22707, 1, 1636470928274, 1636470928447, 173, 1, 172, 0, 0, 0
22708, 1, 1636470928379, 1636470928555, 176, 0, 176, 0, 0, 0
22709, 1, 1636470928387, 1636470928563, 176, 0, 176, 0, 0, 0
22711, 1, 1636470928499, 1636470928671, 172, 0, 172, 0, 0, 0
22710, 1, 1636470928499, 1636470928671, 172, 0, 172, 0, 0, 0
22712, 1, 1636470928527, 1636470928699, 172, 0, 172, 0, 0, 0
22714, 1, 1636470928595, 1636470928767, 172, 0, 172, 0, 0, 0
22713, 1, 1636470928847, 1636470929019, 172, 0, 172, 0, 0, 0
22715, 1, 1636470928871, 1636470929043, 172, 0, 172, 0, 0, 0
22717, 1, 1636470928911, 1636470929083, 172, 0, 172, 0, 0, 0
22718, 1, 1636470928939, 1636470929110, 171, 0, 171, 0, 0, 0
22719, 1, 1636470929027, 1636470929199, 172, 0, 172, 0, 0, 0
22720, 1, 1636470929043, 1636470929219, 176, 0, 176, 0, 0, 0
22721, 1, 1636470929043, 1636470929223, 180, 0, 180, 0, 0, 0
22722, 1, 1636470929083, 1636470929255, 172, 0, 172, 0, 0, 0
22716, 1, 1636470929195, 1636470929367, 172, 0, 172, 0, 0, 0
22723, 1, 1636470929203, 1636470929375, 172, 0, 172, 0, 0, 0
22724, 1, 1636470929307, 1636470929479, 172, 0, 172, 0, 0, 0
22725, 1, 1636470929367, 1636470929539, 172, 0, 172, 0, 0, 0
22726, 1, 1636470929375, 1636470929547, 172, 0, 172, 0, 0, 0
22727, 1, 1636470929487, 1636470929659, 172, 0, 172, 0, 0, 0
22729, 1, 1636470929523, 1636470929695, 172, 0, 172, 0, 0, 0
22730, 1, 1636470929535, 1636470929707, 172, 0, 172, 0, 0, 0
22728, 1, 1636470929539, 1636470929711, 172, 0, 172, 0, 0, 0
22731, 1, 1636470929579, 1636470929755, 176, 0, 176, 0, 0, 0
22732, 1, 1636470929683, 1636470929855, 172, 0, 172, 0, 0, 0
22733, 1, 1636470929883, 1636470930055, 172, 0, 172, 0, 0, 0
22734, 1, 1636470929891, 1636470930063, 172, 0, 172, 0, 0, 0
22735, 1, 1636470929903, 1636470930075, 172, 0, 172, 0, 0, 0
22736, 1, 1636470929926, 1636470930099, 173, 1, 172, 0, 0, 0
22737, 1, 1636470930007, 1636470930179, 172, 0, 172, 0, 0, 0
22738, 1, 1636470930019, 1636470930191, 172, 0, 172, 0, 0, 0
22739, 1, 1636470930026, 1636470930199, 173, 1, 172, 0, 0, 0
22740, 1, 1636470930095, 1636470930267, 172, 0, 172, 0, 0, 0
22743, 1, 1636470930351, 1636470930527, 176, 0, 176, 0, 0, 0
22742, 1, 1636470930351, 1636470930527, 176, 0, 176, 0, 0, 0
22744, 1, 1636470930351, 1636470930527, 176, 0, 176, 0, 0, 0
22741, 1, 1636470930443, 1636470930623, 180, 0, 180, 0, 0, 0
22745, 1, 1636470930459, 1636470930631, 172, 0, 172, 0, 0, 0
22746, 1, 1636470930519, 1636470930691, 172, 0, 172, 0, 0, 0
22747, 1, 1636470930531, 1636470930711, 180, 0, 180, 0, 0, 0
22748, 1, 1636470930563, 1636470930739, 176, 0, 176, 0, 0, 0
22749, 1, 1636470930579, 1636470930751, 172, 0, 172, 0, 0, 0
22750, 1, 1636470930643, 1636470930819, 176, 0, 176, 0, 0, 0
22751, 1, 1636470930675, 1636470930847, 172, 0, 172, 0, 0, 0
22752, 1, 1636470930875, 1636470931046, 171, 0, 171, 0, 0, 0
22753, 1, 1636470930907, 1636470931079, 172, 0, 172, 0, 0, 0
22754, 1, 1636470930915, 1636470931087, 172, 0, 172, 0, 0, 0
22755, 1, 1636470930935, 1636470931107, 172, 0, 172, 0, 0, 0
22756, 1, 1636470930987, 1636470931159, 172, 0, 172, 0, 0, 0
22757, 1, 1636470931007, 1636470931179, 172, 0, 172, 0, 0, 0
22758, 1, 1636470931023, 1636470931195, 172, 0, 172, 0, 0, 0
22759, 1, 1636470931039, 1636470931211, 172, 0, 172, 0, 0, 0
22760, 1, 1636470931255, 1636470931427, 172, 0, 172, 0, 0, 0
22762, 1, 1636470931315, 1636470931487, 172, 0, 172, 0, 0, 0
22763, 1, 1636470931327, 1636470931499, 172, 0, 172, 0, 0, 0
22761, 1, 1636470931371, 1636470931543, 172, 0, 172, 0, 0, 0
22764, 1, 1636470931387, 1636470931559, 172, 0, 172, 0, 0, 0
22765, 1, 1636470931435, 1636470931607, 172, 0, 172, 0, 0, 0
22766, 1, 1636470931531, 1636470931703, 172, 0, 172, 0, 0, 0
22767, 1, 1636470931555, 1636470931727, 172, 0, 172, 0, 0, 0
22768, 1, 1636470931571, 1636470931747, 176, 0, 176, 0, 0, 0
22769, 1, 1636470931599, 1636470931775, 176, 0, 176, 0, 0, 0
22770, 1, 1636470931623, 1636470931799, 176, 0, 176, 0, 0, 0
22771, 1, 1636470931655, 1636470931827, 172, 0, 172, 0, 0, 0
22772, 1, 1636470931883, 1636470932055, 172, 0, 172, 0, 0, 0
22774, 1, 1636470931935, 1636470932107, 172, 0, 172, 0, 0, 0
22775, 1, 1636470931939, 1636470932111, 172, 0, 172, 0, 0, 0
22773, 1, 1636470931951, 1636470932123, 172, 0, 172, 0, 0, 0
22776, 1, 1636470931987, 1636470932159, 172, 0, 172, 0, 0, 0
22777, 1, 1636470932011, 1636470932187, 176, 0, 176, 0, 0, 0
22778, 1, 1636470932027, 1636470932207, 180, 0, 180, 0, 0, 0
22779, 1, 1636470932039, 1636470932211, 172, 0, 172, 0, 0, 0
22780, 1, 1636470932095, 1636470932267, 172, 0, 172, 0, 0, 0
22781, 1, 1636470932335, 1636470932507, 172, 0, 172, 0, 0, 0
22782, 1, 1636470932331, 1636470932511, 180, 0, 180, 0, 0, 0
22783, 1, 1636470932347, 1636470932519, 172, 0, 172, 0, 0, 0
22784, 1, 1636470932399, 1636470932571, 172, 0, 172, 0, 0, 0
22786, 1, 1636470932511, 1636470932687, 176, 0, 176, 0, 0, 0
22788, 1, 1636470932587, 1636470932763, 176, 0, 176, 0, 0, 0
22790, 1, 1636470932595, 1636470932771, 176, 0, 176, 0, 0, 0
22789, 1, 1636470932595, 1636470932771, 176, 0, 176, 0, 0, 0
22785, 1, 1636470932683, 1636470932859, 176, 0, 176, 0, 0, 0
22791, 1, 1636470932691, 1636470932871, 180, 0, 180, 0, 0, 0
22787, 1, 1636470932743, 1636470932919, 176, 0, 176, 0, 0, 0
22792, 1, 1636470932907, 1636470933079, 172, 0, 172, 0, 0, 0
22793, 1, 1636470932907, 1636470933079, 172, 0, 172, 0, 0, 0
22795, 1, 1636470932975, 1636470933147, 172, 0, 172, 0, 0, 0
22797, 1, 1636470932995, 1636470933167, 172, 0, 172, 0, 0, 0
22796, 1, 1636470932991, 1636470933167, 176, 0, 176, 0, 0, 0
22798, 1, 1636470933015, 1636470933187, 172, 0, 172, 0, 0, 0
22799, 1, 1636470933075, 1636470933251, 176, 0, 176, 0, 0, 0
22800, 1, 1636470933099, 1636470933271, 172, 0, 172, 0, 0, 0
22794, 1, 1636470933099, 1636470933275, 176, 0, 176, 0, 0, 0
22801, 1, 1636470933207, 1636470933379, 172, 0, 172, 0, 0, 0
22802, 1, 1636470933303, 1636470933475, 172, 0, 172, 0, 0, 0
22803, 1, 1636470933379, 1636470933551, 172, 0, 172, 0, 0, 0
22805, 1, 1636470933435, 1636470933607, 172, 0, 172, 0, 0, 0
22804, 1, 1636470933447, 1636470933623, 176, 0, 176, 0, 0, 0
22806, 1, 1636470933507, 1636470933683, 176, 0, 176, 0, 0, 0
22807, 1, 1636470933575, 1636470933751, 176, 0, 176, 0, 0, 0
22808, 1, 1636470933583, 1636470933759, 176, 0, 176, 0, 0, 0
22809, 1, 1636470933611, 1636470933787, 176, 0, 176, 0, 0, 0
22810, 1, 1636470933635, 1636470933807, 172, 0, 172, 0, 0, 0
22811, 1, 1636470933799, 1636470933971, 172, 0, 172, 0, 0, 0
22812, 1, 1636470933907, 1636470934079, 172, 0, 172, 0, 0, 0
22813, 1, 1636470933923, 1636470934095, 172, 0, 172, 0, 0, 0
22815, 1, 1636470933931, 1636470934103, 172, 0, 172, 0, 0, 0
22816, 1, 1636470934015, 1636470934187, 172, 0, 172, 0, 0, 0
22817, 1, 1636470934027, 1636470934199, 172, 0, 172, 0, 0, 0
22818, 1, 1636470934035, 1636470934207, 172, 0, 172, 0, 0, 0
22819, 1, 1636470934099, 1636470934271, 172, 0, 172, 0, 0, 0
22820, 1, 1636470934135, 1636470934307, 172, 0, 172, 0, 0, 0
22814, 1, 1636470934143, 1636470934315, 172, 0, 172, 0, 0, 0
22821, 1, 1636470934207, 1636470934379, 172, 0, 172, 0, 0, 0
22822, 1, 1636470934287, 1636470934463, 176, 0, 176, 0, 0, 0
22823, 1, 1636470934407, 1636470934583, 176, 0, 176, 0, 0, 0
22824, 1, 1636470934415, 1636470934587, 172, 0, 172, 0, 0, 0
22825, 1, 1636470934471, 1636470934643, 172, 0, 172, 0, 0, 0
22826, 1, 1636470934535, 1636470934707, 172, 0, 172, 0, 0, 0
22827, 1, 1636470934575, 1636470934747, 172, 0, 172, 0, 0, 0
22828, 1, 1636470934591, 1636470934763, 172, 0, 172, 0, 0, 0
22829, 1, 1636470934619, 1636470934791, 172, 0, 172, 0, 0, 0
22830, 1, 1636470934643, 1636470934819, 176, 0, 176, 0, 0, 0
22832, 1, 1636470934919, 1636470935091, 172, 0, 172, 0, 0, 0
22833, 1, 1636470934939, 1636470935111, 172, 0, 172, 0, 0, 0
22835, 1, 1636470934943, 1636470935119, 176, 0, 176, 0, 0, 0
22834, 1, 1636470934947, 1636470935127, 180, 0, 180, 0, 0, 0
22831, 1, 1636470934999, 1636470935171, 172, 0, 172, 0, 0, 0
22837, 1, 1636470935059, 1636470935231, 172, 0, 172, 0, 0, 0
22838, 1, 1636470935071, 1636470935243, 172, 0, 172, 0, 0, 0
22839, 1, 1636470935079, 1636470935251, 172, 0, 172, 0, 0, 0
22840, 1, 1636470935143, 1636470935315, 172, 0, 172, 0, 0, 0
22841, 1, 1636470935175, 1636470935351, 176, 0, 176, 0, 0, 0
22836, 1, 1636470935343, 1636470935515, 172, 0, 172, 0, 0, 0
22843, 1, 1636470935411, 1636470935583, 172, 0, 172, 0, 0, 0
22844, 1, 1636470935435, 1636470935611, 176, 0, 176, 0, 0, 0
22845, 1, 1636470935475, 1636470935651, 176, 0, 176, 0, 0, 0
22842, 1, 1636470935531, 1636470935703, 172, 0, 172, 0, 0, 0
22846, 1, 1636470935559, 1636470935735, 176, 0, 176, 0, 0, 0
22847, 1, 1636470935591, 1636470935763, 172, 0, 172, 0, 0, 0
22848, 1, 1636470935599, 1636470935771, 172, 0, 172, 0, 0, 0
22850, 1, 1636470935659, 1636470935831, 172, 0, 172, 0, 0, 0
22849, 1, 1636470935695, 1636470935871, 176, 0, 176, 0, 0, 0
22851, 1, 1636470935715, 1636470935891, 176, 0, 176, 0, 0, 0
22852, 1, 1636470935911, 1636470936083, 172, 0, 172, 0, 0, 0
22853, 1, 1636470935935, 1636470936115, 180, 0, 180, 0, 0, 0
22854, 1, 1636470935951, 1636470936123, 172, 0, 172, 0, 0, 0
22855, 1, 1636470935967, 1636470936139, 172, 0, 172, 0, 0, 0
22856, 1, 1636470936047, 1636470936219, 172, 0, 172, 0, 0, 0
22857, 1, 1636470936063, 1636470936239, 176, 0, 176, 0, 0, 0
22858, 1, 1636470936071, 1636470936243, 172, 0, 172, 0, 0, 0
22859, 1, 1636470936083, 1636470936255, 172, 0, 172, 0, 0, 0
22860, 1, 1636470936103, 1636470936279, 176, 0, 176, 0, 0, 0
22861, 1, 1636470936163, 1636470936339, 176, 0, 176, 0, 0, 0
22862, 1, 1636470936267, 1636470936443, 176, 0, 176, 0, 0, 0
22863, 1, 1636470936419, 1636470936591, 172, 0, 172, 0, 0, 0
22864, 1, 1636470936447, 1636470936623, 176, 0, 176, 0, 0, 0
22865, 1, 1636470936499, 1636470936671, 172, 0, 172, 0, 0, 0
22866, 1, 1636470936543, 1636470936719, 176, 0, 176, 0, 0, 0
22867, 1, 1636470936587, 1636470936759, 172, 0, 172, 0, 0, 0
22868, 1, 1636470936611, 1636470936783, 172, 0, 172, 0, 0, 0
22869, 1, 1636470936643, 1636470936815, 172, 0, 172, 0, 0, 0
22870, 1, 1636470936655, 1636470936827, 172, 0, 172, 0, 0, 0
22871, 1, 1636470936715, 1636470936887, 172, 0, 172, 0, 0, 0
22872, 1, 1636470936907, 1636470937079, 172, 0, 172, 0, 0, 0
22873, 1, 1636470936915, 1636470937087, 172, 0, 172, 0, 0, 0
22874, 1, 1636470936939, 1636470937111, 172, 0, 172, 0, 0, 0
22875, 1, 1636470937003, 1636470937175, 172, 0, 172, 0, 0, 0
22876, 1, 1636470937031, 1636470937203, 172, 0, 172, 0, 0, 0
22877, 1, 1636470937055, 1636470937227, 172, 0, 172, 0, 0, 0
22879, 1, 1636470937087, 1636470937259, 172, 0, 172, 0, 0, 0
22880, 1, 1636470937107, 1636470937283, 176, 0, 176, 0, 0, 0
22882, 1, 1636470937263, 1636470937435, 172, 0, 172, 0, 0, 0
22881, 1, 1636470937267, 1636470937439, 172, 0, 172, 0, 0, 0
22878, 1, 1636470937379, 1636470937555, 176, 0, 176, 0, 0, 0
22883, 1, 1636470937415, 1636470937587, 172, 0, 172, 0, 0, 0
22884, 1, 1636470937451, 1636470937627, 176, 0, 176, 0, 0, 0
22887, 1, 1636470937615, 1636470937791, 176, 0, 176, 0, 0, 0
22889, 1, 1636470937623, 1636470937795, 172, 0, 172, 0, 0, 0
22890, 1, 1636470937655, 1636470937827, 172, 0, 172, 0, 0, 0
22891, 1, 1636470937751, 1636470937923, 172, 0, 172, 0, 0, 0
22892, 1, 1636470937903, 1636470938075, 172, 0, 172, 0, 0, 0
22893, 1, 1636470937943, 1636470938119, 176, 0, 176, 0, 0, 0
22888, 1, 1636470937967, 1636470938139, 172, 0, 172, 0, 0, 0
22895, 1, 1636470938007, 1636470938179, 172, 0, 172, 0, 0, 0
22896, 1, 1636470938019, 1636470938191, 172, 0, 172, 0, 0, 0
22898, 1, 1636470938059, 1636470938231, 172, 0, 172, 0, 0, 0
22897, 1, 1636470938059, 1636470938231, 172, 0, 172, 0, 0, 0
22900, 1, 1636470938119, 1636470938291, 172, 0, 172, 0, 0, 0
22901, 1, 1636470938147, 1636470938319, 172, 0, 172, 0, 0, 0
22902, 1, 1636470938283, 1636470938459, 176, 0, 176, 0, 0, 0
22904, 1, 1636470938451, 1636470938623, 172, 0, 172, 0, 0, 0
22905, 1, 1636470938559, 1636470938731, 172, 0, 172, 0, 0, 0
22906, 1, 1636470938655, 1636470938831, 176, 0, 176, 0, 0, 0
22908, 1, 1636470938691, 1636470938863, 172, 0, 172, 0, 0, 0
22909, 1, 1636470938751, 1636470938927, 176, 0, 176, 0, 0, 0
22911, 1, 1636470938955, 1636470939127, 172, 0, 172, 0, 0, 0
22913, 1, 1636470939007, 1636470939179, 172, 0, 172, 0, 0, 0
22915, 1, 1636470939091, 1636470939263, 172, 0, 172, 0, 0, 0
22914, 1, 1636470939091, 1636470939263, 172, 0, 172, 0, 0, 0
22917, 1, 1636470939151, 1636470939323, 172, 0, 172, 0, 0, 0
22918, 1, 1636470939263, 1636470939435, 172, 0, 172, 0, 0, 0
22919, 1, 1636470939459, 1636470939635, 176, 0, 176, 0, 0, 0
22920, 1, 1636470939535, 1636470939711, 176, 0, 176, 0, 0, 0
22923, 1, 1636470939727, 1636470939903, 176, 0, 176, 0, 0, 0
22926, 1, 1636470940007, 1636470940179, 172, 0, 172, 0, 0, 0
22924, 1, 1636470940007, 1636470940179, 172, 0, 172, 0, 0, 0
22927, 1, 1636470940039, 1636470940211, 172, 0, 172, 0, 0, 0
22928, 1, 1636470940095, 1636470940267, 172, 0, 172, 0, 0, 0
22929, 1, 1636470940103, 1636470940275, 172, 0, 172, 0, 0, 0
22930, 1, 1636470940159, 1636470940335, 176, 0, 176, 0, 0, 0
22931, 1, 1636470940255, 1636470940427, 172, 0, 172, 0, 0, 0
22933, 1, 1636470940507, 1636470940679, 172, 0, 172, 0, 0, 0
22935, 1, 1636470940583, 1636470940755, 172, 0, 172, 0, 0, 0
22934, 1, 1636470940583, 1636470940755, 172, 0, 172, 0, 0, 0
22937, 1, 1636470940771, 1636470940943, 172, 0, 172, 0, 0, 0
22938, 1, 1636470940895, 1636470941067, 172, 0, 172, 0, 0, 0
22939, 1, 1636470940919, 1636470941091, 172, 0, 172, 0, 0, 0
22940, 1, 1636470940995, 1636470941167, 172, 0, 172, 0, 0, 0
22941, 1, 1636470941063, 1636470941239, 176, 0, 176, 0, 0, 0
22944, 1, 1636470941143, 1636470941315, 172, 0, 172, 0, 0, 0
22945, 1, 1636470941235, 1636470941411, 176, 0, 176, 0, 0, 0
22946, 1, 1636470941279, 1636470941451, 172, 0, 172, 0, 0, 0
22947, 1, 1636470941335, 1636470941507, 172, 0, 172, 0, 0, 0
22948, 1, 1636470941475, 1636470941651, 176, 0, 176, 0, 0, 0
22949, 1, 1636470941503, 1636470941679, 176, 0, 176, 0, 0, 0
22951, 1, 1636470941515, 1636470941687, 172, 0, 172, 0, 0, 0
22950, 1, 1636470941515, 1636470941695, 180, 0, 180, 0, 0, 0
22952, 1, 1636470941707, 1636470941879, 172, 0, 172, 0, 0, 0
22953, 1, 1636470941911, 1636470942083, 172, 0, 172, 0, 0, 0
22954, 1, 1636470941915, 1636470942087, 172, 0, 172, 0, 0, 0
22955, 1, 1636470941918, 1636470942091, 173, 1, 172, 0, 0, 0
22956, 1, 1636470941959, 1636470942131, 172, 0, 172, 0, 0, 0
22958, 1, 1636470942051, 1636470942223, 172, 0, 172, 0, 0, 0
22957, 1, 1636470942079, 1636470942251, 172, 0, 172, 0, 0, 0
22959, 1, 1636470942119, 1636470942291, 172, 0, 172, 0, 0, 0
22960, 1, 1636470942175, 1636470942351, 176, 0, 176, 0, 0, 0
22962, 1, 1636470942271, 1636470942451, 180, 0, 180, 0, 0, 0
22961, 1, 1636470942303, 1636470942475, 172, 0, 172, 0, 0, 0
22963, 1, 1636470942303, 1636470942475, 172, 0, 172, 0, 0, 0
22964, 1, 1636470942403, 1636470942575, 172, 0, 172, 0, 0, 0
22965, 1, 1636470942487, 1636470942659, 172, 0, 172, 0, 0, 0
22966, 1, 1636470942507, 1636470942679, 172, 0, 172, 0, 0, 0
22967, 1, 1636470942523, 1636470942695, 172, 0, 172, 0, 0, 0
22968, 1, 1636470942743, 1636470942915, 172, 0, 172, 0, 0, 0
22969, 1, 1636470942823, 1636470942995, 172, 0, 172, 0, 0, 0
22970, 1, 1636470942883, 1636470943055, 172, 0, 172, 0, 0, 0
22972, 1, 1636470942891, 1636470943063, 172, 0, 172, 0, 0, 0
22971, 1, 1636470942887, 1636470943066, 179, 0, 179, 0, 0, 0
22973, 1, 1636470942907, 1636470943079, 172, 0, 172, 0, 0, 0
22975, 1, 1636470943019, 1636470943191, 172, 0, 172, 0, 0, 0
22976, 1, 1636470943031, 1636470943207, 176, 0, 176, 0, 0, 0
22978, 1, 1636470943155, 1636470943327, 172, 0, 172, 0, 0, 0
22977, 1, 1636470943155, 1636470943327, 172, 0, 172, 0, 0, 0
22979, 1, 1636470943235, 1636470943407, 172, 0, 172, 0, 0, 0
22980, 1, 1636470943283, 1636470943459, 176, 0, 176, 0, 0, 0
22981, 1, 1636470943295, 1636470943475, 180, 0, 180, 0, 0, 0
22982, 1, 1636470943363, 1636470943535, 172, 0, 172, 0, 0, 0
22974, 1, 1636470943379, 1636470943555, 176, 0, 176, 0, 0, 0
22984, 1, 1636470943463, 1636470943635, 172, 0, 172, 0, 0, 0
22985, 1, 1636470943479, 1636470943651, 172, 0, 172, 0, 0, 0
22986, 1, 1636470943503, 1636470943675, 172, 0, 172, 0, 0, 0
22987, 1, 1636470943515, 1636470943687, 172, 0, 172, 0, 0, 0
22983, 1, 1636470943731, 1636470943903, 172, 0, 172, 0, 0, 0
22988, 1, 1636470943755, 1636470943927, 172, 0, 172, 0, 0, 0
22989, 1, 1636470943771, 1636470943943, 172, 0, 172, 0, 0, 0
22990, 1, 1636470943851, 1636470944023, 172, 0, 172, 0, 0, 0
22991, 1, 1636470943855, 1636470944027, 172, 0, 172, 0, 0, 0
22992, 1, 1636470943899, 1636470944071, 172, 0, 172, 0, 0, 0
22993, 1, 1636470943907, 1636470944079, 172, 0, 172, 0, 0, 0
22995, 1, 1636470944051, 1636470944223, 172, 0, 172, 0, 0, 0
22996, 1, 1636470944067, 1636470944239, 172, 0, 172, 0, 0, 0
22994, 1, 1636470944103, 1636470944275, 172, 0, 172, 0, 0, 0
22997, 1, 1636470944151, 1636470944323, 172, 0, 172, 0, 0, 0
22998, 1, 1636470944183, 1636470944359, 176, 0, 176, 0, 0, 0
22999, 1, 1636470944203, 1636470944378, 175, 0, 175, 0, 0, 0
23000, 1, 1636470944271, 1636470944442, 171, 0, 171, 0, 0, 0
23001, 1, 1636470944307, 1636470944478, 171, 0, 171, 0, 0, 0
23003, 1, 1636470944359, 1636470944530, 171, 0, 171, 0, 0, 0
23004, 1, 1636470944451, 1636470944630, 179, 0, 179, 0, 0, 0
23006, 1, 1636470944510, 1636470944686, 176, 1, 175, 0, 0, 0
23005, 1, 1636470944510, 1636470944686, 176, 1, 175, 0, 1, 1
23007, 1, 1636470944526, 1636470944706, 180, 1, 179, 0, 0, 0
23008, 1, 1636470944723, 1636470944895, 172, 0, 172, 0, 0, 0
23009, 1, 1636470944755, 1636470944927, 172, 0, 172, 0, 0, 0
23002, 1, 1636470944815, 1636470944987, 172, 0, 172, 0, 0, 0
23010, 1, 1636470944859, 1636470945031, 172, 0, 172, 0, 0, 0
23011, 1, 1636470944875, 1636470945047, 172, 0, 172, 0, 0, 0
23012, 1, 1636470944883, 1636470945055, 172, 0, 172, 0, 0, 0
23014, 1, 1636470945019, 1636470945191, 172, 0, 172, 0, 0, 0
23015, 1, 1636470945083, 1636470945255, 172, 0, 172, 0, 0, 0
23016, 1, 1636470945103, 1636470945275, 172, 0, 172, 0, 0, 0
23013, 1, 1636470945163, 1636470945335, 172, 0, 172, 0, 0, 0
23018, 1, 1636470945167, 1636470945339, 172, 0, 172, 0, 0, 0
23017, 1, 1636470945167, 1636470945343, 176, 0, 176, 0, 0, 0
23019, 1, 1636470945187, 1636470945359, 172, 0, 172, 0, 0, 0
23020, 1, 1636470945235, 1636470945407, 172, 0, 172, 0, 0, 0
23021, 1, 1636470945287, 1636470945459, 172, 0, 172, 0, 0, 0
23022, 1, 1636470945367, 1636470945539, 172, 0, 172, 0, 0, 0
23023, 1, 1636470945379, 1636470945551, 172, 0, 172, 0, 0, 0
23024, 1, 1636470945471, 1636470945643, 172, 0, 172, 0, 0, 0
23025, 1, 1636470945483, 1636470945659, 176, 0, 176, 0, 0, 0
23026, 1, 1636470945523, 1636470945695, 172, 0, 172, 0, 0, 0
23027, 1, 1636470945543, 1636470945719, 176, 0, 176, 0, 0, 0
23028, 1, 1636470945707, 1636470945879, 172, 0, 172, 0, 0, 0
23029, 1, 1636470945743, 1636470945915, 172, 0, 172, 0, 0, 0
23030, 1, 1636470945855, 1636470946031, 176, 0, 176, 0, 0, 0
23031, 1, 1636470945875, 1636470946051, 176, 0, 176, 0, 0, 0
23032, 1, 1636470945891, 1636470946063, 172, 0, 172, 0, 0, 0
23033, 1, 1636470945903, 1636470946075, 172, 0, 172, 0, 0, 0
23034, 1, 1636470946043, 1636470946215, 172, 0, 172, 0, 0, 0
23035, 1, 1636470946055, 1636470946235, 180, 0, 180, 0, 0, 0
23036, 1, 1636470946079, 1636470946255, 176, 0, 176, 0, 0, 0
23038, 1, 1636470946183, 1636470946355, 172, 0, 172, 0, 0, 0
23040, 1, 1636470946235, 1636470946407, 172, 0, 172, 0, 0, 0
23039, 1, 1636470946235, 1636470946407, 172, 0, 172, 0, 0, 0
23041, 1, 1636470946279, 1636470946451, 172, 0, 172, 0, 0, 0
23042, 1, 1636470946331, 1636470946507, 176, 0, 176, 0, 0, 0
23037, 1, 1636470946411, 1636470946583, 172, 0, 172, 0, 0, 0
23043, 1, 1636470946411, 1636470946587, 176, 0, 176, 0, 0, 0
23044, 1, 1636470946423, 1636470946599, 176, 0, 176, 0, 0, 0
23045, 1, 1636470946459, 1636470946635, 176, 0, 176, 0, 0, 0
23046, 1, 1636470946519, 1636470946691, 172, 0, 172, 0, 0, 0
23048, 1, 1636470946739, 1636470946911, 172, 0, 172, 0, 0, 0
23047, 1, 1636470946779, 1636470946951, 172, 0, 172, 0, 0, 0
23049, 1, 1636470946787, 1636470946963, 176, 0, 176, 0, 0, 0
23051, 1, 1636470946867, 1636470947039, 172, 0, 172, 0, 0, 0
23050, 1, 1636470946867, 1636470947039, 172, 0, 172, 0, 0, 0
23052, 1, 1636470946891, 1636470947063, 172, 0, 172, 0, 0, 0
23053, 1, 1636470946895, 1636470947067, 172, 0, 172, 0, 0, 0
23054, 1, 1636470947035, 1636470947207, 172, 0, 172, 0, 0, 0
23055, 1, 1636470947055, 1636470947227, 172, 0, 172, 0, 0, 0
23056, 1, 1636470947071, 1636470947243, 172, 0, 172, 0, 0, 0
23057, 1, 1636470947135, 1636470947307, 172, 0, 172, 0, 0, 0
23058, 1, 1636470947215, 1636470947391, 176, 0, 176, 0, 0, 0
23059, 1, 1636470947231, 1636470947403, 172, 0, 172, 0, 0, 0
23060, 1, 1636470947251, 1636470947423, 172, 0, 172, 0, 0, 0
23061, 1, 1636470947295, 1636470947467, 172, 0, 172, 0, 0, 0
23062, 1, 1636470947347, 1636470947523, 176, 0, 176, 0, 0, 0
23063, 1, 1636470947387, 1636470947563, 176, 0, 176, 0, 0, 0
23064, 1, 1636470947459, 1636470947631, 172, 0, 172, 0, 0, 0
23065, 1, 1636470947487, 1636470947663, 176, 0, 176, 0, 0, 0
23066, 1, 1636470947527, 1636470947703, 176, 0, 176, 0, 0, 0
23067, 1, 1636470947547, 1636470947719, 172, 0, 172, 0, 0, 0
23068, 1, 1636470947755, 1636470947931, 176, 0, 176, 0, 0, 0
23069, 1, 1636470947787, 1636470947963, 176, 0, 176, 0, 0, 0
23070, 1, 1636470947855, 1636470948027, 172, 0, 172, 0, 0, 0
23071, 1, 1636470947887, 1636470948063, 176, 0, 176, 0, 0, 0
23073, 1, 1636470947891, 1636470948071, 180, 0, 180, 0, 0, 0
23074, 1, 1636470948015, 1636470948187, 172, 0, 172, 0, 0, 0
23075, 1, 1636470948047, 1636470948223, 176, 0, 176, 0, 0, 0
23076, 1, 1636470948091, 1636470948267, 176, 0, 176, 0, 0, 0
23077, 1, 1636470948103, 1636470948275, 172, 0, 172, 0, 0, 0
23078, 1, 1636470948191, 1636470948363, 172, 0, 172, 0, 0, 0
23072, 1, 1636470948203, 1636470948379, 176, 0, 176, 0, 0, 0
23079, 1, 1636470948223, 1636470948399, 176, 0, 176, 0, 0, 0
23080, 1, 1636470948279, 1636470948455, 176, 0, 176, 0, 0, 0
23081, 1, 1636470948303, 1636470948479, 176, 0, 176, 0, 0, 0
23082, 1, 1636470948383, 1636470948559, 176, 0, 176, 0, 0, 0
23083, 1, 1636470948423, 1636470948595, 172, 0, 172, 0, 0, 0
23084, 1, 1636470948451, 1636470948627, 176, 0, 176, 0, 0, 0
23086, 1, 1636470948487, 1636470948659, 172, 0, 172, 0, 0, 0
23085, 1, 1636470948551, 1636470948723, 172, 0, 172, 0, 0, 0
23087, 1, 1636470948583, 1636470948755, 172, 0, 172, 0, 0, 0
23088, 1, 1636470948731, 1636470948907, 176, 0, 176, 0, 0, 0
23090, 1, 1636470948835, 1636470949007, 172, 0, 172, 0, 0, 0
23091, 1, 1636470948891, 1636470949063, 172, 0, 172, 0, 0, 0
23089, 1, 1636470948899, 1636470949071, 172, 0, 172, 0, 0, 0
23093, 1, 1636470948911, 1636470949083, 172, 0, 172, 0, 0, 0
23092, 1, 1636470948931, 1636470949103, 172, 0, 172, 0, 0, 0
23094, 1, 1636470949039, 1636470949211, 172, 0, 172, 0, 0, 0
23096, 1, 1636470949099, 1636470949271, 172, 0, 172, 0, 0, 0
23097, 1, 1636470949127, 1636470949299, 172, 0, 172, 0, 0, 0
23098, 1, 1636470949187, 1636470949359, 172, 0, 172, 0, 0, 0
23099, 1, 1636470949215, 1636470949387, 172, 0, 172, 0, 0, 0
23095, 1, 1636470949243, 1636470949415, 172, 0, 172, 0, 0, 0
23100, 1, 1636470949271, 1636470949443, 172, 0, 172, 0, 0, 0
23102, 1, 1636470949355, 1636470949527, 172, 0, 172, 0, 0, 0
23103, 1, 1636470949419, 1636470949591, 172, 0, 172, 0, 0, 0
23105, 1, 1636470949463, 1636470949639, 176, 0, 176, 0, 0, 0
23106, 1, 1636470949467, 1636470949643, 176, 0, 176, 0, 0, 0
23104, 1, 1636470949463, 1636470949643, 180, 0, 180, 0, 0, 0
23107, 1, 1636470949559, 1636470949731, 172, 0, 172, 0, 0, 0
23101, 1, 1636470949591, 1636470949763, 172, 0, 172, 0, 0, 0
23108, 1, 1636470949763, 1636470949935, 172, 0, 172, 0, 0, 0
23109, 1, 1636470949795, 1636470949967, 172, 0, 172, 0, 0, 0
23110, 1, 1636470949847, 1636470950019, 172, 0, 172, 0, 0, 0
23111, 1, 1636470949867, 1636470950039, 172, 0, 172, 0, 0, 0
23112, 1, 1636470949883, 1636470950055, 172, 0, 172, 0, 0, 0
23113, 1, 1636470949907, 1636470950079, 172, 0, 172, 0, 0, 0
23114, 1, 1636470950027, 1636470950199, 172, 0, 172, 0, 0, 0
23115, 1, 1636470950075, 1636470950247, 172, 0, 172, 0, 0, 0
23116, 1, 1636470950115, 1636470950291, 176, 0, 176, 0, 0, 0
23117, 1, 1636470950151, 1636470950327, 176, 0, 176, 0, 0, 0
23118, 1, 1636470950163, 1636470950343, 180, 0, 180, 0, 0, 0
23119, 1, 1636470950219, 1636470950395, 176, 0, 176, 0, 0, 0
23120, 1, 1636470950247, 1636470950419, 172, 0, 172, 0, 0, 0
23121, 1, 1636470950315, 1636470950487, 172, 0, 172, 0, 0, 0
23122, 1, 1636470950383, 1636470950563, 180, 0, 180, 0, 0, 0
23123, 1, 1636470950387, 1636470950563, 176, 0, 176, 0, 0, 0
23124, 1, 1636470950451, 1636470950631, 180, 0, 180, 0, 0, 0
23125, 1, 1636470950467, 1636470950647, 180, 0, 180, 0, 0, 0
23126, 1, 1636470950479, 1636470950655, 176, 0, 176, 0, 0, 0
23127, 1, 1636470950547, 1636470950719, 172, 0, 172, 0, 0, 0
23128, 1, 1636470950767, 1636470950939, 172, 0, 172, 0, 0, 0
23129, 1, 1636470950779, 1636470950951, 172, 0, 172, 0, 0, 0
23130, 1, 1636470950847, 1636470951019, 172, 0, 172, 0, 0, 0
23131, 1, 1636470950847, 1636470951019, 172, 0, 172, 0, 0, 0
23132, 1, 1636470950891, 1636470951063, 172, 0, 172, 0, 0, 0
23133, 1, 1636470950915, 1636470951087, 172, 0, 172, 0, 0, 0
23134, 1, 1636470951019, 1636470951191, 172, 0, 172, 0, 0, 0
23135, 1, 1636470951091, 1636470951263, 172, 0, 172, 0, 0, 0
23136, 1, 1636470951115, 1636470951287, 172, 0, 172, 0, 0, 0
23138, 1, 1636470951155, 1636470951327, 172, 0, 172, 0, 0, 0
23139, 1, 1636470951211, 1636470951383, 172, 0, 172, 0, 0, 0
23137, 1, 1636470951239, 1636470951411, 172, 0, 172, 0, 0, 0
23140, 1, 1636470951275, 1636470951447, 172, 0, 172, 0, 0, 0
23141, 1, 1636470951283, 1636470951455, 172, 0, 172, 0, 0, 0
23143, 1, 1636470951387, 1636470951567, 180, 0, 180, 0, 0, 0
23144, 1, 1636470951439, 1636470951615, 176, 0, 176, 0, 0, 0
23145, 1, 1636470951459, 1636470951631, 172, 0, 172, 0, 0, 0
23146, 1, 1636470951491, 1636470951663, 172, 0, 172, 0, 0, 0
23147, 1, 1636470951555, 1636470951727, 172, 0, 172, 0, 0, 0
23142, 1, 1636470951587, 1636470951759, 172, 0, 172, 0, 0, 0
23148, 1, 1636470951755, 1636470951927, 172, 0, 172, 0, 0, 0
23149, 1, 1636470951771, 1636470951943, 172, 0, 172, 0, 0, 0
23151, 1, 1636470951843, 1636470952103, 260, 0, 260, 0, 0, 0
23150, 1, 1636470951835, 1636470952103, 268, 0, 268, 0, 0, 0
23152, 1, 1636470952019, 1636470952191, 172, 0, 172, 0, 0, 0
23153, 1, 1636470952019, 1636470952191, 172, 0, 172, 0, 0, 0
23155, 1, 1636470952107, 1636470952278, 171, 0, 171, 0, 0, 0
23154, 1, 1636470952107, 1636470952279, 172, 0, 172, 0, 0, 0
23156, 1, 1636470952195, 1636470952367, 172, 0, 172, 0, 0, 0
23157, 1, 1636470952195, 1636470952367, 172, 0, 172, 0, 0, 0
23159, 1, 1636470952243, 1636470952415, 172, 0, 172, 0, 0, 0
23160, 1, 1636470952243, 1636470952419, 176, 0, 176, 0, 0, 0
23158, 1, 1636470952286, 1636470952459, 173, 1, 172, 0, 0, 0
23161, 1, 1636470952315, 1636470952487, 172, 0, 172, 0, 0, 0
23162, 1, 1636470952371, 1636470952543, 172, 0, 172, 0, 0, 0
23163, 1, 1636470952387, 1636470952559, 172, 0, 172, 0, 0, 0
23164, 1, 1636470952451, 1636470952627, 176, 0, 176, 0, 0, 0
23165, 1, 1636470952467, 1636470952639, 172, 0, 172, 0, 0, 0
23166, 1, 1636470952483, 1636470952655, 172, 0, 172, 0, 0, 0
23167, 1, 1636470952571, 1636470952747, 176, 0, 176, 0, 0, 0
23168, 1, 1636470952747, 1636470952919, 172, 0, 172, 0, 0, 0
23169, 1, 1636470952763, 1636470952935, 172, 0, 172, 0, 0, 0
23170, 1, 1636470952835, 1636470953011, 176, 0, 176, 0, 0, 0
23171, 1, 1636470952851, 1636470953023, 172, 0, 172, 0, 0, 0
23173, 1, 1636470952915, 1636470953087, 172, 0, 172, 0, 0, 0
23172, 1, 1636470952919, 1636470953091, 172, 0, 172, 0, 0, 0
23174, 1, 1636470953031, 1636470953203, 172, 0, 172, 0, 0, 0
23176, 1, 1636470953067, 1636470953239, 172, 0, 172, 0, 0, 0
23177, 1, 1636470953151, 1636470953323, 172, 0, 172, 0, 0, 0
23178, 1, 1636470953175, 1636470953347, 172, 0, 172, 0, 0, 0
23179, 1, 1636470953219, 1636470953391, 172, 0, 172, 0, 0, 0
23180, 1, 1636470953227, 1636470953399, 172, 0, 172, 0, 0, 0
23175, 1, 1636470953267, 1636470953439, 172, 0, 172, 0, 0, 0
23182, 1, 1636470953367, 1636470953539, 172, 0, 172, 0, 0, 0
23184, 1, 1636470953463, 1636470953639, 176, 0, 176, 0, 0, 0
23186, 1, 1636470953491, 1636470953663, 172, 0, 172, 0, 0, 0
23185, 1, 1636470953523, 1636470953695, 172, 0, 172, 0, 0, 0
23187, 1, 1636470953559, 1636470953731, 172, 0, 172, 0, 0, 0
23181, 1, 1636470953575, 1636470953747, 172, 0, 172, 0, 0, 0
23183, 1, 1636470953611, 1636470953783, 172, 0, 172, 0, 0, 0
23188, 1, 1636470953767, 1636470953939, 172, 0, 172, 0, 0, 0
23189, 1, 1636470953783, 1636470953959, 176, 0, 176, 0, 0, 0
23190, 1, 1636470953839, 1636470954011, 172, 0, 172, 0, 0, 0
23191, 1, 1636470953867, 1636470954039, 172, 0, 172, 0, 0, 0
23192, 1, 1636470953903, 1636470954075, 172, 0, 172, 0, 0, 0
23193, 1, 1636470953911, 1636470954083, 172, 0, 172, 0, 0, 0
23194, 1, 1636470954031, 1636470954203, 172, 0, 172, 0, 0, 0
23195, 1, 1636470954047, 1636470954219, 172, 0, 172, 0, 0, 0
23196, 1, 1636470954067, 1636470954239, 172, 0, 172, 0, 0, 0
23198, 1, 1636470954175, 1636470954347, 172, 0, 172, 0, 0, 0
23197, 1, 1636470954211, 1636470954383, 172, 0, 172, 0, 0, 0
23199, 1, 1636470954239, 1636470954411, 172, 0, 172, 0, 0, 0
23200, 1, 1636470954243, 1636470954415, 172, 0, 172, 0, 0, 0
23201, 1, 1636470954303, 1636470954479, 176, 0, 176, 0, 0, 0
23202, 1, 1636470954383, 1636470954559, 176, 0, 176, 0, 0, 0
23203, 1, 1636470954395, 1636470954571, 176, 0, 176, 0, 0, 0
23204, 1, 1636470954467, 1636470954639, 172, 0, 172, 0, 0, 0
23205, 1, 1636470954467, 1636470954639, 172, 0, 172, 0, 0, 0
23206, 1, 1636470954479, 1636470954655, 176, 0, 176, 0, 0, 0
23208, 1, 1636470954779, 1636470954951, 172, 0, 172, 0, 0, 0
23209, 1, 1636470954787, 1636470954959, 172, 0, 172, 0, 0, 0
23207, 1, 1636470954814, 1636470954987, 173, 1, 172, 1, 0, 1
23211, 1, 1636470954847, 1636470955019, 172, 0, 172, 0, 0, 0
23213, 1, 1636470954923, 1636470955095, 172, 0, 172, 0, 0, 0
23214, 1, 1636470954995, 1636470955167, 172, 0, 172, 0, 0, 0
23215, 1, 1636470955059, 1636470955231, 172, 0, 172, 0, 0, 0
23216, 1, 1636470955079, 1636470955251, 172, 0, 172, 0, 0, 0
23210, 1, 1636470955127, 1636470955303, 176, 0, 176, 0, 0, 0
23212, 1, 1636470955163, 1636470955343, 180, 0, 180, 0, 0, 0
23218, 1, 1636470955179, 1636470955355, 176, 0, 176, 0, 0, 0
23219, 1, 1636470955215, 1636470955391, 176, 0, 176, 0, 0, 0
23221, 1, 1636470955282, 1636470955467, 185, 1, 184, 0, 0, 0
23223, 1, 1636470955427, 1636470955598, 171, 0, 171, 0, 0, 0
23224, 1, 1636470955447, 1636470955619, 172, 0, 172, 0, 0, 0
23225, 1, 1636470955454, 1636470955635, 181, 1, 180, 0, 0, 0
23226, 1, 1636470955478, 1636470955651, 173, 1, 172, 1, 0, 1
23220, 1, 1636470955478, 1636470955651, 173, 1, 172, 0, 1, 1
23227, 1, 1636470955526, 1636470955699, 173, 1, 172, 0, 0, 0
23229, 1, 1636470955775, 1636470955947, 172, 0, 172, 0, 0, 0
23228, 1, 1636470955823, 1636470955995, 172, 0, 172, 0, 0, 0
23231, 1, 1636470955847, 1636470956019, 172, 0, 172, 0, 0, 0
23232, 1, 1636470955875, 1636470956051, 176, 0, 176, 0, 0, 0
23233, 1, 1636470955919, 1636470956091, 172, 0, 172, 0, 0, 0
23234, 1, 1636470956023, 1636470956195, 172, 0, 172, 0, 0, 0
23236, 1, 1636470956091, 1636470956263, 172, 0, 172, 0, 0, 0
23235, 1, 1636470956171, 1636470956343, 172, 0, 172, 0, 0, 0
23237, 1, 1636470956171, 1636470956347, 176, 0, 176, 0, 0, 0
23240, 1, 1636470956283, 1636470956455, 172, 0, 172, 0, 0, 0
23241, 1, 1636470956415, 1636470956587, 172, 0, 172, 0, 0, 0
23242, 1, 1636470956431, 1636470956611, 180, 0, 180, 0, 0, 0
23243, 1, 1636470956467, 1636470956639, 172, 0, 172, 0, 0, 0
23244, 1, 1636470956487, 1636470956659, 172, 0, 172, 0, 0, 0
23245, 1, 1636470956491, 1636470956663, 172, 0, 172, 0, 0, 0
23239, 1, 1636470956515, 1636470956687, 172, 0, 172, 0, 0, 0
23248, 1, 1636470956839, 1636470957011, 172, 0, 172, 0, 0, 0
23249, 1, 1636470956867, 1636470957039, 172, 0, 172, 0, 0, 0
23250, 1, 1636470956911, 1636470957083, 172, 0, 172, 0, 0, 0
23251, 1, 1636470957035, 1636470957211, 176, 0, 176, 0, 0, 0
23252, 1, 1636470957059, 1636470957231, 172, 0, 172, 0, 0, 0
23253, 1, 1636470957067, 1636470957239, 172, 0, 172, 0, 0, 0
23254, 1, 1636470957147, 1636470957319, 172, 0, 172, 0, 0, 0
23256, 1, 1636470957251, 1636470957423, 172, 0, 172, 0, 0, 0
23258, 1, 1636470957399, 1636470957571, 172, 0, 172, 0, 0, 0
23259, 1, 1636470957447, 1636470957619, 172, 0, 172, 0, 0, 0
23260, 1, 1636470957479, 1636470957655, 176, 0, 176, 0, 0, 0
23261, 1, 1636470957507, 1636470957679, 172, 0, 172, 0, 0, 0
23263, 1, 1636470957791, 1636470957963, 172, 0, 172, 0, 0, 0
23262, 1, 1636470957799, 1636470957971, 172, 0, 172, 0, 0, 0
23264, 1, 1636470957827, 1636470957999, 172, 0, 172, 0, 0, 0
23265, 1, 1636470957867, 1636470958039, 172, 0, 172, 0, 0, 0
23268, 1, 1636470958031, 1636470958203, 172, 0, 172, 0, 0, 0
23269, 1, 1636470958039, 1636470958211, 172, 0, 172, 0, 0, 0
23271, 1, 1636470958179, 1636470958355, 176, 0, 176, 0, 0, 0
23270, 1, 1636470958187, 1636470958363, 176, 0, 176, 0, 0, 0
23272, 1, 1636470958263, 1636470958435, 172, 0, 172, 0, 0, 0
23274, 1, 1636470958423, 1636470958595, 172, 0, 172, 0, 0, 0
23273, 1, 1636470958423, 1636470958595, 172, 0, 172, 0, 0, 0
23275, 1, 1636470958475, 1636470958647, 172, 0, 172, 0, 0, 0
23277, 1, 1636470958511, 1636470958687, 176, 0, 176, 0, 0, 0
23276, 1, 1636470958535, 1636470958707, 172, 0, 172, 0, 0, 0
23278, 1, 1636470958687, 1636470958859, 172, 0, 172, 0, 0, 0
23279, 1, 1636470958691, 1636470958863, 172, 0, 172, 0, 0, 0
23280, 1, 1636470958823, 1636470958995, 172, 0, 172, 0, 0, 0
23281, 1, 1636470958887, 1636470959059, 172, 0, 172, 0, 0, 0
23282, 1, 1636470959043, 1636470959215, 172, 0, 172, 0, 0, 0
23283, 1, 1636470959063, 1636470959235, 172, 0, 172, 0, 0, 0
23284, 1, 1636470959111, 1636470959283, 172, 0, 172, 0, 0, 0
23285, 1, 1636470959119, 1636470959291, 172, 0, 172, 0, 0, 0
23287, 1, 1636470959183, 1636470959355, 172, 0, 172, 0, 0, 0
23288, 1, 1636470959239, 1636470959411, 172, 0, 172, 0, 0, 0
23286, 1, 1636470959387, 1636470959559, 172, 0, 172, 0, 0, 0
23289, 1, 1636470959427, 1636470959599, 172, 0, 172, 0, 0, 0
23291, 1, 1636470959451, 1636470959623, 172, 0, 172, 0, 0, 0
23292, 1, 1636470959475, 1636470959647, 172, 0, 172, 0, 0, 0
23293, 1, 1636470959531, 1636470959703, 172, 0, 172, 0, 0, 0
23290, 1, 1636470959527, 1636470959703, 176, 0, 176, 0, 0, 0
23294, 1, 1636470959587, 1636470959759, 172, 0, 172, 0, 0, 0
23295, 1, 1636470959671, 1636470959843, 172, 0, 172, 0, 0, 0
23297, 1, 1636470959699, 1636470959871, 172, 0, 172, 0, 0, 0
23296, 1, 1636470959735, 1636470959911, 176, 0, 176, 0, 0, 0
23298, 1, 1636470959823, 1636470959995, 172, 0, 172, 0, 0, 0
23299, 1, 1636470959903, 1636470960075, 172, 0, 172, 0, 0, 0
23267, 1, 1636470959971, 1636470960143, 172, 0, 172, 0, 0, 0
23300, 1, 1636470960023, 1636470960195, 172, 0, 172, 0, 0, 0
23301, 1, 1636470960027, 1636470960199, 172, 0, 172, 0, 0, 0
23302, 1, 1636470960071, 1636470960242, 171, 0, 171, 0, 0, 0
23303, 1, 1636470960079, 1636470960251, 172, 0, 172, 0, 0, 0
23304, 1, 1636470960083, 1636470960255, 172, 0, 172, 0, 0, 0
23306, 1, 1636470960211, 1636470960383, 172, 0, 172, 0, 0, 0
23307, 1, 1636470960219, 1636470960391, 172, 0, 172, 0, 0, 0
23305, 1, 1636470960239, 1636470960411, 172, 0, 172, 0, 0, 0
23308, 1, 1636470960427, 1636470960603, 176, 0, 176, 0, 0, 0
23309, 1, 1636470960439, 1636470960611, 172, 0, 172, 0, 0, 0
23311, 1, 1636470960451, 1636470960627, 176, 0, 176, 0, 0, 0
23312, 1, 1636470960483, 1636470960654, 171, 0, 171, 0, 0, 0
23313, 1, 1636470960547, 1636470960719, 172, 0, 172, 0, 0, 0
23310, 1, 1636470960567, 1636470960739, 172, 0, 172, 0, 0, 0
23314, 1, 1636470960627, 1636470960799, 172, 0, 172, 0, 0, 0
23315, 1, 1636470960643, 1636470960815, 172, 0, 172, 0, 0, 0
23316, 1, 1636470960675, 1636470960851, 176, 0, 176, 0, 0, 0
23317, 1, 1636470960691, 1636470960863, 172, 0, 172, 0, 0, 0
23318, 1, 1636470960819, 1636470960991, 172, 0, 172, 0, 0, 0
23319, 1, 1636470960939, 1636470961111, 172, 0, 172, 0, 0, 0
23320, 1, 1636470961003, 1636470961175, 172, 0, 172, 0, 0, 0
23321, 1, 1636470961047, 1636470961219, 172, 0, 172, 0, 0, 0
23322, 1, 1636470961055, 1636470961227, 172, 0, 172, 0, 0, 0
23323, 1, 1636470961063, 1636470961235, 172, 0, 172, 0, 0, 0
23324, 1, 1636470961095, 1636470961267, 172, 0, 172, 0, 0, 0
23325, 1, 1636470961139, 1636470961311, 172, 0, 172, 0, 0, 0
23326, 1, 1636470961191, 1636470961363, 172, 0, 172, 0, 0, 0
23327, 1, 1636470961247, 1636470961419, 172, 0, 172, 0, 0, 0
23328, 1, 1636470961415, 1636470961587, 172, 0, 172, 0, 0, 0
23329, 1, 1636470961423, 1636470961595, 172, 0, 172, 0, 0, 0
23330, 1, 1636470961427, 1636470961599, 172, 0, 172, 0, 0, 0
23332, 1, 1636470961475, 1636470961647, 172, 0, 172, 0, 0, 0
23331, 1, 1636470961535, 1636470961707, 172, 0, 172, 0, 0, 0
23333, 1, 1636470961559, 1636470961731, 172, 0, 172, 0, 0, 0
23334, 1, 1636470961579, 1636470961751, 172, 0, 172, 0, 0, 0
23335, 1, 1636470961659, 1636470961831, 172, 0, 172, 0, 0, 0
23336, 1, 1636470961659, 1636470961831, 172, 0, 172, 0, 0, 0
23337, 1, 1636470961711, 1636470961883, 172, 0, 172, 0, 0, 0
23338, 1, 1636470961799, 1636470961971, 172, 0, 172, 0, 0, 0
23339, 1, 1636470961923, 1636470962095, 172, 0, 172, 0, 0, 0
23340, 1, 1636470962023, 1636470962199, 176, 0, 176, 0, 0, 0
23341, 1, 1636470962039, 1636470962211, 172, 0, 172, 0, 0, 0
23342, 1, 1636470962051, 1636470962223, 172, 0, 172, 0, 0, 0
23343, 1, 1636470962067, 1636470962239, 172, 0, 172, 0, 0, 0
23344, 1, 1636470962110, 1636470962283, 173, 1, 172, 0, 0, 0
23345, 1, 1636470962147, 1636470962319, 172, 0, 172, 0, 0, 0
23346, 1, 1636470962191, 1636470962363, 172, 0, 172, 0, 0, 0
23347, 1, 1636470962267, 1636470962439, 172, 0, 172, 0, 0, 0
23348, 1, 1636470962395, 1636470962567, 172, 0, 172, 0, 0, 0
23349, 1, 1636470962427, 1636470962599, 172, 0, 172, 0, 0, 0
23350, 1, 1636470962431, 1636470962607, 176, 0, 176, 0, 0, 0
23352, 1, 1636470962483, 1636470962655, 172, 0, 172, 0, 0, 0
23353, 1, 1636470962539, 1636470962711, 172, 0, 172, 0, 0, 0
23351, 1, 1636470962539, 1636470962715, 176, 0, 176, 0, 0, 0
23355, 1, 1636470962643, 1636470962819, 176, 0, 176, 0, 0, 0
23356, 1, 1636470962655, 1636470962827, 172, 0, 172, 0, 0, 0
23357, 1, 1636470962699, 1636470962871, 172, 0, 172, 0, 0, 0
23358, 1, 1636470962767, 1636470962939, 172, 0, 172, 0, 0, 0
23354, 1, 1636470962779, 1636470962955, 176, 0, 176, 0, 0, 0
23359, 1, 1636470962895, 1636470963067, 172, 0, 172, 0, 0, 0
23360, 1, 1636470963043, 1636470963215, 172, 0, 172, 0, 0, 0
23361, 1, 1636470963043, 1636470963215, 172, 0, 172, 0, 0, 0
23362, 1, 1636470963067, 1636470963239, 172, 0, 172, 0, 0, 0
23363, 1, 1636470963071, 1636470963243, 172, 0, 172, 0, 0, 0
23364, 1, 1636470963095, 1636470963267, 172, 0, 172, 0, 0, 0
23365, 1, 1636470963123, 1636470963295, 172, 0, 172, 0, 0, 0
23366, 1, 1636470963231, 1636470963407, 176, 0, 176, 0, 0, 0
23367, 1, 1636470963271, 1636470963443, 172, 0, 172, 0, 0, 0
23368, 1, 1636470963399, 1636470963571, 172, 0, 172, 0, 0, 0
23369, 1, 1636470963431, 1636470963603, 172, 0, 172, 0, 0, 0
23371, 1, 1636470963463, 1636470963635, 172, 0, 172, 0, 0, 0
23372, 1, 1636470963499, 1636470963675, 176, 0, 176, 0, 0, 0
23373, 1, 1636470963551, 1636470963727, 176, 0, 176, 0, 0, 0
23374, 1, 1636470963563, 1636470963735, 172, 0, 172, 0, 0, 0
23370, 1, 1636470963583, 1636470963755, 172, 0, 172, 0, 0, 0
23375, 1, 1636470963619, 1636470963791, 172, 0, 172, 0, 0, 0
23376, 1, 1636470963667, 1636470963843, 176, 0, 176, 0, 0, 0
23377, 1, 1636470963671, 1636470963847, 176, 0, 176, 0, 0, 0
23378, 1, 1636470963779, 1636470963951, 172, 0, 172, 0, 0, 0
23379, 1, 1636470963859, 1636470964031, 172, 0, 172, 0, 0, 0
23380, 1, 1636470964023, 1636470964195, 172, 0, 172, 0, 0, 0
23381, 1, 1636470964039, 1636470964211, 172, 0, 172, 0, 0, 0
23382, 1, 1636470964039, 1636470964211, 172, 0, 172, 0, 0, 0
23383, 1, 1636470964070, 1636470964243, 173, 1, 172, 0, 0, 0
23384, 1, 1636470964099, 1636470964271, 172, 0, 172, 0, 0, 0
23385, 1, 1636470964111, 1636470964287, 176, 0, 176, 0, 0, 0
23386, 1, 1636470964231, 1636470964402, 171, 0, 171, 0, 0, 0
23387, 1, 1636470964243, 1636470964419, 176, 0, 176, 0, 0, 0
23388, 1, 1636470964406, 1636470964579, 173, 1, 172, 0, 0, 0
23390, 1, 1636470964447, 1636470964623, 176, 0, 176, 0, 0, 0
23389, 1, 1636470964447, 1636470964623, 176, 0, 176, 0, 0, 0
23392, 1, 1636470964486, 1636470964659, 173, 1, 172, 0, 0, 0
23393, 1, 1636470964530, 1636470964703, 173, 1, 172, 1, 0, 1
23391, 1, 1636470964571, 1636470964743, 172, 0, 172, 0, 0, 0
23394, 1, 1636470964583, 1636470964755, 172, 0, 172, 0, 0, 0
23395, 1, 1636470964651, 1636470964822, 171, 0, 171, 0, 0, 0
23396, 1, 1636470964671, 1636470964843, 172, 0, 172, 0, 0, 0
23397, 1, 1636470964683, 1636470964859, 176, 0, 176, 0, 0, 0
23398, 1, 1636470964803, 1636470964979, 176, 0, 176, 0, 0, 0
23399, 1, 1636470964895, 1636470965067, 172, 0, 172, 0, 0, 0
23400, 1, 1636470964994, 1636470965167, 173, 1, 172, 0, 0, 0
23401, 1, 1636470965011, 1636470965187, 176, 0, 176, 0, 0, 0
23402, 1, 1636470965043, 1636470965215, 172, 0, 172, 0, 0, 0
23403, 1, 1636470965043, 1636470965215, 172, 0, 172, 0, 0, 0
23404, 1, 1636470965091, 1636470965267, 176, 0, 176, 0, 0, 0
23405, 1, 1636470965139, 1636470965311, 172, 0, 172, 0, 0, 0
23407, 1, 1636470965243, 1636470965415, 172, 0, 172, 0, 0, 0
23406, 1, 1636470965391, 1636470965567, 176, 0, 176, 0, 0, 0
23408, 1, 1636470965411, 1636470965587, 176, 0, 176, 0, 0, 0
23409, 1, 1636470965426, 1636470965599, 173, 1, 172, 1, 0, 1
23410, 1, 1636470965455, 1636470965627, 172, 0, 172, 0, 0, 0
23413, 1, 1636470965530, 1636470965703, 173, 1, 172, 0, 0, 0
23414, 1, 1636470965563, 1636470965735, 172, 0, 172, 0, 0, 0
23412, 1, 1636470965587, 1636470965759, 172, 0, 172, 0, 0, 0
23415, 1, 1636470965651, 1636470965823, 172, 0, 172, 0, 0, 0
23416, 1, 1636470965663, 1636470965835, 172, 0, 172, 0, 0, 0
23417, 1, 1636470965675, 1636470965847, 172, 0, 172, 0, 0, 0
23411, 1, 1636470965771, 1636470965943, 172, 0, 172, 0, 0, 0
23419, 1, 1636470965875, 1636470966047, 172, 0, 172, 0, 0, 0
23420, 1, 1636470965979, 1636470966151, 172, 0, 172, 0, 0, 0
23421, 1, 1636470966003, 1636470966175, 172, 0, 172, 0, 0, 0
23422, 1, 1636470966027, 1636470966199, 172, 0, 172, 0, 0, 0
23423, 1, 1636470966055, 1636470966227, 172, 0, 172, 0, 0, 0
23418, 1, 1636470966123, 1636470966295, 172, 0, 172, 0, 0, 0
23425, 1, 1636470966139, 1636470966311, 172, 0, 172, 0, 0, 0
23426, 1, 1636470966231, 1636470966403, 172, 0, 172, 0, 0, 0
23427, 1, 1636470966239, 1636470966411, 172, 0, 172, 0, 0, 0
23429, 1, 1636470966387, 1636470966563, 176, 0, 176, 0, 0, 0
23428, 1, 1636470966387, 1636470966563, 176, 0, 176, 0, 0, 0
23431, 1, 1636470966458, 1636470966631, 173, 1, 172, 0, 0, 0
23432, 1, 1636470966467, 1636470966639, 172, 0, 172, 0, 0, 0
23424, 1, 1636470966467, 1636470966639, 172, 0, 172, 0, 0, 0
23433, 1, 1636470966511, 1636470966683, 172, 0, 172, 0, 0, 0
23430, 1, 1636470966595, 1636470966767, 172, 0, 172, 0, 0, 0
23436, 1, 1636470966631, 1636470966803, 172, 0, 172, 0, 0, 0
23437, 1, 1636470966683, 1636470966862, 179, 0, 179, 0, 0, 0
23435, 1, 1636470966803, 1636470966975, 172, 0, 172, 0, 0, 0
23434, 1, 1636470966815, 1636470966987, 172, 0, 172, 0, 0, 0
23438, 1, 1636470966815, 1636470966987, 172, 0, 172, 0, 0, 0
23439, 1, 1636470966899, 1636470967071, 172, 0, 172, 0, 0, 0
23440, 1, 1636470966971, 1636470967143, 172, 0, 172, 0, 0, 0
23441, 1, 1636470966995, 1636470967167, 172, 0, 172, 0, 0, 0
23442, 1, 1636470967019, 1636470967191, 172, 0, 172, 0, 0, 0
23443, 1, 1636470967023, 1636470967195, 172, 0, 172, 0, 0, 0
23444, 1, 1636470967123, 1636470967299, 176, 0, 176, 0, 0, 0
23445, 1, 1636470967155, 1636470967331, 176, 0, 176, 0, 0, 0
23446, 1, 1636470967215, 1636470967387, 172, 0, 172, 0, 0, 0
23447, 1, 1636470967259, 1636470967435, 176, 0, 176, 0, 0, 0
23448, 1, 1636470967395, 1636470967571, 176, 0, 176, 0, 0, 0
23451, 1, 1636470967467, 1636470967639, 172, 0, 172, 0, 0, 0
23449, 1, 1636470967471, 1636470967651, 180, 0, 180, 0, 0, 0
23452, 1, 1636470967475, 1636470967651, 176, 0, 176, 0, 0, 0
23454, 1, 1636470967547, 1636470967723, 176, 0, 176, 0, 0, 0
23450, 1, 1636470967563, 1636470967743, 180, 0, 180, 0, 0, 0
23455, 1, 1636470967627, 1636470967799, 172, 0, 172, 0, 0, 0
23457, 1, 1636470967643, 1636470967815, 172, 0, 172, 0, 0, 0
23456, 1, 1636470967647, 1636470967823, 176, 0, 176, 0, 0, 0
23458, 1, 1636470967827, 1636470968003, 176, 0, 176, 0, 0, 0
23453, 1, 1636470967919, 1636470968091, 172, 0, 172, 0, 0, 0
23459, 1, 1636470967943, 1636470968115, 172, 0, 172, 0, 0, 0
23461, 1, 1636470967999, 1636470968171, 172, 0, 172, 0, 0, 0
23463, 1, 1636470968019, 1636470968191, 172, 0, 172, 0, 0, 0
23464, 1, 1636470968059, 1636470968231, 172, 0, 172, 0, 0, 0
23465, 1, 1636470968127, 1636470968303, 176, 0, 176, 0, 0, 0
23460, 1, 1636470968183, 1636470968359, 176, 0, 176, 0, 0, 0
23466, 1, 1636470968227, 1636470968399, 172, 0, 172, 0, 0, 0
23467, 1, 1636470968251, 1636470968427, 176, 0, 176, 0, 0, 0
23462, 1, 1636470968271, 1636470968447, 176, 0, 176, 0, 0, 0
23468, 1, 1636470968402, 1636470968575, 173, 1, 172, 0, 0, 0
23469, 1, 1636470968415, 1636470968587, 172, 0, 172, 0, 0, 0
23472, 1, 1636470968495, 1636470968666, 171, 0, 171, 0, 0, 0
23471, 1, 1636470968531, 1636470968703, 172, 0, 172, 0, 0, 0
23474, 1, 1636470968555, 1636470968727, 172, 0, 172, 0, 0, 0
23470, 1, 1636470968575, 1636470968747, 172, 0, 172, 0, 0, 0
23475, 1, 1636470968619, 1636470968795, 176, 0, 176, 0, 0, 0
23476, 1, 1636470968631, 1636470968807, 176, 0, 176, 0, 0, 0
23477, 1, 1636470968666, 1636470968839, 173, 1, 172, 1, 0, 1
23473, 1, 1636470968759, 1636470968931, 172, 0, 172, 0, 0, 0
23478, 1, 1636470968827, 1636470968999, 172, 0, 172, 0, 0, 0
23479, 1, 1636470968923, 1636470969095, 172, 0, 172, 0, 0, 0
23480, 1, 1636470968947, 1636470969119, 172, 0, 172, 0, 0, 0
23481, 1, 1636470968999, 1636470969171, 172, 0, 172, 0, 0, 0
23482, 1, 1636470969003, 1636470969175, 172, 0, 172, 0, 0, 0
23483, 1, 1636470969023, 1636470969195, 172, 0, 172, 0, 0, 0
23485, 1, 1636470969103, 1636470969279, 176, 0, 176, 0, 0, 0
23487, 1, 1636470969259, 1636470969431, 172, 0, 172, 0, 0, 0
23484, 1, 1636470969267, 1636470969439, 172, 0, 172, 0, 0, 0
23486, 1, 1636470969371, 1636470969543, 172, 0, 172, 0, 0, 0
23488, 1, 1636470969407, 1636470969583, 176, 0, 176, 0, 0, 0
23490, 1, 1636470969447, 1636470969623, 176, 0, 176, 0, 0, 0
23492, 1, 1636470969511, 1636470969683, 172, 0, 172, 0, 0, 0
23495, 1, 1636470969619, 1636470969791, 172, 0, 172, 0, 0, 0
23489, 1, 1636470969619, 1636470969799, 180, 0, 180, 0, 0, 0
23496, 1, 1636470969635, 1636470969807, 172, 0, 172, 0, 0, 0
23497, 1, 1636470969655, 1636470969827, 172, 0, 172, 0, 0, 0
23491, 1, 1636470969723, 1636470969895, 172, 0, 172, 0, 0, 0
23498, 1, 1636470969839, 1636470970011, 172, 0, 172, 0, 0, 0
23499, 1, 1636470969947, 1636470970119, 172, 0, 172, 0, 0, 0
23500, 1, 1636470969955, 1636470970127, 172, 0, 172, 0, 0, 0
23501, 1, 1636470969971, 1636470970143, 172, 0, 172, 0, 0, 0
23503, 1, 1636470970047, 1636470970219, 172, 0, 172, 0, 0, 0
23504, 1, 1636470970063, 1636470970235, 172, 0, 172, 0, 0, 0
23502, 1, 1636470970071, 1636470970247, 176, 0, 176, 0, 0, 0
23505, 1, 1636470970107, 1636470970279, 172, 0, 172, 0, 0, 0
23506, 1, 1636470970251, 1636470970427, 176, 0, 176, 0, 0, 0
23507, 1, 1636470970283, 1636470970455, 172, 0, 172, 0, 0, 0
23508, 1, 1636470970407, 1636470970579, 172, 0, 172, 0, 0, 0
23509, 1, 1636470970415, 1636470970587, 172, 0, 172, 0, 0, 0
23510, 1, 1636470970451, 1636470970623, 172, 0, 172, 0, 0, 0
23512, 1, 1636470970531, 1636470970703, 172, 0, 172, 0, 0, 0
23513, 1, 1636470970599, 1636470970775, 176, 0, 176, 0, 0, 0
23511, 1, 1636470970607, 1636470970779, 172, 0, 172, 0, 0, 0
23514, 1, 1636470970663, 1636470970835, 172, 0, 172, 0, 0, 0
23515, 1, 1636470970663, 1636470970835, 172, 0, 172, 0, 0, 0
23516, 1, 1636470970831, 1636470971003, 172, 0, 172, 0, 0, 0
23517, 1, 1636470970927, 1636470971099, 172, 0, 172, 0, 0, 0
23519, 1, 1636470970955, 1636470971127, 172, 0, 172, 0, 0, 0
23518, 1, 1636470970955, 1636470971127, 172, 0, 172, 0, 0, 0
23520, 1, 1636470971003, 1636470971175, 172, 0, 172, 0, 0, 0
23521, 1, 1636470971035, 1636470971207, 172, 0, 172, 0, 0, 0
23522, 1, 1636470971051, 1636470971227, 176, 0, 176, 0, 0, 0
23523, 1, 1636470971143, 1636470971315, 172, 0, 172, 0, 0, 0
23524, 1, 1636470971271, 1636470971443, 172, 0, 172, 0, 0, 0
23525, 1, 1636470971287, 1636470971467, 180, 0, 180, 0, 0, 0
23526, 1, 1636470971411, 1636470971583, 172, 0, 172, 0, 0, 0
23527, 1, 1636470971423, 1636470971595, 172, 0, 172, 0, 0, 0
23528, 1, 1636470971423, 1636470971595, 172, 0, 172, 0, 0, 0
23530, 1, 1636470971499, 1636470971671, 172, 0, 172, 0, 0, 0
23531, 1, 1636470971571, 1636470971743, 172, 0, 172, 0, 0, 0
23532, 1, 1636470971635, 1636470971807, 172, 0, 172, 0, 0, 0
23529, 1, 1636470971643, 1636470971815, 172, 0, 172, 0, 0, 0
23533, 1, 1636470971687, 1636470971859, 172, 0, 172, 0, 0, 0
23534, 1, 1636470971843, 1636470972019, 176, 0, 176, 0, 0, 0
23535, 1, 1636470971903, 1636470972075, 172, 0, 172, 0, 0, 0
23536, 1, 1636470971923, 1636470972099, 176, 0, 176, 0, 0, 0
23537, 1, 1636470971931, 1636470972107, 176, 0, 176, 0, 0, 0
23538, 1, 1636470972011, 1636470972183, 172, 0, 172, 0, 0, 0
23539, 1, 1636470972071, 1636470972247, 176, 0, 176, 0, 0, 0
23541, 1, 1636470972143, 1636470972319, 176, 0, 176, 0, 0, 0
23543, 1, 1636470972243, 1636470972415, 172, 0, 172, 0, 0, 0
23542, 1, 1636470972243, 1636470972415, 172, 0, 172, 0, 0, 0
23544, 1, 1636470972243, 1636470972415, 172, 0, 172, 0, 0, 0
23545, 1, 1636470972295, 1636470972467, 172, 0, 172, 0, 0, 0
23540, 1, 1636470972359, 1636470972531, 172, 0, 172, 0, 0, 0
23546, 1, 1636470972399, 1636470972571, 172, 0, 172, 0, 0, 0
23547, 1, 1636470972423, 1636470972595, 172, 0, 172, 0, 0, 0
23549, 1, 1636470972471, 1636470972651, 180, 0, 180, 0, 0, 0
23551, 1, 1636470972571, 1636470972747, 176, 0, 176, 0, 0, 0
23548, 1, 1636470972591, 1636470972767, 176, 0, 176, 0, 0, 0
23550, 1, 1636470972643, 1636470972815, 172, 0, 172, 0, 0, 0
23553, 1, 1636470972675, 1636470972847, 172, 0, 172, 0, 0, 0
23552, 1, 1636470972707, 1636470972879, 172, 0, 172, 0, 0, 0
23555, 1, 1636470972883, 1636470973055, 172, 0, 172, 0, 0, 0
23556, 1, 1636470972927, 1636470973099, 172, 0, 172, 0, 0, 0
23554, 1, 1636470972943, 1636470973115, 172, 0, 172, 0, 0, 0
23557, 1, 1636470972963, 1636470973135, 172, 0, 172, 0, 0, 0
23558, 1, 1636470973035, 1636470973207, 172, 0, 172, 0, 0, 0
23559, 1, 1636470973075, 1636470973247, 172, 0, 172, 0, 0, 0
23560, 1, 1636470973087, 1636470973259, 172, 0, 172, 0, 0, 0
23561, 1, 1636470973135, 1636470973307, 172, 0, 172, 0, 0, 0
23562, 1, 1636470973159, 1636470973331, 172, 0, 172, 0, 0, 0
23563, 1, 1636470973171, 1636470973343, 172, 0, 172, 0, 0, 0
23564, 1, 1636470973239, 1636470973411, 172, 0, 172, 0, 0, 0
23565, 1, 1636470973287, 1636470973459, 172, 0, 172, 0, 0, 0
23566, 1, 1636470973367, 1636470973543, 176, 0, 176, 0, 0, 0
23568, 1, 1636470973439, 1636470973611, 172, 0, 172, 0, 0, 0
23569, 1, 1636470973439, 1636470973611, 172, 0, 172, 0, 0, 0
23567, 1, 1636470973483, 1636470973655, 172, 0, 172, 0, 0, 0
23571, 1, 1636470973575, 1636470973747, 172, 0, 172, 0, 0, 0
23570, 1, 1636470973635, 1636470973811, 176, 0, 176, 0, 0, 0
23572, 1, 1636470973643, 1636470973815, 172, 0, 172, 0, 0, 0
23573, 1, 1636470973667, 1636470973839, 172, 0, 172, 0, 0, 0
23574, 1, 1636470973827, 1636470973999, 172, 0, 172, 0, 0, 0
23575, 1, 1636470973887, 1636470974059, 172, 0, 172, 0, 0, 0
23576, 1, 1636470973931, 1636470974103, 172, 0, 172, 0, 0, 0
23577, 1, 1636470973943, 1636470974115, 172, 0, 172, 0, 0, 0
23578, 1, 1636470974027, 1636470974199, 172, 0, 172, 0, 0, 0
23579, 1, 1636470974091, 1636470974263, 172, 0, 172, 0, 0, 0
23580, 1, 1636470974099, 1636470974271, 172, 0, 172, 0, 0, 0
23582, 1, 1636470974159, 1636470974331, 172, 0, 172, 0, 0, 0
23581, 1, 1636470974159, 1636470974331, 172, 0, 172, 0, 0, 0
23583, 1, 1636470974183, 1636470974355, 172, 0, 172, 0, 0, 0
23585, 1, 1636470974251, 1636470974423, 172, 0, 172, 0, 0, 0
23584, 1, 1636470974251, 1636470974423, 172, 0, 172, 0, 0, 0
23586, 1, 1636470974371, 1636470974551, 180, 0, 180, 0, 0, 0
23588, 1, 1636470974447, 1636470974623, 176, 0, 176, 0, 0, 0
23590, 1, 1636470974471, 1636470974647, 176, 0, 176, 0, 0, 0
23587, 1, 1636470974507, 1636470974679, 172, 0, 172, 0, 0, 0
23589, 1, 1636470974599, 1636470974771, 172, 0, 172, 0, 0, 0
23591, 1, 1636470974615, 1636470974787, 172, 0, 172, 0, 0, 0
23592, 1, 1636470974635, 1636470974807, 172, 0, 172, 0, 0, 0
23593, 1, 1636470974647, 1636470974823, 176, 0, 176, 0, 0, 0
23594, 1, 1636470974855, 1636470975027, 172, 0, 172, 0, 0, 0
23595, 1, 1636470974887, 1636470975059, 172, 0, 172, 0, 0, 0
23597, 1, 1636470974971, 1636470975143, 172, 0, 172, 0, 0, 0
23596, 1, 1636470974983, 1636470975155, 172, 0, 172, 0, 0, 0
23598, 1, 1636470974991, 1636470975163, 172, 0, 172, 0, 0, 0
23599, 1, 1636470975059, 1636470975231, 172, 0, 172, 0, 0, 0
23600, 1, 1636470975107, 1636470975279, 172, 0, 172, 0, 0, 0
23602, 1, 1636470975179, 1636470975351, 172, 0, 172, 0, 0, 0
23603, 1, 1636470975179, 1636470975351, 172, 0, 172, 0, 0, 0
23604, 1, 1636470975275, 1636470975447, 172, 0, 172, 0, 0, 0
23605, 1, 1636470975279, 1636470975451, 172, 0, 172, 0, 0, 0
23601, 1, 1636470975327, 1636470975499, 172, 0, 172, 0, 0, 0
23606, 1, 1636470975375, 1636470975547, 172, 0, 172, 0, 0, 0
23607, 1, 1636470975427, 1636470975599, 172, 0, 172, 0, 0, 0
23609, 1, 1636470975447, 1636470975619, 172, 0, 172, 0, 0, 0
23608, 1, 1636470975527, 1636470975699, 172, 0, 172, 0, 0, 0
23611, 1, 1636470975578, 1636470975755, 177, 1, 176, 0, 0, 0
23612, 1, 1636470975599, 1636470975775, 176, 0, 176, 0, 0, 0
23610, 1, 1636470975623, 1636470975795, 172, 0, 172, 0, 0, 0
23614, 1, 1636470975874, 1636470976051, 177, 1, 176, 0, 0, 0
23615, 1, 1636470975902, 1636470976079, 177, 0, 177, 0, 0, 0
23616, 1, 1636470975910, 1636470976083, 173, 1, 172, 0, 1, 1
23613, 1, 1636470975971, 1636470976143, 172, 0, 172, 0, 0, 0
23617, 1, 1636470975975, 1636470976147, 172, 0, 172, 0, 0, 0
23619, 1, 1636470976035, 1636470976207, 172, 0, 172, 0, 0, 0
23620, 1, 1636470976135, 1636470976307, 172, 0, 172, 0, 0, 0
23621, 1, 1636470976155, 1636470976327, 172, 0, 172, 0, 0, 0
23622, 1, 1636470976227, 1636470976399, 172, 0, 172, 0, 0, 0
23624, 1, 1636470976251, 1636470976423, 172, 0, 172, 0, 0, 0
23623, 1, 1636470976259, 1636470976431, 172, 0, 172, 0, 0, 0
23618, 1, 1636470976315, 1636470976487, 172, 0, 172, 0, 0, 0
23626, 1, 1636470976395, 1636470976567, 172, 0, 172, 0, 0, 0
23627, 1, 1636470976403, 1636470976575, 172, 0, 172, 0, 0, 0
23629, 1, 1636470976471, 1636470976643, 172, 0, 172, 0, 0, 0
23628, 1, 1636470976571, 1636470976747, 176, 0, 176, 0, 0, 0
23631, 1, 1636470976587, 1636470976759, 172, 0, 172, 0, 0, 0
23633, 1, 1636470976683, 1636470976855, 172, 0, 172, 0, 0, 0
23635, 1, 1636470976871, 1636470977043, 172, 0, 172, 0, 0, 0
23634, 1, 1636470976923, 1636470977099, 176, 0, 176, 0, 0, 0
23637, 1, 1636470976975, 1636470977147, 172, 0, 172, 0, 0, 0
23639, 1, 1636470977039, 1636470977215, 176, 0, 176, 0, 0, 0
23641, 1, 1636470977143, 1636470977315, 172, 0, 172, 0, 0, 0
23642, 1, 1636470977191, 1636470977363, 172, 0, 172, 0, 0, 0
23643, 1, 1636470977199, 1636470977371, 172, 0, 172, 0, 0, 0
23644, 1, 1636470977255, 1636470977431, 176, 0, 176, 0, 0, 0
23636, 1, 1636470977279, 1636470977451, 172, 0, 172, 0, 0, 0
23645, 1, 1636470977367, 1636470977539, 172, 0, 172, 0, 0, 0
23646, 1, 1636470977403, 1636470977575, 172, 0, 172, 0, 0, 0
23648, 1, 1636470977511, 1636470977683, 172, 0, 172, 0, 0, 0
23647, 1, 1636470977535, 1636470977715, 180, 0, 180, 0, 0, 0
23649, 1, 1636470977611, 1636470977787, 176, 0, 176, 0, 0, 0
23650, 1, 1636470977683, 1636470977855, 172, 0, 172, 0, 0, 0
23652, 1, 1636470977879, 1636470978051, 172, 0, 172, 0, 0, 0
23651, 1, 1636470977887, 1636470978059, 172, 0, 172, 0, 0, 0
23653, 1, 1636470977939, 1636470978119, 180, 0, 180, 0, 0, 0
23654, 1, 1636470977989, 1636470978163, 174, 0, 174, 0, 0, 0
23655, 1, 1636470978083, 1636470978259, 176, 0, 176, 0, 0, 0
23656, 1, 1636470978135, 1636470978307, 172, 0, 172, 0, 0, 0
23657, 1, 1636470978167, 1636470978339, 172, 0, 172, 0, 0, 0
23658, 1, 1636470978211, 1636470978383, 172, 0, 172, 0, 0, 0
23659, 1, 1636470978255, 1636470978431, 176, 0, 176, 0, 0, 0
23660, 1, 1636470978371, 1636470978543, 172, 0, 172, 0, 0, 0
23662, 1, 1636470978435, 1636470978611, 176, 0, 176, 0, 0, 0
23663, 1, 1636470978491, 1636470978663, 172, 0, 172, 0, 0, 0
23661, 1, 1636470978519, 1636470978691, 172, 0, 172, 0, 0, 0
23664, 1, 1636470978623, 1636470978795, 172, 0, 172, 0, 0, 0
23665, 1, 1636470978703, 1636470978875, 172, 0, 172, 0, 0, 0
23666, 1, 1636470978867, 1636470979039, 172, 0, 172, 0, 0, 0
23667, 1, 1636470978887, 1636470979059, 172, 0, 172, 0, 0, 0
23671, 1, 1636470978919, 1636470979091, 172, 0, 172, 0, 0, 0
23669, 1, 1636470978931, 1636470979103, 172, 0, 172, 0, 0, 0
23670, 1, 1636470978955, 1636470979127, 172, 0, 172, 0, 0, 0
23672, 1, 1636470978991, 1636470979163, 172, 0, 172, 0, 0, 0
23640, 1, 1636470979083, 1636470979255, 172, 0, 172, 0, 0, 0
23674, 1, 1636470979147, 1636470979319, 172, 0, 172, 0, 0, 0
23675, 1, 1636470979155, 1636470979327, 172, 0, 172, 0, 0, 0
23676, 1, 1636470979239, 1636470979415, 176, 0, 176, 0, 0, 0
23673, 1, 1636470979263, 1636470979439, 176, 0, 176, 0, 0, 0
23668, 1, 1636470979279, 1636470979451, 172, 0, 172, 0, 0, 0
23677, 1, 1636470979295, 1636470979467, 172, 0, 172, 0, 0, 0
23679, 1, 1636470979375, 1636470979547, 172, 0, 172, 0, 0, 0
23680, 1, 1636470979495, 1636470979667, 172, 0, 172, 0, 0, 0
23681, 1, 1636470979611, 1636470979783, 172, 0, 172, 0, 0, 0
23683, 1, 1636470979619, 1636470979791, 172, 0, 172, 0, 0, 0
23685, 1, 1636470979727, 1636470979899, 172, 0, 172, 0, 0, 0
23684, 1, 1636470979743, 1636470979919, 176, 0, 176, 0, 0, 0
23686, 1, 1636470979843, 1636470980015, 172, 0, 172, 0, 0, 0
23687, 1, 1636470979867, 1636470980039, 172, 0, 172, 0, 0, 0
23689, 1, 1636470979891, 1636470980067, 176, 0, 176, 0, 0, 0
23690, 1, 1636470979895, 1636470980071, 176, 0, 176, 0, 0, 0
23692, 1, 1636470979995, 1636470980167, 172, 0, 172, 0, 0, 0
23693, 1, 1636470980063, 1636470980235, 172, 0, 172, 0, 0, 0
23694, 1, 1636470980111, 1636470980283, 172, 0, 172, 0, 0, 0
23695, 1, 1636470980167, 1636470980343, 176, 0, 176, 0, 0, 0
23691, 1, 1636470980191, 1636470980363, 172, 0, 172, 0, 0, 0
23696, 1, 1636470980227, 1636470980399, 172, 0, 172, 0, 0, 0
23697, 1, 1636470980275, 1636470980451, 176, 0, 176, 0, 0, 0
23698, 1, 1636470980379, 1636470980555, 176, 0, 176, 0, 0, 0
23700, 1, 1636470980447, 1636470980619, 172, 0, 172, 0, 0, 0
23699, 1, 1636470980455, 1636470980627, 172, 0, 172, 0, 0, 0
23701, 1, 1636470980635, 1636470980815, 180, 0, 180, 0, 0, 0
23703, 1, 1636470980799, 1636470980971, 172, 0, 172, 0, 0, 0
23704, 1, 1636470980815, 1636470980987, 172, 0, 172, 0, 0, 0
23705, 1, 1636470980843, 1636470981019, 176, 0, 176, 0, 0, 0
23706, 1, 1636470980883, 1636470981055, 172, 0, 172, 0, 0, 0
23707, 1, 1636470980891, 1636470981063, 172, 0, 172, 0, 0, 0
23708, 1, 1636470980903, 1636470981075, 172, 0, 172, 0, 0, 0
23709, 1, 1636470981011, 1636470981187, 176, 0, 176, 0, 0, 0
23710, 1, 1636470981079, 1636470981251, 172, 0, 172, 0, 0, 0
23711, 1, 1636470981139, 1636470981311, 172, 0, 172, 0, 0, 0
23712, 1, 1636470981175, 1636470981347, 172, 0, 172, 0, 0, 0
23713, 1, 1636470981199, 1636470981371, 172, 0, 172, 0, 0, 0
23714, 1, 1636470981307, 1636470981479, 172, 0, 172, 0, 0, 0
23715, 1, 1636470981375, 1636470981551, 176, 0, 176, 0, 0, 0
23717, 1, 1636470981467, 1636470981639, 172, 0, 172, 0, 0, 0
23716, 1, 1636470981483, 1636470981659, 176, 0, 176, 0, 0, 0
23718, 1, 1636470981631, 1636470981803, 172, 0, 172, 0, 0, 0
23719, 1, 1636470981731, 1636470981907, 176, 0, 176, 0, 0, 0
23720, 1, 1636470981835, 1636470982007, 172, 0, 172, 0, 0, 0
23723, 1, 1636470981871, 1636470982043, 172, 0, 172, 0, 0, 0
23724, 1, 1636470981871, 1636470982047, 176, 0, 176, 0, 0, 0
23725, 1, 1636470981911, 1636470982083, 172, 0, 172, 0, 0, 0
23726, 1, 1636470981939, 1636470982111, 172, 0, 172, 0, 0, 0
23702, 1, 1636470981963, 1636470982135, 172, 0, 172, 0, 0, 0
23727, 1, 1636470982015, 1636470982187, 172, 0, 172, 0, 0, 0
23728, 1, 1636470982071, 1636470982243, 172, 0, 172, 0, 0, 0
23730, 1, 1636470982163, 1636470982335, 172, 0, 172, 0, 0, 0
23733, 1, 1636470982319, 1636470982491, 172, 0, 172, 0, 0, 0
23729, 1, 1636470982363, 1636470982535, 172, 0, 172, 0, 0, 0
23735, 1, 1636470982399, 1636470982571, 172, 0, 172, 0, 0, 0
23736, 1, 1636470982455, 1636470982627, 172, 0, 172, 0, 0, 0
23731, 1, 1636470982511, 1636470982683, 172, 0, 172, 0, 0, 0
23734, 1, 1636470982711, 1636470982883, 172, 0, 172, 0, 0, 0
23739, 1, 1636470982747, 1636470982919, 172, 0, 172, 0, 0, 0
23741, 1, 1636470982831, 1636470983003, 172, 0, 172, 0, 0, 0
23742, 1, 1636470982851, 1636470983023, 172, 0, 172, 0, 0, 0
23744, 1, 1636470982923, 1636470983095, 172, 0, 172, 0, 0, 0
23746, 1, 1636470983035, 1636470983211, 176, 0, 176, 0, 0, 0
23747, 1, 1636470983099, 1636470983271, 172, 0, 172, 0, 0, 0
23748, 1, 1636470983167, 1636470983339, 172, 0, 172, 0, 0, 0
23749, 1, 1636470983195, 1636470983367, 172, 0, 172, 0, 0, 0
23750, 1, 1636470983339, 1636470983511, 172, 0, 172, 0, 0, 0
23753, 1, 1636470983431, 1636470983603, 172, 0, 172, 0, 0, 0
23751, 1, 1636470983443, 1636470983615, 172, 0, 172, 0, 0, 0
23754, 1, 1636470983759, 1636470983931, 172, 0, 172, 0, 0, 0
23755, 1, 1636470983803, 1636470983975, 172, 0, 172, 0, 0, 0
23756, 1, 1636470983863, 1636470984035, 172, 0, 172, 0, 0, 0
23757, 1, 1636470983951, 1636470984123, 172, 0, 172, 0, 0, 0
23758, 1, 1636470984039, 1636470984211, 172, 0, 172, 0, 0, 0
23759, 1, 1636470984119, 1636470984291, 172, 0, 172, 0, 0, 0
23760, 1, 1636470984159, 1636470984335, 176, 0, 176, 0, 0, 0
23761, 1, 1636470984179, 1636470984355, 176, 0, 176, 0, 0, 0
23763, 1, 1636470984243, 1636470984415, 172, 0, 172, 0, 0, 0
23764, 1, 1636470984351, 1636470984523, 172, 0, 172, 0, 0, 0
23766, 1, 1636470984427, 1636470984599, 172, 0, 172, 0, 0, 0
23765, 1, 1636470984467, 1636470984639, 172, 0, 172, 0, 0, 0
23762, 1, 1636470984591, 1636470984763, 172, 0, 172, 0, 0, 0
23745, 1, 1636470984707, 1636470984883, 176, 0, 176, 0, 0, 0
23768, 1, 1636470984783, 1636470984955, 172, 0, 172, 0, 0, 0
23769, 1, 1636470984803, 1636470984979, 176, 0, 176, 0, 0, 0
23770, 1, 1636470984871, 1636470985043, 172, 0, 172, 0, 0, 0
23773, 1, 1636470984927, 1636470985099, 172, 0, 172, 0, 0, 0
23767, 1, 1636470984939, 1636470985119, 180, 0, 180, 0, 0, 0
23774, 1, 1636470985055, 1636470985227, 172, 0, 172, 0, 0, 0
23752, 1, 1636470985063, 1636470985239, 176, 0, 176, 0, 0, 0
23775, 1, 1636470985103, 1636470985275, 172, 0, 172, 0, 0, 0
23776, 1, 1636470985139, 1636470985311, 172, 0, 172, 0, 0, 0
23777, 1, 1636470985155, 1636470985327, 172, 0, 172, 0, 0, 0
23778, 1, 1636470985191, 1636470985363, 172, 0, 172, 0, 0, 0
23780, 1, 1636470985331, 1636470985503, 172, 0, 172, 0, 0, 0
23783, 1, 1636470985335, 1636470985507, 172, 0, 172, 0, 0, 0
23781, 1, 1636470985399, 1636470985571, 172, 0, 172, 0, 0, 0
23784, 1, 1636470985451, 1636470985623, 172, 0, 172, 0, 0, 0
23785, 1, 1636470985751, 1636470985923, 172, 0, 172, 0, 0, 0
23788, 1, 1636470985787, 1636470985959, 172, 0, 172, 0, 0, 0
23789, 1, 1636470985803, 1636470985982, 179, 0, 179, 0, 0, 0
23790, 1, 1636470985855, 1636470986027, 172, 0, 172, 0, 0, 0
23791, 1, 1636470985927, 1636470986099, 172, 0, 172, 0, 0, 0
23793, 1, 1636470986103, 1636470986275, 172, 0, 172, 0, 0, 0
23787, 1, 1636470986103, 1636470986279, 176, 0, 176, 0, 0, 0
23794, 1, 1636470986143, 1636470986319, 176, 0, 176, 0, 0, 0
23795, 1, 1636470986183, 1636470986359, 176, 0, 176, 0, 0, 0
23796, 1, 1636470986203, 1636470986379, 176, 0, 176, 0, 0, 0
23797, 1, 1636470986243, 1636470986415, 172, 0, 172, 0, 0, 0
23799, 1, 1636470986362, 1636470986535, 173, 0, 173, 0, 0, 0
23800, 1, 1636470986451, 1636470986627, 176, 0, 176, 0, 0, 0
23802, 1, 1636470986755, 1636470986927, 172, 0, 172, 0, 0, 0
23803, 1, 1636470986783, 1636470986955, 172, 0, 172, 0, 0, 0
23804, 1, 1636470986783, 1636470986955, 172, 0, 172, 0, 0, 0
23805, 1, 1636470986891, 1636470987063, 172, 0, 172, 0, 0, 0
23806, 1, 1636470986927, 1636470987099, 172, 0, 172, 0, 0, 0
23807, 1, 1636470987103, 1636470987275, 172, 0, 172, 0, 0, 0
23808, 1, 1636470987119, 1636470987291, 172, 0, 172, 0, 0, 0
23809, 1, 1636470987191, 1636470987363, 172, 0, 172, 0, 0, 0
23810, 1, 1636470987191, 1636470987363, 172, 0, 172, 0, 0, 0
23811, 1, 1636470987259, 1636470987431, 172, 0, 172, 0, 0, 0
23812, 1, 1636470987383, 1636470987555, 172, 0, 172, 0, 0, 0
23813, 1, 1636470987467, 1636470987639, 172, 0, 172, 0, 0, 0
23816, 1, 1636470987603, 1636470987779, 176, 0, 176, 0, 0, 0
23819, 1, 1636470987783, 1636470987955, 172, 0, 172, 0, 0, 0
23820, 1, 1636470987799, 1636470987971, 172, 0, 172, 0, 0, 0
23821, 1, 1636470987887, 1636470988059, 172, 0, 172, 0, 0, 0
23823, 1, 1636470987939, 1636470988111, 172, 0, 172, 0, 0, 0
23822, 1, 1636470987951, 1636470988123, 172, 0, 172, 0, 0, 0
23824, 1, 1636470988083, 1636470988255, 172, 0, 172, 0, 0, 0
23825, 1, 1636470988091, 1636470988267, 176, 0, 176, 0, 0, 0
23826, 1, 1636470988203, 1636470988375, 172, 0, 172, 0, 0, 0
23827, 1, 1636470988219, 1636470988391, 172, 0, 172, 0, 0, 0
23828, 1, 1636470988271, 1636470988443, 172, 0, 172, 0, 0, 0
23829, 1, 1636470988387, 1636470988559, 172, 0, 172, 0, 0, 0
23831, 1, 1636470988443, 1636470988615, 172, 0, 172, 0, 0, 0
23832, 1, 1636470988535, 1636470988707, 172, 0, 172, 0, 0, 0
23834, 1, 1636470988791, 1636470988963, 172, 0, 172, 0, 0, 0
23836, 1, 1636470988807, 1636470988979, 172, 0, 172, 0, 0, 0
23837, 1, 1636470988859, 1636470989031, 172, 0, 172, 0, 0, 0
23838, 1, 1636470988879, 1636470989051, 172, 0, 172, 0, 0, 0
23839, 1, 1636470988907, 1636470989079, 172, 0, 172, 0, 0, 0
23840, 1, 1636470989091, 1636470989263, 172, 0, 172, 0, 0, 0
23841, 1, 1636470989127, 1636470989299, 172, 0, 172, 0, 0, 0
23842, 1, 1636470989199, 1636470989371, 172, 0, 172, 0, 0, 0
23844, 1, 1636470989275, 1636470989451, 176, 0, 176, 0, 0, 0
23845, 1, 1636470989375, 1636470989547, 172, 0, 172, 0, 0, 0
23846, 1, 1636470989475, 1636470989651, 176, 0, 176, 0, 0, 0
23847, 1, 1636470989523, 1636470989695, 172, 0, 172, 0, 0, 0
23848, 1, 1636470989723, 1636470989895, 172, 0, 172, 0, 0, 0
23849, 1, 1636470989815, 1636470989991, 176, 0, 176, 0, 0, 0
23850, 1, 1636470989867, 1636470990039, 172, 0, 172, 0, 0, 0
23852, 1, 1636470989879, 1636470990051, 172, 0, 172, 0, 0, 0
23854, 1, 1636470989891, 1636470990063, 172, 0, 172, 0, 0, 0
23857, 1, 1636470990075, 1636470990247, 172, 0, 172, 0, 0, 0
23858, 1, 1636470990139, 1636470990311, 172, 0, 172, 0, 0, 0
23859, 1, 1636470990211, 1636470990383, 172, 0, 172, 0, 0, 0
23860, 1, 1636470990279, 1636470990451, 172, 0, 172, 0, 0, 0
23861, 1, 1636470990347, 1636470990523, 176, 0, 176, 0, 0, 0
23862, 1, 1636470990487, 1636470990659, 172, 0, 172, 0, 0, 0
23863, 1, 1636470990563, 1636470990735, 172, 0, 172, 0, 0, 0
23864, 1, 1636470990715, 1636470990891, 176, 0, 176, 0, 0, 0
23866, 1, 1636470990815, 1636470990987, 172, 0, 172, 0, 0, 0
23867, 1, 1636470990851, 1636470991023, 172, 0, 172, 0, 0, 0
23843, 1, 1636470990883, 1636470991059, 176, 0, 176, 0, 0, 0
23868, 1, 1636470990911, 1636470991083, 172, 0, 172, 0, 0, 0
23870, 1, 1636470990923, 1636470991095, 172, 0, 172, 0, 0, 0
23871, 1, 1636470991071, 1636470991243, 172, 0, 172, 0, 0, 0
23873, 1, 1636470991139, 1636470991315, 176, 0, 176, 0, 0, 0
23874, 1, 1636470991223, 1636470991395, 172, 0, 172, 0, 0, 0
23875, 1, 1636470991247, 1636470991419, 172, 0, 172, 0, 0, 0
23876, 1, 1636470991335, 1636470991507, 172, 0, 172, 0, 0, 0
23877, 1, 1636470991491, 1636470991667, 176, 0, 176, 0, 0, 0
23879, 1, 1636470991539, 1636470991711, 172, 0, 172, 0, 0, 0
23880, 1, 1636470991751, 1636470991923, 172, 0, 172, 0, 0, 0
23881, 1, 1636470991787, 1636470991963, 176, 0, 176, 0, 0, 0
23882, 1, 1636470991879, 1636470992051, 172, 0, 172, 0, 0, 0
23883, 1, 1636470991887, 1636470992059, 172, 0, 172, 0, 0, 0
23884, 1, 1636470991919, 1636470992091, 172, 0, 172, 0, 0, 0
23885, 1, 1636470992039, 1636470992211, 172, 0, 172, 0, 0, 0
23886, 1, 1636470992167, 1636470992338, 171, 0, 171, 0, 0, 0
23887, 1, 1636470992227, 1636470992399, 172, 0, 172, 0, 0, 0
23890, 1, 1636470992247, 1636470992419, 172, 0, 172, 0, 0, 0
23889, 1, 1636470992275, 1636470992447, 172, 0, 172, 0, 0, 0
23891, 1, 1636470992335, 1636470992507, 172, 0, 172, 0, 0, 0
23894, 1, 1636470992511, 1636470992683, 172, 0, 172, 0, 0, 0
23895, 1, 1636470992515, 1636470992687, 172, 0, 172, 0, 0, 0
23896, 1, 1636470992747, 1636470992919, 172, 0, 172, 0, 0, 0
23897, 1, 1636470992779, 1636470992959, 180, 0, 180, 0, 0, 0
23898, 1, 1636470992863, 1636470993035, 172, 0, 172, 0, 0, 0
23899, 1, 1636470992915, 1636470993087, 172, 0, 172, 0, 0, 0
23900, 1, 1636470992951, 1636470993123, 172, 0, 172, 0, 0, 0
23901, 1, 1636470993039, 1636470993211, 172, 0, 172, 0, 0, 0
23903, 1, 1636470993139, 1636470993315, 176, 0, 176, 0, 0, 0
23904, 1, 1636470993211, 1636470993383, 172, 0, 172, 0, 0, 0
23905, 1, 1636470993223, 1636470993395, 172, 0, 172, 0, 0, 0
23878, 1, 1636470993231, 1636470993403, 172, 0, 172, 0, 0, 0
23907, 1, 1636470993263, 1636470993435, 172, 0, 172, 0, 0, 0
23908, 1, 1636470993343, 1636470993515, 172, 0, 172, 0, 0, 0
23910, 1, 1636470993495, 1636470993675, 180, 0, 180, 0, 0, 0
23911, 1, 1636470993691, 1636470993863, 172, 0, 172, 0, 0, 0
23912, 1, 1636470993739, 1636470993911, 172, 0, 172, 0, 0, 0
23913, 1, 1636470993759, 1636470993931, 172, 0, 172, 0, 0, 0
23916, 1, 1636470993907, 1636470994079, 172, 0, 172, 0, 0, 0
23917, 1, 1636470993967, 1636470994139, 172, 0, 172, 0, 0, 0
23914, 1, 1636470994043, 1636470994215, 172, 0, 172, 0, 0, 0
23918, 1, 1636470994047, 1636470994219, 172, 0, 172, 0, 0, 0
23921, 1, 1636470994239, 1636470994411, 172, 0, 172, 0, 0, 0
23920, 1, 1636470994239, 1636470994411, 172, 0, 172, 0, 0, 0
23919, 1, 1636470994255, 1636470994427, 172, 0, 172, 0, 0, 0
23923, 1, 1636470994311, 1636470994483, 172, 0, 172, 0, 0, 0
23922, 1, 1636470994391, 1636470994563, 172, 0, 172, 0, 0, 0
23925, 1, 1636470994499, 1636470994671, 172, 0, 172, 0, 0, 0
23924, 1, 1636470994607, 1636470994779, 172, 0, 172, 0, 0, 0
23926, 1, 1636470994715, 1636470994891, 176, 0, 176, 0, 0, 0
23927, 1, 1636470994763, 1636470994939, 176, 0, 176, 0, 0, 0
23928, 1, 1636470994847, 1636470995019, 172, 0, 172, 0, 0, 0
23929, 1, 1636470994887, 1636470995059, 172, 0, 172, 0, 0, 0
23932, 1, 1636470994939, 1636470995111, 172, 0, 172, 0, 0, 0
23933, 1, 1636470994939, 1636470995111, 172, 0, 172, 0, 0, 0
23934, 1, 1636470995071, 1636470995247, 176, 0, 176, 0, 0, 0
23930, 1, 1636470995231, 1636470995403, 172, 0, 172, 0, 0, 0
23936, 1, 1636470995235, 1636470995411, 176, 0, 176, 0, 0, 0
23937, 1, 1636470995258, 1636470995431, 173, 1, 172, 0, 0, 0
23938, 1, 1636470995275, 1636470995451, 176, 0, 176, 0, 0, 0
23939, 1, 1636470995279, 1636470995451, 172, 0, 172, 0, 0, 0
23941, 1, 1636470995475, 1636470995651, 176, 0, 176, 0, 0, 0
23915, 1, 1636470995583, 1636470995759, 176, 0, 176, 0, 0, 0
23944, 1, 1636470995707, 1636470995879, 172, 0, 172, 0, 0, 0
23945, 1, 1636470995735, 1636470995907, 172, 0, 172, 0, 0, 0
23948, 1, 1636470995823, 1636470995995, 172, 0, 172, 0, 0, 0
23947, 1, 1636470995823, 1636470995995, 172, 0, 172, 0, 0, 0
23949, 1, 1636470995891, 1636470996063, 172, 0, 172, 0, 0, 0
23950, 1, 1636470995951, 1636470996123, 172, 0, 172, 0, 0, 0
23951, 1, 1636470995971, 1636470996143, 172, 0, 172, 0, 0, 0
23952, 1, 1636470996051, 1636470996227, 176, 0, 176, 0, 0, 0
23956, 1, 1636470996263, 1636470996435, 172, 0, 172, 0, 0, 0
23955, 1, 1636470996263, 1636470996435, 172, 0, 172, 0, 0, 0
23957, 1, 1636470996291, 1636470996463, 172, 0, 172, 0, 0, 0
23954, 1, 1636470996315, 1636470996487, 172, 0, 172, 0, 0, 0
23958, 1, 1636470996443, 1636470996619, 176, 0, 176, 0, 0, 0
23959, 1, 1636470996715, 1636470996887, 172, 0, 172, 0, 0, 0
23960, 1, 1636470996735, 1636470996907, 172, 0, 172, 0, 0, 0
23962, 1, 1636470996787, 1636470996959, 172, 0, 172, 0, 0, 0
23961, 1, 1636470996791, 1636470996963, 172, 0, 172, 0, 0, 0
23963, 1, 1636470996847, 1636470997019, 172, 0, 172, 0, 0, 0
23964, 1, 1636470996931, 1636470997103, 172, 0, 172, 0, 0, 0
23965, 1, 1636470996991, 1636470997163, 172, 0, 172, 0, 0, 0
23967, 1, 1636470997215, 1636470997387, 172, 0, 172, 0, 0, 0
23968, 1, 1636470997271, 1636470997443, 172, 0, 172, 0, 0, 0
23969, 1, 1636470997275, 1636470997451, 176, 0, 176, 0, 0, 0
23970, 1, 1636470997279, 1636470997451, 172, 0, 172, 0, 0, 0
23966, 1, 1636470997339, 1636470997515, 176, 0, 176, 0, 0, 0
23971, 1, 1636470997467, 1636470997639, 172, 0, 172, 0, 0, 0
23972, 1, 1636470997723, 1636470997895, 172, 0, 172, 0, 0, 0
23973, 1, 1636470997767, 1636470997943, 176, 0, 176, 0, 0, 0
23974, 1, 1636470997775, 1636470997951, 176, 0, 176, 0, 0, 0
23975, 1, 1636470997819, 1636470997991, 172, 0, 172, 0, 0, 0
23976, 1, 1636470997851, 1636470998023, 172, 0, 172, 0, 0, 0
23977, 1, 1636470997855, 1636470998027, 172, 0, 172, 0, 0, 0
23980, 1, 1636470997871, 1636470998043, 172, 0, 172, 0, 0, 0
23981, 1, 1636470997903, 1636470998075, 172, 0, 172, 0, 0, 0
23953, 1, 1636470997935, 1636470998107, 172, 0, 172, 0, 0, 0
23983, 1, 1636470997959, 1636470998135, 176, 0, 176, 0, 0, 0
23984, 1, 1636470998059, 1636470998235, 176, 0, 176, 0, 0, 0
23978, 1, 1636470998199, 1636470998371, 172, 0, 172, 0, 0, 0
23987, 1, 1636470998271, 1636470998443, 172, 0, 172, 0, 0, 0
23988, 1, 1636470998271, 1636470998443, 172, 0, 172, 0, 0, 0
23989, 1, 1636470998287, 1636470998459, 172, 0, 172, 0, 0, 0
23990, 1, 1636470998471, 1636470998651, 180, 0, 180, 0, 0, 0
23986, 1, 1636470998547, 1636470998719, 172, 0, 172, 0, 0, 0
23994, 1, 1636470998747, 1636470998919, 172, 0, 172, 0, 0, 0
23995, 1, 1636470998751, 1636470998927, 176, 0, 176, 0, 0, 0
23997, 1, 1636470998759, 1636470998939, 180, 0, 180, 0, 0, 0
23996, 1, 1636470998823, 1636470998995, 172, 0, 172, 0, 0, 0
23999, 1, 1636470998847, 1636470999027, 180, 0, 180, 0, 0, 0
23998, 1, 1636470998863, 1636470999035, 172, 0, 172, 0, 0, 0
23992, 1, 1636470998891, 1636470999063, 172, 0, 172, 0, 0, 0
24000, 1, 1636470998903, 1636470999075, 172, 0, 172, 0, 0, 0
24001, 1, 1636470998979, 1636470999151, 172, 0, 172, 0, 0, 0
24002, 1, 1636470999083, 1636470999255, 172, 0, 172, 0, 0, 0
24003, 1, 1636470999235, 1636470999407, 172, 0, 172, 0, 0, 0
24004, 1, 1636470999239, 1636470999415, 176, 0, 176, 0, 0, 0
24005, 1, 1636470999247, 1636470999419, 172, 0, 172, 0, 0, 0
24006, 1, 1636470999315, 1636470999491, 176, 0, 176, 0, 0, 0
24007, 1, 1636470999511, 1636470999683, 172, 0, 172, 0, 0, 0
24008, 1, 1636470999691, 1636470999863, 172, 0, 172, 0, 0, 0
24009, 1, 1636470999719, 1636470999891, 172, 0, 172, 0, 0, 0
24011, 1, 1636470999751, 1636470999923, 172, 0, 172, 0, 0, 0
24013, 1, 1636470999807, 1636470999983, 176, 0, 176, 0, 0, 0
24014, 1, 1636470999831, 1636471000007, 176, 0, 176, 0, 0, 0
24012, 1, 1636470999859, 1636471000031, 172, 0, 172, 0, 0, 0
24015, 1, 1636470999895, 1636471000071, 176, 0, 176, 0, 0, 0
24016, 1, 1636470999955, 1636471000127, 172, 0, 172, 0, 0, 0
24017, 1, 1636471000079, 1636471000251, 172, 0, 172, 0, 0, 0
24018, 1, 1636471000195, 1636471000371, 176, 0, 176, 0, 0, 0
24019, 1, 1636471000219, 1636471000395, 176, 0, 176, 0, 0, 0
24021, 1, 1636471000351, 1636471000527, 176, 0, 176, 0, 0, 0
24022, 1, 1636471000467, 1636471000643, 176, 0, 176, 0, 0, 0
24025, 1, 1636471000523, 1636471000695, 172, 0, 172, 0, 0, 0
24020, 1, 1636471000547, 1636471000719, 172, 0, 172, 0, 0, 0
24027, 1, 1636471000727, 1636471000903, 176, 0, 176, 0, 0, 0
24030, 1, 1636471000791, 1636471000963, 172, 0, 172, 0, 0, 0
24031, 1, 1636471000819, 1636471000995, 176, 0, 176, 0, 0, 0
24010, 1, 1636471000827, 1636471000999, 172, 0, 172, 0, 0, 0
24029, 1, 1636471000871, 1636471001047, 176, 0, 176, 0, 0, 0
24028, 1, 1636471000895, 1636471001067, 172, 0, 172, 0, 0, 0
24033, 1, 1636471000927, 1636471001099, 172, 0, 172, 0, 0, 0
24034, 1, 1636471000983, 1636471001155, 172, 0, 172, 0, 0, 0
24036, 1, 1636471001107, 1636471001279, 172, 0, 172, 0, 0, 0
24035, 1, 1636471001175, 1636471001347, 172, 0, 172, 0, 0, 0
24037, 1, 1636471001199, 1636471001375, 176, 0, 176, 0, 0, 0
24026, 1, 1636471001247, 1636471001423, 176, 0, 176, 0, 0, 0
24039, 1, 1636471001275, 1636471001451, 176, 0, 176, 0, 0, 0
24040, 1, 1636471001335, 1636471001511, 176, 0, 176, 0, 0, 0
24042, 1, 1636471001487, 1636471001663, 176, 0, 176, 0, 0, 0
24043, 1, 1636471001495, 1636471001671, 176, 0, 176, 0, 0, 0
24041, 1, 1636471001527, 1636471001699, 172, 0, 172, 0, 0, 0
24038, 1, 1636471001595, 1636471001767, 172, 0, 172, 0, 0, 0
24044, 1, 1636471001699, 1636471001875, 176, 0, 176, 0, 0, 0
24045, 1, 1636471001751, 1636471001927, 176, 0, 176, 0, 0, 0
24047, 1, 1636471001795, 1636471001971, 176, 0, 176, 0, 0, 0
24048, 1, 1636471001827, 1636471001999, 172, 0, 172, 0, 0, 0
24046, 1, 1636471001851, 1636471002023, 172, 0, 172, 0, 0, 0
24049, 1, 1636471001903, 1636471002075, 172, 0, 172, 0, 0, 0
24050, 1, 1636471001907, 1636471002079, 172, 0, 172, 0, 0, 0
24051, 1, 1636471002019, 1636471002191, 172, 0, 172, 0, 0, 0
24052, 1, 1636471002027, 1636471002199, 172, 0, 172, 0, 0, 0
24053, 1, 1636471002123, 1636471002295, 172, 0, 172, 0, 0, 0
24054, 1, 1636471002207, 1636471002379, 172, 0, 172, 0, 0, 0
24055, 1, 1636471002259, 1636471002431, 172, 0, 172, 0, 0, 0
24056, 1, 1636471002267, 1636471002439, 172, 0, 172, 0, 0, 0
24057, 1, 1636471002351, 1636471002523, 172, 0, 172, 0, 0, 0
24058, 1, 1636471002419, 1636471002591, 172, 0, 172, 0, 0, 0
24059, 1, 1636471002447, 1636471002619, 172, 0, 172, 0, 0, 0
24060, 1, 1636471002531, 1636471002707, 176, 0, 176, 0, 0, 0
24061, 1, 1636471002691, 1636471002863, 172, 0, 172, 0, 0, 0
24063, 1, 1636471002771, 1636471002943, 172, 0, 172, 0, 0, 0
24064, 1, 1636471002815, 1636471002987, 172, 0, 172, 0, 0, 0
24065, 1, 1636471002819, 1636471002991, 172, 0, 172, 0, 0, 0
24032, 1, 1636471002823, 1636471002995, 172, 0, 172, 0, 0, 0
24066, 1, 1636471002835, 1636471003007, 172, 0, 172, 0, 0, 0
24062, 1, 1636471002879, 1636471003055, 176, 0, 176, 0, 0, 0
24067, 1, 1636471002939, 1636471003111, 172, 0, 172, 0, 0, 0
24068, 1, 1636471002991, 1636471003163, 172, 0, 172, 0, 0, 0
24069, 1, 1636471002999, 1636471003171, 172, 0, 172, 0, 0, 0
24070, 1, 1636471003079, 1636471003251, 172, 0, 172, 0, 0, 0
24072, 1, 1636471003091, 1636471003263, 172, 0, 172, 0, 0, 0
24073, 1, 1636471003183, 1636471003355, 172, 0, 172, 0, 0, 0
24074, 1, 1636471003223, 1636471003395, 172, 0, 172, 0, 0, 0
24075, 1, 1636471003251, 1636471003423, 172, 0, 172, 0, 0, 0
24076, 1, 1636471003363, 1636471003535, 172, 0, 172, 0, 0, 0
24077, 1, 1636471003411, 1636471003583, 172, 0, 172, 0, 0, 0
24078, 1, 1636471003419, 1636471003591, 172, 0, 172, 0, 0, 0
24071, 1, 1636471003427, 1636471003599, 172, 0, 172, 0, 0, 0
24080, 1, 1636471003539, 1636471003711, 172, 0, 172, 0, 0, 0
24081, 1, 1636471003699, 1636471003875, 176, 0, 176, 0, 0, 0
24082, 1, 1636471003754, 1636471003935, 181, 0, 181, 0, 0, 0
24079, 1, 1636471003775, 1636471003947, 172, 0, 172, 0, 0, 0
24084, 1, 1636471003795, 1636471003971, 176, 0, 176, 0, 0, 0
24085, 1, 1636471003831, 1636471004007, 176, 0, 176, 0, 0, 0
24086, 1, 1636471003863, 1636471004039, 176, 0, 176, 0, 0, 0
24083, 1, 1636471003887, 1636471004063, 176, 0, 176, 0, 0, 0
24087, 1, 1636471003975, 1636471004151, 176, 0, 176, 0, 0, 0
24088, 1, 1636471003995, 1636471004167, 172, 0, 172, 0, 0, 0
24089, 1, 1636471004003, 1636471004183, 180, 0, 180, 0, 0, 0
24090, 1, 1636471004023, 1636471004195, 172, 0, 172, 0, 0, 0
24092, 1, 1636471004079, 1636471004251, 172, 0, 172, 0, 0, 0
24091, 1, 1636471004095, 1636471004267, 172, 0, 172, 0, 0, 0
24093, 1, 1636471004147, 1636471004319, 172, 0, 172, 0, 0, 0
24094, 1, 1636471004239, 1636471004411, 172, 0, 172, 0, 0, 0
24095, 1, 1636471004271, 1636471004443, 172, 0, 172, 0, 0, 0
24096, 1, 1636471004379, 1636471004551, 172, 0, 172, 0, 0, 0
24097, 1, 1636471004403, 1636471004575, 172, 0, 172, 0, 0, 0
24098, 1, 1636471004419, 1636471004595, 176, 0, 176, 0, 0, 0
24099, 1, 1636471004435, 1636471004615, 180, 0, 180, 0, 0, 0
24100, 1, 1636471004543, 1636471004719, 176, 0, 176, 0, 0, 0
24101, 1, 1636471004699, 1636471004875, 176, 0, 176, 0, 0, 0
24103, 1, 1636471004763, 1636471004935, 172, 0, 172, 0, 0, 0
24104, 1, 1636471004827, 1636471004999, 172, 0, 172, 0, 0, 0
24105, 1, 1636471004839, 1636471005015, 176, 0, 176, 0, 0, 0
24102, 1, 1636471004891, 1636471005063, 172, 0, 172, 0, 0, 0
24106, 1, 1636471004891, 1636471005063, 172, 0, 172, 0, 0, 0
24107, 1, 1636471004947, 1636471005119, 172, 0, 172, 0, 0, 0
24108, 1, 1636471004971, 1636471005143, 172, 0, 172, 0, 0, 0
24109, 1, 1636471005035, 1636471005207, 172, 0, 172, 0, 0, 0
24110, 1, 1636471005039, 1636471005211, 172, 0, 172, 0, 0, 0
24111, 1, 1636471005043, 1636471005215, 172, 0, 172, 0, 0, 0
24112, 1, 1636471005059, 1636471005231, 172, 0, 172, 0, 0, 0
24113, 1, 1636471005143, 1636471005315, 172, 0, 172, 0, 0, 0
24114, 1, 1636471005231, 1636471005403, 172, 0, 172, 0, 0, 0
24115, 1, 1636471005247, 1636471005419, 172, 0, 172, 0, 0, 0
24116, 1, 1636471005371, 1636471005543, 172, 0, 172, 0, 0, 0
24117, 1, 1636471005419, 1636471005591, 172, 0, 172, 0, 0, 0
24118, 1, 1636471005431, 1636471005603, 172, 0, 172, 0, 0, 0
24119, 1, 1636471005435, 1636471005607, 172, 0, 172, 0, 0, 0
24120, 1, 1636471005567, 1636471005739, 172, 0, 172, 0, 0, 0
24121, 1, 1636471005711, 1636471005883, 172, 0, 172, 0, 0, 0
24123, 1, 1636471005763, 1636471005935, 172, 0, 172, 0, 0, 0
24124, 1, 1636471005815, 1636471005987, 172, 0, 172, 0, 0, 0
24125, 1, 1636471005823, 1636471005995, 172, 0, 172, 0, 0, 0
24126, 1, 1636471005887, 1636471006063, 176, 0, 176, 0, 0, 0
24122, 1, 1636471005911, 1636471006083, 172, 0, 172, 0, 0, 0
24127, 1, 1636471005919, 1636471006095, 176, 0, 176, 0, 0, 0
24128, 1, 1636471005943, 1636471006115, 172, 0, 172, 0, 0, 0
24129, 1, 1636471006003, 1636471006175, 172, 0, 172, 0, 0, 0
24130, 1, 1636471006007, 1636471006179, 172, 0, 172, 0, 0, 0
24132, 1, 1636471006067, 1636471006239, 172, 0, 172, 0, 0, 0
24131, 1, 1636471006111, 1636471006283, 172, 0, 172, 0, 0, 0
24133, 1, 1636471006139, 1636471006311, 172, 0, 172, 0, 0, 0
24134, 1, 1636471006199, 1636471006371, 172, 0, 172, 0, 0, 0
24135, 1, 1636471006271, 1636471006443, 172, 0, 172, 0, 0, 0
24136, 1, 1636471006347, 1636471006519, 172, 0, 172, 0, 0, 0
24137, 1, 1636471006419, 1636471006591, 172, 0, 172, 0, 0, 0
24138, 1, 1636471006419, 1636471006591, 172, 0, 172, 0, 0, 0
24139, 1, 1636471006455, 1636471006627, 172, 0, 172, 0, 0, 0
24140, 1, 1636471006539, 1636471006711, 172, 0, 172, 0, 0, 0
24141, 1, 1636471006739, 1636471006911, 172, 0, 172, 0, 0, 0
24143, 1, 1636471006787, 1636471006959, 172, 0, 172, 0, 0, 0
24144, 1, 1636471006839, 1636471007011, 172, 0, 172, 0, 0, 0
24145, 1, 1636471006851, 1636471007023, 172, 0, 172, 0, 0, 0
24146, 1, 1636471006855, 1636471007027, 172, 0, 172, 0, 0, 0
24142, 1, 1636471006883, 1636471007055, 172, 0, 172, 0, 0, 0
24147, 1, 1636471006907, 1636471007079, 172, 0, 172, 0, 0, 0
24148, 1, 1636471006935, 1636471007107, 172, 0, 172, 0, 0, 0
24149, 1, 1636471006987, 1636471007159, 172, 0, 172, 0, 0, 0
24150, 1, 1636471006987, 1636471007159, 172, 0, 172, 0, 0, 0
24151, 1, 1636471007031, 1636471007207, 176, 0, 176, 0, 0, 0
24152, 1, 1636471007082, 1636471007255, 173, 1, 172, 0, 0, 0
24153, 1, 1636471007131, 1636471007303, 172, 0, 172, 0, 0, 0
24154, 1, 1636471007215, 1636471007387, 172, 0, 172, 0, 0, 0
24155, 1, 1636471007267, 1636471007439, 172, 0, 172, 0, 0, 0
24156, 1, 1636471007323, 1636471007495, 172, 0, 172, 0, 0, 0
24157, 1, 1636471007419, 1636471007591, 172, 0, 172, 0, 0, 0
24158, 1, 1636471007455, 1636471007627, 172, 0, 172, 0, 0, 0
24159, 1, 1636471007467, 1636471007639, 172, 0, 172, 0, 0, 0
24160, 1, 1636471007539, 1636471007715, 176, 0, 176, 0, 0, 0
24161, 1, 1636471007735, 1636471007907, 172, 0, 172, 0, 0, 0
24163, 1, 1636471007795, 1636471007967, 172, 0, 172, 0, 0, 0
24164, 1, 1636471007823, 1636471007995, 172, 0, 172, 0, 0, 0
24165, 1, 1636471007859, 1636471008031, 172, 0, 172, 0, 0, 0
24166, 1, 1636471007875, 1636471008051, 176, 0, 176, 0, 0, 0
24167, 1, 1636471007883, 1636471008055, 172, 0, 172, 0, 0, 0
24162, 1, 1636471007887, 1636471008059, 172, 0, 172, 0, 0, 0
24168, 1, 1636471007915, 1636471008087, 172, 0, 172, 0, 0, 0
24169, 1, 1636471008003, 1636471008175, 172, 0, 172, 0, 0, 0
24171, 1, 1636471008015, 1636471008187, 172, 0, 172, 0, 0, 0
24170, 1, 1636471008015, 1636471008187, 172, 0, 172, 0, 0, 0
24172, 1, 1636471008066, 1636471008239, 173, 1, 172, 0, 0, 0
24173, 1, 1636471008107, 1636471008279, 172, 0, 172, 0, 0, 0
24174, 1, 1636471008203, 1636471008375, 172, 0, 172, 0, 0, 0
24175, 1, 1636471008287, 1636471008463, 176, 0, 176, 0, 0, 0
24176, 1, 1636471008299, 1636471008471, 172, 0, 172, 0, 0, 0
24177, 1, 1636471008419, 1636471008591, 172, 0, 172, 0, 0, 0
24178, 1, 1636471008451, 1636471008623, 172, 0, 172, 0, 0, 0
24179, 1, 1636471008471, 1636471008643, 172, 0, 172, 0, 0, 0
24180, 1, 1636471008587, 1636471008759, 172, 0, 172, 0, 0, 0
24183, 1, 1636471008799, 1636471008971, 172, 0, 172, 0, 0, 0
24184, 1, 1636471008819, 1636471008999, 180, 0, 180, 0, 0, 0
24185, 1, 1636471008839, 1636471009019, 180, 0, 180, 0, 0, 0
24186, 1, 1636471008863, 1636471009035, 172, 0, 172, 0, 0, 0
24187, 1, 1636471008879, 1636471009051, 172, 0, 172, 0, 0, 0
24188, 1, 1636471008907, 1636471009079, 172, 0, 172, 0, 0, 0
24189, 1, 1636471008983, 1636471009155, 172, 0, 172, 0, 0, 0
24190, 1, 1636471009003, 1636471009175, 172, 0, 172, 0, 0, 0
24191, 1, 1636471009027, 1636471009199, 172, 0, 172, 0, 0, 0
24192, 1, 1636471009083, 1636471009255, 172, 0, 172, 0, 0, 0
24193, 1, 1636471009127, 1636471009299, 172, 0, 172, 0, 0, 0
24194, 1, 1636471009187, 1636471009359, 172, 0, 172, 0, 0, 0
24195, 1, 1636471009307, 1636471009479, 172, 0, 172, 0, 0, 0
24196, 1, 1636471009311, 1636471009483, 172, 0, 172, 0, 0, 0
24197, 1, 1636471009395, 1636471009567, 172, 0, 172, 0, 0, 0
24198, 1, 1636471009447, 1636471009619, 172, 0, 172, 0, 0, 0
24199, 1, 1636471009467, 1636471009643, 176, 0, 176, 0, 0, 0
24200, 1, 1636471009551, 1636471009723, 172, 0, 172, 0, 0, 0
24201, 1, 1636471009815, 1636471009987, 172, 0, 172, 0, 0, 0
24202, 1, 1636471009835, 1636471010011, 176, 0, 176, 0, 0, 0
24203, 1, 1636471009843, 1636471010015, 172, 0, 172, 0, 0, 0
24204, 1, 1636471009871, 1636471010043, 172, 0, 172, 0, 0, 0
24206, 1, 1636471009871, 1636471010043, 172, 0, 172, 0, 0, 0
24205, 1, 1636471009879, 1636471010051, 172, 0, 172, 0, 0, 0
24208, 1, 1636471009999, 1636471010171, 172, 0, 172, 0, 0, 0
24209, 1, 1636471010035, 1636471010207, 172, 0, 172, 0, 0, 0
24211, 1, 1636471010139, 1636471010311, 172, 0, 172, 0, 0, 0
24210, 1, 1636471010167, 1636471010339, 172, 0, 172, 0, 0, 0
24207, 1, 1636471010187, 1636471010359, 172, 0, 172, 0, 0, 0
24214, 1, 1636471010279, 1636471010451, 172, 0, 172, 0, 0, 0
24213, 1, 1636471010279, 1636471010451, 172, 0, 172, 0, 0, 0
24215, 1, 1636471010391, 1636471010563, 172, 0, 172, 0, 0, 0
24217, 1, 1636471010475, 1636471010647, 172, 0, 172, 0, 0, 0
24212, 1, 1636471010515, 1636471010687, 172, 0, 172, 0, 0, 0
24218, 1, 1636471010583, 1636471010755, 172, 0, 172, 0, 0, 0
24219, 1, 1636471010807, 1636471010979, 172, 0, 172, 0, 0, 0
24220, 1, 1636471010831, 1636471011003, 172, 0, 172, 0, 0, 0
24221, 1, 1636471010843, 1636471011015, 172, 0, 172, 0, 0, 0
24216, 1, 1636471010863, 1636471011035, 172, 0, 172, 0, 0, 0
24223, 1, 1636471010879, 1636471011051, 172, 0, 172, 0, 0, 0
24224, 1, 1636471010903, 1636471011079, 176, 0, 176, 0, 0, 0
24225, 1, 1636471010975, 1636471011147, 172, 0, 172, 0, 0, 0
24226, 1, 1636471011015, 1636471011187, 172, 0, 172, 0, 0, 0
24227, 1, 1636471011015, 1636471011187, 172, 0, 172, 0, 0, 0
24228, 1, 1636471011103, 1636471011275, 172, 0, 172, 0, 0, 0
24229, 1, 1636471011159, 1636471011331, 172, 0, 172, 0, 0, 0
24231, 1, 1636471011199, 1636471011371, 172, 0, 172, 0, 0, 0
24230, 1, 1636471011203, 1636471011375, 172, 0, 172, 0, 0, 0
24232, 1, 1636471011211, 1636471011383, 172, 0, 172, 0, 0, 0
24222, 1, 1636471011211, 1636471011383, 172, 0, 172, 0, 0, 0
24233, 1, 1636471011263, 1636471011435, 172, 0, 172, 0, 0, 0
24234, 1, 1636471011267, 1636471011439, 172, 0, 172, 0, 0, 0
24235, 1, 1636471011367, 1636471011539, 172, 0, 172, 0, 0, 0
24237, 1, 1636471011499, 1636471011671, 172, 0, 172, 0, 0, 0
24236, 1, 1636471011523, 1636471011695, 172, 0, 172, 0, 0, 0
24238, 1, 1636471011611, 1636471011787, 176, 0, 176, 0, 0, 0
24239, 1, 1636471011787, 1636471011959, 172, 0, 172, 0, 0, 0
24240, 1, 1636471011835, 1636471012007, 172, 0, 172, 0, 0, 0
24241, 1, 1636471011843, 1636471012015, 172, 0, 172, 0, 0, 0
24242, 1, 1636471011843, 1636471012015, 172, 0, 172, 0, 0, 0
24243, 1, 1636471011895, 1636471012071, 176, 0, 176, 0, 0, 0
24244, 1, 1636471011947, 1636471012119, 172, 0, 172, 0, 0, 0
24245, 1, 1636471012011, 1636471012183, 172, 0, 172, 0, 0, 0
24246, 1, 1636471012047, 1636471012219, 172, 0, 172, 0, 0, 0
24247, 1, 1636471012051, 1636471012227, 176, 0, 176, 0, 0, 0
24248, 1, 1636471012079, 1636471012255, 176, 0, 176, 0, 0, 0
24249, 1, 1636471012099, 1636471012275, 176, 0, 176, 0, 0, 0
24251, 1, 1636471012143, 1636471012315, 172, 0, 172, 0, 0, 0
24250, 1, 1636471012187, 1636471012363, 176, 0, 176, 0, 0, 0
24252, 1, 1636471012219, 1636471012391, 172, 0, 172, 0, 0, 0
24253, 1, 1636471012230, 1636471012403, 173, 1, 172, 1, 0, 1
24254, 1, 1636471012271, 1636471012443, 172, 0, 172, 0, 0, 0
24257, 1, 1636471012471, 1636471012643, 172, 0, 172, 0, 0, 0
24256, 1, 1636471012471, 1636471012651, 180, 0, 180, 0, 0, 0
24255, 1, 1636471012539, 1636471012711, 172, 0, 172, 0, 0, 0
24258, 1, 1636471012595, 1636471012767, 172, 0, 172, 0, 0, 0
24259, 1, 1636471012795, 1636471012967, 172, 0, 172, 0, 0, 0
24260, 1, 1636471012815, 1636471012987, 172, 0, 172, 0, 0, 0
24261, 1, 1636471012863, 1636471013035, 172, 0, 172, 0, 0, 0
24262, 1, 1636471012883, 1636471013059, 176, 0, 176, 0, 0, 0
24263, 1, 1636471012883, 1636471013059, 176, 0, 176, 0, 0, 0
24264, 1, 1636471012915, 1636471013087, 172, 0, 172, 0, 0, 0
24265, 1, 1636471013007, 1636471013179, 172, 0, 172, 0, 0, 0
24266, 1, 1636471013059, 1636471013231, 172, 0, 172, 0, 0, 0
24267, 1, 1636471013063, 1636471013235, 172, 0, 172, 0, 0, 0
24268, 1, 1636471013071, 1636471013243, 172, 0, 172, 0, 0, 0
24269, 1, 1636471013079, 1636471013251, 172, 0, 172, 0, 0, 0
24270, 1, 1636471013127, 1636471013299, 172, 0, 172, 0, 0, 0
24271, 1, 1636471013151, 1636471013323, 172, 0, 172, 0, 0, 0
24272, 1, 1636471013199, 1636471013371, 172, 0, 172, 0, 0, 0
24273, 1, 1636471013207, 1636471013379, 172, 0, 172, 0, 0, 0
24274, 1, 1636471013259, 1636471013431, 172, 0, 172, 0, 0, 0
24275, 1, 1636471013379, 1636471013551, 172, 0, 172, 0, 0, 0
24276, 1, 1636471013435, 1636471013607, 172, 0, 172, 0, 0, 0
24277, 1, 1636471013471, 1636471013643, 172, 0, 172, 0, 0, 0
24278, 1, 1636471013575, 1636471013751, 176, 0, 176, 0, 0, 0
24279, 1, 1636471013763, 1636471013935, 172, 0, 172, 0, 0, 0
24280, 1, 1636471013779, 1636471013951, 172, 0, 172, 0, 0, 0
24281, 1, 1636471013843, 1636471014015, 172, 0, 172, 0, 0, 0
24282, 1, 1636471013851, 1636471014027, 176, 0, 176, 0, 0, 0
24284, 1, 1636471013887, 1636471014063, 176, 0, 176, 0, 0, 0
24285, 1, 1636471014043, 1636471014215, 172, 0, 172, 0, 0, 0
24286, 1, 1636471014051, 1636471014231, 180, 0, 180, 0, 0, 0
24287, 1, 1636471014059, 1636471014239, 180, 0, 180, 0, 0, 0
24288, 1, 1636471014087, 1636471014259, 172, 0, 172, 0, 0, 0
24289, 1, 1636471014111, 1636471014287, 176, 0, 176, 0, 0, 0
24292, 1, 1636471014191, 1636471014363, 172, 0, 172, 0, 0, 0
24293, 1, 1636471014195, 1636471014367, 172, 0, 172, 0, 0, 0
24283, 1, 1636471014195, 1636471014367, 172, 0, 172, 0, 0, 0
24290, 1, 1636471014239, 1636471014411, 172, 0, 172, 0, 0, 0
24294, 1, 1636471014267, 1636471014439, 172, 0, 172, 0, 0, 0
24296, 1, 1636471014415, 1636471014587, 172, 0, 172, 0, 0, 0
24298, 1, 1636471014575, 1636471014747, 172, 0, 172, 0, 0, 0
24299, 1, 1636471014755, 1636471014927, 172, 0, 172, 0, 0, 0
24300, 1, 1636471014767, 1636471014939, 172, 0, 172, 0, 0, 0
24301, 1, 1636471014811, 1636471014983, 172, 0, 172, 0, 0, 0
24302, 1, 1636471014855, 1636471015027, 172, 0, 172, 0, 0, 0
24303, 1, 1636471014855, 1636471015027, 172, 0, 172, 0, 0, 0
24304, 1, 1636471014855, 1636471015027, 172, 0, 172, 0, 0, 0
24305, 1, 1636471015043, 1636471015223, 180, 0, 180, 0, 0, 0
24306, 1, 1636471015047, 1636471015223, 176, 0, 176, 0, 0, 0
24307, 1, 1636471015051, 1636471015227, 176, 0, 176, 0, 0, 0
24308, 1, 1636471015087, 1636471015259, 172, 0, 172, 0, 0, 0
24309, 1, 1636471015123, 1636471015295, 172, 0, 172, 0, 0, 0
24310, 1, 1636471015151, 1636471015323, 172, 0, 172, 0, 0, 0
24311, 1, 1636471015187, 1636471015359, 172, 0, 172, 0, 0, 0
24312, 1, 1636471015223, 1636471015395, 172, 0, 172, 0, 0, 0
24313, 1, 1636471015239, 1636471015411, 172, 0, 172, 0, 0, 0
24314, 1, 1636471015395, 1636471015571, 176, 0, 176, 0, 0, 0
24315, 1, 1636471015555, 1636471015727, 172, 0, 172, 0, 0, 0
24316, 1, 1636471015755, 1636471015927, 172, 0, 172, 0, 0, 0
24317, 1, 1636471015783, 1636471015955, 172, 0, 172, 0, 0, 0
24318, 1, 1636471015803, 1636471015979, 176, 0, 176, 0, 0, 0
24319, 1, 1636471015835, 1636471016007, 172, 0, 172, 0, 0, 0
24320, 1, 1636471015871, 1636471016043, 172, 0, 172, 0, 0, 0
24321, 1, 1636471015891, 1636471016063, 172, 0, 172, 0, 0, 0
24322, 1, 1636471016035, 1636471016207, 172, 0, 172, 0, 0, 0
24323, 1, 1636471016047, 1636471016223, 176, 0, 176, 0, 0, 0
24324, 1, 1636471016055, 1636471016227, 172, 0, 172, 0, 0, 0
24326, 1, 1636471016111, 1636471016287, 176, 0, 176, 0, 0, 0
24327, 1, 1636471016163, 1636471016335, 172, 0, 172, 0, 0, 0
24328, 1, 1636471016195, 1636471016367, 172, 0, 172, 0, 0, 0
24325, 1, 1636471016219, 1636471016391, 172, 0, 172, 0, 0, 0
24329, 1, 1636471016231, 1636471016403, 172, 0, 172, 0, 0, 0
24330, 1, 1636471016419, 1636471016595, 176, 0, 176, 0, 0, 0
24331, 1, 1636471016591, 1636471016767, 176, 0, 176, 0, 0, 0
24332, 1, 1636471016731, 1636471016903, 172, 0, 172, 0, 0, 0
24333, 1, 1636471016755, 1636471016927, 172, 0, 172, 0, 0, 0
24337, 1, 1636471016783, 1636471016955, 172, 0, 172, 0, 0, 0
24335, 1, 1636471016811, 1636471016983, 172, 0, 172, 0, 0, 0
24334, 1, 1636471016811, 1636471016983, 172, 0, 172, 0, 0, 0
24338, 1, 1636471016827, 1636471016999, 172, 0, 172, 0, 0, 0
24336, 1, 1636471016827, 1636471016999, 172, 0, 172, 0, 0, 0
24339, 1, 1636471016871, 1636471017043, 172, 0, 172, 0, 0, 0
24340, 1, 1636471016883, 1636471017055, 172, 0, 172, 0, 0, 0
24341, 1, 1636471017015, 1636471017195, 180, 0, 180, 0, 0, 0
24342, 1, 1636471017027, 1636471017199, 172, 0, 172, 0, 0, 0
24344, 1, 1636471017091, 1636471017263, 172, 0, 172, 0, 0, 0
24345, 1, 1636471017155, 1636471017327, 172, 0, 172, 0, 0, 0
24346, 1, 1636471017155, 1636471017327, 172, 0, 172, 0, 0, 0
24343, 1, 1636471017155, 1636471017331, 176, 0, 176, 0, 0, 0
24347, 1, 1636471017203, 1636471017375, 172, 0, 172, 0, 0, 0
24348, 1, 1636471017239, 1636471017411, 172, 0, 172, 0, 0, 0
24349, 1, 1636471017443, 1636471017615, 172, 0, 172, 0, 0, 0
24350, 1, 1636471017579, 1636471017751, 172, 0, 172, 0, 0, 0
24351, 1, 1636471017703, 1636471017875, 172, 0, 172, 0, 0, 0
24352, 1, 1636471017703, 1636471017875, 172, 0, 172, 0, 0, 0
24353, 1, 1636471017731, 1636471017903, 172, 0, 172, 0, 0, 0
24354, 1, 1636471017755, 1636471017931, 176, 0, 176, 0, 0, 0
24355, 1, 1636471017767, 1636471017943, 176, 0, 176, 0, 0, 0
24356, 1, 1636471017775, 1636471017955, 180, 0, 180, 0, 0, 0
24357, 1, 1636471017851, 1636471018027, 176, 0, 176, 0, 0, 0
24358, 1, 1636471017915, 1636471018091, 176, 0, 176, 0, 0, 0
24359, 1, 1636471018007, 1636471018179, 172, 0, 172, 0, 0, 0
24360, 1, 1636471018051, 1636471018223, 172, 0, 172, 0, 0, 0
24361, 1, 1636471018067, 1636471018239, 172, 0, 172, 0, 0, 0
24363, 1, 1636471018131, 1636471018303, 172, 0, 172, 0, 0, 0
24364, 1, 1636471018147, 1636471018319, 172, 0, 172, 0, 0, 0
24365, 1, 1636471018227, 1636471018399, 172, 0, 172, 0, 0, 0
24366, 1, 1636471018263, 1636471018435, 172, 0, 172, 0, 0, 0
24362, 1, 1636471018415, 1636471018591, 176, 0, 176, 0, 0, 0
24367, 1, 1636471018427, 1636471018599, 172, 0, 172, 0, 0, 0
24368, 1, 1636471018607, 1636471018779, 172, 0, 172, 0, 0, 0
24369, 1, 1636471018687, 1636471018859, 172, 0, 172, 0, 0, 0
24370, 1, 1636471018719, 1636471018891, 172, 0, 172, 0, 0, 0
24371, 1, 1636471018719, 1636471018891, 172, 0, 172, 0, 0, 0
24373, 1, 1636471018735, 1636471018907, 172, 0, 172, 0, 0, 0
24372, 1, 1636471018739, 1636471018911, 172, 0, 172, 0, 0, 0
24374, 1, 1636471018799, 1636471018971, 172, 0, 172, 0, 0, 0
24375, 1, 1636471018887, 1636471019059, 172, 0, 172, 0, 0, 0
24376, 1, 1636471018935, 1636471019115, 180, 0, 180, 0, 0, 0
24377, 1, 1636471019011, 1636471019183, 172, 0, 172, 0, 0, 0
24378, 1, 1636471019019, 1636471019191, 172, 0, 172, 0, 0, 0
24379, 1, 1636471019067, 1636471019239, 172, 0, 172, 0, 0, 0
24380, 1, 1636471019111, 1636471019283, 172, 0, 172, 0, 0, 0
24382, 1, 1636471019119, 1636471019291, 172, 0, 172, 0, 0, 0
24383, 1, 1636471019247, 1636471019419, 172, 0, 172, 0, 0, 0
24384, 1, 1636471019263, 1636471019439, 176, 0, 176, 0, 0, 0
24385, 1, 1636471019391, 1636471019563, 172, 0, 172, 0, 0, 0
24381, 1, 1636471019459, 1636471019631, 172, 0, 172, 0, 0, 0
24386, 1, 1636471019639, 1636471019811, 172, 0, 172, 0, 0, 0
24387, 1, 1636471019663, 1636471019839, 176, 0, 176, 0, 0, 0
24388, 1, 1636471019703, 1636471019875, 172, 0, 172, 0, 0, 0
24389, 1, 1636471019715, 1636471019887, 172, 0, 172, 0, 0, 0
24390, 1, 1636471019715, 1636471019887, 172, 0, 172, 0, 0, 0
24391, 1, 1636471019759, 1636471019931, 172, 0, 172, 0, 0, 0
24392, 1, 1636471019831, 1636471020003, 172, 0, 172, 0, 0, 0
24393, 1, 1636471019879, 1636471020051, 172, 0, 172, 0, 0, 0
24394, 1, 1636471019931, 1636471020103, 172, 0, 172, 0, 0, 0
24395, 1, 1636471020007, 1636471020179, 172, 0, 172, 0, 0, 0
24396, 1, 1636471020051, 1636471020227, 176, 0, 176, 0, 0, 0
24397, 1, 1636471020095, 1636471020267, 172, 0, 172, 0, 0, 0
24398, 1, 1636471020107, 1636471020279, 172, 0, 172, 0, 0, 0
24399, 1, 1636471020111, 1636471020283, 172, 0, 172, 0, 0, 0
24400, 1, 1636471020111, 1636471020283, 172, 0, 172, 0, 0, 0
24401, 1, 1636471020255, 1636471020431, 176, 0, 176, 0, 0, 0
24402, 1, 1636471020283, 1636471020459, 176, 0, 176, 0, 0, 0
24403, 1, 1636471020363, 1636471020535, 172, 0, 172, 0, 0, 0
24404, 1, 1636471020619, 1636471020791, 172, 0, 172, 0, 0, 0
24405, 1, 1636471020679, 1636471020851, 172, 0, 172, 0, 0, 0
24406, 1, 1636471020683, 1636471020855, 172, 0, 172, 0, 0, 0
24407, 1, 1636471020691, 1636471020863, 172, 0, 172, 0, 0, 0
24408, 1, 1636471020699, 1636471020871, 172, 0, 172, 0, 0, 0
24409, 1, 1636471020763, 1636471020935, 172, 0, 172, 0, 0, 0
24410, 1, 1636471020843, 1636471021015, 172, 0, 172, 0, 0, 0
24411, 1, 1636471020855, 1636471021027, 172, 0, 172, 0, 0, 0
24412, 1, 1636471020911, 1636471021083, 172, 0, 172, 0, 0, 0
24413, 1, 1636471021003, 1636471021175, 172, 0, 172, 0, 0, 0
24414, 1, 1636471021063, 1636471021235, 172, 0, 172, 0, 0, 0
24415, 1, 1636471021075, 1636471021247, 172, 0, 172, 0, 0, 0
24417, 1, 1636471021087, 1636471021259, 172, 0, 172, 0, 0, 0
24416, 1, 1636471021087, 1636471021259, 172, 0, 172, 0, 0, 0
24418, 1, 1636471021127, 1636471021299, 172, 0, 172, 0, 0, 0
24419, 1, 1636471021231, 1636471021403, 172, 0, 172, 0, 0, 0
24420, 1, 1636471021311, 1636471021483, 172, 0, 172, 0, 0, 0
24421, 1, 1636471021355, 1636471021527, 172, 0, 172, 0, 0, 0
24422, 1, 1636471021603, 1636471021778, 175, 0, 175, 0, 0, 0
24423, 1, 1636471021679, 1636471021855, 176, 0, 176, 0, 0, 0
24424, 1, 1636471021687, 1636471021859, 172, 0, 172, 0, 0, 0
24425, 1, 1636471021715, 1636471021887, 172, 0, 172, 0, 0, 0
24426, 1, 1636471021791, 1636471021963, 172, 0, 172, 0, 0, 0
24427, 1, 1636471021819, 1636471021991, 172, 0, 172, 0, 0, 0
24428, 1, 1636471021935, 1636471022107, 172, 0, 172, 0, 0, 0
24429, 1, 1636471022031, 1636471022203, 172, 0, 172, 0, 0, 0
24430, 1, 1636471022055, 1636471022227, 172, 0, 172, 0, 0, 0
24431, 1, 1636471022071, 1636471022243, 172, 0, 172, 0, 0, 0
24432, 1, 1636471022079, 1636471022251, 172, 0, 172, 0, 0, 0
24433, 1, 1636471022087, 1636471022263, 176, 0, 176, 0, 0, 0
24434, 1, 1636471022267, 1636471022439, 172, 0, 172, 0, 0, 0
24435, 1, 1636471022327, 1636471022499, 172, 0, 172, 0, 0, 0
24436, 1, 1636471022351, 1636471022523, 172, 0, 172, 0, 0, 0
24437, 1, 1636471022635, 1636471022811, 176, 0, 176, 0, 0, 0
24438, 1, 1636471022651, 1636471022823, 172, 0, 172, 0, 0, 0
24439, 1, 1636471022691, 1636471022867, 176, 0, 176, 0, 0, 0
24440, 1, 1636471022763, 1636471022935, 172, 0, 172, 0, 0, 0
24441, 1, 1636471022807, 1636471022979, 172, 0, 172, 0, 0, 0
24442, 1, 1636471022927, 1636471023103, 176, 0, 176, 0, 0, 0
24443, 1, 1636471022991, 1636471023163, 172, 0, 172, 0, 0, 0
24444, 1, 1636471023051, 1636471023223, 172, 0, 172, 0, 0, 0
24445, 1, 1636471023071, 1636471023247, 176, 0, 176, 0, 0, 0
24446, 1, 1636471023103, 1636471023275, 172, 0, 172, 0, 0, 0
24447, 1, 1636471023111, 1636471023283, 172, 0, 172, 0, 0, 0
24448, 1, 1636471023247, 1636471023419, 172, 0, 172, 0, 0, 0
24449, 1, 1636471023355, 1636471023531, 176, 0, 176, 0, 0, 0
24450, 1, 1636471023599, 1636471023770, 171, 0, 171, 0, 0, 0
24451, 1, 1636471023659, 1636471023831, 172, 0, 172, 0, 0, 0
24452, 1, 1636471023711, 1636471023887, 176, 0, 176, 0, 0, 0
24453, 1, 1636471023787, 1636471023963, 176, 0, 176, 0, 0, 0
24454, 1, 1636471023795, 1636471023967, 172, 0, 172, 0, 0, 0
24455, 1, 1636471023959, 1636471024131, 172, 0, 172, 0, 0, 0
24456, 1, 1636471023995, 1636471024171, 176, 0, 176, 0, 0, 0
24457, 1, 1636471024039, 1636471024212, 173, 0, 173, 0, 0, 0
24458, 1, 1636471024079, 1636471024255, 176, 0, 176, 0, 0, 0
24460, 1, 1636471024107, 1636471024279, 172, 0, 172, 0, 0, 0
24459, 1, 1636471024143, 1636471024315, 172, 0, 172, 0, 0, 0
24461, 1, 1636471024247, 1636471024419, 172, 0, 172, 0, 0, 0
24462, 1, 1636471024343, 1636471024515, 172, 0, 172, 0, 0, 0
24463, 1, 1636471024631, 1636471024803, 172, 0, 172, 0, 0, 0
24464, 1, 1636471024631, 1636471024803, 172, 0, 172, 0, 0, 0
24465, 1, 1636471024699, 1636471024871, 172, 0, 172, 0, 0, 0
24466, 1, 1636471024811, 1636471024983, 172, 0, 172, 0, 0, 0
24467, 1, 1636471024823, 1636471024995, 172, 0, 172, 0, 0, 0
24468, 1, 1636471024943, 1636471025115, 172, 0, 172, 0, 0, 0
24469, 1, 1636471025027, 1636471025199, 172, 0, 172, 0, 0, 0
24471, 1, 1636471025059, 1636471025231, 172, 0, 172, 0, 0, 0
24470, 1, 1636471025059, 1636471025231, 172, 0, 172, 0, 0, 0
24472, 1, 1636471025079, 1636471025251, 172, 0, 172, 0, 0, 0
24473, 1, 1636471025115, 1636471025287, 172, 0, 172, 0, 0, 0
24474, 1, 1636471025271, 1636471025443, 172, 0, 172, 0, 0, 0
24475, 1, 1636471025379, 1636471025551, 172, 0, 172, 0, 0, 0
24476, 1, 1636471025603, 1636471025775, 172, 0, 172, 0, 0, 0
24477, 1, 1636471025639, 1636471025811, 172, 0, 172, 0, 0, 0
24478, 1, 1636471025707, 1636471025879, 172, 0, 172, 0, 0, 0
24479, 1, 1636471025795, 1636471025971, 176, 0, 176, 0, 0, 0
24480, 1, 1636471025811, 1636471025983, 172, 0, 172, 0, 0, 0
24481, 1, 1636471025979, 1636471026151, 172, 0, 172, 0, 0, 0
24482, 1, 1636471025995, 1636471026167, 172, 0, 172, 0, 0, 0
24483, 1, 1636471026031, 1636471026203, 172, 0, 172, 0, 0, 0
24484, 1, 1636471026059, 1636471026231, 172, 0, 172, 0, 0, 0
24485, 1, 1636471026095, 1636471026267, 172, 0, 172, 0, 0, 0
24486, 1, 1636471026127, 1636471026299, 172, 0, 172, 0, 0, 0
24487, 1, 1636471026235, 1636471026407, 172, 0, 172, 0, 0, 0
24488, 1, 1636471026403, 1636471026579, 176, 0, 176, 0, 0, 0
24489, 1, 1636471026639, 1636471026811, 172, 0, 172, 0, 0, 0
24490, 1, 1636471026667, 1636471026843, 176, 0, 176, 0, 0, 0
24491, 1, 1636471026687, 1636471026859, 172, 0, 172, 0, 0, 0
24492, 1, 1636471026827, 1636471027003, 176, 0, 176, 0, 0, 0
24493, 1, 1636471026851, 1636471027023, 172, 0, 172, 0, 0, 0
24494, 1, 1636471026999, 1636471027171, 172, 0, 172, 0, 0, 0
24495, 1, 1636471027003, 1636471027175, 172, 0, 172, 0, 0, 0
24496, 1, 1636471027007, 1636471027179, 172, 0, 172, 0, 0, 0
24497, 1, 1636471027099, 1636471027271, 172, 0, 172, 0, 0, 0
24498, 1, 1636471027119, 1636471027291, 172, 0, 172, 0, 0, 0
24499, 1, 1636471027223, 1636471027395, 172, 0, 172, 0, 0, 0
24500, 1, 1636471027403, 1636471027575, 172, 0, 172, 0, 0, 0
24501, 1, 1636471027675, 1636471027847, 172, 0, 172, 0, 0, 0
24502, 1, 1636471027707, 1636471027879, 172, 0, 172, 0, 0, 0
24503, 1, 1636471027859, 1636471028031, 172, 0, 172, 0, 0, 0
24504, 1, 1636471027867, 1636471028039, 172, 0, 172, 0, 0, 0
24505, 1, 1636471027991, 1636471028163, 172, 0, 172, 0, 0, 0
24506, 1, 1636471027995, 1636471028167, 172, 0, 172, 0, 0, 0
24507, 1, 1636471028011, 1636471028183, 172, 0, 172, 0, 0, 0
24508, 1, 1636471028079, 1636471028251, 172, 0, 172, 0, 0, 0
24509, 1, 1636471028191, 1636471028363, 172, 0, 172, 0, 0, 0
24510, 1, 1636471028367, 1636471028539, 172, 0, 172, 0, 0, 0
24511, 1, 1636471028647, 1636471028819, 172, 0, 172, 0, 0, 0
24512, 1, 1636471028703, 1636471028875, 172, 0, 172, 0, 0, 0
24513, 1, 1636471028827, 1636471028999, 172, 0, 172, 0, 0, 0
24514, 1, 1636471028851, 1636471029023, 172, 0, 172, 0, 0, 0
24515, 1, 1636471028967, 1636471029139, 172, 0, 172, 0, 0, 0
24516, 1, 1636471029015, 1636471029187, 172, 0, 172, 0, 0, 0
24517, 1, 1636471029023, 1636471029199, 176, 0, 176, 0, 0, 0
24518, 1, 1636471029079, 1636471029251, 172, 0, 172, 0, 0, 0
24519, 1, 1636471029163, 1636471029335, 172, 0, 172, 0, 0, 0
24520, 1, 1636471029387, 1636471029559, 172, 0, 172, 0, 0, 0
24521, 1, 1636471029611, 1636471029783, 172, 0, 172, 0, 0, 0
24522, 1, 1636471029707, 1636471029879, 172, 0, 172, 0, 0, 0
24523, 1, 1636471029811, 1636471029983, 172, 0, 172, 0, 0, 0
24524, 1, 1636471029847, 1636471030018, 171, 0, 171, 0, 0, 0
24525, 1, 1636471029971, 1636471030143, 172, 0, 172, 0, 0, 0
24526, 1, 1636471029990, 1636471030163, 173, 1, 172, 0, 0, 0
24527, 1, 1636471029995, 1636471030167, 172, 0, 172, 0, 0, 0
24528, 1, 1636471030059, 1636471030231, 172, 0, 172, 0, 0, 0
24529, 1, 1636471030147, 1636471030323, 176, 0, 176, 0, 0, 0
24530, 1, 1636471030371, 1636471030543, 172, 0, 172, 0, 0, 0
24531, 1, 1636471030607, 1636471030779, 172, 0, 172, 0, 0, 0
24532, 1, 1636471030731, 1636471030903, 172, 0, 172, 0, 0, 0
24533, 1, 1636471030811, 1636471030983, 172, 0, 172, 0, 0, 0
24534, 1, 1636471030867, 1636471031039, 172, 0, 172, 0, 0, 0
24535, 1, 1636471030963, 1636471031139, 176, 0, 176, 0, 0, 0
24536, 1, 1636471030991, 1636471031163, 172, 0, 172, 0, 0, 0
24537, 1, 1636471031087, 1636471031259, 172, 0, 172, 0, 0, 0
24538, 1, 1636471031187, 1636471031359, 172, 0, 172, 0, 0, 0
24539, 1, 1636471031347, 1636471031519, 172, 0, 172, 0, 0, 0
24540, 1, 1636471031699, 1636471031875, 176, 0, 176, 0, 0, 0
24541, 1, 1636471031791, 1636471031963, 172, 0, 172, 0, 0, 0
24542, 1, 1636471031843, 1636471032015, 172, 0, 172, 0, 0, 0
24543, 1, 1636471031995, 1636471032167, 172, 0, 172, 0, 0, 0
24544, 1, 1636471032019, 1636471032191, 172, 0, 172, 0, 0, 0
24545, 1, 1636471032075, 1636471032251, 176, 0, 176, 0, 0, 0
24546, 1, 1636471032159, 1636471032331, 172, 0, 172, 0, 0, 0
24547, 1, 1636471032371, 1636471032543, 172, 0, 172, 0, 0, 0
24548, 1, 1636471032683, 1636471032855, 172, 0, 172, 0, 0, 0
24550, 1, 1636471032823, 1636471032999, 176, 0, 176, 0, 0, 0
24549, 1, 1636471032823, 1636471032999, 176, 0, 176, 0, 0, 0
24551, 1, 1636471032967, 1636471033139, 172, 0, 172, 0, 0, 0
24552, 1, 1636471032987, 1636471033159, 172, 0, 172, 0, 0, 0
24553, 1, 1636471033103, 1636471033275, 172, 0, 172, 0, 0, 0
24554, 1, 1636471033163, 1636471033335, 172, 0, 172, 0, 0, 0
24555, 1, 1636471033383, 1636471033555, 172, 0, 172, 0, 0, 0
24556, 1, 1636471033651, 1636471033823, 172, 0, 172, 0, 0, 0
24557, 1, 1636471033807, 1636471033979, 172, 0, 172, 0, 0, 0
24558, 1, 1636471033843, 1636471034015, 172, 0, 172, 0, 0, 0
24559, 1, 1636471033967, 1636471034139, 172, 0, 172, 0, 0, 0
24560, 1, 1636471034003, 1636471034175, 172, 0, 172, 0, 0, 0
24561, 1, 1636471034139, 1636471034311, 172, 0, 172, 0, 0, 0
24562, 1, 1636471034183, 1636471034355, 172, 0, 172, 0, 0, 0
24563, 1, 1636471034387, 1636471034559, 172, 0, 172, 0, 0, 0
24564, 1, 1636471034623, 1636471034795, 172, 0, 172, 0, 0, 0
24565, 1, 1636471034839, 1636471035011, 172, 0, 172, 0, 0, 0
24566, 1, 1636471034855, 1636471035027, 172, 0, 172, 0, 0, 0
24567, 1, 1636471034967, 1636471035143, 176, 0, 176, 0, 0, 0
24568, 1, 1636471035107, 1636471035279, 172, 0, 172, 0, 0, 0
24569, 1, 1636471035379, 1636471035551, 172, 0, 172, 0, 0, 0
24570, 1, 1636471035611, 1636471035783, 172, 0, 172, 0, 0, 0
24571, 1, 1636471035863, 1636471036039, 176, 0, 176, 0, 0, 0
24572, 1, 1636471035871, 1636471036043, 172, 0, 172, 0, 0, 0
24573, 1, 1636471035939, 1636471036111, 172, 0, 172, 0, 0, 0
24574, 1, 1636471036087, 1636471036259, 172, 0, 172, 0, 0, 0
24575, 1, 1636471036343, 1636471036515, 172, 0, 172, 0, 0, 0
24576, 1, 1636471036643, 1636471036815, 172, 0, 172, 0, 0, 0
24577, 1, 1636471036831, 1636471037007, 176, 0, 176, 0, 0, 0
24578, 1, 1636471036851, 1636471037023, 172, 0, 172, 0, 0, 0
24579, 1, 1636471036935, 1636471037107, 172, 0, 172, 0, 0, 0
24580, 1, 1636471037115, 1636471037291, 176, 0, 176, 0, 0, 0
24581, 1, 1636471037331, 1636471037503, 172, 0, 172, 0, 0, 0
24582, 1, 1636471037615, 1636471037787, 172, 0, 172, 0, 0, 0
24583, 1, 1636471037799, 1636471037971, 172, 0, 172, 0, 0, 0
24584, 1, 1636471037827, 1636471037999, 172, 0, 172, 0, 0, 0
24585, 1, 1636471037967, 1636471038139, 172, 0, 172, 0, 0, 0
24586, 1, 1636471038171, 1636471038343, 172, 0, 172, 0, 0, 0
24587, 1, 1636471038295, 1636471038467, 172, 0, 172, 0, 0, 0
24588, 1, 1636471038783, 1636471038955, 172, 0, 172, 0, 0, 0
24589, 1, 1636471038839, 1636471039011, 172, 0, 172, 0, 0, 0
24590, 1, 1636471038935, 1636471039106, 171, 0, 171, 0, 0, 0
24591, 1, 1636471039098, 1636471039271, 173, 0, 173, 0, 0, 0
24592, 1, 1636471039267, 1636471039439, 172, 0, 172, 0, 0, 0
24593, 1, 1636471039747, 1636471039919, 172, 0, 172, 0, 0, 0
24594, 1, 1636471039807, 1636471039978, 171, 0, 171, 0, 0, 0
24595, 1, 1636471040055, 1636471040227, 172, 0, 172, 0, 0, 0
24596, 1, 1636471040739, 1636471040911, 172, 0, 172, 0, 0, 0
24597, 1, 1636471040843, 1636471041015, 172, 0, 172, 0, 0, 0
24598, 1, 1636471041067, 1636471041239, 172, 0, 172, 0, 0, 0
24599, 1, 1636471041807, 1636471041979, 172, 0, 172, 0, 0, 0
24600, 1, 1636471042843, 1636471043015, 172, 0, 172, 0, 0, 0
24601, 1, 1636471158191, 1636471158363, 172, 0, 172, 0, 0, 0
24602, 1, 1636471158855, 1636471159027, 172, 0, 172, 0, 0, 0
24603, 1, 1636471159307, 1636471159479, 172, 0, 172, 0, 0, 0
24604, 1, 1636471159519, 1636471159691, 172, 0, 172, 0, 0, 0
24605, 1, 1636471159967, 1636471160139, 172, 0, 172, 0, 0, 0
24606, 1, 1636471160043, 1636471160215, 172, 0, 172, 0, 0, 0
24607, 1, 1636471160187, 1636471160359, 172, 0, 172, 0, 0, 0
24608, 1, 1636471160635, 1636471160807, 172, 0, 172, 0, 0, 0
24609, 1, 1636471160707, 1636471160879, 172, 0, 172, 0, 0, 0
24610, 1, 1636471160707, 1636471160879, 172, 0, 172, 0, 0, 0
24611, 1, 1636471160863, 1636471161035, 172, 0, 172, 0, 0, 0
24612, 1, 1636471161303, 1636471161479, 176, 0, 176, 0, 0, 0
24613, 1, 1636471161375, 1636471161547, 172, 0, 172, 0, 0, 0
24615, 1, 1636471161375, 1636471161547, 172, 0, 172, 0, 0, 0
24614, 1, 1636471161375, 1636471161551, 176, 0, 176, 0, 0, 0
24616, 1, 1636471161563, 1636471161739, 176, 0, 176, 0, 0, 0
24617, 1, 1636471161971, 1636471162147, 176, 0, 176, 0, 0, 0
24618, 1, 1636471162035, 1636471162207, 172, 0, 172, 0, 0, 0
24620, 1, 1636471162043, 1636471162215, 172, 0, 172, 0, 0, 0
24619, 1, 1636471162043, 1636471162215, 172, 0, 172, 0, 0, 0
24621, 1, 1636471162071, 1636471162243, 172, 0, 172, 0, 0, 0
24622, 1, 1636471162231, 1636471162403, 172, 0, 172, 0, 0, 0
24623, 1, 1636471162619, 1636471162791, 172, 0, 172, 0, 0, 0
24624, 1, 1636471162635, 1636471162807, 172, 0, 172, 0, 0, 0
24625, 1, 1636471162707, 1636471162879, 172, 0, 172, 0, 0, 0
24626, 1, 1636471162711, 1636471162883, 172, 0, 172, 0, 0, 0
24628, 1, 1636471162735, 1636471162907, 172, 0, 172, 0, 0, 0
24629, 1, 1636471162895, 1636471163067, 172, 0, 172, 0, 0, 0
24627, 1, 1636471162987, 1636471163159, 172, 0, 172, 0, 0, 0
24630, 1, 1636471163239, 1636471163411, 172, 0, 172, 0, 0, 0
24631, 1, 1636471163279, 1636471163451, 172, 0, 172, 0, 0, 0
24634, 1, 1636471163379, 1636471163551, 172, 0, 172, 0, 0, 0
24633, 1, 1636471163379, 1636471163551, 172, 0, 172, 0, 0, 0
24635, 1, 1636471163399, 1636471163571, 172, 0, 172, 0, 0, 0
24636, 1, 1636471163563, 1636471163739, 176, 0, 176, 0, 0, 0
24632, 1, 1636471163587, 1636471163759, 172, 0, 172, 0, 0, 0
24637, 1, 1636471163647, 1636471163819, 172, 0, 172, 0, 0, 0
24638, 1, 1636471163903, 1636471164075, 172, 0, 172, 0, 0, 0
24639, 1, 1636471163939, 1636471164111, 172, 0, 172, 0, 0, 0
24640, 1, 1636471163947, 1636471164123, 176, 0, 176, 0, 0, 0
24641, 1, 1636471164035, 1636471164211, 176, 0, 176, 0, 0, 0
24643, 1, 1636471164071, 1636471164243, 172, 0, 172, 0, 0, 0
24644, 1, 1636471164227, 1636471164399, 172, 0, 172, 0, 0, 0
24645, 1, 1636471164239, 1636471164411, 172, 0, 172, 0, 0, 0
24646, 1, 1636471164311, 1636471164487, 176, 0, 176, 0, 0, 0
24642, 1, 1636471164391, 1636471164563, 172, 0, 172, 0, 0, 0
24647, 1, 1636471164571, 1636471164743, 172, 0, 172, 0, 0, 0
24649, 1, 1636471164611, 1636471164783, 172, 0, 172, 0, 0, 0
24648, 1, 1636471164635, 1636471164807, 172, 0, 172, 0, 0, 0
24650, 1, 1636471164703, 1636471164875, 172, 0, 172, 0, 0, 0
24651, 1, 1636471164739, 1636471164911, 172, 0, 172, 0, 0, 0
24652, 1, 1636471164895, 1636471165067, 172, 0, 172, 0, 0, 0
24655, 1, 1636471165047, 1636471165223, 176, 0, 176, 0, 0, 0
24654, 1, 1636471165086, 1636471165259, 173, 1, 172, 0, 0, 0
24656, 1, 1636471165247, 1636471165419, 172, 0, 172, 0, 0, 0
24653, 1, 1636471165247, 1636471165419, 172, 0, 172, 0, 0, 0
24657, 1, 1636471165299, 1636471165471, 172, 0, 172, 0, 0, 0
24659, 1, 1636471165371, 1636471165543, 172, 0, 172, 0, 0, 0
24658, 1, 1636471165435, 1636471165607, 172, 0, 172, 0, 0, 0
24661, 1, 1636471165559, 1636471165735, 176, 0, 176, 0, 0, 0
24662, 1, 1636471165719, 1636471165891, 172, 0, 172, 0, 0, 0
24660, 1, 1636471165783, 1636471165955, 172, 0, 172, 0, 0, 0
24664, 1, 1636471165907, 1636471166079, 172, 0, 172, 0, 0, 0
24666, 1, 1636471165907, 1636471166079, 172, 0, 172, 0, 0, 0
24667, 1, 1636471165971, 1636471166143, 172, 0, 172, 0, 0, 0
24668, 1, 1636471166043, 1636471166215, 172, 0, 172, 0, 0, 0
24663, 1, 1636471166063, 1636471166239, 176, 0, 176, 0, 0, 0
24669, 1, 1636471166091, 1636471166263, 172, 0, 172, 0, 0, 0
24665, 1, 1636471166131, 1636471166303, 172, 0, 172, 0, 0, 0
24670, 1, 1636471166231, 1636471166403, 172, 0, 172, 0, 0, 0
24671, 1, 1636471166383, 1636471166559, 176, 0, 176, 0, 0, 0
24672, 1, 1636471166439, 1636471166611, 172, 0, 172, 0, 0, 0
24674, 1, 1636471166575, 1636471166747, 172, 0, 172, 0, 0, 0
24673, 1, 1636471166575, 1636471166747, 172, 0, 172, 0, 0, 0
24675, 1, 1636471166639, 1636471166811, 172, 0, 172, 0, 0, 0
24677, 1, 1636471166703, 1636471166875, 172, 0, 172, 0, 0, 0
24676, 1, 1636471166735, 1636471166907, 172, 0, 172, 0, 0, 0
24678, 1, 1636471166783, 1636471166955, 172, 0, 172, 0, 0, 0
24679, 1, 1636471166783, 1636471166955, 172, 0, 172, 0, 0, 0
24681, 1, 1636471167043, 1636471167215, 172, 0, 172, 0, 0, 0
24680, 1, 1636471167051, 1636471167227, 176, 0, 176, 0, 0, 0
24682, 1, 1636471167107, 1636471167279, 172, 0, 172, 0, 0, 0
24683, 1, 1636471167235, 1636471167407, 172, 0, 172, 0, 0, 0
24684, 1, 1636471167243, 1636471167415, 172, 0, 172, 0, 0, 0
24685, 1, 1636471167299, 1636471167471, 172, 0, 172, 0, 0, 0
24687, 1, 1636471167375, 1636471167547, 172, 0, 172, 0, 0, 0
24686, 1, 1636471167395, 1636471167567, 172, 0, 172, 0, 0, 0
24688, 1, 1636471167439, 1636471167611, 172, 0, 172, 0, 0, 0
24689, 1, 1636471167451, 1636471167623, 172, 0, 172, 0, 0, 0
24691, 1, 1636471167711, 1636471167883, 172, 0, 172, 0, 0, 0
24692, 1, 1636471167771, 1636471167943, 172, 0, 172, 0, 0, 0
24690, 1, 1636471167795, 1636471167967, 172, 0, 172, 0, 0, 0
24694, 1, 1636471167903, 1636471168075, 172, 0, 172, 0, 0, 0
24695, 1, 1636471167967, 1636471168139, 172, 0, 172, 0, 0, 0
24698, 1, 1636471168035, 1636471168207, 172, 0, 172, 0, 0, 0
24697, 1, 1636471168059, 1636471168231, 172, 0, 172, 0, 0, 0
24693, 1, 1636471168143, 1636471168315, 172, 0, 172, 0, 0, 0
24701, 1, 1636471168375, 1636471168547, 172, 0, 172, 0, 0, 0
24700, 1, 1636471168403, 1636471168579, 176, 0, 176, 0, 0, 0
24702, 1, 1636471168443, 1636471168615, 172, 0, 172, 0, 0, 0
24703, 1, 1636471168451, 1636471168627, 176, 0, 176, 0, 0, 0
24704, 1, 1636471168575, 1636471168747, 172, 0, 172, 0, 0, 0
24708, 1, 1636471168699, 1636471168871, 172, 0, 172, 0, 0, 0
24707, 1, 1636471168727, 1636471168899, 172, 0, 172, 0, 0, 0
24709, 1, 1636471168803, 1636471168975, 172, 0, 172, 0, 0, 0
24705, 1, 1636471168923, 1636471169095, 172, 0, 172, 0, 0, 0
24710, 1, 1636471169043, 1636471169215, 172, 0, 172, 0, 0, 0
24711, 1, 1636471169067, 1636471169239, 172, 0, 172, 0, 0, 0
24712, 1, 1636471169107, 1636471169279, 172, 0, 172, 0, 0, 0
24713, 1, 1636471169115, 1636471169287, 172, 0, 172, 0, 0, 0
24714, 1, 1636471169267, 1636471169439, 172, 0, 172, 0, 0, 0
24715, 1, 1636471169391, 1636471169563, 172, 0, 172, 0, 0, 0
24716, 1, 1636471169455, 1636471169627, 172, 0, 172, 0, 0, 0
24717, 1, 1636471169463, 1636471169635, 172, 0, 172, 0, 0, 0
24718, 1, 1636471169575, 1636471169747, 172, 0, 172, 0, 0, 0
24722, 1, 1636471169767, 1636471169939, 172, 0, 172, 0, 0, 0
24723, 1, 1636471169783, 1636471169955, 172, 0, 172, 0, 0, 0
24721, 1, 1636471169923, 1636471170095, 172, 0, 172, 0, 0, 0
24725, 1, 1636471170063, 1636471170235, 172, 0, 172, 0, 0, 0
24726, 1, 1636471170115, 1636471170287, 172, 0, 172, 0, 0, 0
24727, 1, 1636471170131, 1636471170303, 172, 0, 172, 0, 0, 0
24728, 1, 1636471170239, 1636471170411, 172, 0, 172, 0, 0, 0
24720, 1, 1636471170267, 1636471170439, 172, 0, 172, 0, 0, 0
24729, 1, 1636471170435, 1636471170607, 172, 0, 172, 0, 0, 0
24732, 1, 1636471170575, 1636471170747, 172, 0, 172, 0, 0, 0
24733, 1, 1636471170587, 1636471170759, 172, 0, 172, 0, 0, 0
24734, 1, 1636471170587, 1636471170759, 172, 0, 172, 0, 0, 0
24735, 1, 1636471170727, 1636471170903, 176, 0, 176, 0, 0, 0
24736, 1, 1636471170775, 1636471170947, 172, 0, 172, 0, 0, 0
24730, 1, 1636471170783, 1636471170955, 172, 0, 172, 0, 0, 0
24737, 1, 1636471170791, 1636471170963, 172, 0, 172, 0, 0, 0
24739, 1, 1636471170919, 1636471171091, 172, 0, 172, 0, 0, 0
24738, 1, 1636471170927, 1636471171103, 176, 0, 176, 0, 0, 0
24740, 1, 1636471170975, 1636471171151, 176, 0, 176, 0, 0, 0
24741, 1, 1636471171103, 1636471171275, 172, 0, 172, 0, 0, 0
24743, 1, 1636471171243, 1636471171415, 172, 0, 172, 0, 0, 0
24742, 1, 1636471171247, 1636471171419, 172, 0, 172, 0, 0, 0
24745, 1, 1636471171391, 1636471171563, 172, 0, 172, 0, 0, 0
24746, 1, 1636471171439, 1636471171611, 172, 0, 172, 0, 0, 0
24747, 1, 1636471171443, 1636471171615, 172, 0, 172, 0, 0, 0
24751, 1, 1636471171583, 1636471171755, 172, 0, 172, 0, 0, 0
24744, 1, 1636471171599, 1636471171771, 172, 0, 172, 0, 0, 0
24753, 1, 1636471171771, 1636471171943, 172, 0, 172, 0, 0, 0
24748, 1, 1636471171791, 1636471171967, 176, 0, 176, 0, 0, 0
24755, 1, 1636471171911, 1636471172087, 176, 0, 176, 0, 0, 0
24756, 1, 1636471171987, 1636471172159, 172, 0, 172, 0, 0, 0
24757, 1, 1636471172055, 1636471172227, 172, 0, 172, 0, 0, 0
24758, 1, 1636471172103, 1636471172275, 172, 0, 172, 0, 0, 0
24759, 1, 1636471172107, 1636471172279, 172, 0, 172, 0, 0, 0
24760, 1, 1636471172251, 1636471172427, 176, 0, 176, 0, 0, 0
24761, 1, 1636471172259, 1636471172431, 172, 0, 172, 0, 0, 0
24762, 1, 1636471172451, 1636471172623, 172, 0, 172, 0, 0, 0
24765, 1, 1636471172451, 1636471172623, 172, 0, 172, 0, 0, 0
24766, 1, 1636471172575, 1636471172747, 172, 0, 172, 0, 0, 0
24764, 1, 1636471172599, 1636471172771, 172, 0, 172, 0, 0, 0
24768, 1, 1636471172723, 1636471172899, 176, 0, 176, 0, 0, 0
24769, 1, 1636471172767, 1636471172939, 172, 0, 172, 0, 0, 0
24771, 1, 1636471172771, 1636471172947, 176, 0, 176, 0, 0, 0
24770, 1, 1636471172779, 1636471172951, 172, 0, 172, 0, 0, 0
24773, 1, 1636471172919, 1636471173091, 172, 0, 172, 0, 0, 0
24774, 1, 1636471172923, 1636471173095, 172, 0, 172, 0, 0, 0
24775, 1, 1636471173111, 1636471173283, 172, 0, 172, 0, 0, 0
24776, 1, 1636471173119, 1636471173291, 172, 0, 172, 0, 0, 0
24777, 1, 1636471173243, 1636471173415, 172, 0, 172, 0, 0, 0
24779, 1, 1636471173391, 1636471173567, 176, 0, 176, 0, 0, 0
24781, 1, 1636471173439, 1636471173611, 172, 0, 172, 0, 0, 0
24782, 1, 1636471173439, 1636471173611, 172, 0, 172, 0, 0, 0
24783, 1, 1636471173587, 1636471173767, 180, 0, 180, 0, 0, 0
24778, 1, 1636471173591, 1636471173775, 184, 0, 184, 0, 0, 0
24784, 1, 1636471173591, 1636471173779, 188, 0, 188, 0, 0, 0
24786, 1, 1636471173783, 1636471173955, 172, 0, 172, 0, 0, 0
24787, 1, 1636471173851, 1636471174027, 176, 0, 176, 0, 0, 0
24788, 1, 1636471173915, 1636471174087, 172, 0, 172, 0, 0, 0
24790, 1, 1636471174059, 1636471174231, 172, 0, 172, 0, 0, 0
24791, 1, 1636471174111, 1636471174287, 176, 0, 176, 0, 0, 0
24792, 1, 1636471174111, 1636471174287, 176, 0, 176, 0, 0, 0
24794, 1, 1636471174223, 1636471174395, 172, 0, 172, 0, 0, 0
24796, 1, 1636471174259, 1636471174435, 176, 0, 176, 0, 0, 0
24795, 1, 1636471174259, 1636471174435, 176, 0, 176, 0, 0, 0
24799, 1, 1636471174447, 1636471174619, 172, 0, 172, 0, 0, 0
24793, 1, 1636471174467, 1636471174639, 172, 0, 172, 0, 0, 0
24797, 1, 1636471174571, 1636471174743, 172, 0, 172, 0, 0, 0
24801, 1, 1636471174579, 1636471174755, 176, 0, 176, 0, 0, 0
24802, 1, 1636471174615, 1636471174791, 176, 0, 176, 0, 0, 0
24803, 1, 1636471174719, 1636471174891, 172, 0, 172, 0, 0, 0
24805, 1, 1636471174779, 1636471174951, 172, 0, 172, 0, 0, 0
24804, 1, 1636471174779, 1636471174951, 172, 0, 172, 0, 0, 0
24808, 1, 1636471174919, 1636471175091, 172, 0, 172, 0, 0, 0
24809, 1, 1636471174927, 1636471175099, 172, 0, 172, 0, 0, 0
24810, 1, 1636471174991, 1636471175163, 172, 0, 172, 0, 0, 0
24811, 1, 1636471175119, 1636471175291, 172, 0, 172, 0, 0, 0
24812, 1, 1636471175139, 1636471175311, 172, 0, 172, 0, 0, 0
24813, 1, 1636471175203, 1636471175379, 176, 0, 176, 0, 0, 0
24815, 1, 1636471175243, 1636471175415, 172, 0, 172, 0, 0, 0
24817, 1, 1636471175382, 1636471175555, 173, 1, 172, 0, 0, 0
24818, 1, 1636471175439, 1636471175611, 172, 0, 172, 0, 0, 0
24819, 1, 1636471175439, 1636471175611, 172, 0, 172, 0, 0, 0
24820, 1, 1636471175587, 1636471175759, 172, 0, 172, 0, 0, 0
24821, 1, 1636471175591, 1636471175763, 172, 0, 172, 0, 0, 0
24822, 1, 1636471175647, 1636471175823, 176, 0, 176, 0, 0, 0
24824, 1, 1636471175775, 1636471175947, 172, 0, 172, 0, 0, 0
24823, 1, 1636471175783, 1636471175955, 172, 0, 172, 0, 0, 0
24825, 1, 1636471175791, 1636471175963, 172, 0, 172, 0, 0, 0
24828, 1, 1636471175903, 1636471176079, 176, 0, 176, 0, 0, 0
24829, 1, 1636471176055, 1636471176227, 172, 0, 172, 0, 0, 0
24831, 1, 1636471176103, 1636471176279, 176, 0, 176, 0, 0, 0
24830, 1, 1636471176111, 1636471176283, 172, 0, 172, 0, 0, 0
24832, 1, 1636471176119, 1636471176291, 172, 0, 172, 0, 0, 0
24833, 1, 1636471176251, 1636471176423, 172, 0, 172, 0, 0, 0
24834, 1, 1636471176259, 1636471176431, 172, 0, 172, 0, 0, 0
24836, 1, 1636471176315, 1636471176487, 172, 0, 172, 0, 0, 0
24835, 1, 1636471176315, 1636471176487, 172, 0, 172, 0, 0, 0
24837, 1, 1636471176439, 1636471176615, 176, 0, 176, 0, 0, 0
24838, 1, 1636471176451, 1636471176623, 172, 0, 172, 0, 0, 0
24840, 1, 1636471176579, 1636471176755, 176, 0, 176, 0, 0, 0
24841, 1, 1636471176619, 1636471176791, 172, 0, 172, 0, 0, 0
24842, 1, 1636471176715, 1636471176887, 172, 0, 172, 0, 0, 0
24843, 1, 1636471176771, 1636471176943, 172, 0, 172, 0, 0, 0
24844, 1, 1636471176775, 1636471176947, 172, 0, 172, 0, 0, 0
24846, 1, 1636471176867, 1636471177039, 172, 0, 172, 0, 0, 0
24848, 1, 1636471176923, 1636471177095, 172, 0, 172, 0, 0, 0
24847, 1, 1636471176923, 1636471177095, 172, 0, 172, 0, 0, 0
24850, 1, 1636471176979, 1636471177151, 172, 0, 172, 0, 0, 0
24851, 1, 1636471177103, 1636471177279, 176, 0, 176, 0, 0, 0
24852, 1, 1636471177115, 1636471177287, 172, 0, 172, 0, 0, 0
24853, 1, 1636471177123, 1636471177295, 172, 0, 172, 0, 0, 0
24854, 1, 1636471177231, 1636471177403, 172, 0, 172, 0, 0, 0
24855, 1, 1636471177247, 1636471177419, 172, 0, 172, 0, 0, 0
24856, 1, 1636471177283, 1636471177455, 172, 0, 172, 0, 0, 0
24857, 1, 1636471177387, 1636471177559, 172, 0, 172, 0, 0, 0
24859, 1, 1636471177443, 1636471177615, 172, 0, 172, 0, 0, 0
24858, 1, 1636471177443, 1636471177615, 172, 0, 172, 0, 0, 0
24860, 1, 1636471177527, 1636471177699, 172, 0, 172, 0, 0, 0
24863, 1, 1636471177587, 1636471177759, 172, 0, 172, 0, 0, 0
24862, 1, 1636471177587, 1636471177759, 172, 0, 172, 0, 0, 0
24861, 1, 1636471177587, 1636471177763, 176, 0, 176, 0, 0, 0
24864, 1, 1636471177627, 1636471177803, 176, 0, 176, 0, 0, 0
24865, 1, 1636471177651, 1636471177827, 176, 0, 176, 0, 0, 0
24866, 1, 1636471177775, 1636471177951, 176, 0, 176, 0, 0, 0
24867, 1, 1636471177791, 1636471177963, 172, 0, 172, 0, 0, 0
24869, 1, 1636471177891, 1636471178063, 172, 0, 172, 0, 0, 0
24870, 1, 1636471177911, 1636471178087, 176, 0, 176, 0, 0, 0
24871, 1, 1636471177947, 1636471178123, 176, 0, 176, 0, 0, 0
24839, 1, 1636471177951, 1636471178131, 180, 0, 180, 0, 0, 0
24872, 1, 1636471178051, 1636471178227, 176, 0, 176, 0, 0, 0
24873, 1, 1636471178111, 1636471178283, 172, 0, 172, 0, 0, 0
24874, 1, 1636471178111, 1636471178283, 172, 0, 172, 0, 0, 0
24875, 1, 1636471178199, 1636471178375, 176, 0, 176, 0, 0, 0
24876, 1, 1636471178211, 1636471178383, 172, 0, 172, 0, 0, 0
24877, 1, 1636471178231, 1636471178411, 180, 0, 180, 0, 0, 0
24879, 1, 1636471178251, 1636471178427, 176, 0, 176, 0, 0, 0
24878, 1, 1636471178255, 1636471178431, 176, 0, 176, 0, 0, 0
24880, 1, 1636471178259, 1636471178435, 176, 0, 176, 0, 0, 0
24881, 1, 1636471178287, 1636471178463, 176, 0, 176, 0, 0, 0
24882, 1, 1636471178311, 1636471178483, 172, 0, 172, 0, 0, 0
24884, 1, 1636471178451, 1636471178623, 172, 0, 172, 0, 0, 0
24883, 1, 1636471178551, 1636471178723, 172, 0, 172, 0, 0, 0
24885, 1, 1636471178555, 1636471178727, 172, 0, 172, 0, 0, 0
24886, 1, 1636471178575, 1636471178751, 176, 0, 176, 0, 0, 0
24887, 1, 1636471178615, 1636471178787, 172, 0, 172, 0, 0, 0
24888, 1, 1636471178615, 1636471178787, 172, 0, 172, 0, 0, 0
24889, 1, 1636471178715, 1636471178887, 172, 0, 172, 0, 0, 0
24890, 1, 1636471178767, 1636471178939, 172, 0, 172, 0, 0, 0
24891, 1, 1636471178767, 1636471178939, 172, 0, 172, 0, 0, 0
24892, 1, 1636471178859, 1636471179031, 172, 0, 172, 0, 0, 0
24894, 1, 1636471178891, 1636471179063, 172, 0, 172, 0, 0, 0
24895, 1, 1636471178911, 1636471179083, 172, 0, 172, 0, 0, 0
24897, 1, 1636471178919, 1636471179091, 172, 0, 172, 0, 0, 0
24896, 1, 1636471178919, 1636471179091, 172, 0, 172, 0, 0, 0
24898, 1, 1636471178951, 1636471179131, 180, 0, 180, 0, 0, 0
24899, 1, 1636471178979, 1636471179151, 172, 0, 172, 0, 0, 0
24900, 1, 1636471179111, 1636471179287, 176, 0, 176, 0, 0, 0
24901, 1, 1636471179131, 1636471179303, 172, 0, 172, 0, 0, 0
24902, 1, 1636471179211, 1636471179387, 176, 0, 176, 0, 0, 0
24903, 1, 1636471179223, 1636471179403, 180, 0, 180, 0, 0, 0
24904, 1, 1636471179243, 1636471179423, 180, 0, 180, 0, 0, 0
24906, 1, 1636471179283, 1636471179463, 180, 0, 180, 0, 0, 0
24905, 1, 1636471179327, 1636471179499, 172, 0, 172, 0, 0, 0
24908, 1, 1636471179391, 1636471179563, 172, 0, 172, 0, 0, 0
24910, 1, 1636471179443, 1636471179619, 176, 0, 176, 0, 0, 0
24907, 1, 1636471179463, 1636471179639, 176, 0, 176, 0, 0, 0
24911, 1, 1636471179531, 1636471179703, 172, 0, 172, 0, 0, 0
24912, 1, 1636471179567, 1636471179739, 172, 0, 172, 0, 0, 0
24913, 1, 1636471179583, 1636471179755, 172, 0, 172, 0, 0, 0
24914, 1, 1636471179591, 1636471179763, 172, 0, 172, 0, 0, 0
24915, 1, 1636471179591, 1636471179763, 172, 0, 172, 0, 0, 0
24909, 1, 1636471179595, 1636471179767, 172, 0, 172, 0, 0, 0
24916, 1, 1636471179619, 1636471179791, 172, 0, 172, 0, 0, 0
24917, 1, 1636471179647, 1636471179819, 172, 0, 172, 0, 0, 0
24918, 1, 1636471179783, 1636471179955, 172, 0, 172, 0, 0, 0
24919, 1, 1636471179791, 1636471179963, 172, 0, 172, 0, 0, 0
24893, 1, 1636471179863, 1636471180035, 172, 0, 172, 0, 0, 0
24920, 1, 1636471179871, 1636471180043, 172, 0, 172, 0, 0, 0
24922, 1, 1636471179911, 1636471180087, 176, 0, 176, 0, 0, 0
24923, 1, 1636471179947, 1636471180119, 172, 0, 172, 0, 0, 0
24924, 1, 1636471179979, 1636471180151, 172, 0, 172, 0, 0, 0
24925, 1, 1636471180047, 1636471180219, 172, 0, 172, 0, 0, 0
24926, 1, 1636471180107, 1636471180279, 172, 0, 172, 0, 0, 0
24927, 1, 1636471180123, 1636471180295, 172, 0, 172, 0, 0, 0
24921, 1, 1636471180127, 1636471180299, 172, 0, 172, 0, 0, 0
24928, 1, 1636471180131, 1636471180303, 172, 0, 172, 0, 0, 0
24929, 1, 1636471180191, 1636471180363, 172, 0, 172, 0, 0, 0
24931, 1, 1636471180243, 1636471180415, 172, 0, 172, 0, 0, 0
24932, 1, 1636471180243, 1636471180415, 172, 0, 172, 0, 0, 0
24934, 1, 1636471180255, 1636471180427, 172, 0, 172, 0, 0, 0
24935, 1, 1636471180291, 1636471180463, 172, 0, 172, 0, 0, 0
24936, 1, 1636471180315, 1636471180487, 172, 0, 172, 0, 0, 0
24930, 1, 1636471180327, 1636471180499, 172, 0, 172, 0, 0, 0
24937, 1, 1636471180451, 1636471180623, 172, 0, 172, 0, 0, 0
24939, 1, 1636471180519, 1636471180691, 172, 0, 172, 0, 0, 0
24940, 1, 1636471180535, 1636471180711, 176, 0, 176, 0, 0, 0
24941, 1, 1636471180571, 1636471180743, 172, 0, 172, 0, 0, 0
24943, 1, 1636471180663, 1636471180835, 172, 0, 172, 0, 0, 0
24942, 1, 1636471180675, 1636471180847, 172, 0, 172, 0, 0, 0
24944, 1, 1636471180723, 1636471180895, 172, 0, 172, 0, 0, 0
24945, 1, 1636471180767, 1636471180939, 172, 0, 172, 0, 0, 0
24946, 1, 1636471180783, 1636471180955, 172, 0, 172, 0, 0, 0
24947, 1, 1636471180791, 1636471180963, 172, 0, 172, 0, 0, 0
24948, 1, 1636471180791, 1636471180963, 172, 0, 172, 0, 0, 0
24949, 1, 1636471180883, 1636471181055, 172, 0, 172, 0, 0, 0
24951, 1, 1636471180911, 1636471181083, 172, 0, 172, 0, 0, 0
24952, 1, 1636471180915, 1636471181087, 172, 0, 172, 0, 0, 0
24954, 1, 1636471180975, 1636471181147, 172, 0, 172, 0, 0, 0
24955, 1, 1636471181023, 1636471181195, 172, 0, 172, 0, 0, 0
24956, 1, 1636471181115, 1636471181287, 172, 0, 172, 0, 0, 0
24950, 1, 1636471181127, 1636471181299, 172, 0, 172, 0, 0, 0
24957, 1, 1636471181183, 1636471181355, 172, 0, 172, 0, 0, 0
24953, 1, 1636471181231, 1636471181403, 172, 0, 172, 0, 0, 0
24959, 1, 1636471181243, 1636471181415, 172, 0, 172, 0, 0, 0
24960, 1, 1636471181371, 1636471181543, 172, 0, 172, 0, 0, 0
24963, 1, 1636471181439, 1636471181611, 172, 0, 172, 0, 0, 0
24966, 1, 1636471181455, 1636471181631, 176, 0, 176, 0, 0, 0
24967, 1, 1636471181539, 1636471181711, 172, 0, 172, 0, 0, 0
24968, 1, 1636471181583, 1636471181755, 172, 0, 172, 0, 0, 0
24969, 1, 1636471181587, 1636471181759, 172, 0, 172, 0, 0, 0
24971, 1, 1636471181679, 1636471181851, 172, 0, 172, 0, 0, 0
24965, 1, 1636471181715, 1636471181887, 172, 0, 172, 0, 0, 0
24972, 1, 1636471181779, 1636471181951, 172, 0, 172, 0, 0, 0
24973, 1, 1636471181779, 1636471181951, 172, 0, 172, 0, 0, 0
24974, 1, 1636471181851, 1636471182027, 176, 0, 176, 0, 0, 0
24975, 1, 1636471181891, 1636471182063, 172, 0, 172, 0, 0, 0
24976, 1, 1636471182031, 1636471182203, 172, 0, 172, 0, 0, 0
24978, 1, 1636471182103, 1636471182275, 172, 0, 172, 0, 0, 0
24979, 1, 1636471182119, 1636471182295, 176, 0, 176, 0, 0, 0
24981, 1, 1636471182243, 1636471182415, 172, 0, 172, 0, 0, 0
24982, 1, 1636471182251, 1636471182423, 172, 0, 172, 0, 0, 0
24983, 1, 1636471182347, 1636471182519, 172, 0, 172, 0, 0, 0
24984, 1, 1636471182367, 1636471182539, 172, 0, 172, 0, 0, 0
24986, 1, 1636471182447, 1636471182619, 172, 0, 172, 0, 0, 0
24985, 1, 1636471182447, 1636471182619, 172, 0, 172, 0, 0, 0
24987, 1, 1636471182515, 1636471182691, 176, 0, 176, 0, 0, 0
24988, 1, 1636471182555, 1636471182735, 180, 0, 180, 0, 0, 0
24989, 1, 1636471182683, 1636471182855, 172, 0, 172, 0, 0, 0
24990, 1, 1636471182775, 1636471182947, 172, 0, 172, 0, 0, 0
24991, 1, 1636471182791, 1636471182967, 176, 0, 176, 0, 0, 0
24993, 1, 1636471182859, 1636471183031, 172, 0, 172, 0, 0, 0
24994, 1, 1636471182915, 1636471183087, 172, 0, 172, 0, 0, 0
24995, 1, 1636471182923, 1636471183095, 172, 0, 172, 0, 0, 0
24996, 1, 1636471183011, 1636471183183, 172, 0, 172, 0, 0, 0
24998, 1, 1636471183111, 1636471183283, 172, 0, 172, 0, 0, 0
24999, 1, 1636471183119, 1636471183291, 172, 0, 172, 0, 0, 0
24992, 1, 1636471183123, 1636471183299, 176, 0, 176, 0, 0, 0
25001, 1, 1636471183223, 1636471183395, 172, 0, 172, 0, 0, 0
25002, 1, 1636471183355, 1636471183527, 172, 0, 172, 0, 0, 0
25003, 1, 1636471183431, 1636471183603, 172, 0, 172, 0, 0, 0
25004, 1, 1636471183455, 1636471183627, 172, 0, 172, 0, 0, 0
25000, 1, 1636471183467, 1636471183639, 172, 0, 172, 0, 0, 0
25005, 1, 1636471183511, 1636471183687, 176, 0, 176, 0, 0, 0
25006, 1, 1636471183575, 1636471183747, 172, 0, 172, 0, 0, 0
25007, 1, 1636471183583, 1636471183755, 172, 0, 172, 0, 0, 0
25008, 1, 1636471183679, 1636471183851, 172, 0, 172, 0, 0, 0
25009, 1, 1636471183731, 1636471183903, 172, 0, 172, 0, 0, 0
24997, 1, 1636471183735, 1636471183907, 172, 0, 172, 0, 0, 0
25010, 1, 1636471183775, 1636471183947, 172, 0, 172, 0, 0, 0
25012, 1, 1636471183783, 1636471183955, 172, 0, 172, 0, 0, 0
25013, 1, 1636471183799, 1636471183971, 172, 0, 172, 0, 0, 0
25014, 1, 1636471183847, 1636471184027, 180, 0, 180, 0, 0, 0
25016, 1, 1636471183887, 1636471184063, 176, 0, 176, 0, 0, 0
25011, 1, 1636471183931, 1636471184107, 176, 0, 176, 0, 0, 0
25017, 1, 1636471184003, 1636471184179, 176, 0, 176, 0, 0, 0
25018, 1, 1636471184019, 1636471184195, 176, 0, 176, 0, 0, 0
25019, 1, 1636471184103, 1636471184275, 172, 0, 172, 0, 0, 0
25020, 1, 1636471184127, 1636471184299, 172, 0, 172, 0, 0, 0
25021, 1, 1636471184127, 1636471184299, 172, 0, 172, 0, 0, 0
25022, 1, 1636471184183, 1636471184355, 172, 0, 172, 0, 0, 0
25015, 1, 1636471184203, 1636471184379, 176, 0, 176, 0, 0, 0
25023, 1, 1636471184243, 1636471184415, 172, 0, 172, 0, 0, 0
25024, 1, 1636471184251, 1636471184423, 172, 0, 172, 0, 0, 0
25025, 1, 1636471184347, 1636471184519, 172, 0, 172, 0, 0, 0
25026, 1, 1636471184391, 1636471184567, 176, 0, 176, 0, 0, 0
25027, 1, 1636471184391, 1636471184567, 176, 0, 176, 0, 0, 0
25028, 1, 1636471184443, 1636471184615, 172, 0, 172, 0, 0, 0
25029, 1, 1636471184447, 1636471184623, 176, 0, 176, 0, 0, 0
25030, 1, 1636471184454, 1636471184627, 173, 1, 172, 0, 0, 0
25031, 1, 1636471184511, 1636471184687, 176, 0, 176, 0, 0, 0
25032, 1, 1636471184555, 1636471184731, 176, 0, 176, 0, 0, 0
25033, 1, 1636471184587, 1636471184763, 176, 0, 176, 0, 0, 0
25034, 1, 1636471184643, 1636471184819, 176, 0, 176, 0, 0, 0
25036, 1, 1636471184663, 1636471184835, 172, 0, 172, 0, 0, 0
25037, 1, 1636471184691, 1636471184863, 172, 0, 172, 0, 0, 0
25038, 1, 1636471184763, 1636471184939, 176, 0, 176, 0, 0, 0
25040, 1, 1636471184795, 1636471184967, 172, 0, 172, 0, 0, 0
25041, 1, 1636471184851, 1636471185027, 176, 0, 176, 0, 0, 0
25042, 1, 1636471184863, 1636471185047, 184, 0, 184, 0, 0, 0
25043, 1, 1636471184907, 1636471185083, 176, 0, 176, 0, 0, 0
25035, 1, 1636471184999, 1636471185171, 172, 0, 172, 0, 0, 0
25039, 1, 1636471185011, 1636471185187, 176, 0, 176, 0, 0, 0
25045, 1, 1636471185015, 1636471185187, 172, 0, 172, 0, 0, 0
25047, 1, 1636471185063, 1636471185239, 176, 0, 176, 0, 0, 0
25048, 1, 1636471185111, 1636471185283, 172, 0, 172, 0, 0, 0
25049, 1, 1636471185123, 1636471185295, 172, 0, 172, 0, 0, 0
25050, 1, 1636471185139, 1636471185311, 172, 0, 172, 0, 0, 0
25044, 1, 1636471185199, 1636471185371, 172, 0, 172, 0, 0, 0
25052, 1, 1636471185223, 1636471185395, 172, 0, 172, 0, 0, 0
25054, 1, 1636471185307, 1636471185483, 176, 0, 176, 0, 0, 0
25055, 1, 1636471185331, 1636471185503, 172, 0, 172, 0, 0, 0
25053, 1, 1636471185343, 1636471185515, 172, 0, 172, 0, 0, 0
25056, 1, 1636471185355, 1636471185527, 172, 0, 172, 0, 0, 0
25057, 1, 1636471185431, 1636471185603, 172, 0, 172, 0, 0, 0
25059, 1, 1636471185511, 1636471185687, 176, 0, 176, 0, 0, 0
25061, 1, 1636471185575, 1636471185747, 172, 0, 172, 0, 0, 0
25062, 1, 1636471185663, 1636471185835, 172, 0, 172, 0, 0, 0
25063, 1, 1636471185671, 1636471185843, 172, 0, 172, 0, 0, 0
25064, 1, 1636471185675, 1636471185851, 176, 0, 176, 0, 0, 0
25058, 1, 1636471185683, 1636471185859, 176, 0, 176, 0, 0, 0
25065, 1, 1636471185727, 1636471185899, 172, 0, 172, 0, 0, 0
25066, 1, 1636471185775, 1636471185947, 172, 0, 172, 0, 0, 0
25067, 1, 1636471185787, 1636471185959, 172, 0, 172, 0, 0, 0
25068, 1, 1636471185795, 1636471185967, 172, 0, 172, 0, 0, 0
25069, 1, 1636471185855, 1636471186031, 176, 0, 176, 0, 0, 0
25070, 1, 1636471185887, 1636471186059, 172, 0, 172, 0, 0, 0
25071, 1, 1636471185979, 1636471186151, 172, 0, 172, 0, 0, 0
25072, 1, 1636471185999, 1636471186179, 180, 0, 180, 0, 0, 0
25073, 1, 1636471186015, 1636471186187, 172, 0, 172, 0, 0, 0
25074, 1, 1636471186023, 1636471186195, 172, 0, 172, 0, 0, 0
25075, 1, 1636471186103, 1636471186275, 172, 0, 172, 0, 0, 0
25076, 1, 1636471186195, 1636471186367, 172, 0, 172, 0, 0, 0
25077, 1, 1636471186243, 1636471186415, 172, 0, 172, 0, 0, 0
25078, 1, 1636471186327, 1636471186499, 172, 0, 172, 0, 0, 0
25080, 1, 1636471186343, 1636471186515, 172, 0, 172, 0, 0, 0
25081, 1, 1636471186363, 1636471186535, 172, 0, 172, 0, 0, 0
25082, 1, 1636471186395, 1636471186567, 172, 0, 172, 0, 0, 0
25083, 1, 1636471186439, 1636471186611, 172, 0, 172, 0, 0, 0
25084, 1, 1636471186451, 1636471186623, 172, 0, 172, 0, 0, 0
25085, 1, 1636471186455, 1636471186627, 172, 0, 172, 0, 0, 0
25086, 1, 1636471186523, 1636471186695, 172, 0, 172, 0, 0, 0
25087, 1, 1636471186559, 1636471186731, 172, 0, 172, 0, 0, 0
25088, 1, 1636471186639, 1636471186815, 176, 0, 176, 0, 0, 0
25090, 1, 1636471186667, 1636471186843, 176, 0, 176, 0, 0, 0
25079, 1, 1636471186675, 1636471186847, 172, 0, 172, 0, 0, 0
25091, 1, 1636471186691, 1636471186863, 172, 0, 172, 0, 0, 0
25092, 1, 1636471186763, 1636471186935, 172, 0, 172, 0, 0, 0
25089, 1, 1636471186799, 1636471186971, 172, 0, 172, 0, 0, 0
25093, 1, 1636471186851, 1636471187023, 172, 0, 172, 0, 0, 0
25094, 1, 1636471186911, 1636471187083, 172, 0, 172, 0, 0, 0
25095, 1, 1636471186999, 1636471187175, 176, 0, 176, 0, 0, 0
25097, 1, 1636471187019, 1636471187195, 176, 0, 176, 0, 0, 0
25099, 1, 1636471187111, 1636471187283, 172, 0, 172, 0, 0, 0
25100, 1, 1636471187119, 1636471187291, 172, 0, 172, 0, 0, 0
25101, 1, 1636471187127, 1636471187303, 176, 0, 176, 0, 0, 0
25098, 1, 1636471187147, 1636471187319, 172, 0, 172, 0, 0, 0
25102, 1, 1636471187191, 1636471187363, 172, 0, 172, 0, 0, 0
25103, 1, 1636471187219, 1636471187391, 172, 0, 172, 0, 0, 0
25105, 1, 1636471187351, 1636471187523, 172, 0, 172, 0, 0, 0
25106, 1, 1636471187351, 1636471187523, 172, 0, 172, 0, 0, 0
25108, 1, 1636471187431, 1636471187603, 172, 0, 172, 0, 0, 0
25104, 1, 1636471187467, 1636471187639, 172, 0, 172, 0, 0, 0
25107, 1, 1636471187495, 1636471187671, 176, 0, 176, 0, 0, 0
25110, 1, 1636471187515, 1636471187687, 172, 0, 172, 0, 0, 0
25111, 1, 1636471187575, 1636471187747, 172, 0, 172, 0, 0, 0
25096, 1, 1636471187623, 1636471187799, 176, 0, 176, 0, 0, 0
25112, 1, 1636471187627, 1636471187803, 176, 0, 176, 0, 0, 0
25113, 1, 1636471187635, 1636471187811, 176, 0, 176, 0, 0, 0
25114, 1, 1636471187663, 1636471187839, 176, 0, 176, 0, 0, 0
25115, 1, 1636471187691, 1636471187867, 176, 0, 176, 0, 0, 0
25109, 1, 1636471187703, 1636471187875, 172, 0, 172, 0, 0, 0
25117, 1, 1636471187783, 1636471187955, 172, 0, 172, 0, 0, 0
25118, 1, 1636471187791, 1636471187963, 172, 0, 172, 0, 0, 0
25119, 1, 1636471187863, 1636471188035, 172, 0, 172, 0, 0, 0
25120, 1, 1636471187851, 1636471188035, 184, 0, 184, 0, 0, 0
25122, 1, 1636471187887, 1636471188059, 172, 0, 172, 0, 0, 0
25121, 1, 1636471187979, 1636471188151, 172, 0, 172, 0, 0, 0
25124, 1, 1636471188011, 1636471188187, 176, 0, 176, 0, 0, 0
25116, 1, 1636471188043, 1636471188215, 172, 0, 172, 0, 0, 0
25125, 1, 1636471188103, 1636471188275, 172, 0, 172, 0, 0, 0
25126, 1, 1636471188135, 1636471188311, 176, 0, 176, 0, 0, 0
25128, 1, 1636471188187, 1636471188359, 172, 0, 172, 0, 0, 0
25127, 1, 1636471188215, 1636471188387, 172, 0, 172, 0, 0, 0
25123, 1, 1636471188235, 1636471188407, 172, 0, 172, 0, 0, 0
25129, 1, 1636471188243, 1636471188415, 172, 0, 172, 0, 0, 0
25130, 1, 1636471188287, 1636471188459, 172, 0, 172, 0, 0, 0
25131, 1, 1636471188295, 1636471188467, 172, 0, 172, 0, 0, 0
25133, 1, 1636471188331, 1636471188503, 172, 0, 172, 0, 0, 0
25134, 1, 1636471188351, 1636471188527, 176, 0, 176, 0, 0, 0
25135, 1, 1636471188355, 1636471188527, 172, 0, 172, 0, 0, 0
25136, 1, 1636471188443, 1636471188615, 172, 0, 172, 0, 0, 0
25137, 1, 1636471188459, 1636471188635, 176, 0, 176, 0, 0, 0
25138, 1, 1636471188527, 1636471188699, 172, 0, 172, 0, 0, 0
25139, 1, 1636471188531, 1636471188703, 172, 0, 172, 0, 0, 0
25140, 1, 1636471188555, 1636471188727, 172, 0, 172, 0, 0, 0
25132, 1, 1636471188582, 1636471188755, 173, 1, 172, 0, 0, 0
25141, 1, 1636471188639, 1636471188811, 172, 0, 172, 0, 0, 0
25142, 1, 1636471188675, 1636471188847, 172, 0, 172, 0, 0, 0
25143, 1, 1636471188699, 1636471188875, 176, 0, 176, 0, 0, 0
25146, 1, 1636471188851, 1636471189023, 172, 0, 172, 0, 0, 0
25147, 1, 1636471188879, 1636471189051, 172, 0, 172, 0, 0, 0
25148, 1, 1636471188895, 1636471189071, 176, 0, 176, 0, 0, 0
25149, 1, 1636471188911, 1636471189091, 180, 0, 180, 0, 0, 0
25145, 1, 1636471188927, 1636471189099, 172, 0, 172, 0, 0, 0
25152, 1, 1636471188991, 1636471189163, 172, 0, 172, 0, 0, 0
25144, 1, 1636471189019, 1636471189191, 172, 0, 172, 0, 0, 0
25153, 1, 1636471189019, 1636471189191, 172, 0, 172, 0, 0, 0
25154, 1, 1636471189027, 1636471189198, 171, 0, 171, 0, 0, 0
25155, 1, 1636471189111, 1636471189283, 172, 0, 172, 0, 0, 0
25156, 1, 1636471189127, 1636471189303, 176, 0, 176, 0, 0, 0
25157, 1, 1636471189187, 1636471189359, 172, 0, 172, 0, 0, 0
25158, 1, 1636471189195, 1636471189367, 172, 0, 172, 0, 0, 0
25160, 1, 1636471189239, 1636471189411, 172, 0, 172, 0, 0, 0
25161, 1, 1636471189307, 1636471189479, 172, 0, 172, 0, 0, 0
25162, 1, 1636471189339, 1636471189511, 172, 0, 172, 0, 0, 0
25159, 1, 1636471189363, 1636471189535, 172, 0, 172, 0, 0, 0
25163, 1, 1636471189363, 1636471189535, 172, 0, 172, 0, 0, 0
25164, 1, 1636471189515, 1636471189691, 176, 0, 176, 0, 0, 0
25165, 1, 1636471189539, 1636471189711, 172, 0, 172, 0, 0, 0
25167, 1, 1636471189575, 1636471189747, 172, 0, 172, 0, 0, 0
25168, 1, 1636471189583, 1636471189755, 172, 0, 172, 0, 0, 0
25166, 1, 1636471189655, 1636471189831, 176, 0, 176, 0, 0, 0
25172, 1, 1636471189683, 1636471189855, 172, 0, 172, 0, 0, 0
25171, 1, 1636471189683, 1636471189859, 176, 0, 176, 0, 0, 0
25170, 1, 1636471189687, 1636471189863, 176, 0, 176, 0, 0, 0
25174, 1, 1636471189791, 1636471189967, 176, 0, 176, 0, 0, 0
25176, 1, 1636471189859, 1636471190031, 172, 0, 172, 0, 0, 0
25175, 1, 1636471189867, 1636471190043, 176, 0, 176, 0, 0, 0
25177, 1, 1636471189899, 1636471190071, 172, 0, 172, 0, 0, 0
25178, 1, 1636471189971, 1636471190143, 172, 0, 172, 0, 0, 0
25179, 1, 1636471190015, 1636471190187, 172, 0, 172, 0, 0, 0
25181, 1, 1636471190035, 1636471190207, 172, 0, 172, 0, 0, 0
25182, 1, 1636471190183, 1636471190359, 176, 0, 176, 0, 0, 0
25183, 1, 1636471190207, 1636471190383, 176, 0, 176, 0, 0, 0
25184, 1, 1636471190239, 1636471190411, 172, 0, 172, 0, 0, 0
25185, 1, 1636471190247, 1636471190419, 172, 0, 172, 0, 0, 0
25186, 1, 1636471190319, 1636471190495, 176, 0, 176, 0, 0, 0
25188, 1, 1636471190351, 1636471190527, 176, 0, 176, 0, 0, 0
25189, 1, 1636471190359, 1636471190531, 172, 0, 172, 0, 0, 0
25180, 1, 1636471190363, 1636471190542, 179, 0, 179, 0, 0, 0
25187, 1, 1636471190387, 1636471190563, 176, 0, 176, 0, 0, 0
25190, 1, 1636471190463, 1636471190635, 172, 0, 172, 0, 0, 0
25191, 1, 1636471190531, 1636471190703, 172, 0, 172, 0, 0, 0
25192, 1, 1636471190531, 1636471190707, 176, 0, 176, 0, 0, 0
25194, 1, 1636471190639, 1636471190811, 172, 0, 172, 0, 0, 0
25195, 1, 1636471190675, 1636471190847, 172, 0, 172, 0, 0, 0
25196, 1, 1636471190699, 1636471190871, 172, 0, 172, 0, 0, 0
25198, 1, 1636471190867, 1636471191039, 172, 0, 172, 0, 0, 0
25199, 1, 1636471190903, 1636471191075, 172, 0, 172, 0, 0, 0
25200, 1, 1636471190919, 1636471191091, 172, 0, 172, 0, 0, 0
25201, 1, 1636471190987, 1636471191159, 172, 0, 172, 0, 0, 0
25202, 1, 1636471191015, 1636471191187, 172, 0, 172, 0, 0, 0
25197, 1, 1636471191019, 1636471191195, 176, 0, 176, 0, 0, 0
25203, 1, 1636471191023, 1636471191195, 172, 0, 172, 0, 0, 0
25205, 1, 1636471191043, 1636471191219, 176, 0, 176, 0, 0, 0
25206, 1, 1636471191119, 1636471191295, 176, 0, 176, 0, 0, 0
25208, 1, 1636471191203, 1636471191375, 172, 0, 172, 0, 0, 0
25207, 1, 1636471191203, 1636471191375, 172, 0, 172, 0, 0, 0
25193, 1, 1636471191279, 1636471191451, 172, 0, 172, 0, 0, 0
25211, 1, 1636471191363, 1636471191539, 176, 0, 176, 0, 0, 0
25210, 1, 1636471191363, 1636471191539, 176, 0, 176, 0, 0, 0
25204, 1, 1636471191371, 1636471191543, 172, 0, 172, 0, 0, 0
25213, 1, 1636471191543, 1636471191715, 172, 0, 172, 0, 0, 0
25214, 1, 1636471191543, 1636471191715, 172, 0, 172, 0, 0, 0
25212, 1, 1636471191551, 1636471191723, 172, 0, 172, 0, 0, 0
25215, 1, 1636471191571, 1636471191743, 172, 0, 172, 0, 0, 0
25216, 1, 1636471191587, 1636471191763, 176, 0, 176, 0, 0, 0
25209, 1, 1636471191627, 1636471191799, 172, 0, 172, 0, 0, 0
25217, 1, 1636471191647, 1636471191819, 172, 0, 172, 0, 0, 0
25218, 1, 1636471191683, 1636471191855, 172, 0, 172, 0, 0, 0
25219, 1, 1636471191683, 1636471191855, 172, 0, 172, 0, 0, 0
25220, 1, 1636471191691, 1636471191863, 172, 0, 172, 0, 0, 0
25221, 1, 1636471191711, 1636471191883, 172, 0, 172, 0, 0, 0
25223, 1, 1636471191859, 1636471192031, 172, 0, 172, 0, 0, 0
25224, 1, 1636471191859, 1636471192031, 172, 0, 172, 0, 0, 0
25225, 1, 1636471191935, 1636471192111, 176, 0, 176, 0, 0, 0
25226, 1, 1636471192019, 1636471192195, 176, 0, 176, 0, 0, 0
25227, 1, 1636471192027, 1636471192203, 176, 0, 176, 0, 0, 0
25228, 1, 1636471192027, 1636471192203, 176, 0, 176, 0, 0, 0
25222, 1, 1636471192035, 1636471192207, 172, 0, 172, 0, 0, 0
25232, 1, 1636471192199, 1636471192371, 172, 0, 172, 0, 0, 0
25229, 1, 1636471192199, 1636471192375, 176, 0, 176, 0, 0, 0
25231, 1, 1636471192199, 1636471192375, 176, 0, 176, 0, 0, 0
25233, 1, 1636471192207, 1636471192383, 176, 0, 176, 0, 0, 0
25234, 1, 1636471192235, 1636471192407, 172, 0, 172, 0, 0, 0
25235, 1, 1636471192251, 1636471192427, 176, 0, 176, 0, 0, 0
25236, 1, 1636471192279, 1636471192455, 176, 0, 176, 0, 0, 0
25239, 1, 1636471192347, 1636471192523, 176, 0, 176, 0, 0, 0
25238, 1, 1636471192347, 1636471192523, 176, 0, 176, 0, 0, 0
25240, 1, 1636471192359, 1636471192539, 180, 0, 180, 0, 0, 0
25241, 1, 1636471192379, 1636471192551, 172, 0, 172, 0, 0, 0
25230, 1, 1636471192383, 1636471192555, 172, 0, 172, 0, 0, 0
25242, 1, 1636471192531, 1636471192703, 172, 0, 172, 0, 0, 0
25243, 1, 1636471192531, 1636471192703, 172, 0, 172, 0, 0, 0
25244, 1, 1636471192607, 1636471192779, 172, 0, 172, 0, 0, 0
25237, 1, 1636471192631, 1636471192803, 172, 0, 172, 0, 0, 0
25245, 1, 1636471192687, 1636471192859, 172, 0, 172, 0, 0, 0
25246, 1, 1636471192687, 1636471192859, 172, 0, 172, 0, 0, 0
25248, 1, 1636471192695, 1636471192867, 172, 0, 172, 0, 0, 0
25247, 1, 1636471192731, 1636471192903, 172, 0, 172, 0, 0, 0
25249, 1, 1636471192863, 1636471193035, 172, 0, 172, 0, 0, 0
25250, 1, 1636471192863, 1636471193039, 176, 0, 176, 0, 0, 0
25251, 1, 1636471192867, 1636471193039, 172, 0, 172, 0, 0, 0
25252, 1, 1636471192883, 1636471193059, 176, 0, 176, 0, 0, 0
25253, 1, 1636471192903, 1636471193079, 176, 0, 176, 0, 0, 0
25254, 1, 1636471192919, 1636471193091, 172, 0, 172, 0, 0, 0
25255, 1, 1636471192951, 1636471193127, 176, 0, 176, 0, 0, 0
25256, 1, 1636471193007, 1636471193179, 172, 0, 172, 0, 0, 0
25257, 1, 1636471193015, 1636471193187, 172, 0, 172, 0, 0, 0
25258, 1, 1636471193023, 1636471193195, 172, 0, 172, 0, 0, 0
25259, 1, 1636471193043, 1636471193219, 176, 0, 176, 0, 0, 0
25260, 1, 1636471193043, 1636471193223, 180, 0, 180, 0, 0, 0
25261, 1, 1636471193195, 1636471193375, 180, 0, 180, 0, 0, 0
25262, 1, 1636471193195, 1636471193375, 180, 0, 180, 0, 0, 0
25263, 1, 1636471193275, 1636471193451, 176, 0, 176, 0, 0, 0
25264, 1, 1636471193287, 1636471193463, 176, 0, 176, 0, 0, 0
25265, 1, 1636471193359, 1636471193531, 172, 0, 172, 0, 0, 0
25266, 1, 1636471193359, 1636471193531, 172, 0, 172, 0, 0, 0
25267, 1, 1636471193371, 1636471193543, 172, 0, 172, 0, 0, 0
25268, 1, 1636471193399, 1636471193571, 172, 0, 172, 0, 0, 0
25269, 1, 1636471193527, 1636471193703, 176, 0, 176, 0, 0, 0
25270, 1, 1636471193535, 1636471193707, 172, 0, 172, 0, 0, 0
25272, 1, 1636471193551, 1636471193731, 180, 0, 180, 0, 0, 0
25273, 1, 1636471193567, 1636471193738, 171, 0, 171, 0, 0, 0
25274, 1, 1636471193583, 1636471193755, 172, 0, 172, 0, 0, 0
25275, 1, 1636471193615, 1636471193787, 172, 0, 172, 0, 0, 0
25271, 1, 1636471193623, 1636471193795, 172, 0, 172, 0, 0, 0
25277, 1, 1636471193679, 1636471193851, 172, 0, 172, 0, 0, 0
25278, 1, 1636471193687, 1636471193859, 172, 0, 172, 0, 0, 0
25280, 1, 1636471193707, 1636471193879, 172, 0, 172, 0, 0, 0
25279, 1, 1636471193707, 1636471193879, 172, 0, 172, 0, 0, 0
25281, 1, 1636471193859, 1636471194031, 172, 0, 172, 0, 0, 0
25282, 1, 1636471193883, 1636471194055, 172, 0, 172, 0, 0, 0
25276, 1, 1636471193907, 1636471194079, 172, 0, 172, 0, 0, 0
25283, 1, 1636471193935, 1636471194107, 172, 0, 172, 0, 0, 0
25284, 1, 1636471193959, 1636471194131, 172, 0, 172, 0, 0, 0
25286, 1, 1636471194019, 1636471194191, 172, 0, 172, 0, 0, 0
25285, 1, 1636471194019, 1636471194191, 172, 0, 172, 0, 0, 0
25287, 1, 1636471194027, 1636471194199, 172, 0, 172, 0, 0, 0
25288, 1, 1636471194051, 1636471194222, 171, 0, 171, 0, 0, 0
25290, 1, 1636471194195, 1636471194367, 172, 0, 172, 0, 0, 0
25289, 1, 1636471194195, 1636471194367, 172, 0, 172, 0, 0, 0
25291, 1, 1636471194227, 1636471194399, 172, 0, 172, 0, 0, 0
25292, 1, 1636471194235, 1636471194407, 172, 0, 172, 0, 0, 0
25293, 1, 1636471194247, 1636471194419, 172, 0, 172, 0, 0, 0
25294, 1, 1636471194283, 1636471194455, 172, 0, 172, 0, 0, 0
25295, 1, 1636471194283, 1636471194459, 176, 0, 176, 0, 0, 0
25296, 1, 1636471194347, 1636471194519, 172, 0, 172, 0, 0, 0
25298, 1, 1636471194371, 1636471194543, 172, 0, 172, 0, 0, 0
25299, 1, 1636471194375, 1636471194547, 172, 0, 172, 0, 0, 0
25297, 1, 1636471194395, 1636471194571, 176, 0, 176, 0, 0, 0
25300, 1, 1636471194523, 1636471194695, 172, 0, 172, 0, 0, 0
25301, 1, 1636471194535, 1636471194707, 172, 0, 172, 0, 0, 0
25302, 1, 1636471194563, 1636471194735, 172, 0, 172, 0, 0, 0
25303, 1, 1636471194599, 1636471194771, 172, 0, 172, 0, 0, 0
25304, 1, 1636471194631, 1636471194803, 172, 0, 172, 0, 0, 0
25306, 1, 1636471194683, 1636471194863, 180, 0, 180, 0, 0, 0
25305, 1, 1636471194683, 1636471194863, 180, 0, 180, 0, 0, 0
25307, 1, 1636471194695, 1636471194867, 172, 0, 172, 0, 0, 0
25308, 1, 1636471194719, 1636471194895, 176, 0, 176, 0, 0, 0
25310, 1, 1636471194863, 1636471195038, 175, 0, 175, 0, 0, 0
25309, 1, 1636471194863, 1636471195038, 175, 0, 175, 0, 0, 0
25311, 1, 1636471194883, 1636471195059, 176, 0, 176, 0, 0, 0
25312, 1, 1636471194899, 1636471195074, 175, 0, 175, 0, 0, 0
25313, 1, 1636471194914, 1636471195090, 176, 1, 175, 0, 0, 0
25314, 1, 1636471194951, 1636471195127, 176, 0, 176, 0, 0, 0
25316, 1, 1636471195015, 1636471195187, 172, 0, 172, 0, 0, 0
25317, 1, 1636471195043, 1636471195215, 172, 0, 172, 0, 0, 0
25318, 1, 1636471195043, 1636471195215, 172, 0, 172, 0, 0, 0
25319, 1, 1636471195062, 1636471195243, 181, 1, 180, 0, 0, 0
25320, 1, 1636471195195, 1636471195367, 172, 0, 172, 0, 0, 0
25321, 1, 1636471195215, 1636471195387, 172, 0, 172, 0, 0, 0
25322, 1, 1636471195231, 1636471195403, 172, 0, 172, 0, 0, 0
25323, 1, 1636471195271, 1636471195443, 172, 0, 172, 0, 0, 0
25324, 1, 1636471195291, 1636471195463, 172, 0, 172, 0, 0, 0
25315, 1, 1636471195299, 1636471195471, 172, 0, 172, 0, 0, 0
25326, 1, 1636471195351, 1636471195523, 172, 0, 172, 0, 0, 0
25325, 1, 1636471195355, 1636471195527, 172, 0, 172, 0, 0, 0
25327, 1, 1636471195359, 1636471195531, 172, 0, 172, 0, 0, 0
25328, 1, 1636471195387, 1636471195559, 172, 0, 172, 0, 0, 0
25330, 1, 1636471195531, 1636471195707, 176, 0, 176, 0, 0, 0
25331, 1, 1636471195563, 1636471195735, 172, 0, 172, 0, 0, 0
25332, 1, 1636471195571, 1636471195743, 172, 0, 172, 0, 0, 0
25333, 1, 1636471195579, 1636471195751, 172, 0, 172, 0, 0, 0
25334, 1, 1636471195615, 1636471195787, 172, 0, 172, 0, 0, 0
25335, 1, 1636471195679, 1636471195851, 172, 0, 172, 0, 0, 0
25329, 1, 1636471195699, 1636471195875, 176, 0, 176, 0, 0, 0
25336, 1, 1636471195707, 1636471195879, 172, 0, 172, 0, 0, 0
25339, 1, 1636471195855, 1636471196027, 172, 0, 172, 0, 0, 0
25340, 1, 1636471195875, 1636471196051, 176, 0, 176, 0, 0, 0
25341, 1, 1636471195895, 1636471196075, 180, 0, 180, 0, 0, 0
25337, 1, 1636471195911, 1636471196083, 172, 0, 172, 0, 0, 0
25342, 1, 1636471195931, 1636471196102, 171, 0, 171, 0, 0, 0
25343, 1, 1636471195951, 1636471196122, 171, 0, 171, 0, 0, 0
25338, 1, 1636471195963, 1636471196135, 172, 0, 172, 0, 0, 0
25345, 1, 1636471196019, 1636471196191, 172, 0, 172, 0, 0, 0
25346, 1, 1636471196019, 1636471196191, 172, 0, 172, 0, 0, 0
25347, 1, 1636471196027, 1636471196199, 172, 0, 172, 0, 0, 0
25348, 1, 1636471196055, 1636471196227, 172, 0, 172, 0, 0, 0
25349, 1, 1636471196195, 1636471196367, 172, 0, 172, 0, 0, 0
25350, 1, 1636471196227, 1636471196399, 172, 0, 172, 0, 0, 0
25351, 1, 1636471196231, 1636471196403, 172, 0, 172, 0, 0, 0
25352, 1, 1636471196251, 1636471196423, 172, 0, 172, 0, 0, 0
25353, 1, 1636471196275, 1636471196447, 172, 0, 172, 0, 0, 0
25344, 1, 1636471196299, 1636471196471, 172, 0, 172, 0, 0, 0
25354, 1, 1636471196343, 1636471196515, 172, 0, 172, 0, 0, 0
25355, 1, 1636471196363, 1636471196535, 172, 0, 172, 0, 0, 0
25357, 1, 1636471196519, 1636471196691, 172, 0, 172, 0, 0, 0
25358, 1, 1636471196535, 1636471196707, 172, 0, 172, 0, 0, 0
25360, 1, 1636471196559, 1636471196731, 172, 0, 172, 0, 0, 0
25359, 1, 1636471196563, 1636471196735, 172, 0, 172, 0, 0, 0
25361, 1, 1636471196599, 1636471196775, 176, 0, 176, 0, 0, 0
25362, 1, 1636471196615, 1636471196787, 172, 0, 172, 0, 0, 0
25363, 1, 1636471196619, 1636471196791, 172, 0, 172, 0, 0, 0
25356, 1, 1636471196647, 1636471196819, 172, 0, 172, 0, 0, 0
25365, 1, 1636471196683, 1636471196855, 172, 0, 172, 0, 0, 0
25364, 1, 1636471196683, 1636471196855, 172, 0, 172, 0, 0, 0
25366, 1, 1636471196695, 1636471196867, 172, 0, 172, 0, 0, 0
25367, 1, 1636471196715, 1636471196887, 172, 0, 172, 0, 0, 0
25368, 1, 1636471196867, 1636471197039, 172, 0, 172, 0, 0, 0
25369, 1, 1636471196887, 1636471197059, 172, 0, 172, 0, 0, 0
25370, 1, 1636471196903, 1636471197075, 172, 0, 172, 0, 0, 0
25371, 1, 1636471196915, 1636471197087, 172, 0, 172, 0, 0, 0
25372, 1, 1636471196951, 1636471197123, 172, 0, 172, 0, 0, 0
25373, 1, 1636471196955, 1636471197127, 172, 0, 172, 0, 0, 0
25374, 1, 1636471197011, 1636471197183, 172, 0, 172, 0, 0, 0
25375, 1, 1636471197027, 1636471197199, 172, 0, 172, 0, 0, 0
25376, 1, 1636471197186, 1636471197359, 173, 1, 172, 0, 0, 0
25377, 1, 1636471197203, 1636471197375, 172, 0, 172, 0, 0, 0
25378, 1, 1636471197227, 1636471197399, 172, 0, 172, 0, 0, 0
25379, 1, 1636471197231, 1636471197403, 172, 0, 172, 0, 0, 0
25380, 1, 1636471197263, 1636471197435, 172, 0, 172, 0, 0, 0
25382, 1, 1636471197287, 1636471197459, 172, 0, 172, 0, 0, 0
25383, 1, 1636471197307, 1636471197483, 176, 0, 176, 0, 0, 0
25385, 1, 1636471197347, 1636471197519, 172, 0, 172, 0, 0, 0
25384, 1, 1636471197351, 1636471197523, 172, 0, 172, 0, 0, 0
25386, 1, 1636471197355, 1636471197527, 172, 0, 172, 0, 0, 0
25381, 1, 1636471197355, 1636471197527, 172, 0, 172, 0, 0, 0
25387, 1, 1636471197383, 1636471197555, 172, 0, 172, 0, 0, 0
25388, 1, 1636471197531, 1636471197707, 176, 0, 176, 0, 0, 0
25389, 1, 1636471197551, 1636471197726, 175, 0, 175, 0, 0, 0
25391, 1, 1636471197579, 1636471197751, 172, 0, 172, 0, 0, 0
25390, 1, 1636471197579, 1636471197751, 172, 0, 172, 0, 0, 0
25392, 1, 1636471197607, 1636471197783, 176, 0, 176, 0, 0, 0
25393, 1, 1636471197619, 1636471197791, 172, 0, 172, 0, 0, 0
25394, 1, 1636471197679, 1636471197851, 172, 0, 172, 0, 0, 0
25395, 1, 1636471197699, 1636471197871, 172, 0, 172, 0, 0, 0
25396, 1, 1636471197855, 1636471198027, 172, 0, 172, 0, 0, 0
25397, 1, 1636471197871, 1636471198043, 172, 0, 172, 0, 0, 0
25399, 1, 1636471197895, 1636471198067, 172, 0, 172, 0, 0, 0
25398, 1, 1636471197895, 1636471198067, 172, 0, 172, 0, 0, 0
25400, 1, 1636471197931, 1636471198103, 172, 0, 172, 0, 0, 0
25401, 1, 1636471197951, 1636471198123, 172, 0, 172, 0, 0, 0
25402, 1, 1636471197975, 1636471198147, 172, 0, 172, 0, 0, 0
25404, 1, 1636471198015, 1636471198187, 172, 0, 172, 0, 0, 0
25405, 1, 1636471198015, 1636471198187, 172, 0, 172, 0, 0, 0
25406, 1, 1636471198027, 1636471198199, 172, 0, 172, 0, 0, 0
25407, 1, 1636471198051, 1636471198223, 172, 0, 172, 0, 0, 0
25408, 1, 1636471198195, 1636471198367, 172, 0, 172, 0, 0, 0
25409, 1, 1636471198223, 1636471198395, 172, 0, 172, 0, 0, 0
25410, 1, 1636471198239, 1636471198411, 172, 0, 172, 0, 0, 0
25403, 1, 1636471198247, 1636471198419, 172, 0, 172, 0, 0, 0
25411, 1, 1636471198247, 1636471198419, 172, 0, 172, 0, 0, 0
25412, 1, 1636471198275, 1636471198447, 172, 0, 172, 0, 0, 0
25413, 1, 1636471198299, 1636471198471, 172, 0, 172, 0, 0, 0
25414, 1, 1636471198347, 1636471198519, 172, 0, 172, 0, 0, 0
25415, 1, 1636471198359, 1636471198531, 172, 0, 172, 0, 0, 0
25416, 1, 1636471198519, 1636471198691, 172, 0, 172, 0, 0, 0
25417, 1, 1636471198539, 1636471198711, 172, 0, 172, 0, 0, 0
25419, 1, 1636471198595, 1636471198767, 172, 0, 172, 0, 0, 0
25420, 1, 1636471198595, 1636471198771, 176, 0, 176, 0, 0, 0
25421, 1, 1636471198619, 1636471198795, 176, 0, 176, 0, 0, 0
25422, 1, 1636471198631, 1636471198803, 172, 0, 172, 0, 0, 0
25424, 1, 1636471198679, 1636471198851, 172, 0, 172, 0, 0, 0
25423, 1, 1636471198683, 1636471198855, 172, 0, 172, 0, 0, 0
25425, 1, 1636471198687, 1636471198859, 172, 0, 172, 0, 0, 0
25426, 1, 1636471198719, 1636471198891, 172, 0, 172, 0, 0, 0
25429, 1, 1636471198903, 1636471199075, 172, 0, 172, 0, 0, 0
25430, 1, 1636471198903, 1636471199079, 176, 0, 176, 0, 0, 0
25431, 1, 1636471198915, 1636471199087, 172, 0, 172, 0, 0, 0
25418, 1, 1636471198943, 1636471199115, 172, 0, 172, 0, 0, 0
25433, 1, 1636471198955, 1636471199127, 172, 0, 172, 0, 0, 0
25427, 1, 1636471198979, 1636471199151, 172, 0, 172, 0, 0, 0
25434, 1, 1636471199007, 1636471199183, 176, 0, 176, 0, 0, 0
25435, 1, 1636471199031, 1636471199203, 172, 0, 172, 0, 0, 0
25436, 1, 1636471199187, 1636471199363, 176, 0, 176, 0, 0, 0
25438, 1, 1636471199247, 1636471199419, 172, 0, 172, 0, 0, 0
25439, 1, 1636471199263, 1636471199439, 176, 0, 176, 0, 0, 0
25440, 1, 1636471199291, 1636471199467, 176, 0, 176, 0, 0, 0
25443, 1, 1636471199355, 1636471199527, 172, 0, 172, 0, 0, 0
25444, 1, 1636471199359, 1636471199531, 172, 0, 172, 0, 0, 0
25442, 1, 1636471199359, 1636471199531, 172, 0, 172, 0, 0, 0
25445, 1, 1636471199383, 1636471199555, 172, 0, 172, 0, 0, 0
25437, 1, 1636471199539, 1636471199711, 172, 0, 172, 0, 0, 0
25447, 1, 1636471199563, 1636471199735, 172, 0, 172, 0, 0, 0
25446, 1, 1636471199571, 1636471199747, 176, 0, 176, 0, 0, 0
25448, 1, 1636471199583, 1636471199755, 172, 0, 172, 0, 0, 0
25441, 1, 1636471199595, 1636471199771, 176, 0, 176, 0, 0, 0
25449, 1, 1636471199615, 1636471199787, 172, 0, 172, 0, 0, 0
25450, 1, 1636471199639, 1636471199811, 172, 0, 172, 0, 0, 0
25451, 1, 1636471199639, 1636471199815, 176, 0, 176, 0, 0, 0
25452, 1, 1636471199675, 1636471199847, 172, 0, 172, 0, 0, 0
25453, 1, 1636471199691, 1636471199863, 172, 0, 172, 0, 0, 0
25454, 1, 1636471199851, 1636471200031, 180, 0, 180, 0, 0, 0
25455, 1, 1636471199911, 1636471200083, 172, 0, 172, 0, 0, 0
25456, 1, 1636471199927, 1636471200099, 172, 0, 172, 0, 0, 0
25457, 1, 1636471199951, 1636471200123, 172, 0, 172, 0, 0, 0
25459, 1, 1636471200011, 1636471200187, 176, 0, 176, 0, 0, 0
25458, 1, 1636471200015, 1636471200187, 172, 0, 172, 0, 0, 0
25460, 1, 1636471200023, 1636471200195, 172, 0, 172, 0, 0, 0
25461, 1, 1636471200047, 1636471200219, 172, 0, 172, 0, 0, 0
25462, 1, 1636471200195, 1636471200371, 176, 0, 176, 0, 0, 0
25463, 1, 1636471200231, 1636471200407, 176, 0, 176, 0, 0, 0
25464, 1, 1636471200239, 1636471200411, 172, 0, 172, 0, 0, 0
25465, 1, 1636471200243, 1636471200419, 176, 0, 176, 0, 0, 0
25466, 1, 1636471200255, 1636471200427, 172, 0, 172, 0, 0, 0
25467, 1, 1636471200267, 1636471200439, 172, 0, 172, 0, 0, 0
25468, 1, 1636471200303, 1636471200479, 176, 0, 176, 0, 0, 0
25469, 1, 1636471200307, 1636471200479, 172, 0, 172, 0, 0, 0
25470, 1, 1636471200343, 1636471200515, 172, 0, 172, 0, 0, 0
25471, 1, 1636471200363, 1636471200535, 172, 0, 172, 0, 0, 0
25472, 1, 1636471200519, 1636471200690, 171, 0, 171, 0, 0, 0
25473, 1, 1636471200583, 1636471200754, 171, 0, 171, 0, 0, 0
25475, 1, 1636471200615, 1636471200787, 172, 0, 172, 0, 0, 0
25474, 1, 1636471200659, 1636471200831, 172, 0, 172, 0, 0, 0
25477, 1, 1636471200687, 1636471200859, 172, 0, 172, 0, 0, 0
25478, 1, 1636471200687, 1636471200859, 172, 0, 172, 0, 0, 0
25476, 1, 1636471200687, 1636471200859, 172, 0, 172, 0, 0, 0
25479, 1, 1636471200714, 1636471200895, 181, 1, 180, 0, 0, 0
25480, 1, 1636471200863, 1636471201039, 176, 0, 176, 0, 0, 0
25481, 1, 1636471200899, 1636471201067, 168, 0, 168, 0, 0, 0
25482, 1, 1636471200902, 1636471201074, 172, 1, 171, 0, 0, 0
25484, 1, 1636471200918, 1636471201091, 173, 0, 173, 0, 0, 0
25483, 1, 1636471200914, 1636471201095, 181, 0, 181, 0, 0, 0
25485, 1, 1636471200930, 1636471201103, 173, 1, 172, 0, 0, 0
25486, 1, 1636471200958, 1636471201131, 173, 1, 172, 0, 0, 0
25488, 1, 1636471200998, 1636471201179, 181, 0, 181, 0, 0, 0
25489, 1, 1636471201019, 1636471201191, 172, 0, 172, 0, 0, 0
25490, 1, 1636471201183, 1636471201355, 172, 0, 172, 0, 0, 0
25487, 1, 1636471201243, 1636471201415, 172, 0, 172, 0, 0, 0
25491, 1, 1636471201242, 1636471201419, 177, 1, 176, 0, 0, 0
25492, 1, 1636471201290, 1636471201467, 177, 1, 176, 1, 0, 1
25494, 1, 1636471201339, 1636471201514, 175, 0, 175, 0, 0, 0
25495, 1, 1636471201338, 1636471201514, 176, 1, 175, 0, 0, 0
25497, 1, 1636471201346, 1636471201519, 173, 1, 172, 0, 0, 0
25496, 1, 1636471201346, 1636471201519, 173, 1, 172, 1, 0, 1
25499, 1, 1636471201382, 1636471201555, 173, 1, 172, 1, 0, 1
25500, 1, 1636471201534, 1636471201707, 173, 1, 172, 1, 0, 1
25501, 1, 1636471201567, 1636471201739, 172, 0, 172, 0, 0, 0
25502, 1, 1636471201567, 1636471201739, 172, 0, 172, 0, 0, 0
25503, 1, 1636471201579, 1636471201751, 172, 0, 172, 0, 0, 0
25504, 1, 1636471201591, 1636471201763, 172, 0, 172, 0, 0, 0
25493, 1, 1636471201595, 1636471201767, 172, 0, 172, 0, 0, 0
25505, 1, 1636471201602, 1636471201775, 173, 1, 172, 0, 0, 0
25506, 1, 1636471201647, 1636471201823, 176, 0, 176, 0, 0, 0
25508, 1, 1636471201691, 1636471201867, 176, 0, 176, 0, 0, 0
25498, 1, 1636471201695, 1636471201867, 172, 0, 172, 0, 0, 0
25509, 1, 1636471201851, 1636471202027, 176, 0, 176, 0, 0, 0
25510, 1, 1636471201899, 1636471202071, 172, 0, 172, 0, 0, 0
25507, 1, 1636471201923, 1636471202095, 172, 0, 172, 0, 0, 0
25512, 1, 1636471201963, 1636471202135, 172, 0, 172, 0, 0, 0
25514, 1, 1636471202006, 1636471202179, 173, 1, 172, 0, 0, 0
25513, 1, 1636471202003, 1636471202179, 176, 0, 176, 0, 0, 0
25515, 1, 1636471202011, 1636471202183, 172, 0, 172, 0, 0, 0
25516, 1, 1636471202011, 1636471202187, 176, 0, 176, 0, 0, 0
25511, 1, 1636471202043, 1636471202215, 172, 0, 172, 0, 0, 0
25518, 1, 1636471202195, 1636471202367, 172, 0, 172, 0, 0, 0
25517, 1, 1636471202203, 1636471202383, 180, 0, 180, 0, 0, 0
25519, 1, 1636471202231, 1636471202403, 172, 0, 172, 0, 0, 0
25520, 1, 1636471202239, 1636471202411, 172, 0, 172, 0, 0, 0
25521, 1, 1636471202243, 1636471202419, 176, 0, 176, 0, 0, 0
25522, 1, 1636471202251, 1636471202423, 172, 0, 172, 0, 0, 0
25523, 1, 1636471202259, 1636471202431, 172, 0, 172, 0, 0, 0
25524, 1, 1636471202267, 1636471202439, 172, 0, 172, 0, 0, 0
25525, 1, 1636471202307, 1636471202483, 176, 0, 176, 0, 0, 0
25526, 1, 1636471202355, 1636471202531, 176, 0, 176, 0, 0, 0
25527, 1, 1636471202359, 1636471202535, 176, 0, 176, 0, 0, 0
25528, 1, 1636471202519, 1636471202691, 172, 0, 172, 0, 0, 0
25529, 1, 1636471202571, 1636471202743, 172, 0, 172, 0, 0, 0
25530, 1, 1636471202579, 1636471202751, 172, 0, 172, 0, 0, 0
25531, 1, 1636471202619, 1636471202791, 172, 0, 172, 0, 0, 0
25533, 1, 1636471202671, 1636471202843, 172, 0, 172, 0, 0, 0
25532, 1, 1636471202671, 1636471202843, 172, 0, 172, 0, 0, 0
25534, 1, 1636471202679, 1636471202851, 172, 0, 172, 0, 0, 0
25535, 1, 1636471202679, 1636471202851, 172, 0, 172, 0, 0, 0
25536, 1, 1636471202699, 1636471202879, 180, 0, 180, 0, 0, 0
25538, 1, 1636471202871, 1636471203043, 172, 0, 172, 0, 0, 0
25540, 1, 1636471202899, 1636471203071, 172, 0, 172, 0, 0, 0
25539, 1, 1636471202895, 1636471203071, 176, 0, 176, 0, 0, 0
25541, 1, 1636471202915, 1636471203087, 172, 0, 172, 0, 0, 0
25542, 1, 1636471202923, 1636471203095, 172, 0, 172, 0, 0, 0
25543, 1, 1636471202931, 1636471203107, 176, 0, 176, 0, 0, 0
25544, 1, 1636471202935, 1636471203107, 172, 0, 172, 0, 0, 0
25537, 1, 1636471202963, 1636471203139, 176, 0, 176, 0, 0, 0
25546, 1, 1636471203019, 1636471203191, 172, 0, 172, 0, 0, 0
25547, 1, 1636471203023, 1636471203199, 176, 0, 176, 0, 0, 0
25548, 1, 1636471203191, 1636471203363, 172, 0, 172, 0, 0, 0
25550, 1, 1636471203247, 1636471203419, 172, 0, 172, 0, 0, 0
25549, 1, 1636471203279, 1636471203451, 172, 0, 172, 0, 0, 0
25551, 1, 1636471203287, 1636471203459, 172, 0, 172, 0, 0, 0
25545, 1, 1636471203315, 1636471203487, 172, 0, 172, 0, 0, 0
25553, 1, 1636471203339, 1636471203511, 172, 0, 172, 0, 0, 0
25554, 1, 1636471203343, 1636471203515, 172, 0, 172, 0, 0, 0
25552, 1, 1636471203343, 1636471203515, 172, 0, 172, 0, 0, 0
25555, 1, 1636471203355, 1636471203531, 176, 0, 176, 0, 0, 0
25556, 1, 1636471203367, 1636471203539, 172, 0, 172, 0, 0, 0
25557, 1, 1636471203531, 1636471203703, 172, 0, 172, 0, 0, 0
25559, 1, 1636471203567, 1636471203739, 172, 0, 172, 0, 0, 0
25560, 1, 1636471203579, 1636471203751, 172, 0, 172, 0, 0, 0
25561, 1, 1636471203586, 1636471203758, 172, 1, 171, 0, 0, 0
25558, 1, 1636471203591, 1636471203763, 172, 0, 172, 0, 0, 0
25563, 1, 1636471203599, 1636471203774, 175, 0, 175, 0, 0, 0
25562, 1, 1636471203623, 1636471203799, 176, 0, 176, 0, 0, 0
25564, 1, 1636471203663, 1636471203835, 172, 0, 172, 0, 0, 0
25566, 1, 1636471203687, 1636471203859, 172, 0, 172, 0, 0, 0
25565, 1, 1636471203687, 1636471203859, 172, 0, 172, 0, 0, 0
25567, 1, 1636471203851, 1636471204023, 172, 0, 172, 0, 0, 0
25568, 1, 1636471203907, 1636471204079, 172, 0, 172, 0, 0, 0
25569, 1, 1636471203935, 1636471204111, 176, 0, 176, 0, 0, 0
25570, 1, 1636471203955, 1636471204127, 172, 0, 172, 0, 0, 0
25571, 1, 1636471203974, 1636471204151, 177, 1, 176, 0, 0, 0
25572, 1, 1636471204003, 1636471204183, 180, 0, 180, 0, 0, 0
25573, 1, 1636471204007, 1636471204183, 176, 0, 176, 0, 0, 0
25575, 1, 1636471204011, 1636471204187, 176, 0, 176, 0, 0, 0
25576, 1, 1636471204031, 1636471204207, 176, 0, 176, 0, 0, 0
25577, 1, 1636471204199, 1636471204371, 172, 0, 172, 0, 0, 0
25578, 1, 1636471204235, 1636471204407, 172, 0, 172, 0, 0, 0
25579, 1, 1636471204243, 1636471204415, 172, 0, 172, 0, 0, 0
25581, 1, 1636471204255, 1636471204427, 172, 0, 172, 0, 0, 0
25574, 1, 1636471204259, 1636471204431, 172, 0, 172, 0, 0, 0
25582, 1, 1636471204267, 1636471204439, 172, 0, 172, 0, 0, 0
25580, 1, 1636471204283, 1636471204459, 176, 0, 176, 0, 0, 0
25584, 1, 1636471204355, 1636471204527, 172, 0, 172, 0, 0, 0
25586, 1, 1636471204355, 1636471204527, 172, 0, 172, 0, 0, 0
25585, 1, 1636471204579, 1636471204751, 172, 0, 172, 0, 0, 0
25588, 1, 1636471204583, 1636471204755, 172, 0, 172, 0, 0, 0
25589, 1, 1636471204603, 1636471204775, 172, 0, 172, 0, 0, 0
25590, 1, 1636471204623, 1636471204799, 176, 0, 176, 0, 0, 0
25583, 1, 1636471204631, 1636471204803, 172, 0, 172, 0, 0, 0
25591, 1, 1636471204639, 1636471204811, 172, 0, 172, 0, 0, 0
25592, 1, 1636471204663, 1636471204835, 172, 0, 172, 0, 0, 0
25593, 1, 1636471204667, 1636471204839, 172, 0, 172, 0, 0, 0
25587, 1, 1636471204703, 1636471204875, 172, 0, 172, 0, 0, 0
25595, 1, 1636471204699, 1636471204875, 176, 0, 176, 0, 0, 0
25596, 1, 1636471204863, 1636471205039, 176, 0, 176, 0, 0, 0
25597, 1, 1636471204903, 1636471205083, 180, 0, 180, 0, 0, 0
25598, 1, 1636471204911, 1636471205087, 176, 0, 176, 0, 0, 0
25601, 1, 1636471204931, 1636471205103, 172, 0, 172, 0, 0, 0
25599, 1, 1636471204931, 1636471205103, 172, 0, 172, 0, 0, 0
25602, 1, 1636471204939, 1636471205111, 172, 0, 172, 0, 0, 0
25600, 1, 1636471204987, 1636471205167, 180, 0, 180, 0, 0, 0
25594, 1, 1636471205011, 1636471205187, 176, 0, 176, 0, 0, 0
25603, 1, 1636471205019, 1636471205191, 172, 0, 172, 0, 0, 0
25604, 1, 1636471205027, 1636471205199, 172, 0, 172, 0, 0, 0
25606, 1, 1636471205239, 1636471205419, 180, 0, 180, 0, 0, 0
25605, 1, 1636471205247, 1636471205419, 172, 0, 172, 0, 0, 0
25607, 1, 1636471205266, 1636471205443, 177, 1, 176, 0, 0, 0
25609, 1, 1636471205291, 1636471205471, 180, 0, 180, 0, 0, 0
25608, 1, 1636471205287, 1636471205471, 184, 0, 184, 0, 0, 0
25610, 1, 1636471205303, 1636471205475, 172, 0, 172, 0, 0, 0
25612, 1, 1636471205335, 1636471205511, 176, 0, 176, 0, 0, 0
25614, 1, 1636471205363, 1636471205539, 176, 0, 176, 0, 0, 0
25613, 1, 1636471205371, 1636471205547, 176, 0, 176, 0, 0, 0
25615, 1, 1636471205531, 1636471205703, 172, 0, 172, 0, 0, 0
25616, 1, 1636471205567, 1636471205739, 172, 0, 172, 0, 0, 0
25617, 1, 1636471205579, 1636471205751, 172, 0, 172, 0, 0, 0
25618, 1, 1636471205595, 1636471205767, 172, 0, 172, 0, 0, 0
25619, 1, 1636471205599, 1636471205775, 176, 0, 176, 0, 0, 0
25620, 1, 1636471205611, 1636471205787, 176, 0, 176, 0, 0, 0
25611, 1, 1636471205647, 1636471205819, 172, 0, 172, 0, 0, 0
25622, 1, 1636471205675, 1636471205847, 172, 0, 172, 0, 0, 0
25623, 1, 1636471205683, 1636471205859, 176, 0, 176, 0, 0, 0
25624, 1, 1636471205695, 1636471205867, 172, 0, 172, 0, 0, 0
25625, 1, 1636471205903, 1636471206079, 176, 0, 176, 0, 0, 0
25629, 1, 1636471205959, 1636471206131, 172, 0, 172, 0, 0, 0
25628, 1, 1636471205963, 1636471206135, 172, 0, 172, 0, 0, 0
25630, 1, 1636471205975, 1636471206151, 176, 0, 176, 0, 0, 0
25621, 1, 1636471205999, 1636471206171, 172, 0, 172, 0, 0, 0
25631, 1, 1636471205999, 1636471206171, 172, 0, 172, 0, 0, 0
25626, 1, 1636471206023, 1636471206199, 176, 0, 176, 0, 0, 0
25632, 1, 1636471206031, 1636471206203, 172, 0, 172, 0, 0, 0
25633, 1, 1636471206035, 1636471206207, 172, 0, 172, 0, 0, 0
25627, 1, 1636471206039, 1636471206211, 172, 0, 172, 0, 0, 0
25634, 1, 1636471206199, 1636471206371, 172, 0, 172, 0, 0, 0
25636, 1, 1636471206235, 1636471206407, 172, 0, 172, 0, 0, 0
25635, 1, 1636471206243, 1636471206415, 172, 0, 172, 0, 0, 0
25638, 1, 1636471206267, 1636471206439, 172, 0, 172, 0, 0, 0
25639, 1, 1636471206275, 1636471206447, 172, 0, 172, 0, 0, 0
25640, 1, 1636471206307, 1636471206479, 172, 0, 172, 0, 0, 0
25641, 1, 1636471206339, 1636471206511, 172, 0, 172, 0, 0, 0
25643, 1, 1636471206355, 1636471206531, 176, 0, 176, 0, 0, 0
25637, 1, 1636471206375, 1636471206547, 172, 0, 172, 0, 0, 0
25642, 1, 1636471206379, 1636471206551, 172, 0, 172, 0, 0, 0
25644, 1, 1636471206571, 1636471206743, 172, 0, 172, 0, 0, 0
25645, 1, 1636471206619, 1636471206791, 172, 0, 172, 0, 0, 0
25646, 1, 1636471206623, 1636471206795, 172, 0, 172, 0, 0, 0
25647, 1, 1636471206631, 1636471206802, 171, 0, 171, 0, 0, 0
25648, 1, 1636471206651, 1636471206827, 176, 0, 176, 0, 0, 0
25649, 1, 1636471206667, 1636471206843, 176, 0, 176, 0, 0, 0
25650, 1, 1636471206683, 1636471206855, 172, 0, 172, 0, 0, 0
25651, 1, 1636471206691, 1636471206863, 172, 0, 172, 0, 0, 0
25653, 1, 1636471206695, 1636471206867, 172, 0, 172, 0, 0, 0
25652, 1, 1636471206695, 1636471206867, 172, 0, 172, 0, 0, 0
25654, 1, 1636471206863, 1636471207035, 172, 0, 172, 0, 0, 0
25656, 1, 1636471206903, 1636471207075, 172, 0, 172, 0, 0, 0
25657, 1, 1636471206927, 1636471207099, 172, 0, 172, 0, 0, 0
25658, 1, 1636471206939, 1636471207111, 172, 0, 172, 0, 0, 0
25659, 1, 1636471206971, 1636471207143, 172, 0, 172, 0, 0, 0
25660, 1, 1636471207003, 1636471207179, 176, 0, 176, 0, 0, 0
25655, 1, 1636471207015, 1636471207187, 172, 0, 172, 0, 0, 0
25661, 1, 1636471207023, 1636471207199, 176, 0, 176, 0, 0, 0
25662, 1, 1636471207027, 1636471207203, 176, 0, 176, 0, 0, 0
25663, 1, 1636471207031, 1636471207211, 180, 0, 180, 0, 0, 0
25665, 1, 1636471207287, 1636471207459, 172, 0, 172, 0, 0, 0
25666, 1, 1636471207291, 1636471207463, 172, 0, 172, 0, 0, 0
25667, 1, 1636471207307, 1636471207483, 176, 0, 176, 0, 0, 0
25668, 1, 1636471207319, 1636471207491, 172, 0, 172, 0, 0, 0
25669, 1, 1636471207339, 1636471207511, 172, 0, 172, 0, 0, 0
25670, 1, 1636471207351, 1636471207523, 172, 0, 172, 0, 0, 0
25671, 1, 1636471207359, 1636471207531, 172, 0, 172, 0, 0, 0
25664, 1, 1636471207363, 1636471207535, 172, 0, 172, 0, 0, 0
25672, 1, 1636471207363, 1636471207535, 172, 0, 172, 0, 0, 0
25673, 1, 1636471207363, 1636471207535, 172, 0, 172, 0, 0, 0
25674, 1, 1636471207527, 1636471207699, 172, 0, 172, 0, 0, 0
25675, 1, 1636471207571, 1636471207743, 172, 0, 172, 0, 0, 0
25676, 1, 1636471207595, 1636471207767, 172, 0, 172, 0, 0, 0
25678, 1, 1636471207639, 1636471207811, 172, 0, 172, 0, 0, 0
25680, 1, 1636471207671, 1636471207851, 180, 0, 180, 0, 0, 0
25679, 1, 1636471207675, 1636471207851, 176, 0, 176, 0, 0, 0
25683, 1, 1636471207695, 1636471207867, 172, 0, 172, 0, 0, 0
25682, 1, 1636471207695, 1636471207867, 172, 0, 172, 0, 0, 0
25681, 1, 1636471207711, 1636471207883, 172, 0, 172, 0, 0, 0
25677, 1, 1636471207875, 1636471208047, 172, 0, 172, 0, 0, 0
25684, 1, 1636471207959, 1636471208131, 172, 0, 172, 0, 0, 0
25685, 1, 1636471207959, 1636471208139, 180, 0, 180, 0, 0, 0
25687, 1, 1636471207987, 1636471208159, 172, 0, 172, 0, 0, 0
25686, 1, 1636471207987, 1636471208159, 172, 0, 172, 0, 0, 0
25688, 1, 1636471208003, 1636471208175, 172, 0, 172, 0, 0, 0
25689, 1, 1636471208019, 1636471208191, 172, 0, 172, 0, 0, 0
25690, 1, 1636471208027, 1636471208199, 172, 0, 172, 0, 0, 0
25693, 1, 1636471208035, 1636471208207, 172, 0, 172, 0, 0, 0
25691, 1, 1636471208035, 1636471208207, 172, 0, 172, 0, 0, 0
25694, 1, 1636471208199, 1636471208370, 171, 0, 171, 0, 0, 0
25695, 1, 1636471208239, 1636471208415, 176, 0, 176, 0, 0, 0
25696, 1, 1636471208263, 1636471208435, 172, 0, 172, 0, 0, 0
25697, 1, 1636471208311, 1636471208483, 172, 0, 172, 0, 0, 0
25692, 1, 1636471208339, 1636471208515, 176, 0, 176, 0, 0, 0
25699, 1, 1636471208339, 1636471208519, 180, 0, 180, 0, 0, 0
25698, 1, 1636471208339, 1636471208519, 180, 0, 180, 0, 0, 0
25700, 1, 1636471208359, 1636471208535, 176, 0, 176, 0, 0, 0
25701, 1, 1636471208367, 1636471208539, 172, 0, 172, 0, 0, 0
25702, 1, 1636471208367, 1636471208539, 172, 0, 172, 0, 0, 0
25703, 1, 1636471208527, 1636471208699, 172, 0, 172, 0, 0, 0
25704, 1, 1636471208623, 1636471208795, 172, 0, 172, 0, 0, 0
25705, 1, 1636471208631, 1636471208807, 176, 0, 176, 0, 0, 0
25706, 1, 1636471208647, 1636471208823, 176, 0, 176, 0, 0, 0
25707, 1, 1636471208651, 1636471208823, 172, 0, 172, 0, 0, 0
25708, 1, 1636471208671, 1636471208843, 172, 0, 172, 0, 0, 0
25709, 1, 1636471208683, 1636471208855, 172, 0, 172, 0, 0, 0
25712, 1, 1636471208695, 1636471208867, 172, 0, 172, 0, 0, 0
25710, 1, 1636471208695, 1636471208867, 172, 0, 172, 0, 0, 0
25711, 1, 1636471208695, 1636471208867, 172, 0, 172, 0, 0, 0
25713, 1, 1636471208859, 1636471209031, 172, 0, 172, 0, 0, 0
25714, 1, 1636471208907, 1636471209079, 172, 0, 172, 0, 0, 0
25715, 1, 1636471208931, 1636471209103, 172, 0, 172, 0, 0, 0
25716, 1, 1636471208971, 1636471209143, 172, 0, 172, 0, 0, 0
25718, 1, 1636471209003, 1636471209175, 172, 0, 172, 0, 0, 0
25719, 1, 1636471209003, 1636471209175, 172, 0, 172, 0, 0, 0
25720, 1, 1636471209023, 1636471209195, 172, 0, 172, 0, 0, 0
25721, 1, 1636471209027, 1636471209199, 172, 0, 172, 0, 0, 0
25717, 1, 1636471209043, 1636471209215, 172, 0, 172, 0, 0, 0
25723, 1, 1636471209195, 1636471209367, 172, 0, 172, 0, 0, 0
25725, 1, 1636471209291, 1636471209467, 176, 0, 176, 0, 0, 0
25727, 1, 1636471209319, 1636471209491, 172, 0, 172, 0, 0, 0
25728, 1, 1636471209331, 1636471209503, 172, 0, 172, 0, 0, 0
25729, 1, 1636471209347, 1636471209519, 172, 0, 172, 0, 0, 0
25730, 1, 1636471209351, 1636471209531, 180, 0, 180, 0, 0, 0
25731, 1, 1636471209367, 1636471209539, 172, 0, 172, 0, 0, 0
25732, 1, 1636471209367, 1636471209539, 172, 0, 172, 0, 0, 0
25722, 1, 1636471209375, 1636471209547, 172, 0, 172, 0, 0, 0
25724, 1, 1636471209391, 1636471209567, 176, 0, 176, 0, 0, 0
25733, 1, 1636471209531, 1636471209703, 172, 0, 172, 0, 0, 0
25734, 1, 1636471209571, 1636471209743, 172, 0, 172, 0, 0, 0
25735, 1, 1636471209595, 1636471209767, 172, 0, 172, 0, 0, 0
25726, 1, 1636471209643, 1636471209815, 172, 0, 172, 0, 0, 0
25738, 1, 1636471209675, 1636471209847, 172, 0, 172, 0, 0, 0
25737, 1, 1636471209675, 1636471209847, 172, 0, 172, 0, 0, 0
25739, 1, 1636471209691, 1636471209863, 172, 0, 172, 0, 0, 0
25740, 1, 1636471209699, 1636471209871, 172, 0, 172, 0, 0, 0
25741, 1, 1636471209711, 1636471209883, 172, 0, 172, 0, 0, 0
25736, 1, 1636471209715, 1636471209887, 172, 0, 172, 0, 0, 0
25742, 1, 1636471209943, 1636471210115, 172, 0, 172, 0, 0, 0
25743, 1, 1636471209959, 1636471210135, 176, 0, 176, 0, 0, 0
25745, 1, 1636471209999, 1636471210175, 176, 0, 176, 0, 0, 0
25746, 1, 1636471210019, 1636471210195, 176, 0, 176, 0, 0, 0
25747, 1, 1636471210023, 1636471210199, 176, 0, 176, 0, 0, 0
25748, 1, 1636471210027, 1636471210199, 172, 0, 172, 0, 0, 0
25749, 1, 1636471210031, 1636471210207, 176, 0, 176, 0, 0, 0
25750, 1, 1636471210031, 1636471210207, 176, 0, 176, 0, 0, 0
25751, 1, 1636471210051, 1636471210223, 172, 0, 172, 0, 0, 0
25744, 1, 1636471210059, 1636471210231, 172, 0, 172, 0, 0, 0
25752, 1, 1636471210195, 1636471210367, 172, 0, 172, 0, 0, 0
25753, 1, 1636471210235, 1636471210407, 172, 0, 172, 0, 0, 0
25754, 1, 1636471210259, 1636471210431, 172, 0, 172, 0, 0, 0
25755, 1, 1636471210295, 1636471210467, 172, 0, 172, 0, 0, 0
25756, 1, 1636471210335, 1636471210507, 172, 0, 172, 0, 0, 0
25758, 1, 1636471210355, 1636471210527, 172, 0, 172, 0, 0, 0
25759, 1, 1636471210363, 1636471210535, 172, 0, 172, 0, 0, 0
25760, 1, 1636471210363, 1636471210535, 172, 0, 172, 0, 0, 0
25757, 1, 1636471210375, 1636471210547, 172, 0, 172, 0, 0, 0
25762, 1, 1636471210607, 1636471210779, 172, 0, 172, 0, 0, 0
25763, 1, 1636471210619, 1636471210791, 172, 0, 172, 0, 0, 0
25764, 1, 1636471210662, 1636471210835, 173, 0, 173, 0, 0, 0
25765, 1, 1636471210679, 1636471210855, 176, 0, 176, 0, 0, 0
25766, 1, 1636471210687, 1636471210863, 176, 0, 176, 0, 0, 0
25767, 1, 1636471210691, 1636471210867, 176, 0, 176, 0, 0, 0
25769, 1, 1636471210695, 1636471210871, 176, 0, 176, 0, 0, 0
25768, 1, 1636471210695, 1636471210871, 176, 0, 176, 0, 0, 0
25761, 1, 1636471210715, 1636471210887, 172, 0, 172, 0, 0, 0
25770, 1, 1636471210715, 1636471210891, 176, 0, 176, 0, 0, 0
25771, 1, 1636471210722, 1636471210899, 177, 1, 176, 0, 0, 0
25772, 1, 1636471210867, 1636471211039, 172, 0, 172, 0, 0, 0
25773, 1, 1636471210907, 1636471211079, 172, 0, 172, 0, 0, 0
25775, 1, 1636471210963, 1636471211135, 172, 0, 172, 0, 0, 0
25777, 1, 1636471211023, 1636471211199, 176, 0, 176, 0, 0, 0
25774, 1, 1636471211031, 1636471211203, 172, 0, 172, 0, 0, 0
25778, 1, 1636471211039, 1636471211211, 172, 0, 172, 0, 0, 0
25780, 1, 1636471211039, 1636471211215, 176, 0, 176, 0, 0, 0
25779, 1, 1636471211039, 1636471211215, 176, 1, 175, 0, 0, 0
25776, 1, 1636471211042, 1636471211215, 173, 1, 172, 0, 0, 0
25781, 1, 1636471211267, 1636471211439, 172, 0, 172, 0, 0, 0
25782, 1, 1636471211295, 1636471211467, 172, 0, 172, 0, 0, 0
25783, 1, 1636471211331, 1636471211503, 172, 0, 172, 0, 0, 0
25784, 1, 1636471211351, 1636471211527, 176, 0, 176, 0, 0, 0
25785, 1, 1636471211359, 1636471211531, 172, 0, 172, 0, 0, 0
25787, 1, 1636471211359, 1636471211531, 172, 0, 172, 0, 0, 0
25789, 1, 1636471211375, 1636471211547, 172, 0, 172, 0, 0, 0
25786, 1, 1636471211371, 1636471211547, 176, 0, 176, 0, 0, 0
25791, 1, 1636471211387, 1636471211559, 172, 0, 172, 0, 0, 0
25790, 1, 1636471211387, 1636471211559, 172, 0, 172, 0, 0, 0
25793, 1, 1636471211563, 1636471211743, 180, 0, 180, 0, 0, 0
25794, 1, 1636471211623, 1636471211803, 180, 0, 180, 0, 0, 0
25788, 1, 1636471211643, 1636471211815, 172, 0, 172, 0, 0, 0
25796, 1, 1636471211691, 1636471211863, 172, 0, 172, 0, 0, 0
25799, 1, 1636471211695, 1636471211867, 172, 0, 172, 0, 0, 0
25798, 1, 1636471211695, 1636471211867, 172, 0, 172, 0, 0, 0
25800, 1, 1636471211699, 1636471211871, 172, 0, 172, 0, 0, 0
25792, 1, 1636471211699, 1636471211871, 172, 0, 172, 0, 0, 0
25797, 1, 1636471211699, 1636471211875, 176, 0, 176, 0, 0, 0
25795, 1, 1636471211919, 1636471212095, 176, 0, 176, 0, 0, 0
25802, 1, 1636471211967, 1636471212139, 172, 0, 172, 0, 0, 0
25801, 1, 1636471211975, 1636471212155, 180, 0, 180, 0, 0, 0
25803, 1, 1636471212003, 1636471212179, 176, 0, 176, 0, 0, 0
25805, 1, 1636471212019, 1636471212191, 172, 0, 172, 0, 0, 0
25804, 1, 1636471212019, 1636471212191, 172, 0, 172, 0, 0, 0
25806, 1, 1636471212031, 1636471212203, 172, 0, 172, 0, 0, 0
25807, 1, 1636471212031, 1636471212203, 172, 0, 172, 0, 0, 0
25809, 1, 1636471212055, 1636471212227, 172, 0, 172, 0, 0, 0
25810, 1, 1636471212055, 1636471212227, 172, 0, 172, 0, 0, 0
25811, 1, 1636471212243, 1636471212415, 172, 0, 172, 0, 0, 0
25812, 1, 1636471212295, 1636471212471, 176, 0, 176, 0, 0, 0
25813, 1, 1636471212303, 1636471212475, 172, 0, 172, 0, 0, 0
25814, 1, 1636471212351, 1636471212523, 172, 0, 172, 0, 0, 0
25815, 1, 1636471212359, 1636471212531, 172, 0, 172, 0, 0, 0
25808, 1, 1636471212367, 1636471212539, 172, 0, 172, 0, 0, 0
25816, 1, 1636471212367, 1636471212539, 172, 0, 172, 0, 0, 0
25818, 1, 1636471212367, 1636471212539, 172, 0, 172, 0, 0, 0
25820, 1, 1636471212579, 1636471212751, 172, 0, 172, 0, 0, 0
25821, 1, 1636471212627, 1636471212799, 172, 0, 172, 0, 0, 0
25822, 1, 1636471212635, 1636471212811, 176, 0, 176, 0, 0, 0
25817, 1, 1636471212647, 1636471212823, 176, 0, 176, 0, 0, 0
25825, 1, 1636471212687, 1636471212859, 172, 0, 172, 0, 0, 0
25827, 1, 1636471212695, 1636471212867, 172, 0, 172, 0, 0, 0
25826, 1, 1636471212695, 1636471212867, 172, 0, 172, 0, 0, 0
25819, 1, 1636471212707, 1636471212879, 172, 0, 172, 0, 0, 0
25828, 1, 1636471212715, 1636471212887, 172, 0, 172, 0, 0, 0
25824, 1, 1636471212715, 1636471212887, 172, 0, 172, 0, 0, 0
25829, 1, 1636471212719, 1636471212891, 172, 0, 172, 0, 0, 0
25830, 1, 1636471212899, 1636471213071, 172, 0, 172, 0, 0, 0
25831, 1, 1636471212959, 1636471213131, 172, 0, 172, 0, 0, 0
25832, 1, 1636471212967, 1636471213139, 172, 0, 172, 0, 0, 0
25823, 1, 1636471212999, 1636471213171, 172, 0, 172, 0, 0, 0
25835, 1, 1636471213023, 1636471213195, 172, 0, 172, 0, 0, 0
25837, 1, 1636471213027, 1636471213203, 176, 0, 176, 0, 0, 0
25836, 1, 1636471213027, 1636471213203, 176, 0, 176, 0, 0, 0
25833, 1, 1636471213067, 1636471213243, 176, 0, 176, 0, 0, 0
25838, 1, 1636471213243, 1636471213415, 172, 0, 172, 0, 0, 0
25834, 1, 1636471213255, 1636471213427, 172, 0, 172, 0, 0, 0
25839, 1, 1636471213295, 1636471213467, 172, 0, 172, 0, 0, 0
25840, 1, 1636471213303, 1636471213475, 172, 0, 172, 0, 0, 0
25841, 1, 1636471213307, 1636471213479, 172, 0, 172, 0, 0, 0
25843, 1, 1636471213359, 1636471213531, 172, 0, 172, 0, 0, 0
25845, 1, 1636471213367, 1636471213539, 172, 0, 172, 0, 0, 0
25844, 1, 1636471213367, 1636471213543, 176, 0, 176, 0, 0, 0
25847, 1, 1636471213383, 1636471213555, 172, 0, 172, 0, 0, 0
25848, 1, 1636471213383, 1636471213555, 172, 0, 172, 0, 0, 0
25846, 1, 1636471213379, 1636471213555, 176, 0, 176, 0, 0, 0
25849, 1, 1636471213571, 1636471213743, 172, 0, 172, 0, 0, 0
25842, 1, 1636471213591, 1636471213763, 172, 0, 172, 0, 0, 0
25850, 1, 1636471213623, 1636471213799, 176, 0, 176, 0, 0, 0
25851, 1, 1636471213635, 1636471213807, 172, 0, 172, 0, 0, 0
25852, 1, 1636471213655, 1636471213831, 176, 0, 176, 0, 0, 0
25853, 1, 1636471213691, 1636471213863, 172, 0, 172, 0, 0, 0
25854, 1, 1636471213699, 1636471213871, 172, 0, 172, 0, 0, 0
25855, 1, 1636471213703, 1636471213879, 176, 0, 176, 0, 0, 0
25856, 1, 1636471213731, 1636471213903, 172, 0, 172, 0, 0, 0
25857, 1, 1636471213911, 1636471214083, 172, 0, 172, 0, 0, 0
25858, 1, 1636471213911, 1636471214083, 172, 0, 172, 0, 0, 0
25861, 1, 1636471213971, 1636471214143, 172, 0, 172, 0, 0, 0
25860, 1, 1636471213971, 1636471214147, 176, 0, 176, 0, 0, 0
25859, 1, 1636471213975, 1636471214151, 176, 0, 176, 0, 0, 0
25864, 1, 1636471214027, 1636471214199, 172, 0, 172, 0, 0, 0
25862, 1, 1636471214027, 1636471214199, 172, 0, 172, 0, 0, 0
25863, 1, 1636471214027, 1636471214199, 172, 0, 172, 0, 0, 0
25867, 1, 1636471214051, 1636471214223, 172, 0, 172, 0, 0, 0
25865, 1, 1636471214043, 1636471214223, 180, 0, 180, 0, 0, 0
25866, 1, 1636471214051, 1636471214223, 172, 0, 172, 0, 0, 0
25868, 1, 1636471214235, 1636471214407, 172, 0, 172, 0, 0, 0
25869, 1, 1636471214255, 1636471214427, 172, 0, 172, 0, 0, 0
25870, 1, 1636471214291, 1636471214467, 176, 0, 176, 0, 0, 0
25871, 1, 1636471214291, 1636471214467, 176, 0, 176, 0, 0, 0
25872, 1, 1636471214315, 1636471214491, 176, 0, 176, 0, 0, 0
25875, 1, 1636471214363, 1636471214535, 172, 0, 172, 0, 0, 0
25874, 1, 1636471214371, 1636471214547, 176, 0, 176, 0, 0, 0
25876, 1, 1636471214391, 1636471214563, 172, 0, 172, 0, 0, 0
25873, 1, 1636471214399, 1636471214571, 172, 0, 172, 0, 0, 0
25878, 1, 1636471214583, 1636471214755, 172, 0, 172, 0, 0, 0
25877, 1, 1636471214587, 1636471214759, 172, 0, 172, 0, 0, 0
25879, 1, 1636471214631, 1636471214803, 172, 0, 172, 0, 0, 0
25880, 1, 1636471214639, 1636471214811, 172, 0, 172, 0, 0, 0
25881, 1, 1636471214639, 1636471214811, 172, 0, 172, 0, 0, 0
25883, 1, 1636471214695, 1636471214867, 172, 0, 172, 0, 0, 0
25882, 1, 1636471214695, 1636471214867, 172, 0, 172, 0, 0, 0
25885, 1, 1636471214707, 1636471214879, 172, 0, 172, 0, 0, 0
25886, 1, 1636471214715, 1636471214887, 172, 0, 172, 0, 0, 0
25888, 1, 1636471214903, 1636471215075, 172, 0, 172, 0, 0, 0
25889, 1, 1636471214911, 1636471215083, 172, 0, 172, 0, 0, 0
25887, 1, 1636471214931, 1636471215103, 172, 0, 172, 0, 0, 0
25890, 1, 1636471214955, 1636471215127, 172, 0, 172, 0, 0, 0
25892, 1, 1636471214983, 1636471215155, 172, 0, 172, 0, 0, 0
25891, 1, 1636471214983, 1636471215155, 172, 0, 172, 0, 0, 0
25884, 1, 1636471214983, 1636471215155, 172, 0, 172, 0, 0, 0
25894, 1, 1636471215027, 1636471215199, 172, 0, 172, 0, 0, 0
25895, 1, 1636471215051, 1636471215223, 172, 0, 172, 0, 0, 0
25896, 1, 1636471215059, 1636471215231, 172, 0, 172, 0, 0, 0
25898, 1, 1636471215243, 1636471215415, 172, 0, 172, 0, 0, 0
25897, 1, 1636471215251, 1636471215423, 172, 0, 172, 0, 0, 0
25899, 1, 1636471215299, 1636471215471, 172, 0, 172, 0, 0, 0
25900, 1, 1636471215303, 1636471215475, 172, 0, 172, 0, 0, 0
25901, 1, 1636471215311, 1636471215483, 172, 0, 172, 0, 0, 0
25902, 1, 1636471215359, 1636471215531, 172, 0, 172, 0, 0, 0
25903, 1, 1636471215363, 1636471215535, 172, 0, 172, 0, 0, 0
25893, 1, 1636471215371, 1636471215543, 172, 0, 172, 0, 0, 0
25905, 1, 1636471215379, 1636471215551, 172, 0, 172, 0, 0, 0
25904, 1, 1636471215379, 1636471215551, 172, 0, 172, 0, 0, 0
25906, 1, 1636471215563, 1636471215735, 172, 0, 172, 0, 0, 0
25907, 1, 1636471215579, 1636471215751, 172, 0, 172, 0, 0, 0
25908, 1, 1636471215587, 1636471215759, 172, 0, 172, 0, 0, 0
25909, 1, 1636471215627, 1636471215799, 172, 0, 172, 0, 0, 0
25910, 1, 1636471215643, 1636471215815, 172, 0, 172, 0, 0, 0
25911, 1, 1636471215643, 1636471215815, 172, 0, 172, 0, 0, 0
25912, 1, 1636471215651, 1636471215827, 176, 0, 176, 0, 0, 0
25913, 1, 1636471215695, 1636471215871, 176, 0, 176, 0, 0, 0
25914, 1, 1636471215715, 1636471215887, 172, 0, 172, 0, 0, 0
25915, 1, 1636471215723, 1636471215899, 176, 0, 176, 0, 0, 0
25916, 1, 1636471215907, 1636471216079, 172, 0, 172, 0, 0, 0
25917, 1, 1636471215907, 1636471216079, 172, 0, 172, 0, 0, 0
25919, 1, 1636471215971, 1636471216147, 176, 0, 176, 0, 0, 0
25920, 1, 1636471215971, 1636471216147, 176, 0, 176, 0, 0, 0
25918, 1, 1636471215995, 1636471216167, 172, 0, 172, 0, 0, 0
25923, 1, 1636471216031, 1636471216207, 176, 0, 176, 0, 0, 0
25922, 1, 1636471216031, 1636471216207, 176, 0, 176, 0, 0, 0
25924, 1, 1636471216047, 1636471216223, 176, 0, 176, 0, 0, 0
25925, 1, 1636471216055, 1636471216231, 176, 0, 176, 0, 0, 0
25921, 1, 1636471216074, 1636471216247, 173, 1, 172, 1, 0, 1
25926, 1, 1636471216243, 1636471216415, 172, 0, 172, 0, 0, 0
25927, 1, 1636471216251, 1636471216423, 172, 0, 172, 0, 0, 0
25928, 1, 1636471216263, 1636471216435, 172, 0, 172, 0, 0, 0
25929, 1, 1636471216295, 1636471216471, 176, 0, 176, 0, 0, 0
25930, 1, 1636471216311, 1636471216483, 172, 0, 172, 0, 0, 0
25931, 1, 1636471216311, 1636471216487, 176, 0, 176, 0, 0, 0
25932, 1, 1636471216323, 1636471216495, 172, 0, 172, 0, 0, 0
25933, 1, 1636471216371, 1636471216543, 172, 0, 172, 0, 0, 0
25934, 1, 1636471216383, 1636471216559, 176, 0, 176, 0, 0, 0
25935, 1, 1636471216391, 1636471216571, 180, 0, 180, 0, 0, 0
25937, 1, 1636471216575, 1636471216751, 176, 0, 176, 0, 0, 0
25936, 1, 1636471216575, 1636471216751, 176, 0, 176, 0, 0, 0
25938, 1, 1636471216631, 1636471216803, 172, 0, 172, 0, 0, 0
25939, 1, 1636471216639, 1636471216811, 172, 0, 172, 0, 0, 0
25940, 1, 1636471216651, 1636471216823, 172, 0, 172, 0, 0, 0
25942, 1, 1636471216699, 1636471216871, 172, 0, 172, 0, 0, 0
25941, 1, 1636471216699, 1636471216871, 172, 0, 172, 0, 0, 0
25943, 1, 1636471216707, 1636471216879, 172, 0, 172, 0, 0, 0
25944, 1, 1636471216715, 1636471216887, 172, 0, 172, 0, 0, 0
25945, 1, 1636471216747, 1636471216919, 172, 0, 172, 0, 0, 0
25947, 1, 1636471216915, 1636471217087, 172, 0, 172, 0, 0, 0
25946, 1, 1636471216919, 1636471217091, 172, 0, 172, 0, 0, 0
25948, 1, 1636471216923, 1636471217095, 172, 0, 172, 0, 0, 0
25949, 1, 1636471216955, 1636471217127, 172, 0, 172, 0, 0, 0
25950, 1, 1636471216975, 1636471217147, 172, 0, 172, 0, 0, 0
25951, 1, 1636471216979, 1636471217155, 176, 0, 176, 0, 0, 0
25952, 1, 1636471216983, 1636471217159, 176, 0, 176, 0, 0, 0
25953, 1, 1636471217027, 1636471217203, 176, 0, 176, 0, 0, 0
25954, 1, 1636471217051, 1636471217223, 172, 0, 172, 0, 0, 0
25955, 1, 1636471217055, 1636471217231, 176, 0, 176, 0, 0, 0
25957, 1, 1636471217247, 1636471217423, 176, 0, 176, 0, 0, 0
25958, 1, 1636471217307, 1636471217483, 176, 0, 176, 0, 0, 0
25959, 1, 1636471217307, 1636471217483, 176, 0, 176, 0, 0, 0
25960, 1, 1636471217319, 1636471217495, 176, 0, 176, 0, 0, 0
25956, 1, 1636471217323, 1636471217499, 176, 0, 176, 0, 0, 0
25962, 1, 1636471217363, 1636471217535, 172, 0, 172, 0, 0, 0
25961, 1, 1636471217367, 1636471217543, 176, 0, 176, 0, 0, 0
25963, 1, 1636471217379, 1636471217555, 176, 0, 176, 0, 0, 0
25964, 1, 1636471217391, 1636471217567, 176, 0, 176, 0, 0, 0
25965, 1, 1636471217407, 1636471217587, 180, 0, 180, 0, 0, 0
25967, 1, 1636471217579, 1636471217751, 172, 0, 172, 0, 0, 0
25966, 1, 1636471217579, 1636471217751, 172, 0, 172, 0, 0, 0
25971, 1, 1636471217647, 1636471217819, 172, 0, 172, 0, 0, 0
25972, 1, 1636471217647, 1636471217819, 172, 0, 172, 0, 0, 0
25970, 1, 1636471217647, 1636471217819, 172, 0, 172, 0, 0, 0
25973, 1, 1636471217691, 1636471217863, 172, 0, 172, 0, 0, 0
25975, 1, 1636471217723, 1636471217895, 172, 0, 172, 0, 0, 0
25976, 1, 1636471217915, 1636471218091, 176, 0, 176, 0, 0, 0
25978, 1, 1636471217971, 1636471218147, 176, 0, 176, 0, 0, 0
25979, 1, 1636471217979, 1636471218155, 176, 0, 176, 0, 0, 0
25980, 1, 1636471217979, 1636471218155, 176, 0, 176, 0, 0, 0
25974, 1, 1636471217995, 1636471218167, 172, 0, 172, 0, 0, 0
25981, 1, 1636471218023, 1636471218199, 176, 0, 176, 0, 0, 0
25982, 1, 1636471218023, 1636471218199, 176, 0, 176, 0, 0, 0
25983, 1, 1636471218047, 1636471218223, 176, 0, 176, 0, 0, 0
25985, 1, 1636471218075, 1636471218247, 172, 0, 172, 0, 0, 0
25986, 1, 1636471218243, 1636471218415, 172, 0, 172, 0, 0, 0
25987, 1, 1636471218247, 1636471218423, 176, 0, 176, 0, 0, 0
25990, 1, 1636471218319, 1636471218495, 176, 0, 176, 0, 0, 0
25989, 1, 1636471218319, 1636471218495, 176, 0, 176, 0, 0, 0
25988, 1, 1636471218339, 1636471218511, 172, 0, 172, 0, 0, 0
25991, 1, 1636471218363, 1636471218539, 176, 0, 176, 0, 0, 0
25992, 1, 1636471218387, 1636471218563, 176, 0, 176, 0, 0, 0
25984, 1, 1636471218395, 1636471218571, 176, 0, 176, 0, 0, 0
25993, 1, 1636471218575, 1636471218747, 172, 0, 172, 0, 0, 0
25994, 1, 1636471218643, 1636471218815, 172, 0, 172, 0, 0, 0
25995, 1, 1636471218659, 1636471218831, 172, 0, 172, 0, 0, 0
25997, 1, 1636471218659, 1636471218831, 172, 0, 172, 0, 0, 0
25996, 1, 1636471218659, 1636471218831, 172, 0, 172, 0, 0, 0
25998, 1, 1636471218687, 1636471218859, 172, 0, 172, 0, 0, 0
25999, 1, 1636471218695, 1636471218871, 176, 0, 176, 0, 0, 0
26000, 1, 1636471218706, 1636471218879, 173, 1, 172, 0, 0, 0
26001, 1, 1636471218739, 1636471218911, 172, 0, 172, 0, 0, 0
26003, 1, 1636471218907, 1636471219079, 172, 0, 172, 0, 0, 0
26004, 1, 1636471218979, 1636471219151, 172, 0, 172, 0, 0, 0
26005, 1, 1636471218983, 1636471219155, 172, 0, 172, 0, 0, 0
26006, 1, 1636471218995, 1636471219167, 172, 0, 172, 0, 0, 0
26007, 1, 1636471219023, 1636471219195, 172, 0, 172, 0, 0, 0
26008, 1, 1636471219051, 1636471219227, 176, 0, 176, 0, 0, 0
26010, 1, 1636471219239, 1636471219411, 172, 0, 172, 0, 0, 0
26002, 1, 1636471219255, 1636471219427, 172, 0, 172, 0, 0, 0
26011, 1, 1636471219307, 1636471219479, 172, 0, 172, 0, 0, 0
26012, 1, 1636471219315, 1636471219487, 172, 0, 172, 0, 0, 0
26014, 1, 1636471219315, 1636471219487, 172, 0, 172, 0, 0, 0
26016, 1, 1636471219359, 1636471219531, 172, 0, 172, 0, 0, 0
26017, 1, 1636471219379, 1636471219551, 172, 0, 172, 0, 0, 0
26018, 1, 1636471219403, 1636471219575, 172, 0, 172, 0, 0, 0
26013, 1, 1636471219583, 1636471219759, 176, 0, 176, 0, 0, 0
26019, 1, 1636471219583, 1636471219759, 176, 0, 176, 0, 0, 0
26015, 1, 1636471219599, 1636471219771, 172, 0, 172, 0, 0, 0
26020, 1, 1636471219643, 1636471219819, 176, 0, 176, 0, 0, 0
26021, 1, 1636471219651, 1636471219823, 172, 0, 172, 0, 0, 0
26022, 1, 1636471219667, 1636471219839, 172, 0, 172, 0, 0, 0
26023, 1, 1636471219695, 1636471219867, 172, 0, 172, 0, 0, 0
26024, 1, 1636471219714, 1636471219891, 177, 1, 176, 0, 0, 0
26025, 1, 1636471219915, 1636471220091, 176, 0, 176, 0, 0, 0
26026, 1, 1636471219915, 1636471220095, 180, 0, 180, 0, 0, 0
26027, 1, 1636471219971, 1636471220143, 172, 0, 172, 0, 0, 0
26028, 1, 1636471219979, 1636471220151, 172, 0, 172, 0, 0, 0
26029, 1, 1636471219987, 1636471220159, 172, 0, 172, 0, 0, 0
26030, 1, 1636471220031, 1636471220203, 172, 0, 172, 0, 0, 0
26032, 1, 1636471220075, 1636471220247, 172, 0, 172, 0, 0, 0
26033, 1, 1636471220195, 1636471220367, 172, 0, 172, 0, 0, 0
26034, 1, 1636471220199, 1636471220375, 176, 0, 176, 0, 0, 0
26035, 1, 1636471220251, 1636471220423, 172, 0, 172, 0, 0, 0
26036, 1, 1636471220255, 1636471220427, 172, 0, 172, 0, 0, 0
26037, 1, 1636471220271, 1636471220443, 172, 0, 172, 0, 0, 0
26038, 1, 1636471220319, 1636471220491, 172, 0, 172, 0, 0, 0
26039, 1, 1636471220323, 1636471220495, 172, 0, 172, 0, 0, 0
26041, 1, 1636471220331, 1636471220503, 172, 0, 172, 0, 0, 0
26042, 1, 1636471220359, 1636471220535, 176, 0, 176, 0, 0, 0
26043, 1, 1636471220383, 1636471220555, 172, 0, 172, 0, 0, 0
26040, 1, 1636471220543, 1636471220715, 172, 0, 172, 0, 0, 0
26044, 1, 1636471220571, 1636471220743, 172, 0, 172, 0, 0, 0
26046, 1, 1636471220631, 1636471220803, 172, 0, 172, 0, 0, 0
26047, 1, 1636471220647, 1636471220819, 172, 0, 172, 0, 0, 0
26048, 1, 1636471220647, 1636471220827, 180, 0, 180, 0, 0, 0
26049, 1, 1636471220691, 1636471220863, 172, 0, 172, 0, 0, 0
26051, 1, 1636471220847, 1636471221023, 176, 0, 176, 0, 0, 0
26052, 1, 1636471220855, 1636471221027, 172, 0, 172, 0, 0, 0
26053, 1, 1636471220911, 1636471221083, 172, 0, 172, 0, 0, 0
26056, 1, 1636471220979, 1636471221151, 172, 0, 172, 0, 0, 0
26057, 1, 1636471220979, 1636471221151, 172, 0, 172, 0, 0, 0
26059, 1, 1636471221023, 1636471221199, 176, 0, 176, 0, 0, 0
26061, 1, 1636471221195, 1636471221367, 172, 0, 172, 0, 0, 0
26054, 1, 1636471221203, 1636471221375, 172, 0, 172, 0, 0, 0
26062, 1, 1636471221239, 1636471221419, 180, 0, 180, 0, 0, 0
26063, 1, 1636471221303, 1636471221475, 172, 0, 172, 0, 0, 0
26064, 1, 1636471221311, 1636471221483, 172, 0, 172, 0, 0, 0
26065, 1, 1636471221323, 1636471221499, 176, 0, 176, 0, 0, 0
26066, 1, 1636471221355, 1636471221527, 172, 0, 172, 0, 0, 0
26067, 1, 1636471221415, 1636471221587, 172, 0, 172, 0, 0, 0
26068, 1, 1636471221523, 1636471221695, 172, 0, 172, 0, 0, 0
26069, 1, 1636471221527, 1636471221699, 172, 0, 172, 0, 0, 0
26070, 1, 1636471221583, 1636471221755, 172, 0, 172, 0, 0, 0
26071, 1, 1636471221643, 1636471221815, 172, 0, 172, 0, 0, 0
26072, 1, 1636471221651, 1636471221823, 172, 0, 172, 0, 0, 0
26073, 1, 1636471221687, 1636471221859, 172, 0, 172, 0, 0, 0
26074, 1, 1636471221859, 1636471222031, 172, 0, 172, 0, 0, 0
26075, 1, 1636471221867, 1636471222039, 172, 0, 172, 0, 0, 0
26076, 1, 1636471221907, 1636471222079, 172, 0, 172, 0, 0, 0
26077, 1, 1636471221967, 1636471222143, 176, 0, 176, 0, 0, 0
26078, 1, 1636471221979, 1636471222151, 172, 0, 172, 0, 0, 0
26079, 1, 1636471221983, 1636471222155, 172, 0, 172, 0, 0, 0
26081, 1, 1636471222063, 1636471222235, 172, 0, 172, 0, 0, 0
26083, 1, 1636471222187, 1636471222363, 176, 0, 176, 0, 0, 0
26080, 1, 1636471222203, 1636471222375, 172, 0, 172, 0, 0, 0
26082, 1, 1636471222215, 1636471222387, 172, 0, 172, 0, 0, 0
26084, 1, 1636471222247, 1636471222419, 172, 0, 172, 0, 0, 0
26087, 1, 1636471222355, 1636471222527, 172, 0, 172, 0, 0, 0
26088, 1, 1636471222399, 1636471222571, 172, 0, 172, 0, 0, 0
26089, 1, 1636471222523, 1636471222699, 176, 0, 176, 0, 0, 0
26090, 1, 1636471222563, 1636471222739, 176, 0, 176, 0, 0, 0
26091, 1, 1636471222571, 1636471222747, 176, 0, 176, 0, 0, 0
26092, 1, 1636471222635, 1636471222807, 172, 0, 172, 0, 0, 0
26093, 1, 1636471222643, 1636471222815, 172, 0, 172, 0, 0, 0
26095, 1, 1636471222731, 1636471222903, 172, 0, 172, 0, 0, 0
26096, 1, 1636471222855, 1636471223027, 172, 0, 172, 0, 0, 0
26098, 1, 1636471222871, 1636471223043, 172, 0, 172, 0, 0, 0
26099, 1, 1636471222915, 1636471223087, 172, 0, 172, 0, 0, 0
26100, 1, 1636471222935, 1636471223107, 172, 0, 172, 0, 0, 0
26101, 1, 1636471223019, 1636471223191, 172, 0, 172, 0, 0, 0
26102, 1, 1636471223059, 1636471223231, 172, 0, 172, 0, 0, 0
26103, 1, 1636471223079, 1636471223251, 172, 0, 172, 0, 0, 0
26104, 1, 1636471223191, 1636471223363, 172, 0, 172, 0, 0, 0
26105, 1, 1636471223223, 1636471223395, 172, 0, 172, 0, 0, 0
26106, 1, 1636471223235, 1636471223407, 172, 0, 172, 0, 0, 0
26107, 1, 1636471223279, 1636471223451, 172, 0, 172, 0, 0, 0
26109, 1, 1636471223311, 1636471223483, 172, 0, 172, 0, 0, 0
26110, 1, 1636471223351, 1636471223523, 172, 0, 172, 0, 0, 0
26111, 1, 1636471223395, 1636471223567, 172, 0, 172, 0, 0, 0
26112, 1, 1636471223395, 1636471223567, 172, 0, 172, 0, 0, 0
26108, 1, 1636471223403, 1636471223575, 172, 0, 172, 0, 0, 0
26113, 1, 1636471223519, 1636471223691, 172, 0, 172, 0, 0, 0
26114, 1, 1636471223539, 1636471223715, 176, 0, 176, 0, 0, 0
26115, 1, 1636471223579, 1636471223751, 172, 0, 172, 0, 0, 0
26116, 1, 1636471223587, 1636471223759, 172, 0, 172, 0, 0, 0
26117, 1, 1636471223687, 1636471223859, 172, 0, 172, 0, 0, 0
26118, 1, 1636471223723, 1636471223895, 172, 0, 172, 0, 0, 0
26119, 1, 1636471223751, 1636471223923, 172, 0, 172, 0, 0, 0
26120, 1, 1636471223855, 1636471224026, 171, 0, 171, 0, 0, 0
26121, 1, 1636471223891, 1636471224063, 172, 0, 172, 0, 0, 0
26122, 1, 1636471223903, 1636471224079, 176, 0, 176, 0, 0, 0
26123, 1, 1636471223930, 1636471224103, 173, 1, 172, 0, 0, 0
26124, 1, 1636471223975, 1636471224147, 172, 0, 172, 0, 0, 0
26125, 1, 1636471224003, 1636471224179, 176, 0, 176, 0, 0, 0
26126, 1, 1636471224047, 1636471224219, 172, 0, 172, 0, 0, 0
26127, 1, 1636471224063, 1636471224239, 176, 0, 176, 0, 0, 0
26128, 1, 1636471224063, 1636471224239, 176, 0, 176, 0, 0, 0
26129, 1, 1636471224195, 1636471224375, 180, 0, 180, 0, 0, 0
26130, 1, 1636471224207, 1636471224383, 176, 0, 176, 0, 0, 0
26132, 1, 1636471224279, 1636471224459, 180, 0, 180, 0, 0, 0
26133, 1, 1636471224355, 1636471224531, 176, 0, 176, 0, 0, 0
26134, 1, 1636471224395, 1636471224567, 172, 0, 172, 0, 0, 0
26135, 1, 1636471224411, 1636471224587, 176, 0, 176, 0, 0, 0
26136, 1, 1636471224527, 1636471224699, 172, 0, 172, 0, 0, 0
26137, 1, 1636471224555, 1636471224731, 176, 0, 176, 0, 0, 0
26138, 1, 1636471224571, 1636471224743, 172, 0, 172, 0, 0, 0
26139, 1, 1636471224607, 1636471224779, 172, 0, 172, 0, 0, 0
26140, 1, 1636471224647, 1636471224819, 172, 0, 172, 0, 0, 0
26141, 1, 1636471224667, 1636471224839, 172, 0, 172, 0, 0, 0
26143, 1, 1636471224667, 1636471224839, 172, 0, 172, 0, 0, 0
26142, 1, 1636471224667, 1636471224839, 172, 0, 172, 0, 0, 0
26146, 1, 1636471224731, 1636471224903, 172, 0, 172, 0, 0, 0
26147, 1, 1636471224855, 1636471225027, 172, 0, 172, 0, 0, 0
26148, 1, 1636471224867, 1636471225043, 176, 0, 176, 0, 0, 0
26149, 1, 1636471224943, 1636471225115, 172, 0, 172, 0, 0, 0
26144, 1, 1636471224995, 1636471225167, 172, 0, 172, 0, 0, 0
26150, 1, 1636471225003, 1636471225175, 172, 0, 172, 0, 0, 0
26151, 1, 1636471225019, 1636471225195, 176, 0, 176, 0, 0, 0
26152, 1, 1636471225059, 1636471225231, 172, 0, 172, 0, 0, 0
26153, 1, 1636471225071, 1636471225243, 172, 0, 172, 0, 0, 0
26155, 1, 1636471225207, 1636471225383, 176, 0, 176, 0, 0, 0
26156, 1, 1636471225223, 1636471225399, 176, 0, 176, 0, 0, 0
26158, 1, 1636471225263, 1636471225435, 172, 0, 172, 0, 0, 0
26159, 1, 1636471225307, 1636471225479, 172, 0, 172, 0, 0, 0
26161, 1, 1636471225327, 1636471225499, 172, 0, 172, 0, 0, 0
26160, 1, 1636471225327, 1636471225499, 172, 0, 172, 0, 0, 0
26162, 1, 1636471225339, 1636471225511, 172, 0, 172, 0, 0, 0
26163, 1, 1636471225399, 1636471225571, 172, 0, 172, 0, 0, 0
26154, 1, 1636471225407, 1636471225579, 172, 0, 172, 0, 0, 0
26157, 1, 1636471225415, 1636471225587, 172, 0, 172, 0, 0, 0
26164, 1, 1636471225527, 1636471225699, 172, 0, 172, 0, 0, 0
26165, 1, 1636471225543, 1636471225719, 176, 0, 176, 0, 0, 0
26166, 1, 1636471225611, 1636471225787, 176, 0, 176, 0, 0, 0
26167, 1, 1636471225647, 1636471225819, 172, 0, 172, 0, 0, 0
26168, 1, 1636471225663, 1636471225835, 172, 0, 172, 0, 0, 0
26169, 1, 1636471225687, 1636471225863, 176, 0, 176, 0, 0, 0
26171, 1, 1636471225755, 1636471225927, 172, 0, 172, 0, 0, 0
26172, 1, 1636471225871, 1636471226043, 172, 0, 172, 0, 0, 0
26170, 1, 1636471225875, 1636471226047, 172, 0, 172, 0, 0, 0
26173, 1, 1636471225899, 1636471226071, 172, 0, 172, 0, 0, 0
26174, 1, 1636471225931, 1636471226103, 172, 0, 172, 0, 0, 0
26176, 1, 1636471225987, 1636471226159, 172, 0, 172, 0, 0, 0
26177, 1, 1636471225991, 1636471226167, 176, 0, 176, 0, 0, 0
26178, 1, 1636471225995, 1636471226167, 172, 0, 172, 0, 0, 0
26180, 1, 1636471226067, 1636471226239, 172, 0, 172, 0, 0, 0
26181, 1, 1636471226071, 1636471226243, 172, 0, 172, 0, 0, 0
26183, 1, 1636471226199, 1636471226371, 172, 0, 172, 0, 0, 0
26182, 1, 1636471226219, 1636471226391, 172, 0, 172, 0, 0, 0
26179, 1, 1636471226247, 1636471226419, 172, 0, 172, 0, 0, 0
26184, 1, 1636471226275, 1636471226447, 172, 0, 172, 0, 0, 0
26175, 1, 1636471226279, 1636471226455, 176, 0, 176, 0, 0, 0
26185, 1, 1636471226315, 1636471226487, 172, 0, 172, 0, 0, 0
26145, 1, 1636471226335, 1636471226507, 172, 0, 172, 0, 0, 0
26187, 1, 1636471226355, 1636471226531, 176, 0, 176, 0, 0, 0
26189, 1, 1636471226531, 1636471226703, 172, 0, 172, 0, 0, 0
26190, 1, 1636471226539, 1636471226715, 176, 0, 176, 0, 0, 0
26191, 1, 1636471226551, 1636471226723, 172, 0, 172, 0, 0, 0
26186, 1, 1636471226551, 1636471226723, 172, 0, 172, 0, 0, 0
26188, 1, 1636471226567, 1636471226743, 176, 0, 176, 0, 0, 0
26193, 1, 1636471226599, 1636471226771, 172, 0, 172, 0, 0, 0
26192, 1, 1636471226619, 1636471226791, 172, 0, 172, 0, 0, 0
26195, 1, 1636471226655, 1636471226827, 172, 0, 172, 0, 0, 0
26196, 1, 1636471226667, 1636471226839, 172, 0, 172, 0, 0, 0
26197, 1, 1636471226727, 1636471226899, 172, 0, 172, 0, 0, 0
26198, 1, 1636471226735, 1636471226907, 172, 0, 172, 0, 0, 0
26199, 1, 1636471226871, 1636471227043, 172, 0, 172, 0, 0, 0
26200, 1, 1636471226875, 1636471227047, 172, 0, 172, 0, 0, 0
26201, 1, 1636471226903, 1636471227075, 172, 0, 172, 0, 0, 0
26194, 1, 1636471226919, 1636471227095, 176, 0, 176, 0, 0, 0
26202, 1, 1636471226939, 1636471227111, 172, 0, 172, 0, 0, 0
26203, 1, 1636471226943, 1636471227115, 172, 0, 172, 0, 0, 0
26204, 1, 1636471226979, 1636471227155, 176, 0, 176, 0, 0, 0
26205, 1, 1636471226987, 1636471227159, 172, 0, 172, 0, 0, 0
26206, 1, 1636471227015, 1636471227187, 172, 0, 172, 0, 0, 0
26208, 1, 1636471227199, 1636471227371, 172, 0, 172, 0, 0, 0
26209, 1, 1636471227203, 1636471227375, 172, 0, 172, 0, 0, 0
26211, 1, 1636471227223, 1636471227395, 172, 0, 172, 0, 0, 0
26210, 1, 1636471227227, 1636471227399, 172, 0, 172, 0, 0, 0
26212, 1, 1636471227251, 1636471227423, 172, 0, 172, 0, 0, 0
26207, 1, 1636471227251, 1636471227427, 176, 0, 176, 0, 0, 0
26213, 1, 1636471227275, 1636471227447, 172, 0, 172, 0, 0, 0
26214, 1, 1636471227323, 1636471227495, 172, 0, 172, 0, 0, 0
26215, 1, 1636471227335, 1636471227507, 172, 0, 172, 0, 0, 0
26216, 1, 1636471227395, 1636471227567, 172, 0, 172, 0, 0, 0
26217, 1, 1636471227403, 1636471227575, 172, 0, 172, 0, 0, 0
26218, 1, 1636471227531, 1636471227703, 172, 0, 172, 0, 0, 0
26220, 1, 1636471227567, 1636471227743, 176, 0, 176, 0, 0, 0
26221, 1, 1636471227583, 1636471227763, 180, 0, 180, 0, 0, 0
26222, 1, 1636471227603, 1636471227779, 176, 0, 176, 0, 0, 0
26223, 1, 1636471227643, 1636471227815, 172, 0, 172, 0, 0, 0
26224, 1, 1636471227655, 1636471227835, 180, 0, 180, 0, 0, 0
26219, 1, 1636471227679, 1636471227854, 175, 0, 175, 0, 0, 0
26225, 1, 1636471227687, 1636471227863, 176, 0, 176, 0, 0, 0
26227, 1, 1636471227867, 1636471228039, 172, 0, 172, 0, 0, 0
26226, 1, 1636471227875, 1636471228047, 172, 0, 172, 0, 0, 0
26228, 1, 1636471227891, 1636471228063, 172, 0, 172, 0, 0, 0
26229, 1, 1636471227891, 1636471228063, 172, 0, 172, 0, 0, 0
26230, 1, 1636471227907, 1636471228079, 172, 0, 172, 0, 0, 0
26231, 1, 1636471227915, 1636471228087, 172, 0, 172, 0, 0, 0
26232, 1, 1636471227943, 1636471228115, 172, 0, 172, 0, 0, 0
26233, 1, 1636471227987, 1636471228159, 172, 0, 172, 0, 0, 0
26234, 1, 1636471227999, 1636471228171, 172, 0, 172, 0, 0, 0
26235, 1, 1636471228059, 1636471228231, 172, 0, 172, 0, 0, 0
26236, 1, 1636471228067, 1636471228239, 172, 0, 172, 0, 0, 0
26237, 1, 1636471228203, 1636471228375, 172, 0, 172, 0, 0, 0
26238, 1, 1636471228231, 1636471228403, 172, 0, 172, 0, 0, 0
26239, 1, 1636471228243, 1636471228419, 176, 0, 176, 0, 0, 0
26240, 1, 1636471228271, 1636471228451, 180, 0, 180, 0, 0, 0
26241, 1, 1636471228311, 1636471228487, 176, 0, 176, 0, 0, 0
26242, 1, 1636471228319, 1636471228499, 180, 0, 180, 0, 0, 0
26243, 1, 1636471228331, 1636471228511, 180, 0, 180, 0, 0, 0
26245, 1, 1636471228539, 1636471228711, 172, 0, 172, 0, 0, 0
26244, 1, 1636471228543, 1636471228714, 171, 0, 171, 0, 0, 0
26247, 1, 1636471228555, 1636471228727, 172, 0, 172, 0, 0, 0
26246, 1, 1636471228558, 1636471228731, 173, 1, 172, 0, 0, 0
26248, 1, 1636471228579, 1636471228751, 172, 0, 172, 0, 0, 0
26249, 1, 1636471228590, 1636471228763, 173, 1, 172, 1, 0, 1
26250, 1, 1636471228614, 1636471228787, 173, 0, 173, 0, 0, 0
26251, 1, 1636471228663, 1636471228835, 172, 0, 172, 0, 0, 0
26252, 1, 1636471228678, 1636471228851, 173, 1, 172, 0, 0, 0
26253, 1, 1636471228727, 1636471228899, 172, 0, 172, 0, 0, 0
26254, 1, 1636471228735, 1636471228907, 172, 0, 172, 0, 0, 0
26255, 1, 1636471228875, 1636471229047, 172, 0, 172, 0, 0, 0
26256, 1, 1636471228899, 1636471229070, 171, 0, 171, 0, 0, 0
26257, 1, 1636471228911, 1636471229083, 172, 0, 172, 0, 0, 0
26258, 1, 1636471228938, 1636471229111, 173, 1, 172, 0, 0, 0
26259, 1, 1636471228975, 1636471229147, 172, 0, 172, 0, 0, 0
26263, 1, 1636471229203, 1636471229375, 172, 0, 172, 0, 0, 0
26262, 1, 1636471229203, 1636471229375, 172, 0, 172, 0, 0, 0
26261, 1, 1636471229223, 1636471229395, 172, 0, 172, 0, 0, 0
26264, 1, 1636471229223, 1636471229395, 172, 0, 172, 0, 0, 0
26265, 1, 1636471229227, 1636471229399, 172, 0, 172, 0, 0, 0
26266, 1, 1636471229239, 1636471229415, 176, 0, 176, 0, 0, 0
26267, 1, 1636471229251, 1636471229423, 172, 0, 172, 0, 0, 0
26268, 1, 1636471229270, 1636471229443, 173, 1, 172, 0, 0, 0
26269, 1, 1636471229318, 1636471229491, 173, 1, 172, 0, 0, 0
26260, 1, 1636471229323, 1636471229495, 172, 0, 172, 0, 0, 0
26270, 1, 1636471229339, 1636471229511, 172, 0, 172, 0, 0, 0
26271, 1, 1636471229391, 1636471229563, 172, 0, 172, 0, 0, 0
26273, 1, 1636471229535, 1636471229707, 172, 0, 172, 0, 0, 0
26274, 1, 1636471229563, 1636471229739, 176, 0, 176, 0, 0, 0
26275, 1, 1636471229575, 1636471229747, 172, 0, 172, 0, 0, 0
26276, 1, 1636471229602, 1636471229775, 173, 1, 172, 0, 0, 0
26277, 1, 1636471229643, 1636471229819, 176, 0, 176, 0, 0, 0
26272, 1, 1636471229671, 1636471229843, 172, 0, 172, 0, 0, 0
26278, 1, 1636471229867, 1636471230039, 172, 0, 172, 0, 0, 0
26279, 1, 1636471229875, 1636471230047, 172, 0, 172, 0, 0, 0
26280, 1, 1636471229891, 1636471230063, 172, 0, 172, 0, 0, 0
26281, 1, 1636471229899, 1636471230071, 172, 0, 172, 0, 0, 0
26282, 1, 1636471229899, 1636471230071, 172, 0, 172, 0, 0, 0
26284, 1, 1636471229931, 1636471230103, 172, 0, 172, 0, 0, 0
26285, 1, 1636471229939, 1636471230111, 172, 0, 172, 0, 0, 0
26287, 1, 1636471229983, 1636471230155, 172, 0, 172, 0, 0, 0
26288, 1, 1636471230007, 1636471230183, 176, 0, 176, 0, 0, 0
26289, 1, 1636471230059, 1636471230231, 172, 0, 172, 0, 0, 0
26290, 1, 1636471230195, 1636471230371, 176, 0, 176, 0, 0, 0
26283, 1, 1636471230223, 1636471230395, 172, 0, 172, 0, 0, 0
26292, 1, 1636471230243, 1636471230419, 176, 0, 176, 0, 0, 0
26286, 1, 1636471230247, 1636471230419, 172, 0, 172, 0, 0, 0
26293, 1, 1636471230266, 1636471230439, 173, 1, 172, 0, 0, 0
26294, 1, 1636471230307, 1636471230483, 176, 0, 176, 0, 0, 0
26291, 1, 1636471230327, 1636471230503, 176, 0, 176, 0, 0, 0
26295, 1, 1636471230327, 1636471230503, 176, 0, 176, 0, 0, 0
26297, 1, 1636471230535, 1636471230707, 172, 0, 172, 0, 0, 0
26296, 1, 1636471230539, 1636471230711, 172, 0, 172, 0, 0, 0
26298, 1, 1636471230551, 1636471230723, 172, 0, 172, 0, 0, 0
26299, 1, 1636471230559, 1636471230731, 172, 0, 172, 0, 0, 0
26300, 1, 1636471230563, 1636471230739, 176, 0, 176, 0, 0, 0
26301, 1, 1636471230587, 1636471230759, 172, 0, 172, 0, 0, 0
26302, 1, 1636471230607, 1636471230783, 176, 0, 176, 0, 0, 0
26303, 1, 1636471230650, 1636471230823, 173, 1, 172, 0, 0, 0
26304, 1, 1636471230663, 1636471230835, 172, 0, 172, 0, 0, 0
26305, 1, 1636471230723, 1636471230895, 172, 0, 172, 0, 0, 0
26306, 1, 1636471230867, 1636471231039, 172, 0, 172, 0, 0, 0
26307, 1, 1636471230879, 1636471231051, 172, 0, 172, 0, 0, 0
26308, 1, 1636471230911, 1636471231083, 172, 0, 172, 0, 0, 0
26309, 1, 1636471230935, 1636471231107, 172, 0, 172, 0, 0, 0
26311, 1, 1636471230983, 1636471231155, 172, 0, 172, 0, 0, 0
26312, 1, 1636471230991, 1636471231167, 176, 0, 176, 0, 0, 0
26313, 1, 1636471231199, 1636471231371, 172, 0, 172, 0, 0, 0
26314, 1, 1636471231203, 1636471231375, 172, 0, 172, 0, 0, 0
26315, 1, 1636471231215, 1636471231387, 172, 0, 172, 0, 0, 0
26316, 1, 1636471231223, 1636471231399, 176, 0, 176, 0, 0, 0
26317, 1, 1636471231223, 1636471231399, 176, 0, 176, 0, 0, 0
26318, 1, 1636471231255, 1636471231431, 176, 0, 176, 0, 0, 0
26310, 1, 1636471231259, 1636471231431, 172, 0, 172, 0, 0, 0
26319, 1, 1636471231275, 1636471231451, 176, 0, 176, 0, 0, 0
26320, 1, 1636471231323, 1636471231499, 176, 0, 176, 0, 0, 0
26321, 1, 1636471231339, 1636471231511, 172, 0, 172, 0, 0, 0
26322, 1, 1636471231395, 1636471231567, 172, 0, 172, 0, 0, 0
26323, 1, 1636471231531, 1636471231703, 172, 0, 172, 0, 0, 0
26324, 1, 1636471231547, 1636471231719, 172, 0, 172, 0, 0, 0
26325, 1, 1636471231575, 1636471231747, 172, 0, 172, 0, 0, 0
26326, 1, 1636471231603, 1636471231775, 172, 0, 172, 0, 0, 0
26327, 1, 1636471231651, 1636471231827, 176, 0, 176, 0, 0, 0
26328, 1, 1636471231659, 1636471231831, 172, 0, 172, 0, 0, 0
26330, 1, 1636471231867, 1636471232039, 172, 0, 172, 0, 0, 0
26329, 1, 1636471231867, 1636471232043, 176, 0, 176, 0, 0, 0
26332, 1, 1636471231887, 1636471232063, 176, 0, 176, 0, 0, 0
26333, 1, 1636471231887, 1636471232063, 176, 0, 176, 0, 0, 0
26331, 1, 1636471231887, 1636471232063, 176, 0, 176, 0, 0, 0
26334, 1, 1636471231911, 1636471232083, 172, 0, 172, 0, 0, 0
26335, 1, 1636471231919, 1636471232091, 172, 0, 172, 0, 0, 0
26336, 1, 1636471231983, 1636471232155, 172, 0, 172, 0, 0, 0
26337, 1, 1636471232059, 1636471232231, 172, 0, 172, 0, 0, 0
26338, 1, 1636471232202, 1636471232375, 173, 1, 172, 0, 0, 0
26339, 1, 1636471232211, 1636471232383, 172, 0, 172, 0, 0, 0
26340, 1, 1636471232247, 1636471232423, 176, 0, 176, 0, 0, 0
26341, 1, 1636471232271, 1636471232443, 172, 0, 172, 0, 0, 0
26342, 1, 1636471232315, 1636471232487, 172, 0, 172, 0, 0, 0
26344, 1, 1636471232535, 1636471232707, 172, 0, 172, 0, 0, 0
26343, 1, 1636471232535, 1636471232707, 172, 0, 172, 0, 0, 0
26345, 1, 1636471232547, 1636471232719, 172, 0, 172, 0, 0, 0
26346, 1, 1636471232559, 1636471232731, 172, 0, 172, 0, 0, 0
26348, 1, 1636471232575, 1636471232747, 172, 0, 172, 0, 0, 0
26347, 1, 1636471232599, 1636471232771, 172, 0, 172, 0, 0, 0
26350, 1, 1636471232651, 1636471232823, 172, 0, 172, 0, 0, 0
26352, 1, 1636471232863, 1636471233035, 172, 0, 172, 0, 0, 0
26353, 1, 1636471232879, 1636471233051, 172, 0, 172, 0, 0, 0
26354, 1, 1636471232907, 1636471233079, 172, 0, 172, 0, 0, 0
26355, 1, 1636471232931, 1636471233103, 172, 0, 172, 0, 0, 0
26356, 1, 1636471232983, 1636471233159, 176, 0, 176, 0, 0, 0
26357, 1, 1636471233199, 1636471233375, 176, 0, 176, 0, 0, 0
26358, 1, 1636471233207, 1636471233379, 172, 0, 172, 0, 0, 0
26359, 1, 1636471233219, 1636471233391, 172, 0, 172, 0, 0, 0
26360, 1, 1636471233223, 1636471233395, 172, 0, 172, 0, 0, 0
26362, 1, 1636471233255, 1636471233427, 172, 0, 172, 0, 0, 0
26361, 1, 1636471233251, 1636471233427, 176, 0, 176, 0, 0, 0
26363, 1, 1636471233319, 1636471233491, 172, 0, 172, 0, 0, 0
26365, 1, 1636471233543, 1636471233715, 172, 0, 172, 0, 0, 0
26366, 1, 1636471233575, 1636471233747, 172, 0, 172, 0, 0, 0
26367, 1, 1636471233599, 1636471233771, 172, 0, 172, 0, 0, 0
26364, 1, 1636471233606, 1636471233779, 173, 1, 172, 1, 0, 1
26368, 1, 1636471233646, 1636471233819, 173, 1, 172, 0, 0, 0
26370, 1, 1636471233867, 1636471234039, 172, 0, 172, 0, 0, 0
26369, 1, 1636471233867, 1636471234039, 172, 0, 172, 0, 0, 0
26372, 1, 1636471233887, 1636471234059, 172, 0, 172, 0, 0, 0
26374, 1, 1636471233915, 1636471234087, 172, 0, 172, 0, 0, 0
26373, 1, 1636471233915, 1636471234091, 176, 0, 176, 0, 0, 0
26371, 1, 1636471233955, 1636471234127, 172, 0, 172, 0, 0, 0
26375, 1, 1636471233987, 1636471234159, 172, 0, 172, 0, 0, 0
26376, 1, 1636471234215, 1636471234387, 172, 0, 172, 0, 0, 0
26378, 1, 1636471234263, 1636471234435, 172, 0, 172, 0, 0, 0
26379, 1, 1636471234263, 1636471234435, 172, 0, 172, 0, 0, 0
26377, 1, 1636471234303, 1636471234479, 176, 0, 176, 0, 0, 0
26380, 1, 1636471234319, 1636471234491, 172, 0, 172, 0, 0, 0
26381, 1, 1636471234535, 1636471234707, 172, 0, 172, 0, 0, 0
26382, 1, 1636471234543, 1636471234715, 172, 0, 172, 0, 0, 0
26383, 1, 1636471234555, 1636471234727, 172, 0, 172, 0, 0, 0
26384, 1, 1636471234578, 1636471234755, 177, 1, 176, 0, 0, 0
26385, 1, 1636471234587, 1636471234759, 172, 0, 172, 0, 0, 0
26386, 1, 1636471234611, 1636471234783, 172, 0, 172, 0, 0, 0
26387, 1, 1636471234875, 1636471235047, 172, 0, 172, 0, 0, 0
26388, 1, 1636471234931, 1636471235103, 172, 0, 172, 0, 0, 0
26389, 1, 1636471234931, 1636471235103, 172, 0, 172, 0, 0, 0
26390, 1, 1636471234963, 1636471235135, 172, 0, 172, 0, 0, 0
26391, 1, 1636471234983, 1636471235155, 172, 0, 172, 0, 0, 0
26392, 1, 1636471235167, 1636471235339, 172, 0, 172, 0, 0, 0
26393, 1, 1636471235171, 1636471235343, 172, 0, 172, 0, 0, 0
26395, 1, 1636471235203, 1636471235375, 172, 0, 172, 0, 0, 0
26394, 1, 1636471235203, 1636471235375, 172, 0, 172, 0, 0, 0
26396, 1, 1636471235218, 1636471235391, 173, 1, 172, 0, 0, 0
26397, 1, 1636471235247, 1636471235419, 172, 0, 172, 0, 0, 0
26398, 1, 1636471235263, 1636471235435, 172, 0, 172, 0, 0, 0
26399, 1, 1636471235279, 1636471235451, 172, 0, 172, 0, 0, 0
26400, 1, 1636471235547, 1636471235719, 172, 0, 172, 0, 0, 0
26402, 1, 1636471235595, 1636471235767, 172, 0, 172, 0, 0, 0
26401, 1, 1636471235595, 1636471235767, 172, 0, 172, 0, 0, 0
26403, 1, 1636471235631, 1636471235803, 172, 0, 172, 0, 0, 0
26404, 1, 1636471235647, 1636471235823, 176, 0, 176, 0, 0, 0
26407, 1, 1636471235863, 1636471236035, 172, 0, 172, 0, 0, 0
26408, 1, 1636471235867, 1636471236038, 171, 0, 171, 0, 0, 0
26409, 1, 1636471235887, 1636471236063, 176, 0, 176, 0, 0, 0
26405, 1, 1636471235895, 1636471236071, 176, 0, 176, 0, 0, 0
26410, 1, 1636471235915, 1636471236091, 176, 0, 176, 0, 0, 0
26412, 1, 1636471235943, 1636471236114, 171, 0, 171, 0, 0, 0
26411, 1, 1636471235979, 1636471236151, 172, 0, 172, 0, 0, 0
26406, 1, 1636471235998, 1636471236171, 173, 1, 172, 0, 0, 0
26413, 1, 1636471236211, 1636471236383, 172, 0, 172, 0, 0, 0
26415, 1, 1636471236263, 1636471236439, 176, 0, 176, 0, 0, 0
26414, 1, 1636471236263, 1636471236439, 176, 0, 176, 0, 0, 0
26416, 1, 1636471236295, 1636471236471, 176, 0, 176, 0, 0, 0
26417, 1, 1636471236310, 1636471236483, 173, 1, 172, 0, 0, 0
26418, 1, 1636471236535, 1636471236707, 172, 0, 172, 0, 0, 0
26419, 1, 1636471236535, 1636471236707, 172, 0, 172, 0, 0, 0
26421, 1, 1636471236559, 1636471236731, 172, 0, 172, 0, 0, 0
26420, 1, 1636471236559, 1636471236731, 172, 0, 172, 0, 0, 0
26422, 1, 1636471236587, 1636471236759, 172, 0, 172, 0, 0, 0
26423, 1, 1636471236614, 1636471236787, 173, 1, 172, 0, 0, 0
26424, 1, 1636471236639, 1636471236811, 172, 0, 172, 0, 0, 0
26425, 1, 1636471236651, 1636471236823, 172, 0, 172, 0, 0, 0
26426, 1, 1636471236875, 1636471237047, 172, 0, 172, 0, 0, 0
26427, 1, 1636471236923, 1636471237095, 172, 0, 172, 0, 0, 0
26428, 1, 1636471236923, 1636471237095, 172, 0, 172, 0, 0, 0
26429, 1, 1636471236962, 1636471237135, 173, 1, 172, 0, 0, 0
26430, 1, 1636471236979, 1636471237159, 180, 0, 180, 0, 0, 0
26432, 1, 1636471237199, 1636471237371, 172, 0, 172, 0, 0, 0
26431, 1, 1636471237199, 1636471237371, 172, 0, 172, 0, 0, 0
26433, 1, 1636471237223, 1636471237395, 172, 0, 172, 0, 0, 0
26434, 1, 1636471237223, 1636471237395, 172, 0, 172, 0, 0, 0
26435, 1, 1636471237251, 1636471237423, 172, 0, 172, 0, 0, 0
26436, 1, 1636471237275, 1636471237447, 172, 0, 172, 0, 0, 0
26437, 1, 1636471237303, 1636471237475, 172, 0, 172, 0, 0, 0
26438, 1, 1636471237335, 1636471237507, 172, 0, 172, 0, 0, 0
26439, 1, 1636471237547, 1636471237719, 172, 0, 172, 0, 0, 0
26441, 1, 1636471237595, 1636471237771, 176, 0, 176, 0, 0, 0
26440, 1, 1636471237595, 1636471237771, 176, 0, 176, 0, 0, 0
26442, 1, 1636471237631, 1636471237807, 176, 0, 176, 0, 0, 0
26443, 1, 1636471237643, 1636471237819, 176, 0, 176, 0, 0, 0
26444, 1, 1636471237859, 1636471238031, 172, 0, 172, 0, 0, 0
26445, 1, 1636471237871, 1636471238043, 172, 0, 172, 0, 0, 0
26446, 1, 1636471237887, 1636471238059, 172, 0, 172, 0, 0, 0
26447, 1, 1636471237887, 1636471238059, 172, 0, 172, 0, 0, 0
26448, 1, 1636471237923, 1636471238095, 172, 0, 172, 0, 0, 0
26449, 1, 1636471237943, 1636471238115, 172, 0, 172, 0, 0, 0
26450, 1, 1636471237967, 1636471238139, 172, 0, 172, 0, 0, 0
26451, 1, 1636471237995, 1636471238167, 172, 0, 172, 0, 0, 0
26452, 1, 1636471238207, 1636471238379, 172, 0, 172, 0, 0, 0
26454, 1, 1636471238259, 1636471238431, 172, 0, 172, 0, 0, 0
26453, 1, 1636471238259, 1636471238431, 172, 0, 172, 0, 0, 0
26455, 1, 1636471238295, 1636471238467, 172, 0, 172, 0, 0, 0
26456, 1, 1636471238315, 1636471238487, 172, 0, 172, 0, 0, 0
26458, 1, 1636471238531, 1636471238707, 176, 0, 176, 0, 0, 0
26457, 1, 1636471238531, 1636471238707, 176, 0, 176, 0, 0, 0
26460, 1, 1636471238555, 1636471238727, 172, 0, 172, 0, 0, 0
26461, 1, 1636471238583, 1636471238755, 172, 0, 172, 0, 0, 0
26462, 1, 1636471238607, 1636471238779, 172, 0, 172, 0, 0, 0
26463, 1, 1636471238635, 1636471238807, 172, 0, 172, 0, 0, 0
26459, 1, 1636471238639, 1636471238811, 172, 0, 172, 0, 0, 0
26464, 1, 1636471238883, 1636471239059, 176, 0, 176, 0, 0, 0
26465, 1, 1636471238923, 1636471239095, 172, 0, 172, 0, 0, 0
26466, 1, 1636471238931, 1636471239107, 176, 0, 176, 0, 0, 0
26467, 1, 1636471238963, 1636471239139, 176, 0, 176, 0, 0, 0
26468, 1, 1636471238979, 1636471239151, 172, 0, 172, 0, 0, 0
26469, 1, 1636471239203, 1636471239379, 176, 0, 176, 0, 0, 0
26470, 1, 1636471239223, 1636471239395, 172, 0, 172, 0, 0, 0
26471, 1, 1636471239247, 1636471239419, 172, 0, 172, 0, 0, 0
26472, 1, 1636471239275, 1636471239451, 176, 0, 176, 0, 0, 0
26473, 1, 1636471239295, 1636471239471, 176, 0, 176, 0, 0, 0
26474, 1, 1636471239299, 1636471239475, 176, 0, 176, 0, 0, 0
26475, 1, 1636471239547, 1636471239723, 176, 0, 176, 0, 0, 0
26476, 1, 1636471239595, 1636471239767, 172, 0, 172, 0, 0, 0
26477, 1, 1636471239595, 1636471239767, 172, 0, 172, 0, 0, 0
26478, 1, 1636471239627, 1636471239799, 172, 0, 172, 0, 0, 0
26479, 1, 1636471239646, 1636471239827, 181, 1, 180, 0, 0, 0
26480, 1, 1636471239867, 1636471240039, 172, 0, 172, 0, 0, 0
26481, 1, 1636471239891, 1636471240063, 172, 0, 172, 0, 0, 0
26482, 1, 1636471239919, 1636471240095, 176, 0, 176, 0, 0, 0
26483, 1, 1636471239935, 1636471240111, 176, 0, 176, 0, 0, 0
26484, 1, 1636471239955, 1636471240127, 172, 0, 172, 0, 0, 0
26485, 1, 1636471239967, 1636471240143, 176, 0, 176, 0, 0, 0
26486, 1, 1636471240215, 1636471240387, 172, 0, 172, 0, 0, 0
26488, 1, 1636471240259, 1636471240431, 172, 0, 172, 0, 0, 0
26487, 1, 1636471240259, 1636471240431, 172, 0, 172, 0, 0, 0
26489, 1, 1636471240295, 1636471240467, 172, 0, 172, 0, 0, 0
26490, 1, 1636471240311, 1636471240483, 172, 0, 172, 0, 0, 0
26491, 1, 1636471240531, 1636471240703, 172, 0, 172, 0, 0, 0
26492, 1, 1636471240559, 1636471240731, 172, 0, 172, 0, 0, 0
26493, 1, 1636471240583, 1636471240755, 172, 0, 172, 0, 0, 0
26494, 1, 1636471240611, 1636471240783, 172, 0, 172, 0, 0, 0
26495, 1, 1636471240627, 1636471240799, 172, 0, 172, 0, 0, 0
26496, 1, 1636471240635, 1636471240807, 172, 0, 172, 0, 0, 0
26497, 1, 1636471240875, 1636471241047, 172, 0, 172, 0, 0, 0
26499, 1, 1636471240923, 1636471241095, 172, 0, 172, 0, 0, 0
26498, 1, 1636471240923, 1636471241095, 172, 0, 172, 0, 0, 0
26500, 1, 1636471240963, 1636471241135, 172, 0, 172, 0, 0, 0
26501, 1, 1636471240975, 1636471241147, 172, 0, 172, 0, 0, 0
26502, 1, 1636471241199, 1636471241371, 172, 0, 172, 0, 0, 0
26503, 1, 1636471241227, 1636471241399, 172, 0, 172, 0, 0, 0
26505, 1, 1636471241271, 1636471241443, 172, 0, 172, 0, 0, 0
26506, 1, 1636471241295, 1636471241467, 172, 0, 172, 0, 0, 0
26507, 1, 1636471241303, 1636471241475, 172, 0, 172, 0, 0, 0
26508, 1, 1636471241539, 1636471241711, 172, 0, 172, 0, 0, 0
26504, 1, 1636471241547, 1636471241719, 172, 0, 172, 0, 0, 0
26510, 1, 1636471241591, 1636471241767, 176, 0, 176, 0, 0, 0
26509, 1, 1636471241591, 1636471241767, 176, 0, 176, 0, 0, 0
26511, 1, 1636471241623, 1636471241795, 172, 0, 172, 0, 0, 0
26512, 1, 1636471241639, 1636471241815, 176, 0, 176, 0, 0, 0
26513, 1, 1636471241863, 1636471242035, 172, 0, 172, 0, 0, 0
26514, 1, 1636471241887, 1636471242063, 176, 0, 176, 0, 0, 0
26515, 1, 1636471241943, 1636471242115, 172, 0, 172, 0, 0, 0
26516, 1, 1636471241963, 1636471242135, 172, 0, 172, 0, 0, 0
26517, 1, 1636471241971, 1636471242143, 172, 0, 172, 0, 0, 0
26518, 1, 1636471242203, 1636471242375, 172, 0, 172, 0, 0, 0
26519, 1, 1636471242259, 1636471242431, 172, 0, 172, 0, 0, 0
26520, 1, 1636471242259, 1636471242431, 172, 0, 172, 0, 0, 0
26521, 1, 1636471242291, 1636471242463, 172, 0, 172, 0, 0, 0
26522, 1, 1636471242311, 1636471242483, 172, 0, 172, 0, 0, 0
26524, 1, 1636471242555, 1636471242727, 172, 0, 172, 0, 0, 0
26525, 1, 1636471242603, 1636471242775, 172, 0, 172, 0, 0, 0
26526, 1, 1636471242631, 1636471242803, 172, 0, 172, 0, 0, 0
26527, 1, 1636471242635, 1636471242807, 172, 0, 172, 0, 0, 0
26523, 1, 1636471242659, 1636471242831, 172, 0, 172, 0, 0, 0
26528, 1, 1636471242859, 1636471243031, 172, 0, 172, 0, 0, 0
26530, 1, 1636471242919, 1636471243091, 172, 0, 172, 0, 0, 0
26529, 1, 1636471242923, 1636471243099, 176, 0, 176, 0, 0, 0
26531, 1, 1636471242951, 1636471243123, 172, 0, 172, 0, 0, 0
26532, 1, 1636471242967, 1636471243147, 180, 0, 180, 0, 0, 0
26533, 1, 1636471243223, 1636471243395, 172, 0, 172, 0, 0, 0
26534, 1, 1636471243267, 1636471243439, 172, 0, 172, 0, 0, 0
26535, 1, 1636471243283, 1636471243459, 176, 0, 176, 0, 0, 0
26536, 1, 1636471243291, 1636471243467, 176, 0, 176, 0, 0, 0
26537, 1, 1636471243311, 1636471243491, 180, 0, 180, 0, 0, 0
26538, 1, 1636471243531, 1636471243703, 172, 0, 172, 0, 0, 0
26539, 1, 1636471243591, 1636471243763, 172, 0, 172, 0, 0, 0
26540, 1, 1636471243595, 1636471243767, 172, 0, 172, 0, 0, 0
26541, 1, 1636471243635, 1636471243807, 172, 0, 172, 0, 0, 0
26542, 1, 1636471243639, 1636471243811, 172, 0, 172, 0, 0, 0
26543, 1, 1636471243887, 1636471244063, 176, 0, 176, 0, 0, 0
26544, 1, 1636471243931, 1636471244107, 176, 0, 176, 0, 0, 0
26545, 1, 1636471243959, 1636471244135, 176, 0, 176, 0, 0, 0
26546, 1, 1636471243983, 1636471244159, 176, 0, 176, 0, 0, 0
26547, 1, 1636471244199, 1636471244371, 172, 0, 172, 0, 0, 0
26548, 1, 1636471244263, 1636471244435, 172, 0, 172, 0, 0, 0
26549, 1, 1636471244295, 1636471244467, 172, 0, 172, 0, 0, 0
26550, 1, 1636471244307, 1636471244487, 180, 0, 180, 0, 0, 0
26551, 1, 1636471244555, 1636471244727, 172, 0, 172, 0, 0, 0
26552, 1, 1636471244611, 1636471244783, 172, 0, 172, 0, 0, 0
26553, 1, 1636471244627, 1636471244799, 172, 0, 172, 0, 0, 0
26554, 1, 1636471244647, 1636471244819, 172, 0, 172, 0, 0, 0
26555, 1, 1636471244867, 1636471245039, 172, 0, 172, 0, 0, 0
26556, 1, 1636471244927, 1636471245099, 172, 0, 172, 0, 0, 0
26557, 1, 1636471244959, 1636471245131, 172, 0, 172, 0, 0, 0
26558, 1, 1636471244971, 1636471245143, 172, 0, 172, 0, 0, 0
26559, 1, 1636471245275, 1636471245447, 172, 0, 172, 0, 0, 0
26560, 1, 1636471245291, 1636471245463, 172, 0, 172, 0, 0, 0
26561, 1, 1636471245311, 1636471245483, 172, 0, 172, 0, 0, 0
26562, 1, 1636471245535, 1636471245711, 176, 0, 176, 0, 0, 0
26563, 1, 1636471245591, 1636471245763, 172, 0, 172, 0, 0, 0
26564, 1, 1636471245623, 1636471245795, 172, 0, 172, 0, 0, 0
26565, 1, 1636471245643, 1636471245815, 172, 0, 172, 0, 0, 0
26566, 1, 1636471245934, 1636471246107, 173, 1, 172, 0, 0, 0
26567, 1, 1636471245963, 1636471246135, 172, 0, 172, 0, 0, 0
26568, 1, 1636471245979, 1636471246151, 172, 0, 172, 0, 0, 0
26569, 1, 1636471246203, 1636471246375, 172, 0, 172, 0, 0, 0
26570, 1, 1636471246259, 1636471246431, 172, 0, 172, 0, 0, 0
26571, 1, 1636471246291, 1636471246463, 172, 0, 172, 0, 0, 0
26572, 1, 1636471246303, 1636471246479, 176, 0, 176, 0, 0, 0
26573, 1, 1636471246599, 1636471246771, 172, 0, 172, 0, 0, 0
26574, 1, 1636471246627, 1636471246799, 172, 0, 172, 0, 0, 0
26575, 1, 1636471246643, 1636471246819, 176, 0, 176, 0, 0, 0
26577, 1, 1636471246923, 1636471247095, 172, 0, 172, 0, 0, 0
26578, 1, 1636471246955, 1636471247127, 172, 0, 172, 0, 0, 0
26579, 1, 1636471246971, 1636471247143, 172, 0, 172, 0, 0, 0
26576, 1, 1636471246971, 1636471247143, 172, 0, 172, 0, 0, 0
26580, 1, 1636471247271, 1636471247443, 172, 0, 172, 0, 0, 0
26581, 1, 1636471247311, 1636471247483, 172, 0, 172, 0, 0, 0
26582, 1, 1636471247591, 1636471247763, 172, 0, 172, 0, 0, 0
26583, 1, 1636471247619, 1636471247791, 172, 0, 172, 0, 0, 0
26584, 1, 1636471247627, 1636471247799, 172, 0, 172, 0, 0, 0
26585, 1, 1636471247931, 1636471248103, 172, 0, 172, 0, 0, 0
26586, 1, 1636471247967, 1636471248139, 172, 0, 172, 0, 0, 0
26587, 1, 1636471248291, 1636471248463, 172, 0, 172, 0, 0, 0
26588, 1, 1636471248291, 1636471248463, 172, 0, 172, 0, 0, 0
26589, 1, 1636471248599, 1636471248771, 172, 0, 172, 0, 0, 0
26590, 1, 1636471248643, 1636471248815, 172, 0, 172, 0, 0, 0
26591, 1, 1636471248959, 1636471249131, 172, 0, 172, 0, 0, 0
26592, 1, 1636471249263, 1636471249435, 172, 0, 172, 0, 0, 0
26593, 1, 1636471249307, 1636471249479, 172, 0, 172, 0, 0, 0
26594, 1, 1636471249931, 1636471250103, 172, 0, 172, 0, 0, 0
26595, 1, 1636471249975, 1636471250147, 172, 0, 172, 0, 0, 0
26596, 1, 1636471250595, 1636471250767, 172, 0, 172, 0, 0, 0
26597, 1, 1636471250643, 1636471250815, 172, 0, 172, 0, 0, 0
26598, 1, 1636471251307, 1636471251479, 172, 0, 172, 0, 0, 0
26599, 1, 1636471251975, 1636471252147, 172, 0, 172, 0, 0, 0
26600, 1, 1636471252639, 1636471252811, 172, 0, 172, 0, 0, 0
26601, 1, 1636471466543, 1636471466715, 172, 0, 172, 0, 0, 0
26602, 1, 1636471467043, 1636471467215, 172, 0, 172, 0, 0, 0
26603, 1, 1636471467199, 1636471467371, 172, 0, 172, 0, 0, 0
26604, 1, 1636471467699, 1636471467871, 172, 0, 172, 0, 0, 0
26606, 1, 1636471467843, 1636471468015, 172, 0, 172, 0, 0, 0
26605, 1, 1636471467855, 1636471468027, 172, 0, 172, 0, 0, 0
26608, 1, 1636471468339, 1636471468511, 172, 0, 172, 0, 0, 0
26607, 1, 1636471468355, 1636471468527, 172, 0, 172, 0, 0, 0
26609, 1, 1636471468491, 1636471468663, 172, 0, 172, 0, 0, 0
26610, 1, 1636471468511, 1636471468683, 172, 0, 172, 0, 0, 0
26613, 1, 1636471468991, 1636471469163, 172, 0, 172, 0, 0, 0
26611, 1, 1636471468999, 1636471469175, 176, 0, 176, 0, 0, 0
26612, 1, 1636471469011, 1636471469183, 172, 0, 172, 0, 0, 0
26614, 1, 1636471469147, 1636471469319, 172, 0, 172, 0, 0, 0
26615, 1, 1636471469167, 1636471469339, 172, 0, 172, 0, 0, 0
26617, 1, 1636471469611, 1636471469782, 171, 0, 171, 0, 0, 0
26616, 1, 1636471469643, 1636471469815, 172, 0, 172, 0, 0, 0
26618, 1, 1636471469663, 1636471469835, 172, 0, 172, 0, 0, 0
26619, 1, 1636471469667, 1636471469839, 172, 0, 172, 0, 0, 0
26620, 1, 1636471469803, 1636471469975, 172, 0, 172, 0, 0, 0
26621, 1, 1636471469819, 1636471469991, 172, 0, 172, 0, 0, 0
26623, 1, 1636471470255, 1636471470427, 172, 0, 172, 0, 0, 0
26622, 1, 1636471470263, 1636471470435, 172, 0, 172, 0, 0, 0
26624, 1, 1636471470295, 1636471470467, 172, 0, 172, 0, 0, 0
26625, 1, 1636471470327, 1636471470499, 172, 0, 172, 0, 0, 0
26626, 1, 1636471470327, 1636471470499, 172, 0, 172, 0, 0, 0
26627, 1, 1636471470459, 1636471470631, 172, 0, 172, 0, 0, 0
26628, 1, 1636471470475, 1636471470647, 172, 0, 172, 0, 0, 0
26629, 1, 1636471470911, 1636471471087, 176, 0, 176, 0, 0, 0
26630, 1, 1636471470927, 1636471471099, 172, 0, 172, 0, 0, 0
26632, 1, 1636471470931, 1636471471103, 172, 0, 172, 0, 0, 0
26631, 1, 1636471470947, 1636471471123, 176, 0, 176, 0, 0, 0
26633, 1, 1636471470987, 1636471471159, 172, 0, 172, 0, 0, 0
26634, 1, 1636471470987, 1636471471159, 172, 0, 172, 0, 0, 0
26635, 1, 1636471471107, 1636471471279, 172, 0, 172, 0, 0, 0
26636, 1, 1636471471139, 1636471471311, 172, 0, 172, 0, 0, 0
26640, 1, 1636471471551, 1636471471727, 176, 0, 176, 0, 0, 0
26637, 1, 1636471471579, 1636471471755, 176, 0, 176, 0, 0, 0
26638, 1, 1636471471583, 1636471471759, 176, 0, 176, 0, 0, 0
26639, 1, 1636471471587, 1636471471763, 176, 0, 176, 0, 0, 0
26641, 1, 1636471471606, 1636471471779, 173, 1, 172, 1, 0, 1
26642, 1, 1636471471646, 1636471471819, 173, 1, 172, 0, 0, 0
26643, 1, 1636471471650, 1636471471827, 177, 1, 176, 0, 1, 1
26644, 1, 1636471471763, 1636471471935, 172, 0, 172, 0, 0, 0
26645, 1, 1636471471903, 1636471472075, 172, 0, 172, 0, 0, 0
26647, 1, 1636471472211, 1636471472383, 172, 0, 172, 0, 0, 0
26648, 1, 1636471472239, 1636471472411, 172, 0, 172, 0, 0, 0
26649, 1, 1636471472239, 1636471472411, 172, 0, 172, 0, 0, 0
26646, 1, 1636471472247, 1636471472423, 176, 0, 176, 0, 0, 0
26650, 1, 1636471472251, 1636471472427, 176, 0, 176, 0, 0, 0
26651, 1, 1636471472259, 1636471472435, 176, 0, 176, 0, 0, 0
26653, 1, 1636471472311, 1636471472487, 176, 0, 176, 0, 0, 0
26654, 1, 1636471472415, 1636471472587, 172, 0, 172, 0, 0, 0
26655, 1, 1636471472555, 1636471472731, 176, 0, 176, 0, 0, 0
26652, 1, 1636471472595, 1636471472767, 172, 0, 172, 0, 0, 0
26656, 1, 1636471472867, 1636471473039, 172, 0, 172, 0, 0, 0
26657, 1, 1636471472891, 1636471473067, 176, 0, 176, 0, 0, 0
26658, 1, 1636471472895, 1636471473071, 176, 0, 176, 0, 0, 0
26659, 1, 1636471472903, 1636471473075, 172, 0, 172, 0, 0, 0
26660, 1, 1636471472915, 1636471473087, 172, 0, 172, 0, 0, 0
26661, 1, 1636471472923, 1636471473095, 172, 0, 172, 0, 0, 0
26662, 1, 1636471472971, 1636471473143, 172, 0, 172, 0, 0, 0
26663, 1, 1636471473075, 1636471473247, 172, 0, 172, 0, 0, 0
26664, 1, 1636471473219, 1636471473391, 172, 0, 172, 0, 0, 0
26665, 1, 1636471473251, 1636471473423, 172, 0, 172, 0, 0, 0
26666, 1, 1636471473535, 1636471473707, 172, 0, 172, 0, 0, 0
26667, 1, 1636471473547, 1636471473719, 172, 0, 172, 0, 0, 0
26668, 1, 1636471473555, 1636471473727, 172, 0, 172, 0, 0, 0
26669, 1, 1636471473567, 1636471473739, 172, 0, 172, 0, 0, 0
26670, 1, 1636471473567, 1636471473739, 172, 0, 172, 0, 0, 0
26671, 1, 1636471473571, 1636471473747, 176, 0, 176, 0, 0, 0
26673, 1, 1636471473591, 1636471473763, 172, 0, 172, 0, 0, 0
26674, 1, 1636471473727, 1636471473899, 172, 0, 172, 0, 0, 0
26675, 1, 1636471473875, 1636471474051, 176, 0, 176, 0, 0, 0
26676, 1, 1636471473899, 1636471474071, 172, 0, 172, 0, 0, 0
26672, 1, 1636471473939, 1636471474111, 172, 0, 172, 0, 0, 0
26678, 1, 1636471474191, 1636471474363, 172, 0, 172, 0, 0, 0
26679, 1, 1636471474203, 1636471474375, 172, 0, 172, 0, 0, 0
26680, 1, 1636471474207, 1636471474383, 176, 0, 176, 0, 0, 0
26681, 1, 1636471474223, 1636471474395, 172, 0, 172, 0, 0, 0
26682, 1, 1636471474223, 1636471474395, 172, 0, 172, 0, 0, 0
26684, 1, 1636471474247, 1636471474423, 176, 0, 176, 0, 0, 0
26677, 1, 1636471474287, 1636471474459, 172, 0, 172, 0, 0, 0
26685, 1, 1636471474383, 1636471474555, 172, 0, 172, 0, 0, 0
26687, 1, 1636471474551, 1636471474723, 172, 0, 172, 0, 0, 0
26688, 1, 1636471474595, 1636471474771, 176, 0, 176, 0, 0, 0
26686, 1, 1636471474599, 1636471474775, 176, 0, 176, 0, 0, 0
26683, 1, 1636471474635, 1636471474807, 172, 0, 172, 0, 0, 0
26690, 1, 1636471474847, 1636471475019, 172, 0, 172, 0, 0, 0
26692, 1, 1636471474871, 1636471475043, 172, 0, 172, 0, 0, 0
26693, 1, 1636471474883, 1636471475055, 172, 0, 172, 0, 0, 0
26694, 1, 1636471474883, 1636471475055, 172, 0, 172, 0, 0, 0
26695, 1, 1636471474914, 1636471475091, 177, 1, 176, 0, 1, 1
26696, 1, 1636471474947, 1636471475119, 172, 0, 172, 0, 0, 0
26689, 1, 1636471474987, 1636471475159, 172, 0, 172, 0, 0, 0
26697, 1, 1636471475035, 1636471475207, 172, 0, 172, 0, 0, 0
26701, 1, 1636471475251, 1636471475431, 180, 0, 180, 0, 0, 0
26700, 1, 1636471475251, 1636471475431, 180, 0, 180, 0, 0, 0
26698, 1, 1636471475291, 1636471475463, 172, 0, 172, 0, 0, 0
26702, 1, 1636471475291, 1636471475463, 172, 0, 172, 0, 0, 0
26699, 1, 1636471475339, 1636471475511, 172, 0, 172, 0, 0, 0
26703, 1, 1636471475503, 1636471475675, 172, 0, 172, 0, 0, 0
26705, 1, 1636471475547, 1636471475719, 172, 0, 172, 0, 0, 0
26706, 1, 1636471475547, 1636471475719, 172, 0, 172, 0, 0, 0
26707, 1, 1636471475571, 1636471475747, 176, 0, 176, 0, 0, 0
26708, 1, 1636471475603, 1636471475779, 176, 0, 176, 0, 0, 0
26709, 1, 1636471475643, 1636471475815, 172, 0, 172, 0, 0, 0
26713, 1, 1636471475915, 1636471476087, 172, 0, 172, 0, 0, 0
26714, 1, 1636471475943, 1636471476119, 176, 0, 176, 0, 0, 0
26715, 1, 1636471475951, 1636471476123, 172, 0, 172, 0, 0, 0
26710, 1, 1636471475991, 1636471476163, 172, 0, 172, 0, 0, 0
26717, 1, 1636471476159, 1636471476331, 172, 0, 172, 0, 0, 0
26718, 1, 1636471476203, 1636471476375, 172, 0, 172, 0, 0, 0
26721, 1, 1636471476227, 1636471476399, 172, 0, 172, 0, 0, 0
26722, 1, 1636471476259, 1636471476431, 172, 0, 172, 0, 0, 0
26723, 1, 1636471476295, 1636471476467, 172, 0, 172, 0, 0, 0
26716, 1, 1636471476339, 1636471476511, 172, 0, 172, 0, 0, 0
26726, 1, 1636471476599, 1636471476771, 172, 0, 172, 0, 0, 0
26727, 1, 1636471476651, 1636471476823, 172, 0, 172, 0, 0, 0
26724, 1, 1636471476683, 1636471476855, 172, 0, 172, 0, 0, 0
26729, 1, 1636471476862, 1636471477035, 173, 0, 173, 0, 0, 0
26730, 1, 1636471476879, 1636471477051, 172, 0, 172, 0, 0, 0
26731, 1, 1636471476911, 1636471477083, 172, 0, 172, 0, 0, 0
26732, 1, 1636471476947, 1636471477123, 176, 0, 176, 0, 0, 0
26733, 1, 1636471476991, 1636471477167, 176, 0, 176, 0, 0, 0
26734, 1, 1636471477247, 1636471477419, 172, 0, 172, 0, 0, 0
26736, 1, 1636471477335, 1636471477511, 176, 0, 176, 0, 0, 0
26739, 1, 1636471477539, 1636471477711, 172, 0, 172, 0, 0, 0
26740, 1, 1636471477567, 1636471477739, 172, 0, 172, 0, 0, 0
26741, 1, 1636471477607, 1636471477783, 176, 0, 176, 0, 0, 0
26742, 1, 1636471477651, 1636471477823, 172, 0, 172, 0, 0, 0
26743, 1, 1636471477895, 1636471478067, 172, 0, 172, 0, 0, 0
26745, 1, 1636471477955, 1636471478127, 172, 0, 172, 0, 0, 0
26748, 1, 1636471478083, 1636471478255, 172, 0, 172, 0, 0, 0
26749, 1, 1636471478195, 1636471478367, 172, 0, 172, 0, 0, 0
26750, 1, 1636471478219, 1636471478391, 172, 0, 172, 0, 0, 0
26752, 1, 1636471478263, 1636471478439, 176, 0, 176, 0, 0, 0
26746, 1, 1636471478303, 1636471478475, 172, 0, 172, 0, 0, 0
26753, 1, 1636471478307, 1636471478479, 172, 0, 172, 0, 0, 0
26751, 1, 1636471478439, 1636471478610, 171, 0, 171, 0, 0, 0
26758, 1, 1636471478610, 1636471478787, 177, 1, 176, 0, 1, 1
26757, 1, 1636471478651, 1636471478823, 172, 0, 172, 0, 0, 0
26759, 1, 1636471478743, 1636471478915, 172, 0, 172, 0, 0, 0
26755, 1, 1636471478787, 1636471478959, 172, 0, 172, 0, 0, 0
26761, 1, 1636471478874, 1636471479047, 173, 1, 172, 0, 1, 1
26762, 1, 1636471478919, 1636471479091, 172, 0, 172, 0, 0, 0
26764, 1, 1636471478963, 1636471479135, 172, 0, 172, 0, 0, 0
26765, 1, 1636471478971, 1636471479143, 172, 0, 172, 0, 0, 0
26766, 1, 1636471479095, 1636471479267, 172, 0, 172, 0, 0, 0
26763, 1, 1636471479135, 1636471479307, 172, 0, 172, 0, 0, 0
26767, 1, 1636471479171, 1636471479343, 172, 0, 172, 0, 0, 0
26768, 1, 1636471479279, 1636471479451, 172, 0, 172, 0, 0, 0
26770, 1, 1636471479311, 1636471479483, 172, 0, 172, 0, 0, 0
26771, 1, 1636471479399, 1636471479571, 172, 0, 172, 0, 0, 0
26772, 1, 1636471479443, 1636471479615, 172, 0, 172, 0, 0, 0
26774, 1, 1636471479579, 1636471479751, 172, 0, 172, 0, 0, 0
26775, 1, 1636471479631, 1636471479803, 172, 0, 172, 0, 0, 0
26776, 1, 1636471479631, 1636471479803, 172, 0, 172, 0, 0, 0
26777, 1, 1636471479659, 1636471479831, 172, 0, 172, 0, 0, 0
26779, 1, 1636471479755, 1636471479926, 171, 0, 171, 0, 0, 0
26780, 1, 1636471479787, 1636471479958, 171, 0, 171, 0, 0, 0
26781, 1, 1636471479831, 1636471480003, 172, 0, 172, 0, 0, 0
26782, 1, 1636471479874, 1636471480046, 172, 0, 172, 0, 0, 0
26784, 1, 1636471479978, 1636471480151, 173, 1, 172, 0, 0, 0
26778, 1, 1636471480007, 1636471480178, 171, 0, 171, 0, 0, 0
26785, 1, 1636471480058, 1636471480231, 173, 0, 173, 0, 0, 0
26786, 1, 1636471480099, 1636471480271, 172, 0, 172, 0, 0, 0
26790, 1, 1636471480287, 1636471480459, 172, 0, 172, 0, 0, 0
26791, 1, 1636471480311, 1636471480483, 172, 0, 172, 0, 0, 0
26794, 1, 1636471480439, 1636471480611, 172, 0, 172, 0, 0, 0
26795, 1, 1636471480487, 1636471480659, 172, 0, 172, 0, 0, 0
26796, 1, 1636471480531, 1636471480707, 176, 0, 176, 0, 0, 0
26798, 1, 1636471480659, 1636471480831, 172, 0, 172, 0, 0, 0
26799, 1, 1636471480711, 1636471480883, 172, 0, 172, 0, 0, 0
26800, 1, 1636471480759, 1636471480931, 172, 0, 172, 0, 0, 0
26804, 1, 1636471480959, 1636471481131, 172, 0, 172, 0, 0, 0
26807, 1, 1636471481191, 1636471481371, 180, 0, 180, 0, 0, 0
26808, 1, 1636471481207, 1636471481383, 176, 0, 176, 0, 0, 0
26809, 1, 1636471481315, 1636471481487, 172, 0, 172, 0, 0, 0
26810, 1, 1636471481367, 1636471481539, 172, 0, 172, 0, 0, 0
26811, 1, 1636471481411, 1636471481583, 172, 0, 172, 0, 0, 0
26815, 1, 1636471481863, 1636471482035, 172, 0, 172, 0, 0, 0
26816, 1, 1636471481879, 1636471482051, 172, 0, 172, 0, 0, 0
26817, 1, 1636471481971, 1636471482143, 172, 0, 172, 0, 0, 0
26818, 1, 1636471482023, 1636471482199, 176, 0, 176, 0, 0, 0
26819, 1, 1636471482063, 1636471482235, 172, 0, 172, 0, 0, 0
26820, 1, 1636471482523, 1636471482695, 172, 0, 172, 0, 0, 0
26821, 1, 1636471482538, 1636471482711, 173, 1, 172, 0, 1, 1
26822, 1, 1636471482583, 1636471482759, 176, 0, 176, 0, 0, 0
26825, 1, 1636471482619, 1636471482791, 172, 0, 172, 0, 0, 0
26823, 1, 1636471482619, 1636471482791, 172, 0, 172, 0, 0, 0
26824, 1, 1636471482627, 1636471482799, 172, 0, 172, 0, 0, 0
26828, 1, 1636471482695, 1636471482867, 172, 0, 172, 0, 0, 0
26829, 1, 1636471482715, 1636471482887, 172, 0, 172, 0, 0, 0
26830, 1, 1636471482759, 1636471482931, 172, 0, 172, 0, 0, 0
26826, 1, 1636471482967, 1636471483139, 172, 0, 172, 0, 0, 0
26832, 1, 1636471483119, 1636471483291, 172, 0, 172, 0, 0, 0
26834, 1, 1636471483195, 1636471483367, 172, 0, 172, 0, 0, 0
26836, 1, 1636471483243, 1636471483415, 172, 0, 172, 0, 0, 0
26835, 1, 1636471483243, 1636471483415, 172, 0, 172, 0, 0, 0
26839, 1, 1636471483279, 1636471483455, 176, 0, 176, 0, 0, 0
26838, 1, 1636471483283, 1636471483455, 172, 0, 172, 0, 0, 0
26840, 1, 1636471483299, 1636471483471, 172, 0, 172, 0, 0, 0
26831, 1, 1636471483311, 1636471483482, 171, 0, 171, 0, 0, 0
26841, 1, 1636471483351, 1636471483523, 172, 0, 172, 0, 0, 0
26843, 1, 1636471483411, 1636471483583, 172, 0, 172, 0, 0, 0
26844, 1, 1636471483447, 1636471483619, 172, 0, 172, 0, 0, 0
26845, 1, 1636471483655, 1636471483827, 172, 0, 172, 0, 0, 0
26847, 1, 1636471483771, 1636471483947, 176, 0, 176, 0, 0, 0
26849, 1, 1636471483895, 1636471484071, 176, 0, 176, 0, 0, 0
26850, 1, 1636471483899, 1636471484071, 172, 0, 172, 0, 0, 0
26852, 1, 1636471483943, 1636471484115, 172, 0, 172, 0, 0, 0
26851, 1, 1636471483943, 1636471484115, 172, 0, 172, 0, 0, 0
26855, 1, 1636471483959, 1636471484135, 176, 0, 176, 0, 0, 0
26854, 1, 1636471483959, 1636471484135, 176, 0, 176, 0, 0, 0
26853, 1, 1636471483959, 1636471484135, 176, 0, 176, 0, 0, 0
26858, 1, 1636471484079, 1636471484251, 172, 0, 172, 0, 0, 0
26859, 1, 1636471484103, 1636471484275, 172, 0, 172, 0, 0, 0
26860, 1, 1636471484207, 1636471484379, 172, 0, 172, 0, 0, 0
26862, 1, 1636471484423, 1636471484595, 172, 0, 172, 0, 0, 0
26866, 1, 1636471484603, 1636471484775, 172, 0, 172, 0, 0, 0
26869, 1, 1636471484619, 1636471484791, 172, 0, 172, 0, 0, 0
26867, 1, 1636471484619, 1636471484791, 172, 0, 172, 0, 0, 0
26868, 1, 1636471484619, 1636471484795, 176, 0, 176, 0, 0, 0
26870, 1, 1636471484731, 1636471484903, 172, 0, 172, 0, 0, 0
26871, 1, 1636471484759, 1636471484931, 172, 0, 172, 0, 0, 0
26873, 1, 1636471485031, 1636471485203, 172, 0, 172, 0, 0, 0
26874, 1, 1636471485067, 1636471485239, 172, 0, 172, 0, 0, 0
26875, 1, 1636471485255, 1636471485431, 176, 0, 176, 0, 0, 0
26878, 1, 1636471485279, 1636471485451, 172, 0, 172, 0, 0, 0
26876, 1, 1636471485279, 1636471485451, 172, 0, 172, 0, 0, 0
26879, 1, 1636471485387, 1636471485559, 172, 0, 172, 0, 0, 0
26880, 1, 1636471485415, 1636471485587, 172, 0, 172, 0, 0, 0
26881, 1, 1636471485531, 1636471485703, 172, 0, 172, 0, 0, 0
26883, 1, 1636471485683, 1636471485855, 172, 0, 172, 0, 0, 0
26884, 1, 1636471485719, 1636471485891, 172, 0, 172, 0, 0, 0
26885, 1, 1636471485719, 1636471485891, 172, 0, 172, 0, 0, 0
26886, 1, 1636471485915, 1636471486087, 172, 0, 172, 0, 0, 0
26888, 1, 1636471485935, 1636471486107, 172, 0, 172, 0, 0, 0
26887, 1, 1636471485935, 1636471486107, 172, 0, 172, 0, 0, 0
26890, 1, 1636471486043, 1636471486219, 176, 0, 176, 0, 0, 0
26891, 1, 1636471486066, 1636471486243, 177, 1, 176, 0, 1, 1
26893, 1, 1636471486199, 1636471486371, 172, 0, 172, 0, 0, 0
26895, 1, 1636471486343, 1636471486515, 172, 0, 172, 0, 0, 0
26896, 1, 1636471486363, 1636471486535, 172, 0, 172, 0, 0, 0
26897, 1, 1636471486367, 1636471486539, 172, 0, 172, 0, 0, 0
26898, 1, 1636471486379, 1636471486551, 172, 0, 172, 0, 0, 0
26900, 1, 1636471486591, 1636471486763, 172, 0, 172, 0, 0, 0
26901, 1, 1636471486591, 1636471486763, 172, 0, 172, 0, 0, 0
26904, 1, 1636471486722, 1636471486895, 173, 1, 172, 0, 0, 0
26906, 1, 1636471486899, 1636471487075, 176, 0, 176, 0, 0, 0
26907, 1, 1636471486919, 1636471487091, 172, 0, 172, 0, 0, 0
26903, 1, 1636471486943, 1636471487115, 172, 0, 172, 0, 0, 0
26908, 1, 1636471486959, 1636471487131, 172, 0, 172, 0, 0, 0
26910, 1, 1636471487023, 1636471487195, 172, 0, 172, 0, 0, 0
26912, 1, 1636471487047, 1636471487219, 172, 0, 172, 0, 0, 0
26915, 1, 1636471487251, 1636471487423, 172, 0, 172, 0, 0, 0
26914, 1, 1636471487251, 1636471487423, 172, 0, 172, 0, 0, 0
26916, 1, 1636471487375, 1636471487547, 172, 0, 172, 0, 0, 0
26917, 1, 1636471487559, 1636471487731, 172, 0, 172, 0, 0, 0
26919, 1, 1636471487599, 1636471487775, 176, 0, 176, 0, 0, 0
26920, 1, 1636471487619, 1636471487791, 172, 0, 172, 0, 0, 0
26921, 1, 1636471487631, 1636471487803, 172, 0, 172, 0, 0, 0
26922, 1, 1636471487683, 1636471487855, 172, 0, 172, 0, 0, 0
26924, 1, 1636471487907, 1636471488083, 176, 0, 176, 0, 0, 0
26926, 1, 1636471488031, 1636471488203, 172, 0, 172, 0, 0, 0
26927, 1, 1636471488035, 1636471488207, 172, 0, 172, 0, 0, 0
26929, 1, 1636471488259, 1636471488431, 172, 0, 172, 0, 0, 0
26930, 1, 1636471488271, 1636471488447, 176, 0, 176, 0, 0, 0
26933, 1, 1636471488339, 1636471488511, 172, 0, 172, 0, 0, 0
26928, 1, 1636471488379, 1636471488551, 172, 0, 172, 0, 0, 0
26935, 1, 1636471488567, 1636471488739, 172, 0, 172, 0, 0, 0
26937, 1, 1636471488687, 1636471488859, 172, 0, 172, 0, 0, 0
26938, 1, 1636471488687, 1636471488863, 176, 0, 176, 0, 0, 0
26932, 1, 1636471488727, 1636471488903, 176, 0, 176, 0, 0, 0
26940, 1, 1636471488927, 1636471489099, 172, 0, 172, 0, 0, 0
26942, 1, 1636471488995, 1636471489167, 172, 0, 172, 0, 0, 0
26944, 1, 1636471489031, 1636471489203, 172, 0, 172, 0, 0, 0
26946, 1, 1636471489227, 1636471489399, 172, 0, 172, 0, 0, 0
26949, 1, 1636471489355, 1636471489527, 172, 0, 172, 0, 0, 0
26950, 1, 1636471489383, 1636471489555, 172, 0, 172, 0, 0, 0
26951, 1, 1636471489387, 1636471489563, 176, 0, 176, 0, 0, 0
26953, 1, 1636471489583, 1636471489755, 172, 0, 172, 0, 0, 0
26954, 1, 1636471489659, 1636471489835, 176, 0, 176, 0, 0, 0
26955, 1, 1636471489687, 1636471489863, 176, 0, 176, 0, 0, 0
26959, 1, 1636471490035, 1636471490207, 172, 0, 172, 0, 0, 0
26961, 1, 1636471490047, 1636471490219, 172, 0, 172, 0, 0, 0
26962, 1, 1636471490239, 1636471490411, 172, 0, 172, 0, 0, 0
26963, 1, 1636471490255, 1636471490427, 172, 0, 172, 0, 0, 0
26964, 1, 1636471490315, 1636471490487, 172, 0, 172, 0, 0, 0
26965, 1, 1636471490339, 1636471490511, 172, 0, 172, 0, 0, 0
26967, 1, 1636471490687, 1636471490859, 172, 0, 172, 0, 0, 0
26971, 1, 1636471490907, 1636471491079, 172, 0, 172, 0, 0, 0
26972, 1, 1636471490971, 1636471491143, 172, 0, 172, 0, 0, 0
26973, 1, 1636471490987, 1636471491159, 172, 0, 172, 0, 0, 0
26974, 1, 1636471491279, 1636471491451, 172, 0, 172, 0, 0, 0
26977, 1, 1636471491347, 1636471491519, 172, 0, 172, 0, 0, 0
26976, 1, 1636471491351, 1636471491527, 176, 0, 176, 0, 0, 0
26979, 1, 1636471491559, 1636471491731, 172, 0, 172, 0, 0, 0
26981, 1, 1636471491627, 1636471491799, 172, 0, 172, 0, 0, 0
26982, 1, 1636471491635, 1636471491807, 172, 0, 172, 0, 0, 0
26983, 1, 1636471491695, 1636471491867, 172, 0, 172, 0, 0, 0
26978, 1, 1636471491703, 1636471491875, 172, 0, 172, 0, 0, 0
26984, 1, 1636471491703, 1636471491875, 172, 0, 172, 0, 0, 0
26987, 1, 1636471491999, 1636471492175, 176, 0, 176, 0, 0, 0
26985, 1, 1636471492051, 1636471492227, 176, 0, 176, 0, 0, 0
26990, 1, 1636471492247, 1636471492419, 172, 0, 172, 0, 0, 0
26993, 1, 1636471492287, 1636471492459, 172, 0, 172, 0, 0, 0
26994, 1, 1636471492355, 1636471492527, 172, 0, 172, 0, 0, 0
26995, 1, 1636471492363, 1636471492535, 172, 0, 172, 0, 0, 0
26998, 1, 1636471492399, 1636471492571, 172, 0, 172, 0, 0, 0
26999, 1, 1636471492659, 1636471492831, 172, 0, 172, 0, 0, 0
27001, 1, 1636471492895, 1636471493067, 172, 0, 172, 0, 0, 0
27005, 1, 1636471493019, 1636471493191, 172, 0, 172, 0, 0, 0
27007, 1, 1636471493051, 1636471493223, 172, 0, 172, 0, 0, 0
27008, 1, 1636471493231, 1636471493407, 176, 0, 176, 0, 0, 0
27009, 1, 1636471493255, 1636471493431, 176, 0, 176, 0, 0, 0
27010, 1, 1636471493315, 1636471493487, 172, 0, 172, 0, 0, 0
27011, 1, 1636471493539, 1636471493711, 172, 0, 172, 0, 0, 0
27012, 1, 1636471493675, 1636471493847, 172, 0, 172, 0, 0, 0
27013, 1, 1636471493691, 1636471493863, 172, 0, 172, 0, 0, 0
27017, 1, 1636471493919, 1636471494091, 172, 0, 172, 0, 0, 0
27018, 1, 1636471493971, 1636471494143, 172, 0, 172, 0, 0, 0
27019, 1, 1636471494195, 1636471494367, 172, 0, 172, 0, 0, 0
27021, 1, 1636471494327, 1636471494499, 172, 0, 172, 0, 0, 0
27023, 1, 1636471494355, 1636471494527, 172, 0, 172, 0, 0, 0
27024, 1, 1636471494567, 1636471494739, 172, 0, 172, 0, 0, 0
27026, 1, 1636471494627, 1636471494799, 172, 0, 172, 0, 0, 0
27027, 1, 1636471494631, 1636471494803, 172, 0, 172, 0, 0, 0
27028, 1, 1636471494639, 1636471494811, 172, 0, 172, 0, 0, 0
27030, 1, 1636471494719, 1636471494891, 172, 0, 172, 0, 0, 0
27031, 1, 1636471494851, 1636471495023, 172, 0, 172, 0, 0, 0
27032, 1, 1636471494983, 1636471495155, 172, 0, 172, 0, 0, 0
27033, 1, 1636471495015, 1636471495187, 172, 0, 172, 0, 0, 0
27034, 1, 1636471495063, 1636471495235, 172, 0, 172, 0, 0, 0
27020, 1, 1636471495139, 1636471495315, 176, 0, 176, 0, 0, 0
27037, 1, 1636471495287, 1636471495459, 172, 0, 172, 0, 0, 0
27038, 1, 1636471495287, 1636471495459, 172, 0, 172, 0, 0, 0
27036, 1, 1636471495287, 1636471495459, 172, 0, 172, 0, 0, 0
27040, 1, 1636471495343, 1636471495515, 172, 0, 172, 0, 0, 0
27041, 1, 1636471495367, 1636471495539, 172, 0, 172, 0, 0, 0
27042, 1, 1636471495371, 1636471495543, 172, 0, 172, 0, 0, 0
27044, 1, 1636471495503, 1636471495675, 172, 0, 172, 0, 0, 0
27047, 1, 1636471495727, 1636471495903, 176, 0, 176, 0, 0, 0
27049, 1, 1636471495939, 1636471496111, 172, 0, 172, 0, 0, 0
27050, 1, 1636471495943, 1636471496115, 172, 0, 172, 0, 0, 0
27053, 1, 1636471496023, 1636471496199, 176, 0, 176, 0, 0, 0
27055, 1, 1636471496063, 1636471496235, 172, 0, 172, 0, 0, 0
27057, 1, 1636471496247, 1636471496419, 172, 0, 172, 0, 0, 0
27058, 1, 1636471496275, 1636471496447, 172, 0, 172, 0, 0, 0
27051, 1, 1636471496291, 1636471496463, 172, 0, 172, 0, 0, 0
27060, 1, 1636471496599, 1636471496771, 172, 0, 172, 0, 0, 0
27061, 1, 1636471496599, 1636471496771, 172, 0, 172, 0, 0, 0
27062, 1, 1636471496683, 1636471496859, 176, 0, 176, 0, 0, 0
27063, 1, 1636471496695, 1636471496867, 172, 0, 172, 0, 0, 0
27064, 1, 1636471496719, 1636471496891, 172, 0, 172, 0, 0, 0
27065, 1, 1636471496907, 1636471497079, 172, 0, 172, 0, 0, 0
27066, 1, 1636471496927, 1636471497099, 172, 0, 172, 0, 0, 0
27068, 1, 1636471496943, 1636471497115, 172, 0, 172, 0, 0, 0
27069, 1, 1636471497063, 1636471497235, 172, 0, 172, 0, 0, 0
27070, 1, 1636471497247, 1636471497419, 172, 0, 172, 0, 0, 0
27071, 1, 1636471497255, 1636471497427, 172, 0, 172, 0, 0, 0
27072, 1, 1636471497343, 1636471497515, 172, 0, 172, 0, 0, 0
27074, 1, 1636471497371, 1636471497543, 172, 0, 172, 0, 0, 0
27052, 1, 1636471497379, 1636471497551, 172, 0, 172, 0, 0, 0
27076, 1, 1636471497571, 1636471497743, 172, 0, 172, 0, 0, 0
27077, 1, 1636471497579, 1636471497751, 172, 0, 172, 0, 0, 0
27078, 1, 1636471497595, 1636471497771, 176, 0, 176, 0, 0, 0
27079, 1, 1636471497643, 1636471497815, 172, 0, 172, 0, 0, 0
27080, 1, 1636471497723, 1636471497895, 172, 0, 172, 0, 0, 0
27081, 1, 1636471497747, 1636471497919, 172, 0, 172, 0, 0, 0
27056, 1, 1636471497811, 1636471497983, 172, 0, 172, 0, 0, 0
27082, 1, 1636471497895, 1636471498067, 172, 0, 172, 0, 0, 0
27083, 1, 1636471497915, 1636471498087, 172, 0, 172, 0, 0, 0
27084, 1, 1636471497995, 1636471498166, 171, 0, 171, 0, 0, 0
27086, 1, 1636471498027, 1636471498198, 171, 0, 171, 0, 0, 0
27085, 1, 1636471498027, 1636471498198, 171, 0, 171, 0, 0, 0
27087, 1, 1636471498030, 1636471498202, 172, 1, 171, 1, 0, 1
27088, 1, 1636471498119, 1636471498291, 172, 0, 172, 0, 0, 0
27089, 1, 1636471498150, 1636471498327, 177, 1, 176, 1, 0, 1
27093, 1, 1636471498295, 1636471498467, 172, 0, 172, 0, 0, 0
27092, 1, 1636471498338, 1636471498510, 172, 1, 171, 0, 0, 0
27094, 1, 1636471498379, 1636471498550, 171, 0, 171, 0, 0, 0
27095, 1, 1636471498383, 1636471498554, 171, 0, 171, 0, 0, 0
27096, 1, 1636471498399, 1636471498571, 172, 0, 172, 0, 0, 0
27097, 1, 1636471498467, 1636471498639, 172, 0, 172, 0, 0, 0
27098, 1, 1636471498543, 1636471498715, 172, 0, 172, 0, 0, 0
27099, 1, 1636471498563, 1636471498739, 176, 0, 176, 0, 0, 0
27100, 1, 1636471498643, 1636471498814, 171, 0, 171, 0, 0, 0
27101, 1, 1636471498679, 1636471498850, 171, 0, 171, 0, 0, 0
27102, 1, 1636471498687, 1636471498858, 171, 0, 171, 0, 0, 0
27103, 1, 1636471498691, 1636471498863, 172, 0, 172, 0, 0, 0
27104, 1, 1636471498739, 1636471498910, 171, 0, 171, 0, 0, 0
27105, 1, 1636471498771, 1636471498942, 171, 0, 171, 0, 0, 0
27106, 1, 1636471498807, 1636471498979, 172, 0, 172, 0, 0, 0
27108, 1, 1636471498990, 1636471499166, 176, 1, 175, 0, 1, 1
27110, 1, 1636471499038, 1636471499210, 172, 1, 171, 1, 0, 1
27109, 1, 1636471499038, 1636471499211, 173, 1, 172, 0, 0, 0
27111, 1, 1636471499051, 1636471499227, 176, 0, 176, 0, 0, 0
27112, 1, 1636471499119, 1636471499298, 179, 0, 179, 0, 0, 0
27113, 1, 1636471499195, 1636471499367, 172, 0, 172, 0, 0, 0
27114, 1, 1636471499223, 1636471499394, 171, 0, 171, 0, 0, 0
27115, 1, 1636471499294, 1636471499467, 173, 1, 172, 0, 0, 0
27117, 1, 1636471499330, 1636471499502, 172, 1, 171, 0, 0, 0
27118, 1, 1636471499342, 1636471499515, 173, 1, 172, 0, 0, 0
27120, 1, 1636471499391, 1636471499563, 172, 0, 172, 0, 0, 0
27121, 1, 1636471499423, 1636471499595, 172, 0, 172, 0, 0, 0
27122, 1, 1636471499459, 1636471499631, 172, 0, 172, 0, 0, 0
27123, 1, 1636471499651, 1636471499819, 168, 0, 168, 0, 0, 0
27125, 1, 1636471499699, 1636471499871, 172, 0, 172, 0, 0, 0
27126, 1, 1636471499699, 1636471499871, 172, 0, 172, 0, 0, 0
27127, 1, 1636471499707, 1636471499879, 172, 0, 172, 0, 0, 0
27128, 1, 1636471499783, 1636471499959, 176, 0, 176, 0, 0, 0
27129, 1, 1636471499851, 1636471500023, 172, 0, 172, 0, 0, 0
27130, 1, 1636471499874, 1636471500047, 173, 1, 172, 0, 0, 0
27131, 1, 1636471499907, 1636471500079, 172, 0, 172, 0, 0, 0
27132, 1, 1636471499947, 1636471500122, 175, 0, 175, 0, 0, 0
27133, 1, 1636471499987, 1636471500159, 172, 0, 172, 0, 0, 0
27135, 1, 1636471500043, 1636471500214, 171, 0, 171, 0, 0, 0
27136, 1, 1636471500079, 1636471500251, 172, 0, 172, 0, 0, 0
27137, 1, 1636471500122, 1636471500295, 173, 1, 172, 0, 0, 0
27138, 1, 1636471500307, 1636471500479, 172, 0, 172, 0, 0, 0
27140, 1, 1636471500351, 1636471500523, 172, 0, 172, 0, 0, 0
27139, 1, 1636471500351, 1636471500523, 172, 0, 172, 0, 0, 0
27142, 1, 1636471500438, 1636471500611, 173, 1, 172, 0, 1, 1
27143, 1, 1636471500503, 1636471500675, 172, 0, 172, 0, 0, 0
27144, 1, 1636471500530, 1636471500703, 173, 1, 172, 1, 0, 1
27146, 1, 1636471500570, 1636471500747, 177, 1, 176, 0, 1, 1
27147, 1, 1636471500583, 1636471500755, 172, 0, 172, 0, 0, 0
27148, 1, 1636471500611, 1636471500782, 171, 0, 171, 0, 0, 0
27145, 1, 1636471500695, 1636471500867, 172, 0, 172, 0, 0, 0
27151, 1, 1636471500735, 1636471500911, 176, 0, 176, 0, 0, 0
27149, 1, 1636471500782, 1636471500955, 173, 1, 172, 1, 0, 1
27153, 1, 1636471500959, 1636471501135, 176, 0, 176, 0, 0, 0
27155, 1, 1636471500999, 1636471501171, 172, 0, 172, 0, 0, 0
27150, 1, 1636471501043, 1636471501223, 180, 0, 180, 0, 0, 0
27156, 1, 1636471501087, 1636471501263, 176, 0, 176, 0, 0, 0
27154, 1, 1636471501127, 1636471501299, 172, 0, 172, 0, 0, 0
27157, 1, 1636471501155, 1636471501327, 172, 0, 172, 0, 0, 0
27159, 1, 1636471501235, 1636471501407, 172, 0, 172, 0, 0, 0
27161, 1, 1636471501271, 1636471501442, 171, 0, 171, 0, 0, 0
27162, 1, 1636471501303, 1636471501475, 172, 0, 172, 0, 0, 0
27163, 1, 1636471501355, 1636471501527, 172, 0, 172, 0, 0, 0
27160, 1, 1636471501395, 1636471501567, 172, 0, 172, 0, 0, 0
27164, 1, 1636471501395, 1636471501571, 176, 0, 176, 0, 0, 0
27165, 1, 1636471501434, 1636471501607, 173, 1, 172, 0, 1, 1
27158, 1, 1636471501475, 1636471501647, 172, 0, 172, 0, 0, 0
27166, 1, 1636471501619, 1636471501795, 176, 0, 176, 0, 0, 0
27167, 1, 1636471501643, 1636471501815, 172, 0, 172, 0, 0, 0
27168, 1, 1636471501651, 1636471501823, 172, 0, 172, 0, 0, 0
27169, 1, 1636471501703, 1636471501875, 172, 0, 172, 0, 0, 0
27171, 1, 1636471501747, 1636471501919, 172, 0, 172, 0, 0, 0
27172, 1, 1636471501783, 1636471501955, 172, 0, 172, 0, 0, 0
27170, 1, 1636471501823, 1636471501995, 172, 0, 172, 0, 0, 0
27174, 1, 1636471501895, 1636471502067, 172, 0, 172, 0, 0, 0
27176, 1, 1636471501959, 1636471502131, 172, 0, 172, 0, 0, 0
27178, 1, 1636471502051, 1636471502223, 172, 0, 172, 0, 0, 0
27180, 1, 1636471502055, 1636471502227, 172, 0, 172, 0, 0, 0
27179, 1, 1636471502055, 1636471502227, 172, 0, 172, 0, 0, 0
27182, 1, 1636471502131, 1636471502303, 172, 0, 172, 0, 0, 0
27173, 1, 1636471502167, 1636471502339, 172, 0, 172, 0, 0, 0
27183, 1, 1636471502283, 1636471502459, 176, 0, 176, 0, 0, 0
27184, 1, 1636471502295, 1636471502467, 172, 0, 172, 0, 0, 0
27177, 1, 1636471502307, 1636471502479, 172, 0, 172, 0, 0, 0
27186, 1, 1636471502351, 1636471502527, 176, 0, 176, 0, 0, 0
27188, 1, 1636471502403, 1636471502575, 172, 0, 172, 0, 0, 0
27190, 1, 1636471502479, 1636471502651, 172, 0, 172, 0, 0, 0
27191, 1, 1636471502551, 1636471502727, 176, 0, 176, 0, 0, 0
27192, 1, 1636471502619, 1636471502790, 171, 0, 171, 0, 0, 0
27187, 1, 1636471502655, 1636471502827, 172, 0, 172, 0, 0, 0
27196, 1, 1636471502715, 1636471502886, 171, 0, 171, 0, 0, 0
27194, 1, 1636471502718, 1636471502890, 172, 1, 171, 1, 0, 1
27197, 1, 1636471502786, 1636471502959, 173, 1, 172, 0, 0, 0
27198, 1, 1636471502818, 1636471502990, 172, 1, 171, 0, 1, 1
27199, 1, 1636471502935, 1636471503106, 171, 0, 171, 0, 0, 0
27200, 1, 1636471502950, 1636471503122, 172, 1, 171, 0, 0, 0
27201, 1, 1636471502963, 1636471503134, 171, 0, 171, 0, 0, 0
27202, 1, 1636471503014, 1636471503187, 173, 1, 172, 0, 0, 0
27203, 1, 1636471503066, 1636471503239, 173, 0, 173, 0, 0, 0
27205, 1, 1636471503134, 1636471503307, 173, 1, 172, 0, 0, 0
27208, 1, 1636471503311, 1636471503483, 172, 0, 172, 0, 0, 0
27210, 1, 1636471503375, 1636471503547, 172, 0, 172, 0, 0, 0
27211, 1, 1636471503443, 1636471503615, 172, 0, 172, 0, 0, 0
27212, 1, 1636471503470, 1636471503647, 177, 1, 176, 0, 1, 1
27213, 1, 1636471503583, 1636471503754, 171, 0, 171, 0, 0, 0
27214, 1, 1636471503603, 1636471503774, 171, 0, 171, 0, 0, 0
27215, 1, 1636471503619, 1636471503791, 172, 0, 172, 0, 0, 0
27216, 1, 1636471503671, 1636471503843, 172, 0, 172, 0, 0, 0
27217, 1, 1636471503723, 1636471503895, 172, 0, 172, 0, 0, 0
27220, 1, 1636471504031, 1636471504202, 171, 0, 171, 0, 0, 0
27221, 1, 1636471504102, 1636471504274, 172, 1, 171, 1, 0, 1
27222, 1, 1636471504126, 1636471504298, 172, 0, 172, 0, 0, 0
27223, 1, 1636471504243, 1636471504415, 172, 0, 172, 0, 0, 0
27224, 1, 1636471504258, 1636471504431, 173, 0, 173, 0, 0, 0
27226, 1, 1636471504286, 1636471504459, 173, 1, 172, 0, 0, 0
27227, 1, 1636471504330, 1636471504503, 173, 0, 173, 0, 0, 0
27228, 1, 1636471504379, 1636471504551, 172, 0, 172, 0, 0, 0
27229, 1, 1636471504443, 1636471504615, 172, 0, 172, 0, 0, 0
27230, 1, 1636471504655, 1636471504831, 176, 0, 176, 0, 0, 0
27231, 1, 1636471504683, 1636471504855, 172, 0, 172, 0, 0, 0
27232, 1, 1636471504755, 1636471504931, 176, 0, 176, 0, 0, 0
27233, 1, 1636471504779, 1636471504955, 176, 0, 176, 0, 0, 0
27234, 1, 1636471504787, 1636471504963, 176, 0, 176, 0, 0, 0
27235, 1, 1636471504903, 1636471505079, 176, 0, 176, 0, 0, 0
27236, 1, 1636471504915, 1636471505087, 172, 0, 172, 0, 0, 0
27238, 1, 1636471504983, 1636471505155, 172, 0, 172, 0, 0, 0
27239, 1, 1636471505035, 1636471505207, 172, 0, 172, 0, 0, 0
27240, 1, 1636471505095, 1636471505267, 172, 0, 172, 0, 0, 0
27241, 1, 1636471505271, 1636471505443, 172, 0, 172, 0, 0, 0
27242, 1, 1636471505275, 1636471505447, 172, 0, 172, 0, 0, 0
27225, 1, 1636471505299, 1636471505470, 171, 0, 171, 0, 0, 0
27244, 1, 1636471505339, 1636471505511, 172, 0, 172, 0, 0, 0
27245, 1, 1636471505415, 1636471505587, 172, 0, 172, 0, 0, 0
27246, 1, 1636471505435, 1636471505607, 172, 0, 172, 0, 0, 0
27247, 1, 1636471505442, 1636471505615, 173, 1, 172, 1, 0, 1
27249, 1, 1636471505558, 1636471505731, 173, 1, 172, 0, 0, 0
27250, 1, 1636471505563, 1636471505735, 172, 0, 172, 0, 0, 0
27251, 1, 1636471505571, 1636471505743, 172, 0, 172, 0, 0, 0
27252, 1, 1636471505623, 1636471505795, 172, 0, 172, 0, 0, 0
27253, 1, 1636471505639, 1636471505814, 175, 0, 175, 0, 0, 0
27248, 1, 1636471505683, 1636471505855, 172, 0, 172, 0, 0, 0
27255, 1, 1636471505715, 1636471505886, 171, 0, 171, 0, 0, 0
27256, 1, 1636471505747, 1636471505923, 176, 0, 176, 0, 0, 0
27257, 1, 1636471505927, 1636471506098, 171, 0, 171, 0, 0, 0
27260, 1, 1636471505991, 1636471506163, 172, 0, 172, 0, 0, 0
27254, 1, 1636471506026, 1636471506199, 173, 1, 172, 0, 0, 0
27261, 1, 1636471506067, 1636471506239, 172, 0, 172, 0, 0, 0
27262, 1, 1636471506083, 1636471506255, 172, 0, 172, 0, 0, 0
27263, 1, 1636471506095, 1636471506267, 172, 0, 172, 0, 0, 0
27264, 1, 1636471506146, 1636471506319, 173, 1, 172, 0, 0, 0
27266, 1, 1636471506218, 1636471506391, 173, 1, 172, 1, 0, 1
27267, 1, 1636471506227, 1636471506399, 172, 0, 172, 0, 0, 0
27268, 1, 1636471506275, 1636471506447, 172, 0, 172, 0, 0, 0
27269, 1, 1636471506299, 1636471506471, 172, 0, 172, 0, 0, 0
27270, 1, 1636471506319, 1636471506491, 172, 0, 172, 0, 0, 0
27259, 1, 1636471506375, 1636471506547, 172, 0, 172, 0, 0, 0
27273, 1, 1636471506406, 1636471506583, 177, 1, 176, 0, 0, 0
27271, 1, 1636471506571, 1636471506742, 171, 0, 171, 0, 0, 0
27274, 1, 1636471506583, 1636471506754, 171, 0, 171, 0, 0, 0
27275, 1, 1636471506643, 1636471506815, 172, 0, 172, 0, 0, 0
27276, 1, 1636471506687, 1636471506858, 171, 0, 171, 0, 0, 0
27277, 1, 1636471506723, 1636471506894, 171, 0, 171, 0, 0, 0
27278, 1, 1636471506734, 1636471506906, 172, 1, 171, 0, 0, 0
27279, 1, 1636471506758, 1636471506930, 172, 1, 171, 0, 0, 0
27282, 1, 1636471506875, 1636471507046, 171, 0, 171, 0, 0, 0
27281, 1, 1636471506875, 1636471507047, 172, 0, 172, 0, 0, 0
27283, 1, 1636471506926, 1636471507099, 173, 1, 172, 0, 1, 1
27284, 1, 1636471506947, 1636471507122, 175, 0, 175, 0, 0, 0
27285, 1, 1636471506970, 1636471507146, 176, 1, 175, 0, 0, 0
27287, 1, 1636471507066, 1636471507246, 180, 1, 179, 1, 0, 1
27288, 1, 1636471507222, 1636471507395, 173, 1, 172, 0, 0, 0
27289, 1, 1636471507243, 1636471507415, 172, 0, 172, 0, 0, 0
27286, 1, 1636471507299, 1636471507471, 172, 0, 172, 0, 0, 0
27290, 1, 1636471507299, 1636471507471, 172, 0, 172, 0, 0, 0
27291, 1, 1636471507307, 1636471507479, 172, 0, 172, 0, 0, 0
27292, 1, 1636471507338, 1636471507511, 173, 1, 172, 0, 0, 0
27293, 1, 1636471507378, 1636471507551, 173, 1, 172, 0, 0, 0
27295, 1, 1636471507419, 1636471507591, 172, 0, 172, 0, 0, 0
27296, 1, 1636471507531, 1636471507703, 172, 0, 172, 0, 0, 0
27297, 1, 1636471507531, 1636471507703, 172, 0, 172, 0, 0, 0
27294, 1, 1636471507591, 1636471507763, 172, 0, 172, 0, 0, 0
27299, 1, 1636471507603, 1636471507775, 172, 0, 172, 0, 0, 0
27300, 1, 1636471507631, 1636471507807, 176, 0, 176, 0, 0, 0
27301, 1, 1636471507663, 1636471507835, 172, 0, 172, 0, 0, 0
27302, 1, 1636471507727, 1636471507903, 176, 0, 176, 0, 0, 0
27303, 1, 1636471507878, 1636471508051, 173, 1, 172, 1, 0, 1
27304, 1, 1636471507898, 1636471508071, 173, 1, 172, 0, 0, 0
27298, 1, 1636471507946, 1636471508119, 173, 1, 172, 0, 0, 0
27305, 1, 1636471507959, 1636471508135, 176, 0, 176, 0, 0, 0
27306, 1, 1636471507959, 1636471508135, 176, 0, 176, 0, 0, 0
27308, 1, 1636471507986, 1636471508163, 177, 1, 176, 0, 0, 0
27309, 1, 1636471508030, 1636471508203, 173, 1, 172, 0, 0, 0
27310, 1, 1636471508075, 1636471508247, 172, 0, 172, 0, 0, 0
27311, 1, 1636471508187, 1636471508359, 172, 0, 172, 0, 0, 0
27312, 1, 1636471508187, 1636471508359, 172, 0, 172, 0, 0, 0
27314, 1, 1636471508251, 1636471508423, 172, 0, 172, 0, 0, 0
27313, 1, 1636471508254, 1636471508427, 173, 1, 172, 1, 0, 1
27316, 1, 1636471508294, 1636471508467, 173, 1, 172, 0, 0, 0
27318, 1, 1636471508386, 1636471508558, 172, 1, 171, 0, 0, 0
27319, 1, 1636471508539, 1636471508711, 172, 0, 172, 0, 0, 0
27315, 1, 1636471508539, 1636471508714, 175, 0, 175, 0, 0, 0
27320, 1, 1636471508550, 1636471508723, 173, 1, 172, 1, 0, 1
27321, 1, 1636471508562, 1636471508735, 173, 0, 173, 0, 0, 0
27322, 1, 1636471508603, 1636471508775, 172, 0, 172, 0, 0, 0
27323, 1, 1636471508623, 1636471508795, 172, 0, 172, 0, 0, 0
27324, 1, 1636471508630, 1636471508802, 172, 1, 171, 1, 0, 1
27325, 1, 1636471508651, 1636471508823, 172, 0, 172, 0, 0, 0
27326, 1, 1636471508682, 1636471508855, 173, 1, 172, 1, 0, 1
27328, 1, 1636471508735, 1636471508911, 176, 0, 176, 0, 0, 0
27330, 1, 1636471508847, 1636471509019, 172, 0, 172, 0, 0, 0
27327, 1, 1636471508891, 1636471509063, 172, 0, 172, 0, 0, 0
27332, 1, 1636471508906, 1636471509078, 172, 1, 171, 0, 1, 1
27329, 1, 1636471508947, 1636471509119, 172, 0, 172, 0, 0, 0
27336, 1, 1636471509191, 1636471509363, 172, 0, 172, 0, 0, 0
27337, 1, 1636471509199, 1636471509371, 172, 0, 172, 0, 0, 0
27338, 1, 1636471509211, 1636471509383, 172, 0, 172, 0, 0, 0
27335, 1, 1636471509243, 1636471509415, 172, 0, 172, 0, 0, 0
27340, 1, 1636471509259, 1636471509431, 172, 0, 172, 0, 0, 0
27341, 1, 1636471509279, 1636471509451, 172, 0, 172, 0, 0, 0
27342, 1, 1636471509290, 1636471509467, 177, 1, 176, 0, 0, 0
27343, 1, 1636471509307, 1636471509479, 172, 0, 172, 0, 0, 0
27344, 1, 1636471509334, 1636471509511, 177, 1, 176, 1, 0, 1
27346, 1, 1636471509511, 1636471509683, 172, 0, 172, 0, 0, 0
27347, 1, 1636471509550, 1636471509727, 177, 1, 176, 0, 0, 0
27348, 1, 1636471509555, 1636471509731, 176, 0, 176, 0, 0, 0
27331, 1, 1636471509591, 1636471509763, 172, 0, 172, 0, 0, 0
27349, 1, 1636471509607, 1636471509779, 172, 0, 172, 0, 0, 0
27350, 1, 1636471509847, 1636471510019, 172, 0, 172, 0, 0, 0
27351, 1, 1636471509851, 1636471510023, 172, 0, 172, 0, 0, 0
27352, 1, 1636471509863, 1636471510035, 172, 0, 172, 0, 0, 0
27353, 1, 1636471509898, 1636471510071, 173, 1, 172, 1, 0, 1
27354, 1, 1636471509915, 1636471510087, 172, 0, 172, 0, 0, 0
27355, 1, 1636471509931, 1636471510103, 172, 0, 172, 0, 0, 0
27356, 1, 1636471509950, 1636471510123, 173, 1, 172, 1, 0, 1
27357, 1, 1636471509963, 1636471510135, 172, 0, 172, 0, 0, 0
27358, 1, 1636471509991, 1636471510167, 176, 0, 176, 0, 0, 0
27359, 1, 1636471510163, 1636471510335, 172, 0, 172, 0, 0, 0
27361, 1, 1636471510207, 1636471510383, 176, 0, 176, 0, 0, 0
27360, 1, 1636471510211, 1636471510383, 172, 0, 172, 0, 0, 0
27362, 1, 1636471510243, 1636471510415, 172, 0, 172, 0, 0, 0
27363, 1, 1636471510259, 1636471510431, 172, 0, 172, 0, 0, 0
27364, 1, 1636471510319, 1636471510491, 172, 0, 172, 0, 0, 0
27339, 1, 1636471510403, 1636471510574, 171, 0, 171, 0, 0, 0
27367, 1, 1636471510511, 1636471510683, 172, 0, 172, 0, 0, 0
27366, 1, 1636471510511, 1636471510683, 172, 0, 172, 0, 0, 0
27368, 1, 1636471510559, 1636471510731, 172, 0, 172, 0, 0, 0
27369, 1, 1636471510570, 1636471510743, 173, 1, 172, 0, 0, 0
27371, 1, 1636471510606, 1636471510779, 173, 1, 172, 1, 0, 1
27372, 1, 1636471510615, 1636471510787, 172, 0, 172, 0, 0, 0
27373, 1, 1636471510650, 1636471510827, 177, 1, 176, 1, 0, 1
27374, 1, 1636471510667, 1636471510843, 176, 0, 176, 0, 0, 0
27375, 1, 1636471510819, 1636471510991, 172, 0, 172, 0, 0, 0
27377, 1, 1636471510863, 1636471511035, 172, 0, 172, 0, 0, 0
27376, 1, 1636471510863, 1636471511035, 172, 0, 172, 0, 0, 0
27378, 1, 1636471510895, 1636471511067, 172, 0, 172, 0, 0, 0
27379, 1, 1636471510919, 1636471511091, 172, 0, 172, 0, 0, 0
27380, 1, 1636471510971, 1636471511143, 172, 0, 172, 0, 0, 0
27381, 1, 1636471511059, 1636471511231, 172, 0, 172, 0, 0, 0
27382, 1, 1636471511167, 1636471511339, 172, 0, 172, 0, 0, 0
27384, 1, 1636471511219, 1636471511395, 176, 0, 176, 0, 0, 0
27385, 1, 1636471511227, 1636471511403, 176, 0, 176, 0, 0, 0
27388, 1, 1636471511311, 1636471511483, 172, 0, 172, 0, 0, 0
27389, 1, 1636471511323, 1636471511495, 172, 0, 172, 0, 0, 0
27390, 1, 1636471511475, 1636471511647, 172, 0, 172, 0, 0, 0
27391, 1, 1636471511515, 1636471511687, 172, 0, 172, 0, 0, 0
27393, 1, 1636471511555, 1636471511727, 172, 0, 172, 0, 0, 0
27394, 1, 1636471511563, 1636471511735, 172, 0, 172, 0, 0, 0
27396, 1, 1636471511575, 1636471511747, 172, 0, 172, 0, 0, 0
27395, 1, 1636471511579, 1636471511751, 172, 0, 172, 0, 0, 0
27397, 1, 1636471511631, 1636471511803, 172, 0, 172, 0, 0, 0
27398, 1, 1636471511719, 1636471511895, 176, 0, 176, 0, 0, 0
27402, 1, 1636471511883, 1636471512059, 176, 0, 176, 0, 0, 0
27399, 1, 1636471511911, 1636471512087, 176, 0, 176, 0, 0, 0
27404, 1, 1636471511975, 1636471512147, 172, 0, 172, 0, 0, 0
27405, 1, 1636471512131, 1636471512303, 172, 0, 172, 0, 0, 0
27406, 1, 1636471512171, 1636471512347, 176, 0, 176, 0, 0, 0
27407, 1, 1636471512211, 1636471512383, 172, 0, 172, 0, 0, 0
27408, 1, 1636471512219, 1636471512391, 172, 0, 172, 0, 0, 0
27410, 1, 1636471512231, 1636471512403, 172, 0, 172, 0, 0, 0
27409, 1, 1636471512231, 1636471512403, 172, 0, 172, 0, 0, 0
27411, 1, 1636471512283, 1636471512459, 176, 0, 176, 0, 0, 0
27412, 1, 1636471512379, 1636471512551, 172, 0, 172, 0, 0, 0
27414, 1, 1636471512567, 1636471512739, 172, 0, 172, 0, 0, 0
27415, 1, 1636471512631, 1636471512803, 172, 0, 172, 0, 0, 0
27416, 1, 1636471512787, 1636471512963, 176, 0, 176, 0, 0, 0
27418, 1, 1636471512863, 1636471513035, 172, 0, 172, 0, 0, 0
27419, 1, 1636471512871, 1636471513047, 176, 0, 176, 0, 0, 0
27420, 1, 1636471512879, 1636471513051, 172, 0, 172, 0, 0, 0
27421, 1, 1636471512887, 1636471513059, 172, 0, 172, 0, 0, 0
27422, 1, 1636471512887, 1636471513059, 172, 0, 172, 0, 0, 0
27423, 1, 1636471512939, 1636471513111, 172, 0, 172, 0, 0, 0
27425, 1, 1636471513043, 1636471513219, 176, 0, 176, 0, 0, 0
27426, 1, 1636471513231, 1636471513403, 172, 0, 172, 0, 0, 0
27428, 1, 1636471513439, 1636471513615, 176, 0, 176, 0, 0, 0
27429, 1, 1636471513515, 1636471513691, 176, 0, 176, 0, 0, 0
27430, 1, 1636471513515, 1636471513691, 176, 0, 176, 0, 0, 0
27431, 1, 1636471513527, 1636471513703, 176, 0, 176, 0, 0, 0
27432, 1, 1636471513539, 1636471513711, 172, 0, 172, 0, 0, 0
27434, 1, 1636471513547, 1636471513719, 172, 0, 172, 0, 0, 0
27433, 1, 1636471513547, 1636471513719, 172, 0, 172, 0, 0, 0
27435, 1, 1636471513594, 1636471513771, 177, 1, 176, 0, 0, 0
27436, 1, 1636471513619, 1636471513791, 172, 0, 172, 0, 0, 0
27437, 1, 1636471513619, 1636471513791, 172, 0, 172, 0, 0, 0
27439, 1, 1636471513867, 1636471514039, 172, 0, 172, 0, 0, 0
27440, 1, 1636471513883, 1636471514059, 176, 0, 176, 0, 0, 0
27441, 1, 1636471514103, 1636471514275, 172, 0, 172, 0, 0, 0
27443, 1, 1636471514171, 1636471514343, 172, 0, 172, 0, 0, 0
27442, 1, 1636471514179, 1636471514351, 172, 0, 172, 0, 0, 0
27444, 1, 1636471514179, 1636471514351, 172, 0, 172, 0, 0, 0
27445, 1, 1636471514191, 1636471514363, 172, 0, 172, 0, 0, 0
27446, 1, 1636471514191, 1636471514363, 172, 0, 172, 0, 0, 0
27448, 1, 1636471514207, 1636471514379, 172, 0, 172, 0, 0, 0
27447, 1, 1636471514207, 1636471514379, 172, 0, 172, 0, 0, 0
27449, 1, 1636471514239, 1636471514411, 172, 0, 172, 0, 0, 0
27450, 1, 1636471514259, 1636471514431, 172, 0, 172, 0, 0, 0
27451, 1, 1636471514275, 1636471514447, 172, 0, 172, 0, 0, 0
27452, 1, 1636471514279, 1636471514451, 172, 0, 172, 0, 0, 0
27453, 1, 1636471514315, 1636471514486, 171, 0, 171, 0, 0, 0
27454, 1, 1636471514527, 1636471514699, 172, 0, 172, 0, 0, 0
27455, 1, 1636471514538, 1636471514711, 173, 1, 172, 0, 1, 1
27456, 1, 1636471514759, 1636471514931, 172, 0, 172, 0, 0, 0
27457, 1, 1636471514827, 1636471514999, 172, 0, 172, 0, 0, 0
27459, 1, 1636471514839, 1636471515011, 172, 0, 172, 0, 0, 0
27458, 1, 1636471514839, 1636471515011, 172, 0, 172, 0, 0, 0
27461, 1, 1636471514847, 1636471515019, 172, 0, 172, 0, 0, 0
27460, 1, 1636471514847, 1636471515019, 172, 0, 172, 0, 0, 0
27462, 1, 1636471514863, 1636471515035, 172, 0, 172, 0, 0, 0
27465, 1, 1636471514891, 1636471515063, 172, 0, 172, 0, 0, 0
27464, 1, 1636471514891, 1636471515063, 172, 0, 172, 0, 0, 0
27467, 1, 1636471514923, 1636471515099, 176, 0, 176, 0, 0, 0
27468, 1, 1636471514931, 1636471515103, 172, 0, 172, 0, 0, 0
27470, 1, 1636471515175, 1636471515347, 172, 0, 172, 0, 0, 0
27471, 1, 1636471515191, 1636471515363, 172, 0, 172, 0, 0, 0
27472, 1, 1636471515203, 1636471515379, 176, 0, 176, 0, 0, 0
27469, 1, 1636471515207, 1636471515379, 172, 0, 172, 0, 0, 0
27466, 1, 1636471515239, 1636471515411, 172, 0, 172, 0, 0, 0
27473, 1, 1636471515295, 1636471515467, 172, 0, 172, 0, 0, 0
27474, 1, 1636471515419, 1636471515595, 176, 0, 176, 0, 0, 0
27475, 1, 1636471515483, 1636471515655, 172, 0, 172, 0, 0, 0
27476, 1, 1636471515499, 1636471515671, 172, 0, 172, 0, 0, 0
27477, 1, 1636471515499, 1636471515671, 172, 0, 172, 0, 0, 0
27479, 1, 1636471515511, 1636471515683, 172, 0, 172, 0, 0, 0
27478, 1, 1636471515515, 1636471515691, 176, 0, 176, 0, 0, 0
27480, 1, 1636471515518, 1636471515691, 173, 1, 172, 0, 0, 0
27481, 1, 1636471515547, 1636471515719, 172, 0, 172, 0, 0, 0
27482, 1, 1636471515547, 1636471515723, 176, 0, 176, 0, 0, 0
27483, 1, 1636471515587, 1636471515759, 172, 0, 172, 0, 0, 0
27484, 1, 1636471515595, 1636471515771, 176, 0, 176, 0, 0, 0
27485, 1, 1636471515643, 1636471515815, 172, 0, 172, 0, 0, 0
27463, 1, 1636471515795, 1636471515967, 172, 0, 172, 0, 0, 0
27486, 1, 1636471515823, 1636471515994, 171, 0, 171, 0, 0, 0
27487, 1, 1636471515851, 1636471516023, 172, 0, 172, 0, 0, 0
27489, 1, 1636471515863, 1636471516035, 172, 0, 172, 0, 0, 0
27488, 1, 1636471515863, 1636471516035, 172, 0, 172, 0, 0, 0
27491, 1, 1636471515947, 1636471516119, 172, 0, 172, 0, 0, 0
27492, 1, 1636471516055, 1636471516227, 172, 0, 172, 0, 0, 0
27493, 1, 1636471516083, 1636471516259, 176, 0, 176, 0, 0, 0
27494, 1, 1636471516135, 1636471516307, 172, 0, 172, 0, 0, 0
27495, 1, 1636471516151, 1636471516323, 172, 0, 172, 0, 0, 0
27496, 1, 1636471516155, 1636471516327, 172, 0, 172, 0, 0, 0
27497, 1, 1636471516171, 1636471516343, 172, 0, 172, 0, 0, 0
27498, 1, 1636471516171, 1636471516343, 172, 0, 172, 0, 0, 0
27499, 1, 1636471516171, 1636471516343, 172, 0, 172, 0, 0, 0
27500, 1, 1636471516199, 1636471516371, 172, 0, 172, 0, 0, 0
27501, 1, 1636471516203, 1636471516375, 172, 0, 172, 0, 0, 0
27490, 1, 1636471516211, 1636471516383, 172, 0, 172, 0, 0, 0
27503, 1, 1636471516267, 1636471516439, 172, 0, 172, 0, 0, 0
27504, 1, 1636471516299, 1636471516471, 172, 0, 172, 0, 0, 0
27505, 1, 1636471516443, 1636471516615, 172, 0, 172, 0, 0, 0
27507, 1, 1636471516507, 1636471516679, 172, 0, 172, 0, 0, 0
27508, 1, 1636471516518, 1636471516695, 177, 0, 177, 0, 0, 0
27510, 1, 1636471516603, 1636471516775, 172, 0, 172, 0, 0, 0
27509, 1, 1636471516643, 1636471516814, 171, 0, 171, 0, 0, 0
27512, 1, 1636471516739, 1636471516911, 172, 0, 172, 0, 0, 0
27513, 1, 1636471516787, 1636471516959, 172, 0, 172, 0, 0, 0
27514, 1, 1636471516803, 1636471516975, 172, 0, 172, 0, 0, 0
27515, 1, 1636471516807, 1636471516983, 176, 0, 176, 0, 0, 0
27517, 1, 1636471516831, 1636471517003, 172, 0, 172, 0, 0, 0
27516, 1, 1636471516831, 1636471517003, 172, 0, 172, 0, 0, 0
27518, 1, 1636471516831, 1636471517003, 172, 0, 172, 0, 0, 0
27519, 1, 1636471516854, 1636471517026, 172, 1, 171, 0, 0, 0
27520, 1, 1636471516854, 1636471517030, 176, 1, 175, 0, 0, 0
27521, 1, 1636471516867, 1636471517042, 175, 0, 175, 0, 0, 0
27522, 1, 1636471516918, 1636471517091, 173, 1, 172, 0, 0, 0
27523, 1, 1636471516947, 1636471517119, 172, 0, 172, 0, 0, 0
27511, 1, 1636471516991, 1636471517163, 172, 0, 172, 0, 0, 0
27524, 1, 1636471517095, 1636471517271, 176, 0, 176, 0, 0, 0
27525, 1, 1636471517163, 1636471517335, 172, 0, 172, 0, 0, 0
27526, 1, 1636471517183, 1636471517355, 172, 0, 172, 0, 0, 0
27527, 1, 1636471517251, 1636471517423, 172, 0, 172, 0, 0, 0
27529, 1, 1636471517395, 1636471517567, 172, 0, 172, 0, 0, 0
27530, 1, 1636471517447, 1636471517618, 171, 0, 171, 0, 0, 0
27531, 1, 1636471517458, 1636471517630, 172, 1, 171, 1, 0, 1
27532, 1, 1636471517471, 1636471517643, 172, 0, 172, 0, 0, 0
27533, 1, 1636471517483, 1636471517655, 172, 0, 172, 0, 0, 0
27535, 1, 1636471517491, 1636471517663, 172, 0, 172, 0, 0, 0
27534, 1, 1636471517490, 1636471517667, 177, 1, 176, 0, 1, 1
27536, 1, 1636471517506, 1636471517683, 177, 1, 176, 1, 0, 1
27537, 1, 1636471517515, 1636471517691, 176, 0, 176, 0, 0, 0
27538, 1, 1636471517531, 1636471517703, 172, 0, 172, 0, 0, 0
27539, 1, 1636471517578, 1636471517751, 173, 1, 172, 0, 0, 0
27540, 1, 1636471517594, 1636471517767, 173, 0, 173, 0, 0, 0
27541, 1, 1636471517646, 1636471517819, 173, 1, 172, 0, 0, 0
27542, 1, 1636471517755, 1636471517931, 176, 0, 176, 0, 0, 0
27543, 1, 1636471517815, 1636471517987, 172, 0, 172, 0, 0, 0
27544, 1, 1636471517839, 1636471518011, 172, 0, 172, 0, 0, 0
27545, 1, 1636471517911, 1636471518083, 172, 0, 172, 0, 0, 0
27546, 1, 1636471518047, 1636471518219, 172, 0, 172, 0, 0, 0
27547, 1, 1636471518110, 1636471518283, 173, 0, 173, 0, 0, 0
27548, 1, 1636471518118, 1636471518291, 173, 0, 173, 0, 0, 0
27549, 1, 1636471518126, 1636471518299, 173, 0, 173, 0, 0, 0
27550, 1, 1636471518143, 1636471518315, 172, 0, 172, 0, 0, 0
27551, 1, 1636471518151, 1636471518322, 171, 0, 171, 0, 0, 0
27552, 1, 1636471518154, 1636471518326, 172, 0, 172, 0, 0, 0
27553, 1, 1636471518162, 1636471518334, 172, 0, 172, 0, 0, 0
27554, 1, 1636471518179, 1636471518355, 176, 0, 176, 0, 0, 0
27556, 1, 1636471518231, 1636471518407, 176, 0, 176, 0, 0, 0
27557, 1, 1636471518263, 1636471518434, 171, 0, 171, 0, 0, 0
27558, 1, 1636471518310, 1636471518483, 173, 1, 172, 0, 0, 0
27559, 1, 1636471518419, 1636471518591, 172, 0, 172, 0, 0, 0
27555, 1, 1636471518463, 1636471518635, 172, 0, 172, 0, 0, 0
27560, 1, 1636471518471, 1636471518643, 172, 0, 172, 0, 0, 0
27561, 1, 1636471518499, 1636471518670, 171, 0, 171, 0, 0, 0
27528, 1, 1636471518571, 1636471518743, 172, 0, 172, 0, 0, 0
27562, 1, 1636471518575, 1636471518747, 172, 0, 172, 0, 0, 0
27565, 1, 1636471518771, 1636471518943, 172, 0, 172, 0, 0, 0
27564, 1, 1636471518771, 1636471518943, 172, 0, 172, 0, 0, 0
27566, 1, 1636471518787, 1636471518963, 176, 0, 176, 0, 0, 0
27567, 1, 1636471518807, 1636471518979, 172, 0, 172, 0, 0, 0
27568, 1, 1636471518807, 1636471518979, 172, 0, 172, 0, 0, 0
27570, 1, 1636471518819, 1636471518991, 172, 0, 172, 0, 0, 0
27569, 1, 1636471518819, 1636471518991, 172, 0, 172, 0, 0, 0
27571, 1, 1636471518827, 1636471519003, 176, 0, 176, 0, 0, 0
27572, 1, 1636471518834, 1636471519011, 177, 1, 176, 0, 0, 0
27573, 1, 1636471518843, 1636471519019, 176, 0, 176, 0, 0, 0
27574, 1, 1636471518887, 1636471519063, 176, 0, 176, 0, 0, 0
27563, 1, 1636471518927, 1636471519098, 171, 0, 171, 0, 0, 0
27576, 1, 1636471518971, 1636471519143, 172, 0, 172, 0, 0, 0
27577, 1, 1636471519087, 1636471519259, 172, 0, 172, 0, 0, 0
27578, 1, 1636471519115, 1636471519291, 176, 0, 176, 0, 0, 0
27579, 1, 1636471519143, 1636471519315, 172, 0, 172, 0, 0, 0
27580, 1, 1636471519163, 1636471519339, 176, 0, 176, 0, 0, 0
27581, 1, 1636471519235, 1636471519411, 176, 0, 176, 0, 0, 0
27582, 1, 1636471519235, 1636471519411, 176, 0, 176, 0, 0, 0
27575, 1, 1636471519275, 1636471519447, 172, 0, 172, 0, 0, 0
27584, 1, 1636471519431, 1636471519603, 172, 0, 172, 0, 0, 0
27583, 1, 1636471519431, 1636471519603, 172, 0, 172, 0, 0, 0
27585, 1, 1636471519447, 1636471519618, 171, 0, 171, 0, 0, 0
27587, 1, 1636471519463, 1636471519635, 172, 0, 172, 0, 0, 0
27586, 1, 1636471519463, 1636471519635, 172, 0, 172, 0, 0, 0
27588, 1, 1636471519483, 1636471519655, 172, 0, 172, 0, 0, 0
27591, 1, 1636471519491, 1636471519663, 172, 0, 172, 0, 0, 0
27590, 1, 1636471519491, 1636471519663, 172, 0, 172, 0, 0, 0
27589, 1, 1636471519491, 1636471519663, 172, 0, 172, 0, 0, 0
27592, 1, 1636471519503, 1636471519679, 176, 0, 176, 0, 0, 0
27593, 1, 1636471519551, 1636471519722, 171, 0, 171, 0, 0, 0
27594, 1, 1636471519583, 1636471519754, 171, 0, 171, 0, 0, 0
27595, 1, 1636471519622, 1636471519795, 173, 0, 173, 0, 0, 0
27596, 1, 1636471519743, 1636471519915, 172, 0, 172, 0, 0, 0
27597, 1, 1636471519779, 1636471519951, 172, 0, 172, 0, 0, 0
27598, 1, 1636471519799, 1636471519971, 172, 0, 172, 0, 0, 0
27599, 1, 1636471519823, 1636471519995, 172, 0, 172, 0, 0, 0
27601, 1, 1636471519895, 1636471520067, 172, 0, 172, 0, 0, 0
27600, 1, 1636471519895, 1636471520067, 172, 0, 172, 0, 0, 0
27602, 1, 1636471519927, 1636471520103, 176, 0, 176, 0, 0, 0
27604, 1, 1636471520091, 1636471520267, 176, 0, 176, 0, 0, 0
27603, 1, 1636471520091, 1636471520267, 176, 0, 176, 0, 0, 0
27605, 1, 1636471520111, 1636471520286, 175, 0, 175, 0, 0, 0
27606, 1, 1636471520123, 1636471520294, 171, 0, 171, 0, 0, 0
27607, 1, 1636471520123, 1636471520295, 172, 0, 172, 0, 0, 0
27608, 1, 1636471520138, 1636471520311, 173, 1, 172, 1, 0, 1
27609, 1, 1636471520146, 1636471520319, 173, 1, 172, 0, 1, 1
27611, 1, 1636471520147, 1636471520319, 172, 0, 172, 0, 0, 0
27610, 1, 1636471520150, 1636471520323, 173, 1, 172, 0, 1, 1
27612, 1, 1636471520163, 1636471520335, 172, 0, 172, 0, 0, 0
27613, 1, 1636471520207, 1636471520379, 172, 0, 172, 0, 0, 0
27614, 1, 1636471520235, 1636471520407, 172, 0, 172, 0, 0, 0
27615, 1, 1636471520274, 1636471520451, 177, 1, 176, 0, 0, 0
27617, 1, 1636471520435, 1636471520607, 172, 0, 172, 0, 0, 0
27618, 1, 1636471520459, 1636471520630, 171, 0, 171, 0, 0, 0
27619, 1, 1636471520475, 1636471520647, 172, 0, 172, 0, 0, 0
27616, 1, 1636471520494, 1636471520667, 173, 0, 173, 0, 0, 0
27621, 1, 1636471520547, 1636471520723, 176, 0, 176, 0, 0, 0
27622, 1, 1636471520583, 1636471520759, 176, 0, 176, 0, 0, 0
27623, 1, 1636471520751, 1636471520923, 172, 0, 172, 0, 0, 0
27624, 1, 1636471520751, 1636471520923, 172, 0, 172, 0, 0, 0
27625, 1, 1636471520767, 1636471520939, 172, 0, 172, 0, 0, 0
27626, 1, 1636471520775, 1636471520947, 172, 0, 172, 0, 0, 0
27627, 1, 1636471520779, 1636471520955, 176, 0, 176, 0, 0, 0
27628, 1, 1636471520791, 1636471520963, 172, 0, 172, 0, 0, 0
27631, 1, 1636471520802, 1636471520975, 173, 1, 172, 0, 0, 0
27630, 1, 1636471520802, 1636471520975, 173, 1, 172, 1, 0, 1
27629, 1, 1636471520802, 1636471520975, 173, 1, 172, 1, 0, 1
27632, 1, 1636471520814, 1636471520987, 173, 1, 172, 0, 0, 0
27620, 1, 1636471520839, 1636471521011, 172, 0, 172, 0, 0, 0
27633, 1, 1636471520859, 1636471521035, 176, 0, 176, 0, 0, 0
27634, 1, 1636471520891, 1636471521063, 172, 0, 172, 0, 0, 0
27635, 1, 1636471520931, 1636471521103, 172, 0, 172, 0, 0, 0
27636, 1, 1636471521087, 1636471521259, 172, 0, 172, 0, 0, 0
27637, 1, 1636471521111, 1636471521283, 172, 0, 172, 0, 0, 0
27638, 1, 1636471521127, 1636471521303, 176, 0, 176, 0, 0, 0
27639, 1, 1636471521147, 1636471521319, 172, 0, 172, 0, 0, 0
27640, 1, 1636471521203, 1636471521374, 171, 0, 171, 0, 0, 0
27641, 1, 1636471521231, 1636471521403, 172, 0, 172, 0, 0, 0
27642, 1, 1636471521411, 1636471521583, 172, 0, 172, 0, 0, 0
27643, 1, 1636471521411, 1636471521583, 172, 0, 172, 0, 0, 0
27644, 1, 1636471521422, 1636471521595, 173, 1, 172, 0, 0, 0
27645, 1, 1636471521426, 1636471521599, 173, 0, 173, 0, 0, 0
27646, 1, 1636471521430, 1636471521602, 172, 0, 172, 0, 0, 0
27648, 1, 1636471521455, 1636471521627, 172, 0, 172, 0, 0, 0
27647, 1, 1636471521455, 1636471521627, 172, 0, 172, 0, 0, 0
27651, 1, 1636471521479, 1636471521650, 171, 0, 171, 0, 0, 0
27653, 1, 1636471521519, 1636471521691, 172, 0, 172, 0, 0, 0
27654, 1, 1636471521539, 1636471521711, 172, 0, 172, 0, 0, 0
27655, 1, 1636471521591, 1636471521763, 172, 0, 172, 0, 0, 0
27656, 1, 1636471521747, 1636471521918, 171, 0, 171, 0, 0, 0
27650, 1, 1636471521767, 1636471521943, 176, 0, 176, 0, 0, 0
27658, 1, 1636471521783, 1636471521959, 176, 0, 176, 0, 0, 0
27652, 1, 1636471521799, 1636471521975, 176, 0, 176, 0, 0, 0
27659, 1, 1636471521803, 1636471521979, 176, 0, 176, 0, 0, 0
27660, 1, 1636471521862, 1636471522035, 173, 1, 172, 0, 0, 0
27661, 1, 1636471521882, 1636471522055, 173, 1, 172, 0, 1, 1
27662, 1, 1636471522071, 1636471522243, 172, 0, 172, 0, 0, 0
27663, 1, 1636471522070, 1636471522243, 173, 1, 172, 0, 0, 0
27664, 1, 1636471522078, 1636471522251, 173, 1, 172, 0, 1, 1
27666, 1, 1636471522087, 1636471522259, 172, 0, 172, 0, 0, 0
27667, 1, 1636471522115, 1636471522287, 172, 0, 172, 0, 0, 0
27668, 1, 1636471522115, 1636471522287, 172, 0, 172, 0, 0, 0
27657, 1, 1636471522115, 1636471522287, 172, 0, 172, 0, 0, 0
27669, 1, 1636471522135, 1636471522306, 171, 0, 171, 0, 0, 0
27670, 1, 1636471522171, 1636471522343, 172, 0, 172, 0, 0, 0
27672, 1, 1636471522247, 1636471522418, 171, 0, 171, 0, 0, 0
27673, 1, 1636471522398, 1636471522570, 172, 0, 172, 0, 0, 0
27675, 1, 1636471522434, 1636471522607, 173, 1, 172, 0, 0, 0
27676, 1, 1636471522455, 1636471522626, 171, 0, 171, 0, 0, 0
27665, 1, 1636471522459, 1636471522630, 171, 0, 171, 0, 0, 0
27677, 1, 1636471522459, 1636471522631, 172, 0, 172, 0, 0, 0
27671, 1, 1636471522462, 1636471522642, 180, 1, 179, 0, 0, 0
27679, 1, 1636471522535, 1636471522707, 172, 0, 172, 0, 0, 0
27681, 1, 1636471522735, 1636471522907, 172, 0, 172, 0, 0, 0
27682, 1, 1636471522735, 1636471522907, 172, 0, 172, 0, 0, 0
27680, 1, 1636471522735, 1636471522911, 176, 0, 176, 0, 0, 0
27674, 1, 1636471522742, 1636471522915, 173, 1, 172, 0, 0, 0
27683, 1, 1636471522746, 1636471522919, 173, 1, 172, 0, 0, 0
27684, 1, 1636471522767, 1636471522939, 172, 0, 172, 0, 0, 0
27686, 1, 1636471522771, 1636471522947, 176, 0, 176, 0, 0, 0
27685, 1, 1636471522771, 1636471522947, 176, 0, 176, 0, 0, 0
27687, 1, 1636471522787, 1636471522959, 172, 0, 172, 0, 0, 0
27688, 1, 1636471522827, 1636471522999, 172, 0, 172, 0, 0, 0
27689, 1, 1636471522903, 1636471523075, 172, 0, 172, 0, 0, 0
27690, 1, 1636471523051, 1636471523223, 172, 0, 172, 0, 0, 0
27691, 1, 1636471523099, 1636471523271, 172, 0, 172, 0, 0, 0
27693, 1, 1636471523111, 1636471523283, 172, 0, 172, 0, 0, 0
27692, 1, 1636471523111, 1636471523287, 176, 0, 176, 0, 0, 0
27694, 1, 1636471523115, 1636471523295, 180, 0, 180, 0, 0, 0
27695, 1, 1636471523123, 1636471523299, 176, 0, 176, 0, 0, 0
27697, 1, 1636471523390, 1636471523563, 173, 1, 172, 0, 0, 0
27699, 1, 1636471523390, 1636471523563, 173, 1, 172, 0, 0, 0
27698, 1, 1636471523390, 1636471523563, 173, 1, 172, 0, 0, 0
27700, 1, 1636471523398, 1636471523571, 173, 1, 172, 1, 0, 1
27701, 1, 1636471523402, 1636471523579, 177, 1, 176, 0, 0, 0
27702, 1, 1636471523419, 1636471523591, 172, 0, 172, 0, 0, 0
27703, 1, 1636471523423, 1636471523595, 172, 0, 172, 0, 0, 0
27704, 1, 1636471523434, 1636471523607, 173, 1, 172, 1, 0, 1
27705, 1, 1636471523442, 1636471523615, 173, 1, 172, 0, 1, 1
27706, 1, 1636471523479, 1636471523651, 172, 0, 172, 0, 0, 0
27709, 1, 1636471523755, 1636471523927, 172, 0, 172, 0, 0, 0
27710, 1, 1636471523763, 1636471523935, 172, 0, 172, 0, 0, 0
27711, 1, 1636471523767, 1636471523943, 176, 0, 176, 0, 0, 0
27713, 1, 1636471523775, 1636471523951, 176, 0, 176, 0, 0, 0
27712, 1, 1636471523775, 1636471523951, 176, 0, 176, 0, 0, 0
27708, 1, 1636471523787, 1636471523959, 172, 0, 172, 0, 0, 0
27714, 1, 1636471523947, 1636471524119, 172, 0, 172, 0, 0, 0
27715, 1, 1636471524047, 1636471524219, 172, 1, 171, 0, 1, 1
27716, 1, 1636471524047, 1636471524219, 172, 1, 171, 0, 1, 1
27717, 1, 1636471524047, 1636471524219, 172, 1, 171, 0, 1, 1
27718, 1, 1636471524047, 1636471524219, 172, 0, 172, 0, 0, 0
27719, 1, 1636471524063, 1636471524235, 172, 0, 172, 0, 0, 0
27720, 1, 1636471524071, 1636471524243, 172, 0, 172, 0, 0, 0
27721, 1, 1636471524083, 1636471524255, 172, 0, 172, 0, 0, 0
27722, 1, 1636471524094, 1636471524267, 173, 1, 172, 1, 0, 1
27723, 1, 1636471524094, 1636471524267, 173, 1, 172, 0, 0, 0
27724, 1, 1636471524131, 1636471524303, 172, 0, 172, 0, 0, 0
27725, 1, 1636471524411, 1636471524583, 172, 0, 172, 0, 0, 0
27726, 1, 1636471524423, 1636471524595, 172, 0, 172, 0, 0, 0
27727, 1, 1636471524427, 1636471524603, 176, 0, 176, 0, 0, 0
27730, 1, 1636471524442, 1636471524615, 173, 1, 172, 0, 0, 0
27729, 1, 1636471524439, 1636471524615, 176, 0, 176, 0, 0, 0
27728, 1, 1636471524438, 1636471524615, 177, 0, 177, 0, 0, 0
27731, 1, 1636471524607, 1636471524779, 172, 0, 172, 0, 0, 0
27734, 1, 1636471524707, 1636471524879, 172, 0, 172, 0, 0, 0
27733, 1, 1636471524707, 1636471524879, 172, 0, 172, 0, 0, 0
27732, 1, 1636471524707, 1636471524879, 172, 0, 172, 0, 0, 0
27735, 1, 1636471524719, 1636471524890, 171, 0, 171, 0, 0, 0
27736, 1, 1636471524727, 1636471524899, 172, 0, 172, 0, 0, 0
27737, 1, 1636471524731, 1636471524903, 172, 0, 172, 0, 0, 0
27738, 1, 1636471524739, 1636471524910, 171, 0, 171, 0, 0, 0
27740, 1, 1636471524755, 1636471524931, 176, 0, 176, 0, 0, 0
27739, 1, 1636471524755, 1636471524931, 176, 0, 176, 0, 0, 0
27741, 1, 1636471524791, 1636471524963, 172, 0, 172, 0, 0, 0
27742, 1, 1636471525071, 1636471525243, 172, 0, 172, 0, 0, 0
27743, 1, 1636471525079, 1636471525251, 172, 0, 172, 0, 0, 0
27746, 1, 1636471525099, 1636471525271, 172, 0, 172, 0, 0, 0
27745, 1, 1636471525099, 1636471525275, 176, 0, 176, 0, 0, 0
27748, 1, 1636471525263, 1636471525439, 176, 0, 176, 0, 0, 0
27750, 1, 1636471525367, 1636471525539, 172, 0, 172, 0, 0, 0
27749, 1, 1636471525367, 1636471525539, 172, 0, 172, 0, 0, 0
27751, 1, 1636471525371, 1636471525543, 172, 0, 172, 0, 0, 0
27752, 1, 1636471525378, 1636471525555, 177, 1, 176, 0, 0, 0
27753, 1, 1636471525382, 1636471525559, 177, 0, 177, 0, 0, 0
27754, 1, 1636471525391, 1636471525563, 172, 0, 172, 0, 0, 0
27756, 1, 1636471525419, 1636471525591, 172, 0, 172, 0, 0, 0
27757, 1, 1636471525419, 1636471525591, 172, 0, 172, 0, 0, 0
27755, 1, 1636471525427, 1636471525599, 172, 0, 172, 0, 0, 0
27758, 1, 1636471525451, 1636471525623, 172, 0, 172, 0, 0, 0
27760, 1, 1636471525731, 1636471525903, 172, 0, 172, 0, 0, 0
27759, 1, 1636471525731, 1636471525903, 172, 0, 172, 0, 0, 0
27762, 1, 1636471525754, 1636471525931, 177, 1, 176, 1, 0, 1
27761, 1, 1636471525754, 1636471525931, 177, 1, 176, 0, 0, 0
27763, 1, 1636471525923, 1636471526099, 176, 0, 176, 0, 0, 0
27764, 1, 1636471525983, 1636471526155, 172, 0, 172, 0, 0, 0
27769, 1, 1636471526023, 1636471526199, 176, 0, 176, 0, 0, 0
27768, 1, 1636471526023, 1636471526199, 176, 0, 176, 0, 0, 0
27771, 1, 1636471526039, 1636471526211, 172, 0, 172, 0, 0, 0
27772, 1, 1636471526047, 1636471526223, 176, 0, 176, 0, 0, 0
27774, 1, 1636471526075, 1636471526247, 172, 0, 172, 0, 0, 0
27775, 1, 1636471526075, 1636471526255, 180, 0, 180, 0, 0, 0
27776, 1, 1636471526107, 1636471526279, 172, 0, 172, 0, 0, 0
27765, 1, 1636471526331, 1636471526503, 172, 0, 172, 0, 0, 0
27778, 1, 1636471526391, 1636471526567, 176, 0, 176, 0, 0, 0
27777, 1, 1636471526391, 1636471526567, 176, 0, 176, 0, 0, 0
27780, 1, 1636471526415, 1636471526591, 176, 0, 176, 0, 0, 0
27781, 1, 1636471526579, 1636471526755, 176, 0, 176, 0, 0, 0
27782, 1, 1636471526643, 1636471526814, 171, 0, 171, 0, 0, 0
27783, 1, 1636471526687, 1636471526862, 175, 0, 175, 0, 0, 0
27784, 1, 1636471526695, 1636471526866, 171, 0, 171, 0, 0, 0
27785, 1, 1636471526695, 1636471526866, 171, 0, 171, 0, 0, 0
27786, 1, 1636471526707, 1636471526879, 172, 0, 172, 0, 0, 0
27788, 1, 1636471526731, 1636471526903, 172, 0, 172, 0, 0, 0
27787, 1, 1636471526735, 1636471526907, 172, 0, 172, 0, 0, 0
27790, 1, 1636471526987, 1636471527163, 176, 0, 176, 0, 0, 0
27792, 1, 1636471527051, 1636471527223, 172, 0, 172, 0, 0, 0
27791, 1, 1636471527047, 1636471527223, 176, 0, 176, 0, 0, 0
27793, 1, 1636471527071, 1636471527243, 172, 0, 172, 0, 0, 0
27794, 1, 1636471527235, 1636471527407, 172, 0, 172, 0, 0, 0
27795, 1, 1636471527295, 1636471527467, 172, 0, 172, 0, 0, 0
27796, 1, 1636471527343, 1636471527515, 172, 0, 172, 0, 0, 0
27798, 1, 1636471527355, 1636471527527, 172, 0, 172, 0, 0, 0
27799, 1, 1636471527359, 1636471527531, 172, 0, 172, 0, 0, 0
27800, 1, 1636471527386, 1636471527559, 173, 1, 172, 0, 0, 0
27801, 1, 1636471527386, 1636471527559, 173, 1, 172, 0, 0, 0
27802, 1, 1636471527643, 1636471527814, 171, 0, 171, 0, 0, 0
27803, 1, 1636471527682, 1636471527855, 173, 1, 172, 0, 0, 0
27804, 1, 1636471527682, 1636471527855, 173, 1, 172, 0, 0, 0
27806, 1, 1636471527703, 1636471527875, 172, 0, 172, 0, 0, 0
27805, 1, 1636471527703, 1636471527875, 172, 0, 172, 0, 0, 0
27807, 1, 1636471527726, 1636471527899, 173, 1, 172, 0, 0, 0
27808, 1, 1636471527886, 1636471528059, 173, 1, 172, 0, 1, 1
27809, 1, 1636471527946, 1636471528119, 173, 1, 172, 0, 0, 0
27810, 1, 1636471527999, 1636471528171, 172, 0, 172, 0, 0, 0
27811, 1, 1636471528011, 1636471528183, 172, 0, 172, 0, 0, 0
27812, 1, 1636471528011, 1636471528183, 172, 0, 172, 0, 0, 0
27815, 1, 1636471528295, 1636471528467, 172, 0, 172, 0, 0, 0
27816, 1, 1636471528339, 1636471528511, 172, 0, 172, 0, 0, 0
27817, 1, 1636471528339, 1636471528511, 172, 0, 172, 0, 0, 0
27818, 1, 1636471528359, 1636471528531, 172, 0, 172, 0, 0, 0
27820, 1, 1636471528371, 1636471528543, 172, 0, 172, 0, 0, 0
27821, 1, 1636471528379, 1636471528551, 172, 0, 172, 0, 0, 0
27822, 1, 1636471528386, 1636471528559, 173, 0, 173, 0, 0, 0
27823, 1, 1636471528431, 1636471528603, 172, 0, 172, 0, 0, 0
27825, 1, 1636471528607, 1636471528779, 172, 0, 172, 0, 0, 0
27826, 1, 1636471528651, 1636471528827, 176, 0, 176, 0, 0, 0
27827, 1, 1636471528671, 1636471528843, 172, 0, 172, 0, 0, 0
27824, 1, 1636471528687, 1636471528859, 172, 0, 172, 0, 0, 0
27829, 1, 1636471528947, 1636471529119, 172, 0, 172, 0, 0, 0
27831, 1, 1636471528947, 1636471529119, 172, 0, 172, 0, 0, 0
27830, 1, 1636471528959, 1636471529135, 176, 0, 176, 0, 0, 0
27832, 1, 1636471528994, 1636471529167, 173, 1, 172, 1, 0, 1
27833, 1, 1636471528995, 1636471529171, 176, 0, 176, 0, 0, 0
27834, 1, 1636471529014, 1636471529186, 172, 1, 171, 1, 0, 1
27836, 1, 1636471529035, 1636471529207, 172, 0, 172, 0, 0, 0
27835, 1, 1636471529035, 1636471529207, 172, 0, 172, 0, 0, 0
27837, 1, 1636471529055, 1636471529226, 171, 0, 171, 0, 0, 0
27838, 1, 1636471529087, 1636471529259, 172, 0, 172, 0, 0, 0
27839, 1, 1636471529111, 1636471529283, 172, 0, 172, 0, 0, 0
27840, 1, 1636471529266, 1636471529439, 173, 1, 172, 0, 1, 1
27841, 1, 1636471529310, 1636471529483, 173, 1, 172, 0, 0, 0
27842, 1, 1636471529323, 1636471529495, 172, 0, 172, 0, 0, 0
27843, 1, 1636471529338, 1636471529511, 173, 1, 172, 0, 0, 0
27813, 1, 1636471529442, 1636471529615, 173, 1, 172, 0, 1, 1
27845, 1, 1636471529599, 1636471529771, 172, 0, 172, 0, 0, 0
27844, 1, 1636471529599, 1636471529771, 172, 0, 172, 0, 0, 0
27846, 1, 1636471529619, 1636471529791, 172, 0, 172, 0, 0, 0
27847, 1, 1636471529651, 1636471529823, 172, 0, 172, 0, 0, 0
27848, 1, 1636471529651, 1636471529823, 172, 0, 172, 0, 0, 0
27851, 1, 1636471529687, 1636471529859, 172, 0, 172, 0, 0, 0
27850, 1, 1636471529687, 1636471529859, 172, 0, 172, 0, 0, 0
27852, 1, 1636471529707, 1636471529879, 172, 0, 172, 0, 0, 0
27854, 1, 1636471529742, 1636471529915, 173, 1, 172, 0, 0, 0
27855, 1, 1636471529767, 1636471529939, 172, 0, 172, 0, 0, 0
27849, 1, 1636471529786, 1636471529959, 173, 1, 172, 1, 0, 1
27856, 1, 1636471529922, 1636471530094, 172, 1, 171, 0, 1, 1
27857, 1, 1636471529962, 1636471530135, 173, 1, 172, 0, 0, 0
27858, 1, 1636471529971, 1636471530142, 171, 0, 171, 0, 0, 0
27859, 1, 1636471529994, 1636471530171, 177, 1, 176, 0, 0, 0
27853, 1, 1636471530050, 1636471530223, 173, 1, 172, 0, 0, 0
27828, 1, 1636471530126, 1636471530299, 173, 1, 172, 0, 0, 0
27861, 1, 1636471530247, 1636471530419, 172, 0, 172, 0, 0, 0
27862, 1, 1636471530255, 1636471530427, 172, 0, 172, 0, 0, 0
27863, 1, 1636471530275, 1636471530447, 172, 0, 172, 0, 0, 0
27865, 1, 1636471530307, 1636471530479, 172, 0, 172, 0, 0, 0
27864, 1, 1636471530306, 1636471530479, 173, 1, 172, 0, 0, 0
27866, 1, 1636471530343, 1636471530515, 172, 0, 172, 0, 0, 0
27867, 1, 1636471530343, 1636471530515, 172, 0, 172, 0, 0, 0
27868, 1, 1636471530362, 1636471530534, 172, 1, 171, 0, 0, 0
27860, 1, 1636471530394, 1636471530567, 173, 1, 172, 0, 0, 0
27870, 1, 1636471530395, 1636471530567, 172, 0, 172, 0, 0, 0
27873, 1, 1636471530582, 1636471530755, 173, 1, 172, 1, 0, 1
27875, 1, 1636471530623, 1636471530795, 172, 0, 172, 0, 0, 0
27876, 1, 1636471530650, 1636471530823, 173, 1, 172, 0, 1, 1
27874, 1, 1636471530654, 1636471530827, 173, 1, 172, 1, 0, 1
27869, 1, 1636471530691, 1636471530862, 171, 0, 171, 0, 0, 0
27877, 1, 1636471530703, 1636471530875, 172, 0, 172, 0, 0, 0
27879, 1, 1636471530843, 1636471531015, 172, 0, 172, 0, 0, 0
27880, 1, 1636471530903, 1636471531075, 172, 0, 172, 0, 0, 0
27881, 1, 1636471530911, 1636471531083, 172, 0, 172, 0, 0, 0
27882, 1, 1636471530931, 1636471531103, 172, 0, 172, 0, 0, 0
27884, 1, 1636471530963, 1636471531135, 172, 0, 172, 0, 0, 0
27885, 1, 1636471530995, 1636471531167, 172, 0, 172, 0, 0, 0
27878, 1, 1636471530999, 1636471531171, 172, 0, 172, 0, 0, 0
27886, 1, 1636471530999, 1636471531171, 172, 0, 172, 0, 0, 0
27889, 1, 1636471531051, 1636471531227, 176, 0, 176, 0, 0, 0
27883, 1, 1636471531191, 1636471531363, 172, 0, 172, 0, 0, 0
27890, 1, 1636471531239, 1636471531411, 172, 0, 172, 0, 0, 0
27892, 1, 1636471531299, 1636471531471, 172, 0, 172, 0, 0, 0
27888, 1, 1636471531342, 1636471531515, 173, 1, 172, 0, 0, 0
27894, 1, 1636471531346, 1636471531523, 177, 1, 176, 0, 1, 1
27895, 1, 1636471531359, 1636471531531, 172, 0, 172, 0, 0, 0
27897, 1, 1636471531559, 1636471531731, 172, 0, 172, 0, 0, 0
27898, 1, 1636471531567, 1636471531739, 172, 0, 172, 0, 0, 0
27899, 1, 1636471531587, 1636471531759, 172, 0, 172, 0, 0, 0
27900, 1, 1636471531623, 1636471531795, 172, 0, 172, 0, 0, 0
27901, 1, 1636471531643, 1636471531819, 176, 0, 176, 0, 0, 0
27903, 1, 1636471531651, 1636471531827, 176, 0, 176, 0, 0, 0
27902, 1, 1636471531651, 1636471531827, 176, 0, 176, 0, 0, 0
27905, 1, 1636471531851, 1636471532022, 171, 0, 171, 0, 0, 0
27906, 1, 1636471531891, 1636471532063, 172, 0, 172, 0, 0, 0
27907, 1, 1636471531951, 1636471532123, 172, 0, 172, 0, 0, 0
27908, 1, 1636471531999, 1636471532175, 176, 0, 176, 0, 0, 0
27909, 1, 1636471532003, 1636471532179, 176, 0, 176, 0, 0, 0
27910, 1, 1636471532015, 1636471532187, 172, 0, 172, 0, 0, 0
27911, 1, 1636471532215, 1636471532387, 172, 0, 172, 0, 0, 0
27912, 1, 1636471532215, 1636471532391, 176, 0, 176, 0, 0, 0
27913, 1, 1636471532238, 1636471532415, 177, 1, 176, 0, 0, 0
27914, 1, 1636471532279, 1636471532451, 172, 0, 172, 0, 0, 0
27915, 1, 1636471532303, 1636471532479, 176, 0, 176, 0, 0, 0
27917, 1, 1636471532315, 1636471532491, 176, 0, 176, 0, 0, 0
27916, 1, 1636471532319, 1636471532491, 172, 0, 172, 0, 0, 0
27918, 1, 1636471532507, 1636471532679, 172, 0, 172, 0, 0, 0
27919, 1, 1636471532543, 1636471532715, 172, 0, 172, 0, 0, 0
27920, 1, 1636471532611, 1636471532783, 172, 0, 172, 0, 0, 0
27921, 1, 1636471532662, 1636471532835, 173, 1, 172, 0, 0, 0
27922, 1, 1636471532662, 1636471532835, 173, 1, 172, 1, 0, 1
27925, 1, 1636471532875, 1636471533051, 176, 0, 176, 0, 0, 0
27926, 1, 1636471532899, 1636471533079, 180, 0, 180, 0, 0, 0
27927, 1, 1636471532927, 1636471533099, 172, 0, 172, 0, 0, 0
27928, 1, 1636471532959, 1636471533135, 176, 0, 176, 0, 0, 0
27930, 1, 1636471532975, 1636471533151, 176, 0, 176, 0, 0, 0
27929, 1, 1636471532975, 1636471533151, 176, 0, 176, 0, 0, 0
27931, 1, 1636471533007, 1636471533179, 172, 0, 172, 0, 0, 0
27924, 1, 1636471533007, 1636471533183, 176, 0, 176, 0, 0, 0
27932, 1, 1636471533015, 1636471533187, 172, 0, 172, 0, 0, 0
27933, 1, 1636471533163, 1636471533335, 172, 0, 172, 0, 0, 0
27934, 1, 1636471533195, 1636471533367, 172, 0, 172, 0, 0, 0
27936, 1, 1636471533315, 1636471533487, 172, 0, 172, 0, 0, 0
27937, 1, 1636471533315, 1636471533487, 172, 0, 172, 0, 0, 0
27938, 1, 1636471533359, 1636471533530, 171, 0, 171, 0, 0, 0
27904, 1, 1636471533395, 1636471533567, 172, 0, 172, 0, 0, 0
27939, 1, 1636471533534, 1636471533707, 173, 1, 172, 0, 0, 0
27940, 1, 1636471533555, 1636471533727, 172, 0, 172, 0, 0, 0
27941, 1, 1636471533579, 1636471533759, 180, 0, 180, 0, 0, 0
27942, 1, 1636471533615, 1636471533787, 172, 0, 172, 0, 0, 0
27944, 1, 1636471533639, 1636471533811, 172, 0, 172, 0, 0, 0
27943, 1, 1636471533639, 1636471533811, 172, 0, 172, 0, 0, 0
27947, 1, 1636471533659, 1636471533831, 172, 0, 172, 0, 0, 0
27946, 1, 1636471533659, 1636471533831, 172, 0, 172, 0, 0, 0
27948, 1, 1636471533747, 1636471533919, 172, 0, 172, 0, 0, 0
27949, 1, 1636471533819, 1636471533995, 176, 0, 176, 0, 0, 0
27950, 1, 1636471533847, 1636471534019, 172, 0, 172, 0, 0, 0
27952, 1, 1636471533959, 1636471534130, 171, 0, 171, 0, 0, 0
27954, 1, 1636471533971, 1636471534142, 171, 0, 171, 0, 0, 0
27953, 1, 1636471533971, 1636471534142, 171, 0, 171, 0, 0, 0
27945, 1, 1636471533987, 1636471534159, 172, 0, 172, 0, 0, 0
27955, 1, 1636471534015, 1636471534190, 175, 0, 175, 0, 0, 0
27956, 1, 1636471534051, 1636471534223, 172, 0, 172, 0, 0, 0
27951, 1, 1636471534094, 1636471534267, 173, 1, 172, 0, 1, 1
27957, 1, 1636471534186, 1636471534359, 173, 1, 172, 1, 0, 1
27958, 1, 1636471534215, 1636471534387, 172, 0, 172, 0, 0, 0
27959, 1, 1636471534247, 1636471534419, 172, 0, 172, 0, 0, 0
27960, 1, 1636471534263, 1636471534439, 176, 0, 176, 0, 0, 0
27961, 1, 1636471534295, 1636471534467, 172, 0, 172, 0, 0, 0
27964, 1, 1636471534311, 1636471534483, 172, 0, 172, 0, 0, 0
27965, 1, 1636471534399, 1636471534571, 172, 0, 172, 0, 0, 0
27966, 1, 1636471534479, 1636471534651, 172, 0, 172, 0, 0, 0
27967, 1, 1636471534503, 1636471534679, 176, 0, 176, 0, 0, 0
27963, 1, 1636471534591, 1636471534767, 176, 0, 176, 0, 0, 0
27968, 1, 1636471534615, 1636471534787, 172, 0, 172, 0, 0, 0
27970, 1, 1636471534623, 1636471534795, 172, 0, 172, 0, 0, 0
27969, 1, 1636471534623, 1636471534795, 172, 0, 172, 0, 0, 0
27971, 1, 1636471534643, 1636471534815, 172, 0, 172, 0, 0, 0
27973, 1, 1636471534707, 1636471534879, 172, 0, 172, 0, 0, 0
27974, 1, 1636471534751, 1636471534923, 172, 0, 172, 0, 0, 0
27975, 1, 1636471534843, 1636471535014, 171, 0, 171, 0, 0, 0
27976, 1, 1636471534867, 1636471535043, 176, 0, 176, 0, 0, 0
27977, 1, 1636471534899, 1636471535070, 171, 0, 171, 0, 0, 0
27978, 1, 1636471534923, 1636471535095, 172, 0, 172, 0, 0, 0
27972, 1, 1636471534939, 1636471535111, 172, 0, 172, 0, 0, 0
27979, 1, 1636471534947, 1636471535119, 172, 0, 172, 0, 0, 0
27980, 1, 1636471534959, 1636471535131, 172, 0, 172, 0, 0, 0
27981, 1, 1636471535026, 1636471535199, 173, 1, 172, 1, 0, 1
27982, 1, 1636471535055, 1636471535227, 172, 0, 172, 0, 0, 0
27983, 1, 1636471535135, 1636471535311, 176, 0, 176, 0, 0, 0
27986, 1, 1636471535267, 1636471535439, 172, 0, 172, 0, 0, 0
27987, 1, 1636471535279, 1636471535451, 172, 0, 172, 0, 0, 0
27988, 1, 1636471535287, 1636471535463, 176, 0, 176, 0, 0, 0
27989, 1, 1636471535299, 1636471535475, 176, 0, 176, 0, 0, 0
27991, 1, 1636471535411, 1636471535591, 180, 0, 180, 0, 0, 0
27992, 1, 1636471535503, 1636471535679, 176, 0, 176, 0, 0, 0
27994, 1, 1636471535547, 1636471535727, 180, 0, 180, 0, 0, 0
27995, 1, 1636471535575, 1636471535742, 167, 0, 167, 0, 0, 0
27998, 1, 1636471535599, 1636471535770, 171, 0, 171, 0, 0, 0
27990, 1, 1636471535635, 1636471535807, 172, 0, 172, 0, 0, 0
28000, 1, 1636471535679, 1636471535851, 172, 0, 172, 0, 0, 0
27999, 1, 1636471535767, 1636471535943, 176, 0, 176, 0, 0, 0
28002, 1, 1636471535795, 1636471535967, 172, 0, 172, 0, 0, 0
28003, 1, 1636471535923, 1636471536099, 176, 0, 176, 0, 0, 0
27997, 1, 1636471535931, 1636471536103, 172, 0, 172, 0, 0, 0
28004, 1, 1636471535935, 1636471536115, 180, 0, 180, 0, 0, 0
28005, 1, 1636471535947, 1636471536119, 172, 0, 172, 0, 0, 0
28006, 1, 1636471535975, 1636471536151, 176, 0, 176, 0, 0, 0
28001, 1, 1636471535979, 1636471536151, 172, 0, 172, 0, 0, 0
28007, 1, 1636471536079, 1636471536259, 180, 0, 180, 0, 0, 0
28008, 1, 1636471536159, 1636471536335, 176, 0, 176, 0, 0, 0
28009, 1, 1636471536211, 1636471536383, 172, 0, 172, 0, 0, 0
28010, 1, 1636471536231, 1636471536403, 172, 0, 172, 0, 0, 0
28011, 1, 1636471536251, 1636471536423, 172, 0, 172, 0, 0, 0
28013, 1, 1636471536335, 1636471536507, 172, 0, 172, 0, 0, 0
28014, 1, 1636471536427, 1636471536598, 171, 0, 171, 0, 0, 0
28015, 1, 1636471536455, 1636471536627, 172, 0, 172, 0, 0, 0
28017, 1, 1636471536587, 1636471536759, 172, 0, 172, 0, 0, 0
28018, 1, 1636471536591, 1636471536763, 172, 0, 172, 0, 0, 0
28019, 1, 1636471536602, 1636471536775, 173, 1, 172, 0, 0, 0
28021, 1, 1636471536631, 1636471536803, 172, 0, 172, 0, 0, 0
28022, 1, 1636471536647, 1636471536819, 172, 0, 172, 0, 0, 0
28023, 1, 1636471536743, 1636471536919, 176, 0, 176, 0, 0, 0
28024, 1, 1636471536823, 1636471536995, 172, 0, 172, 0, 0, 0
28025, 1, 1636471536863, 1636471537035, 172, 0, 172, 0, 0, 0
28026, 1, 1636471536883, 1636471537055, 172, 0, 172, 0, 0, 0
28027, 1, 1636471536899, 1636471537075, 176, 0, 176, 0, 0, 0
28028, 1, 1636471536987, 1636471537159, 172, 0, 172, 0, 0, 0
28029, 1, 1636471537083, 1636471537255, 172, 0, 172, 0, 0, 0
28030, 1, 1636471537115, 1636471537287, 172, 0, 172, 0, 0, 0
28032, 1, 1636471537251, 1636471537423, 172, 0, 172, 0, 0, 0
28031, 1, 1636471537251, 1636471537423, 172, 0, 172, 0, 0, 0
28035, 1, 1636471537307, 1636471537479, 172, 0, 172, 0, 0, 0
28036, 1, 1636471537407, 1636471537583, 176, 0, 176, 0, 0, 0
28037, 1, 1636471537479, 1636471537651, 172, 0, 172, 0, 0, 0
28038, 1, 1636471537511, 1636471537682, 171, 0, 171, 0, 0, 0
28039, 1, 1636471537523, 1636471537694, 171, 0, 171, 0, 0, 0
28040, 1, 1636471537543, 1636471537715, 172, 0, 172, 0, 0, 0
28033, 1, 1636471537599, 1636471537771, 172, 0, 172, 0, 0, 0
28042, 1, 1636471537599, 1636471537771, 172, 0, 172, 0, 0, 0
28044, 1, 1636471537738, 1636471537915, 177, 1, 176, 0, 0, 0
28045, 1, 1636471537763, 1636471537935, 172, 0, 172, 0, 0, 0
28046, 1, 1636471537887, 1636471538059, 172, 0, 172, 0, 0, 0
28047, 1, 1636471537907, 1636471538079, 172, 0, 172, 0, 0, 0
28048, 1, 1636471537907, 1636471538079, 172, 0, 172, 0, 0, 0
28049, 1, 1636471537947, 1636471538119, 172, 0, 172, 0, 0, 0
28050, 1, 1636471537963, 1636471538139, 176, 0, 176, 0, 0, 0
28052, 1, 1636471538139, 1636471538311, 172, 0, 172, 0, 0, 0
28053, 1, 1636471538167, 1636471538343, 176, 0, 176, 0, 0, 0
28054, 1, 1636471538175, 1636471538351, 176, 0, 176, 0, 0, 0
28055, 1, 1636471538191, 1636471538367, 176, 0, 176, 0, 0, 0
28056, 1, 1636471538255, 1636471538427, 172, 0, 172, 0, 0, 0
28058, 1, 1636471538395, 1636471538566, 171, 0, 171, 0, 0, 0
28059, 1, 1636471538418, 1636471538590, 172, 1, 171, 0, 0, 0
28060, 1, 1636471538542, 1636471538727, 185, 1, 184, 0, 0, 0
28063, 1, 1636471538603, 1636471538775, 172, 0, 172, 0, 0, 0
28064, 1, 1636471538623, 1636471538799, 176, 0, 176, 0, 0, 0
28065, 1, 1636471538646, 1636471538822, 176, 1, 175, 1, 0, 1
28066, 1, 1636471538795, 1636471538967, 172, 0, 172, 0, 0, 0
28068, 1, 1636471538831, 1636471539003, 172, 0, 172, 0, 0, 0
28067, 1, 1636471538830, 1636471539003, 173, 1, 172, 0, 0, 0
28069, 1, 1636471538850, 1636471539023, 173, 1, 172, 0, 0, 0
28070, 1, 1636471538911, 1636471539083, 172, 0, 172, 0, 0, 0
28071, 1, 1636471538942, 1636471539115, 173, 1, 172, 1, 0, 1
28072, 1, 1636471538995, 1636471539167, 172, 0, 172, 0, 0, 0
28073, 1, 1636471539051, 1636471539223, 172, 0, 172, 0, 0, 0
28074, 1, 1636471539074, 1636471539247, 173, 1, 172, 0, 1, 1
28075, 1, 1636471539206, 1636471539379, 173, 0, 173, 0, 0, 0
28076, 1, 1636471539255, 1636471539426, 171, 0, 171, 0, 0, 0
28077, 1, 1636471539287, 1636471539458, 171, 0, 171, 0, 0, 0
28078, 1, 1636471539303, 1636471539475, 172, 0, 172, 0, 0, 0
28079, 1, 1636471539454, 1636471539627, 173, 1, 172, 0, 0, 0
28080, 1, 1636471539491, 1636471539663, 172, 0, 172, 0, 0, 0
28081, 1, 1636471539491, 1636471539663, 172, 0, 172, 0, 0, 0
28082, 1, 1636471539498, 1636471539671, 173, 1, 172, 0, 0, 0
28083, 1, 1636471539563, 1636471539735, 172, 0, 172, 0, 0, 0
28084, 1, 1636471539599, 1636471539771, 172, 0, 172, 0, 0, 0
28085, 1, 1636471539635, 1636471539811, 176, 0, 176, 0, 0, 0
28086, 1, 1636471539651, 1636471539823, 172, 0, 172, 0, 0, 0
28089, 1, 1636471539855, 1636471540031, 176, 0, 176, 0, 0, 0
28091, 1, 1636471539907, 1636471540079, 172, 0, 172, 0, 0, 0
28090, 1, 1636471539911, 1636471540082, 171, 0, 171, 0, 0, 0
28092, 1, 1636471539939, 1636471540111, 172, 0, 172, 0, 0, 0
28093, 1, 1636471539963, 1636471540135, 172, 0, 172, 0, 0, 0
28094, 1, 1636471539999, 1636471540170, 171, 0, 171, 0, 0, 0
28095, 1, 1636471540111, 1636471540282, 171, 0, 171, 0, 0, 0
28097, 1, 1636471540147, 1636471540319, 172, 0, 172, 0, 0, 0
28096, 1, 1636471540147, 1636471540322, 175, 0, 175, 0, 0, 0
28087, 1, 1636471540154, 1636471540326, 172, 0, 172, 0, 0, 0
28100, 1, 1636471540250, 1636471540427, 177, 1, 176, 0, 1, 1
28101, 1, 1636471540290, 1636471540462, 172, 0, 172, 0, 0, 0
28102, 1, 1636471540311, 1636471540483, 172, 0, 172, 0, 0, 0
28103, 1, 1636471540414, 1636471540586, 172, 1, 171, 0, 1, 1
28099, 1, 1636471540503, 1636471540675, 172, 0, 172, 0, 0, 0
28104, 1, 1636471540511, 1636471540683, 172, 0, 172, 0, 0, 0
28105, 1, 1636471540554, 1636471540726, 172, 1, 171, 0, 0, 0
28107, 1, 1636471540595, 1636471540767, 172, 0, 172, 0, 0, 0
28108, 1, 1636471540619, 1636471540791, 172, 0, 172, 0, 0, 0
28109, 1, 1636471540655, 1636471540827, 172, 0, 172, 0, 0, 0
28110, 1, 1636471540743, 1636471540915, 172, 0, 172, 0, 0, 0
28111, 1, 1636471540767, 1636471540938, 171, 0, 171, 0, 0, 0
28113, 1, 1636471540803, 1636471540975, 172, 0, 172, 0, 0, 0
28112, 1, 1636471540803, 1636471540975, 172, 0, 172, 0, 0, 0
28114, 1, 1636471540815, 1636471540986, 171, 0, 171, 0, 0, 0
28106, 1, 1636471540847, 1636471541019, 172, 0, 172, 0, 0, 0
28116, 1, 1636471540915, 1636471541087, 172, 0, 172, 0, 0, 0
28117, 1, 1636471540942, 1636471541114, 172, 1, 171, 0, 0, 0
28115, 1, 1636471540942, 1636471541115, 173, 1, 172, 0, 0, 0
28118, 1, 1636471540962, 1636471541135, 173, 1, 172, 0, 1, 1
28119, 1, 1636471541066, 1636471541239, 173, 1, 172, 1, 0, 1
28120, 1, 1636471541159, 1636471541331, 172, 0, 172, 0, 0, 0
28121, 1, 1636471541167, 1636471541338, 171, 0, 171, 0, 0, 0
28122, 1, 1636471541206, 1636471541379, 173, 1, 172, 0, 1, 1
28123, 1, 1636471541251, 1636471541423, 172, 0, 172, 0, 0, 0
28124, 1, 1636471541270, 1636471541442, 172, 1, 171, 0, 0, 0
28125, 1, 1636471541311, 1636471541483, 172, 0, 172, 0, 0, 0
28126, 1, 1636471541399, 1636471541574, 175, 0, 175, 0, 0, 0
28128, 1, 1636471541458, 1636471541631, 173, 1, 172, 0, 0, 0
28130, 1, 1636471541462, 1636471541639, 177, 1, 176, 1, 0, 1
28131, 1, 1636471541503, 1636471541675, 172, 0, 172, 0, 0, 0
28132, 1, 1636471541567, 1636471541738, 171, 0, 171, 0, 0, 0
28134, 1, 1636471541602, 1636471541775, 173, 1, 172, 0, 1, 1
28133, 1, 1636471541603, 1636471541775, 172, 0, 172, 0, 0, 0
28129, 1, 1636471541623, 1636471541795, 172, 0, 172, 0, 0, 0
28127, 1, 1636471541751, 1636471541923, 172, 0, 172, 0, 0, 0
28137, 1, 1636471541811, 1636471541982, 171, 0, 171, 0, 0, 0
28098, 1, 1636471541814, 1636471541987, 173, 1, 172, 0, 0, 0
28139, 1, 1636471541858, 1636471542031, 173, 1, 172, 0, 0, 0
28140, 1, 1636471541903, 1636471542074, 171, 0, 171, 0, 0, 0
28136, 1, 1636471541910, 1636471542083, 173, 1, 172, 0, 0, 0
28141, 1, 1636471541927, 1636471542099, 172, 0, 172, 0, 0, 0
28142, 1, 1636471541970, 1636471542143, 173, 1, 172, 0, 0, 0
28143, 1, 1636471542063, 1636471542235, 172, 0, 172, 0, 0, 0
28144, 1, 1636471542078, 1636471542255, 177, 1, 176, 1, 0, 1
28145, 1, 1636471542114, 1636471542291, 177, 1, 176, 0, 0, 0
28147, 1, 1636471542158, 1636471542331, 173, 1, 172, 1, 0, 1
28148, 1, 1636471542218, 1636471542391, 173, 1, 172, 1, 0, 1
28149, 1, 1636471542259, 1636471542431, 172, 0, 172, 0, 0, 0
28146, 1, 1636471542259, 1636471542431, 172, 0, 172, 0, 0, 0
28151, 1, 1636471542278, 1636471542455, 177, 1, 176, 0, 0, 0
28152, 1, 1636471542411, 1636471542583, 172, 0, 172, 0, 0, 0
28154, 1, 1636471542467, 1636471542639, 172, 0, 172, 0, 0, 0
28153, 1, 1636471542467, 1636471542639, 172, 0, 172, 0, 0, 0
28155, 1, 1636471542507, 1636471542683, 176, 0, 176, 0, 0, 0
28156, 1, 1636471542559, 1636471542731, 172, 0, 172, 0, 0, 0
28157, 1, 1636471542567, 1636471542739, 172, 0, 172, 0, 0, 0
28158, 1, 1636471542583, 1636471542755, 172, 0, 172, 0, 0, 0
28159, 1, 1636471542627, 1636471542799, 172, 0, 172, 0, 0, 0
28160, 1, 1636471542718, 1636471542891, 173, 1, 172, 0, 0, 0
28161, 1, 1636471542731, 1636471542903, 172, 0, 172, 0, 0, 0
28162, 1, 1636471542774, 1636471542946, 172, 1, 171, 1, 0, 1
28163, 1, 1636471542811, 1636471542987, 176, 0, 176, 0, 0, 0
28164, 1, 1636471542875, 1636471543046, 171, 0, 171, 0, 0, 0
28166, 1, 1636471542911, 1636471543087, 176, 0, 176, 0, 0, 0
28165, 1, 1636471542915, 1636471543087, 172, 0, 172, 0, 0, 0
28167, 1, 1636471542935, 1636471543107, 172, 0, 172, 0, 0, 0
28168, 1, 1636471543063, 1636471543235, 172, 0, 172, 0, 0, 0
28170, 1, 1636471543123, 1636471543294, 171, 0, 171, 0, 0, 0
28171, 1, 1636471543163, 1636471543335, 172, 0, 172, 0, 0, 0
28172, 1, 1636471543219, 1636471543395, 176, 0, 176, 0, 0, 0
28174, 1, 1636471543239, 1636471543411, 172, 0, 172, 0, 0, 0
28169, 1, 1636471543263, 1636471543435, 172, 0, 172, 0, 0, 0
28176, 1, 1636471543371, 1636471543543, 172, 0, 172, 0, 0, 0
28177, 1, 1636471543391, 1636471543570, 179, 0, 179, 0, 0, 0
28178, 1, 1636471543435, 1636471543611, 176, 0, 176, 0, 0, 0
28175, 1, 1636471543511, 1636471543683, 172, 0, 172, 0, 0, 0
28180, 1, 1636471543527, 1636471543699, 172, 0, 172, 0, 0, 0
28182, 1, 1636471543578, 1636471543750, 172, 1, 171, 0, 0, 0
28183, 1, 1636471543590, 1636471543762, 172, 1, 171, 1, 0, 1
28179, 1, 1636471543611, 1636471543783, 172, 0, 172, 0, 0, 0
28184, 1, 1636471543719, 1636471543895, 176, 0, 176, 0, 0, 0
28185, 1, 1636471543779, 1636471543951, 172, 0, 172, 0, 0, 0
28187, 1, 1636471543886, 1636471544059, 173, 1, 172, 0, 1, 1
28189, 1, 1636471543919, 1636471544090, 171, 0, 171, 0, 0, 0
28188, 1, 1636471543954, 1636471544131, 177, 1, 176, 1, 0, 1
28190, 1, 1636471544022, 1636471544195, 173, 0, 173, 0, 0, 0
28191, 1, 1636471544059, 1636471544231, 172, 0, 172, 0, 0, 0
28192, 1, 1636471544086, 1636471544259, 173, 1, 172, 1, 0, 1
28194, 1, 1636471544175, 1636471544346, 171, 0, 171, 0, 0, 0
28195, 1, 1636471544231, 1636471544403, 172, 0, 172, 0, 0, 0
28196, 1, 1636471544243, 1636471544415, 172, 0, 172, 0, 0, 0
28197, 1, 1636471544243, 1636471544415, 172, 0, 172, 0, 0, 0
28198, 1, 1636471544243, 1636471544415, 172, 0, 172, 0, 0, 0
28199, 1, 1636471544263, 1636471544434, 171, 0, 171, 0, 0, 0
28193, 1, 1636471544302, 1636471544475, 173, 1, 172, 1, 0, 1
28200, 1, 1636471544375, 1636471544551, 176, 0, 176, 0, 0, 0
28201, 1, 1636471544427, 1636471544599, 172, 0, 172, 0, 0, 0
28202, 1, 1636471544539, 1636471544711, 172, 0, 172, 0, 0, 0
28203, 1, 1636471544571, 1636471544743, 172, 0, 172, 0, 0, 0
28204, 1, 1636471544603, 1636471544775, 172, 0, 172, 0, 0, 0
28205, 1, 1636471544615, 1636471544791, 176, 0, 176, 0, 0, 0
28206, 1, 1636471544687, 1636471544859, 172, 0, 172, 0, 0, 0
28207, 1, 1636471544719, 1636471544891, 172, 0, 172, 0, 0, 0
28208, 1, 1636471544735, 1636471544915, 180, 0, 180, 0, 0, 0
28209, 1, 1636471544835, 1636471545011, 176, 0, 176, 0, 0, 0
28210, 1, 1636471544887, 1636471545063, 176, 0, 176, 0, 0, 0
28212, 1, 1636471544903, 1636471545075, 172, 0, 172, 0, 0, 0
28211, 1, 1636471544903, 1636471545079, 176, 0, 176, 0, 0, 0
28214, 1, 1636471544931, 1636471545107, 176, 0, 176, 0, 0, 0
28215, 1, 1636471544963, 1636471545139, 176, 0, 176, 0, 0, 0
28216, 1, 1636471545079, 1636471545255, 176, 0, 176, 0, 0, 0
28217, 1, 1636471545199, 1636471545371, 172, 0, 172, 0, 0, 0
28218, 1, 1636471545235, 1636471545407, 172, 0, 172, 0, 0, 0
28219, 1, 1636471545259, 1636471545435, 176, 0, 176, 0, 0, 0
28220, 1, 1636471545279, 1636471545451, 172, 0, 172, 0, 0, 0
28221, 1, 1636471545339, 1636471545511, 172, 0, 172, 0, 0, 0
28222, 1, 1636471545375, 1636471545546, 171, 0, 171, 0, 0, 0
28223, 1, 1636471545399, 1636471545571, 172, 0, 172, 0, 0, 0
28224, 1, 1636471545495, 1636471545667, 172, 0, 172, 0, 0, 0
28225, 1, 1636471545546, 1636471545723, 177, 1, 176, 0, 1, 1
28226, 1, 1636471545559, 1636471545731, 172, 0, 172, 0, 0, 0
28227, 1, 1636471545559, 1636471545731, 172, 0, 172, 0, 0, 0
28228, 1, 1636471545571, 1636471545743, 172, 0, 172, 0, 0, 0
28229, 1, 1636471545590, 1636471545763, 173, 0, 173, 0, 0, 0
28230, 1, 1636471545622, 1636471545795, 173, 1, 172, 1, 0, 1
28231, 1, 1636471545731, 1636471545906, 175, 0, 175, 0, 0, 0
28232, 1, 1636471545859, 1636471546034, 175, 0, 175, 0, 0, 0
28233, 1, 1636471545890, 1636471546062, 172, 1, 171, 0, 0, 0
28213, 1, 1636471545902, 1636471546078, 176, 1, 175, 0, 0, 0
28234, 1, 1636471545915, 1636471546087, 172, 0, 172, 0, 0, 0
28235, 1, 1636471545922, 1636471546095, 173, 1, 172, 0, 0, 0
28236, 1, 1636471545942, 1636471546115, 173, 1, 172, 0, 1, 1
28237, 1, 1636471546003, 1636471546175, 172, 0, 172, 0, 0, 0
28238, 1, 1636471546034, 1636471546206, 172, 1, 171, 0, 1, 1
28239, 1, 1636471546055, 1636471546226, 171, 0, 171, 0, 0, 0
28240, 1, 1636471546151, 1636471546323, 172, 0, 172, 0, 0, 0
28241, 1, 1636471546171, 1636471546342, 171, 0, 171, 0, 0, 0
28243, 1, 1636471546206, 1636471546378, 172, 0, 172, 0, 0, 0
28245, 1, 1636471546223, 1636471546394, 171, 0, 171, 0, 0, 0
28246, 1, 1636471546246, 1636471546418, 172, 1, 171, 0, 0, 0
28247, 1, 1636471546275, 1636471546447, 172, 0, 172, 0, 0, 0
28244, 1, 1636471546287, 1636471546459, 172, 0, 172, 0, 0, 0
28242, 1, 1636471546378, 1636471546550, 172, 1, 171, 0, 1, 1
28249, 1, 1636471546519, 1636471546691, 172, 0, 172, 0, 0, 0
28250, 1, 1636471546546, 1636471546723, 177, 1, 176, 0, 0, 0
28251, 1, 1636471546558, 1636471546730, 172, 1, 171, 1, 0, 1
28253, 1, 1636471546574, 1636471546747, 173, 1, 172, 1, 0, 1
28254, 1, 1636471546598, 1636471546771, 173, 1, 172, 0, 1, 1
28252, 1, 1636471546634, 1636471546807, 173, 1, 172, 0, 0, 0
28255, 1, 1636471546655, 1636471546827, 172, 0, 172, 0, 0, 0
28256, 1, 1636471546686, 1636471546859, 173, 1, 172, 0, 0, 0
28257, 1, 1636471546711, 1636471546883, 172, 0, 172, 0, 0, 0
28248, 1, 1636471546727, 1636471546898, 171, 0, 171, 0, 0, 0
28258, 1, 1636471546807, 1636471546979, 172, 0, 172, 0, 0, 0
28259, 1, 1636471546818, 1636471546990, 172, 1, 171, 0, 0, 0
28260, 1, 1636471546862, 1636471547034, 172, 0, 172, 0, 0, 0
28261, 1, 1636471546878, 1636471547051, 173, 1, 172, 0, 0, 0
28262, 1, 1636471546898, 1636471547070, 172, 1, 171, 0, 0, 0
28263, 1, 1636471546926, 1636471547098, 172, 1, 171, 0, 0, 0
28264, 1, 1636471546942, 1636471547114, 172, 0, 172, 0, 0, 0
28265, 1, 1636471547030, 1636471547203, 173, 0, 173, 0, 0, 0
28267, 1, 1636471547203, 1636471547375, 172, 0, 172, 0, 0, 0
28268, 1, 1636471547211, 1636471547383, 172, 0, 172, 0, 0, 0
28269, 1, 1636471547231, 1636471547403, 172, 0, 172, 0, 0, 0
28266, 1, 1636471547243, 1636471547415, 172, 0, 172, 0, 0, 0
28271, 1, 1636471547291, 1636471547463, 172, 0, 172, 0, 0, 0
28272, 1, 1636471547307, 1636471547479, 172, 0, 172, 0, 0, 0
28273, 1, 1636471547339, 1636471547515, 176, 0, 176, 0, 0, 0
28274, 1, 1636471547367, 1636471547539, 172, 0, 172, 0, 0, 0
28275, 1, 1636471547379, 1636471547551, 172, 0, 172, 0, 0, 0
28276, 1, 1636471547463, 1636471547635, 172, 0, 172, 0, 0, 0
28278, 1, 1636471547515, 1636471547687, 172, 0, 172, 0, 0, 0
28279, 1, 1636471547535, 1636471547707, 172, 0, 172, 0, 0, 0
28280, 1, 1636471547551, 1636471547723, 172, 0, 172, 0, 0, 0
28270, 1, 1636471547587, 1636471547763, 176, 0, 176, 0, 0, 0
28282, 1, 1636471547599, 1636471547771, 172, 0, 172, 0, 0, 0
28277, 1, 1636471547651, 1636471547823, 172, 0, 172, 0, 0, 0
28283, 1, 1636471547687, 1636471547859, 172, 0, 172, 0, 0, 0
28281, 1, 1636471547711, 1636471547883, 172, 0, 172, 0, 0, 0
28284, 1, 1636471547859, 1636471548031, 172, 0, 172, 0, 0, 0
28285, 1, 1636471547867, 1636471548039, 172, 0, 172, 0, 0, 0
28286, 1, 1636471547887, 1636471548059, 172, 0, 172, 0, 0, 0
28287, 1, 1636471547895, 1636471548067, 172, 0, 172, 0, 0, 0
28288, 1, 1636471547947, 1636471548123, 176, 0, 176, 0, 0, 0
28289, 1, 1636471547959, 1636471548139, 180, 0, 180, 0, 0, 0
28290, 1, 1636471547999, 1636471548175, 176, 0, 176, 0, 0, 0
28291, 1, 1636471548023, 1636471548198, 175, 0, 175, 0, 0, 0
28292, 1, 1636471548027, 1636471548203, 176, 0, 176, 0, 0, 0
28293, 1, 1636471548166, 1636471548343, 177, 1, 176, 0, 0, 0
28294, 1, 1636471548190, 1636471548363, 173, 1, 172, 0, 0, 0
28295, 1, 1636471548207, 1636471548379, 172, 0, 172, 0, 0, 0
28297, 1, 1636471548254, 1636471548426, 172, 1, 171, 0, 0, 0
28298, 1, 1636471548307, 1636471548479, 172, 0, 172, 0, 0, 0
28299, 1, 1636471548347, 1636471548519, 172, 0, 172, 0, 0, 0
28296, 1, 1636471548347, 1636471548519, 172, 0, 172, 0, 0, 0
28300, 1, 1636471548371, 1636471548543, 172, 0, 172, 0, 0, 0
28301, 1, 1636471548515, 1636471548687, 172, 0, 172, 0, 0, 0
28303, 1, 1636471548543, 1636471548719, 176, 0, 176, 0, 0, 0
28304, 1, 1636471548547, 1636471548719, 172, 0, 172, 0, 0, 0
28302, 1, 1636471548599, 1636471548775, 176, 0, 176, 0, 0, 0
28306, 1, 1636471548619, 1636471548791, 172, 0, 172, 0, 0, 0
28308, 1, 1636471548679, 1636471548851, 172, 0, 172, 0, 0, 0
28309, 1, 1636471548699, 1636471548875, 176, 0, 176, 0, 0, 0
28310, 1, 1636471548827, 1636471548999, 172, 0, 172, 0, 0, 0
28311, 1, 1636471548847, 1636471549019, 172, 0, 172, 0, 0, 0
28312, 1, 1636471548863, 1636471549039, 176, 0, 176, 0, 0, 0
28307, 1, 1636471548895, 1636471549067, 172, 0, 172, 0, 0, 0
28313, 1, 1636471548907, 1636471549087, 180, 0, 180, 0, 0, 0
28305, 1, 1636471548954, 1636471549127, 173, 1, 172, 0, 0, 0
28314, 1, 1636471548963, 1636471549135, 172, 0, 172, 0, 0, 0
28316, 1, 1636471549003, 1636471549175, 172, 0, 172, 0, 0, 0
28315, 1, 1636471549007, 1636471549183, 176, 0, 176, 0, 0, 0
28317, 1, 1636471549023, 1636471549199, 176, 0, 176, 0, 0, 0
28318, 1, 1636471549170, 1636471549343, 173, 1, 172, 0, 0, 0
28320, 1, 1636471549203, 1636471549375, 172, 0, 172, 0, 0, 0
28319, 1, 1636471549203, 1636471549379, 176, 0, 176, 0, 0, 0
28321, 1, 1636471549262, 1636471549439, 177, 1, 176, 1, 0, 1
28322, 1, 1636471549271, 1636471549443, 172, 0, 172, 0, 0, 0
28323, 1, 1636471549339, 1636471549511, 172, 0, 172, 0, 0, 0
28324, 1, 1636471549351, 1636471549523, 172, 0, 172, 0, 0, 0
28325, 1, 1636471549487, 1636471549659, 172, 0, 172, 0, 0, 0
28327, 1, 1636471549523, 1636471549695, 172, 0, 172, 0, 0, 0
28328, 1, 1636471549579, 1636471549755, 176, 0, 176, 0, 0, 0
28329, 1, 1636471549610, 1636471549783, 173, 1, 172, 1, 0, 1
28330, 1, 1636471549611, 1636471549783, 172, 0, 172, 0, 0, 0
28332, 1, 1636471549671, 1636471549843, 172, 0, 172, 0, 0, 0
28333, 1, 1636471549683, 1636471549855, 172, 0, 172, 0, 0, 0
28334, 1, 1636471549823, 1636471549995, 172, 0, 172, 0, 0, 0
28326, 1, 1636471549835, 1636471550007, 172, 0, 172, 0, 0, 0
28336, 1, 1636471549867, 1636471550039, 172, 0, 172, 0, 0, 0
28337, 1, 1636471549919, 1636471550091, 172, 0, 172, 0, 0, 0
28338, 1, 1636471549927, 1636471550099, 172, 0, 172, 0, 0, 0
28331, 1, 1636471549931, 1636471550103, 172, 0, 172, 0, 0, 0
28339, 1, 1636471549999, 1636471550171, 172, 0, 172, 0, 0, 0
28340, 1, 1636471550143, 1636471550315, 172, 0, 172, 0, 0, 0
28335, 1, 1636471550179, 1636471550351, 172, 0, 172, 0, 0, 0
28341, 1, 1636471550179, 1636471550351, 172, 0, 172, 0, 0, 0
28342, 1, 1636471550239, 1636471550415, 176, 0, 176, 0, 0, 0
28343, 1, 1636471550259, 1636471550431, 172, 0, 172, 0, 0, 0
28344, 1, 1636471550279, 1636471550451, 172, 0, 172, 0, 0, 0
28345, 1, 1636471550331, 1636471550503, 172, 0, 172, 0, 0, 0
28346, 1, 1636471550339, 1636471550511, 172, 0, 172, 0, 0, 0
28347, 1, 1636471550479, 1636471550651, 172, 0, 172, 0, 0, 0
28348, 1, 1636471550487, 1636471550663, 176, 0, 176, 0, 0, 0
28349, 1, 1636471550527, 1636471550703, 176, 0, 176, 0, 0, 0
28350, 1, 1636471550579, 1636471550751, 172, 0, 172, 0, 0, 0
28351, 1, 1636471550579, 1636471550751, 172, 0, 172, 0, 0, 0
28352, 1, 1636471550587, 1636471550759, 172, 0, 172, 0, 0, 0
28353, 1, 1636471550795, 1636471550967, 172, 0, 172, 0, 0, 0
28354, 1, 1636471550831, 1636471551003, 172, 0, 172, 0, 0, 0
28355, 1, 1636471550839, 1636471551011, 172, 0, 172, 0, 0, 0
28356, 1, 1636471550895, 1636471551067, 172, 0, 172, 0, 0, 0
28357, 1, 1636471550919, 1636471551091, 172, 0, 172, 0, 0, 0
28358, 1, 1636471550931, 1636471551103, 172, 0, 172, 0, 0, 0
28359, 1, 1636471550995, 1636471551167, 172, 0, 172, 0, 0, 0
28360, 1, 1636471551007, 1636471551179, 172, 0, 172, 0, 0, 0
28361, 1, 1636471551131, 1636471551307, 176, 0, 176, 0, 0, 0
28363, 1, 1636471551191, 1636471551367, 176, 0, 176, 0, 0, 0
28364, 1, 1636471551231, 1636471551403, 172, 0, 172, 0, 0, 0
28365, 1, 1636471551235, 1636471551407, 172, 0, 172, 0, 0, 0
28366, 1, 1636471551243, 1636471551415, 172, 0, 172, 0, 0, 0
28362, 1, 1636471551355, 1636471551527, 172, 0, 172, 0, 0, 0
28367, 1, 1636471551459, 1636471551631, 172, 0, 172, 0, 0, 0
28368, 1, 1636471551487, 1636471551659, 172, 0, 172, 0, 0, 0
28370, 1, 1636471551555, 1636471551727, 172, 0, 172, 0, 0, 0
28372, 1, 1636471551583, 1636471551755, 172, 0, 172, 0, 0, 0
28373, 1, 1636471551651, 1636471551823, 172, 0, 172, 0, 0, 0
28374, 1, 1636471551663, 1636471551839, 176, 0, 176, 0, 0, 0
28369, 1, 1636471551703, 1636471551875, 172, 0, 172, 0, 0, 0
28371, 1, 1636471551803, 1636471551975, 172, 0, 172, 0, 0, 0
28376, 1, 1636471551847, 1636471552019, 172, 0, 172, 0, 0, 0
28377, 1, 1636471551891, 1636471552067, 176, 0, 176, 0, 0, 0
28379, 1, 1636471551899, 1636471552071, 172, 0, 172, 0, 0, 0
28380, 1, 1636471552011, 1636471552183, 172, 0, 172, 0, 0, 0
28381, 1, 1636471552119, 1636471552291, 172, 0, 172, 0, 0, 0
28383, 1, 1636471552215, 1636471552387, 172, 0, 172, 0, 0, 0
28384, 1, 1636471552243, 1636471552415, 172, 0, 172, 0, 0, 0
28385, 1, 1636471552315, 1636471552487, 172, 0, 172, 0, 0, 0
28386, 1, 1636471552323, 1636471552499, 176, 0, 176, 0, 0, 0
28387, 1, 1636471552363, 1636471552535, 172, 0, 172, 0, 0, 0
28388, 1, 1636471552459, 1636471552631, 172, 0, 172, 0, 0, 0
28389, 1, 1636471552499, 1636471552671, 172, 0, 172, 0, 0, 0
28391, 1, 1636471552555, 1636471552731, 176, 0, 176, 0, 0, 0
28392, 1, 1636471552663, 1636471552835, 172, 0, 172, 0, 0, 0
28390, 1, 1636471552711, 1636471552883, 172, 0, 172, 0, 0, 0
28394, 1, 1636471552871, 1636471553043, 172, 0, 172, 0, 0, 0
28395, 1, 1636471552899, 1636471553071, 172, 0, 172, 0, 0, 0
28397, 1, 1636471552983, 1636471553159, 176, 0, 176, 0, 0, 0
28398, 1, 1636471553015, 1636471553187, 172, 0, 172, 0, 0, 0
28399, 1, 1636471553115, 1636471553287, 172, 0, 172, 0, 0, 0
28400, 1, 1636471553151, 1636471553323, 172, 0, 172, 0, 0, 0
28401, 1, 1636471553219, 1636471553391, 172, 0, 172, 0, 0, 0
28403, 1, 1636471553367, 1636471553539, 172, 0, 172, 0, 0, 0
28402, 1, 1636471553495, 1636471553667, 172, 0, 172, 0, 0, 0
28404, 1, 1636471553527, 1636471553699, 172, 0, 172, 0, 0, 0
28405, 1, 1636471553559, 1636471553731, 172, 0, 172, 0, 0, 0
28406, 1, 1636471553643, 1636471553815, 172, 0, 172, 0, 0, 0
28408, 1, 1636471553767, 1636471553939, 172, 0, 172, 0, 0, 0
28409, 1, 1636471553807, 1636471553979, 172, 0, 172, 0, 0, 0
28407, 1, 1636471553843, 1636471554015, 172, 0, 172, 0, 0, 0
28410, 1, 1636471553875, 1636471554047, 172, 0, 172, 0, 0, 0
28411, 1, 1636471554151, 1636471554323, 172, 0, 172, 0, 0, 0
28412, 1, 1636471554183, 1636471554355, 172, 0, 172, 0, 0, 0
28413, 1, 1636471554219, 1636471554391, 172, 0, 172, 0, 0, 0
28414, 1, 1636471554299, 1636471554471, 172, 0, 172, 0, 0, 0
28415, 1, 1636471554315, 1636471554487, 172, 0, 172, 0, 0, 0
28416, 1, 1636471554319, 1636471554491, 172, 0, 172, 0, 0, 0
28417, 1, 1636471554423, 1636471554595, 172, 0, 172, 0, 0, 0
28418, 1, 1636471554463, 1636471554635, 172, 0, 172, 0, 0, 0
28420, 1, 1636471554495, 1636471554667, 172, 0, 172, 0, 0, 0
28421, 1, 1636471554531, 1636471554703, 172, 0, 172, 0, 0, 0
28419, 1, 1636471554659, 1636471554827, 168, 0, 168, 0, 0, 0
28422, 1, 1636471554803, 1636471554975, 172, 0, 172, 0, 0, 0
28424, 1, 1636471554874, 1636471555047, 173, 1, 172, 0, 0, 0
28425, 1, 1636471554947, 1636471555131, 184, 0, 184, 0, 0, 0
28427, 1, 1636471554967, 1636471555139, 172, 0, 172, 0, 0, 0
28426, 1, 1636471554963, 1636471555139, 176, 0, 176, 0, 0, 0
28423, 1, 1636471555066, 1636471555239, 173, 1, 172, 0, 1, 1
28429, 1, 1636471555122, 1636471555299, 177, 1, 176, 1, 0, 1
28431, 1, 1636471555151, 1636471555326, 175, 0, 175, 0, 0, 0
28432, 1, 1636471555199, 1636471555374, 175, 0, 175, 0, 0, 0
28433, 1, 1636471555323, 1636471555495, 172, 0, 172, 0, 0, 0
28434, 1, 1636471555330, 1636471555503, 173, 0, 173, 0, 0, 0
28428, 1, 1636471555411, 1636471555583, 172, 0, 172, 0, 0, 0
28430, 1, 1636471555471, 1636471555651, 180, 0, 180, 0, 0, 0
28435, 1, 1636471555471, 1636471555651, 180, 0, 