Xid, State, StartTime, EndTime, TransactionTime, ExecuteTime, CommunicationTime, ReadTime, WriteTime, DBTime
63, 1, 1636429443480, 1636429443959, 479, 68, 411, 26, 5, 31
66, 1, 1636429444302, 1636429444711, 409, 4, 405, 0, 1, 1
69, 1, 1636429444983, 1636429445391, 408, 3, 405, 1, 1, 2
72, 1, 1636429445658, 1636429446067, 409, 4, 405, 0, 0, 0
75, 1, 1636429446334, 1636429446742, 408, 3, 405, 1, 0, 1
79, 1, 1636429447010, 1636429447418, 408, 4, 404, 1, 0, 1
82, 1, 1636429447686, 1636429448095, 409, 3, 406, 2, 0, 2
85, 1, 1636429448362, 1636429448770, 408, 3, 405, 1, 1, 2
89, 1, 1636429449038, 1636429449454, 416, 3, 413, 3, 0, 3
92, 1, 1636429449722, 1636429450130, 408, 3, 405, 1, 0, 1
95, 1, 1636429450394, 1636429450802, 408, 2, 406, 1, 0, 1
98, 1, 1636429451070, 1636429451475, 405, 3, 402, 1, 1, 2
101, 1, 1636429451742, 1636429452150, 408, 3, 405, 2, 0, 2
104, 1, 1636429452414, 1636429452822, 408, 3, 405, 0, 1, 1
107, 1, 1636429453090, 1636429453494, 404, 4, 400, 0, 0, 0
110, 1, 1636429453762, 1636429454171, 409, 6, 403, 0, 1, 1
113, 1, 1636429454438, 1636429454802, 364, 3, 361, 1, 0, 1
116, 1, 1636429455070, 1636429455434, 364, 1, 363, 0, 0, 0
119, 1, 1636429455702, 1636429456070, 368, 3, 365, 1, 0, 1
122, 1, 1636429456338, 1636429456702, 364, 3, 361, 0, 1, 1
125, 1, 1636429456974, 1636429457338, 364, 2, 362, 0, 1, 1
128, 1, 1636429457606, 1636429457970, 364, 3, 361, 1, 1, 2
131, 1, 1636429458238, 1636429458602, 364, 3, 361, 0, 1, 1
134, 1, 1636429458870, 1636429459234, 364, 3, 361, 0, 1, 1
137, 1, 1636429459502, 1636429459866, 364, 2, 362, 0, 0, 0
140, 1, 1636429460134, 1636429460498, 364, 2, 362, 0, 0, 0
143, 1, 1636429460762, 1636429461126, 364, 2, 362, 0, 0, 0
146, 1, 1636429461393, 1636429461758, 365, 3, 362, 0, 0, 0
149, 1, 1636429462026, 1636429462389, 363, 2, 361, 0, 0, 0
152, 1, 1636429462658, 1636429463022, 364, 2, 362, 0, 1, 1
155, 1, 1636429463289, 1636429463654, 365, 1, 364, 0, 0, 0
158, 1, 1636429463918, 1636429464282, 364, 2, 362, 0, 1, 1
161, 1, 1636429464550, 1636429464918, 368, 3, 365, 0, 0, 0
164, 1, 1636429465182, 1636429465542, 360, 1, 359, 0, 0, 0
167, 1, 1636429465810, 1636429466174, 364, 1, 363, 0, 1, 1
170, 1, 1636429466438, 1636429466802, 364, 3, 361, 0, 1, 1
173, 1, 1636429467070, 1636429467430, 360, 0, 360, 0, 0, 0
176, 1, 1636429467694, 1636429468058, 364, 1, 363, 0, 0, 0
179, 1, 1636429468326, 1636429468698, 372, 1, 371, 1, 0, 1
182, 1, 1636429468970, 1636429469330, 360, 1, 359, 0, 0, 0
185, 1, 1636429469598, 1636429469962, 364, 2, 362, 0, 0, 0
188, 1, 1636429470229, 1636429470594, 365, 1, 364, 0, 0, 0
191, 1, 1636429470866, 1636429471230, 364, 2, 362, 0, 1, 1
194, 1, 1636429471498, 1636429471854, 356, 3, 353, 0, 1, 1
197, 1, 1636429472122, 1636429472486, 364, 1, 363, 0, 0, 0
200, 1, 1636429472750, 1636429473114, 364, 1, 363, 0, 0, 0
203, 1, 1636429473382, 1636429473746, 364, 1, 363, 0, 0, 0
206, 1, 1636429474014, 1636429474378, 364, 1, 363, 0, 0, 0
209, 1, 1636429474642, 1636429475001, 359, 1, 358, 0, 1, 1
212, 1, 1636429475269, 1636429475634, 365, 2, 363, 1, 0, 1
216, 1, 1636429475902, 1636429476266, 364, 1, 363, 0, 0, 0
219, 1, 1636429476534, 1636429476894, 360, 1, 359, 0, 0, 0
222, 1, 1636429477162, 1636429477522, 360, 0, 360, 0, 0, 0
225, 1, 1636429477786, 1636429478150, 364, 1, 363, 0, 0, 0
228, 1, 1636429478414, 1636429478774, 360, 1, 359, 0, 0, 0
231, 1, 1636429479042, 1636429479397, 355, 1, 354, 0, 0, 0
234, 1, 1636429479662, 1636429480026, 364, 1, 363, 0, 0, 0
237, 1, 1636429480290, 1636429480650, 360, 0, 360, 0, 0, 0
240, 1, 1636429480914, 1636429481278, 364, 1, 363, 0, 0, 0
242, 1, 1636429481542, 1636429481906, 364, 0, 364, 0, 0, 0
246, 1, 1636429482178, 1636429482546, 368, 1, 367, 0, 0, 0
249, 1, 1636429482810, 1636429483174, 364, 0, 364, 0, 0, 0
252, 1, 1636429483438, 1636429483806, 368, 0, 368, 0, 0, 0
255, 1, 1636429484074, 1636429484434, 360, 1, 359, 0, 0, 0
258, 1, 1636429484702, 1636429485070, 368, 5, 363, 3, 1, 4
261, 1, 1636429485334, 1636429485694, 360, 1, 359, 0, 0, 0
264, 1, 1636429485958, 1636429486322, 364, 1, 363, 0, 0, 0
267, 1, 1636429486590, 1636429486957, 367, 1, 366, 0, 0, 0
270, 1, 1636429487226, 1636429487586, 360, 2, 358, 0, 0, 0
273, 1, 1636429487850, 1636429488214, 364, 0, 364, 0, 0, 0
276, 1, 1636429488478, 1636429488842, 364, 1, 363, 1, 0, 1
279, 1, 1636429489106, 1636429489466, 360, 2, 358, 1, 0, 1
282, 1, 1636429489738, 1636429490102, 364, 1, 363, 0, 0, 0
285, 1, 1636429490369, 1636429490734, 365, 1, 364, 1, 0, 1
288, 1, 1636429490998, 1636429491362, 364, 1, 363, 0, 0, 0
291, 1, 1636429491630, 1636429491994, 364, 0, 364, 0, 0, 0
294, 1, 1636429492266, 1636429492629, 363, 0, 363, 0, 0, 0
297, 1, 1636429492894, 1636429493258, 364, 0, 364, 0, 0, 0
300, 1, 1636429493522, 1636429493886, 364, 0, 364, 0, 0, 0
303, 1, 1636429494157, 1636429494518, 361, 2, 359, 0, 0, 0
306, 1, 1636429494790, 1636429495150, 360, 0, 360, 0, 0, 0
309, 1, 1636429495421, 1636429495782, 361, 2, 359, 1, 0, 1
312, 1, 1636429496046, 1636429496418, 372, 0, 372, 0, 0, 0
315, 1, 1636429496681, 1636429497046, 365, 1, 364, 0, 0, 0
318, 1, 1636429497313, 1636429497674, 361, 3, 358, 0, 0, 0
321, 1, 1636429497937, 1636429498302, 365, 1, 364, 0, 0, 0
324, 1, 1636429498566, 1636429498930, 364, 2, 362, 0, 0, 0
327, 1, 1636429499193, 1636429499558, 365, 2, 363, 1, 0, 1
330, 1, 1636429499822, 1636429500186, 364, 0, 364, 0, 0, 0
333, 1, 1636429500450, 1636429500810, 360, 0, 360, 0, 0, 0
336, 1, 1636429501074, 1636429501434, 360, 0, 360, 0, 0, 0
339, 1, 1636429501702, 1636429502066, 364, 1, 363, 0, 0, 0
342, 1, 1636429502330, 1636429502694, 364, 1, 363, 0, 0, 0
345, 1, 1636429502958, 1636429503322, 364, 1, 363, 0, 0, 0
348, 1, 1636429503590, 1636429503954, 364, 0, 364, 0, 0, 0
351, 1, 1636429504218, 1636429504581, 363, 0, 363, 0, 0, 0
354, 1, 1636429504850, 1636429505213, 363, 1, 362, 0, 0, 0
357, 1, 1636429505477, 1636429505838, 361, 1, 360, 0, 0, 0
360, 1, 1636429506110, 1636429506470, 360, 1, 359, 1, 0, 1
363, 1, 1636429506742, 1636429507106, 364, 1, 363, 1, 0, 1
366, 1, 1636429507370, 1636429507734, 364, 0, 364, 0, 0, 0
369, 1, 1636429508002, 1636429508362, 360, 1, 359, 1, 0, 1
372, 1, 1636429508626, 1636429508986, 360, 1, 359, 0, 0, 0
375, 1, 1636429509250, 1636429509614, 364, 0, 364, 0, 0, 0
378, 1, 1636429509882, 1636429510245, 363, 2, 361, 0, 0, 0
381, 1, 1636429510510, 1636429510874, 364, 0, 364, 0, 0, 0
384, 1, 1636429511138, 1636429511501, 363, 1, 362, 0, 0, 0
387, 1, 1636429511766, 1636429512126, 360, 0, 360, 0, 0, 0
390, 1, 1636429512398, 1636429512762, 364, 1, 363, 0, 0, 0
393, 1, 1636429513030, 1636429513393, 363, 1, 362, 1, 0, 1
396, 1, 1636429513658, 1636429514022, 364, 0, 364, 0, 0, 0
399, 1, 1636429514290, 1636429514654, 364, 0, 364, 0, 0, 0
402, 1, 1636429514918, 1636429515282, 364, 2, 362, 0, 0, 0
405, 1, 1636429515549, 1636429515914, 365, 0, 365, 0, 0, 0
408, 1, 1636429516182, 1636429516546, 364, 1, 363, 0, 0, 0
411, 1, 1636429516814, 1636429517177, 363, 1, 362, 0, 0, 0
414, 1, 1636429517445, 1636429517809, 364, 2, 362, 0, 0, 0
417, 1, 1636429518078, 1636429518438, 360, 1, 359, 1, 0, 1
420, 1, 1636429518706, 1636429519070, 364, 1, 363, 0, 0, 0
423, 1, 1636429519338, 1636429519710, 372, 1, 371, 0, 0, 0
426, 1, 1636429519974, 1636429520338, 364, 2, 362, 0, 0, 0
429, 1, 1636429520605, 1636429520974, 369, 1, 368, 1, 0, 1
432, 1, 1636429521241, 1636429521601, 360, 1, 359, 0, 0, 0
435, 1, 1636429521870, 1636429522238, 368, 0, 368, 0, 0, 0
438, 1, 1636429522502, 1636429522866, 364, 0, 364, 0, 0, 0
441, 1, 1636429523134, 1636429523497, 363, 0, 363, 0, 0, 0
444, 1, 1636429523766, 1636429524130, 364, 0, 364, 0, 0, 0
447, 1, 1636429524398, 1636429524762, 364, 1, 363, 1, 0, 1
450, 1, 1636429525030, 1636429525394, 364, 2, 362, 0, 0, 0
453, 1, 1636429525662, 1636429526018, 356, 1, 355, 0, 0, 0
456, 1, 1636429526282, 1636429526645, 363, 0, 363, 0, 0, 0
459, 1, 1636429526913, 1636429527278, 365, 2, 363, 2, 0, 2
462, 1, 1636429527542, 1636429527906, 364, 1, 363, 0, 0, 0
465, 1, 1636429528174, 1636429528549, 375, 1, 374, 0, 0, 0
468, 1, 1636429528814, 1636429529178, 364, 0, 364, 0, 0, 0
471, 1, 1636429529446, 1636429529806, 360, 0, 360, 0, 0, 0
474, 1, 1636429530070, 1636429530438, 368, 0, 368, 0, 0, 0
477, 1, 1636429530706, 1636429531070, 364, 1, 363, 1, 0, 1
480, 1, 1636429531338, 1636429531702, 364, 0, 364, 0, 0, 0
483, 1, 1636429531966, 1636429532330, 364, 1, 363, 0, 0, 0
486, 1, 1636429532602, 1636429532958, 356, 0, 356, 0, 0, 0
489, 1, 1636429533226, 1636429533590, 364, 1, 363, 0, 0, 0
492, 1, 1636429533858, 1636429534222, 364, 0, 364, 0, 0, 0
495, 1, 1636429534486, 1636429534854, 368, 0, 368, 0, 0, 0
498, 1, 1636429535118, 1636429535482, 364, 1, 363, 1, 0, 1
501, 1, 1636429535746, 1636429536110, 364, 1, 363, 0, 0, 0
504, 1, 1636429536381, 1636429536742, 361, 1, 360, 0, 0, 0
507, 1, 1636429537005, 1636429537370, 365, 1, 364, 0, 0, 0
510, 1, 1636429537641, 1636429537998, 357, 0, 357, 0, 0, 0
513, 1, 1636429538261, 1636429538622, 361, 3, 358, 1, 0, 1
516, 1, 1636429538889, 1636429539254, 365, 2, 363, 1, 0, 1
519, 1, 1636429539517, 1636429539882, 365, 2, 363, 0, 0, 0
522, 1, 1636429540145, 1636429540509, 364, 1, 363, 0, 0, 0
525, 1, 1636429540773, 1636429541138, 365, 1, 364, 0, 0, 0
528, 1, 1636429541402, 1636429541766, 364, 1, 363, 0, 0, 0
531, 1, 1636429542030, 1636429542393, 363, 0, 363, 0, 0, 0
534, 1, 1636429542665, 1636429543030, 365, 1, 364, 1, 0, 1
537, 1, 1636429543297, 1636429543662, 365, 2, 363, 1, 0, 1
540, 1, 1636429543926, 1636429544290, 364, 0, 364, 0, 0, 0
543, 1, 1636429544554, 1636429544922, 368, 0, 368, 0, 0, 0
546, 1, 1636429545186, 1636429545550, 364, 0, 364, 0, 0, 0
548, 1, 1636429545818, 1636429546182, 364, 0, 364, 0, 0, 0
550, 1, 1636429546446, 1636429546810, 364, 0, 364, 0, 0, 0
552, 1, 1636429547074, 1636429547434, 360, 0, 360, 0, 0, 0
554, 1, 1636429547701, 1636429548066, 365, 0, 365, 0, 0, 0
556, 1, 1636429548334, 1636429548698, 364, 1, 363, 0, 0, 0
558, 1, 1636429548962, 1636429549326, 364, 1, 363, 1, 0, 1
560, 1, 1636429549590, 1636429549954, 364, 0, 364, 0, 0, 0
562, 1, 1636429550222, 1636429550586, 364, 0, 364, 0, 0, 0
564, 1, 1636429550854, 1636429551218, 364, 0, 364, 0, 0, 0
566, 1, 1636429551486, 1636429551850, 364, 1, 363, 0, 0, 0
568, 1, 1636429552118, 1636429552482, 364, 0, 364, 0, 0, 0
570, 1, 1636429552750, 1636429553114, 364, 0, 364, 0, 0, 0
572, 1, 1636429553382, 1636429553745, 363, 1, 362, 1, 0, 1
574, 1, 1636429554014, 1636429554377, 363, 0, 363, 0, 0, 0
576, 1, 1636429554642, 1636429555006, 364, 0, 364, 0, 0, 0
577, 1, 1636429555274, 1636429555638, 364, 0, 364, 0, 0, 0
578, 1, 1636429555906, 1636429556270, 364, 1, 363, 1, 0, 1
579, 1, 1636429556538, 1636429556902, 364, 0, 364, 0, 0, 0
580, 1, 1636429557170, 1636429557534, 364, 0, 364, 0, 0, 0
581, 1, 1636429557798, 1636429558162, 364, 1, 363, 0, 0, 0
582, 1, 1636429558426, 1636429558790, 364, 1, 363, 0, 0, 0
583, 1, 1636429559058, 1636429559422, 364, 1, 363, 0, 0, 0
584, 1, 1636429559690, 1636429560050, 360, 1, 359, 0, 0, 0
585, 1, 1636429560318, 1636429560682, 364, 0, 364, 0, 0, 0
586, 1, 1636429560946, 1636429561310, 364, 0, 364, 0, 0, 0
587, 1, 1636429561574, 1636429561938, 364, 0, 364, 0, 0, 0
588, 1, 1636429562206, 1636429562566, 360, 0, 360, 0, 0, 0
589, 1, 1636429562830, 1636429563194, 364, 0, 364, 0, 0, 0
590, 1, 1636429563462, 1636429563821, 359, 0, 359, 0, 0, 0
591, 1, 1636429564090, 1636429564454, 364, 0, 364, 0, 0, 0
592, 1, 1636429564718, 1636429565082, 364, 1, 363, 0, 0, 0
593, 1, 1636429565350, 1636429565714, 364, 0, 364, 0, 0, 0
594, 1, 1636429565981, 1636429566346, 365, 1, 364, 0, 0, 0
595, 1, 1636429566614, 1636429566978, 364, 0, 364, 0, 0, 0
596, 1, 1636429567245, 1636429567610, 365, 1, 364, 0, 1, 1
597, 1, 1636429567874, 1636429568238, 364, 2, 362, 1, 0, 1
598, 1, 1636429568506, 1636429568870, 364, 1, 363, 1, 0, 1
599, 1, 1636429569138, 1636429569502, 364, 0, 364, 0, 0, 0
600, 1, 1636429569770, 1636429570130, 360, 1, 359, 0, 0, 0
601, 1, 1636429578769, 1636429578921, 152, 12, 140, 0, 0, 0
602, 1, 1636429579370, 1636429579506, 136, 0, 136, 0, 0, 0
603, 1, 1636429579638, 1636429579770, 132, 0, 132, 0, 0, 0
604, 1, 1636429579953, 1636429580090, 137, 1, 136, 0, 0, 0
605, 1, 1636429580222, 1636429580358, 136, 0, 136, 0, 0, 0
607, 1, 1636429580486, 1636429580617, 131, 0, 131, 0, 0, 0
606, 1, 1636429580538, 1636429580674, 136, 1, 135, 1, 0, 1
608, 1, 1636429580806, 1636429580946, 140, 0, 140, 0, 0, 0
610, 1, 1636429581070, 1636429581205, 135, 1, 134, 0, 0, 0
609, 1, 1636429581114, 1636429581250, 136, 0, 136, 0, 0, 0
612, 1, 1636429581334, 1636429581470, 136, 0, 136, 0, 0, 0
613, 1, 1636429581454, 1636429581590, 136, 0, 136, 0, 0, 0
614, 1, 1636429581662, 1636429581798, 136, 1, 135, 1, 0, 1
611, 1, 1636429581697, 1636429581833, 136, 0, 136, 0, 0, 0
616, 1, 1636429581917, 1636429582053, 136, 1, 135, 0, 0, 0
617, 1, 1636429581993, 1636429582125, 132, 3, 129, 0, 1, 1
618, 1, 1636429582057, 1636429582149, 92, 1, 91, 0, 1, 1
619, 1, 1636429582177, 1636429582270, 93, 1, 92, 0, 0, 0
615, 1, 1636429582290, 1636429582381, 91, 0, 91, 0, 0, 0
621, 1, 1636429582417, 1636429582510, 93, 1, 92, 0, 0, 0
622, 1, 1636429582489, 1636429582585, 96, 1, 95, 0, 0, 0
623, 1, 1636429582642, 1636429582734, 92, 0, 92, 0, 0, 0
624, 1, 1636429582713, 1636429582806, 93, 1, 92, 0, 0, 0
626, 1, 1636429582725, 1636429582817, 92, 1, 91, 0, 0, 0
625, 1, 1636429582745, 1636429582838, 93, 1, 92, 0, 0, 0
627, 1, 1636429582873, 1636429582965, 92, 1, 91, 0, 0, 0
628, 1, 1636429582977, 1636429583065, 88, 1, 87, 0, 0, 0
629, 1, 1636429583097, 1636429583194, 97, 1, 96, 1, 0, 1
631, 1, 1636429583161, 1636429583254, 93, 1, 92, 0, 0, 0
632, 1, 1636429583310, 1636429583406, 96, 1, 95, 0, 0, 0
633, 1, 1636429583389, 1636429583486, 97, 1, 96, 0, 1, 1
634, 1, 1636429583397, 1636429583489, 92, 1, 91, 0, 0, 0
635, 1, 1636429583429, 1636429583526, 97, 1, 96, 0, 0, 0
636, 1, 1636429583549, 1636429583642, 93, 1, 92, 0, 0, 0
637, 1, 1636429583645, 1636429583738, 93, 1, 92, 0, 0, 0
638, 1, 1636429583769, 1636429583862, 93, 1, 92, 0, 0, 0
639, 1, 1636429583849, 1636429583942, 93, 1, 92, 0, 0, 0
640, 1, 1636429583982, 1636429584074, 92, 0, 92, 0, 0, 0
641, 1, 1636429584057, 1636429584150, 93, 1, 92, 0, 0, 0
642, 1, 1636429584073, 1636429584166, 93, 1, 92, 0, 0, 0
643, 1, 1636429584105, 1636429584198, 93, 1, 92, 0, 0, 0
644, 1, 1636429584229, 1636429584326, 97, 1, 96, 0, 0, 0
645, 1, 1636429584317, 1636429584409, 92, 1, 91, 0, 1, 1
646, 1, 1636429584449, 1636429584541, 92, 1, 91, 0, 0, 0
647, 1, 1636429584529, 1636429584621, 92, 0, 92, 0, 0, 0
648, 1, 1636429584658, 1636429584749, 91, 0, 91, 0, 0, 0
649, 1, 1636429584725, 1636429584818, 93, 1, 92, 0, 0, 0
652, 1, 1636429584777, 1636429584870, 93, 1, 92, 0, 0, 0
653, 1, 1636429584917, 1636429585010, 93, 1, 92, 0, 0, 0
654, 1, 1636429584997, 1636429585090, 93, 1, 92, 0, 0, 0
655, 1, 1636429585122, 1636429585214, 92, 0, 92, 0, 0, 0
656, 1, 1636429585210, 1636429585302, 92, 0, 92, 0, 0, 0
659, 1, 1636429585409, 1636429585502, 93, 1, 92, 0, 0, 0
660, 1, 1636429585445, 1636429585538, 93, 1, 92, 0, 0, 0
661, 1, 1636429585598, 1636429585689, 91, 0, 91, 0, 0, 0
662, 1, 1636429585673, 1636429585766, 93, 1, 92, 0, 0, 0
664, 1, 1636429585885, 1636429585978, 93, 1, 92, 0, 0, 0
666, 1, 1636429586078, 1636429586170, 92, 0, 92, 0, 0, 0
667, 1, 1636429586125, 1636429586218, 93, 1, 92, 0, 0, 0
669, 1, 1636429586354, 1636429586446, 92, 0, 92, 0, 0, 0
671, 1, 1636429586562, 1636429586654, 92, 0, 92, 0, 0, 0
673, 1, 1636429586810, 1636429586902, 92, 0, 92, 0, 0, 0
675, 1, 1636429587030, 1636429587122, 92, 0, 92, 0, 0, 0
678, 1, 1636429587486, 1636429587578, 92, 0, 92, 0, 0, 0
685, 1, 1636429593594, 1636429593686, 92, 0, 92, 0, 0, 0
686, 1, 1636429594049, 1636429594142, 93, 1, 92, 0, 1, 1
687, 1, 1636429594290, 1636429594382, 92, 0, 92, 0, 0, 0
688, 1, 1636429594758, 1636429594850, 92, 0, 92, 0, 0, 0
689, 1, 1636429594982, 1636429595073, 91, 0, 91, 0, 0, 0
691, 1, 1636429595129, 1636429595254, 125, 1, 124, 0, 0, 0
690, 1, 1636429595121, 1636429595254, 133, 1, 132, 0, 0, 0
692, 1, 1636429595433, 1636429595530, 97, 1, 96, 0, 0, 0
693, 1, 1636429595661, 1636429595778, 117, 1, 116, 1, 0, 1
694, 1, 1636429595777, 1636429595870, 93, 1, 92, 0, 0, 0
695, 1, 1636429595781, 1636429595873, 92, 1, 91, 0, 0, 0
696, 1, 1636429595869, 1636429595957, 88, 1, 87, 0, 0, 0
697, 1, 1636429595881, 1636429595977, 96, 1, 95, 0, 0, 0
698, 1, 1636429596141, 1636429596273, 132, 1, 131, 0, 0, 0
699, 1, 1636429596270, 1636429596362, 92, 0, 92, 0, 0, 0
700, 1, 1636429596270, 1636429596362, 92, 0, 92, 0, 0, 0
701, 1, 1636429596361, 1636429596449, 88, 2, 86, 0, 1, 1
702, 1, 1636429596445, 1636429596537, 92, 1, 91, 0, 1, 1
704, 1, 1636429596525, 1636429596613, 88, 1, 87, 0, 0, 0
703, 1, 1636429596485, 1636429596613, 128, 1, 127, 0, 0, 0
705, 1, 1636429596617, 1636429596710, 93, 1, 92, 0, 0, 0
706, 1, 1636429596725, 1636429596821, 96, 1, 95, 0, 0, 0
707, 1, 1636429596793, 1636429596889, 96, 1, 95, 0, 0, 0
708, 1, 1636429596877, 1636429596965, 88, 1, 87, 1, 0, 1
709, 1, 1636429596965, 1636429597106, 141, 1, 140, 1, 0, 1
710, 1, 1636429596965, 1636429597106, 141, 2, 139, 0, 0, 0
711, 1, 1636429597029, 1636429597121, 92, 1, 91, 0, 0, 0
713, 1, 1636429597113, 1636429597201, 88, 0, 88, 0, 0, 0
715, 1, 1636429597197, 1636429597290, 93, 1, 92, 0, 1, 1
714, 1, 1636429597197, 1636429597290, 93, 1, 92, 0, 1, 1
712, 1, 1636429597193, 1636429597290, 97, 1, 96, 0, 1, 1
716, 1, 1636429597289, 1636429597381, 92, 2, 90, 0, 1, 1
717, 1, 1636429597353, 1636429597445, 92, 1, 91, 0, 1, 1
718, 1, 1636429597469, 1636429597573, 104, 0, 104, 0, 0, 0
719, 1, 1636429597489, 1636429597577, 88, 1, 87, 0, 1, 1
720, 1, 1636429597573, 1636429597666, 93, 1, 92, 0, 1, 1
721, 1, 1636429597665, 1636429597762, 97, 1, 96, 1, 0, 1
722, 1, 1636429597690, 1636429597781, 91, 0, 91, 0, 0, 0
723, 1, 1636429597697, 1636429597790, 93, 1, 92, 0, 0, 0
724, 1, 1636429597701, 1636429597793, 92, 1, 91, 0, 0, 0
725, 1, 1636429597761, 1636429597853, 92, 1, 91, 1, 0, 1
726, 1, 1636429597797, 1636429597889, 92, 0, 92, 0, 0, 0
728, 1, 1636429597889, 1636429598026, 137, 1, 136, 0, 1, 1
729, 1, 1636429597889, 1636429598029, 140, 1, 139, 0, 0, 0
727, 1, 1636429597933, 1636429598030, 97, 1, 96, 0, 0, 0
731, 1, 1636429598029, 1636429598126, 97, 2, 95, 0, 1, 1
730, 1, 1636429598029, 1636429598126, 97, 1, 96, 0, 0, 0
732, 1, 1636429598126, 1636429598217, 91, 0, 91, 0, 0, 0
733, 1, 1636429598149, 1636429598242, 93, 1, 92, 0, 1, 1
734, 1, 1636429598153, 1636429598245, 92, 1, 91, 0, 0, 0
736, 1, 1636429598309, 1636429598405, 96, 2, 94, 0, 0, 0
735, 1, 1636429598309, 1636429598406, 97, 1, 96, 0, 0, 0
737, 1, 1636429598405, 1636429598497, 92, 1, 91, 1, 0, 1
739, 1, 1636429598401, 1636429598497, 96, 1, 95, 0, 0, 0
738, 1, 1636429598401, 1636429598497, 96, 1, 95, 0, 0, 0
742, 1, 1636429598489, 1636429598585, 96, 1, 95, 0, 0, 0
741, 1, 1636429598501, 1636429598589, 88, 0, 88, 0, 0, 0
743, 1, 1636429598577, 1636429598673, 96, 1, 95, 0, 0, 0
746, 1, 1636429598621, 1636429598726, 105, 2, 103, 0, 1, 1
744, 1, 1636429598621, 1636429598729, 108, 2, 106, 0, 0, 0
745, 1, 1636429598621, 1636429598729, 108, 2, 106, 0, 1, 1
747, 1, 1636429598729, 1636429598817, 88, 1, 87, 0, 1, 1
748, 1, 1636429598725, 1636429598817, 92, 1, 91, 1, 0, 1
750, 1, 1636429598821, 1636429598917, 96, 0, 96, 0, 0, 0
751, 1, 1636429598857, 1636429598949, 92, 1, 91, 1, 0, 1
752, 1, 1636429598861, 1636429598953, 92, 1, 91, 0, 1, 1
749, 1, 1636429598865, 1636429598957, 92, 0, 92, 0, 0, 0
754, 1, 1636429598993, 1636429599089, 96, 1, 95, 0, 0, 0
755, 1, 1636429599089, 1636429599189, 100, 1, 99, 1, 0, 1
756, 1, 1636429599089, 1636429599190, 101, 1, 100, 1, 0, 1
757, 1, 1636429599093, 1636429599190, 97, 1, 96, 0, 0, 0
759, 1, 1636429599189, 1636429599286, 97, 2, 95, 1, 0, 1
758, 1, 1636429599189, 1636429599286, 97, 2, 95, 1, 0, 1
760, 1, 1636429599286, 1636429599381, 95, 0, 95, 0, 0, 0
762, 1, 1636429599305, 1636429599402, 97, 1, 96, 0, 0, 0
764, 1, 1636429599321, 1636429599413, 92, 1, 91, 0, 0, 0
761, 1, 1636429599325, 1636429599417, 92, 1, 91, 0, 0, 0
765, 1, 1636429599425, 1636429599513, 88, 1, 87, 0, 0, 0
766, 1, 1636429599429, 1636429599521, 92, 1, 91, 0, 1, 1
767, 1, 1636429599505, 1636429599593, 88, 1, 87, 0, 0, 0
770, 1, 1636429599545, 1636429599633, 88, 0, 88, 0, 0, 0
769, 1, 1636429599557, 1636429599649, 92, 1, 91, 1, 0, 1
768, 1, 1636429599557, 1636429599650, 93, 1, 92, 1, 0, 1
771, 1, 1636429599678, 1636429599769, 91, 0, 91, 0, 0, 0
774, 1, 1636429599769, 1636429599857, 88, 1, 87, 1, 0, 1
775, 1, 1636429599765, 1636429599857, 92, 1, 91, 1, 0, 1
773, 1, 1636429599769, 1636429599866, 97, 2, 95, 0, 0, 0
776, 1, 1636429599885, 1636429599973, 88, 1, 87, 0, 0, 0
779, 1, 1636429599973, 1636429600065, 92, 0, 92, 0, 0, 0
778, 1, 1636429599973, 1636429600065, 92, 0, 92, 0, 0, 0
781, 1, 1636429599989, 1636429600081, 92, 1, 91, 0, 0, 0
780, 1, 1636429600009, 1636429600097, 88, 0, 88, 0, 0, 0
782, 1, 1636429600105, 1636429600193, 88, 1, 87, 0, 0, 0
784, 1, 1636429600161, 1636429600249, 88, 0, 88, 0, 0, 0
785, 1, 1636429600217, 1636429600309, 92, 1, 91, 0, 0, 0
786, 1, 1636429600234, 1636429600325, 91, 0, 91, 0, 0, 0
787, 1, 1636429600234, 1636429600325, 91, 0, 91, 0, 0, 0
788, 1, 1636429600341, 1636429600434, 93, 1, 92, 0, 0, 0
789, 1, 1636429600434, 1636429600521, 87, 0, 87, 0, 0, 0
791, 1, 1636429600453, 1636429600546, 93, 1, 92, 1, 0, 1
792, 1, 1636429600553, 1636429600645, 92, 1, 91, 0, 0, 0
794, 1, 1636429600645, 1636429600738, 93, 0, 93, 0, 0, 0
795, 1, 1636429600669, 1636429600761, 92, 0, 92, 0, 0, 0
796, 1, 1636429600685, 1636429600781, 96, 1, 95, 1, 0, 1
797, 1, 1636429600773, 1636429600865, 92, 1, 91, 1, 0, 1
798, 1, 1636429600825, 1636429600918, 93, 1, 92, 0, 0, 0
800, 1, 1636429600901, 1636429600994, 93, 1, 92, 1, 0, 1
799, 1, 1636429600909, 1636429601002, 93, 1, 92, 0, 0, 0
802, 1, 1636429601017, 1636429601105, 88, 0, 88, 0, 0, 0
804, 1, 1636429601149, 1636429601242, 93, 1, 92, 0, 0, 0
805, 1, 1636429601225, 1636429601313, 88, 1, 87, 0, 0, 0
806, 1, 1636429601317, 1636429601405, 88, 0, 88, 0, 0, 0
807, 1, 1636429601353, 1636429601441, 88, 1, 87, 0, 1, 1
809, 1, 1636429601445, 1636429601537, 92, 1, 91, 0, 0, 0
810, 1, 1636429601493, 1636429601581, 88, 0, 88, 0, 0, 0
812, 1, 1636429601597, 1636429601690, 93, 1, 92, 0, 0, 0
813, 1, 1636429601677, 1636429601769, 92, 1, 91, 0, 0, 0
815, 1, 1636429601897, 1636429601990, 93, 1, 92, 0, 0, 0
816, 1, 1636429601982, 1636429602073, 91, 0, 91, 0, 0, 0
817, 1, 1636429602053, 1636429602145, 92, 1, 91, 0, 0, 0
819, 1, 1636429602161, 1636429602253, 92, 1, 91, 0, 0, 0
821, 1, 1636429602358, 1636429602450, 92, 1, 91, 0, 1, 1
823, 1, 1636429602654, 1636429602746, 92, 0, 92, 0, 0, 0
825, 1, 1636429602834, 1636429602926, 92, 0, 92, 0, 0, 0
827, 1, 1636429603329, 1636429603422, 93, 1, 92, 0, 0, 0
830, 1, 1636429608690, 1636429608782, 92, 0, 92, 0, 0, 0
831, 1, 1636429609309, 1636429609402, 93, 1, 92, 0, 0, 0
832, 1, 1636429609402, 1636429609494, 92, 0, 92, 0, 0, 0
833, 1, 1636429609985, 1636429610077, 92, 1, 91, 0, 0, 0
835, 1, 1636429610066, 1636429610158, 92, 0, 92, 0, 0, 0
834, 1, 1636429610066, 1636429610158, 92, 0, 92, 0, 0, 0
836, 1, 1636429610081, 1636429610174, 93, 0, 93, 0, 0, 0
838, 1, 1636429610418, 1636429610509, 91, 0, 91, 0, 0, 0
837, 1, 1636429610509, 1636429610605, 96, 1, 95, 0, 0, 0
839, 1, 1636429610690, 1636429610781, 91, 0, 91, 0, 0, 0
840, 1, 1636429610773, 1636429610866, 93, 1, 92, 1, 0, 1
843, 1, 1636429610773, 1636429610866, 93, 1, 92, 0, 0, 0
842, 1, 1636429610773, 1636429610866, 93, 1, 92, 0, 0, 0
844, 1, 1636429610969, 1636429611062, 93, 1, 92, 0, 0, 0
841, 1, 1636429610969, 1636429611062, 93, 1, 92, 0, 0, 0
845, 1, 1636429611090, 1636429611229, 139, 0, 139, 0, 0, 0
846, 1, 1636429611229, 1636429611321, 92, 1, 91, 0, 0, 0
848, 1, 1636429611358, 1636429611449, 91, 0, 91, 0, 0, 0
849, 1, 1636429611433, 1636429611525, 92, 1, 91, 0, 0, 0
847, 1, 1636429611437, 1636429611529, 92, 1, 91, 0, 0, 0
850, 1, 1636429611453, 1636429611550, 97, 1, 96, 0, 0, 0
852, 1, 1636429611453, 1636429611550, 97, 1, 96, 0, 0, 0
854, 1, 1636429611689, 1636429611781, 92, 1, 91, 1, 0, 1
853, 1, 1636429611689, 1636429611781, 92, 1, 91, 0, 0, 0
856, 1, 1636429611814, 1636429611905, 91, 0, 91, 0, 0, 0
857, 1, 1636429611885, 1636429611989, 104, 1, 103, 0, 0, 0
855, 1, 1636429611889, 1636429611989, 100, 1, 99, 0, 0, 0
859, 1, 1636429612081, 1636429612173, 92, 1, 91, 1, 0, 1
860, 1, 1636429612149, 1636429612237, 88, 1, 87, 1, 0, 1
861, 1, 1636429612149, 1636429612237, 88, 1, 87, 1, 0, 1
863, 1, 1636429612169, 1636429612257, 88, 1, 87, 0, 1, 1
862, 1, 1636429612169, 1636429612257, 88, 1, 87, 0, 0, 0
824, 1, 1636429612277, 1636429612370, 93, 0, 93, 0, 0, 0
864, 1, 1636429612345, 1636429612437, 92, 1, 91, 1, 0, 1
865, 1, 1636429612377, 1636429612466, 89, 1, 88, 0, 0, 0
867, 1, 1636429612453, 1636429612545, 92, 1, 91, 0, 0, 0
868, 1, 1636429612529, 1636429612621, 92, 1, 91, 1, 0, 1
869, 1, 1636429612597, 1636429612686, 89, 1, 88, 1, 0, 1
870, 1, 1636429612597, 1636429612689, 92, 1, 91, 1, 0, 1
872, 1, 1636429612745, 1636429612838, 93, 1, 92, 0, 0, 0
871, 1, 1636429612801, 1636429612902, 101, 1, 100, 0, 1, 1
874, 1, 1636429612825, 1636429612917, 92, 1, 91, 0, 0, 0
875, 1, 1636429612837, 1636429612929, 92, 1, 91, 0, 0, 0
877, 1, 1636429612901, 1636429612993, 92, 1, 91, 0, 0, 0
876, 1, 1636429612901, 1636429612994, 93, 1, 92, 0, 0, 0
879, 1, 1636429613049, 1636429613141, 92, 1, 91, 1, 0, 1
880, 1, 1636429613085, 1636429613181, 96, 1, 95, 0, 0, 0
881, 1, 1636429613121, 1636429613213, 92, 1, 91, 1, 0, 1
882, 1, 1636429613221, 1636429613317, 96, 0, 96, 0, 0, 0
884, 1, 1636429613273, 1636429613374, 101, 1, 100, 0, 0, 0
878, 1, 1636429613261, 1636429613374, 113, 1, 112, 0, 0, 0
885, 1, 1636429613373, 1636429613466, 93, 2, 91, 0, 1, 1
886, 1, 1636429613465, 1636429613558, 93, 1, 92, 0, 0, 0
887, 1, 1636429613497, 1636429613589, 92, 1, 91, 0, 0, 0
888, 1, 1636429613537, 1636429613629, 92, 1, 91, 0, 0, 0
891, 1, 1636429613609, 1636429613702, 93, 1, 92, 1, 0, 1
890, 1, 1636429613609, 1636429613702, 93, 1, 92, 0, 0, 0
889, 1, 1636429613737, 1636429613873, 136, 1, 135, 1, 0, 1
893, 1, 1636429613757, 1636429613874, 117, 1, 116, 0, 0, 0
894, 1, 1636429613793, 1636429613889, 96, 1, 95, 1, 0, 1
895, 1, 1636429613873, 1636429613965, 92, 1, 91, 0, 0, 0
896, 1, 1636429613913, 1636429614001, 88, 1, 87, 0, 0, 0
897, 1, 1636429613965, 1636429614057, 92, 1, 91, 1, 0, 1
898, 1, 1636429613981, 1636429614069, 88, 1, 87, 0, 0, 0
899, 1, 1636429614061, 1636429614149, 88, 0, 88, 0, 0, 0
901, 1, 1636429614229, 1636429614321, 92, 1, 91, 0, 0, 0
902, 1, 1636429614233, 1636429614322, 89, 1, 88, 0, 0, 0
903, 1, 1636429614285, 1636429614378, 93, 1, 92, 0, 0, 0
905, 1, 1636429614333, 1636429614425, 92, 1, 91, 0, 0, 0
907, 1, 1636429614449, 1636429614541, 92, 1, 91, 0, 0, 0
906, 1, 1636429614453, 1636429614545, 92, 1, 91, 1, 0, 1
908, 1, 1636429614469, 1636429614561, 92, 1, 91, 0, 0, 0
909, 1, 1636429614545, 1636429614637, 92, 1, 91, 0, 1, 1
910, 1, 1636429614581, 1636429614674, 93, 1, 92, 1, 0, 1
912, 1, 1636429614677, 1636429614769, 92, 0, 92, 0, 0, 0
913, 1, 1636429614745, 1636429614837, 92, 1, 91, 0, 1, 1
914, 1, 1636429614909, 1636429615002, 93, 1, 92, 0, 0, 0
915, 1, 1636429614909, 1636429615002, 93, 1, 92, 0, 0, 0
916, 1, 1636429614965, 1636429615057, 92, 1, 91, 0, 0, 0
917, 1, 1636429615001, 1636429615094, 93, 1, 92, 0, 0, 0
918, 1, 1636429615133, 1636429615225, 92, 1, 91, 0, 0, 0
920, 1, 1636429615141, 1636429615233, 92, 1, 91, 0, 0, 0
921, 1, 1636429615205, 1636429615298, 93, 1, 92, 0, 0, 0
922, 1, 1636429615253, 1636429615342, 89, 1, 88, 0, 1, 1
923, 1, 1636429615365, 1636429615457, 92, 1, 91, 1, 0, 1
924, 1, 1636429615413, 1636429615505, 92, 1, 91, 0, 0, 0
925, 1, 1636429615593, 1636429615686, 93, 1, 92, 0, 1, 1
927, 1, 1636429615629, 1636429615717, 88, 1, 87, 0, 0, 0
928, 1, 1636429615669, 1636429615758, 89, 1, 88, 0, 1, 1
929, 1, 1636429615805, 1636429615894, 89, 1, 88, 0, 1, 1
930, 1, 1636429615818, 1636429615909, 91, 0, 91, 0, 0, 0
931, 1, 1636429615877, 1636429615970, 93, 1, 92, 0, 1, 1
932, 1, 1636429615929, 1636429616021, 92, 1, 91, 1, 0, 1
933, 1, 1636429616049, 1636429616137, 88, 1, 87, 0, 0, 0
934, 1, 1636429616097, 1636429616189, 92, 1, 91, 0, 1, 1
935, 1, 1636429616273, 1636429616369, 96, 1, 95, 1, 0, 1
936, 1, 1636429616294, 1636429616385, 91, 0, 91, 0, 0, 0
937, 1, 1636429616333, 1636429616421, 88, 0, 88, 0, 0, 0
938, 1, 1636429616469, 1636429616561, 92, 1, 91, 1, 0, 1
939, 1, 1636429616502, 1636429616593, 91, 0, 91, 0, 0, 0
940, 1, 1636429616553, 1636429616641, 88, 1, 87, 0, 0, 0
942, 1, 1636429616729, 1636429616821, 92, 0, 92, 0, 0, 0
943, 1, 1636429616773, 1636429616862, 89, 1, 88, 0, 0, 0
944, 1, 1636429616950, 1636429617041, 91, 0, 91, 0, 0, 0
945, 1, 1636429616973, 1636429617066, 93, 1, 92, 0, 1, 1
946, 1, 1636429617001, 1636429617089, 88, 1, 87, 1, 0, 1
948, 1, 1636429617177, 1636429617266, 89, 1, 88, 0, 1, 1
949, 1, 1636429617217, 1636429617310, 93, 0, 93, 0, 0, 0
950, 1, 1636429617401, 1636429617493, 92, 1, 91, 0, 1, 1
951, 1, 1636429617438, 1636429617530, 92, 0, 92, 0, 0, 0
953, 1, 1636429617649, 1636429617742, 93, 1, 92, 0, 0, 0
954, 1, 1636429617673, 1636429617765, 92, 1, 91, 0, 0, 0
955, 1, 1636429617853, 1636429617945, 92, 1, 91, 1, 0, 1
956, 1, 1636429617889, 1636429617981, 92, 1, 91, 0, 0, 0
958, 1, 1636429618109, 1636429618202, 93, 1, 92, 0, 0, 0
959, 1, 1636429618325, 1636429618418, 93, 1, 92, 0, 0, 0
960, 1, 1636429618346, 1636429618438, 92, 0, 92, 0, 0, 0
962, 1, 1636429618562, 1636429618653, 91, 0, 91, 0, 0, 0
963, 1, 1636429618782, 1636429618873, 91, 0, 91, 0, 0, 0
965, 1, 1636429619018, 1636429619110, 92, 0, 92, 0, 0, 0
966, 1, 1636429619238, 1636429619330, 92, 0, 92, 0, 0, 0
968, 1, 1636429619694, 1636429619786, 92, 0, 92, 0, 0, 0
971, 1, 1636429621782, 1636429621874, 92, 0, 92, 0, 0, 0
972, 1, 1636429622233, 1636429622326, 93, 1, 92, 0, 0, 0
973, 1, 1636429622458, 1636429622550, 92, 0, 92, 0, 0, 0
974, 1, 1636429622685, 1636429622778, 93, 1, 92, 1, 0, 1
975, 1, 1636429622909, 1636429623002, 93, 1, 92, 1, 0, 1
977, 1, 1636429623130, 1636429623222, 92, 0, 92, 0, 0, 0
976, 1, 1636429623146, 1636429623238, 92, 0, 92, 0, 0, 0
978, 1, 1636429623366, 1636429623457, 91, 0, 91, 0, 0, 0
979, 1, 1636429623589, 1636429623681, 92, 1, 91, 1, 0, 1
980, 1, 1636429623597, 1636429623690, 93, 1, 92, 0, 0, 0
981, 1, 1636429623817, 1636429623909, 92, 1, 91, 0, 0, 0
982, 1, 1636429623829, 1636429623921, 92, 1, 91, 0, 0, 0
984, 1, 1636429624053, 1636429624154, 101, 0, 101, 0, 0, 0
983, 1, 1636429624049, 1636429624154, 105, 0, 105, 0, 0, 0
985, 1, 1636429624269, 1636429624361, 92, 1, 91, 1, 0, 1
986, 1, 1636429624273, 1636429624362, 89, 1, 88, 0, 0, 0
987, 1, 1636429624497, 1636429624589, 92, 0, 92, 0, 0, 0
989, 1, 1636429624513, 1636429624605, 92, 1, 91, 1, 0, 1
988, 1, 1636429624513, 1636429624606, 93, 1, 92, 0, 1, 1
990, 1, 1636429624605, 1636429624697, 92, 1, 91, 0, 0, 0
991, 1, 1636429624725, 1636429624817, 92, 1, 91, 0, 0, 0
992, 1, 1636429624741, 1636429624829, 88, 1, 87, 0, 0, 0
993, 1, 1636429624941, 1636429625038, 97, 1, 96, 0, 0, 0
994, 1, 1636429624997, 1636429625089, 92, 1, 91, 0, 1, 1
995, 1, 1636429624997, 1636429625090, 93, 1, 92, 0, 0, 0
996, 1, 1636429625181, 1636429625273, 92, 1, 91, 1, 0, 1
997, 1, 1636429625194, 1636429625281, 87, 0, 87, 0, 0, 0
998, 1, 1636429625217, 1636429625310, 93, 0, 93, 0, 0, 0
999, 1, 1636429625313, 1636429625401, 88, 1, 87, 1, 0, 1
1002, 1, 1636429625449, 1636429625537, 88, 1, 87, 0, 0, 0
1000, 1, 1636429625453, 1636429625541, 88, 1, 87, 1, 0, 1
1001, 1, 1636429625453, 1636429625542, 89, 1, 88, 1, 0, 1
1003, 1, 1636429625629, 1636429625721, 92, 1, 91, 0, 1, 1
1005, 1, 1636429625681, 1636429625769, 88, 1, 87, 1, 0, 1
1004, 1, 1636429625681, 1636429625769, 88, 1, 87, 1, 0, 1
1006, 1, 1636429625846, 1636429625937, 91, 0, 91, 0, 0, 0
1009, 1, 1636429625897, 1636429625985, 88, 1, 87, 0, 0, 0
1007, 1, 1636429625901, 1636429625989, 88, 1, 87, 1, 0, 1
1008, 1, 1636429625901, 1636429625989, 88, 1, 87, 1, 0, 1
1010, 1, 1636429625977, 1636429626069, 92, 1, 91, 0, 1, 1
1012, 1, 1636429626109, 1636429626197, 88, 0, 88, 0, 0, 0
1011, 1, 1636429626121, 1636429626210, 89, 1, 88, 0, 0, 0
1013, 1, 1636429626121, 1636429626210, 89, 0, 89, 0, 0, 0
1014, 1, 1636429626305, 1636429626398, 93, 0, 93, 0, 0, 0
1016, 1, 1636429626353, 1636429626469, 116, 0, 116, 0, 0, 0
1017, 1, 1636429626565, 1636429626657, 92, 1, 91, 1, 0, 1
1019, 1, 1636429626573, 1636429626661, 88, 1, 87, 0, 0, 0
1018, 1, 1636429626569, 1636429626661, 92, 1, 91, 0, 0, 0
1020, 1, 1636429626573, 1636429626669, 96, 1, 95, 0, 0, 0
1021, 1, 1636429626654, 1636429626745, 91, 0, 91, 0, 0, 0
1022, 1, 1636429626777, 1636429626870, 93, 0, 93, 0, 0, 0
1023, 1, 1636429626777, 1636429626870, 93, 1, 92, 0, 0, 0
1024, 1, 1636429626825, 1636429626917, 92, 1, 91, 1, 0, 1
1025, 1, 1636429626905, 1636429627009, 104, 1, 103, 0, 1, 1
1026, 1, 1636429627017, 1636429627109, 92, 1, 91, 0, 0, 0
1027, 1, 1636429627049, 1636429627141, 92, 1, 91, 1, 0, 1
1015, 1, 1636429627225, 1636429627317, 92, 1, 91, 1, 0, 1
1028, 1, 1636429627233, 1636429627329, 96, 0, 96, 0, 0, 0
1030, 1, 1636429627242, 1636429627333, 91, 0, 91, 0, 0, 0
1029, 1, 1636429627269, 1636429627357, 88, 1, 87, 1, 0, 1
1032, 1, 1636429627317, 1636429627409, 92, 1, 91, 0, 0, 0
1033, 1, 1636429627489, 1636429627577, 88, 2, 86, 1, 1, 2
1034, 1, 1636429627489, 1636429627581, 92, 2, 90, 0, 1, 1
1036, 1, 1636429627489, 1636429627582, 93, 2, 91, 1, 1, 2
1035, 1, 1636429627489, 1636429627582, 93, 1, 92, 1, 0, 1
1037, 1, 1636429627593, 1636429627685, 92, 0, 92, 0, 0, 0
1031, 1, 1636429627673, 1636429627765, 92, 1, 91, 0, 0, 0
1039, 1, 1636429627721, 1636429627813, 92, 1, 91, 0, 1, 1
1038, 1, 1636429627721, 1636429627813, 92, 1, 91, 0, 0, 0
1042, 1, 1636429627937, 1636429628029, 92, 0, 92, 0, 0, 0
1044, 1, 1636429627945, 1636429628033, 88, 1, 87, 0, 0, 0
1040, 1, 1636429627945, 1636429628041, 96, 1, 95, 0, 0, 0
1043, 1, 1636429627945, 1636429628041, 96, 1, 95, 1, 0, 1
1045, 1, 1636429628029, 1636429628125, 96, 1, 95, 0, 0, 0
1041, 1, 1636429628121, 1636429628209, 88, 0, 88, 0, 0, 0
1047, 1, 1636429628165, 1636429628258, 93, 1, 92, 0, 1, 1
1048, 1, 1636429628165, 1636429628258, 93, 1, 92, 1, 0, 1
1049, 1, 1636429628169, 1636429628261, 92, 1, 91, 0, 0, 0
1046, 1, 1636429628169, 1636429628261, 92, 1, 91, 0, 1, 1
1054, 1, 1636429628389, 1636429628477, 88, 1, 87, 0, 0, 0
1051, 1, 1636429628397, 1636429628485, 88, 1, 87, 0, 0, 0
1052, 1, 1636429628401, 1636429628493, 92, 1, 91, 0, 1, 1
1053, 1, 1636429628565, 1636429628657, 92, 1, 91, 0, 0, 0
1056, 1, 1636429628621, 1636429628713, 92, 2, 90, 0, 1, 1
1058, 1, 1636429628621, 1636429628714, 93, 1, 92, 0, 0, 0
1057, 1, 1636429628621, 1636429628714, 93, 2, 91, 1, 1, 2
1055, 1, 1636429628621, 1636429628713, 92, 2, 90, 0, 0, 0
1059, 1, 1636429628697, 1636429628790, 93, 0, 93, 0, 0, 0
1060, 1, 1636429628789, 1636429628877, 88, 1, 87, 0, 0, 0
1062, 1, 1636429628869, 1636429628961, 92, 1, 91, 0, 0, 0
1061, 1, 1636429628869, 1636429628962, 93, 1, 92, 1, 0, 1
1064, 1, 1636429628869, 1636429628961, 92, 1, 91, 1, 0, 1
1066, 1, 1636429629077, 1636429629169, 92, 0, 92, 0, 0, 0
1068, 1, 1636429629097, 1636429629189, 92, 1, 91, 0, 1, 1
1067, 1, 1636429629097, 1636429629189, 92, 1, 91, 0, 0, 0
1069, 1, 1636429629241, 1636429629333, 92, 1, 91, 0, 0, 0
1074, 1, 1636429629321, 1636429629409, 88, 1, 87, 0, 0, 0
1070, 1, 1636429629325, 1636429629413, 88, 1, 87, 0, 0, 0
1073, 1, 1636429629333, 1636429629425, 92, 0, 92, 0, 0, 0
1075, 1, 1636429629413, 1636429629505, 92, 1, 91, 1, 0, 1
1076, 1, 1636429629501, 1636429629593, 92, 1, 91, 0, 1, 1
1078, 1, 1636429629545, 1636429629637, 92, 1, 91, 1, 0, 1
1077, 1, 1636429629545, 1636429629638, 93, 1, 92, 1, 0, 1
1079, 1, 1636429629561, 1636429629653, 92, 0, 92, 0, 0, 0
1082, 1, 1636429629777, 1636429629869, 92, 1, 91, 0, 1, 1
1083, 1, 1636429629785, 1636429629873, 88, 1, 87, 1, 0, 1
970, 1, 1636429629905, 1636429629997, 92, 1, 91, 1, 0, 1
1084, 1, 1636429629953, 1636429630046, 93, 1, 92, 0, 0, 0
1087, 1, 1636429630001, 1636429630093, 92, 0, 92, 0, 0, 0
1085, 1, 1636429630001, 1636429630093, 92, 1, 91, 0, 0, 0
1086, 1, 1636429630017, 1636429630109, 92, 0, 92, 0, 0, 0
1088, 1, 1636429630081, 1636429630173, 92, 1, 91, 1, 0, 1
1089, 1, 1636429630169, 1636429630262, 93, 1, 92, 0, 1, 1
1091, 1, 1636429630229, 1636429630317, 88, 1, 87, 1, 0, 1
1093, 1, 1636429630233, 1636429630326, 93, 0, 93, 0, 0, 0
1094, 1, 1636429630453, 1636429630545, 92, 1, 91, 1, 0, 1
1095, 1, 1636429630478, 1636429630570, 92, 0, 92, 0, 0, 0
1097, 1, 1636429630621, 1636429630713, 92, 1, 91, 0, 1, 1
1096, 1, 1636429630677, 1636429630762, 85, 0, 85, 0, 0, 0
1100, 1, 1636429630697, 1636429630789, 92, 0, 92, 0, 0, 0
1101, 1, 1636429630753, 1636429630841, 88, 1, 87, 0, 0, 0
1102, 1, 1636429630841, 1636429630933, 92, 1, 91, 0, 0, 0
1104, 1, 1636429630901, 1636429630994, 93, 1, 92, 0, 0, 0
1103, 1, 1636429630901, 1636429630994, 93, 1, 92, 1, 0, 1
1106, 1, 1636429631145, 1636429631237, 92, 1, 91, 0, 0, 0
1107, 1, 1636429631289, 1636429631381, 92, 1, 91, 0, 1, 1
1108, 1, 1636429631358, 1636429631454, 96, 0, 96, 0, 0, 0
1109, 1, 1636429631365, 1636429631457, 92, 1, 91, 1, 0, 1
1110, 1, 1636429631417, 1636429631509, 92, 0, 92, 0, 0, 0
1111, 1, 1636429631505, 1636429631598, 93, 1, 92, 0, 0, 0
1114, 1, 1636429631818, 1636429631909, 91, 0, 91, 0, 0, 0
1115, 1, 1636429631965, 1636429632057, 92, 1, 91, 0, 0, 0
1118, 1, 1636429632097, 1636429632190, 93, 1, 92, 0, 0, 0
1119, 1, 1636429632177, 1636429632270, 93, 0, 93, 0, 0, 0
1121, 1, 1636429632645, 1636429632738, 93, 1, 92, 0, 0, 0
1123, 1, 1636429632849, 1636429632942, 93, 1, 92, 0, 0, 0
1124, 1, 1636429633321, 1636429633414, 93, 1, 92, 0, 0, 0
1125, 1, 1636429633526, 1636429633618, 92, 0, 92, 0, 0, 0
1126, 1, 1636429634002, 1636429634094, 92, 0, 92, 0, 0, 0
1127, 1, 1636429634202, 1636429634294, 92, 0, 92, 0, 0, 0
1128, 1, 1636429634682, 1636429634774, 92, 0, 92, 0, 0, 0
1129, 1, 1636429634882, 1636429634974, 92, 0, 92, 0, 0, 0
1130, 1, 1636429635358, 1636429635450, 92, 0, 92, 0, 0, 0
1131, 1, 1636429635558, 1636429635650, 92, 0, 92, 0, 0, 0
1132, 1, 1636429636038, 1636429636130, 92, 0, 92, 0, 0, 0
1133, 1, 1636429636238, 1636429636329, 91, 0, 91, 0, 0, 0
1134, 1, 1636429636714, 1636429636806, 92, 0, 92, 0, 0, 0
1135, 1, 1636429636918, 1636429637009, 91, 0, 91, 0, 0, 0
1136, 1, 1636429637389, 1636429637481, 92, 1, 91, 0, 1, 1
1137, 1, 1636429637582, 1636429637674, 92, 0, 92, 0, 0, 0
1138, 1, 1636429638074, 1636429638165, 91, 0, 91, 0, 0, 0
1139, 1, 1636429638262, 1636429638353, 91, 0, 91, 0, 0, 0
1140, 1, 1636429638845, 1636429638934, 89, 1, 88, 1, 0, 1
1141, 1, 1636429638934, 1636429639025, 91, 0, 91, 0, 0, 0
1143, 1, 1636429639389, 1636429639481, 92, 0, 92, 0, 0, 0
1142, 1, 1636429639389, 1636429639481, 92, 0, 92, 0, 0, 0
1145, 1, 1636429639526, 1636429639657, 131, 0, 131, 0, 0, 0
1146, 1, 1636429639653, 1636429639746, 93, 1, 92, 0, 0, 0
1147, 1, 1636429639841, 1636429639937, 96, 1, 95, 1, 0, 1
1150, 1, 1636429640129, 1636429640217, 88, 1, 87, 0, 1, 1
1151, 1, 1636429640129, 1636429640217, 88, 1, 87, 0, 0, 0
1153, 1, 1636429640301, 1636429640397, 96, 1, 95, 0, 0, 0
1149, 1, 1636429640301, 1636429640397, 96, 1, 95, 0, 0, 0
1154, 1, 1636429640353, 1636429640441, 88, 0, 88, 0, 0, 0
1155, 1, 1636429640593, 1636429640685, 92, 1, 91, 0, 1, 1
1156, 1, 1636429640761, 1636429640854, 93, 1, 92, 0, 1, 1
1158, 1, 1636429640817, 1636429640909, 92, 1, 91, 0, 0, 0
1159, 1, 1636429640821, 1636429640913, 92, 1, 91, 1, 0, 1
1160, 1, 1636429640989, 1636429641077, 88, 1, 87, 0, 0, 0
1161, 1, 1636429641081, 1636429641173, 92, 1, 91, 1, 0, 1
1164, 1, 1636429641213, 1636429641306, 93, 1, 92, 0, 0, 0
1165, 1, 1636429641306, 1636429641486, 180, 0, 180, 0, 0, 0
1167, 1, 1636429641577, 1636429641669, 92, 1, 91, 0, 0, 0
1169, 1, 1636429641577, 1636429641673, 96, 1, 95, 1, 0, 1
1168, 1, 1636429641577, 1636429641673, 96, 1, 95, 1, 0, 1
1162, 1, 1636429641665, 1636429641757, 92, 1, 91, 0, 0, 0
1171, 1, 1636429641845, 1636429641941, 96, 1, 95, 1, 0, 1
1173, 1, 1636429641937, 1636429642030, 93, 1, 92, 0, 0, 0
1175, 1, 1636429642122, 1636429642209, 87, 0, 87, 0, 0, 0
1177, 1, 1636429642257, 1636429642353, 96, 1, 95, 1, 0, 1
1176, 1, 1636429642257, 1636429642357, 100, 1, 99, 1, 0, 1
1178, 1, 1636429642293, 1636429642385, 92, 1, 91, 0, 1, 1
1179, 1, 1636429642353, 1636429642441, 88, 1, 87, 0, 1, 1
1122, 1, 1636429642489, 1636429642581, 92, 1, 91, 0, 0, 0
1182, 1, 1636429642573, 1636429642666, 93, 1, 92, 0, 0, 0
1183, 1, 1636429642605, 1636429642697, 92, 0, 92, 0, 0, 0
1184, 1, 1636429642789, 1636429642886, 97, 1, 96, 0, 0, 0
1186, 1, 1636429642926, 1636429643013, 87, 0, 87, 0, 0, 0
1187, 1, 1636429642933, 1636429643025, 92, 1, 91, 0, 0, 0
1189, 1, 1636429643009, 1636429643101, 92, 0, 92, 0, 0, 0
1188, 1, 1636429643025, 1636429643117, 92, 0, 92, 0, 0, 0
1191, 1, 1636429643254, 1636429643345, 91, 0, 91, 0, 0, 0
1192, 1, 1636429643281, 1636429643370, 89, 1, 88, 0, 0, 0
1193, 1, 1636429643473, 1636429643566, 93, 1, 92, 1, 0, 1
1194, 1, 1636429643597, 1636429643690, 93, 1, 92, 1, 0, 1
1195, 1, 1636429643613, 1636429643706, 93, 1, 92, 0, 1, 1
1196, 1, 1636429643681, 1636429643773, 92, 1, 91, 1, 0, 1
1197, 1, 1636429643705, 1636429643797, 92, 1, 91, 0, 0, 0
1198, 1, 1636429643926, 1636429644018, 92, 0, 92, 0, 0, 0
1199, 1, 1636429643957, 1636429644049, 92, 1, 91, 0, 0, 0
1200, 1, 1636429644153, 1636429644241, 88, 1, 87, 1, 0, 1
1202, 1, 1636429644285, 1636429644378, 93, 1, 92, 1, 0, 1
1203, 1, 1636429644353, 1636429644445, 92, 1, 91, 0, 1, 1
1204, 1, 1636429644378, 1636429644470, 92, 0, 92, 0, 0, 0
1205, 1, 1636429644605, 1636429644697, 92, 1, 91, 0, 0, 0
1206, 1, 1636429644626, 1636429644717, 91, 0, 91, 0, 0, 0
1207, 1, 1636429644821, 1636429644913, 92, 0, 92, 0, 0, 0
1208, 1, 1636429644957, 1636429645049, 92, 1, 91, 0, 1, 1
1209, 1, 1636429645030, 1636429645121, 91, 0, 91, 0, 0, 0
1210, 1, 1636429645057, 1636429645150, 93, 1, 92, 0, 1, 1
1211, 1, 1636429645273, 1636429645366, 93, 1, 92, 1, 0, 1
1212, 1, 1636429645297, 1636429645390, 93, 1, 92, 1, 0, 1
1213, 1, 1636429645494, 1636429645586, 92, 0, 92, 0, 0, 0
1214, 1, 1636429645637, 1636429645729, 92, 1, 91, 0, 1, 1
1215, 1, 1636429645705, 1636429645798, 93, 1, 92, 0, 0, 0
1216, 1, 1636429645725, 1636429645817, 92, 0, 92, 0, 0, 0
1217, 1, 1636429645949, 1636429646041, 92, 1, 91, 0, 0, 0
1218, 1, 1636429645969, 1636429646062, 93, 1, 92, 1, 0, 1
1219, 1, 1636429646169, 1636429646257, 88, 1, 87, 0, 0, 0
1220, 1, 1636429646309, 1636429646402, 93, 1, 92, 1, 0, 1
1221, 1, 1636429646377, 1636429646469, 92, 1, 91, 0, 0, 0
1222, 1, 1636429646393, 1636429646485, 92, 1, 91, 0, 0, 0
1223, 1, 1636429646622, 1636429646713, 91, 0, 91, 0, 0, 0
1224, 1, 1636429646829, 1636429646922, 93, 1, 92, 0, 0, 0
1225, 1, 1636429646846, 1636429646937, 91, 0, 91, 0, 0, 0
1226, 1, 1636429646985, 1636429647074, 89, 1, 88, 0, 1, 1
1227, 1, 1636429647049, 1636429647142, 93, 1, 92, 0, 0, 0
1228, 1, 1636429647074, 1636429647165, 91, 0, 91, 0, 0, 0
1229, 1, 1636429647298, 1636429647390, 92, 0, 92, 0, 0, 0
1230, 1, 1636429647502, 1636429647594, 92, 0, 92, 0, 0, 0
1231, 1, 1636429647521, 1636429647613, 92, 1, 91, 1, 0, 1
1232, 1, 1636429647649, 1636429647741, 92, 1, 91, 1, 0, 1
1233, 1, 1636429647717, 1636429647814, 97, 0, 97, 0, 0, 0
1234, 1, 1636429647749, 1636429647841, 92, 1, 91, 0, 0, 0
1235, 1, 1636429647978, 1636429648070, 92, 0, 92, 0, 0, 0
1236, 1, 1636429648181, 1636429648273, 92, 1, 91, 0, 0, 0
1237, 1, 1636429648201, 1636429648293, 92, 0, 92, 0, 0, 0
1238, 1, 1636429648325, 1636429648418, 93, 0, 93, 0, 0, 0
1239, 1, 1636429648393, 1636429648485, 92, 1, 91, 1, 0, 1
1240, 1, 1636429648429, 1636429648521, 92, 1, 91, 0, 0, 0
1241, 1, 1636429648646, 1636429648737, 91, 0, 91, 0, 0, 0
1242, 1, 1636429648849, 1636429648942, 93, 1, 92, 0, 0, 0
1243, 1, 1636429648874, 1636429648966, 92, 0, 92, 0, 0, 0
1244, 1, 1636429648997, 1636429649089, 92, 1, 91, 0, 0, 0
1245, 1, 1636429649069, 1636429649206, 137, 1, 136, 1, 0, 1
1246, 1, 1636429649110, 1636429649206, 96, 0, 96, 0, 0, 0
1247, 1, 1636429649330, 1636429649422, 92, 0, 92, 0, 0, 0
1249, 1, 1636429649566, 1636429649658, 92, 0, 92, 0, 0, 0
1248, 1, 1636429649566, 1636429649658, 92, 0, 92, 0, 0, 0
1250, 1, 1636429649697, 1636429649789, 92, 1, 91, 0, 0, 0
1252, 1, 1636429649786, 1636429649877, 91, 0, 91, 0, 0, 0
1251, 1, 1636429649786, 1636429649881, 95, 0, 95, 0, 0, 0
1253, 1, 1636429650029, 1636429650121, 92, 1, 91, 0, 1, 1
1257, 1, 1636429650249, 1636429650342, 93, 1, 92, 0, 0, 0
1256, 1, 1636429650249, 1636429650342, 93, 0, 93, 0, 0, 0
1258, 1, 1636429650393, 1636429650486, 93, 1, 92, 0, 0, 0
1261, 1, 1636429650485, 1636429650573, 88, 2, 86, 0, 1, 1
1260, 1, 1636429650485, 1636429650573, 88, 2, 86, 0, 0, 0
1265, 1, 1636429650949, 1636429651042, 93, 0, 93, 0, 0, 0
1264, 1, 1636429650949, 1636429651042, 93, 1, 92, 0, 0, 0
1266, 1, 1636429651081, 1636429651174, 93, 1, 92, 0, 1, 1
1267, 1, 1636429651174, 1636429651297, 123, 0, 123, 0, 0, 0
1268, 1, 1636429651174, 1636429651297, 123, 1, 122, 0, 0, 0
1271, 1, 1636429651625, 1636429651801, 176, 1, 175, 1, 0, 1
1270, 1, 1636429651625, 1636429651801, 176, 1, 175, 1, 0, 1
1262, 1, 1636429651654, 1636429651801, 147, 0, 147, 0, 0, 0
1275, 1, 1636429651894, 1636429651990, 96, 0, 96, 0, 0, 0
1274, 1, 1636429652154, 1636429652253, 99, 0, 99, 0, 0, 0
1190, 1, 1636429652345, 1636429652438, 93, 1, 92, 0, 1, 1
1277, 1, 1636429652437, 1636429652530, 93, 2, 91, 0, 1, 1
1281, 1, 1636429652437, 1636429652530, 93, 2, 91, 0, 1, 1
1280, 1, 1636429652437, 1636429652530, 93, 2, 91, 1, 0, 1
1278, 1, 1636429652437, 1636429652530, 93, 2, 91, 0, 0, 0
1282, 1, 1636429652565, 1636429652662, 97, 1, 96, 0, 0, 0
1284, 1, 1636429652889, 1636429652981, 92, 1, 91, 0, 1, 1
1285, 1, 1636429652889, 1636429652981, 92, 1, 91, 0, 1, 1
1288, 1, 1636429653118, 1636429653205, 87, 1, 86, 0, 0, 0
1290, 1, 1636429653118, 1636429653209, 91, 1, 90, 0, 1, 1
1291, 1, 1636429653118, 1636429653209, 91, 1, 90, 0, 0, 0
1289, 1, 1636429653118, 1636429653209, 91, 1, 90, 1, 0, 1
1287, 1, 1636429653350, 1636429653442, 92, 0, 92, 0, 0, 0
1294, 1, 1636429653570, 1636429653661, 91, 0, 91, 0, 0, 0
1293, 1, 1636429653570, 1636429653662, 92, 0, 92, 0, 0, 0
1295, 1, 1636429653782, 1636429653873, 91, 0, 91, 0, 0, 0
1296, 1, 1636429653789, 1636429653881, 92, 1, 91, 1, 0, 1
1298, 1, 1636429653797, 1636429653889, 92, 1, 91, 1, 0, 1
1299, 1, 1636429654034, 1636429654137, 103, 0, 103, 0, 0, 0
1301, 1, 1636429654249, 1636429654342, 93, 0, 93, 0, 0, 0
1302, 1, 1636429654461, 1636429654554, 93, 1, 92, 1, 0, 1
1303, 1, 1636429654461, 1636429654554, 93, 1, 92, 0, 0, 0
1304, 1, 1636429654461, 1636429654554, 93, 1, 92, 0, 1, 1
1305, 1, 1636429654581, 1636429654673, 92, 1, 91, 0, 1, 1
1306, 1, 1636429654717, 1636429654810, 93, 1, 92, 0, 0, 0
1307, 1, 1636429654918, 1636429655010, 92, 0, 92, 0, 0, 0
1308, 1, 1636429655141, 1636429655233, 92, 1, 91, 1, 0, 1
1309, 1, 1636429655141, 1636429655233, 92, 1, 91, 1, 0, 1
1310, 1, 1636429655141, 1636429655233, 92, 1, 91, 1, 0, 1
1311, 1, 1636429655257, 1636429655350, 93, 1, 92, 0, 0, 0
1312, 1, 1636429655389, 1636429655482, 93, 1, 92, 1, 0, 1
1313, 1, 1636429655593, 1636429655685, 92, 1, 91, 0, 0, 0
1316, 1, 1636429655813, 1636429655902, 89, 1, 88, 0, 0, 0
1315, 1, 1636429655809, 1636429655902, 93, 1, 92, 0, 0, 0
1314, 1, 1636429655809, 1636429655902, 93, 1, 92, 0, 0, 0
1317, 1, 1636429655934, 1636429656026, 92, 0, 92, 0, 0, 0
1318, 1, 1636429656066, 1636429656158, 92, 0, 92, 0, 0, 0
1319, 1, 1636429656273, 1636429656366, 93, 0, 93, 0, 0, 0
1320, 1, 1636429656481, 1636429656573, 92, 1, 91, 0, 0, 0
1322, 1, 1636429656489, 1636429656577, 88, 1, 87, 0, 0, 0
1321, 1, 1636429656489, 1636429656581, 92, 1, 91, 1, 0, 1
1323, 1, 1636429656613, 1636429656706, 93, 1, 92, 0, 0, 0
1324, 1, 1636429656733, 1636429656826, 93, 1, 92, 0, 0, 0
1325, 1, 1636429656954, 1636429657046, 92, 0, 92, 0, 0, 0
1328, 1, 1636429657165, 1636429657258, 93, 1, 92, 0, 0, 0
1327, 1, 1636429657165, 1636429657258, 93, 1, 92, 0, 0, 0
1329, 1, 1636429657289, 1636429657382, 93, 1, 92, 0, 0, 0
1330, 1, 1636429657405, 1636429657498, 93, 1, 92, 0, 1, 1
1331, 1, 1636429657625, 1636429657721, 96, 1, 95, 1, 0, 1
1332, 1, 1636429657833, 1636429657925, 92, 1, 91, 0, 1, 1
1333, 1, 1636429657841, 1636429657933, 92, 1, 91, 1, 0, 1
1326, 1, 1636429657866, 1636429657958, 92, 0, 92, 0, 0, 0
1334, 1, 1636429657965, 1636429658058, 93, 1, 92, 0, 0, 0
1335, 1, 1636429658086, 1636429658178, 92, 0, 92, 0, 0, 0
1336, 1, 1636429658305, 1636429658398, 93, 1, 92, 0, 1, 1
1337, 1, 1636429658509, 1636429658597, 88, 1, 87, 0, 1, 1
1338, 1, 1636429658513, 1636429658601, 88, 1, 87, 0, 0, 0
1339, 1, 1636429658541, 1636429658633, 92, 1, 91, 0, 0, 0
1340, 1, 1636429658629, 1636429658721, 92, 1, 91, 1, 0, 1
1341, 1, 1636429658758, 1636429658849, 91, 0, 91, 0, 0, 0
1342, 1, 1636429658974, 1636429659066, 92, 0, 92, 0, 0, 0
1343, 1, 1636429659181, 1636429659273, 92, 1, 91, 0, 0, 0
1344, 1, 1636429659185, 1636429659277, 92, 1, 91, 1, 0, 1
1345, 1, 1636429659214, 1636429659306, 92, 0, 92, 0, 0, 0
1346, 1, 1636429659297, 1636429659389, 92, 1, 91, 0, 1, 1
1347, 1, 1636429659429, 1636429659521, 92, 1, 91, 1, 0, 1
1348, 1, 1636429659649, 1636429659741, 92, 1, 91, 1, 0, 1
1349, 1, 1636429659853, 1636429659941, 88, 1, 87, 0, 0, 0
1350, 1, 1636429659870, 1636429659961, 91, 0, 91, 0, 0, 0
1352, 1, 1636429659973, 1636429660065, 92, 1, 91, 0, 0, 0
1351, 1, 1636429659889, 1636429660065, 176, 1, 175, 0, 0, 0
1353, 1, 1636429660161, 1636429660249, 88, 1, 87, 0, 0, 0
1354, 1, 1636429660345, 1636429660437, 92, 1, 91, 0, 0, 0
1356, 1, 1636429660469, 1636429660557, 88, 1, 87, 0, 0, 0
1358, 1, 1636429660561, 1636429660649, 88, 1, 87, 1, 0, 1
1357, 1, 1636429660561, 1636429660653, 92, 1, 91, 1, 0, 1
1359, 1, 1636429660645, 1636429660737, 92, 1, 91, 1, 0, 1
1360, 1, 1636429660645, 1636429660737, 92, 1, 91, 0, 0, 0
1362, 1, 1636429660825, 1636429660917, 92, 1, 91, 0, 1, 1
1363, 1, 1636429661026, 1636429661162, 136, 0, 136, 0, 0, 0
1364, 1, 1636429661162, 1636429661253, 91, 0, 91, 0, 0, 0
1366, 1, 1636429661253, 1636429661341, 88, 1, 87, 0, 0, 0
1367, 1, 1636429661253, 1636429661341, 88, 1, 87, 0, 0, 0
1368, 1, 1636429661341, 1636429661434, 93, 1, 92, 0, 1, 1
1369, 1, 1636429661345, 1636429661437, 92, 0, 92, 0, 0, 0
1370, 1, 1636429661521, 1636429661670, 149, 1, 148, 1, 0, 1
1372, 1, 1636429661765, 1636429661857, 92, 1, 91, 1, 0, 1
1373, 1, 1636429661849, 1636429661942, 93, 1, 92, 0, 0, 0
1375, 1, 1636429661942, 1636429662066, 124, 1, 123, 0, 0, 0
1374, 1, 1636429661942, 1636429662066, 124, 0, 124, 0, 0, 0
1376, 1, 1636429662010, 1636429662101, 91, 0, 91, 0, 0, 0
1377, 1, 1636429662065, 1636429662158, 93, 2, 91, 0, 0, 0
1378, 1, 1636429662065, 1636429662158, 93, 1, 92, 0, 0, 0
1380, 1, 1636429662257, 1636429662353, 96, 1, 95, 0, 1, 1
1381, 1, 1636429662442, 1636429662533, 91, 0, 91, 0, 0, 0
1383, 1, 1636429662521, 1636429662609, 88, 1, 87, 0, 0, 0
1384, 1, 1636429662637, 1636429662725, 88, 0, 88, 0, 0, 0
1385, 1, 1636429662641, 1636429662729, 88, 0, 88, 0, 0, 0
1286, 1, 1636429662653, 1636429662741, 88, 0, 88, 0, 0, 0
1386, 1, 1636429662709, 1636429662793, 84, 0, 84, 0, 0, 0
1389, 1, 1636429662737, 1636429662821, 84, 0, 84, 0, 0, 0
1388, 1, 1636429662737, 1636429662825, 88, 0, 88, 0, 0, 0
1387, 1, 1636429662741, 1636429662829, 88, 0, 88, 0, 0, 0
1390, 1, 1636429662921, 1636429663017, 96, 1, 95, 0, 1, 1
1392, 1, 1636429663117, 1636429663209, 92, 1, 91, 1, 0, 1
1393, 1, 1636429663197, 1636429663289, 92, 1, 91, 0, 0, 0
1395, 1, 1636429663337, 1636429663425, 88, 1, 87, 0, 0, 0
1394, 1, 1636429663337, 1636429663429, 92, 1, 91, 1, 0, 1
1397, 1, 1636429663373, 1636429663466, 93, 1, 92, 1, 0, 1
1399, 1, 1636429663425, 1636429663514, 89, 0, 89, 0, 0, 0
1400, 1, 1636429663421, 1636429663514, 93, 0, 93, 0, 0, 0
1401, 1, 1636429663537, 1636429663657, 120, 1, 119, 0, 0, 0
1402, 1, 1636429663589, 1636429663682, 93, 1, 92, 0, 0, 0
1300, 1, 1636429663785, 1636429663877, 92, 1, 91, 0, 1, 1
1398, 1, 1636429663821, 1636429663913, 92, 1, 91, 1, 0, 1
1403, 1, 1636429663841, 1636429663934, 93, 1, 92, 0, 1, 1
1406, 1, 1636429664001, 1636429664085, 84, 0, 84, 0, 0, 0
1407, 1, 1636429664041, 1636429664130, 89, 1, 88, 1, 0, 1
1408, 1, 1636429664089, 1636429664181, 92, 0, 92, 0, 0, 0
1410, 1, 1636429664093, 1636429664185, 92, 1, 91, 0, 1, 1
1409, 1, 1636429664093, 1636429664185, 92, 1, 91, 0, 0, 0
1411, 1, 1636429664237, 1636429664329, 92, 1, 91, 0, 0, 0
1405, 1, 1636429664245, 1636429664337, 92, 1, 91, 0, 1, 1
1412, 1, 1636429664297, 1636429664385, 88, 0, 88, 0, 0, 0
1414, 1, 1636429664489, 1636429664581, 92, 1, 91, 1, 0, 1
1413, 1, 1636429664549, 1636429664645, 96, 1, 95, 0, 0, 0
1416, 1, 1636429664673, 1636429664765, 92, 1, 91, 1, 0, 1
1415, 1, 1636429664697, 1636429664790, 93, 1, 92, 0, 1, 1
1417, 1, 1636429664713, 1636429664806, 93, 1, 92, 1, 0, 1
1418, 1, 1636429664753, 1636429664845, 92, 0, 92, 0, 0, 0
1419, 1, 1636429664761, 1636429664853, 92, 1, 91, 0, 0, 0
1420, 1, 1636429664761, 1636429664853, 92, 0, 92, 0, 0, 0
1421, 1, 1636429664917, 1636429665009, 92, 1, 91, 0, 0, 0
1422, 1, 1636429665005, 1636429665097, 92, 1, 91, 1, 0, 1
1423, 1, 1636429665149, 1636429665241, 92, 1, 91, 0, 1, 1
1424, 1, 1636429665157, 1636429665249, 92, 1, 91, 0, 1, 1
1425, 1, 1636429665221, 1636429665309, 88, 1, 87, 0, 1, 1
1426, 1, 1636429665342, 1636429665433, 91, 0, 91, 0, 0, 0
1428, 1, 1636429665393, 1636429665485, 92, 0, 92, 0, 0, 0
1430, 1, 1636429665421, 1636429665509, 88, 1, 87, 1, 0, 1
1429, 1, 1636429665429, 1636429665522, 93, 0, 93, 0, 0, 0
1431, 1, 1636429665433, 1636429665525, 92, 1, 91, 0, 0, 0
1427, 1, 1636429665453, 1636429665545, 92, 0, 92, 0, 0, 0
1432, 1, 1636429665586, 1636429665677, 91, 0, 91, 0, 0, 0
1404, 1, 1636429665593, 1636429665681, 88, 0, 88, 0, 0, 0
1433, 1, 1636429665665, 1636429665753, 88, 1, 87, 1, 0, 1
1435, 1, 1636429665829, 1636429665921, 92, 0, 92, 0, 0, 0
1436, 1, 1636429665881, 1636429665969, 88, 1, 87, 1, 0, 1
1434, 1, 1636429665909, 1636429666001, 92, 1, 91, 0, 1, 1
1437, 1, 1636429666009, 1636429666102, 93, 1, 92, 0, 1, 1
1438, 1, 1636429666061, 1636429666149, 88, 0, 88, 0, 0, 0
1441, 1, 1636429666102, 1636429666194, 92, 1, 91, 0, 1, 1
1440, 1, 1636429666102, 1636429666194, 92, 1, 91, 0, 1, 1
1439, 1, 1636429666102, 1636429666194, 92, 1, 91, 0, 1, 1
1442, 1, 1636429666125, 1636429666222, 97, 0, 97, 0, 0, 0
1443, 1, 1636429666254, 1636429666341, 87, 0, 87, 0, 0, 0
1444, 1, 1636429666261, 1636429666353, 92, 1, 91, 1, 0, 1
1445, 1, 1636429666325, 1636429666413, 88, 0, 88, 0, 0, 0
1446, 1, 1636429666497, 1636429666589, 92, 1, 91, 1, 0, 1
1447, 1, 1636429666553, 1636429666645, 92, 1, 91, 1, 0, 1
1448, 1, 1636429666581, 1636429666673, 92, 1, 91, 1, 0, 1
1449, 1, 1636429666685, 1636429666773, 88, 1, 87, 0, 0, 0
1450, 1, 1636429666729, 1636429666817, 88, 0, 88, 0, 0, 0
1452, 1, 1636429666769, 1636429666861, 92, 0, 92, 0, 0, 0
1451, 1, 1636429666773, 1636429666862, 89, 1, 88, 0, 0, 0
1453, 1, 1636429666773, 1636429666865, 92, 1, 91, 1, 0, 1
1454, 1, 1636429666801, 1636429666893, 92, 0, 92, 0, 0, 0
1455, 1, 1636429666926, 1636429667018, 92, 0, 92, 0, 0, 0
1456, 1, 1636429666937, 1636429667029, 92, 1, 91, 0, 0, 0
1457, 1, 1636429667009, 1636429667101, 92, 1, 91, 0, 1, 1
1458, 1, 1636429667157, 1636429667249, 92, 1, 91, 0, 0, 0
1459, 1, 1636429667234, 1636429667326, 92, 0, 92, 0, 0, 0
1460, 1, 1636429667249, 1636429667346, 97, 1, 96, 1, 0, 1
1461, 1, 1636429667353, 1636429667446, 93, 1, 92, 1, 0, 1
1462, 1, 1636429667401, 1636429667493, 92, 0, 92, 0, 0, 0
1465, 1, 1636429667441, 1636429667533, 92, 1, 91, 0, 0, 0
1463, 1, 1636429667445, 1636429667537, 92, 1, 91, 1, 0, 1
1464, 1, 1636429667445, 1636429667537, 92, 1, 91, 0, 0, 0
1466, 1, 1636429667465, 1636429667557, 92, 1, 91, 0, 0, 0
1467, 1, 1636429667593, 1636429667685, 92, 1, 91, 0, 1, 1
1468, 1, 1636429667605, 1636429667697, 92, 1, 91, 1, 0, 1
1469, 1, 1636429667685, 1636429667777, 92, 1, 91, 1, 0, 1
1470, 1, 1636429667821, 1636429667913, 92, 1, 91, 0, 0, 0
1471, 1, 1636429667901, 1636429667994, 93, 1, 92, 1, 0, 1
1472, 1, 1636429667913, 1636429668005, 92, 1, 91, 1, 0, 1
1473, 1, 1636429668013, 1636429668109, 96, 0, 96, 0, 0, 0
1474, 1, 1636429668073, 1636429668165, 92, 0, 92, 0, 0, 0
1475, 1, 1636429668117, 1636429668209, 92, 1, 91, 0, 0, 0
1477, 1, 1636429668125, 1636429668213, 88, 1, 87, 0, 0, 0
1476, 1, 1636429668125, 1636429668217, 92, 0, 92, 0, 0, 0
1478, 1, 1636429668141, 1636429668229, 88, 0, 88, 0, 0, 0
1479, 1, 1636429668269, 1636429668357, 88, 0, 88, 0, 0, 0
1480, 1, 1636429668273, 1636429668365, 92, 0, 92, 0, 0, 0
1481, 1, 1636429668357, 1636429668449, 92, 0, 92, 0, 0, 0
1482, 1, 1636429668493, 1636429668585, 92, 1, 91, 0, 0, 0
1483, 1, 1636429668578, 1636429668669, 91, 0, 91, 0, 0, 0
1484, 1, 1636429668594, 1636429668685, 91, 0, 91, 0, 0, 0
1485, 1, 1636429668697, 1636429668786, 89, 1, 88, 1, 0, 1
1486, 1, 1636429668749, 1636429668837, 88, 1, 87, 0, 0, 0
1488, 1, 1636429668785, 1636429668877, 92, 2, 90, 0, 1, 1
1487, 1, 1636429668785, 1636429668878, 93, 2, 91, 0, 1, 1
1489, 1, 1636429668785, 1636429668877, 92, 1, 91, 0, 0, 0
1490, 1, 1636429668805, 1636429668897, 92, 0, 92, 0, 0, 0
1492, 1, 1636429668937, 1636429669026, 89, 1, 88, 0, 1, 1
1491, 1, 1636429668941, 1636429669033, 92, 1, 91, 0, 0, 0
1493, 1, 1636429669025, 1636429669117, 92, 0, 92, 0, 0, 0
1494, 1, 1636429669165, 1636429669258, 93, 1, 92, 0, 0, 0
1495, 1, 1636429669249, 1636429669341, 92, 1, 91, 1, 0, 1
1496, 1, 1636429669258, 1636429669349, 91, 0, 91, 0, 0, 0
1497, 1, 1636429669365, 1636429669457, 92, 1, 91, 0, 0, 0
1498, 1, 1636429669417, 1636429669505, 88, 0, 88, 0, 0, 0
1500, 1, 1636429669457, 1636429669550, 93, 1, 92, 1, 0, 1
1499, 1, 1636429669457, 1636429669550, 93, 1, 92, 0, 0, 0
1501, 1, 1636429669457, 1636429669550, 93, 1, 92, 0, 0, 0
1502, 1, 1636429669473, 1636429669565, 92, 0, 92, 0, 0, 0
1503, 1, 1636429669589, 1636429669681, 92, 1, 91, 0, 1, 1
1504, 1, 1636429669601, 1636429669693, 92, 1, 91, 0, 0, 0
1505, 1, 1636429669693, 1636429669785, 92, 1, 91, 0, 0, 0
1506, 1, 1636429669829, 1636429669917, 88, 1, 87, 0, 0, 0
1508, 1, 1636429669921, 1636429670013, 92, 0, 92, 0, 0, 0
1507, 1, 1636429669917, 1636429670013, 96, 1, 95, 0, 0, 0
1509, 1, 1636429670037, 1636429670125, 88, 0, 88, 0, 0, 0
1510, 1, 1636429670081, 1636429670169, 88, 1, 87, 0, 0, 0
1512, 1, 1636429670125, 1636429670213, 88, 1, 87, 0, 1, 1
1511, 1, 1636429670121, 1636429670213, 92, 1, 91, 1, 0, 1
1513, 1, 1636429670125, 1636429670217, 92, 1, 91, 0, 0, 0
1514, 1, 1636429670141, 1636429670229, 88, 0, 88, 0, 0, 0
1515, 1, 1636429670257, 1636429670349, 92, 0, 92, 0, 0, 0
1517, 1, 1636429670365, 1636429670461, 96, 0, 96, 0, 0, 0
1518, 1, 1636429670541, 1636429670634, 93, 1, 92, 0, 0, 0
1519, 1, 1636429670634, 1636429670726, 92, 0, 92, 0, 0, 0
1520, 1, 1636429670634, 1636429670726, 92, 0, 92, 0, 0, 0
1521, 1, 1636429670726, 1636429670817, 91, 0, 91, 0, 0, 0
1522, 1, 1636429670761, 1636429670849, 88, 0, 88, 0, 0, 0
1524, 1, 1636429670797, 1636429670889, 92, 1, 91, 0, 0, 0
1523, 1, 1636429670797, 1636429670889, 92, 1, 91, 0, 0, 0
1525, 1, 1636429670797, 1636429670893, 96, 1, 95, 0, 0, 0
1526, 1, 1636429670841, 1636429670929, 88, 1, 87, 1, 0, 1
1527, 1, 1636429670917, 1636429671017, 100, 1, 99, 0, 0, 0
1516, 1, 1636429671109, 1636429671201, 92, 1, 91, 1, 0, 1
1528, 1, 1636429671109, 1636429671202, 93, 1, 92, 1, 0, 1
1529, 1, 1636429671245, 1636429671337, 92, 1, 91, 0, 0, 0
1532, 1, 1636429671329, 1636429671422, 93, 1, 92, 1, 0, 1
1533, 1, 1636429671329, 1636429671422, 93, 1, 92, 1, 0, 1
1534, 1, 1636429671397, 1636429671485, 88, 0, 88, 0, 0, 0
1537, 1, 1636429671477, 1636429671569, 92, 1, 91, 0, 0, 0
1539, 1, 1636429671477, 1636429671569, 92, 1, 91, 1, 0, 1
1538, 1, 1636429671477, 1636429671570, 93, 1, 92, 1, 0, 1
1540, 1, 1636429671569, 1636429671661, 92, 1, 91, 1, 0, 1
1535, 1, 1636429671573, 1636429671665, 92, 0, 92, 0, 0, 0
1541, 1, 1636429671601, 1636429671693, 92, 0, 92, 0, 0, 0
1543, 1, 1636429671789, 1636429671881, 92, 1, 91, 0, 1, 1
1542, 1, 1636429671789, 1636429671881, 92, 1, 91, 1, 0, 1
1544, 1, 1636429671941, 1636429672034, 93, 1, 92, 0, 0, 0
1547, 1, 1636429672033, 1636429672125, 92, 2, 90, 0, 1, 1
1546, 1, 1636429672033, 1636429672125, 92, 1, 91, 0, 0, 0
1551, 1, 1636429672169, 1636429672257, 88, 0, 88, 0, 0, 0
1550, 1, 1636429672169, 1636429672257, 88, 1, 87, 0, 0, 0
1553, 1, 1636429672249, 1636429672374, 125, 1, 124, 0, 0, 0
1554, 1, 1636429672281, 1636429672374, 93, 1, 92, 0, 1, 1
1552, 1, 1636429672249, 1636429672374, 125, 1, 124, 0, 0, 0
1549, 1, 1636429672389, 1636429672481, 92, 0, 92, 0, 0, 0
1557, 1, 1636429672461, 1636429672553, 92, 1, 91, 1, 0, 1
1558, 1, 1636429672613, 1636429672702, 89, 1, 88, 0, 1, 1
1559, 1, 1636429672701, 1636429672821, 120, 1, 119, 0, 0, 0
1560, 1, 1636429672737, 1636429672829, 92, 1, 91, 1, 0, 1
1562, 1, 1636429672841, 1636429672934, 93, 1, 92, 0, 0, 0
1563, 1, 1636429672841, 1636429672934, 93, 1, 92, 0, 0, 0
1565, 1, 1636429672953, 1636429673049, 96, 1, 95, 0, 1, 1
1396, 1, 1636429672953, 1636429673049, 96, 1, 95, 0, 1, 1
1566, 1, 1636429672953, 1636429673049, 96, 1, 95, 1, 0, 1
1567, 1, 1636429673053, 1636429673142, 89, 0, 89, 0, 0, 0
1568, 1, 1636429673141, 1636429673233, 92, 1, 91, 0, 0, 0
1570, 1, 1636429673273, 1636429673365, 92, 1, 91, 1, 0, 1
1571, 1, 1636429673402, 1636429673494, 92, 0, 92, 0, 0, 0
1573, 1, 1636429673505, 1636429673598, 93, 1, 92, 0, 0, 0
1574, 1, 1636429673505, 1636429673598, 93, 1, 92, 0, 0, 0
1575, 1, 1636429673633, 1636429673721, 88, 1, 87, 0, 1, 1
1576, 1, 1636429673637, 1636429673725, 88, 0, 88, 0, 0, 0
1578, 1, 1636429673721, 1636429673813, 92, 1, 91, 1, 0, 1
1579, 1, 1636429673805, 1636429673897, 92, 1, 91, 1, 0, 1
1580, 1, 1636429673941, 1636429674033, 92, 1, 91, 0, 0, 0
1581, 1, 1636429674077, 1636429674169, 92, 1, 91, 1, 0, 1
1582, 1, 1636429674190, 1636429674281, 91, 0, 91, 0, 0, 0
1583, 1, 1636429674190, 1636429674281, 91, 0, 91, 0, 0, 0
1584, 1, 1636429674313, 1636429674402, 89, 1, 88, 0, 1, 1
1586, 1, 1636429674386, 1636429674473, 87, 0, 87, 0, 0, 0
1587, 1, 1636429674473, 1636429674566, 93, 1, 92, 1, 0, 1
1588, 1, 1636429674609, 1636429674702, 93, 1, 92, 0, 0, 0
1589, 1, 1636429674758, 1636429674849, 91, 0, 91, 0, 0, 0
1591, 1, 1636429674865, 1636429674958, 93, 1, 92, 1, 0, 1
1590, 1, 1636429674873, 1636429674965, 92, 1, 91, 0, 1, 1
1592, 1, 1636429674985, 1636429675077, 92, 1, 91, 0, 0, 0
1593, 1, 1636429675050, 1636429675141, 91, 0, 91, 0, 0, 0
1594, 1, 1636429675141, 1636429675233, 92, 1, 91, 0, 0, 0
1595, 1, 1636429675277, 1636429675365, 88, 1, 87, 0, 0, 0
1596, 1, 1636429675438, 1636429675530, 92, 0, 92, 0, 0, 0
1598, 1, 1636429675542, 1636429675633, 91, 0, 91, 0, 0, 0
1597, 1, 1636429675542, 1636429675634, 92, 0, 92, 0, 0, 0
1599, 1, 1636429675653, 1636429675746, 93, 0, 93, 0, 0, 0
1600, 1, 1636429675709, 1636429675801, 92, 1, 91, 1, 0, 1
1601, 1, 1636429675809, 1636429675905, 96, 1, 95, 1, 0, 1
1602, 1, 1636429675945, 1636429676033, 88, 1, 87, 0, 0, 0
1603, 1, 1636429676105, 1636429676197, 92, 1, 91, 0, 1, 1
1605, 1, 1636429676214, 1636429676302, 88, 0, 88, 0, 0, 0
1604, 1, 1636429676209, 1636429676302, 93, 1, 92, 1, 0, 1
1606, 1, 1636429676322, 1636429676414, 92, 0, 92, 0, 0, 0
1607, 1, 1636429676385, 1636429676478, 93, 0, 93, 0, 0, 0
1608, 1, 1636429676477, 1636429676574, 97, 1, 96, 0, 0, 0
1609, 1, 1636429676614, 1636429676710, 96, 0, 96, 0, 0, 0
1610, 1, 1636429676786, 1636429676873, 87, 0, 87, 0, 0, 0
1611, 1, 1636429676877, 1636429676969, 92, 1, 91, 0, 1, 1
1612, 1, 1636429676885, 1636429676978, 93, 1, 92, 1, 0, 1
1613, 1, 1636429676989, 1636429677082, 93, 1, 92, 1, 0, 1
1614, 1, 1636429677053, 1636429677145, 92, 1, 91, 0, 0, 0
1615, 1, 1636429677145, 1636429677233, 88, 1, 87, 1, 0, 1
1616, 1, 1636429677290, 1636429677381, 91, 0, 91, 0, 0, 0
1617, 1, 1636429677457, 1636429677545, 88, 1, 87, 1, 0, 1
1618, 1, 1636429677541, 1636429677629, 88, 1, 87, 0, 0, 0
1619, 1, 1636429677566, 1636429677662, 96, 0, 96, 0, 0, 0
1620, 1, 1636429677653, 1636429677749, 96, 1, 95, 0, 1, 1
1621, 1, 1636429677713, 1636429677802, 89, 1, 88, 0, 1, 1
1622, 1, 1636429677802, 1636429677893, 91, 0, 91, 0, 0, 0
1623, 1, 1636429677961, 1636429678053, 92, 1, 91, 1, 0, 1
1624, 1, 1636429678130, 1636429678218, 88, 0, 88, 0, 0, 0
1625, 1, 1636429678217, 1636429678309, 92, 1, 91, 0, 0, 0
1626, 1, 1636429678242, 1636429678338, 96, 0, 96, 0, 0, 0
1627, 1, 1636429678337, 1636429678429, 92, 1, 91, 0, 0, 0
1628, 1, 1636429678373, 1636429678461, 88, 1, 87, 0, 1, 1
1629, 1, 1636429678473, 1636429678566, 93, 1, 92, 0, 0, 0
1630, 1, 1636429678633, 1636429678726, 93, 1, 92, 1, 0, 1
1631, 1, 1636429678797, 1636429678894, 97, 0, 97, 0, 0, 0
1632, 1, 1636429678885, 1636429678977, 92, 1, 91, 0, 0, 0
1633, 1, 1636429678926, 1636429679018, 92, 0, 92, 0, 0, 0
1634, 1, 1636429679005, 1636429679098, 93, 1, 92, 0, 1, 1
1635, 1, 1636429679037, 1636429679133, 96, 1, 95, 0, 0, 0
1636, 1, 1636429679157, 1636429679254, 97, 1, 96, 0, 0, 0
1637, 1, 1636429679306, 1636429679398, 92, 0, 92, 0, 0, 0
1638, 1, 1636429679477, 1636429679570, 93, 1, 92, 0, 1, 1
1639, 1, 1636429679557, 1636429679654, 97, 1, 96, 0, 1, 1
1640, 1, 1636429679589, 1636429679681, 92, 1, 91, 1, 0, 1
1641, 1, 1636429679681, 1636429679773, 92, 1, 91, 0, 1, 1
1642, 1, 1636429679721, 1636429679814, 93, 1, 92, 0, 1, 1
1643, 1, 1636429679837, 1636429679930, 93, 1, 92, 0, 0, 0
1644, 1, 1636429679977, 1636429680066, 89, 1, 88, 1, 0, 1
1645, 1, 1636429680158, 1636429680250, 92, 0, 92, 0, 0, 0
1646, 1, 1636429680225, 1636429680317, 92, 1, 91, 0, 1, 1
1647, 1, 1636429680253, 1636429680346, 93, 1, 92, 0, 0, 0
1648, 1, 1636429680353, 1636429680445, 92, 1, 91, 0, 0, 0
1649, 1, 1636429680401, 1636429680490, 89, 0, 89, 0, 0, 0
1650, 1, 1636429680610, 1636429680698, 88, 0, 88, 0, 0, 0
1651, 1, 1636429680649, 1636429680745, 96, 0, 96, 0, 0, 0
1652, 1, 1636429680837, 1636429680926, 89, 0, 89, 0, 0, 0
1653, 1, 1636429680893, 1636429680985, 92, 1, 91, 1, 0, 1
1654, 1, 1636429680925, 1636429681013, 88, 1, 87, 0, 0, 0
1655, 1, 1636429681029, 1636429681166, 137, 1, 136, 0, 0, 0
1658, 1, 1636429681349, 1636429681442, 93, 0, 93, 0, 0, 0
1657, 1, 1636429681349, 1636429681442, 93, 0, 93, 0, 0, 0
1656, 1, 1636429681417, 1636429681509, 92, 1, 91, 1, 0, 1
1661, 1, 1636429681557, 1636429681650, 93, 1, 92, 0, 1, 1
1663, 1, 1636429681589, 1636429681681, 92, 1, 91, 0, 1, 1
1664, 1, 1636429681782, 1636429681873, 91, 0, 91, 0, 0, 0
1662, 1, 1636429681873, 1636429681966, 93, 1, 92, 0, 0, 0
1666, 1, 1636429682021, 1636429682113, 92, 1, 91, 0, 0, 0
1667, 1, 1636429682021, 1636429682113, 92, 1, 91, 1, 0, 1
1665, 1, 1636429682021, 1636429682117, 96, 1, 95, 0, 0, 0
1668, 1, 1636429682105, 1636429682198, 93, 0, 93, 0, 0, 0
1670, 1, 1636429682253, 1636429682350, 97, 1, 96, 0, 1, 1
1671, 1, 1636429682257, 1636429682350, 93, 1, 92, 0, 1, 1
1659, 1, 1636429682350, 1636429682437, 87, 0, 87, 0, 0, 0
1673, 1, 1636429682569, 1636429682681, 112, 1, 111, 1, 0, 1
1674, 1, 1636429682701, 1636429682826, 125, 1, 124, 0, 0, 0
1676, 1, 1636429682713, 1636429682826, 113, 1, 112, 0, 0, 0
1675, 1, 1636429682701, 1636429682829, 128, 1, 127, 1, 0, 1
1680, 1, 1636429682825, 1636429682913, 88, 2, 86, 0, 1, 1
1672, 1, 1636429682829, 1636429682917, 88, 0, 88, 0, 0, 0
1679, 1, 1636429682825, 1636429682918, 93, 1, 92, 1, 0, 1
1678, 1, 1636429682825, 1636429682917, 92, 2, 90, 0, 1, 1
1681, 1, 1636429682937, 1636429683029, 92, 0, 92, 0, 0, 0
1683, 1, 1636429683045, 1636429683133, 88, 1, 87, 1, 0, 1
1682, 1, 1636429683281, 1636429683373, 92, 1, 91, 0, 0, 0
1686, 1, 1636429683285, 1636429683373, 88, 0, 88, 0, 0, 0
1685, 1, 1636429683281, 1636429683374, 93, 1, 92, 0, 1, 1
1577, 1, 1636429683285, 1636429683373, 88, 0, 88, 0, 0, 0
1585, 1, 1636429683413, 1636429683505, 92, 0, 92, 0, 0, 0
1687, 1, 1636429683461, 1636429683549, 88, 1, 87, 0, 0, 0
1688, 1, 1636429683461, 1636429683553, 92, 1, 91, 0, 1, 1
1693, 1, 1636429683505, 1636429683594, 89, 1, 88, 0, 0, 0
1692, 1, 1636429683509, 1636429683597, 88, 0, 88, 0, 0, 0
1690, 1, 1636429683521, 1636429683614, 93, 1, 92, 0, 0, 0
1691, 1, 1636429683521, 1636429683614, 93, 1, 92, 1, 0, 1
1695, 1, 1636429683613, 1636429683706, 93, 1, 92, 1, 0, 1
1696, 1, 1636429683705, 1636429683797, 92, 1, 91, 0, 0, 0
1697, 1, 1636429683725, 1636429683813, 88, 1, 87, 0, 0, 0
1689, 1, 1636429683865, 1636429683953, 88, 1, 87, 0, 0, 0
1698, 1, 1636429683949, 1636429684041, 92, 1, 91, 1, 0, 1
1700, 1, 1636429683953, 1636429684045, 92, 1, 91, 1, 0, 1
1699, 1, 1636429683973, 1636429684065, 92, 0, 92, 0, 0, 0
1704, 1, 1636429684125, 1636429684217, 92, 1, 91, 0, 1, 1
1703, 1, 1636429684125, 1636429684217, 92, 1, 91, 0, 1, 1
1705, 1, 1636429684161, 1636429684249, 88, 0, 88, 0, 0, 0
1702, 1, 1636429684165, 1636429684253, 88, 0, 88, 0, 0, 0
1706, 1, 1636429684169, 1636429684262, 93, 0, 93, 0, 0, 0
1707, 1, 1636429684201, 1636429684297, 96, 1, 95, 1, 0, 1
1708, 1, 1636429684201, 1636429684297, 96, 1, 95, 0, 0, 0
1710, 1, 1636429684389, 1636429684481, 92, 0, 92, 0, 0, 0
1711, 1, 1636429684417, 1636429684509, 92, 0, 92, 0, 0, 0
1712, 1, 1636429684546, 1636429684637, 91, 0, 91, 0, 0, 0
1709, 1, 1636429684573, 1636429684661, 88, 0, 88, 0, 0, 0
1714, 1, 1636429684613, 1636429684701, 88, 1, 87, 0, 1, 1
1713, 1, 1636429684617, 1636429684706, 89, 1, 88, 0, 1, 1
1715, 1, 1636429684661, 1636429684753, 92, 1, 91, 0, 1, 1
1716, 1, 1636429684793, 1636429684886, 93, 1, 92, 0, 1, 1
1718, 1, 1636429684821, 1636429684913, 92, 1, 91, 1, 0, 1
1720, 1, 1636429684841, 1636429684933, 92, 1, 91, 0, 0, 0
1719, 1, 1636429684869, 1636429684961, 92, 0, 92, 0, 0, 0
1721, 1, 1636429684885, 1636429684978, 93, 1, 92, 0, 0, 0
1722, 1, 1636429684885, 1636429684978, 93, 1, 92, 0, 0, 0
1717, 1, 1636429685029, 1636429685122, 93, 1, 92, 0, 0, 0
1723, 1, 1636429685057, 1636429685149, 92, 1, 91, 0, 0, 0
1724, 1, 1636429685121, 1636429685218, 97, 1, 96, 0, 0, 0
1725, 1, 1636429685217, 1636429685309, 92, 1, 91, 0, 0, 0
1726, 1, 1636429685281, 1636429685373, 92, 0, 92, 0, 0, 0
1728, 1, 1636429685297, 1636429685393, 96, 1, 95, 0, 0, 0
1729, 1, 1636429685349, 1636429685446, 97, 0, 97, 0, 0, 0
1730, 1, 1636429685461, 1636429685553, 92, 1, 91, 1, 0, 1
1731, 1, 1636429685497, 1636429685589, 92, 1, 91, 0, 0, 0
1732, 1, 1636429685517, 1636429685609, 92, 0, 92, 0, 0, 0
1734, 1, 1636429685557, 1636429685649, 92, 1, 91, 1, 0, 1
1735, 1, 1636429685557, 1636429685650, 93, 1, 92, 1, 0, 1
1733, 1, 1636429685577, 1636429685669, 92, 0, 92, 0, 0, 0
1737, 1, 1636429685733, 1636429685825, 92, 1, 91, 1, 0, 1
1738, 1, 1636429685805, 1636429685897, 92, 1, 91, 0, 0, 0
1740, 1, 1636429685949, 1636429686045, 96, 0, 96, 0, 0, 0
1741, 1, 1636429685981, 1636429686073, 92, 0, 92, 0, 0, 0
1742, 1, 1636429686026, 1636429686118, 92, 0, 92, 0, 0, 0
1743, 1, 1636429686133, 1636429686226, 93, 1, 92, 1, 0, 1
1744, 1, 1636429686169, 1636429686261, 92, 1, 91, 0, 0, 0
1746, 1, 1636429686225, 1636429686317, 92, 1, 91, 0, 0, 0
1747, 1, 1636429686225, 1636429686318, 93, 1, 92, 0, 0, 0
1748, 1, 1636429686257, 1636429686350, 93, 1, 92, 0, 0, 0
1750, 1, 1636429686477, 1636429686569, 92, 1, 91, 0, 1, 1
1751, 1, 1636429686621, 1636429686714, 93, 1, 92, 1, 0, 1
1749, 1, 1636429686677, 1636429686769, 92, 0, 92, 0, 0, 0
1753, 1, 1636429686689, 1636429686782, 93, 1, 92, 0, 0, 0
1754, 1, 1636429686809, 1636429686901, 92, 1, 91, 1, 0, 1
1755, 1, 1636429686846, 1636429686937, 91, 0, 91, 0, 0, 0
1756, 1, 1636429686905, 1636429686997, 92, 1, 91, 0, 1, 1
1757, 1, 1636429686905, 1636429686997, 92, 1, 91, 0, 0, 0
1758, 1, 1636429686941, 1636429687033, 92, 1, 91, 0, 1, 1
1759, 1, 1636429687154, 1636429687245, 91, 0, 91, 0, 0, 0
1760, 1, 1636429687290, 1636429687381, 91, 0, 91, 0, 0, 0
1762, 1, 1636429687357, 1636429687445, 88, 1, 87, 1, 0, 1
1761, 1, 1636429687361, 1636429687449, 88, 1, 87, 0, 0, 0
1763, 1, 1636429687489, 1636429687581, 92, 1, 91, 1, 0, 1
1764, 1, 1636429687521, 1636429687610, 89, 1, 88, 1, 0, 1
1765, 1, 1636429687573, 1636429687665, 92, 1, 91, 0, 0, 0
1766, 1, 1636429687610, 1636429687701, 91, 0, 91, 0, 0, 0
1767, 1, 1636429687829, 1636429687921, 92, 1, 91, 0, 1, 1
1768, 1, 1636429687966, 1636429688058, 92, 0, 92, 0, 0, 0
1769, 1, 1636429688029, 1636429688121, 92, 1, 91, 0, 0, 0
1771, 1, 1636429688158, 1636429688249, 91, 0, 91, 0, 0, 0
1772, 1, 1636429688189, 1636429688281, 92, 1, 91, 0, 0, 0
1773, 1, 1636429688261, 1636429688353, 92, 1, 91, 1, 0, 1
1774, 1, 1636429688277, 1636429688369, 92, 0, 92, 0, 0, 0
1775, 1, 1636429688501, 1636429688593, 92, 1, 91, 0, 1, 1
1776, 1, 1636429688626, 1636429688714, 88, 0, 88, 0, 0, 0
1777, 1, 1636429688714, 1636429688805, 91, 0, 91, 0, 0, 0
1778, 1, 1636429688829, 1636429688922, 93, 1, 92, 1, 0, 1
1779, 1, 1636429688861, 1636429688954, 93, 1, 92, 1, 0, 1
1780, 1, 1636429688925, 1636429689018, 93, 1, 92, 0, 0, 0
1781, 1, 1636429688953, 1636429689045, 92, 1, 91, 0, 1, 1
1782, 1, 1636429689177, 1636429689270, 93, 1, 92, 1, 0, 1
1783, 1, 1636429689297, 1636429689389, 92, 1, 91, 0, 0, 0
1784, 1, 1636429689385, 1636429689478, 93, 1, 92, 0, 0, 0
1785, 1, 1636429689510, 1636429689601, 91, 0, 91, 0, 0, 0
1786, 1, 1636429689533, 1636429689625, 92, 1, 91, 1, 0, 1
1787, 1, 1636429689597, 1636429689690, 93, 1, 92, 1, 0, 1
1788, 1, 1636429689629, 1636429689721, 92, 1, 91, 0, 1, 1
1789, 1, 1636429689845, 1636429689937, 92, 0, 92, 0, 0, 0
1790, 1, 1636429689974, 1636429690065, 91, 0, 91, 0, 0, 0
1791, 1, 1636429690053, 1636429690146, 93, 1, 92, 0, 1, 1
1793, 1, 1636429690209, 1636429690302, 93, 1, 92, 0, 0, 0
1794, 1, 1636429690277, 1636429690365, 88, 1, 87, 1, 0, 1
1792, 1, 1636429690301, 1636429690393, 92, 1, 91, 0, 0, 0
1796, 1, 1636429690514, 1636429690606, 92, 0, 92, 0, 0, 0
1798, 1, 1636429690730, 1636429690821, 91, 0, 91, 0, 0, 0
1795, 1, 1636429690753, 1636429690845, 92, 0, 92, 0, 0, 0
1799, 1, 1636429690878, 1636429690970, 92, 0, 92, 0, 0, 0
1800, 1, 1636429690945, 1636429691037, 92, 1, 91, 0, 1, 1
1801, 1, 1636429690969, 1636429691061, 92, 1, 91, 0, 0, 0
1802, 1, 1636429691185, 1636429691278, 93, 1, 92, 0, 0, 0
1804, 1, 1636429691430, 1636429691521, 91, 0, 91, 0, 0, 0
1803, 1, 1636429691430, 1636429691521, 91, 0, 91, 0, 0, 0
1805, 1, 1636429691562, 1636429691654, 92, 0, 92, 0, 0, 0
1807, 1, 1636429691661, 1636429691753, 92, 1, 91, 1, 0, 1
1806, 1, 1636429691661, 1636429691753, 92, 1, 91, 1, 0, 1
1808, 1, 1636429691881, 1636429691974, 93, 1, 92, 1, 0, 1
1809, 1, 1636429692117, 1636429692205, 88, 1, 87, 0, 0, 0
1810, 1, 1636429692113, 1636429692205, 92, 1, 91, 0, 0, 0
1811, 1, 1636429692233, 1636429692325, 92, 1, 91, 0, 0, 0
1812, 1, 1636429692338, 1636429692429, 91, 0, 91, 0, 0, 0
1813, 1, 1636429692338, 1636429692429, 91, 0, 91, 0, 0, 0
1814, 1, 1636429692589, 1636429692681, 92, 1, 91, 0, 0, 0
1818, 1, 1636429692817, 1636429692909, 92, 1, 91, 0, 0, 0
1817, 1, 1636429692817, 1636429692909, 92, 1, 91, 1, 0, 1
1815, 1, 1636429692817, 1636429692909, 92, 1, 91, 1, 0, 1
1819, 1, 1636429692901, 1636429693010, 109, 1, 108, 0, 0, 0
1820, 1, 1636429693017, 1636429693110, 93, 1, 92, 0, 1, 1
1821, 1, 1636429693021, 1636429693110, 89, 1, 88, 0, 0, 0
1822, 1, 1636429693269, 1636429693362, 93, 1, 92, 0, 0, 0
1823, 1, 1636429693269, 1636429693362, 93, 1, 92, 0, 0, 0
1825, 1, 1636429693490, 1636429693581, 91, 0, 91, 0, 0, 0
1827, 1, 1636429693497, 1636429693589, 92, 0, 92, 0, 0, 0
1826, 1, 1636429693501, 1636429693589, 88, 0, 88, 0, 0, 0
1828, 1, 1636429693633, 1636429693725, 92, 1, 91, 0, 1, 1
1830, 1, 1636429693681, 1636429693813, 132, 0, 132, 0, 0, 0
1832, 1, 1636429693945, 1636429694037, 92, 0, 92, 0, 0, 0
1833, 1, 1636429693954, 1636429694046, 92, 1, 91, 1, 0, 1
1829, 1, 1636429693954, 1636429694046, 92, 1, 91, 0, 0, 0
1797, 1, 1636429693954, 1636429694046, 92, 0, 92, 0, 0, 0
1834, 1, 1636429694166, 1636429694258, 92, 0, 92, 0, 0, 0
1835, 1, 1636429694173, 1636429694265, 92, 1, 91, 0, 1, 1
1839, 1, 1636429694389, 1636429694482, 93, 1, 92, 0, 1, 1
1836, 1, 1636429694413, 1636429694501, 88, 1, 87, 0, 0, 0
1840, 1, 1636429694622, 1636429694713, 91, 0, 91, 0, 0, 0
1841, 1, 1636429694629, 1636429694721, 92, 1, 91, 0, 1, 1
1842, 1, 1636429694633, 1636429694725, 92, 1, 91, 1, 0, 1
1844, 1, 1636429694833, 1636429694925, 92, 1, 91, 1, 0, 1
1845, 1, 1636429694842, 1636429694933, 91, 0, 91, 0, 0, 0
1843, 1, 1636429694865, 1636429694958, 93, 1, 92, 1, 0, 1
1846, 1, 1636429695061, 1636429695153, 92, 1, 91, 1, 0, 1
1847, 1, 1636429695086, 1636429695182, 96, 0, 96, 0, 0, 0
1849, 1, 1636429695333, 1636429695422, 89, 1, 88, 0, 1, 1
1850, 1, 1636429695333, 1636429695425, 92, 1, 91, 0, 1, 1
1848, 1, 1636429695333, 1636429695425, 92, 1, 91, 1, 0, 1
1852, 1, 1636429695506, 1636429695597, 91, 0, 91, 0, 0, 0
1853, 1, 1636429695573, 1636429695666, 93, 1, 92, 0, 0, 0
1854, 1, 1636429695757, 1636429695850, 93, 1, 92, 1, 0, 1
1855, 1, 1636429695785, 1636429695878, 93, 1, 92, 0, 1, 1
1856, 1, 1636429696002, 1636429696090, 88, 0, 88, 0, 0, 0
1859, 1, 1636429696081, 1636429696174, 93, 1, 92, 0, 0, 0
1860, 1, 1636429696081, 1636429696174, 93, 1, 92, 0, 0, 0
1861, 1, 1636429696169, 1636429696261, 92, 1, 91, 0, 0, 0
1863, 1, 1636429696237, 1636429696330, 93, 1, 92, 1, 0, 1
1862, 1, 1636429696237, 1636429696330, 93, 1, 92, 1, 0, 1
1864, 1, 1636429696433, 1636429696525, 92, 0, 92, 0, 0, 0
1866, 1, 1636429696533, 1636429696626, 93, 1, 92, 0, 0, 0
1867, 1, 1636429696701, 1636429696794, 93, 1, 92, 0, 1, 1
1868, 1, 1636429696749, 1636429696841, 92, 0, 92, 0, 0, 0
1869, 1, 1636429696757, 1636429696845, 88, 1, 87, 1, 0, 1
1870, 1, 1636429696833, 1636429696926, 93, 0, 93, 0, 0, 0
1872, 1, 1636429696913, 1636429697006, 93, 1, 92, 0, 0, 0
1873, 1, 1636429696981, 1636429697073, 92, 1, 91, 1, 0, 1
1874, 1, 1636429697105, 1636429697197, 92, 0, 92, 0, 0, 0
1875, 1, 1636429697197, 1636429697285, 88, 1, 87, 1, 0, 1
1876, 1, 1636429697373, 1636429697465, 92, 1, 91, 0, 1, 1
1877, 1, 1636429697417, 1636429697509, 92, 1, 91, 0, 0, 0
1878, 1, 1636429697417, 1636429697509, 92, 1, 91, 0, 1, 1
1881, 1, 1636429697645, 1636429697738, 93, 1, 92, 0, 1, 1
1882, 1, 1636429697778, 1636429697897, 119, 0, 119, 0, 0, 0
1883, 1, 1636429697897, 1636429697993, 96, 1, 95, 0, 1, 1
1884, 1, 1636429698073, 1636429698165, 92, 0, 92, 0, 0, 0
1886, 1, 1636429698117, 1636429698210, 93, 1, 92, 0, 0, 0
1885, 1, 1636429698121, 1636429698210, 89, 0, 89, 0, 0, 0
1888, 1, 1636429698337, 1636429698429, 92, 1, 91, 1, 0, 1
1887, 1, 1636429698353, 1636429698445, 92, 1, 91, 0, 1, 1
1889, 1, 1636429698481, 1636429698574, 93, 0, 93, 0, 0, 0
1890, 1, 1636429698574, 1636429698665, 91, 0, 91, 0, 0, 0
1891, 1, 1636429698742, 1636429698837, 95, 0, 95, 0, 0, 0
1893, 1, 1636429698793, 1636429698881, 88, 0, 88, 0, 0, 0
1892, 1, 1636429698790, 1636429698882, 92, 0, 92, 0, 0, 0
1894, 1, 1636429699010, 1636429699102, 92, 0, 92, 0, 0, 0
1895, 1, 1636429699021, 1636429699113, 92, 1, 91, 1, 0, 1
1896, 1, 1636429699149, 1636429699238, 89, 0, 89, 0, 0, 0
1897, 1, 1636429699237, 1636429699325, 88, 1, 87, 0, 0, 0
1898, 1, 1636429699413, 1636429699505, 92, 1, 91, 0, 0, 0
1899, 1, 1636429699461, 1636429699553, 92, 1, 91, 0, 1, 1
1900, 1, 1636429699461, 1636429699553, 92, 1, 91, 0, 1, 1
1901, 1, 1636429699682, 1636429699770, 88, 0, 88, 0, 0, 0
1902, 1, 1636429699689, 1636429699777, 88, 1, 87, 0, 0, 0
1903, 1, 1636429699809, 1636429699902, 93, 1, 92, 0, 1, 1
1904, 1, 1636429699909, 1636429700001, 92, 1, 91, 0, 1, 1
1905, 1, 1636429700077, 1636429700169, 92, 1, 91, 0, 0, 0
1906, 1, 1636429700133, 1636429700225, 92, 1, 91, 0, 0, 0
1907, 1, 1636429700137, 1636429700229, 92, 0, 92, 0, 0, 0
1908, 1, 1636429700345, 1636429700438, 93, 1, 92, 0, 0, 0
1909, 1, 1636429700357, 1636429700445, 88, 1, 87, 1, 0, 1
1911, 1, 1636429700581, 1636429700673, 92, 1, 91, 1, 0, 1
1912, 1, 1636429700749, 1636429700841, 92, 1, 91, 0, 0, 0
1914, 1, 1636429700809, 1636429700897, 88, 1, 87, 1, 0, 1
1913, 1, 1636429700809, 1636429700901, 92, 1, 91, 1, 0, 1
1915, 1, 1636429701017, 1636429701110, 93, 1, 92, 0, 0, 0
1916, 1, 1636429701037, 1636429701129, 92, 1, 91, 0, 1, 1
1917, 1, 1636429701262, 1636429701350, 88, 0, 88, 0, 0, 0
1918, 1, 1636429701417, 1636429701505, 88, 0, 88, 0, 0, 0
1919, 1, 1636429701469, 1636429701557, 88, 0, 88, 0, 0, 0
1920, 1, 1636429701473, 1636429701561, 88, 1, 87, 0, 0, 0
1921, 1, 1636429701685, 1636429701777, 92, 1, 91, 0, 1, 1
1922, 1, 1636429701709, 1636429701801, 92, 1, 91, 1, 0, 1
1923, 1, 1636429701934, 1636429702026, 92, 0, 92, 0, 0, 0
1924, 1, 1636429702081, 1636429702173, 92, 1, 91, 1, 0, 1
1925, 1, 1636429702137, 1636429702230, 93, 1, 92, 0, 1, 1
1926, 1, 1636429702145, 1636429702242, 97, 1, 96, 1, 0, 1
1927, 1, 1636429702353, 1636429702446, 93, 1, 92, 0, 0, 0
1928, 1, 1636429702386, 1636429702478, 92, 0, 92, 0, 0, 0
1929, 1, 1636429702617, 1636429702710, 93, 1, 92, 0, 0, 0
1930, 1, 1636429702769, 1636429702858, 89, 1, 88, 0, 0, 0
1931, 1, 1636429702809, 1636429702905, 96, 0, 96, 0, 0, 0
1932, 1, 1636429702861, 1636429702949, 88, 0, 88, 0, 0, 0
1933, 1, 1636429703033, 1636429703125, 92, 1, 91, 0, 0, 0
1934, 1, 1636429703069, 1636429703162, 93, 1, 92, 1, 0, 1
1935, 1, 1636429703314, 1636429703405, 91, 0, 91, 0, 0, 0
1936, 1, 1636429703433, 1636429703525, 92, 1, 91, 0, 1, 1
1937, 1, 1636429703489, 1636429703581, 92, 1, 91, 1, 0, 1
1938, 1, 1636429703529, 1636429703622, 93, 1, 92, 0, 0, 0
1939, 1, 1636429703705, 1636429703797, 92, 1, 91, 0, 0, 0
1940, 1, 1636429703765, 1636429703857, 92, 1, 91, 0, 1, 1
1941, 1, 1636429703990, 1636429704082, 92, 0, 92, 0, 0, 0
1945, 1, 1636429704181, 1636429704274, 93, 1, 92, 1, 0, 1
1944, 1, 1636429704181, 1636429704274, 93, 1, 92, 0, 0, 0
1947, 1, 1636429704273, 1636429704365, 92, 1, 91, 0, 0, 0
1948, 1, 1636429704405, 1636429704501, 96, 0, 96, 0, 0, 0
1949, 1, 1636429704450, 1636429704541, 91, 0, 91, 0, 0, 0
1951, 1, 1636429704610, 1636429704705, 95, 0, 95, 0, 0, 0
1952, 1, 1636429704721, 1636429704813, 92, 1, 91, 0, 0, 0
1953, 1, 1636429704853, 1636429704946, 93, 1, 92, 0, 0, 0
1954, 1, 1636429704861, 1636429704953, 92, 0, 92, 0, 0, 0
1956, 1, 1636429705085, 1636429705177, 92, 1, 91, 0, 0, 0
1957, 1, 1636429705177, 1636429705269, 92, 1, 91, 0, 0, 0
1958, 1, 1636429705285, 1636429705377, 92, 1, 91, 1, 0, 1
1960, 1, 1636429705553, 1636429705641, 88, 0, 88, 0, 0, 0
1961, 1, 1636429705553, 1636429705645, 92, 1, 91, 1, 0, 1
1962, 1, 1636429705762, 1636429705909, 147, 0, 147, 0, 0, 0
1963, 1, 1636429705802, 1636429705914, 112, 0, 112, 0, 0, 0
1966, 1, 1636429706217, 1636429706325, 108, 1, 107, 1, 0, 1
1967, 1, 1636429706217, 1636429706325, 108, 1, 107, 1, 0, 1
1969, 1, 1636429706325, 1636429706413, 88, 1, 87, 1, 0, 1
1968, 1, 1636429706325, 1636429706417, 92, 1, 91, 0, 0, 0
1970, 1, 1636429706505, 1636429706597, 92, 0, 92, 0, 0, 0
1971, 1, 1636429706505, 1636429706601, 96, 0, 96, 0, 0, 0
1972, 1, 1636429706777, 1636429706869, 92, 1, 91, 1, 0, 1
1973, 1, 1636429706897, 1636429706989, 92, 1, 91, 1, 0, 1
1974, 1, 1636429706902, 1636429706993, 91, 0, 91, 0, 0, 0
1975, 1, 1636429707005, 1636429707102, 97, 1, 96, 0, 0, 0
1978, 1, 1636429707182, 1636429707277, 95, 0, 95, 0, 0, 0
1979, 1, 1636429707230, 1636429707322, 92, 0, 92, 0, 0, 0
1982, 1, 1636429707638, 1636429707725, 87, 0, 87, 0, 0, 0
1981, 1, 1636429707638, 1636429707729, 91, 0, 91, 0, 0, 0
1983, 1, 1636429707677, 1636429707770, 93, 0, 93, 0, 0, 0
1984, 1, 1636429707846, 1636429707938, 92, 0, 92, 0, 0, 0
1985, 1, 1636429707853, 1636429707949, 96, 0, 96, 0, 0, 0
1987, 1, 1636429707898, 1636429707985, 87, 0, 87, 0, 0, 0
1988, 1, 1636429708313, 1636429708405, 92, 1, 91, 0, 0, 0
1989, 1, 1636429708313, 1636429708409, 96, 1, 95, 0, 1, 1
1990, 1, 1636429708353, 1636429708450, 97, 1, 96, 1, 0, 1
1991, 1, 1636429708517, 1636429708609, 92, 0, 92, 0, 0, 0
1993, 1, 1636429708985, 1636429709074, 89, 1, 88, 1, 0, 1
1994, 1, 1636429708989, 1636429709081, 92, 0, 92, 0, 0, 0
1995, 1, 1636429709029, 1636429709121, 92, 1, 91, 1, 0, 1
1996, 1, 1636429709177, 1636429709270, 93, 0, 93, 0, 0, 0
1997, 1, 1636429709657, 1636429709749, 92, 1, 91, 0, 1, 1
1998, 1, 1636429709669, 1636429709761, 92, 0, 92, 0, 0, 0
1999, 1, 1636429709702, 1636429709793, 91, 0, 91, 0, 0, 0
2000, 1, 1636429709854, 1636429709945, 91, 0, 91, 0, 0, 0
2001, 1, 1636429710349, 1636429710441, 92, 1, 91, 0, 0, 0
2002, 1, 1636429710353, 1636429710441, 88, 1, 87, 1, 0, 1
2003, 1, 1636429710374, 1636429710465, 91, 0, 91, 0, 0, 0
1965, 1, 1636429710485, 1636429710574, 89, 0, 89, 0, 0, 0
2004, 1, 1636429710529, 1636429710622, 93, 0, 93, 0, 0, 0
2005, 1, 1636429710785, 1636429710878, 93, 1, 92, 1, 0, 1
2006, 1, 1636429711021, 1636429711113, 92, 1, 91, 0, 0, 0
2007, 1, 1636429711021, 1636429711114, 93, 1, 92, 0, 0, 0
2008, 1, 1636429711045, 1636429711141, 96, 1, 95, 1, 0, 1
2009, 1, 1636429711153, 1636429711245, 92, 1, 91, 0, 0, 0
2010, 1, 1636429711193, 1636429711286, 93, 1, 92, 1, 0, 1
2012, 1, 1636429711685, 1636429711778, 93, 0, 93, 0, 0, 0
2013, 1, 1636429711694, 1636429711785, 91, 0, 91, 0, 0, 0
2014, 1, 1636429711729, 1636429711825, 96, 1, 95, 0, 0, 0
2015, 1, 1636429711866, 1636429711958, 92, 0, 92, 0, 0, 0
2016, 1, 1636429712361, 1636429712453, 92, 1, 91, 1, 0, 1
2017, 1, 1636429712377, 1636429712470, 93, 1, 92, 0, 1, 1
2018, 1, 1636429712413, 1636429712505, 92, 1, 91, 0, 0, 0
2019, 1, 1636429712533, 1636429712622, 89, 0, 89, 0, 0, 0
2020, 1, 1636429713041, 1636429713129, 88, 0, 88, 0, 0, 0
2021, 1, 1636429713057, 1636429713149, 92, 1, 91, 0, 0, 0
2022, 1, 1636429713082, 1636429713173, 91, 0, 91, 0, 0, 0
2023, 1, 1636429713201, 1636429713293, 92, 1, 91, 1, 0, 1
2024, 1, 1636429713710, 1636429713801, 91, 0, 91, 0, 0, 0
2025, 1, 1636429713734, 1636429713826, 92, 0, 92, 0, 0, 0
2026, 1, 1636429713754, 1636429713849, 95, 0, 95, 0, 0, 0
2027, 1, 1636429713873, 1636429713977, 104, 1, 103, 0, 1, 1
1950, 1, 1636429714197, 1636429714290, 93, 1, 92, 0, 1, 1
2028, 1, 1636429714369, 1636429714457, 88, 0, 88, 0, 0, 0
2030, 1, 1636429714373, 1636429714461, 88, 1, 87, 1, 0, 1
2031, 1, 1636429714406, 1636429714494, 88, 0, 88, 0, 0, 0
2032, 1, 1636429714425, 1636429714518, 93, 0, 93, 0, 0, 0
2034, 1, 1636429714558, 1636429714646, 88, 0, 88, 0, 0, 0
2036, 1, 1636429715041, 1636429715134, 93, 1, 92, 0, 0, 0
2037, 1, 1636429715041, 1636429715134, 93, 1, 92, 0, 0, 0
2038, 1, 1636429715069, 1636429715161, 92, 0, 92, 0, 0, 0
2039, 1, 1636429715121, 1636429715213, 92, 1, 91, 0, 1, 1
2041, 1, 1636429715265, 1636429715358, 93, 1, 92, 1, 0, 1
2040, 1, 1636429715265, 1636429715358, 93, 1, 92, 1, 0, 1
2044, 1, 1636429715717, 1636429715810, 93, 1, 92, 0, 0, 0
2042, 1, 1636429715717, 1636429715810, 93, 1, 92, 0, 0, 0
2045, 1, 1636429715733, 1636429715825, 92, 0, 92, 0, 0, 0
2046, 1, 1636429715794, 1636429715885, 91, 0, 91, 0, 0, 0
2048, 1, 1636429715938, 1636429716030, 92, 0, 92, 0, 0, 0
2049, 1, 1636429716177, 1636429716270, 93, 1, 92, 0, 0, 0
2050, 1, 1636429716394, 1636429716485, 91, 0, 91, 0, 0, 0
2051, 1, 1636429716394, 1636429716485, 91, 0, 91, 0, 0, 0
2052, 1, 1636429716409, 1636429716501, 92, 0, 92, 0, 0, 0
2054, 1, 1636429716613, 1636429716706, 93, 1, 92, 0, 1, 1
2055, 1, 1636429716869, 1636429716961, 92, 1, 91, 0, 0, 0
2057, 1, 1636429717137, 1636429717230, 93, 1, 92, 0, 0, 0
2056, 1, 1636429717137, 1636429717230, 93, 2, 91, 0, 0, 0
2058, 1, 1636429717137, 1636429717230, 93, 2, 91, 0, 0, 0
2060, 1, 1636429717313, 1636429717405, 92, 1, 91, 1, 0, 1
2059, 1, 1636429717313, 1636429717405, 92, 1, 91, 1, 0, 1
2061, 1, 1636429717490, 1636429717581, 91, 0, 91, 0, 0, 0
2062, 1, 1636429717585, 1636429717678, 93, 0, 93, 0, 0, 0
2063, 1, 1636429717774, 1636429717870, 96, 0, 96, 0, 0, 0
2064, 1, 1636429717805, 1636429717897, 92, 1, 91, 0, 0, 0
2066, 1, 1636429717849, 1636429717941, 92, 1, 91, 0, 0, 0
2065, 1, 1636429717849, 1636429717941, 92, 1, 91, 1, 0, 1
2067, 1, 1636429717985, 1636429718078, 93, 0, 93, 0, 0, 0
2068, 1, 1636429718161, 1636429718257, 96, 1, 95, 1, 0, 1
2069, 1, 1636429718233, 1636429718326, 93, 1, 92, 1, 0, 1
2070, 1, 1636429718301, 1636429718401, 100, 1, 99, 0, 0, 0
2072, 1, 1636429718493, 1636429718585, 92, 1, 91, 0, 0, 0
2071, 1, 1636429718493, 1636429718585, 92, 1, 91, 0, 0, 0
2073, 1, 1636429718525, 1636429718617, 92, 1, 91, 0, 0, 0
2074, 1, 1636429718653, 1636429718746, 93, 1, 92, 1, 0, 1
2075, 1, 1636429718833, 1636429718925, 92, 1, 91, 0, 0, 0
2076, 1, 1636429718845, 1636429718937, 92, 1, 91, 0, 1, 1
2077, 1, 1636429718945, 1636429719037, 92, 1, 91, 0, 1, 1
2078, 1, 1636429719166, 1636429719258, 92, 0, 92, 0, 0, 0
2079, 1, 1636429719170, 1636429719261, 91, 0, 91, 0, 0, 0
2080, 1, 1636429719198, 1636429719293, 95, 0, 95, 0, 0, 0
2081, 1, 1636429719326, 1636429719418, 92, 0, 92, 0, 0, 0
2082, 1, 1636429719514, 1636429719606, 92, 0, 92, 0, 0, 0
2083, 1, 1636429719514, 1636429719606, 92, 0, 92, 0, 0, 0
2084, 1, 1636429719625, 1636429719717, 92, 1, 91, 0, 0, 0
2085, 1, 1636429719833, 1636429719925, 92, 0, 92, 0, 0, 0
2086, 1, 1636429719837, 1636429719929, 92, 0, 92, 0, 0, 0
2087, 1, 1636429719874, 1636429719966, 92, 0, 92, 0, 0, 0
2088, 1, 1636429720001, 1636429720093, 92, 0, 92, 0, 0, 0
2089, 1, 1636429720189, 1636429720282, 93, 1, 92, 0, 0, 0
2090, 1, 1636429720302, 1636429720394, 92, 0, 92, 0, 0, 0
2091, 1, 1636429720501, 1636429720589, 88, 1, 87, 0, 0, 0
2092, 1, 1636429720501, 1636429720593, 92, 1, 91, 0, 0, 0
2093, 1, 1636429720537, 1636429720629, 92, 1, 91, 0, 0, 0
2094, 1, 1636429720681, 1636429720773, 92, 1, 91, 0, 0, 0
2095, 1, 1636429720862, 1636429720953, 91, 0, 91, 0, 0, 0
2096, 1, 1636429720970, 1636429721062, 92, 0, 92, 0, 0, 0
2097, 1, 1636429721165, 1636429721253, 88, 1, 87, 1, 0, 1
2098, 1, 1636429721165, 1636429721253, 88, 1, 87, 0, 1, 1
2099, 1, 1636429721209, 1636429721318, 109, 1, 108, 0, 0, 0
2100, 1, 1636429721349, 1636429721437, 88, 1, 87, 1, 0, 1
2043, 1, 1636429721453, 1636429721546, 93, 1, 92, 1, 0, 1
2101, 1, 1636429721538, 1636429721630, 92, 0, 92, 0, 0, 0
2102, 1, 1636429721633, 1636429721722, 89, 1, 88, 0, 0, 0
2103, 1, 1636429721762, 1636429721849, 87, 0, 87, 0, 0, 0
2104, 1, 1636429721825, 1636429721917, 92, 1, 91, 0, 0, 0
2105, 1, 1636429721825, 1636429721918, 93, 1, 92, 0, 0, 0
2106, 1, 1636429721893, 1636429721985, 92, 1, 91, 0, 0, 0
2107, 1, 1636429722014, 1636429722105, 91, 0, 91, 0, 0, 0
2108, 1, 1636429722117, 1636429722205, 88, 1, 87, 0, 0, 0
2109, 1, 1636429722205, 1636429722298, 93, 1, 92, 0, 0, 0
2110, 1, 1636429722298, 1636429722393, 95, 0, 95, 0, 0, 0
2111, 1, 1636429722426, 1636429722517, 91, 0, 91, 0, 0, 0
2113, 1, 1636429722489, 1636429722582, 93, 1, 92, 0, 0, 0
2112, 1, 1636429722489, 1636429722582, 93, 1, 92, 0, 0, 0
2114, 1, 1636429722554, 1636429722642, 88, 0, 88, 0, 0, 0
2115, 1, 1636429722677, 1636429722769, 92, 1, 91, 0, 1, 1
2116, 1, 1636429722778, 1636429722873, 95, 0, 95, 0, 0, 0
2117, 1, 1636429722873, 1636429722965, 92, 1, 91, 0, 0, 0
2118, 1, 1636429722978, 1636429723074, 96, 0, 96, 0, 0, 0
2119, 1, 1636429723093, 1636429723186, 93, 1, 92, 1, 0, 1
2120, 1, 1636429723165, 1636429723258, 93, 1, 92, 1, 0, 1
2121, 1, 1636429723165, 1636429723258, 93, 1, 92, 0, 0, 0
2122, 1, 1636429723221, 1636429723313, 92, 1, 91, 0, 0, 0
2123, 1, 1636429723349, 1636429723441, 92, 1, 91, 0, 1, 1
2124, 1, 1636429723453, 1636429723545, 92, 1, 91, 0, 1, 1
2125, 1, 1636429723549, 1636429723642, 93, 1, 92, 0, 0, 0
2126, 1, 1636429723657, 1636429723753, 96, 1, 95, 0, 1, 1
2127, 1, 1636429723773, 1636429723865, 92, 1, 91, 0, 0, 0
2128, 1, 1636429723829, 1636429723922, 93, 1, 92, 0, 1, 1
2129, 1, 1636429723837, 1636429723929, 92, 1, 91, 0, 0, 0
2130, 1, 1636429723881, 1636429723973, 92, 1, 91, 0, 1, 1
2131, 1, 1636429724018, 1636429724109, 91, 0, 91, 0, 0, 0
2132, 1, 1636429724134, 1636429724241, 107, 0, 107, 0, 0, 0
2133, 1, 1636429724241, 1636429724377, 136, 0, 136, 0, 0, 0
2134, 1, 1636429724377, 1636429724470, 93, 1, 92, 0, 1, 1
2135, 1, 1636429724470, 1636429724557, 87, 0, 87, 0, 0, 0
2136, 1, 1636429724501, 1636429724593, 92, 1, 91, 0, 0, 0
2137, 1, 1636429724553, 1636429724641, 88, 1, 87, 1, 0, 1
2138, 1, 1636429724553, 1636429724642, 89, 1, 88, 0, 1, 1
2139, 1, 1636429724737, 1636429724830, 93, 1, 92, 0, 0, 0
2140, 1, 1636429724830, 1636429724926, 96, 0, 96, 0, 0, 0
2141, 1, 1636429724957, 1636429725050, 93, 1, 92, 0, 0, 0
2142, 1, 1636429725041, 1636429725134, 93, 1, 92, 0, 1, 1
2144, 1, 1636429725133, 1636429725229, 96, 1, 95, 0, 0, 0
2146, 1, 1636429725169, 1636429725261, 92, 0, 92, 0, 0, 0
2149, 1, 1636429725217, 1636429725306, 89, 0, 89, 0, 0, 0
2148, 1, 1636429725213, 1636429725306, 93, 1, 92, 0, 0, 0
2150, 1, 1636429725414, 1636429725510, 96, 0, 96, 0, 0, 0
2151, 1, 1636429725510, 1636429725602, 92, 0, 92, 0, 0, 0
2152, 1, 1636429725621, 1636429725714, 93, 1, 92, 1, 0, 1
2153, 1, 1636429725713, 1636429725805, 92, 1, 91, 0, 0, 0
2154, 1, 1636429725805, 1636429725897, 92, 1, 91, 1, 0, 1
2155, 1, 1636429725841, 1636429725933, 92, 0, 92, 0, 0, 0
2156, 1, 1636429725901, 1636429725993, 92, 0, 92, 0, 0, 0
2157, 1, 1636429725901, 1636429725993, 92, 1, 91, 0, 0, 0
2053, 1, 1636429725937, 1636429726029, 92, 1, 91, 0, 0, 0
2158, 1, 1636429726117, 1636429726209, 92, 1, 91, 0, 0, 0
2159, 1, 1636429726173, 1636429726265, 92, 0, 92, 0, 0, 0
2160, 1, 1636429726246, 1636429726337, 91, 0, 91, 0, 0, 0
2161, 1, 1636429726313, 1636429726410, 97, 1, 96, 0, 0, 0
2162, 1, 1636429726389, 1636429726481, 92, 1, 91, 0, 1, 1
2163, 1, 1636429726474, 1636429726565, 91, 0, 91, 0, 0, 0
2164, 1, 1636429726513, 1636429726601, 88, 1, 87, 0, 0, 0
2165, 1, 1636429726573, 1636429726666, 93, 1, 92, 1, 0, 1
2166, 1, 1636429726573, 1636429726666, 93, 1, 92, 1, 0, 1
2167, 1, 1636429726693, 1636429726790, 97, 0, 97, 0, 0, 0
2168, 1, 1636429726789, 1636429726877, 88, 1, 87, 0, 0, 0
2169, 1, 1636429726845, 1636429726929, 84, 0, 84, 0, 0, 0
2170, 1, 1636429726913, 1636429727001, 88, 0, 88, 0, 0, 0
2171, 1, 1636429727001, 1636429727093, 92, 0, 92, 0, 0, 0
2172, 1, 1636429727053, 1636429727141, 88, 1, 87, 1, 0, 1
2173, 1, 1636429727133, 1636429727225, 92, 1, 91, 0, 0, 0
2174, 1, 1636429727181, 1636429727269, 88, 0, 88, 0, 0, 0
2175, 1, 1636429727233, 1636429727326, 93, 1, 92, 1, 0, 1
2176, 1, 1636429727233, 1636429727326, 93, 1, 92, 0, 0, 0
2177, 1, 1636429727361, 1636429727449, 88, 1, 87, 0, 0, 0
2178, 1, 1636429727449, 1636429727546, 97, 1, 96, 0, 1, 1
2179, 1, 1636429727505, 1636429727597, 92, 1, 91, 0, 0, 0
2180, 1, 1636429727577, 1636429727665, 88, 1, 87, 0, 0, 0
2181, 1, 1636429727665, 1636429727757, 92, 1, 91, 0, 1, 1
2182, 1, 1636429727713, 1636429727801, 88, 0, 88, 0, 0, 0
2183, 1, 1636429727801, 1636429727893, 92, 0, 92, 0, 0, 0
2184, 1, 1636429727845, 1636429727937, 92, 0, 92, 0, 0, 0
2185, 1, 1636429727905, 1636429727997, 92, 1, 91, 0, 0, 0
2186, 1, 1636429727905, 1636429727997, 92, 1, 91, 0, 0, 0
2187, 1, 1636429728025, 1636429728117, 92, 1, 91, 0, 0, 0
2189, 1, 1636429728173, 1636429728266, 93, 1, 92, 1, 0, 1
2190, 1, 1636429728245, 1636429728333, 88, 1, 87, 0, 0, 0
2188, 1, 1636429728297, 1636429728385, 88, 1, 87, 1, 0, 1
2191, 1, 1636429728333, 1636429728425, 92, 1, 91, 0, 1, 1
2192, 1, 1636429728381, 1636429728469, 88, 0, 88, 0, 0, 0
2193, 1, 1636429728465, 1636429728558, 93, 0, 93, 0, 0, 0
2194, 1, 1636429728521, 1636429728613, 92, 0, 92, 0, 0, 0
2195, 1, 1636429728565, 1636429728657, 92, 1, 91, 0, 0, 0
2197, 1, 1636429728709, 1636429728801, 92, 0, 92, 0, 0, 0
2196, 1, 1636429728749, 1636429728846, 97, 1, 96, 1, 0, 1
2198, 1, 1636429728845, 1636429728937, 92, 1, 91, 0, 0, 0
2199, 1, 1636429728909, 1636429729001, 92, 0, 92, 0, 0, 0
2201, 1, 1636429729017, 1636429729110, 93, 1, 92, 0, 1, 1
2203, 1, 1636429729133, 1636429729225, 92, 1, 91, 0, 1, 1
2204, 1, 1636429729193, 1636429729285, 92, 0, 92, 0, 0, 0
2202, 1, 1636429729205, 1636429729297, 92, 1, 91, 1, 0, 1
2205, 1, 1636429729237, 1636429729329, 92, 1, 91, 0, 0, 0
2206, 1, 1636429729374, 1636429729461, 87, 0, 87, 0, 0, 0
2208, 1, 1636429729513, 1636429729606, 93, 1, 92, 0, 1, 1
2209, 1, 1636429729578, 1636429729669, 91, 0, 91, 0, 0, 0
2210, 1, 1636429729685, 1636429729777, 92, 1, 91, 1, 0, 1
2211, 1, 1636429729817, 1636429729905, 88, 1, 87, 0, 0, 0
2212, 1, 1636429729861, 1636429729957, 96, 0, 96, 0, 0, 0
2214, 1, 1636429729905, 1636429729997, 92, 1, 91, 0, 1, 1
2215, 1, 1636429730038, 1636429730129, 91, 0, 91, 0, 0, 0
2216, 1, 1636429730181, 1636429730274, 93, 1, 92, 0, 0, 0
2217, 1, 1636429730238, 1636429730329, 91, 0, 91, 0, 0, 0
2219, 1, 1636429730485, 1636429730577, 92, 1, 91, 1, 0, 1
2220, 1, 1636429730537, 1636429730629, 92, 1, 91, 1, 0, 1
2221, 1, 1636429730573, 1636429730661, 88, 1, 87, 1, 0, 1
2222, 1, 1636429730702, 1636429730794, 92, 0, 92, 0, 0, 0
2223, 1, 1636429730845, 1636429730938, 93, 1, 92, 0, 0, 0
2225, 1, 1636429731154, 1636429731241, 87, 0, 87, 0, 0, 0
2226, 1, 1636429731205, 1636429731297, 92, 0, 92, 0, 0, 0
2227, 1, 1636429731238, 1636429731329, 91, 0, 91, 0, 0, 0
2229, 1, 1636429731510, 1636429731602, 92, 0, 92, 0, 0, 0
2230, 1, 1636429731822, 1636429731913, 91, 0, 91, 0, 0, 0
2231, 1, 1636429731873, 1636429731965, 92, 1, 91, 0, 1, 1
2232, 1, 1636429731913, 1636429732005, 92, 1, 91, 0, 0, 0
2233, 1, 1636429732182, 1636429732273, 91, 0, 91, 0, 0, 0
2234, 1, 1636429732494, 1636429732586, 92, 0, 92, 0, 0, 0
2235, 1, 1636429732541, 1636429732629, 88, 0, 88, 0, 0, 0
2236, 1, 1636429732586, 1636429732673, 87, 0, 87, 0, 0, 0
2237, 1, 1636429732853, 1636429732946, 93, 1, 92, 0, 0, 0
2239, 1, 1636429733209, 1636429733301, 92, 0, 92, 0, 0, 0
2240, 1, 1636429733254, 1636429733346, 92, 0, 92, 0, 0, 0
2241, 1, 1636429733521, 1636429733614, 93, 1, 92, 0, 1, 1
2242, 1, 1636429733881, 1636429733970, 89, 0, 89, 0, 0, 0
2243, 1, 1636429733926, 1636429734017, 91, 0, 91, 0, 0, 0
2244, 1, 1636429734197, 1636429734289, 92, 1, 91, 0, 1, 1
2245, 1, 1636429734549, 1636429734641, 92, 1, 91, 0, 0, 0
2247, 1, 1636429734877, 1636429735090, 213, 0, 213, 0, 0, 0
2248, 1, 1636429735278, 1636429735370, 92, 0, 92, 0, 0, 0
2249, 1, 1636429735598, 1636429735689, 91, 0, 91, 0, 0, 0
2252, 1, 1636429735661, 1636429735753, 92, 1, 91, 1, 0, 1
2253, 1, 1636429735950, 1636429736042, 92, 0, 92, 0, 0, 0
2254, 1, 1636429736274, 1636429736366, 92, 0, 92, 0, 0, 0
2255, 1, 1636429736334, 1636429736425, 91, 0, 91, 0, 0, 0
2256, 1, 1636429736629, 1636429736721, 92, 0, 92, 0, 0, 0
2257, 1, 1636429736938, 1636429737029, 91, 0, 91, 0, 0, 0
2258, 1, 1636429737014, 1636429737106, 92, 0, 92, 0, 0, 0
2259, 1, 1636429737306, 1636429737398, 92, 0, 92, 0, 0, 0
2260, 1, 1636429737614, 1636429737706, 92, 0, 92, 0, 0, 0
2262, 1, 1636429737982, 1636429738074, 92, 0, 92, 0, 0, 0
2263, 1, 1636429738286, 1636429738378, 92, 0, 92, 0, 0, 0
2266, 1, 1636429741238, 1636429741330, 92, 0, 92, 0, 0, 0
2267, 1, 1636429741694, 1636429741786, 92, 0, 92, 0, 0, 0
2268, 1, 1636429741914, 1636429742006, 92, 0, 92, 0, 0, 0
2269, 1, 1636429742370, 1636429742462, 92, 0, 92, 0, 0, 0
2270, 1, 1636429742586, 1636429742678, 92, 0, 92, 0, 0, 0
2271, 1, 1636429743050, 1636429743142, 92, 0, 92, 0, 0, 0
2272, 1, 1636429743254, 1636429743346, 92, 0, 92, 0, 0, 0
2273, 1, 1636429743717, 1636429743810, 93, 1, 92, 0, 0, 0
2274, 1, 1636429743929, 1636429744022, 93, 1, 92, 0, 1, 1
2275, 1, 1636429744390, 1636429744482, 92, 0, 92, 0, 0, 0
2276, 1, 1636429744646, 1636429744737, 91, 0, 91, 0, 0, 0
2277, 1, 1636429745098, 1636429745190, 92, 0, 92, 0, 0, 0
2278, 1, 1636429745318, 1636429745410, 92, 0, 92, 0, 0, 0
2264, 1, 1636429745653, 1636429745745, 92, 1, 91, 1, 0, 1
2279, 1, 1636429745790, 1636429745882, 92, 0, 92, 0, 0, 0
2280, 1, 1636429745994, 1636429746085, 91, 0, 91, 0, 0, 0
2281, 1, 1636429746318, 1636429746405, 87, 0, 87, 0, 0, 0
2284, 1, 1636429746461, 1636429746554, 93, 1, 92, 0, 0, 0
2285, 1, 1636429746670, 1636429746762, 92, 0, 92, 0, 0, 0
2286, 1, 1636429746989, 1636429747077, 88, 1, 87, 0, 0, 0
2287, 1, 1636429747141, 1636429747234, 93, 1, 92, 1, 0, 1
2288, 1, 1636429747350, 1636429747445, 95, 0, 95, 0, 0, 0
2289, 1, 1636429747654, 1636429747749, 95, 0, 95, 0, 0, 0
2265, 1, 1636429747681, 1636429747773, 92, 1, 91, 1, 0, 1
2290, 1, 1636429747861, 1636429747954, 93, 1, 92, 0, 1, 1
2291, 1, 1636429747993, 1636429748085, 92, 1, 91, 1, 0, 1
2292, 1, 1636429748025, 1636429748118, 93, 1, 92, 0, 0, 0
2293, 1, 1636429748325, 1636429748418, 93, 1, 92, 1, 0, 1
2294, 1, 1636429748354, 1636429748445, 91, 0, 91, 0, 0, 0
2295, 1, 1636429748534, 1636429748625, 91, 0, 91, 0, 0, 0
2296, 1, 1636429748661, 1636429748749, 88, 0, 88, 0, 0, 0
2297, 1, 1636429748697, 1636429748789, 92, 0, 92, 0, 0, 0
2298, 1, 1636429749030, 1636429749122, 92, 0, 92, 0, 0, 0
2299, 1, 1636429749202, 1636429749289, 87, 0, 87, 0, 0, 0
2300, 1, 1636429749334, 1636429749425, 91, 0, 91, 0, 0, 0
2301, 1, 1636429749374, 1636429749465, 91, 0, 91, 0, 0, 0
2302, 1, 1636429749694, 1636429749786, 92, 0, 92, 0, 0, 0
2303, 1, 1636429749861, 1636429749954, 93, 1, 92, 1, 0, 1
2304, 1, 1636429750001, 1636429750093, 92, 1, 91, 0, 1, 1
2305, 1, 1636429750042, 1636429750134, 92, 0, 92, 0, 0, 0
2306, 1, 1636429750349, 1636429750441, 92, 1, 91, 0, 1, 1
2307, 1, 1636429750530, 1636429750626, 96, 0, 96, 0, 0, 0
2308, 1, 1636429750662, 1636429750753, 91, 0, 91, 0, 0, 0
2309, 1, 1636429750701, 1636429750794, 93, 0, 93, 0, 0, 0
2310, 1, 1636429751022, 1636429751114, 92, 0, 92, 0, 0, 0
2311, 1, 1636429751205, 1636429751297, 92, 1, 91, 1, 0, 1
2312, 1, 1636429751337, 1636429751429, 92, 1, 91, 0, 0, 0
2313, 1, 1636429751377, 1636429751470, 93, 1, 92, 0, 1, 1
2314, 1, 1636429751693, 1636429751786, 93, 1, 92, 0, 1, 1
2315, 1, 1636429751873, 1636429751966, 93, 1, 92, 1, 0, 1
2316, 1, 1636429752017, 1636429752109, 92, 1, 91, 1, 0, 1
2317, 1, 1636429752050, 1636429752142, 92, 0, 92, 0, 0, 0
2318, 1, 1636429752361, 1636429752454, 93, 1, 92, 1, 0, 1
2319, 1, 1636429752541, 1636429752634, 93, 1, 92, 0, 0, 0
2321, 1, 1636429752729, 1636429752821, 92, 0, 92, 0, 0, 0
2320, 1, 1636429752813, 1636429752901, 88, 1, 87, 0, 1, 1
2322, 1, 1636429753038, 1636429753130, 92, 0, 92, 0, 0, 0
2323, 1, 1636429753217, 1636429753310, 93, 1, 92, 0, 1, 1
2324, 1, 1636429753405, 1636429753498, 93, 1, 92, 0, 0, 0
2325, 1, 1636429753485, 1636429753577, 92, 1, 91, 0, 1, 1
2326, 1, 1636429753709, 1636429753802, 93, 1, 92, 1, 0, 1
2327, 1, 1636429753890, 1636429753977, 87, 0, 87, 0, 0, 0
2328, 1, 1636429754082, 1636429754173, 91, 0, 91, 0, 0, 0
2329, 1, 1636429754150, 1636429754241, 91, 0, 91, 0, 0, 0
2330, 1, 1636429754381, 1636429754474, 93, 0, 93, 0, 0, 0
2331, 1, 1636429754562, 1636429754654, 92, 0, 92, 0, 0, 0
2332, 1, 1636429754749, 1636429754842, 93, 1, 92, 0, 0, 0
2333, 1, 1636429754822, 1636429754909, 87, 0, 87, 0, 0, 0
2334, 1, 1636429755058, 1636429755150, 92, 0, 92, 0, 0, 0
2335, 1, 1636429755242, 1636429755334, 92, 0, 92, 0, 0, 0
2336, 1, 1636429755417, 1636429755509, 92, 1, 91, 0, 1, 1
2337, 1, 1636429755494, 1636429755586, 92, 0, 92, 0, 0, 0
2338, 1, 1636429755730, 1636429755821, 91, 0, 91, 0, 0, 0
2339, 1, 1636429755913, 1636429756006, 93, 0, 93, 0, 0, 0
2340, 1, 1636429756086, 1636429756178, 92, 0, 92, 0, 0, 0
2341, 1, 1636429756165, 1636429756278, 113, 1, 112, 0, 0, 0
2342, 1, 1636429756453, 1636429756545, 92, 1, 91, 1, 0, 1
2343, 1, 1636429756589, 1636429756681, 92, 1, 91, 1, 0, 1
2346, 1, 1636429756757, 1636429756850, 93, 0, 93, 0, 0, 0
2347, 1, 1636429756854, 1636429756945, 91, 0, 91, 0, 0, 0
2348, 1, 1636429757130, 1636429757222, 92, 0, 92, 0, 0, 0
2349, 1, 1636429757257, 1636429757350, 93, 1, 92, 1, 0, 1
2350, 1, 1636429757429, 1636429757518, 89, 1, 88, 1, 0, 1
2351, 1, 1636429757521, 1636429757614, 93, 1, 92, 0, 0, 0
2352, 1, 1636429757810, 1636429757902, 92, 0, 92, 0, 0, 0
2353, 1, 1636429757938, 1636429758030, 92, 0, 92, 0, 0, 0
2354, 1, 1636429758098, 1636429758190, 92, 0, 92, 0, 0, 0
2355, 1, 1636429758190, 1636429758282, 92, 0, 92, 0, 0, 0
2356, 1, 1636429758486, 1636429758582, 96, 0, 96, 0, 0, 0
2357, 1, 1636429758614, 1636429758706, 92, 0, 92, 0, 0, 0
2358, 1, 1636429758770, 1636429758862, 92, 0, 92, 0, 0, 0
2359, 1, 1636429758869, 1636429758962, 93, 1, 92, 0, 0, 0
2360, 1, 1636429759170, 1636429759262, 92, 0, 92, 0, 0, 0
2361, 1, 1636429759293, 1636429759386, 93, 1, 92, 1, 0, 1
2362, 1, 1636429759446, 1636429759537, 91, 0, 91, 0, 0, 0
2363, 1, 1636429759553, 1636429759646, 93, 1, 92, 1, 0, 1
2364, 1, 1636429759849, 1636429759938, 89, 1, 88, 0, 0, 0
2365, 1, 1636429759969, 1636429760062, 93, 1, 92, 0, 0, 0
2366, 1, 1636429760113, 1636429760206, 93, 1, 92, 0, 1, 1
2367, 1, 1636429760226, 1636429760318, 92, 0, 92, 0, 0, 0
2368, 1, 1636429760522, 1636429760618, 96, 0, 96, 0, 0, 0
2369, 1, 1636429760653, 1636429760745, 92, 1, 91, 0, 0, 0
2370, 1, 1636429760789, 1636429760882, 93, 0, 93, 0, 0, 0
2371, 1, 1636429760902, 1636429760993, 91, 0, 91, 0, 0, 0
2372, 1, 1636429761189, 1636429761281, 92, 1, 91, 0, 0, 0
2373, 1, 1636429761329, 1636429761421, 92, 1, 91, 0, 0, 0
2374, 1, 1636429761458, 1636429761550, 92, 0, 92, 0, 0, 0
2375, 1, 1636429761577, 1636429761670, 93, 1, 92, 1, 0, 1
2376, 1, 1636429761866, 1636429761957, 91, 0, 91, 0, 0, 0
2377, 1, 1636429762006, 1636429762098, 92, 0, 92, 0, 0, 0
2378, 1, 1636429762130, 1636429762222, 92, 0, 92, 0, 0, 0
2379, 1, 1636429762254, 1636429762345, 91, 0, 91, 0, 0, 0
2380, 1, 1636429762533, 1636429762625, 92, 1, 91, 0, 0, 0
2381, 1, 1636429762677, 1636429762770, 93, 1, 92, 0, 1, 1
2382, 1, 1636429762797, 1636429762889, 92, 1, 91, 0, 1, 1
2383, 1, 1636429762929, 1636429763022, 93, 1, 92, 0, 0, 0
2384, 1, 1636429763205, 1636429763297, 92, 1, 91, 0, 0, 0
2385, 1, 1636429763354, 1636429763446, 92, 0, 92, 0, 0, 0
2386, 1, 1636429763465, 1636429763558, 93, 1, 92, 1, 0, 1
2387, 1, 1636429763614, 1636429763706, 92, 0, 92, 0, 0, 0
2388, 1, 1636429763878, 1636429763970, 92, 0, 92, 0, 0, 0
2389, 1, 1636429764038, 1636429764129, 91, 0, 91, 0, 0, 0
2390, 1, 1636429764133, 1636429764221, 88, 1, 87, 0, 0, 0
2391, 1, 1636429764285, 1636429764382, 97, 1, 96, 1, 0, 1
2392, 1, 1636429764546, 1636429764638, 92, 0, 92, 0, 0, 0
2393, 1, 1636429764718, 1636429764810, 92, 0, 92, 0, 0, 0
2394, 1, 1636429764797, 1636429764889, 92, 1, 91, 0, 0, 0
2395, 1, 1636429764977, 1636429765070, 93, 1, 92, 1, 0, 1
2396, 1, 1636429765217, 1636429765309, 92, 1, 91, 0, 1, 1
2397, 1, 1636429765398, 1636429765494, 96, 0, 96, 0, 0, 0
2398, 1, 1636429765473, 1636429765565, 92, 0, 92, 0, 0, 0
2399, 1, 1636429765649, 1636429765742, 93, 1, 92, 1, 0, 1
2400, 1, 1636429765894, 1636429765985, 91, 0, 91, 0, 0, 0
2401, 1, 1636429766077, 1636429766169, 92, 1, 91, 0, 0, 0
2402, 1, 1636429766141, 1636429766230, 89, 1, 88, 1, 0, 1
2403, 1, 1636429766318, 1636429766410, 92, 0, 92, 0, 0, 0
2404, 1, 1636429766590, 1636429766682, 92, 0, 92, 0, 0, 0
2405, 1, 1636429766769, 1636429766857, 88, 0, 88, 0, 0, 0
2406, 1, 1636429766854, 1636429766941, 87, 0, 87, 0, 0, 0
2407, 1, 1636429766985, 1636429767078, 93, 1, 92, 1, 0, 1
2410, 1, 1636429767254, 1636429767346, 92, 0, 92, 0, 0, 0
2411, 1, 1636429767441, 1636429767533, 92, 1, 91, 0, 0, 0
2412, 1, 1636429767518, 1636429767609, 91, 0, 91, 0, 0, 0
2413, 1, 1636429767657, 1636429767750, 93, 1, 92, 1, 0, 1
2414, 1, 1636429767926, 1636429768014, 88, 0, 88, 0, 0, 0
2415, 1, 1636429768118, 1636429768210, 92, 0, 92, 0, 0, 0
2416, 1, 1636429768185, 1636429768277, 92, 1, 91, 0, 0, 0
2417, 1, 1636429768325, 1636429768422, 97, 0, 97, 0, 0, 0
2418, 1, 1636429768593, 1636429768686, 93, 1, 92, 1, 0, 1
2419, 1, 1636429768793, 1636429768882, 89, 0, 89, 0, 0, 0
2420, 1, 1636429768854, 1636429768945, 91, 0, 91, 0, 0, 0
2421, 1, 1636429768993, 1636429769081, 88, 0, 88, 0, 0, 0
2422, 1, 1636429769262, 1636429769354, 92, 0, 92, 0, 0, 0
2423, 1, 1636429769466, 1636429769554, 88, 0, 88, 0, 0, 0
2424, 1, 1636429769517, 1636429769605, 88, 1, 87, 0, 0, 0
2425, 1, 1636429769661, 1636429769750, 89, 1, 88, 0, 0, 0
2426, 1, 1636429769926, 1636429770018, 92, 0, 92, 0, 0, 0
2427, 1, 1636429770138, 1636429770230, 92, 0, 92, 0, 0, 0
2428, 1, 1636429770185, 1636429770274, 89, 0, 89, 0, 0, 0
2429, 1, 1636429770337, 1636429770430, 93, 1, 92, 1, 0, 1
2430, 1, 1636429770602, 1636429770694, 92, 0, 92, 0, 0, 0
2431, 1, 1636429770822, 1636429770913, 91, 0, 91, 0, 0, 0
2432, 1, 1636429771009, 1636429771102, 93, 1, 92, 0, 0, 0
2433, 1, 1636429771265, 1636429771358, 93, 1, 92, 1, 0, 1
2434, 1, 1636429771694, 1636429771785, 91, 0, 91, 0, 0, 0
2435, 1, 1636429771933, 1636429772022, 89, 1, 88, 0, 0, 0
2436, 1, 1636429772374, 1636429772465, 91, 0, 91, 0, 0, 0
2437, 1, 1636429772610, 1636429772702, 92, 0, 92, 0, 0, 0
2438, 1, 1636429773053, 1636429773146, 93, 1, 92, 0, 1, 1
2439, 1, 1636429773294, 1636429773386, 92, 0, 92, 0, 0, 0
2440, 1, 1636429773726, 1636429773818, 92, 0, 92, 0, 0, 0
2441, 1, 1636429773969, 1636429774062, 93, 1, 92, 0, 0, 0
2442, 1, 1636429774406, 1636429774498, 92, 0, 92, 0, 0, 0
2443, 1, 1636429774650, 1636429774742, 92, 0, 92, 0, 0, 0
2444, 1, 1636429775086, 1636429775178, 92, 0, 92, 0, 0, 0
2445, 1, 1636429775330, 1636429775422, 92, 0, 92, 0, 0, 0
2446, 1, 1636429775758, 1636429775850, 92, 0, 92, 0, 0, 0
2447, 1, 1636429776002, 1636429776094, 92, 0, 92, 0, 0, 0
2448, 1, 1636429776430, 1636429776522, 92, 0, 92, 0, 0, 0
2449, 1, 1636429776902, 1636429776994, 92, 0, 92, 0, 0, 0
2450, 1, 1636429777130, 1636429777222, 92, 0, 92, 0, 0, 0
2453, 1, 1636429777570, 1636429777662, 92, 0, 92, 0, 0, 0
2454, 1, 1636429778242, 1636429778334, 92, 0, 92, 0, 0, 0
2455, 1, 1636429778921, 1636429779014, 93, 1, 92, 0, 0, 0
2456, 1, 1636429779598, 1636429779689, 91, 0, 91, 0, 0, 0
2457, 1, 1636429780278, 1636429780370, 92, 0, 92, 0, 0, 0
2458, 1, 1636429780962, 1636429781054, 92, 0, 92, 0, 0, 0
2459, 1, 1636429781638, 1636429781730, 92, 0, 92, 0, 0, 0
2460, 1, 1636429782318, 1636429782410, 92, 0, 92, 0, 0, 0
2461, 1, 1636429783002, 1636429783094, 92, 0, 92, 0, 0, 0
2462, 1, 1636429783681, 1636429783774, 93, 0, 93, 0, 0, 0
2463, 1, 1636429784350, 1636429784441, 91, 0, 91, 0, 0, 0
2464, 1, 1636429785037, 1636429785130, 93, 0, 93, 0, 0, 0
2465, 1, 1636429785714, 1636429785806, 92, 0, 92, 0, 0, 0
2466, 1, 1636429786394, 1636429786486, 92, 0, 92, 0, 0, 0
2467, 1, 1636429787074, 1636429787214, 140, 0, 140, 0, 0, 0
2470, 1, 1636429787790, 1636429787882, 92, 0, 92, 0, 0, 0
2471, 1, 1636429788466, 1636429788557, 91, 0, 91, 0, 0, 0
2472, 1, 1636429789142, 1636429789234, 92, 0, 92, 0, 0, 0
2473, 1, 1636429789818, 1636429789909, 91, 0, 91, 0, 0, 0
2474, 1, 1636429797662, 1636429797754, 92, 0, 92, 0, 0, 0
2477, 1, 1636429808242, 1636429808334, 92, 0, 92, 0, 0, 0
2478, 1, 1636429808698, 1636429808790, 92, 0, 92, 0, 0, 0
2479, 1, 1636429808922, 1636429809013, 91, 0, 91, 0, 0, 0
2480, 1, 1636429809374, 1636429809465, 91, 0, 91, 0, 0, 0
2481, 1, 1636429809589, 1636429809681, 92, 0, 92, 0, 0, 0
2482, 1, 1636429810053, 1636429810146, 93, 1, 92, 0, 0, 0
2483, 1, 1636429810270, 1636429810362, 92, 0, 92, 0, 0, 0
2484, 1, 1636429810734, 1636429810826, 92, 0, 92, 0, 0, 0
2485, 1, 1636429810946, 1636429811037, 91, 0, 91, 0, 0, 0
2486, 1, 1636429811418, 1636429811510, 92, 0, 92, 0, 0, 0
2487, 1, 1636429811625, 1636429811717, 92, 0, 92, 0, 0, 0
2488, 1, 1636429812090, 1636429812182, 92, 0, 92, 0, 0, 0
2489, 1, 1636429812306, 1636429812398, 92, 0, 92, 0, 0, 0
2490, 1, 1636429812774, 1636429812866, 92, 0, 92, 0, 0, 0
2491, 1, 1636429812986, 1636429813078, 92, 0, 92, 0, 0, 0
2492, 1, 1636429813450, 1636429813542, 92, 0, 92, 0, 0, 0
2493, 1, 1636429813658, 1636429813750, 92, 0, 92, 0, 0, 0
2494, 1, 1636429814121, 1636429814214, 93, 1, 92, 0, 0, 0
2495, 1, 1636429814337, 1636429814430, 93, 1, 92, 0, 0, 0
2496, 1, 1636429814802, 1636429814894, 92, 0, 92, 0, 0, 0
2497, 1, 1636429815013, 1636429815106, 93, 1, 92, 0, 1, 1
2498, 1, 1636429815477, 1636429815570, 93, 1, 92, 0, 1, 1
2499, 1, 1636429815693, 1636429815786, 93, 1, 92, 0, 0, 0
2500, 1, 1636429816158, 1636429816250, 92, 0, 92, 0, 0, 0
2501, 1, 1636429816374, 1636429816466, 92, 0, 92, 0, 0, 0
2502, 1, 1636429816834, 1636429816925, 91, 0, 91, 0, 0, 0
2503, 1, 1636429817053, 1636429817145, 92, 1, 91, 0, 0, 0
2504, 1, 1636429817505, 1636429817597, 92, 1, 91, 1, 0, 1
2505, 1, 1636429817730, 1636429817822, 92, 0, 92, 0, 0, 0
2506, 1, 1636429818186, 1636429818278, 92, 0, 92, 0, 0, 0
2507, 1, 1636429818402, 1636429818494, 92, 0, 92, 0, 0, 0
2508, 1, 1636429818862, 1636429818954, 92, 0, 92, 0, 0, 0
2509, 1, 1636429819078, 1636429819169, 91, 0, 91, 0, 0, 0
2510, 1, 1636429819542, 1636429819634, 92, 0, 92, 0, 0, 0
2511, 1, 1636429819758, 1636429819850, 92, 0, 92, 0, 0, 0
2512, 1, 1636429820218, 1636429820310, 92, 0, 92, 0, 0, 0
2513, 1, 1636429820438, 1636429820530, 92, 0, 92, 0, 0, 0
2514, 1, 1636429820898, 1636429820989, 91, 0, 91, 0, 0, 0
2515, 1, 1636429821118, 1636429821210, 92, 0, 92, 0, 0, 0
2516, 1, 1636429821577, 1636429821670, 93, 1, 92, 0, 0, 0
2517, 1, 1636429821798, 1636429821889, 91, 0, 91, 0, 0, 0
2518, 1, 1636429822258, 1636429822350, 92, 0, 92, 0, 0, 0
2519, 1, 1636429822474, 1636429822566, 92, 0, 92, 0, 0, 0
2520, 1, 1636429822929, 1636429823021, 92, 1, 91, 0, 0, 0
2521, 1, 1636429823154, 1636429823245, 91, 0, 91, 0, 0, 0
2522, 1, 1636429823605, 1636429823693, 88, 1, 87, 1, 0, 1
2523, 1, 1636429823829, 1636429823921, 92, 1, 91, 0, 0, 0
2524, 1, 1636429824286, 1636429824378, 92, 0, 92, 0, 0, 0
2525, 1, 1636429824506, 1636429824598, 92, 0, 92, 0, 0, 0
2526, 1, 1636429824966, 1636429825058, 92, 0, 92, 0, 0, 0
2527, 1, 1636429825185, 1636429825278, 93, 0, 93, 0, 0, 0
2528, 1, 1636429825646, 1636429825738, 92, 0, 92, 0, 0, 0
2529, 1, 1636429825866, 1636429825958, 92, 0, 92, 0, 0, 0
2530, 1, 1636429826322, 1636429826414, 92, 0, 92, 0, 0, 0
2531, 1, 1636429826542, 1636429826634, 92, 0, 92, 0, 0, 0
2532, 1, 1636429827001, 1636429827093, 92, 1, 91, 1, 0, 1
2533, 1, 1636429827213, 1636429827306, 93, 1, 92, 1, 0, 1
2534, 1, 1636429827674, 1636429827766, 92, 0, 92, 0, 0, 0
2535, 1, 1636429827882, 1636429827973, 91, 0, 91, 0, 0, 0
2536, 1, 1636429828345, 1636429828438, 93, 0, 93, 0, 0, 0
2537, 1, 1636429828558, 1636429828649, 91, 0, 91, 0, 0, 0
2538, 1, 1636429829025, 1636429829118, 93, 1, 92, 1, 0, 1
2539, 1, 1636429829237, 1636429829330, 93, 1, 92, 0, 1, 1
2540, 1, 1636429829710, 1636429829802, 92, 0, 92, 0, 0, 0
2541, 1, 1636429829922, 1636429830018, 96, 0, 96, 0, 0, 0
2542, 1, 1636429830389, 1636429830478, 89, 1, 88, 0, 0, 0
2543, 1, 1636429830602, 1636429830694, 92, 0, 92, 0, 0, 0
2544, 1, 1636429831062, 1636429831150, 88, 0, 88, 0, 0, 0
2545, 1, 1636429831282, 1636429831374, 92, 0, 92, 0, 0, 0
2546, 1, 1636429831734, 1636429831826, 92, 0, 92, 0, 0, 0
2547, 1, 1636429831950, 1636429832042, 92, 0, 92, 0, 0, 0
2548, 1, 1636429832409, 1636429832502, 93, 1, 92, 1, 0, 1
2549, 1, 1636429832626, 1636429832718, 92, 0, 92, 0, 0, 0
2550, 1, 1636429833090, 1636429833182, 92, 0, 92, 0, 0, 0
2551, 1, 1636429833302, 1636429833394, 92, 0, 92, 0, 0, 0
2552, 1, 1636429833765, 1636429833858, 93, 1, 92, 0, 1, 1
2553, 1, 1636429833977, 1636429834070, 93, 1, 92, 0, 0, 0
2554, 1, 1636429834437, 1636429834530, 93, 1, 92, 1, 0, 1
2555, 1, 1636429834654, 1636429834741, 87, 0, 87, 0, 0, 0
2556, 1, 1636429835113, 1636429835202, 89, 0, 89, 0, 0, 0
2557, 1, 1636429835322, 1636429835410, 88, 0, 88, 0, 0, 0
2558, 1, 1636429835781, 1636429835874, 93, 1, 92, 1, 0, 1
2559, 1, 1636429835993, 1636429836086, 93, 1, 92, 0, 1, 1
2560, 1, 1636429836457, 1636429836550, 93, 1, 92, 0, 0, 0
2561, 1, 1636429836670, 1636429836761, 91, 0, 91, 0, 0, 0
2562, 1, 1636429837134, 1636429837225, 91, 0, 91, 0, 0, 0
2563, 1, 1636429837346, 1636429837438, 92, 0, 92, 0, 0, 0
2564, 1, 1636429837806, 1636429837898, 92, 0, 92, 0, 0, 0
2565, 1, 1636429838026, 1636429838118, 92, 0, 92, 0, 0, 0
2566, 1, 1636429838477, 1636429838570, 93, 1, 92, 0, 0, 0
2567, 1, 1636429838693, 1636429838786, 93, 1, 92, 0, 0, 0
2568, 1, 1636429839157, 1636429839249, 92, 0, 92, 0, 0, 0
2569, 1, 1636429839378, 1636429839470, 92, 0, 92, 0, 0, 0
2570, 1, 1636429839834, 1636429839925, 91, 0, 91, 0, 0, 0
2571, 1, 1636429840058, 1636429840149, 91, 0, 91, 0, 0, 0
2572, 1, 1636429840513, 1636429840606, 93, 1, 92, 0, 0, 0
2573, 1, 1636429840730, 1636429840821, 91, 0, 91, 0, 0, 0
2574, 1, 1636429841185, 1636429841277, 92, 1, 91, 0, 0, 0
2575, 1, 1636429841401, 1636429841493, 92, 1, 91, 0, 0, 0
2576, 1, 1636429841858, 1636429841950, 92, 0, 92, 0, 0, 0
2577, 1, 1636429842073, 1636429842166, 93, 1, 92, 1, 0, 1
2578, 1, 1636429842538, 1636429842630, 92, 0, 92, 0, 0, 0
2579, 1, 1636429842754, 1636429842846, 92, 0, 92, 0, 0, 0
2580, 1, 1636429843213, 1636429843306, 93, 1, 92, 0, 1, 1
2581, 1, 1636429843430, 1636429843521, 91, 0, 91, 0, 0, 0
2582, 1, 1636429843885, 1636429843978, 93, 1, 92, 0, 1, 1
2583, 1, 1636429844109, 1636429844202, 93, 1, 92, 0, 0, 0
2584, 1, 1636429844562, 1636429844653, 91, 0, 91, 0, 0, 0
2585, 1, 1636429844786, 1636429844878, 92, 0, 92, 0, 0, 0
2586, 1, 1636429845242, 1636429845334, 92, 0, 92, 0, 0, 0
2587, 1, 1636429845466, 1636429845558, 92, 0, 92, 0, 0, 0
2588, 1, 1636429845922, 1636429846014, 92, 0, 92, 0, 0, 0
2589, 1, 1636429846142, 1636429846234, 92, 0, 92, 0, 0, 0
2590, 1, 1636429846594, 1636429846686, 92, 0, 92, 0, 0, 0
2591, 1, 1636429846814, 1636429846906, 92, 0, 92, 0, 0, 0
2592, 1, 1636429847270, 1636429847361, 91, 0, 91, 0, 0, 0
2593, 1, 1636429847494, 1636429847586, 92, 0, 92, 0, 0, 0
2594, 1, 1636429847950, 1636429848042, 92, 0, 92, 0, 0, 0
2595, 1, 1636429848174, 1636429848265, 91, 0, 91, 0, 0, 0
2596, 1, 1636429848626, 1636429848718, 92, 0, 92, 0, 0, 0
2597, 1, 1636429848850, 1636429848942, 92, 0, 92, 0, 0, 0
2598, 1, 1636429849305, 1636429849398, 93, 1, 92, 0, 0, 0
2599, 1, 1636429849522, 1636429849614, 92, 0, 92, 0, 0, 0
2600, 1, 1636429849978, 1636429850070, 92, 0, 92, 0, 0, 0
2601, 1, 1636429869598, 1636429869690, 92, 0, 92, 0, 0, 0
2602, 1, 1636429870457, 1636429870546, 89, 0, 89, 0, 0, 0
2603, 1, 1636429870590, 1636429870682, 92, 0, 92, 0, 0, 0
2604, 1, 1636429871457, 1636429871549, 92, 1, 91, 0, 0, 0
2605, 1, 1636429871589, 1636429871682, 93, 0, 93, 0, 0, 0
2606, 1, 1636429871802, 1636429871894, 92, 0, 92, 0, 0, 0
2607, 1, 1636429872262, 1636429872354, 92, 0, 92, 0, 0, 0
2608, 1, 1636429872438, 1636429872529, 91, 0, 91, 0, 0, 0
2609, 1, 1636429872589, 1636429872682, 93, 1, 92, 0, 0, 0
2610, 1, 1636429872798, 1636429872890, 92, 0, 92, 0, 0, 0
2611, 1, 1636429872890, 1636429872978, 88, 0, 88, 0, 0, 0
2612, 1, 1636429873254, 1636429873341, 87, 0, 87, 0, 0, 0
2613, 1, 1636429873446, 1636429873537, 91, 0, 91, 0, 0, 0
2614, 1, 1636429873482, 1636429873574, 92, 0, 92, 0, 0, 0
2615, 1, 1636429873621, 1636429873713, 92, 1, 91, 0, 1, 1
2616, 1, 1636429873789, 1636429873882, 93, 1, 92, 1, 0, 1
2617, 1, 1636429873877, 1636429873969, 92, 1, 91, 1, 0, 1
2618, 1, 1636429874069, 1636429874161, 92, 1, 91, 0, 0, 0
2619, 1, 1636429874242, 1636429874333, 91, 0, 91, 0, 0, 0
2621, 1, 1636429874469, 1636429874562, 93, 1, 92, 0, 0, 0
2620, 1, 1636429874469, 1636429874562, 93, 1, 92, 1, 0, 1
2622, 1, 1636429874621, 1636429874714, 93, 1, 92, 1, 0, 1
2623, 1, 1636429874786, 1636429874874, 88, 0, 88, 0, 0, 0
2624, 1, 1636429874853, 1636429874945, 92, 1, 91, 0, 1, 1
2625, 1, 1636429874874, 1636429874965, 91, 0, 91, 0, 0, 0
2626, 1, 1636429875053, 1636429875145, 92, 0, 92, 0, 0, 0
2628, 1, 1636429875265, 1636429875357, 92, 1, 91, 0, 1, 1
2627, 1, 1636429875329, 1636429875421, 92, 1, 91, 0, 0, 0
2629, 1, 1636429875445, 1636429875537, 92, 1, 91, 0, 0, 0
2630, 1, 1636429875473, 1636429875566, 93, 1, 92, 0, 0, 0
2631, 1, 1636429875786, 1636429875877, 91, 0, 91, 0, 0, 0
2633, 1, 1636429875809, 1636429875897, 88, 1, 87, 1, 0, 1
2632, 1, 1636429875805, 1636429875897, 92, 1, 91, 0, 1, 1
2635, 1, 1636429875881, 1636429875974, 93, 1, 92, 0, 0, 0
2636, 1, 1636429876038, 1636429876130, 92, 0, 92, 0, 0, 0
2634, 1, 1636429876242, 1636429876333, 91, 0, 91, 0, 0, 0
2637, 1, 1636429876261, 1636429876353, 92, 1, 91, 1, 0, 1
2638, 1, 1636429876297, 1636429876389, 92, 1, 91, 0, 0, 0
2639, 1, 1636429876453, 1636429876546, 93, 1, 92, 1, 0, 1
2641, 1, 1636429876638, 1636429876725, 87, 0, 87, 0, 0, 0
2640, 1, 1636429876693, 1636429876786, 93, 1, 92, 0, 1, 1
2642, 1, 1636429876785, 1636429876873, 88, 1, 87, 0, 0, 0
2643, 1, 1636429876793, 1636429876882, 89, 1, 88, 0, 0, 0
2645, 1, 1636429876905, 1636429876998, 93, 1, 92, 0, 1, 1
2646, 1, 1636429877045, 1636429877138, 93, 1, 92, 0, 1, 1
2647, 1, 1636429877145, 1636429877233, 88, 1, 87, 0, 0, 0
2648, 1, 1636429877233, 1636429877325, 92, 1, 91, 0, 0, 0
2644, 1, 1636429877229, 1636429877325, 96, 0, 96, 0, 0, 0
2650, 1, 1636429877482, 1636429877573, 91, 0, 91, 0, 0, 0
2651, 1, 1636429877501, 1636429877593, 92, 1, 91, 0, 0, 0
2652, 1, 1636429877661, 1636429877754, 93, 1, 92, 1, 0, 1
2649, 1, 1636429877685, 1636429877781, 96, 1, 95, 1, 0, 1
2653, 1, 1636429877809, 1636429877902, 93, 1, 92, 1, 0, 1
2654, 1, 1636429877833, 1636429877926, 93, 1, 92, 0, 1, 1
2655, 1, 1636429877921, 1636429878013, 92, 1, 91, 1, 0, 1
2658, 1, 1636429878077, 1636429878169, 92, 1, 91, 0, 0, 0
2657, 1, 1636429878077, 1636429878169, 92, 1, 91, 0, 0, 0
2656, 1, 1636429878145, 1636429878234, 89, 1, 88, 0, 0, 0
2659, 1, 1636429878285, 1636429878381, 96, 1, 95, 1, 0, 1
2660, 1, 1636429878365, 1636429878458, 93, 1, 92, 1, 0, 1
2661, 1, 1636429878365, 1636429878458, 93, 1, 92, 1, 0, 1
2663, 1, 1636429878505, 1636429878593, 88, 1, 87, 1, 0, 1
2662, 1, 1636429878586, 1636429878677, 91, 0, 91, 0, 0, 0
2664, 1, 1636429878673, 1636429878765, 92, 1, 91, 0, 1, 1
2665, 1, 1636429878833, 1636429878921, 88, 0, 88, 0, 0, 0
2666, 1, 1636429878845, 1636429878933, 88, 0, 88, 0, 0, 0
2667, 1, 1636429878857, 1636429878953, 96, 0, 96, 0, 0, 0
2668, 1, 1636429878877, 1636429878973, 96, 0, 96, 0, 0, 0
2670, 1, 1636429879057, 1636429879149, 92, 1, 91, 0, 0, 0
2671, 1, 1636429879077, 1636429879169, 92, 1, 91, 0, 0, 0
2673, 1, 1636429879285, 1636429879373, 88, 0, 88, 0, 0, 0
2674, 1, 1636429879293, 1636429879381, 88, 0, 88, 0, 0, 0
2672, 1, 1636429879318, 1636429879405, 87, 0, 87, 0, 0, 0
2669, 1, 1636429879329, 1636429879418, 89, 0, 89, 0, 0, 0
2677, 1, 1636429879502, 1636429879593, 91, 0, 91, 0, 0, 0
2678, 1, 1636429879637, 1636429879730, 93, 0, 93, 0, 0, 0
2676, 1, 1636429879786, 1636429879877, 91, 0, 91, 0, 0, 0
2679, 1, 1636429879814, 1636429879905, 91, 0, 91, 0, 0, 0
2681, 1, 1636429879853, 1636429879946, 93, 1, 92, 1, 0, 1
2682, 1, 1636429879857, 1636429879949, 92, 1, 91, 0, 1, 1
2684, 1, 1636429879993, 1636429880085, 92, 1, 91, 0, 1, 1
2685, 1, 1636429880057, 1636429880149, 92, 1, 91, 0, 0, 0
2688, 1, 1636429880261, 1636429880357, 96, 1, 95, 0, 0, 0
2689, 1, 1636429880265, 1636429880357, 92, 1, 91, 1, 0, 1
2687, 1, 1636429880309, 1636429880402, 93, 1, 92, 0, 0, 0
2692, 1, 1636429880477, 1636429880574, 97, 1, 96, 0, 0, 0
2691, 1, 1636429880477, 1636429880577, 100, 1, 99, 1, 0, 1
2693, 1, 1636429880629, 1636429880721, 92, 1, 91, 1, 0, 1
2694, 1, 1636429880798, 1636429880893, 95, 0, 95, 0, 0, 0
2696, 1, 1636429880861, 1636429880953, 92, 1, 91, 0, 0, 0
2697, 1, 1636429880953, 1636429881046, 93, 1, 92, 0, 0, 0
2699, 1, 1636429881085, 1636429881177, 92, 1, 91, 1, 0, 1
2701, 1, 1636429881253, 1636429881345, 92, 1, 91, 1, 0, 1
2702, 1, 1636429881301, 1636429881389, 88, 0, 88, 0, 0, 0
2703, 1, 1636429881441, 1636429881534, 93, 0, 93, 0, 0, 0
2704, 1, 1636429881489, 1636429881581, 92, 0, 92, 0, 0, 0
2705, 1, 1636429881618, 1636429881714, 96, 0, 96, 0, 0, 0
2707, 1, 1636429881793, 1636429881886, 93, 1, 92, 0, 0, 0
2709, 1, 1636429881949, 1636429882041, 92, 1, 91, 1, 0, 1
2710, 1, 1636429882074, 1636429882166, 92, 0, 92, 0, 0, 0
2708, 1, 1636429882074, 1636429882166, 92, 0, 92, 0, 0, 0
2712, 1, 1636429882213, 1636429882305, 92, 1, 91, 0, 0, 0
2713, 1, 1636429882321, 1636429882417, 96, 1, 95, 0, 0, 0
2715, 1, 1636429882525, 1636429882617, 92, 1, 91, 0, 0, 0
2714, 1, 1636429882534, 1636429882625, 91, 0, 91, 0, 0, 0
2716, 1, 1636429882629, 1636429882722, 93, 0, 93, 0, 0, 0
2718, 1, 1636429882814, 1636429882905, 91, 0, 91, 0, 0, 0
2719, 1, 1636429882821, 1636429882918, 97, 1, 96, 0, 1, 1
2720, 1, 1636429882918, 1636429883005, 87, 0, 87, 0, 0, 0
2722, 1, 1636429883222, 1636429883314, 92, 0, 92, 0, 0, 0
2723, 1, 1636429883301, 1636429883389, 88, 1, 87, 0, 0, 0
2724, 1, 1636429883401, 1636429883493, 92, 0, 92, 0, 0, 0
2725, 1, 1636429883490, 1636429883582, 92, 0, 92, 0, 0, 0
2726, 1, 1636429883593, 1636429883685, 92, 1, 91, 0, 0, 0
2727, 1, 1636429883798, 1636429883890, 92, 0, 92, 0, 0, 0
2729, 1, 1636429883946, 1636429884037, 91, 0, 91, 0, 0, 0
2728, 1, 1636429883946, 1636429884037, 91, 0, 91, 0, 0, 0
2730, 1, 1636429884218, 1636429884309, 91, 0, 91, 0, 0, 0
2732, 1, 1636429884377, 1636429884469, 92, 1, 91, 0, 1, 1
2733, 1, 1636429884469, 1636429884561, 92, 0, 92, 0, 0, 0
2734, 1, 1636429884601, 1636429884689, 88, 1, 87, 0, 1, 1
2736, 1, 1636429884833, 1636429884926, 93, 1, 92, 0, 1, 1
2737, 1, 1636429884985, 1636429885077, 92, 1, 91, 0, 1, 1
2738, 1, 1636429885250, 1636429885341, 91, 0, 91, 0, 0, 0
2739, 1, 1636429885393, 1636429885485, 92, 0, 92, 0, 0, 0
2740, 1, 1636429885430, 1636429885518, 88, 0, 88, 0, 0, 0
2741, 1, 1636429885593, 1636429885686, 93, 1, 92, 1, 0, 1
2742, 1, 1636429885809, 1636429885902, 93, 1, 92, 0, 0, 0
2743, 1, 1636429885985, 1636429886078, 93, 1, 92, 1, 0, 1
2744, 1, 1636429886286, 1636429886377, 91, 0, 91, 0, 0, 0
2745, 1, 1636429886381, 1636429886470, 89, 1, 88, 0, 0, 0
2746, 1, 1636429886429, 1636429886521, 92, 0, 92, 0, 0, 0
2747, 1, 1636429886554, 1636429886645, 91, 0, 91, 0, 0, 0
2748, 1, 1636429886826, 1636429886918, 92, 0, 92, 0, 0, 0
2749, 1, 1636429887022, 1636429887114, 92, 0, 92, 0, 0, 0
2750, 1, 1636429887250, 1636429887337, 87, 0, 87, 0, 0, 0
2751, 1, 1636429887377, 1636429887469, 92, 0, 92, 0, 0, 0
2752, 1, 1636429887405, 1636429887498, 93, 0, 93, 0, 0, 0
2753, 1, 1636429887557, 1636429887645, 88, 1, 87, 1, 0, 1
2754, 1, 1636429887826, 1636429887918, 92, 0, 92, 0, 0, 0
2755, 1, 1636429888005, 1636429888098, 93, 0, 93, 0, 0, 0
2756, 1, 1636429888254, 1636429888346, 92, 0, 92, 0, 0, 0
2757, 1, 1636429888409, 1636429888501, 92, 1, 91, 0, 1, 1
2758, 1, 1636429888421, 1636429888509, 88, 1, 87, 0, 1, 1
2759, 1, 1636429888590, 1636429888682, 92, 0, 92, 0, 0, 0
2760, 1, 1636429888822, 1636429888914, 92, 0, 92, 0, 0, 0
2761, 1, 1636429889005, 1636429889101, 96, 1, 95, 0, 1, 1
2762, 1, 1636429889282, 1636429889374, 92, 0, 92, 0, 0, 0
2764, 1, 1636429889466, 1636429889553, 87, 0, 87, 0, 0, 0
2763, 1, 1636429889466, 1636429889554, 88, 0, 88, 0, 0, 0
2765, 1, 1636429889557, 1636429889646, 89, 0, 89, 0, 0, 0
2766, 1, 1636429889822, 1636429889954, 132, 0, 132, 0, 0, 0
2767, 1, 1636429890046, 1636429890138, 92, 0, 92, 0, 0, 0
2768, 1, 1636429890286, 1636429890381, 95, 0, 95, 0, 0, 0
2769, 1, 1636429890433, 1636429890525, 92, 1, 91, 1, 0, 1
2770, 1, 1636429890433, 1636429890525, 92, 1, 91, 1, 0, 1
2773, 1, 1636429890565, 1636429890658, 93, 2, 91, 0, 0, 0
2772, 1, 1636429890565, 1636429890658, 93, 1, 92, 0, 0, 0
2775, 1, 1636429890565, 1636429890658, 93, 2, 91, 0, 0, 0
2777, 1, 1636429890818, 1636429890914, 96, 0, 96, 0, 0, 0
2778, 1, 1636429891086, 1636429891177, 91, 0, 91, 0, 0, 0
2779, 1, 1636429891165, 1636429891257, 92, 1, 91, 0, 0, 0
2781, 1, 1636429891325, 1636429891413, 88, 0, 88, 0, 0, 0
2782, 1, 1636429891369, 1636429891501, 132, 0, 132, 0, 0, 0
2783, 1, 1636429891433, 1636429891525, 92, 0, 92, 0, 0, 0
2784, 1, 1636429891433, 1636429891525, 92, 0, 92, 0, 0, 0
2786, 1, 1636429891501, 1636429891593, 92, 1, 91, 0, 1, 1
2787, 1, 1636429891593, 1636429891685, 92, 1, 91, 0, 1, 1
2785, 1, 1636429891617, 1636429891710, 93, 1, 92, 0, 0, 0
2788, 1, 1636429891809, 1636429891902, 93, 0, 93, 0, 0, 0
2791, 1, 1636429892113, 1636429892201, 88, 1, 87, 0, 0, 0
2790, 1, 1636429892110, 1636429892202, 92, 0, 92, 0, 0, 0
2792, 1, 1636429892289, 1636429892381, 92, 1, 91, 0, 0, 0
2793, 1, 1636429892350, 1636429892445, 95, 0, 95, 0, 0, 0
2796, 1, 1636429892433, 1636429892525, 92, 1, 91, 1, 0, 1
2797, 1, 1636429892433, 1636429892526, 93, 1, 92, 1, 0, 1
2799, 1, 1636429892541, 1636429892634, 93, 0, 93, 0, 0, 0
2795, 1, 1636429892593, 1636429892685, 92, 1, 91, 0, 0, 0
2800, 1, 1636429892777, 1636429892870, 93, 1, 92, 0, 0, 0
2802, 1, 1636429893057, 1636429893149, 92, 1, 91, 1, 0, 1
2803, 1, 1636429893073, 1636429893162, 89, 1, 88, 1, 0, 1
2804, 1, 1636429893257, 1636429893349, 92, 1, 91, 0, 0, 0
2805, 1, 1636429893349, 1636429893441, 92, 1, 91, 1, 0, 1
2807, 1, 1636429893401, 1636429893485, 84, 0, 84, 0, 0, 0
2808, 1, 1636429893405, 1636429893493, 88, 0, 88, 0, 0, 0
2806, 1, 1636429893409, 1636429893497, 88, 0, 88, 0, 0, 0
2809, 1, 1636429893525, 1636429893617, 92, 1, 91, 0, 0, 0
2810, 1, 1636429893557, 1636429893650, 93, 1, 92, 1, 0, 1
2811, 1, 1636429893737, 1636429893830, 93, 1, 92, 0, 1, 1
2812, 1, 1636429894009, 1636429894101, 92, 1, 91, 0, 0, 0
2813, 1, 1636429894029, 1636429894122, 93, 0, 93, 0, 0, 0
2814, 1, 1636429894265, 1636429894353, 88, 0, 88, 0, 0, 0
2735, 1, 1636429894305, 1636429894393, 88, 0, 88, 0, 0, 0
2815, 1, 1636429894353, 1636429894441, 88, 1, 87, 0, 1, 1
2816, 1, 1636429894393, 1636429894485, 92, 1, 91, 0, 0, 0
2817, 1, 1636429894397, 1636429894489, 92, 0, 92, 0, 0, 0
2819, 1, 1636429894437, 1636429894525, 88, 1, 87, 1, 0, 1
2818, 1, 1636429894477, 1636429894569, 92, 1, 91, 0, 0, 0
2820, 1, 1636429894609, 1636429894702, 93, 0, 93, 0, 0, 0
2822, 1, 1636429894701, 1636429894798, 97, 1, 96, 0, 0, 0
2821, 1, 1636429894849, 1636429894942, 93, 1, 92, 1, 0, 1
2825, 1, 1636429895069, 1636429895161, 92, 1, 91, 1, 0, 1
2823, 1, 1636429895069, 1636429895162, 93, 1, 92, 1, 0, 1
2824, 1, 1636429895161, 1636429895253, 92, 1, 91, 1, 0, 1
2826, 1, 1636429895201, 1636429895294, 93, 0, 93, 0, 0, 0
2827, 1, 1636429895297, 1636429895389, 92, 1, 91, 0, 1, 1
2828, 1, 1636429895349, 1636429895437, 88, 1, 87, 0, 1, 1
2829, 1, 1636429895381, 1636429895470, 89, 1, 88, 1, 0, 1
2831, 1, 1636429895425, 1636429895513, 88, 0, 88, 0, 0, 0
2830, 1, 1636429895513, 1636429895601, 88, 1, 87, 1, 0, 1
2832, 1, 1636429895513, 1636429895601, 88, 1, 87, 0, 0, 0
2833, 1, 1636429895557, 1636429895645, 88, 0, 88, 0, 0, 0
2834, 1, 1636429895737, 1636429895834, 97, 1, 96, 1, 0, 1
2835, 1, 1636429895962, 1636429896053, 91, 0, 91, 0, 0, 0
2836, 1, 1636429895998, 1636429896085, 87, 0, 87, 0, 0, 0
2837, 1, 1636429896078, 1636429896169, 91, 0, 91, 0, 0, 0
2838, 1, 1636429896229, 1636429896321, 92, 1, 91, 0, 1, 1
2839, 1, 1636429896262, 1636429896349, 87, 0, 87, 0, 0, 0
2840, 1, 1636429896334, 1636429896425, 91, 0, 91, 0, 0, 0
2841, 1, 1636429896385, 1636429896473, 88, 1, 87, 1, 0, 1
2843, 1, 1636429896437, 1636429896529, 92, 1, 91, 0, 0, 0
2844, 1, 1636429896497, 1636429896585, 88, 0, 88, 0, 0, 0
2842, 1, 1636429896529, 1636429896621, 92, 1, 91, 1, 0, 1
2845, 1, 1636429896541, 1636429896629, 88, 1, 87, 0, 1, 1
2846, 1, 1636429896754, 1636429896845, 91, 0, 91, 0, 0, 0
2847, 1, 1636429896945, 1636429897037, 92, 0, 92, 0, 0, 0
2848, 1, 1636429897021, 1636429897113, 92, 1, 91, 1, 0, 1
2849, 1, 1636429897086, 1636429897177, 91, 0, 91, 0, 0, 0
2850, 1, 1636429897237, 1636429897330, 93, 1, 92, 0, 0, 0
2851, 1, 1636429897301, 1636429897393, 92, 0, 92, 0, 0, 0
2852, 1, 1636429897345, 1636429897437, 92, 1, 91, 1, 0, 1
2855, 1, 1636429897465, 1636429897553, 88, 0, 88, 0, 0, 0
2856, 1, 1636429897501, 1636429897589, 88, 1, 87, 1, 0, 1
2854, 1, 1636429897525, 1636429897617, 92, 1, 91, 0, 0, 0
2857, 1, 1636429897549, 1636429897641, 92, 0, 92, 0, 0, 0
2858, 1, 1636429897717, 1636429897809, 92, 1, 91, 0, 1, 1
2853, 1, 1636429897757, 1636429897850, 93, 1, 92, 0, 0, 0
2859, 1, 1636429897958, 1636429898049, 91, 0, 91, 0, 0, 0
2860, 1, 1636429898017, 1636429898106, 89, 1, 88, 0, 0, 0
2861, 1, 1636429898113, 1636429898205, 92, 1, 91, 0, 0, 0
2863, 1, 1636429898298, 1636429898389, 91, 0, 91, 0, 0, 0
2864, 1, 1636429898362, 1636429898454, 92, 0, 92, 0, 0, 0
2865, 1, 1636429898425, 1636429898513, 88, 0, 88, 0, 0, 0
2862, 1, 1636429898465, 1636429898553, 88, 1, 87, 1, 0, 1
2868, 1, 1636429898509, 1636429898598, 89, 1, 88, 0, 0, 0
2869, 1, 1636429898557, 1636429898649, 92, 0, 92, 0, 0, 0
2866, 1, 1636429898561, 1636429898650, 89, 0, 89, 0, 0, 0
2867, 1, 1636429898809, 1636429898901, 92, 1, 91, 0, 0, 0
2872, 1, 1636429898990, 1636429899086, 96, 0, 96, 0, 0, 0
2874, 1, 1636429899221, 1636429899317, 96, 1, 95, 0, 0, 0
2873, 1, 1636429899261, 1636429899357, 96, 1, 95, 0, 0, 0
2875, 1, 1636429899338, 1636429899429, 91, 0, 91, 0, 0, 0
2876, 1, 1636429899361, 1636429899449, 88, 1, 87, 0, 1, 1
2877, 1, 1636429899394, 1636429899485, 91, 0, 91, 0, 0, 0
2879, 1, 1636429899490, 1636429899577, 87, 0, 87, 0, 0, 0
2880, 1, 1636429899537, 1636429899625, 88, 1, 87, 0, 1, 1
2881, 1, 1636429899537, 1636429899629, 92, 1, 91, 1, 0, 1
2878, 1, 1636429899717, 1636429899809, 92, 1, 91, 0, 0, 0
2882, 1, 1636429899978, 1636429900069, 91, 0, 91, 0, 0, 0
2883, 1, 1636429900073, 1636429900161, 88, 1, 87, 1, 0, 1
2884, 1, 1636429900209, 1636429900301, 92, 1, 91, 0, 0, 0
2886, 1, 1636429900365, 1636429900465, 100, 1, 99, 0, 0, 0
2887, 1, 1636429900365, 1636429900469, 104, 1, 103, 0, 1, 1
2888, 1, 1636429900557, 1636429900645, 88, 0, 88, 0, 0, 0
2890, 1, 1636429900553, 1636429900646, 93, 1, 92, 0, 1, 1
2889, 1, 1636429900553, 1636429900645, 92, 1, 91, 0, 1, 1
2891, 1, 1636429900641, 1636429900734, 93, 1, 92, 1, 0, 1
2894, 1, 1636429900969, 1636429901061, 92, 1, 91, 0, 0, 0
2896, 1, 1636429901105, 1636429901233, 128, 1, 127, 0, 0, 0
2897, 1, 1636429901233, 1636429901325, 92, 0, 92, 0, 0, 0
2898, 1, 1636429901329, 1636429901421, 92, 1, 91, 0, 0, 0
2899, 1, 1636429901338, 1636429901429, 91, 0, 91, 0, 0, 0
2901, 1, 1636429901493, 1636429901585, 92, 1, 91, 0, 1, 1
2902, 1, 1636429901501, 1636429901594, 93, 1, 92, 1, 0, 1
2900, 1, 1636429901589, 1636429901677, 88, 1, 87, 0, 0, 0
2903, 1, 1636429901593, 1636429901681, 88, 1, 87, 0, 0, 0
2905, 1, 1636429901981, 1636429902074, 93, 1, 92, 0, 1, 1
2906, 1, 1636429902126, 1636429902218, 92, 0, 92, 0, 0, 0
2908, 1, 1636429902205, 1636429902369, 164, 1, 163, 0, 1, 1
2909, 1, 1636429902369, 1636429902461, 92, 1, 91, 0, 1, 1
2910, 1, 1636429902369, 1636429902461, 92, 1, 91, 1, 0, 1
2801, 1, 1636429902501, 1636429902593, 92, 1, 91, 0, 0, 0
2912, 1, 1636429902553, 1636429902641, 88, 1, 87, 0, 0, 0
2911, 1, 1636429902577, 1636429902669, 92, 1, 91, 1, 0, 1
2913, 1, 1636429902589, 1636429902681, 92, 1, 91, 1, 0, 1
2916, 1, 1636429902777, 1636429902870, 93, 1, 92, 1, 0, 1
2917, 1, 1636429902969, 1636429903061, 92, 1, 91, 0, 0, 0
2914, 1, 1636429902993, 1636429903086, 93, 1, 92, 0, 0, 0
2920, 1, 1636429903197, 1636429903289, 92, 1, 91, 0, 1, 1
2921, 1, 1636429903313, 1636429903402, 89, 0, 89, 0, 0, 0
2922, 1, 1636429903357, 1636429903449, 92, 1, 91, 0, 0, 0
2919, 1, 1636429903437, 1636429903530, 93, 0, 93, 0, 0, 0
2924, 1, 1636429903493, 1636429903585, 92, 0, 92, 0, 0, 0
2925, 1, 1636429903529, 1636429903621, 92, 1, 91, 1, 0, 1
2926, 1, 1636429903658, 1636429903750, 92, 0, 92, 0, 0, 0
2927, 1, 1636429903805, 1636429903894, 89, 1, 88, 0, 0, 0
2923, 1, 1636429903894, 1636429903985, 91, 0, 91, 0, 0, 0
2928, 1, 1636429903953, 1636429904050, 97, 1, 96, 0, 1, 1
2929, 1, 1636429904141, 1636429904233, 92, 1, 91, 0, 1, 1
2930, 1, 1636429904206, 1636429904298, 92, 0, 92, 0, 0, 0
2931, 1, 1636429904289, 1636429904381, 92, 1, 91, 0, 1, 1
2932, 1, 1636429904357, 1636429904450, 93, 1, 92, 0, 0, 0
2933, 1, 1636429904469, 1636429904562, 93, 1, 92, 1, 0, 1
2934, 1, 1636429904562, 1636429904658, 96, 0, 96, 0, 0, 0
2935, 1, 1636429904573, 1636429904661, 88, 1, 87, 0, 0, 0
2936, 1, 1636429904637, 1636429904729, 92, 0, 92, 0, 0, 0
2937, 1, 1636429904658, 1636429904749, 91, 0, 91, 0, 0, 0
2938, 1, 1636429904962, 1636429905053, 91, 0, 91, 0, 0, 0
2939, 1, 1636429905118, 1636429905214, 96, 0, 96, 0, 0, 0
2940, 1, 1636429905186, 1636429905277, 91, 0, 91, 0, 0, 0
2941, 1, 1636429905285, 1636429905373, 88, 1, 87, 1, 0, 1
2942, 1, 1636429905366, 1636429905457, 91, 0, 91, 0, 0, 0
2943, 1, 1636429905461, 1636429905546, 85, 0, 85, 0, 0, 0
2944, 1, 1636429905533, 1636429905625, 92, 1, 91, 0, 1, 1
2945, 1, 1636429905581, 1636429905673, 92, 0, 92, 0, 0, 0
2946, 1, 1636429905633, 1636429905721, 88, 0, 88, 0, 0, 0
2948, 1, 1636429905941, 1636429906034, 93, 1, 92, 0, 1, 1
2949, 1, 1636429906113, 1636429906206, 93, 1, 92, 0, 0, 0
2950, 1, 1636429906169, 1636429906261, 92, 1, 91, 0, 0, 0
2951, 1, 1636429906298, 1636429906389, 91, 0, 91, 0, 0, 0
2952, 1, 1636429906353, 1636429906450, 97, 1, 96, 0, 1, 1
2953, 1, 1636429906449, 1636429906537, 88, 1, 87, 0, 0, 0
2954, 1, 1636429906537, 1636429906625, 88, 1, 87, 0, 0, 0
2955, 1, 1636429906605, 1636429906697, 92, 0, 92, 0, 0, 0
2956, 1, 1636429906649, 1636429906741, 92, 1, 91, 0, 1, 1
2957, 1, 1636429906921, 1636429907014, 93, 1, 92, 0, 0, 0
2958, 1, 1636429907094, 1636429907185, 91, 0, 91, 0, 0, 0
2959, 1, 1636429907174, 1636429907265, 91, 0, 91, 0, 0, 0
2960, 1, 1636429907321, 1636429907405, 84, 0, 84, 0, 0, 0
2961, 1, 1636429907325, 1636429907409, 84, 0, 84, 0, 0, 0
2962, 1, 1636429907485, 1636429907574, 89, 0, 89, 0, 0, 0
2963, 1, 1636429907489, 1636429907581, 92, 0, 92, 0, 0, 0
2964, 1, 1636429907589, 1636429907677, 88, 1, 87, 0, 1, 1
2965, 1, 1636429907666, 1636429907758, 92, 0, 92, 0, 0, 0
2966, 1, 1636429907926, 1636429908017, 91, 0, 91, 0, 0, 0
2967, 1, 1636429908117, 1636429908206, 89, 1, 88, 1, 0, 1
2968, 1, 1636429908182, 1636429908274, 92, 0, 92, 0, 0, 0
2969, 1, 1636429908297, 1636429908390, 93, 1, 92, 0, 0, 0
2970, 1, 1636429908337, 1636429908429, 92, 1, 91, 1, 0, 1
2971, 1, 1636429908482, 1636429908578, 96, 0, 96, 0, 0, 0
2973, 1, 1636429908569, 1636429908657, 88, 1, 87, 1, 0, 1
2972, 1, 1636429908565, 1636429908657, 92, 1, 91, 0, 0, 0
2974, 1, 1636429908745, 1636429908837, 92, 1, 91, 0, 0, 0
2885, 1, 1636429908882, 1636429908973, 91, 0, 91, 0, 0, 0
2975, 1, 1636429908929, 1636429909021, 92, 0, 92, 0, 0, 0
2976, 1, 1636429909106, 1636429909198, 92, 0, 92, 0, 0, 0
2977, 1, 1636429909206, 1636429909294, 88, 0, 88, 0, 0, 0
2978, 1, 1636429909257, 1636429909350, 93, 0, 93, 0, 0, 0
2979, 1, 1636429909269, 1636429909361, 92, 1, 91, 1, 0, 1
2980, 1, 1636429909294, 1636429909385, 91, 0, 91, 0, 0, 0
2985, 1, 1636429909545, 1636429909633, 88, 0, 88, 0, 0, 0
2984, 1, 1636429909549, 1636429909646, 97, 1, 96, 0, 0, 0
2982, 1, 1636429909557, 1636429909649, 92, 0, 92, 0, 0, 0
2981, 1, 1636429909645, 1636429909733, 88, 1, 87, 0, 0, 0
2983, 1, 1636429909721, 1636429909813, 92, 1, 91, 1, 0, 1
2986, 1, 1636429909721, 1636429909813, 92, 1, 91, 1, 0, 1
2987, 1, 1636429910094, 1636429910185, 91, 0, 91, 0, 0, 0
2988, 1, 1636429910101, 1636429910193, 92, 1, 91, 0, 0, 0
2989, 1, 1636429910177, 1636429910269, 92, 0, 92, 0, 0, 0
2990, 1, 1636429910193, 1636429910285, 92, 1, 91, 0, 0, 0
2991, 1, 1636429910221, 1636429910313, 92, 1, 91, 1, 0, 1
2992, 1, 1636429910325, 1636429910417, 92, 1, 91, 0, 0, 0
2993, 1, 1636429910366, 1636429910457, 91, 0, 91, 0, 0, 0
2994, 1, 1636429910449, 1636429910541, 92, 1, 91, 1, 0, 1
2996, 1, 1636429910525, 1636429910617, 92, 1, 91, 0, 0, 0
2997, 1, 1636429910545, 1636429910633, 88, 1, 87, 0, 0, 0
2995, 1, 1636429910633, 1636429910777, 144, 1, 143, 0, 0, 0
2998, 1, 1636429910777, 1636429910869, 92, 0, 92, 0, 0, 0
2999, 1, 1636429911041, 1636429911133, 92, 1, 91, 0, 1, 1
3000, 1, 1636429911074, 1636429911165, 91, 0, 91, 0, 0, 0
3003, 1, 1636429911173, 1636429911265, 92, 1, 91, 0, 1, 1
3001, 1, 1636429911173, 1636429911265, 92, 1, 91, 0, 1, 1
3004, 1, 1636429911217, 1636429911310, 93, 1, 92, 0, 1, 1
3005, 1, 1636429911249, 1636429911341, 92, 1, 91, 1, 0, 1
3006, 1, 1636429911309, 1636429911398, 89, 1, 88, 0, 1, 1
3008, 1, 1636429911397, 1636429911489, 92, 1, 91, 0, 0, 0
3009, 1, 1636429911438, 1636429911553, 115, 0, 115, 0, 0, 0
3011, 1, 1636429911553, 1636429911645, 92, 0, 92, 0, 0, 0
3012, 1, 1636429911569, 1636429911661, 92, 0, 92, 0, 0, 0
3010, 1, 1636429911645, 1636429911733, 88, 1, 87, 0, 0, 0
3007, 1, 1636429911645, 1636429911733, 88, 1, 87, 0, 0, 0
3013, 1, 1636429911729, 1636429911825, 96, 0, 96, 0, 0, 0
3015, 1, 1636429911961, 1636429912054, 93, 1, 92, 0, 0, 0
3014, 1, 1636429912109, 1636429912201, 92, 1, 91, 0, 1, 1
3016, 1, 1636429912109, 1636429912202, 93, 1, 92, 0, 1, 1
3018, 1, 1636429912133, 1636429912225, 92, 0, 92, 0, 0, 0
3019, 1, 1636429912201, 1636429912293, 92, 1, 91, 0, 0, 0
3020, 1, 1636429912289, 1636429912381, 92, 1, 91, 1, 0, 1
3022, 1, 1636429912337, 1636429912425, 88, 0, 88, 0, 0, 0
3023, 1, 1636429912421, 1636429912513, 92, 1, 91, 0, 1, 1
3024, 1, 1636429912453, 1636429912541, 88, 1, 87, 1, 0, 1
3027, 1, 1636429912534, 1636429912629, 95, 0, 95, 0, 0, 0
3025, 1, 1636429912581, 1636429912674, 93, 1, 92, 0, 0, 0
3029, 1, 1636429912741, 1636429912833, 92, 1, 91, 0, 0, 0
3028, 1, 1636429912777, 1636429912870, 93, 0, 93, 0, 0, 0
3031, 1, 1636429912973, 1636429913066, 93, 1, 92, 1, 0, 1
3034, 1, 1636429913133, 1636429913221, 88, 1, 87, 0, 0, 0
3033, 1, 1636429913133, 1636429913222, 89, 1, 88, 0, 0, 0
2947, 1, 1636429913170, 1636429913265, 95, 0, 95, 0, 0, 0
3035, 1, 1636429913213, 1636429913301, 88, 1, 87, 0, 1, 1
3037, 1, 1636429913313, 1636429913409, 96, 1, 95, 1, 0, 1
3036, 1, 1636429913313, 1636429913409, 96, 1, 95, 1, 0, 1
3038, 1, 1636429913437, 1636429913529, 92, 1, 91, 0, 0, 0
3039, 1, 1636429913437, 1636429913529, 92, 1, 91, 1, 0, 1
3042, 1, 1636429913517, 1636429913610, 93, 1, 92, 1, 0, 1
3043, 1, 1636429913565, 1636429913653, 88, 0, 88, 0, 0, 0
3041, 1, 1636429913582, 1636429913669, 87, 0, 87, 0, 0, 0
3044, 1, 1636429913733, 1636429913826, 93, 1, 92, 0, 0, 0
3045, 1, 1636429913841, 1636429913934, 93, 1, 92, 0, 0, 0
3046, 1, 1636429913969, 1636429914057, 88, 1, 87, 0, 0, 0
3047, 1, 1636429914081, 1636429914174, 93, 1, 92, 0, 0, 0
3048, 1, 1636429914129, 1636429914217, 88, 0, 88, 0, 0, 0
3049, 1, 1636429914209, 1636429914297, 88, 0, 88, 0, 0, 0
3051, 1, 1636429914297, 1636429914389, 92, 1, 91, 0, 0, 0
3052, 1, 1636429914401, 1636429914493, 92, 1, 91, 1, 0, 1
3053, 1, 1636429914422, 1636429914513, 91, 0, 91, 0, 0, 0
3055, 1, 1636429914517, 1636429914609, 92, 0, 92, 0, 0, 0
3056, 1, 1636429914533, 1636429914625, 92, 1, 91, 0, 0, 0
3054, 1, 1636429914573, 1636429914665, 92, 1, 91, 0, 1, 1
3057, 1, 1636429914710, 1636429914801, 91, 0, 91, 0, 0, 0
3058, 1, 1636429914845, 1636429914942, 97, 1, 96, 1, 0, 1
3059, 1, 1636429915006, 1636429915097, 91, 0, 91, 0, 0, 0
3060, 1, 1636429915069, 1636429915161, 92, 1, 91, 0, 0, 0
3061, 1, 1636429915109, 1636429915201, 92, 1, 91, 0, 0, 0
3062, 1, 1636429915205, 1636429915293, 88, 0, 88, 0, 0, 0
3063, 1, 1636429915330, 1636429915421, 91, 0, 91, 0, 0, 0
3064, 1, 1636429915406, 1636429915498, 92, 0, 92, 0, 0, 0
3065, 1, 1636429915402, 1636429915498, 96, 0, 96, 0, 0, 0
3068, 1, 1636429915549, 1636429915641, 92, 0, 92, 0, 0, 0
3066, 1, 1636429915553, 1636429915642, 89, 0, 89, 0, 0, 0
3069, 1, 1636429915681, 1636429915778, 97, 1, 96, 0, 0, 0
3070, 1, 1636429915837, 1636429915930, 93, 1, 92, 0, 0, 0
3071, 1, 1636429916033, 1636429916121, 88, 0, 88, 0, 0, 0
3072, 1, 1636429916069, 1636429916158, 89, 0, 89, 0, 0, 0
3073, 1, 1636429916113, 1636429916205, 92, 0, 92, 0, 0, 0
3074, 1, 1636429916198, 1636429916290, 92, 0, 92, 0, 0, 0
3075, 1, 1636429916305, 1636429916393, 88, 1, 87, 1, 0, 1
3076, 1, 1636429916389, 1636429916481, 92, 1, 91, 0, 1, 1
3077, 1, 1636429916389, 1636429916482, 93, 1, 92, 1, 0, 1
3079, 1, 1636429916565, 1636429916657, 92, 1, 91, 0, 1, 1
3078, 1, 1636429916565, 1636429916657, 92, 1, 91, 0, 1, 1
3080, 1, 1636429916694, 1636429916786, 92, 0, 92, 0, 0, 0
3081, 1, 1636429916857, 1636429916949, 92, 1, 91, 0, 0, 0
3082, 1, 1636429917013, 1636429917105, 92, 0, 92, 0, 0, 0
3083, 1, 1636429917057, 1636429917150, 93, 1, 92, 1, 0, 1
3084, 1, 1636429917129, 1636429917221, 92, 0, 92, 0, 0, 0
3086, 1, 1636429917293, 1636429917385, 92, 1, 91, 0, 1, 1
3087, 1, 1636429917361, 1636429917449, 88, 1, 87, 0, 1, 1
3088, 1, 1636429917401, 1636429917494, 93, 1, 92, 0, 0, 0
3090, 1, 1636429917557, 1636429917649, 92, 0, 92, 0, 0, 0
3089, 1, 1636429917593, 1636429917686, 93, 1, 92, 0, 0, 0
3091, 1, 1636429917665, 1636429917757, 92, 1, 91, 0, 1, 1
3092, 1, 1636429917857, 1636429917945, 88, 0, 88, 0, 0, 0
3093, 1, 1636429917990, 1636429918082, 92, 0, 92, 0, 0, 0
3094, 1, 1636429918037, 1636429918134, 97, 0, 97, 0, 0, 0
3095, 1, 1636429918153, 1636429918245, 92, 1, 91, 1, 0, 1
3096, 1, 1636429918277, 1636429918369, 92, 1, 91, 0, 0, 0
3098, 1, 1636429918365, 1636429918454, 89, 1, 88, 0, 1, 1
3097, 1, 1636429918361, 1636429918454, 93, 1, 92, 0, 0, 0
3100, 1, 1636429918541, 1636429918636, 95, 1, 94, 0, 1, 1
3099, 1, 1636429918606, 1636429918697, 91, 0, 91, 0, 0, 0
3101, 1, 1636429918678, 1636429918774, 96, 0, 96, 0, 0, 0
3102, 1, 1636429918854, 1636429918949, 95, 0, 95, 0, 0, 0
3103, 1, 1636429918970, 1636429919061, 91, 0, 91, 0, 0, 0
3104, 1, 1636429919046, 1636429919137, 91, 0, 91, 0, 0, 0
3105, 1, 1636429919149, 1636429919245, 96, 1, 95, 1, 0, 1
3106, 1, 1636429919277, 1636429919369, 92, 0, 92, 0, 0, 0
3108, 1, 1636429919377, 1636429919470, 93, 1, 92, 0, 0, 0
3107, 1, 1636429919377, 1636429919470, 93, 1, 92, 0, 0, 0
3110, 1, 1636429919549, 1636429919646, 97, 1, 96, 0, 0, 0
3109, 1, 1636429919601, 1636429919693, 92, 0, 92, 0, 0, 0
3111, 1, 1636429919682, 1636429919774, 92, 0, 92, 0, 0, 0
3112, 1, 1636429919850, 1636429919941, 91, 0, 91, 0, 0, 0
3113, 1, 1636429919973, 1636429920057, 84, 0, 84, 0, 0, 0
3114, 1, 1636429920053, 1636429920145, 92, 0, 92, 0, 0, 0
3115, 1, 1636429920174, 1636429920265, 91, 0, 91, 0, 0, 0
3116, 1, 1636429920249, 1636429920341, 92, 0, 92, 0, 0, 0
3117, 1, 1636429920393, 1636429920485, 92, 0, 92, 0, 0, 0
3120, 1, 1636429920525, 1636429920621, 96, 1, 95, 0, 0, 0
3121, 1, 1636429920666, 1636429920757, 91, 0, 91, 0, 0, 0
3122, 1, 1636429920881, 1636429920973, 92, 1, 91, 0, 0, 0
3123, 1, 1636429920965, 1636429921058, 93, 1, 92, 0, 0, 0
3125, 1, 1636429921182, 1636429921270, 88, 0, 88, 0, 0, 0
3126, 1, 1636429921277, 1636429921370, 93, 1, 92, 0, 1, 1
3127, 1, 1636429921373, 1636429921466, 93, 1, 92, 0, 0, 0
3128, 1, 1636429921517, 1636429921606, 89, 0, 89, 0, 0, 0
3129, 1, 1636429921693, 1636429921785, 92, 1, 91, 0, 0, 0
3130, 1, 1636429921878, 1636429921969, 91, 0, 91, 0, 0, 0
3131, 1, 1636429921969, 1636429922062, 93, 1, 92, 0, 0, 0
3132, 1, 1636429922226, 1636429922318, 92, 0, 92, 0, 0, 0
3133, 1, 1636429922294, 1636429922421, 127, 0, 127, 0, 0, 0
3134, 1, 1636429922421, 1636429922517, 96, 1, 95, 0, 1, 1
3135, 1, 1636429922517, 1636429922605, 88, 1, 87, 0, 0, 0
3136, 1, 1636429922710, 1636429922801, 91, 0, 91, 0, 0, 0
3141, 1, 1636429922877, 1636429922969, 92, 1, 91, 0, 0, 0
3142, 1, 1636429923025, 1636429923118, 93, 1, 92, 1, 0, 1
3145, 1, 1636429923294, 1636429923386, 92, 0, 92, 0, 0, 0
3147, 1, 1636429923393, 1636429923485, 92, 0, 92, 0, 0, 0
3144, 1, 1636429923478, 1636429923569, 91, 0, 91, 0, 0, 0
3085, 1, 1636429923489, 1636429923577, 88, 0, 88, 0, 0, 0
3149, 1, 1636429923709, 1636429923797, 88, 1, 87, 0, 0, 0
3151, 1, 1636429923933, 1636429924025, 92, 0, 92, 0, 0, 0
3152, 1, 1636429923978, 1636429924070, 92, 0, 92, 0, 0, 0
3153, 1, 1636429924149, 1636429924241, 92, 1, 91, 0, 0, 0
3154, 1, 1636429924233, 1636429924325, 92, 0, 92, 0, 0, 0
3067, 1, 1636429924281, 1636429924369, 88, 0, 88, 0, 0, 0
3155, 1, 1636429924325, 1636429924414, 89, 0, 89, 0, 0, 0
3156, 1, 1636429924369, 1636429924461, 92, 0, 92, 0, 0, 0
3157, 1, 1636429924594, 1636429924690, 96, 0, 96, 0, 0, 0
3158, 1, 1636429924714, 1636429924805, 91, 0, 91, 0, 0, 0
3159, 1, 1636429924898, 1636429924989, 91, 0, 91, 0, 0, 0
3161, 1, 1636429924989, 1636429925081, 92, 1, 91, 0, 1, 1
3160, 1, 1636429925054, 1636429925146, 92, 0, 92, 0, 0, 0
3162, 1, 1636429925081, 1636429925174, 93, 1, 92, 0, 0, 0
3163, 1, 1636429925213, 1636429925301, 88, 1, 87, 0, 1, 1
3164, 1, 1636429925325, 1636429925417, 92, 0, 92, 0, 0, 0
3165, 1, 1636429925377, 1636429925470, 93, 1, 92, 0, 0, 0
3166, 1, 1636429925477, 1636429925565, 88, 0, 88, 0, 0, 0
3167, 1, 1636429925685, 1636429925778, 93, 1, 92, 0, 0, 0
3168, 1, 1636429925897, 1636429925990, 93, 1, 92, 0, 0, 0
3169, 1, 1636429925917, 1636429926013, 96, 0, 96, 0, 0, 0
3170, 1, 1636429925997, 1636429926090, 93, 1, 92, 0, 0, 0
3171, 1, 1636429926054, 1636429926145, 91, 0, 91, 0, 0, 0
3172, 1, 1636429926197, 1636429926289, 92, 0, 92, 0, 0, 0
3173, 1, 1636429926305, 1636429926397, 92, 1, 91, 1, 0, 1
3174, 1, 1636429926353, 1636429926442, 89, 0, 89, 0, 0, 0
3176, 1, 1636429926678, 1636429926770, 92, 0, 92, 0, 0, 0
3177, 1, 1636429926890, 1636429926981, 91, 0, 91, 0, 0, 0
3179, 1, 1636429927005, 1636429927097, 92, 1, 91, 0, 1, 1
3180, 1, 1636429927041, 1636429927134, 93, 1, 92, 0, 1, 1
3181, 1, 1636429927166, 1636429927258, 92, 0, 92, 0, 0, 0
3182, 1, 1636429927321, 1636429927413, 92, 0, 92, 0, 0, 0
3183, 1, 1636429927338, 1636429927429, 91, 0, 91, 0, 0, 0
3184, 1, 1636429927674, 1636429927762, 88, 0, 88, 0, 0, 0
3185, 1, 1636429927922, 1636429928014, 92, 0, 92, 0, 0, 0
3186, 1, 1636429928021, 1636429928113, 92, 0, 92, 0, 0, 0
3187, 1, 1636429928030, 1636429928117, 87, 0, 87, 0, 0, 0
3189, 1, 1636429928310, 1636429928401, 91, 0, 91, 0, 0, 0
3190, 1, 1636429928326, 1636429928417, 91, 0, 91, 0, 0, 0
3191, 1, 1636429928646, 1636429928733, 87, 0, 87, 0, 0, 0
3192, 1, 1636429928938, 1636429929029, 91, 0, 91, 0, 0, 0
3193, 1, 1636429929013, 1636429929105, 92, 1, 91, 0, 0, 0
3194, 1, 1636429929045, 1636429929138, 93, 0, 93, 0, 0, 0
3196, 1, 1636429929301, 1636429929389, 88, 1, 87, 0, 0, 0
3195, 1, 1636429929301, 1636429929389, 88, 1, 87, 1, 0, 1
3197, 1, 1636429929625, 1636429929718, 93, 0, 93, 0, 0, 0
3198, 1, 1636429929921, 1636429930013, 92, 0, 92, 0, 0, 0
3199, 1, 1636429929981, 1636429930073, 92, 1, 91, 0, 1, 1
3200, 1, 1636429930057, 1636429930149, 92, 1, 91, 1, 0, 1
3201, 1, 1636429930277, 1636429930369, 92, 1, 91, 1, 0, 1
3202, 1, 1636429930301, 1636429930394, 93, 1, 92, 1, 0, 1
3124, 1, 1636429930502, 1636429930593, 91, 0, 91, 0, 0, 0
3203, 1, 1636429930649, 1636429930742, 93, 1, 92, 0, 0, 0
3206, 1, 1636429930930, 1636429931021, 91, 0, 91, 0, 0, 0
3205, 1, 1636429930937, 1636429931025, 88, 1, 87, 1, 0, 1
3204, 1, 1636429930949, 1636429931042, 93, 0, 93, 0, 0, 0
3207, 1, 1636429930965, 1636429931058, 93, 0, 93, 0, 0, 0
3208, 1, 1636429931021, 1636429931113, 92, 1, 91, 0, 0, 0
3210, 1, 1636429931257, 1636429931349, 92, 1, 91, 1, 0, 1
3211, 1, 1636429931273, 1636429931366, 93, 0, 93, 0, 0, 0
3209, 1, 1636429931386, 1636429931474, 88, 0, 88, 0, 0, 0
3212, 1, 1636429931621, 1636429931713, 92, 0, 92, 0, 0, 0
3213, 1, 1636429931845, 1636429931934, 89, 1, 88, 0, 1, 1
3215, 1, 1636429931933, 1636429932025, 92, 1, 91, 0, 0, 0
3216, 1, 1636429931949, 1636429932042, 93, 0, 93, 0, 0, 0
3217, 1, 1636429931997, 1636429932089, 92, 0, 92, 0, 0, 0
3219, 1, 1636429932233, 1636429932325, 92, 1, 91, 0, 0, 0
3220, 1, 1636429932257, 1636429932350, 93, 1, 92, 0, 1, 1
3221, 1, 1636429932586, 1636429932678, 92, 0, 92, 0, 0, 0
3222, 1, 1636429932957, 1636429933049, 92, 1, 91, 0, 0, 0
3143, 1, 1636429932998, 1636429933089, 91, 0, 91, 0, 0, 0
3223, 1, 1636429933049, 1636429933141, 92, 1, 91, 0, 1, 1
3224, 1, 1636429933049, 1636429933141, 92, 1, 91, 1, 0, 1
3225, 1, 1636429933089, 1636429933181, 92, 0, 92, 0, 0, 0
3231, 1, 1636429933241, 1636429933330, 89, 1, 88, 1, 0, 1
3226, 1, 1636429933241, 1636429933333, 92, 1, 91, 0, 0, 0
3227, 1, 1636429933273, 1636429933409, 136, 1, 135, 1, 0, 1
3230, 1, 1636429933273, 1636429933410, 137, 1, 136, 0, 0, 0
3232, 1, 1636429933585, 1636429933677, 92, 1, 91, 0, 0, 0
3235, 1, 1636429933850, 1636429933941, 91, 0, 91, 0, 0, 0
3236, 1, 1636429933850, 1636429933942, 92, 0, 92, 0, 0, 0
3238, 1, 1636429933933, 1636429934025, 92, 0, 92, 0, 0, 0
3237, 1, 1636429933941, 1636429934029, 88, 1, 87, 0, 0, 0
3239, 1, 1636429934025, 1636429934117, 92, 1, 91, 0, 0, 0
3242, 1, 1636429934177, 1636429934270, 93, 0, 93, 0, 0, 0
3243, 1, 1636429934194, 1636429934289, 95, 0, 95, 0, 0, 0
3244, 1, 1636429934205, 1636429934293, 88, 0, 88, 0, 0, 0
3245, 1, 1636429934618, 1636429934710, 92, 0, 92, 0, 0, 0
3246, 1, 1636429934781, 1636429934874, 93, 1, 92, 0, 1, 1
3247, 1, 1636429934874, 1636429934965, 91, 0, 91, 0, 0, 0
3248, 1, 1636429934905, 1636429934997, 92, 0, 92, 0, 0, 0
3250, 1, 1636429935009, 1636429935101, 92, 1, 91, 0, 0, 0
3251, 1, 1636429935173, 1636429935265, 92, 0, 92, 0, 0, 0
3252, 1, 1636429935185, 1636429935277, 92, 0, 92, 0, 0, 0
3253, 1, 1636429935217, 1636429935310, 93, 1, 92, 0, 0, 0
3254, 1, 1636429935582, 1636429935674, 92, 0, 92, 0, 0, 0
3255, 1, 1636429935793, 1636429935881, 88, 1, 87, 1, 0, 1
3256, 1, 1636429935874, 1636429935965, 91, 0, 91, 0, 0, 0
3257, 1, 1636429935881, 1636429935973, 92, 1, 91, 0, 0, 0
3258, 1, 1636429935973, 1636429936061, 88, 1, 87, 0, 0, 0
3259, 1, 1636429936142, 1636429936233, 91, 0, 91, 0, 0, 0
3261, 1, 1636429936189, 1636429936277, 88, 0, 88, 0, 0, 0
3260, 1, 1636429936189, 1636429936281, 92, 1, 91, 0, 1, 1
3262, 1, 1636429936546, 1636429936638, 92, 0, 92, 0, 0, 0
3263, 1, 1636429936769, 1636429936861, 92, 1, 91, 0, 1, 1
3264, 1, 1636429936861, 1636429936953, 92, 1, 91, 1, 0, 1
3265, 1, 1636429936861, 1636429936953, 92, 1, 91, 0, 0, 0
3266, 1, 1636429936889, 1636429936981, 92, 1, 91, 0, 1, 1
3267, 1, 1636429936941, 1636429937037, 96, 1, 95, 0, 1, 1
3268, 1, 1636429937141, 1636429937233, 92, 1, 91, 0, 1, 1
3269, 1, 1636429937161, 1636429937257, 96, 1, 95, 0, 1, 1
3271, 1, 1636429937181, 1636429937274, 93, 1, 92, 0, 1, 1
3270, 1, 1636429937310, 1636429937401, 91, 0, 91, 0, 0, 0
3272, 1, 1636429937517, 1636429937614, 97, 1, 96, 0, 0, 0
3273, 1, 1636429937709, 1636429937801, 92, 0, 92, 0, 0, 0
3274, 1, 1636429937753, 1636429937842, 89, 1, 88, 0, 0, 0
3275, 1, 1636429937861, 1636429937954, 93, 1, 92, 0, 1, 1
3276, 1, 1636429937889, 1636429937981, 92, 1, 91, 0, 0, 0
3277, 1, 1636429937949, 1636429938049, 100, 0, 100, 0, 0, 0
3278, 1, 1636429938141, 1636429938233, 92, 1, 91, 0, 0, 0
3280, 1, 1636429938141, 1636429938234, 93, 1, 92, 1, 0, 1
3279, 1, 1636429938153, 1636429938250, 97, 0, 97, 0, 0, 0
3281, 1, 1636429938165, 1636429938254, 89, 0, 89, 0, 0, 0
3283, 1, 1636429938474, 1636429938565, 91, 0, 91, 0, 0, 0
3282, 1, 1636429938485, 1636429938578, 93, 1, 92, 0, 0, 0
3284, 1, 1636429938682, 1636429938774, 92, 0, 92, 0, 0, 0
3285, 1, 1636429938765, 1636429938857, 92, 0, 92, 0, 0, 0
3286, 1, 1636429938849, 1636429938946, 97, 0, 97, 0, 0, 0
3287, 1, 1636429938929, 1636429939021, 92, 1, 91, 0, 1, 1
3288, 1, 1636429938941, 1636429939030, 89, 0, 89, 0, 0, 0
3289, 1, 1636429939081, 1636429939174, 93, 1, 92, 0, 1, 1
3291, 1, 1636429939106, 1636429939193, 87, 0, 87, 0, 0, 0
3290, 1, 1636429939138, 1636429939229, 91, 0, 91, 0, 0, 0
3292, 1, 1636429939153, 1636429939241, 88, 1, 87, 0, 0, 0
3293, 1, 1636429939409, 1636429939501, 92, 1, 91, 0, 0, 0
3294, 1, 1636429939501, 1636429939594, 93, 1, 92, 0, 0, 0
3295, 1, 1636429939681, 1636429939777, 96, 0, 96, 0, 0, 0
3296, 1, 1636429939765, 1636429939858, 93, 1, 92, 0, 1, 1
3297, 1, 1636429939821, 1636429939913, 92, 1, 91, 0, 0, 0
3298, 1, 1636429939897, 1636429939989, 92, 1, 91, 0, 1, 1
3299, 1, 1636429939977, 1636429940066, 89, 0, 89, 0, 0, 0
3300, 1, 1636429940042, 1636429940134, 92, 0, 92, 0, 0, 0
3301, 1, 1636429940125, 1636429940213, 88, 1, 87, 0, 1, 1
3302, 1, 1636429940137, 1636429940225, 88, 0, 88, 0, 0, 0
3303, 1, 1636429940154, 1636429940245, 91, 0, 91, 0, 0, 0
3304, 1, 1636429940406, 1636429940498, 92, 0, 92, 0, 0, 0
3305, 1, 1636429940549, 1636429940641, 92, 1, 91, 0, 1, 1
3306, 1, 1636429940650, 1636429940742, 92, 0, 92, 0, 0, 0
3307, 1, 1636429940742, 1636429940833, 91, 0, 91, 0, 0, 0
3308, 1, 1636429940818, 1636429940913, 95, 0, 95, 0, 0, 0
3309, 1, 1636429940893, 1636429940985, 92, 0, 92, 0, 0, 0
3310, 1, 1636429940969, 1636429941062, 93, 1, 92, 0, 0, 0
3311, 1, 1636429941033, 1636429941122, 89, 0, 89, 0, 0, 0
3312, 1, 1636429941121, 1636429941209, 88, 1, 87, 0, 0, 0
3313, 1, 1636429941165, 1636429941253, 88, 1, 87, 0, 1, 1
3314, 1, 1636429941165, 1636429941257, 92, 1, 91, 0, 0, 0
3315, 1, 1636429941429, 1636429941522, 93, 0, 93, 0, 0, 0
3316, 1, 1636429941509, 1636429941602, 93, 1, 92, 0, 0, 0
3317, 1, 1636429941730, 1636429941822, 92, 0, 92, 0, 0, 0
3318, 1, 1636429941753, 1636429941846, 93, 1, 92, 0, 1, 1
3319, 1, 1636429941821, 1636429941913, 92, 1, 91, 0, 0, 0
3320, 1, 1636429941905, 1636429942001, 96, 1, 95, 0, 0, 0
3321, 1, 1636429942001, 1636429942093, 92, 1, 91, 1, 0, 1
3322, 1, 1636429942093, 1636429942181, 88, 1, 87, 0, 1, 1
3324, 1, 1636429942129, 1636429942217, 88, 1, 87, 0, 0, 0
3249, 1, 1636429942133, 1636429942221, 88, 0, 88, 0, 0, 0
3326, 1, 1636429942185, 1636429942269, 84, 0, 84, 0, 0, 0
3323, 1, 1636429942177, 1636429942270, 93, 1, 92, 0, 1, 1
3325, 1, 1636429942177, 1636429942269, 92, 1, 91, 1, 0, 1
3328, 1, 1636429942438, 1636429942529, 91, 0, 91, 0, 0, 0
3329, 1, 1636429942510, 1636429942601, 91, 0, 91, 0, 0, 0
3327, 1, 1636429942630, 1636429942721, 91, 0, 91, 0, 0, 0
3330, 1, 1636429942665, 1636429942757, 92, 1, 91, 0, 1, 1
3332, 1, 1636429942769, 1636429942853, 84, 0, 84, 0, 0, 0
3331, 1, 1636429942797, 1636429942889, 92, 0, 92, 0, 0, 0
3333, 1, 1636429942809, 1636429942905, 96, 0, 96, 0, 0, 0
3334, 1, 1636429942926, 1636429943018, 92, 0, 92, 0, 0, 0
3335, 1, 1636429943073, 1636429943185, 112, 0, 112, 0, 0, 0
3338, 1, 1636429943185, 1636429943277, 92, 1, 91, 0, 1, 1
3337, 1, 1636429943185, 1636429943277, 92, 1, 91, 0, 1, 1
3339, 1, 1636429943185, 1636429943277, 92, 1, 91, 0, 1, 1
3336, 1, 1636429943185, 1636429943278, 93, 1, 92, 1, 0, 1
3340, 1, 1636429943277, 1636429943369, 92, 1, 91, 1, 0, 1
3343, 1, 1636429943485, 1636429943585, 100, 1, 99, 0, 1, 1
3342, 1, 1636429943461, 1636429943585, 124, 1, 123, 0, 1, 1
3341, 1, 1636429943677, 1636429943765, 88, 0, 88, 0, 0, 0
3241, 1, 1636429943677, 1636429943765, 88, 0, 88, 0, 0, 0
3344, 1, 1636429943677, 1636429943769, 92, 0, 92, 0, 0, 0
3240, 1, 1636429943713, 1636429943805, 92, 1, 91, 0, 0, 0
3345, 1, 1636429943761, 1636429943853, 92, 0, 92, 0, 0, 0
3346, 1, 1636429943765, 1636429943857, 92, 0, 92, 0, 0, 0
3347, 1, 1636429943845, 1636429943937, 92, 1, 91, 0, 1, 1
3348, 1, 1636429943941, 1636429944033, 92, 0, 92, 0, 0, 0
3350, 1, 1636429944069, 1636429944157, 88, 0, 88, 0, 0, 0
3354, 1, 1636429944077, 1636429944174, 97, 1, 96, 0, 1, 1
3353, 1, 1636429944077, 1636429944174, 97, 1, 96, 1, 0, 1
3355, 1, 1636429944093, 1636429944185, 92, 0, 92, 0, 0, 0
3357, 1, 1636429944105, 1636429944197, 92, 0, 92, 0, 0, 0
3349, 1, 1636429944121, 1636429944213, 92, 0, 92, 0, 0, 0
3356, 1, 1636429944129, 1636429944217, 88, 0, 88, 0, 0, 0
3358, 1, 1636429944174, 1636429944262, 88, 0, 88, 0, 0, 0
3362, 1, 1636429944429, 1636429944521, 92, 0, 92, 0, 0, 0
3363, 1, 1636429944470, 1636429944561, 91, 0, 91, 0, 0, 0
3360, 1, 1636429944529, 1636429944621, 92, 1, 91, 1, 0, 1
3361, 1, 1636429944541, 1636429944633, 92, 1, 91, 0, 1, 1
3364, 1, 1636429944665, 1636429944757, 92, 1, 91, 0, 0, 0
3365, 1, 1636429944721, 1636429944813, 92, 1, 91, 0, 0, 0
3366, 1, 1636429944741, 1636429944829, 88, 0, 88, 0, 0, 0
3367, 1, 1636429944785, 1636429944873, 88, 1, 87, 0, 0, 0
3368, 1, 1636429944914, 1636429945006, 92, 0, 92, 0, 0, 0
3352, 1, 1636429944977, 1636429945073, 96, 1, 95, 0, 1, 1
3370, 1, 1636429945005, 1636429945093, 88, 1, 87, 0, 0, 0
3369, 1, 1636429945005, 1636429945097, 92, 1, 91, 0, 1, 1
3374, 1, 1636429945073, 1636429945161, 88, 0, 88, 0, 0, 0
3372, 1, 1636429945069, 1636429945162, 93, 0, 93, 0, 0, 0
3373, 1, 1636429945069, 1636429945162, 93, 0, 93, 0, 0, 0
3375, 1, 1636429945113, 1636429945201, 88, 1, 87, 0, 1, 1
3376, 1, 1636429945153, 1636429945241, 88, 1, 87, 0, 0, 0
3379, 1, 1636429945449, 1636429945545, 96, 0, 96, 0, 0, 0
3380, 1, 1636429945477, 1636429945565, 88, 0, 88, 0, 0, 0
3377, 1, 1636429945521, 1636429945609, 88, 0, 88, 0, 0, 0
3381, 1, 1636429945649, 1636429945741, 92, 1, 91, 0, 0, 0
3382, 1, 1636429945681, 1636429945765, 84, 0, 84, 0, 0, 0
3383, 1, 1636429945721, 1636429945809, 88, 1, 87, 1, 0, 1
3385, 1, 1636429945753, 1636429945846, 93, 1, 92, 0, 0, 0
3384, 1, 1636429945753, 1636429945846, 93, 1, 92, 1, 0, 1
3386, 1, 1636429945941, 1636429946033, 92, 0, 92, 0, 0, 0
3387, 1, 1636429945973, 1636429946061, 88, 1, 87, 0, 0, 0
3388, 1, 1636429945993, 1636429946085, 92, 0, 92, 0, 0, 0
3389, 1, 1636429946041, 1636429946129, 88, 0, 88, 0, 0, 0
3390, 1, 1636429946049, 1636429946141, 92, 1, 91, 0, 0, 0
3391, 1, 1636429946077, 1636429946165, 88, 0, 88, 0, 0, 0
3392, 1, 1636429946121, 1636429946209, 88, 0, 88, 0, 0, 0
3393, 1, 1636429946173, 1636429946261, 88, 1, 87, 0, 0, 0
3395, 1, 1636429946445, 1636429946533, 88, 0, 88, 0, 0, 0
3396, 1, 1636429946477, 1636429946569, 92, 1, 91, 0, 1, 1
3394, 1, 1636429946485, 1636429946577, 92, 0, 92, 0, 0, 0
3397, 1, 1636429946625, 1636429946721, 96, 0, 96, 0, 0, 0
3398, 1, 1636429946693, 1636429946785, 92, 0, 92, 0, 0, 0
3399, 1, 1636429946701, 1636429946793, 92, 0, 92, 0, 0, 0
3400, 1, 1636429946737, 1636429946829, 92, 1, 91, 1, 0, 1
3401, 1, 1636429946757, 1636429946849, 92, 0, 92, 0, 0, 0
3402, 1, 1636429946921, 1636429947017, 96, 0, 96, 0, 0, 0
3403, 1, 1636429946949, 1636429947037, 88, 0, 88, 0, 0, 0
3404, 1, 1636429947017, 1636429947105, 88, 1, 87, 0, 1, 1
3405, 1, 1636429947029, 1636429947126, 97, 0, 97, 0, 0, 0
3407, 1, 1636429947062, 1636429947150, 88, 0, 88, 0, 0, 0
3406, 1, 1636429947053, 1636429947150, 97, 1, 96, 0, 1, 1
3408, 1, 1636429947141, 1636429947234, 93, 0, 93, 0, 0, 0
3409, 1, 1636429947173, 1636429947262, 89, 1, 88, 1, 0, 1
3411, 1, 1636429947473, 1636429947565, 92, 1, 91, 1, 0, 1
3412, 1, 1636429947481, 1636429947574, 93, 1, 92, 0, 0, 0
3410, 1, 1636429947514, 1636429947606, 92, 0, 92, 0, 0, 0
3413, 1, 1636429947606, 1636429947697, 91, 0, 91, 0, 0, 0
3414, 1, 1636429947661, 1636429947749, 88, 0, 88, 0, 0, 0
3415, 1, 1636429947721, 1636429947809, 88, 0, 88, 0, 0, 0
3416, 1, 1636429947729, 1636429947821, 92, 0, 92, 0, 0, 0
3417, 1, 1636429947781, 1636429947873, 92, 0, 92, 0, 0, 0
3418, 1, 1636429947941, 1636429948033, 92, 1, 91, 0, 1, 1
3419, 1, 1636429947965, 1636429948057, 92, 1, 91, 0, 0, 0
3420, 1, 1636429948005, 1636429948093, 88, 1, 87, 0, 1, 1
3421, 1, 1636429948021, 1636429948113, 92, 1, 91, 0, 0, 0
3422, 1, 1636429948037, 1636429948129, 92, 1, 91, 0, 0, 0
3423, 1, 1636429948085, 1636429948173, 88, 0, 88, 0, 0, 0
3424, 1, 1636429948113, 1636429948205, 92, 1, 91, 0, 1, 1
3425, 1, 1636429948161, 1636429948250, 89, 0, 89, 0, 0, 0
3427, 1, 1636429948469, 1636429948557, 88, 0, 88, 0, 0, 0
3428, 1, 1636429948485, 1636429948569, 84, 0, 84, 0, 0, 0
3426, 1, 1636429948529, 1636429948614, 85, 0, 85, 0, 0, 0
3429, 1, 1636429948577, 1636429948674, 97, 0, 97, 0, 0, 0
3430, 1, 1636429948641, 1636429948729, 88, 1, 87, 0, 1, 1
3431, 1, 1636429948697, 1636429948789, 92, 1, 91, 0, 0, 0
3432, 1, 1636429948709, 1636429948801, 92, 0, 92, 0, 0, 0
3433, 1, 1636429948761, 1636429948857, 96, 1, 95, 0, 1, 1
3434, 1, 1636429948929, 1636429949021, 92, 1, 91, 0, 0, 0
3435, 1, 1636429948969, 1636429949065, 96, 1, 95, 0, 1, 1
3436, 1, 1636429949025, 1636429949113, 88, 0, 88, 0, 0, 0
3437, 1, 1636429949053, 1636429949141, 88, 0, 88, 0, 0, 0
3438, 1, 1636429949057, 1636429949145, 88, 0, 88, 0, 0, 0
3439, 1, 1636429949077, 1636429949169, 92, 0, 92, 0, 0, 0
3440, 1, 1636429949097, 1636429949185, 88, 1, 87, 1, 0, 1
3441, 1, 1636429949178, 1636429949265, 87, 0, 87, 0, 0, 0
3443, 1, 1636429949450, 1636429949541, 91, 0, 91, 0, 0, 0
3444, 1, 1636429949517, 1636429949605, 88, 1, 87, 0, 1, 1
3442, 1, 1636429949529, 1636429949621, 92, 0, 92, 0, 0, 0
3445, 1, 1636429949557, 1636429949650, 93, 1, 92, 0, 0, 0
3446, 1, 1636429949650, 1636429949742, 92, 0, 92, 0, 0, 0
3448, 1, 1636429949701, 1636429949793, 92, 0, 92, 0, 0, 0
3447, 1, 1636429949701, 1636429949793, 92, 0, 92, 0, 0, 0
3449, 1, 1636429949789, 1636429949881, 92, 1, 91, 0, 1, 1
3450, 1, 1636429949925, 1636429950017, 92, 1, 91, 0, 0, 0
3451, 1, 1636429949981, 1636429950069, 88, 1, 87, 0, 1, 1
3452, 1, 1636429949989, 1636429950082, 93, 1, 92, 0, 0, 0
3453, 1, 1636429950045, 1636429950134, 89, 1, 88, 1, 0, 1
3454, 1, 1636429950065, 1636429950157, 92, 0, 92, 0, 0, 0
3456, 1, 1636429950109, 1636429950202, 93, 0, 93, 0, 0, 0
3455, 1, 1636429950105, 1636429950202, 97, 1, 96, 0, 1, 1
3457, 1, 1636429950201, 1636429950289, 88, 1, 87, 1, 0, 1
3459, 1, 1636429950413, 1636429950505, 92, 1, 91, 0, 1, 1
3460, 1, 1636429950502, 1636429950593, 91, 0, 91, 0, 0, 0
3461, 1, 1636429950549, 1636429950641, 92, 0, 92, 0, 0, 0
3458, 1, 1636429950565, 1636429950658, 93, 1, 92, 0, 0, 0
3463, 1, 1636429950661, 1636429950750, 89, 0, 89, 0, 0, 0
3462, 1, 1636429950658, 1636429950750, 92, 0, 92, 0, 0, 0
3464, 1, 1636429950725, 1636429950817, 92, 1, 91, 0, 0, 0
3465, 1, 1636429950821, 1636429950913, 92, 0, 92, 0, 0, 0
3466, 1, 1636429950901, 1636429950993, 92, 1, 91, 0, 1, 1
3468, 1, 1636429951018, 1636429951109, 91, 0, 91, 0, 0, 0
3467, 1, 1636429951018, 1636429951109, 91, 0, 91, 0, 0, 0
3469, 1, 1636429951018, 1636429951109, 91, 0, 91, 0, 0, 0
3470, 1, 1636429951057, 1636429951146, 89, 0, 89, 0, 0, 0
3472, 1, 1636429951125, 1636429951213, 88, 1, 87, 0, 1, 1
3471, 1, 1636429951121, 1636429951213, 92, 1, 91, 0, 0, 0
3473, 1, 1636429951173, 1636429951265, 92, 0, 92, 0, 0, 0
3475, 1, 1636429951422, 1636429951513, 91, 0, 91, 0, 0, 0
3476, 1, 1636429951485, 1636429951577, 92, 0, 92, 0, 0, 0
3474, 1, 1636429951573, 1636429951666, 93, 1, 92, 1, 0, 1
3477, 1, 1636429951573, 1636429951666, 93, 1, 92, 0, 0, 0
3478, 1, 1636429951645, 1636429951737, 92, 1, 91, 0, 1, 1
3479, 1, 1636429951701, 1636429951785, 84, 0, 84, 0, 0, 0
3480, 1, 1636429951741, 1636429951829, 88, 0, 88, 0, 0, 0
3481, 1, 1636429951849, 1636429951937, 88, 1, 87, 0, 0, 0
3482, 1, 1636429951897, 1636429951985, 88, 0, 88, 0, 0, 0
3484, 1, 1636429952009, 1636429952101, 92, 1, 91, 1, 0, 1
3485, 1, 1636429952009, 1636429952101, 92, 1, 91, 1, 0, 1
3483, 1, 1636429952021, 1636429952109, 88, 0, 88, 0, 0, 0
3486, 1, 1636429952041, 1636429952134, 93, 0, 93, 0, 0, 0
3487, 1, 1636429952097, 1636429952189, 92, 1, 91, 0, 0, 0
3488, 1, 1636429952121, 1636429952209, 88, 0, 88, 0, 0, 0
3489, 1, 1636429952165, 1636429952253, 88, 1, 87, 0, 0, 0
3491, 1, 1636429952409, 1636429952502, 93, 1, 92, 0, 0, 0
3492, 1, 1636429952517, 1636429952609, 92, 1, 91, 0, 1, 1
3493, 1, 1636429952525, 1636429952621, 96, 0, 96, 0, 0, 0
3490, 1, 1636429952569, 1636429952661, 92, 1, 91, 0, 1, 1
3494, 1, 1636429952654, 1636429952745, 91, 0, 91, 0, 0, 0
3495, 1, 1636429952734, 1636429952825, 91, 0, 91, 0, 0, 0
3496, 1, 1636429952753, 1636429952854, 101, 0, 101, 0, 0, 0
3497, 1, 1636429952837, 1636429952929, 92, 0, 92, 0, 0, 0
3498, 1, 1636429952889, 1636429952981, 92, 0, 92, 0, 0, 0
3500, 1, 1636429952965, 1636429953057, 92, 0, 92, 0, 0, 0
3501, 1, 1636429953017, 1636429953114, 97, 1, 96, 1, 0, 1
3499, 1, 1636429953017, 1636429953114, 97, 1, 96, 1, 0, 1
3502, 1, 1636429953069, 1636429953161, 92, 0, 92, 0, 0, 0
3503, 1, 1636429953093, 1636429953185, 92, 1, 91, 0, 0, 0
3504, 1, 1636429953114, 1636429953205, 91, 0, 91, 0, 0, 0
3505, 1, 1636429953177, 1636429953270, 93, 1, 92, 0, 1, 1
3507, 1, 1636429953398, 1636429953486, 88, 0, 88, 0, 0, 0
3506, 1, 1636429953541, 1636429953633, 92, 0, 92, 0, 0, 0
3509, 1, 1636429953557, 1636429953649, 92, 1, 91, 0, 0, 0
3510, 1, 1636429953665, 1636429953757, 92, 1, 91, 0, 1, 1
3512, 1, 1636429953721, 1636429953813, 92, 0, 92, 0, 0, 0
3511, 1, 1636429953721, 1636429953813, 92, 0, 92, 0, 0, 0
3513, 1, 1636429953869, 1636429953961, 92, 0, 92, 0, 0, 0
3514, 1, 1636429953885, 1636429953978, 93, 1, 92, 0, 0, 0
3515, 1, 1636429953989, 1636429954081, 92, 1, 91, 0, 0, 0
3516, 1, 1636429954045, 1636429954134, 89, 1, 88, 1, 0, 1
3517, 1, 1636429954045, 1636429954134, 89, 1, 88, 1, 0, 1
3520, 1, 1636429954133, 1636429954221, 88, 1, 87, 0, 0, 0
3519, 1, 1636429954133, 1636429954225, 92, 1, 91, 0, 0, 0
3521, 1, 1636429954213, 1636429954301, 88, 0, 88, 0, 0, 0
3523, 1, 1636429954441, 1636429954533, 92, 0, 92, 0, 0, 0
3524, 1, 1636429954585, 1636429954677, 92, 1, 91, 1, 0, 1
3522, 1, 1636429954585, 1636429954678, 93, 1, 92, 1, 0, 1
3525, 1, 1636429954661, 1636429954749, 88, 0, 88, 0, 0, 0
3526, 1, 1636429954709, 1636429954797, 88, 0, 88, 0, 0, 0
3527, 1, 1636429954717, 1636429954809, 92, 1, 91, 0, 1, 1
3529, 1, 1636429954877, 1636429954965, 88, 1, 87, 0, 0, 0
3530, 1, 1636429954897, 1636429954989, 92, 1, 91, 1, 0, 1
3531, 1, 1636429954897, 1636429954989, 92, 1, 91, 0, 0, 0
3533, 1, 1636429954986, 1636429955074, 88, 0, 88, 0, 0, 0
3532, 1, 1636429955029, 1636429955121, 92, 1, 91, 1, 0, 1
3534, 1, 1636429955057, 1636429955149, 92, 1, 91, 0, 0, 0
3535, 1, 1636429955141, 1636429955237, 96, 1, 95, 0, 0, 0
3536, 1, 1636429955145, 1636429955238, 93, 0, 93, 0, 0, 0
3537, 1, 1636429955213, 1636429955305, 92, 1, 91, 0, 1, 1
3540, 1, 1636429955437, 1636429955530, 93, 0, 93, 0, 0, 0
3539, 1, 1636429955597, 1636429955689, 92, 0, 92, 0, 0, 0
3541, 1, 1636429955617, 1636429955709, 92, 0, 92, 0, 0, 0
3543, 1, 1636429955637, 1636429955729, 92, 0, 92, 0, 0, 0
3544, 1, 1636429955722, 1636429955813, 91, 0, 91, 0, 0, 0
3545, 1, 1636429955733, 1636429955821, 88, 0, 88, 0, 0, 0
3546, 1, 1636429955741, 1636429955837, 96, 0, 96, 0, 0, 0
3547, 1, 1636429955881, 1636429955977, 96, 1, 95, 0, 0, 0
3548, 1, 1636429955905, 1636429956001, 96, 1, 95, 0, 0, 0
3550, 1, 1636429955981, 1636429956069, 88, 0, 88, 0, 0, 0
3549, 1, 1636429956041, 1636429956133, 92, 1, 91, 0, 0, 0
3552, 1, 1636429956117, 1636429956205, 88, 1, 87, 0, 1, 1
3553, 1, 1636429956141, 1636429956234, 93, 0, 93, 0, 0, 0
3554, 1, 1636429956201, 1636429956289, 88, 1, 87, 0, 1, 1
3556, 1, 1636429956425, 1636429956517, 92, 0, 92, 0, 0, 0
3555, 1, 1636429956593, 1636429956690, 97, 1, 96, 0, 1, 1
3557, 1, 1636429956645, 1636429956733, 88, 0, 88, 0, 0, 0
3559, 1, 1636429956729, 1636429956821, 92, 1, 91, 0, 1, 1
3561, 1, 1636429956757, 1636429956849, 92, 0, 92, 0, 0, 0
3562, 1, 1636429956909, 1636429957001, 92, 1, 91, 0, 1, 1
3563, 1, 1636429956945, 1636429957041, 96, 1, 95, 0, 1, 1
3565, 1, 1636429956961, 1636429957049, 88, 1, 87, 0, 0, 0
3566, 1, 1636429957121, 1636429957214, 93, 1, 92, 1, 0, 1
3567, 1, 1636429957121, 1636429957214, 93, 1, 92, 1, 0, 1
3568, 1, 1636429957210, 1636429957301, 91, 0, 91, 0, 0, 0
3570, 1, 1636429957445, 1636429957537, 92, 1, 91, 0, 0, 0
3569, 1, 1636429957577, 1636429957669, 92, 0, 92, 0, 0, 0
3571, 1, 1636429957686, 1636429957777, 91, 0, 91, 0, 0, 0
3572, 1, 1636429957713, 1636429957805, 92, 0, 92, 0, 0, 0
3573, 1, 1636429957733, 1636429957821, 88, 0, 88, 0, 0, 0
3574, 1, 1636429957937, 1636429958025, 88, 1, 87, 0, 0, 0
3575, 1, 1636429957937, 1636429958026, 89, 1, 88, 1, 0, 1
3576, 1, 1636429957953, 1636429958042, 89, 1, 88, 0, 0, 0
3578, 1, 1636429958150, 1636429958242, 92, 0, 92, 0, 0, 0
3577, 1, 1636429958150, 1636429958242, 92, 0, 92, 0, 0, 0
3579, 1, 1636429958186, 1636429958273, 87, 0, 87, 0, 0, 0
3581, 1, 1636429958441, 1636429958533, 92, 0, 92, 0, 0, 0
3580, 1, 1636429958605, 1636429958702, 97, 0, 97, 0, 0, 0
3582, 1, 1636429958706, 1636429958797, 91, 0, 91, 0, 0, 0
3584, 1, 1636429958773, 1636429958867, 94, 1, 93, 0, 1, 1
3585, 1, 1636429958934, 1636429959025, 91, 0, 91, 0, 0, 0
3586, 1, 1636429958953, 1636429959041, 88, 1, 87, 0, 1, 1
3587, 1, 1636429958997, 1636429959085, 88, 1, 87, 0, 0, 0
3588, 1, 1636429959149, 1636429959237, 88, 0, 88, 0, 0, 0
3589, 1, 1636429959169, 1636429959258, 89, 0, 89, 0, 0, 0
3592, 1, 1636429959453, 1636429959541, 88, 0, 88, 0, 0, 0
3591, 1, 1636429959589, 1636429959677, 88, 0, 88, 0, 0, 0
3593, 1, 1636429959697, 1636429959794, 97, 0, 97, 0, 0, 0
3594, 1, 1636429959786, 1636429959877, 91, 0, 91, 0, 0, 0
3595, 1, 1636429959945, 1636429960033, 88, 1, 87, 0, 0, 0
3596, 1, 1636429959965, 1636429960057, 92, 0, 92, 0, 0, 0
3598, 1, 1636429960186, 1636429960277, 91, 0, 91, 0, 0, 0
3599, 1, 1636429960193, 1636429960285, 92, 0, 92, 0, 0, 0
3597, 1, 1636429960418, 1636429960509, 91, 0, 91, 0, 0, 0
3601, 1, 1636429960477, 1636429960569, 92, 1, 91, 0, 0, 0
3600, 1, 1636429960642, 1636429960733, 91, 0, 91, 0, 0, 0
3602, 1, 1636429960669, 1636429960762, 93, 1, 92, 0, 0, 0
3603, 1, 1636429960789, 1636429960881, 92, 0, 92, 0, 0, 0
3604, 1, 1636429960962, 1636429961053, 91, 0, 91, 0, 0, 0
3605, 1, 1636429960969, 1636429961057, 88, 0, 88, 0, 0, 0
3606, 1, 1636429961085, 1636429961178, 93, 0, 93, 0, 0, 0
3607, 1, 1636429961149, 1636429961237, 88, 1, 87, 0, 1, 1
3608, 1, 1636429961201, 1636429961289, 88, 0, 88, 0, 0, 0
3610, 1, 1636429961442, 1636429961534, 92, 0, 92, 0, 0, 0
3609, 1, 1636429961601, 1636429961694, 93, 0, 93, 0, 0, 0
3611, 1, 1636429961701, 1636429961789, 88, 0, 88, 0, 0, 0
3612, 1, 1636429961773, 1636429961866, 93, 0, 93, 0, 0, 0
3613, 1, 1636429961954, 1636429962045, 91, 0, 91, 0, 0, 0
3614, 1, 1636429961969, 1636429962061, 92, 0, 92, 0, 0, 0
3615, 1, 1636429962033, 1636429962125, 92, 1, 91, 0, 1, 1
3617, 1, 1636429962189, 1636429962282, 93, 1, 92, 0, 0, 0
3616, 1, 1636429962189, 1636429962282, 93, 1, 92, 0, 0, 0
3619, 1, 1636429962449, 1636429962542, 93, 1, 92, 0, 1, 1
3618, 1, 1636429962641, 1636429962737, 96, 1, 95, 0, 0, 0
3620, 1, 1636429962725, 1636429962817, 92, 1, 91, 0, 1, 1
3621, 1, 1636429962766, 1636429962858, 92, 0, 92, 0, 0, 0
3622, 1, 1636429962937, 1636429963029, 92, 1, 91, 0, 0, 0
3623, 1, 1636429962962, 1636429963053, 91, 0, 91, 0, 0, 0
3624, 1, 1636429963025, 1636429963117, 92, 1, 91, 0, 1, 1
3625, 1, 1636429963178, 1636429963270, 92, 0, 92, 0, 0, 0
3626, 1, 1636429963209, 1636429963302, 93, 1, 92, 0, 0, 0
3628, 1, 1636429963462, 1636429963554, 92, 0, 92, 0, 0, 0
3627, 1, 1636429963666, 1636429963761, 95, 0, 95, 0, 0, 0
3629, 1, 1636429963738, 1636429963833, 95, 0, 95, 0, 0, 0
3631, 1, 1636429963801, 1636429963913, 112, 1, 111, 0, 0, 0
3632, 1, 1636429963925, 1636429964013, 88, 1, 87, 0, 1, 1
3633, 1, 1636429963937, 1636429964025, 88, 1, 87, 0, 1, 1
3634, 1, 1636429964017, 1636429964114, 97, 1, 96, 0, 0, 0
3635, 1, 1636429964178, 1636429964270, 92, 0, 92, 0, 0, 0
3636, 1, 1636429964225, 1636429964321, 96, 0, 96, 0, 0, 0
3639, 1, 1636429964441, 1636429964534, 93, 1, 92, 0, 0, 0
3638, 1, 1636429964697, 1636429964790, 93, 1, 92, 1, 0, 1
3643, 1, 1636429964921, 1636429965013, 92, 0, 92, 0, 0, 0
3642, 1, 1636429964966, 1636429965058, 92, 0, 92, 0, 0, 0
3644, 1, 1636429965046, 1636429965181, 135, 0, 135, 0, 0, 0
3645, 1, 1636429965181, 1636429965274, 93, 0, 93, 0, 0, 0
3646, 1, 1636429965274, 1636429965366, 92, 0, 92, 0, 0, 0
3647, 1, 1636429965457, 1636429965549, 92, 1, 91, 0, 1, 1
3649, 1, 1636429965634, 1636429965726, 92, 0, 92, 0, 0, 0
3648, 1, 1636429965726, 1636429965817, 91, 0, 91, 0, 0, 0
3652, 1, 1636429965973, 1636429966061, 88, 1, 87, 0, 1, 1
3653, 1, 1636429965977, 1636429966069, 92, 0, 92, 0, 0, 0
3560, 1, 1636429966018, 1636429966105, 87, 0, 87, 0, 0, 0
3654, 1, 1636429966061, 1636429966150, 89, 1, 88, 1, 0, 1
3655, 1, 1636429966150, 1636429966241, 91, 0, 91, 0, 0, 0
3656, 1, 1636429966225, 1636429966318, 93, 0, 93, 0, 0, 0
3659, 1, 1636429966438, 1636429966533, 95, 0, 95, 0, 0, 0
3660, 1, 1636429966526, 1636429966617, 91, 0, 91, 0, 0, 0
3658, 1, 1636429966678, 1636429966770, 92, 0, 92, 0, 0, 0
3662, 1, 1636429966929, 1636429967022, 93, 1, 92, 0, 0, 0
3663, 1, 1636429966933, 1636429967025, 92, 0, 92, 0, 0, 0
3665, 1, 1636429967117, 1636429967214, 97, 0, 97, 0, 0, 0
3666, 1, 1636429967254, 1636429967349, 95, 0, 95, 0, 0, 0
3668, 1, 1636429967365, 1636429967458, 93, 0, 93, 0, 0, 0
3664, 1, 1636429967389, 1636429967481, 92, 0, 92, 0, 0, 0
3670, 1, 1636429967457, 1636429967549, 92, 1, 91, 0, 0, 0
3671, 1, 1636429967538, 1636429967634, 96, 0, 96, 0, 0, 0
3669, 1, 1636429967717, 1636429967805, 88, 1, 87, 0, 0, 0
3672, 1, 1636429967893, 1636429967985, 92, 0, 92, 0, 0, 0
3673, 1, 1636429967938, 1636429968030, 92, 0, 92, 0, 0, 0
3674, 1, 1636429968057, 1636429968150, 93, 1, 92, 0, 1, 1
3675, 1, 1636429968129, 1636429968218, 89, 1, 88, 0, 0, 0
3676, 1, 1636429968237, 1636429968329, 92, 0, 92, 0, 0, 0
3677, 1, 1636429968273, 1636429968366, 93, 1, 92, 1, 0, 1
3679, 1, 1636429968498, 1636429968589, 91, 0, 91, 0, 0, 0
3680, 1, 1636429968521, 1636429968614, 93, 1, 92, 0, 0, 0
3678, 1, 1636429968725, 1636429968817, 92, 0, 92, 0, 0, 0
3681, 1, 1636429968905, 1636429968997, 92, 1, 91, 0, 1, 1
3683, 1, 1636429968978, 1636429969070, 92, 0, 92, 0, 0, 0
3684, 1, 1636429969049, 1636429969141, 92, 0, 92, 0, 0, 0
3685, 1, 1636429969141, 1636429969233, 92, 1, 91, 0, 0, 0
3686, 1, 1636429969273, 1636429969369, 96, 1, 95, 0, 0, 0
3687, 1, 1636429969317, 1636429969409, 92, 0, 92, 0, 0, 0
3691, 1, 1636429969494, 1636429969585, 91, 0, 91, 0, 0, 0
3690, 1, 1636429969494, 1636429969586, 92, 0, 92, 0, 0, 0
3688, 1, 1636429969769, 1636429969857, 88, 0, 88, 0, 0, 0
3692, 1, 1636429969897, 1636429969989, 92, 0, 92, 0, 0, 0
3693, 1, 1636429969958, 1636429970045, 87, 0, 87, 0, 0, 0
3694, 1, 1636429970013, 1636429970101, 88, 0, 88, 0, 0, 0
3695, 1, 1636429970117, 1636429970209, 92, 1, 91, 0, 0, 0
3696, 1, 1636429970254, 1636429970342, 88, 0, 88, 0, 0, 0
3697, 1, 1636429970309, 1636429970401, 92, 1, 91, 0, 1, 1
3700, 1, 1636429970473, 1636429970562, 89, 0, 89, 0, 0, 0
3699, 1, 1636429970470, 1636429970562, 92, 0, 92, 0, 0, 0
3698, 1, 1636429970766, 1636429970862, 96, 0, 96, 0, 0, 0
3701, 1, 1636429970877, 1636429970969, 92, 1, 91, 0, 1, 1
3702, 1, 1636429970929, 1636429971021, 92, 0, 92, 0, 0, 0
3703, 1, 1636429971005, 1636429971098, 93, 1, 92, 1, 0, 1
3704, 1, 1636429971097, 1636429971190, 93, 1, 92, 0, 0, 0
3705, 1, 1636429971233, 1636429971325, 92, 0, 92, 0, 0, 0
3706, 1, 1636429971277, 1636429971369, 92, 1, 91, 0, 1, 1
3708, 1, 1636429971481, 1636429971569, 88, 1, 87, 0, 1, 1
3709, 1, 1636429971501, 1636429971598, 97, 1, 96, 0, 0, 0
3707, 1, 1636429971726, 1636429971817, 91, 0, 91, 0, 0, 0
3710, 1, 1636429971857, 1636429971949, 92, 1, 91, 0, 1, 1
3711, 1, 1636429971929, 1636429972021, 92, 1, 91, 0, 1, 1
3712, 1, 1636429972033, 1636429972121, 88, 1, 87, 0, 0, 0
3713, 1, 1636429972117, 1636429972209, 92, 1, 91, 0, 1, 1
3714, 1, 1636429972253, 1636429972345, 92, 1, 91, 0, 1, 1
3715, 1, 1636429972265, 1636429972353, 88, 1, 87, 0, 1, 1
3718, 1, 1636429972506, 1636429972598, 92, 0, 92, 0, 0, 0
3716, 1, 1636429972717, 1636429972810, 93, 1, 92, 0, 0, 0
3719, 1, 1636429972877, 1636429972970, 93, 1, 92, 0, 1, 1
3721, 1, 1636429973058, 1636429973153, 95, 0, 95, 0, 0, 0
3722, 1, 1636429973133, 1636429973226, 93, 0, 93, 0, 0, 0
3723, 1, 1636429973261, 1636429973353, 92, 1, 91, 0, 1, 1
3724, 1, 1636429973518, 1636429973610, 92, 0, 92, 0, 0, 0
3726, 1, 1636429973530, 1636429973621, 91, 0, 91, 0, 0, 0
3725, 1, 1636429973761, 1636429973853, 92, 1, 91, 0, 0, 0
3727, 1, 1636429973897, 1636429973989, 92, 1, 91, 1, 0, 1
3728, 1, 1636429974049, 1636429974142, 93, 1, 92, 0, 1, 1
3729, 1, 1636429974117, 1636429974226, 109, 0, 109, 0, 0, 0
3730, 1, 1636429974158, 1636429974250, 92, 0, 92, 0, 0, 0
3731, 1, 1636429974317, 1636429974409, 92, 1, 91, 0, 0, 0
3732, 1, 1636429974317, 1636429974410, 93, 1, 92, 1, 0, 1
3734, 1, 1636429974533, 1636429974677, 144, 1, 143, 0, 0, 0
3735, 1, 1636429974677, 1636429974770, 93, 1, 92, 0, 0, 0
3733, 1, 1636429974770, 1636429974862, 92, 0, 92, 0, 0, 0
3736, 1, 1636429974902, 1636429974993, 91, 0, 91, 0, 0, 0
3738, 1, 1636429975033, 1636429975125, 92, 1, 91, 0, 0, 0
3739, 1, 1636429975033, 1636429975125, 92, 1, 91, 0, 0, 0
3737, 1, 1636429975078, 1636429975169, 91, 0, 91, 0, 0, 0
3741, 1, 1636429975153, 1636429975245, 92, 1, 91, 0, 0, 0
3742, 1, 1636429975245, 1636429975342, 97, 0, 97, 0, 0, 0
3743, 1, 1636429975265, 1636429975362, 97, 1, 96, 0, 0, 0
3745, 1, 1636429975530, 1636429975621, 91, 0, 91, 0, 0, 0
3746, 1, 1636429975597, 1636429975690, 93, 1, 92, 0, 0, 0
3744, 1, 1636429975713, 1636429975846, 133, 1, 132, 0, 0, 0
3747, 1, 1636429975877, 1636429975969, 92, 1, 91, 0, 1, 1
3748, 1, 1636429975957, 1636429976049, 92, 1, 91, 0, 1, 1
3749, 1, 1636429976021, 1636429976113, 92, 1, 91, 0, 1, 1
3750, 1, 1636429976065, 1636429976190, 125, 1, 124, 0, 1, 1
3751, 1, 1636429976190, 1636429976281, 91, 0, 91, 0, 0, 0
3752, 1, 1636429976229, 1636429976321, 92, 0, 92, 0, 0, 0
3753, 1, 1636429976281, 1636429976369, 88, 0, 88, 0, 0, 0
3661, 1, 1636429976321, 1636429976414, 93, 1, 92, 1, 0, 1
3755, 1, 1636429976414, 1636429976505, 91, 0, 91, 0, 0, 0
3757, 1, 1636429976493, 1636429976585, 92, 1, 91, 0, 0, 0
3759, 1, 1636429976621, 1636429976713, 92, 1, 91, 0, 1, 1
3758, 1, 1636429976629, 1636429976721, 92, 1, 91, 0, 1, 1
3756, 1, 1636429976677, 1636429976765, 88, 0, 88, 0, 0, 0
3754, 1, 1636429976861, 1636429976953, 92, 0, 92, 0, 0, 0
3760, 1, 1636429976897, 1636429976990, 93, 0, 93, 0, 0, 0
3763, 1, 1636429976990, 1636429977078, 88, 0, 88, 0, 0, 0
3762, 1, 1636429976990, 1636429977078, 88, 0, 88, 0, 0, 0
3764, 1, 1636429977033, 1636429977121, 88, 0, 88, 0, 0, 0
3761, 1, 1636429977077, 1636429977165, 88, 1, 87, 0, 0, 0
3766, 1, 1636429977245, 1636429977337, 92, 0, 92, 0, 0, 0
3768, 1, 1636429977309, 1636429977402, 93, 1, 92, 1, 0, 1
3767, 1, 1636429977309, 1636429977402, 93, 1, 92, 0, 0, 0
3765, 1, 1636429977309, 1636429977402, 93, 1, 92, 1, 0, 1
3771, 1, 1636429977525, 1636429977617, 92, 0, 92, 0, 0, 0
3770, 1, 1636429977533, 1636429977621, 88, 1, 87, 0, 1, 1
3772, 1, 1636429977570, 1636429977661, 91, 0, 91, 0, 0, 0
3773, 1, 1636429977617, 1636429977709, 92, 0, 92, 0, 0, 0
3774, 1, 1636429977661, 1636429977749, 88, 1, 87, 0, 0, 0
3769, 1, 1636429977698, 1636429977789, 91, 0, 91, 0, 0, 0
3775, 1, 1636429977881, 1636429977969, 88, 0, 88, 0, 0, 0
3779, 1, 1636429977998, 1636429978090, 92, 0, 92, 0, 0, 0
3778, 1, 1636429977998, 1636429978090, 92, 0, 92, 0, 0, 0
3780, 1, 1636429978197, 1636429978289, 92, 0, 92, 0, 0, 0
3781, 1, 1636429978242, 1636429978329, 87, 0, 87, 0, 0, 0
3782, 1, 1636429978273, 1636429978361, 88, 0, 88, 0, 0, 0
3783, 1, 1636429978313, 1636429978405, 92, 0, 92, 0, 0, 0
3785, 1, 1636429978481, 1636429978573, 92, 1, 91, 0, 0, 0
3786, 1, 1636429978493, 1636429978585, 92, 0, 92, 0, 0, 0
3788, 1, 1636429978585, 1636429978678, 93, 1, 92, 1, 0, 1
3787, 1, 1636429978585, 1636429978678, 93, 1, 92, 0, 1, 1
3789, 1, 1636429978609, 1636429978702, 93, 0, 93, 0, 0, 0
3784, 1, 1636429978689, 1636429978781, 92, 1, 91, 1, 0, 1
3790, 1, 1636429978885, 1636429978977, 92, 0, 92, 0, 0, 0
3791, 1, 1636429978977, 1636429979069, 92, 1, 91, 0, 0, 0
3792, 1, 1636429978977, 1636429979070, 93, 1, 92, 0, 0, 0
3793, 1, 1636429979197, 1636429979290, 93, 1, 92, 0, 0, 0
3794, 1, 1636429979245, 1636429979349, 104, 0, 104, 0, 0, 0
3797, 1, 1636429979349, 1636429979437, 88, 2, 86, 0, 1, 1
3795, 1, 1636429979349, 1636429979437, 88, 2, 86, 0, 0, 0
3796, 1, 1636429979349, 1636429979437, 88, 1, 87, 0, 0, 0
3799, 1, 1636429979477, 1636429979569, 92, 1, 91, 0, 0, 0
3740, 1, 1636429979489, 1636429979582, 93, 0, 93, 0, 0, 0
3800, 1, 1636429979525, 1636429979617, 92, 0, 92, 0, 0, 0
3801, 1, 1636429979581, 1636429979674, 93, 1, 92, 0, 0, 0
3802, 1, 1636429979581, 1636429979674, 93, 2, 91, 0, 1, 1
3803, 1, 1636429979581, 1636429979674, 93, 1, 92, 1, 0, 1
3798, 1, 1636429979709, 1636429979802, 93, 1, 92, 0, 1, 1
3804, 1, 1636429979801, 1636429979893, 92, 1, 91, 0, 0, 0
3805, 1, 1636429979874, 1636429979965, 91, 0, 91, 0, 0, 0
3807, 1, 1636429979969, 1636429980057, 88, 1, 87, 1, 0, 1
3806, 1, 1636429979969, 1636429980061, 92, 1, 91, 0, 1, 1
3809, 1, 1636429980221, 1636429980309, 88, 0, 88, 0, 0, 0
3810, 1, 1636429980233, 1636429980317, 84, 0, 84, 0, 0, 0
3808, 1, 1636429980245, 1636429980334, 89, 0, 89, 0, 0, 0
3811, 1, 1636429980265, 1636429980353, 88, 0, 88, 0, 0, 0
3812, 1, 1636429980333, 1636429980426, 93, 1, 92, 0, 0, 0
3813, 1, 1636429980333, 1636429980426, 93, 1, 92, 0, 0, 0
3815, 1, 1636429980437, 1636429980533, 96, 1, 95, 0, 1, 1
3816, 1, 1636429980489, 1636429980577, 88, 0, 88, 0, 0, 0
3817, 1, 1636429980533, 1636429980621, 88, 0, 88, 0, 0, 0
3818, 1, 1636429980573, 1636429980662, 89, 1, 88, 0, 1, 1
3819, 1, 1636429980573, 1636429980662, 89, 1, 88, 1, 0, 1
3814, 1, 1636429980681, 1636429980774, 93, 1, 92, 0, 1, 1
3820, 1, 1636429980717, 1636429980810, 93, 1, 92, 0, 1, 1
3822, 1, 1636429980965, 1636429981053, 88, 0, 88, 0, 0, 0
3823, 1, 1636429981009, 1636429981105, 96, 0, 96, 0, 0, 0
3824, 1, 1636429981173, 1636429981265, 92, 1, 91, 0, 1, 1
3825, 1, 1636429981229, 1636429981321, 92, 0, 92, 0, 0, 0
3826, 1, 1636429981237, 1636429981333, 96, 1, 95, 0, 0, 0
3827, 1, 1636429981257, 1636429981350, 93, 1, 92, 0, 0, 0
3828, 1, 1636429981317, 1636429981405, 88, 0, 88, 0, 0, 0
3829, 1, 1636429981369, 1636429981465, 96, 0, 96, 0, 0, 0
3831, 1, 1636429981449, 1636429981541, 92, 1, 91, 1, 0, 1
3833, 1, 1636429981489, 1636429981585, 96, 0, 96, 0, 0, 0
3834, 1, 1636429981549, 1636429981642, 93, 0, 93, 0, 0, 0
3835, 1, 1636429981565, 1636429981653, 88, 1, 87, 0, 0, 0
3830, 1, 1636429981693, 1636429981785, 92, 1, 91, 0, 1, 1
3836, 1, 1636429981705, 1636429981797, 92, 1, 91, 0, 1, 1
3832, 1, 1636429981945, 1636429982033, 88, 1, 87, 0, 1, 1
3837, 1, 1636429981973, 1636429982062, 89, 1, 88, 0, 0, 0
3838, 1, 1636429981993, 1636429982081, 88, 0, 88, 0, 0, 0
3839, 1, 1636429982153, 1636429982245, 92, 1, 91, 0, 1, 1
3840, 1, 1636429982229, 1636429982342, 113, 0, 113, 0, 0, 0
3841, 1, 1636429982257, 1636429982353, 96, 1, 95, 0, 1, 1
3842, 1, 1636429982274, 1636429982365, 91, 0, 91, 0, 0, 0
3843, 1, 1636429982341, 1636429982433, 92, 1, 91, 0, 0, 0
3844, 1, 1636429982341, 1636429982433, 92, 1, 91, 0, 1, 1
3846, 1, 1636429982433, 1636429982525, 92, 1, 91, 0, 1, 1
3720, 1, 1636429982473, 1636429982561, 88, 1, 87, 1, 0, 1
3847, 1, 1636429982517, 1636429982606, 89, 0, 89, 0, 0, 0
3848, 1, 1636429982565, 1636429982661, 96, 0, 96, 0, 0, 0
3849, 1, 1636429982606, 1636429982697, 91, 0, 91, 0, 0, 0
3850, 1, 1636429982653, 1636429982749, 96, 0, 96, 0, 0, 0
3851, 1, 1636429982718, 1636429982805, 87, 0, 87, 0, 0, 0
3845, 1, 1636429982718, 1636429982809, 91, 0, 91, 0, 0, 0
3852, 1, 1636429982781, 1636429982873, 92, 0, 92, 0, 0, 0
3853, 1, 1636429982953, 1636429983045, 92, 0, 92, 0, 0, 0
3854, 1, 1636429982961, 1636429983049, 88, 1, 87, 0, 1, 1
3856, 1, 1636429983161, 1636429983253, 92, 0, 92, 0, 0, 0
3855, 1, 1636429983233, 1636429983321, 88, 1, 87, 1, 0, 1
3857, 1, 1636429983233, 1636429983321, 88, 1, 87, 1, 0, 1
3858, 1, 1636429983265, 1636429983357, 92, 1, 91, 0, 0, 0
3859, 1, 1636429983265, 1636429983357, 92, 0, 92, 0, 0, 0
3860, 1, 1636429983301, 1636429983389, 88, 0, 88, 0, 0, 0
3861, 1, 1636429983321, 1636429983413, 92, 1, 91, 0, 0, 0
3863, 1, 1636429983449, 1636429983541, 92, 1, 91, 0, 1, 1
3864, 1, 1636429983470, 1636429983561, 91, 0, 91, 0, 0, 0
3866, 1, 1636429983553, 1636429983645, 92, 1, 91, 0, 0, 0
3865, 1, 1636429983553, 1636429983645, 92, 1, 91, 1, 0, 1
3868, 1, 1636429983689, 1636429983781, 92, 1, 91, 0, 0, 0
3862, 1, 1636429983717, 1636429983809, 92, 1, 91, 1, 0, 1
3869, 1, 1636429983717, 1636429983810, 93, 1, 92, 1, 0, 1
3867, 1, 1636429983905, 1636429983997, 92, 1, 91, 0, 1, 1
3870, 1, 1636429983973, 1636429984065, 92, 1, 91, 0, 0, 0
3871, 1, 1636429983985, 1636429984077, 92, 1, 91, 0, 1, 1
3872, 1, 1636429984141, 1636429984229, 88, 1, 87, 0, 1, 1
3873, 1, 1636429984181, 1636429984269, 88, 1, 87, 0, 0, 0
3874, 1, 1636429984249, 1636429984337, 88, 1, 87, 0, 0, 0
3876, 1, 1636429984261, 1636429984349, 88, 0, 88, 0, 0, 0
3875, 1, 1636429984257, 1636429984350, 93, 1, 92, 0, 0, 0
3877, 1, 1636429984309, 1636429984401, 92, 1, 91, 0, 0, 0
3878, 1, 1636429984309, 1636429984401, 92, 1, 91, 0, 0, 0
3881, 1, 1636429984489, 1636429984577, 88, 1, 87, 1, 0, 1
3880, 1, 1636429984489, 1636429984577, 88, 1, 87, 0, 1, 1
3882, 1, 1636429984561, 1636429984653, 92, 0, 92, 0, 0, 0
3883, 1, 1636429984569, 1636429984657, 88, 0, 88, 0, 0, 0
3884, 1, 1636429984581, 1636429984669, 88, 0, 88, 0, 0, 0
3879, 1, 1636429984701, 1636429984793, 92, 1, 91, 0, 0, 0
3886, 1, 1636429984701, 1636429984793, 92, 1, 91, 0, 0, 0
3885, 1, 1636429984705, 1636429984797, 92, 0, 92, 0, 0, 0
3887, 1, 1636429984993, 1636429985089, 96, 1, 95, 0, 0, 0
3888, 1, 1636429985001, 1636429985097, 96, 1, 95, 1, 0, 1
3890, 1, 1636429985161, 1636429985253, 92, 1, 91, 1, 0, 1
3889, 1, 1636429985161, 1636429985253, 92, 1, 91, 0, 0, 0
3891, 1, 1636429985229, 1636429985321, 92, 0, 92, 0, 0, 0
3892, 1, 1636429985253, 1636429985345, 92, 1, 91, 0, 1, 1
3893, 1, 1636429985269, 1636429985365, 96, 1, 95, 0, 1, 1
3894, 1, 1636429985293, 1636429985385, 92, 0, 92, 0, 0, 0
3895, 1, 1636429985305, 1636429985401, 96, 0, 96, 0, 0, 0
3897, 1, 1636429985501, 1636429985593, 92, 0, 92, 0, 0, 0
3899, 1, 1636429985529, 1636429985617, 88, 1, 87, 0, 0, 0
3898, 1, 1636429985529, 1636429985621, 92, 1, 91, 1, 0, 1
3900, 1, 1636429985593, 1636429985685, 92, 1, 91, 0, 1, 1
3901, 1, 1636429985593, 1636429985685, 92, 1, 91, 0, 1, 1
3902, 1, 1636429985677, 1636429985769, 92, 1, 91, 0, 1, 1
3903, 1, 1636429985677, 1636429985773, 96, 1, 95, 0, 1, 1
3896, 1, 1636429985722, 1636429985813, 91, 0, 91, 0, 0, 0
3904, 1, 1636429985981, 1636429986074, 93, 1, 92, 0, 0, 0
3905, 1, 1636429985997, 1636429986089, 92, 0, 92, 0, 0, 0
3907, 1, 1636429986129, 1636429986221, 92, 1, 91, 1, 0, 1
3906, 1, 1636429986129, 1636429986221, 92, 1, 91, 0, 0, 0
3909, 1, 1636429986241, 1636429986333, 92, 1, 91, 0, 0, 0
3908, 1, 1636429986241, 1636429986334, 93, 1, 92, 0, 1, 1
3912, 1, 1636429986281, 1636429986369, 88, 0, 88, 0, 0, 0
3910, 1, 1636429986277, 1636429986369, 92, 1, 91, 0, 1, 1
3911, 1, 1636429986285, 1636429986377, 92, 0, 92, 0, 0, 0
3915, 1, 1636429986497, 1636429986589, 92, 1, 91, 0, 0, 0
3914, 1, 1636429986493, 1636429986589, 96, 1, 95, 0, 0, 0
3916, 1, 1636429986521, 1636429986609, 88, 0, 88, 0, 0, 0
3917, 1, 1636429986557, 1636429986650, 93, 1, 92, 0, 0, 0
3918, 1, 1636429986613, 1636429986701, 88, 0, 88, 0, 0, 0
3913, 1, 1636429986701, 1636429986793, 92, 1, 91, 1, 0, 1
3919, 1, 1636429986701, 1636429986793, 92, 1, 91, 1, 0, 1
3922, 1, 1636429987005, 1636429987097, 92, 1, 91, 0, 1, 1
3924, 1, 1636429987149, 1636429987241, 92, 0, 92, 0, 0, 0
3925, 1, 1636429987213, 1636429987305, 92, 1, 91, 0, 0, 0
3927, 1, 1636429987245, 1636429987337, 92, 0, 92, 0, 0, 0
3926, 1, 1636429987245, 1636429987337, 92, 0, 92, 0, 0, 0
3928, 1, 1636429987277, 1636429987369, 92, 0, 92, 0, 0, 0
3929, 1, 1636429987317, 1636429987409, 92, 0, 92, 0, 0, 0
3931, 1, 1636429987493, 1636429987582, 89, 0, 89, 0, 0, 0
3932, 1, 1636429987497, 1636429987585, 88, 0, 88, 0, 0, 0
3934, 1, 1636429987541, 1636429987633, 92, 1, 91, 0, 0, 0
3933, 1, 1636429987601, 1636429987693, 92, 1, 91, 0, 0, 0
3935, 1, 1636429987653, 1636429987745, 92, 1, 91, 0, 0, 0
3936, 1, 1636429987665, 1636429987753, 88, 0, 88, 0, 0, 0
3930, 1, 1636429987693, 1636429987873, 180, 1, 179, 0, 0, 0
3921, 1, 1636429988056, 1636429988146, 90, 1, 89, 1, 0, 1
3937, 1, 1636429988145, 1636429988233, 88, 1, 87, 0, 0, 0
3938, 1, 1636429988182, 1636429988274, 92, 0, 92, 0, 0, 0
3939, 1, 1636429988217, 1636429988310, 93, 1, 92, 0, 0, 0
3940, 1, 1636429988241, 1636429988333, 92, 0, 92, 0, 0, 0
3941, 1, 1636429988273, 1636429988365, 92, 1, 91, 0, 0, 0
3944, 1, 1636429988313, 1636429988406, 93, 0, 93, 0, 0, 0
3942, 1, 1636429988329, 1636429988421, 92, 0, 92, 0, 0, 0
3943, 1, 1636429988337, 1636429988425, 88, 0, 88, 0, 0, 0
3946, 1, 1636429988461, 1636429988549, 88, 0, 88, 0, 0, 0
3947, 1, 1636429988465, 1636429988553, 88, 0, 88, 0, 0, 0
3948, 1, 1636429988517, 1636429988609, 92, 0, 92, 0, 0, 0
3949, 1, 1636429988541, 1636429988633, 92, 0, 92, 0, 0, 0
3950, 1, 1636429988633, 1636429988721, 88, 1, 87, 0, 0, 0
3945, 1, 1636429988669, 1636429988761, 92, 1, 91, 0, 1, 1
3951, 1, 1636429988725, 1636429988817, 92, 0, 92, 0, 0, 0
3952, 1, 1636429989081, 1636429989169, 88, 0, 88, 0, 0, 0
3953, 1, 1636429989185, 1636429989278, 93, 1, 92, 0, 0, 0
3954, 1, 1636429989213, 1636429989302, 89, 0, 89, 0, 0, 0
3957, 1, 1636429989245, 1636429989333, 88, 1, 87, 1, 0, 1
3956, 1, 1636429989245, 1636429989337, 92, 1, 91, 1, 0, 1
3959, 1, 1636429989277, 1636429989365, 88, 1, 87, 0, 0, 0
3961, 1, 1636429989497, 1636429989590, 93, 1, 92, 0, 1, 1
3962, 1, 1636429989505, 1636429989593, 88, 0, 88, 0, 0, 0
3963, 1, 1636429989521, 1636429989613, 92, 1, 91, 1, 0, 1
3964, 1, 1636429989549, 1636429989641, 92, 1, 91, 0, 1, 1
3965, 1, 1636429989649, 1636429989741, 92, 1, 91, 0, 1, 1
3966, 1, 1636429989673, 1636429989761, 88, 1, 87, 1, 0, 1
3967, 1, 1636429990129, 1636429990222, 93, 1, 92, 0, 1, 1
3968, 1, 1636429990157, 1636429990249, 92, 1, 91, 0, 1, 1
3969, 1, 1636429990225, 1636429990313, 88, 1, 87, 0, 0, 0
3970, 1, 1636429990241, 1636429990333, 92, 0, 92, 0, 0, 0
3972, 1, 1636429990313, 1636429990402, 89, 1, 88, 0, 0, 0
3973, 1, 1636429990489, 1636429990581, 92, 0, 92, 0, 0, 0
3974, 1, 1636429990501, 1636429990593, 92, 1, 91, 0, 0, 0
3975, 1, 1636429990513, 1636429990602, 89, 1, 88, 0, 1, 1
3976, 1, 1636429990637, 1636429990774, 137, 1, 136, 0, 1, 1
3971, 1, 1636429990673, 1636429990774, 101, 1, 100, 1, 0, 1
3978, 1, 1636429991133, 1636429991221, 88, 0, 88, 0, 0, 0
3980, 1, 1636429991177, 1636429991265, 88, 1, 87, 0, 1, 1
3979, 1, 1636429991205, 1636429991297, 92, 1, 91, 0, 0, 0
3981, 1, 1636429991213, 1636429991301, 88, 1, 87, 0, 0, 0
3982, 1, 1636429991257, 1636429991345, 88, 0, 88, 0, 0, 0
3983, 1, 1636429991341, 1636429991433, 92, 1, 91, 1, 0, 1
3984, 1, 1636429991341, 1636429991433, 92, 1, 91, 0, 1, 1
3985, 1, 1636429991509, 1636429991601, 92, 0, 92, 0, 0, 0
3986, 1, 1636429991517, 1636429991605, 88, 0, 88, 0, 0, 0
3987, 1, 1636429991521, 1636429991613, 92, 0, 92, 0, 0, 0
3988, 1, 1636429991641, 1636429991734, 93, 1, 92, 0, 1, 1
3989, 1, 1636429992097, 1636429992189, 92, 1, 91, 0, 0, 0
3990, 1, 1636429992161, 1636429992249, 88, 0, 88, 0, 0, 0
3991, 1, 1636429992193, 1636429992285, 92, 1, 91, 1, 0, 1
3992, 1, 1636429992193, 1636429992286, 93, 1, 92, 0, 1, 1
3993, 1, 1636429992261, 1636429992353, 92, 0, 92, 0, 0, 0
3994, 1, 1636429992293, 1636429992389, 96, 0, 96, 0, 0, 0
3995, 1, 1636429992337, 1636429992434, 97, 0, 97, 0, 0, 0
3996, 1, 1636429992505, 1636429992593, 88, 1, 87, 1, 0, 1
3997, 1, 1636429992522, 1636429992609, 87, 0, 87, 0, 0, 0
3998, 1, 1636429992529, 1636429992617, 88, 0, 88, 0, 0, 0
3999, 1, 1636429992641, 1636429992734, 93, 0, 93, 0, 0, 0
4000, 1, 1636429993098, 1636429993186, 88, 0, 88, 0, 0, 0
4001, 1, 1636429993186, 1636429993278, 92, 0, 92, 0, 0, 0
4002, 1, 1636429993186, 1636429993278, 92, 0, 92, 0, 0, 0
4003, 1, 1636429993229, 1636429993322, 93, 1, 92, 0, 1, 1
4004, 1, 1636429993245, 1636429993341, 96, 0, 96, 0, 0, 0
4005, 1, 1636429993297, 1636429993389, 92, 0, 92, 0, 0, 0
4006, 1, 1636429993305, 1636429993397, 92, 0, 92, 0, 0, 0
4007, 1, 1636429993473, 1636429993565, 92, 1, 91, 0, 0, 0
4008, 1, 1636429993506, 1636429993597, 91, 0, 91, 0, 0, 0
4009, 1, 1636429993541, 1636429993634, 93, 1, 92, 0, 0, 0
4010, 1, 1636429993633, 1636429993726, 93, 1, 92, 1, 0, 1
4011, 1, 1636429994086, 1636429994177, 91, 0, 91, 0, 0, 0
4012, 1, 1636429994161, 1636429994253, 92, 0, 92, 0, 0, 0
4014, 1, 1636429994197, 1636429994294, 97, 1, 96, 0, 1, 1
4013, 1, 1636429994197, 1636429994294, 97, 1, 96, 0, 1, 1
4015, 1, 1636429994213, 1636429994309, 96, 0, 96, 0, 0, 0
4016, 1, 1636429994273, 1636429994369, 96, 1, 95, 0, 0, 0
4017, 1, 1636429994301, 1636429994394, 93, 0, 93, 0, 0, 0
4018, 1, 1636429994481, 1636429994573, 92, 1, 91, 0, 0, 0
4019, 1, 1636429994481, 1636429994573, 92, 1, 91, 1, 0, 1
4020, 1, 1636429994526, 1636429994617, 91, 0, 91, 0, 0, 0
4021, 1, 1636429994662, 1636429994753, 91, 0, 91, 0, 0, 0
4022, 1, 1636429995114, 1636429995205, 91, 0, 91, 0, 0, 0
4023, 1, 1636429995137, 1636429995229, 92, 0, 92, 0, 0, 0
4024, 1, 1636429995209, 1636429995301, 92, 0, 92, 0, 0, 0
4026, 1, 1636429995221, 1636429995313, 92, 1, 91, 0, 0, 0
4025, 1, 1636429995229, 1636429995321, 92, 0, 92, 0, 0, 0
4027, 1, 1636429995261, 1636429995349, 88, 0, 88, 0, 0, 0
4028, 1, 1636429995329, 1636429995421, 92, 1, 91, 0, 1, 1
4029, 1, 1636429995449, 1636429995537, 88, 1, 87, 0, 1, 1
4030, 1, 1636429995453, 1636429995542, 89, 0, 89, 0, 0, 0
4031, 1, 1636429995537, 1636429995629, 92, 1, 91, 0, 1, 1
4032, 1, 1636429995682, 1636429995774, 92, 0, 92, 0, 0, 0
4034, 1, 1636429996130, 1636429996222, 92, 0, 92, 0, 0, 0
4033, 1, 1636429996133, 1636429996225, 92, 0, 92, 0, 0, 0
4035, 1, 1636429996197, 1636429996286, 89, 1, 88, 0, 1, 1
4036, 1, 1636429996225, 1636429996317, 92, 0, 92, 0, 0, 0
4037, 1, 1636429996249, 1636429996337, 88, 0, 88, 0, 0, 0
4038, 1, 1636429996285, 1636429996377, 92, 1, 91, 0, 0, 0
4039, 1, 1636429996345, 1636429996437, 92, 1, 91, 0, 1, 1
4040, 1, 1636429996417, 1636429996514, 97, 1, 96, 0, 0, 0
4041, 1, 1636429996477, 1636429996577, 100, 1, 99, 0, 1, 1
4042, 1, 1636429996514, 1636429996606, 92, 0, 92, 0, 0, 0
4043, 1, 1636429996670, 1636429996762, 92, 0, 92, 0, 0, 0
4044, 1, 1636429997045, 1636429997142, 97, 1, 96, 0, 1, 1
4045, 1, 1636429997125, 1636429997217, 92, 1, 91, 0, 0, 0
4046, 1, 1636429997133, 1636429997229, 96, 0, 96, 0, 0, 0
4048, 1, 1636429997225, 1636429997317, 92, 1, 91, 1, 0, 1
4049, 1, 1636429997225, 1636429997317, 92, 1, 91, 0, 0, 0
4047, 1, 1636429997229, 1636429997326, 97, 0, 97, 0, 0, 0
4050, 1, 1636429997301, 1636429997393, 92, 1, 91, 0, 0, 0
4051, 1, 1636429997326, 1636429997417, 91, 0, 91, 0, 0, 0
4054, 1, 1636429997465, 1636429997557, 92, 1, 91, 0, 1, 1
4052, 1, 1636429997501, 1636429997593, 92, 0, 92, 0, 0, 0
4055, 1, 1636429997534, 1636429997625, 91, 0, 91, 0, 0, 0
4056, 1, 1636429997673, 1636429997765, 92, 1, 91, 0, 0, 0
4057, 1, 1636429997941, 1636429998033, 92, 0, 92, 0, 0, 0
4058, 1, 1636429998126, 1636429998217, 91, 0, 91, 0, 0, 0
4059, 1, 1636429998126, 1636429998217, 91, 0, 91, 0, 0, 0
4060, 1, 1636429998185, 1636429998273, 88, 1, 87, 0, 0, 0
4061, 1, 1636429998241, 1636429998337, 96, 0, 96, 0, 0, 0
4062, 1, 1636429998257, 1636429998345, 88, 0, 88, 0, 0, 0
4063, 1, 1636429998269, 1636429998357, 88, 0, 88, 0, 0, 0
4064, 1, 1636429998297, 1636429998390, 93, 1, 92, 0, 1, 1
4065, 1, 1636429998389, 1636429998477, 88, 1, 87, 0, 0, 0
4066, 1, 1636429998461, 1636429998554, 93, 1, 92, 0, 0, 0
4067, 1, 1636429998533, 1636429998626, 93, 1, 92, 1, 0, 1
4068, 1, 1636429998637, 1636429998730, 93, 1, 92, 0, 1, 1
4069, 1, 1636429998969, 1636429999061, 92, 0, 92, 0, 0, 0
4070, 1, 1636429999165, 1636429999298, 133, 1, 132, 0, 0, 0
4071, 1, 1636429999165, 1636429999301, 136, 1, 135, 1, 0, 1
4072, 1, 1636429999301, 1636429999393, 92, 1, 91, 0, 0, 0
4073, 1, 1636429999301, 1636429999394, 93, 1, 92, 0, 1, 1
4076, 1, 1636429999385, 1636429999477, 92, 1, 91, 0, 0, 0
4074, 1, 1636429999393, 1636429999481, 88, 1, 87, 0, 0, 0
4075, 1, 1636429999393, 1636429999481, 88, 1, 87, 0, 0, 0
4077, 1, 1636429999409, 1636429999501, 92, 0, 92, 0, 0, 0
4078, 1, 1636429999477, 1636429999565, 88, 0, 88, 0, 0, 0
4079, 1, 1636429999517, 1636429999606, 89, 1, 88, 0, 1, 1
4081, 1, 1636429999565, 1636429999657, 92, 1, 91, 0, 0, 0
4080, 1, 1636429999601, 1636429999698, 97, 0, 97, 0, 0, 0
4082, 1, 1636429999753, 1636429999846, 93, 1, 92, 0, 0, 0
4084, 1, 1636429999945, 1636430000037, 92, 0, 92, 0, 0, 0
4083, 1, 1636430000021, 1636430000117, 96, 1, 95, 0, 0, 0
4085, 1, 1636430000105, 1636430000197, 92, 1, 91, 0, 0, 0
4086, 1, 1636430000209, 1636430000297, 88, 1, 87, 0, 1, 1
4087, 1, 1636430000209, 1636430000297, 88, 1, 87, 0, 1, 1
4089, 1, 1636430000249, 1636430000337, 88, 1, 87, 1, 0, 1
4090, 1, 1636430000269, 1636430000361, 92, 1, 91, 0, 0, 0
4091, 1, 1636430000389, 1636430000482, 93, 0, 93, 0, 0, 0
4092, 1, 1636430000421, 1636430000545, 124, 1, 123, 0, 1, 1
4093, 1, 1636430000481, 1636430000570, 89, 1, 88, 0, 1, 1
4094, 1, 1636430000481, 1636430000573, 92, 1, 91, 1, 0, 1
4095, 1, 1636430000541, 1636430000633, 92, 0, 92, 0, 0, 0
4096, 1, 1636430000717, 1636430000809, 92, 1, 91, 1, 0, 1
4097, 1, 1636430000717, 1636430000810, 93, 1, 92, 1, 0, 1
4098, 1, 1636430000921, 1636430001013, 92, 1, 91, 0, 1, 1
4099, 1, 1636430000978, 1636430001069, 91, 0, 91, 0, 0, 0
4100, 1, 1636430001069, 1636430001161, 92, 1, 91, 1, 0, 1
4101, 1, 1636430001177, 1636430001269, 92, 1, 91, 0, 0, 0
4102, 1, 1636430001177, 1636430001269, 92, 1, 91, 1, 0, 1
4103, 1, 1636430001245, 1636430001333, 88, 0, 88, 0, 0, 0
4104, 1, 1636430001269, 1636430001357, 88, 0, 88, 0, 0, 0
4105, 1, 1636430001377, 1636430001469, 92, 1, 91, 0, 0, 0
4106, 1, 1636430001429, 1636430001517, 88, 0, 88, 0, 0, 0
4108, 1, 1636430001481, 1636430001573, 92, 1, 91, 0, 0, 0
4107, 1, 1636430001481, 1636430001573, 92, 1, 91, 1, 0, 1
4109, 1, 1636430001525, 1636430001618, 93, 1, 92, 0, 0, 0
4111, 1, 1636430001649, 1636430001737, 88, 0, 88, 0, 0, 0
4110, 1, 1636430001645, 1636430001737, 92, 1, 91, 0, 1, 1
4112, 1, 1636430001870, 1636430001961, 91, 0, 91, 0, 0, 0
4113, 1, 1636430001921, 1636430002009, 88, 0, 88, 0, 0, 0
4114, 1, 1636430002081, 1636430002170, 89, 1, 88, 0, 1, 1
4115, 1, 1636430002097, 1636430002185, 88, 0, 88, 0, 0, 0
4116, 1, 1636430002181, 1636430002274, 93, 1, 92, 0, 0, 0
4117, 1, 1636430002261, 1636430002353, 92, 1, 91, 1, 0, 1
4118, 1, 1636430002261, 1636430002353, 92, 1, 91, 0, 1, 1
4119, 1, 1636430002365, 1636430002461, 96, 0, 96, 0, 0, 0
4120, 1, 1636430002397, 1636430002489, 92, 1, 91, 1, 0, 1
4121, 1, 1636430002461, 1636430002549, 88, 0, 88, 0, 0, 0
4122, 1, 1636430002489, 1636430002581, 92, 0, 92, 0, 0, 0
4123, 1, 1636430002497, 1636430002585, 88, 0, 88, 0, 0, 0
4124, 1, 1636430002649, 1636430002737, 88, 1, 87, 0, 1, 1
4125, 1, 1636430002682, 1636430002778, 96, 0, 96, 0, 0, 0
4126, 1, 1636430002857, 1636430002949, 92, 1, 91, 0, 0, 0
4127, 1, 1636430002913, 1636430003005, 92, 1, 91, 0, 1, 1
4128, 1, 1636430003105, 1636430003197, 92, 1, 91, 0, 1, 1
4129, 1, 1636430003225, 1636430003317, 92, 1, 91, 0, 1, 1
4130, 1, 1636430003253, 1636430003345, 92, 1, 91, 0, 1, 1
4131, 1, 1636430003277, 1636430003369, 92, 0, 92, 0, 0, 0
4132, 1, 1636430003369, 1636430003457, 88, 1, 87, 1, 0, 1
4133, 1, 1636430003373, 1636430003461, 88, 0, 88, 0, 0, 0
4134, 1, 1636430003441, 1636430003529, 88, 0, 88, 0, 0, 0
4135, 1, 1636430003465, 1636430003549, 84, 0, 84, 0, 0, 0
4136, 1, 1636430003501, 1636430003593, 92, 0, 92, 0, 0, 0
4137, 1, 1636430003673, 1636430003761, 88, 1, 87, 0, 0, 0
4138, 1, 1636430003677, 1636430003765, 88, 0, 88, 0, 0, 0
4140, 1, 1636430003885, 1636430003978, 93, 1, 92, 0, 1, 1
4139, 1, 1636430004118, 1636430004205, 87, 0, 87, 0, 0, 0
4142, 1, 1636430004197, 1636430004285, 88, 1, 87, 0, 0, 0
4143, 1, 1636430004261, 1636430004353, 92, 1, 91, 0, 0, 0
4145, 1, 1636430004293, 1636430004382, 89, 1, 88, 0, 0, 0
4144, 1, 1636430004337, 1636430004429, 92, 1, 91, 0, 0, 0
4147, 1, 1636430004429, 1636430004517, 88, 1, 87, 0, 0, 0
4148, 1, 1636430004469, 1636430004562, 93, 0, 93, 0, 0, 0
4149, 1, 1636430004493, 1636430004585, 92, 0, 92, 0, 0, 0
4150, 1, 1636430004666, 1636430004758, 92, 0, 92, 0, 0, 0
4151, 1, 1636430004681, 1636430004770, 89, 0, 89, 0, 0, 0
4152, 1, 1636430004849, 1636430004941, 92, 1, 91, 0, 0, 0
4153, 1, 1636430004865, 1636430004962, 97, 1, 96, 0, 1, 1
4154, 1, 1636430005177, 1636430005269, 92, 1, 91, 1, 0, 1
4155, 1, 1636430005229, 1636430005317, 88, 0, 88, 0, 0, 0
4157, 1, 1636430005297, 1636430005390, 93, 1, 92, 0, 0, 0
4156, 1, 1636430005317, 1636430005410, 93, 1, 92, 1, 0, 1
4158, 1, 1636430005410, 1636430005501, 91, 0, 91, 0, 0, 0
4159, 1, 1636430005449, 1636430005538, 89, 1, 88, 0, 0, 0
4160, 1, 1636430005469, 1636430005558, 89, 1, 88, 1, 0, 1
4161, 1, 1636430005649, 1636430005742, 93, 1, 92, 0, 0, 0
4162, 1, 1636430005677, 1636430005770, 93, 0, 93, 0, 0, 0
4164, 1, 1636430005857, 1636430005945, 88, 1, 87, 0, 0, 0
4163, 1, 1636430005898, 1636430005989, 91, 0, 91, 0, 0, 0
4165, 1, 1636430006201, 1636430006293, 92, 1, 91, 0, 1, 1
4167, 1, 1636430006234, 1636430006329, 95, 0, 95, 0, 0, 0
4166, 1, 1636430006305, 1636430006393, 88, 1, 87, 1, 0, 1
4168, 1, 1636430006317, 1636430006405, 88, 1, 87, 1, 0, 1
4169, 1, 1636430006393, 1636430006485, 92, 1, 91, 0, 0, 0
4170, 1, 1636430006457, 1636430006549, 92, 1, 91, 0, 0, 0
4171, 1, 1636430006509, 1636430006597, 88, 0, 88, 0, 0, 0
4172, 1, 1636430006661, 1636430006749, 88, 1, 87, 0, 0, 0
4173, 1, 1636430006685, 1636430006777, 92, 1, 91, 0, 0, 0
4174, 1, 1636430006838, 1636430006929, 91, 0, 91, 0, 0, 0
4175, 1, 1636430006873, 1636430006966, 93, 1, 92, 0, 1, 1
4176, 1, 1636430007194, 1636430007289, 95, 0, 95, 0, 0, 0
4177, 1, 1636430007293, 1636430007381, 88, 1, 87, 0, 1, 1
4180, 1, 1636430007377, 1636430007469, 92, 0, 92, 0, 0, 0
4179, 1, 1636430007381, 1636430007473, 92, 1, 91, 1, 0, 1
4088, 1, 1636430007422, 1636430007513, 91, 0, 91, 0, 0, 0
4181, 1, 1636430007517, 1636430007609, 92, 1, 91, 0, 0, 0
4182, 1, 1636430007517, 1636430007609, 92, 1, 91, 0, 1, 1
4183, 1, 1636430007653, 1636430007745, 92, 0, 92, 0, 0, 0
4184, 1, 1636430007721, 1636430007809, 88, 1, 87, 0, 1, 1
4185, 1, 1636430007717, 1636430007809, 92, 1, 91, 0, 0, 0
4186, 1, 1636430007837, 1636430007929, 92, 1, 91, 0, 1, 1
4187, 1, 1636430007874, 1636430007965, 91, 0, 91, 0, 0, 0
4188, 1, 1636430008101, 1636430008198, 97, 1, 96, 0, 0, 0
4189, 1, 1636430008213, 1636430008305, 92, 1, 91, 0, 1, 1
4190, 1, 1636430008285, 1636430008377, 92, 1, 91, 0, 1, 1
4191, 1, 1636430008350, 1636430008442, 92, 0, 92, 0, 0, 0
4192, 1, 1636430008354, 1636430008445, 91, 0, 91, 0, 0, 0
4193, 1, 1636430008449, 1636430008541, 92, 0, 92, 0, 0, 0
4194, 1, 1636430008497, 1636430008585, 88, 0, 88, 0, 0, 0
4195, 1, 1636430008641, 1636430008733, 92, 0, 92, 0, 0, 0
4196, 1, 1636430008673, 1636430008765, 92, 1, 91, 1, 0, 1
4197, 1, 1636430008701, 1636430008790, 89, 0, 89, 0, 0, 0
4198, 1, 1636430008877, 1636430008969, 92, 1, 91, 0, 1, 1
4199, 1, 1636430009057, 1636430009149, 92, 1, 91, 0, 1, 1
4200, 1, 1636430009201, 1636430009289, 88, 0, 88, 0, 0, 0
4201, 1, 1636430009325, 1636430009417, 92, 1, 91, 0, 0, 0
4202, 1, 1636430009337, 1636430009429, 92, 0, 92, 0, 0, 0
4203, 1, 1636430009457, 1636430009550, 93, 1, 92, 0, 0, 0
4204, 1, 1636430009529, 1636430009622, 93, 1, 92, 0, 0, 0
4205, 1, 1636430009661, 1636430009749, 88, 1, 87, 0, 0, 0
4206, 1, 1636430009673, 1636430009766, 93, 1, 92, 0, 0, 0
4207, 1, 1636430009673, 1636430009766, 93, 1, 92, 1, 0, 1
4208, 1, 1636430009885, 1636430009974, 89, 1, 88, 0, 0, 0
4209, 1, 1636430010025, 1636430010114, 89, 1, 88, 0, 0, 0
4210, 1, 1636430010237, 1636430010333, 96, 1, 95, 0, 0, 0
4211, 1, 1636430010329, 1636430010421, 92, 0, 92, 0, 0, 0
4212, 1, 1636430010373, 1636430010461, 88, 1, 87, 0, 0, 0
4213, 1, 1636430010481, 1636430010574, 93, 1, 92, 0, 1, 1
4214, 1, 1636430010509, 1636430010601, 92, 0, 92, 0, 0, 0
4215, 1, 1636430010646, 1636430010737, 91, 0, 91, 0, 0, 0
4216, 1, 1636430010693, 1636430010785, 92, 0, 92, 0, 0, 0
4218, 1, 1636430010917, 1636430011005, 88, 1, 87, 0, 1, 1
4217, 1, 1636430010961, 1636430011053, 92, 1, 91, 1, 0, 1
4220, 1, 1636430011241, 1636430011334, 93, 0, 93, 0, 0, 0
4221, 1, 1636430011385, 1636430011473, 88, 1, 87, 0, 0, 0
4222, 1, 1636430011469, 1636430011561, 92, 0, 92, 0, 0, 0
4223, 1, 1636430011485, 1636430011578, 93, 0, 93, 0, 0, 0
4225, 1, 1636430011685, 1636430011778, 93, 1, 92, 0, 0, 0
4224, 1, 1636430011685, 1636430011778, 93, 1, 92, 1, 0, 1
4226, 1, 1636430011914, 1636430012005, 91, 0, 91, 0, 0, 0
4227, 1, 1636430012214, 1636430012306, 92, 0, 92, 0, 0, 0
4228, 1, 1636430012418, 1636430012510, 92, 0, 92, 0, 0, 0
4229, 1, 1636430012438, 1636430012529, 91, 0, 91, 0, 0, 0
4230, 1, 1636430012485, 1636430012573, 88, 0, 88, 0, 0, 0
4231, 1, 1636430012661, 1636430012749, 88, 1, 87, 0, 0, 0
4232, 1, 1636430012673, 1636430012769, 96, 1, 95, 0, 1, 1
4233, 1, 1636430012921, 1636430013014, 93, 1, 92, 0, 0, 0
4234, 1, 1636430013201, 1636430013294, 93, 1, 92, 0, 0, 0
4235, 1, 1636430013446, 1636430013537, 91, 0, 91, 0, 0, 0
4236, 1, 1636430013457, 1636430013550, 93, 1, 92, 0, 1, 1
4238, 1, 1636430013645, 1636430013738, 93, 1, 92, 0, 1, 1
4237, 1, 1636430013654, 1636430013741, 87, 0, 87, 0, 0, 0
4240, 1, 1636430013949, 1636430014041, 92, 1, 91, 0, 1, 1
4239, 1, 1636430014110, 1636430014198, 88, 0, 88, 0, 0, 0
4241, 1, 1636430014261, 1636430014353, 92, 1, 91, 0, 1, 1
4242, 1, 1636430014445, 1636430014533, 88, 0, 88, 0, 0, 0
4244, 1, 1636430014482, 1636430014574, 92, 0, 92, 0, 0, 0
4243, 1, 1636430014482, 1636430014577, 95, 0, 95, 0, 0, 0
4245, 1, 1636430014649, 1636430014742, 93, 1, 92, 0, 0, 0
4246, 1, 1636430014781, 1636430014874, 93, 1, 92, 1, 0, 1
4247, 1, 1636430014874, 1636430014965, 91, 0, 91, 0, 0, 0
4249, 1, 1636430014958, 1636430015045, 87, 0, 87, 0, 0, 0
4248, 1, 1636430015105, 1636430015194, 89, 1, 88, 0, 1, 1
4250, 1, 1636430015217, 1636430015309, 92, 1, 91, 0, 0, 0
4251, 1, 1636430015465, 1636430015553, 88, 0, 88, 0, 0, 0
4252, 1, 1636430015473, 1636430015561, 88, 1, 87, 0, 1, 1
4253, 1, 1636430015473, 1636430015561, 88, 1, 87, 0, 1, 1
4254, 1, 1636430015689, 1636430015785, 96, 0, 96, 0, 0, 0
4255, 1, 1636430015709, 1636430015802, 93, 1, 92, 0, 1, 1
4256, 1, 1636430015769, 1636430015862, 93, 1, 92, 0, 0, 0
4257, 1, 1636430015785, 1636430015878, 93, 1, 92, 1, 0, 1
4258, 1, 1636430015937, 1636430016029, 92, 1, 91, 0, 1, 1
4259, 1, 1636430016225, 1636430016317, 92, 1, 91, 0, 1, 1
4260, 1, 1636430016449, 1636430016537, 88, 1, 87, 0, 0, 0
4261, 1, 1636430016469, 1636430016562, 93, 1, 92, 0, 0, 0
4262, 1, 1636430016486, 1636430016578, 92, 0, 92, 0, 0, 0
4264, 1, 1636430016665, 1636430016753, 88, 0, 88, 0, 0, 0
4263, 1, 1636430016661, 1636430016753, 92, 1, 91, 0, 1, 1
4265, 1, 1636430016734, 1636430016826, 92, 0, 92, 0, 0, 0
4266, 1, 1636430016793, 1636430016885, 92, 1, 91, 0, 0, 0
4267, 1, 1636430016929, 1636430017021, 92, 1, 91, 0, 0, 0
4268, 1, 1636430017217, 1636430017309, 92, 1, 91, 0, 0, 0
4219, 1, 1636430017253, 1636430017342, 89, 1, 88, 0, 0, 0
4269, 1, 1636430017473, 1636430017561, 88, 0, 88, 0, 0, 0
4270, 1, 1636430017501, 1636430017593, 92, 0, 92, 0, 0, 0
4271, 1, 1636430017518, 1636430017606, 88, 0, 88, 0, 0, 0
4272, 1, 1636430017569, 1636430017657, 88, 1, 87, 0, 0, 0
4273, 1, 1636430017637, 1636430017729, 92, 1, 91, 0, 0, 0
4274, 1, 1636430017689, 1636430017777, 88, 0, 88, 0, 0, 0
4275, 1, 1636430017717, 1636430017806, 89, 1, 88, 0, 1, 1
4276, 1, 1636430017774, 1636430017869, 95, 0, 95, 0, 0, 0
4278, 1, 1636430017913, 1636430018005, 92, 1, 91, 0, 0, 0
4277, 1, 1636430017913, 1636430018005, 92, 1, 91, 0, 0, 0
4279, 1, 1636430018225, 1636430018318, 93, 1, 92, 0, 0, 0
4280, 1, 1636430018486, 1636430018574, 88, 0, 88, 0, 0, 0
4281, 1, 1636430018486, 1636430018577, 91, 0, 91, 0, 0, 0
4282, 1, 1636430018501, 1636430018589, 88, 0, 88, 0, 0, 0
4283, 1, 1636430018501, 1636430018597, 96, 1, 95, 0, 0, 0
4284, 1, 1636430018633, 1636430018725, 92, 1, 91, 1, 0, 1
4285, 1, 1636430018705, 1636430018797, 92, 0, 92, 0, 0, 0
4286, 1, 1636430018717, 1636430018809, 92, 0, 92, 0, 0, 0
4287, 1, 1636430018782, 1636430018873, 91, 0, 91, 0, 0, 0
4288, 1, 1636430018861, 1636430018953, 92, 1, 91, 0, 1, 1
4289, 1, 1636430018921, 1636430019013, 92, 1, 91, 0, 1, 1
4290, 1, 1636430019261, 1636430019354, 93, 1, 92, 0, 1, 1
4291, 1, 1636430019473, 1636430019565, 92, 0, 92, 0, 0, 0
4292, 1, 1636430019477, 1636430019565, 88, 0, 88, 0, 0, 0
4294, 1, 1636430019517, 1636430019610, 93, 1, 92, 0, 0, 0
4293, 1, 1636430019517, 1636430019610, 93, 1, 92, 0, 0, 0
4295, 1, 1636430019661, 1636430019749, 88, 0, 88, 0, 0, 0
4296, 1, 1636430019690, 1636430019782, 92, 0, 92, 0, 0, 0
4297, 1, 1636430019697, 1636430019785, 88, 0, 88, 0, 0, 0
4299, 1, 1636430019838, 1636430019930, 92, 0, 92, 0, 0, 0
4300, 1, 1636430019898, 1636430019989, 91, 0, 91, 0, 0, 0
4298, 1, 1636430019930, 1636430020021, 91, 0, 91, 0, 0, 0
4301, 1, 1636430020237, 1636430020329, 92, 1, 91, 0, 1, 1
4302, 1, 1636430020449, 1636430020538, 89, 1, 88, 0, 1, 1
4303, 1, 1636430020461, 1636430020549, 88, 0, 88, 0, 0, 0
4304, 1, 1636430020497, 1636430020585, 88, 0, 88, 0, 0, 0
4305, 1, 1636430020517, 1636430020605, 88, 0, 88, 0, 0, 0
4306, 1, 1636430020645, 1636430020737, 92, 1, 91, 1, 0, 1
4308, 1, 1636430020693, 1636430020782, 89, 0, 89, 0, 0, 0
4309, 1, 1636430020737, 1636430020829, 92, 1, 91, 1, 0, 1
4310, 1, 1636430020901, 1636430020993, 92, 1, 91, 0, 0, 0
4311, 1, 1636430020913, 1636430021001, 88, 0, 88, 0, 0, 0
4307, 1, 1636430021093, 1636430021185, 92, 0, 92, 0, 0, 0
4312, 1, 1636430021214, 1636430021305, 91, 0, 91, 0, 0, 0
4313, 1, 1636430021445, 1636430021534, 89, 0, 89, 0, 0, 0
4314, 1, 1636430021489, 1636430021581, 92, 1, 91, 0, 0, 0
4315, 1, 1636430021554, 1636430021645, 91, 0, 91, 0, 0, 0
4317, 1, 1636430021669, 1636430021761, 92, 1, 91, 0, 1, 1
4316, 1, 1636430021669, 1636430021761, 92, 1, 91, 1, 0, 1
4318, 1, 1636430021709, 1636430021797, 88, 0, 88, 0, 0, 0
4319, 1, 1636430021761, 1636430021850, 89, 0, 89, 0, 0, 0
4320, 1, 1636430021817, 1636430021910, 93, 0, 93, 0, 0, 0
4322, 1, 1636430022194, 1636430022282, 88, 0, 88, 0, 0, 0
4321, 1, 1636430022214, 1636430022302, 88, 0, 88, 0, 0, 0
4323, 1, 1636430022477, 1636430022569, 92, 1, 91, 1, 0, 1
4324, 1, 1636430022477, 1636430022570, 93, 1, 92, 1, 0, 1
4325, 1, 1636430022569, 1636430022662, 93, 1, 92, 0, 1, 1
4326, 1, 1636430022633, 1636430022726, 93, 0, 93, 0, 0, 0
4327, 1, 1636430022697, 1636430022789, 92, 1, 91, 0, 0, 0
4328, 1, 1636430022726, 1636430022817, 91, 0, 91, 0, 0, 0
4329, 1, 1636430022737, 1636430022829, 92, 1, 91, 0, 1, 1
4330, 1, 1636430022793, 1636430022881, 88, 0, 88, 0, 0, 0
4331, 1, 1636430023177, 1636430023270, 93, 0, 93, 0, 0, 0
4332, 1, 1636430023441, 1636430023530, 89, 0, 89, 0, 0, 0
4333, 1, 1636430023482, 1636430023577, 95, 0, 95, 0, 0, 0
4334, 1, 1636430023602, 1636430023689, 87, 0, 87, 0, 0, 0
4335, 1, 1636430023633, 1636430023722, 89, 0, 89, 0, 0, 0
4336, 1, 1636430023725, 1636430023817, 92, 0, 92, 0, 0, 0
4337, 1, 1636430023766, 1636430023857, 91, 0, 91, 0, 0, 0
4338, 1, 1636430023798, 1636430023890, 92, 0, 92, 0, 0, 0
4339, 1, 1636430024173, 1636430024266, 93, 1, 92, 0, 1, 1
4340, 1, 1636430024421, 1636430024513, 92, 1, 91, 1, 0, 1
4341, 1, 1636430024473, 1636430024565, 92, 0, 92, 0, 0, 0
4342, 1, 1636430024634, 1636430024725, 91, 0, 91, 0, 0, 0
4343, 1, 1636430024653, 1636430024745, 92, 0, 92, 0, 0, 0
4344, 1, 1636430024749, 1636430024837, 88, 0, 88, 0, 0, 0
4345, 1, 1636430024757, 1636430024845, 88, 1, 87, 0, 0, 0
4346, 1, 1636430024793, 1636430024885, 92, 0, 92, 0, 0, 0
4347, 1, 1636430025202, 1636430025297, 95, 0, 95, 0, 0, 0
4348, 1, 1636430025425, 1636430025517, 92, 1, 91, 1, 0, 1
4349, 1, 1636430025489, 1636430025582, 93, 1, 92, 1, 0, 1
4350, 1, 1636430025629, 1636430025721, 92, 0, 92, 0, 0, 0
4351, 1, 1636430025689, 1636430025777, 88, 1, 87, 0, 1, 1
4352, 1, 1636430025721, 1636430025809, 88, 1, 87, 0, 1, 1
4354, 1, 1636430025753, 1636430025842, 89, 0, 89, 0, 0, 0
4353, 1, 1636430025749, 1636430025842, 93, 1, 92, 0, 0, 0
4355, 1, 1636430026166, 1636430026257, 91, 0, 91, 0, 0, 0
4356, 1, 1636430026422, 1636430026510, 88, 0, 88, 0, 0, 0
4357, 1, 1636430026506, 1636430026598, 92, 0, 92, 0, 0, 0
4358, 1, 1636430026645, 1636430026734, 89, 0, 89, 0, 0, 0
4359, 1, 1636430026689, 1636430026777, 88, 0, 88, 0, 0, 0
4360, 1, 1636430026725, 1636430026817, 92, 1, 91, 0, 0, 0
4361, 1, 1636430026733, 1636430026821, 88, 1, 87, 1, 0, 1
4362, 1, 1636430026749, 1636430026842, 93, 1, 92, 0, 0, 0
4363, 1, 1636430027202, 1636430027293, 91, 0, 91, 0, 0, 0
4364, 1, 1636430027405, 1636430027498, 93, 1, 92, 0, 0, 0
4365, 1, 1636430027498, 1636430027585, 87, 0, 87, 0, 0, 0
4366, 1, 1636430027653, 1636430027745, 92, 0, 92, 0, 0, 0
4367, 1, 1636430027661, 1636430027753, 92, 0, 92, 0, 0, 0
4368, 1, 1636430027697, 1636430027789, 92, 1, 91, 0, 0, 0
4369, 1, 1636430027725, 1636430027818, 93, 1, 92, 0, 0, 0
4370, 1, 1636430027729, 1636430027821, 92, 1, 91, 0, 1, 1
4371, 1, 1636430028173, 1636430028265, 92, 1, 91, 0, 0, 0
4372, 1, 1636430028382, 1636430028469, 87, 0, 87, 0, 0, 0
4373, 1, 1636430028481, 1636430028570, 89, 1, 88, 1, 0, 1
4374, 1, 1636430028669, 1636430028757, 88, 1, 87, 0, 1, 1
4377, 1, 1636430028701, 1636430028789, 88, 0, 88, 0, 0, 0
4375, 1, 1636430028697, 1636430028790, 93, 1, 92, 0, 0, 0
4376, 1, 1636430028697, 1636430028789, 92, 1, 91, 1, 0, 1
4378, 1, 1636430028738, 1636430028829, 91, 0, 91, 0, 0, 0
4379, 1, 1636430029150, 1636430029242, 92, 0, 92, 0, 0, 0
4380, 1, 1636430029390, 1636430029486, 96, 0, 96, 0, 0, 0
4381, 1, 1636430029453, 1636430029542, 89, 0, 89, 0, 0, 0
4382, 1, 1636430029661, 1636430029753, 92, 0, 92, 0, 0, 0
4383, 1, 1636430029681, 1636430029769, 88, 0, 88, 0, 0, 0
4384, 1, 1636430029690, 1636430029781, 91, 0, 91, 0, 0, 0
4385, 1, 1636430029701, 1636430029790, 89, 0, 89, 0, 0, 0
4386, 1, 1636430029745, 1636430029834, 89, 1, 88, 0, 0, 0
4387, 1, 1636430030133, 1636430030222, 89, 1, 88, 1, 0, 1
4388, 1, 1636430030401, 1636430030489, 88, 1, 87, 0, 1, 1
4389, 1, 1636430030426, 1636430030517, 91, 0, 91, 0, 0, 0
4390, 1, 1636430030638, 1636430030725, 87, 0, 87, 0, 0, 0
4391, 1, 1636430030669, 1636430030761, 92, 1, 91, 0, 1, 1
4392, 1, 1636430030689, 1636430030782, 93, 0, 93, 0, 0, 0
4393, 1, 1636430030709, 1636430030805, 96, 1, 95, 0, 0, 0
4394, 1, 1636430030721, 1636430030814, 93, 1, 92, 0, 0, 0
4395, 1, 1636430031142, 1636430031234, 92, 0, 92, 0, 0, 0
4397, 1, 1636430031406, 1636430031498, 92, 0, 92, 0, 0, 0
4396, 1, 1636430031406, 1636430031498, 92, 0, 92, 0, 0, 0
4398, 1, 1636430031626, 1636430031713, 87, 0, 87, 0, 0, 0
4399, 1, 1636430031681, 1636430031773, 92, 1, 91, 0, 0, 0
4400, 1, 1636430031697, 1636430031790, 93, 0, 93, 0, 0, 0
4401, 1, 1636430031745, 1636430031837, 92, 0, 92, 0, 0, 0
4402, 1, 1636430032134, 1636430032226, 92, 0, 92, 0, 0, 0
4403, 1, 1636430032394, 1636430032481, 87, 0, 87, 0, 0, 0
4404, 1, 1636430032433, 1636430032526, 93, 1, 92, 0, 1, 1
4405, 1, 1636430032617, 1636430032705, 88, 0, 88, 0, 0, 0
4406, 1, 1636430032657, 1636430032745, 88, 0, 88, 0, 0, 0
4407, 1, 1636430032729, 1636430032821, 92, 1, 91, 0, 0, 0
4408, 1, 1636430032753, 1636430032846, 93, 0, 93, 0, 0, 0
4409, 1, 1636430033109, 1636430033201, 92, 1, 91, 0, 0, 0
4410, 1, 1636430033409, 1636430033502, 93, 1, 92, 0, 0, 0
4411, 1, 1636430033421, 1636430033509, 88, 1, 87, 0, 0, 0
4412, 1, 1636430033626, 1636430033713, 87, 0, 87, 0, 0, 0
4413, 1, 1636430033658, 1636430033749, 91, 0, 91, 0, 0, 0
4414, 1, 1636430033729, 1636430033822, 93, 1, 92, 0, 0, 0
4415, 1, 1636430033766, 1636430033858, 92, 0, 92, 0, 0, 0
4416, 1, 1636430034109, 1636430034202, 93, 0, 93, 0, 0, 0
4417, 1, 1636430034394, 1636430034485, 91, 0, 91, 0, 0, 0
4418, 1, 1636430034449, 1636430034537, 88, 1, 87, 0, 1, 1
4419, 1, 1636430034601, 1636430034693, 92, 1, 91, 1, 0, 1
4420, 1, 1636430034626, 1636430034717, 91, 0, 91, 0, 0, 0
4421, 1, 1636430034726, 1636430034818, 92, 0, 92, 0, 0, 0
4422, 1, 1636430034749, 1636430034845, 96, 1, 95, 0, 1, 1
4423, 1, 1636430035078, 1636430035170, 92, 0, 92, 0, 0, 0
4424, 1, 1636430035398, 1636430035490, 92, 0, 92, 0, 0, 0
4425, 1, 1636430035469, 1636430035561, 92, 1, 91, 0, 1, 1
4426, 1, 1636430035569, 1636430035661, 92, 1, 91, 0, 1, 1
4427, 1, 1636430035589, 1636430035682, 93, 1, 92, 0, 0, 0
4428, 1, 1636430035745, 1636430035837, 92, 1, 91, 0, 0, 0
4429, 1, 1636430035785, 1636430035878, 93, 1, 92, 0, 1, 1
4430, 1, 1636430036045, 1636430036138, 93, 1, 92, 0, 0, 0
4431, 1, 1636430036382, 1636430036474, 92, 0, 92, 0, 0, 0
4432, 1, 1636430036565, 1636430036658, 93, 1, 92, 0, 1, 1
4433, 1, 1636430036625, 1636430036718, 93, 1, 92, 0, 1, 1
4434, 1, 1636430036750, 1636430036842, 92, 0, 92, 0, 0, 0
4435, 1, 1636430036797, 1636430036889, 92, 0, 92, 0, 0, 0
4436, 1, 1636430037078, 1636430037170, 92, 0, 92, 0, 0, 0
4437, 1, 1636430037405, 1636430037497, 92, 1, 91, 1, 0, 1
4438, 1, 1636430037569, 1636430037661, 92, 1, 91, 0, 0, 0
4439, 1, 1636430037597, 1636430037689, 92, 1, 91, 0, 1, 1
4440, 1, 1636430037722, 1636430037814, 92, 0, 92, 0, 0, 0
4441, 1, 1636430037797, 1636430037889, 92, 1, 91, 1, 0, 1
4442, 1, 1636430038049, 1636430038142, 93, 1, 92, 0, 1, 1
4443, 1, 1636430038433, 1636430038526, 93, 1, 92, 0, 0, 0
4444, 1, 1636430038553, 1636430038646, 93, 1, 92, 1, 0, 1
4445, 1, 1636430038577, 1636430038670, 93, 1, 92, 0, 0, 0
4446, 1, 1636430038725, 1636430038814, 89, 1, 88, 0, 0, 0
4447, 1, 1636430038813, 1636430038905, 92, 1, 91, 0, 0, 0
4448, 1, 1636430039034, 1636430039125, 91, 0, 91, 0, 0, 0
4449, 1, 1636430039397, 1636430039489, 92, 1, 91, 0, 0, 0
4450, 1, 1636430039537, 1636430039633, 96, 0, 96, 0, 0, 0
4451, 1, 1636430039557, 1636430039646, 89, 1, 88, 0, 1, 1
4452, 1, 1636430039853, 1636430039946, 93, 1, 92, 0, 0, 0
4453, 1, 1636430039853, 1636430039946, 93, 1, 92, 0, 1, 1
4454, 1, 1636430040009, 1636430040094, 85, 0, 85, 0, 0, 0
4455, 1, 1636430040457, 1636430040549, 92, 1, 91, 0, 1, 1
4457, 1, 1636430040549, 1636430040638, 89, 1, 88, 0, 0, 0
4456, 1, 1636430040545, 1636430040638, 93, 1, 92, 0, 0, 0
4458, 1, 1636430040705, 1636430040798, 93, 1, 92, 0, 0, 0
4459, 1, 1636430040818, 1636430040910, 92, 0, 92, 0, 0, 0
4460, 1, 1636430040998, 1636430041089, 91, 0, 91, 0, 0, 0
4461, 1, 1636430041338, 1636430041430, 92, 0, 92, 0, 0, 0
4462, 1, 1636430041557, 1636430041649, 92, 1, 91, 0, 0, 0
4463, 1, 1636430041573, 1636430041665, 92, 1, 91, 0, 0, 0
4464, 1, 1636430041697, 1636430041790, 93, 1, 92, 0, 1, 1
4465, 1, 1636430041822, 1636430041914, 92, 0, 92, 0, 0, 0
4466, 1, 1636430042030, 1636430042122, 92, 0, 92, 0, 0, 0
4467, 1, 1636430042309, 1636430042402, 93, 0, 93, 0, 0, 0
4468, 1, 1636430042573, 1636430042665, 92, 1, 91, 0, 0, 0
4469, 1, 1636430042598, 1636430042689, 91, 0, 91, 0, 0, 0
4470, 1, 1636430042722, 1636430042813, 91, 0, 91, 0, 0, 0
4471, 1, 1636430042797, 1636430042890, 93, 1, 92, 0, 0, 0
4472, 1, 1636430043050, 1636430043142, 92, 0, 92, 0, 0, 0
4473, 1, 1636430043286, 1636430043378, 92, 0, 92, 0, 0, 0
4475, 1, 1636430043557, 1636430043650, 93, 1, 92, 0, 0, 0
4474, 1, 1636430043557, 1636430043650, 93, 1, 92, 0, 1, 1
4476, 1, 1636430043713, 1636430043805, 92, 1, 91, 0, 0, 0
4477, 1, 1636430043777, 1636430043870, 93, 1, 92, 0, 0, 0
4478, 1, 1636430044005, 1636430044098, 93, 1, 92, 0, 0, 0
4479, 1, 1636430044318, 1636430044406, 88, 0, 88, 0, 0, 0
4480, 1, 1636430044554, 1636430044642, 88, 0, 88, 0, 0, 0
4481, 1, 1636430044574, 1636430044665, 91, 0, 91, 0, 0, 0
4482, 1, 1636430044689, 1636430044781, 92, 1, 91, 0, 0, 0
4483, 1, 1636430044745, 1636430044837, 92, 1, 91, 0, 0, 0
4484, 1, 1636430045006, 1636430045098, 92, 0, 92, 0, 0, 0
4485, 1, 1636430045306, 1636430045397, 91, 0, 91, 0, 0, 0
4486, 1, 1636430045533, 1636430045625, 92, 0, 92, 0, 0, 0
4487, 1, 1636430045550, 1636430045642, 92, 0, 92, 0, 0, 0
4488, 1, 1636430045693, 1636430045785, 92, 1, 91, 0, 0, 0
4489, 1, 1636430045758, 1636430045849, 91, 0, 91, 0, 0, 0
4490, 1, 1636430045985, 1636430046078, 93, 1, 92, 0, 1, 1
4491, 1, 1636430046517, 1636430046609, 92, 0, 92, 0, 0, 0
4492, 1, 1636430046558, 1636430046649, 91, 0, 91, 0, 0, 0
4493, 1, 1636430046682, 1636430046773, 91, 0, 91, 0, 0, 0
4494, 1, 1636430046717, 1636430046810, 93, 1, 92, 1, 0, 1
4495, 1, 1636430046973, 1636430047070, 97, 1, 96, 1, 0, 1
4496, 1, 1636430047497, 1636430047589, 92, 0, 92, 0, 0, 0
4497, 1, 1636430047549, 1636430047637, 88, 1, 87, 0, 0, 0
4498, 1, 1636430047705, 1636430047798, 93, 1, 92, 0, 1, 1
4499, 1, 1636430047709, 1636430047798, 89, 0, 89, 0, 0, 0
4500, 1, 1636430047950, 1636430048042, 92, 0, 92, 0, 0, 0
4501, 1, 1636430048489, 1636430048582, 93, 1, 92, 1, 0, 1
4502, 1, 1636430048582, 1636430048674, 92, 0, 92, 0, 0, 0
4503, 1, 1636430048725, 1636430048817, 92, 0, 92, 0, 0, 0
4504, 1, 1636430048737, 1636430048830, 93, 1, 92, 0, 1, 1
4505, 1, 1636430048946, 1636430049038, 92, 0, 92, 0, 0, 0
4506, 1, 1636430049470, 1636430049562, 92, 0, 92, 0, 0, 0
4507, 1, 1636430049590, 1636430049681, 91, 0, 91, 0, 0, 0
4508, 1, 1636430049689, 1636430049781, 92, 1, 91, 0, 0, 0
4509, 1, 1636430049726, 1636430049813, 87, 0, 87, 0, 0, 0
4510, 1, 1636430049913, 1636430050005, 92, 1, 91, 0, 1, 1
4511, 1, 1636430050489, 1636430050586, 97, 1, 96, 0, 1, 1
4512, 1, 1636430050561, 1636430050654, 93, 1, 92, 0, 0, 0
4513, 1, 1636430050710, 1636430050802, 92, 0, 92, 0, 0, 0
4514, 1, 1636430050757, 1636430050849, 92, 0, 92, 0, 0, 0
4515, 1, 1636430050941, 1636430051034, 93, 1, 92, 0, 1, 1
4516, 1, 1636430051501, 1636430051593, 92, 1, 91, 0, 0, 0
4517, 1, 1636430051549, 1636430051638, 89, 0, 89, 0, 0, 0
4518, 1, 1636430051734, 1636430051825, 91, 0, 91, 0, 0, 0
4519, 1, 1636430051773, 1636430051862, 89, 1, 88, 0, 1, 1
4520, 1, 1636430051961, 1636430052054, 93, 1, 92, 0, 0, 0
4521, 1, 1636430052490, 1636430052581, 91, 0, 91, 0, 0, 0
4522, 1, 1636430052521, 1636430052614, 93, 1, 92, 0, 0, 0
4523, 1, 1636430052722, 1636430052813, 91, 0, 91, 0, 0, 0
4524, 1, 1636430052753, 1636430052845, 92, 1, 91, 0, 0, 0
4525, 1, 1636430052937, 1636430053030, 93, 1, 92, 0, 0, 0
4526, 1, 1636430053469, 1636430053562, 93, 1, 92, 0, 0, 0
4527, 1, 1636430053490, 1636430053581, 91, 0, 91, 0, 0, 0
4529, 1, 1636430053762, 1636430053854, 92, 0, 92, 0, 0, 0
4528, 1, 1636430053762, 1636430053854, 92, 1, 91, 0, 0, 0
4530, 1, 1636430053914, 1636430054006, 92, 0, 92, 0, 0, 0
4531, 1, 1636430054470, 1636430054557, 87, 0, 87, 0, 0, 0
4532, 1, 1636430054506, 1636430054594, 88, 0, 88, 0, 0, 0
4533, 1, 1636430054746, 1636430054838, 92, 0, 92, 0, 0, 0
4534, 1, 1636430054773, 1636430054866, 93, 1, 92, 0, 0, 0
4535, 1, 1636430054953, 1636430055046, 93, 1, 92, 0, 0, 0
4536, 1, 1636430055474, 1636430055561, 87, 0, 87, 0, 0, 0
4537, 1, 1636430055509, 1636430055602, 93, 0, 93, 0, 0, 0
4538, 1, 1636430055762, 1636430055850, 88, 0, 88, 0, 0, 0
4539, 1, 1636430055762, 1636430055853, 91, 0, 91, 0, 0, 0
4540, 1, 1636430055921, 1636430056014, 93, 1, 92, 0, 1, 1
4541, 1, 1636430056466, 1636430056557, 91, 0, 91, 0, 0, 0
4542, 1, 1636430056477, 1636430056570, 93, 1, 92, 0, 1, 1
4543, 1, 1636430056774, 1636430056869, 95, 0, 95, 0, 0, 0
4544, 1, 1636430056774, 1636430056869, 95, 0, 95, 0, 0, 0
4545, 1, 1636430056913, 1636430057006, 93, 0, 93, 0, 0, 0
4546, 1, 1636430057486, 1636430057577, 91, 0, 91, 0, 0, 0
4548, 1, 1636430057765, 1636430057858, 93, 1, 92, 1, 0, 1
4547, 1, 1636430057765, 1636430057858, 93, 1, 92, 1, 0, 1
4549, 1, 1636430057934, 1636430058026, 92, 0, 92, 0, 0, 0
4550, 1, 1636430058501, 1636430058598, 97, 1, 96, 0, 0, 0
4551, 1, 1636430058770, 1636430058861, 91, 0, 91, 0, 0, 0
4552, 1, 1636430058778, 1636430058869, 91, 0, 91, 0, 0, 0
4553, 1, 1636430058958, 1636430059050, 92, 0, 92, 0, 0, 0
4554, 1, 1636430059521, 1636430059614, 93, 1, 92, 0, 0, 0
4555, 1, 1636430059782, 1636430059873, 91, 0, 91, 0, 0, 0
4556, 1, 1636430059790, 1636430059882, 92, 0, 92, 0, 0, 0
4557, 1, 1636430059974, 1636430060065, 91, 0, 91, 0, 0, 0
4558, 1, 1636430060505, 1636430060598, 93, 1, 92, 0, 0, 0
4559, 1, 1636430060753, 1636430060846, 93, 1, 92, 0, 0, 0
4560, 1, 1636430060774, 1636430060866, 92, 0, 92, 0, 0, 0
4561, 1, 1636430060957, 1636430061050, 93, 0, 93, 0, 0, 0
4562, 1, 1636430061481, 1636430061578, 97, 1, 96, 0, 1, 1
4563, 1, 1636430061742, 1636430061834, 92, 0, 92, 0, 0, 0
4564, 1, 1636430061766, 1636430061858, 92, 0, 92, 0, 0, 0
4565, 1, 1636430061942, 1636430062033, 91, 0, 91, 0, 0, 0
4566, 1, 1636430062465, 1636430062558, 93, 1, 92, 0, 1, 1
4567, 1, 1636430062770, 1636430062862, 92, 0, 92, 0, 0, 0
4568, 1, 1636430062773, 1636430062865, 92, 1, 91, 0, 0, 0
4569, 1, 1636430062909, 1636430063002, 93, 0, 93, 0, 0, 0
4570, 1, 1636430063465, 1636430063558, 93, 1, 92, 0, 0, 0
4571, 1, 1636430063733, 1636430063821, 88, 1, 87, 1, 0, 1
4573, 1, 1636430063774, 1636430063862, 88, 0, 88, 0, 0, 0
4572, 1, 1636430063918, 1636430064010, 92, 0, 92, 0, 0, 0
4574, 1, 1636430064461, 1636430064553, 92, 1, 91, 0, 0, 0
4577, 1, 1636430064765, 1636430064858, 93, 1, 92, 0, 1, 1
4576, 1, 1636430064765, 1636430064858, 93, 1, 92, 0, 0, 0
4575, 1, 1636430064910, 1636430065002, 92, 0, 92, 0, 0, 0
4578, 1, 1636430065745, 1636430065833, 88, 1, 87, 0, 1, 1
4579, 1, 1636430065778, 1636430065869, 91, 0, 91, 0, 0, 0
4580, 1, 1636430066741, 1636430066833, 92, 1, 91, 0, 1, 1
4581, 1, 1636430066762, 1636430066853, 91, 0, 91, 0, 0, 0
4582, 1, 1636430067762, 1636430067854, 92, 0, 92, 0, 0, 0
4583, 1, 1636430067770, 1636430067862, 92, 0, 92, 0, 0, 0
4584, 1, 1636430068757, 1636430068850, 93, 1, 92, 0, 0, 0
4585, 1, 1636430068757, 1636430068850, 93, 1, 92, 0, 0, 0
4586, 1, 1636430069742, 1636430069833, 91, 0, 91, 0, 0, 0
4587, 1, 1636430069766, 1636430069858, 92, 0, 92, 0, 0, 0
4588, 1, 1636430070765, 1636430070858, 93, 1, 92, 0, 1, 1
4589, 1, 1636430070765, 1636430070858, 93, 1, 92, 0, 0, 0
4590, 1, 1636430071762, 1636430071854, 92, 0, 92, 0, 0, 0
4591, 1, 1636430071774, 1636430071866, 92, 0, 92, 0, 0, 0
4592, 1, 1636430072750, 1636430072842, 92, 0, 92, 0, 0, 0
4593, 1, 1636430072797, 1636430072886, 89, 1, 88, 0, 0, 0
4594, 1, 1636430073778, 1636430073870, 92, 0, 92, 0, 0, 0
4595, 1, 1636430073786, 1636430073873, 87, 0, 87, 0, 0, 0
4596, 1, 1636430074777, 1636430074870, 93, 1, 92, 0, 0, 0
4597, 1, 1636430074806, 1636430074898, 92, 0, 92, 0, 0, 0
4598, 1, 1636430075805, 1636430075898, 93, 1, 92, 0, 0, 0
4599, 1, 1636430076802, 1636430076894, 92, 0, 92, 0, 0, 0
4600, 1, 1636430077829, 1636430077922, 93, 1, 92, 1, 0, 1
4601, 1, 1636430167814, 1636430167906, 92, 0, 92, 0, 0, 0
4602, 1, 1636430168290, 1636430168382, 92, 0, 92, 0, 0, 0
4603, 1, 1636430168782, 1636430168874, 92, 0, 92, 0, 0, 0
4604, 1, 1636430169497, 1636430169586, 89, 1, 88, 0, 1, 1
4605, 1, 1636430169718, 1636430169809, 91, 0, 91, 0, 0, 0
4606, 1, 1636430169945, 1636430170038, 93, 1, 92, 0, 0, 0
4607, 1, 1636430170286, 1636430170378, 92, 0, 92, 0, 0, 0
4608, 1, 1636430170546, 1636430170638, 92, 0, 92, 0, 0, 0
4609, 1, 1636430170741, 1636430170833, 92, 0, 92, 0, 0, 0
4610, 1, 1636430171077, 1636430171170, 93, 1, 92, 0, 0, 0
4611, 1, 1636430171358, 1636430171450, 92, 0, 92, 0, 0, 0
4612, 1, 1636430171666, 1636430171757, 91, 0, 91, 0, 0, 0
4613, 1, 1636430171666, 1636430171757, 91, 0, 91, 0, 0, 0
4614, 1, 1636430171809, 1636430171902, 93, 1, 92, 0, 1, 1
4615, 1, 1636430172121, 1636430172214, 93, 1, 92, 0, 0, 0
4616, 1, 1636430172238, 1636430172330, 92, 0, 92, 0, 0, 0
4618, 1, 1636430172546, 1636430172638, 92, 0, 92, 0, 0, 0
4617, 1, 1636430172693, 1636430172785, 92, 1, 91, 0, 0, 0
4620, 1, 1636430172946, 1636430173037, 91, 0, 91, 0, 0, 0
4619, 1, 1636430173001, 1636430173097, 96, 1, 95, 0, 1, 1
4621, 1, 1636430173314, 1636430173406, 92, 0, 92, 0, 0, 0
4622, 1, 1636430173534, 1636430173626, 92, 0, 92, 0, 0, 0
4624, 1, 1636430173677, 1636430173769, 92, 1, 91, 0, 0, 0
4623, 1, 1636430173765, 1636430173858, 93, 0, 93, 0, 0, 0
4625, 1, 1636430174049, 1636430174142, 93, 1, 92, 0, 0, 0
4626, 1, 1636430174254, 1636430174342, 88, 0, 88, 0, 0, 0
4627, 1, 1636430174305, 1636430174397, 92, 1, 91, 0, 0, 0
4628, 1, 1636430174494, 1636430174586, 92, 0, 92, 0, 0, 0
4629, 1, 1636430174706, 1636430174797, 91, 0, 91, 0, 0, 0
4630, 1, 1636430174765, 1636430174853, 88, 0, 88, 0, 0, 0
4632, 1, 1636430174941, 1636430175029, 88, 1, 87, 0, 0, 0
4631, 1, 1636430174949, 1636430175037, 88, 0, 88, 0, 0, 0
4633, 1, 1636430175206, 1636430175298, 92, 0, 92, 0, 0, 0
4634, 1, 1636430175321, 1636430175413, 92, 1, 91, 0, 1, 1
4635, 1, 1636430175477, 1636430175569, 92, 1, 91, 0, 0, 0
4636, 1, 1636430175661, 1636430175750, 89, 1, 88, 0, 0, 0
4637, 1, 1636430175774, 1636430175865, 91, 0, 91, 0, 0, 0
4638, 1, 1636430175805, 1636430175898, 93, 1, 92, 0, 0, 0
4639, 1, 1636430175997, 1636430176093, 96, 1, 95, 0, 0, 0
4640, 1, 1636430176113, 1636430176209, 96, 1, 95, 0, 0, 0
4641, 1, 1636430176166, 1636430176254, 88, 0, 88, 0, 0, 0
4642, 1, 1636430176330, 1636430176421, 91, 0, 91, 0, 0, 0
4643, 1, 1636430176506, 1636430176598, 92, 0, 92, 0, 0, 0
4645, 1, 1636430176609, 1636430176701, 92, 1, 91, 0, 0, 0
4646, 1, 1636430176682, 1636430176773, 91, 0, 91, 0, 0, 0
4644, 1, 1636430176777, 1636430176869, 92, 0, 92, 0, 0, 0
4647, 1, 1636430176902, 1636430176993, 91, 0, 91, 0, 0, 0
4648, 1, 1636430177001, 1636430177093, 92, 1, 91, 0, 0, 0
4649, 1, 1636430177066, 1636430177153, 87, 0, 87, 0, 0, 0
4650, 1, 1636430177165, 1636430177253, 88, 0, 88, 0, 0, 0
4651, 1, 1636430177413, 1636430177506, 93, 1, 92, 0, 1, 1
4652, 1, 1636430177517, 1636430177605, 88, 1, 87, 0, 1, 1
4653, 1, 1636430177529, 1636430177621, 92, 0, 92, 0, 0, 0
4654, 1, 1636430177697, 1636430177789, 92, 1, 91, 0, 0, 0
4655, 1, 1636430177713, 1636430177806, 93, 0, 93, 0, 0, 0
4656, 1, 1636430177865, 1636430177958, 93, 1, 92, 0, 1, 1
4657, 1, 1636430178070, 1636430178161, 91, 0, 91, 0, 0, 0
4658, 1, 1636430178105, 1636430178193, 88, 0, 88, 0, 0, 0
4659, 1, 1636430178145, 1636430178233, 88, 1, 87, 0, 1, 1
4660, 1, 1636430178237, 1636430178322, 85, 0, 85, 0, 0, 0
4661, 1, 1636430178277, 1636430178366, 89, 1, 88, 0, 0, 0
4663, 1, 1636430178541, 1636430178634, 93, 0, 93, 0, 0, 0
4664, 1, 1636430178589, 1636430178681, 92, 0, 92, 0, 0, 0
4665, 1, 1636430178634, 1636430178721, 87, 0, 87, 0, 0, 0
4662, 1, 1636430178681, 1636430178773, 92, 0, 92, 0, 0, 0
4666, 1, 1636430178853, 1636430178946, 93, 1, 92, 0, 1, 1
4667, 1, 1636430178901, 1636430178993, 92, 0, 92, 0, 0, 0
4668, 1, 1636430179037, 1636430179129, 92, 0, 92, 0, 0, 0
4669, 1, 1636430179129, 1636430179226, 97, 1, 96, 0, 0, 0
4670, 1, 1636430179170, 1636430179262, 92, 0, 92, 0, 0, 0
4671, 1, 1636430179282, 1636430179373, 91, 0, 91, 0, 0, 0
4672, 1, 1636430179493, 1636430179581, 88, 0, 88, 0, 0, 0
4673, 1, 1636430179581, 1636430179670, 89, 1, 88, 0, 0, 0
4674, 1, 1636430179698, 1636430179785, 87, 0, 87, 0, 0, 0
4675, 1, 1636430179761, 1636430179850, 89, 0, 89, 0, 0, 0
4676, 1, 1636430179833, 1636430179925, 92, 1, 91, 0, 1, 1
4677, 1, 1636430180017, 1636430180109, 92, 1, 91, 0, 0, 0
4678, 1, 1636430180145, 1636430180234, 89, 0, 89, 0, 0, 0
4679, 1, 1636430180189, 1636430180281, 92, 1, 91, 0, 1, 1
4680, 1, 1636430180222, 1636430180317, 95, 0, 95, 0, 0, 0
4681, 1, 1636430180313, 1636430180405, 92, 0, 92, 0, 0, 0
4682, 1, 1636430180497, 1636430180589, 92, 1, 91, 0, 0, 0
4683, 1, 1636430180522, 1636430180614, 92, 0, 92, 0, 0, 0
4685, 1, 1636430180633, 1636430180725, 92, 1, 91, 0, 0, 0
4686, 1, 1636430180717, 1636430180809, 92, 0, 92, 0, 0, 0
4684, 1, 1636430180761, 1636430180849, 88, 1, 87, 0, 0, 0
4687, 1, 1636430181001, 1636430181093, 92, 1, 91, 0, 0, 0
4688, 1, 1636430181033, 1636430181125, 92, 1, 91, 0, 1, 1
4689, 1, 1636430181085, 1636430181177, 92, 0, 92, 0, 0, 0
4690, 1, 1636430181113, 1636430181205, 92, 1, 91, 0, 0, 0
4692, 1, 1636430181394, 1636430181486, 92, 0, 92, 0, 0, 0
4693, 1, 1636430181462, 1636430181553, 91, 0, 91, 0, 0, 0
4691, 1, 1636430181538, 1636430181629, 91, 0, 91, 0, 0, 0
4694, 1, 1636430181649, 1636430181742, 93, 1, 92, 0, 1, 1
4695, 1, 1636430181881, 1636430181974, 93, 1, 92, 0, 0, 0
4696, 1, 1636430181889, 1636430181981, 92, 0, 92, 0, 0, 0
4697, 1, 1636430182033, 1636430182126, 93, 0, 93, 0, 0, 0
4698, 1, 1636430182101, 1636430182190, 89, 0, 89, 0, 0, 0
4699, 1, 1636430182126, 1636430182221, 95, 0, 95, 0, 0, 0
4700, 1, 1636430182318, 1636430182410, 92, 0, 92, 0, 0, 0
4701, 1, 1636430182369, 1636430182461, 92, 0, 92, 0, 0, 0
4702, 1, 1636430182561, 1636430182653, 92, 1, 91, 0, 1, 1
4703, 1, 1636430182617, 1636430182710, 93, 1, 92, 0, 0, 0
4705, 1, 1636430182673, 1636430182769, 96, 1, 95, 0, 0, 0
4706, 1, 1636430182769, 1636430182858, 89, 1, 88, 0, 1, 1
4704, 1, 1636430182813, 1636430182905, 92, 0, 92, 0, 0, 0
4707, 1, 1636430182945, 1636430183037, 92, 1, 91, 0, 1, 1
4709, 1, 1636430183125, 1636430183217, 92, 1, 91, 0, 1, 1
4710, 1, 1636430183153, 1636430183246, 93, 1, 92, 0, 1, 1
4708, 1, 1636430183221, 1636430183318, 97, 0, 97, 0, 0, 0
4712, 1, 1636430183453, 1636430183549, 96, 1, 95, 0, 0, 0
4713, 1, 1636430183586, 1636430183678, 92, 0, 92, 0, 0, 0
4711, 1, 1636430183677, 1636430183765, 88, 1, 87, 0, 0, 0
4714, 1, 1636430183685, 1636430183773, 88, 1, 87, 0, 0, 0
4715, 1, 1636430183937, 1636430184025, 88, 0, 88, 0, 0, 0
4716, 1, 1636430183981, 1636430184069, 88, 0, 88, 0, 0, 0
4717, 1, 1636430184129, 1636430184218, 89, 1, 88, 0, 1, 1
4718, 1, 1636430184157, 1636430184245, 88, 0, 88, 0, 0, 0
4719, 1, 1636430184177, 1636430184270, 93, 0, 93, 0, 0, 0
4720, 1, 1636430184245, 1636430184337, 92, 1, 91, 0, 0, 0
4721, 1, 1636430184434, 1636430184526, 92, 0, 92, 0, 0, 0
4722, 1, 1636430184629, 1636430184721, 92, 1, 91, 0, 1, 1
4723, 1, 1636430184677, 1636430184766, 89, 1, 88, 0, 0, 0
4725, 1, 1636430184681, 1636430184769, 88, 0, 88, 0, 0, 0
4724, 1, 1636430184677, 1636430184770, 93, 1, 92, 0, 0, 0
4726, 1, 1636430184890, 1636430184982, 92, 0, 92, 0, 0, 0
4728, 1, 1636430185074, 1636430185165, 91, 0, 91, 0, 0, 0
4727, 1, 1636430185081, 1636430185174, 93, 0, 93, 0, 0, 0
4729, 1, 1636430185173, 1636430185261, 88, 1, 87, 0, 0, 0
4730, 1, 1636430185225, 1636430185313, 88, 0, 88, 0, 0, 0
4731, 1, 1636430185526, 1636430185614, 88, 0, 88, 0, 0, 0
4732, 1, 1636430185526, 1636430185614, 88, 0, 88, 0, 0, 0
4733, 1, 1636430185637, 1636430185725, 88, 0, 88, 0, 0, 0
4734, 1, 1636430185818, 1636430185910, 92, 0, 92, 0, 0, 0
4735, 1, 1636430186005, 1636430186093, 88, 1, 87, 0, 1, 1
4736, 1, 1636430186029, 1636430186121, 92, 1, 91, 0, 1, 1
4737, 1, 1636430186041, 1636430186129, 88, 0, 88, 0, 0, 0
4738, 1, 1636430186265, 1636430186349, 84, 0, 84, 0, 0, 0
4739, 1, 1636430186285, 1636430186369, 84, 0, 84, 0, 0, 0
4740, 1, 1636430186297, 1636430186389, 92, 0, 92, 0, 0, 0
4741, 1, 1636430186493, 1636430186581, 88, 1, 87, 0, 1, 1
4742, 1, 1636430186549, 1636430186637, 88, 0, 88, 0, 0, 0
4744, 1, 1636430186745, 1636430186833, 88, 1, 87, 0, 0, 0
4743, 1, 1636430186749, 1636430186837, 88, 1, 87, 0, 0, 0
4745, 1, 1636430186801, 1636430186889, 88, 0, 88, 0, 0, 0
4746, 1, 1636430186942, 1636430187033, 91, 0, 91, 0, 0, 0
4748, 1, 1636430187129, 1636430187222, 93, 1, 92, 0, 0, 0
4749, 1, 1636430187141, 1636430187233, 92, 1, 91, 1, 0, 1
4747, 1, 1636430187201, 1636430187293, 92, 1, 91, 0, 1, 1
4750, 1, 1636430187241, 1636430187337, 96, 1, 95, 0, 0, 0
4752, 1, 1636430187597, 1636430187690, 93, 1, 92, 0, 1, 1
4751, 1, 1636430187649, 1636430187742, 93, 0, 93, 0, 0, 0
4753, 1, 1636430187682, 1636430187773, 91, 0, 91, 0, 0, 0
4754, 1, 1636430187710, 1636430187802, 92, 0, 92, 0, 0, 0
4755, 1, 1636430188029, 1636430188121, 92, 1, 91, 0, 0, 0
4757, 1, 1636430188066, 1636430188158, 92, 0, 92, 0, 0, 0
4756, 1, 1636430188142, 1636430188234, 92, 0, 92, 0, 0, 0
4758, 1, 1636430188158, 1636430188249, 91, 0, 91, 0, 0, 0
4759, 1, 1636430188333, 1636430188429, 96, 0, 96, 0, 0, 0
4760, 1, 1636430188357, 1636430188453, 96, 1, 95, 0, 0, 0
4761, 1, 1636430188481, 1636430188574, 93, 0, 93, 0, 0, 0
4762, 1, 1636430188621, 1636430188714, 93, 0, 93, 0, 0, 0
4763, 1, 1636430188685, 1636430188782, 97, 1, 96, 0, 1, 1
4764, 1, 1636430188814, 1636430188905, 91, 0, 91, 0, 0, 0
4766, 1, 1636430188814, 1636430188906, 92, 0, 92, 0, 0, 0
4765, 1, 1636430188934, 1636430189025, 91, 0, 91, 0, 0, 0
4768, 1, 1636430189202, 1636430189294, 92, 0, 92, 0, 0, 0
4769, 1, 1636430189253, 1636430189345, 92, 1, 91, 0, 0, 0
4767, 1, 1636430189265, 1636430189357, 92, 0, 92, 0, 0, 0
4770, 1, 1636430189305, 1636430189393, 88, 1, 87, 0, 0, 0
4772, 1, 1636430189554, 1636430189646, 92, 0, 92, 0, 0, 0
4771, 1, 1636430189726, 1636430189813, 87, 0, 87, 0, 0, 0
4773, 1, 1636430189773, 1636430189857, 84, 0, 84, 0, 0, 0
4774, 1, 1636430189801, 1636430189890, 89, 0, 89, 0, 0, 0
4775, 1, 1636430189905, 1636430189993, 88, 1, 87, 0, 0, 0
4776, 1, 1636430190065, 1636430190158, 93, 0, 93, 0, 0, 0
4778, 1, 1636430190217, 1636430190309, 92, 0, 92, 0, 0, 0
4777, 1, 1636430190245, 1636430190333, 88, 1, 87, 0, 0, 0
4779, 1, 1636430190353, 1636430190445, 92, 1, 91, 0, 0, 0
4780, 1, 1636430190378, 1636430190469, 91, 0, 91, 0, 0, 0
4781, 1, 1636430190425, 1636430190521, 96, 0, 96, 0, 0, 0
4782, 1, 1636430190677, 1636430190769, 92, 1, 91, 0, 0, 0
4786, 1, 1636430190805, 1636430190897, 92, 1, 91, 0, 1, 1
4785, 1, 1636430190809, 1636430190901, 92, 1, 91, 1, 0, 1
4783, 1, 1636430190809, 1636430190902, 93, 1, 92, 0, 1, 1
4784, 1, 1636430190890, 1636430190978, 88, 0, 88, 0, 0, 0
4788, 1, 1636430191276, 1636430191362, 86, 0, 86, 0, 0, 0
4789, 1, 1636430191289, 1636430191377, 88, 1, 87, 1, 0, 1
4790, 1, 1636430191318, 1636430191409, 91, 0, 91, 0, 0, 0
4787, 1, 1636430191333, 1636430191425, 92, 0, 92, 0, 0, 0
4792, 1, 1636430191469, 1636430191561, 92, 1, 91, 0, 1, 1
4793, 1, 1636430191741, 1636430191833, 92, 0, 92, 0, 0, 0
4791, 1, 1636430191781, 1636430191873, 92, 1, 91, 0, 1, 1
4795, 1, 1636430191854, 1636430191946, 92, 0, 92, 0, 0, 0
4796, 1, 1636430192009, 1636430192101, 92, 1, 91, 0, 0, 0
4794, 1, 1636430192193, 1636430192285, 92, 0, 92, 0, 0, 0
4799, 1, 1636430192302, 1636430192394, 92, 0, 92, 0, 0, 0
4797, 1, 1636430192302, 1636430192394, 92, 0, 92, 0, 0, 0
4801, 1, 1636430192493, 1636430192585, 92, 1, 91, 0, 0, 0
4803, 1, 1636430192761, 1636430192853, 92, 1, 91, 0, 0, 0
4804, 1, 1636430192761, 1636430192853, 92, 1, 91, 0, 0, 0
4806, 1, 1636430192873, 1636430192962, 89, 1, 88, 0, 1, 1
4805, 1, 1636430192942, 1636430193033, 91, 0, 91, 0, 0, 0
4808, 1, 1636430193261, 1636430193354, 93, 0, 93, 0, 0, 0
4810, 1, 1636430193382, 1636430193469, 87, 0, 87, 0, 0, 0
4809, 1, 1636430193389, 1636430193477, 88, 1, 87, 0, 0, 0
4813, 1, 1636430193717, 1636430193810, 93, 0, 93, 0, 0, 0
4812, 1, 1636430193837, 1636430193925, 88, 0, 88, 0, 0, 0
4814, 1, 1636430193881, 1636430193977, 96, 1, 95, 1, 0, 1
4815, 1, 1636430193921, 1636430194014, 93, 1, 92, 0, 1, 1
4818, 1, 1636430194342, 1636430194434, 92, 0, 92, 0, 0, 0
4817, 1, 1636430194370, 1636430194462, 92, 0, 92, 0, 0, 0
4821, 1, 1636430194789, 1636430194881, 92, 1, 91, 0, 0, 0
4823, 1, 1636430194954, 1636430195046, 92, 0, 92, 0, 0, 0
4827, 1, 1636430195506, 1636430195598, 92, 0, 92, 0, 0, 0
4829, 1, 1636430195865, 1636430195957, 92, 0, 92, 0, 0, 0
4830, 1, 1636430196046, 1636430196137, 91, 0, 91, 0, 0, 0
4831, 1, 1636430196501, 1636430196594, 93, 1, 92, 0, 0, 0
4834, 1, 1636430196998, 1636430197090, 92, 0, 92, 0, 0, 0
4836, 1, 1636430197966, 1636430198058, 92, 0, 92, 0, 0, 0
4840, 1, 1636430199874, 1636430199966, 92, 0, 92, 0, 0, 0
4841, 1, 1636430201826, 1636430201918, 92, 0, 92, 0, 0, 0
4843, 1, 1636430202953, 1636430203090, 137, 1, 136, 0, 0, 0
4842, 1, 1636430202953, 1636430203093, 140, 1, 139, 0, 0, 0
4844, 1, 1636430203446, 1636430203538, 92, 0, 92, 0, 0, 0
4845, 1, 1636430203525, 1636430203617, 92, 1, 91, 0, 1, 1
4847, 1, 1636430203842, 1636430203933, 91, 0, 91, 0, 0, 0
4846, 1, 1636430203902, 1636430203993, 91, 0, 91, 0, 0, 0
4848, 1, 1636430204357, 1636430204450, 93, 1, 92, 0, 0, 0
4849, 1, 1636430204805, 1636430204898, 93, 1, 92, 0, 0, 0
4853, 1, 1636430204985, 1636430205077, 92, 0, 92, 0, 0, 0
4851, 1, 1636430205054, 1636430205146, 92, 0, 92, 0, 0, 0
4854, 1, 1636430205302, 1636430205390, 88, 0, 88, 0, 0, 0
4855, 1, 1636430205522, 1636430205617, 95, 0, 95, 0, 0, 0
4856, 1, 1636430205569, 1636430205661, 92, 1, 91, 0, 1, 1
4857, 1, 1636430205746, 1636430205838, 92, 0, 92, 0, 0, 0
4861, 1, 1636430205961, 1636430206054, 93, 1, 92, 0, 0, 0
4860, 1, 1636430205981, 1636430206073, 92, 1, 91, 0, 0, 0
4859, 1, 1636430206198, 1636430206289, 91, 0, 91, 0, 0, 0
4863, 1, 1636430206649, 1636430206738, 89, 1, 88, 0, 0, 0
4864, 1, 1636430206825, 1636430206917, 92, 1, 91, 0, 0, 0
4866, 1, 1636430207089, 1636430207177, 88, 1, 87, 0, 1, 1
4867, 1, 1636430207089, 1636430207181, 92, 1, 91, 0, 1, 1
4868, 1, 1636430207270, 1636430207366, 96, 0, 96, 0, 0, 0
4870, 1, 1636430207630, 1636430207722, 92, 0, 92, 0, 0, 0
4871, 1, 1636430207722, 1636430207809, 87, 0, 87, 0, 0, 0
4872, 1, 1636430207809, 1636430207897, 88, 0, 88, 0, 0, 0
4875, 1, 1636430207941, 1636430208037, 96, 1, 95, 0, 0, 0
4839, 1, 1636430208149, 1636430208242, 93, 1, 92, 0, 1, 1
4874, 1, 1636430208170, 1636430208257, 87, 0, 87, 0, 0, 0
4876, 1, 1636430208341, 1636430208434, 93, 1, 92, 0, 0, 0
4878, 1, 1636430208622, 1636430208714, 92, 0, 92, 0, 0, 0
4877, 1, 1636430208794, 1636430208881, 87, 0, 87, 0, 0, 0
4880, 1, 1636430208830, 1636430208921, 91, 0, 91, 0, 0, 0
4881, 1, 1636430209070, 1636430209161, 91, 0, 91, 0, 0, 0
4879, 1, 1636430209246, 1636430209337, 91, 0, 91, 0, 0, 0
4883, 1, 1636430209281, 1636430209374, 93, 1, 92, 0, 1, 1
4885, 1, 1636430209757, 1636430209849, 92, 0, 92, 0, 0, 0
4886, 1, 1636430209798, 1636430209894, 96, 0, 96, 0, 0, 0
4888, 1, 1636430209885, 1636430209978, 93, 1, 92, 0, 1, 1
4887, 1, 1636430210210, 1636430210301, 91, 0, 91, 0, 0, 0
4889, 1, 1636430210334, 1636430210426, 92, 0, 92, 0, 0, 0
4891, 1, 1636430210694, 1636430210786, 92, 0, 92, 0, 0, 0
4890, 1, 1636430210785, 1636430210878, 93, 1, 92, 0, 0, 0
4894, 1, 1636430211141, 1636430211233, 92, 1, 91, 0, 1, 1
4892, 1, 1636430211241, 1636430211334, 93, 1, 92, 0, 0, 0
4896, 1, 1636430211778, 1636430211870, 92, 0, 92, 0, 0, 0
4898, 1, 1636430211870, 1636430211962, 92, 0, 92, 0, 0, 0
4900, 1, 1636430212338, 1636430212430, 92, 0, 92, 0, 0, 0
4901, 1, 1636430212794, 1636430212885, 91, 0, 91, 0, 0, 0
4903, 1, 1636430213246, 1636430213338, 92, 0, 92, 0, 0, 0
4905, 1, 1636430213702, 1636430213794, 92, 0, 92, 0, 0, 0
4912, 1, 1636430215842, 1636430215934, 92, 0, 92, 0, 0, 0
4917, 1, 1636430217934, 1636430218026, 92, 0, 92, 0, 0, 0
4920, 1, 1636430219910, 1636430220001, 91, 0, 91, 0, 0, 0
4924, 1, 1636430221918, 1636430222010, 92, 0, 92, 0, 0, 0
4929, 1, 1636430223958, 1636430224050, 92, 0, 92, 0, 0, 0
4909, 1, 1636430224565, 1636430224658, 93, 1, 92, 0, 1, 1
4936, 1, 1636430226102, 1636430226194, 92, 0, 92, 0, 0, 0
4940, 1, 1636430228058, 1636430228150, 92, 0, 92, 0, 0, 0
4944, 1, 1636430229994, 1636430230085, 91, 0, 91, 0, 0, 0
4948, 1, 1636430231917, 1636430232009, 92, 0, 92, 0, 0, 0
4953, 1, 1636430234062, 1636430234154, 92, 0, 92, 0, 0, 0
4933, 1, 1636430234870, 1636430234958, 88, 0, 88, 0, 0, 0
4960, 1, 1636430236033, 1636430236126, 93, 0, 93, 0, 0, 0
4964, 1, 1636430238177, 1636430238270, 93, 1, 92, 0, 0, 0
4968, 1, 1636430240033, 1636430240125, 92, 1, 91, 0, 1, 1
4971, 1, 1636430241962, 1636430242054, 92, 0, 92, 0, 0, 0
4976, 1, 1636430243970, 1636430244062, 92, 0, 92, 0, 0, 0
4957, 1, 1636430245178, 1636430245270, 92, 0, 92, 0, 0, 0
4982, 1, 1636430246081, 1636430246173, 92, 0, 92, 0, 0, 0
4983, 1, 1636430246185, 1636430246278, 93, 1, 92, 0, 0, 0
4984, 1, 1636430246634, 1636430246725, 91, 0, 91, 0, 0, 0
4985, 1, 1636430247094, 1636430247185, 91, 0, 91, 0, 0, 0
4986, 1, 1636430247550, 1636430247642, 92, 0, 92, 0, 0, 0
4987, 1, 1636430248109, 1636430248202, 93, 1, 92, 0, 1, 1
4988, 1, 1636430248126, 1636430248217, 91, 0, 91, 0, 0, 0
4989, 1, 1636430248202, 1636430248310, 108, 0, 108, 0, 0, 0
4990, 1, 1636430248586, 1636430248682, 96, 0, 96, 0, 0, 0
4991, 1, 1636430248746, 1636430248838, 92, 0, 92, 0, 0, 0
4992, 1, 1636430249046, 1636430249137, 91, 0, 91, 0, 0, 0
4993, 1, 1636430249201, 1636430249294, 93, 1, 92, 0, 0, 0
4994, 1, 1636430249502, 1636430249594, 92, 0, 92, 0, 0, 0
4995, 1, 1636430250058, 1636430250146, 88, 0, 88, 0, 0, 0
4997, 1, 1636430250146, 1636430250238, 92, 0, 92, 0, 0, 0
4999, 1, 1636430250322, 1636430250413, 91, 0, 91, 0, 0, 0
5000, 1, 1636430250790, 1636430250882, 92, 0, 92, 0, 0, 0
5002, 1, 1636430250962, 1636430251054, 92, 0, 92, 0, 0, 0
5003, 1, 1636430251246, 1636430251338, 92, 0, 92, 0, 0, 0
5005, 1, 1636430251961, 1636430252054, 93, 1, 92, 0, 0, 0
5007, 1, 1636430252142, 1636430252233, 91, 0, 91, 0, 0, 0
5008, 1, 1636430252354, 1636430252445, 91, 0, 91, 0, 0, 0
5009, 1, 1636430252621, 1636430252729, 108, 0, 108, 0, 0, 0
5011, 1, 1636430252997, 1636430253089, 92, 1, 91, 0, 0, 0
5013, 1, 1636430253089, 1636430253181, 92, 1, 91, 0, 0, 0
5014, 1, 1636430253565, 1636430253657, 92, 1, 91, 0, 1, 1
5015, 1, 1636430254018, 1636430254109, 91, 0, 91, 0, 0, 0
5017, 1, 1636430254101, 1636430254193, 92, 1, 91, 0, 0, 0
5016, 1, 1636430254105, 1636430254202, 97, 1, 96, 1, 0, 1
5019, 1, 1636430254474, 1636430254566, 92, 0, 92, 0, 0, 0
5020, 1, 1636430254558, 1636430254662, 104, 0, 104, 0, 0, 0
5021, 1, 1636430255021, 1636430255137, 116, 1, 115, 0, 0, 0
5023, 1, 1636430255137, 1636430255230, 93, 0, 93, 0, 0, 0
4981, 1, 1636430255490, 1636430255581, 91, 0, 91, 0, 0, 0
5024, 1, 1636430255497, 1636430255589, 92, 1, 91, 0, 0, 0
5025, 1, 1636430255593, 1636430255682, 89, 1, 88, 0, 1, 1
5027, 1, 1636430255950, 1636430256038, 88, 0, 88, 0, 0, 0
5026, 1, 1636430256037, 1636430256130, 93, 1, 92, 0, 0, 0
5030, 1, 1636430256157, 1636430256250, 93, 1, 92, 0, 0, 0
5031, 1, 1636430256398, 1636430256490, 92, 0, 92, 0, 0, 0
5029, 1, 1636430256489, 1636430256581, 92, 1, 91, 0, 0, 0
5034, 1, 1636430257078, 1636430257169, 91, 0, 91, 0, 0, 0
5036, 1, 1636430257610, 1636430257702, 92, 0, 92, 0, 0, 0
5037, 1, 1636430258066, 1636430258158, 92, 0, 92, 0, 0, 0
5039, 1, 1636430258078, 1636430258170, 92, 0, 92, 0, 0, 0
5040, 1, 1636430258526, 1636430258618, 92, 0, 92, 0, 0, 0
5046, 1, 1636430260237, 1636430260330, 93, 1, 92, 0, 0, 0
5048, 1, 1636430260462, 1636430260554, 92, 0, 92, 0, 0, 0
5047, 1, 1636430260918, 1636430261010, 92, 0, 92, 0, 0, 0
5049, 1, 1636430261378, 1636430261470, 92, 0, 92, 0, 0, 0
5050, 1, 1636430261866, 1636430261958, 92, 0, 92, 0, 0, 0
5051, 1, 1636430262218, 1636430262310, 92, 0, 92, 0, 0, 0
5052, 1, 1636430262313, 1636430262402, 89, 0, 89, 0, 0, 0
5053, 1, 1636430262393, 1636430262486, 93, 1, 92, 0, 0, 0
5054, 1, 1636430262882, 1636430262974, 92, 0, 92, 0, 0, 0
5055, 1, 1636430263061, 1636430263154, 93, 0, 93, 0, 0, 0
5056, 1, 1636430263330, 1636430263421, 91, 0, 91, 0, 0, 0
5057, 1, 1636430263509, 1636430263602, 93, 1, 92, 0, 0, 0
5058, 1, 1636430263786, 1636430263878, 92, 0, 92, 0, 0, 0
5059, 1, 1636430264158, 1636430264254, 96, 0, 96, 0, 0, 0
5060, 1, 1636430264254, 1636430264346, 92, 0, 92, 0, 0, 0
5061, 1, 1636430264425, 1636430264518, 93, 1, 92, 0, 0, 0
5063, 1, 1636430264594, 1636430264686, 92, 0, 92, 0, 0, 0
5062, 1, 1636430264881, 1636430264974, 93, 1, 92, 0, 0, 0
5064, 1, 1636430265034, 1636430265125, 91, 0, 91, 0, 0, 0
5065, 1, 1636430265293, 1636430265385, 92, 1, 91, 0, 0, 0
5067, 1, 1636430265334, 1636430265426, 92, 0, 92, 0, 0, 0
5066, 1, 1636430265485, 1636430265578, 93, 0, 93, 0, 0, 0
5068, 1, 1636430265822, 1636430265914, 92, 0, 92, 0, 0, 0
5069, 1, 1636430266069, 1636430266162, 93, 0, 93, 0, 0, 0
5071, 1, 1636430266341, 1636430266433, 92, 1, 91, 0, 1, 1
5072, 1, 1636430266341, 1636430266433, 92, 1, 91, 0, 0, 0
5070, 1, 1636430266345, 1636430266433, 88, 0, 88, 0, 0, 0
5074, 1, 1636430266514, 1636430266606, 92, 0, 92, 0, 0, 0
5075, 1, 1636430266833, 1636430266926, 93, 1, 92, 1, 0, 1
5073, 1, 1636430266833, 1636430266926, 93, 1, 92, 0, 0, 0
5076, 1, 1636430267102, 1636430267194, 92, 0, 92, 0, 0, 0
5078, 1, 1636430267253, 1636430267341, 88, 0, 88, 0, 0, 0
5079, 1, 1636430267281, 1636430267373, 92, 0, 92, 0, 0, 0
5077, 1, 1636430267297, 1636430267394, 97, 0, 97, 0, 0, 0
5080, 1, 1636430267557, 1636430267649, 92, 1, 91, 0, 1, 1
5081, 1, 1636430267789, 1636430267881, 92, 0, 92, 0, 0, 0
5082, 1, 1636430267789, 1636430267882, 93, 1, 92, 0, 0, 0
5083, 1, 1636430268193, 1636430268289, 96, 0, 96, 0, 0, 0
5085, 1, 1636430268289, 1636430268377, 88, 0, 88, 0, 0, 0
5084, 1, 1636430268285, 1636430268378, 93, 1, 92, 1, 0, 1
5086, 1, 1636430268285, 1636430268377, 92, 1, 91, 1, 0, 1
5087, 1, 1636430268285, 1636430268378, 93, 1, 92, 0, 0, 0
5089, 1, 1636430268549, 1636430268642, 93, 1, 92, 0, 0, 0
5088, 1, 1636430268734, 1636430268825, 91, 0, 91, 0, 0, 0
5091, 1, 1636430268741, 1636430268833, 92, 1, 91, 1, 0, 1
5090, 1, 1636430268741, 1636430268833, 92, 1, 91, 1, 0, 1
5092, 1, 1636430269010, 1636430269102, 92, 0, 92, 0, 0, 0
5093, 1, 1636430269185, 1636430269273, 88, 1, 87, 1, 0, 1
5094, 1, 1636430269253, 1636430269341, 88, 0, 88, 0, 0, 0
5096, 1, 1636430269365, 1636430269474, 109, 0, 109, 0, 0, 0
5097, 1, 1636430269338, 1636430269474, 136, 0, 136, 0, 0, 0
5095, 1, 1636430269474, 1636430269565, 91, 0, 91, 0, 0, 0
5098, 1, 1636430269697, 1636430269789, 92, 1, 91, 0, 0, 0
5045, 1, 1636430269697, 1636430269789, 92, 1, 91, 0, 1, 1
5099, 1, 1636430269805, 1636430269897, 92, 1, 91, 0, 0, 0
5100, 1, 1636430269909, 1636430270001, 92, 1, 91, 1, 0, 1
5102, 1, 1636430270157, 1636430270249, 92, 1, 91, 0, 1, 1
5104, 1, 1636430270198, 1636430270289, 91, 0, 91, 0, 0, 0
5103, 1, 1636430270257, 1636430270350, 93, 1, 92, 1, 0, 1
5105, 1, 1636430270257, 1636430270350, 93, 1, 92, 0, 0, 0
5108, 1, 1636430270350, 1636430270441, 91, 0, 91, 0, 0, 0
5101, 1, 1636430270361, 1636430270449, 88, 0, 88, 0, 0, 0
5109, 1, 1636430270538, 1636430270629, 91, 0, 91, 0, 0, 0
5110, 1, 1636430270617, 1636430270706, 89, 0, 89, 0, 0, 0
5106, 1, 1636430270706, 1636430270798, 92, 0, 92, 0, 0, 0
5107, 1, 1636430270797, 1636430270885, 88, 1, 87, 1, 0, 1
5111, 1, 1636430270801, 1636430270889, 88, 0, 88, 0, 0, 0
5112, 1, 1636430270885, 1636430270977, 92, 1, 91, 1, 0, 1
5113, 1, 1636430271158, 1636430271245, 87, 0, 87, 0, 0, 0
5115, 1, 1636430271270, 1636430271362, 92, 0, 92, 0, 0, 0
5116, 1, 1636430271281, 1636430271377, 96, 0, 96, 0, 0, 0
5114, 1, 1636430271329, 1636430271413, 84, 0, 84, 0, 0, 0
5117, 1, 1636430271337, 1636430271421, 84, 0, 84, 0, 0, 0
5118, 1, 1636430271726, 1636430271813, 87, 0, 87, 0, 0, 0
5119, 1, 1636430271745, 1636430271834, 89, 1, 88, 0, 0, 0
5120, 1, 1636430271834, 1636430271925, 91, 0, 91, 0, 0, 0
5123, 1, 1636430272198, 1636430272289, 91, 0, 91, 0, 0, 0
5122, 1, 1636430272201, 1636430272293, 92, 1, 91, 0, 1, 1
5124, 1, 1636430272221, 1636430272309, 88, 0, 88, 0, 0, 0
5126, 1, 1636430272277, 1636430272365, 88, 1, 87, 1, 0, 1
5121, 1, 1636430272289, 1636430272378, 89, 1, 88, 0, 0, 0
5127, 1, 1636430272309, 1636430272405, 96, 1, 95, 1, 0, 1
5129, 1, 1636430272405, 1636430272497, 92, 1, 91, 1, 0, 1
5125, 1, 1636430272657, 1636430272753, 96, 1, 95, 0, 0, 0
5130, 1, 1636430272717, 1636430272809, 92, 1, 91, 0, 1, 1
5128, 1, 1636430272741, 1636430272833, 92, 0, 92, 0, 0, 0
5132, 1, 1636430272769, 1636430272862, 93, 1, 92, 1, 0, 1
5131, 1, 1636430272769, 1636430272862, 93, 1, 92, 0, 0, 0
5133, 1, 1636430273113, 1636430273209, 96, 1, 95, 0, 0, 0
5135, 1, 1636430273225, 1636430273318, 93, 1, 92, 0, 0, 0
5134, 1, 1636430273233, 1636430273325, 92, 1, 91, 0, 0, 0
5136, 1, 1636430273249, 1636430273341, 92, 0, 92, 0, 0, 0
5138, 1, 1636430273414, 1636430273501, 87, 0, 87, 0, 0, 0
5139, 1, 1636430273658, 1636430273749, 91, 0, 91, 0, 0, 0
5137, 1, 1636430273697, 1636430273790, 93, 0, 93, 0, 0, 0
5140, 1, 1636430273958, 1636430274050, 92, 0, 92, 0, 0, 0
5143, 1, 1636430274097, 1636430274189, 92, 0, 92, 0, 0, 0
5142, 1, 1636430274114, 1636430274206, 92, 0, 92, 0, 0, 0
5144, 1, 1636430274197, 1636430274289, 92, 0, 92, 0, 0, 0
5145, 1, 1636430274253, 1636430274337, 84, 0, 84, 0, 0, 0
5146, 1, 1636430274261, 1636430274357, 96, 1, 95, 0, 1, 1
5147, 1, 1636430274293, 1636430274381, 88, 1, 87, 1, 0, 1
5148, 1, 1636430274653, 1636430274741, 88, 0, 88, 0, 0, 0
5150, 1, 1636430274694, 1636430274786, 92, 0, 92, 0, 0, 0
5152, 1, 1636430274697, 1636430274786, 89, 1, 88, 0, 0, 0
5151, 1, 1636430274713, 1636430274805, 92, 1, 91, 0, 1, 1
5153, 1, 1636430275097, 1636430275189, 92, 0, 92, 0, 0, 0
5155, 1, 1636430275117, 1636430275209, 92, 1, 91, 0, 0, 0
5154, 1, 1636430275149, 1636430275241, 92, 0, 92, 0, 0, 0
5156, 1, 1636430275169, 1636430275261, 92, 1, 91, 0, 0, 0
5158, 1, 1636430275381, 1636430275473, 92, 1, 91, 0, 0, 0
5157, 1, 1636430275618, 1636430275710, 92, 0, 92, 0, 0, 0
5159, 1, 1636430275658, 1636430275750, 92, 0, 92, 0, 0, 0
5160, 1, 1636430275937, 1636430276030, 93, 1, 92, 0, 0, 0
5161, 1, 1636430276126, 1636430276218, 92, 0, 92, 0, 0, 0
5162, 1, 1636430276185, 1636430276273, 88, 0, 88, 0, 0, 0
5163, 1, 1636430276189, 1636430276277, 88, 0, 88, 0, 0, 0
5164, 1, 1636430276229, 1636430276317, 88, 0, 88, 0, 0, 0
5165, 1, 1636430276241, 1636430276329, 88, 0, 88, 0, 0, 0
5169, 1, 1636430276673, 1636430276765, 92, 0, 92, 0, 0, 0
5170, 1, 1636430276697, 1636430276790, 93, 1, 92, 0, 0, 0
5171, 1, 1636430277046, 1636430277142, 96, 0, 96, 0, 0, 0
5172, 1, 1636430277117, 1636430277209, 92, 0, 92, 0, 0, 0
5173, 1, 1636430277161, 1636430277253, 92, 1, 91, 0, 0, 0
5175, 1, 1636430277569, 1636430277661, 92, 0, 92, 0, 0, 0
5179, 1, 1636430278025, 1636430278122, 97, 1, 96, 0, 1, 1
5180, 1, 1636430278182, 1636430278274, 92, 0, 92, 0, 0, 0
5182, 1, 1636430278237, 1636430278329, 92, 1, 91, 0, 0, 0
5183, 1, 1636430278249, 1636430278341, 92, 0, 92, 0, 0, 0
5184, 1, 1636430278634, 1636430278722, 88, 0, 88, 0, 0, 0
5186, 1, 1636430279086, 1636430279174, 88, 0, 88, 0, 0, 0
5187, 1, 1636430279082, 1636430279174, 92, 0, 92, 0, 0, 0
5189, 1, 1636430279534, 1636430279626, 92, 0, 92, 0, 0, 0
5190, 1, 1636430279993, 1636430280082, 89, 0, 89, 0, 0, 0
5192, 1, 1636430280294, 1636430280386, 92, 0, 92, 0, 0, 0
5193, 1, 1636430280301, 1636430280394, 93, 1, 92, 0, 0, 0
5194, 1, 1636430280758, 1636430280849, 91, 0, 91, 0, 0, 0
5195, 1, 1636430281213, 1636430281306, 93, 1, 92, 1, 0, 1
5197, 1, 1636430281665, 1636430281758, 93, 1, 92, 0, 0, 0
5198, 1, 1636430282122, 1636430282209, 87, 0, 87, 0, 0, 0
5199, 1, 1636430282198, 1636430282289, 91, 0, 91, 0, 0, 0
5205, 1, 1636430284269, 1636430284362, 93, 1, 92, 0, 0, 0
5208, 1, 1636430286317, 1636430286410, 93, 1, 92, 0, 0, 0
5209, 1, 1636430286886, 1636430286978, 92, 0, 92, 0, 0, 0
5213, 1, 1636430287638, 1636430287750, 112, 0, 112, 0, 0, 0
5215, 1, 1636430288245, 1636430288334, 89, 1, 88, 0, 1, 1
5216, 1, 1636430288334, 1636430288421, 87, 0, 87, 0, 0, 0
5218, 1, 1636430288810, 1636430288902, 92, 0, 92, 0, 0, 0
5220, 1, 1636430289429, 1636430289522, 93, 0, 93, 0, 0, 0
5222, 1, 1636430290002, 1636430290138, 136, 0, 136, 0, 0, 0
5223, 1, 1636430290418, 1636430290509, 91, 0, 91, 0, 0, 0
5225, 1, 1636430290866, 1636430290973, 107, 0, 107, 0, 0, 0
5227, 1, 1636430291450, 1636430291542, 92, 0, 92, 0, 0, 0
5228, 1, 1636430292082, 1636430292194, 112, 0, 112, 0, 0, 0
5229, 1, 1636430292373, 1636430292466, 93, 1, 92, 0, 1, 1
5204, 1, 1636430293425, 1636430293518, 93, 0, 93, 0, 0, 0
5238, 1, 1636430294354, 1636430294446, 92, 0, 92, 0, 0, 0
5239, 1, 1636430295026, 1636430295118, 92, 0, 92, 0, 0, 0
5240, 1, 1636430295481, 1636430295574, 93, 1, 92, 0, 0, 0
5241, 1, 1636430296490, 1636430296581, 91, 0, 91, 0, 0, 0
5242, 1, 1636430296890, 1636430296981, 91, 0, 91, 0, 0, 0
5243, 1, 1636430297374, 1636430297462, 88, 0, 88, 0, 0, 0
5250, 1, 1636430298778, 1636430298870, 92, 0, 92, 0, 0, 0
5251, 1, 1636430299226, 1636430299318, 92, 0, 92, 0, 0, 0
5254, 1, 1636430300822, 1636430300914, 92, 0, 92, 0, 0, 0
5256, 1, 1636430301278, 1636430301366, 88, 0, 88, 0, 0, 0
5258, 1, 1636430302958, 1636430303050, 92, 0, 92, 0, 0, 0
5261, 1, 1636430303142, 1636430303273, 131, 0, 131, 0, 0, 0
5260, 1, 1636430303433, 1636430303525, 92, 1, 91, 1, 0, 1
5263, 1, 1636430303834, 1636430303965, 131, 0, 131, 0, 0, 0
5248, 1, 1636430304097, 1636430304189, 92, 1, 91, 0, 1, 1
5266, 1, 1636430304325, 1636430304417, 92, 1, 91, 0, 0, 0
5268, 1, 1636430304766, 1636430304858, 92, 0, 92, 0, 0, 0
5269, 1, 1636430304838, 1636430304930, 92, 0, 92, 0, 0, 0
5270, 1, 1636430305289, 1636430305382, 93, 1, 92, 0, 0, 0
5274, 1, 1636430306598, 1636430306694, 96, 0, 96, 0, 0, 0
5280, 1, 1636430308534, 1636430308625, 91, 0, 91, 0, 0, 0
5285, 1, 1636430310474, 1636430310566, 92, 0, 92, 0, 0, 0
5288, 1, 1636430312478, 1636430312570, 92, 0, 92, 0, 0, 0
5293, 1, 1636430314546, 1636430314638, 92, 0, 92, 0, 0, 0
5298, 1, 1636430316537, 1636430316630, 93, 1, 92, 0, 0, 0
5276, 1, 1636430316861, 1636430316954, 93, 1, 92, 1, 0, 1
5304, 1, 1636430318477, 1636430318569, 92, 1, 91, 0, 0, 0
5308, 1, 1636430320426, 1636430320518, 92, 0, 92, 0, 0, 0
5312, 1, 1636430322369, 1636430322462, 93, 1, 92, 0, 0, 0
5315, 1, 1636430324322, 1636430324414, 92, 0, 92, 0, 0, 0
5321, 1, 1636430326334, 1636430326426, 92, 0, 92, 0, 0, 0
5300, 1, 1636430327169, 1636430327262, 93, 0, 93, 0, 0, 0
5327, 1, 1636430328194, 1636430328302, 108, 0, 108, 0, 0, 0
5332, 1, 1636430330345, 1636430330438, 93, 1, 92, 0, 0, 0
5335, 1, 1636430332302, 1636430332394, 92, 0, 92, 0, 0, 0
5338, 1, 1636430334278, 1636430334370, 92, 0, 92, 0, 0, 0
5344, 1, 1636430336157, 1636430336250, 93, 1, 92, 0, 0, 0
5324, 1, 1636430337478, 1636430337570, 92, 0, 92, 0, 0, 0
5349, 1, 1636430338246, 1636430338337, 91, 0, 91, 0, 0, 0
5355, 1, 1636430340197, 1636430340290, 93, 1, 92, 0, 0, 0
5358, 1, 1636430342062, 1636430342154, 92, 0, 92, 0, 0, 0
5361, 1, 1636430344118, 1636430344210, 92, 0, 92, 0, 0, 0
5367, 1, 1636430346162, 1636430346254, 92, 0, 92, 0, 0, 0
5348, 1, 1636430347790, 1636430347882, 92, 0, 92, 0, 0, 0
5372, 1, 1636430348241, 1636430348374, 133, 0, 133, 0, 0, 0
5378, 1, 1636430350149, 1636430350242, 93, 1, 92, 0, 0, 0
5382, 1, 1636430352101, 1636430352194, 93, 0, 93, 0, 0, 0
5385, 1, 1636430358462, 1636430358554, 92, 0, 92, 0, 0, 0
5398, 1, 1636430359126, 1636430359242, 116, 0, 116, 0, 0, 0
5402, 1, 1636430361130, 1636430361222, 92, 0, 92, 0, 0, 0
5406, 1, 1636430363218, 1636430363309, 91, 0, 91, 0, 0, 0
5409, 1, 1636430365086, 1636430365178, 92, 0, 92, 0, 0, 0
5415, 1, 1636430366954, 1636430367090, 136, 0, 136, 0, 0, 0
5395, 1, 1636430368406, 1636430368497, 91, 0, 91, 0, 0, 0
5419, 1, 1636430368862, 1636430368994, 132, 0, 132, 0, 0, 0
5426, 1, 1636430370958, 1636430371050, 92, 0, 92, 0, 0, 0
5429, 1, 1636430372938, 1636430373030, 92, 0, 92, 0, 0, 0
5420, 1, 1636430378714, 1636430378806, 92, 0, 92, 0, 0, 0
5441, 1, 1636430389030, 1636430389122, 92, 0, 92, 0, 0, 0
5462, 1, 1636430390018, 1636430390110, 92, 0, 92, 0, 0, 0
5461, 1, 1636430390474, 1636430390566, 92, 0, 92, 0, 0, 0
5463, 1, 1636430390930, 1636430391022, 92, 0, 92, 0, 0, 0
5464, 1, 1636430391378, 1636430391470, 92, 0, 92, 0, 0, 0
5465, 1, 1636430391842, 1636430391930, 88, 0, 88, 0, 0, 0
5466, 1, 1636430391930, 1636430392022, 92, 0, 92, 0, 0, 0
5468, 1, 1636430392294, 1636430392385, 91, 0, 91, 0, 0, 0
5467, 1, 1636430392378, 1636430392470, 92, 0, 92, 0, 0, 0
5469, 1, 1636430392741, 1636430392833, 92, 1, 91, 0, 1, 1
5470, 1, 1636430392829, 1636430392922, 93, 1, 92, 0, 0, 0
5471, 1, 1636430393318, 1636430393410, 92, 0, 92, 0, 0, 0
5473, 1, 1636430393670, 1636430393761, 91, 0, 91, 0, 0, 0
5472, 1, 1636430393774, 1636430393866, 92, 0, 92, 0, 0, 0
5474, 1, 1636430394049, 1636430394138, 89, 1, 88, 1, 0, 1
5476, 1, 1636430394218, 1636430394310, 92, 0, 92, 0, 0, 0
5477, 1, 1636430394490, 1636430394586, 96, 0, 96, 0, 0, 0
5475, 1, 1636430394501, 1636430394594, 93, 0, 93, 0, 0, 0
5478, 1, 1636430394670, 1636430394762, 92, 0, 92, 0, 0, 0
5479, 1, 1636430394958, 1636430395046, 88, 0, 88, 0, 0, 0
5480, 1, 1636430395409, 1636430395502, 93, 1, 92, 0, 0, 0
5482, 1, 1636430395638, 1636430395730, 92, 0, 92, 0, 0, 0
5483, 1, 1636430395746, 1636430395838, 92, 0, 92, 0, 0, 0
5481, 1, 1636430395853, 1636430395941, 88, 0, 88, 0, 0, 0
5484, 1, 1636430395941, 1636430396034, 93, 1, 92, 0, 0, 0
5486, 1, 1636430396205, 1636430396297, 92, 0, 92, 0, 0, 0
5487, 1, 1636430396301, 1636430396393, 92, 0, 92, 0, 0, 0
5485, 1, 1636430396393, 1636430396485, 92, 1, 91, 0, 0, 0
5488, 1, 1636430396477, 1636430396569, 92, 1, 91, 0, 1, 1
5490, 1, 1636430396661, 1636430396770, 109, 1, 108, 0, 0, 0
5491, 1, 1636430396770, 1636430396857, 87, 0, 87, 0, 0, 0
5489, 1, 1636430396857, 1636430396950, 93, 1, 92, 0, 1, 1
5492, 1, 1636430397130, 1636430397222, 92, 0, 92, 0, 0, 0
5493, 1, 1636430397305, 1636430397398, 93, 1, 92, 0, 1, 1
5494, 1, 1636430397590, 1636430397678, 88, 0, 88, 0, 0, 0
5496, 1, 1636430397657, 1636430397745, 88, 0, 88, 0, 0, 0
5497, 1, 1636430397698, 1636430397789, 91, 0, 91, 0, 0, 0
5495, 1, 1636430397761, 1636430397853, 92, 1, 91, 0, 0, 0
5498, 1, 1636430397773, 1636430397865, 92, 1, 91, 0, 0, 0
5499, 1, 1636430398033, 1636430398121, 88, 1, 87, 0, 0, 0
5502, 1, 1636430398197, 1636430398289, 92, 1, 91, 0, 1, 1
5501, 1, 1636430398213, 1636430398301, 88, 1, 87, 0, 1, 1
5500, 1, 1636430398221, 1636430398313, 92, 0, 92, 0, 0, 0
5503, 1, 1636430398481, 1636430398581, 100, 1, 99, 1, 0, 1
5504, 1, 1636430398481, 1636430398581, 100, 1, 99, 0, 1, 1
5507, 1, 1636430398674, 1636430398762, 88, 0, 88, 0, 0, 0
5506, 1, 1636430398674, 1636430398765, 91, 0, 91, 0, 0, 0
5505, 1, 1636430398674, 1636430398765, 91, 0, 91, 0, 0, 0
5509, 1, 1636430399021, 1636430399113, 92, 0, 92, 0, 0, 0
5508, 1, 1636430399129, 1636430399221, 92, 0, 92, 0, 0, 0
5510, 1, 1636430399137, 1636430399234, 97, 1, 96, 0, 0, 0
5460, 1, 1636430399342, 1636430399434, 92, 0, 92, 0, 0, 0
5513, 1, 1636430399533, 1636430399621, 88, 0, 88, 0, 0, 0
5511, 1, 1636430399578, 1636430399665, 87, 0, 87, 0, 0, 0
5512, 1, 1636430399593, 1636430399685, 92, 0, 92, 0, 0, 0
5514, 1, 1636430399633, 1636430399721, 88, 1, 87, 0, 0, 0
5515, 1, 1636430399701, 1636430399794, 93, 1, 92, 0, 1, 1
5516, 1, 1636430399749, 1636430399841, 92, 0, 92, 0, 0, 0
5517, 1, 1636430400021, 1636430400109, 88, 0, 88, 0, 0, 0
5519, 1, 1636430400081, 1636430400173, 92, 0, 92, 0, 0, 0
5520, 1, 1636430400133, 1636430400221, 88, 0, 88, 0, 0, 0
5518, 1, 1636430400193, 1636430400285, 92, 1, 91, 0, 0, 0
5521, 1, 1636430400289, 1636430400378, 89, 1, 88, 0, 1, 1
5522, 1, 1636430400373, 1636430400462, 89, 1, 88, 0, 0, 0
5523, 1, 1636430400462, 1636430400553, 91, 0, 91, 0, 0, 0
5525, 1, 1636430400577, 1636430400666, 89, 0, 89, 0, 0, 0
5524, 1, 1636430400649, 1636430400737, 88, 1, 87, 0, 0, 0
5526, 1, 1636430400730, 1636430400821, 91, 0, 91, 0, 0, 0
5529, 1, 1636430401025, 1636430401118, 93, 1, 92, 0, 1, 1
5528, 1, 1636430401097, 1636430401190, 93, 0, 93, 0, 0, 0
5527, 1, 1636430401177, 1636430401269, 92, 0, 92, 0, 0, 0
5532, 1, 1636430401478, 1636430401569, 91, 0, 91, 0, 0, 0
5531, 1, 1636430401557, 1636430401650, 93, 1, 92, 1, 0, 1
5530, 1, 1636430401617, 1636430401705, 88, 0, 88, 0, 0, 0
5534, 1, 1636430401661, 1636430401750, 89, 1, 88, 0, 0, 0
5533, 1, 1636430401661, 1636430401750, 89, 1, 88, 1, 0, 1
5535, 1, 1636430401729, 1636430401822, 93, 1, 92, 0, 1, 1
5537, 1, 1636430402061, 1636430402153, 92, 0, 92, 0, 0, 0
5539, 1, 1636430402081, 1636430402174, 93, 0, 93, 0, 0, 0
5538, 1, 1636430402105, 1636430402198, 93, 0, 93, 0, 0, 0
5536, 1, 1636430402190, 1636430402281, 91, 0, 91, 0, 0, 0
5540, 1, 1636430402245, 1636430402337, 92, 1, 91, 0, 0, 0
5541, 1, 1636430402313, 1636430402405, 92, 1, 91, 0, 1, 1
5544, 1, 1636430402521, 1636430402613, 92, 1, 91, 1, 0, 1
5543, 1, 1636430402529, 1636430402621, 92, 1, 91, 0, 0, 0
5542, 1, 1636430402641, 1636430402734, 93, 1, 92, 0, 0, 0
5545, 1, 1636430402697, 1636430402786, 89, 1, 88, 0, 0, 0
5547, 1, 1636430403093, 1636430403189, 96, 1, 95, 0, 1, 1
5548, 1, 1636430403101, 1636430403193, 92, 1, 91, 0, 0, 0
5546, 1, 1636430403141, 1636430403233, 92, 1, 91, 0, 0, 0
5551, 1, 1636430403453, 1636430403545, 92, 1, 91, 0, 0, 0
5550, 1, 1636430403553, 1636430403645, 92, 1, 91, 0, 0, 0
5549, 1, 1636430403590, 1636430403677, 87, 0, 87, 0, 0, 0
5553, 1, 1636430403618, 1636430403709, 91, 0, 91, 0, 0, 0
5552, 1, 1636430403618, 1636430403709, 91, 0, 91, 0, 0, 0
5555, 1, 1636430403797, 1636430403889, 92, 1, 91, 0, 1, 1
5557, 1, 1636430404010, 1636430404101, 91, 0, 91, 0, 0, 0
5554, 1, 1636430404045, 1636430404142, 97, 1, 96, 0, 0, 0
5556, 1, 1636430404069, 1636430404165, 96, 0, 96, 0, 0, 0
5559, 1, 1636430404189, 1636430404282, 93, 0, 93, 0, 0, 0
5558, 1, 1636430404253, 1636430404345, 92, 1, 91, 0, 1, 1
5560, 1, 1636430404282, 1636430404377, 95, 0, 95, 0, 0, 0
5562, 1, 1636430404465, 1636430404553, 88, 0, 88, 0, 0, 0
5563, 1, 1636430404506, 1636430404597, 91, 0, 91, 0, 0, 0
5561, 1, 1636430404529, 1636430404622, 93, 0, 93, 0, 0, 0
5564, 1, 1636430404642, 1636430404734, 92, 0, 92, 0, 0, 0
5567, 1, 1636430404977, 1636430405070, 93, 1, 92, 1, 0, 1
5566, 1, 1636430404982, 1636430405073, 91, 0, 91, 0, 0, 0
5565, 1, 1636430405101, 1636430405193, 92, 1, 91, 0, 0, 0
5570, 1, 1636430405373, 1636430405465, 92, 0, 92, 0, 0, 0
5569, 1, 1636430405437, 1636430405530, 93, 1, 92, 0, 0, 0
5571, 1, 1636430405517, 1636430405605, 88, 0, 88, 0, 0, 0
5568, 1, 1636430405557, 1636430405645, 88, 1, 87, 0, 0, 0
5572, 1, 1636430405585, 1636430405677, 92, 0, 92, 0, 0, 0
5573, 1, 1636430405757, 1636430405850, 93, 0, 93, 0, 0, 0
5576, 1, 1636430405917, 1636430406009, 92, 1, 91, 1, 0, 1
5575, 1, 1636430405993, 1636430406085, 92, 0, 92, 0, 0, 0
5574, 1, 1636430406041, 1636430406129, 88, 0, 88, 0, 0, 0
5578, 1, 1636430406165, 1636430406253, 88, 0, 88, 0, 0, 0
5577, 1, 1636430406209, 1636430406302, 93, 0, 93, 0, 0, 0
5580, 1, 1636430406265, 1636430406353, 88, 1, 87, 0, 1, 1
5582, 1, 1636430406370, 1636430406461, 91, 0, 91, 0, 0, 0
5581, 1, 1636430406441, 1636430406533, 92, 0, 92, 0, 0, 0
5579, 1, 1636430406481, 1636430406573, 92, 0, 92, 0, 0, 0
5583, 1, 1636430406617, 1636430406709, 92, 1, 91, 1, 0, 1
5586, 1, 1636430406902, 1636430406993, 91, 0, 91, 0, 0, 0
5585, 1, 1636430406937, 1636430407029, 92, 1, 91, 0, 1, 1
5584, 1, 1636430407073, 1636430407165, 92, 1, 91, 0, 0, 0
5588, 1, 1636430407330, 1636430407421, 91, 0, 91, 0, 0, 0
5589, 1, 1636430407386, 1636430407473, 87, 0, 87, 0, 0, 0
5590, 1, 1636430407497, 1636430407589, 92, 1, 91, 0, 0, 0
5587, 1, 1636430407525, 1636430407618, 93, 1, 92, 1, 0, 1
5591, 1, 1636430407690, 1636430407777, 87, 0, 87, 0, 0, 0
5592, 1, 1636430407710, 1636430407797, 87, 0, 87, 0, 0, 0
5595, 1, 1636430407893, 1636430407989, 96, 1, 95, 0, 0, 0
5593, 1, 1636430407977, 1636430408065, 88, 0, 88, 0, 0, 0
5594, 1, 1636430408141, 1636430408234, 93, 0, 93, 0, 0, 0
5597, 1, 1636430408146, 1636430408234, 88, 0, 88, 0, 0, 0
5598, 1, 1636430408149, 1636430408245, 96, 1, 95, 0, 0, 0
5596, 1, 1636430408153, 1636430408249, 96, 0, 96, 0, 0, 0
5600, 1, 1636430408353, 1636430408445, 92, 1, 91, 0, 1, 1
5599, 1, 1636430408430, 1636430408522, 92, 0, 92, 0, 0, 0
5602, 1, 1636430408598, 1636430408690, 92, 0, 92, 0, 0, 0
5601, 1, 1636430408598, 1636430408690, 92, 0, 92, 0, 0, 0
5605, 1, 1636430408882, 1636430408973, 91, 0, 91, 0, 0, 0
5603, 1, 1636430409054, 1636430409145, 91, 0, 91, 0, 0, 0
5604, 1, 1636430409054, 1636430409145, 91, 0, 91, 0, 0, 0
5607, 1, 1636430409286, 1636430409377, 91, 0, 91, 0, 0, 0
5608, 1, 1636430409370, 1636430409461, 91, 0, 91, 0, 0, 0
5606, 1, 1636430409505, 1636430409593, 88, 1, 87, 0, 1, 1
5609, 1, 1636430409505, 1636430409597, 92, 1, 91, 0, 0, 0
5610, 1, 1636430409565, 1636430409653, 88, 0, 88, 0, 0, 0
5611, 1, 1636430409650, 1636430409746, 96, 0, 96, 0, 0, 0
5612, 1, 1636430409949, 1636430410037, 88, 1, 87, 0, 1, 1
5615, 1, 1636430409957, 1636430410045, 88, 0, 88, 0, 0, 0
5613, 1, 1636430410013, 1636430410105, 92, 1, 91, 1, 0, 1
5616, 1, 1636430410025, 1636430410114, 89, 0, 89, 0, 0, 0
5614, 1, 1636430410113, 1636430410205, 92, 1, 91, 0, 0, 0
5617, 1, 1636430410117, 1636430410206, 89, 0, 89, 0, 0, 0
5618, 1, 1636430410398, 1636430410489, 91, 0, 91, 0, 0, 0
5620, 1, 1636430410406, 1636430410497, 91, 0, 91, 0, 0, 0
5621, 1, 1636430410469, 1636430410561, 92, 0, 92, 0, 0, 0
5619, 1, 1636430410469, 1636430410561, 92, 0, 92, 0, 0, 0
5624, 1, 1636430410858, 1636430410949, 91, 0, 91, 0, 0, 0
5622, 1, 1636430410921, 1636430411013, 92, 1, 91, 0, 0, 0
5623, 1, 1636430410925, 1636430411017, 92, 1, 91, 0, 0, 0
5626, 1, 1636430411329, 1636430411414, 85, 0, 85, 0, 0, 0
5625, 1, 1636430411373, 1636430411465, 92, 0, 92, 0, 0, 0
5627, 1, 1636430411386, 1636430411473, 87, 0, 87, 0, 0, 0
5628, 1, 1636430411409, 1636430411501, 92, 1, 91, 0, 0, 0
5629, 1, 1636430411549, 1636430411641, 92, 0, 92, 0, 0, 0
5630, 1, 1636430411633, 1636430411729, 96, 0, 96, 0, 0, 0
5631, 1, 1636430411821, 1636430411913, 92, 1, 91, 0, 1, 1
5634, 1, 1636430411945, 1636430412033, 88, 1, 87, 0, 0, 0
5635, 1, 1636430411945, 1636430412034, 89, 1, 88, 0, 0, 0
5633, 1, 1636430412005, 1636430412094, 89, 1, 88, 0, 1, 1
5632, 1, 1636430412093, 1636430412185, 92, 1, 91, 0, 0, 0
5636, 1, 1636430412133, 1636430412229, 96, 1, 95, 1, 0, 1
5637, 1, 1636430412269, 1636430412358, 89, 0, 89, 0, 0, 0
5640, 1, 1636430412398, 1636430412489, 91, 0, 91, 0, 0, 0
5638, 1, 1636430412398, 1636430412489, 91, 0, 91, 0, 0, 0
5639, 1, 1636430412445, 1636430412533, 88, 0, 88, 0, 0, 0
5643, 1, 1636430412753, 1636430412845, 92, 1, 91, 0, 1, 1
5641, 1, 1636430412845, 1636430412933, 88, 0, 88, 0, 0, 0
5642, 1, 1636430412889, 1636430412977, 88, 0, 88, 0, 0, 0
5645, 1, 1636430413265, 1636430413358, 93, 1, 92, 0, 0, 0
5644, 1, 1636430413293, 1636430413381, 88, 1, 87, 0, 0, 0
5646, 1, 1636430413333, 1636430413426, 93, 1, 92, 0, 1, 1
5647, 1, 1636430413357, 1636430413449, 92, 1, 91, 0, 0, 0
5648, 1, 1636430413477, 1636430413569, 92, 0, 92, 0, 0, 0
5649, 1, 1636430413522, 1636430413609, 87, 0, 87, 0, 0, 0
5650, 1, 1636430413737, 1636430413825, 88, 1, 87, 0, 0, 0
5653, 1, 1636430413873, 1636430413961, 88, 0, 88, 0, 0, 0
5652, 1, 1636430413925, 1636430414017, 92, 0, 92, 0, 0, 0
5651, 1, 1636430413958, 1636430414045, 87, 0, 87, 0, 0, 0
5654, 1, 1636430414009, 1636430414097, 88, 0, 88, 0, 0, 0
5655, 1, 1636430414045, 1636430414137, 92, 0, 92, 0, 0, 0
5656, 1, 1636430414181, 1636430414273, 92, 1, 91, 0, 1, 1
5657, 1, 1636430414330, 1636430414421, 91, 0, 91, 0, 0, 0
5658, 1, 1636430414386, 1636430414478, 92, 0, 92, 0, 0, 0
5659, 1, 1636430414501, 1636430414594, 93, 0, 93, 0, 0, 0
5662, 1, 1636430414718, 1636430414806, 88, 0, 88, 0, 0, 0
5661, 1, 1636430414841, 1636430414934, 93, 0, 93, 0, 0, 0
5664, 1, 1636430415201, 1636430415293, 92, 1, 91, 0, 0, 0
5665, 1, 1636430415218, 1636430415310, 92, 0, 92, 0, 0, 0
5666, 1, 1636430415317, 1636430415410, 93, 1, 92, 0, 0, 0
5667, 1, 1636430415469, 1636430415562, 93, 1, 92, 1, 0, 1
5668, 1, 1636430415562, 1636430415653, 91, 0, 91, 0, 0, 0
5671, 1, 1636430415838, 1636430415925, 87, 0, 87, 0, 0, 0
5669, 1, 1636430415921, 1636430416009, 88, 1, 87, 0, 1, 1
5673, 1, 1636430415925, 1636430416013, 88, 0, 88, 0, 0, 0
5674, 1, 1636430415993, 1636430416082, 89, 0, 89, 0, 0, 0
5672, 1, 1636430416005, 1636430416098, 93, 0, 93, 0, 0, 0
5676, 1, 1636430416286, 1636430416378, 92, 0, 92, 0, 0, 0
5678, 1, 1636430416370, 1636430416462, 92, 0, 92, 0, 0, 0
5677, 1, 1636430416457, 1636430416546, 89, 1, 88, 0, 0, 0
5679, 1, 1636430416910, 1636430417002, 92, 0, 92, 0, 0, 0
5681, 1, 1636430417122, 1636430417213, 91, 0, 91, 0, 0, 0
5682, 1, 1636430417161, 1636430417254, 93, 1, 92, 0, 0, 0
5683, 1, 1636430417394, 1636430417486, 92, 0, 92, 0, 0, 0
5685, 1, 1636430417633, 1636430417725, 92, 0, 92, 0, 0, 0
5688, 1, 1636430417858, 1636430417950, 92, 0, 92, 0, 0, 0
5689, 1, 1636430417905, 1636430417993, 88, 0, 88, 0, 0, 0
5690, 1, 1636430417957, 1636430418045, 88, 1, 87, 0, 0, 0
5687, 1, 1636430418086, 1636430418173, 87, 0, 87, 0, 0, 0
5691, 1, 1636430418305, 1636430418397, 92, 1, 91, 0, 1, 1
5692, 1, 1636430418357, 1636430418445, 88, 1, 87, 0, 0, 0
5693, 1, 1636430418533, 1636430418622, 89, 0, 89, 0, 0, 0
5694, 1, 1636430418985, 1636430419078, 93, 1, 92, 0, 1, 1
5695, 1, 1636430419118, 1636430419209, 91, 0, 91, 0, 0, 0
5696, 1, 1636430419209, 1636430419302, 93, 1, 92, 0, 0, 0
5697, 1, 1636430419470, 1636430419561, 91, 0, 91, 0, 0, 0
5698, 1, 1636430419745, 1636430419838, 93, 1, 92, 0, 0, 0
5700, 1, 1636430419873, 1636430419965, 92, 1, 91, 0, 1, 1
5701, 1, 1636430419941, 1636430420029, 88, 0, 88, 0, 0, 0
5702, 1, 1636430419981, 1636430420065, 84, 0, 84, 0, 0, 0
5699, 1, 1636430420198, 1636430420290, 92, 0, 92, 0, 0, 0
5703, 1, 1636430420322, 1636430420414, 92, 0, 92, 0, 0, 0
5704, 1, 1636430420385, 1636430420477, 92, 1, 91, 0, 0, 0
5705, 1, 1636430420649, 1636430420742, 93, 1, 92, 0, 0, 0
5706, 1, 1636430421106, 1636430421197, 91, 0, 91, 0, 0, 0
5707, 1, 1636430421205, 1636430421298, 93, 1, 92, 0, 0, 0
5708, 1, 1636430421298, 1636430421390, 92, 0, 92, 0, 0, 0
5709, 1, 1636430421573, 1636430421666, 93, 1, 92, 0, 0, 0
5710, 1, 1636430421729, 1636430421821, 92, 1, 91, 0, 0, 0
5712, 1, 1636430421958, 1636430422045, 87, 0, 87, 0, 0, 0
5713, 1, 1636430422042, 1636430422133, 91, 0, 91, 0, 0, 0
5714, 1, 1636430422101, 1636430422189, 88, 1, 87, 0, 0, 0
5711, 1, 1636430422185, 1636430422277, 92, 1, 91, 0, 0, 0
5715, 1, 1636430422410, 1636430422497, 87, 0, 87, 0, 0, 0
5717, 1, 1636430422494, 1636430422585, 91, 0, 91, 0, 0, 0
5716, 1, 1636430422637, 1636430422730, 93, 1, 92, 1, 0, 1
5718, 1, 1636430423094, 1636430423185, 91, 0, 91, 0, 0, 0
5719, 1, 1636430423278, 1636430423370, 92, 0, 92, 0, 0, 0
5720, 1, 1636430423333, 1636430423426, 93, 1, 92, 0, 0, 0
5721, 1, 1636430423546, 1636430423634, 88, 0, 88, 0, 0, 0
5724, 1, 1636430423998, 1636430424089, 91, 0, 91, 0, 0, 0
5725, 1, 1636430424033, 1636430424125, 92, 0, 92, 0, 0, 0
5726, 1, 1636430424125, 1636430424218, 93, 1, 92, 1, 0, 1
5727, 1, 1636430424477, 1636430424570, 93, 1, 92, 0, 1, 1
5728, 1, 1636430424489, 1636430424581, 92, 1, 91, 0, 0, 0
5732, 1, 1636430425262, 1636430425353, 91, 0, 91, 0, 0, 0
5733, 1, 1636430425317, 1636430425405, 88, 1, 87, 0, 0, 0
5734, 1, 1636430425382, 1636430425478, 96, 0, 96, 0, 0, 0
5731, 1, 1636430425710, 1636430425802, 92, 0, 92, 0, 0, 0
5738, 1, 1636430426054, 1636430426146, 92, 0, 92, 0, 0, 0
5739, 1, 1636430426105, 1636430426194, 89, 0, 89, 0, 0, 0
5736, 1, 1636430426149, 1636430426237, 88, 0, 88, 0, 0, 0
5742, 1, 1636430426550, 1636430426681, 131, 0, 131, 0, 0, 0
5741, 1, 1636430426597, 1636430426693, 96, 0, 96, 0, 0, 0
5743, 1, 1636430427117, 1636430427210, 93, 1, 92, 0, 1, 1
5744, 1, 1636430427217, 1636430427305, 88, 1, 87, 0, 0, 0
5747, 1, 1636430427370, 1636430427462, 92, 0, 92, 0, 0, 0
5686, 1, 1636430427573, 1636430427665, 92, 0, 92, 0, 0, 0
5745, 1, 1636430427665, 1636430427757, 92, 1, 91, 0, 0, 0
5749, 1, 1636430427877, 1636430427970, 93, 1, 92, 1, 0, 1
5750, 1, 1636430428025, 1636430428118, 93, 1, 92, 1, 0, 1
5748, 1, 1636430428118, 1636430428210, 92, 0, 92, 0, 0, 0
5752, 1, 1636430428333, 1636430428426, 93, 1, 92, 0, 1, 1
5753, 1, 1636430428482, 1636430428574, 92, 0, 92, 0, 0, 0
5754, 1, 1636430428574, 1636430428666, 92, 0, 92, 0, 0, 0
5755, 1, 1636430429082, 1636430429174, 92, 0, 92, 0, 0, 0
5756, 1, 1636430429245, 1636430429338, 93, 1, 92, 0, 0, 0
5757, 1, 1636430429702, 1636430429793, 91, 0, 91, 0, 0, 0
5759, 1, 1636430429837, 1636430429930, 93, 0, 93, 0, 0, 0
5760, 1, 1636430430158, 1636430430249, 91, 0, 91, 0, 0, 0
5762, 1, 1636430430321, 1636430430413, 92, 1, 91, 0, 1, 1
5764, 1, 1636430430606, 1636430430698, 92, 0, 92, 0, 0, 0
5765, 1, 1636430431101, 1636430431194, 93, 1, 92, 0, 0, 0
5766, 1, 1636430431122, 1636430431214, 92, 0, 92, 0, 0, 0
5767, 1, 1636430431578, 1636430431670, 92, 0, 92, 0, 0, 0
5769, 1, 1636430431861, 1636430431954, 93, 1, 92, 1, 0, 1
5768, 1, 1636430432034, 1636430432125, 91, 0, 91, 0, 0, 0
5770, 1, 1636430432398, 1636430432486, 88, 0, 88, 0, 0, 0
5771, 1, 1636430432490, 1636430432582, 92, 0, 92, 0, 0, 0
5772, 1, 1636430432982, 1636430433074, 92, 0, 92, 0, 0, 0
5773, 1, 1636430433102, 1636430433194, 92, 0, 92, 0, 0, 0
5774, 1, 1636430433554, 1636430433646, 92, 0, 92, 0, 0, 0
5776, 1, 1636430433846, 1636430433937, 91, 0, 91, 0, 0, 0
5775, 1, 1636430434001, 1636430434093, 92, 1, 91, 0, 0, 0
5779, 1, 1636430434354, 1636430434446, 92, 0, 92, 0, 0, 0
5780, 1, 1636430434486, 1636430434578, 92, 0, 92, 0, 0, 0
5782, 1, 1636430434938, 1636430435030, 92, 0, 92, 0, 0, 0
5784, 1, 1636430435202, 1636430435290, 88, 0, 88, 0, 0, 0
5785, 1, 1636430435653, 1636430435746, 93, 1, 92, 0, 1, 1
5786, 1, 1636430435705, 1636430435797, 92, 1, 91, 0, 0, 0
5787, 1, 1636430436106, 1636430436225, 119, 0, 119, 0, 0, 0
5789, 1, 1636430436313, 1636430436402, 89, 1, 88, 0, 0, 0
5791, 1, 1636430436586, 1636430436678, 92, 0, 92, 0, 0, 0
5793, 1, 1636430437042, 1636430437134, 92, 0, 92, 0, 0, 0
5794, 1, 1636430437309, 1636430437401, 92, 1, 91, 0, 0, 0
5797, 1, 1636430437706, 1636430437798, 92, 0, 92, 0, 0, 0
5795, 1, 1636430437765, 1636430437858, 93, 1, 92, 0, 0, 0
5798, 1, 1636430438217, 1636430438306, 89, 0, 89, 0, 0, 0
5800, 1, 1636430438393, 1636430438481, 88, 0, 88, 0, 0, 0
5801, 1, 1636430438665, 1636430438757, 92, 0, 92, 0, 0, 0
5802, 1, 1636430439158, 1636430439250, 92, 0, 92, 0, 0, 0
5803, 1, 1636430439205, 1636430439294, 89, 0, 89, 0, 0, 0
5804, 1, 1636430439654, 1636430439745, 91, 0, 91, 0, 0, 0
5807, 1, 1636430439810, 1636430439914, 104, 0, 104, 0, 0, 0
5763, 1, 1636430440041, 1636430440133, 92, 1, 91, 0, 0, 0
5805, 1, 1636430440101, 1636430440190, 89, 0, 89, 0, 0, 0
5809, 1, 1636430440489, 1636430440582, 93, 1, 92, 0, 0, 0
5810, 1, 1636430440574, 1636430440666, 92, 0, 92, 0, 0, 0
5812, 1, 1636430441061, 1636430441154, 93, 1, 92, 0, 0, 0
5816, 1, 1636430441802, 1636430441894, 92, 0, 92, 0, 0, 0
5817, 1, 1636430442425, 1636430442518, 93, 0, 93, 0, 0, 0
5822, 1, 1636430444474, 1636430444566, 92, 0, 92, 0, 0, 0
5821, 1, 1636430444934, 1636430445026, 92, 0, 92, 0, 0, 0
5827, 1, 1636430446317, 1636430446410, 93, 1, 92, 0, 0, 0
5828, 1, 1636430446778, 1636430446870, 92, 0, 92, 0, 0, 0
5832, 1, 1636430448366, 1636430448458, 92, 0, 92, 0, 0, 0
5833, 1, 1636430448822, 1636430448913, 91, 0, 91, 0, 0, 0
5836, 1, 1636430450490, 1636430450585, 95, 0, 95, 0, 0, 0
5837, 1, 1636430450945, 1636430451038, 93, 1, 92, 0, 0, 0
5843, 1, 1636430452381, 1636430452505, 124, 1, 123, 1, 0, 1
5844, 1, 1636430452861, 1636430452998, 137, 1, 136, 0, 0, 0
5823, 1, 1636430453874, 1636430453966, 92, 0, 92, 0, 0, 0
5848, 1, 1636430454398, 1636430454490, 92, 0, 92, 0, 0, 0
5850, 1, 1636430454886, 1636430454978, 92, 0, 92, 0, 0, 0
5852, 1, 1636430455697, 1636430455790, 93, 1, 92, 0, 0, 0
5851, 1, 1636430456154, 1636430456246, 92, 0, 92, 0, 0, 0
5853, 1, 1636430456521, 1636430456614, 93, 1, 92, 0, 1, 1
5854, 1, 1636430456614, 1636430456702, 88, 0, 88, 0, 0, 0
5855, 1, 1636430456970, 1636430457062, 92, 0, 92, 0, 0, 0
5856, 1, 1636430457057, 1636430457150, 93, 1, 92, 0, 0, 0
5857, 1, 1636430457514, 1636430457606, 92, 0, 92, 0, 0, 0
5858, 1, 1636430457613, 1636430457706, 93, 1, 92, 0, 0, 0
5859, 1, 1636430458062, 1636430458154, 92, 0, 92, 0, 0, 0
5860, 1, 1636430458261, 1636430458354, 93, 0, 93, 0, 0, 0
5861, 1, 1636430458485, 1636430458577, 92, 1, 91, 0, 0, 0
5862, 1, 1636430458553, 1636430458645, 92, 1, 91, 0, 1, 1
5863, 1, 1636430458938, 1636430459029, 91, 0, 91, 0, 0, 0
5865, 1, 1636430458989, 1636430459082, 93, 1, 92, 0, 1, 1
5864, 1, 1636430459005, 1636430459097, 92, 1, 91, 0, 0, 0
5866, 1, 1636430459462, 1636430459553, 91, 0, 91, 0, 0, 0
5867, 1, 1636430459610, 1636430459702, 92, 0, 92, 0, 0, 0
5868, 1, 1636430460074, 1636430460165, 91, 0, 91, 0, 0, 0
5869, 1, 1636430460197, 1636430460289, 92, 0, 92, 0, 0, 0
5870, 1, 1636430460422, 1636430460534, 112, 0, 112, 0, 0, 0
5871, 1, 1636430460534, 1636430460626, 92, 0, 92, 0, 0, 0
5872, 1, 1636430460626, 1636430460717, 91, 0, 91, 0, 0, 0
5875, 1, 1636430460981, 1636430461070, 89, 1, 88, 0, 0, 0
5874, 1, 1636430460981, 1636430461070, 89, 1, 88, 1, 0, 1
5876, 1, 1636430460981, 1636430461070, 89, 1, 88, 1, 0, 1
5873, 1, 1636430461070, 1636430461161, 91, 0, 91, 0, 0, 0
5878, 1, 1636430461434, 1636430461537, 103, 0, 103, 0, 0, 0
5877, 1, 1636430461434, 1636430461537, 103, 0, 103, 0, 0, 0
5881, 1, 1636430461937, 1636430462030, 93, 1, 92, 0, 0, 0
5883, 1, 1636430462118, 1636430462209, 91, 0, 91, 0, 0, 0
5885, 1, 1636430462377, 1636430462469, 92, 1, 91, 1, 0, 1
5884, 1, 1636430462390, 1636430462481, 91, 0, 91, 0, 0, 0
5887, 1, 1636430462513, 1636430462605, 92, 1, 91, 0, 0, 0
5889, 1, 1636430462822, 1636430462910, 88, 0, 88, 0, 0, 0
5882, 1, 1636430462842, 1636430462929, 87, 0, 87, 0, 0, 0
5888, 1, 1636430462957, 1636430463045, 88, 0, 88, 0, 0, 0
5890, 1, 1636430462997, 1636430463085, 88, 1, 87, 0, 0, 0
5893, 1, 1636430463309, 1636430463406, 97, 1, 96, 0, 0, 0
5894, 1, 1636430463442, 1636430463533, 91, 0, 91, 0, 0, 0
5895, 1, 1636430463761, 1636430463854, 93, 1, 92, 0, 0, 0
5896, 1, 1636430463890, 1636430463982, 92, 0, 92, 0, 0, 0
5849, 1, 1636430464169, 1636430464261, 92, 1, 91, 0, 0, 0
5897, 1, 1636430464333, 1636430464426, 93, 1, 92, 0, 0, 0
5900, 1, 1636430464381, 1636430464473, 92, 0, 92, 0, 0, 0
5901, 1, 1636430464485, 1636430464577, 92, 1, 91, 0, 1, 1
5902, 1, 1636430464497, 1636430464589, 92, 1, 91, 0, 1, 1
5899, 1, 1636430464785, 1636430464878, 93, 0, 93, 0, 0, 0
5904, 1, 1636430464941, 1636430465033, 92, 1, 91, 0, 0, 0
5903, 1, 1636430464949, 1636430465041, 92, 1, 91, 0, 0, 0
5906, 1, 1636430464965, 1636430465049, 84, 0, 84, 0, 0, 0
5907, 1, 1636430465234, 1636430465329, 95, 0, 95, 0, 0, 0
5908, 1, 1636430465422, 1636430465513, 91, 0, 91, 0, 0, 0
5909, 1, 1636430465745, 1636430465837, 92, 1, 91, 0, 0, 0
5910, 1, 1636430465877, 1636430465969, 92, 1, 91, 0, 0, 0
5911, 1, 1636430466337, 1636430466426, 89, 0, 89, 0, 0, 0
5913, 1, 1636430466410, 1636430466501, 91, 0, 91, 0, 0, 0
5914, 1, 1636430466485, 1636430466573, 88, 0, 88, 0, 0, 0
5912, 1, 1636430466786, 1636430466877, 91, 0, 91, 0, 0, 0
5916, 1, 1636430466861, 1636430466949, 88, 1, 87, 1, 0, 1
5917, 1, 1636430466933, 1636430467025, 92, 1, 91, 0, 0, 0
5918, 1, 1636430467242, 1636430467334, 92, 0, 92, 0, 0, 0
5921, 1, 1636430467702, 1636430467794, 92, 0, 92, 0, 0, 0
5924, 1, 1636430468381, 1636430468474, 93, 1, 92, 1, 0, 1
5926, 1, 1636430468493, 1636430468582, 89, 0, 89, 0, 0, 0
5927, 1, 1636430468838, 1636430468930, 92, 0, 92, 0, 0, 0
5928, 1, 1636430468942, 1636430469033, 91, 0, 91, 0, 0, 0
5931, 1, 1636430470318, 1636430470409, 91, 0, 91, 0, 0, 0
5932, 1, 1636430470773, 1636430470866, 93, 1, 92, 0, 0, 0
5935, 1, 1636430472065, 1636430472158, 93, 1, 92, 0, 0, 0
5937, 1, 1636430472186, 1636430472277, 91, 0, 91, 0, 0, 0
5936, 1, 1636430472517, 1636430472610, 93, 1, 92, 0, 0, 0
5938, 1, 1636430472642, 1636430472734, 92, 0, 92, 0, 0, 0
5939, 1, 1636430472973, 1636430473066, 93, 0, 93, 0, 0, 0
5940, 1, 1636430473430, 1636430473522, 92, 0, 92, 0, 0, 0
5941, 1, 1636430473886, 1636430473997, 111, 0, 111, 0, 0, 0
5942, 1, 1636430474005, 1636430474098, 93, 1, 92, 0, 0, 0
5944, 1, 1636430474177, 1636430474273, 96, 1, 95, 0, 0, 0
5945, 1, 1636430474434, 1636430474525, 91, 0, 91, 0, 0, 0
5943, 1, 1636430474454, 1636430474546, 92, 0, 92, 0, 0, 0
5946, 1, 1636430474641, 1636430474733, 92, 0, 92, 0, 0, 0
5947, 1, 1636430474906, 1636430474998, 92, 0, 92, 0, 0, 0
5948, 1, 1636430475221, 1636430475313, 92, 1, 91, 0, 1, 1
5949, 1, 1636430475358, 1636430475450, 92, 0, 92, 0, 0, 0
5950, 1, 1636430475814, 1636430475905, 91, 0, 91, 0, 0, 0
5951, 1, 1636430476021, 1636430476113, 92, 1, 91, 0, 0, 0
5953, 1, 1636430476154, 1636430476246, 92, 0, 92, 0, 0, 0
5955, 1, 1636430476470, 1636430476561, 91, 0, 91, 0, 0, 0
5952, 1, 1636430476473, 1636430476565, 92, 1, 91, 0, 0, 0
5954, 1, 1636430476602, 1636430476694, 92, 0, 92, 0, 0, 0
5956, 1, 1636430476818, 1636430476910, 92, 0, 92, 0, 0, 0
5957, 1, 1636430476962, 1636430477054, 92, 0, 92, 0, 0, 0
5958, 1, 1636430477254, 1636430477345, 91, 0, 91, 0, 0, 0
5960, 1, 1636430477398, 1636430477490, 92, 0, 92, 0, 0, 0
5959, 1, 1636430477422, 1636430477513, 91, 0, 91, 0, 0, 0
5962, 1, 1636430477853, 1636430477946, 93, 1, 92, 1, 0, 1
5961, 1, 1636430477870, 1636430477962, 92, 0, 92, 0, 0, 0
5963, 1, 1636430477925, 1636430478017, 92, 1, 91, 0, 0, 0
5965, 1, 1636430478062, 1636430478154, 92, 0, 92, 0, 0, 0
5967, 1, 1636430478313, 1636430478406, 93, 0, 93, 0, 0, 0
5964, 1, 1636430478377, 1636430478469, 92, 0, 92, 0, 0, 0
5968, 1, 1636430478517, 1636430478605, 88, 0, 88, 0, 0, 0
5969, 1, 1636430478562, 1636430478657, 95, 0, 95, 0, 0, 0
5971, 1, 1636430478766, 1636430478858, 92, 0, 92, 0, 0, 0
5972, 1, 1636430478838, 1636430478962, 124, 0, 124, 0, 0, 0
5974, 1, 1636430479325, 1636430479413, 88, 1, 87, 1, 0, 1
5973, 1, 1636430479322, 1636430479414, 92, 0, 92, 0, 0, 0
5975, 1, 1636430479333, 1636430479425, 92, 0, 92, 0, 0, 0
5977, 1, 1636430479782, 1636430479874, 92, 0, 92, 0, 0, 0
5978, 1, 1636430479785, 1636430479874, 89, 1, 88, 0, 1, 1
5979, 1, 1636430479925, 1636430480018, 93, 1, 92, 1, 0, 1
5982, 1, 1636430480161, 1636430480254, 93, 1, 92, 0, 0, 0
5983, 1, 1636430480245, 1636430480337, 92, 1, 91, 0, 1, 1
5981, 1, 1636430480381, 1636430480473, 92, 1, 91, 0, 1, 1
5985, 1, 1636430480461, 1636430480553, 92, 1, 91, 0, 0, 0
5934, 1, 1636430480589, 1636430480681, 92, 1, 91, 0, 1, 1
5984, 1, 1636430480613, 1636430480705, 92, 1, 91, 0, 1, 1
5986, 1, 1636430480786, 1636430480878, 92, 0, 92, 0, 0, 0
5987, 1, 1636430480865, 1636430480957, 92, 1, 91, 0, 0, 0
5990, 1, 1636430481277, 1636430481365, 88, 1, 87, 0, 1, 1
5991, 1, 1636430481317, 1636430481406, 89, 0, 89, 0, 0, 0
5992, 1, 1636430481365, 1636430481453, 88, 0, 88, 0, 0, 0
5993, 1, 1636430481765, 1636430481854, 89, 0, 89, 0, 0, 0
5994, 1, 1636430481806, 1636430481897, 91, 0, 91, 0, 0, 0
5995, 1, 1636430481957, 1636430482049, 92, 1, 91, 0, 1, 1
5996, 1, 1636430482037, 1636430482130, 93, 1, 92, 0, 0, 0
5999, 1, 1636430482274, 1636430482365, 91, 0, 91, 0, 0, 0
5997, 1, 1636430482421, 1636430482513, 92, 1, 91, 0, 1, 1
6000, 1, 1636430482462, 1636430482549, 87, 0, 87, 0, 0, 0
5998, 1, 1636430482493, 1636430482581, 88, 0, 88, 0, 0, 0
6001, 1, 1636430482673, 1636430482766, 93, 1, 92, 0, 1, 1
6002, 1, 1636430482889, 1636430482981, 92, 1, 91, 0, 0, 0
6003, 1, 1636430483286, 1636430483377, 91, 0, 91, 0, 0, 0
6004, 1, 1636430483321, 1636430483409, 88, 1, 87, 0, 0, 0
6005, 1, 1636430483357, 1636430483450, 93, 1, 92, 0, 1, 1
6007, 1, 1636430483765, 1636430483861, 96, 0, 96, 0, 0, 0
6006, 1, 1636430483809, 1636430483902, 93, 0, 93, 0, 0, 0
6008, 1, 1636430483998, 1636430484090, 92, 0, 92, 0, 0, 0
6009, 1, 1636430484049, 1636430484141, 92, 0, 92, 0, 0, 0
6011, 1, 1636430484230, 1636430484325, 95, 0, 95, 0, 0, 0
6012, 1, 1636430484454, 1636430484545, 91, 0, 91, 0, 0, 0
6010, 1, 1636430484493, 1636430484585, 92, 1, 91, 0, 0, 0
6013, 1, 1636430484497, 1636430484585, 88, 1, 87, 1, 0, 1
6014, 1, 1636430484677, 1636430484769, 92, 1, 91, 0, 1, 1
6015, 1, 1636430484986, 1636430485078, 92, 0, 92, 0, 0, 0
6016, 1, 1636430485305, 1636430485397, 92, 0, 92, 0, 0, 0
6017, 1, 1636430485326, 1636430485418, 92, 0, 92, 0, 0, 0
6018, 1, 1636430485441, 1636430485534, 93, 1, 92, 0, 0, 0
6020, 1, 1636430485778, 1636430485869, 91, 0, 91, 0, 0, 0
6019, 1, 1636430485901, 1636430485993, 92, 1, 91, 0, 0, 0
6021, 1, 1636430485933, 1636430486026, 93, 1, 92, 0, 1, 1
6022, 1, 1636430486049, 1636430486142, 93, 1, 92, 0, 0, 0
6025, 1, 1636430486238, 1636430486329, 91, 0, 91, 0, 0, 0
6024, 1, 1636430486389, 1636430486481, 92, 0, 92, 0, 0, 0
6023, 1, 1636430486505, 1636430486597, 92, 0, 92, 0, 0, 0
6026, 1, 1636430486590, 1636430486681, 91, 0, 91, 0, 0, 0
6027, 1, 1636430486717, 1636430486810, 93, 1, 92, 0, 1, 1
6028, 1, 1636430486958, 1636430487050, 92, 0, 92, 0, 0, 0
6029, 1, 1636430487349, 1636430487441, 92, 1, 91, 0, 0, 0
6030, 1, 1636430487361, 1636430487457, 96, 0, 96, 0, 0, 0
6031, 1, 1636430487405, 1636430487498, 93, 1, 92, 0, 0, 0
6033, 1, 1636430487806, 1636430487897, 91, 0, 91, 0, 0, 0
6032, 1, 1636430487853, 1636430487945, 92, 0, 92, 0, 0, 0
6034, 1, 1636430487865, 1636430487957, 92, 0, 92, 0, 0, 0
6035, 1, 1636430488086, 1636430488178, 92, 0, 92, 0, 0, 0
6036, 1, 1636430488313, 1636430488405, 92, 1, 91, 0, 0, 0
6038, 1, 1636430488321, 1636430488414, 93, 1, 92, 0, 0, 0
6039, 1, 1636430488493, 1636430488597, 104, 1, 103, 0, 0, 0
6037, 1, 1636430488541, 1636430488625, 84, 0, 84, 0, 0, 0
6040, 1, 1636430488817, 1636430488910, 93, 1, 92, 0, 0, 0
6041, 1, 1636430488985, 1636430489074, 89, 1, 88, 1, 0, 1
6042, 1, 1636430489065, 1636430489158, 93, 1, 92, 0, 1, 1
6044, 1, 1636430489270, 1636430489365, 95, 0, 95, 0, 0, 0
6045, 1, 1636430489430, 1636430489518, 88, 0, 88, 0, 0, 0
6046, 1, 1636430489446, 1636430489533, 87, 0, 87, 0, 0, 0
6043, 1, 1636430489518, 1636430489606, 88, 0, 88, 0, 0, 0
6047, 1, 1636430489890, 1636430489981, 91, 0, 91, 0, 0, 0
6049, 1, 1636430489897, 1636430489985, 88, 1, 87, 0, 0, 0
6050, 1, 1636430489905, 1636430489997, 92, 1, 91, 0, 0, 0
6048, 1, 1636430489981, 1636430490073, 92, 1, 91, 1, 0, 1
6051, 1, 1636430490186, 1636430490277, 91, 0, 91, 0, 0, 0
6052, 1, 1636430490354, 1636430490446, 92, 0, 92, 0, 0, 0
6055, 1, 1636430490354, 1636430490446, 92, 0, 92, 0, 0, 0
6054, 1, 1636430490446, 1636430490537, 91, 0, 91, 0, 0, 0
6056, 1, 1636430490589, 1636430490686, 97, 0, 97, 0, 0, 0
6053, 1, 1636430490629, 1636430490761, 132, 1, 131, 0, 1, 1
6057, 1, 1636430490713, 1636430490806, 93, 0, 93, 0, 0, 0
5989, 1, 1636430490897, 1636430490990, 93, 1, 92, 0, 0, 0
6059, 1, 1636430491053, 1636430491145, 92, 1, 91, 0, 1, 1
6058, 1, 1636430491125, 1636430491217, 92, 1, 91, 1, 0, 1
6061, 1, 1636430491206, 1636430491294, 88, 0, 88, 0, 0, 0
6062, 1, 1636430491353, 1636430491445, 92, 1, 91, 0, 0, 0
6063, 1, 1636430491361, 1636430491449, 88, 1, 87, 0, 1, 1
6060, 1, 1636430491497, 1636430491594, 97, 0, 97, 0, 0, 0
6066, 1, 1636430491577, 1636430491665, 88, 1, 87, 0, 0, 0
6065, 1, 1636430491657, 1636430491750, 93, 1, 92, 1, 0, 1
6068, 1, 1636430491805, 1636430491897, 92, 1, 91, 0, 0, 0
6067, 1, 1636430491958, 1636430492049, 91, 0, 91, 0, 0, 0
6069, 1, 1636430492013, 1636430492105, 92, 1, 91, 0, 0, 0
6064, 1, 1636430492025, 1636430492117, 92, 1, 91, 0, 1, 1
6070, 1, 1636430492210, 1636430492302, 92, 0, 92, 0, 0, 0
6074, 1, 1636430492353, 1636430492446, 93, 0, 93, 0, 0, 0
6073, 1, 1636430492413, 1636430492501, 88, 1, 87, 0, 1, 1
6072, 1, 1636430492465, 1636430492557, 92, 1, 91, 0, 1, 1
6071, 1, 1636430492666, 1636430492758, 92, 0, 92, 0, 0, 0
6075, 1, 1636430492698, 1636430492790, 92, 0, 92, 0, 0, 0
6076, 1, 1636430492785, 1636430492877, 92, 1, 91, 0, 1, 1
6078, 1, 1636430493094, 1636430493182, 88, 0, 88, 0, 0, 0
6077, 1, 1636430493117, 1636430493209, 92, 0, 92, 0, 0, 0
6080, 1, 1636430493233, 1636430493326, 93, 1, 92, 0, 0, 0
6081, 1, 1636430493393, 1636430493485, 92, 0, 92, 0, 0, 0
6082, 1, 1636430493465, 1636430493557, 92, 1, 91, 0, 1, 1
6079, 1, 1636430493537, 1636430493629, 92, 1, 91, 0, 0, 0
6084, 1, 1636430493569, 1636430493661, 92, 1, 91, 0, 0, 0
6085, 1, 1636430493689, 1636430493781, 92, 1, 91, 0, 1, 1
6087, 1, 1636430493838, 1636430493929, 91, 0, 91, 0, 0, 0
6088, 1, 1636430493893, 1636430493990, 97, 1, 96, 0, 0, 0
6086, 1, 1636430493985, 1636430494077, 92, 1, 91, 0, 0, 0
6083, 1, 1636430494022, 1636430494110, 88, 0, 88, 0, 0, 0
6090, 1, 1636430494298, 1636430494393, 95, 0, 95, 0, 0, 0
6089, 1, 1636430494345, 1636430494430, 85, 0, 85, 0, 0, 0
6093, 1, 1636430494389, 1636430494473, 84, 0, 84, 0, 0, 0
6092, 1, 1636430494430, 1636430494517, 87, 0, 87, 0, 0, 0
6094, 1, 1636430494733, 1636430494826, 93, 1, 92, 0, 0, 0
6091, 1, 1636430494757, 1636430494849, 92, 1, 91, 0, 1, 1
6095, 1, 1636430494914, 1636430495006, 92, 0, 92, 0, 0, 0
6096, 1, 1636430495021, 1636430495118, 97, 1, 96, 0, 1, 1
6097, 1, 1636430495210, 1636430495302, 92, 0, 92, 0, 0, 0
6099, 1, 1636430495373, 1636430495462, 89, 1, 88, 0, 0, 0
6098, 1, 1636430495477, 1636430495573, 96, 0, 96, 0, 0, 0
6100, 1, 1636430495517, 1636430495609, 92, 0, 92, 0, 0, 0
6102, 1, 1636430495594, 1636430495681, 87, 0, 87, 0, 0, 0
6101, 1, 1636430495661, 1636430495757, 96, 1, 95, 0, 0, 0
6106, 1, 1636430495773, 1636430495862, 89, 0, 89, 0, 0, 0
6103, 1, 1636430495817, 1636430495913, 96, 0, 96, 0, 0, 0
6104, 1, 1636430495937, 1636430496029, 92, 1, 91, 0, 1, 1
6107, 1, 1636430495973, 1636430496066, 93, 0, 93, 0, 0, 0
6105, 1, 1636430496121, 1636430496209, 88, 1, 87, 1, 0, 1
6108, 1, 1636430496226, 1636430496322, 96, 0, 96, 0, 0, 0
6109, 1, 1636430496249, 1636430496341, 92, 0, 92, 0, 0, 0
6111, 1, 1636430496389, 1636430496477, 88, 0, 88, 0, 0, 0
6112, 1, 1636430496457, 1636430496545, 88, 1, 87, 0, 1, 1
6110, 1, 1636430496698, 1636430496789, 91, 0, 91, 0, 0, 0
6113, 1, 1636430496821, 1636430496914, 93, 1, 92, 0, 1, 1
6114, 1, 1636430497026, 1636430497117, 91, 0, 91, 0, 0, 0
6115, 1, 1636430497042, 1636430497133, 91, 0, 91, 0, 0, 0
6116, 1, 1636430497150, 1636430497245, 95, 0, 95, 0, 0, 0
6118, 1, 1636430497306, 1636430497398, 92, 0, 92, 0, 0, 0
6117, 1, 1636430497473, 1636430497562, 89, 1, 88, 0, 0, 0
6121, 1, 1636430497609, 1636430497701, 92, 0, 92, 0, 0, 0
6122, 1, 1636430497646, 1636430497737, 91, 0, 91, 0, 0, 0
6123, 1, 1636430497661, 1636430497749, 88, 1, 87, 0, 0, 0
6124, 1, 1636430497682, 1636430497773, 91, 0, 91, 0, 0, 0
6120, 1, 1636430497757, 1636430497850, 93, 1, 92, 0, 0, 0
6125, 1, 1636430497929, 1636430498022, 93, 1, 92, 0, 0, 0
6119, 1, 1636430498061, 1636430498145, 84, 0, 84, 0, 0, 0
6126, 1, 1636430498097, 1636430498189, 92, 1, 91, 0, 0, 0
6127, 1, 1636430498105, 1636430498193, 88, 0, 88, 0, 0, 0
6128, 1, 1636430498261, 1636430498353, 92, 1, 91, 0, 0, 0
6130, 1, 1636430498377, 1636430498469, 92, 0, 92, 0, 0, 0
6131, 1, 1636430498545, 1636430498638, 93, 1, 92, 0, 1, 1
6129, 1, 1636430498718, 1636430498809, 91, 0, 91, 0, 0, 0
6132, 1, 1636430498778, 1636430498870, 92, 0, 92, 0, 0, 0
6133, 1, 1636430498949, 1636430499042, 93, 1, 92, 0, 1, 1
6134, 1, 1636430499134, 1636430499225, 91, 0, 91, 0, 0, 0
6136, 1, 1636430499166, 1636430499258, 92, 0, 92, 0, 0, 0
6137, 1, 1636430499309, 1636430499405, 96, 1, 95, 0, 1, 1
6135, 1, 1636430499405, 1636430499498, 93, 1, 92, 0, 0, 0
6140, 1, 1636430499593, 1636430499681, 88, 1, 87, 1, 0, 1
6138, 1, 1636430499618, 1636430499709, 91, 0, 91, 0, 0, 0
6141, 1, 1636430499629, 1636430499721, 92, 1, 91, 0, 1, 1
6144, 1, 1636430499737, 1636430499825, 88, 1, 87, 0, 0, 0
6139, 1, 1636430499761, 1636430499853, 92, 1, 91, 0, 0, 0
6143, 1, 1636430499853, 1636430499945, 92, 1, 91, 0, 1, 1
6142, 1, 1636430500065, 1636430500157, 92, 0, 92, 0, 0, 0
6146, 1, 1636430500090, 1636430500181, 91, 0, 91, 0, 0, 0
6145, 1, 1636430500185, 1636430500273, 88, 0, 88, 0, 0, 0
6147, 1, 1636430500302, 1636430500393, 91, 0, 91, 0, 0, 0
6148, 1, 1636430500393, 1636430500482, 89, 0, 89, 0, 0, 0
6150, 1, 1636430500633, 1636430500726, 93, 0, 93, 0, 0, 0
6151, 1, 1636430500789, 1636430500881, 92, 1, 91, 1, 0, 1
6152, 1, 1636430500805, 1636430500897, 92, 1, 91, 0, 0, 0
6149, 1, 1636430500841, 1636430500933, 92, 1, 91, 0, 0, 0
6153, 1, 1636430501042, 1636430501134, 92, 0, 92, 0, 0, 0
6155, 1, 1636430501225, 1636430501313, 88, 1, 87, 0, 0, 0
6154, 1, 1636430501258, 1636430501349, 91, 0, 91, 0, 0, 0
6156, 1, 1636430501297, 1636430501389, 92, 1, 91, 0, 0, 0
6158, 1, 1636430501550, 1636430501645, 95, 0, 95, 0, 0, 0
6159, 1, 1636430501605, 1636430501697, 92, 0, 92, 0, 0, 0
6162, 1, 1636430501649, 1636430501742, 93, 1, 92, 0, 0, 0
6157, 1, 1636430501669, 1636430501757, 88, 0, 88, 0, 0, 0
6161, 1, 1636430501713, 1636430501801, 88, 1, 87, 1, 0, 1
6165, 1, 1636430502026, 1636430502117, 91, 0, 91, 0, 0, 0
6164, 1, 1636430502106, 1636430502194, 88, 0, 88, 0, 0, 0
6166, 1, 1636430502190, 1636430502281, 91, 0, 91, 0, 0, 0
6167, 1, 1636430502397, 1636430502490, 93, 0, 93, 0, 0, 0
6168, 1, 1636430502549, 1636430502641, 92, 1, 91, 0, 0, 0
6170, 1, 1636430502722, 1636430502813, 91, 0, 91, 0, 0, 0
6169, 1, 1636430502854, 1636430502945, 91, 0, 91, 0, 0, 0
6173, 1, 1636430503073, 1636430503165, 92, 0, 92, 0, 0, 0
6172, 1, 1636430503165, 1636430503261, 96, 0, 96, 0, 0, 0
6174, 1, 1636430503209, 1636430503297, 88, 0, 88, 0, 0, 0
6175, 1, 1636430503377, 1636430503466, 89, 0, 89, 0, 0, 0
6179, 1, 1636430503621, 1636430503713, 92, 0, 92, 0, 0, 0
6177, 1, 1636430503621, 1636430503714, 93, 1, 92, 0, 1, 1
6180, 1, 1636430503653, 1636430503745, 92, 1, 91, 0, 1, 1
6176, 1, 1636430503653, 1636430503745, 92, 1, 91, 0, 0, 0
6182, 1, 1636430504105, 1636430504198, 93, 1, 92, 1, 0, 1
6183, 1, 1636430504105, 1636430504198, 93, 0, 93, 0, 0, 0
6181, 1, 1636430504105, 1636430504198, 93, 1, 92, 1, 0, 1
6184, 1, 1636430504306, 1636430504397, 91, 0, 91, 0, 0, 0
6186, 1, 1636430504578, 1636430504669, 91, 0, 91, 0, 0, 0
6187, 1, 1636430504685, 1636430504778, 93, 1, 92, 0, 1, 1
6185, 1, 1636430504761, 1636430504854, 93, 1, 92, 0, 1, 1
6188, 1, 1636430505142, 1636430505233, 91, 0, 91, 0, 0, 0
6189, 1, 1636430505149, 1636430505242, 93, 0, 93, 0, 0, 0
6191, 1, 1636430505281, 1636430505374, 93, 0, 93, 0, 0, 0
6194, 1, 1636430505542, 1636430505633, 91, 0, 91, 0, 0, 0
6193, 1, 1636430505589, 1636430505678, 89, 0, 89, 0, 0, 0
6192, 1, 1636430505606, 1636430505697, 91, 0, 91, 0, 0, 0
6196, 1, 1636430506002, 1636430506094, 92, 0, 92, 0, 0, 0
6198, 1, 1636430506057, 1636430506149, 92, 1, 91, 0, 1, 1
6199, 1, 1636430506213, 1636430506306, 93, 1, 92, 0, 0, 0
6200, 1, 1636430506670, 1636430506765, 95, 0, 95, 0, 0, 0
6202, 1, 1636430506686, 1636430506773, 87, 0, 87, 0, 0, 0
6204, 1, 1636430507094, 1636430507185, 91, 0, 91, 0, 0, 0
6203, 1, 1636430507126, 1636430507218, 92, 0, 92, 0, 0, 0
6205, 1, 1636430507181, 1636430507274, 93, 0, 93, 0, 0, 0
6207, 1, 1636430507553, 1636430507645, 92, 1, 91, 0, 0, 0
6206, 1, 1636430507577, 1636430507666, 89, 0, 89, 0, 0, 0
6208, 1, 1636430507622, 1636430507714, 92, 0, 92, 0, 0, 0
6209, 1, 1636430508026, 1636430508118, 92, 0, 92, 0, 0, 0
6210, 1, 1636430508073, 1636430508165, 92, 0, 92, 0, 0, 0
6211, 1, 1636430508098, 1636430508189, 91, 0, 91, 0, 0, 0
6212, 1, 1636430508554, 1636430508646, 92, 0, 92, 0, 0, 0
6213, 1, 1636430508605, 1636430508698, 93, 1, 92, 0, 0, 0
6214, 1, 1636430509061, 1636430509154, 93, 1, 92, 0, 0, 0
6215, 1, 1636430509078, 1636430509169, 91, 0, 91, 0, 0, 0
6216, 1, 1636430509094, 1636430509186, 92, 0, 92, 0, 0, 0
6217, 1, 1636430509517, 1636430509610, 93, 1, 92, 0, 0, 0
6218, 1, 1636430509554, 1636430509645, 91, 0, 91, 0, 0, 0
6219, 1, 1636430509729, 1636430509821, 92, 0, 92, 0, 0, 0
6220, 1, 1636430509974, 1636430510065, 91, 0, 91, 0, 0, 0
6222, 1, 1636430510094, 1636430510185, 91, 0, 91, 0, 0, 0
6221, 1, 1636430510182, 1636430510274, 92, 0, 92, 0, 0, 0
6223, 1, 1636430510550, 1636430510642, 92, 0, 92, 0, 0, 0
6224, 1, 1636430510602, 1636430510693, 91, 0, 91, 0, 0, 0
6226, 1, 1636430511002, 1636430511094, 92, 0, 92, 0, 0, 0
6227, 1, 1636430511017, 1636430511109, 92, 1, 91, 0, 0, 0
6225, 1, 1636430511057, 1636430511149, 92, 1, 91, 0, 1, 1
6229, 1, 1636430511486, 1636430511578, 92, 0, 92, 0, 0, 0
6228, 1, 1636430511553, 1636430511646, 93, 1, 92, 0, 0, 0
6230, 1, 1636430511665, 1636430511761, 96, 1, 95, 0, 1, 1
6231, 1, 1636430512010, 1636430512102, 92, 0, 92, 0, 0, 0
6233, 1, 1636430512061, 1636430512153, 92, 1, 91, 0, 0, 0
6234, 1, 1636430512117, 1636430512206, 89, 0, 89, 0, 0, 0
6235, 1, 1636430512161, 1636430512253, 92, 1, 91, 0, 0, 0
6232, 1, 1636430512509, 1636430512601, 92, 1, 91, 0, 0, 0
6237, 1, 1636430512546, 1636430512638, 92, 0, 92, 0, 0, 0
6236, 1, 1636430512614, 1636430512705, 91, 0, 91, 0, 0, 0
6239, 1, 1636430512966, 1636430513061, 95, 0, 95, 0, 0, 0
6238, 1, 1636430512998, 1636430513089, 91, 0, 91, 0, 0, 0
6240, 1, 1636430513065, 1636430513162, 97, 0, 97, 0, 0, 0
6241, 1, 1636430513222, 1636430513314, 92, 0, 92, 0, 0, 0
6243, 1, 1636430513426, 1636430513517, 91, 0, 91, 0, 0, 0
6242, 1, 1636430513489, 1636430513581, 92, 1, 91, 0, 1, 1
6244, 1, 1636430513581, 1636430513673, 92, 1, 91, 0, 1, 1
6247, 1, 1636430513890, 1636430513981, 91, 0, 91, 0, 0, 0
6246, 1, 1636430513926, 1636430514017, 91, 0, 91, 0, 0, 0
6245, 1, 1636430513945, 1636430514037, 92, 1, 91, 0, 1, 1
6249, 1, 1636430514037, 1636430514130, 93, 1, 92, 0, 0, 0
6250, 1, 1636430514130, 1636430514222, 92, 0, 92, 0, 0, 0
6248, 1, 1636430514346, 1636430514437, 91, 0, 91, 0, 0, 0
6252, 1, 1636430514437, 1636430514529, 92, 0, 92, 0, 0, 0
6251, 1, 1636430514581, 1636430514673, 92, 1, 91, 0, 0, 0
6254, 1, 1636430514854, 1636430514945, 91, 0, 91, 0, 0, 0
6253, 1, 1636430514885, 1636430514978, 93, 1, 92, 0, 0, 0
6255, 1, 1636430515077, 1636430515170, 93, 1, 92, 1, 0, 1
6256, 1, 1636430515077, 1636430515170, 93, 1, 92, 0, 0, 0
6258, 1, 1636430515306, 1636430515397, 91, 0, 91, 0, 0, 0
6257, 1, 1636430515341, 1636430515433, 92, 1, 91, 0, 1, 1
6259, 1, 1636430515542, 1636430515633, 91, 0, 91, 0, 0, 0
6260, 1, 1636430515633, 1636430515725, 92, 1, 91, 0, 0, 0
6261, 1, 1636430515793, 1636430515893, 100, 1, 99, 0, 1, 1
6262, 1, 1636430515809, 1636430515897, 88, 1, 87, 0, 1, 1
6263, 1, 1636430515893, 1636430515989, 96, 1, 95, 0, 0, 0
6265, 1, 1636430515989, 1636430516077, 88, 1, 87, 0, 0, 0
6201, 1, 1636430516026, 1636430516117, 91, 0, 91, 0, 0, 0
6266, 1, 1636430516073, 1636430516161, 88, 0, 88, 0, 0, 0
6267, 1, 1636430516117, 1636430516205, 88, 0, 88, 0, 0, 0
6264, 1, 1636430516345, 1636430516433, 88, 1, 87, 1, 0, 1
6269, 1, 1636430516433, 1636430516521, 88, 1, 87, 0, 0, 0
6268, 1, 1636430516521, 1636430516610, 89, 0, 89, 0, 0, 0
6273, 1, 1636430516753, 1636430516846, 93, 0, 93, 0, 0, 0
6274, 1, 1636430516969, 1636430517062, 93, 1, 92, 0, 1, 1
6275, 1, 1636430517073, 1636430517165, 92, 1, 91, 1, 0, 1
6276, 1, 1636430517209, 1636430517301, 92, 0, 92, 0, 0, 0
6278, 1, 1636430517301, 1636430517394, 93, 1, 92, 1, 0, 1
6279, 1, 1636430517594, 1636430517690, 96, 0, 96, 0, 0, 0
6281, 1, 1636430517729, 1636430517821, 92, 0, 92, 0, 0, 0
6282, 1, 1636430517773, 1636430517865, 92, 1, 91, 0, 1, 1
6284, 1, 1636430517837, 1636430517929, 92, 1, 91, 0, 0, 0
6286, 1, 1636430518065, 1636430518158, 93, 1, 92, 0, 0, 0
6285, 1, 1636430518073, 1636430518165, 92, 1, 91, 0, 0, 0
6283, 1, 1636430518230, 1636430518321, 91, 0, 91, 0, 0, 0
6288, 1, 1636430518293, 1636430518385, 92, 1, 91, 0, 0, 0
6287, 1, 1636430518517, 1636430518614, 97, 0, 97, 0, 0, 0
6290, 1, 1636430518974, 1636430519065, 91, 0, 91, 0, 0, 0
6291, 1, 1636430519002, 1636430519094, 92, 0, 92, 0, 0, 0
6293, 1, 1636430519266, 1636430519358, 92, 0, 92, 0, 0, 0
6294, 1, 1636430519470, 1636430519562, 92, 0, 92, 0, 0, 0
6295, 1, 1636430519670, 1636430519761, 91, 0, 91, 0, 0, 0
6296, 1, 1636430519753, 1636430519849, 96, 1, 95, 0, 1, 1
6298, 1, 1636430519837, 1636430519929, 92, 1, 91, 1, 0, 1
6299, 1, 1636430519941, 1636430520033, 92, 0, 92, 0, 0, 0
6300, 1, 1636430519998, 1636430520089, 91, 0, 91, 0, 0, 0
6297, 1, 1636430520206, 1636430520294, 88, 0, 88, 0, 0, 0
6301, 1, 1636430520294, 1636430520381, 87, 0, 87, 0, 0, 0
6302, 1, 1636430520445, 1636430520538, 93, 0, 93, 0, 0, 0
6303, 1, 1636430520902, 1636430520994, 92, 0, 92, 0, 0, 0
6304, 1, 1636430520989, 1636430521082, 93, 1, 92, 0, 0, 0
6305, 1, 1636430521194, 1636430521285, 91, 0, 91, 0, 0, 0
6306, 1, 1636430521550, 1636430521641, 91, 0, 91, 0, 0, 0
6307, 1, 1636430521605, 1636430521697, 92, 1, 91, 0, 0, 0
6308, 1, 1636430521765, 1636430521857, 92, 1, 91, 0, 0, 0
6309, 1, 1636430521790, 1636430521881, 91, 0, 91, 0, 0, 0
6311, 1, 1636430521898, 1636430521990, 92, 0, 92, 0, 0, 0
6312, 1, 1636430522010, 1636430522101, 91, 0, 91, 0, 0, 0
6313, 1, 1636430522210, 1636430522301, 91, 0, 91, 0, 0, 0
6310, 1, 1636430522241, 1636430522334, 93, 1, 92, 1, 0, 1
6314, 1, 1636430522353, 1636430522446, 93, 1, 92, 0, 0, 0
6315, 1, 1636430522806, 1636430522897, 91, 0, 91, 0, 0, 0
6316, 1, 1636430522989, 1636430523082, 93, 1, 92, 0, 1, 1
6317, 1, 1636430523174, 1636430523265, 91, 0, 91, 0, 0, 0
6318, 1, 1636430523605, 1636430523697, 92, 1, 91, 1, 0, 1
6319, 1, 1636430523613, 1636430523701, 88, 1, 87, 0, 1, 1
6320, 1, 1636430523745, 1636430523833, 88, 1, 87, 0, 0, 0
6321, 1, 1636430523797, 1636430523889, 92, 0, 92, 0, 0, 0
6322, 1, 1636430523829, 1636430523921, 92, 0, 92, 0, 0, 0
6324, 1, 1636430524081, 1636430524177, 96, 0, 96, 0, 0, 0
6325, 1, 1636430524185, 1636430524277, 92, 0, 92, 0, 0, 0
6326, 1, 1636430524245, 1636430524337, 92, 1, 91, 0, 0, 0
6323, 1, 1636430524277, 1636430524369, 92, 1, 91, 0, 1, 1
6327, 1, 1636430524702, 1636430524793, 91, 0, 91, 0, 0, 0
6328, 1, 1636430525102, 1636430525193, 91, 0, 91, 0, 0, 0
6329, 1, 1636430525213, 1636430525306, 93, 1, 92, 0, 0, 0
6330, 1, 1636430525718, 1636430525809, 91, 0, 91, 0, 0, 0
6331, 1, 1636430525753, 1636430525846, 93, 1, 92, 0, 1, 1
6332, 1, 1636430525789, 1636430525882, 93, 1, 92, 0, 0, 0
6334, 1, 1636430525934, 1636430526025, 91, 0, 91, 0, 0, 0
6333, 1, 1636430526209, 1636430526301, 92, 1, 91, 0, 0, 0
6335, 1, 1636430526250, 1636430526386, 136, 0, 136, 0, 0, 0
6336, 1, 1636430526386, 1636430526473, 87, 0, 87, 0, 0, 0
6337, 1, 1636430526833, 1636430526926, 93, 1, 92, 0, 1, 1
6338, 1, 1636430526965, 1636430527054, 89, 1, 88, 0, 0, 0
6340, 1, 1636430527218, 1636430527310, 92, 0, 92, 0, 0, 0
6342, 1, 1636430527310, 1636430527402, 92, 0, 92, 0, 0, 0
6344, 1, 1636430527613, 1636430527706, 93, 0, 93, 0, 0, 0
6343, 1, 1636430527661, 1636430527753, 92, 1, 91, 0, 0, 0
6346, 1, 1636430527746, 1636430527837, 91, 0, 91, 0, 0, 0
6347, 1, 1636430527841, 1636430527933, 92, 1, 91, 0, 0, 0
6349, 1, 1636430528010, 1636430528101, 91, 0, 91, 0, 0, 0
6345, 1, 1636430528193, 1636430528285, 92, 1, 91, 0, 0, 0
6350, 1, 1636430528285, 1636430528378, 93, 1, 92, 0, 0, 0
6351, 1, 1636430528465, 1636430528557, 92, 1, 91, 0, 0, 0
6292, 1, 1636430528822, 1636430528913, 91, 0, 91, 0, 0, 0
6353, 1, 1636430528913, 1636430529005, 92, 0, 92, 0, 0, 0
6352, 1, 1636430528957, 1636430529049, 92, 0, 92, 0, 0, 0
6355, 1, 1636430529105, 1636430529198, 93, 1, 92, 0, 1, 1
6356, 1, 1636430529245, 1636430529338, 93, 0, 93, 0, 0, 0
6359, 1, 1636430529502, 1636430529594, 92, 0, 92, 0, 0, 0
6358, 1, 1636430529557, 1636430529650, 93, 1, 92, 0, 1, 1
6360, 1, 1636430529702, 1636430529794, 92, 0, 92, 0, 0, 0
6362, 1, 1636430529769, 1636430529857, 88, 1, 87, 0, 1, 1
6363, 1, 1636430530026, 1636430530118, 92, 0, 92, 0, 0, 0
6361, 1, 1636430530157, 1636430530250, 93, 1, 92, 0, 1, 1
6364, 1, 1636430530217, 1636430530309, 92, 0, 92, 0, 0, 0
6365, 1, 1636430530490, 1636430530578, 88, 0, 88, 0, 0, 0
6366, 1, 1636430530929, 1636430531021, 92, 1, 91, 0, 0, 0
6367, 1, 1636430530966, 1636430531057, 91, 0, 91, 0, 0, 0
6368, 1, 1636430531065, 1636430531158, 93, 1, 92, 1, 0, 1
6369, 1, 1636430531238, 1636430531330, 92, 0, 92, 0, 0, 0
6371, 1, 1636430531453, 1636430531542, 89, 1, 88, 0, 0, 0
6370, 1, 1636430531517, 1636430531610, 93, 1, 92, 0, 1, 1
6372, 1, 1636430531641, 1636430531733, 92, 1, 91, 0, 0, 0
6374, 1, 1636430531758, 1636430531850, 92, 0, 92, 0, 0, 0
6375, 1, 1636430531998, 1636430532089, 91, 0, 91, 0, 0, 0
6373, 1, 1636430532093, 1636430532185, 92, 0, 92, 0, 0, 0
6376, 1, 1636430532218, 1636430532310, 92, 0, 92, 0, 0, 0
6377, 1, 1636430532469, 1636430532561, 92, 0, 92, 0, 0, 0
6378, 1, 1636430532878, 1636430532970, 92, 0, 92, 0, 0, 0
6379, 1, 1636430532954, 1636430533046, 92, 0, 92, 0, 0, 0
6380, 1, 1636430533138, 1636430533230, 92, 0, 92, 0, 0, 0
6381, 1, 1636430533185, 1636430533273, 88, 0, 88, 0, 0, 0
6382, 1, 1636430533390, 1636430533482, 92, 0, 92, 0, 0, 0
6384, 1, 1636430533550, 1636430533646, 96, 0, 96, 0, 0, 0
6383, 1, 1636430533586, 1636430533678, 92, 0, 92, 0, 0, 0
6386, 1, 1636430533714, 1636430533806, 92, 0, 92, 0, 0, 0
6385, 1, 1636430534014, 1636430534106, 92, 0, 92, 0, 0, 0
6388, 1, 1636430534030, 1636430534125, 95, 0, 95, 0, 0, 0
6387, 1, 1636430534166, 1636430534258, 92, 0, 92, 0, 0, 0
6389, 1, 1636430534494, 1636430534585, 91, 0, 91, 0, 0, 0
6390, 1, 1636430534793, 1636430534886, 93, 0, 93, 0, 0, 0
6391, 1, 1636430535021, 1636430535114, 93, 1, 92, 0, 0, 0
6392, 1, 1636430535134, 1636430535225, 91, 0, 91, 0, 0, 0
6394, 1, 1636430535302, 1636430535398, 96, 0, 96, 0, 0, 0
6393, 1, 1636430535478, 1636430535570, 92, 0, 92, 0, 0, 0
6396, 1, 1636430535610, 1636430535702, 92, 0, 92, 0, 0, 0
6397, 1, 1636430535657, 1636430535753, 96, 0, 96, 0, 0, 0
6399, 1, 1636430535898, 1636430535994, 96, 0, 96, 0, 0, 0
6395, 1, 1636430535929, 1636430536022, 93, 1, 92, 0, 1, 1
6398, 1, 1636430536062, 1636430536153, 91, 0, 91, 0, 0, 0
6400, 1, 1636430536113, 1636430536201, 88, 0, 88, 0, 0, 0
6401, 1, 1636430536453, 1636430536546, 93, 0, 93, 0, 0, 0
6402, 1, 1636430536818, 1636430536914, 96, 0, 96, 0, 0, 0
6403, 1, 1636430536914, 1636430537002, 88, 0, 88, 0, 0, 0
6404, 1, 1636430536993, 1636430537098, 105, 1, 104, 0, 0, 0
6405, 1, 1636430537189, 1636430537277, 88, 1, 87, 0, 0, 0
6406, 1, 1636430537317, 1636430537414, 97, 0, 97, 0, 0, 0
6408, 1, 1636430537521, 1636430537613, 92, 1, 91, 0, 1, 1
6409, 1, 1636430537565, 1636430537658, 93, 1, 92, 0, 0, 0
6407, 1, 1636430537638, 1636430537729, 91, 0, 91, 0, 0, 0
6412, 1, 1636430537918, 1636430538010, 92, 0, 92, 0, 0, 0
6410, 1, 1636430537969, 1636430538061, 92, 1, 91, 0, 0, 0
6411, 1, 1636430538013, 1636430538102, 89, 1, 88, 1, 0, 1
6414, 1, 1636430538434, 1636430538526, 92, 0, 92, 0, 0, 0
6416, 1, 1636430538581, 1636430538674, 93, 0, 93, 0, 0, 0
6417, 1, 1636430538685, 1636430538777, 92, 1, 91, 0, 0, 0
6413, 1, 1636430538885, 1636430538998, 113, 1, 112, 0, 0, 0
6418, 1, 1636430539037, 1636430539130, 93, 0, 93, 0, 0, 0
6419, 1, 1636430539089, 1636430539174, 85, 0, 85, 0, 0, 0
6357, 1, 1636430539129, 1636430539222, 93, 1, 92, 1, 0, 1
6421, 1, 1636430539222, 1636430539313, 91, 0, 91, 0, 0, 0
6420, 1, 1636430539269, 1636430539358, 89, 0, 89, 0, 0, 0
6415, 1, 1636430539357, 1636430539445, 88, 1, 87, 0, 0, 0
6424, 1, 1636430539582, 1636430539669, 87, 0, 87, 0, 0, 0
6425, 1, 1636430539582, 1636430539673, 91, 0, 91, 0, 0, 0
6423, 1, 1636430539673, 1636430539765, 92, 1, 91, 0, 1, 1
6427, 1, 1636430539805, 1636430539897, 92, 1, 91, 1, 0, 1
6428, 1, 1636430539805, 1636430539897, 92, 1, 91, 0, 0, 0
6429, 1, 1636430540030, 1636430540122, 92, 0, 92, 0, 0, 0
6426, 1, 1636430540033, 1636430540129, 96, 0, 96, 0, 0, 0
6430, 1, 1636430540269, 1636430540358, 89, 0, 89, 0, 0, 0
6422, 1, 1636430540266, 1636430540358, 92, 0, 92, 0, 0, 0
6433, 1, 1636430540481, 1636430540573, 92, 1, 91, 0, 0, 0
6434, 1, 1636430540753, 1636430540846, 93, 1, 92, 0, 0, 0
6435, 1, 1636430540930, 1636430541022, 92, 0, 92, 0, 0, 0
6436, 1, 1636430540930, 1636430541022, 92, 0, 92, 0, 0, 0
6437, 1, 1636430541141, 1636430541234, 93, 1, 92, 1, 0, 1
6439, 1, 1636430541329, 1636430541422, 93, 1, 92, 0, 1, 1
6441, 1, 1636430541525, 1636430541617, 92, 0, 92, 0, 0, 0
6440, 1, 1636430541593, 1636430541682, 89, 0, 89, 0, 0, 0
6442, 1, 1636430541637, 1636430541729, 92, 1, 91, 0, 0, 0
6446, 1, 1636430541933, 1636430542025, 92, 0, 92, 0, 0, 0
6445, 1, 1636430541977, 1636430542069, 92, 0, 92, 0, 0, 0
6444, 1, 1636430542094, 1636430542186, 92, 0, 92, 0, 0, 0
6447, 1, 1636430542153, 1636430542245, 92, 1, 91, 0, 1, 1
6448, 1, 1636430542553, 1636430542650, 97, 1, 96, 0, 0, 0
6449, 1, 1636430542862, 1636430542954, 92, 0, 92, 0, 0, 0
6450, 1, 1636430543006, 1636430543098, 92, 0, 92, 0, 0, 0
6451, 1, 1636430543038, 1636430543130, 92, 0, 92, 0, 0, 0
6452, 1, 1636430543258, 1636430543346, 88, 0, 88, 0, 0, 0
6453, 1, 1636430543433, 1636430543525, 92, 0, 92, 0, 0, 0
6455, 1, 1636430543570, 1636430543661, 91, 0, 91, 0, 0, 0
6456, 1, 1636430543617, 1636430543709, 92, 0, 92, 0, 0, 0
6454, 1, 1636430543705, 1636430543793, 88, 1, 87, 1, 0, 1
6457, 1, 1636430544005, 1636430544098, 93, 0, 93, 0, 0, 0
6459, 1, 1636430544025, 1636430544113, 88, 1, 87, 1, 0, 1
6458, 1, 1636430544057, 1636430544149, 92, 0, 92, 0, 0, 0
6460, 1, 1636430544798, 1636430544890, 92, 0, 92, 0, 0, 0
6461, 1, 1636430545154, 1636430545246, 92, 0, 92, 0, 0, 0
6463, 1, 1636430545374, 1636430545462, 88, 0, 88, 0, 0, 0
6462, 1, 1636430545369, 1636430545462, 93, 1, 92, 0, 0, 0
6467, 1, 1636430545729, 1636430545822, 93, 1, 92, 0, 0, 0
6469, 1, 1636430545905, 1636430545997, 92, 1, 91, 0, 1, 1
6468, 1, 1636430546178, 1636430546270, 92, 0, 92, 0, 0, 0
6471, 1, 1636430547126, 1636430547217, 91, 0, 91, 0, 0, 0
6473, 1, 1636430547373, 1636430547466, 93, 1, 92, 0, 0, 0
6474, 1, 1636430547698, 1636430547790, 92, 0, 92, 0, 0, 0
6476, 1, 1636430548018, 1636430548110, 92, 0, 92, 0, 0, 0
6475, 1, 1636430548146, 1636430548237, 91, 0, 91, 0, 0, 0
6478, 1, 1636430549462, 1636430549553, 91, 0, 91, 0, 0, 0
6481, 1, 1636430549998, 1636430550090, 92, 0, 92, 0, 0, 0
6482, 1, 1636430551030, 1636430551122, 92, 0, 92, 0, 0, 0
6443, 1, 1636430551322, 1636430551414, 92, 0, 92, 0, 0, 0
6483, 1, 1636430551478, 1636430551569, 91, 0, 91, 0, 0, 0
6484, 1, 1636430551586, 1636430551678, 92, 0, 92, 0, 0, 0
6485, 1, 1636430551934, 1636430552021, 87, 0, 87, 0, 0, 0
6487, 1, 1636430551966, 1636430552058, 92, 0, 92, 0, 0, 0
6486, 1, 1636430552386, 1636430552478, 92, 0, 92, 0, 0, 0
6488, 1, 1636430552866, 1636430552958, 92, 0, 92, 0, 0, 0
6489, 1, 1636430553322, 1636430553414, 92, 0, 92, 0, 0, 0
6491, 1, 1636430553586, 1636430553678, 92, 0, 92, 0, 0, 0
6490, 1, 1636430553773, 1636430553866, 93, 1, 92, 0, 0, 0
6493, 1, 1636430554042, 1636430554134, 92, 0, 92, 0, 0, 0
6492, 1, 1636430554225, 1636430554318, 93, 1, 92, 0, 0, 0
6494, 1, 1636430554801, 1636430554894, 93, 1, 92, 0, 0, 0
6495, 1, 1636430555258, 1636430555413, 155, 0, 155, 0, 0, 0
6497, 1, 1636430555593, 1636430555686, 93, 1, 92, 0, 0, 0
6496, 1, 1636430555777, 1636430555870, 93, 0, 93, 0, 0, 0
6499, 1, 1636430556002, 1636430556094, 92, 0, 92, 0, 0, 0
6502, 1, 1636430556130, 1636430556222, 92, 0, 92, 0, 0, 0
6498, 1, 1636430556225, 1636430556318, 93, 0, 93, 0, 0, 0
6501, 1, 1636430556458, 1636430556557, 99, 0, 99, 0, 0, 0
6500, 1, 1636430556578, 1636430556669, 91, 0, 91, 0, 0, 0
6503, 1, 1636430556834, 1636430556926, 92, 0, 92, 0, 0, 0
6505, 1, 1636430557025, 1636430557138, 113, 1, 112, 0, 1, 1
6504, 1, 1636430557285, 1636430557378, 93, 0, 93, 0, 0, 0
6507, 1, 1636430557570, 1636430557662, 92, 0, 92, 0, 0, 0
6508, 1, 1636430557593, 1636430557685, 92, 0, 92, 0, 0, 0
6506, 1, 1636430557742, 1636430557838, 96, 0, 96, 0, 0, 0
6509, 1, 1636430557910, 1636430557998, 88, 0, 88, 0, 0, 0
6511, 1, 1636430557997, 1636430558090, 93, 1, 92, 0, 0, 0
6510, 1, 1636430558202, 1636430558294, 92, 0, 92, 0, 0, 0
6513, 1, 1636430558362, 1636430558449, 87, 0, 87, 0, 0, 0
6512, 1, 1636430558449, 1636430558542, 93, 1, 92, 1, 0, 1
6514, 1, 1636430558861, 1636430558953, 92, 0, 92, 0, 0, 0
6515, 1, 1636430558921, 1636430559014, 93, 1, 92, 0, 0, 0
6516, 1, 1636430559322, 1636430559454, 132, 0, 132, 0, 0, 0
6517, 1, 1636430559362, 1636430559454, 92, 0, 92, 0, 0, 0
6518, 1, 1636430559465, 1636430559554, 89, 0, 89, 0, 0, 0
6519, 1, 1636430559554, 1636430559646, 92, 0, 92, 0, 0, 0
6480, 1, 1636430559581, 1636430559674, 93, 1, 92, 1, 0, 1
6520, 1, 1636430559818, 1636430559910, 92, 0, 92, 0, 0, 0
6521, 1, 1636430559842, 1636430559930, 88, 0, 88, 0, 0, 0
6522, 1, 1636430559901, 1636430559990, 89, 1, 88, 0, 0, 0
6525, 1, 1636430560069, 1636430560161, 92, 1, 91, 0, 0, 0
6524, 1, 1636430560270, 1636430560357, 87, 0, 87, 0, 0, 0
6523, 1, 1636430560293, 1636430560385, 92, 1, 91, 1, 0, 1
6527, 1, 1636430560357, 1636430560446, 89, 1, 88, 0, 1, 1
6526, 1, 1636430560517, 1636430560610, 93, 1, 92, 0, 0, 0
6528, 1, 1636430560806, 1636430560898, 92, 0, 92, 0, 0, 0
6530, 1, 1636430560994, 1636430561086, 92, 0, 92, 0, 0, 0
6531, 1, 1636430561250, 1636430561341, 91, 0, 91, 0, 0, 0
6529, 1, 1636430561257, 1636430561345, 88, 1, 87, 0, 0, 0
6533, 1, 1636430561542, 1636430561634, 92, 0, 92, 0, 0, 0
6534, 1, 1636430561685, 1636430561778, 93, 0, 93, 0, 0, 0
6532, 1, 1636430561705, 1636430561798, 93, 1, 92, 0, 0, 0
6535, 1, 1636430561790, 1636430561878, 88, 0, 88, 0, 0, 0
6536, 1, 1636430561937, 1636430562029, 92, 1, 91, 0, 0, 0
6537, 1, 1636430562166, 1636430562257, 91, 0, 91, 0, 0, 0
6539, 1, 1636430562238, 1636430562329, 91, 0, 91, 0, 0, 0
6538, 1, 1636430562393, 1636430562486, 93, 1, 92, 0, 0, 0
6540, 1, 1636430562793, 1636430562886, 93, 1, 92, 1, 0, 1
6541, 1, 1636430563249, 1636430563342, 93, 1, 92, 1, 0, 1
6542, 1, 1636430563334, 1636430563426, 92, 0, 92, 0, 0, 0
6544, 1, 1636430563677, 1636430563770, 93, 0, 93, 0, 0, 0
6543, 1, 1636430563706, 1636430563798, 92, 0, 92, 0, 0, 0
6545, 1, 1636430563869, 1636430563962, 93, 1, 92, 0, 1, 1
6546, 1, 1636430563962, 1636430564054, 92, 0, 92, 0, 0, 0
6547, 1, 1636430564157, 1636430564249, 92, 1, 91, 0, 0, 0
6549, 1, 1636430564325, 1636430564418, 93, 1, 92, 1, 0, 1
6548, 1, 1636430564418, 1636430564509, 91, 0, 91, 0, 0, 0
6550, 1, 1636430564722, 1636430564814, 92, 0, 92, 0, 0, 0
6551, 1, 1636430565182, 1636430565278, 96, 0, 96, 0, 0, 0
6552, 1, 1636430565642, 1636430565730, 88, 0, 88, 0, 0, 0
6553, 1, 1636430565754, 1636430565846, 92, 0, 92, 0, 0, 0
6555, 1, 1636430565981, 1636430566074, 93, 1, 92, 0, 0, 0
6554, 1, 1636430566085, 1636430566182, 97, 1, 96, 0, 0, 0
6556, 1, 1636430566437, 1636430566530, 93, 1, 92, 0, 0, 0
6557, 1, 1636430566594, 1636430566686, 92, 0, 92, 0, 0, 0
6558, 1, 1636430567046, 1636430567138, 92, 0, 92, 0, 0, 0
6559, 1, 1636430567502, 1636430567593, 91, 0, 91, 0, 0, 0
6561, 1, 1636430567934, 1636430568026, 92, 0, 92, 0, 0, 0
6560, 1, 1636430567949, 1636430568042, 93, 1, 92, 0, 1, 1
6562, 1, 1636430568390, 1636430568482, 92, 0, 92, 0, 0, 0
6563, 1, 1636430568505, 1636430568598, 93, 1, 92, 0, 0, 0
6564, 1, 1636430568962, 1636430569058, 96, 0, 96, 0, 0, 0
6565, 1, 1636430569422, 1636430569514, 92, 0, 92, 0, 0, 0
6566, 1, 1636430569874, 1636430569966, 92, 0, 92, 0, 0, 0
6567, 1, 1636430570002, 1636430570094, 92, 0, 92, 0, 0, 0
6568, 1, 1636430570458, 1636430570550, 92, 0, 92, 0, 0, 0
6569, 1, 1636430570577, 1636430570670, 93, 1, 92, 1, 0, 1
6570, 1, 1636430571038, 1636430571130, 92, 0, 92, 0, 0, 0
6571, 1, 1636430571494, 1636430571586, 92, 0, 92, 0, 0, 0
6572, 1, 1636430571954, 1636430572045, 91, 0, 91, 0, 0, 0
6573, 1, 1636430571974, 1636430572070, 96, 0, 96, 0, 0, 0
6574, 1, 1636430572425, 1636430572518, 93, 1, 92, 0, 1, 1
6575, 1, 1636430572541, 1636430572634, 93, 1, 92, 1, 0, 1
6576, 1, 1636430572997, 1636430573094, 97, 1, 96, 0, 0, 0
6577, 1, 1636430573458, 1636430573549, 91, 0, 91, 0, 0, 0
6578, 1, 1636430573914, 1636430574005, 91, 0, 91, 0, 0, 0
6579, 1, 1636430573977, 1636430574065, 88, 1, 87, 0, 0, 0
6580, 1, 1636430574429, 1636430574522, 93, 1, 92, 0, 0, 0
6581, 1, 1636430574646, 1636430574738, 92, 0, 92, 0, 0, 0
6582, 1, 1636430575102, 1636430575194, 92, 0, 92, 0, 0, 0
6583, 1, 1636430575561, 1636430575654, 93, 1, 92, 1, 0, 1
6584, 1, 1636430576018, 1636430576110, 92, 0, 92, 0, 0, 0
6586, 1, 1636430576750, 1636430576841, 91, 0, 91, 0, 0, 0
6587, 1, 1636430577206, 1636430577298, 92, 0, 92, 0, 0, 0
6585, 1, 1636430577662, 1636430577754, 92, 0, 92, 0, 0, 0
6588, 1, 1636430578118, 1636430578209, 91, 0, 91, 0, 0, 0
6589, 1, 1636430578690, 1636430578781, 91, 0, 91, 0, 0, 0
6591, 1, 1636430579146, 1636430579238, 92, 0, 92, 0, 0, 0
6590, 1, 1636430579602, 1636430579694, 92, 0, 92, 0, 0, 0
6592, 1, 1636430580057, 1636430580150, 93, 1, 92, 0, 0, 0
6593, 1, 1636430580590, 1636430580678, 88, 0, 88, 0, 0, 0
6597, 1, 1636430582641, 1636430582734, 93, 1, 92, 0, 1, 1
6596, 1, 1636430591014, 1636430591105, 91, 0, 91, 0, 0, 0
6599, 1, 1636430591341, 1636430591434, 93, 1, 92, 0, 0, 0
6600, 1, 1636430591802, 1636430591894, 92, 0, 92, 0, 0, 0
6598, 1, 1636430592258, 1636430592350, 92, 0, 92, 0, 0, 0
6601, 1, 1636430665718, 1636430665810, 92, 0, 92, 0, 0, 0
6602, 1, 1636430666429, 1636430666522, 93, 1, 92, 0, 0, 0
6603, 1, 1636430666882, 1636430666974, 92, 0, 92, 0, 0, 0
6604, 1, 1636430667102, 1636430667193, 91, 0, 91, 0, 0, 0
6606, 1, 1636430667581, 1636430667674, 93, 1, 92, 0, 0, 0
6605, 1, 1636430667597, 1636430667690, 93, 1, 92, 0, 0, 0
6607, 1, 1636430667774, 1636430667865, 91, 0, 91, 0, 0, 0
6608, 1, 1636430668189, 1636430668281, 92, 1, 91, 0, 0, 0
6609, 1, 1636430668266, 1636430668357, 91, 0, 91, 0, 0, 0
6610, 1, 1636430668289, 1636430668381, 92, 1, 91, 0, 0, 0
6611, 1, 1636430668441, 1636430668533, 92, 1, 91, 0, 0, 0
6612, 1, 1636430668697, 1636430668786, 89, 0, 89, 0, 0, 0
6613, 1, 1636430668893, 1636430668982, 89, 0, 89, 0, 0, 0
6614, 1, 1636430668937, 1636430669033, 96, 1, 95, 0, 1, 1
6615, 1, 1636430668961, 1636430669057, 96, 1, 95, 0, 0, 0
6616, 1, 1636430669117, 1636430669209, 92, 1, 91, 1, 0, 1
6617, 1, 1636430669185, 1636430669277, 92, 1, 91, 0, 0, 0
6618, 1, 1636430669406, 1636430669497, 91, 0, 91, 0, 0, 0
6619, 1, 1636430669558, 1636430669649, 91, 0, 91, 0, 0, 0
6620, 1, 1636430669613, 1636430669705, 92, 1, 91, 0, 1, 1
6621, 1, 1636430669637, 1636430669729, 92, 1, 91, 1, 0, 1
6622, 1, 1636430669669, 1636430669761, 92, 1, 91, 0, 0, 0
6624, 1, 1636430669894, 1636430669986, 92, 0, 92, 0, 0, 0
6625, 1, 1636430670089, 1636430670181, 92, 0, 92, 0, 0, 0
6623, 1, 1636430670129, 1636430670221, 92, 1, 91, 0, 0, 0
6627, 1, 1636430670237, 1636430670329, 92, 1, 91, 1, 0, 1
6628, 1, 1636430670293, 1636430670385, 92, 0, 92, 0, 0, 0
6629, 1, 1636430670313, 1636430670409, 96, 1, 95, 0, 1, 1
6630, 1, 1636430670377, 1636430670469, 92, 0, 92, 0, 0, 0
6631, 1, 1636430670561, 1636430670653, 92, 1, 91, 0, 0, 0
6626, 1, 1636430670577, 1636430670670, 93, 0, 93, 0, 0, 0
6633, 1, 1636430670773, 1636430670865, 92, 0, 92, 0, 0, 0
6634, 1, 1636430670801, 1636430670897, 96, 0, 96, 0, 0, 0
6635, 1, 1636430670909, 1636430671001, 92, 1, 91, 0, 0, 0
6637, 1, 1636430670989, 1636430671082, 93, 1, 92, 0, 1, 1
6636, 1, 1636430671029, 1636430671118, 89, 1, 88, 0, 0, 0
6638, 1, 1636430671049, 1636430671141, 92, 1, 91, 0, 0, 0
6639, 1, 1636430671241, 1636430671333, 92, 0, 92, 0, 0, 0
6640, 1, 1636430671249, 1636430671345, 96, 0, 96, 0, 0, 0
6641, 1, 1636430671453, 1636430671546, 93, 1, 92, 0, 0, 0
6642, 1, 1636430671473, 1636430671565, 92, 1, 91, 0, 1, 1
6632, 1, 1636430671477, 1636430671569, 92, 1, 91, 0, 1, 1
6643, 1, 1636430671577, 1636430671666, 89, 1, 88, 0, 1, 1
6645, 1, 1636430671705, 1636430671797, 92, 1, 91, 0, 0, 0
6646, 1, 1636430671729, 1636430671817, 88, 1, 87, 0, 0, 0
6648, 1, 1636430671909, 1636430672001, 92, 1, 91, 1, 0, 1
6647, 1, 1636430671909, 1636430672001, 92, 1, 91, 0, 1, 1
6644, 1, 1636430671929, 1636430672017, 88, 0, 88, 0, 0, 0
6650, 1, 1636430672125, 1636430672213, 88, 0, 88, 0, 0, 0
6652, 1, 1636430672141, 1636430672229, 88, 0, 88, 0, 0, 0
6651, 1, 1636430672153, 1636430672245, 92, 0, 92, 0, 0, 0
6653, 1, 1636430672369, 1636430672461, 92, 0, 92, 0, 0, 0
6654, 1, 1636430672381, 1636430672473, 92, 0, 92, 0, 0, 0
6655, 1, 1636430672393, 1636430672482, 89, 0, 89, 0, 0, 0
6656, 1, 1636430672578, 1636430672665, 87, 0, 87, 0, 0, 0
6657, 1, 1636430672586, 1636430672673, 87, 0, 87, 0, 0, 0
6658, 1, 1636430672589, 1636430672677, 88, 1, 87, 0, 0, 0
6661, 1, 1636430672817, 1636430672910, 93, 1, 92, 1, 0, 1
6662, 1, 1636430672817, 1636430672910, 93, 1, 92, 1, 0, 1
6665, 1, 1636430673057, 1636430673145, 88, 0, 88, 0, 0, 0
6664, 1, 1636430673054, 1636430673146, 92, 0, 92, 0, 0, 0
6663, 1, 1636430673054, 1636430673146, 92, 0, 92, 0, 0, 0
6669, 1, 1636430673257, 1636430673345, 88, 1, 87, 0, 0, 0
6668, 1, 1636430673257, 1636430673345, 88, 1, 87, 0, 0, 0
6671, 1, 1636430673477, 1636430673570, 93, 0, 93, 0, 0, 0
6670, 1, 1636430673477, 1636430673570, 93, 1, 92, 0, 1, 1
6672, 1, 1636430673722, 1636430673813, 91, 0, 91, 0, 0, 0
6673, 1, 1636430673722, 1636430673813, 91, 0, 91, 0, 0, 0
6676, 1, 1636430673925, 1636430674017, 92, 1, 91, 0, 0, 0
6677, 1, 1636430673941, 1636430674033, 92, 1, 91, 0, 1, 1
6679, 1, 1636430674154, 1636430674246, 92, 0, 92, 0, 0, 0
6678, 1, 1636430674154, 1636430674246, 92, 0, 92, 0, 0, 0
6674, 1, 1636430674169, 1636430674253, 84, 0, 84, 0, 0, 0
6681, 1, 1636430674393, 1636430674486, 93, 0, 93, 0, 0, 0
6682, 1, 1636430674397, 1636430674486, 89, 1, 88, 0, 1, 1
6683, 1, 1636430674605, 1636430674697, 92, 1, 91, 0, 0, 0
6684, 1, 1636430674613, 1636430674705, 92, 1, 91, 0, 1, 1
6685, 1, 1636430674826, 1636430674918, 92, 0, 92, 0, 0, 0
6686, 1, 1636430674830, 1636430674918, 88, 0, 88, 0, 0, 0
6687, 1, 1636430674845, 1636430674937, 92, 1, 91, 0, 0, 0
6690, 1, 1636430675062, 1636430675153, 91, 0, 91, 0, 0, 0
6689, 1, 1636430675070, 1636430675161, 91, 0, 91, 0, 0, 0
6692, 1, 1636430675281, 1636430675366, 85, 0, 85, 0, 0, 0
6691, 1, 1636430675273, 1636430675366, 93, 0, 93, 0, 0, 0
6694, 1, 1636430675494, 1636430675581, 87, 0, 87, 0, 0, 0
6695, 1, 1636430675494, 1636430675582, 88, 0, 88, 0, 0, 0
6696, 1, 1636430675517, 1636430675605, 88, 1, 87, 0, 0, 0
6697, 1, 1636430675725, 1636430675817, 92, 0, 92, 0, 0, 0
6698, 1, 1636430675758, 1636430675849, 91, 0, 91, 0, 0, 0
6700, 1, 1636430675949, 1636430676041, 92, 1, 91, 0, 1, 1
6702, 1, 1636430676161, 1636430676253, 92, 1, 91, 1, 0, 1
6703, 1, 1636430676161, 1636430676253, 92, 1, 91, 1, 0, 1
6704, 1, 1636430676185, 1636430676274, 89, 0, 89, 0, 0, 0
6705, 1, 1636430676405, 1636430676497, 92, 1, 91, 0, 0, 0
6706, 1, 1636430676429, 1636430676521, 92, 1, 91, 0, 0, 0
6708, 1, 1636430676626, 1636430676718, 92, 0, 92, 0, 0, 0
6711, 1, 1636430676866, 1636430676957, 91, 0, 91, 0, 0, 0
6713, 1, 1636430677078, 1636430677170, 92, 0, 92, 0, 0, 0
6714, 1, 1636430677102, 1636430677194, 92, 0, 92, 0, 0, 0
6715, 1, 1636430677293, 1636430677386, 93, 0, 93, 0, 0, 0
6716, 1, 1636430677541, 1636430677634, 93, 1, 92, 0, 0, 0
6717, 1, 1636430677742, 1636430677833, 91, 0, 91, 0, 0, 0
6719, 1, 1636430677962, 1636430678054, 92, 0, 92, 0, 0, 0
6720, 1, 1636430678214, 1636430678306, 92, 0, 92, 0, 0, 0
6721, 1, 1636430678418, 1636430678510, 92, 0, 92, 0, 0, 0
6723, 1, 1636430678886, 1636430678978, 92, 0, 92, 0, 0, 0
6728, 1, 1636430683206, 1636430683297, 91, 0, 91, 0, 0, 0
6726, 1, 1636430683206, 1636430683301, 95, 0, 95, 0, 0, 0
6729, 1, 1636430683669, 1636430683758, 89, 1, 88, 1, 0, 1
6730, 1, 1636430683669, 1636430683758, 89, 1, 88, 0, 1, 1
6732, 1, 1636430683897, 1636430683990, 93, 1, 92, 0, 0, 0
6731, 1, 1636430683897, 1636430683990, 93, 1, 92, 0, 0, 0
6735, 1, 1636430684354, 1636430684446, 92, 0, 92, 0, 0, 0
6737, 1, 1636430684569, 1636430684662, 93, 0, 93, 0, 0, 0
6736, 1, 1636430684569, 1636430684662, 93, 0, 93, 0, 0, 0
6739, 1, 1636430685030, 1636430685121, 91, 0, 91, 0, 0, 0
6741, 1, 1636430685277, 1636430685365, 88, 1, 87, 1, 0, 1
6742, 1, 1636430685277, 1636430685365, 88, 1, 87, 0, 0, 0
6743, 1, 1636430685726, 1636430685842, 116, 0, 116, 0, 0, 0
6746, 1, 1636430686017, 1636430686110, 93, 1, 92, 0, 1, 1
6745, 1, 1636430686026, 1636430686114, 88, 0, 88, 0, 0, 0
6748, 1, 1636430686285, 1636430686382, 97, 1, 96, 0, 0, 0
6749, 1, 1636430686462, 1636430686553, 91, 0, 91, 0, 0, 0
6751, 1, 1636430686745, 1636430686837, 92, 1, 91, 0, 0, 0
6750, 1, 1636430686745, 1636430686837, 92, 0, 92, 0, 0, 0
6753, 1, 1636430686977, 1636430687070, 93, 0, 93, 0, 0, 0
6755, 1, 1636430687145, 1636430687237, 92, 0, 92, 0, 0, 0
6754, 1, 1636430687197, 1636430687289, 92, 1, 91, 0, 1, 1
6756, 1, 1636430687197, 1636430687289, 92, 1, 91, 1, 0, 1
6759, 1, 1636430687417, 1636430687509, 92, 1, 91, 0, 1, 1
6760, 1, 1636430687645, 1636430687737, 92, 0, 92, 0, 0, 0
6761, 1, 1636430687818, 1636430687909, 91, 0, 91, 0, 0, 0
6762, 1, 1636430687865, 1636430687953, 88, 0, 88, 0, 0, 0
6764, 1, 1636430688089, 1636430688182, 93, 1, 92, 0, 0, 0
6766, 1, 1636430688314, 1636430688406, 92, 0, 92, 0, 0, 0
6767, 1, 1636430688509, 1636430688602, 93, 1, 92, 0, 1, 1
6768, 1, 1636430688533, 1636430688625, 92, 1, 91, 0, 0, 0
6769, 1, 1636430688761, 1636430688853, 92, 0, 92, 0, 0, 0
6770, 1, 1636430688961, 1636430689053, 92, 1, 91, 0, 1, 1
6771, 1, 1636430688977, 1636430689070, 93, 0, 93, 0, 0, 0
6772, 1, 1636430689181, 1636430689274, 93, 0, 93, 0, 0, 0
6773, 1, 1636430689193, 1636430689285, 92, 1, 91, 0, 1, 1
6775, 1, 1636430689429, 1636430689522, 93, 0, 93, 0, 0, 0
6774, 1, 1636430689429, 1636430689522, 93, 0, 93, 0, 0, 0
6765, 1, 1636430689561, 1636430689657, 96, 0, 96, 0, 0, 0
6776, 1, 1636430689650, 1636430689741, 91, 0, 91, 0, 0, 0
6777, 1, 1636430689650, 1636430689742, 92, 0, 92, 0, 0, 0
6778, 1, 1636430689857, 1636430689950, 93, 1, 92, 0, 0, 0
6779, 1, 1636430689877, 1636430689966, 89, 0, 89, 0, 0, 0
6780, 1, 1636430689873, 1636430689966, 93, 1, 92, 0, 0, 0
6782, 1, 1636430690097, 1636430690189, 92, 1, 91, 0, 0, 0
6781, 1, 1636430690105, 1636430690197, 92, 0, 92, 0, 0, 0
6783, 1, 1636430690230, 1636430690321, 91, 0, 91, 0, 0, 0
6785, 1, 1636430690325, 1636430690418, 93, 0, 93, 0, 0, 0
6786, 1, 1636430690529, 1636430690622, 93, 1, 92, 0, 0, 0
6788, 1, 1636430690549, 1636430690637, 88, 0, 88, 0, 0, 0
6787, 1, 1636430690549, 1636430690638, 89, 1, 88, 0, 0, 0
6790, 1, 1636430690770, 1636430690861, 91, 0, 91, 0, 0, 0
6789, 1, 1636430690770, 1636430690862, 92, 0, 92, 0, 0, 0
6791, 1, 1636430690901, 1636430690989, 88, 0, 88, 0, 0, 0
6792, 1, 1636430690989, 1636430691081, 92, 1, 91, 1, 0, 1
6795, 1, 1636430691213, 1636430691305, 92, 1, 91, 1, 0, 1
6794, 1, 1636430691213, 1636430691305, 92, 1, 91, 0, 1, 1
6797, 1, 1636430691441, 1636430691533, 92, 1, 91, 0, 1, 1
6796, 1, 1636430691441, 1636430691534, 93, 0, 93, 0, 0, 0
6798, 1, 1636430691565, 1636430691657, 92, 1, 91, 0, 0, 0
6799, 1, 1636430691657, 1636430691750, 93, 0, 93, 0, 0, 0
6734, 1, 1636430691665, 1636430691753, 88, 1, 87, 0, 1, 1
6800, 1, 1636430691877, 1636430691969, 92, 1, 91, 1, 0, 1
6801, 1, 1636430691889, 1636430691981, 92, 0, 92, 0, 0, 0
6803, 1, 1636430692113, 1636430692202, 89, 0, 89, 0, 0, 0
6802, 1, 1636430692110, 1636430692202, 92, 0, 92, 0, 0, 0
6804, 1, 1636430692237, 1636430692329, 92, 1, 91, 0, 0, 0
6806, 1, 1636430692329, 1636430692417, 88, 1, 87, 0, 1, 1
6805, 1, 1636430692325, 1636430692417, 92, 1, 91, 0, 1, 1
6807, 1, 1636430692549, 1636430692637, 88, 0, 88, 0, 0, 0
6808, 1, 1636430692553, 1636430692645, 92, 0, 92, 0, 0, 0
6809, 1, 1636430692773, 1636430692865, 92, 0, 92, 0, 0, 0
6810, 1, 1636430692777, 1636430692866, 89, 0, 89, 0, 0, 0
6811, 1, 1636430692905, 1636430693013, 108, 1, 107, 0, 1, 1
6813, 1, 1636430693013, 1636430693101, 88, 0, 88, 0, 0, 0
6812, 1, 1636430693013, 1636430693101, 88, 1, 87, 0, 0, 0
6814, 1, 1636430693241, 1636430693330, 89, 1, 88, 0, 0, 0
6815, 1, 1636430693237, 1636430693330, 93, 0, 93, 0, 0, 0
6817, 1, 1636430693449, 1636430693541, 92, 1, 91, 0, 0, 0
6816, 1, 1636430693462, 1636430693549, 87, 0, 87, 0, 0, 0
6818, 1, 1636430693589, 1636430693681, 92, 0, 92, 0, 0, 0
6819, 1, 1636430693674, 1636430693765, 91, 0, 91, 0, 0, 0
6820, 1, 1636430693681, 1636430693773, 92, 1, 91, 0, 0, 0
6821, 1, 1636430693901, 1636430693994, 93, 1, 92, 0, 0, 0
6822, 1, 1636430693905, 1636430694002, 97, 0, 97, 0, 0, 0
6824, 1, 1636430694153, 1636430694245, 92, 0, 92, 0, 0, 0
6823, 1, 1636430694153, 1636430694245, 92, 0, 92, 0, 0, 0
6827, 1, 1636430694354, 1636430694481, 127, 0, 127, 0, 0, 0
6826, 1, 1636430694346, 1636430694481, 135, 0, 135, 0, 0, 0
6828, 1, 1636430694422, 1636430694514, 92, 0, 92, 0, 0, 0
6830, 1, 1636430694573, 1636430694665, 92, 0, 92, 0, 0, 0
6831, 1, 1636430694605, 1636430694693, 88, 0, 88, 0, 0, 0
6832, 1, 1636430694825, 1636430694913, 88, 0, 88, 0, 0, 0
6833, 1, 1636430694845, 1636430694937, 92, 0, 92, 0, 0, 0
6829, 1, 1636430694869, 1636430694957, 88, 0, 88, 0, 0, 0
6835, 1, 1636430695061, 1636430695150, 89, 1, 88, 1, 0, 1
6836, 1, 1636430695061, 1636430695150, 89, 1, 88, 0, 0, 0
6837, 1, 1636430695105, 1636430695193, 88, 0, 88, 0, 0, 0
6838, 1, 1636430695237, 1636430695329, 92, 1, 91, 0, 1, 1
6839, 1, 1636430695297, 1636430695389, 92, 0, 92, 0, 0, 0
6834, 1, 1636430695309, 1636430695397, 88, 1, 87, 0, 0, 0
6841, 1, 1636430695493, 1636430695585, 92, 1, 91, 0, 1, 1
6842, 1, 1636430695505, 1636430695597, 92, 1, 91, 0, 1, 1
6843, 1, 1636430695589, 1636430695685, 96, 0, 96, 0, 0, 0
6844, 1, 1636430695761, 1636430695849, 88, 0, 88, 0, 0, 0
6840, 1, 1636430695758, 1636430695849, 91, 0, 91, 0, 0, 0
6845, 1, 1636430695773, 1636430695869, 96, 1, 95, 0, 0, 0
6846, 1, 1636430695813, 1636430695897, 84, 0, 84, 0, 0, 0
6847, 1, 1636430695905, 1636430695997, 92, 1, 91, 0, 0, 0
6848, 1, 1636430695969, 1636430696105, 136, 1, 135, 0, 0, 0
6849, 1, 1636430696045, 1636430696137, 92, 0, 92, 0, 0, 0
6851, 1, 1636430696197, 1636430696286, 89, 1, 88, 0, 0, 0
6850, 1, 1636430696197, 1636430696286, 89, 1, 88, 0, 0, 0
6852, 1, 1636430696229, 1636430696318, 89, 0, 89, 0, 0, 0
6853, 1, 1636430696273, 1636430696361, 88, 0, 88, 0, 0, 0
6855, 1, 1636430696425, 1636430696517, 92, 1, 91, 0, 1, 1
6856, 1, 1636430696441, 1636430696533, 92, 0, 92, 0, 0, 0
6854, 1, 1636430696493, 1636430696585, 92, 0, 92, 0, 0, 0
6857, 1, 1636430696465, 1636430696589, 124, 0, 124, 0, 0, 0
6859, 1, 1636430696589, 1636430696682, 93, 0, 93, 0, 0, 0
6860, 1, 1636430696682, 1636430696773, 91, 0, 91, 0, 0, 0
6858, 1, 1636430696682, 1636430696774, 92, 0, 92, 0, 0, 0
6861, 1, 1636430696721, 1636430696813, 92, 0, 92, 0, 0, 0
6863, 1, 1636430696905, 1636430696989, 84, 0, 84, 0, 0, 0
6862, 1, 1636430696901, 1636430696993, 92, 0, 92, 0, 0, 0
6865, 1, 1636430696941, 1636430697029, 88, 0, 88, 0, 0, 0
6864, 1, 1636430696941, 1636430697030, 89, 0, 89, 0, 0, 0
6868, 1, 1636430697114, 1636430697205, 91, 0, 91, 0, 0, 0
6867, 1, 1636430697114, 1636430697206, 92, 0, 92, 0, 0, 0
6866, 1, 1636430697141, 1636430697229, 88, 0, 88, 0, 0, 0
6870, 1, 1636430697205, 1636430697293, 88, 1, 87, 0, 0, 0
6869, 1, 1636430697205, 1636430697301, 96, 1, 95, 0, 0, 0
6871, 1, 1636430697293, 1636430697385, 92, 1, 91, 1, 0, 1
6873, 1, 1636430697373, 1636430697457, 84, 0, 84, 0, 0, 0
6872, 1, 1636430697385, 1636430697469, 84, 0, 84, 0, 0, 0
6874, 1, 1636430697461, 1636430697549, 88, 0, 88, 0, 0, 0
6875, 1, 1636430697586, 1636430697678, 92, 0, 92, 0, 0, 0
6878, 1, 1636430697641, 1636430697729, 88, 1, 87, 0, 1, 1
6877, 1, 1636430697601, 1636430697729, 128, 0, 128, 0, 0, 0
6876, 1, 1636430697597, 1636430697729, 132, 0, 132, 0, 0, 0
6879, 1, 1636430697653, 1636430697749, 96, 0, 96, 0, 0, 0
6880, 1, 1636430697729, 1636430697817, 88, 1, 87, 0, 1, 1
6881, 1, 1636430697769, 1636430697857, 88, 0, 88, 0, 0, 0
6883, 1, 1636430697817, 1636430697909, 92, 1, 91, 0, 0, 0
6882, 1, 1636430697817, 1636430697909, 92, 1, 91, 0, 0, 0
6884, 1, 1636430697861, 1636430697949, 88, 0, 88, 0, 0, 0
6885, 1, 1636430697909, 1636430698001, 92, 0, 92, 0, 0, 0
6886, 1, 1636430697949, 1636430698037, 88, 0, 88, 0, 0, 0
6887, 1, 1636430698089, 1636430698177, 88, 0, 88, 0, 0, 0
6889, 1, 1636430698125, 1636430698214, 89, 0, 89, 0, 0, 0
6888, 1, 1636430698117, 1636430698214, 97, 1, 96, 0, 1, 1
6890, 1, 1636430698177, 1636430698269, 92, 1, 91, 0, 0, 0
6891, 1, 1636430698269, 1636430698361, 92, 1, 91, 0, 0, 0
6893, 1, 1636430698305, 1636430698397, 92, 1, 91, 0, 0, 0
6892, 1, 1636430698305, 1636430698397, 92, 1, 91, 1, 0, 1
6894, 1, 1636430698313, 1636430698401, 88, 0, 88, 0, 0, 0
6895, 1, 1636430698349, 1636430698441, 92, 1, 91, 0, 1, 1
6896, 1, 1636430698397, 1636430698485, 88, 0, 88, 0, 0, 0
6897, 1, 1636430698445, 1636430698537, 92, 0, 92, 0, 0, 0
6898, 1, 1636430698485, 1636430698577, 92, 1, 91, 0, 0, 0
6900, 1, 1636430698537, 1636430698625, 88, 0, 88, 0, 0, 0
6899, 1, 1636430698577, 1636430698669, 92, 1, 91, 0, 1, 1
6901, 1, 1636430698577, 1636430698669, 92, 1, 91, 0, 0, 0
6902, 1, 1636430698625, 1636430698717, 92, 0, 92, 0, 0, 0
6903, 1, 1636430698749, 1636430698837, 88, 0, 88, 0, 0, 0
6904, 1, 1636430698793, 1636430698885, 92, 0, 92, 0, 0, 0
6905, 1, 1636430698801, 1636430698889, 88, 0, 88, 0, 0, 0
6906, 1, 1636430698845, 1636430698929, 84, 0, 84, 0, 0, 0
6908, 1, 1636430698969, 1636430699065, 96, 1, 95, 0, 0, 0
6909, 1, 1636430698977, 1636430699065, 88, 0, 88, 0, 0, 0
6910, 1, 1636430698977, 1636430699065, 88, 0, 88, 0, 0, 0
6911, 1, 1636430699021, 1636430699109, 88, 0, 88, 0, 0, 0
6907, 1, 1636430699033, 1636430699129, 96, 1, 95, 0, 1, 1
6913, 1, 1636430699109, 1636430699197, 88, 0, 88, 0, 0, 0
6914, 1, 1636430699153, 1636430699241, 88, 0, 88, 0, 0, 0
6915, 1, 1636430699201, 1636430699285, 84, 0, 84, 0, 0, 0
6916, 1, 1636430699241, 1636430699337, 96, 1, 95, 0, 0, 0
6917, 1, 1636430699241, 1636430699337, 96, 1, 95, 0, 0, 0
6918, 1, 1636430699289, 1636430699374, 85, 0, 85, 0, 0, 0
6919, 1, 1636430699413, 1636430699505, 92, 0, 92, 0, 0, 0
6912, 1, 1636430699425, 1636430699513, 88, 0, 88, 0, 0, 0
6921, 1, 1636430699457, 1636430699549, 92, 1, 91, 0, 0, 0
6923, 1, 1636430699638, 1636430699729, 91, 0, 91, 0, 0, 0
6924, 1, 1636430699645, 1636430699733, 88, 1, 87, 0, 0, 0
6925, 1, 1636430699645, 1636430699733, 88, 1, 87, 1, 0, 1
6926, 1, 1636430699689, 1636430699773, 84, 0, 84, 0, 0, 0
6927, 1, 1636430699713, 1636430699805, 92, 1, 91, 0, 0, 0
6928, 1, 1636430699777, 1636430699861, 84, 0, 84, 0, 0, 0
6929, 1, 1636430699817, 1636430699917, 100, 1, 99, 0, 0, 0
6930, 1, 1636430699861, 1636430699953, 92, 1, 91, 0, 0, 0
6932, 1, 1636430699909, 1636430699998, 89, 0, 89, 0, 0, 0
6933, 1, 1636430699953, 1636430700041, 88, 0, 88, 0, 0, 0
6935, 1, 1636430700097, 1636430700185, 88, 0, 88, 0, 0, 0
6934, 1, 1636430700093, 1636430700185, 92, 0, 92, 0, 0, 0
6936, 1, 1636430700130, 1636430700225, 95, 0, 95, 0, 0, 0
6937, 1, 1636430700305, 1636430700401, 96, 1, 95, 0, 0, 0
6938, 1, 1636430700357, 1636430700442, 85, 0, 85, 0, 0, 0
6939, 1, 1636430700369, 1636430700462, 93, 1, 92, 0, 0, 0
6941, 1, 1636430700405, 1636430700489, 84, 0, 84, 0, 0, 0
6942, 1, 1636430700445, 1636430700533, 88, 0, 88, 0, 0, 0
6944, 1, 1636430700525, 1636430700617, 92, 1, 91, 1, 0, 1
6945, 1, 1636430700577, 1636430700665, 88, 1, 87, 0, 0, 0
6947, 1, 1636430700629, 1636430700721, 92, 0, 92, 0, 0, 0
6946, 1, 1636430700629, 1636430700721, 92, 0, 92, 0, 0, 0
6949, 1, 1636430700757, 1636430700845, 88, 1, 87, 0, 0, 0
6948, 1, 1636430700757, 1636430700845, 88, 1, 87, 1, 0, 1
6951, 1, 1636430700973, 1636430701069, 96, 0, 96, 0, 0, 0
6952, 1, 1636430701013, 1636430701105, 92, 0, 92, 0, 0, 0
6954, 1, 1636430701069, 1636430701161, 92, 1, 91, 0, 0, 0
6953, 1, 1636430701069, 1636430701161, 92, 1, 91, 0, 0, 0
6955, 1, 1636430701105, 1636430701197, 92, 0, 92, 0, 0, 0
6956, 1, 1636430701197, 1636430701285, 88, 1, 87, 0, 0, 0
6958, 1, 1636430701285, 1636430701373, 88, 1, 87, 0, 0, 0
6959, 1, 1636430701289, 1636430701381, 92, 0, 92, 0, 0, 0
6960, 1, 1636430701429, 1636430701513, 84, 0, 84, 0, 0, 0
6961, 1, 1636430701429, 1636430701521, 92, 0, 92, 0, 0, 0
6962, 1, 1636430701505, 1636430701597, 92, 0, 92, 0, 0, 0
6963, 1, 1636430701641, 1636430701733, 92, 0, 92, 0, 0, 0
6964, 1, 1636430701673, 1636430701761, 88, 0, 88, 0, 0, 0
6965, 1, 1636430701737, 1636430701821, 84, 0, 84, 0, 0, 0
6967, 1, 1636430701769, 1636430701862, 93, 0, 93, 0, 0, 0
6968, 1, 1636430701861, 1636430701953, 92, 1, 91, 0, 0, 0
6969, 1, 1636430701969, 1636430702061, 92, 0, 92, 0, 0, 0
6971, 1, 1636430702097, 1636430702189, 92, 0, 92, 0, 0, 0
6972, 1, 1636430702106, 1636430702201, 95, 0, 95, 0, 0, 0
6973, 1, 1636430702173, 1636430702265, 92, 1, 91, 0, 1, 1
6974, 1, 1636430702309, 1636430702401, 92, 1, 91, 0, 0, 0
6976, 1, 1636430702405, 1636430702497, 92, 0, 92, 0, 0, 0
6977, 1, 1636430702445, 1636430702537, 92, 1, 91, 0, 1, 1
6978, 1, 1636430702533, 1636430702629, 96, 1, 95, 0, 1, 1
6979, 1, 1636430702641, 1636430702733, 92, 0, 92, 0, 0, 0
6980, 1, 1636430702765, 1636430702858, 93, 1, 92, 0, 0, 0
6981, 1, 1636430702777, 1636430702873, 96, 0, 96, 0, 0, 0
6983, 1, 1636430702977, 1636430703069, 92, 0, 92, 0, 0, 0
6984, 1, 1636430703069, 1636430703161, 92, 0, 92, 0, 0, 0
6985, 1, 1636430703114, 1636430703205, 91, 0, 91, 0, 0, 0
6987, 1, 1636430703313, 1636430703405, 92, 1, 91, 0, 1, 1
6988, 1, 1636430703429, 1636430703517, 88, 0, 88, 0, 0, 0
6989, 1, 1636430703461, 1636430703553, 92, 1, 91, 0, 1, 1
6990, 1, 1636430703645, 1636430703733, 88, 1, 87, 0, 0, 0
6991, 1, 1636430703733, 1636430703826, 93, 1, 92, 0, 0, 0
6992, 1, 1636430703797, 1636430703889, 92, 1, 91, 0, 0, 0
6993, 1, 1636430703982, 1636430704074, 92, 0, 92, 0, 0, 0
6994, 1, 1636430704097, 1636430704189, 92, 1, 91, 1, 0, 1
6995, 1, 1636430704157, 1636430704249, 92, 0, 92, 0, 0, 0
6996, 1, 1636430704337, 1636430704429, 92, 1, 91, 0, 0, 0
6997, 1, 1636430704410, 1636430704497, 87, 0, 87, 0, 0, 0
6998, 1, 1636430704469, 1636430704561, 92, 0, 92, 0, 0, 0
6999, 1, 1636430704601, 1636430704694, 93, 1, 92, 1, 0, 1
7000, 1, 1636430704646, 1636430704737, 91, 0, 91, 0, 0, 0
7001, 1, 1636430704785, 1636430704873, 88, 0, 88, 0, 0, 0
7002, 1, 1636430704821, 1636430704913, 92, 0, 92, 0, 0, 0
7003, 1, 1636430705005, 1636430705093, 88, 1, 87, 0, 1, 1
7004, 1, 1636430705078, 1636430705169, 91, 0, 91, 0, 0, 0
7005, 1, 1636430705133, 1636430705225, 92, 1, 91, 0, 0, 0
7006, 1, 1636430705269, 1636430705361, 92, 0, 92, 0, 0, 0
7007, 1, 1636430705313, 1636430705401, 88, 1, 87, 1, 0, 1
7008, 1, 1636430705453, 1636430705541, 88, 1, 87, 0, 0, 0
7009, 1, 1636430705493, 1636430705581, 88, 1, 87, 0, 0, 0
7010, 1, 1636430705662, 1636430705749, 87, 0, 87, 0, 0, 0
7011, 1, 1636430705749, 1636430705838, 89, 0, 89, 0, 0, 0
7012, 1, 1636430705801, 1636430705893, 92, 1, 91, 0, 0, 0
7014, 1, 1636430705985, 1636430706077, 92, 1, 91, 0, 0, 0
7015, 1, 1636430706113, 1636430706201, 88, 0, 88, 0, 0, 0
7016, 1, 1636430706157, 1636430706245, 88, 0, 88, 0, 0, 0
7017, 1, 1636430706333, 1636430706421, 88, 0, 88, 0, 0, 0
7018, 1, 1636430706417, 1636430706509, 92, 0, 92, 0, 0, 0
7019, 1, 1636430706469, 1636430706557, 88, 0, 88, 0, 0, 0
7020, 1, 1636430706662, 1636430706753, 91, 0, 91, 0, 0, 0
7021, 1, 1636430706785, 1636430706873, 88, 0, 88, 0, 0, 0
7022, 1, 1636430706821, 1636430706909, 88, 0, 88, 0, 0, 0
7023, 1, 1636430707002, 1636430707090, 88, 0, 88, 0, 0, 0
7025, 1, 1636430707137, 1636430707229, 92, 0, 92, 0, 0, 0
7024, 1, 1636430707273, 1636430707361, 88, 0, 88, 0, 0, 0
7026, 1, 1636430707317, 1636430707409, 92, 0, 92, 0, 0, 0
7027, 1, 1636430707453, 1636430707549, 96, 0, 96, 0, 0, 0
7029, 1, 1636430707669, 1636430707761, 92, 0, 92, 0, 0, 0
7028, 1, 1636430707765, 1636430707857, 92, 1, 91, 0, 1, 1
7030, 1, 1636430707805, 1636430707897, 92, 1, 91, 0, 1, 1
7031, 1, 1636430707941, 1636430708033, 92, 1, 91, 0, 1, 1
7032, 1, 1636430707989, 1636430708073, 84, 0, 84, 0, 0, 0
7033, 1, 1636430708138, 1636430708230, 92, 0, 92, 0, 0, 0
7034, 1, 1636430708342, 1636430708429, 87, 0, 87, 0, 0, 0
7035, 1, 1636430708429, 1636430708517, 88, 1, 87, 1, 0, 1
7036, 1, 1636430708481, 1636430708569, 88, 0, 88, 0, 0, 0
7037, 1, 1636430708602, 1636430708693, 91, 0, 91, 0, 0, 0
7038, 1, 1636430708653, 1636430708745, 92, 0, 92, 0, 0, 0
7039, 1, 1636430708813, 1636430708905, 92, 1, 91, 0, 1, 1
7040, 1, 1636430709014, 1636430709101, 87, 0, 87, 0, 0, 0
7041, 1, 1636430709093, 1636430709185, 92, 1, 91, 0, 1, 1
7042, 1, 1636430709149, 1636430709237, 88, 0, 88, 0, 0, 0
7043, 1, 1636430709277, 1636430709385, 108, 0, 108, 0, 0, 0
7044, 1, 1636430709329, 1636430709421, 92, 0, 92, 0, 0, 0
7045, 1, 1636430709505, 1636430709598, 93, 0, 93, 0, 0, 0
7046, 1, 1636430709690, 1636430709785, 95, 0, 95, 0, 0, 0
7047, 1, 1636430709777, 1636430709865, 88, 0, 88, 0, 0, 0
7048, 1, 1636430709817, 1636430709905, 88, 0, 88, 0, 0, 0
7049, 1, 1636430709949, 1636430710037, 88, 0, 88, 0, 0, 0
7050, 1, 1636430709989, 1636430710078, 89, 0, 89, 0, 0, 0
7052, 1, 1636430710169, 1636430710257, 88, 0, 88, 0, 0, 0
7051, 1, 1636430710165, 1636430710257, 92, 1, 91, 1, 0, 1
7055, 1, 1636430710369, 1636430710466, 97, 1, 96, 0, 0, 0
7056, 1, 1636430710457, 1636430710550, 93, 0, 93, 0, 0, 0
7057, 1, 1636430710477, 1636430710569, 92, 0, 92, 0, 0, 0
7053, 1, 1636430710661, 1636430710749, 88, 1, 87, 1, 0, 1
7054, 1, 1636430710661, 1636430710749, 88, 1, 87, 1, 0, 1
7058, 1, 1636430710661, 1636430710753, 92, 1, 91, 1, 0, 1
7060, 1, 1636430710685, 1636430710773, 88, 0, 88, 0, 0, 0
7061, 1, 1636430710793, 1636430710885, 92, 1, 91, 0, 0, 0
7062, 1, 1636430710849, 1636430710941, 92, 1, 91, 1, 0, 1
7063, 1, 1636430710849, 1636430710941, 92, 1, 91, 0, 0, 0
7064, 1, 1636430711033, 1636430711125, 92, 1, 91, 0, 0, 0
7065, 1, 1636430711117, 1636430711205, 88, 0, 88, 0, 0, 0
7066, 1, 1636430711141, 1636430711233, 92, 1, 91, 0, 0, 0
7067, 1, 1636430711149, 1636430711237, 88, 1, 87, 0, 0, 0
7070, 1, 1636430711333, 1636430711421, 88, 0, 88, 0, 0, 0
7071, 1, 1636430711349, 1636430711441, 92, 0, 92, 0, 0, 0
7068, 1, 1636430711345, 1636430711441, 96, 1, 95, 0, 0, 0
7069, 1, 1636430711345, 1636430711441, 96, 1, 95, 0, 0, 0
7072, 1, 1636430711461, 1636430711554, 93, 0, 93, 0, 0, 0
7074, 1, 1636430711513, 1636430711613, 100, 1, 99, 0, 0, 0
7073, 1, 1636430711513, 1636430711613, 100, 1, 99, 0, 0, 0
7076, 1, 1636430711705, 1636430711833, 128, 0, 128, 0, 0, 0
7077, 1, 1636430711829, 1636430711917, 88, 0, 88, 0, 0, 0
7079, 1, 1636430711833, 1636430711921, 88, 1, 87, 0, 1, 1
7078, 1, 1636430711833, 1636430711921, 88, 1, 87, 0, 0, 0
7080, 1, 1636430712005, 1636430712093, 88, 0, 88, 0, 0, 0
7081, 1, 1636430712005, 1636430712093, 88, 0, 88, 0, 0, 0
7082, 1, 1636430712049, 1636430712142, 93, 0, 93, 0, 0, 0
7083, 1, 1636430712053, 1636430712142, 89, 0, 89, 0, 0, 0
7087, 1, 1636430712221, 1636430712313, 92, 1, 91, 1, 0, 1
7086, 1, 1636430712221, 1636430712313, 92, 1, 91, 0, 1, 1
7088, 1, 1636430712313, 1636430712401, 88, 1, 87, 0, 1, 1
6986, 1, 1636430712357, 1636430712445, 88, 0, 88, 0, 0, 0
7089, 1, 1636430712441, 1636430712533, 92, 1, 91, 0, 1, 1
7091, 1, 1636430712537, 1636430712625, 88, 1, 87, 1, 0, 1
7090, 1, 1636430712537, 1636430712625, 88, 1, 87, 0, 1, 1
7092, 1, 1636430712537, 1636430712629, 92, 1, 91, 0, 1, 1
7096, 1, 1636430712709, 1636430712793, 84, 0, 84, 0, 0, 0
7093, 1, 1636430712705, 1636430712793, 88, 1, 87, 1, 0, 1
7094, 1, 1636430712705, 1636430712793, 88, 1, 87, 0, 0, 0
7095, 1, 1636430712705, 1636430712793, 88, 1, 87, 1, 0, 1
7097, 1, 1636430712729, 1636430712817, 88, 1, 87, 1, 0, 1
7099, 1, 1636430712885, 1636430712978, 93, 1, 92, 1, 0, 1
7098, 1, 1636430712885, 1636430712978, 93, 1, 92, 0, 1, 1
7100, 1, 1636430713009, 1636430713097, 88, 0, 88, 0, 0, 0
7102, 1, 1636430713101, 1636430713193, 92, 0, 92, 0, 0, 0
7103, 1, 1636430713141, 1636430713230, 89, 1, 88, 1, 0, 1
7101, 1, 1636430713157, 1636430713245, 88, 1, 87, 0, 0, 0
7105, 1, 1636430713209, 1636430713305, 96, 1, 95, 0, 0, 0
7104, 1, 1636430713217, 1636430713310, 93, 1, 92, 1, 0, 1
7106, 1, 1636430713217, 1636430713313, 96, 1, 95, 1, 0, 1
7107, 1, 1636430713369, 1636430713457, 88, 0, 88, 0, 0, 0
7109, 1, 1636430713381, 1636430713473, 92, 1, 91, 0, 0, 0
7110, 1, 1636430713381, 1636430713473, 92, 1, 91, 1, 0, 1
7108, 1, 1636430713381, 1636430713473, 92, 1, 91, 0, 0, 0
7111, 1, 1636430713393, 1636430713481, 88, 0, 88, 0, 0, 0
7113, 1, 1636430713561, 1636430713653, 92, 1, 91, 0, 1, 1
7112, 1, 1636430713561, 1636430713653, 92, 0, 92, 0, 0, 0
7114, 1, 1636430713685, 1636430713773, 88, 0, 88, 0, 0, 0
7115, 1, 1636430713769, 1636430713857, 88, 0, 88, 0, 0, 0
7116, 1, 1636430713801, 1636430713889, 88, 1, 87, 0, 0, 0
7117, 1, 1636430713833, 1636430713925, 92, 0, 92, 0, 0, 0
7119, 1, 1636430713889, 1636430713981, 92, 1, 91, 0, 0, 0
7120, 1, 1636430713889, 1636430713982, 93, 1, 92, 0, 0, 0
7118, 1, 1636430713889, 1636430713982, 93, 1, 92, 0, 0, 0
7121, 1, 1636430714041, 1636430714129, 88, 1, 87, 0, 0, 0
7123, 1, 1636430714057, 1636430714149, 92, 1, 91, 1, 0, 1
7125, 1, 1636430714057, 1636430714149, 92, 1, 91, 1, 0, 1
7124, 1, 1636430714057, 1636430714149, 92, 1, 91, 1, 0, 1
7126, 1, 1636430714237, 1636430714329, 92, 0, 92, 0, 0, 0
7127, 1, 1636430714237, 1636430714329, 92, 0, 92, 0, 0, 0
7128, 1, 1636430714353, 1636430714445, 92, 0, 92, 0, 0, 0
7129, 1, 1636430714433, 1636430714522, 89, 0, 89, 0, 0, 0
7130, 1, 1636430714477, 1636430714569, 92, 0, 92, 0, 0, 0
7132, 1, 1636430714561, 1636430714649, 88, 1, 87, 0, 0, 0
7133, 1, 1636430714569, 1636430714657, 88, 1, 87, 0, 1, 1
7134, 1, 1636430714569, 1636430714665, 96, 1, 95, 0, 0, 0
7135, 1, 1636430714709, 1636430714793, 84, 0, 84, 0, 0, 0
7136, 1, 1636430714721, 1636430714818, 97, 1, 96, 0, 0, 0
7138, 1, 1636430714729, 1636430714818, 89, 1, 88, 1, 0, 1
7137, 1, 1636430714729, 1636430714821, 92, 1, 91, 1, 0, 1
7139, 1, 1636430714901, 1636430714997, 96, 0, 96, 0, 0, 0
7140, 1, 1636430714909, 1636430715001, 92, 1, 91, 0, 0, 0
7141, 1, 1636430715021, 1636430715118, 97, 0, 97, 0, 0, 0
7142, 1, 1636430715101, 1636430715193, 92, 0, 92, 0, 0, 0
7143, 1, 1636430715146, 1636430715233, 87, 0, 87, 0, 0, 0
7145, 1, 1636430715229, 1636430715321, 92, 1, 91, 0, 1, 1
7144, 1, 1636430715225, 1636430715321, 96, 1, 95, 0, 0, 0
7146, 1, 1636430715245, 1636430715342, 97, 1, 96, 0, 0, 0
7147, 1, 1636430715381, 1636430715473, 92, 1, 91, 0, 1, 1
7150, 1, 1636430715406, 1636430715493, 87, 0, 87, 0, 0, 0
7149, 1, 1636430715406, 1636430715497, 91, 0, 91, 0, 0, 0
7151, 1, 1636430715577, 1636430715669, 92, 0, 92, 0, 0, 0
7152, 1, 1636430715585, 1636430715677, 92, 0, 92, 0, 0, 0
7153, 1, 1636430715710, 1636430715806, 96, 0, 96, 0, 0, 0
7155, 1, 1636430715806, 1636430715893, 87, 0, 87, 0, 0, 0
7154, 1, 1636430715806, 1636430715893, 87, 0, 87, 0, 0, 0
7156, 1, 1636430715893, 1636430715985, 92, 1, 91, 0, 0, 0
7157, 1, 1636430715893, 1636430715985, 92, 1, 91, 1, 0, 1
7158, 1, 1636430715929, 1636430716021, 92, 0, 92, 0, 0, 0
7159, 1, 1636430716050, 1636430716141, 91, 0, 91, 0, 0, 0
7160, 1, 1636430716077, 1636430716169, 92, 0, 92, 0, 0, 0
7161, 1, 1636430716117, 1636430716209, 92, 1, 91, 0, 0, 0
7163, 1, 1636430716253, 1636430716341, 88, 1, 87, 0, 0, 0
7162, 1, 1636430716253, 1636430716341, 88, 0, 88, 0, 0, 0
7165, 1, 1636430716389, 1636430716477, 88, 0, 88, 0, 0, 0
7166, 1, 1636430716465, 1636430716554, 89, 1, 88, 0, 0, 0
7167, 1, 1636430716473, 1636430716565, 92, 1, 91, 0, 1, 1
7168, 1, 1636430716554, 1636430716646, 92, 0, 92, 0, 0, 0
7169, 1, 1636430716565, 1636430716653, 88, 0, 88, 0, 0, 0
7170, 1, 1636430716601, 1636430716693, 92, 0, 92, 0, 0, 0
7171, 1, 1636430716726, 1636430716817, 91, 0, 91, 0, 0, 0
7174, 1, 1636430716918, 1636430717005, 87, 0, 87, 0, 0, 0
7175, 1, 1636430716918, 1636430717005, 87, 0, 87, 0, 0, 0
7176, 1, 1636430717045, 1636430717134, 89, 0, 89, 0, 0, 0
7177, 1, 1636430717129, 1636430717221, 92, 1, 91, 0, 0, 0
7178, 1, 1636430717141, 1636430717233, 92, 0, 92, 0, 0, 0
7180, 1, 1636430717233, 1636430717329, 96, 0, 96, 0, 0, 0
7181, 1, 1636430717277, 1636430717369, 92, 1, 91, 0, 0, 0
7182, 1, 1636430717394, 1636430717486, 92, 0, 92, 0, 0, 0
7184, 1, 1636430717593, 1636430717681, 88, 1, 87, 0, 0, 0
7183, 1, 1636430717589, 1636430717681, 92, 1, 91, 0, 0, 0
7185, 1, 1636430717722, 1636430717813, 91, 0, 91, 0, 0, 0
7187, 1, 1636430717801, 1636430717890, 89, 1, 88, 1, 0, 1
7186, 1, 1636430717801, 1636430717893, 92, 1, 91, 1, 0, 1
7188, 1, 1636430717901, 1636430717997, 96, 0, 96, 0, 0, 0
7189, 1, 1636430717945, 1636430718037, 92, 1, 91, 1, 0, 1
7190, 1, 1636430718065, 1636430718157, 92, 0, 92, 0, 0, 0
7192, 1, 1636430718257, 1636430718345, 88, 0, 88, 0, 0, 0
7191, 1, 1636430718262, 1636430718349, 87, 0, 87, 0, 0, 0
7193, 1, 1636430718386, 1636430718473, 87, 0, 87, 0, 0, 0
7194, 1, 1636430718469, 1636430718562, 93, 1, 92, 1, 0, 1
7195, 1, 1636430718469, 1636430718562, 93, 1, 92, 1, 0, 1
7196, 1, 1636430718569, 1636430718661, 92, 1, 91, 0, 0, 0
7197, 1, 1636430718630, 1636430718721, 91, 0, 91, 0, 0, 0
7198, 1, 1636430718734, 1636430718825, 91, 0, 91, 0, 0, 0
7199, 1, 1636430718921, 1636430719013, 92, 1, 91, 1, 0, 1
7200, 1, 1636430718925, 1636430719017, 92, 1, 91, 0, 0, 0
7201, 1, 1636430719058, 1636430719150, 92, 0, 92, 0, 0, 0
7203, 1, 1636430719142, 1636430719234, 92, 0, 92, 0, 0, 0
7204, 1, 1636430719241, 1636430719333, 92, 0, 92, 0, 0, 0
7205, 1, 1636430719297, 1636430719389, 92, 1, 91, 1, 0, 1
7206, 1, 1636430719398, 1636430719490, 92, 0, 92, 0, 0, 0
7208, 1, 1636430719602, 1636430719694, 92, 0, 92, 0, 0, 0
7209, 1, 1636430719726, 1636430719814, 88, 0, 88, 0, 0, 0
7210, 1, 1636430719813, 1636430719906, 93, 1, 92, 0, 0, 0
7211, 1, 1636430719906, 1636430719997, 91, 0, 91, 0, 0, 0
7212, 1, 1636430719969, 1636430720062, 93, 1, 92, 0, 0, 0
7213, 1, 1636430720078, 1636430720169, 91, 0, 91, 0, 0, 0
7214, 1, 1636430720269, 1636430720362, 93, 1, 92, 0, 1, 1
7215, 1, 1636430720390, 1636430720482, 92, 0, 92, 0, 0, 0
7216, 1, 1636430720482, 1636430720574, 92, 0, 92, 0, 0, 0
7217, 1, 1636430720585, 1636430720677, 92, 1, 91, 0, 1, 1
7218, 1, 1636430720637, 1636430720729, 92, 1, 91, 0, 0, 0
7219, 1, 1636430720774, 1636430720870, 96, 0, 96, 0, 0, 0
7220, 1, 1636430720941, 1636430721033, 92, 1, 91, 0, 0, 0
7221, 1, 1636430721062, 1636430721154, 92, 0, 92, 0, 0, 0
7222, 1, 1636430721162, 1636430721254, 92, 0, 92, 0, 0, 0
7223, 1, 1636430721257, 1636430721349, 92, 1, 91, 0, 0, 0
7225, 1, 1636430721449, 1636430721541, 92, 1, 91, 0, 0, 0
7084, 1, 1636430721550, 1636430721637, 87, 0, 87, 0, 0, 0
7226, 1, 1636430721637, 1636430721729, 92, 1, 91, 1, 0, 1
7224, 1, 1636430721709, 1636430721798, 89, 1, 88, 1, 0, 1
7227, 1, 1636430721721, 1636430721805, 84, 0, 84, 0, 0, 0
7228, 1, 1636430721829, 1636430721917, 88, 0, 88, 0, 0, 0
7231, 1, 1636430721917, 1636430722005, 88, 1, 87, 0, 0, 0
7229, 1, 1636430721873, 1636430722005, 132, 0, 132, 0, 0, 0
7232, 1, 1636430722118, 1636430722209, 91, 0, 91, 0, 0, 0
7234, 1, 1636430722317, 1636430722406, 89, 0, 89, 0, 0, 0
7235, 1, 1636430722369, 1636430722461, 92, 0, 92, 0, 0, 0
7237, 1, 1636430722441, 1636430722533, 92, 1, 91, 0, 1, 1
7238, 1, 1636430722497, 1636430722589, 92, 0, 92, 0, 0, 0
7236, 1, 1636430722569, 1636430722661, 92, 1, 91, 0, 0, 0
7239, 1, 1636430722585, 1636430722673, 88, 0, 88, 0, 0, 0
7240, 1, 1636430722589, 1636430722681, 92, 1, 91, 0, 1, 1
7241, 1, 1636430722790, 1636430722881, 91, 0, 91, 0, 0, 0
7242, 1, 1636430722985, 1636430723077, 92, 1, 91, 0, 0, 0
7243, 1, 1636430723050, 1636430723142, 92, 0, 92, 0, 0, 0
7245, 1, 1636430723170, 1636430723262, 92, 0, 92, 0, 0, 0
7246, 1, 1636430723237, 1636430723329, 92, 1, 91, 0, 0, 0
7247, 1, 1636430723253, 1636430723346, 93, 1, 92, 0, 0, 0
7249, 1, 1636430723445, 1636430723533, 88, 1, 87, 0, 1, 1
7244, 1, 1636430723493, 1636430723577, 84, 0, 84, 0, 0, 0
7248, 1, 1636430723621, 1636430723713, 92, 0, 92, 0, 0, 0
7251, 1, 1636430723713, 1636430723805, 92, 1, 91, 0, 0, 0
7252, 1, 1636430723845, 1636430723937, 92, 1, 91, 1, 0, 1
7253, 1, 1636430723917, 1636430724009, 92, 1, 91, 0, 1, 1
7254, 1, 1636430723922, 1636430724013, 91, 0, 91, 0, 0, 0
7250, 1, 1636430724077, 1636430724170, 93, 1, 92, 0, 0, 0
7256, 1, 1636430724153, 1636430724246, 93, 1, 92, 0, 0, 0
7257, 1, 1636430724293, 1636430724386, 93, 1, 92, 0, 1, 1
7258, 1, 1636430724369, 1636430724462, 93, 1, 92, 0, 0, 0
7260, 1, 1636430724553, 1636430724637, 84, 0, 84, 0, 0, 0
7262, 1, 1636430724590, 1636430724682, 92, 0, 92, 0, 0, 0
7261, 1, 1636430724590, 1636430724682, 92, 0, 92, 0, 0, 0
7263, 1, 1636430724750, 1636430724841, 91, 0, 91, 0, 0, 0
7265, 1, 1636430724821, 1636430724905, 84, 0, 84, 0, 0, 0
7264, 1, 1636430724821, 1636430724905, 84, 0, 84, 0, 0, 0
7266, 1, 1636430724962, 1636430725054, 92, 0, 92, 0, 0, 0
7267, 1, 1636430725037, 1636430725133, 96, 1, 95, 0, 1, 1
7268, 1, 1636430725213, 1636430725305, 92, 1, 91, 0, 0, 0
7270, 1, 1636430725261, 1636430725353, 92, 0, 92, 0, 0, 0
7269, 1, 1636430725261, 1636430725354, 93, 0, 93, 0, 0, 0
7271, 1, 1636430725438, 1636430725529, 91, 0, 91, 0, 0, 0
7272, 1, 1636430725485, 1636430725573, 88, 1, 87, 0, 0, 0
7273, 1, 1636430725485, 1636430725573, 88, 0, 88, 0, 0, 0
7274, 1, 1636430725633, 1636430725726, 93, 1, 92, 0, 0, 0
7276, 1, 1636430725705, 1636430725798, 93, 1, 92, 0, 0, 0
7275, 1, 1636430725705, 1636430725798, 93, 1, 92, 1, 0, 1
7277, 1, 1636430725877, 1636430725970, 93, 1, 92, 0, 1, 1
7279, 1, 1636430725929, 1636430726021, 92, 1, 91, 0, 0, 0
7280, 1, 1636430726121, 1636430726213, 92, 0, 92, 0, 0, 0
7281, 1, 1636430726149, 1636430726241, 92, 1, 91, 0, 0, 0
7282, 1, 1636430726157, 1636430726245, 88, 0, 88, 0, 0, 0
7179, 1, 1636430726253, 1636430726341, 88, 0, 88, 0, 0, 0
7283, 1, 1636430726297, 1636430726385, 88, 0, 88, 0, 0, 0
7284, 1, 1636430726369, 1636430726458, 89, 0, 89, 0, 0, 0
7285, 1, 1636430726377, 1636430726465, 88, 0, 88, 0, 0, 0
7287, 1, 1636430726561, 1636430726669, 108, 0, 108, 0, 0, 0
7286, 1, 1636430726546, 1636430726669, 123, 0, 123, 0, 0, 0
7288, 1, 1636430726669, 1636430726757, 88, 0, 88, 0, 0, 0
7290, 1, 1636430726853, 1636430726945, 92, 1, 91, 1, 0, 1
7291, 1, 1636430726853, 1636430726946, 93, 1, 92, 1, 0, 1
7289, 1, 1636430726853, 1636430726946, 93, 1, 92, 0, 0, 0
7293, 1, 1636430726982, 1636430727073, 91, 0, 91, 0, 0, 0
7292, 1, 1636430727029, 1636430727117, 88, 0, 88, 0, 0, 0
7294, 1, 1636430727037, 1636430727121, 84, 0, 84, 0, 0, 0
7295, 1, 1636430727045, 1636430727142, 97, 0, 97, 0, 0, 0
7297, 1, 1636430727253, 1636430727341, 88, 1, 87, 1, 0, 1
7296, 1, 1636430727253, 1636430727345, 92, 1, 91, 0, 0, 0
7299, 1, 1636430727317, 1636430727409, 92, 0, 92, 0, 0, 0
7300, 1, 1636430727329, 1636430727417, 88, 0, 88, 0, 0, 0
7301, 1, 1636430727509, 1636430727593, 84, 0, 84, 0, 0, 0
7302, 1, 1636430727521, 1636430727605, 84, 0, 84, 0, 0, 0
7303, 1, 1636430727521, 1636430727614, 93, 0, 93, 0, 0, 0
7304, 1, 1636430727649, 1636430727741, 92, 1, 91, 0, 0, 0
7307, 1, 1636430727721, 1636430727813, 92, 1, 91, 0, 0, 0
7308, 1, 1636430727913, 1636430728009, 96, 1, 95, 1, 0, 1
7306, 1, 1636430727958, 1636430728049, 91, 0, 91, 0, 0, 0
7311, 1, 1636430727993, 1636430728081, 88, 1, 87, 0, 0, 0
7310, 1, 1636430727989, 1636430728081, 92, 0, 92, 0, 0, 0
7313, 1, 1636430728189, 1636430728281, 92, 0, 92, 0, 0, 0
7314, 1, 1636430728197, 1636430728293, 96, 0, 96, 0, 0, 0
7315, 1, 1636430728334, 1636430728425, 91, 0, 91, 0, 0, 0
7316, 1, 1636430728385, 1636430728478, 93, 1, 92, 1, 0, 1
7312, 1, 1636430728406, 1636430728498, 92, 0, 92, 0, 0, 0
7317, 1, 1636430728589, 1636430728678, 89, 1, 88, 0, 0, 0
7318, 1, 1636430728645, 1636430728737, 92, 0, 92, 0, 0, 0
7319, 1, 1636430728665, 1636430728757, 92, 1, 91, 0, 1, 1
7321, 1, 1636430728858, 1636430728950, 92, 0, 92, 0, 0, 0
7322, 1, 1636430728873, 1636430729005, 132, 1, 131, 0, 1, 1
7324, 1, 1636430729049, 1636430729146, 97, 0, 97, 0, 0, 0
7325, 1, 1636430729097, 1636430729189, 92, 0, 92, 0, 0, 0
7326, 1, 1636430729258, 1636430729349, 91, 0, 91, 0, 0, 0
7327, 1, 1636430729317, 1636430729461, 144, 1, 143, 0, 0, 0
7328, 1, 1636430729325, 1636430729462, 137, 0, 137, 0, 0, 0
7329, 1, 1636430729461, 1636430729553, 92, 1, 91, 0, 1, 1
7330, 1, 1636430729553, 1636430729641, 88, 0, 88, 0, 0, 0
7331, 1, 1636430729581, 1636430729674, 93, 1, 92, 0, 0, 0
7333, 1, 1636430729769, 1636430729857, 88, 0, 88, 0, 0, 0
7332, 1, 1636430729817, 1636430729902, 85, 0, 85, 0, 0, 0
7334, 1, 1636430729901, 1636430729993, 92, 1, 91, 0, 0, 0
7335, 1, 1636430729938, 1636430730029, 91, 0, 91, 0, 0, 0
7336, 1, 1636430730033, 1636430730121, 88, 1, 87, 1, 0, 1
7337, 1, 1636430730033, 1636430730122, 89, 1, 88, 0, 0, 0
7338, 1, 1636430730121, 1636430730213, 92, 1, 91, 0, 1, 1
7339, 1, 1636430730213, 1636430730305, 92, 0, 92, 0, 0, 0
7340, 1, 1636430730249, 1636430730341, 92, 1, 91, 1, 0, 1
7342, 1, 1636430730481, 1636430730577, 96, 0, 96, 0, 0, 0
7343, 1, 1636430730577, 1636430730669, 92, 1, 91, 1, 0, 1
7344, 1, 1636430730610, 1636430730701, 91, 0, 91, 0, 0, 0
7341, 1, 1636430730701, 1636430730793, 92, 1, 91, 0, 0, 0
7345, 1, 1636430730713, 1636430730805, 92, 0, 92, 0, 0, 0
7346, 1, 1636430730717, 1636430730806, 89, 0, 89, 0, 0, 0
7347, 1, 1636430730789, 1636430730877, 88, 0, 88, 0, 0, 0
7348, 1, 1636430730877, 1636430730962, 85, 0, 85, 0, 0, 0
7349, 1, 1636430730918, 1636430731005, 87, 0, 87, 0, 0, 0
7350, 1, 1636430731166, 1636430731253, 87, 0, 87, 0, 0, 0
7351, 1, 1636430731246, 1636430731333, 87, 0, 87, 0, 0, 0
7352, 1, 1636430731277, 1636430731373, 96, 1, 95, 0, 0, 0
7353, 1, 1636430731365, 1636430731457, 92, 1, 91, 0, 1, 1
7354, 1, 1636430731389, 1636430731477, 88, 1, 87, 0, 1, 1
7355, 1, 1636430731397, 1636430731490, 93, 1, 92, 0, 1, 1
7356, 1, 1636430731461, 1636430731549, 88, 1, 87, 0, 0, 0
7357, 1, 1636430731541, 1636430731629, 88, 0, 88, 0, 0, 0
7358, 1, 1636430731585, 1636430731673, 88, 0, 88, 0, 0, 0
7359, 1, 1636430731841, 1636430731933, 92, 0, 92, 0, 0, 0
7233, 1, 1636430731873, 1636430731966, 93, 1, 92, 0, 0, 0
7360, 1, 1636430731921, 1636430732013, 92, 0, 92, 0, 0, 0
7361, 1, 1636430731961, 1636430732049, 88, 0, 88, 0, 0, 0
7362, 1, 1636430732049, 1636430732138, 89, 1, 88, 1, 0, 1
7363, 1, 1636430732053, 1636430732141, 88, 1, 87, 0, 1, 1
7364, 1, 1636430732065, 1636430732153, 88, 0, 88, 0, 0, 0
7365, 1, 1636430732125, 1636430732217, 92, 1, 91, 0, 0, 0
7366, 1, 1636430732209, 1636430732297, 88, 0, 88, 0, 0, 0
7367, 1, 1636430732253, 1636430732341, 88, 0, 88, 0, 0, 0
7368, 1, 1636430732497, 1636430732585, 88, 0, 88, 0, 0, 0
7369, 1, 1636430732541, 1636430732626, 85, 0, 85, 0, 0, 0
7370, 1, 1636430732585, 1636430732677, 92, 0, 92, 0, 0, 0
7371, 1, 1636430732621, 1636430732713, 92, 0, 92, 0, 0, 0
7373, 1, 1636430732713, 1636430732805, 92, 1, 91, 0, 0, 0
7374, 1, 1636430732717, 1636430732805, 88, 0, 88, 0, 0, 0
7375, 1, 1636430732737, 1636430732825, 88, 0, 88, 0, 0, 0
7376, 1, 1636430732797, 1636430732889, 92, 1, 91, 0, 1, 1
7377, 1, 1636430732877, 1636430732970, 93, 0, 93, 0, 0, 0
7372, 1, 1636430732985, 1636430733073, 88, 0, 88, 0, 0, 0
7379, 1, 1636430733166, 1636430733253, 87, 0, 87, 0, 0, 0
7380, 1, 1636430733201, 1636430733289, 88, 1, 87, 0, 0, 0
7381, 1, 1636430733253, 1636430733345, 92, 0, 92, 0, 0, 0
7382, 1, 1636430733289, 1636430733382, 93, 1, 92, 0, 0, 0
7383, 1, 1636430733381, 1636430733469, 88, 1, 87, 0, 0, 0
7384, 1, 1636430733393, 1636430733478, 85, 0, 85, 0, 0, 0
7386, 1, 1636430733465, 1636430733553, 88, 1, 87, 0, 0, 0
7387, 1, 1636430733545, 1636430733633, 88, 0, 88, 0, 0, 0
7388, 1, 1636430733645, 1636430733737, 92, 1, 91, 0, 0, 0
7389, 1, 1636430733846, 1636430733938, 92, 0, 92, 0, 0, 0
7390, 1, 1636430733877, 1636430734013, 136, 0, 136, 0, 0, 0
7391, 1, 1636430733929, 1636430734017, 88, 0, 88, 0, 0, 0
7392, 1, 1636430733957, 1636430734050, 93, 1, 92, 0, 0, 0
7393, 1, 1636430734046, 1636430734137, 91, 0, 91, 0, 0, 0
7394, 1, 1636430734053, 1636430734141, 88, 0, 88, 0, 0, 0
7396, 1, 1636430734249, 1636430734341, 92, 0, 92, 0, 0, 0
7397, 1, 1636430734378, 1636430734469, 91, 0, 91, 0, 0, 0
7398, 1, 1636430734477, 1636430734569, 92, 1, 91, 0, 1, 1
7399, 1, 1636430734505, 1636430734597, 92, 0, 92, 0, 0, 0
7400, 1, 1636430734597, 1636430734685, 88, 1, 87, 1, 0, 1
7401, 1, 1636430734597, 1636430734689, 92, 1, 91, 0, 0, 0
7402, 1, 1636430734629, 1636430734713, 84, 0, 84, 0, 0, 0
7404, 1, 1636430734713, 1636430734802, 89, 1, 88, 0, 1, 1
7405, 1, 1636430734729, 1636430734825, 96, 1, 95, 1, 0, 1
7406, 1, 1636430734918, 1636430735009, 91, 0, 91, 0, 0, 0
7407, 1, 1636430735045, 1636430735133, 88, 1, 87, 0, 0, 0
7408, 1, 1636430735137, 1636430735225, 88, 0, 88, 0, 0, 0
7409, 1, 1636430735177, 1636430735270, 93, 0, 93, 0, 0, 0
7410, 1, 1636430735269, 1636430735361, 92, 1, 91, 0, 0, 0
7411, 1, 1636430735269, 1636430735361, 92, 1, 91, 0, 0, 0
7412, 1, 1636430735293, 1636430735381, 88, 0, 88, 0, 0, 0
7413, 1, 1636430735377, 1636430735465, 88, 0, 88, 0, 0, 0
7415, 1, 1636430735585, 1636430735674, 89, 0, 89, 0, 0, 0
7416, 1, 1636430735721, 1636430735814, 93, 1, 92, 0, 0, 0
7417, 1, 1636430735813, 1636430735905, 92, 1, 91, 0, 0, 0
7418, 1, 1636430735890, 1636430735982, 92, 0, 92, 0, 0, 0
7419, 1, 1636430735977, 1636430736069, 92, 1, 91, 0, 0, 0
7421, 1, 1636430735985, 1636430736073, 88, 0, 88, 0, 0, 0
7422, 1, 1636430736041, 1636430736129, 88, 0, 88, 0, 0, 0
7423, 1, 1636430736246, 1636430736334, 88, 0, 88, 0, 0, 0
7425, 1, 1636430736421, 1636430736513, 92, 0, 92, 0, 0, 0
7426, 1, 1636430736486, 1636430736577, 91, 0, 91, 0, 0, 0
7427, 1, 1636430736557, 1636430736649, 92, 0, 92, 0, 0, 0
7428, 1, 1636430736658, 1636430736750, 92, 0, 92, 0, 0, 0
7429, 1, 1636430736658, 1636430736750, 92, 0, 92, 0, 0, 0
7430, 1, 1636430736717, 1636430736805, 88, 1, 87, 0, 1, 1
7431, 1, 1636430736905, 1636430736997, 92, 0, 92, 0, 0, 0
7432, 1, 1636430737118, 1636430737210, 92, 0, 92, 0, 0, 0
7433, 1, 1636430737189, 1636430737282, 93, 1, 92, 0, 0, 0
7435, 1, 1636430737374, 1636430737465, 91, 0, 91, 0, 0, 0
7436, 1, 1636430737374, 1636430737465, 91, 0, 91, 0, 0, 0
7437, 1, 1636430737413, 1636430737502, 89, 0, 89, 0, 0, 0
7438, 1, 1636430737581, 1636430737674, 93, 0, 93, 0, 0, 0
7439, 1, 1636430737830, 1636430737921, 91, 0, 91, 0, 0, 0
7440, 1, 1636430737885, 1636430737977, 92, 1, 91, 0, 0, 0
7442, 1, 1636430738009, 1636430738101, 92, 1, 91, 0, 0, 0
7441, 1, 1636430738009, 1636430738102, 93, 1, 92, 1, 0, 1
7443, 1, 1636430738037, 1636430738129, 92, 1, 91, 0, 1, 1
7444, 1, 1636430738045, 1636430738133, 88, 0, 88, 0, 0, 0
7445, 1, 1636430738101, 1636430738193, 92, 1, 91, 0, 1, 1
7446, 1, 1636430738225, 1636430738317, 92, 1, 91, 0, 0, 0
7447, 1, 1636430738262, 1636430738353, 91, 0, 91, 0, 0, 0
7448, 1, 1636430738533, 1636430738621, 88, 0, 88, 0, 0, 0
7449, 1, 1636430738553, 1636430738646, 93, 0, 93, 0, 0, 0
7450, 1, 1636430738709, 1636430738801, 92, 1, 91, 0, 1, 1
7453, 1, 1636430738713, 1636430738801, 88, 1, 87, 0, 1, 1
7451, 1, 1636430738713, 1636430738801, 88, 1, 87, 1, 0, 1
7454, 1, 1636430738761, 1636430738873, 112, 0, 112, 0, 0, 0
7455, 1, 1636430738893, 1636430738981, 88, 0, 88, 0, 0, 0
7456, 1, 1636430738961, 1636430739053, 92, 0, 92, 0, 0, 0
7457, 1, 1636430738965, 1636430739053, 88, 0, 88, 0, 0, 0
7459, 1, 1636430739225, 1636430739317, 92, 1, 91, 0, 0, 0
7460, 1, 1636430739309, 1636430739401, 92, 1, 91, 1, 0, 1
7462, 1, 1636430739381, 1636430739469, 88, 1, 87, 1, 0, 1
7463, 1, 1636430739381, 1636430739469, 88, 1, 87, 1, 0, 1
7461, 1, 1636430739381, 1636430739473, 92, 1, 91, 1, 0, 1
7464, 1, 1636430739441, 1636430739533, 92, 0, 92, 0, 0, 0
7465, 1, 1636430739557, 1636430739649, 92, 0, 92, 0, 0, 0
7466, 1, 1636430739621, 1636430739713, 92, 0, 92, 0, 0, 0
7467, 1, 1636430739625, 1636430739721, 96, 1, 95, 0, 0, 0
7468, 1, 1636430739894, 1636430739981, 87, 0, 87, 0, 0, 0
7469, 1, 1636430739977, 1636430740069, 92, 1, 91, 0, 1, 1
7470, 1, 1636430740045, 1636430740137, 92, 1, 91, 1, 0, 1
7471, 1, 1636430740053, 1636430740141, 88, 0, 88, 0, 0, 0
7472, 1, 1636430740045, 1636430740141, 96, 1, 95, 0, 0, 0
7473, 1, 1636430740109, 1636430740198, 89, 1, 88, 0, 0, 0
7474, 1, 1636430740229, 1636430740321, 92, 1, 91, 0, 0, 0
7475, 1, 1636430740305, 1636430740398, 93, 1, 92, 0, 0, 0
7476, 1, 1636430740305, 1636430740398, 93, 1, 92, 1, 0, 1
7477, 1, 1636430740562, 1636430740654, 92, 0, 92, 0, 0, 0
7478, 1, 1636430740645, 1636430740738, 93, 1, 92, 0, 0, 0
7480, 1, 1636430740721, 1636430740814, 93, 0, 93, 0, 0, 0
7479, 1, 1636430740725, 1636430740814, 89, 1, 88, 0, 0, 0
7481, 1, 1636430740725, 1636430740817, 92, 1, 91, 0, 0, 0
7482, 1, 1636430740773, 1636430740861, 88, 0, 88, 0, 0, 0
7483, 1, 1636430740905, 1636430740993, 88, 1, 87, 0, 0, 0
7485, 1, 1636430740973, 1636430741066, 93, 1, 92, 1, 0, 1
7484, 1, 1636430740973, 1636430741066, 93, 1, 92, 0, 0, 0
7486, 1, 1636430741226, 1636430741313, 87, 0, 87, 0, 0, 0
7487, 1, 1636430741309, 1636430741401, 92, 1, 91, 0, 0, 0
7488, 1, 1636430741386, 1636430741477, 91, 0, 91, 0, 0, 0
7489, 1, 1636430741393, 1636430741481, 88, 1, 87, 0, 0, 0
7490, 1, 1636430741401, 1636430741493, 92, 1, 91, 0, 0, 0
7491, 1, 1636430741441, 1636430741525, 84, 0, 84, 0, 0, 0
7492, 1, 1636430741577, 1636430741661, 84, 0, 84, 0, 0, 0
7493, 1, 1636430741641, 1636430741733, 92, 1, 91, 0, 0, 0
7494, 1, 1636430741650, 1636430741741, 91, 0, 91, 0, 0, 0
7495, 1, 1636430741890, 1636430741981, 91, 0, 91, 0, 0, 0
7496, 1, 1636430741977, 1636430742062, 85, 0, 85, 0, 0, 0
7498, 1, 1636430742062, 1636430742153, 91, 0, 91, 0, 0, 0
7497, 1, 1636430742062, 1636430742154, 92, 0, 92, 0, 0, 0
7499, 1, 1636430742065, 1636430742154, 89, 0, 89, 0, 0, 0
7500, 1, 1636430742109, 1636430742201, 92, 0, 92, 0, 0, 0
7501, 1, 1636430742246, 1636430742338, 92, 0, 92, 0, 0, 0
7503, 1, 1636430742313, 1636430742405, 92, 1, 91, 0, 0, 0
7502, 1, 1636430742317, 1636430742409, 92, 1, 91, 0, 1, 1
7504, 1, 1636430742557, 1636430742646, 89, 0, 89, 0, 0, 0
7505, 1, 1636430742693, 1636430742789, 96, 0, 96, 0, 0, 0
7506, 1, 1636430742733, 1636430742825, 92, 0, 92, 0, 0, 0
7508, 1, 1636430742789, 1636430742881, 92, 1, 91, 1, 0, 1
7509, 1, 1636430742789, 1636430742881, 92, 1, 91, 1, 0, 1
7510, 1, 1636430742909, 1636430743001, 92, 1, 91, 0, 1, 1
7512, 1, 1636430743009, 1636430743098, 89, 1, 88, 0, 1, 1
7511, 1, 1636430743013, 1636430743101, 88, 0, 88, 0, 0, 0
7514, 1, 1636430743265, 1636430743353, 88, 0, 88, 0, 0, 0
7513, 1, 1636430743265, 1636430743361, 96, 0, 96, 0, 0, 0
7515, 1, 1636430743365, 1636430743457, 92, 1, 91, 0, 0, 0
7516, 1, 1636430743401, 1636430743497, 96, 0, 96, 0, 0, 0
7517, 1, 1636430743485, 1636430743577, 92, 1, 91, 1, 0, 1
7518, 1, 1636430743485, 1636430743578, 93, 1, 92, 1, 0, 1
7519, 1, 1636430743577, 1636430743665, 88, 1, 87, 1, 0, 1
7520, 1, 1636430743665, 1636430743757, 92, 1, 91, 0, 1, 1
7521, 1, 1636430743686, 1636430743778, 92, 0, 92, 0, 0, 0
7522, 1, 1636430743705, 1636430743797, 92, 1, 91, 0, 0, 0
7523, 1, 1636430743929, 1636430744017, 88, 0, 88, 0, 0, 0
7524, 1, 1636430743937, 1636430744029, 92, 1, 91, 0, 1, 1
7526, 1, 1636430744089, 1636430744181, 92, 0, 92, 0, 0, 0
7528, 1, 1636430744177, 1636430744274, 97, 1, 96, 1, 0, 1
7527, 1, 1636430744177, 1636430744274, 97, 1, 96, 0, 0, 0
7529, 1, 1636430744237, 1636430744329, 92, 1, 91, 0, 0, 0
7530, 1, 1636430744341, 1636430744433, 92, 1, 91, 0, 0, 0
7531, 1, 1636430744357, 1636430744449, 92, 0, 92, 0, 0, 0
7533, 1, 1636430744433, 1636430744561, 128, 1, 127, 0, 0, 0
7534, 1, 1636430744597, 1636430744690, 93, 0, 93, 0, 0, 0
7535, 1, 1636430744653, 1636430744745, 92, 0, 92, 0, 0, 0
7536, 1, 1636430744781, 1636430744874, 93, 1, 92, 0, 0, 0
7537, 1, 1636430744874, 1636430744965, 91, 0, 91, 0, 0, 0
7538, 1, 1636430744874, 1636430744965, 91, 0, 91, 0, 0, 0
7539, 1, 1636430744909, 1636430745001, 92, 1, 91, 0, 0, 0
7541, 1, 1636430745001, 1636430745090, 89, 0, 89, 0, 0, 0
7540, 1, 1636430744997, 1636430745090, 93, 0, 93, 0, 0, 0
7542, 1, 1636430745034, 1636430745126, 92, 0, 92, 0, 0, 0
7544, 1, 1636430745274, 1636430745365, 91, 0, 91, 0, 0, 0
7545, 1, 1636430745365, 1636430745457, 92, 1, 91, 0, 0, 0
7546, 1, 1636430745449, 1636430745541, 92, 0, 92, 0, 0, 0
7547, 1, 1636430745573, 1636430745661, 88, 0, 88, 0, 0, 0
7548, 1, 1636430745593, 1636430745685, 92, 0, 92, 0, 0, 0
7549, 1, 1636430745593, 1636430745686, 93, 0, 93, 0, 0, 0
7551, 1, 1636430745665, 1636430745757, 92, 1, 91, 0, 0, 0
7550, 1, 1636430745665, 1636430745761, 96, 1, 95, 1, 0, 1
7553, 1, 1636430745702, 1636430745793, 91, 0, 91, 0, 0, 0
7552, 1, 1636430745702, 1636430745841, 139, 0, 139, 0, 0, 0
7555, 1, 1636430746070, 1636430746161, 91, 0, 91, 0, 0, 0
7556, 1, 1636430746158, 1636430746245, 87, 0, 87, 0, 0, 0
7557, 1, 1636430746241, 1636430746334, 93, 1, 92, 0, 1, 1
7558, 1, 1636430746301, 1636430746393, 92, 1, 91, 0, 0, 0
7560, 1, 1636430746301, 1636430746394, 93, 1, 92, 0, 0, 0
7559, 1, 1636430746301, 1636430746394, 93, 1, 92, 0, 0, 0
7561, 1, 1636430746333, 1636430746425, 92, 1, 91, 0, 1, 1
7562, 1, 1636430746341, 1636430746433, 92, 1, 91, 0, 1, 1
7563, 1, 1636430746373, 1636430746465, 92, 1, 91, 0, 0, 0
7564, 1, 1636430746425, 1636430746521, 96, 0, 96, 0, 0, 0
7565, 1, 1636430746554, 1636430746649, 95, 0, 95, 0, 0, 0
7566, 1, 1636430746741, 1636430746829, 88, 1, 87, 0, 0, 0
7567, 1, 1636430746821, 1636430746909, 88, 1, 87, 0, 0, 0
7568, 1, 1636430746913, 1636430747001, 88, 1, 87, 0, 0, 0
7571, 1, 1636430746977, 1636430747089, 112, 1, 111, 1, 0, 1
7569, 1, 1636430746961, 1636430747093, 132, 0, 132, 0, 0, 0
7572, 1, 1636430746997, 1636430747093, 96, 0, 96, 0, 0, 0
7573, 1, 1636430747005, 1636430747093, 88, 0, 88, 0, 0, 0
7574, 1, 1636430747041, 1636430747130, 89, 0, 89, 0, 0, 0
7575, 1, 1636430747093, 1636430747189, 96, 1, 95, 0, 1, 1
7576, 1, 1636430747217, 1636430747313, 96, 1, 95, 0, 0, 0
7577, 1, 1636430747405, 1636430747497, 92, 1, 91, 0, 0, 0
7578, 1, 1636430747489, 1636430747573, 84, 0, 84, 0, 0, 0
7579, 1, 1636430747530, 1636430747621, 91, 0, 91, 0, 0, 0
7580, 1, 1636430747573, 1636430747665, 92, 1, 91, 0, 0, 0
7581, 1, 1636430747658, 1636430747749, 91, 0, 91, 0, 0, 0
7583, 1, 1636430747665, 1636430747757, 92, 1, 91, 0, 1, 1
7582, 1, 1636430747665, 1636430747758, 93, 1, 92, 0, 1, 1
7584, 1, 1636430747673, 1636430747765, 92, 1, 91, 0, 1, 1
7585, 1, 1636430747705, 1636430747793, 88, 0, 88, 0, 0, 0
7586, 1, 1636430747757, 1636430747849, 92, 1, 91, 0, 0, 0
7587, 1, 1636430747885, 1636430747978, 93, 0, 93, 0, 0, 0
7588, 1, 1636430748066, 1636430748157, 91, 0, 91, 0, 0, 0
7589, 1, 1636430748157, 1636430748249, 92, 1, 91, 1, 0, 1
7590, 1, 1636430748190, 1636430748281, 91, 0, 91, 0, 0, 0
7592, 1, 1636430748325, 1636430748417, 92, 0, 92, 0, 0, 0
7594, 1, 1636430748337, 1636430748425, 88, 0, 88, 0, 0, 0
7593, 1, 1636430748341, 1636430748433, 92, 1, 91, 0, 0, 0
7595, 1, 1636430748354, 1636430748445, 91, 0, 91, 0, 0, 0
7596, 1, 1636430748373, 1636430748461, 88, 0, 88, 0, 0, 0
7597, 1, 1636430748433, 1636430748521, 88, 1, 87, 0, 0, 0
7598, 1, 1636430748581, 1636430748673, 92, 0, 92, 0, 0, 0
7591, 1, 1636430748613, 1636430748706, 93, 0, 93, 0, 0, 0
7599, 1, 1636430748761, 1636430748857, 96, 0, 96, 0, 0, 0
7600, 1, 1636430748821, 1636430748905, 84, 0, 84, 0, 0, 0
7601, 1, 1636430748893, 1636430748985, 92, 0, 92, 0, 0, 0
7602, 1, 1636430748985, 1636430749081, 96, 1, 95, 0, 0, 0
7603, 1, 1636430749005, 1636430749093, 88, 0, 88, 0, 0, 0
7605, 1, 1636430749065, 1636430749157, 92, 1, 91, 1, 0, 1
7607, 1, 1636430749065, 1636430749158, 93, 1, 92, 1, 0, 1
7606, 1, 1636430749065, 1636430749157, 92, 1, 91, 1, 0, 1
7525, 1, 1636430749205, 1636430749297, 92, 0, 92, 0, 0, 0
7610, 1, 1636430749289, 1636430749381, 92, 1, 91, 1, 0, 1
7609, 1, 1636430749289, 1636430749382, 93, 1, 92, 0, 1, 1
7611, 1, 1636430749425, 1636430749513, 88, 0, 88, 0, 0, 0
7608, 1, 1636430749445, 1636430749537, 92, 1, 91, 0, 0, 0
7612, 1, 1636430749485, 1636430749577, 92, 1, 91, 0, 0, 0
7613, 1, 1636430749513, 1636430749601, 88, 1, 87, 0, 0, 0
7614, 1, 1636430749557, 1636430749645, 88, 1, 87, 0, 1, 1
7615, 1, 1636430749669, 1636430749757, 88, 0, 88, 0, 0, 0
7616, 1, 1636430749665, 1636430749757, 92, 0, 92, 0, 0, 0
7617, 1, 1636430749729, 1636430749821, 92, 1, 91, 1, 0, 1
7618, 1, 1636430749733, 1636430749821, 88, 1, 87, 1, 0, 1
7619, 1, 1636430749741, 1636430749837, 96, 0, 96, 0, 0, 0
7620, 1, 1636430749873, 1636430749965, 92, 0, 92, 0, 0, 0
7621, 1, 1636430749957, 1636430750049, 92, 1, 91, 0, 1, 1
7622, 1, 1636430749965, 1636430750057, 92, 1, 91, 0, 0, 0
7623, 1, 1636430750109, 1636430750197, 88, 0, 88, 0, 0, 0
7624, 1, 1636430750117, 1636430750205, 88, 1, 87, 0, 0, 0
7625, 1, 1636430750149, 1636430750237, 88, 0, 88, 0, 0, 0
7626, 1, 1636430750185, 1636430750269, 84, 0, 84, 0, 0, 0
7627, 1, 1636430750225, 1636430750313, 88, 0, 88, 0, 0, 0
7628, 1, 1636430750337, 1636430750429, 92, 1, 91, 1, 0, 1
7629, 1, 1636430750337, 1636430750429, 92, 1, 91, 1, 0, 1
7631, 1, 1636430750401, 1636430750493, 92, 1, 91, 0, 0, 0
7630, 1, 1636430750401, 1636430750493, 92, 1, 91, 1, 0, 1
7632, 1, 1636430750421, 1636430750509, 88, 0, 88, 0, 0, 0
7634, 1, 1636430750617, 1636430750706, 89, 0, 89, 0, 0, 0
7635, 1, 1636430750625, 1636430750717, 92, 1, 91, 0, 0, 0
7636, 1, 1636430750765, 1636430750853, 88, 0, 88, 0, 0, 0
7637, 1, 1636430750789, 1636430750881, 92, 1, 91, 0, 0, 0
7638, 1, 1636430750825, 1636430750917, 92, 0, 92, 0, 0, 0
7639, 1, 1636430750849, 1636430750945, 96, 1, 95, 0, 0, 0
7640, 1, 1636430750889, 1636430750981, 92, 1, 91, 0, 0, 0
7641, 1, 1636430751001, 1636430751089, 88, 1, 87, 0, 0, 0
7642, 1, 1636430751006, 1636430751097, 91, 0, 91, 0, 0, 0
7644, 1, 1636430751065, 1636430751153, 88, 1, 87, 0, 0, 0
7643, 1, 1636430751073, 1636430751161, 88, 0, 88, 0, 0, 0
7645, 1, 1636430751097, 1636430751190, 93, 1, 92, 0, 1, 1
7646, 1, 1636430751293, 1636430751385, 92, 1, 91, 0, 0, 0
7648, 1, 1636430751441, 1636430751533, 92, 0, 92, 0, 0, 0
7649, 1, 1636430751458, 1636430751549, 91, 0, 91, 0, 0, 0
7650, 1, 1636430751493, 1636430751585, 92, 0, 92, 0, 0, 0
7651, 1, 1636430751521, 1636430751609, 88, 0, 88, 0, 0, 0
7652, 1, 1636430751565, 1636430751653, 88, 0, 88, 0, 0, 0
7653, 1, 1636430751673, 1636430751765, 92, 1, 91, 1, 0, 1
7655, 1, 1636430751737, 1636430751834, 97, 1, 96, 0, 1, 1
7656, 1, 1636430751737, 1636430751834, 97, 1, 96, 1, 0, 1
7657, 1, 1636430751765, 1636430751857, 92, 0, 92, 0, 0, 0
7658, 1, 1636430751969, 1636430752061, 92, 0, 92, 0, 0, 0
7659, 1, 1636430752117, 1636430752209, 92, 1, 91, 0, 0, 0
7660, 1, 1636430752133, 1636430752225, 92, 1, 91, 0, 1, 1
7661, 1, 1636430752153, 1636430752245, 92, 0, 92, 0, 0, 0
7662, 1, 1636430752193, 1636430752281, 88, 1, 87, 0, 0, 0
7663, 1, 1636430752225, 1636430752322, 97, 1, 96, 0, 0, 0
7666, 1, 1636430752413, 1636430752505, 92, 0, 92, 0, 0, 0
7665, 1, 1636430752410, 1636430752506, 96, 0, 96, 0, 0, 0
7667, 1, 1636430752433, 1636430752529, 96, 1, 95, 0, 1, 1
7664, 1, 1636430752605, 1636430752693, 88, 1, 87, 0, 0, 0
7668, 1, 1636430752637, 1636430752729, 92, 1, 91, 0, 0, 0
7669, 1, 1636430752785, 1636430752878, 93, 0, 93, 0, 0, 0
7670, 1, 1636430752829, 1636430752921, 92, 1, 91, 1, 0, 1
7672, 1, 1636430752861, 1636430752957, 96, 0, 96, 0, 0, 0
7673, 1, 1636430752905, 1636430752994, 89, 0, 89, 0, 0, 0
7674, 1, 1636430753065, 1636430753153, 88, 0, 88, 0, 0, 0
7676, 1, 1636430753085, 1636430753177, 92, 1, 91, 1, 0, 1
7675, 1, 1636430753085, 1636430753177, 92, 1, 91, 1, 0, 1
7677, 1, 1636430753097, 1636430753185, 88, 0, 88, 0, 0, 0
7671, 1, 1636430753229, 1636430753322, 93, 0, 93, 0, 0, 0
7678, 1, 1636430753281, 1636430753373, 92, 0, 92, 0, 0, 0
7679, 1, 1636430753302, 1636430753393, 91, 0, 91, 0, 0, 0
7680, 1, 1636430753449, 1636430753537, 88, 0, 88, 0, 0, 0
7681, 1, 1636430753493, 1636430753577, 84, 0, 84, 0, 0, 0
7682, 1, 1636430753537, 1636430753621, 84, 0, 84, 0, 0, 0
7683, 1, 1636430753577, 1636430753665, 88, 0, 88, 0, 0, 0
7684, 1, 1636430753729, 1636430753817, 88, 0, 88, 0, 0, 0
7685, 1, 1636430753753, 1636430753845, 92, 1, 91, 1, 0, 1
7686, 1, 1636430753753, 1636430753845, 92, 1, 91, 0, 0, 0
7687, 1, 1636430753769, 1636430753853, 84, 0, 84, 0, 0, 0
7688, 1, 1636430753897, 1636430753985, 88, 0, 88, 0, 0, 0
7689, 1, 1636430753941, 1636430754025, 84, 0, 84, 0, 0, 0
7690, 1, 1636430754025, 1636430754114, 89, 1, 88, 1, 0, 1
7692, 1, 1636430754178, 1636430754269, 91, 0, 91, 0, 0, 0
7693, 1, 1636430754241, 1636430754333, 92, 1, 91, 0, 0, 0
7694, 1, 1636430754245, 1636430754333, 88, 1, 87, 0, 0, 0
7691, 1, 1636430754377, 1636430754465, 88, 1, 87, 0, 1, 1
7695, 1, 1636430754425, 1636430754517, 92, 1, 91, 0, 0, 0
7697, 1, 1636430754425, 1636430754518, 93, 1, 92, 1, 0, 1
7696, 1, 1636430754425, 1636430754518, 93, 1, 92, 1, 0, 1
7698, 1, 1636430754465, 1636430754557, 92, 1, 91, 1, 0, 1
7699, 1, 1636430754569, 1636430754662, 93, 0, 93, 0, 0, 0
7700, 1, 1636430754601, 1636430754693, 92, 0, 92, 0, 0, 0
7702, 1, 1636430754689, 1636430754778, 89, 0, 89, 0, 0, 0
7701, 1, 1636430754685, 1636430754778, 93, 1, 92, 0, 1, 1
7703, 1, 1636430754877, 1636430755010, 133, 0, 133, 0, 0, 0
7705, 1, 1636430754917, 1636430755010, 93, 0, 93, 0, 0, 0
7704, 1, 1636430754905, 1636430755010, 105, 0, 105, 0, 0, 0
7708, 1, 1636430755101, 1636430755193, 92, 1, 91, 0, 0, 0
7707, 1, 1636430755101, 1636430755193, 92, 1, 91, 0, 1, 1
7710, 1, 1636430755181, 1636430755273, 92, 1, 91, 0, 0, 0
7711, 1, 1636430755229, 1636430755317, 88, 1, 87, 0, 0, 0
7712, 1, 1636430755317, 1636430755413, 96, 0, 96, 0, 0, 0
7714, 1, 1636430755354, 1636430755445, 91, 0, 91, 0, 0, 0
7713, 1, 1636430755354, 1636430755445, 91, 0, 91, 0, 0, 0
7709, 1, 1636430755373, 1636430755457, 84, 0, 84, 0, 0, 0
7715, 1, 1636430755441, 1636430755530, 89, 0, 89, 0, 0, 0
7716, 1, 1636430755577, 1636430755669, 92, 0, 92, 0, 0, 0
7718, 1, 1636430755589, 1636430755681, 92, 1, 91, 0, 0, 0
7719, 1, 1636430755809, 1636430755901, 92, 1, 91, 1, 0, 1
7720, 1, 1636430755809, 1636430755902, 93, 1, 92, 0, 1, 1
7717, 1, 1636430755813, 1636430755901, 88, 0, 88, 0, 0, 0
7721, 1, 1636430755845, 1636430755937, 92, 0, 92, 0, 0, 0
7722, 1, 1636430755901, 1636430755993, 92, 1, 91, 0, 1, 1
7723, 1, 1636430755981, 1636430756069, 88, 1, 87, 0, 1, 1
7725, 1, 1636430756029, 1636430756121, 92, 1, 91, 0, 1, 1
7724, 1, 1636430756029, 1636430756121, 92, 1, 91, 1, 0, 1
7726, 1, 1636430756033, 1636430756125, 92, 0, 92, 0, 0, 0
7727, 1, 1636430756121, 1636430756209, 88, 1, 87, 0, 1, 1
7728, 1, 1636430756249, 1636430756341, 92, 1, 91, 1, 0, 1
7730, 1, 1636430756253, 1636430756341, 88, 0, 88, 0, 0, 0
7729, 1, 1636430756249, 1636430756341, 92, 1, 91, 0, 0, 0
7731, 1, 1636430756477, 1636430756565, 88, 0, 88, 0, 0, 0
7732, 1, 1636430756477, 1636430756565, 88, 0, 88, 0, 0, 0
7733, 1, 1636430756485, 1636430756577, 92, 0, 92, 0, 0, 0
7734, 1, 1636430756521, 1636430756609, 88, 0, 88, 0, 0, 0
7735, 1, 1636430756561, 1636430756653, 92, 0, 92, 0, 0, 0
7736, 1, 1636430756649, 1636430756741, 92, 1, 91, 0, 0, 0
7739, 1, 1636430756701, 1636430756833, 132, 0, 132, 0, 0, 0
7738, 1, 1636430756701, 1636430756833, 132, 0, 132, 0, 0, 0
7740, 1, 1636430756785, 1636430756878, 93, 1, 92, 1, 0, 1
7742, 1, 1636430756925, 1636430757013, 88, 1, 87, 1, 0, 1
7741, 1, 1636430756925, 1636430757017, 92, 1, 91, 1, 0, 1
7743, 1, 1636430756925, 1636430757017, 92, 1, 91, 1, 0, 1
7737, 1, 1636430756965, 1636430757053, 88, 0, 88, 0, 0, 0
7744, 1, 1636430757141, 1636430757229, 88, 1, 87, 1, 0, 1
7745, 1, 1636430757141, 1636430757233, 92, 1, 91, 0, 1, 1
7746, 1, 1636430757185, 1636430757273, 88, 1, 87, 1, 0, 1
7747, 1, 1636430757185, 1636430757277, 92, 1, 91, 0, 0, 0
7748, 1, 1636430757233, 1636430757321, 88, 0, 88, 0, 0, 0
7749, 1, 1636430757265, 1636430757357, 92, 1, 91, 0, 0, 0
7750, 1, 1636430757321, 1636430757409, 88, 0, 88, 0, 0, 0
7751, 1, 1636430757405, 1636430757498, 93, 0, 93, 0, 0, 0
7752, 1, 1636430757409, 1636430757498, 89, 1, 88, 0, 0, 0
7753, 1, 1636430757457, 1636430757545, 88, 0, 88, 0, 0, 0
7755, 1, 1636430757577, 1636430757673, 96, 0, 96, 0, 0, 0
7756, 1, 1636430757585, 1636430757673, 88, 0, 88, 0, 0, 0
7757, 1, 1636430757625, 1636430757709, 84, 0, 84, 0, 0, 0
7758, 1, 1636430757805, 1636430757897, 92, 1, 91, 1, 0, 1
7759, 1, 1636430757809, 1636430757901, 92, 0, 92, 0, 0, 0
7760, 1, 1636430757853, 1636430757953, 100, 0, 100, 0, 0, 0
7761, 1, 1636430757853, 1636430757953, 100, 0, 100, 0, 0, 0
7763, 1, 1636430757929, 1636430758017, 88, 0, 88, 0, 0, 0
7764, 1, 1636430757985, 1636430758077, 92, 1, 91, 0, 1, 1
7762, 1, 1636430758029, 1636430758121, 92, 0, 92, 0, 0, 0
7765, 1, 1636430758061, 1636430758153, 92, 1, 91, 0, 0, 0
7766, 1, 1636430758077, 1636430758165, 88, 0, 88, 0, 0, 0
7767, 1, 1636430758121, 1636430758217, 96, 0, 96, 0, 0, 0
7768, 1, 1636430758257, 1636430758345, 88, 0, 88, 0, 0, 0
7769, 1, 1636430758261, 1636430758345, 84, 0, 84, 0, 0, 0
7770, 1, 1636430758301, 1636430758390, 89, 0, 89, 0, 0, 0
7772, 1, 1636430758473, 1636430758561, 88, 0, 88, 0, 0, 0
7773, 1, 1636430758517, 1636430758613, 96, 0, 96, 0, 0, 0
7774, 1, 1636430758529, 1636430758617, 88, 0, 88, 0, 0, 0
7775, 1, 1636430758593, 1636430758685, 92, 1, 91, 0, 1, 1
7776, 1, 1636430758657, 1636430758745, 88, 1, 87, 0, 0, 0
7777, 1, 1636430758697, 1636430758785, 88, 0, 88, 0, 0, 0
7780, 1, 1636430758785, 1636430758873, 88, 0, 88, 0, 0, 0
7779, 1, 1636430758737, 1636430758874, 137, 1, 136, 0, 1, 1
7778, 1, 1636430758741, 1636430758874, 133, 0, 133, 0, 0, 0
7783, 1, 1636430758966, 1636430759053, 87, 0, 87, 0, 0, 0
7781, 1, 1636430758966, 1636430759053, 87, 0, 87, 0, 0, 0
7782, 1, 1636430758966, 1636430759053, 87, 0, 87, 0, 0, 0
7784, 1, 1636430759185, 1636430759277, 92, 1, 91, 1, 0, 1
7786, 1, 1636430759197, 1636430759285, 88, 0, 88, 0, 0, 0
7785, 1, 1636430759233, 1636430759317, 84, 0, 84, 0, 0, 0
7787, 1, 1636430759257, 1636430759349, 92, 1, 91, 1, 0, 1
7788, 1, 1636430759305, 1636430759394, 89, 0, 89, 0, 0, 0
7789, 1, 1636430759317, 1636430759409, 92, 1, 91, 0, 0, 0
7790, 1, 1636430759365, 1636430759457, 92, 0, 92, 0, 0, 0
7792, 1, 1636430759449, 1636430759541, 92, 1, 91, 0, 0, 0
7793, 1, 1636430759457, 1636430759545, 88, 0, 88, 0, 0, 0
7794, 1, 1636430759633, 1636430759725, 92, 1, 91, 1, 0, 1
7796, 1, 1636430759633, 1636430759725, 92, 1, 91, 0, 0, 0
7795, 1, 1636430759749, 1636430759833, 84, 0, 84, 0, 0, 0
7798, 1, 1636430759857, 1636430759949, 92, 1, 91, 0, 1, 1
7797, 1, 1636430759857, 1636430759949, 92, 1, 91, 1, 0, 1
7799, 1, 1636430759905, 1636430759993, 88, 0, 88, 0, 0, 0
7800, 1, 1636430759929, 1636430760025, 96, 1, 95, 1, 0, 1
7801, 1, 1636430759969, 1636430760057, 88, 1, 87, 0, 1, 1
7802, 1, 1636430759989, 1636430760077, 88, 1, 87, 0, 0, 0
7803, 1, 1636430760029, 1636430760117, 88, 0, 88, 0, 0, 0
7804, 1, 1636430760113, 1636430760205, 92, 1, 91, 0, 0, 0
7805, 1, 1636430760117, 1636430760209, 92, 1, 91, 0, 0, 0
7806, 1, 1636430760318, 1636430760409, 91, 0, 91, 0, 0, 0
7807, 1, 1636430760302, 1636430760413, 111, 0, 111, 0, 0, 0
7808, 1, 1636430760413, 1636430760505, 92, 0, 92, 0, 0, 0
7809, 1, 1636430760533, 1636430760625, 92, 1, 91, 1, 0, 1
7810, 1, 1636430760533, 1636430760625, 92, 1, 91, 1, 0, 1
7811, 1, 1636430760585, 1636430760673, 88, 0, 88, 0, 0, 0
7812, 1, 1636430760585, 1636430760673, 88, 0, 88, 0, 0, 0
7813, 1, 1636430760637, 1636430760721, 84, 0, 84, 0, 0, 0
7814, 1, 1636430760649, 1636430760741, 92, 1, 91, 0, 0, 0
7815, 1, 1636430760725, 1636430760818, 93, 0, 93, 0, 0, 0
7817, 1, 1636430760785, 1636430760877, 92, 1, 91, 1, 0, 1
7816, 1, 1636430760785, 1636430760878, 93, 1, 92, 1, 0, 1
7818, 1, 1636430760849, 1636430760937, 88, 0, 88, 0, 0, 0
7819, 1, 1636430760981, 1636430761069, 88, 0, 88, 0, 0, 0
7820, 1, 1636430760989, 1636430761081, 92, 0, 92, 0, 0, 0
7821, 1, 1636430761085, 1636430761177, 92, 1, 91, 0, 0, 0
7822, 1, 1636430761258, 1636430761349, 91, 1, 90, 0, 0, 0
7823, 1, 1636430761258, 1636430761350, 92, 0, 92, 0, 0, 0
7825, 1, 1636430761258, 1636430761349, 91, 0, 91, 0, 0, 0
7824, 1, 1636430761258, 1636430761350, 92, 0, 92, 0, 0, 0
7826, 1, 1636430761349, 1636430761437, 88, 0, 88, 0, 0, 0
7828, 1, 1636430761393, 1636430761481, 88, 1, 87, 0, 0, 0
7830, 1, 1636430761473, 1636430761561, 88, 0, 88, 0, 0, 0
7829, 1, 1636430761477, 1636430761565, 88, 0, 88, 0, 0, 0
7831, 1, 1636430761541, 1636430761637, 96, 1, 95, 0, 0, 0
7832, 1, 1636430761637, 1636430761725, 88, 1, 87, 1, 0, 1
7834, 1, 1636430761662, 1636430761757, 95, 0, 95, 0, 0, 0
7833, 1, 1636430761713, 1636430761801, 88, 0, 88, 0, 0, 0
7835, 1, 1636430761761, 1636430761849, 88, 0, 88, 0, 0, 0
7836, 1, 1636430761929, 1636430762021, 92, 0, 92, 0, 0, 0
7838, 1, 1636430761937, 1636430762029, 92, 1, 91, 1, 0, 1
7837, 1, 1636430761937, 1636430762029, 92, 1, 91, 0, 0, 0
7839, 1, 1636430761937, 1636430762029, 92, 1, 91, 1, 0, 1
7840, 1, 1636430761989, 1636430762073, 84, 0, 84, 0, 0, 0
7841, 1, 1636430762021, 1636430762113, 92, 1, 91, 1, 0, 1
7842, 1, 1636430762073, 1636430762161, 88, 1, 87, 0, 0, 0
7843, 1, 1636430762146, 1636430762237, 91, 0, 91, 0, 0, 0
7844, 1, 1636430762149, 1636430762245, 96, 1, 95, 0, 0, 0
7845, 1, 1636430762213, 1636430762305, 92, 1, 91, 0, 0, 0
7846, 1, 1636430762305, 1636430762401, 96, 1, 95, 1, 0, 1
7847, 1, 1636430762333, 1636430762425, 92, 1, 91, 0, 0, 0
7848, 1, 1636430762377, 1636430762465, 88, 1, 87, 0, 1, 1
7849, 1, 1636430762433, 1636430762525, 92, 0, 92, 0, 0, 0
7851, 1, 1636430762597, 1636430762689, 92, 1, 91, 1, 0, 1
7850, 1, 1636430762597, 1636430762689, 92, 1, 91, 0, 0, 0
7852, 1, 1636430762601, 1636430762689, 88, 0, 88, 0, 0, 0
7853, 1, 1636430762617, 1636430762705, 88, 0, 88, 0, 0, 0
7854, 1, 1636430762645, 1636430762733, 88, 0, 88, 0, 0, 0
7855, 1, 1636430762685, 1636430762777, 92, 1, 91, 0, 1, 1
7856, 1, 1636430762733, 1636430762821, 88, 0, 88, 0, 0, 0
7857, 1, 1636430762813, 1636430762901, 88, 0, 88, 0, 0, 0
7858, 1, 1636430762818, 1636430762905, 87, 0, 87, 0, 0, 0
7859, 1, 1636430762894, 1636430762986, 92, 0, 92, 0, 0, 0
7860, 1, 1636430762977, 1636430763069, 92, 1, 91, 0, 1, 1
7861, 1, 1636430763017, 1636430763101, 84, 0, 84, 0, 0, 0
7862, 1, 1636430763045, 1636430763137, 92, 0, 92, 0, 0, 0
7863, 1, 1636430763097, 1636430763189, 92, 0, 92, 0, 0, 0
7864, 1, 1636430763273, 1636430763357, 84, 0, 84, 0, 0, 0
7865, 1, 1636430763281, 1636430763374, 93, 1, 92, 0, 0, 0
7866, 1, 1636430763281, 1636430763374, 93, 1, 92, 0, 1, 1
7867, 1, 1636430763289, 1636430763381, 92, 0, 92, 0, 0, 0
7868, 1, 1636430763317, 1636430763405, 88, 0, 88, 0, 0, 0
7869, 1, 1636430763353, 1636430763445, 92, 1, 91, 0, 0, 0
7872, 1, 1636430763561, 1636430763653, 92, 1, 91, 0, 1, 1
7873, 1, 1636430763638, 1636430763725, 87, 0, 87, 0, 0, 0
7875, 1, 1636430763717, 1636430763805, 88, 0, 88, 0, 0, 0
7874, 1, 1636430763725, 1636430763821, 96, 0, 96, 0, 0, 0
7878, 1, 1636430763949, 1636430764037, 88, 0, 88, 0, 0, 0
7879, 1, 1636430763945, 1636430764037, 92, 0, 92, 0, 0, 0
7881, 1, 1636430763986, 1636430764082, 96, 0, 96, 0, 0, 0
7882, 1, 1636430764022, 1636430764113, 91, 0, 91, 0, 0, 0
7880, 1, 1636430764165, 1636430764257, 92, 0, 92, 0, 0, 0
7883, 1, 1636430764233, 1636430764325, 92, 0, 92, 0, 0, 0
7884, 1, 1636430764317, 1636430764409, 92, 0, 92, 0, 0, 0
7886, 1, 1636430764393, 1636430764481, 88, 0, 88, 0, 0, 0
7887, 1, 1636430764621, 1636430764713, 92, 1, 91, 1, 0, 1
7888, 1, 1636430764621, 1636430764713, 92, 1, 91, 0, 0, 0
7889, 1, 1636430764657, 1636430764749, 92, 0, 92, 0, 0, 0
7890, 1, 1636430764693, 1636430764790, 97, 1, 96, 0, 0, 0
7891, 1, 1636430764910, 1636430765001, 91, 0, 91, 0, 0, 0
7892, 1, 1636430764997, 1636430765085, 88, 1, 87, 1, 0, 1
7893, 1, 1636430765085, 1636430765177, 92, 1, 91, 0, 0, 0
7896, 1, 1636430765325, 1636430765409, 84, 0, 84, 0, 0, 0
7898, 1, 1636430765354, 1636430765445, 91, 0, 91, 0, 0, 0
7897, 1, 1636430765354, 1636430765453, 99, 0, 99, 0, 0, 0
7899, 1, 1636430765569, 1636430765658, 89, 0, 89, 0, 0, 0
7900, 1, 1636430765645, 1636430765737, 92, 0, 92, 0, 0, 0
7902, 1, 1636430765994, 1636430766081, 87, 0, 87, 0, 0, 0
7904, 1, 1636430766025, 1636430766117, 92, 1, 91, 0, 0, 0
7903, 1, 1636430766033, 1636430766125, 92, 1, 91, 0, 0, 0
7905, 1, 1636430766242, 1636430766337, 95, 0, 95, 0, 0, 0
7906, 1, 1636430766326, 1636430766417, 91, 0, 91, 0, 0, 0
7907, 1, 1636430766661, 1636430766749, 88, 0, 88, 0, 0, 0
7909, 1, 1636430766705, 1636430766794, 89, 0, 89, 0, 0, 0
7910, 1, 1636430766921, 1636430767014, 93, 0, 93, 0, 0, 0
7911, 1, 1636430766997, 1636430767090, 93, 1, 92, 0, 0, 0
7912, 1, 1636430767330, 1636430767453, 123, 0, 123, 0, 0, 0
7913, 1, 1636430767370, 1636430767461, 91, 0, 91, 0, 0, 0
7914, 1, 1636430767629, 1636430767725, 96, 1, 95, 0, 0, 0
7916, 1, 1636430767890, 1636430767982, 92, 0, 92, 0, 0, 0
7917, 1, 1636430768029, 1636430768117, 88, 0, 88, 0, 0, 0
7918, 1, 1636430768038, 1636430768125, 87, 0, 87, 0, 0, 0
7919, 1, 1636430768293, 1636430768386, 93, 1, 92, 0, 0, 0
7920, 1, 1636430768577, 1636430768669, 92, 1, 91, 0, 0, 0
7921, 1, 1636430768693, 1636430768781, 88, 0, 88, 0, 0, 0
7922, 1, 1636430768710, 1636430768797, 87, 0, 87, 0, 0, 0
7924, 1, 1636430768962, 1636430769054, 92, 0, 92, 0, 0, 0
7923, 1, 1636430769158, 1636430769250, 92, 0, 92, 0, 0, 0
7925, 1, 1636430769250, 1636430769341, 91, 0, 91, 0, 0, 0
7927, 1, 1636430769401, 1636430769493, 92, 1, 91, 0, 0, 0
7926, 1, 1636430769401, 1636430769493, 92, 1, 91, 1, 0, 1
7928, 1, 1636430769641, 1636430769733, 92, 1, 91, 0, 0, 0
7929, 1, 1636430769750, 1636430769845, 95, 0, 95, 0, 0, 0
7930, 1, 1636430769821, 1636430769913, 92, 0, 92, 0, 0, 0
7931, 1, 1636430769906, 1636430770001, 95, 0, 95, 0, 0, 0
7933, 1, 1636430770086, 1636430770174, 88, 0, 88, 0, 0, 0
7932, 1, 1636430770086, 1636430770174, 88, 0, 88, 0, 0, 0
7934, 1, 1636430770306, 1636430770397, 91, 0, 91, 0, 0, 0
7935, 1, 1636430770425, 1636430770514, 89, 0, 89, 0, 0, 0
7936, 1, 1636430770489, 1636430770578, 89, 0, 89, 0, 0, 0
7937, 1, 1636430770578, 1636430770665, 87, 0, 87, 0, 0, 0
7939, 1, 1636430770758, 1636430770849, 91, 0, 91, 0, 0, 0
7940, 1, 1636430770978, 1636430771069, 91, 0, 91, 0, 0, 0
7941, 1, 1636430771102, 1636430771209, 107, 0, 107, 0, 0, 0
7942, 1, 1636430771158, 1636430771249, 91, 0, 91, 0, 0, 0
7943, 1, 1636430771249, 1636430771341, 92, 0, 92, 0, 0, 0
7944, 1, 1636430771433, 1636430771526, 93, 1, 92, 0, 1, 1
7947, 1, 1636430771778, 1636430771869, 91, 0, 91, 0, 0, 0
7948, 1, 1636430771825, 1636430771910, 85, 0, 85, 0, 0, 0
7946, 1, 1636430771882, 1636430771974, 92, 0, 92, 0, 0, 0
7949, 1, 1636430771909, 1636430772001, 92, 1, 91, 0, 0, 0
7950, 1, 1636430772101, 1636430772193, 92, 1, 91, 0, 0, 0
7951, 1, 1636430772454, 1636430772545, 91, 0, 91, 0, 0, 0
7952, 1, 1636430772494, 1636430772585, 91, 0, 91, 0, 0, 0
7953, 1, 1636430772554, 1636430772645, 91, 0, 91, 0, 0, 0
7954, 1, 1636430772577, 1636430772670, 93, 1, 92, 1, 0, 1
7956, 1, 1636430773125, 1636430773213, 88, 0, 88, 0, 0, 0
7957, 1, 1636430773169, 1636430773258, 89, 0, 89, 0, 0, 0
7959, 1, 1636430773253, 1636430773393, 140, 1, 139, 0, 0, 0
7958, 1, 1636430773217, 1636430773393, 176, 0, 176, 0, 0, 0
7960, 1, 1636430773821, 1636430773909, 88, 1, 87, 1, 0, 1
7962, 1, 1636430773821, 1636430773913, 92, 1, 91, 1, 0, 1
7961, 1, 1636430773821, 1636430773913, 92, 1, 91, 1, 0, 1
7963, 1, 1636430773893, 1636430773982, 89, 0, 89, 0, 0, 0
7965, 1, 1636430773985, 1636430774081, 96, 0, 96, 0, 0, 0
7964, 1, 1636430773985, 1636430774081, 96, 0, 96, 0, 0, 0
7967, 1, 1636430774246, 1636430774338, 92, 0, 92, 0, 0, 0
7966, 1, 1636430774434, 1636430774525, 91, 0, 91, 0, 0, 0
7969, 1, 1636430774489, 1636430774577, 88, 0, 88, 0, 0, 0
7968, 1, 1636430774498, 1636430774586, 88, 0, 88, 0, 0, 0
7970, 1, 1636430774498, 1636430774586, 88, 0, 88, 0, 0, 0
7971, 1, 1636430774553, 1636430774641, 88, 0, 88, 0, 0, 0
7972, 1, 1636430774657, 1636430774749, 92, 1, 91, 1, 0, 1
7973, 1, 1636430774657, 1636430774753, 96, 1, 95, 0, 1, 1
7974, 1, 1636430774701, 1636430774793, 92, 0, 92, 0, 0, 0
7975, 1, 1636430774922, 1636430775013, 91, 0, 91, 0, 0, 0
7976, 1, 1636430775098, 1636430775205, 107, 0, 107, 0, 0, 0
7979, 1, 1636430775205, 1636430775297, 92, 0, 92, 0, 0, 0
7978, 1, 1636430775205, 1636430775298, 93, 1, 92, 1, 0, 1
7977, 1, 1636430775205, 1636430775298, 93, 1, 92, 0, 1, 1
7980, 1, 1636430775293, 1636430775385, 92, 0, 92, 0, 0, 0
7983, 1, 1636430775393, 1636430775482, 89, 1, 88, 0, 0, 0
7984, 1, 1636430775621, 1636430775713, 92, 1, 91, 1, 0, 1
7986, 1, 1636430775621, 1636430775714, 93, 1, 92, 1, 0, 1
7985, 1, 1636430775621, 1636430775713, 92, 1, 91, 0, 0, 0
7982, 1, 1636430775657, 1636430775745, 88, 0, 88, 0, 0, 0
7987, 1, 1636430775789, 1636430775878, 89, 1, 88, 0, 1, 1
7988, 1, 1636430775869, 1636430775957, 88, 0, 88, 0, 0, 0
7990, 1, 1636430775878, 1636430775965, 87, 0, 87, 0, 0, 0
7991, 1, 1636430775950, 1636430776041, 91, 0, 91, 0, 0, 0
7992, 1, 1636430776069, 1636430776161, 92, 0, 92, 0, 0, 0
7993, 1, 1636430776069, 1636430776162, 93, 0, 93, 0, 0, 0
7995, 1, 1636430776285, 1636430776373, 88, 1, 87, 0, 0, 0
7994, 1, 1636430776301, 1636430776393, 92, 1, 91, 0, 0, 0
7996, 1, 1636430776301, 1636430776393, 92, 1, 91, 0, 1, 1
7997, 1, 1636430776321, 1636430776405, 84, 0, 84, 0, 0, 0
7998, 1, 1636430776453, 1636430776565, 112, 1, 111, 0, 0, 0
7999, 1, 1636430776565, 1636430776658, 93, 1, 92, 1, 0, 1
8000, 1, 1636430776565, 1636430776658, 93, 1, 92, 0, 1, 1
8001, 1, 1636430776658, 1636430776754, 96, 0, 96, 0, 0, 0
8003, 1, 1636430776754, 1636430776841, 87, 0, 87, 0, 0, 0
8002, 1, 1636430776754, 1636430776845, 91, 0, 91, 0, 0, 0
8004, 1, 1636430776953, 1636430777041, 88, 0, 88, 0, 0, 0
8007, 1, 1636430776977, 1636430777065, 88, 1, 87, 0, 0, 0
8005, 1, 1636430776977, 1636430777065, 88, 1, 87, 0, 0, 0
8006, 1, 1636430776973, 1636430777065, 92, 1, 91, 0, 0, 0
8008, 1, 1636430777001, 1636430777085, 84, 0, 84, 0, 0, 0
8009, 1, 1636430777137, 1636430777229, 92, 0, 92, 0, 0, 0
8011, 1, 1636430777229, 1636430777326, 97, 1, 96, 1, 0, 1
8012, 1, 1636430777326, 1636430777417, 91, 0, 91, 0, 0, 0
8013, 1, 1636430777417, 1636430777542, 125, 1, 124, 0, 0, 0
8014, 1, 1636430777417, 1636430777542, 125, 1, 124, 1, 0, 1
8015, 1, 1636430777629, 1636430777717, 88, 0, 88, 0, 0, 0
8016, 1, 1636430777629, 1636430777717, 88, 0, 88, 0, 0, 0
8017, 1, 1636430777645, 1636430777729, 84, 0, 84, 0, 0, 0
8018, 1, 1636430777657, 1636430777753, 96, 0, 96, 0, 0, 0
8019, 1, 1636430777657, 1636430777753, 96, 1, 95, 0, 0, 0
8021, 1, 1636430777893, 1636430777985, 92, 1, 91, 0, 1, 1
8020, 1, 1636430777897, 1636430777989, 92, 1, 91, 0, 0, 0
8022, 1, 1636430777973, 1636430778065, 92, 1, 91, 0, 0, 0
8023, 1, 1636430778001, 1636430778093, 92, 0, 92, 0, 0, 0
8025, 1, 1636430778121, 1636430778210, 89, 0, 89, 0, 0, 0
8024, 1, 1636430778117, 1636430778210, 93, 1, 92, 0, 1, 1
8026, 1, 1636430778289, 1636430778381, 92, 0, 92, 0, 0, 0
8027, 1, 1636430778309, 1636430778401, 92, 1, 91, 0, 1, 1
8028, 1, 1636430778313, 1636430778405, 92, 0, 92, 0, 0, 0
8029, 1, 1636430778333, 1636430778421, 88, 0, 88, 0, 0, 0
8030, 1, 1636430778329, 1636430778422, 93, 0, 93, 0, 0, 0
8031, 1, 1636430778569, 1636430778665, 96, 0, 96, 0, 0, 0
8032, 1, 1636430778581, 1636430778673, 92, 0, 92, 0, 0, 0
8033, 1, 1636430778641, 1636430778733, 92, 1, 91, 0, 0, 0
8034, 1, 1636430778665, 1636430778761, 96, 1, 95, 1, 0, 1
8036, 1, 1636430778794, 1636430778885, 91, 0, 91, 0, 0, 0
8035, 1, 1636430778794, 1636430778885, 91, 0, 91, 0, 0, 0
8037, 1, 1636430778961, 1636430779049, 88, 0, 88, 0, 0, 0
8039, 1, 1636430778977, 1636430779065, 88, 0, 88, 0, 0, 0
8038, 1, 1636430778977, 1636430779065, 88, 0, 88, 0, 0, 0
8041, 1, 1636430779001, 1636430779085, 84, 0, 84, 0, 0, 0
8042, 1, 1636430779241, 1636430779329, 88, 1, 87, 0, 0, 0
8043, 1, 1636430779245, 1636430779333, 88, 1, 87, 0, 0, 0
8044, 1, 1636430779309, 1636430779401, 92, 1, 91, 0, 0, 0
8045, 1, 1636430779333, 1636430779421, 88, 1, 87, 0, 0, 0
8040, 1, 1636430779409, 1636430779505, 96, 1, 95, 0, 0, 0
8047, 1, 1636430779461, 1636430779550, 89, 0, 89, 0, 0, 0
8048, 1, 1636430779625, 1636430779721, 96, 0, 96, 0, 0, 0
8049, 1, 1636430779657, 1636430779745, 88, 1, 87, 0, 0, 0
8051, 1, 1636430779662, 1636430779749, 87, 0, 87, 0, 0, 0
8050, 1, 1636430779662, 1636430779749, 87, 0, 87, 0, 0, 0
8046, 1, 1636430779861, 1636430779949, 88, 1, 87, 0, 0, 0
8052, 1, 1636430779913, 1636430780001, 88, 0, 88, 0, 0, 0
8053, 1, 1636430779917, 1636430780009, 92, 0, 92, 0, 0, 0
8055, 1, 1636430780005, 1636430780093, 88, 0, 88, 0, 0, 0
8056, 1, 1636430780077, 1636430780169, 92, 1, 91, 0, 1, 1
8057, 1, 1636430780133, 1636430780225, 92, 1, 91, 0, 0, 0
8058, 1, 1636430780297, 1636430780385, 88, 0, 88, 0, 0, 0
8054, 1, 1636430780318, 1636430780413, 95, 0, 95, 0, 0, 0
8059, 1, 1636430780334, 1636430780421, 87, 0, 87, 0, 0, 0
8060, 1, 1636430780334, 1636430780430, 96, 0, 96, 0, 0, 0
8062, 1, 1636430780534, 1636430780622, 88, 0, 88, 0, 0, 0
8064, 1, 1636430780621, 1636430780709, 88, 1, 87, 0, 0, 0
8063, 1, 1636430780621, 1636430780713, 92, 1, 91, 0, 0, 0
8065, 1, 1636430780706, 1636430780793, 87, 0, 87, 0, 0, 0
8066, 1, 1636430780737, 1636430780829, 92, 1, 91, 0, 1, 1
8068, 1, 1636430780961, 1636430781049, 88, 0, 88, 0, 0, 0
8067, 1, 1636430780977, 1636430781065, 88, 0, 88, 0, 0, 0
8069, 1, 1636430780985, 1636430781081, 96, 0, 96, 0, 0, 0
8071, 1, 1636430781002, 1636430781093, 91, 0, 91, 0, 0, 0
8070, 1, 1636430781002, 1636430781093, 91, 0, 91, 0, 0, 0
8072, 1, 1636430781065, 1636430781157, 92, 0, 92, 0, 0, 0
8074, 1, 1636430781285, 1636430781377, 92, 1, 91, 0, 0, 0
8075, 1, 1636430781297, 1636430781390, 93, 0, 93, 0, 0, 0
8076, 1, 1636430781365, 1636430781453, 88, 1, 87, 0, 1, 1
8073, 1, 1636430781513, 1636430781605, 92, 1, 91, 0, 0, 0
8078, 1, 1636430781629, 1636430781721, 92, 1, 91, 0, 0, 0
8079, 1, 1636430781641, 1636430781733, 92, 1, 91, 1, 0, 1
8061, 1, 1636430781641, 1636430781733, 92, 1, 91, 0, 0, 0
8081, 1, 1636430781693, 1636430781777, 84, 0, 84, 0, 0, 0
8082, 1, 1636430781697, 1636430781781, 84, 0, 84, 0, 0, 0
8080, 1, 1636430781697, 1636430781789, 92, 0, 92, 0, 0, 0
8083, 1, 1636430781733, 1636430781821, 88, 0, 88, 0, 0, 0
8077, 1, 1636430781813, 1636430781905, 92, 0, 92, 0, 0, 0
8084, 1, 1636430781961, 1636430782053, 92, 0, 92, 0, 0, 0
8086, 1, 1636430781973, 1636430782065, 92, 0, 92, 0, 0, 0
8087, 1, 1636430782033, 1636430782125, 92, 1, 91, 0, 0, 0
8088, 1, 1636430782181, 1636430782273, 92, 0, 92, 0, 0, 0
8085, 1, 1636430782265, 1636430782353, 88, 1, 87, 0, 0, 0
8089, 1, 1636430782301, 1636430782393, 92, 0, 92, 0, 0, 0
8091, 1, 1636430782313, 1636430782397, 84, 0, 84, 0, 0, 0
8092, 1, 1636430782345, 1636430782437, 92, 1, 91, 0, 1, 1
8093, 1, 1636430782357, 1636430782445, 88, 0, 88, 0, 0, 0
8094, 1, 1636430782353, 1636430782445, 92, 0, 92, 0, 0, 0
8095, 1, 1636430782393, 1636430782481, 88, 0, 88, 0, 0, 0
8090, 1, 1636430782417, 1636430782505, 88, 1, 87, 0, 1, 1
8096, 1, 1636430782481, 1636430782573, 92, 1, 91, 1, 0, 1
8097, 1, 1636430782633, 1636430782725, 92, 1, 91, 0, 0, 0
8098, 1, 1636430782653, 1636430782745, 92, 0, 92, 0, 0, 0
8099, 1, 1636430782725, 1636430782821, 96, 0, 96, 0, 0, 0
8100, 1, 1636430782861, 1636430782953, 92, 0, 92, 0, 0, 0
8101, 1, 1636430782953, 1636430783045, 92, 0, 92, 0, 0, 0
8102, 1, 1636430782977, 1636430783069, 92, 0, 92, 0, 0, 0
8103, 1, 1636430782989, 1636430783077, 88, 0, 88, 0, 0, 0
8104, 1, 1636430783017, 1636430783109, 92, 1, 91, 1, 0, 1
8106, 1, 1636430783029, 1636430783121, 92, 0, 92, 0, 0, 0
8107, 1, 1636430783069, 1636430783161, 92, 1, 91, 0, 0, 0
8109, 1, 1636430783089, 1636430783177, 88, 1, 87, 1, 0, 1
8108, 1, 1636430783089, 1636430783178, 89, 1, 88, 1, 0, 1
8110, 1, 1636430783177, 1636430783265, 88, 1, 87, 0, 1, 1
8111, 1, 1636430783305, 1636430783398, 93, 0, 93, 0, 0, 0
8112, 1, 1636430783317, 1636430783401, 84, 0, 84, 0, 0, 0
8113, 1, 1636430783397, 1636430783485, 88, 1, 87, 0, 0, 0
8114, 1, 1636430783533, 1636430783625, 92, 0, 92, 0, 0, 0
8115, 1, 1636430783621, 1636430783709, 88, 0, 88, 0, 0, 0
8116, 1, 1636430783645, 1636430783733, 88, 0, 88, 0, 0, 0
8117, 1, 1636430783645, 1636430783733, 88, 0, 88, 0, 0, 0
8118, 1, 1636430783689, 1636430783773, 84, 0, 84, 0, 0, 0
8120, 1, 1636430783733, 1636430783825, 92, 0, 92, 0, 0, 0
8122, 1, 1636430783745, 1636430783829, 84, 0, 84, 0, 0, 0
8121, 1, 1636430783749, 1636430783841, 92, 0, 92, 0, 0, 0
8123, 1, 1636430783841, 1636430783933, 92, 0, 92, 0, 0, 0
8124, 1, 1636430783989, 1636430784081, 92, 1, 91, 0, 0, 0
8126, 1, 1636430784057, 1636430784141, 84, 0, 84, 0, 0, 0
8119, 1, 1636430784093, 1636430784185, 92, 1, 91, 0, 0, 0
8125, 1, 1636430784093, 1636430784185, 92, 1, 91, 0, 0, 0
8128, 1, 1636430784317, 1636430784409, 92, 1, 91, 0, 1, 1
8127, 1, 1636430784321, 1636430784413, 92, 1, 91, 0, 0, 0
8130, 1, 1636430784405, 1636430784493, 88, 1, 87, 1, 0, 1
8131, 1, 1636430784417, 1636430784501, 84, 0, 84, 0, 0, 0
8132, 1, 1636430784445, 1636430784537, 92, 0, 92, 0, 0, 0
8133, 1, 1636430784509, 1636430784605, 96, 1, 95, 0, 0, 0
8129, 1, 1636430784545, 1636430784637, 92, 0, 92, 0, 0, 0
8134, 1, 1636430784661, 1636430784753, 92, 1, 91, 0, 0, 0
8135, 1, 1636430784729, 1636430784813, 84, 0, 84, 0, 0, 0
8136, 1, 1636430784761, 1636430784853, 92, 1, 91, 1, 0, 1
8137, 1, 1636430784761, 1636430784854, 93, 1, 92, 0, 1, 1
8138, 1, 1636430784981, 1636430785070, 89, 0, 89, 0, 0, 0
8139, 1, 1636430784989, 1636430785082, 93, 0, 93, 0, 0, 0
8141, 1, 1636430785089, 1636430785205, 116, 0, 116, 0, 0, 0
8140, 1, 1636430785070, 1636430785206, 136, 0, 136, 0, 0, 0
8142, 1, 1636430785117, 1636430785206, 89, 0, 89, 0, 0, 0
8143, 1, 1636430785205, 1636430785293, 88, 1, 87, 0, 1, 1
8144, 1, 1636430785221, 1636430785314, 93, 1, 92, 1, 0, 1
8145, 1, 1636430785334, 1636430785425, 91, 0, 91, 0, 0, 0
8146, 1, 1636430785422, 1636430785510, 88, 0, 88, 0, 0, 0
8147, 1, 1636430785433, 1636430785525, 92, 0, 92, 0, 0, 0
8148, 1, 1636430785433, 1636430785526, 93, 1, 92, 0, 0, 0
8149, 1, 1636430785645, 1636430785749, 104, 0, 104, 0, 0, 0
8150, 1, 1636430785682, 1636430785773, 91, 0, 91, 0, 0, 0
8153, 1, 1636430785777, 1636430785865, 88, 1, 87, 0, 0, 0
8151, 1, 1636430785773, 1636430785865, 92, 1, 91, 0, 0, 0
8152, 1, 1636430785785, 1636430785869, 84, 0, 84, 0, 0, 0
8154, 1, 1636430785865, 1636430785957, 92, 0, 92, 0, 0, 0
8155, 1, 1636430785925, 1636430786017, 92, 0, 92, 0, 0, 0
8156, 1, 1636430786001, 1636430786089, 88, 0, 88, 0, 0, 0
8157, 1, 1636430786089, 1636430786177, 88, 1, 87, 1, 0, 1
8158, 1, 1636430786089, 1636430786177, 88, 1, 87, 0, 1, 1
8159, 1, 1636430786097, 1636430786181, 84, 0, 84, 0, 0, 0
8160, 1, 1636430786225, 1636430786313, 88, 0, 88, 0, 0, 0
8162, 1, 1636430786349, 1636430786445, 96, 1, 95, 1, 0, 1
8165, 1, 1636430786453, 1636430786541, 88, 1, 87, 0, 1, 1
8164, 1, 1636430786449, 1636430786541, 92, 0, 92, 0, 0, 0
8163, 1, 1636430786453, 1636430786545, 92, 1, 91, 1, 0, 1
8166, 1, 1636430786541, 1636430786638, 97, 1, 96, 0, 1, 1
8167, 1, 1636430786597, 1636430786689, 92, 1, 91, 0, 0, 0
8168, 1, 1636430786669, 1636430786757, 88, 0, 88, 0, 0, 0
8169, 1, 1636430786753, 1636430786845, 92, 1, 91, 0, 0, 0
8171, 1, 1636430786757, 1636430786849, 92, 1, 91, 0, 0, 0
8170, 1, 1636430786757, 1636430786849, 92, 1, 91, 0, 0, 0
8172, 1, 1636430786881, 1636430786973, 92, 1, 91, 0, 1, 1
8173, 1, 1636430787021, 1636430787118, 97, 1, 96, 0, 0, 0
8175, 1, 1636430787117, 1636430787213, 96, 1, 95, 0, 0, 0
8174, 1, 1636430787125, 1636430787217, 92, 1, 91, 0, 0, 0
8176, 1, 1636430787125, 1636430787218, 93, 1, 92, 1, 0, 1
8177, 1, 1636430787217, 1636430787309, 92, 1, 91, 0, 0, 0
8179, 1, 1636430787337, 1636430787425, 88, 0, 88, 0, 0, 0
8180, 1, 1636430787429, 1636430787517, 88, 0, 88, 0, 0, 0
8181, 1, 1636430787425, 1636430787518, 93, 1, 92, 0, 1, 1
8182, 1, 1636430787433, 1636430787521, 88, 0, 88, 0, 0, 0
8183, 1, 1636430787545, 1636430787633, 88, 0, 88, 0, 0, 0
8184, 1, 1636430787549, 1636430787637, 88, 1, 87, 0, 0, 0
8185, 1, 1636430787689, 1636430787781, 92, 1, 91, 0, 0, 0
8187, 1, 1636430787797, 1636430787885, 88, 1, 87, 1, 0, 1
8186, 1, 1636430787789, 1636430787886, 97, 1, 96, 0, 0, 0
8188, 1, 1636430787797, 1636430787889, 92, 1, 91, 0, 0, 0
8189, 1, 1636430787885, 1636430787973, 88, 1, 87, 1, 0, 1
8190, 1, 1636430788001, 1636430788090, 89, 1, 88, 0, 0, 0
8191, 1, 1636430788085, 1636430788177, 92, 1, 91, 0, 0, 0
8192, 1, 1636430788090, 1636430788181, 91, 0, 91, 0, 0, 0
8193, 1, 1636430788141, 1636430788233, 92, 0, 92, 0, 0, 0
8194, 1, 1636430788209, 1636430788305, 96, 0, 96, 0, 0, 0
8195, 1, 1636430788217, 1636430788306, 89, 0, 89, 0, 0, 0
8196, 1, 1636430788357, 1636430788450, 93, 0, 93, 0, 0, 0
8198, 1, 1636430788469, 1636430788565, 96, 1, 95, 0, 0, 0
8199, 1, 1636430788469, 1636430788565, 96, 1, 95, 0, 0, 0
8197, 1, 1636430788469, 1636430788565, 96, 1, 95, 1, 0, 1
8200, 1, 1636430788553, 1636430788649, 96, 0, 96, 0, 0, 0
8201, 1, 1636430788673, 1636430788765, 92, 1, 91, 1, 0, 1
8202, 1, 1636430788757, 1636430788849, 92, 0, 92, 0, 0, 0
8203, 1, 1636430788765, 1636430788857, 92, 1, 91, 0, 0, 0
8204, 1, 1636430788817, 1636430788909, 92, 0, 92, 0, 0, 0
8205, 1, 1636430788877, 1636430788969, 92, 0, 92, 0, 0, 0
8206, 1, 1636430788885, 1636430788973, 88, 1, 87, 0, 0, 0
8207, 1, 1636430789025, 1636430789114, 89, 0, 89, 0, 0, 0
8210, 1, 1636430789133, 1636430789226, 93, 0, 93, 0, 0, 0
8209, 1, 1636430789137, 1636430789226, 89, 0, 89, 0, 0, 0
8208, 1, 1636430789133, 1636430789226, 93, 0, 93, 0, 0, 0
8212, 1, 1636430789337, 1636430789425, 88, 0, 88, 0, 0, 0
8213, 1, 1636430789425, 1636430789513, 88, 0, 88, 0, 0, 0
8214, 1, 1636430789425, 1636430789521, 96, 1, 95, 0, 1, 1
8215, 1, 1636430789477, 1636430789562, 85, 0, 85, 0, 0, 0
8211, 1, 1636430789469, 1636430789565, 96, 1, 95, 0, 1, 1
8217, 1, 1636430789549, 1636430789641, 92, 0, 92, 0, 0, 0
8218, 1, 1636430789685, 1636430789777, 92, 1, 91, 0, 1, 1
8219, 1, 1636430789798, 1636430789893, 95, 0, 95, 0, 0, 0
8221, 1, 1636430789813, 1636430789901, 88, 0, 88, 0, 0, 0
8216, 1, 1636430789869, 1636430789957, 88, 0, 88, 0, 0, 0
8222, 1, 1636430790009, 1636430790105, 96, 0, 96, 0, 0, 0
8223, 1, 1636430790093, 1636430790181, 88, 0, 88, 0, 0, 0
8224, 1, 1636430790105, 1636430790193, 88, 0, 88, 0, 0, 0
8225, 1, 1636430790141, 1636430790225, 84, 0, 84, 0, 0, 0
8226, 1, 1636430790149, 1636430790237, 88, 1, 87, 1, 0, 1
8227, 1, 1636430790221, 1636430790309, 88, 1, 87, 0, 1, 1
8228, 1, 1636430790354, 1636430790445, 91, 0, 91, 0, 0, 0
8229, 1, 1636430790470, 1636430790561, 91, 0, 91, 0, 0, 0
8230, 1, 1636430790477, 1636430790570, 93, 1, 92, 1, 0, 1
8231, 1, 1636430790529, 1636430790621, 92, 0, 92, 0, 0, 0
8232, 1, 1636430790765, 1636430790858, 93, 1, 92, 0, 0, 0
8233, 1, 1636430790769, 1636430790861, 92, 0, 92, 0, 0, 0
8235, 1, 1636430790817, 1636430790905, 88, 0, 88, 0, 0, 0
8234, 1, 1636430790813, 1636430790905, 92, 0, 92, 0, 0, 0
8236, 1, 1636430790889, 1636430790981, 92, 1, 91, 1, 0, 1
8237, 1, 1636430791017, 1636430791109, 92, 1, 91, 0, 0, 0
8238, 1, 1636430791146, 1636430791237, 91, 0, 91, 0, 0, 0
8239, 1, 1636430791146, 1636430791237, 91, 0, 91, 0, 0, 0
8240, 1, 1636430791201, 1636430791294, 93, 0, 93, 0, 0, 0
8242, 1, 1636430791438, 1636430791529, 91, 0, 91, 0, 0, 0
8244, 1, 1636430791489, 1636430791581, 92, 1, 91, 1, 0, 1
8243, 1, 1636430791489, 1636430791581, 92, 1, 91, 0, 0, 0
8245, 1, 1636430791561, 1636430791653, 92, 0, 92, 0, 0, 0
8241, 1, 1636430791649, 1636430791737, 88, 0, 88, 0, 0, 0
8246, 1, 1636430791693, 1636430791781, 88, 0, 88, 0, 0, 0
8247, 1, 1636430791817, 1636430791905, 88, 0, 88, 0, 0, 0
8248, 1, 1636430791821, 1636430791909, 88, 0, 88, 0, 0, 0
8249, 1, 1636430791865, 1636430791961, 96, 0, 96, 0, 0, 0
8250, 1, 1636430792110, 1636430792201, 91, 0, 91, 0, 0, 0
8252, 1, 1636430792157, 1636430792246, 89, 0, 89, 0, 0, 0
8251, 1, 1636430792157, 1636430792246, 89, 0, 89, 0, 0, 0
8253, 1, 1636430792225, 1636430792317, 92, 1, 91, 0, 0, 0
8254, 1, 1636430792317, 1636430792409, 92, 0, 92, 0, 0, 0
8255, 1, 1636430792353, 1636430792441, 88, 0, 88, 0, 0, 0
8256, 1, 1636430792489, 1636430792581, 92, 0, 92, 0, 0, 0
8257, 1, 1636430792489, 1636430792581, 92, 0, 92, 0, 0, 0
8258, 1, 1636430792533, 1636430792622, 89, 0, 89, 0, 0, 0
8259, 1, 1636430792785, 1636430792893, 108, 0, 108, 0, 0, 0
8260, 1, 1636430792818, 1636430792909, 91, 0, 91, 0, 0, 0
8261, 1, 1636430792818, 1636430792909, 91, 0, 91, 0, 0, 0
8262, 1, 1636430792893, 1636430792985, 92, 1, 91, 0, 0, 0
8263, 1, 1636430792985, 1636430793077, 92, 1, 91, 0, 0, 0
8264, 1, 1636430793025, 1636430793117, 92, 0, 92, 0, 0, 0
8265, 1, 1636430793153, 1636430793245, 92, 1, 91, 0, 1, 1
8266, 1, 1636430793153, 1636430793245, 92, 0, 92, 0, 0, 0
8267, 1, 1636430793265, 1636430793358, 93, 0, 93, 0, 0, 0
8268, 1, 1636430793338, 1636430793429, 91, 0, 91, 0, 0, 0
8269, 1, 1636430793469, 1636430793557, 88, 0, 88, 0, 0, 0
8271, 1, 1636430793493, 1636430793582, 89, 0, 89, 0, 0, 0
8270, 1, 1636430793490, 1636430793582, 92, 0, 92, 0, 0, 0
8273, 1, 1636430793649, 1636430793741, 92, 0, 92, 0, 0, 0
8274, 1, 1636430793689, 1636430793781, 92, 0, 92, 0, 0, 0
8275, 1, 1636430793821, 1636430793913, 92, 0, 92, 0, 0, 0
8276, 1, 1636430793938, 1636430794026, 88, 0, 88, 0, 0, 0
8277, 1, 1636430794005, 1636430794097, 92, 0, 92, 0, 0, 0
8278, 1, 1636430794125, 1636430794214, 89, 0, 89, 0, 0, 0
8280, 1, 1636430794169, 1636430794261, 92, 0, 92, 0, 0, 0
8279, 1, 1636430794169, 1636430794261, 92, 0, 92, 0, 0, 0
8281, 1, 1636430794325, 1636430794418, 93, 0, 93, 0, 0, 0
8282, 1, 1636430794353, 1636430794445, 92, 1, 91, 0, 0, 0
8283, 1, 1636430794485, 1636430794577, 92, 0, 92, 0, 0, 0
8284, 1, 1636430794598, 1636430794690, 92, 0, 92, 0, 0, 0
8285, 1, 1636430794677, 1636430794769, 92, 0, 92, 0, 0, 0
8286, 1, 1636430794805, 1636430794897, 92, 0, 92, 0, 0, 0
8287, 1, 1636430794838, 1636430794929, 91, 0, 91, 0, 0, 0
8288, 1, 1636430794841, 1636430794933, 92, 1, 91, 0, 0, 0
8289, 1, 1636430794985, 1636430795077, 92, 1, 91, 0, 0, 0
8290, 1, 1636430795021, 1636430795109, 88, 0, 88, 0, 0, 0
8291, 1, 1636430795157, 1636430795249, 92, 0, 92, 0, 0, 0
8292, 1, 1636430795273, 1636430795366, 93, 0, 93, 0, 0, 0
8293, 1, 1636430795341, 1636430795433, 92, 1, 91, 0, 0, 0
8294, 1, 1636430795469, 1636430795557, 88, 0, 88, 0, 0, 0
8295, 1, 1636430795506, 1636430795598, 92, 0, 92, 0, 0, 0
8296, 1, 1636430795513, 1636430795601, 88, 0, 88, 0, 0, 0
8297, 1, 1636430795649, 1636430795741, 92, 0, 92, 0, 0, 0
8298, 1, 1636430795689, 1636430795781, 92, 0, 92, 0, 0, 0
8299, 1, 1636430795825, 1636430795917, 92, 1, 91, 1, 0, 1
8300, 1, 1636430795941, 1636430796034, 93, 0, 93, 0, 0, 0
8301, 1, 1636430796014, 1636430796105, 91, 0, 91, 0, 0, 0
8302, 1, 1636430796181, 1636430796273, 92, 0, 92, 0, 0, 0
8303, 1, 1636430796185, 1636430796277, 92, 0, 92, 0, 0, 0
8304, 1, 1636430796313, 1636430796401, 88, 1, 87, 0, 0, 0
8305, 1, 1636430796361, 1636430796453, 92, 0, 92, 0, 0, 0
8306, 1, 1636430796493, 1636430796585, 92, 1, 91, 0, 0, 0
8307, 1, 1636430796610, 1636430796697, 87, 0, 87, 0, 0, 0
8308, 1, 1636430796613, 1636430796702, 89, 1, 88, 0, 0, 0
8309, 1, 1636430796673, 1636430796765, 92, 0, 92, 0, 0, 0
8310, 1, 1636430796837, 1636430796930, 93, 0, 93, 0, 0, 0
8311, 1, 1636430796985, 1636430797078, 93, 0, 93, 0, 0, 0
8312, 1, 1636430797017, 1636430797105, 88, 0, 88, 0, 0, 0
8313, 1, 1636430797165, 1636430797258, 93, 0, 93, 0, 0, 0
8315, 1, 1636430797281, 1636430797369, 88, 1, 87, 0, 0, 0
8314, 1, 1636430797281, 1636430797373, 92, 1, 91, 0, 0, 0
8316, 1, 1636430797373, 1636430797461, 88, 1, 87, 0, 0, 0
8317, 1, 1636430797501, 1636430797593, 92, 0, 92, 0, 0, 0
8318, 1, 1636430797593, 1636430797686, 93, 1, 92, 0, 1, 1
8319, 1, 1636430797686, 1636430797782, 96, 0, 96, 0, 0, 0
8320, 1, 1636430797841, 1636430797934, 93, 1, 92, 1, 0, 1
8322, 1, 1636430797946, 1636430798033, 87, 0, 87, 0, 0, 0
8321, 1, 1636430797946, 1636430798033, 87, 0, 87, 0, 0, 0
8323, 1, 1636430798037, 1636430798129, 92, 0, 92, 0, 0, 0
8324, 1, 1636430798173, 1636430798261, 88, 1, 87, 1, 0, 1
8325, 1, 1636430798261, 1636430798350, 89, 0, 89, 0, 0, 0
8326, 1, 1636430798349, 1636430798441, 92, 1, 91, 0, 0, 0
8327, 1, 1636430798510, 1636430798601, 91, 0, 91, 0, 0, 0
8328, 1, 1636430798610, 1636430798702, 92, 0, 92, 0, 0, 0
8329, 1, 1636430798610, 1636430798702, 92, 0, 92, 0, 0, 0
8330, 1, 1636430798702, 1636430798794, 92, 0, 92, 0, 0, 0
8331, 1, 1636430798841, 1636430798929, 88, 0, 88, 0, 0, 0
8332, 1, 1636430798925, 1636430799017, 92, 0, 92, 0, 0, 0
8333, 1, 1636430799021, 1636430799109, 88, 0, 88, 0, 0, 0
8334, 1, 1636430799186, 1636430799274, 88, 0, 88, 0, 0, 0
8335, 1, 1636430799285, 1636430799373, 88, 0, 88, 0, 0, 0
8336, 1, 1636430799289, 1636430799381, 92, 1, 91, 0, 1, 1
8337, 1, 1636430799365, 1636430799458, 93, 1, 92, 0, 1, 1
8338, 1, 1636430799505, 1636430799598, 93, 1, 92, 0, 0, 0
8339, 1, 1636430799598, 1636430799689, 91, 0, 91, 0, 0, 0
8340, 1, 1636430799689, 1636430799782, 93, 1, 92, 0, 0, 0
8272, 1, 1636430799805, 1636430799901, 96, 0, 96, 0, 0, 0
8341, 1, 1636430799853, 1636430799941, 88, 0, 88, 0, 0, 0
8342, 1, 1636430799989, 1636430800073, 84, 0, 84, 0, 0, 0
8343, 1, 1636430799993, 1636430800077, 84, 0, 84, 0, 0, 0
8344, 1, 1636430800033, 1636430800118, 85, 0, 85, 0, 0, 0
8345, 1, 1636430800118, 1636430800209, 91, 0, 91, 0, 0, 0
8346, 1, 1636430800281, 1636430800374, 93, 0, 93, 0, 0, 0
8347, 1, 1636430800357, 1636430800449, 92, 1, 91, 0, 1, 1
8348, 1, 1636430800573, 1636430800665, 92, 0, 92, 0, 0, 0
8349, 1, 1636430800653, 1636430800746, 93, 0, 93, 0, 0, 0
8350, 1, 1636430800661, 1636430800749, 88, 0, 88, 0, 0, 0
8351, 1, 1636430800705, 1636430800797, 92, 1, 91, 0, 0, 0
8352, 1, 1636430800797, 1636430800889, 92, 0, 92, 0, 0, 0
8353, 1, 1636430800958, 1636430801049, 91, 0, 91, 0, 0, 0
8354, 1, 1636430801030, 1636430801121, 91, 0, 91, 0, 0, 0
8355, 1, 1636430801245, 1636430801338, 93, 1, 92, 0, 1, 1
8356, 1, 1636430801322, 1636430801414, 92, 0, 92, 0, 0, 0
8357, 1, 1636430801333, 1636430801417, 84, 0, 84, 0, 0, 0
8358, 1, 1636430801377, 1636430801465, 88, 0, 88, 0, 0, 0
8359, 1, 1636430801458, 1636430801550, 92, 0, 92, 0, 0, 0
8360, 1, 1636430801629, 1636430801721, 92, 1, 91, 0, 0, 0
8361, 1, 1636430801689, 1636430801781, 92, 0, 92, 0, 0, 0
8362, 1, 1636430801913, 1636430802005, 92, 1, 91, 0, 1, 1
8363, 1, 1636430801989, 1636430802081, 92, 0, 92, 0, 0, 0
8364, 1, 1636430801997, 1636430802093, 96, 0, 96, 0, 0, 0
8365, 1, 1636430802049, 1636430802137, 88, 0, 88, 0, 0, 0
8366, 1, 1636430802129, 1636430802217, 88, 0, 88, 0, 0, 0
8367, 1, 1636430802302, 1636430802393, 91, 0, 91, 0, 0, 0
8368, 1, 1636430802353, 1636430802441, 88, 0, 88, 0, 0, 0
8369, 1, 1636430802585, 1636430802677, 92, 0, 92, 0, 0, 0
8370, 1, 1636430802649, 1636430802741, 92, 1, 91, 1, 0, 1
8372, 1, 1636430802709, 1636430802801, 92, 1, 91, 0, 1, 1
8373, 1, 1636430802789, 1636430802882, 93, 1, 92, 0, 0, 0
8374, 1, 1636430802973, 1636430803061, 88, 0, 88, 0, 0, 0
8375, 1, 1636430803017, 1636430803105, 88, 0, 88, 0, 0, 0
8371, 1, 1636430803033, 1636430803125, 92, 1, 91, 0, 1, 1
8376, 1, 1636430803249, 1636430803341, 92, 1, 91, 0, 1, 1
8377, 1, 1636430803321, 1636430803414, 93, 1, 92, 1, 0, 1
8378, 1, 1636430803377, 1636430803469, 92, 0, 92, 0, 0, 0
8379, 1, 1636430803461, 1636430803554, 93, 1, 92, 0, 0, 0
8380, 1, 1636430803641, 1636430803733, 92, 0, 92, 0, 0, 0
8381, 1, 1636430803689, 1636430803778, 89, 0, 89, 0, 0, 0
8382, 1, 1636430803701, 1636430803793, 92, 0, 92, 0, 0, 0
8383, 1, 1636430803909, 1636430804001, 92, 0, 92, 0, 0, 0
8384, 1, 1636430803985, 1636430804078, 93, 1, 92, 0, 1, 1
8385, 1, 1636430804045, 1636430804133, 88, 1, 87, 0, 1, 1
8386, 1, 1636430804129, 1636430804221, 92, 1, 91, 0, 0, 0
8387, 1, 1636430804309, 1636430804397, 88, 1, 87, 0, 1, 1
8388, 1, 1636430804353, 1636430804441, 88, 1, 87, 0, 1, 1
8389, 1, 1636430804378, 1636430804469, 91, 0, 91, 0, 0, 0
8390, 1, 1636430804581, 1636430804669, 88, 1, 87, 0, 0, 0
8391, 1, 1636430804654, 1636430804746, 92, 0, 92, 0, 0, 0
8392, 1, 1636430804714, 1636430804805, 91, 0, 91, 0, 0, 0
8393, 1, 1636430804798, 1636430804889, 91, 0, 91, 0, 0, 0
8394, 1, 1636430804982, 1636430805073, 91, 0, 91, 0, 0, 0
8395, 1, 1636430805018, 1636430805113, 95, 0, 95, 0, 0, 0
8396, 1, 1636430805046, 1636430805137, 91, 0, 91, 0, 0, 0
8397, 1, 1636430805257, 1636430805349, 92, 1, 91, 0, 0, 0
8399, 1, 1636430805386, 1636430805478, 92, 0, 92, 0, 0, 0
8398, 1, 1636430805441, 1636430805529, 88, 0, 88, 0, 0, 0
8400, 1, 1636430805465, 1636430805553, 88, 1, 87, 0, 0, 0
8401, 1, 1636430805653, 1636430805745, 92, 0, 92, 0, 0, 0
8402, 1, 1636430805689, 1636430805782, 93, 1, 92, 0, 1, 1
8403, 1, 1636430805709, 1636430805801, 92, 1, 91, 0, 0, 0
8404, 1, 1636430805925, 1636430806014, 89, 0, 89, 0, 0, 0
8405, 1, 1636430806050, 1636430806137, 87, 0, 87, 0, 0, 0
8406, 1, 1636430806101, 1636430806193, 92, 1, 91, 0, 0, 0
8407, 1, 1636430806129, 1636430806217, 88, 1, 87, 0, 0, 0
8408, 1, 1636430806313, 1636430806401, 88, 0, 88, 0, 0, 0
8409, 1, 1636430806357, 1636430806445, 88, 1, 87, 0, 1, 1
8410, 1, 1636430806385, 1636430806477, 92, 0, 92, 0, 0, 0
8411, 1, 1636430806593, 1636430806685, 92, 0, 92, 0, 0, 0
8412, 1, 1636430806722, 1636430806813, 91, 0, 91, 0, 0, 0
8413, 1, 1636430806769, 1636430806853, 84, 0, 84, 0, 0, 0
8414, 1, 1636430806797, 1636430806889, 92, 1, 91, 0, 1, 1
8415, 1, 1636430806986, 1636430807073, 87, 0, 87, 0, 0, 0
8416, 1, 1636430807017, 1636430807109, 92, 1, 91, 0, 0, 0
8417, 1, 1636430807257, 1636430807349, 92, 1, 91, 0, 0, 0
8418, 1, 1636430807394, 1636430807485, 91, 0, 91, 0, 0, 0
8419, 1, 1636430807425, 1636430807513, 88, 1, 87, 0, 0, 0
8420, 1, 1636430807461, 1636430807554, 93, 0, 93, 0, 0, 0
8421, 1, 1636430807657, 1636430807745, 88, 0, 88, 0, 0, 0
8422, 1, 1636430807685, 1636430807773, 88, 1, 87, 0, 0, 0
8423, 1, 1636430807929, 1636430808013, 84, 0, 84, 0, 0, 0
8424, 1, 1636430808074, 1636430808166, 92, 0, 92, 0, 0, 0
8425, 1, 1636430808101, 1636430808198, 97, 0, 97, 0, 0, 0
8426, 1, 1636430808129, 1636430808217, 88, 0, 88, 0, 0, 0
8427, 1, 1636430808321, 1636430808409, 88, 1, 87, 0, 0, 0
8428, 1, 1636430808590, 1636430808678, 88, 0, 88, 0, 0, 0
8429, 1, 1636430808737, 1636430808825, 88, 1, 87, 0, 0, 0
8430, 1, 1636430808769, 1636430808857, 88, 0, 88, 0, 0, 0
8431, 1, 1636430808793, 1636430808881, 88, 1, 87, 0, 0, 0
8432, 1, 1636430808981, 1636430809069, 88, 0, 88, 0, 0, 0
8433, 1, 1636430809265, 1636430809358, 93, 1, 92, 0, 0, 0
8434, 1, 1636430809409, 1636430809513, 104, 0, 104, 0, 0, 0
8435, 1, 1636430809442, 1636430809533, 91, 0, 91, 0, 0, 0
8436, 1, 1636430809470, 1636430809557, 87, 0, 87, 0, 0, 0
8437, 1, 1636430809653, 1636430809742, 89, 0, 89, 0, 0, 0
8438, 1, 1636430809929, 1636430810018, 89, 0, 89, 0, 0, 0
8439, 1, 1636430810093, 1636430810185, 92, 0, 92, 0, 0, 0
8440, 1, 1636430810097, 1636430810185, 88, 1, 87, 0, 0, 0
8441, 1, 1636430810133, 1636430810221, 88, 0, 88, 0, 0, 0
8442, 1, 1636430810325, 1636430810413, 88, 0, 88, 0, 0, 0
8443, 1, 1636430810589, 1636430810677, 88, 1, 87, 1, 0, 1
8444, 1, 1636430810749, 1636430810837, 88, 0, 88, 0, 0, 0
8445, 1, 1636430810765, 1636430810853, 88, 1, 87, 0, 1, 1
8446, 1, 1636430810781, 1636430810869, 88, 0, 88, 0, 0, 0
8447, 1, 1636430810994, 1636430811086, 92, 0, 92, 0, 0, 0
8448, 1, 1636430811262, 1636430811354, 92, 0, 92, 0, 0, 0
8449, 1, 1636430811425, 1636430811517, 92, 1, 91, 0, 0, 0
8450, 1, 1636430811449, 1636430811546, 97, 0, 97, 0, 0, 0
8451, 1, 1636430811466, 1636430811553, 87, 0, 87, 0, 0, 0
8452, 1, 1636430811670, 1636430811762, 92, 0, 92, 0, 0, 0
8453, 1, 1636430811937, 1636430812021, 84, 0, 84, 0, 0, 0
8454, 1, 1636430812118, 1636430812209, 91, 0, 91, 0, 0, 0
8455, 1, 1636430812142, 1636430812229, 87, 0, 87, 0, 0, 0
8456, 1, 1636430812333, 1636430812426, 93, 1, 92, 0, 0, 0
8457, 1, 1636430812594, 1636430812686, 92, 0, 92, 0, 0, 0
8458, 1, 1636430812789, 1636430812881, 92, 1, 91, 0, 0, 0
8459, 1, 1636430812810, 1636430812901, 91, 0, 91, 0, 0, 0
8460, 1, 1636430813010, 1636430813101, 91, 0, 91, 0, 0, 0
8461, 1, 1636430813266, 1636430813358, 92, 0, 92, 0, 0, 0
8462, 1, 1636430813461, 1636430813553, 92, 1, 91, 0, 1, 1
8463, 1, 1636430813477, 1636430813569, 92, 0, 92, 0, 0, 0
8464, 1, 1636430813689, 1636430813778, 89, 1, 88, 0, 1, 1
8465, 1, 1636430813941, 1636430814029, 88, 0, 88, 0, 0, 0
8466, 1, 1636430814126, 1636430814217, 91, 0, 91, 0, 0, 0
8467, 1, 1636430814145, 1636430814238, 93, 1, 92, 1, 0, 1
8468, 1, 1636430814354, 1636430814446, 92, 0, 92, 0, 0, 0
8469, 1, 1636430814618, 1636430814709, 91, 0, 91, 0, 0, 0
8470, 1, 1636430814797, 1636430814889, 92, 1, 91, 0, 1, 1
8471, 1, 1636430814818, 1636430814909, 91, 0, 91, 0, 0, 0
8472, 1, 1636430815018, 1636430815110, 92, 0, 92, 0, 0, 0
8473, 1, 1636430815285, 1636430815378, 93, 0, 93, 0, 0, 0
8474, 1, 1636430815466, 1636430815557, 91, 0, 91, 0, 0, 0
8475, 1, 1636430815493, 1636430815581, 88, 1, 87, 0, 1, 1
8476, 1, 1636430815689, 1636430815785, 96, 1, 95, 0, 1, 1
8477, 1, 1636430815953, 1636430816038, 85, 0, 85, 0, 0, 0
8478, 1, 1636430816141, 1636430816229, 88, 1, 87, 0, 0, 0
8479, 1, 1636430816166, 1636430816253, 87, 0, 87, 0, 0, 0
8480, 1, 1636430816357, 1636430816449, 92, 1, 91, 0, 0, 0
8481, 1, 1636430816793, 1636430816885, 92, 1, 91, 0, 0, 0
8482, 1, 1636430816834, 1636430816925, 91, 0, 91, 0, 0, 0
8483, 1, 1636430817025, 1636430817117, 92, 1, 91, 1, 0, 1
8484, 1, 1636430817470, 1636430817557, 87, 0, 87, 0, 0, 0
8485, 1, 1636430817505, 1636430817598, 93, 1, 92, 0, 0, 0
8486, 1, 1636430817689, 1636430817777, 88, 0, 88, 0, 0, 0
8487, 1, 1636430818129, 1636430818217, 88, 0, 88, 0, 0, 0
8488, 1, 1636430818173, 1636430818261, 88, 0, 88, 0, 0, 0
8489, 1, 1636430818369, 1636430818458, 89, 0, 89, 0, 0, 0
8490, 1, 1636430818813, 1636430818905, 92, 1, 91, 0, 0, 0
8491, 1, 1636430818826, 1636430818913, 87, 0, 87, 0, 0, 0
8492, 1, 1636430819037, 1636430819130, 93, 1, 92, 0, 0, 0
8493, 1, 1636430819494, 1636430819585, 91, 0, 91, 0, 0, 0
8494, 1, 1636430819510, 1636430819601, 91, 0, 91, 0, 0, 0
8495, 1, 1636430819701, 1636430819794, 93, 0, 93, 0, 0, 0
8496, 1, 1636430820158, 1636430820250, 92, 0, 92, 0, 0, 0
8497, 1, 1636430820377, 1636430820469, 92, 1, 91, 0, 0, 0
8498, 1, 1636430820817, 1636430820906, 89, 1, 88, 0, 0, 0
8499, 1, 1636430821041, 1636430821133, 92, 0, 92, 0, 0, 0
8500, 1, 1636430821490, 1636430821578, 88, 0, 88, 0, 0, 0
8501, 1, 1636431074414, 1636431074505, 91, 0, 91, 0, 0, 0
8502, 1, 1636431074914, 1636431075006, 92, 0, 92, 0, 0, 0
8503, 1, 1636431075537, 1636431075630, 93, 1, 92, 1, 0, 1
8504, 1, 1636431075714, 1636431075806, 92, 0, 92, 0, 0, 0
8505, 1, 1636431076074, 1636431076166, 92, 0, 92, 0, 0, 0
8506, 1, 1636431076222, 1636431076314, 92, 0, 92, 0, 0, 0
8507, 1, 1636431076650, 1636431076742, 92, 0, 92, 0, 0, 0
8508, 1, 1636431076849, 1636431076941, 92, 1, 91, 0, 0, 0
8509, 1, 1636431077046, 1636431077138, 92, 0, 92, 0, 0, 0
8510, 1, 1636431077342, 1636431077434, 92, 0, 92, 0, 0, 0
8511, 1, 1636431077393, 1636431077485, 92, 0, 92, 0, 0, 0
8512, 1, 1636431077545, 1636431077638, 93, 1, 92, 0, 1, 1
8513, 1, 1636431077897, 1636431077985, 88, 0, 88, 0, 0, 0
8514, 1, 1636431077938, 1636431078030, 92, 0, 92, 0, 0, 0
8515, 1, 1636431078182, 1636431078274, 92, 0, 92, 0, 0, 0
8516, 1, 1636431078414, 1636431078505, 91, 0, 91, 0, 0, 0
8517, 1, 1636431078453, 1636431078550, 97, 1, 96, 0, 0, 0
8518, 1, 1636431078653, 1636431078750, 97, 0, 97, 0, 0, 0
8519, 1, 1636431078730, 1636431078821, 91, 0, 91, 0, 0, 0
8520, 1, 1636431078889, 1636431078982, 93, 1, 92, 0, 1, 1
8521, 1, 1636431079050, 1636431079141, 91, 0, 91, 0, 0, 0
8522, 1, 1636431079185, 1636431079273, 88, 1, 87, 0, 0, 0
8523, 1, 1636431079269, 1636431079361, 92, 1, 91, 0, 1, 1
8524, 1, 1636431079501, 1636431079593, 92, 0, 92, 0, 0, 0
8525, 1, 1636431079577, 1636431079669, 92, 0, 92, 0, 0, 0
8526, 1, 1636431079742, 1636431079834, 92, 0, 92, 0, 0, 0
8527, 1, 1636431079809, 1636431079902, 93, 1, 92, 0, 0, 0
8528, 1, 1636431079957, 1636431080050, 93, 1, 92, 1, 0, 1
8529, 1, 1636431080114, 1636431080205, 91, 0, 91, 0, 0, 0
8530, 1, 1636431080261, 1636431080357, 96, 0, 96, 0, 0, 0
8531, 1, 1636431080357, 1636431080450, 93, 1, 92, 0, 0, 0
8532, 1, 1636431080514, 1636431080605, 91, 0, 91, 0, 0, 0
8533, 1, 1636431080642, 1636431080734, 92, 0, 92, 0, 0, 0
8534, 1, 1636431080761, 1636431080853, 92, 0, 92, 0, 0, 0
8535, 1, 1636431080802, 1636431080893, 91, 0, 91, 0, 0, 0
8536, 1, 1636431080966, 1636431081057, 91, 0, 91, 0, 0, 0
8537, 1, 1636431081073, 1636431081165, 92, 0, 92, 0, 0, 0
8539, 1, 1636431081333, 1636431081425, 92, 0, 92, 0, 0, 0
8538, 1, 1636431081425, 1636431081513, 88, 0, 88, 0, 0, 0
8540, 1, 1636431081470, 1636431081561, 91, 0, 91, 0, 0, 0
8543, 1, 1636431081685, 1636431081777, 92, 0, 92, 0, 0, 0
8542, 1, 1636431081878, 1636431081969, 91, 0, 91, 0, 0, 0
8544, 1, 1636431081890, 1636431081982, 92, 0, 92, 0, 0, 0
8546, 1, 1636431082057, 1636431082145, 88, 0, 88, 0, 0, 0
8547, 1, 1636431082097, 1636431082189, 92, 1, 91, 0, 0, 0
8548, 1, 1636431082142, 1636431082229, 87, 0, 87, 0, 0, 0
8550, 1, 1636431082409, 1636431082497, 88, 0, 88, 0, 0, 0
8551, 1, 1636431082542, 1636431082638, 96, 0, 96, 0, 0, 0
8554, 1, 1636431082790, 1636431082882, 92, 0, 92, 0, 0, 0
8556, 1, 1636431083077, 1636431083166, 89, 1, 88, 0, 0, 0
8559, 1, 1636431083381, 1636431083473, 92, 0, 92, 0, 0, 0
8560, 1, 1636431083421, 1636431083514, 93, 1, 92, 0, 0, 0
8561, 1, 1636431083518, 1636431083609, 91, 0, 91, 0, 0, 0
8564, 1, 1636431083862, 1636431083953, 91, 0, 91, 0, 0, 0
8565, 1, 1636431084122, 1636431084214, 92, 0, 92, 0, 0, 0
8570, 1, 1636431084730, 1636431084822, 92, 0, 92, 0, 0, 0
8569, 1, 1636431084730, 1636431084822, 92, 0, 92, 0, 0, 0
8573, 1, 1636431085218, 1636431085306, 88, 0, 88, 0, 0, 0
8574, 1, 1636431085506, 1636431085594, 88, 0, 88, 0, 0, 0
8577, 1, 1636431086110, 1636431086202, 92, 0, 92, 0, 0, 0
8578, 1, 1636431086622, 1636431086714, 92, 0, 92, 0, 0, 0
8581, 1, 1636431087889, 1636431087982, 93, 1, 92, 0, 0, 0
8582, 1, 1636431089198, 1636431089290, 92, 0, 92, 0, 0, 0
8583, 1, 1636431090482, 1636431090574, 92, 0, 92, 0, 0, 0
8584, 1, 1636431091882, 1636431091974, 92, 0, 92, 0, 0, 0
8585, 1, 1636431092681, 1636431092773, 92, 0, 92, 0, 0, 0
8586, 1, 1636431092681, 1636431092773, 92, 0, 92, 0, 0, 0
8589, 1, 1636431093233, 1636431093325, 92, 0, 92, 0, 0, 0
8590, 1, 1636431093370, 1636431093461, 91, 0, 91, 0, 0, 0
8594, 1, 1636431093845, 1636431093933, 88, 0, 88, 0, 0, 0
8595, 1, 1636431093889, 1636431094022, 133, 0, 133, 0, 0, 0
8600, 1, 1636431094586, 1636431094678, 92, 0, 92, 0, 0, 0
8599, 1, 1636431094586, 1636431094678, 92, 0, 92, 0, 0, 0
8575, 1, 1636431095110, 1636431095201, 91, 0, 91, 0, 0, 0
8605, 1, 1636431095157, 1636431095245, 88, 0, 88, 0, 0, 0
8604, 1, 1636431095166, 1636431095257, 91, 0, 91, 0, 0, 0
8608, 1, 1636431095841, 1636431095933, 92, 1, 91, 0, 0, 0
8609, 1, 1636431095862, 1636431095954, 92, 0, 92, 0, 0, 0
8611, 1, 1636431096398, 1636431096489, 91, 0, 91, 0, 0, 0
8612, 1, 1636431096433, 1636431096526, 93, 1, 92, 1, 0, 1
8615, 1, 1636431097157, 1636431097246, 89, 1, 88, 1, 0, 1
8613, 1, 1636431097154, 1636431097246, 92, 0, 92, 0, 0, 0
8616, 1, 1636431097689, 1636431097782, 93, 1, 92, 0, 1, 1
8617, 1, 1636431097761, 1636431097854, 93, 0, 93, 0, 0, 0
8619, 1, 1636431098529, 1636431098622, 93, 0, 93, 0, 0, 0
8620, 1, 1636431098542, 1636431098630, 88, 0, 88, 0, 0, 0
8621, 1, 1636431099050, 1636431099141, 91, 0, 91, 0, 0, 0
8622, 1, 1636431099078, 1636431099170, 92, 0, 92, 0, 0, 0
8623, 1, 1636431099897, 1636431099990, 93, 1, 92, 0, 0, 0
8624, 1, 1636431099910, 1636431100005, 95, 0, 95, 0, 0, 0
8625, 1, 1636431100433, 1636431100526, 93, 1, 92, 1, 0, 1
8626, 1, 1636431100454, 1636431100546, 92, 0, 92, 0, 0, 0
8627, 1, 1636431101218, 1636431101310, 92, 0, 92, 0, 0, 0
8628, 1, 1636431101282, 1636431101374, 92, 0, 92, 0, 0, 0
8629, 1, 1636431101821, 1636431101914, 93, 1, 92, 1, 0, 1
8630, 1, 1636431101821, 1636431101914, 93, 1, 92, 1, 0, 1
8631, 1, 1636431102545, 1636431102637, 92, 1, 91, 0, 1, 1
8632, 1, 1636431102626, 1636431102718, 92, 0, 92, 0, 0, 0
8633, 1, 1636431103237, 1636431103349, 112, 1, 111, 1, 0, 1
8634, 1, 1636431103237, 1636431103349, 112, 1, 111, 0, 0, 0
8637, 1, 1636431103677, 1636431103765, 88, 0, 88, 0, 0, 0
8639, 1, 1636431103845, 1636431103981, 136, 1, 135, 0, 0, 0
8641, 1, 1636431103981, 1636431104073, 92, 0, 92, 0, 0, 0
8638, 1, 1636431104114, 1636431104206, 92, 0, 92, 0, 0, 0
8644, 1, 1636431104514, 1636431104609, 95, 0, 95, 0, 0, 0
8642, 1, 1636431104593, 1636431104685, 92, 0, 92, 0, 0, 0
8645, 1, 1636431104601, 1636431104690, 89, 1, 88, 0, 0, 0
8647, 1, 1636431104913, 1636431105034, 121, 1, 120, 0, 1, 1
8646, 1, 1636431105045, 1636431105134, 89, 0, 89, 0, 0, 0
8650, 1, 1636431105134, 1636431105226, 92, 0, 92, 0, 0, 0
8651, 1, 1636431105214, 1636431105305, 91, 0, 91, 0, 0, 0
8649, 1, 1636431105385, 1636431105473, 88, 0, 88, 0, 0, 0
8607, 1, 1636431105426, 1636431105513, 87, 0, 87, 0, 0, 0
8652, 1, 1636431105497, 1636431105589, 92, 0, 92, 0, 0, 0
8656, 1, 1636431105785, 1636431105877, 92, 0, 92, 0, 0, 0
8654, 1, 1636431105821, 1636431105910, 89, 0, 89, 0, 0, 0
8657, 1, 1636431105910, 1636431106001, 91, 0, 91, 0, 0, 0
8655, 1, 1636431105946, 1636431106038, 92, 0, 92, 0, 0, 0
8658, 1, 1636431106273, 1636431106366, 93, 0, 93, 0, 0, 0
8659, 1, 1636431106401, 1636431106493, 92, 1, 91, 0, 0, 0
8663, 1, 1636431106522, 1636431106614, 92, 0, 92, 0, 0, 0
8664, 1, 1636431106545, 1636431106638, 93, 1, 92, 0, 1, 1
8662, 1, 1636431106713, 1636431106805, 92, 0, 92, 0, 0, 0
8668, 1, 1636431107153, 1636431107241, 88, 1, 87, 0, 0, 0
8667, 1, 1636431107166, 1636431107253, 87, 0, 87, 0, 0, 0
8618, 1, 1636431107193, 1636431107278, 85, 0, 85, 0, 0, 0
8669, 1, 1636431107237, 1636431107329, 92, 0, 92, 0, 0, 0
8671, 1, 1636431107621, 1636431107717, 96, 1, 95, 0, 0, 0
8675, 1, 1636431107897, 1636431107990, 93, 0, 93, 0, 0, 0
8676, 1, 1636431107902, 1636431107994, 92, 0, 92, 0, 0, 0
8678, 1, 1636431108509, 1636431108602, 93, 1, 92, 0, 0, 0
8679, 1, 1636431108642, 1636431108734, 92, 0, 92, 0, 0, 0
8681, 1, 1636431109190, 1636431109282, 92, 0, 92, 0, 0, 0
8682, 1, 1636431109294, 1636431109386, 92, 0, 92, 0, 0, 0
8683, 1, 1636431109902, 1636431109994, 92, 0, 92, 0, 0, 0
8684, 1, 1636431109986, 1636431110078, 92, 0, 92, 0, 0, 0
8685, 1, 1636431110502, 1636431110593, 91, 0, 91, 0, 0, 0
8686, 1, 1636431110605, 1636431110697, 92, 1, 91, 0, 1, 1
8687, 1, 1636431111234, 1636431111326, 92, 0, 92, 0, 0, 0
8688, 1, 1636431111385, 1636431111478, 93, 0, 93, 0, 0, 0
8689, 1, 1636431111858, 1636431111950, 92, 0, 92, 0, 0, 0
8690, 1, 1636431111890, 1636431111982, 92, 0, 92, 0, 0, 0
8691, 1, 1636431112542, 1636431112633, 91, 0, 91, 0, 0, 0
8692, 1, 1636431112681, 1636431112773, 92, 1, 91, 0, 0, 0
8693, 1, 1636431113210, 1636431113370, 160, 0, 160, 0, 0, 0
8694, 1, 1636431113245, 1636431113370, 125, 1, 124, 0, 0, 0
8697, 1, 1636431113858, 1636431113949, 91, 0, 91, 0, 0, 0
8698, 1, 1636431113993, 1636431114086, 93, 1, 92, 1, 0, 1
8700, 1, 1636431114514, 1636431114606, 92, 0, 92, 0, 0, 0
8701, 1, 1636431115005, 1636431115098, 93, 1, 92, 1, 0, 1
8704, 1, 1636431115278, 1636431115370, 92, 0, 92, 0, 0, 0
8703, 1, 1636431115462, 1636431115554, 92, 0, 92, 0, 0, 0
8707, 1, 1636431115830, 1636431115921, 91, 0, 91, 0, 0, 0
8708, 1, 1636431115862, 1636431115954, 92, 0, 92, 0, 0, 0
8709, 1, 1636431116502, 1636431116593, 91, 0, 91, 0, 0, 0
8711, 1, 1636431116585, 1636431116686, 101, 1, 100, 0, 0, 0
8712, 1, 1636431116957, 1636431117050, 93, 0, 93, 0, 0, 0
8716, 1, 1636431117154, 1636431117241, 87, 0, 87, 0, 0, 0
8715, 1, 1636431117154, 1636431117241, 87, 0, 87, 0, 0, 0
8714, 1, 1636431117402, 1636431117493, 91, 0, 91, 0, 0, 0
8717, 1, 1636431117849, 1636431117938, 89, 1, 88, 0, 0, 0
8680, 1, 1636431118290, 1636431118382, 92, 0, 92, 0, 0, 0
8724, 1, 1636431118418, 1636431118509, 91, 0, 91, 0, 0, 0
8726, 1, 1636431118521, 1636431118614, 93, 1, 92, 0, 0, 0
8730, 1, 1636431119686, 1636431119778, 92, 0, 92, 0, 0, 0
8731, 1, 1636431119853, 1636431119946, 93, 1, 92, 0, 0, 0
8732, 1, 1636431120970, 1636431121062, 92, 0, 92, 0, 0, 0
8733, 1, 1636431121210, 1636431121301, 91, 0, 91, 0, 0, 0
8734, 1, 1636431122346, 1636431122438, 92, 0, 92, 0, 0, 0
8735, 1, 1636431122533, 1636431122625, 92, 0, 92, 0, 0, 0
8736, 1, 1636431123686, 1636431123778, 92, 0, 92, 0, 0, 0
8737, 1, 1636431123865, 1636431123962, 97, 1, 96, 0, 0, 0
8741, 1, 1636431124954, 1636431125046, 92, 0, 92, 0, 0, 0
8743, 1, 1636431125225, 1636431125318, 93, 1, 92, 0, 0, 0
8746, 1, 1636431126378, 1636431126469, 91, 0, 91, 0, 0, 0
8747, 1, 1636431126554, 1636431126646, 92, 0, 92, 0, 0, 0
8749, 1, 1636431127645, 1636431127738, 93, 0, 93, 0, 0, 0
8750, 1, 1636431128034, 1636431128125, 91, 0, 91, 0, 0, 0
8751, 1, 1636431128237, 1636431128334, 97, 1, 96, 0, 0, 0
8728, 1, 1636431128373, 1636431128461, 88, 1, 87, 0, 0, 0
8729, 1, 1636431128594, 1636431128686, 92, 0, 92, 0, 0, 0
8756, 1, 1636431128641, 1636431128733, 92, 0, 92, 0, 0, 0
8757, 1, 1636431128641, 1636431128733, 92, 0, 92, 0, 0, 0
8758, 1, 1636431128689, 1636431128777, 88, 0, 88, 0, 0, 0
8760, 1, 1636431128949, 1636431129041, 92, 1, 91, 1, 0, 1
8755, 1, 1636431129085, 1636431129173, 88, 1, 87, 0, 0, 0
8759, 1, 1636431129085, 1636431129177, 92, 1, 91, 1, 0, 1
8761, 1, 1636431129129, 1636431129218, 89, 1, 88, 1, 0, 1
8762, 1, 1636431129214, 1636431129306, 92, 0, 92, 0, 0, 0
8763, 1, 1636431129537, 1636431129629, 92, 0, 92, 0, 0, 0
8753, 1, 1636431129578, 1636431129670, 92, 0, 92, 0, 0, 0
8766, 1, 1636431129874, 1636431129961, 87, 0, 87, 0, 0, 0
8765, 1, 1636431130034, 1636431130126, 92, 0, 92, 0, 0, 0
8770, 1, 1636431130250, 1636431130337, 87, 0, 87, 0, 0, 0
8771, 1, 1636431130293, 1636431130385, 92, 0, 92, 0, 0, 0
8767, 1, 1636431130325, 1636431130418, 93, 0, 93, 0, 0, 0
8773, 1, 1636431130473, 1636431130565, 92, 1, 91, 0, 0, 0
8769, 1, 1636431130482, 1636431130569, 87, 0, 87, 0, 0, 0
8774, 1, 1636431130930, 1636431131022, 92, 0, 92, 0, 0, 0
8776, 1, 1636431131206, 1636431131298, 92, 0, 92, 0, 0, 0
8779, 1, 1636431131565, 1636431131657, 92, 0, 92, 0, 0, 0
8780, 1, 1636431131657, 1636431131746, 89, 1, 88, 0, 0, 0
8777, 1, 1636431131657, 1636431131746, 89, 1, 88, 0, 0, 0
8781, 1, 1636431131837, 1636431131926, 89, 0, 89, 0, 0, 0
8783, 1, 1636431132586, 1636431132677, 91, 0, 91, 0, 0, 0
8785, 1, 1636431132850, 1636431132942, 92, 0, 92, 0, 0, 0
8786, 1, 1636431133014, 1636431133106, 92, 0, 92, 0, 0, 0
8784, 1, 1636431133033, 1636431133125, 92, 1, 91, 0, 0, 0
8787, 1, 1636431133197, 1636431133290, 93, 0, 93, 0, 0, 0
8788, 1, 1636431133902, 1636431134001, 99, 0, 99, 0, 0, 0
8790, 1, 1636431134177, 1636431134274, 97, 0, 97, 0, 0, 0
8789, 1, 1636431134382, 1636431134473, 91, 0, 91, 0, 0, 0
8793, 1, 1636431134398, 1636431134489, 91, 0, 91, 0, 0, 0
8794, 1, 1636431134473, 1636431134565, 92, 1, 91, 0, 0, 0
8796, 1, 1636431135186, 1636431135278, 92, 0, 92, 0, 0, 0
8799, 1, 1636431135474, 1636431135566, 92, 0, 92, 0, 0, 0
8797, 1, 1636431135634, 1636431135725, 91, 0, 91, 0, 0, 0
8800, 1, 1636431135793, 1636431135886, 93, 1, 92, 0, 0, 0
8801, 1, 1636431135841, 1636431135945, 104, 0, 104, 0, 0, 0
8804, 1, 1636431136565, 1636431136658, 93, 1, 92, 0, 1, 1
8806, 1, 1636431136818, 1636431136910, 92, 0, 92, 0, 0, 0
8805, 1, 1636431137014, 1636431137106, 92, 0, 92, 0, 0, 0
8807, 1, 1636431137173, 1636431137265, 92, 1, 91, 0, 0, 0
8808, 1, 1636431137206, 1636431137297, 91, 0, 91, 0, 0, 0
8810, 1, 1636431137917, 1636431138014, 97, 1, 96, 0, 1, 1
8811, 1, 1636431138381, 1636431138473, 92, 1, 91, 0, 0, 0
8813, 1, 1636431138517, 1636431138605, 88, 0, 88, 0, 0, 0
8815, 1, 1636431138561, 1636431138650, 89, 0, 89, 0, 0, 0
8812, 1, 1636431138830, 1636431138921, 91, 0, 91, 0, 0, 0
8817, 1, 1636431139277, 1636431139370, 93, 1, 92, 0, 1, 1
8819, 1, 1636431139550, 1636431139642, 92, 0, 92, 0, 0, 0
8818, 1, 1636431139730, 1636431139821, 91, 0, 91, 0, 0, 0
8821, 1, 1636431139785, 1636431139878, 93, 1, 92, 0, 0, 0
8822, 1, 1636431139878, 1636431139970, 92, 0, 92, 0, 0, 0
8824, 1, 1636431140554, 1636431140645, 91, 0, 91, 0, 0, 0
8827, 1, 1636431140918, 1636431141030, 112, 0, 112, 0, 0, 0
8826, 1, 1636431141033, 1636431141121, 88, 0, 88, 0, 0, 0
8829, 1, 1636431141257, 1636431141349, 92, 1, 91, 0, 0, 0
8828, 1, 1636431141881, 1636431141973, 92, 0, 92, 0, 0, 0
8832, 1, 1636431141925, 1636431142017, 92, 0, 92, 0, 0, 0
8835, 1, 1636431142222, 1636431142314, 92, 0, 92, 0, 0, 0
8833, 1, 1636431142373, 1636431142466, 93, 1, 92, 0, 1, 1
8836, 1, 1636431142557, 1636431142649, 92, 1, 91, 0, 0, 0
8838, 1, 1636431143162, 1636431143254, 92, 0, 92, 0, 0, 0
8840, 1, 1636431143545, 1636431143637, 92, 1, 91, 0, 0, 0
8839, 1, 1636431143617, 1636431143709, 92, 0, 92, 0, 0, 0
8841, 1, 1636431143865, 1636431143958, 93, 0, 93, 0, 0, 0
8846, 1, 1636431144918, 1636431145005, 87, 0, 87, 0, 0, 0
8848, 1, 1636431145206, 1636431145302, 96, 0, 96, 0, 0, 0
8850, 1, 1636431146202, 1636431146294, 92, 0, 92, 0, 0, 0
8852, 1, 1636431146538, 1636431146630, 92, 0, 92, 0, 0, 0
8854, 1, 1636431147577, 1636431147666, 89, 0, 89, 0, 0, 0
8856, 1, 1636431147890, 1636431147981, 91, 0, 91, 0, 0, 0
8858, 1, 1636431148914, 1636431149005, 91, 0, 91, 0, 0, 0
8860, 1, 1636431149162, 1636431149254, 92, 0, 92, 0, 0, 0
8862, 1, 1636431150318, 1636431150410, 92, 0, 92, 0, 0, 0
8863, 1, 1636431150498, 1636431150590, 92, 0, 92, 0, 0, 0
8866, 1, 1636431151641, 1636431151729, 88, 0, 88, 0, 0, 0
8867, 1, 1636431151774, 1636431151865, 91, 0, 91, 0, 0, 0
8871, 1, 1636431152845, 1636431152938, 93, 1, 92, 0, 0, 0
8872, 1, 1636431152862, 1636431152949, 87, 0, 87, 0, 0, 0
8873, 1, 1636431153050, 1636431153142, 92, 0, 92, 0, 0, 0
8874, 1, 1636431154061, 1636431154154, 93, 1, 92, 0, 1, 1
8875, 1, 1636431154249, 1636431154414, 165, 1, 164, 0, 1, 1
8876, 1, 1636431154414, 1636431154505, 91, 0, 91, 0, 0, 0
8879, 1, 1636431155038, 1636431155130, 92, 0, 92, 0, 0, 0
8882, 1, 1636431155462, 1636431155553, 91, 0, 91, 0, 0, 0
8883, 1, 1636431155645, 1636431155741, 96, 0, 96, 0, 0, 0
8884, 1, 1636431155689, 1636431155782, 93, 0, 93, 0, 0, 0
8886, 1, 1636431156270, 1636431156362, 92, 0, 92, 0, 0, 0
8888, 1, 1636431156838, 1636431156930, 92, 0, 92, 0, 0, 0
8889, 1, 1636431156953, 1636431157046, 93, 1, 92, 0, 0, 0
8891, 1, 1636431156977, 1636431157070, 93, 0, 93, 0, 0, 0
8892, 1, 1636431157529, 1636431157621, 92, 0, 92, 0, 0, 0
8894, 1, 1636431158186, 1636431158278, 92, 0, 92, 0, 0, 0
8895, 1, 1636431158262, 1636431158354, 92, 0, 92, 0, 0, 0
8896, 1, 1636431158325, 1636431158417, 92, 1, 91, 0, 0, 0
8897, 1, 1636431158830, 1636431158949, 119, 0, 119, 0, 0, 0
8900, 1, 1636431159502, 1636431159593, 91, 0, 91, 0, 0, 0
8901, 1, 1636431159589, 1636431159681, 92, 1, 91, 0, 1, 1
8902, 1, 1636431159698, 1636431159793, 95, 0, 95, 0, 0, 0
8903, 1, 1636431160186, 1636431160278, 92, 0, 92, 0, 0, 0
8906, 1, 1636431160898, 1636431160989, 91, 0, 91, 0, 0, 0
8907, 1, 1636431160989, 1636431161077, 88, 0, 88, 0, 0, 0
8908, 1, 1636431161034, 1636431161125, 91, 0, 91, 0, 0, 0
8910, 1, 1636431161534, 1636431161625, 91, 0, 91, 0, 0, 0
8870, 1, 1636431162074, 1636431162162, 88, 0, 88, 0, 0, 0
8912, 1, 1636431162242, 1636431162334, 92, 0, 92, 0, 0, 0
8913, 1, 1636431162266, 1636431162357, 91, 0, 91, 0, 0, 0
8914, 1, 1636431162277, 1636431162369, 92, 0, 92, 0, 0, 0
8917, 1, 1636431162901, 1636431162994, 93, 1, 92, 0, 1, 1
8918, 1, 1636431163521, 1636431163614, 93, 1, 92, 0, 0, 0
8919, 1, 1636431163541, 1636431163634, 93, 0, 93, 0, 0, 0
8920, 1, 1636431163669, 1636431163761, 92, 1, 91, 0, 0, 0
8921, 1, 1636431164249, 1636431164342, 93, 0, 93, 0, 0, 0
8922, 1, 1636431164905, 1636431164994, 89, 1, 88, 0, 1, 1
8923, 1, 1636431164910, 1636431164997, 87, 0, 87, 0, 0, 0
8924, 1, 1636431165077, 1636431165169, 92, 1, 91, 0, 0, 0
8925, 1, 1636431165125, 1636431165214, 89, 0, 89, 0, 0, 0
8926, 1, 1636431165574, 1636431165665, 91, 0, 91, 0, 0, 0
8927, 1, 1636431165585, 1636431165677, 92, 0, 92, 0, 0, 0
8930, 1, 1636431166105, 1636431166197, 92, 1, 91, 0, 0, 0
8932, 1, 1636431166225, 1636431166318, 93, 0, 93, 0, 0, 0
8933, 1, 1636431166333, 1636431166453, 120, 1, 119, 0, 0, 0
8934, 1, 1636431166381, 1636431166469, 88, 0, 88, 0, 0, 0
8935, 1, 1636431166870, 1636431166961, 91, 0, 91, 0, 0, 0
8937, 1, 1636431166878, 1636431166969, 91, 0, 91, 0, 0, 0
8939, 1, 1636431167461, 1636431167554, 93, 1, 92, 0, 0, 0
8940, 1, 1636431167541, 1636431167634, 93, 0, 93, 0, 0, 0
8941, 1, 1636431167661, 1636431167749, 88, 1, 87, 0, 0, 0
8942, 1, 1636431167733, 1636431167826, 93, 1, 92, 0, 1, 1
8943, 1, 1636431168189, 1636431168282, 93, 1, 92, 1, 0, 1
8946, 1, 1636431168853, 1636431168946, 93, 0, 93, 0, 0, 0
8947, 1, 1636431168914, 1636431169005, 91, 0, 91, 0, 0, 0
8948, 1, 1636431168997, 1636431169085, 88, 1, 87, 0, 1, 1
8949, 1, 1636431169085, 1636431169173, 88, 1, 87, 0, 1, 1
8950, 1, 1636431169538, 1636431169629, 91, 0, 91, 0, 0, 0
8953, 1, 1636431170117, 1636431170202, 85, 0, 85, 0, 0, 0
8954, 1, 1636431170193, 1636431170286, 93, 1, 92, 0, 0, 0
8955, 1, 1636431170281, 1636431170373, 92, 1, 91, 0, 1, 1
8956, 1, 1636431170454, 1636431170546, 92, 0, 92, 0, 0, 0
8957, 1, 1636431170901, 1636431170994, 93, 0, 93, 0, 0, 0
8960, 1, 1636431171398, 1636431171490, 92, 0, 92, 0, 0, 0
8961, 1, 1636431171481, 1636431171569, 88, 1, 87, 0, 1, 1
8963, 1, 1636431171562, 1636431171654, 92, 0, 92, 0, 0, 0
8964, 1, 1636431171809, 1636431171902, 93, 0, 93, 0, 0, 0
8965, 1, 1636431172257, 1636431172349, 92, 0, 92, 0, 0, 0
8968, 1, 1636431172697, 1636431172789, 92, 1, 91, 0, 0, 0
8944, 1, 1636431172737, 1636431172829, 92, 0, 92, 0, 0, 0
8969, 1, 1636431172829, 1636431172921, 92, 1, 91, 0, 0, 0
8970, 1, 1636431172873, 1636431172969, 96, 1, 95, 0, 0, 0
8972, 1, 1636431173170, 1636431173257, 87, 0, 87, 0, 0, 0
8974, 1, 1636431173413, 1636431173505, 92, 0, 92, 0, 0, 0
8973, 1, 1636431173621, 1636431173713, 92, 1, 91, 0, 0, 0
8975, 1, 1636431173985, 1636431174078, 93, 1, 92, 0, 1, 1
8976, 1, 1636431174157, 1636431174249, 92, 0, 92, 0, 0, 0
8977, 1, 1636431174209, 1636431174297, 88, 0, 88, 0, 0, 0
8978, 1, 1636431174486, 1636431174573, 87, 0, 87, 0, 0, 0
8980, 1, 1636431174673, 1636431174765, 92, 0, 92, 0, 0, 0
8979, 1, 1636431174934, 1636431175026, 92, 0, 92, 0, 0, 0
8981, 1, 1636431175293, 1636431175385, 92, 1, 91, 0, 1, 1
8982, 1, 1636431175437, 1636431175529, 92, 0, 92, 0, 0, 0
8983, 1, 1636431175517, 1636431175606, 89, 1, 88, 0, 0, 0
8984, 1, 1636431175798, 1636431175894, 96, 0, 96, 0, 0, 0
8986, 1, 1636431176006, 1636431176117, 111, 0, 111, 0, 0, 0
8987, 1, 1636431176117, 1636431176209, 92, 0, 92, 0, 0, 0
8985, 1, 1636431176249, 1636431176337, 88, 1, 87, 0, 0, 0
8989, 1, 1636431176570, 1636431176662, 92, 0, 92, 0, 0, 0
8990, 1, 1636431176621, 1636431176706, 85, 0, 85, 0, 0, 0
8991, 1, 1636431176765, 1636431176857, 92, 0, 92, 0, 0, 0
8992, 1, 1636431176853, 1636431176941, 88, 1, 87, 0, 1, 1
8988, 1, 1636431177017, 1636431177109, 92, 1, 91, 0, 0, 0
8993, 1, 1636431177026, 1636431177113, 87, 0, 87, 0, 0, 0
8997, 1, 1636431177393, 1636431177482, 89, 0, 89, 0, 0, 0
8996, 1, 1636431177393, 1636431177482, 89, 0, 89, 0, 0, 0
8995, 1, 1636431177461, 1636431177553, 92, 0, 92, 0, 0, 0
8994, 1, 1636431177470, 1636431177557, 87, 0, 87, 0, 0, 0
8999, 1, 1636431177686, 1636431177774, 88, 0, 88, 0, 0, 0
9000, 1, 1636431177846, 1636431177938, 92, 0, 92, 0, 0, 0
8998, 1, 1636431177913, 1636431178005, 92, 0, 92, 0, 0, 0
9001, 1, 1636431177913, 1636431178005, 92, 0, 92, 0, 0, 0
9002, 1, 1636431178078, 1636431178169, 91, 0, 91, 0, 0, 0
9003, 1, 1636431178129, 1636431178217, 88, 0, 88, 0, 0, 0
9004, 1, 1636431178425, 1636431178517, 92, 0, 92, 0, 0, 0
9005, 1, 1636431178497, 1636431178589, 92, 1, 91, 0, 1, 1
9007, 1, 1636431178697, 1636431178789, 92, 0, 92, 0, 0, 0
9008, 1, 1636431178753, 1636431178841, 88, 0, 88, 0, 0, 0
9009, 1, 1636431178849, 1636431178937, 88, 0, 88, 0, 0, 0
9006, 1, 1636431178865, 1636431178957, 92, 0, 92, 0, 0, 0
9011, 1, 1636431178917, 1636431179009, 92, 1, 91, 0, 0, 0
9010, 1, 1636431178949, 1636431179034, 85, 0, 85, 0, 0, 0
9012, 1, 1636431179205, 1636431179293, 88, 0, 88, 0, 0, 0
9013, 1, 1636431179309, 1636431179401, 92, 0, 92, 0, 0, 0
9014, 1, 1636431179389, 1636431179481, 92, 0, 92, 0, 0, 0
9015, 1, 1636431179561, 1636431179657, 96, 0, 96, 0, 0, 0
9016, 1, 1636431179742, 1636431179833, 91, 0, 91, 0, 0, 0
9017, 1, 1636431179742, 1636431179833, 91, 0, 91, 0, 0, 0
9019, 1, 1636431179845, 1636431179938, 93, 0, 93, 0, 0, 0
9021, 1, 1636431180009, 1636431180097, 88, 0, 88, 0, 0, 0
9022, 1, 1636431180025, 1636431180109, 84, 0, 84, 0, 0, 0
9023, 1, 1636431180101, 1636431180190, 89, 0, 89, 0, 0, 0
9018, 1, 1636431180189, 1636431180277, 88, 1, 87, 0, 0, 0
9020, 1, 1636431180189, 1636431180277, 88, 1, 87, 0, 0, 0
9025, 1, 1636431180301, 1636431180425, 124, 0, 124, 0, 0, 0
9026, 1, 1636431180513, 1636431180605, 92, 1, 91, 0, 0, 0
9024, 1, 1636431180633, 1636431180726, 93, 1, 92, 0, 0, 0
9027, 1, 1636431180649, 1636431180741, 92, 0, 92, 0, 0, 0
9028, 1, 1636431180726, 1636431180817, 91, 0, 91, 0, 0, 0
9030, 1, 1636431180890, 1636431181001, 111, 0, 111, 0, 0, 0
9031, 1, 1636431181001, 1636431181093, 92, 0, 92, 0, 0, 0
9029, 1, 1636431181089, 1636431181181, 92, 0, 92, 0, 0, 0
9032, 1, 1636431181093, 1636431181185, 92, 1, 91, 0, 0, 0
9033, 1, 1636431181121, 1636431181213, 92, 0, 92, 0, 0, 0
9036, 1, 1636431181305, 1636431181433, 128, 0, 128, 0, 0, 0
9037, 1, 1636431181433, 1636431181525, 92, 1, 91, 0, 0, 0
9035, 1, 1636431181457, 1636431181553, 96, 1, 95, 0, 1, 1
9039, 1, 1636431181525, 1636431181613, 88, 0, 88, 0, 0, 0
9038, 1, 1636431181537, 1636431181625, 88, 0, 88, 0, 0, 0
9034, 1, 1636431181553, 1636431181645, 92, 0, 92, 0, 0, 0
9040, 1, 1636431181609, 1636431181701, 92, 1, 91, 0, 0, 0
9041, 1, 1636431181609, 1636431181701, 92, 1, 91, 1, 0, 1
9042, 1, 1636431181789, 1636431181881, 92, 0, 92, 0, 0, 0
9044, 1, 1636431181937, 1636431182029, 92, 1, 91, 0, 0, 0
9043, 1, 1636431181985, 1636431182073, 88, 0, 88, 0, 0, 0
9045, 1, 1636431182113, 1636431182205, 92, 1, 91, 1, 0, 1
9046, 1, 1636431182153, 1636431182245, 92, 1, 91, 0, 1, 1
9047, 1, 1636431182301, 1636431182385, 84, 0, 84, 0, 0, 0
9049, 1, 1636431182425, 1636431182557, 132, 0, 132, 0, 0, 0
9053, 1, 1636431182649, 1636431182737, 88, 1, 87, 0, 1, 1
8971, 1, 1636431182689, 1636431182773, 84, 0, 84, 0, 0, 0
9054, 1, 1636431182730, 1636431182817, 87, 0, 87, 0, 0, 0
9055, 1, 1636431182733, 1636431182825, 92, 0, 92, 0, 0, 0
9056, 1, 1636431182777, 1636431182861, 84, 0, 84, 0, 0, 0
9058, 1, 1636431182913, 1636431183005, 92, 0, 92, 0, 0, 0
9060, 1, 1636431182978, 1636431183069, 91, 0, 91, 0, 0, 0
9061, 1, 1636431183093, 1636431183177, 84, 0, 84, 0, 0, 0
9059, 1, 1636431183169, 1636431183261, 92, 0, 92, 0, 0, 0
9062, 1, 1636431183181, 1636431183270, 89, 0, 89, 0, 0, 0
9063, 1, 1636431183229, 1636431183321, 92, 0, 92, 0, 0, 0
9065, 1, 1636431183453, 1636431183545, 92, 1, 91, 0, 1, 1
9057, 1, 1636431183541, 1636431183633, 92, 0, 92, 0, 0, 0
9067, 1, 1636431183549, 1636431183637, 88, 0, 88, 0, 0, 0
9064, 1, 1636431183626, 1636431183718, 92, 0, 92, 0, 0, 0
9069, 1, 1636431183985, 1636431184074, 89, 0, 89, 0, 0, 0
9068, 1, 1636431183985, 1636431184074, 89, 0, 89, 0, 0, 0
9070, 1, 1636431184029, 1636431184117, 88, 0, 88, 0, 0, 0
9071, 1, 1636431184069, 1636431184161, 92, 0, 92, 0, 0, 0
9073, 1, 1636431184213, 1636431184301, 88, 0, 88, 0, 0, 0
9076, 1, 1636431184341, 1636431184437, 96, 1, 95, 0, 1, 1
9074, 1, 1636431184437, 1636431184525, 88, 1, 87, 0, 1, 1
9075, 1, 1636431184437, 1636431184525, 88, 1, 87, 0, 1, 1
9077, 1, 1636431184477, 1636431184570, 93, 0, 93, 0, 0, 0
9079, 1, 1636431184577, 1636431184670, 93, 1, 92, 0, 1, 1
9081, 1, 1636431184845, 1636431184933, 88, 0, 88, 0, 0, 0
9080, 1, 1636431184885, 1636431184977, 92, 0, 92, 0, 0, 0
9082, 1, 1636431184929, 1636431185017, 88, 0, 88, 0, 0, 0
9083, 1, 1636431185109, 1636431185197, 88, 0, 88, 0, 0, 0
9084, 1, 1636431185329, 1636431185425, 96, 1, 95, 0, 0, 0
9086, 1, 1636431185445, 1636431185538, 93, 0, 93, 0, 0, 0
9087, 1, 1636431185565, 1636431185657, 92, 1, 91, 0, 0, 0
9088, 1, 1636431185565, 1636431185661, 96, 1, 95, 1, 0, 1
9090, 1, 1636431185685, 1636431185774, 89, 0, 89, 0, 0, 0
9091, 1, 1636431185781, 1636431185869, 88, 0, 88, 0, 0, 0
9092, 1, 1636431185869, 1636431185965, 96, 1, 95, 0, 0, 0
9094, 1, 1636431186245, 1636431186338, 93, 0, 93, 0, 0, 0
9095, 1, 1636431186310, 1636431186402, 92, 0, 92, 0, 0, 0
9096, 1, 1636431186402, 1636431186493, 91, 0, 91, 0, 0, 0
9097, 1, 1636431186721, 1636431186813, 92, 0, 92, 0, 0, 0
9098, 1, 1636431186805, 1636431186898, 93, 1, 92, 0, 0, 0
9099, 1, 1636431186853, 1636431186941, 88, 0, 88, 0, 0, 0
9100, 1, 1636431186934, 1636431187025, 91, 0, 91, 0, 0, 0
9101, 1, 1636431186993, 1636431187077, 84, 0, 84, 0, 0, 0
9102, 1, 1636431187174, 1636431187266, 92, 0, 92, 0, 0, 0
9103, 1, 1636431187181, 1636431187274, 93, 1, 92, 0, 0, 0
9104, 1, 1636431187578, 1636431187669, 91, 0, 91, 0, 0, 0
9105, 1, 1636431187666, 1636431187757, 91, 0, 91, 0, 0, 0
9106, 1, 1636431187757, 1636431187845, 88, 0, 88, 0, 0, 0
9107, 1, 1636431188037, 1636431188129, 92, 0, 92, 0, 0, 0
9108, 1, 1636431188085, 1636431188173, 88, 0, 88, 0, 0, 0
9109, 1, 1636431188245, 1636431188333, 88, 1, 87, 0, 0, 0
9110, 1, 1636431188289, 1636431188373, 84, 0, 84, 0, 0, 0
9111, 1, 1636431188321, 1636431188405, 84, 0, 84, 0, 0, 0
9112, 1, 1636431188485, 1636431188573, 88, 0, 88, 0, 0, 0
9113, 1, 1636431188573, 1636431188657, 84, 0, 84, 0, 0, 0
9114, 1, 1636431188922, 1636431189013, 91, 0, 91, 0, 0, 0
9115, 1, 1636431188981, 1636431189069, 88, 1, 87, 0, 0, 0
9116, 1, 1636431189013, 1636431189105, 92, 0, 92, 0, 0, 0
9117, 1, 1636431189333, 1636431189417, 84, 0, 84, 0, 0, 0
9118, 1, 1636431189373, 1636431189457, 84, 0, 84, 0, 0, 0
9119, 1, 1636431189537, 1636431189625, 88, 0, 88, 0, 0, 0
9120, 1, 1636431189641, 1636431189729, 88, 0, 88, 0, 0, 0
9121, 1, 1636431189689, 1636431189777, 88, 1, 87, 0, 1, 1
9122, 1, 1636431189773, 1636431189865, 92, 0, 92, 0, 0, 0
9123, 1, 1636431189909, 1636431189993, 84, 0, 84, 0, 0, 0
9124, 1, 1636431190237, 1636431190321, 84, 0, 84, 0, 0, 0
9125, 1, 1636431190313, 1636431190397, 84, 0, 84, 0, 0, 0
9126, 1, 1636431190357, 1636431190441, 84, 0, 84, 0, 0, 0
9127, 1, 1636431190709, 1636431190797, 88, 0, 88, 0, 0, 0
9128, 1, 1636431190753, 1636431190845, 92, 0, 92, 0, 0, 0
9129, 1, 1636431190833, 1636431190921, 88, 0, 88, 0, 0, 0
9130, 1, 1636431190913, 1636431190997, 84, 0, 84, 0, 0, 0
9131, 1, 1636431191061, 1636431191145, 84, 0, 84, 0, 0, 0
9132, 1, 1636431191153, 1636431191237, 84, 0, 84, 0, 0, 0
9133, 1, 1636431191313, 1636431191401, 88, 0, 88, 0, 0, 0
9134, 1, 1636431191645, 1636431191733, 88, 0, 88, 0, 0, 0
9135, 1, 1636431191673, 1636431191757, 84, 0, 84, 0, 0, 0
9136, 1, 1636431191713, 1636431191797, 84, 0, 84, 0, 0, 0
9137, 1, 1636431192077, 1636431192170, 93, 0, 93, 0, 0, 0
9138, 1, 1636431192142, 1636431192234, 92, 0, 92, 0, 0, 0
9139, 1, 1636431192221, 1636431192389, 168, 0, 168, 0, 0, 0
9140, 1, 1636431192389, 1636431192493, 104, 0, 104, 0, 0, 0
9141, 1, 1636431192517, 1636431192601, 84, 0, 84, 0, 0, 0
9142, 1, 1636431192585, 1636431192669, 84, 0, 84, 0, 0, 0
9143, 1, 1636431192605, 1636431192689, 84, 0, 84, 0, 0, 0
9145, 1, 1636431192793, 1636431192877, 84, 0, 84, 0, 0, 0
9146, 1, 1636431192973, 1636431193057, 84, 0, 84, 0, 0, 0
9147, 1, 1636431192989, 1636431193073, 84, 0, 84, 0, 0, 0
9149, 1, 1636431193041, 1636431193125, 84, 0, 84, 0, 0, 0
9150, 1, 1636431193049, 1636431193133, 84, 0, 84, 0, 0, 0
9144, 1, 1636431193225, 1636431193318, 93, 1, 92, 0, 1, 1
9151, 1, 1636431193377, 1636431193469, 92, 1, 91, 0, 0, 0
9152, 1, 1636431193481, 1636431193565, 84, 0, 84, 0, 0, 0
9148, 1, 1636431193481, 1636431193565, 84, 0, 84, 0, 0, 0
9153, 1, 1636431193597, 1636431193681, 84, 0, 84, 0, 0, 0
9154, 1, 1636431193681, 1636431193765, 84, 0, 84, 0, 0, 0
9158, 1, 1636431193885, 1636431194001, 116, 0, 116, 0, 0, 0
9155, 1, 1636431193918, 1636431194005, 87, 0, 87, 0, 0, 0
9159, 1, 1636431194034, 1636431194126, 92, 0, 92, 0, 0, 0
9161, 1, 1636431194269, 1636431194357, 88, 0, 88, 0, 0, 0
9162, 1, 1636431194293, 1636431194421, 128, 0, 128, 0, 0, 0
9165, 1, 1636431194337, 1636431194425, 88, 0, 88, 0, 0, 0
9166, 1, 1636431194433, 1636431194517, 84, 0, 84, 0, 0, 0
9160, 1, 1636431194513, 1636431194597, 84, 0, 84, 0, 0, 0
9167, 1, 1636431194689, 1636431194773, 84, 0, 84, 0, 0, 0
9163, 1, 1636431194773, 1636431194869, 96, 1, 95, 1, 0, 1
9169, 1, 1636431194873, 1636431194965, 92, 0, 92, 0, 0, 0
9171, 1, 1636431195053, 1636431195146, 93, 1, 92, 0, 0, 0
9173, 1, 1636431195229, 1636431195322, 93, 0, 93, 0, 0, 0
9174, 1, 1636431195317, 1636431195410, 93, 1, 92, 0, 0, 0
9178, 1, 1636431195673, 1636431195765, 92, 1, 91, 1, 0, 1
9177, 1, 1636431195673, 1636431195765, 92, 1, 91, 0, 0, 0
9172, 1, 1636431195673, 1636431195769, 96, 1, 95, 1, 0, 1
9176, 1, 1636431195673, 1636431195769, 96, 1, 95, 0, 1, 1
9179, 1, 1636431195713, 1636431195801, 88, 0, 88, 0, 0, 0
9175, 1, 1636431195761, 1636431195850, 89, 0, 89, 0, 0, 0
9183, 1, 1636431196009, 1636431196101, 92, 0, 92, 0, 0, 0
9168, 1, 1636431196049, 1636431196145, 96, 0, 96, 0, 0, 0
9180, 1, 1636431196121, 1636431196209, 88, 0, 88, 0, 0, 0
9182, 1, 1636431196130, 1636431196217, 87, 0, 87, 0, 0, 0
9181, 1, 1636431196130, 1636431196217, 87, 0, 87, 0, 0, 0
9188, 1, 1636431196473, 1636431196561, 88, 1, 87, 0, 0, 0
9187, 1, 1636431196565, 1636431196653, 88, 0, 88, 0, 0, 0
9184, 1, 1636431196573, 1636431196665, 92, 0, 92, 0, 0, 0
9186, 1, 1636431196573, 1636431196665, 92, 0, 92, 0, 0, 0
9189, 1, 1636431196665, 1636431196757, 92, 1, 91, 0, 1, 1
9190, 1, 1636431196721, 1636431196809, 88, 1, 87, 0, 1, 1
9194, 1, 1636431196985, 1636431197073, 88, 0, 88, 0, 0, 0
9195, 1, 1636431196993, 1636431197077, 84, 0, 84, 0, 0, 0
9192, 1, 1636431197029, 1636431197121, 92, 0, 92, 0, 0, 0
9197, 1, 1636431197045, 1636431197134, 89, 0, 89, 0, 0, 0
9193, 1, 1636431197113, 1636431197206, 93, 1, 92, 0, 1, 1
9199, 1, 1636431197313, 1636431197402, 89, 0, 89, 0, 0, 0
9196, 1, 1636431197433, 1636431197525, 92, 0, 92, 0, 0, 0
9198, 1, 1636431197473, 1636431197566, 93, 0, 93, 0, 0, 0
9200, 1, 1636431197493, 1636431197581, 88, 1, 87, 0, 1, 1
9191, 1, 1636431197566, 1636431197658, 92, 0, 92, 0, 0, 0
9203, 1, 1636431197801, 1636431197889, 88, 1, 87, 0, 1, 1
9202, 1, 1636431197885, 1636431197973, 88, 0, 88, 0, 0, 0
9201, 1, 1636431197933, 1636431198017, 84, 0, 84, 0, 0, 0
9204, 1, 1636431197969, 1636431198061, 92, 1, 91, 0, 0, 0
9205, 1, 1636431198009, 1636431198097, 88, 1, 87, 0, 0, 0
9206, 1, 1636431198253, 1636431198349, 96, 1, 95, 1, 0, 1
9207, 1, 1636431198265, 1636431198353, 88, 0, 88, 0, 0, 0
9208, 1, 1636431198321, 1636431198417, 96, 0, 96, 0, 0, 0
9209, 1, 1636431198329, 1636431198417, 88, 0, 88, 0, 0, 0
9210, 1, 1636431198366, 1636431198457, 91, 0, 91, 0, 0, 0
9212, 1, 1636431198401, 1636431198493, 92, 0, 92, 0, 0, 0
9214, 1, 1636431198701, 1636431198794, 93, 1, 92, 0, 1, 1
9213, 1, 1636431198765, 1636431198861, 96, 0, 96, 0, 0, 0
9211, 1, 1636431198809, 1636431198902, 93, 1, 92, 1, 0, 1
9215, 1, 1636431198861, 1636431198953, 92, 1, 91, 0, 0, 0
9217, 1, 1636431199114, 1636431199206, 92, 0, 92, 0, 0, 0
9216, 1, 1636431199213, 1636431199301, 88, 1, 87, 0, 1, 1
9218, 1, 1636431199261, 1636431199345, 84, 0, 84, 0, 0, 0
9219, 1, 1636431199301, 1636431199393, 92, 0, 92, 0, 0, 0
9220, 1, 1636431199345, 1636431199437, 92, 0, 92, 0, 0, 0
9221, 1, 1636431199545, 1636431199637, 92, 1, 91, 0, 0, 0
9222, 1, 1636431199573, 1636431199661, 88, 0, 88, 0, 0, 0
9223, 1, 1636431199657, 1636431199753, 96, 0, 96, 0, 0, 0
9224, 1, 1636431199677, 1636431199769, 92, 0, 92, 0, 0, 0
9225, 1, 1636431199697, 1636431199790, 93, 1, 92, 0, 0, 0
9227, 1, 1636431199790, 1636431199877, 87, 0, 87, 0, 0, 0
9228, 1, 1636431200130, 1636431200221, 91, 0, 91, 0, 0, 0
9229, 1, 1636431200145, 1636431200238, 93, 0, 93, 0, 0, 0
9230, 1, 1636431200237, 1636431200329, 92, 1, 91, 0, 0, 0
9232, 1, 1636431200429, 1636431200522, 93, 0, 93, 0, 0, 0
9231, 1, 1636431200586, 1636431200673, 87, 0, 87, 0, 0, 0
9233, 1, 1636431200598, 1636431200685, 87, 0, 87, 0, 0, 0
9234, 1, 1636431200665, 1636431200761, 96, 1, 95, 0, 1, 1
9235, 1, 1636431200701, 1636431200794, 93, 1, 92, 0, 0, 0
9236, 1, 1636431200909, 1636431201001, 92, 1, 91, 0, 0, 0
9237, 1, 1636431200929, 1636431201017, 88, 1, 87, 0, 1, 1
9238, 1, 1636431200945, 1636431201037, 92, 1, 91, 0, 0, 0
9239, 1, 1636431201017, 1636431201109, 92, 1, 91, 0, 1, 1
9226, 1, 1636431201045, 1636431201133, 88, 1, 87, 0, 1, 1
9240, 1, 1636431201077, 1636431201173, 96, 1, 95, 0, 0, 0
9243, 1, 1636431201369, 1636431201461, 92, 1, 91, 0, 0, 0
9241, 1, 1636431201497, 1636431201589, 92, 0, 92, 0, 0, 0
9242, 1, 1636431201533, 1636431201625, 92, 1, 91, 1, 0, 1
9245, 1, 1636431201713, 1636431201805, 92, 0, 92, 0, 0, 0
9246, 1, 1636431201725, 1636431201813, 88, 0, 88, 0, 0, 0
9248, 1, 1636431201769, 1636431201857, 88, 1, 87, 1, 0, 1
9244, 1, 1636431201949, 1636431202037, 88, 0, 88, 0, 0, 0
9249, 1, 1636431201969, 1636431202062, 93, 0, 93, 0, 0, 0
9247, 1, 1636431201985, 1636431202073, 88, 0, 88, 0, 0, 0
9250, 1, 1636431201993, 1636431202081, 88, 0, 88, 0, 0, 0
9251, 1, 1636431202201, 1636431202289, 88, 0, 88, 0, 0, 0
9252, 1, 1636431202253, 1636431202341, 88, 1, 87, 0, 0, 0
9253, 1, 1636431202269, 1636431202362, 93, 1, 92, 0, 1, 1
9254, 1, 1636431202397, 1636431202486, 89, 1, 88, 0, 0, 0
9255, 1, 1636431202413, 1636431202505, 92, 0, 92, 0, 0, 0
9256, 1, 1636431202422, 1636431202513, 91, 0, 91, 0, 0, 0
9258, 1, 1636431202721, 1636431202805, 84, 0, 84, 0, 0, 0
9257, 1, 1636431202845, 1636431202929, 84, 0, 84, 0, 0, 0
9259, 1, 1636431202857, 1636431202941, 84, 0, 84, 0, 0, 0
9262, 1, 1636431203069, 1636431203166, 97, 1, 96, 0, 0, 0
9261, 1, 1636431203069, 1636431203166, 97, 1, 96, 0, 0, 0
9263, 1, 1636431203173, 1636431203257, 84, 0, 84, 0, 0, 0
9264, 1, 1636431203278, 1636431203370, 92, 0, 92, 0, 0, 0
9260, 1, 1636431203285, 1636431203377, 92, 0, 92, 0, 0, 0
9265, 1, 1636431203305, 1636431203397, 92, 0, 92, 0, 0, 0
9266, 1, 1636431203598, 1636431203702, 104, 0, 104, 0, 0, 0
9268, 1, 1636431203702, 1636431203789, 87, 1, 86, 0, 1, 1
9267, 1, 1636431203702, 1636431203793, 91, 0, 91, 0, 0, 0
9269, 1, 1636431203702, 1636431203793, 91, 1, 90, 0, 1, 1
9270, 1, 1636431203877, 1636431203961, 84, 0, 84, 0, 0, 0
9271, 1, 1636431203877, 1636431203961, 84, 0, 84, 0, 0, 0
9273, 1, 1636431204074, 1636431204185, 111, 0, 111, 0, 0, 0
9274, 1, 1636431204121, 1636431204213, 92, 0, 92, 0, 0, 0
9275, 1, 1636431204133, 1636431204229, 96, 0, 96, 0, 0, 0
9272, 1, 1636431204185, 1636431204273, 88, 0, 88, 0, 0, 0
9276, 1, 1636431204317, 1636431204405, 88, 1, 87, 0, 0, 0
9278, 1, 1636431204405, 1636431204493, 88, 1, 87, 1, 0, 1
9279, 1, 1636431204449, 1636431204538, 89, 0, 89, 0, 0, 0
9280, 1, 1636431204558, 1636431204645, 87, 0, 87, 0, 0, 0
9281, 1, 1636431204558, 1636431204653, 95, 0, 95, 0, 0, 0
9282, 1, 1636431204625, 1636431204745, 120, 1, 119, 1, 0, 1
9283, 1, 1636431204645, 1636431204745, 100, 1, 99, 1, 0, 1
9277, 1, 1636431204625, 1636431204745, 120, 0, 120, 0, 0, 0
9185, 1, 1636431204877, 1636431204973, 96, 1, 95, 0, 0, 0
9285, 1, 1636431204973, 1636431205077, 104, 1, 103, 0, 0, 0
9286, 1, 1636431204973, 1636431205077, 104, 1, 103, 0, 0, 0
9284, 1, 1636431205010, 1636431205102, 92, 0, 92, 0, 0, 0
9287, 1, 1636431205010, 1636431205102, 92, 0, 92, 0, 0, 0
9289, 1, 1636431205169, 1636431205261, 92, 1, 91, 0, 0, 0
9288, 1, 1636431205178, 1636431205269, 91, 0, 91, 0, 0, 0
9292, 1, 1636431205321, 1636431205409, 88, 0, 88, 0, 0, 0
9293, 1, 1636431205377, 1636431205469, 92, 0, 92, 0, 0, 0
9294, 1, 1636431205437, 1636431205525, 88, 1, 87, 0, 0, 0
9290, 1, 1636431205469, 1636431205558, 89, 1, 88, 0, 0, 0
9291, 1, 1636431205469, 1636431205558, 89, 1, 88, 0, 0, 0
9296, 1, 1636431205557, 1636431205646, 89, 1, 88, 0, 1, 1
9298, 1, 1636431205713, 1636431205801, 88, 1, 87, 0, 0, 0
9299, 1, 1636431205741, 1636431205829, 88, 0, 88, 0, 0, 0
9300, 1, 1636431205841, 1636431205933, 92, 0, 92, 0, 0, 0
9301, 1, 1636431205921, 1636431206009, 88, 1, 87, 0, 0, 0
9297, 1, 1636431205925, 1636431206017, 92, 1, 91, 0, 0, 0
9295, 1, 1636431205925, 1636431206017, 92, 1, 91, 0, 0, 0
9302, 1, 1636431205925, 1636431206017, 92, 1, 91, 0, 1, 1
9303, 1, 1636431205973, 1636431206061, 88, 0, 88, 0, 0, 0
9304, 1, 1636431206237, 1636431206329, 92, 0, 92, 0, 0, 0
9305, 1, 1636431206285, 1636431206369, 84, 0, 84, 0, 0, 0
9306, 1, 1636431206329, 1636431206414, 85, 0, 85, 0, 0, 0
9307, 1, 1636431206369, 1636431206457, 88, 1, 87, 0, 0, 0
9308, 1, 1636431206381, 1636431206469, 88, 1, 87, 0, 1, 1
9309, 1, 1636431206469, 1636431206561, 92, 0, 92, 0, 0, 0
9310, 1, 1636431206585, 1636431206677, 92, 0, 92, 0, 0, 0
9312, 1, 1636431206665, 1636431206753, 88, 1, 87, 0, 0, 0
9313, 1, 1636431206677, 1636431206769, 92, 1, 91, 0, 1, 1
9311, 1, 1636431206809, 1636431206901, 92, 1, 91, 1, 0, 1
9315, 1, 1636431206809, 1636431206901, 92, 1, 91, 0, 0, 0
9316, 1, 1636431207049, 1636431207141, 92, 1, 91, 0, 0, 0
9318, 1, 1636431207073, 1636431207165, 92, 1, 91, 0, 1, 1
9314, 1, 1636431207110, 1636431207201, 91, 0, 91, 0, 0, 0
9320, 1, 1636431207201, 1636431207293, 92, 1, 91, 1, 0, 1
9321, 1, 1636431207261, 1636431207353, 92, 1, 91, 1, 0, 1
9317, 1, 1636431207261, 1636431207361, 100, 1, 99, 0, 0, 0
9322, 1, 1636431207261, 1636431207361, 100, 1, 99, 1, 0, 1
9319, 1, 1636431207561, 1636431207650, 89, 0, 89, 0, 0, 0
9323, 1, 1636431207621, 1636431207709, 88, 0, 88, 0, 0, 0
9324, 1, 1636431207637, 1636431207729, 92, 0, 92, 0, 0, 0
9326, 1, 1636431207717, 1636431207809, 92, 1, 91, 0, 0, 0
9327, 1, 1636431207753, 1636431207845, 92, 0, 92, 0, 0, 0
9328, 1, 1636431207777, 1636431207869, 92, 1, 91, 0, 1, 1
9329, 1, 1636431207885, 1636431207977, 92, 0, 92, 0, 0, 0
9330, 1, 1636431208001, 1636431208094, 93, 1, 92, 0, 1, 1
9332, 1, 1636431208009, 1636431208097, 88, 1, 87, 0, 1, 1
9325, 1, 1636431208017, 1636431208110, 93, 0, 93, 0, 0, 0
9333, 1, 1636431208069, 1636431208157, 88, 0, 88, 0, 0, 0
9334, 1, 1636431208094, 1636431208181, 87, 0, 87, 0, 0, 0
9331, 1, 1636431208197, 1636431208290, 93, 1, 92, 0, 0, 0
9335, 1, 1636431208337, 1636431208425, 88, 1, 87, 0, 0, 0
9336, 1, 1636431208410, 1636431208502, 92, 0, 92, 0, 0, 0
9338, 1, 1636431208502, 1636431208594, 92, 0, 92, 0, 0, 0
9339, 1, 1636431208529, 1636431208617, 88, 0, 88, 0, 0, 0
9341, 1, 1636431208573, 1636431208661, 88, 0, 88, 0, 0, 0
9337, 1, 1636431208645, 1636431208741, 96, 0, 96, 0, 0, 0
9340, 1, 1636431208781, 1636431208873, 92, 0, 92, 0, 0, 0
9342, 1, 1636431208913, 1636431209005, 92, 0, 92, 0, 0, 0
9343, 1, 1636431208913, 1636431209006, 93, 0, 93, 0, 0, 0
9344, 1, 1636431209045, 1636431209138, 93, 1, 92, 0, 0, 0
9347, 1, 1636431209109, 1636431209197, 88, 1, 87, 0, 0, 0
9346, 1, 1636431209109, 1636431209197, 88, 1, 87, 1, 0, 1
9348, 1, 1636431209209, 1636431209293, 84, 0, 84, 0, 0, 0
9345, 1, 1636431209229, 1636431209322, 93, 0, 93, 0, 0, 0
9350, 1, 1636431209289, 1636431209377, 88, 0, 88, 0, 0, 0
9351, 1, 1636431209333, 1636431209421, 88, 0, 88, 0, 0, 0
9352, 1, 1636431209377, 1636431209465, 88, 1, 87, 0, 0, 0
9353, 1, 1636431209425, 1636431209513, 88, 0, 88, 0, 0, 0
9354, 1, 1636431209649, 1636431209737, 88, 1, 87, 0, 0, 0
9349, 1, 1636431209677, 1636431209769, 92, 0, 92, 0, 0, 0
9355, 1, 1636431209713, 1636431209805, 92, 0, 92, 0, 0, 0
9357, 1, 1636431209793, 1636431209885, 92, 1, 91, 1, 0, 1
9358, 1, 1636431209885, 1636431209978, 93, 1, 92, 1, 0, 1
9359, 1, 1636431209897, 1636431209986, 89, 1, 88, 0, 0, 0
9360, 1, 1636431209897, 1636431209986, 89, 1, 88, 1, 0, 1
9356, 1, 1636431210138, 1636431210229, 91, 0, 91, 0, 0, 0
9361, 1, 1636431210189, 1636431210277, 88, 1, 87, 0, 0, 0
9362, 1, 1636431210325, 1636431210409, 84, 0, 84, 0, 0, 0
9363, 1, 1636431210342, 1636431210433, 91, 0, 91, 0, 0, 0
9364, 1, 1636431210362, 1636431210457, 95, 0, 95, 0, 0, 0
9365, 1, 1636431210397, 1636431210497, 100, 0, 100, 0, 0, 0
9366, 1, 1636431210442, 1636431210533, 91, 0, 91, 0, 0, 0
9367, 1, 1636431210533, 1636431210621, 88, 0, 88, 0, 0, 0
9370, 1, 1636431210662, 1636431210753, 91, 0, 91, 0, 0, 0
9371, 1, 1636431210717, 1636431210813, 96, 0, 96, 0, 0, 0
9368, 1, 1636431210793, 1636431210886, 93, 1, 92, 1, 0, 1
9373, 1, 1636431210801, 1636431210893, 92, 0, 92, 0, 0, 0
9369, 1, 1636431210822, 1636431210909, 87, 0, 87, 0, 0, 0
9372, 1, 1636431210985, 1636431211069, 84, 0, 84, 0, 0, 0
9374, 1, 1636431210997, 1636431211094, 97, 0, 97, 0, 0, 0
9377, 1, 1636431211193, 1636431211281, 88, 1, 87, 0, 0, 0
9378, 1, 1636431211233, 1636431211321, 88, 1, 87, 1, 0, 1
9376, 1, 1636431211245, 1636431211333, 88, 0, 88, 0, 0, 0
9375, 1, 1636431211269, 1636431211358, 89, 1, 88, 1, 0, 1
9379, 1, 1636431211261, 1636431211358, 97, 1, 96, 0, 1, 1
9380, 1, 1636431211537, 1636431211629, 92, 0, 92, 0, 0, 0
9382, 1, 1636431211649, 1636431211741, 92, 0, 92, 0, 0, 0
9381, 1, 1636431211693, 1636431211785, 92, 1, 91, 0, 1, 1
9383, 1, 1636431211721, 1636431211809, 88, 1, 87, 1, 0, 1
9384, 1, 1636431211749, 1636431211837, 88, 1, 87, 1, 0, 1
9385, 1, 1636431211773, 1636431211861, 88, 1, 87, 0, 0, 0
9386, 1, 1636431211869, 1636431211958, 89, 1, 88, 0, 1, 1
9390, 1, 1636431212045, 1636431212133, 88, 1, 87, 0, 1, 1
9389, 1, 1636431212037, 1636431212133, 96, 1, 95, 1, 0, 1
9388, 1, 1636431212089, 1636431212181, 92, 0, 92, 0, 0, 0
9391, 1, 1636431212101, 1636431212193, 92, 1, 91, 1, 0, 1
9387, 1, 1636431212197, 1636431212285, 88, 0, 88, 0, 0, 0
9392, 1, 1636431212313, 1636431212406, 93, 0, 93, 0, 0, 0
9394, 1, 1636431212393, 1636431212486, 93, 1, 92, 0, 1, 1
9396, 1, 1636431212533, 1636431212621, 88, 0, 88, 0, 0, 0
9393, 1, 1636431212541, 1636431212625, 84, 0, 84, 0, 0, 0
9397, 1, 1636431212569, 1636431212661, 92, 0, 92, 0, 0, 0
9398, 1, 1636431212577, 1636431212665, 88, 0, 88, 0, 0, 0
9395, 1, 1636431212653, 1636431212746, 93, 1, 92, 1, 0, 1
9399, 1, 1636431212845, 1636431212942, 97, 1, 96, 1, 0, 1
9401, 1, 1636431212981, 1636431213073, 92, 0, 92, 0, 0, 0
9402, 1, 1636431212993, 1636431213089, 96, 1, 95, 0, 0, 0
9403, 1, 1636431213105, 1636431213193, 88, 0, 88, 0, 0, 0
9400, 1, 1636431213097, 1636431213193, 96, 1, 95, 1, 0, 1
9404, 1, 1636431213133, 1636431213226, 93, 1, 92, 1, 0, 1
9405, 1, 1636431213185, 1636431213277, 92, 1, 91, 0, 1, 1
9407, 1, 1636431213201, 1636431213289, 88, 1, 87, 0, 1, 1
9408, 1, 1636431213389, 1636431213477, 88, 0, 88, 0, 0, 0
9409, 1, 1636431213429, 1636431213522, 93, 0, 93, 0, 0, 0
9406, 1, 1636431213429, 1636431213522, 93, 0, 93, 0, 0, 0
9411, 1, 1636431213481, 1636431213573, 92, 1, 91, 0, 1, 1
9410, 1, 1636431213641, 1636431213733, 92, 1, 91, 0, 1, 1
9413, 1, 1636431213721, 1636431213817, 96, 1, 95, 0, 0, 0
9414, 1, 1636431213753, 1636431213845, 92, 1, 91, 1, 0, 1
9415, 1, 1636431213861, 1636431213949, 88, 1, 87, 0, 1, 1
9412, 1, 1636431213886, 1636431213981, 95, 0, 95, 0, 0, 0
9416, 1, 1636431213886, 1636431213981, 95, 0, 95, 0, 0, 0
9417, 1, 1636431213941, 1636431214033, 92, 0, 92, 0, 0, 0
9418, 1, 1636431214217, 1636431214313, 96, 3, 93, 2, 1, 3
9419, 1, 1636431214229, 1636431214322, 93, 1, 92, 0, 1, 1
9420, 1, 1636431214322, 1636431214413, 91, 0, 91, 0, 0, 0
9421, 1, 1636431214393, 1636431214489, 96, 1, 95, 1, 0, 1
9422, 1, 1636431214413, 1636431214509, 96, 1, 95, 1, 0, 1
9426, 1, 1636431214585, 1636431214678, 93, 1, 92, 0, 0, 0
9427, 1, 1636431214670, 1636431214762, 92, 0, 92, 0, 0, 0
9428, 1, 1636431214745, 1636431214837, 92, 1, 91, 0, 1, 1
9425, 1, 1636431214774, 1636431214861, 87, 0, 87, 0, 0, 0
9430, 1, 1636431214861, 1636431214953, 92, 1, 91, 1, 0, 1
9429, 1, 1636431214865, 1636431214957, 92, 1, 91, 0, 0, 0
9432, 1, 1636431215054, 1636431215141, 87, 0, 87, 0, 0, 0
9433, 1, 1636431215114, 1636431215201, 87, 0, 87, 0, 0, 0
9431, 1, 1636431215217, 1636431215309, 92, 1, 91, 0, 0, 0
9435, 1, 1636431215230, 1636431215322, 92, 0, 92, 0, 0, 0
9436, 1, 1636431215281, 1636431215373, 92, 0, 92, 0, 0, 0
9437, 1, 1636431215529, 1636431215621, 92, 1, 91, 0, 0, 0
9438, 1, 1636431215593, 1636431215681, 88, 1, 87, 0, 1, 1
9440, 1, 1636431215674, 1636431215766, 92, 0, 92, 0, 0, 0
9441, 1, 1636431215797, 1636431215885, 88, 1, 87, 0, 1, 1
9442, 1, 1636431215866, 1636431215957, 91, 0, 91, 0, 0, 0
9444, 1, 1636431215946, 1636431216034, 88, 0, 88, 0, 0, 0
9445, 1, 1636431216037, 1636431216134, 97, 1, 96, 0, 1, 1
9447, 1, 1636431216185, 1636431216273, 88, 0, 88, 0, 0, 0
9449, 1, 1636431216401, 1636431216489, 88, 1, 87, 1, 0, 1
9450, 1, 1636431216406, 1636431216493, 87, 0, 87, 0, 0, 0
9451, 1, 1636431216573, 1636431216665, 92, 0, 92, 0, 0, 0
9452, 1, 1636431216617, 1636431216705, 88, 0, 88, 0, 0, 0
9453, 1, 1636431216878, 1636431216969, 91, 0, 91, 0, 0, 0
9454, 1, 1636431216913, 1636431217005, 92, 1, 91, 0, 1, 1
9455, 1, 1636431216953, 1636431217045, 92, 0, 92, 0, 0, 0
9456, 1, 1636431217121, 1636431217213, 92, 1, 91, 0, 0, 0
9457, 1, 1636431217169, 1636431217258, 89, 0, 89, 0, 0, 0
9458, 1, 1636431217289, 1636431217382, 93, 1, 92, 1, 0, 1
9459, 1, 1636431217389, 1636431217477, 88, 1, 87, 1, 0, 1
9460, 1, 1636431217466, 1636431217557, 91, 0, 91, 0, 0, 0
9461, 1, 1636431217697, 1636431217789, 92, 1, 91, 1, 0, 1
9462, 1, 1636431217749, 1636431217837, 88, 0, 88, 0, 0, 0
9463, 1, 1636431217905, 1636431217997, 92, 0, 92, 0, 0, 0
9464, 1, 1636431217965, 1636431218057, 92, 1, 91, 1, 0, 1
9465, 1, 1636431218177, 1636431218269, 92, 0, 92, 0, 0, 0
9466, 1, 1636431218313, 1636431218402, 89, 1, 88, 1, 0, 1
9467, 1, 1636431218329, 1636431218417, 88, 0, 88, 0, 0, 0
9468, 1, 1636431218461, 1636431218550, 89, 1, 88, 1, 0, 1
9469, 1, 1636431218553, 1636431218649, 96, 0, 96, 0, 0, 0
9470, 1, 1636431218661, 1636431218753, 92, 0, 92, 0, 0, 0
9471, 1, 1636431218725, 1636431218817, 92, 0, 92, 0, 0, 0
9472, 1, 1636431218841, 1636431218933, 92, 1, 91, 0, 1, 1
9473, 1, 1636431219030, 1636431219118, 88, 0, 88, 0, 0, 0
9474, 1, 1636431219081, 1636431219174, 93, 1, 92, 1, 0, 1
9475, 1, 1636431219258, 1636431219350, 92, 0, 92, 0, 0, 0
9476, 1, 1636431219297, 1636431219393, 96, 1, 95, 0, 1, 1
9477, 1, 1636431219569, 1636431219662, 93, 1, 92, 0, 0, 0
9478, 1, 1636431219586, 1636431219677, 91, 0, 91, 0, 0, 0
9479, 1, 1636431219649, 1636431219737, 88, 1, 87, 0, 1, 1
9480, 1, 1636431219785, 1636431219878, 93, 0, 93, 0, 0, 0
9481, 1, 1636431219841, 1636431219933, 92, 1, 91, 1, 0, 1
9482, 1, 1636431220001, 1636431220085, 84, 0, 84, 0, 0, 0
9483, 1, 1636431220057, 1636431220149, 92, 0, 92, 0, 0, 0
9484, 1, 1636431220229, 1636431220321, 92, 1, 91, 0, 1, 1
9485, 1, 1636431220305, 1636431220398, 93, 1, 92, 1, 0, 1
9486, 1, 1636431220369, 1636431220461, 92, 1, 91, 0, 1, 1
9487, 1, 1636431220602, 1636431220698, 96, 0, 96, 0, 0, 0
9488, 1, 1636431220641, 1636431220734, 93, 1, 92, 0, 1, 1
9489, 1, 1636431220861, 1636431220953, 92, 1, 91, 0, 1, 1
9490, 1, 1636431220889, 1636431220981, 92, 1, 91, 1, 0, 1
9491, 1, 1636431220933, 1636431221025, 92, 1, 91, 0, 0, 0
9492, 1, 1636431221141, 1636431221229, 88, 1, 87, 1, 0, 1
9493, 1, 1636431221153, 1636431221237, 84, 0, 84, 0, 0, 0
9494, 1, 1636431221281, 1636431221370, 89, 0, 89, 0, 0, 0
9495, 1, 1636431221370, 1636431221457, 87, 0, 87, 0, 0, 0
9496, 1, 1636431221522, 1636431221614, 92, 0, 92, 0, 0, 0
9497, 1, 1636431221661, 1636431221753, 92, 1, 91, 0, 1, 1
9498, 1, 1636431221690, 1636431221785, 95, 0, 95, 0, 0, 0
9499, 1, 1636431221914, 1636431222005, 91, 0, 91, 0, 0, 0
9500, 1, 1636431221969, 1636431222061, 92, 0, 92, 0, 0, 0
9501, 1, 1636431222141, 1636431222233, 92, 1, 91, 0, 0, 0
9502, 1, 1636431222181, 1636431222269, 88, 1, 87, 0, 0, 0
9503, 1, 1636431222313, 1636431222397, 84, 0, 84, 0, 0, 0
9504, 1, 1636431222502, 1636431222593, 91, 0, 91, 0, 0, 0
9505, 1, 1636431222530, 1636431222621, 91, 0, 91, 0, 0, 0
9506, 1, 1636431222586, 1636431222677, 91, 0, 91, 0, 0, 0
9508, 1, 1636431222817, 1636431222910, 93, 1, 92, 0, 1, 1
9509, 1, 1636431223029, 1636431223117, 88, 1, 87, 0, 0, 0
9507, 1, 1636431223033, 1636431223121, 88, 1, 87, 0, 1, 1
9510, 1, 1636431223070, 1636431223161, 91, 0, 91, 0, 0, 0
9511, 1, 1636431223278, 1636431223369, 91, 0, 91, 0, 0, 0
9512, 1, 1636431223285, 1636431223377, 92, 1, 91, 0, 0, 0
9513, 1, 1636431223489, 1636431223581, 92, 1, 91, 0, 0, 0
9514, 1, 1636431223577, 1636431223669, 92, 1, 91, 0, 1, 1
9515, 1, 1636431223602, 1636431223693, 91, 0, 91, 0, 0, 0
9516, 1, 1636431223830, 1636431223921, 91, 0, 91, 0, 0, 0
9517, 1, 1636431223862, 1636431223953, 91, 0, 91, 0, 0, 0
9518, 1, 1636431223889, 1636431223978, 89, 1, 88, 0, 1, 1
9519, 1, 1636431224045, 1636431224138, 93, 1, 92, 0, 0, 0
9520, 1, 1636431224105, 1636431224197, 92, 1, 91, 0, 1, 1
9522, 1, 1636431224425, 1636431224517, 92, 1, 91, 0, 0, 0
9521, 1, 1636431224425, 1636431224517, 92, 1, 91, 0, 0, 0
9523, 1, 1636431224650, 1636431224741, 91, 0, 91, 0, 0, 0
9524, 1, 1636431224657, 1636431224745, 88, 1, 87, 1, 0, 1
9525, 1, 1636431224873, 1636431224965, 92, 1, 91, 0, 1, 1
9526, 1, 1636431224890, 1636431224982, 92, 0, 92, 0, 0, 0
9527, 1, 1636431224897, 1636431224990, 93, 1, 92, 0, 0, 0
9528, 1, 1636431225229, 1636431225321, 92, 1, 91, 0, 1, 1
9529, 1, 1636431225229, 1636431225321, 92, 1, 91, 1, 0, 1
9530, 1, 1636431225229, 1636431225321, 92, 1, 91, 0, 1, 1
9531, 1, 1636431225381, 1636431225489, 108, 1, 107, 0, 1, 1
9532, 1, 1636431225406, 1636431225497, 91, 0, 91, 0, 0, 0
9534, 1, 1636431225669, 1636431225761, 92, 1, 91, 0, 0, 0
9535, 1, 1636431225669, 1636431225762, 93, 1, 92, 0, 0, 0
9533, 1, 1636431225669, 1636431225762, 93, 1, 92, 1, 0, 1
9536, 1, 1636431225705, 1636431225793, 88, 1, 87, 0, 0, 0
9537, 1, 1636431225765, 1636431225861, 96, 0, 96, 0, 0, 0
9539, 1, 1636431225965, 1636431226061, 96, 0, 96, 0, 0, 0
9540, 1, 1636431226053, 1636431226145, 92, 0, 92, 0, 0, 0
9448, 1, 1636431226097, 1636431226189, 92, 1, 91, 0, 0, 0
9538, 1, 1636431226117, 1636431226209, 92, 0, 92, 0, 0, 0
9542, 1, 1636431226234, 1636431226321, 87, 0, 87, 0, 0, 0
9543, 1, 1636431226234, 1636431226325, 91, 0, 91, 0, 0, 0
9544, 1, 1636431226389, 1636431226486, 97, 0, 97, 0, 0, 0
9545, 1, 1636431226449, 1636431226537, 88, 1, 87, 1, 0, 1
9546, 1, 1636431226533, 1636431226625, 92, 0, 92, 0, 0, 0
9541, 1, 1636431226569, 1636431226661, 92, 0, 92, 0, 0, 0
9547, 1, 1636431226609, 1636431226701, 92, 1, 91, 0, 1, 1
9548, 1, 1636431226705, 1636431226797, 92, 1, 91, 1, 0, 1
9551, 1, 1636431226841, 1636431226933, 92, 1, 91, 0, 0, 0
9549, 1, 1636431226841, 1636431226933, 92, 1, 91, 1, 0, 1
9553, 1, 1636431226905, 1636431226993, 88, 1, 87, 0, 1, 1
9550, 1, 1636431227030, 1636431227122, 92, 0, 92, 0, 0, 0
9554, 1, 1636431227030, 1636431227122, 92, 0, 92, 0, 0, 0
9555, 1, 1636431227113, 1636431227205, 92, 1, 91, 1, 0, 1
9556, 1, 1636431227293, 1636431227385, 92, 0, 92, 0, 0, 0
9557, 1, 1636431227293, 1636431227386, 93, 0, 93, 0, 0, 0
9558, 1, 1636431227385, 1636431227474, 89, 1, 88, 0, 0, 0
9560, 1, 1636431227574, 1636431227661, 87, 0, 87, 0, 0, 0
9561, 1, 1636431227585, 1636431227673, 88, 1, 87, 0, 1, 1
9562, 1, 1636431227649, 1636431227741, 92, 0, 92, 0, 0, 0
9563, 1, 1636431227781, 1636431227873, 92, 1, 91, 0, 1, 1
9564, 1, 1636431227793, 1636431227885, 92, 0, 92, 0, 0, 0
9565, 1, 1636431227993, 1636431228089, 96, 0, 96, 0, 0, 0
9566, 1, 1636431228013, 1636431228105, 92, 0, 92, 0, 0, 0
9567, 1, 1636431228037, 1636431228130, 93, 1, 92, 0, 0, 0
9569, 1, 1636431228141, 1636431228233, 92, 0, 92, 0, 0, 0
9570, 1, 1636431228233, 1636431228325, 92, 1, 91, 1, 0, 1
9571, 1, 1636431228309, 1636431228402, 93, 1, 92, 1, 0, 1
9572, 1, 1636431228485, 1636431228577, 92, 0, 92, 0, 0, 0
9573, 1, 1636431228573, 1636431228665, 92, 0, 92, 0, 0, 0
9574, 1, 1636431228665, 1636431228757, 92, 1, 91, 0, 1, 1
9575, 1, 1636431228702, 1636431228793, 91, 0, 91, 0, 0, 0
9576, 1, 1636431228938, 1636431229029, 91, 0, 91, 0, 0, 0
9578, 1, 1636431228973, 1636431229065, 92, 1, 91, 0, 0, 0
9579, 1, 1636431229105, 1636431229197, 92, 1, 91, 0, 0, 0
9580, 1, 1636431229109, 1636431229205, 96, 1, 95, 0, 0, 0
9581, 1, 1636431229333, 1636431229429, 96, 1, 95, 1, 0, 1
9582, 1, 1636431229374, 1636431229465, 91, 0, 91, 0, 0, 0
9583, 1, 1636431229405, 1636431229493, 88, 0, 88, 0, 0, 0
9577, 1, 1636431229397, 1636431229493, 96, 0, 96, 0, 0, 0
9584, 1, 1636431229442, 1636431229533, 91, 0, 91, 0, 0, 0
9585, 1, 1636431229501, 1636431229594, 93, 1, 92, 0, 0, 0
9586, 1, 1636431229605, 1636431229702, 97, 0, 97, 0, 0, 0
9587, 1, 1636431229825, 1636431229913, 88, 0, 88, 0, 0, 0
9588, 1, 1636431229902, 1636431229989, 87, 0, 87, 0, 0, 0
9589, 1, 1636431229929, 1636431230017, 88, 0, 88, 0, 0, 0
9590, 1, 1636431230089, 1636431230181, 92, 1, 91, 0, 1, 1
9591, 1, 1636431230249, 1636431230341, 92, 1, 91, 0, 0, 0
9593, 1, 1636431230297, 1636431230386, 89, 0, 89, 0, 0, 0
9592, 1, 1636431230289, 1636431230386, 97, 1, 96, 0, 1, 1
9594, 1, 1636431230405, 1636431230497, 92, 0, 92, 0, 0, 0
9595, 1, 1636431230441, 1636431230534, 93, 1, 92, 0, 0, 0
9597, 1, 1636431230674, 1636431230765, 91, 0, 91, 0, 0, 0
9596, 1, 1636431230674, 1636431230765, 91, 0, 91, 0, 0, 0
9598, 1, 1636431230697, 1636431230793, 96, 1, 95, 0, 0, 0
9599, 1, 1636431230829, 1636431230917, 88, 1, 87, 0, 0, 0
9600, 1, 1636431230873, 1636431230965, 92, 1, 91, 1, 0, 1
9601, 1, 1636431230921, 1636431231013, 92, 0, 92, 0, 0, 0
9603, 1, 1636431231185, 1636431231273, 88, 1, 87, 0, 1, 1
9602, 1, 1636431231177, 1636431231273, 96, 1, 95, 0, 1, 1
9604, 1, 1636431231245, 1636431231333, 88, 0, 88, 0, 0, 0
9605, 1, 1636431231501, 1636431231593, 92, 1, 91, 0, 0, 0
9606, 1, 1636431231629, 1636431231717, 88, 0, 88, 0, 0, 0
9607, 1, 1636431231650, 1636431231737, 87, 0, 87, 0, 0, 0
9608, 1, 1636431231661, 1636431231753, 92, 1, 91, 0, 0, 0
9609, 1, 1636431231677, 1636431231769, 92, 0, 92, 0, 0, 0
9610, 1, 1636431231729, 1636431231817, 88, 1, 87, 0, 1, 1
9611, 1, 1636431231973, 1636431232065, 92, 1, 91, 0, 1, 1
9612, 1, 1636431231997, 1636431232081, 84, 0, 84, 0, 0, 0
9614, 1, 1636431232169, 1636431232261, 92, 1, 91, 1, 0, 1
9613, 1, 1636431232173, 1636431232270, 97, 0, 97, 0, 0, 0
9615, 1, 1636431232253, 1636431232349, 96, 1, 95, 1, 0, 1
9616, 1, 1636431232281, 1636431232374, 93, 1, 92, 0, 0, 0
9619, 1, 1636431232613, 1636431232706, 93, 1, 92, 0, 0, 0
9617, 1, 1636431232633, 1636431232726, 93, 1, 92, 0, 0, 0
9618, 1, 1636431232737, 1636431232833, 96, 1, 95, 0, 0, 0
9620, 1, 1636431232857, 1636431232949, 92, 0, 92, 0, 0, 0
9621, 1, 1636431232993, 1636431233085, 92, 0, 92, 0, 0, 0
9622, 1, 1636431232997, 1636431233089, 92, 1, 91, 0, 1, 1
9625, 1, 1636431233085, 1636431233177, 92, 1, 91, 0, 1, 1
9624, 1, 1636431233097, 1636431233185, 88, 1, 87, 0, 0, 0
9623, 1, 1636431233093, 1636431233185, 92, 0, 92, 0, 0, 0
9626, 1, 1636431233250, 1636431233341, 91, 0, 91, 0, 0, 0
9627, 1, 1636431233401, 1636431233489, 88, 1, 87, 1, 0, 1
9628, 1, 1636431233405, 1636431233497, 92, 0, 92, 0, 0, 0
9629, 1, 1636431233457, 1636431233545, 88, 0, 88, 0, 0, 0
9630, 1, 1636431233545, 1636431233637, 92, 0, 92, 0, 0, 0
9631, 1, 1636431233586, 1636431233674, 88, 0, 88, 0, 0, 0
9632, 1, 1636431233913, 1636431234006, 93, 1, 92, 0, 0, 0
9633, 1, 1636431233921, 1636431234013, 92, 1, 91, 0, 1, 1
9634, 1, 1636431233937, 1636431234029, 92, 1, 91, 1, 0, 1
9635, 1, 1636431234250, 1636431234341, 91, 0, 91, 0, 0, 0
9636, 1, 1636431234321, 1636431234414, 93, 1, 92, 0, 0, 0
9637, 1, 1636431234325, 1636431234417, 92, 1, 91, 0, 1, 1
9638, 1, 1636431234373, 1636431234457, 84, 0, 84, 0, 0, 0
9639, 1, 1636431234414, 1636431234501, 87, 0, 87, 0, 0, 0
9640, 1, 1636431234477, 1636431234569, 92, 0, 92, 0, 0, 0
9641, 1, 1636431234641, 1636431234738, 97, 1, 96, 0, 0, 0
9642, 1, 1636431234693, 1636431234785, 92, 0, 92, 0, 0, 0
9643, 1, 1636431234745, 1636431234833, 88, 0, 88, 0, 0, 0
9644, 1, 1636431234758, 1636431234845, 87, 0, 87, 0, 0, 0
9645, 1, 1636431234829, 1636431234921, 92, 1, 91, 1, 0, 1
9646, 1, 1636431234885, 1636431234973, 88, 1, 87, 1, 0, 1
9647, 1, 1636431235246, 1636431235338, 92, 0, 92, 0, 0, 0
9648, 1, 1636431235262, 1636431235353, 91, 0, 91, 0, 0, 0
9649, 1, 1636431235297, 1636431235389, 92, 0, 92, 0, 0, 0
9650, 1, 1636431235554, 1636431235645, 91, 0, 91, 0, 0, 0
9651, 1, 1636431235634, 1636431235726, 92, 0, 92, 0, 0, 0
9652, 1, 1636431235685, 1636431235773, 88, 1, 87, 0, 0, 0
9653, 1, 1636431235717, 1636431235809, 92, 0, 92, 0, 0, 0
9654, 1, 1636431235737, 1636431235825, 88, 0, 88, 0, 0, 0
9656, 1, 1636431235969, 1636431236061, 92, 1, 91, 0, 1, 1
9657, 1, 1636431236017, 1636431236106, 89, 0, 89, 0, 0, 0
9658, 1, 1636431236029, 1636431236121, 92, 1, 91, 0, 1, 1
9655, 1, 1636431236085, 1636431236177, 92, 1, 91, 0, 0, 0
9659, 1, 1636431236106, 1636431236197, 91, 0, 91, 0, 0, 0
9660, 1, 1636431236153, 1636431236241, 88, 1, 87, 0, 1, 1
9661, 1, 1636431236153, 1636431236245, 92, 1, 91, 0, 1, 1
9662, 1, 1636431236510, 1636431236598, 88, 0, 88, 0, 0, 0
9663, 1, 1636431236561, 1636431236649, 88, 0, 88, 0, 0, 0
9664, 1, 1636431236601, 1636431236694, 93, 1, 92, 1, 0, 1
9666, 1, 1636431236981, 1636431237074, 93, 1, 92, 1, 0, 1
9665, 1, 1636431237005, 1636431237097, 92, 0, 92, 0, 0, 0
9667, 1, 1636431237029, 1636431237121, 92, 0, 92, 0, 0, 0
9668, 1, 1636431237050, 1636431237137, 87, 0, 87, 0, 0, 0
9669, 1, 1636431237081, 1636431237170, 89, 0, 89, 0, 0, 0
9670, 1, 1636431237153, 1636431237241, 88, 0, 88, 0, 0, 0
9671, 1, 1636431237317, 1636431237409, 92, 1, 91, 0, 1, 1
9672, 1, 1636431237341, 1636431237433, 92, 1, 91, 0, 0, 0
9674, 1, 1636431237421, 1636431237513, 92, 1, 91, 0, 0, 0
9568, 1, 1636431237449, 1636431237537, 88, 1, 87, 0, 1, 1
9673, 1, 1636431237457, 1636431237549, 92, 0, 92, 0, 0, 0
9675, 1, 1636431237493, 1636431237582, 89, 1, 88, 1, 0, 1
9676, 1, 1636431237582, 1636431237669, 87, 0, 87, 0, 0, 0
9677, 1, 1636431237797, 1636431237889, 92, 0, 92, 0, 0, 0
9678, 1, 1636431237841, 1636431237933, 92, 1, 91, 1, 0, 1
9679, 1, 1636431237953, 1636431238045, 92, 1, 91, 1, 0, 1
9681, 1, 1636431238053, 1636431238145, 92, 1, 91, 0, 1, 1
9683, 1, 1636431238278, 1636431238365, 87, 0, 87, 0, 0, 0
9685, 1, 1636431238285, 1636431238373, 88, 1, 87, 1, 0, 1
9684, 1, 1636431238289, 1636431238377, 88, 0, 88, 0, 0, 0
9686, 1, 1636431238321, 1636431238409, 88, 1, 87, 0, 0, 0
9687, 1, 1636431238369, 1636431238461, 92, 0, 92, 0, 0, 0
9682, 1, 1636431238497, 1636431238585, 88, 0, 88, 0, 0, 0
9689, 1, 1636431238617, 1636431238706, 89, 0, 89, 0, 0, 0
9690, 1, 1636431238665, 1636431238757, 92, 1, 91, 0, 0, 0
9691, 1, 1636431238673, 1636431238765, 92, 0, 92, 0, 0, 0
9692, 1, 1636431238769, 1636431238865, 96, 0, 96, 0, 0, 0
9693, 1, 1636431238797, 1636431238885, 88, 1, 87, 0, 1, 1
9694, 1, 1636431238933, 1636431239025, 92, 1, 91, 0, 1, 1
9680, 1, 1636431238933, 1636431239025, 92, 0, 92, 0, 0, 0
9695, 1, 1636431239157, 1636431239249, 92, 1, 91, 0, 0, 0
9696, 1, 1636431239177, 1636431239269, 92, 0, 92, 0, 0, 0
9688, 1, 1636431239213, 1636431239301, 88, 1, 87, 1, 0, 1
9697, 1, 1636431239245, 1636431239333, 88, 1, 87, 1, 0, 1
9698, 1, 1636431239317, 1636431239405, 88, 0, 88, 0, 0, 0
9700, 1, 1636431239606, 1636431239693, 87, 0, 87, 0, 0, 0
9702, 1, 1636431239621, 1636431239713, 92, 0, 92, 0, 0, 0
9703, 1, 1636431239653, 1636431239745, 92, 0, 92, 0, 0, 0
9701, 1, 1636431239653, 1636431239745, 92, 1, 91, 0, 0, 0
9704, 1, 1636431239681, 1636431239769, 88, 1, 87, 0, 1, 1
9699, 1, 1636431239693, 1636431239781, 88, 1, 87, 0, 0, 0
9706, 1, 1636431239921, 1636431240013, 92, 1, 91, 1, 0, 1
9707, 1, 1636431239941, 1636431240033, 92, 1, 91, 1, 0, 1
9708, 1, 1636431239977, 1636431240065, 88, 1, 87, 0, 1, 1
9710, 1, 1636431240081, 1636431240169, 88, 0, 88, 0, 0, 0
9709, 1, 1636431240101, 1636431240197, 96, 1, 95, 0, 1, 1
9705, 1, 1636431240121, 1636431240209, 88, 1, 87, 0, 0, 0
9712, 1, 1636431240342, 1636431240433, 91, 0, 91, 0, 0, 0
9711, 1, 1636431240421, 1636431240513, 92, 1, 91, 0, 0, 0
9713, 1, 1636431240453, 1636431240546, 93, 1, 92, 0, 1, 1
9714, 1, 1636431240557, 1636431240645, 88, 1, 87, 0, 0, 0
9716, 1, 1636431240609, 1636431240701, 92, 1, 91, 1, 0, 1
9718, 1, 1636431240837, 1636431240925, 88, 1, 87, 0, 1, 1
9719, 1, 1636431240873, 1636431240965, 92, 1, 91, 0, 1, 1
9722, 1, 1636431240969, 1636431241065, 96, 1, 95, 0, 0, 0
9717, 1, 1636431241005, 1636431241097, 92, 1, 91, 0, 0, 0
9723, 1, 1636431241045, 1636431241137, 92, 0, 92, 0, 0, 0
9724, 1, 1636431241217, 1636431241309, 92, 0, 92, 0, 0, 0
9725, 1, 1636431241269, 1636431241361, 92, 1, 91, 0, 0, 0
9726, 1, 1636431241285, 1636431241373, 88, 0, 88, 0, 0, 0
9721, 1, 1636431241325, 1636431241413, 88, 0, 88, 0, 0, 0
9727, 1, 1636431241409, 1636431241501, 92, 1, 91, 0, 1, 1
9728, 1, 1636431241413, 1636431241501, 88, 1, 87, 0, 1, 1
9715, 1, 1636431241461, 1636431241550, 89, 0, 89, 0, 0, 0
9729, 1, 1636431241465, 1636431241550, 85, 0, 85, 0, 0, 0
9730, 1, 1636431241674, 1636431241766, 92, 0, 92, 0, 0, 0
9731, 1, 1636431241769, 1636431241862, 93, 0, 93, 0, 0, 0
9732, 1, 1636431241797, 1636431241889, 92, 1, 91, 0, 0, 0
9733, 1, 1636431241929, 1636431242021, 92, 1, 91, 0, 1, 1
9734, 1, 1636431242065, 1636431242158, 93, 1, 92, 0, 0, 0
9735, 1, 1636431242113, 1636431242202, 89, 0, 89, 0, 0, 0
9720, 1, 1636431242222, 1636431242313, 91, 0, 91, 0, 0, 0
9738, 1, 1636431242281, 1636431242374, 93, 1, 92, 0, 1, 1
9739, 1, 1636431242329, 1636431242421, 92, 0, 92, 0, 0, 0
9740, 1, 1636431242377, 1636431242465, 88, 0, 88, 0, 0, 0
9741, 1, 1636431242549, 1636431242641, 92, 1, 91, 0, 1, 1
9737, 1, 1636431242553, 1636431242641, 88, 0, 88, 0, 0, 0
9742, 1, 1636431242641, 1636431242729, 88, 1, 87, 0, 1, 1
9743, 1, 1636431242661, 1636431242749, 88, 1, 87, 0, 0, 0
9744, 1, 1636431242741, 1636431242825, 84, 0, 84, 0, 0, 0
9745, 1, 1636431242785, 1636431242877, 92, 0, 92, 0, 0, 0
9746, 1, 1636431242785, 1636431242877, 92, 0, 92, 0, 0, 0
9736, 1, 1636431242821, 1636431242913, 92, 1, 91, 1, 0, 1
9747, 1, 1636431242897, 1636431242989, 92, 1, 91, 0, 1, 1
9750, 1, 1636431243177, 1636431243269, 92, 1, 91, 1, 0, 1
9749, 1, 1636431243265, 1636431243353, 88, 1, 87, 0, 1, 1
9751, 1, 1636431243285, 1636431243377, 92, 1, 91, 1, 0, 1
9748, 1, 1636431243341, 1636431243434, 93, 1, 92, 1, 0, 1
9752, 1, 1636431243341, 1636431243434, 93, 1, 92, 0, 0, 0
9753, 1, 1636431243389, 1636431243477, 88, 0, 88, 0, 0, 0
9755, 1, 1636431243545, 1636431243637, 92, 1, 91, 1, 0, 1
9756, 1, 1636431243545, 1636431243637, 92, 1, 91, 0, 0, 0
9757, 1, 1636431243689, 1636431243777, 88, 1, 87, 0, 0, 0
9758, 1, 1636431243729, 1636431243821, 92, 1, 91, 1, 0, 1
9754, 1, 1636431243785, 1636431243873, 88, 0, 88, 0, 0, 0
9759, 1, 1636431243933, 1636431244025, 92, 1, 91, 0, 0, 0
9760, 1, 1636431243957, 1636431244045, 88, 1, 87, 0, 1, 1
9761, 1, 1636431244021, 1636431244109, 88, 1, 87, 0, 1, 1
9762, 1, 1636431244037, 1636431244129, 92, 0, 92, 0, 0, 0
9763, 1, 1636431244045, 1636431244133, 88, 0, 88, 0, 0, 0
9764, 1, 1636431244177, 1636431244269, 92, 0, 92, 0, 0, 0
9765, 1, 1636431244201, 1636431244289, 88, 1, 87, 0, 1, 1
9766, 1, 1636431244422, 1636431244513, 91, 0, 91, 0, 0, 0
9768, 1, 1636431244497, 1636431244589, 92, 1, 91, 0, 1, 1
9769, 1, 1636431244601, 1636431244689, 88, 0, 88, 0, 0, 0
9770, 1, 1636431244633, 1636431244721, 88, 1, 87, 1, 0, 1
9767, 1, 1636431244645, 1636431244741, 96, 1, 95, 0, 1, 1
9771, 1, 1636431244685, 1636431244777, 92, 1, 91, 0, 1, 1
9772, 1, 1636431244846, 1636431244937, 91, 0, 91, 0, 0, 0
9774, 1, 1636431244869, 1636431244961, 92, 0, 92, 0, 0, 0
9775, 1, 1636431245005, 1636431245093, 88, 0, 88, 0, 0, 0
9776, 1, 1636431245037, 1636431245129, 92, 0, 92, 0, 0, 0
9773, 1, 1636431245077, 1636431245169, 92, 0, 92, 0, 0, 0
9777, 1, 1636431245285, 1636431245373, 88, 1, 87, 1, 0, 1
9778, 1, 1636431245285, 1636431245373, 88, 1, 87, 1, 0, 1
9779, 1, 1636431245309, 1636431245397, 88, 0, 88, 0, 0, 0
9780, 1, 1636431245345, 1636431245438, 93, 0, 93, 0, 0, 0
9781, 1, 1636431245438, 1636431245529, 91, 0, 91, 0, 0, 0
9782, 1, 1636431245546, 1636431245641, 95, 0, 95, 0, 0, 0
9783, 1, 1636431245557, 1636431245645, 88, 1, 87, 0, 0, 0
9784, 1, 1636431245749, 1636431245841, 92, 1, 91, 1, 0, 1
9786, 1, 1636431245841, 1636431245933, 92, 1, 91, 0, 0, 0
9787, 1, 1636431245961, 1636431246053, 92, 1, 91, 0, 1, 1
9788, 1, 1636431245973, 1636431246065, 92, 0, 92, 0, 0, 0
9785, 1, 1636431245997, 1636431246085, 88, 0, 88, 0, 0, 0
9789, 1, 1636431246021, 1636431246118, 97, 0, 97, 0, 0, 0
9790, 1, 1636431246209, 1636431246301, 92, 0, 92, 0, 0, 0
9792, 1, 1636431246234, 1636431246325, 91, 0, 91, 0, 0, 0
9793, 1, 1636431246385, 1636431246473, 88, 0, 88, 0, 0, 0
9794, 1, 1636431246425, 1636431246513, 88, 0, 88, 0, 0, 0
9791, 1, 1636431246473, 1636431246565, 92, 1, 91, 0, 1, 1
9795, 1, 1636431246565, 1636431246657, 92, 1, 91, 0, 0, 0
9796, 1, 1636431246577, 1636431246665, 88, 0, 88, 0, 0, 0
9797, 1, 1636431246677, 1636431246761, 84, 0, 84, 0, 0, 0
9798, 1, 1636431246713, 1636431246801, 88, 0, 88, 0, 0, 0
9799, 1, 1636431246781, 1636431246869, 88, 1, 87, 1, 0, 1
9800, 1, 1636431246853, 1636431246945, 92, 1, 91, 0, 0, 0
9801, 1, 1636431246889, 1636431246982, 93, 0, 93, 0, 0, 0
9802, 1, 1636431247077, 1636431247174, 97, 0, 97, 0, 0, 0
9804, 1, 1636431247249, 1636431247341, 92, 1, 91, 0, 0, 0
9805, 1, 1636431247285, 1636431247381, 96, 1, 95, 0, 1, 1
9806, 1, 1636431247305, 1636431247397, 92, 1, 91, 0, 1, 1
9803, 1, 1636431247305, 1636431247397, 92, 1, 91, 0, 1, 1
9807, 1, 1636431247341, 1636431247433, 92, 0, 92, 0, 0, 0
9809, 1, 1636431247533, 1636431247625, 92, 1, 91, 1, 0, 1
9810, 1, 1636431247593, 1636431247689, 96, 0, 96, 0, 0, 0
9808, 1, 1636431247757, 1636431247845, 88, 0, 88, 0, 0, 0
9811, 1, 1636431247785, 1636431247874, 89, 1, 88, 0, 0, 0
9812, 1, 1636431247801, 1636431247889, 88, 0, 88, 0, 0, 0
9813, 1, 1636431247917, 1636431248009, 92, 1, 91, 0, 1, 1
9814, 1, 1636431247925, 1636431248018, 93, 1, 92, 0, 0, 0
9815, 1, 1636431248005, 1636431248097, 92, 1, 91, 0, 1, 1
9816, 1, 1636431248061, 1636431248145, 84, 0, 84, 0, 0, 0
9817, 1, 1636431248069, 1636431248161, 92, 0, 92, 0, 0, 0
9818, 1, 1636431248226, 1636431248317, 91, 0, 91, 0, 0, 0
9819, 1, 1636431248273, 1636431248365, 92, 0, 92, 0, 0, 0
9821, 1, 1636431248482, 1636431248570, 88, 0, 88, 0, 0, 0
9822, 1, 1636431248541, 1636431248629, 88, 0, 88, 0, 0, 0
9823, 1, 1636431248585, 1636431248673, 88, 1, 87, 1, 0, 1
9824, 1, 1636431248673, 1636431248761, 88, 1, 87, 0, 1, 1
9820, 1, 1636431248673, 1636431248761, 88, 1, 87, 0, 0, 0
9826, 1, 1636431248809, 1636431248902, 93, 0, 93, 0, 0, 0
9828, 1, 1636431248981, 1636431249073, 92, 0, 92, 0, 0, 0
9827, 1, 1636431249026, 1636431249117, 91, 0, 91, 0, 0, 0
9829, 1, 1636431249081, 1636431249169, 88, 0, 88, 0, 0, 0
9825, 1, 1636431249117, 1636431249214, 97, 1, 96, 0, 0, 0
9830, 1, 1636431249117, 1636431249214, 97, 1, 96, 1, 0, 1
9831, 1, 1636431249221, 1636431249313, 92, 1, 91, 0, 1, 1
9832, 1, 1636431249293, 1636431249390, 97, 1, 96, 0, 1, 1
9833, 1, 1636431249365, 1636431249457, 92, 0, 92, 0, 0, 0
9834, 1, 1636431249429, 1636431249521, 92, 0, 92, 0, 0, 0
9835, 1, 1636431249470, 1636431249557, 87, 0, 87, 0, 0, 0
9836, 1, 1636431249549, 1636431249645, 96, 0, 96, 0, 0, 0
9837, 1, 1636431249585, 1636431249677, 92, 1, 91, 0, 1, 1
9839, 1, 1636431249853, 1636431249942, 89, 0, 89, 0, 0, 0
9840, 1, 1636431249897, 1636431249993, 96, 1, 95, 1, 0, 1
9841, 1, 1636431249965, 1636431250057, 92, 1, 91, 0, 0, 0
9842, 1, 1636431250033, 1636431250125, 92, 1, 91, 1, 0, 1
9838, 1, 1636431250033, 1636431250125, 92, 1, 91, 1, 0, 1
9843, 1, 1636431250057, 1636431250149, 92, 1, 91, 0, 0, 0
9845, 1, 1636431250165, 1636431250253, 88, 1, 87, 0, 0, 0
9846, 1, 1636431250369, 1636431250461, 92, 0, 92, 0, 0, 0
9847, 1, 1636431250385, 1636431250473, 88, 0, 88, 0, 0, 0
9844, 1, 1636431250417, 1636431250505, 88, 0, 88, 0, 0, 0
9848, 1, 1636431250477, 1636431250565, 88, 0, 88, 0, 0, 0
9849, 1, 1636431250525, 1636431250621, 96, 0, 96, 0, 0, 0
9850, 1, 1636431250625, 1636431250713, 88, 0, 88, 0, 0, 0
9851, 1, 1636431250645, 1636431250733, 88, 0, 88, 0, 0, 0
9852, 1, 1636431250773, 1636431250865, 92, 0, 92, 0, 0, 0
9854, 1, 1636431250861, 1636431250949, 88, 0, 88, 0, 0, 0
9855, 1, 1636431250905, 1636431251001, 96, 0, 96, 0, 0, 0
9853, 1, 1636431251074, 1636431251165, 91, 0, 91, 0, 0, 0
9857, 1, 1636431251165, 1636431251258, 93, 1, 92, 1, 0, 1
9859, 1, 1636431251309, 1636431251401, 92, 1, 91, 1, 0, 1
9856, 1, 1636431251309, 1636431251402, 93, 1, 92, 1, 0, 1
9860, 1, 1636431251321, 1636431251413, 92, 1, 91, 0, 0, 0
9858, 1, 1636431251357, 1636431251449, 92, 0, 92, 0, 0, 0
9861, 1, 1636431251369, 1636431251457, 88, 1, 87, 1, 0, 1
9862, 1, 1636431251473, 1636431251565, 92, 1, 91, 1, 0, 1
9864, 1, 1636431251693, 1636431251785, 92, 1, 91, 0, 1, 1
9865, 1, 1636431251714, 1636431251805, 91, 0, 91, 0, 0, 0
9863, 1, 1636431251769, 1636431251861, 92, 0, 92, 0, 0, 0
9866, 1, 1636431251777, 1636431251865, 88, 1, 87, 0, 0, 0
9867, 1, 1636431251905, 1636431251997, 92, 1, 91, 1, 0, 1
9868, 1, 1636431251945, 1636431252038, 93, 1, 92, 0, 1, 1
9869, 1, 1636431251997, 1636431252085, 88, 1, 87, 0, 0, 0
9870, 1, 1636431252117, 1636431252209, 92, 1, 91, 0, 0, 0
9871, 1, 1636431252169, 1636431252257, 88, 1, 87, 0, 0, 0
9872, 1, 1636431252201, 1636431252297, 96, 1, 95, 0, 0, 0
9873, 1, 1636431252353, 1636431252446, 93, 1, 92, 1, 0, 1
9874, 1, 1636431252469, 1636431252562, 93, 1, 92, 1, 0, 1
9876, 1, 1636431252525, 1636431252617, 92, 1, 91, 0, 1, 1
9877, 1, 1636431252601, 1636431252690, 89, 1, 88, 0, 0, 0
9878, 1, 1636431252649, 1636431252741, 92, 0, 92, 0, 0, 0
9875, 1, 1636431252657, 1636431252745, 88, 1, 87, 0, 1, 1
9879, 1, 1636431252690, 1636431252781, 91, 0, 91, 0, 0, 0
9880, 1, 1636431252749, 1636431252837, 88, 0, 88, 0, 0, 0
9882, 1, 1636431253101, 1636431253189, 88, 1, 87, 0, 0, 0
9883, 1, 1636431253109, 1636431253197, 88, 0, 88, 0, 0, 0
9881, 1, 1636431253137, 1636431253230, 93, 0, 93, 0, 0, 0
9884, 1, 1636431253269, 1636431253361, 92, 1, 91, 0, 1, 1
9885, 1, 1636431253294, 1636431253386, 92, 0, 92, 0, 0, 0
9886, 1, 1636431253317, 1636431253405, 88, 0, 88, 0, 0, 0
9887, 1, 1636431253494, 1636431253585, 91, 0, 91, 0, 0, 0
9888, 1, 1636431253541, 1636431253633, 92, 0, 92, 0, 0, 0
9889, 1, 1636431253581, 1636431253669, 88, 0, 88, 0, 0, 0
9890, 1, 1636431253633, 1636431253717, 84, 0, 84, 0, 0, 0
9891, 1, 1636431253753, 1636431253841, 88, 0, 88, 0, 0, 0
9893, 1, 1636431253913, 1636431254001, 88, 1, 87, 1, 0, 1
9894, 1, 1636431253929, 1636431254017, 88, 1, 87, 0, 0, 0
9895, 1, 1636431254001, 1636431254093, 92, 1, 91, 1, 0, 1
9892, 1, 1636431254017, 1636431254110, 93, 1, 92, 1, 0, 1
9896, 1, 1636431254037, 1636431254129, 92, 1, 91, 1, 0, 1
9897, 1, 1636431254073, 1636431254161, 88, 1, 87, 1, 0, 1
9899, 1, 1636431254398, 1636431254490, 92, 0, 92, 0, 0, 0
9900, 1, 1636431254461, 1636431254550, 89, 1, 88, 1, 0, 1
9898, 1, 1636431254517, 1636431254609, 92, 1, 91, 0, 1, 1
9901, 1, 1636431254541, 1636431254633, 92, 0, 92, 0, 0, 0
9902, 1, 1636431254633, 1636431254725, 92, 1, 91, 0, 1, 1
9903, 1, 1636431254709, 1636431254801, 92, 0, 92, 0, 0, 0
9904, 1, 1636431254777, 1636431254869, 92, 1, 91, 0, 1, 1
9906, 1, 1636431254901, 1636431254993, 92, 0, 92, 0, 0, 0
9907, 1, 1636431254945, 1636431255033, 88, 1, 87, 0, 0, 0
9905, 1, 1636431254989, 1636431255081, 92, 1, 91, 0, 0, 0
9910, 1, 1636431255281, 1636431255373, 92, 1, 91, 1, 0, 1
9911, 1, 1636431255393, 1636431255485, 92, 1, 91, 0, 0, 0
9912, 1, 1636431255414, 1636431255506, 92, 0, 92, 0, 0, 0
9913, 1, 1636431255441, 1636431255526, 85, 0, 85, 0, 0, 0
9916, 1, 1636431255834, 1636431255922, 88, 0, 88, 0, 0, 0
9917, 1, 1636431255849, 1636431255941, 92, 0, 92, 0, 0, 0
9914, 1, 1636431255885, 1636431255973, 88, 0, 88, 0, 0, 0
9918, 1, 1636431255941, 1636431256033, 92, 1, 91, 0, 0, 0
9919, 1, 1636431255966, 1636431256057, 91, 0, 91, 0, 0, 0
9920, 1, 1636431256062, 1636431256149, 87, 0, 87, 0, 0, 0
9922, 1, 1636431256238, 1636431256325, 87, 0, 87, 0, 0, 0
9921, 1, 1636431256238, 1636431256333, 95, 0, 95, 0, 0, 0
9923, 1, 1636431256238, 1636431256334, 96, 1, 95, 0, 0, 0
9924, 1, 1636431256625, 1636431256713, 88, 1, 87, 1, 0, 1
9925, 1, 1636431256729, 1636431256826, 97, 1, 96, 0, 1, 1
9926, 1, 1636431256765, 1636431256858, 93, 1, 92, 0, 1, 1
9927, 1, 1636431256837, 1636431256929, 92, 1, 91, 0, 0, 0
9929, 1, 1636431257142, 1636431257233, 91, 0, 91, 0, 0, 0
9930, 1, 1636431257170, 1636431257261, 91, 0, 91, 0, 0, 0
9931, 1, 1636431257277, 1636431257370, 93, 1, 92, 0, 0, 0
9928, 1, 1636431257285, 1636431257373, 88, 0, 88, 0, 0, 0
9932, 1, 1636431257301, 1636431257397, 96, 1, 95, 1, 0, 1
9933, 1, 1636431257329, 1636431257417, 88, 1, 87, 1, 0, 1
9934, 1, 1636431257505, 1636431257597, 92, 1, 91, 0, 1, 1
9935, 1, 1636431257530, 1636431257622, 92, 0, 92, 0, 0, 0
9936, 1, 1636431257625, 1636431257718, 93, 1, 92, 0, 1, 1
9937, 1, 1636431257941, 1636431258033, 92, 1, 91, 0, 0, 0
9938, 1, 1636431258005, 1636431258098, 93, 0, 93, 0, 0, 0
9939, 1, 1636431258154, 1636431258245, 91, 0, 91, 0, 0, 0
9940, 1, 1636431258190, 1636431258282, 92, 0, 92, 0, 0, 0
9942, 1, 1636431258478, 1636431258570, 92, 0, 92, 0, 0, 0
9943, 1, 1636431258537, 1636431258629, 92, 1, 91, 0, 0, 0
9944, 1, 1636431258553, 1636431258641, 88, 1, 87, 0, 0, 0
9945, 1, 1636431258570, 1636431258658, 88, 0, 88, 0, 0, 0
9941, 1, 1636431258633, 1636431258721, 88, 1, 87, 0, 0, 0
9946, 1, 1636431258677, 1636431258766, 89, 1, 88, 0, 1, 1
9947, 1, 1636431258805, 1636431258893, 88, 1, 87, 0, 0, 0
9948, 1, 1636431258849, 1636431258941, 92, 0, 92, 0, 0, 0
9949, 1, 1636431259014, 1636431259102, 88, 0, 88, 0, 0, 0
9950, 1, 1636431259274, 1636431259365, 91, 0, 91, 0, 0, 0
9951, 1, 1636431259338, 1636431259429, 91, 0, 91, 0, 0, 0
9952, 1, 1636431259457, 1636431259549, 92, 1, 91, 0, 1, 1
9953, 1, 1636431259541, 1636431259634, 93, 0, 93, 0, 0, 0
9955, 1, 1636431259770, 1636431259865, 95, 0, 95, 0, 0, 0
9956, 1, 1636431259817, 1636431259901, 84, 0, 84, 0, 0, 0
9957, 1, 1636431259861, 1636431259946, 85, 0, 85, 0, 0, 0
9958, 1, 1636431259877, 1636431259965, 88, 0, 88, 0, 0, 0
9954, 1, 1636431259985, 1636431260078, 93, 1, 92, 0, 0, 0
9960, 1, 1636431260113, 1636431260205, 92, 0, 92, 0, 0, 0
9962, 1, 1636431260257, 1636431260350, 93, 1, 92, 0, 1, 1
9959, 1, 1636431260317, 1636431260410, 93, 1, 92, 0, 0, 0
9961, 1, 1636431260570, 1636431260661, 91, 0, 91, 0, 0, 0
9963, 1, 1636431260629, 1636431260721, 92, 1, 91, 1, 0, 1
9964, 1, 1636431260773, 1636431260861, 88, 1, 87, 0, 0, 0
9965, 1, 1636431260861, 1636431260953, 92, 1, 91, 0, 1, 1
9966, 1, 1636431260909, 1636431260997, 88, 0, 88, 0, 0, 0
9968, 1, 1636431261041, 1636431261133, 92, 0, 92, 0, 0, 0
9969, 1, 1636431261085, 1636431261177, 92, 1, 91, 0, 1, 1
9970, 1, 1636431261161, 1636431261253, 92, 1, 91, 0, 1, 1
9971, 1, 1636431261213, 1636431261301, 88, 0, 88, 0, 0, 0
9972, 1, 1636431261253, 1636431261341, 88, 1, 87, 1, 0, 1
9967, 1, 1636431261341, 1636431261429, 88, 0, 88, 0, 0, 0
9974, 1, 1636431261465, 1636431261557, 92, 1, 91, 0, 1, 1
9973, 1, 1636431261473, 1636431261565, 92, 1, 91, 1, 0, 1
9975, 1, 1636431261602, 1636431261690, 88, 0, 88, 0, 0, 0
9976, 1, 1636431261986, 1636431262078, 92, 0, 92, 0, 0, 0
9977, 1, 1636431262010, 1636431262102, 92, 0, 92, 0, 0, 0
9978, 1, 1636431262189, 1636431262277, 88, 0, 88, 0, 0, 0
9979, 1, 1636431262234, 1636431262322, 88, 0, 88, 0, 0, 0
9981, 1, 1636431262385, 1636431262473, 88, 1, 87, 0, 1, 1
9982, 1, 1636431262401, 1636431262489, 88, 1, 87, 0, 1, 1
9983, 1, 1636431262509, 1636431262601, 92, 0, 92, 0, 0, 0
9984, 1, 1636431262530, 1636431262617, 87, 0, 87, 0, 0, 0
9985, 1, 1636431262601, 1636431262694, 93, 1, 92, 0, 0, 0
9980, 1, 1636431262673, 1636431262766, 93, 1, 92, 0, 0, 0
9986, 1, 1636431262766, 1636431262858, 92, 0, 92, 0, 0, 0
9987, 1, 1636431262793, 1636431262886, 93, 1, 92, 0, 1, 1
9989, 1, 1636431263301, 1636431263393, 92, 0, 92, 0, 0, 0
9990, 1, 1636431263370, 1636431263457, 87, 0, 87, 0, 0, 0
9991, 1, 1636431263501, 1636431263589, 88, 0, 88, 0, 0, 0
9992, 1, 1636431263521, 1636431263614, 93, 1, 92, 0, 0, 0
9994, 1, 1636431263705, 1636431263797, 92, 1, 91, 0, 0, 0
9995, 1, 1636431263721, 1636431263813, 92, 1, 91, 1, 0, 1
9997, 1, 1636431263917, 1636431264009, 92, 1, 91, 0, 1, 1
9993, 1, 1636431263950, 1636431264041, 91, 0, 91, 0, 0, 0
9999, 1, 1636431264049, 1636431264141, 92, 1, 91, 0, 0, 0
9998, 1, 1636431264157, 1636431264246, 89, 0, 89, 0, 0, 0
10000, 1, 1636431264401, 1636431264494, 93, 1, 92, 1, 0, 1
10001, 1, 1636431264670, 1636431264762, 92, 0, 92, 0, 0, 0
10003, 1, 1636431264801, 1636431264894, 93, 1, 92, 0, 1, 1
10004, 1, 1636431264894, 1636431264993, 99, 0, 99, 0, 0, 0
10006, 1, 1636431265001, 1636431265089, 88, 1, 87, 0, 1, 1
10005, 1, 1636431265257, 1636431265345, 88, 1, 87, 0, 0, 0
10007, 1, 1636431265261, 1636431265349, 88, 1, 87, 0, 0, 0
10008, 1, 1636431265285, 1636431265373, 88, 0, 88, 0, 0, 0
10009, 1, 1636431265441, 1636431265533, 92, 0, 92, 0, 0, 0
10010, 1, 1636431265481, 1636431265574, 93, 1, 92, 0, 1, 1
10012, 1, 1636431265761, 1636431265849, 88, 1, 87, 0, 0, 0
10011, 1, 1636431265761, 1636431265849, 88, 1, 87, 1, 0, 1
10014, 1, 1636431266002, 1636431266094, 92, 0, 92, 0, 0, 0
10015, 1, 1636431266193, 1636431266281, 88, 0, 88, 0, 0, 0
10013, 1, 1636431266205, 1636431266293, 88, 1, 87, 0, 0, 0
10016, 1, 1636431266201, 1636431266293, 92, 0, 92, 0, 0, 0
10018, 1, 1636431266281, 1636431266369, 88, 1, 87, 1, 0, 1
10019, 1, 1636431266610, 1636431266701, 91, 0, 91, 0, 0, 0
10020, 1, 1636431266626, 1636431266714, 88, 0, 88, 0, 0, 0
10017, 1, 1636431266637, 1636431266726, 89, 0, 89, 0, 0, 0
10021, 1, 1636431266737, 1636431266833, 96, 1, 95, 0, 0, 0
10023, 1, 1636431266997, 1636431267085, 88, 0, 88, 0, 0, 0
10024, 1, 1636431267041, 1636431267137, 96, 0, 96, 0, 0, 0
10022, 1, 1636431267085, 1636431267178, 93, 1, 92, 1, 0, 1
10026, 1, 1636431267301, 1636431267394, 93, 1, 92, 1, 0, 1
10025, 1, 1636431267441, 1636431267534, 93, 1, 92, 0, 0, 0
10027, 1, 1636431267465, 1636431267557, 92, 1, 91, 1, 0, 1
10029, 1, 1636431267589, 1636431267681, 92, 1, 91, 1, 0, 1
10030, 1, 1636431267589, 1636431267682, 93, 1, 92, 0, 0, 0
10031, 1, 1636431267901, 1636431267997, 96, 1, 95, 0, 1, 1
10028, 1, 1636431267922, 1636431268014, 92, 0, 92, 0, 0, 0
10032, 1, 1636431267957, 1636431268049, 92, 1, 91, 0, 1, 1
10034, 1, 1636431268085, 1636431268174, 89, 1, 88, 1, 0, 1
10033, 1, 1636431268081, 1636431268174, 93, 1, 92, 1, 0, 1
10035, 1, 1636431268293, 1636431268385, 92, 1, 91, 0, 0, 0
10036, 1, 1636431268374, 1636431268466, 92, 0, 92, 0, 0, 0
10038, 1, 1636431268609, 1636431268698, 89, 0, 89, 0, 0, 0
10037, 1, 1636431268749, 1636431268842, 93, 1, 92, 1, 0, 1
10039, 1, 1636431268833, 1636431268925, 92, 1, 91, 1, 0, 1
10040, 1, 1636431268914, 1636431269005, 91, 0, 91, 0, 0, 0
10042, 1, 1636431268942, 1636431269034, 92, 0, 92, 0, 0, 0
10041, 1, 1636431269290, 1636431269381, 91, 0, 91, 0, 0, 0
10043, 1, 1636431269297, 1636431269390, 93, 1, 92, 1, 0, 1
10044, 1, 1636431269361, 1636431269453, 92, 1, 91, 0, 1, 1
10045, 1, 1636431269441, 1636431269537, 96, 0, 96, 0, 0, 0
10046, 1, 1636431269478, 1636431269569, 91, 0, 91, 0, 0, 0
10047, 1, 1636431269589, 1636431269681, 92, 1, 91, 0, 0, 0
10048, 1, 1636431269702, 1636431269790, 88, 0, 88, 0, 0, 0
10050, 1, 1636431269954, 1636431270045, 91, 0, 91, 0, 0, 0
10049, 1, 1636431270041, 1636431270134, 93, 1, 92, 0, 1, 1
10051, 1, 1636431270193, 1636431270281, 88, 0, 88, 0, 0, 0
10052, 1, 1636431270213, 1636431270306, 93, 0, 93, 0, 0, 0
10054, 1, 1636431270321, 1636431270413, 92, 0, 92, 0, 0, 0
10053, 1, 1636431270645, 1636431270737, 92, 0, 92, 0, 0, 0
10055, 1, 1636431270693, 1636431270781, 88, 0, 88, 0, 0, 0
10056, 1, 1636431270697, 1636431270781, 84, 0, 84, 0, 0, 0
10057, 1, 1636431270777, 1636431270866, 89, 1, 88, 1, 0, 1
10058, 1, 1636431270825, 1636431270913, 88, 0, 88, 0, 0, 0
10059, 1, 1636431270958, 1636431271053, 95, 0, 95, 0, 0, 0
10060, 1, 1636431271097, 1636431271193, 96, 1, 95, 1, 0, 1
10062, 1, 1636431271298, 1636431271389, 91, 0, 91, 0, 0, 0
10061, 1, 1636431271410, 1636431271502, 92, 0, 92, 0, 0, 0
10063, 1, 1636431271493, 1636431271585, 92, 1, 91, 0, 1, 1
10064, 1, 1636431271513, 1636431271605, 92, 1, 91, 1, 0, 1
10066, 1, 1636431271645, 1636431271738, 93, 1, 92, 1, 0, 1
10065, 1, 1636431271974, 1636431272066, 92, 0, 92, 0, 0, 0
10067, 1, 1636431272025, 1636431272118, 93, 0, 93, 0, 0, 0
10068, 1, 1636431272066, 1636431272157, 91, 0, 91, 0, 0, 0
10069, 1, 1636431272121, 1636431272213, 92, 0, 92, 0, 0, 0
10070, 1, 1636431272205, 1636431272293, 88, 0, 88, 0, 0, 0
10071, 1, 1636431272293, 1636431272381, 88, 1, 87, 1, 0, 1
10072, 1, 1636431272453, 1636431272546, 93, 0, 93, 0, 0, 0
10074, 1, 1636431272678, 1636431272770, 92, 0, 92, 0, 0, 0
10073, 1, 1636431272741, 1636431272845, 104, 1, 103, 1, 0, 1
10075, 1, 1636431272793, 1636431272885, 92, 1, 91, 0, 0, 0
10076, 1, 1636431272861, 1636431272949, 88, 1, 87, 0, 1, 1
10077, 1, 1636431272945, 1636431273034, 89, 0, 89, 0, 0, 0
10079, 1, 1636431273282, 1636431273373, 91, 0, 91, 0, 0, 0
10078, 1, 1636431273310, 1636431273402, 92, 0, 92, 0, 0, 0
10080, 1, 1636431273365, 1636431273457, 92, 1, 91, 0, 0, 0
10081, 1, 1636431273401, 1636431273493, 92, 1, 91, 0, 0, 0
10083, 1, 1636431273481, 1636431273574, 93, 1, 92, 0, 0, 0
10084, 1, 1636431273698, 1636431273790, 92, 0, 92, 0, 0, 0
10082, 1, 1636431273757, 1636431273853, 96, 0, 96, 0, 0, 0
10085, 1, 1636431273790, 1636431273882, 92, 0, 92, 0, 0, 0
10002, 1, 1636431273893, 1636431273986, 93, 1, 92, 1, 0, 1
10087, 1, 1636431273986, 1636431274077, 91, 0, 91, 0, 0, 0
10088, 1, 1636431274077, 1636431274169, 92, 1, 91, 1, 0, 1
10086, 1, 1636431274145, 1636431274238, 93, 1, 92, 1, 0, 1
10090, 1, 1636431274197, 1636431274289, 92, 1, 91, 0, 0, 0
10089, 1, 1636431274213, 1636431274301, 88, 0, 88, 0, 0, 0
10091, 1, 1636431274209, 1636431274301, 92, 0, 92, 0, 0, 0
10094, 1, 1636431274525, 1636431274613, 88, 0, 88, 0, 0, 0
10093, 1, 1636431274654, 1636431274745, 91, 0, 91, 0, 0, 0
10092, 1, 1636431274654, 1636431274745, 91, 0, 91, 0, 0, 0
10095, 1, 1636431274698, 1636431274789, 91, 0, 91, 0, 0, 0
10096, 1, 1636431274765, 1636431274857, 92, 1, 91, 0, 0, 0
10097, 1, 1636431274777, 1636431274865, 88, 1, 87, 0, 1, 1
10100, 1, 1636431275061, 1636431275153, 92, 0, 92, 0, 0, 0
10099, 1, 1636431275061, 1636431275153, 92, 0, 92, 0, 0, 0
10098, 1, 1636431275102, 1636431275194, 92, 0, 92, 0, 0, 0
10103, 1, 1636431275462, 1636431275557, 95, 0, 95, 0, 0, 0
10104, 1, 1636431275489, 1636431275581, 92, 0, 92, 0, 0, 0
10101, 1, 1636431275521, 1636431275613, 92, 0, 92, 0, 0, 0
10106, 1, 1636431275533, 1636431275626, 93, 1, 92, 0, 0, 0
10105, 1, 1636431275533, 1636431275626, 93, 1, 92, 1, 0, 1
10102, 1, 1636431275557, 1636431275649, 92, 1, 91, 1, 0, 1
10109, 1, 1636431275901, 1636431275989, 88, 0, 88, 0, 0, 0
10108, 1, 1636431275945, 1636431276037, 92, 0, 92, 0, 0, 0
10107, 1, 1636431275986, 1636431276074, 88, 0, 88, 0, 0, 0
10110, 1, 1636431276066, 1636431276157, 91, 0, 91, 0, 0, 0
10112, 1, 1636431276157, 1636431276249, 92, 1, 91, 0, 0, 0
10113, 1, 1636431276173, 1636431276265, 92, 1, 91, 0, 0, 0
10114, 1, 1636431276378, 1636431276469, 91, 0, 91, 0, 0, 0
10111, 1, 1636431276429, 1636431276521, 92, 0, 92, 0, 0, 0
10115, 1, 1636431276429, 1636431276521, 92, 1, 91, 0, 1, 1
10117, 1, 1636431276734, 1636431276825, 91, 0, 91, 0, 0, 0
10118, 1, 1636431276774, 1636431276865, 91, 0, 91, 0, 0, 0
10116, 1, 1636431276834, 1636431276925, 91, 0, 91, 0, 0, 0
10119, 1, 1636431276837, 1636431276929, 92, 0, 92, 0, 0, 0
10120, 1, 1636431276853, 1636431276945, 92, 0, 92, 0, 0, 0
10121, 1, 1636431276898, 1636431276989, 91, 0, 91, 0, 0, 0
10124, 1, 1636431277237, 1636431277330, 93, 1, 92, 1, 0, 1
10123, 1, 1636431277285, 1636431277377, 92, 0, 92, 0, 0, 0
10122, 1, 1636431277345, 1636431277433, 88, 1, 87, 1, 0, 1
10125, 1, 1636431277409, 1636431277498, 89, 0, 89, 0, 0, 0
10126, 1, 1636431277429, 1636431277522, 93, 0, 93, 0, 0, 0
10127, 1, 1636431277437, 1636431277529, 92, 0, 92, 0, 0, 0
10128, 1, 1636431277521, 1636431277614, 93, 1, 92, 0, 0, 0
10129, 1, 1636431277773, 1636431277865, 92, 1, 91, 0, 1, 1
10130, 1, 1636431277793, 1636431277885, 92, 1, 91, 1, 0, 1
10132, 1, 1636431278086, 1636431278173, 87, 0, 87, 0, 0, 0
10133, 1, 1636431278161, 1636431278249, 88, 0, 88, 0, 0, 0
10134, 1, 1636431278173, 1636431278261, 88, 1, 87, 0, 0, 0
10135, 1, 1636431278217, 1636431278305, 88, 0, 88, 0, 0, 0
10131, 1, 1636431278229, 1636431278313, 84, 0, 84, 0, 0, 0
10136, 1, 1636431278609, 1636431278697, 88, 0, 88, 0, 0, 0
10137, 1, 1636431278625, 1636431278718, 93, 1, 92, 0, 0, 0
10138, 1, 1636431278629, 1636431278718, 89, 1, 88, 0, 0, 0
10139, 1, 1636431278709, 1636431278801, 92, 1, 91, 0, 1, 1
10140, 1, 1636431278825, 1636431278913, 88, 1, 87, 0, 0, 0
10142, 1, 1636431278857, 1636431278949, 92, 1, 91, 0, 0, 0
10141, 1, 1636431279161, 1636431279249, 88, 1, 87, 0, 0, 0
10143, 1, 1636431279177, 1636431279269, 92, 1, 91, 1, 0, 1
10144, 1, 1636431279177, 1636431279269, 92, 1, 91, 1, 0, 1
10146, 1, 1636431279373, 1636431279461, 88, 0, 88, 0, 0, 0
10147, 1, 1636431279493, 1636431279582, 89, 1, 88, 1, 0, 1
10148, 1, 1636431279513, 1636431279605, 92, 1, 91, 1, 0, 1
10149, 1, 1636431279561, 1636431279649, 88, 0, 88, 0, 0, 0
10145, 1, 1636431279633, 1636431279725, 92, 0, 92, 0, 0, 0
10150, 1, 1636431279946, 1636431280038, 92, 0, 92, 0, 0, 0
10151, 1, 1636431280013, 1636431280105, 92, 0, 92, 0, 0, 0
10153, 1, 1636431280089, 1636431280177, 88, 1, 87, 0, 0, 0
10155, 1, 1636431280190, 1636431280278, 88, 0, 88, 0, 0, 0
10154, 1, 1636431280185, 1636431280278, 93, 1, 92, 1, 0, 1
10156, 1, 1636431280213, 1636431280306, 93, 0, 93, 0, 0, 0
10152, 1, 1636431280457, 1636431280545, 88, 0, 88, 0, 0, 0
10157, 1, 1636431280477, 1636431280569, 92, 1, 91, 1, 0, 1
10158, 1, 1636431280501, 1636431280589, 88, 1, 87, 0, 0, 0
10161, 1, 1636431280786, 1636431280873, 87, 0, 87, 0, 0, 0
10160, 1, 1636431280905, 1636431280998, 93, 1, 92, 0, 1, 1
10162, 1, 1636431280905, 1636431280998, 93, 1, 92, 1, 0, 1
10159, 1, 1636431280945, 1636431281033, 88, 0, 88, 0, 0, 0
10164, 1, 1636431281237, 1636431281329, 92, 1, 91, 1, 0, 1
10165, 1, 1636431281357, 1636431281449, 92, 1, 91, 0, 1, 1
10166, 1, 1636431281381, 1636431281473, 92, 1, 91, 0, 1, 1
10167, 1, 1636431281477, 1636431281569, 92, 0, 92, 0, 0, 0
10169, 1, 1636431281493, 1636431281582, 89, 1, 88, 0, 0, 0
10168, 1, 1636431281485, 1636431281582, 97, 1, 96, 0, 0, 0
10170, 1, 1636431281609, 1636431281698, 89, 0, 89, 0, 0, 0
10171, 1, 1636431281765, 1636431281857, 92, 1, 91, 0, 0, 0
10163, 1, 1636431281813, 1636431281901, 88, 0, 88, 0, 0, 0
10172, 1, 1636431281885, 1636431281977, 92, 1, 91, 0, 1, 1
10174, 1, 1636431282054, 1636431282146, 92, 0, 92, 0, 0, 0
10176, 1, 1636431282245, 1636431282333, 88, 0, 88, 0, 0, 0
10175, 1, 1636431282261, 1636431282354, 93, 1, 92, 1, 0, 1
10173, 1, 1636431282338, 1636431282429, 91, 0, 91, 0, 0, 0
10178, 1, 1636431282481, 1636431282574, 93, 1, 92, 1, 0, 1
10177, 1, 1636431282506, 1636431282594, 88, 0, 88, 0, 0, 0
10179, 1, 1636431282561, 1636431282649, 88, 1, 87, 0, 1, 1
10180, 1, 1636431282729, 1636431282817, 88, 1, 87, 0, 0, 0
10181, 1, 1636431282765, 1636431282857, 92, 1, 91, 1, 0, 1
10182, 1, 1636431282813, 1636431282897, 84, 0, 84, 0, 0, 0
10183, 1, 1636431282869, 1636431282961, 92, 1, 91, 0, 1, 1
10184, 1, 1636431282897, 1636431282990, 93, 0, 93, 0, 0, 0
10185, 1, 1636431283037, 1636431283129, 92, 1, 91, 0, 1, 1
10186, 1, 1636431283214, 1636431283306, 92, 0, 92, 0, 0, 0
10188, 1, 1636431283365, 1636431283453, 88, 1, 87, 0, 0, 0
10189, 1, 1636431283465, 1636431283558, 93, 1, 92, 0, 1, 1
10190, 1, 1636431283534, 1636431283626, 92, 0, 92, 0, 0, 0
10187, 1, 1636431283669, 1636431283761, 92, 1, 91, 0, 0, 0
10192, 1, 1636431283749, 1636431283837, 88, 0, 88, 0, 0, 0
10191, 1, 1636431283805, 1636431283894, 89, 1, 88, 1, 0, 1
10193, 1, 1636431283949, 1636431284041, 92, 1, 91, 0, 0, 0
10194, 1, 1636431284033, 1636431284125, 92, 1, 91, 0, 1, 1
10195, 1, 1636431284053, 1636431284145, 92, 1, 91, 0, 0, 0
10196, 1, 1636431284169, 1636431284261, 92, 1, 91, 1, 0, 1
10198, 1, 1636431284249, 1636431284341, 92, 0, 92, 0, 0, 0
10199, 1, 1636431284333, 1636431284425, 92, 1, 91, 1, 0, 1
10197, 1, 1636431284401, 1636431284489, 88, 1, 87, 0, 0, 0
10200, 1, 1636431284585, 1636431284678, 93, 0, 93, 0, 0, 0
10202, 1, 1636431284677, 1636431284766, 89, 1, 88, 0, 0, 0
10203, 1, 1636431284833, 1636431284922, 89, 1, 88, 0, 0, 0
10204, 1, 1636431284866, 1636431284958, 92, 0, 92, 0, 0, 0
10206, 1, 1636431285021, 1636431285113, 92, 1, 91, 0, 1, 1
10201, 1, 1636431285033, 1636431285126, 93, 0, 93, 0, 0, 0
10205, 1, 1636431285125, 1636431285218, 93, 1, 92, 0, 0, 0
10207, 1, 1636431285246, 1636431285341, 95, 0, 95, 0, 0, 0
10209, 1, 1636431285393, 1636431285477, 84, 0, 84, 0, 0, 0
10208, 1, 1636431285385, 1636431285477, 92, 0, 92, 0, 0, 0
10211, 1, 1636431285485, 1636431285578, 93, 1, 92, 1, 0, 1
10210, 1, 1636431285485, 1636431285578, 93, 1, 92, 0, 0, 0
10212, 1, 1636431285522, 1636431285613, 91, 0, 91, 0, 0, 0
10213, 1, 1636431285669, 1636431285757, 88, 1, 87, 0, 0, 0
10214, 1, 1636431285957, 1636431286045, 88, 1, 87, 0, 0, 0
10215, 1, 1636431285953, 1636431286046, 93, 1, 92, 1, 0, 1
10217, 1, 1636431286162, 1636431286253, 91, 0, 91, 0, 0, 0
10219, 1, 1636431286225, 1636431286313, 88, 0, 88, 0, 0, 0
10220, 1, 1636431286309, 1636431286401, 92, 0, 92, 0, 0, 0
10216, 1, 1636431286405, 1636431286497, 92, 1, 91, 1, 0, 1
10218, 1, 1636431286405, 1636431286497, 92, 1, 91, 1, 0, 1
10221, 1, 1636431286614, 1636431286710, 96, 0, 96, 0, 0, 0
10222, 1, 1636431286681, 1636431286778, 97, 1, 96, 0, 0, 0
10223, 1, 1636431286785, 1636431286873, 88, 1, 87, 0, 0, 0
10224, 1, 1636431286794, 1636431286885, 91, 0, 91, 0, 0, 0
10225, 1, 1636431286825, 1636431286917, 92, 0, 92, 0, 0, 0
10226, 1, 1636431286861, 1636431286953, 92, 0, 92, 0, 0, 0
10227, 1, 1636431286981, 1636431287070, 89, 1, 88, 1, 0, 1
10228, 1, 1636431287209, 1636431287301, 92, 1, 91, 0, 1, 1
10229, 1, 1636431287234, 1636431287326, 92, 0, 92, 0, 0, 0
10232, 1, 1636431287518, 1636431287610, 92, 0, 92, 0, 0, 0
10233, 1, 1636431287525, 1636431287617, 92, 0, 92, 0, 0, 0
10234, 1, 1636431287641, 1636431287729, 88, 0, 88, 0, 0, 0
10230, 1, 1636431287661, 1636431287754, 93, 1, 92, 0, 1, 1
10231, 1, 1636431287681, 1636431287774, 93, 1, 92, 0, 1, 1
10235, 1, 1636431287973, 1636431288065, 92, 1, 91, 1, 0, 1
10236, 1, 1636431288057, 1636431288149, 92, 1, 91, 1, 0, 1
10237, 1, 1636431288077, 1636431288170, 93, 0, 93, 0, 0, 0
10238, 1, 1636431288161, 1636431288249, 88, 0, 88, 0, 0, 0
10239, 1, 1636431288170, 1636431288257, 87, 0, 87, 0, 0, 0
10240, 1, 1636431288170, 1636431288261, 91, 0, 91, 0, 0, 0
10241, 1, 1636431288245, 1636431288333, 88, 0, 88, 0, 0, 0
10243, 1, 1636431288593, 1636431288681, 88, 1, 87, 0, 1, 1
10242, 1, 1636431288614, 1636431288701, 87, 0, 87, 0, 0, 0
10246, 1, 1636431288826, 1636431288926, 100, 0, 100, 0, 0, 0
10247, 1, 1636431288881, 1636431288970, 89, 0, 89, 0, 0, 0
10248, 1, 1636431288989, 1636431289077, 88, 0, 88, 0, 0, 0
10244, 1, 1636431289041, 1636431289129, 88, 0, 88, 0, 0, 0
10245, 1, 1636431289057, 1636431289145, 88